
********************************************************************************
Costs report produced on 05/10/2026 22:45 from 28/01/2026 22:45 to 05/10/2026 22:45
********************************************************************************


Cost calculations: Costs shown are expected costs per trade in Sharpe Ratio (SR) units and are calculated as follows: percentage_cost /  avg_annual_vol_perc 

********************************************************************************
                 Costs *including* BOTH spreads and commissions                 
********************************************************************************



===============================================================
               SR costs (using stored slippage)                
===============================================================

                  percentage_cost  avg_annual_vol_perc  SR_cost
HOUSE-US                  0.00299              0.00584  0.51153
CNH-onshore               0.00659              0.01884  0.34951
COAL-GEORDIE              0.02170              0.18322  0.11846
SUGAR16                   0.01567              0.16921  0.09260
MILKWET                   0.01514              0.17669  0.08566
FTSEINDO                  0.00922              0.16511  0.05581
CH10                      0.00239              0.05490  0.04360
MSCIWORLD                 0.00513              0.12054  0.04253
FTSEVIET                  0.00545              0.15954  0.03415
GASOILINE_micro           0.02184              0.64336  0.03395
WHEY                      0.00821              0.24939  0.03291
SMI-MID                   0.00415              0.12759  0.03252
CZK                       0.00197              0.06425  0.03070
BUTTER                    0.00516              0.19533  0.02640
SWISSLEAD                 0.00333              0.12623  0.02640
MILKDRY                   0.00570              0.22696  0.02513
IRS                       0.00208              0.08736  0.02381
OMX                       0.00320              0.14998  0.02134
AEX_mini                  0.00237              0.11737  0.02022
TWD-mini                  0.00094              0.04798  0.01961
COAL                      0.00532              0.28027  0.01897
STEEL                     0.00213              0.11296  0.01887
V2X                       0.00287              0.17241  0.01666
BOVESPA                   0.00278              0.16924  0.01644
EPRA-EUROPE               0.00210              0.12910  0.01625
WHEAT_ICE                 0.00224              0.15841  0.01415
VNKI                      0.00793              0.56987  0.01392
EUROSTX200-LARGE          0.00152              0.11242  0.01355
EU-REALESTATE             0.00152              0.12835  0.01182
EUROSTX-SMALL             0.00145              0.12439  0.01165
EU-MID                    0.00124              0.11482  0.01080
TWD                       0.00081              0.07816  0.01038
EU-TRAVEL                 0.00174              0.17511  0.00995
TIN_LME                   0.00207              0.21324  0.00969
LEAD_LME                  0.00120              0.13470  0.00890
FTSECHINAH                0.00152              0.17399  0.00875
EU-HOUSE                  0.00134              0.15685  0.00854
EURIBOR                   0.00008              0.00963  0.00853
CHEESE                    0.00122              0.14947  0.00819
EU-RETAIL                 0.00152              0.18674  0.00816
MILK                      0.00137              0.16791  0.00814
EU-HEALTH                 0.00117              0.14994  0.00783
SGD_mini                  0.00025              0.03249  0.00757
EUROSTX-LARGE             0.00102              0.13539  0.00754
LUMBER-new                0.00115              0.15397  0.00744
BONO                      0.00041              0.05549  0.00731
EU-DJ-OIL                 0.00123              0.17191  0.00714
IRON                      0.00099              0.14191  0.00696
EU-MEDIA                  0.00122              0.17736  0.00688
VIX                       0.00115              0.17573  0.00657
EU-CHEM                   0.00096              0.15151  0.00633
EU-DJ-UTIL                0.00086              0.13775  0.00625
EU-DJ-TELECOM             0.00111              0.18548  0.00600
JGB-mini                  0.00019              0.03115  0.00598
EU-DJ-TECH                0.00160              0.27158  0.00588
EU-UTILS                  0.00082              0.14027  0.00582
EU-INSURE                 0.00085              0.15270  0.00558
JP-REALESTATE             0.00057              0.10233  0.00554
OATIES                    0.00153              0.29516  0.00519
EU-OIL                    0.00087              0.17042  0.00512
NOK                       0.00036              0.07124  0.00507
OJ                        0.00263              0.54302  0.00485
HIGHYIELD                 0.00014              0.02938  0.00481
BBCOMM                    0.00069              0.14534  0.00474
EU-CONSTRUCTION           0.00080              0.17332  0.00459
RICE                      0.00100              0.21978  0.00454
INR                       0.00019              0.04243  0.00445
KRWUSD                    0.00047              0.10696  0.00435
SOFR                      0.00004              0.00926  0.00432
SGD                       0.00014              0.03263  0.00425
EU-DIV30                  0.00052              0.12528  0.00418
SARONA                    0.00003              0.00605  0.00415
KR3                       0.00009              0.02141  0.00413
EU-FOOD                   0.00068              0.16467  0.00412
FED                       0.00004              0.00878  0.00407
EU-AUTO                   0.00076              0.18888  0.00402
SEK                       0.00029              0.07248  0.00399
GICS                      0.00097              0.24870  0.00390
VIX_mini                  0.00116              0.30031  0.00385
ETHER-micro               0.00194              0.51425  0.00377
GBPCHF                    0.00022              0.06212  0.00356
IG                        0.00018              0.05026  0.00349
FTSE250                   0.00041              0.11957  0.00346
FANG                      0.00066              0.19264  0.00342
HANGENT_mini              0.00055              0.16333  0.00339
MILLWHEAT                 0.00073              0.21898  0.00332
NICKEL_LME                0.00058              0.17477  0.00332
PLN                       0.00025              0.07638  0.00332
CAD2                      0.00005              0.01407  0.00332
CORN_mini                 0.00068              0.21905  0.00309
CAD_micro                 0.00013              0.04135  0.00305
KRWUSD_mini               0.00033              0.10929  0.00297
CORN                      0.00045              0.15367  0.00293
ZAR*                      0.00032              0.10998  0.00290
RUBBER*                   0.00077              0.27079  0.00283
GBPEUR                    0.00009              0.03230  0.00279
MUMMY                     0.00081              0.28960  0.00279
EURIBOR-ICE               0.00003              0.00939  0.00273
SHATZ                     0.00004              0.01559  0.00272
WHEAT_mini                0.00075              0.28368  0.00265
EU-BASIC*                 0.00068              0.25843  0.00262
SOYBEAN_mini              0.00045              0.17339  0.00260
EURCAD                    0.00012              0.04713  0.00256
SONIA3                    0.00003              0.01032  0.00253
EURCHF                    0.00014              0.05625  0.00252
JPY_mini                  0.00022              0.08743  0.00251
EU-TECH                   0.00055              0.22467  0.00244
US-REALESTATE             0.00030              0.12489  0.00243
ZINC_LME                  0.00053              0.22723  0.00234
JGB-SGX-mini              0.00008              0.03673  0.00230
EURAUD                    0.00012              0.05480  0.00222
GAS_US_mini               0.00089              0.41063  0.00217
ALUMINIUM_LME             0.00033              0.15329  0.00215
GBP_micro                 0.00012              0.05555  0.00214
AUD_micro*                0.00015              0.07264  0.00202
ROBUSTA                   0.00062              0.30503  0.00202
CAD5                      0.00007              0.03516  0.00197
BTP3                      0.00004              0.02314  0.00191
US10*                     0.00009              0.04607  0.00190
MXP                       0.00019              0.10034  0.00187
US20                      0.00016              0.08533  0.00185
ALUMINIUM                 0.00039              0.20908  0.00185
CAD*                      0.00008              0.04104  0.00183
US-MATERIAL               0.00030              0.16293  0.00181
BRE                       0.00033              0.17960  0.00181
AUDJPY                    0.00016              0.08643  0.00181
US2                       0.00003              0.01471  0.00181
BOBL                      0.00006              0.03510  0.00175
FTSECHINAA                0.00028              0.16515  0.00172
CHF_micro                 0.00011              0.06512  0.00170
GBPJPY                    0.00013              0.07627  0.00169
US-STAPLES                0.00022              0.13049  0.00168
US30                      0.00015              0.09712  0.00159
CNH                       0.00003              0.02164  0.00158
KR10*                     0.00010              0.06484  0.00154
US10U*                    0.00009              0.05634  0.00154
US5                       0.00005              0.03257  0.00154
CHFJPY                    0.00012              0.07584  0.00154
US-UTILS                  0.00020              0.13735  0.00148
SOYBEAN                   0.00021              0.13904  0.00148
EUR_micro                 0.00008              0.05308  0.00147
MSCIASIA                  0.00034              0.23529  0.00147
SUGAR11                   0.00049              0.33550  0.00146
EURO600                   0.00016              0.10990  0.00143
BITCOIN                   0.00056              0.39675  0.00140
MSCIEMASIA                0.00032              0.23105  0.00140
LEANHOG*                  0.00029              0.20375  0.00140
JGB                       0.00004              0.03075  0.00139
EUA                       0.00029              0.20918  0.00139
R1000                     0.00014              0.10007  0.00137
CHINAA-CON                0.00023              0.17250  0.00136
SOYOIL*                   0.00033              0.24497  0.00135
GBP                       0.00007              0.05568  0.00135
US-HEALTH                 0.00020              0.14983  0.00134
EUR_mini                  0.00007              0.05291  0.00134
GAS-LAST                  0.00038              0.28539  0.00133
COPPER-mini               0.00033              0.25180  0.00133
DX                        0.00007              0.05387  0.00133
CANOLA                    0.00032              0.24292  0.00132
REDWHEAT                  0.00033              0.24936  0.00130
US-INDUSTRY               0.00019              0.14291  0.00130
WHEAT                     0.00035              0.27661  0.00126
NZD                       0.00009              0.07374  0.00124
CAD10                     0.00007              0.05418  0.00124
US-ENERGY                 0.00027              0.22017  0.00124
SOYMEAL*                  0.00027              0.22076  0.00123
MSCISING                  0.00016              0.13587  0.00121
IBEX_mini                 0.00019              0.15754  0.00120
US3                       0.00003              0.02272  0.00120
OAT                       0.00008              0.06614  0.00118
AUD                       0.00008              0.07225  0.00116
US-DISCRETE               0.00019              0.16659  0.00112
EU-BANKS                  0.00026              0.23209  0.00111
AEX                       0.00013              0.12049  0.00109
YENEUR                    0.00008              0.06906  0.00109
BUND                      0.00006              0.05307  0.00108
COFFEE                    0.00037              0.34251  0.00107
PALLAD                    0.00038              0.35561  0.00107
SP400                     0.00014              0.13070  0.00106
ETHEREUM                  0.00054              0.51074  0.00106
GAS_US                    0.00030              0.28829  0.00104
HANGENT                   0.00016              0.15697  0.00103
BTP*                      0.00007              0.06966  0.00102
BUXL*                     0.00011              0.11138  0.00100
COCOA_LDN                 0.00058              0.57938  0.00099
HANG_mini                 0.00015              0.14955  0.00097
GAS-PEN                   0.00038              0.39388  0.00096
COTTON2                   0.00025              0.26183  0.00095
CRUDE_W_micro             0.00041              0.45859  0.00090
KOSPI                     0.00043              0.47923  0.00089
COTTON                    0.00024              0.27368  0.00089
NIKKEI400                 0.00015              0.17591  0.00088
LIVECOW                   0.00014              0.16336  0.00087
COPPER_LME                0.00015              0.17986  0.00086
COPPER-micro*             0.00021              0.24730  0.00085
SMI                       0.00011              0.12435  0.00085
EUROSTX                   0.00011              0.13444  0.00084
SUGAR_WHITE               0.00025              0.29503  0.00084
CHF*                      0.00005              0.06497  0.00084
COCOA                     0.00050              0.60009  0.00083
JPY                       0.00007              0.08742  0.00083
CRUDE_W_mini              0.00047              0.57369  0.00082
MSCITAIWAN                0.00021              0.26057  0.00080
EUR                       0.00004              0.05302  0.00078
CRUDE_W                   0.00028              0.37025  0.00075
FEEDCOW                   0.00014              0.19030  0.00074
SPI200                    0.00009              0.12044  0.00072
CAC                       0.00008              0.12540  0.00062
GILT                      0.00006              0.09113  0.00062
MIB                       0.00010              0.15956  0.00060
RUSSELL*                  0.00008              0.14614  0.00058
FTSE100                   0.00006              0.10952  0.00056
HANG                      0.00008              0.14978  0.00055
COPPER                    0.00013              0.24282  0.00054
KOSDAQ                    0.00021              0.39219  0.00053
DAX                       0.00006              0.13149  0.00048
TOPIX                     0.00008              0.16643  0.00047
BRENT-LAST*               0.00022              0.50313  0.00045
HEATOIL-ICE               0.00029              0.67249  0.00044
CLP                       0.00005              0.10961  0.00043
KOSPI_mini                0.00021              0.48016  0.00043
PLAT*                     0.00014              0.34090  0.00042
DOW                       0.00005              0.11420  0.00042
BRENT_W                   0.00016              0.39036  0.00042
HANGTECH                  0.00008              0.19798  0.00039
MSCIEAFA*                 0.00005              0.13778  0.00038
GASOIL                    0.00024              0.64534  0.00037
GASOILINE_ICE             0.00021              0.56088  0.00037
GASOILINE*                0.00016              0.44859  0.00035
CRUDE_ICE                 0.00018              0.52794  0.00034
RUSSELL_mini              0.00005              0.14705  0.00034
HEATOIL                   0.00017              0.51328  0.00032
GOLD-mini                 0.00006              0.19916  0.00030
SP500_micro*              0.00003              0.11553  0.00030
NIKKEI                    0.00006              0.25078  0.00026
GOLD_micro                0.00005              0.19909  0.00024
FTSETAIWAN                0.00007              0.29366  0.00023
SILVER                    0.00007              0.35266  0.00021
SP500                     0.00002              0.11470  0.00021
DOW_mini                  0.00002              0.11407  0.00021
GOLD                      0.00004              0.19931  0.00020
NASDAQ_micro*             0.00002              0.17410  0.00011
IBEX                      0.00002              0.15787  0.00011
NASDAQ                    0.00002              0.17473  0.00009
SGX                       0.00043                  NaN      NaN

* indicates currently held position

********************************************************************************
                   Costs *excluding* spreads, COMMISSION ONLY                   
********************************************************************************



===============================================================
               SR costs (using stored slippage)                
===============================================================

                  percentage_cost  avg_annual_vol_perc  SR_cost
V2X                       0.00084              0.17241  0.00490
HOUSE-US                  0.00002              0.00584  0.00415
SGD_mini                  0.00010              0.03249  0.00318
STEEL                     0.00029              0.11296  0.00255
EU-REALESTATE             0.00032              0.12835  0.00249
ETHER-micro               0.00124              0.51425  0.00241
IRON                      0.00033              0.14191  0.00230
KR3                       0.00004              0.02141  0.00187
VNKI                      0.00106              0.56987  0.00186
CORN_mini                 0.00039              0.21905  0.00178
CAD2                      0.00002              0.01407  0.00163
KRWUSD_mini               0.00017              0.10929  0.00151
SWISSLEAD                 0.00019              0.12623  0.00149
HANGENT_mini              0.00023              0.16333  0.00141
CAD_micro                 0.00006              0.04135  0.00136
CNH-onshore               0.00002              0.01884  0.00129
SHATZ                     0.00002              0.01559  0.00121
FTSECHINAA                0.00019              0.16515  0.00118
FTSEVIET                  0.00019              0.15954  0.00117
TWD-mini                  0.00006              0.04798  0.00115
INR                       0.00005              0.04243  0.00110
WHEAT_mini                0.00030              0.28368  0.00107
SMI-MID                   0.00013              0.12759  0.00105
RUBBER*                   0.00028              0.27079  0.00103
BBCOMM                    0.00015              0.14534  0.00102
BITCOIN                   0.00040              0.39675  0.00100
EPRA-EUROPE               0.00012              0.12910  0.00096
SOFR                      0.00001              0.00926  0.00095
SOYBEAN_mini              0.00016              0.17339  0.00092
LUMBER-new                0.00014              0.15397  0.00091
MXP                       0.00009              0.10034  0.00089
GBP_micro                 0.00005              0.05555  0.00088
EURIBOR                   0.00001              0.00963  0.00085
SGD                       0.00003              0.03263  0.00085
EUROSTX-SMALL             0.00011              0.12439  0.00085
EU-TRAVEL                 0.00015              0.17511  0.00085
KOSPI                     0.00040              0.47923  0.00083
MILLWHEAT                 0.00018              0.21898  0.00083
CAD*                      0.00003              0.04104  0.00083
AUD_micro*                0.00006              0.07264  0.00082
BTP3                      0.00002              0.02314  0.00081
CORN                      0.00012              0.15367  0.00079
CNH                       0.00002              0.02164  0.00076
ZAR*                      0.00008              0.10998  0.00076
BRE                       0.00013              0.17960  0.00075
EU-DIV30                  0.00009              0.12528  0.00071
CH10                      0.00004              0.05490  0.00069
CANOLA                    0.00016              0.24292  0.00066
EU-BANKS                  0.00015              0.23209  0.00064
VIX_mini                  0.00019              0.30031  0.00064
MSCISING                  0.00009              0.13587  0.00064
KR10*                     0.00004              0.06484  0.00062
EU-MEDIA                  0.00011              0.17736  0.00061
CAD5                      0.00002              0.03516  0.00061
EURO600                   0.00007              0.10990  0.00059
EU-DJ-TELECOM             0.00011              0.18548  0.00057
VIX                       0.00010              0.17573  0.00057
NZD                       0.00004              0.07374  0.00057
OATIES                    0.00017              0.29516  0.00056
EUROSTX200-LARGE          0.00006              0.11242  0.00056
FTSEINDO                  0.00009              0.16511  0.00055
EU-UTILS                  0.00008              0.14027  0.00054
CHEESE                    0.00008              0.14947  0.00054
EU-MID                    0.00006              0.11482  0.00054
EU-DJ-UTIL                0.00007              0.13775  0.00053
GBPEUR                    0.00002              0.03230  0.00053
GBP                       0.00003              0.05568  0.00053
EUR_micro                 0.00003              0.05308  0.00053
FED                       0.00000              0.00878  0.00052
EU-INSURE                 0.00008              0.15270  0.00052
SUGAR11                   0.00017              0.33550  0.00050
RICE                      0.00011              0.21978  0.00050
US2                       0.00001              0.01471  0.00050
AUD                       0.00004              0.07225  0.00050
BOBL                      0.00002              0.03510  0.00049
EU-OIL                    0.00008              0.17042  0.00049
MILKWET                   0.00009              0.17669  0.00049
MILK                      0.00008              0.16791  0.00046
EU-RETAIL                 0.00008              0.18674  0.00045
EUROSTX-LARGE             0.00006              0.13539  0.00045
EU-AUTO                   0.00008              0.18888  0.00045
HANG_mini                 0.00007              0.14955  0.00045
EU-DJ-OIL                 0.00008              0.17191  0.00044
US5                       0.00001              0.03257  0.00043
SUGAR16                   0.00007              0.16921  0.00043
LEANHOG*                  0.00009              0.20375  0.00043
SOYMEAL*                  0.00009              0.22076  0.00042
MSCIWORLD                 0.00005              0.12054  0.00042
DX                        0.00002              0.05387  0.00042
CLP                       0.00005              0.10961  0.00041
CHF_micro                 0.00003              0.06512  0.00039
HANGTECH                  0.00008              0.19798  0.00039
COPPER-micro*             0.00010              0.24730  0.00039
JPY_mini                  0.00003              0.08743  0.00039
BUTTER                    0.00008              0.19533  0.00039
KOSPI_mini                0.00018              0.48016  0.00038
SOYBEAN                   0.00005              0.13904  0.00038
EU-FOOD                   0.00006              0.16467  0.00038
EURCHF                    0.00002              0.05625  0.00037
WHEY                      0.00009              0.24939  0.00037
CAD10                     0.00002              0.05418  0.00037
GAS_US_mini               0.00015              0.41063  0.00035
HIGHYIELD                 0.00001              0.02938  0.00035
EUR_mini                  0.00002              0.05291  0.00035
REDWHEAT                  0.00009              0.24936  0.00035
JPY                       0.00003              0.08742  0.00035
WHEAT                     0.00009              0.27661  0.00034
SOYOIL*                   0.00008              0.24497  0.00033
US10*                     0.00002              0.04607  0.00033
EURCAD                    0.00002              0.04713  0.00032
US3                       0.00001              0.02272  0.00032
US-REALESTATE             0.00004              0.12489  0.00032
EUR                       0.00002              0.05302  0.00032
IBEX_mini                 0.00005              0.15754  0.00032
RUSSELL*                  0.00004              0.14614  0.00031
KOSDAQ                    0.00012              0.39219  0.00030
BUND                      0.00002              0.05307  0.00030
BONO                      0.00002              0.05549  0.00030
GBPCHF                    0.00002              0.06212  0.00030
HANGENT                   0.00005              0.15697  0.00029
EURAUD                    0.00002              0.05480  0.00029
COTTON2                   0.00007              0.26183  0.00028
TWD                       0.00002              0.07816  0.00028
CRUDE_W_micro             0.00013              0.45859  0.00028
ROBUSTA                   0.00008              0.30503  0.00027
EU-CONSTRUCTION           0.00005              0.17332  0.00027
KRWUSD                    0.00003              0.10696  0.00027
JP-REALESTATE             0.00003              0.10233  0.00026
US10U*                    0.00001              0.05634  0.00026
IG                        0.00001              0.05026  0.00026
OAT                       0.00002              0.06614  0.00026
EU-HOUSE                  0.00004              0.15685  0.00026
MUMMY                     0.00007              0.28960  0.00025
EUROSTX                   0.00003              0.13444  0.00025
BTP*                      0.00002              0.06966  0.00025
SMI                       0.00003              0.12435  0.00024
PLN                       0.00002              0.07638  0.00024
EU-HEALTH                 0.00004              0.14994  0.00023
AEX_mini                  0.00003              0.11737  0.00023
OMX                       0.00003              0.14998  0.00022
EU-CHEM                   0.00003              0.15151  0.00022
FTSECHINAH                0.00004              0.17399  0.00022
CHINAA-CON                0.00004              0.17250  0.00022
DOW                       0.00002              0.11420  0.00021
JGB-mini                  0.00001              0.03115  0.00021
YENEUR                    0.00001              0.06906  0.00021
COTTON                    0.00006              0.27368  0.00021
LIVECOW                   0.00003              0.16336  0.00021
EU-BASIC*                 0.00005              0.25843  0.00021
OJ                        0.00011              0.54302  0.00020
ALUMINIUM                 0.00004              0.20908  0.00020
CZK                       0.00001              0.06425  0.00020
MILKDRY                   0.00004              0.22696  0.00020
CAC                       0.00002              0.12540  0.00019
R1000                     0.00002              0.10007  0.00019
EU-TECH                   0.00004              0.22467  0.00019
GAS_US                    0.00005              0.28829  0.00019
GAS-LAST                  0.00005              0.28539  0.00019
SPI200                    0.00002              0.12044  0.00019
US20                      0.00002              0.08533  0.00018
JGB-SGX-mini              0.00001              0.03673  0.00018
AUDJPY                    0.00002              0.08643  0.00018
GASOILINE_micro           0.00011              0.64336  0.00017
EUA                       0.00004              0.20918  0.00017
NOK                       0.00001              0.07124  0.00017
GBPJPY                    0.00001              0.07627  0.00017
BUXL*                     0.00002              0.11138  0.00017
GAS-PEN                   0.00006              0.39388  0.00016
US30                      0.00002              0.09712  0.00016
SEK                       0.00001              0.07248  0.00016
HANG                      0.00002              0.14978  0.00016
ETHEREUM                  0.00008              0.51074  0.00015
FTSE100                   0.00002              0.10952  0.00015
SP500_micro*              0.00002              0.11553  0.00015
CHF*                      0.00001              0.06497  0.00014
US-STAPLES                0.00002              0.13049  0.00014
JGB                       0.00000              0.03075  0.00013
CRUDE_W                   0.00005              0.37025  0.00012
DAX                       0.00002              0.13149  0.00012
CRUDE_W_mini              0.00007              0.57369  0.00012
US-UTILS                  0.00002              0.13735  0.00012
AEX                       0.00001              0.12049  0.00011
EU-DJ-TECH                0.00003              0.27158  0.00011
RUSSELL_mini              0.00002              0.14705  0.00011
IBEX                      0.00002              0.15787  0.00011
MSCIEAFA*                 0.00001              0.13778  0.00010
COPPER-mini               0.00002              0.25180  0.00010
MSCIASIA                  0.00002              0.23529  0.00010
FEEDCOW                   0.00002              0.19030  0.00010
COCOA                     0.00006              0.60009  0.00009
US-HEALTH                 0.00001              0.14983  0.00009
GICS                      0.00002              0.24870  0.00009
US-INDUSTRY               0.00001              0.14291  0.00009
CHFJPY                    0.00001              0.07584  0.00009
ALUMINIUM_LME             0.00001              0.15329  0.00009
US-MATERIAL               0.00001              0.16293  0.00009
IRS                       0.00001              0.08736  0.00009
NIKKEI400                 0.00001              0.17591  0.00008
GOLD_micro                0.00002              0.19909  0.00008
COFFEE                    0.00003              0.34251  0.00008
TOPIX                     0.00001              0.16643  0.00008
MSCIEMASIA                0.00002              0.23105  0.00008
MIB                       0.00001              0.15956  0.00008
DOW_mini                  0.00001              0.11407  0.00008
PLAT*                     0.00003              0.34090  0.00007
BRENT-LAST*               0.00004              0.50313  0.00007
COPPER                    0.00002              0.24282  0.00007
NASDAQ_micro*             0.00001              0.17410  0.00006
FANG                      0.00001              0.19264  0.00006
GASOILINE*                0.00003              0.44859  0.00006
US-ENERGY                 0.00001              0.22017  0.00006
US-DISCRETE               0.00001              0.16659  0.00005
MSCITAIWAN                0.00001              0.26057  0.00005
SP500                     0.00001              0.11470  0.00005
SILVER                    0.00002              0.35266  0.00005
SP400                     0.00001              0.13070  0.00005
HEATOIL                   0.00002              0.51328  0.00005
COCOA_LDN                 0.00003              0.57938  0.00005
GASOIL                    0.00003              0.64534  0.00004
COAL-GEORDIE              0.00001              0.18322  0.00004
PALLAD                    0.00002              0.35561  0.00004
GOLD-mini                 0.00001              0.19916  0.00004
BRENT_W                   0.00002              0.39036  0.00004
FTSETAIWAN                0.00001              0.29366  0.00003
COAL                      0.00001              0.28027  0.00003
NIKKEI                    0.00001              0.25078  0.00003
GOLD                      0.00001              0.19931  0.00003
BOVESPA                   0.00000              0.16924  0.00003
NASDAQ                    0.00000              0.17473  0.00002
GILT                      0.00000              0.09113  0.00000
FTSE250                   0.00000              0.11957  0.00000
GASOILINE_ICE             0.00000              0.56088  0.00000
SONIA3                    0.00000              0.01032  0.00000
NICKEL_LME                0.00000              0.17477  0.00000
TIN_LME                   0.00000              0.21324  0.00000
WHEAT_ICE                 0.00000              0.15841  0.00000
HEATOIL-ICE               0.00000              0.67249  0.00000
COPPER_LME                0.00000              0.17986  0.00000
CRUDE_ICE                 0.00000              0.52794  0.00000
SUGAR_WHITE               0.00000              0.29503  0.00000
EURIBOR-ICE               0.00000              0.00939  0.00000
ZINC_LME                  0.00000              0.22723  0.00000
LEAD_LME                  0.00000              0.13470  0.00000
SARONA                    0.00000              0.00605  0.00000
SGX                       0.00011                  NaN      NaN

* indicates currently held position

********************************************************************************
                  Costs *excluding* commissions, SPREADS ONLY                   
********************************************************************************



===============================================================
               SR costs (using stored slippage)                
===============================================================

                  percentage_cost  avg_annual_vol_perc  SR_cost
HOUSE-US                  0.00296              0.00584  0.50738
CNH-onshore               0.00656              0.01884  0.34822
COAL-GEORDIE              0.02170              0.18322  0.11842
SUGAR16                   0.01560              0.16921  0.09217
MILKWET                   0.01505              0.17669  0.08517
FTSEINDO                  0.00912              0.16511  0.05526
CH10                      0.00236              0.05490  0.04292
MSCIWORLD                 0.00508              0.12054  0.04211
GASOILINE_micro           0.02173              0.64336  0.03377
FTSEVIET                  0.00526              0.15954  0.03298
WHEY                      0.00811              0.24939  0.03254
SMI-MID                   0.00402              0.12759  0.03147
CZK                       0.00196              0.06425  0.03049
BUTTER                    0.00508              0.19533  0.02601
MILKDRY                   0.00566              0.22696  0.02493
SWISSLEAD                 0.00314              0.12623  0.02491
IRS                       0.00207              0.08736  0.02372
OMX                       0.00317              0.14998  0.02112
AEX_mini                  0.00235              0.11737  0.01999
COAL                      0.00531              0.28027  0.01894
TWD-mini                  0.00089              0.04798  0.01846
BOVESPA                   0.00278              0.16924  0.01641
STEEL                     0.00184              0.11296  0.01632
EPRA-EUROPE               0.00198              0.12910  0.01530
WHEAT_ICE                 0.00224              0.15841  0.01415
EUROSTX200-LARGE          0.00146              0.11242  0.01299
VNKI                      0.00687              0.56987  0.01206
V2X                       0.00203              0.17241  0.01176
EUROSTX-SMALL             0.00134              0.12439  0.01080
EU-MID                    0.00118              0.11482  0.01026
TWD                       0.00079              0.07816  0.01010
TIN_LME                   0.00207              0.21324  0.00969
EU-REALESTATE             0.00120              0.12835  0.00933
EU-TRAVEL                 0.00159              0.17511  0.00911
LEAD_LME                  0.00120              0.13470  0.00890
FTSECHINAH                0.00148              0.17399  0.00853
EU-HOUSE                  0.00130              0.15685  0.00829
EU-RETAIL                 0.00144              0.18674  0.00770
MILK                      0.00129              0.16791  0.00768
EURIBOR                   0.00007              0.00963  0.00768
CHEESE                    0.00114              0.14947  0.00765
EU-HEALTH                 0.00114              0.14994  0.00760
EUROSTX-LARGE             0.00096              0.13539  0.00709
BONO                      0.00039              0.05549  0.00701
EU-DJ-OIL                 0.00115              0.17191  0.00670
LUMBER-new                0.00101              0.15397  0.00653
EU-MEDIA                  0.00111              0.17736  0.00626
EU-CHEM                   0.00093              0.15151  0.00611
VIX                       0.00105              0.17573  0.00600
EU-DJ-TECH                0.00157              0.27158  0.00577
JGB-mini                  0.00018              0.03115  0.00577
EU-DJ-UTIL                0.00079              0.13775  0.00572
EU-DJ-TELECOM             0.00101              0.18548  0.00542
JP-REALESTATE             0.00054              0.10233  0.00528
EU-UTILS                  0.00074              0.14027  0.00528
EU-INSURE                 0.00077              0.15270  0.00506
NOK                       0.00035              0.07124  0.00490
IRON                      0.00066              0.14191  0.00466
OJ                        0.00252              0.54302  0.00464
EU-OIL                    0.00079              0.17042  0.00463
OATIES                    0.00136              0.29516  0.00462
HIGHYIELD                 0.00013              0.02938  0.00445
SGD_mini                  0.00014              0.03249  0.00440
EU-CONSTRUCTION           0.00075              0.17332  0.00432
SARONA                    0.00003              0.00605  0.00415
KRWUSD                    0.00044              0.10696  0.00409
RICE                      0.00089              0.21978  0.00404
SEK                       0.00028              0.07248  0.00384
GICS                      0.00095              0.24870  0.00381
EU-FOOD                   0.00061              0.16467  0.00373
BBCOMM                    0.00054              0.14534  0.00372
EU-AUTO                   0.00068              0.18888  0.00358
FED                       0.00003              0.00878  0.00355
EU-DIV30                  0.00043              0.12528  0.00346
FTSE250                   0.00041              0.11957  0.00346
SGD                       0.00011              0.03263  0.00340
SOFR                      0.00003              0.00926  0.00337
FANG                      0.00065              0.19264  0.00336
INR                       0.00014              0.04243  0.00335
NICKEL_LME                0.00058              0.17477  0.00332
GBPCHF                    0.00020              0.06212  0.00326
IG                        0.00016              0.05026  0.00323
VIX_mini                  0.00097              0.30031  0.00322
PLN                       0.00024              0.07638  0.00308
EURIBOR-ICE               0.00003              0.00939  0.00273
MUMMY                     0.00074              0.28960  0.00254
SONIA3                    0.00003              0.01032  0.00253
MILLWHEAT                 0.00055              0.21898  0.00249
EU-BASIC*                 0.00062              0.25843  0.00242
ZINC_LME                  0.00053              0.22723  0.00234
GBPEUR                    0.00007              0.03230  0.00226
KR3                       0.00005              0.02141  0.00226
EU-TECH                   0.00051              0.22467  0.00225
EURCAD                    0.00011              0.04713  0.00224
EURCHF                    0.00012              0.05625  0.00215
ZAR*                      0.00024              0.10998  0.00215
CORN                      0.00033              0.15367  0.00214
JPY_mini                  0.00019              0.08743  0.00212
US-REALESTATE             0.00026              0.12489  0.00212
JGB-SGX-mini              0.00008              0.03673  0.00212
ALUMINIUM_LME             0.00032              0.15329  0.00206
HANGENT_mini              0.00032              0.16333  0.00198
EURAUD                    0.00011              0.05480  0.00193
GAS_US_mini               0.00074              0.41063  0.00181
RUBBER*                   0.00049              0.27079  0.00180
ROBUSTA                   0.00053              0.30503  0.00174
US-MATERIAL               0.00028              0.16293  0.00173
CAD2                      0.00002              0.01407  0.00169
CAD_micro                 0.00007              0.04135  0.00169
SOYBEAN_mini              0.00029              0.17339  0.00169
US20                      0.00014              0.08533  0.00167
ALUMINIUM                 0.00034              0.20908  0.00164
AUDJPY                    0.00014              0.08643  0.00163
WHEAT_mini                0.00045              0.28368  0.00158
US10*                     0.00007              0.04607  0.00158
US-STAPLES                0.00020              0.13049  0.00154
GBPJPY                    0.00012              0.07627  0.00152
SHATZ                     0.00002              0.01559  0.00151
KRWUSD_mini               0.00016              0.10929  0.00146
CHFJPY                    0.00011              0.07584  0.00145
US30                      0.00014              0.09712  0.00143
MSCIASIA                  0.00032              0.23529  0.00137
US-UTILS                  0.00019              0.13735  0.00136
CAD5                      0.00005              0.03516  0.00136
ETHER-micro               0.00070              0.51425  0.00136
MSCIEMASIA                0.00031              0.23105  0.00132
US2                       0.00002              0.01471  0.00131
CHF_micro                 0.00009              0.06512  0.00131
CORN_mini                 0.00029              0.21905  0.00131
US10U*                    0.00007              0.05634  0.00128
JGB                       0.00004              0.03075  0.00126
GBP_micro                 0.00007              0.05555  0.00126
BOBL                      0.00004              0.03510  0.00126
US-HEALTH                 0.00019              0.14983  0.00125
COPPER-mini               0.00031              0.25180  0.00123
EUA                       0.00025              0.20918  0.00121
US-INDUSTRY               0.00017              0.14291  0.00121
AUD_micro*                0.00009              0.07264  0.00120
R1000                     0.00012              0.10007  0.00118
US-ENERGY                 0.00026              0.22017  0.00118
CHINAA-CON                0.00020              0.17250  0.00114
GAS-LAST                  0.00033              0.28539  0.00114
US5                       0.00004              0.03257  0.00111
SOYBEAN                   0.00015              0.13904  0.00110
BTP3                      0.00003              0.02314  0.00110
US-DISCRETE               0.00018              0.16659  0.00107
BRE                       0.00019              0.17960  0.00106
PALLAD                    0.00036              0.35561  0.00102
SP400                     0.00013              0.13070  0.00101
SOYOIL*                   0.00025              0.24497  0.00101
CAD*                      0.00004              0.04104  0.00100
COFFEE                    0.00034              0.34251  0.00099
MXP                       0.00010              0.10034  0.00099
EUR_mini                  0.00005              0.05291  0.00098
AEX                       0.00012              0.12049  0.00098
LEANHOG*                  0.00020              0.20375  0.00098
SUGAR11                   0.00032              0.33550  0.00095
REDWHEAT                  0.00024              0.24936  0.00095
COCOA_LDN                 0.00055              0.57938  0.00095
EUR_micro                 0.00005              0.05308  0.00095
KR10*                     0.00006              0.06484  0.00093
OAT                       0.00006              0.06614  0.00092
WHEAT                     0.00025              0.27661  0.00092
ETHEREUM                  0.00046              0.51074  0.00091
DX                        0.00005              0.05387  0.00091
IBEX_mini                 0.00014              0.15754  0.00088
YENEUR                    0.00006              0.06906  0.00088
US3                       0.00002              0.02272  0.00088
CAD10                     0.00005              0.05418  0.00087
COPPER_LME                0.00015              0.17986  0.00086
GAS_US                    0.00024              0.28829  0.00085
EURO600                   0.00009              0.10990  0.00084
SUGAR_WHITE               0.00025              0.29503  0.00084
BUXL*                     0.00009              0.11138  0.00083
CNH                       0.00002              0.02164  0.00082
GBP                       0.00005              0.05568  0.00082
SOYMEAL*                  0.00018              0.22076  0.00081
GAS-PEN                   0.00031              0.39388  0.00080
NIKKEI400                 0.00014              0.17591  0.00079
BUND                      0.00004              0.05307  0.00078
BTP*                      0.00005              0.06966  0.00077
MSCITAIWAN                0.00020              0.26057  0.00075
COCOA                     0.00044              0.60009  0.00074
HANGENT                   0.00012              0.15697  0.00074
CRUDE_W_mini              0.00040              0.57369  0.00070
CHF*                      0.00004              0.06497  0.00069
COTTON                    0.00019              0.27368  0.00068
NZD                       0.00005              0.07374  0.00067
COTTON2                   0.00018              0.26183  0.00067
LIVECOW                   0.00011              0.16336  0.00067
AUD                       0.00005              0.07225  0.00066
CANOLA                    0.00016              0.24292  0.00066
FEEDCOW                   0.00012              0.19030  0.00065
CRUDE_W                   0.00023              0.37025  0.00063
CRUDE_W_micro             0.00028              0.45859  0.00062
GILT                      0.00006              0.09113  0.00062
SMI                       0.00008              0.12435  0.00060
EUROSTX                   0.00008              0.13444  0.00059
MSCISING                  0.00008              0.13587  0.00057
FTSECHINAA                0.00009              0.16515  0.00054
SPI200                    0.00006              0.12044  0.00053
HANG_mini                 0.00008              0.14955  0.00052
MIB                       0.00008              0.15956  0.00052
JPY                       0.00004              0.08742  0.00048
COPPER                    0.00012              0.24282  0.00047
EUR                       0.00002              0.05302  0.00047
EU-BANKS                  0.00011              0.23209  0.00047
COPPER-micro*             0.00011              0.24730  0.00046
HEATOIL-ICE               0.00029              0.67249  0.00044
CAC                       0.00005              0.12540  0.00043
FTSE100                   0.00005              0.10952  0.00041
BITCOIN                   0.00016              0.39675  0.00040
HANG                      0.00006              0.14978  0.00039
TOPIX                     0.00006              0.16643  0.00039
BRENT_W                   0.00015              0.39036  0.00038
BRENT-LAST*               0.00019              0.50313  0.00037
GASOILINE_ICE             0.00021              0.56088  0.00037
DAX                       0.00005              0.13149  0.00036
PLAT*                     0.00012              0.34090  0.00035
CRUDE_ICE                 0.00018              0.52794  0.00034
GASOIL                    0.00021              0.64534  0.00033
GASOILINE*                0.00013              0.44859  0.00029
MSCIEAFA*                 0.00004              0.13778  0.00028
HEATOIL                   0.00014              0.51328  0.00028
RUSSELL*                  0.00004              0.14614  0.00027
GOLD-mini                 0.00005              0.19916  0.00026
NIKKEI                    0.00006              0.25078  0.00023
RUSSELL_mini              0.00003              0.14705  0.00023
KOSDAQ                    0.00009              0.39219  0.00023
DOW                       0.00002              0.11420  0.00021
FTSETAIWAN                0.00006              0.29366  0.00019
GOLD                      0.00003              0.19931  0.00018
SILVER                    0.00006              0.35266  0.00016
SP500                     0.00002              0.11470  0.00016
SP500_micro*              0.00002              0.11553  0.00015
GOLD_micro                0.00003              0.19909  0.00015
DOW_mini                  0.00001              0.11407  0.00013
NASDAQ                    0.00001              0.17473  0.00007
KOSPI                     0.00003              0.47923  0.00006
NASDAQ_micro*             0.00001              0.17410  0.00005
KOSPI_mini                0.00002              0.48016  0.00004
CLP                       0.00000              0.10961  0.00002
IBEX                      0.00000              0.15787  0.00000
HANGTECH                  0.00000              0.19798  0.00000
SGX                       0.00032                  NaN      NaN

* indicates currently held position

********************************************************************************
                                 END OF REPORT                                  
********************************************************************************


