
********************************************************************************
              Minimum capital report produced on 29/09/2026 23:00               
********************************************************************************


The following report calculates the minimum capital for a single contract as follows:
A- point_size_base: Futures multiplier in base (account currency) = multiplier * fx rate 
B- price: Price
C- annual_perc_stdev: Annual standard deviation in percentage terms (100 = 100%)
D- risk_target: Risk target in percentage terms (20 = 20%)
E- minimum_capital_one_contract:  Minimum capital to hold a single contract on a standalone basis = A * B * C / D 
F- minimum_position_contracts: Minimum position we want to hold for an average sized forecast
G- instrument_weight: Proportion of capital allocated to instrument 
H- IDM: Instrument diversification multiplier 
I- minimum_capital: Minimum capital within a portfolio, allowing for minimum position = E * F / ( G * H) 


================================================================================================================================================================================
                                                                        Minimum capital in base currency                                                                        
================================================================================================================================================================================

                  point_size_base       price  annual_perc_stdev  risk_target  minimum_capital_one_contract  minimum_position_contracts  instrument_weight  IDM  minimum_capital
ETHER-micro                   0.1    2718.000               51.4           25                           422                           4               0.04  2.5            16885
CAD_micro                  7555.7       0.708                4.5           25                           959                           4               0.04  2.5            38383
GBP_micro                  4722.3       1.323                5.5           25                          1364                           4               0.04  2.5            54598
V2X                          85.8      19.500               21.8           25                          1459                           4               0.04  2.5            58375
AUD_micro                  7555.7       0.698                7.2           25                          1519                           4               0.04  2.5            60769
HOUSE-US                    188.9     371.800                0.6           25                          1739                           4               0.04  2.5            69569
EUR_micro                  9444.6       1.138                5.1           25                          2174                           4               0.04  2.5            86982
VIX_mini                     75.6      17.670               43.4           25                          2317                           4               0.04  2.5            92705
SGD_mini                  14770.8       1.272                3.2           25                          2417                           4               0.04  2.5            96717
EU-REALESTATE                42.9     118.300               13.3           25                          2705                           4               0.04  2.5           108201
CORN_mini                     7.6     522.000               18.2           25                          2866                           4               0.04  2.5           114675
CHF_micro                  9444.6       1.210                7.0           25                          3207                           4               0.04  2.5           128318
CAD2                        532.5     104.140                1.5           25                          3274                           4               0.04  2.5           130986
JP-REALESTATE                 4.8    1709.500               10.4           25                          3415                           4               0.04  2.5           136614
VNKI                         48.0      31.000               69.4           25                          4134                           4               0.04  2.5           165378
MUMMY                         4.8     770.000               28.5           25                          4214                           4               0.04  2.5           168569
CNH-onshore              377784.7       0.149                2.0           25                          4409                           4               0.04  2.5           176383
IRON                         75.6      94.450               15.5           25                          4415                           4               0.04  2.5           176626
KR3                         556.8     102.100                2.0           25                          4561                           4               0.04  2.5           182440
TWD-mini                  75556.9       0.310                4.9           25                          4584                           4               0.04  2.5           183369
SHATZ                       858.1     104.530                1.5           25                          5215                           4               0.04  2.5           208630
BRE                       75556.9       0.191                9.2           25                          5332                           4               0.04  2.5           213281
SARONA                     2267.4      99.575                0.6           25                          5435                           4               0.04  2.5           217412
WHEAT_mini                    7.6     692.875               26.3           25                          5515                           4               0.04  2.5           220614
HANGENT_mini                  1.0    8137.000               17.8           25                          5592                           4               0.04  2.5           223706
KRWUSD_mini               18889.2       0.736               10.2           25                          5665                           4               0.04  2.5           226620
BBCOMM                       75.6     141.380               13.7           25                          5838                           4               0.04  2.5           233523
CNH                       11263.0       6.671                2.0           25                          6159                           4               0.04  2.5           246398
RUSSELL                       3.8    2826.000               14.4           25                          6170                           4               0.04  2.5           246827
SOFR                       1888.9      95.220                0.9           25                          6373                           4               0.04  2.5           254938
SOYBEAN_mini                  7.6    1314.250               17.0           25                          6770                           4               0.04  2.5           270801
INR                         377.8     103.900                4.5           25                          6987                           4               0.04  2.5           279513
MXP                      377784.7       0.055                8.5           25                          7056                           4               0.04  2.5           282271
FTSEINDO                      3.8    2162.000               21.8           25                          7111                           4               0.04  2.5           284441
EPRA-EUROPE                   8.6    1500.000               13.8           25                          7127                           4               0.04  2.5           285089
AEX_mini                     17.2    1126.850                9.6           25                          7441                           4               0.04  2.5           297679
STEEL                        15.1    1319.000                9.5           25                          7545                           4               0.04  2.5           301812
BTP3                        858.1     104.515                2.1           25                          7665                           4               0.04  2.5           306623
FTSECHINAA                    0.8   13863.000               18.6           25                          7784                           4               0.04  2.5           311382
EUROSTX-SMALL                42.9     399.300               11.4           25                          7824                           4               0.04  2.5           312994
FTSEVIET                      3.8    2935.000               17.7           25                          7835                           4               0.04  2.5           313408
LUMBER-new                   20.8     531.500               17.8           25                          7871                           4               0.04  2.5           314875
JGB-mini                    480.2     124.270                3.4           25                          8037                           4               0.04  2.5           321485
CANOLA                       10.7     845.000               22.4           25                          8051                           4               0.04  2.5           322063
EURIBOR-ICE                2145.3      96.490                1.0           25                          8120                           4               0.04  2.5           324818
RUBBER                       37.8     243.500               22.2           25                          8155                           4               0.04  2.5           326234
EU-TRAVEL                    42.9     276.300               17.3           25                          8214                           4               0.04  2.5           328572
EURIBOR                    2145.3      96.495                1.0           25                          8383                           4               0.04  2.5           335357
MILLWHEAT                    42.9     235.000               20.8           25                          8394                           4               0.04  2.5           335766
CRUDE_W_micro                75.6      85.600               33.3           25                          8624                           4               0.04  2.5           344989
JGB-SGX-mini                480.2     124.270                3.6           25                          8650                           4               0.04  2.5           346028
CAD5                        532.5     110.280                3.7           25                          8717                           4               0.04  2.5           348712
IBEX_mini                     0.9   19590.000               13.1           25                          8839                           4               0.04  2.5           353583
US2                        1511.1     101.660                1.5           25                          8950                           4               0.04  2.5           358009
DOW                           0.4   51709.000               11.6           25                          9047                           4               0.04  2.5           361893
EU-DIV30                      8.6    2432.000               11.0           25                          9149                           4               0.04  2.5           365962
ZAR                      377784.7       0.061               10.0           25                          9193                           4               0.04  2.5           367722
EU-BANKS                     42.9     313.650               17.1           25                          9196                           4               0.04  2.5           367852
SWISSLEAD                     9.1    2248.700               11.3           25                          9229                           4               0.04  2.5           369188
FED                        3148.5      95.360                0.8           25                          9312                           4               0.04  2.5           372493
CAD                       75556.9       0.708                4.4           25                          9509                           4               0.04  2.5           380376
SGD                       59083.1       1.276                3.2           25                          9745                           4               0.04  2.5           389838
SONIA3                     2500.0      95.240                1.1           25                         10435                           4               0.04  2.5           417419
US5                         755.6     103.398                3.3           25                         10450                           4               0.04  2.5           418016
BITCOIN                       0.1   84400.000               41.2           25                         10511                           4               0.04  2.5           420473
EUR_mini                  47223.1       1.138                5.1           25                         10865                           4               0.04  2.5           434621
EURO600                      42.9     641.500               10.3           25                         11329                           4               0.04  2.5           453197
DAX                           0.9   25610.000               12.9           25                         11371                           4               0.04  2.5           454840
JPY_mini                4722309.3       0.006                9.4           25                         11376                           4               0.04  2.5           455061
NIKKEI400                     0.5   36260.000               16.5           25                         11489                           4               0.04  2.5           459593
EU-MEDIA                     42.9     379.300               17.8           25                         11587                           4               0.04  2.5           463515
TOPIX                         4.8    4049.500               15.3           25                         11904                           4               0.04  2.5           476175
COPPER-micro               1888.9       6.656               23.7           25                         11926                           4               0.04  2.5           477043
EUROSTX200-LARGE             42.9     666.500               10.5           25                         11972                           4               0.04  2.5           478919
CORN                         37.8     522.250               15.3           25                         12069                           4               0.04  2.5           482794
EU-MID                       42.9     679.100               10.4           25                         12119                           4               0.04  2.5           484780
EU-DJ-TELECOM                42.9     364.100               19.6           25                         12256                           4               0.04  2.5           490260
WHEAT_ICE                   100.0     212.000               14.5           25                         12297                           4               0.04  2.5           491908
GAS_US_mini                1888.9       3.345               49.1           25                         12416                           4               0.04  2.5           496668
VIX                         755.6      19.450               21.6           25                         12711                           4               0.04  2.5           508477
SP500_micro                   3.8    7738.250               11.2           25                         13061                           4               0.04  2.5           522467
EU-INSURE                    42.9     533.600               14.3           25                         13085                           4               0.04  2.5           523420
BOBL                        858.1     111.780                3.4           25                         13090                           4               0.04  2.5           523617
EU-UTILS                     42.9     527.400               14.6           25                         13176                           4               0.04  2.5           527067
GBPEUR                   125000.0       0.860                3.1           25                         13214                           4               0.04  2.5           528573
SMI-MID                       9.1    3107.000               12.0           25                         13477                           4               0.04  2.5           539103
EU-DJ-UTIL                   42.9     555.800               14.2           25                         13571                           4               0.04  2.5           542877
NZD                       75556.9       0.566                8.0           25                         13679                           4               0.04  2.5           547161
GBP                       47223.1       1.324                5.5           25                         13679                           4               0.04  2.5           547167
GASOILINE_micro            3173.4       3.158               34.9           25                         13997                           4               0.04  2.5           559893
CAD10                       532.5     115.210                5.7           25                         14031                           4               0.04  2.5           561241
US3                        1511.1     102.379                2.3           25                         14192                           4               0.04  2.5           567719
KOSDAQ                        5.6    1422.700               44.8           25                         14197                           4               0.04  2.5           567896
WHEY                        332.5      75.500               14.2           25                         14260                           4               0.04  2.5           570415
EU-OIL                       42.9     550.300               15.6           25                         14686                           4               0.04  2.5           587467
KR10                        556.8     103.540                6.4           25                         14786                           4               0.04  2.5           591467
US-REALESTATE                75.6     364.200               13.5           25                         14852                           4               0.04  2.5           594099
EUROSTX-LARGE                42.9     695.300               12.5           25                         14932                           4               0.04  2.5           597288
EURCAD                    66563.0       1.609                3.5           25                         15058                           4               0.04  2.5           602328
AUD                       75556.9       0.698                7.2           25                         15126                           4               0.04  2.5           605051
HANG_mini                     1.0   24431.000               16.1           25                         15163                           4               0.04  2.5           606554
CHEESE                    15111.4       1.483               17.0           25                         15227                           4               0.04  2.5           609103
SUGAR11                     846.2      18.250               24.7           25                         15264                           4               0.04  2.5           610566
MSCISING                     59.1     531.200               12.3           25                         15384                           4               0.04  2.5           615391
US10                        755.6     104.438                4.9           25                         15405                           4               0.04  2.5           616201
DX                          755.6     101.110                5.1           25                         15446                           4               0.04  2.5           617847
EU-RETAIL                    42.9     463.400               19.4           25                         15466                           4               0.04  2.5           618641
EU-DJ-OIL                    42.9     608.100               14.9           25                         15596                           4               0.04  2.5           623852
EU-AUTO                      42.9     426.100               21.4           25                         15630                           4               0.04  2.5           625233
MSCIWORLD                     7.6    4958.000               10.7           25                         15966                           4               0.04  2.5           638644
OATIES                       37.8     422.250               25.1           25                         16046                           4               0.04  2.5           641868
MILK                       1511.1      15.670               17.1           25                         16186                           4               0.04  2.5           647449
SUGAR_WHITE                  37.8     528.500               20.4           25                         16276                           4               0.04  2.5           651051
HIGHYIELD                   755.6     183.500                2.9           25                         16284                           4               0.04  2.5           651365
RICE                       1511.1      16.885               16.2           25                         16581                           4               0.04  2.5           663269
EURCHF                   113370.4       0.940                4.0           25                         16936                           4               0.04  2.5           677442
FTSECHINAH                    1.5   15410.000               19.3           25                         17971                           4               0.04  2.5           718856
EU-FOOD                      42.9     616.800               17.7           25                         18703                           4               0.04  2.5           748156
CLP                    37778474.6       0.001               12.0           25                         18738                           4               0.04  2.5           749547
LEAD_LME                     18.9    1900.500               13.1           25                         18801                           4               0.04  2.5           752053
TWD                        2266.7      31.380                6.7           25                         19134                           4               0.04  2.5           765374
MILKWET                    1511.1      19.330               16.5           25                         19256                           4               0.04  2.5           770258
US10U                       755.6     105.297                6.2           25                         19580                           4               0.04  2.5           783224
LEANHOG                     302.2      75.450               21.7           25                         19796                           4               0.04  2.5           791842
CH10                        907.0     103.130                5.3           25                         20004                           4               0.04  2.5           800175
HANGTECH                      4.8    4241.000               25.0           25                         20401                           4               0.04  2.5           816049
SUGAR16                     846.2      39.750               15.6           25                         20943                           4               0.04  2.5           837730
BUND                        858.1     119.600                5.3           25                         21639                           4               0.04  2.5           865583
FTSE250                       2.0   24507.000               11.0           25                         21646                           4               0.04  2.5           865851
EUR                       94446.2       1.138                5.0           25                         21698                           4               0.04  2.5           867928
SOYMEAL                      75.6     359.300               20.4           25                         22180                           4               0.04  2.5           887214
EURAUD                    65999.9       1.632                5.2           25                         22292                           4               0.04  2.5           891683
IG                          755.6     146.320                5.1           25                         22446                           4               0.04  2.5           897851
JPY                     9444618.6       0.006                9.4           25                         22757                           4               0.04  2.5           910306
BONO                        858.1     115.370                6.1           25                         23970                           4               0.04  2.5           958831
GBPCHF                   113370.4       1.094                5.0           25                         24729                           4               0.04  2.5           989163
BUTTER                      151.1     142.000               29.0           25                         24879                           4               0.04  2.5           995189
SOYBEAN                      37.8    1264.500               13.2           25                         25180                           4               0.04  2.5          1007220
EU-CONSTRUCTION              42.9     793.400               18.5           25                         25184                           4               0.04  2.5          1007398
NIKKEI                        0.5   65225.000               20.8           25                         26088                           4               0.04  2.5          1043528
BTP                         858.1     110.660                6.9           25                         26327                           4               0.04  2.5          1053086
OAT                         858.1     109.560                7.0           25                         26457                           4               0.04  2.5          1058307
EU-HOUSE                     42.9     930.700               16.7           25                         26692                           4               0.04  2.5          1067708
HANGENT                       4.8    8135.000               17.2           25                         26883                           4               0.04  2.5          1075324
REDWHEAT                     37.8     761.750               23.5           25                         27056                           4               0.04  2.5          1082252
SOYOIL                      453.3      68.450               21.9           25                         27126                           4               0.04  2.5          1085076
WHEAT                        37.8     693.250               25.9           25                         27146                           4               0.04  2.5          1085876
EUROSTX                       8.6    6359.000               12.6           25                         27445                           4               0.04  2.5          1097822
KRWUSD                 94446186.5       0.001               10.1           25                         28269                           4               0.04  2.5          1130793
GOLD_micro                    7.6    4203.200               23.4           25                         29782                           4               0.04  2.5          1191311
US20                        755.6     103.281                9.7           25                         30213                           4               0.04  2.5          1208527
EU-CHEM                      42.9    1275.900               13.9           25                         30386                           4               0.04  2.5          1215461
PLN                      377784.7       0.260                7.8           25                         30435                           4               0.04  2.5          1217412
EU-HEALTH                    42.9    1107.800               16.2           25                         30784                           4               0.04  2.5          1231369
NASDAQ_micro                  1.5   30633.000               16.7           25                         30948                           4               0.04  2.5          1237921
COTTON                    37778.5       0.829               24.8           25                         31111                           4               0.04  2.5          1244460
COTTON2                     377.8      83.430               25.4           25                         32013                           4               0.04  2.5          1280520
CHF                       94446.2       1.210                7.0           25                         32067                           4               0.04  2.5          1282704
OMX                           8.6    6507.000               14.4           25                         32131                           4               0.04  2.5          1285251
YENEUR                      600.2     177.780                7.6           25                         32344                           4               0.04  2.5          1293763
EU-BASIC                     42.9     812.100               23.7           25                         32988                           4               0.04  2.5          1319541
GILT                       1000.0      84.380                9.8           25                         33158                           4               0.04  2.5          1326336
CAC                           8.6    8056.000               12.0           25                         33239                           4               0.04  2.5          1329581
US-STAPLES                   75.6     831.700               13.4           25                         33733                           4               0.04  2.5          1349327
ROBUSTA                       7.6    3309.000               33.9           25                         33859                           4               0.04  2.5          1354382
ALUMINIUM_LME                18.9    3222.000               14.4           25                         35143                           4               0.04  2.5          1405747
CZK                     3022278.0       0.047                6.2           25                         35226                           4               0.04  2.5          1409076
US30                        755.6     104.344               11.2           25                         35453                           4               0.04  2.5          1418125
CHINAA-CON                   18.9    2530.400               18.6           25                         35527                           4               0.04  2.5          1421112
R1000                        37.8    2463.800                9.6           25                         35675                           4               0.04  2.5          1427038
AUDJPY                      960.4     109.040                8.8           25                         36754                           4               0.04  2.5          1470186
EU-TECH                      42.9    1046.800               20.9           25                         37482                           4               0.04  2.5          1499310
BUXL                        858.1     100.440               10.9           25                         37696                           4               0.04  2.5          1507840
US-UTILS                     75.6     805.800               15.9           25                         38616                           4               0.04  2.5          1544677
GBPJPY                      600.2     206.860                8.0           25                         39608                           4               0.04  2.5          1584345
GAS_US                     7555.7       3.711               36.6           25                         41014                           4               0.04  2.5          1640583
OJ                          113.3     157.050               57.7           25                         41075                           4               0.04  2.5          1643003
GAS-LAST                   7555.7       3.705               37.4           25                         41880                           4               0.04  2.5          1675236
FTSE100                      10.0   10718.000                9.8           25                         42209                           4               0.04  2.5          1688383
SPI200                       13.2    8720.000                9.8           25                         45021                           4               0.04  2.5          1800872
LIVECOW                     302.2     222.900               16.9           25                         45459                           4               0.04  2.5          1818394
MILKDRY                     332.5     188.000               18.5           25                         46295                           4               0.04  2.5          1851826
GAS-PEN                    7555.7       3.452               44.5           25                         46450                           4               0.04  2.5          1858019
NOK                     1511139.0       0.104                7.6           25                         47500                           4               0.04  2.5          1900001
ALUMINIUM                    18.9    3347.750               19.4           25                         48999                           4               0.04  2.5          1959961
SEK                     1511139.0       0.101                8.1           25                         49386                           4               0.04  2.5          1975473
US-MATERIAL                  75.6    1048.800               16.5           25                         52226                           4               0.04  2.5          2089073
FANG                          3.8   19339.200               18.0           25                         52673                           4               0.04  2.5          2106934
KOSPI_mini                   27.8    1079.400               44.1           25                         53002                           4               0.04  2.5          2120089
CRUDE_W_mini                377.8      87.100               41.0           25                         54001                           4               0.04  2.5          2160064
NICKEL_LME                    4.5   15970.000               19.1           25                         55428                           4               0.04  2.5          2217155
ZINC_LME                     18.9    3862.000               19.4           25                         56627                           4               0.04  2.5          2265091
SMI                           9.1   13927.000               11.5           25                         58325                           4               0.04  2.5          2333016
EUA                         858.1      89.600               19.5           25                         60021                           4               0.04  2.5          2400869
RUSSELL_mini                 37.8    2825.300               14.4           25                         61686                           4               0.04  2.5          2467454
COPPER-mini                9444.6       6.650               24.6           25                         61875                           4               0.04  2.5          2475002
CRUDE_W                     755.6      74.860               27.6           25                         62506                           4               0.04  2.5          2500272
MSCIEAFA                     37.8    3149.400               13.4           25                         63606                           4               0.04  2.5          2544257
EU-DJ-TECH                   42.9    1570.600               24.8           25                         66849                           4               0.04  2.5          2673985
US-HEALTH                    75.6    1735.200               13.3           25                         69663                           4               0.04  2.5          2786534
CHFJPY                     1200.4     189.740                8.1           25                         73772                           4               0.04  2.5          2950898
US-INDUSTRY                  75.6    1717.500               14.2           25                         73870                           4               0.04  2.5          2954823
AEX                         171.6    1123.450                9.7           25                         74595                           4               0.04  2.5          2983818
HANG                          4.8   24432.000               16.1           25                         75709                           4               0.04  2.5          3028378
COAL-GEORDIE                755.6     147.350               17.1           25                         76159                           4               0.04  2.5          3046383
MSCIASIA                     75.6    1165.900               22.1           25                         77941                           4               0.04  2.5          3117648
SILVER                      755.6      61.720               42.3           25                         78931                           4               0.04  2.5          3157275
US-ENERGY                    75.6    1296.400               20.2           25                         79123                           4               0.04  2.5          3164938
JGB                        4801.8     124.280                3.3           25                         79710                           4               0.04  2.5          3188412
MSCIEMASIA                   75.6    1187.400               22.8           25                         81763                           4               0.04  2.5          3270544
BRENT_W                     755.6      91.590               29.7           25                         82244                           4               0.04  2.5          3289762
BOVESPA                       0.8  183950.000               15.6           25                         86517                           4               0.04  2.5          3460690
COCOA_LDN                    10.0    4204.000               52.5           25                         88362                           4               0.04  2.5          3534507
IBEX                          8.6   19599.000               13.1           25                         88370                           4               0.04  2.5          3534813
COAL                        755.6     136.900               21.5           25                         88885                           4               0.04  2.5          3555421
DOW_mini                      3.8   51701.000               11.6           25                         90443                           4               0.04  2.5          3617724
IRS                      755569.5       0.327                9.2           25                         90814                           4               0.04  2.5          3632561
COCOA                         7.6    5538.000               55.8           25                         93427                           4               0.04  2.5          3737096
CRUDE_ICE                   755.6      85.910               36.0           25                         93496                           4               0.04  2.5          3739859
FEEDCOW                     377.8     319.900               19.6           25                         94980                           4               0.04  2.5          3799236
BRENT-LAST                  755.6      93.290               35.4           25                         99819                           4               0.04  2.5          3992777
PLAT                         37.8    1720.200               39.8           25                        103337                           4               0.04  2.5          4133491
GASOILINE                 31733.9       2.934               29.2           25                        108712                           4               0.04  2.5          4348510
GICS                        188.9     722.200               20.8           25                        113351                           4               0.04  2.5          4534052
FTSETAIWAN                   30.2    4220.500               22.3           25                        113769                           4               0.04  2.5          4550770
COFFEE                      283.3     280.550               36.5           25                        116058                           4               0.04  2.5          4642354
COPPER                    18889.2       6.757               23.3           25                        119183                           4               0.04  2.5          4767342
MIB                           4.3   51770.000               13.5           25                        120091                           4               0.04  2.5          4803669
GASOILINE_ICE             31733.9       2.947               32.1           25                        120200                           4               0.04  2.5          4808014
US-DISCRETE                  75.6    2230.800               18.8           25                        126865                           4               0.04  2.5          5074615
GASOIL                       75.6    1195.750               35.3           25                        127543                           4               0.04  2.5          5101734
SP500                        37.8    7737.500               11.1           25                        130219                           4               0.04  2.5          5208764
MSCITAIWAN                   75.6    2158.300               20.4           25                        132779                           4               0.04  2.5          5311190
SP400                        75.6    3633.000               12.4           25                        135865                           4               0.04  2.5          5434627
GOLD-mini                    37.8    4201.250               23.4           25                        148728                           4               0.04  2.5          5949131
HEATOIL                   31733.9       4.131               29.8           25                        156492                           4               0.04  2.5          6259694
TIN_LME                       3.8   53850.000               20.4           25                        165640                           4               0.04  2.5          6625611
PALLAD                       75.6    1230.000               47.4           25                        176175                           4               0.04  2.5          7047031
COPPER_LME                   18.9   14459.000               16.5           25                        180768                           4               0.04  2.5          7230730
HEATOIL-ICE               31733.9       4.277               37.8           25                        205268                           4               0.04  2.5          8210758
ETHEREUM                     37.8    2709.500               51.2           25                        209768                           4               0.04  2.5          8390738
KOSPI                       139.2    1085.600               43.9           25                        265129                           4               0.04  2.5         10605167
GOLD                         75.6    4204.700               23.5           25                        298214                           4               0.04  2.5         11928568
NASDAQ                       15.1   30623.500               16.8           25                        310169                           4               0.04  2.5         12406782


********************************************************************************
                                 END OF REPORT                                  
********************************************************************************


