
********************************************************************************
                    Risk report produced on 10/07/2023 22:51                    
********************************************************************************


Total risk across all strategies, annualised percentage 12.1
Percentage of capital used for margin 63.0%

========================================
Risk per strategy, annualised percentage
========================================

                  risk
dynamic_TF_carry  12.1


===================
Risk by asset class
===================

Ags       3.4
Bond      1.6
Equity    4.7
FX        7.5
Metals    0.3
OilGas    1.1
Sector    2.8
Vol       1.8
dtype: float64


=====================================================
Beta loadings of asset class positions on asset class
=====================================================

FX       -0.82
Bond     -0.46
Vol      -0.04
OilGas   -0.01
Metals    0.01
Ags       0.08
Sector    0.16
Equity    0.34
dtype: float64


========================================================
Beta loadings of full portfolio positions on asset class
========================================================

Bond     -1.83
FX       -0.52
Vol      -0.17
Metals   -0.02
OilGas    0.02
Ags       0.23
Sector    0.26
Equity    0.37
dtype: float64


==================================================================================================================================================================================================================================================================
                                                                                                                         Instrument risk                                                                                                                          
==================================================================================================================================================================================================================================================================

              daily_price_stdev  annual_price_stdev     price  daily_perc_stdev  annual_perc_stdev  point_size_base  contract_exposure  daily_risk_per_contract  annual_risk_per_contract  position  capital  exposure_held_perc_capital  annual_risk_perc_capital
JPY                       0.000               0.001      0.01              0.60                9.5        9764862.1              69852                      416                      6667        -2   351997                       -39.7                      -3.8
CHF                       0.005               0.080      1.14              0.44                7.0          97648.6             111094                      489                      7829        -1   351997                       -31.6                      -2.2
LEANHOG                   1.513              24.210     94.30              1.60               25.7            312.5              29466                      472                      7564        -1   351997                        -8.4                      -2.1
VIX                       0.494               7.903     17.70              2.79               44.6            781.2              13827                      385                      6173        -1   351997                        -3.9                      -1.8
US3                       0.228               3.649    103.88              0.22                3.5           1562.4             162292                      356                      5700        -1   351997                       -46.1                      -1.6
GAS_US_mini               0.129               2.065      2.62              4.92               78.7           1953.0               5126                      252                      4033        -1   351997                        -1.5                      -1.1
DAX                     151.835            2429.360  15769.00              0.96               15.4              0.9              13486                      129                      2077        -1   351997                        -3.8                      -0.6
BITCOIN                 897.662           14362.586  30760.00              2.92               46.7              0.1               2402                       70                      1121         1   351997                         0.7                       0.3
MXP                       0.000               0.005      0.06              0.54                8.6         390594.5              22603                      120                      1935         1   351997                         6.4                       0.5
SP500_micro              34.310             548.959   4437.50              0.77               12.4              3.9              17332                      134                      2144         1   351997                         4.9                       0.6
NIKKEI                  337.656            5402.504  32265.00              1.05               16.7              0.5              17657                      184                      2956         1   351997                         5.0                       0.8
SOYBEAN_mini             25.141             402.249   1342.88              1.87               30.0              7.8              10490                      196                      3142         1   351997                         3.0                       0.9
EU-AUTO                   8.074             129.181    631.60              1.28               20.5             42.8              27008                      345                      5524         1   351997                         7.7                       1.6
EU-OIL                    4.550              72.795    324.70              1.40               22.4             42.8              13884                      194                      3112         2   351997                         7.9                       1.8
FTSETAIWAN               12.804             204.869   1428.75              0.90               14.3             31.2              44644                      400                      6401         1   351997                        12.7                       1.8
CAC                      75.864            1213.823   7158.50              1.06               17.0              8.6              61222                      648                     10381         1   351997                        17.4                       2.9
CNH                       0.021               0.337      7.23              0.29                4.7          10779.7              77982                      226                      3631         3   351997                        66.5                       3.1
LIVECOW                   1.209              19.347    177.15              0.68               10.9            312.5              55355                      377                      6045         2   351997                        31.5                       3.4

Sum of abs(notional exposure % capital) 298.7
Sum of abs(annualised risk % capital) 30.9
Net sum of annualised risk % capital 4.5 

====================================================================================================================================================================
                                                                            Correlations                                                                            
====================================================================================================================================================================

               CNH   VIX   CHF   JPY   US3   CAC   DAX  EU-AUTO  EU-OIL  FTSETAIWAN   MXP  NIKKEI  SP500_micro  BITCOIN  GAS_US_mini  LEANHOG  LIVECOW  SOYBEAN_mini
CNH           1.00  0.07 -0.48 -0.47 -0.48 -0.18 -0.24    -0.14   -0.01       -0.26 -0.03   -0.05        -0.33    -0.18         0.03     0.11     0.17         -0.13
VIX           0.07  1.00  0.01  0.03  0.08 -0.55 -0.45    -0.48   -0.34       -0.39 -0.58   -0.41        -0.62    -0.27        -0.20    -0.22    -0.45         -0.15
CHF          -0.48  0.01  1.00  0.57  0.51  0.22  0.31     0.19    0.04        0.35  0.18    0.18         0.35     0.04        -0.12     0.04    -0.03          0.20
JPY          -0.47  0.03  0.57  1.00  0.65  0.07  0.18     0.11   -0.03        0.11  0.10   -0.27         0.19    -0.01        -0.33     0.02    -0.06          0.08
US3          -0.48  0.08  0.51  0.65  1.00  0.12  0.18     0.05   -0.17        0.09 -0.04   -0.10         0.25     0.20        -0.17    -0.24    -0.24         -0.10
CAC          -0.18 -0.55  0.22  0.07  0.12  1.00  0.89     0.76    0.53        0.52  0.53    0.57         0.66     0.16         0.11     0.31     0.28         -0.04
DAX          -0.24 -0.45  0.31  0.18  0.18  0.89  1.00     0.85    0.48        0.59  0.53    0.64         0.68    -0.01         0.07     0.28     0.28         -0.00
EU-AUTO      -0.14 -0.48  0.19  0.11  0.05  0.76  0.85     1.00    0.44        0.50  0.54    0.55         0.55    -0.07         0.09     0.34     0.31         -0.01
EU-OIL       -0.01 -0.34  0.04 -0.03 -0.17  0.53  0.48     0.44    1.00        0.41  0.52    0.43         0.27     0.01         0.19     0.25     0.15          0.17
FTSETAIWAN   -0.26 -0.39  0.35  0.11  0.09  0.52  0.59     0.50    0.41        1.00  0.41    0.67         0.54     0.15         0.18     0.19     0.13          0.04
MXP          -0.03 -0.58  0.18  0.10 -0.04  0.53  0.53     0.54    0.52        0.41  1.00    0.45         0.46    -0.04        -0.02     0.24     0.22          0.22
NIKKEI       -0.05 -0.41  0.18 -0.27 -0.10  0.57  0.64     0.55    0.43        0.67  0.45    1.00         0.59     0.05         0.32     0.16     0.15          0.09
SP500_micro  -0.33 -0.62  0.35  0.19  0.25  0.66  0.68     0.55    0.27        0.54  0.46    0.59         1.00     0.31         0.25     0.21     0.37          0.16
BITCOIN      -0.18 -0.27  0.04 -0.01  0.20  0.16 -0.01    -0.07    0.01        0.15 -0.04    0.05         0.31     1.00         0.08    -0.09     0.11         -0.01
GAS_US_mini   0.03 -0.20 -0.12 -0.33 -0.17  0.11  0.07     0.09    0.19        0.18 -0.02    0.32         0.25     0.08         1.00     0.10     0.01          0.04
LEANHOG       0.11 -0.22  0.04  0.02 -0.24  0.31  0.28     0.34    0.25        0.19  0.24    0.16         0.21    -0.09         0.10     1.00     0.37          0.17
LIVECOW       0.17 -0.45 -0.03 -0.06 -0.24  0.28  0.28     0.31    0.15        0.13  0.22    0.15         0.37     0.11         0.01     0.37     1.00          0.09
SOYBEAN_mini -0.13 -0.15  0.20  0.08 -0.10 -0.04 -0.00    -0.01    0.17        0.04  0.22    0.09         0.16    -0.01         0.04     0.17     0.09          1.00


********************************************************************************
                                 END OF REPORT                                  
********************************************************************************


