
********************************************************************************
                    Risk report produced on 28/11/2024 22:52                    
********************************************************************************


Total risk across all strategies, annualised percentage 9.9
Percentage of capital used for margin 74.4%

========================================
Risk per strategy, annualised percentage
========================================

                  risk
dynamic_TF_carry   9.9


===================
Risk by asset class
===================

Ags       1.4
Equity    4.3
FX        5.3
Metals    2.5
OilGas    3.9
Other     0.8
Vol       2.1
dtype: float64


=====================================================
Beta loadings of asset class positions on asset class
=====================================================

FX       -0.77
OilGas   -0.10
Metals   -0.09
Vol      -0.04
Ags      -0.02
Other     0.03
Equity    0.27
dtype: float64


========================================================
Beta loadings of full portfolio positions on asset class
========================================================

FX       -0.84
Vol      -0.15
Metals   -0.11
Ags      -0.11
OilGas   -0.09
Other    -0.01
Equity    0.38
dtype: float64


===================================================================================================================================================================================================================================================================
                                                                                                                          Instrument risk                                                                                                                          
===================================================================================================================================================================================================================================================================

               daily_price_stdev  annual_price_stdev     price  daily_perc_stdev  annual_perc_stdev  point_size_base  contract_exposure  daily_risk_per_contract  annual_risk_per_contract  position  capital  exposure_held_perc_capital  annual_risk_perc_capital
CHF                        0.006               0.089      1.13              0.49                7.8          98722.5             112015                      547                      8764        -2   585243                       -38.3                      -3.0
GAS-PEN                    0.124               1.979      3.20              3.86               61.8           7897.8              25296                      976                     15629        -1   585243                        -4.3                      -2.7
JPY                        0.000               0.001      0.01              0.72               11.5        9872253.0              65290                      468                      7498        -2   585243                       -22.3                      -2.6
ALUMINIUM                 43.326             693.221   2567.00              1.69               27.0             19.7              50684                      855                     13687        -1   585243                        -8.7                      -2.3
VIX                        0.495               7.926     16.25              3.05               48.8            789.8              12833                      391                      6259        -2   585243                        -4.4                      -2.1
CRUDE_W_micro              1.345              21.520     68.40              1.97               31.5             79.0               5402                      106                      1699        -6   585243                        -5.5                      -1.7
SOYMEAL                    3.769              60.300    295.50              1.28               20.4             79.0              23338                      297                      4762        -1   585243                        -4.0                      -0.8
KOSDAQ                    23.377             374.030   1174.40              1.99               31.8              5.6               6544                      130                      2084        -2   585243                        -2.2                      -0.7
GAS_US_mini                0.121               1.944      3.19              3.81               60.9           1974.5               6298                      239                      3837        -1   585243                        -1.1                      -0.7
CAD                        0.002               0.037      0.71              0.33                5.2          78978.0              56394                      183                      2938        -1   585243                        -9.6                      -0.5
IRON                       2.045              32.721    102.40              2.00               32.0             79.0               8087                      161                      2584        -1   585243                        -1.4                      -0.4
EURO600                    3.703              59.242    508.00              0.73               11.7             41.7              21160                      154                      2467        -1   585243                        -3.6                      -0.4
CANOLA                    10.762             172.187    584.20              1.84               29.5             11.3               6580                      121                      1939        -1   585243                        -1.1                      -0.3
MILLWHEAT                  2.679              42.870    222.50              1.20               19.3             41.7               9268                      111                      1785        -1   585243                        -1.6                      -0.3
MUMMY                     10.621             169.933    632.00              1.68               26.9              5.2               3293                       55                       885         1   585243                         0.6                       0.2
RUSSELL                   29.755             476.087   2436.80              1.22               19.5              3.9               9622                      117                      1880         1   585243                         1.6                       0.3
GOLD_micro                29.982             479.720   2661.90              1.13               18.0              7.9              21023                      236                      3788         1   585243                         3.6                       0.6
RUBBER                     3.773              60.366    196.70              1.92               30.7             39.5               7767                      148                      2383         2   585243                         2.7                       0.8
TOPIX                     28.871             461.932   2689.50              1.07               17.2              5.2              14015                      150                      2407         2   585243                         4.8                       0.8
MSCISING                   3.046              48.742    369.95              0.82               13.2             58.8              21753                      179                      2866         2   585243                         7.4                       1.0
LEANHOG                    1.136              18.179     87.88              1.29               20.7            315.9              27760                      358                      5742         1   585243                         4.7                       1.0
FANG                     151.460            2423.358  12313.80              1.23               19.7              3.9              48625                      598                      9569         1   585243                         8.3                       1.6
DOW                      326.289            5220.625  44845.00              0.73               11.6              0.4              17708                      128                      2061         6   585243                        18.2                       2.1

Sum of abs(notional exposure % capital) 160.0
Sum of abs(annualised risk % capital) 26.9
Net sum of annualised risk % capital -10.1 

==================================================================================================================================================================================================================
                                                                                                   Correlations                                                                                                   
==================================================================================================================================================================================================================

                CHF   JPY   VIX   DOW  EURO600  FANG  KOSDAQ  MSCISING  MUMMY  RUSSELL  TOPIX  ALUMINIUM   CAD  CRUDE_W_micro  GOLD_micro  IRON  RUBBER  GAS-PEN  GAS_US_mini  CANOLA  LEANHOG  MILLWHEAT  SOYMEAL
CHF            1.00  0.72  0.52 -0.31    -0.26 -0.37   -0.32     -0.37  -0.42    -0.24  -0.60       0.05  0.39          -0.12        0.24  0.08    0.17    -0.06        -0.12   -0.16     0.13      -0.19     0.19
JPY            0.72  1.00  0.43 -0.16    -0.36 -0.38   -0.45     -0.31  -0.48    -0.09  -0.71       0.01  0.22          -0.25        0.21  0.06    0.19    -0.17        -0.23   -0.31    -0.03      -0.14     0.27
VIX            0.52  0.43  1.00 -0.73    -0.61 -0.62   -0.51     -0.69  -0.69    -0.62  -0.71       0.01 -0.15           0.09        0.19  0.18    0.01    -0.29        -0.28   -0.15     0.10      -0.05     0.13
DOW           -0.31 -0.16 -0.73  1.00     0.68  0.53    0.30      0.62   0.54     0.88   0.46      -0.03  0.28          -0.17       -0.13 -0.05    0.08     0.24         0.19    0.01     0.03       0.01     0.02
EURO600       -0.26 -0.36 -0.61  0.68     1.00  0.50    0.58      0.57   0.58     0.63   0.65       0.20  0.36          -0.04        0.08  0.12    0.20     0.20         0.18    0.09    -0.00      -0.00    -0.00
FANG          -0.37 -0.38 -0.62  0.53     0.50  1.00    0.46      0.48   0.48     0.51   0.53       0.10  0.13           0.01       -0.05 -0.02   -0.10     0.17         0.12    0.04    -0.06      -0.03    -0.14
KOSDAQ        -0.32 -0.45 -0.51  0.30     0.58  0.46    1.00      0.45   0.67     0.34   0.73       0.20  0.21           0.29        0.03  0.12    0.05     0.06         0.08    0.09    -0.04       0.03    -0.22
MSCISING      -0.37 -0.31 -0.69  0.62     0.57  0.48    0.45      1.00   0.68     0.59   0.62       0.25  0.24           0.01       -0.01 -0.08   -0.00     0.21         0.20   -0.01     0.00      -0.08    -0.14
MUMMY         -0.42 -0.48 -0.69  0.54     0.58  0.48    0.67      0.68   1.00     0.53   0.87       0.09  0.19           0.21       -0.02 -0.04    0.07     0.19         0.18    0.05    -0.01      -0.15    -0.27
RUSSELL       -0.24 -0.09 -0.62  0.88     0.63  0.51    0.34      0.59   0.53     1.00   0.46       0.05  0.31          -0.15       -0.05  0.06    0.05     0.13         0.07   -0.00     0.06      -0.07    -0.04
TOPIX         -0.60 -0.71 -0.71  0.46     0.65  0.53    0.73      0.62   0.87     0.46   1.00       0.13  0.09           0.25       -0.04  0.01    0.06     0.22         0.23    0.22    -0.04       0.02    -0.28
ALUMINIUM      0.05  0.01  0.01 -0.03     0.20  0.10    0.20      0.25   0.09     0.05   0.13       1.00  0.27           0.25        0.31  0.46    0.25     0.09         0.10   -0.02     0.15      -0.01    -0.03
CAD            0.39  0.22 -0.15  0.28     0.36  0.13    0.21      0.24   0.19     0.31   0.09       0.27  1.00           0.08        0.21  0.12    0.22     0.18         0.15    0.01     0.14      -0.02     0.07
CRUDE_W_micro -0.12 -0.25  0.09 -0.17    -0.04  0.01    0.29      0.01   0.21    -0.15   0.25       0.25  0.08           1.00        0.19  0.04    0.11     0.08         0.11    0.10     0.09       0.00    -0.26
GOLD_micro     0.24  0.21  0.19 -0.13     0.08 -0.05    0.03     -0.01  -0.02    -0.05  -0.04       0.31  0.21           0.19        1.00  0.02    0.06     0.09         0.04   -0.13     0.07      -0.07    -0.07
IRON           0.08  0.06  0.18 -0.05     0.12 -0.02    0.12     -0.08  -0.04     0.06   0.01       0.46  0.12           0.04        0.02  1.00    0.32    -0.14        -0.13    0.03    -0.03       0.07     0.26
RUBBER         0.17  0.19  0.01  0.08     0.20 -0.10    0.05     -0.00   0.07     0.05   0.06       0.25  0.22           0.11        0.06  0.32    1.00     0.26         0.25    0.14    -0.06      -0.01     0.28
GAS-PEN       -0.06 -0.17 -0.29  0.24     0.20  0.17    0.06      0.21   0.19     0.13   0.22       0.09  0.18           0.08        0.09 -0.14    0.26     1.00         0.95    0.05     0.09       0.11     0.10
GAS_US_mini   -0.12 -0.23 -0.28  0.19     0.18  0.12    0.08      0.20   0.18     0.07   0.23       0.10  0.15           0.11        0.04 -0.13    0.25     0.95         1.00    0.05     0.11       0.12     0.12
CANOLA        -0.16 -0.31 -0.15  0.01     0.09  0.04    0.09     -0.01   0.05    -0.00   0.22      -0.02  0.01           0.10       -0.13  0.03    0.14     0.05         0.05    1.00     0.20       0.37     0.18
LEANHOG        0.13 -0.03  0.10  0.03    -0.00 -0.06   -0.04      0.00  -0.01     0.06  -0.04       0.15  0.14           0.09        0.07 -0.03   -0.06     0.09         0.11    0.20     1.00       0.10     0.06
MILLWHEAT     -0.19 -0.14 -0.05  0.01    -0.00 -0.03    0.03     -0.08  -0.15    -0.07   0.02      -0.01 -0.02           0.00       -0.07  0.07   -0.01     0.11         0.12    0.37     0.10       1.00     0.23
SOYMEAL        0.19  0.27  0.13  0.02    -0.00 -0.14   -0.22     -0.14  -0.27    -0.04  -0.28      -0.03  0.07          -0.26       -0.07  0.26    0.28     0.10         0.12    0.18     0.06       0.23     1.00


********************************************************************************
                                 END OF REPORT                                  
********************************************************************************


