
********************************************************************************
                    Risk report produced on 12/09/2025 22:53                    
********************************************************************************


Total risk across all strategies, annualised percentage 12.0
Percentage of capital used for margin 42.7%

========================================
Risk per strategy, annualised percentage
========================================

                  risk
dynamic_TF_carry  12.3


===================
Risk by asset class
===================

Ags       1.0
Bond      1.0
Equity    9.3
FX        3.0
Metals    2.1
OilGas    3.5
Sector    1.1
dtype: float64


=====================================================
Beta loadings of asset class positions on asset class
=====================================================

OilGas   -0.07
Sector   -0.06
Ags       0.03
FX        0.04
Metals    0.11
Bond      0.18
Equity    0.79
dtype: float64


========================================================
Beta loadings of full portfolio positions on asset class
========================================================

OilGas   -0.08
Ags       0.16
Metals    0.27
Bond      0.29
Sector    0.32
Equity    0.83
FX        0.86
dtype: float64


=================================================================================================================================================================================================================================================================
                                                                                                                         Instrument risk                                                                                                                         
=================================================================================================================================================================================================================================================================

             daily_price_stdev  annual_price_stdev     price  daily_perc_stdev  annual_perc_stdev  point_size_base  contract_exposure  daily_risk_per_contract  annual_risk_per_contract  position  capital  exposure_held_perc_capital  annual_risk_perc_capital
GAS_US_mini              0.089               1.429      2.94              3.04               48.6           1844.9               5424                      164                      2635        -4   588085                        -3.7                      -1.8
JPY                      0.000               0.001      0.01              0.52                8.3        9224547.6              63128                      326                      5220        -2   588085                       -21.5                      -1.8
GAS-PEN                  0.086               1.382      2.94              2.94               47.0           7379.6              21673                      637                     10195        -1   588085                        -3.7                      -1.7
EU-TECH                  9.230             147.687    782.30              1.18               18.9             43.3              33857                      399                      6391        -1   588085                        -5.8                      -1.1
DAX                    183.143            2930.286  23702.00              0.77               12.4              0.9              20516                      158                      2536        -2   588085                        -7.0                      -0.9
WHEAT                    6.097              97.555    521.75              1.17               18.7             36.9              19251                      224                      3599        -1   588085                        -3.3                      -0.6
KRWUSD_mini              0.004               0.058      0.72              0.50                8.0          18449.1              13316                       66                      1063        -2   588085                        -4.5                      -0.4
CANOLA                   9.402             150.428    637.30              1.48               23.6             10.7               6796                      100                      1604         1   588085                         1.2                       0.3
FTSECHINAA             152.317            2437.066  15166.00              1.00               16.1              0.7              11191                      112                      1798         1   588085                         1.9                       0.3
TOPIX                   26.917             430.668   3143.50              0.86               13.7              5.0              15742                      134                      2156         1   588085                         2.7                       0.4
RUSSELL                 26.469             423.501   2406.90              1.10               17.6              3.7               8881                       97                      1562         2   588085                         3.0                       0.5
NIKKEI                 453.010            7248.158  44545.00              1.02               16.3              0.5              22308                      226                      3629         1   588085                         3.8                       0.6
LEANHOG                  0.981              15.696     88.58              1.11               17.7            295.2              26146                      289                      4633         1   588085                         4.4                       0.8
BTP                      0.420               6.717    119.95              0.35                5.6            865.6             103828                      363                      5813         1   588085                        17.7                       1.0
MXP                      0.000               0.004      0.05              0.48                7.7         368981.9              20006                       96                      1537         4   588085                        13.6                       1.0
YENEUR                   0.642              10.273    173.24              0.37                5.9            626.0             108450                      401                      6430         1   588085                        18.4                       1.1
SILVER                   0.517               8.265     42.75              1.21               19.3            738.0              31547                      381                      6098         2   588085                        10.7                       2.1
MSCITAIWAN              11.292             180.672   1088.50              1.04               16.6             73.8              80327                      833                     13332         1   588085                        13.7                       2.3
MIB                    333.700            5339.204  42510.00              0.78               12.6              4.3             183982                     1444                     23108         1   588085                        31.3                       3.9
MSCIEAFA                20.876             334.008   2763.60              0.76               12.1             36.9             101971                      770                     12324         2   588085                        34.7                       4.2

Sum of abs(notional exposure % capital) 206.6
Sum of abs(annualised risk % capital) 26.8
Net sum of annualised risk % capital 10.2 

=======================================================================================================================================================================================
                                                                                     Correlations                                                                                      
=======================================================================================================================================================================================

              DAX  EU-TECH   MIB  MSCIEAFA  MSCITAIWAN  NIKKEI  TOPIX   BTP  FTSECHINAA  KRWUSD_mini  LEANHOG   MXP  RUSSELL  SILVER  CANOLA  GAS-PEN  GAS_US_mini  WHEAT  YENEUR   JPY
DAX          1.00     0.80  0.92      0.69        0.65    0.63   0.68  0.21        0.35         0.36     0.26  0.18     0.26    0.41   -0.09    -0.15        -0.11   0.01    0.05  0.06
EU-TECH      0.80     1.00  0.76      0.52        0.72    0.61   0.57  0.19        0.36         0.21     0.22  0.20     0.31    0.30    0.05    -0.04        -0.03  -0.04    0.11 -0.18
MIB          0.92     0.76  1.00      0.60        0.69    0.68   0.72  0.19        0.38         0.32     0.33  0.17     0.25    0.40    0.00    -0.17        -0.13   0.03    0.05 -0.02
MSCIEAFA     0.69     0.52  0.60      1.00        0.48    0.70   0.70  0.36        0.25         0.45     0.14  0.37     0.52    0.48   -0.01    -0.13        -0.11   0.06    0.16  0.23
MSCITAIWAN   0.65     0.72  0.69      0.48        1.00    0.74   0.71  0.14        0.26         0.29     0.19  0.28     0.32    0.46    0.04    -0.05        -0.02  -0.17    0.28 -0.18
NIKKEI       0.63     0.61  0.68      0.70        0.74    1.00   0.95  0.20        0.27         0.26     0.20  0.28     0.49    0.41    0.09    -0.12        -0.11  -0.05    0.33 -0.19
TOPIX        0.68     0.57  0.72      0.70        0.71    0.95   1.00  0.16        0.29         0.24     0.22  0.28     0.43    0.44    0.03    -0.08        -0.07  -0.04    0.28 -0.14
BTP          0.21     0.19  0.19      0.36        0.14    0.20   0.16  1.00        0.01         0.35     0.23  0.19     0.21    0.22    0.08    -0.20        -0.18   0.04   -0.34  0.41
FTSECHINAA   0.35     0.36  0.38      0.25        0.26    0.27   0.29  0.01        1.00         0.16     0.26  0.24     0.18    0.29    0.08    -0.01        -0.03   0.09    0.18 -0.13
KRWUSD_mini  0.36     0.21  0.32      0.45        0.29    0.26   0.24  0.35        0.16         1.00     0.23  0.28     0.11    0.30    0.12    -0.11        -0.06   0.18   -0.03  0.47
LEANHOG      0.26     0.22  0.33      0.14        0.19    0.20   0.22  0.23        0.26         0.23     1.00  0.19     0.23    0.31    0.16    -0.22        -0.22   0.14   -0.07  0.16
MXP          0.18     0.20  0.17      0.37        0.28    0.28   0.28  0.19        0.24         0.28     0.19  1.00     0.32    0.35   -0.02    -0.18        -0.13   0.07    0.33  0.01
RUSSELL      0.26     0.31  0.25      0.52        0.32    0.49   0.43  0.21        0.18         0.11     0.23  0.32     1.00    0.24    0.00    -0.12        -0.16  -0.03   -0.02 -0.03
SILVER       0.41     0.30  0.40      0.48        0.46    0.41   0.44  0.22        0.29         0.30     0.31  0.35     0.24    1.00    0.08     0.10         0.14   0.19    0.28  0.10
CANOLA      -0.09     0.05  0.00     -0.01        0.04    0.09   0.03  0.08        0.08         0.12     0.16 -0.02     0.00    0.08    1.00     0.18         0.10   0.28    0.07 -0.11
GAS-PEN     -0.15    -0.04 -0.17     -0.13       -0.05   -0.12  -0.08 -0.20       -0.01        -0.11    -0.22 -0.18    -0.12    0.10    0.18     1.00         0.97   0.27    0.09 -0.17
GAS_US_mini -0.11    -0.03 -0.13     -0.11       -0.02   -0.11  -0.07 -0.18       -0.03        -0.06    -0.22 -0.13    -0.16    0.14    0.10     0.97         1.00   0.26    0.12 -0.12
WHEAT        0.01    -0.04  0.03      0.06       -0.17   -0.05  -0.04  0.04        0.09         0.18     0.14  0.07    -0.03    0.19    0.28     0.27         0.26   1.00   -0.08  0.16
YENEUR       0.05     0.11  0.05      0.16        0.28    0.33   0.28 -0.34        0.18        -0.03    -0.07  0.33    -0.02    0.28    0.07     0.09         0.12  -0.08    1.00 -0.54
JPY          0.06    -0.18 -0.02      0.23       -0.18   -0.19  -0.14  0.41       -0.13         0.47     0.16  0.01    -0.03    0.10   -0.11    -0.17        -0.12   0.16   -0.54  1.00


********************************************************************************
                                 END OF REPORT                                  
********************************************************************************


