
********************************************************************************
                    Risk report produced on 19/01/2024 22:51                    
********************************************************************************


Total risk across all strategies, annualised percentage 9.3
Percentage of capital used for margin 59.4%

========================================
Risk per strategy, annualised percentage
========================================

                  risk
dynamic_TF_carry   9.4


===================
Risk by asset class
===================

Ags       1.7
Bond      2.1
Equity    5.9
FX        4.7
Metals    2.8
OilGas    1.2
Vol       1.6
dtype: float64


=====================================================
Beta loadings of asset class positions on asset class
=====================================================

FX       -0.29
Ags      -0.07
Vol      -0.03
OilGas   -0.01
Metals   -0.01
Bond      0.20
Equity    0.46
dtype: float64


========================================================
Beta loadings of full portfolio positions on asset class
========================================================

FX       -0.22
Bond     -0.17
Vol      -0.13
Ags       0.00
OilGas    0.01
Metals    0.01
Equity    0.62
dtype: float64


==================================================================================================================================================================================================================================================================
                                                                                                                         Instrument risk                                                                                                                          
==================================================================================================================================================================================================================================================================

              daily_price_stdev  annual_price_stdev     price  daily_perc_stdev  annual_perc_stdev  point_size_base  contract_exposure  daily_risk_per_contract  annual_risk_per_contract  position  capital  exposure_held_perc_capital  annual_risk_perc_capital
JPY                       0.000               0.001      0.01              0.66               10.6        9854702.3              67100                      444                      7108        -2   366571                       -36.6                      -3.9
PLAT                     15.249             243.983    906.30              1.68               26.9             39.4              35725                      601                      9617        -1   366571                        -9.7                      -2.6
LEANHOG                   1.200              19.198     78.20              1.53               24.5            315.4              24660                      378                      6054        -1   366571                        -6.7                      -1.7
VIX                       0.457               7.312     14.55              3.14               50.3            788.4              11470                      360                      5764        -1   366571                        -3.1                      -1.6
GAS_US_mini               0.143               2.285      2.53              5.64               90.3           1970.9               4986                      281                      4503        -1   366571                        -1.4                      -1.2
BOBL                      0.327               5.230    117.41              0.28                4.5            857.9             100726                      280                      4486        -1   366571                       -27.5                      -1.2
RUSSELL                  25.103             401.647   1953.70              1.28               20.6              3.9               7701                       98                      1583        -2   366571                        -4.2                      -0.9
EUR_micro                 0.005               0.075      1.09              0.43                6.9           9854.7              10759                       46                       743        -2   366571                        -5.9                      -0.4
COPPER-micro              0.043               0.689      3.79              1.14               18.2           1970.9               7466                       84                      1358        -1   366571                        -2.0                      -0.4
BITCOIN                1252.874           20045.988  42050.00              2.98               47.7              0.1               3315                       98                      1580         2   366571                         1.8                       0.9
CNH                       0.019               0.301      7.19              0.26                4.2          10941.1              78662                      205                      3290         1   366571                        21.5                       0.9
MXP                       0.000               0.006      0.06              0.66               10.6         394188.1              22831                      151                      2426         2   366571                        12.5                       1.3
IRON                      2.105              33.680    128.85              1.63               26.1             78.8              10158                      165                      2655         2   366571                         5.5                       1.4
NIKKEI                  359.815            5757.043  35805.00              1.00               16.1              0.5              19005                      190                      3055         2   366571                        10.4                       1.7
FTSETAIWAN               13.395             214.323   1517.50              0.88               14.1             31.5              47854                      422                      6758         1   366571                        13.1                       1.8
CAC                      57.630             922.082   7361.50              0.78               12.5              8.6              63154                      494                      7910         1   366571                        17.2                       2.2
R1000                    12.715             203.437   1623.30              0.78               12.5             39.4              63988                      501                      8019         1   366571                        17.5                       2.2
KR10                      0.489               7.824    113.14              0.43                6.9            586.4              66350                      286                      4588         2   366571                        36.2                       2.5

Sum of abs(notional exposure % capital) 232.8
Sum of abs(annualised risk % capital) 28.8
Net sum of annualised risk % capital 1.0 

==============================================================================================================================================================
                                                                         Correlations                                                                         
==============================================================================================================================================================

               CNH   VIX  GAS_US_mini  LEANHOG  NIKKEI   CAC  FTSETAIWAN   MXP  R1000  RUSSELL  BITCOIN  BOBL  KR10  COPPER-micro  EUR_micro  IRON   JPY  PLAT
CNH           1.00  0.16         0.10    -0.03    0.01 -0.27       -0.37 -0.13  -0.34    -0.31    -0.10 -0.29 -0.38         -0.56      -0.56 -0.31 -0.59 -0.42
VIX           0.16  1.00        -0.14    -0.27   -0.51 -0.57       -0.44 -0.61  -0.67    -0.59    -0.15  0.15 -0.12         -0.34      -0.38 -0.21 -0.09 -0.13
GAS_US_mini   0.10 -0.14         1.00     0.24    0.29  0.05        0.07  0.04   0.14     0.08     0.05 -0.16 -0.04         -0.05       0.07 -0.14 -0.25  0.01
LEANHOG      -0.03 -0.27         0.24     1.00    0.40  0.32        0.14  0.28   0.26     0.24     0.01 -0.04  0.11          0.04       0.18 -0.01 -0.16 -0.03
NIKKEI        0.01 -0.51         0.29     0.40    1.00  0.49        0.50  0.37   0.55     0.50     0.04 -0.14  0.17          0.24       0.19  0.07 -0.31  0.04
CAC          -0.27 -0.57         0.05     0.32    0.49  1.00        0.57  0.58   0.75     0.68     0.28  0.18  0.32          0.36       0.43  0.21  0.15  0.32
FTSETAIWAN   -0.37 -0.44         0.07     0.14    0.50  0.57        1.00  0.43   0.60     0.61     0.12  0.11  0.38          0.46       0.44  0.24  0.15  0.20
MXP          -0.13 -0.61         0.04     0.28    0.37  0.58        0.43  1.00   0.50     0.45     0.10 -0.03  0.16          0.47       0.44  0.27  0.10  0.32
R1000        -0.34 -0.67         0.14     0.26    0.55  0.75        0.60  0.50   1.00     0.87     0.25  0.10  0.28          0.51       0.46  0.34  0.19  0.35
RUSSELL      -0.31 -0.59         0.08     0.24    0.50  0.68        0.61  0.45   0.87     1.00     0.24  0.10  0.25          0.47       0.39  0.28  0.19  0.32
BITCOIN      -0.10 -0.15         0.05     0.01    0.04  0.28        0.12  0.10   0.25     0.24     1.00  0.16  0.17          0.12       0.23  0.07  0.07  0.03
BOBL         -0.29  0.15        -0.16    -0.04   -0.14  0.18        0.11 -0.03   0.10     0.10     0.16  1.00  0.54          0.11       0.16  0.15  0.39  0.26
KR10         -0.38 -0.12        -0.04     0.11    0.17  0.32        0.38  0.16   0.28     0.25     0.17  0.54  1.00          0.12       0.32  0.15  0.22  0.09
COPPER-micro -0.56 -0.34        -0.05     0.04    0.24  0.36        0.46  0.47   0.51     0.47     0.12  0.11  0.12          1.00       0.51  0.54  0.39  0.53
EUR_micro    -0.56 -0.38         0.07     0.18    0.19  0.43        0.44  0.44   0.46     0.39     0.23  0.16  0.32          0.51       1.00  0.11  0.52  0.47
IRON         -0.31 -0.21        -0.14    -0.01    0.07  0.21        0.24  0.27   0.34     0.28     0.07  0.15  0.15          0.54       0.11  1.00  0.21  0.36
JPY          -0.59 -0.09        -0.25    -0.16   -0.31  0.15        0.15  0.10   0.19     0.19     0.07  0.39  0.22          0.39       0.52  0.21  1.00  0.43
PLAT         -0.42 -0.13         0.01    -0.03    0.04  0.32        0.20  0.32   0.35     0.32     0.03  0.26  0.09          0.53       0.47  0.36  0.43  1.00


********************************************************************************
                                 END OF REPORT                                  
********************************************************************************


