
********************************************************************************
                    Risk report produced on 10/12/2025 22:53                    
********************************************************************************


Total risk across all strategies, annualised percentage 13.4
Percentage of capital used for margin 41.5%

========================================
Risk per strategy, annualised percentage
========================================

                  risk
dynamic_TF_carry  13.5


===================
Risk by asset class
===================

Ags       0.9
Bond      1.6
Equity    8.8
FX        4.0
Metals    4.7
Sector    0.8
dtype: float64


=====================================================
Beta loadings of asset class positions on asset class
=====================================================

Bond     -0.14
Ags      -0.06
Sector    0.04
Metals    0.06
FX        0.37
Equity    0.80
dtype: float64


========================================================
Beta loadings of full portfolio positions on asset class
========================================================

Bond     -0.55
Ags      -0.09
Metals    0.25
Sector    0.44
Equity    0.94
FX        1.10
dtype: float64


================================================================================================================================================================================================================================================================
                                                                                                                        Instrument risk                                                                                                                         
================================================================================================================================================================================================================================================================

            daily_price_stdev  annual_price_stdev     price  daily_perc_stdev  annual_perc_stdev  point_size_base  contract_exposure  daily_risk_per_contract  annual_risk_per_contract  position  capital  exposure_held_perc_capital  annual_risk_perc_capital
BITCOIN              2787.899           44606.390  93850.00              2.97               47.5              0.1               7049                      209                      3350        -5   620124                        -5.7                      -2.7
KR10                    0.353               5.653    112.70              0.31                5.0            510.0              57477                      180                      2882        -4   620124                       -37.1                      -1.9
JPY                     0.000               0.001      0.01              0.53                8.5        9388825.0              60252                      320                      5128        -2   620124                       -19.4                      -1.7
DAX                   193.225            3091.597  24109.00              0.80               12.8              0.9              21069                      168                      2701        -2   620124                        -6.8                      -0.9
WHEAT                   6.593             105.487    574.50              1.15               18.4             37.6              21575                      247                      3961        -1   620124                        -3.5                      -0.6
RICE                    0.159               2.541      9.92              1.60               25.6           1502.2              14901                      238                      3816        -1   620124                        -2.4                      -0.6
AUD_micro               0.003               0.045      0.67              0.42                6.8           7511.1               5007                       21                       338         1   620124                         0.8                       0.1
BRE                     0.001               0.021      0.18              0.72               11.5          75110.6              13692                       98                      1571         1   620124                         2.2                       0.3
FTSECHINAA            151.628            2426.054  15123.00              1.00               16.0              0.8              11358                      113                      1822         2   620124                         3.7                       0.6
MXP                     0.000               0.004      0.06              0.45                7.2         375553.0              20677                       93                      1489         3   620124                        10.0                       0.7
US10U                   0.373               5.975    115.03              0.32                5.2            751.1              86400                      280                      4488         1   620124                        13.9                       0.7
TOPIX                  31.048             496.770   3385.25              0.92               14.7              4.8              16229                      148                      2381         2   620124                         5.2                       0.8
EU-BASIC                7.290             116.639    626.20              1.16               18.6             43.7              27362                      318                      5096         1   620124                         4.4                       0.8
RUSSELL                31.600             505.593   2592.60              1.22               19.5              3.8               9736                      118                      1898         4   620124                         6.3                       1.2
GBP                     0.005               0.086      1.34              0.40                6.4          46944.1              62853                      253                      4050         2   620124                        20.3                       1.3
FTSETAIWAN             26.737             427.786   2328.00              1.15               18.4             30.0              69942                      803                     12852         1   620124                        11.3                       2.1
YENEUR                  0.716              11.454    182.23              0.39                6.3            599.3             109203                      428                      6863         2   620124                        35.2                       2.2
AEX                     6.800             108.800    944.25              0.72               11.5            174.8             165041                     1188                     19016         1   620124                        26.6                       3.1
MIB                   328.340            5253.435  43395.00              0.76               12.1              4.4             189620                     1434                     22955         1   620124                        30.6                       3.7
SILVER                  1.047              16.760     62.06              1.69               27.0            751.1              46609                      786                     12588         2   620124                        15.0                       4.1

Sum of abs(notional exposure % capital) 260.4
Sum of abs(annualised risk % capital) 30.1
Net sum of annualised risk % capital 13.3 

====================================================================================================================================================================
                                                                            Correlations                                                                            
====================================================================================================================================================================

             JPY  KR10  US10U  AUD_micro   BRE  FTSECHINAA   GBP   MXP  SILVER   AEX  BITCOIN   DAX  EU-BASIC  FTSETAIWAN   MIB  RUSSELL  TOPIX  RICE  WHEAT  YENEUR
JPY         1.00  0.33   0.39       0.30  0.09       -0.02  0.49  0.03    0.02 -0.07    -0.11 -0.06     -0.15       -0.18 -0.10    -0.18  -0.27  0.10   0.02   -0.66
KR10        0.33  1.00   0.54      -0.10 -0.20       -0.15  0.09 -0.11   -0.13 -0.13     0.04 -0.05     -0.25       -0.19 -0.24     0.14  -0.23  0.05  -0.44   -0.39
US10U       0.39  0.54   1.00      -0.07  0.09       -0.17  0.12 -0.16   -0.09 -0.01    -0.21 -0.11     -0.16       -0.23 -0.21    -0.05  -0.27 -0.22  -0.32   -0.41
AUD_micro   0.30 -0.10  -0.07       1.00  0.48        0.45  0.70  0.47    0.33  0.42     0.37  0.62      0.52        0.57  0.59     0.41   0.55  0.10   0.18    0.17
BRE         0.09 -0.20   0.09       0.48  1.00        0.35  0.39  0.53    0.28  0.40     0.17  0.33      0.31        0.43  0.48     0.28   0.43 -0.13   0.16    0.12
FTSECHINAA -0.02 -0.15  -0.17       0.45  0.35        1.00  0.26  0.33    0.24  0.44     0.23  0.45      0.60        0.45  0.54     0.32   0.48 -0.10   0.20    0.15
GBP         0.49  0.09   0.12       0.70  0.39        0.26  1.00  0.47    0.25  0.19     0.25  0.47      0.28        0.39  0.39     0.22   0.38  0.09  -0.01    0.14
MXP         0.03 -0.11  -0.16       0.47  0.53        0.33  0.47  1.00    0.34  0.26     0.21  0.37      0.39        0.45  0.40     0.24   0.40 -0.07   0.17    0.32
SILVER      0.02 -0.13  -0.09       0.33  0.28        0.24  0.25  0.34    1.00  0.31     0.06  0.40      0.53        0.30  0.36     0.24   0.27  0.05   0.03    0.03
AEX        -0.07 -0.13  -0.01       0.42  0.40        0.44  0.19  0.26    0.31  1.00     0.33  0.65      0.51        0.59  0.66     0.55   0.57 -0.19   0.04    0.03
BITCOIN    -0.11  0.04  -0.21       0.37  0.17        0.23  0.25  0.21    0.06  0.33     1.00  0.45      0.28        0.42  0.37     0.58   0.40  0.04  -0.08    0.11
DAX        -0.06 -0.05  -0.11       0.62  0.33        0.45  0.47  0.37    0.40  0.65     0.45  1.00      0.72        0.68  0.84     0.60   0.70 -0.01  -0.02    0.19
EU-BASIC   -0.15 -0.25  -0.16       0.52  0.31        0.60  0.28  0.39    0.53  0.51     0.28  0.72      1.00        0.66  0.70     0.48   0.57  0.02   0.12    0.19
FTSETAIWAN -0.18 -0.19  -0.23       0.57  0.43        0.45  0.39  0.45    0.30  0.59     0.42  0.68      0.66        1.00  0.68     0.60   0.78 -0.04   0.04    0.31
MIB        -0.10 -0.24  -0.21       0.59  0.48        0.54  0.39  0.40    0.36  0.66     0.37  0.84      0.70        0.68  1.00     0.51   0.74  0.01   0.06    0.19
RUSSELL    -0.18  0.14  -0.05       0.41  0.28        0.32  0.22  0.24    0.24  0.55     0.58  0.60      0.48        0.60  0.51     1.00   0.57 -0.15  -0.11    0.12
TOPIX      -0.27 -0.23  -0.27       0.55  0.43        0.48  0.38  0.40    0.27  0.57     0.40  0.70      0.57        0.78  0.74     0.57   1.00 -0.04  -0.01    0.40
RICE        0.10  0.05  -0.22       0.10 -0.13       -0.10  0.09 -0.07    0.05 -0.19     0.04 -0.01      0.02       -0.04  0.01    -0.15  -0.04  1.00   0.08   -0.02
WHEAT       0.02 -0.44  -0.32       0.18  0.16        0.20 -0.01  0.17    0.03  0.04    -0.08 -0.02      0.12        0.04  0.06    -0.11  -0.01  0.08   1.00    0.07
YENEUR     -0.66 -0.39  -0.41       0.17  0.12        0.15  0.14  0.32    0.03  0.03     0.11  0.19      0.19        0.31  0.19     0.12   0.40 -0.02   0.07    1.00


********************************************************************************
                                 END OF REPORT                                  
********************************************************************************


