
********************************************************************************
                    Risk report produced on 02/09/2025 22:54                    
********************************************************************************


Total risk across all strategies, annualised percentage 11.9
Percentage of capital used for margin 43.3%

========================================
Risk per strategy, annualised percentage
========================================

                  risk
dynamic_TF_carry  11.9


===================
Risk by asset class
===================

Ags       1.0
Bond      1.0
Equity    8.7
FX        2.6
Metals    1.9
OilGas    3.9
Sector    1.1
dtype: float64


=====================================================
Beta loadings of asset class positions on asset class
=====================================================

OilGas   -0.08
Sector   -0.06
Ags       0.04
Metals    0.08
Bond      0.18
FX        0.39
Equity    0.67
dtype: float64


========================================================
Beta loadings of full portfolio positions on asset class
========================================================

OilGas   -0.09
Ags       0.12
Metals    0.23
Bond      0.31
Sector    0.32
Equity    0.73
FX        1.39
dtype: float64


==================================================================================================================================================================================================================================================================
                                                                                                                         Instrument risk                                                                                                                          
==================================================================================================================================================================================================================================================================

              daily_price_stdev  annual_price_stdev     price  daily_perc_stdev  annual_perc_stdev  point_size_base  contract_exposure  daily_risk_per_contract  annual_risk_per_contract  position  capital  exposure_held_perc_capital  annual_risk_perc_capital
GAS_US_mini               0.096               1.532      3.00              3.19               51.1           1848.9               5546                      177                      2832        -4   573813                        -3.9                      -2.0
GAS-PEN                   0.094               1.508      2.93              3.21               51.4           7395.5              21691                      697                     11155        -1   573813                        -3.8                      -1.9
EU-TECH                   9.316             149.062    768.00              1.21               19.4             43.2              33213                      402                      6446        -1   573813                        -5.8                      -1.1
JPY                       0.000               0.001      0.01              0.58                9.3        9244433.9              62959                      366                      5867        -1   573813                       -11.0                      -1.0
DX                        0.434               6.951     97.90              0.44                7.1            739.6              72406                      321                      5140        -1   573813                       -12.6                      -0.9
WHEAT                     6.465             103.434    528.50              1.22               19.6             37.0              19542                      239                      3824        -1   573813                        -3.4                      -0.7
COPPER-micro              0.127               2.033      4.64              2.74               43.8           1848.9               8574                      234                      3759        -1   573813                        -1.5                      -0.7
NZD                       0.003               0.051      0.59              0.54                8.7          73955.5              43352                      234                      3750        -1   573813                        -7.6                      -0.7
MUMMY                     7.983             127.728    776.00              1.03               16.5              5.0               3879                       39                       638         1   573813                         0.7                       0.1
CANOLA                    9.910             158.560    629.40              1.57               25.2             10.8               6767                      106                      1704         1   573813                         1.2                       0.3
FTSECHINAA              145.808            2332.933  14908.00              0.98               15.6              0.7              11025                      107                      1725         1   573813                         1.9                       0.3
TOPIX                    27.891             446.249   3086.25              0.90               14.5              5.0              15430                      139                      2231         1   573813                         2.7                       0.4
RUSSELL                  28.748             459.966   2351.60              1.22               19.6              3.7               8695                      106                      1700         2   573813                         3.0                       0.6
GBP                       0.006               0.089      1.34              0.41                6.6          46222.2              61872                      255                      4092         1   573813                        10.8                       0.7
LEANHOG                   1.057              16.920     88.08              1.20               19.2            295.8              26054                      312                      5005         1   573813                         4.5                       0.9
BTP                       0.421               6.733    119.39              0.35                5.6            864.9             103265                      363                      5823         1   573813                        18.0                       1.0
YENEUR                    0.657              10.514    172.60              0.38                6.1            625.0             107873                      410                      6571         1   573813                        18.8                       1.1
MXP                       0.000               0.005      0.05              0.53                8.5         369777.4              19735                      104                      1669         4   573813                        13.8                       1.2
SILVER                    0.544               8.700     41.69              1.30               20.9            739.6              30832                      402                      6434         2   573813                        10.7                       2.2
MSCIEAFA                 23.022             368.358   2688.40              0.86               13.7             37.0              99410                      851                     13621         1   573813                        17.3                       2.4
MSCITAIWAN               11.922             190.753   1017.50              1.17               18.7             74.0              75249                      881                     14107         1   573813                        13.1                       2.5
MIB                     358.060            5728.960  41925.00              0.85               13.7              4.3             181313                     1548                     24776         1   573813                        31.6                       4.3

Sum of abs(notional exposure % capital) 197.7
Sum of abs(annualised risk % capital) 27.0
Net sum of annualised risk % capital 9.0 

====================================================================================================================================================================================================
                                                                                            Correlations                                                                                            
====================================================================================================================================================================================================

              CANOLA  GAS-PEN  GAS_US_mini  WHEAT  YENEUR    DX   BTP   JPY  COPPER-micro  EU-TECH  FTSECHINAA   GBP  LEANHOG   MIB  MSCIEAFA  MSCITAIWAN  MUMMY   MXP   NZD  RUSSELL  SILVER  TOPIX
CANOLA          1.00     0.22         0.17   0.32    0.08  0.05  0.04 -0.11         -0.08    -0.01        0.10 -0.07     0.17 -0.03     -0.06       -0.01  -0.06 -0.02  0.03    -0.01    0.14   0.01
GAS-PEN         0.22     1.00         0.97   0.27    0.09  0.18 -0.20 -0.17         -0.02    -0.01       -0.01 -0.23    -0.22 -0.16     -0.11       -0.04  -0.12 -0.18 -0.11    -0.12    0.08  -0.08
GAS_US_mini     0.17     0.97         1.00   0.25    0.12  0.11 -0.17 -0.13         -0.01     0.01       -0.04 -0.20    -0.22 -0.12     -0.09        0.01  -0.10 -0.13 -0.07    -0.16    0.11  -0.06
WHEAT           0.32     0.27         0.25   1.00   -0.08 -0.08  0.06  0.16          0.25    -0.02        0.09 -0.00     0.14  0.04      0.08       -0.15  -0.05  0.07  0.18    -0.03    0.18  -0.02
YENEUR          0.08     0.09         0.12  -0.08    1.00 -0.07 -0.33 -0.54          0.29     0.12        0.18  0.19    -0.07  0.05      0.17        0.29   0.14  0.34  0.08    -0.02    0.29   0.29
DX              0.05     0.18         0.11  -0.08   -0.07  1.00 -0.30 -0.76         -0.40     0.05       -0.01 -0.82    -0.17 -0.07     -0.49       -0.04  -0.10 -0.34 -0.77    -0.05   -0.37  -0.10
BTP             0.04    -0.20        -0.17   0.06   -0.33 -0.30  1.00  0.41          0.15     0.17        0.02  0.29     0.24  0.19      0.34        0.10   0.21  0.20  0.42     0.21    0.26   0.14
JPY            -0.11    -0.17        -0.13   0.16   -0.54 -0.76  0.41  1.00          0.13    -0.18       -0.13  0.52     0.16 -0.01      0.24       -0.19  -0.06  0.01  0.54    -0.03    0.09  -0.15
COPPER-micro   -0.08    -0.02        -0.01   0.25    0.29 -0.40  0.15  0.13          1.00     0.31        0.29  0.51     0.17  0.29      0.58        0.29   0.31  0.36  0.52     0.30    0.60   0.34
EU-TECH        -0.01    -0.01         0.01  -0.02    0.12  0.05  0.17 -0.18          0.31     1.00        0.38  0.23     0.22  0.76      0.51        0.72   0.51  0.21  0.26     0.30    0.35   0.56
FTSECHINAA      0.10    -0.01        -0.04   0.09    0.18 -0.01  0.02 -0.13          0.29     0.38        1.00  0.27     0.26  0.39      0.26        0.27   0.33  0.24  0.25     0.19    0.29   0.30
GBP            -0.07    -0.23        -0.20  -0.00    0.19 -0.82  0.29  0.52          0.51     0.23        0.27  1.00     0.24  0.38      0.64        0.31   0.36  0.33  0.78     0.19    0.51   0.39
LEANHOG         0.17    -0.22        -0.22   0.14   -0.07 -0.17  0.24  0.16          0.17     0.22        0.26  0.24     1.00  0.34      0.14        0.18   0.42  0.21  0.28     0.23    0.32   0.22
MIB            -0.03    -0.16        -0.12   0.04    0.05 -0.07  0.19 -0.01          0.29     0.76        0.39  0.38     0.34  1.00      0.60        0.69   0.61  0.17  0.34     0.25    0.42   0.72
MSCIEAFA       -0.06    -0.11        -0.09   0.08    0.17 -0.49  0.34  0.24          0.58     0.51        0.26  0.64     0.14  0.60      1.00        0.46   0.55  0.38  0.57     0.52    0.52   0.69
MSCITAIWAN     -0.01    -0.04         0.01  -0.15    0.29 -0.04  0.10 -0.19          0.29     0.72        0.27  0.31     0.18  0.69      0.46        1.00   0.45  0.28  0.34     0.32    0.50   0.69
MUMMY          -0.06    -0.12        -0.10  -0.05    0.14 -0.10  0.21 -0.06          0.31     0.51        0.33  0.36     0.42  0.61      0.55        0.45   1.00  0.28  0.29     0.31    0.35   0.73
MXP            -0.02    -0.18        -0.13   0.07    0.34 -0.34  0.20  0.01          0.36     0.21        0.24  0.33     0.21  0.17      0.38        0.28   0.28  1.00  0.30     0.32    0.36   0.28
NZD             0.03    -0.11        -0.07   0.18    0.08 -0.77  0.42  0.54          0.52     0.26        0.25  0.78     0.28  0.34      0.57        0.34   0.29  0.30  1.00     0.26    0.54   0.32
RUSSELL        -0.01    -0.12        -0.16  -0.03   -0.02 -0.05  0.21 -0.03          0.30     0.30        0.19  0.19     0.23  0.25      0.52        0.32   0.31  0.32  0.26     1.00    0.25   0.43
SILVER          0.14     0.08         0.11   0.18    0.29 -0.37  0.26  0.09          0.60     0.35        0.29  0.51     0.32  0.42      0.52        0.50   0.35  0.36  0.54     0.25    1.00   0.47
TOPIX           0.01    -0.08        -0.06  -0.02    0.29 -0.10  0.14 -0.15          0.34     0.56        0.30  0.39     0.22  0.72      0.69        0.69   0.73  0.28  0.32     0.43    0.47   1.00


********************************************************************************
                                 END OF REPORT                                  
********************************************************************************


