
********************************************************************************
               Risk report produced on 2021-10-21 20:56:59.631605               
********************************************************************************


Total risk across all strategies, annualised percentage 23.3

========================================
Risk per strategy, annualised percentage
========================================

                  risk
dynamic_TF_carry  23.3


=================================================================================================================================================================================================================================================================
                                                                                                                         Instrument risk                                                                                                                         
=================================================================================================================================================================================================================================================================

             daily_price_stdev  annual_price_stdev    price  daily_perc_stdev  annual_perc_stdev  point_size_base  contract_exposure  daily_risk_per_contract  annual_risk_per_contract  position   capital  exposure_held_perc_capital  annual_risk_perc_capital
BUND                       0.4                 7.0    168.3               0.3                4.1            842.7           141851.1                    366.6                    5865.1      -2.0  386769.4                       -73.4                      -3.0
US20                       0.8                12.9    157.6               0.5                8.2            723.6           114052.4                    585.6                    9369.1      -1.0  386769.4                       -29.5                      -2.4
GAS_US_mini                0.3                 4.1      5.3               4.8               76.4           1808.9             9614.4                    459.0                    7344.5      -1.0  386769.4                        -2.5                      -1.9
BTP                        0.5                 8.0    150.9               0.3                5.3            842.7           127188.2                    423.4                    6773.9      -1.0  386769.4                       -32.9                      -1.8
GBPEUR                     0.0                 0.0      0.8               0.3                4.9         125000.0           105543.8                    320.6                    5130.4      -1.0  386769.4                       -27.3                      -1.3
JPY                        0.0                 0.0      0.0               0.4                6.1        9044600.7            79565.4                    303.9                    4862.1      -1.0  386769.4                       -20.6                      -1.3
LIVECOW                    1.0                15.7    129.5               0.8               12.1            289.4            37480.8                    284.1                    4546.1      -1.0  386769.4                        -9.7                      -1.2
EUR                        0.0                 0.0      1.2               0.3                4.1          90446.0           105324.4                    270.0                    4320.1      -1.0  386769.4                       -27.2                      -1.1
KR10                       0.4                 6.7    122.7               0.3                5.5            614.9            75460.8                    258.3                    4133.1      -1.0  386769.4                       -19.5                      -1.1
BOBL                       0.2                 2.9    134.1               0.1                2.1            842.7           113030.9                    150.8                    2412.1      -1.0  386769.4                       -29.2                      -0.6
BRE                        0.0                 0.0      0.2               0.9               14.7          72356.8            12792.7                    117.7                    1883.4      -1.0  386769.4                        -3.3                      -0.5
GOLD_micro                14.8               237.1   1782.1               0.8               13.3              7.2            12894.7                    107.2                    1715.7       1.0  386769.4                         3.3                       0.4
US5                        0.2                 2.6    121.6               0.1                2.1            723.6            87992.7                    116.6                    1866.3       1.0  386769.4                        22.8                       0.5
EDOLLAR                    0.0                 0.6     98.4               0.0                0.7           1808.9           177925.4                     73.5                    1175.4       2.0  386769.4                        92.0                       0.6
US10                       0.3                 4.6    130.2               0.2                3.5            723.6            94199.5                    208.2                    3330.9       1.0  386769.4                        24.4                       0.9
EU-OIL                     3.0                48.1    293.4               1.0               16.4             42.1            12362.4                    126.6                    2026.2       2.0  386769.4                         6.4                       1.0
NZD                        0.0                 0.1      0.7               0.6                9.4          72356.8            51648.3                    304.9                    4878.0       1.0  386769.4                        13.4                       1.3
FTSETAIWAN                15.4               246.8   1470.5               1.0               16.8             28.9            42560.3                    446.4                    7142.2       1.0  386769.4                        11.0                       1.8
SOYBEAN                   12.4               198.3   1227.8               1.0               16.1             36.2            44418.0                    448.3                    7173.3       1.0  386769.4                        11.5                       1.9
FTSECHINAA               214.1              3424.9  15976.0               1.3               21.4              0.7            11559.7                    154.9                    2478.2       5.0  386769.4                        14.9                       3.2
BRENT-LAST                 1.1                18.4     83.1               1.4               22.1            723.6            60150.2                    831.0                   13295.4       1.0  386769.4                        15.6                       3.4
HEATOIL                    0.0                 0.6      2.5               1.4               22.0          30389.9            76424.4                   1052.4                   16838.9       1.0  386769.4                        19.8                       4.4
AEX                        6.8               108.6    805.8               0.8               13.5            168.5           135800.5                   1143.7                   18298.6       1.0  386769.4                        35.1                       4.7
BITCOIN                 2459.0             39344.1  63150.0               3.9               62.3              0.1             4569.3                    177.9                    2846.8       7.0  386769.4                         8.3                       5.2
SP400                     23.3               373.2   2779.2               0.8               13.4             72.4           201094.0                   1687.7                   27003.6       1.0  386769.4                        52.0                       7.0

Sum of abs(notional exposure % capital) 605.3
Sum of abs(annualised risk % capital) 52.4
Net sum of annualised risk % capital 20.1 

====================================================================================================================================================================================================================
                                                                                                    Correlations                                                                                                    
====================================================================================================================================================================================================================

              AEX  BITCOIN  BOBL   BRE  BRENT-LAST   BTP  BUND  EDOLLAR  EU-OIL   EUR  FTSECHINAA  FTSETAIWAN  GAS_US_mini  GBPEUR  GOLD_micro  HEATOIL   JPY  KR10  LIVECOW   NZD  SOYBEAN  SP400  US10  US20   US5
AEX          1.00     0.34 -0.12  0.12        0.27  0.49 -0.08    -0.21    0.71  0.12        0.25        0.54        -0.08   -0.36        0.09     0.31 -0.20  0.03     0.45  0.31     0.02   0.60 -0.26 -0.21 -0.29
BITCOIN      0.34     1.00 -0.17 -0.06        0.26  0.23 -0.14    -0.13    0.33  0.09        0.18        0.21         0.00   -0.24        0.12     0.22 -0.15 -0.17     0.34  0.23     0.13   0.33 -0.24 -0.27 -0.20
BOBL        -0.12    -0.17  1.00  0.01       -0.35  0.44  0.90     0.57   -0.30  0.12       -0.26       -0.05        -0.02    0.01        0.24    -0.29  0.53  0.43    -0.08 -0.07     0.12  -0.10  0.64  0.62  0.59
BRE          0.12    -0.06  0.01  1.00       -0.01  0.10 -0.01     0.06    0.07  0.26       -0.07        0.14        -0.03    0.00        0.20     0.21  0.21  0.12     0.02  0.25     0.16   0.22  0.06  0.02  0.07
BRENT-LAST   0.27     0.26 -0.35 -0.01        1.00 -0.06 -0.40    -0.25    0.61  0.02       -0.06        0.16         0.13   -0.41       -0.05     0.87 -0.23 -0.32     0.24  0.24     0.08   0.38 -0.30 -0.32 -0.26
BTP          0.49     0.23  0.44  0.10       -0.06  1.00  0.49     0.26    0.30  0.05        0.01        0.15        -0.09   -0.16        0.32     0.08  0.14  0.07     0.31  0.02     0.21   0.26  0.22  0.18  0.19
BUND        -0.08    -0.14  0.90 -0.01       -0.40  0.49  1.00     0.55   -0.31  0.08       -0.24       -0.03        -0.08    0.05        0.24    -0.30  0.46  0.46    -0.05 -0.07     0.13  -0.13  0.64  0.65  0.56
EDOLLAR     -0.21    -0.13  0.57  0.06       -0.25  0.26  0.55     1.00   -0.36  0.32       -0.15       -0.10         0.04    0.20        0.52    -0.22  0.61  0.35    -0.07  0.02     0.15  -0.26  0.89  0.69  0.90
EU-OIL       0.71     0.33 -0.30  0.07        0.61  0.30 -0.31    -0.36    1.00  0.03        0.20        0.22         0.01   -0.39       -0.06     0.51 -0.36 -0.27     0.34  0.23     0.09   0.62 -0.49 -0.48 -0.47
EUR          0.12     0.09  0.12  0.26        0.02  0.05  0.08     0.32    0.03  1.00        0.16        0.30         0.05    0.09        0.53     0.01  0.51  0.23     0.02  0.67     0.19   0.36  0.28  0.19  0.32
FTSECHINAA   0.25     0.18 -0.26 -0.07       -0.06  0.01 -0.24    -0.15    0.20  0.16        1.00        0.32         0.10   -0.03        0.06    -0.05 -0.15 -0.16     0.08  0.20     0.01   0.34 -0.16 -0.16 -0.16
FTSETAIWAN   0.54     0.21 -0.05  0.14        0.16  0.15 -0.03    -0.10    0.22  0.30        0.32        1.00         0.11    0.06        0.02     0.07 -0.13  0.03    -0.03  0.46    -0.04   0.62 -0.12 -0.14 -0.07
GAS_US_mini -0.08     0.00 -0.02 -0.03        0.13 -0.09 -0.08     0.04    0.01  0.05        0.10        0.11         1.00   -0.00       -0.02     0.12  0.04 -0.15    -0.12  0.01    -0.01   0.01 -0.00 -0.06  0.04
GBPEUR      -0.36    -0.24  0.01  0.00       -0.41 -0.16  0.05     0.20   -0.39  0.09       -0.03        0.06        -0.00    1.00        0.01    -0.33  0.10 -0.01    -0.26 -0.28    -0.12  -0.38  0.18  0.12  0.22
GOLD_micro   0.09     0.12  0.24  0.20       -0.05  0.32  0.24     0.52   -0.06  0.53        0.06        0.02        -0.02    0.01        1.00     0.02  0.45  0.08     0.07  0.29     0.22   0.07  0.47  0.36  0.48
HEATOIL      0.31     0.22 -0.29  0.21        0.87  0.08 -0.30    -0.22    0.51  0.01       -0.05        0.07         0.12   -0.33        0.02     1.00 -0.18 -0.08     0.22  0.19     0.10   0.34 -0.32 -0.38 -0.29
JPY         -0.20    -0.15  0.53  0.21       -0.23  0.14  0.46     0.61   -0.36  0.51       -0.15       -0.13         0.04    0.10        0.45    -0.18  1.00  0.39    -0.16  0.27     0.12  -0.10  0.67  0.60  0.66
KR10         0.03    -0.17  0.43  0.12       -0.32  0.07  0.46     0.35   -0.27  0.23       -0.16        0.03        -0.15   -0.01        0.08    -0.08  0.39  1.00    -0.12  0.10    -0.01   0.05  0.43  0.46  0.36
LIVECOW      0.45     0.34 -0.08  0.02        0.24  0.31 -0.05    -0.07    0.34  0.02        0.08       -0.03        -0.12   -0.26        0.07     0.22 -0.16 -0.12     1.00  0.06     0.01   0.22 -0.12 -0.12 -0.13
NZD          0.31     0.23 -0.07  0.25        0.24  0.02 -0.07     0.02    0.23  0.67        0.20        0.46         0.01   -0.28        0.29     0.19  0.27  0.10     0.06  1.00     0.19   0.50 -0.00 -0.03  0.02
SOYBEAN      0.02     0.13  0.12  0.16        0.08  0.21  0.13     0.15    0.09  0.19        0.01       -0.04        -0.01   -0.12        0.22     0.10  0.12 -0.01     0.01  0.19     1.00   0.18  0.03 -0.08  0.07
SP400        0.60     0.33 -0.10  0.22        0.38  0.26 -0.13    -0.26    0.62  0.36        0.34        0.62         0.01   -0.38        0.07     0.34 -0.10  0.05     0.22  0.50     0.18   1.00 -0.35 -0.34 -0.36
US10        -0.26    -0.24  0.64  0.06       -0.30  0.22  0.64     0.89   -0.49  0.28       -0.16       -0.12        -0.00    0.18        0.47    -0.32  0.67  0.43    -0.12 -0.00     0.03  -0.35  1.00  0.90  0.90
US20        -0.21    -0.27  0.62  0.02       -0.32  0.18  0.65     0.69   -0.48  0.19       -0.16       -0.14        -0.06    0.12        0.36    -0.38  0.60  0.46    -0.12 -0.03    -0.08  -0.34  0.90  1.00  0.79
US5         -0.29    -0.20  0.59  0.07       -0.26  0.19  0.56     0.90   -0.47  0.32       -0.16       -0.07         0.04    0.22        0.48    -0.29  0.66  0.36    -0.13  0.02     0.07  -0.36  0.90  0.79  1.00


********************************************************************************
                               END OF RISK REPORT                               
********************************************************************************


