
********************************************************************************
                    Risk report produced on 24/07/2025 22:53                    
********************************************************************************


Total risk across all strategies, annualised percentage 17.7
Percentage of capital used for margin 45.9%

========================================
Risk per strategy, annualised percentage
========================================

                  risk
dynamic_TF_carry  17.7


===================
Risk by asset class
===================

Ags        3.6
Bond       1.8
Equity    10.3
FX         3.9
Metals     3.9
OilGas     3.0
dtype: float64


=====================================================
Beta loadings of asset class positions on asset class
=====================================================

Bond     -0.09
OilGas   -0.05
Metals    0.15
Ags       0.19
FX        0.35
Equity    0.72
dtype: float64


========================================================
Beta loadings of full portfolio positions on asset class
========================================================

Bond     -0.46
OilGas   -0.05
Metals    0.41
Ags       0.56
Equity    1.03
FX        1.80
dtype: float64


=================================================================================================================================================================================================================================================================
                                                                                                                         Instrument risk                                                                                                                         
=================================================================================================================================================================================================================================================================

             daily_price_stdev  annual_price_stdev     price  daily_perc_stdev  annual_perc_stdev  point_size_base  contract_exposure  daily_risk_per_contract  annual_risk_per_contract  position  capital  exposure_held_perc_capital  annual_risk_perc_capital
JPY                      0.000               0.001      0.01              0.59                9.5        9206441.6              63004                      373                      5982        -3   571248                       -33.1                      -3.1
GAS-PEN                  0.116               1.852      3.15              3.67               58.7           7365.2              23222                      852                     13641        -1   571248                        -4.1                      -2.4
DX                       0.387               6.192     97.11              0.40                6.4            736.5              71523                      285                      4560        -2   571248                       -25.0                      -1.6
CAD10                    0.434               6.951    119.53              0.36                5.8            541.5              64724                      235                      3763        -2   571248                       -22.7                      -1.3
US10U                    0.432               6.904    112.62              0.38                6.1            736.5              82950                      317                      5084        -1   571248                       -14.5                      -0.9
WHEAT                    8.356             133.688    561.50              1.49               23.8             36.8              20677                      307                      4923        -1   571248                        -3.6                      -0.9
KRWUSD_mini              0.005               0.073      0.73              0.62                9.9          18412.9              13487                       83                      1335        -3   571248                        -7.1                      -0.7
RICE                     0.160               2.564     12.52              1.28               20.5           1473.0              18449                      236                      3777        -1   571248                        -3.2                      -0.7
GAS_US_mini              0.117               1.876      3.16              3.72               59.5           1841.3               5809                      215                      3454        -1   571248                        -1.0                      -0.6
DOW                    322.652            5162.432  44997.00              0.72               11.5              0.4              16570                      118                      1901        -1   571248                        -2.9                      -0.3
MUMMY                    9.974             159.591    754.00              1.32               21.2              5.0               3803                       50                       804         1   571248                         0.7                       0.1
RUSSELL                 25.846             413.540   2270.20              1.14               18.2              3.7               8360                       95                      1522         1   571248                         1.5                       0.3
MXP                      0.000               0.004      0.05              0.50                8.0         368257.7              19757                       98                      1579         1   571248                         3.5                       0.3
KOSDAQ                  18.413             294.605   1364.50              1.35               21.6              5.4               7325                       98                      1581         1   571248                         1.3                       0.3
CANOLA                  10.772             172.359    697.30              1.54               24.7             10.8               7551                      116                      1866         2   571248                         2.6                       0.7
GBP                      0.006               0.091      1.35              0.42                6.7          46032.2              62240                      261                      4178         1   571248                        10.9                       0.7
LEANHOG                  1.176              18.817     90.98              1.29               20.7            294.6              26801                      346                      5543         1   571248                         4.7                       1.0
CAD                      0.003               0.040      0.74              0.34                5.5          73651.5              54137                      185                      2969         2   571248                        19.0                       1.0
SILVER                   0.539               8.622     39.85              1.35               21.6            736.5              29353                      396                      6350         1   571248                         5.1                       1.1
YENEUR                   0.688              11.014    172.47              0.40                6.4            630.5             108739                      434                      6944         1   571248                        19.0                       1.2
SPI200                  49.675             794.801   8673.00              0.57                9.2             12.2             105726                      605                      9688         1   571248                        18.5                       1.7
BTP                      0.444               7.108    120.46              0.37                5.9            867.0             104435                      385                      6162         2   571248                        36.6                       2.2
FEEDCOW                  2.876              46.022    329.78              0.87               14.0            368.3             121442                     1059                     16948         1   571248                        21.3                       3.0
PLAT                    29.909             478.537   1446.20              2.07               33.1             36.8              53257                     1101                     17622         1   571248                         9.3                       3.1
MIB                    330.891            5294.249  40715.00              0.81               13.0              4.3             176493                     1434                     22949         1   571248                        30.9                       4.0
MSCIEAFA                24.396             390.331   2720.90              0.90               14.3             36.8             100199                      898                     14374         2   571248                        35.1                       5.0

Sum of abs(notional exposure % capital) 337.2
Sum of abs(annualised risk % capital) 38.2
Net sum of annualised risk % capital 13.2 

===================================================================================================================================================================================================================
                                                                                                   Correlations                                                                                                    
===================================================================================================================================================================================================================

               DX  GAS-PEN  GAS_US_mini  YENEUR   DOW  FEEDCOW  KOSDAQ  LEANHOG   MIB  MSCIEAFA  MUMMY   MXP  PLAT  RUSSELL  SILVER  SPI200  CANOLA  RICE  WHEAT   BTP   CAD  CAD10   GBP   JPY  KRWUSD_mini  US10U
DX           1.00     0.32         0.32    0.10  0.03     0.04   -0.10    -0.13 -0.01     -0.37  -0.04 -0.33 -0.27     0.05   -0.20    0.04    0.04 -0.10  -0.20 -0.26 -0.59  -0.36 -0.77 -0.73        -0.60  -0.44
GAS-PEN      0.32     1.00         0.93    0.10 -0.02    -0.08    0.05    -0.03 -0.02     -0.10   0.03 -0.12 -0.17    -0.05   -0.01   -0.00    0.11  0.02  -0.03 -0.18 -0.16  -0.04 -0.28 -0.28        -0.13   0.03
GAS_US_mini  0.32     0.93         1.00    0.15  0.11     0.04    0.13     0.06  0.17      0.06   0.15 -0.03 -0.09     0.06    0.12    0.09    0.11  0.02   0.04 -0.18 -0.13  -0.07 -0.21 -0.32        -0.10   0.01
YENEUR       0.10     0.10         0.15    1.00  0.08     0.39    0.28     0.06  0.22      0.14   0.19  0.47  0.19     0.14    0.26    0.04    0.09 -0.15  -0.05 -0.41  0.02  -0.47  0.14 -0.71        -0.14  -0.43
DOW          0.03    -0.02         0.11    0.08  1.00     0.43    0.31     0.42  0.77      0.77   0.55  0.32  0.38     0.91    0.48    0.78   -0.03 -0.16  -0.09  0.29  0.09   0.17  0.31 -0.12         0.13   0.15
FEEDCOW      0.04    -0.08         0.04    0.39  0.43     1.00    0.28     0.28  0.49      0.44   0.33  0.38  0.25     0.44    0.36    0.40   -0.05  0.01  -0.16 -0.06  0.04  -0.18  0.19 -0.30        -0.00  -0.09
KOSDAQ      -0.10     0.05         0.13    0.28  0.31     0.28    1.00     0.04  0.43      0.47   0.44  0.34  0.25     0.35    0.26    0.42   -0.05 -0.02  -0.00  0.09  0.21  -0.05  0.30 -0.16         0.23   0.00
LEANHOG     -0.13    -0.03         0.06    0.06  0.42     0.28    0.04     1.00  0.35      0.36   0.37  0.25  0.21     0.45    0.29    0.28    0.32  0.14   0.26 -0.01  0.18  -0.09  0.15  0.04         0.09  -0.05
MIB         -0.01    -0.02         0.17    0.22  0.77     0.49    0.43     0.35  1.00      0.86   0.63  0.46  0.44     0.75    0.58    0.72   -0.07 -0.07   0.07  0.19  0.09   0.12  0.41 -0.17         0.14   0.11
MSCIEAFA    -0.37    -0.10         0.06    0.14  0.77     0.44    0.47     0.36  0.86      1.00   0.63  0.51  0.53     0.71    0.63    0.75   -0.10 -0.02   0.04  0.35  0.34   0.30  0.67  0.10         0.45   0.26
MUMMY       -0.04     0.03         0.15    0.19  0.55     0.33    0.44     0.37  0.63      0.63   1.00  0.34  0.27     0.57    0.34    0.59    0.00  0.03  -0.03  0.16  0.27  -0.03  0.33 -0.14         0.21  -0.03
MXP         -0.33    -0.12        -0.03    0.47  0.32     0.38    0.34     0.25  0.46      0.51   0.34  1.00  0.44     0.39    0.47    0.39    0.03 -0.14   0.15  0.14  0.34  -0.06  0.41 -0.12         0.25  -0.02
PLAT        -0.27    -0.17        -0.09    0.19  0.38     0.25    0.25     0.21  0.44      0.53   0.27  0.44  1.00     0.38    0.66    0.45   -0.04  0.14   0.15  0.23  0.17   0.13  0.38  0.02         0.35   0.13
RUSSELL      0.05    -0.05         0.06    0.14  0.91     0.44    0.35     0.45  0.75      0.71   0.57  0.39  0.38     1.00    0.47    0.77   -0.05 -0.11  -0.08  0.29  0.12   0.13  0.28 -0.20         0.04   0.08
SILVER      -0.20    -0.01         0.12    0.26  0.48     0.36    0.26     0.29  0.58      0.63   0.34  0.47  0.66     0.47    1.00    0.52    0.04  0.07   0.19  0.28  0.29   0.14  0.40 -0.07         0.22   0.11
SPI200       0.04    -0.00         0.09    0.04  0.78     0.40    0.42     0.28  0.72      0.75   0.59  0.39  0.45     0.77    0.52    1.00   -0.02 -0.05  -0.15  0.46  0.17   0.20  0.30 -0.13         0.24   0.18
CANOLA       0.04     0.11         0.11    0.09 -0.03    -0.05   -0.05     0.32 -0.07     -0.10   0.00  0.03 -0.04    -0.05    0.04   -0.02    1.00 -0.04   0.19 -0.03  0.09  -0.15 -0.08 -0.10        -0.02  -0.16
RICE        -0.10     0.02         0.02   -0.15 -0.16     0.01   -0.02     0.14 -0.07     -0.02   0.03 -0.14  0.14    -0.11    0.07   -0.05   -0.04  1.00   0.16 -0.00  0.05  -0.06  0.00  0.19         0.28  -0.09
WHEAT       -0.20    -0.03         0.04   -0.05 -0.09    -0.16   -0.00     0.26  0.07      0.04  -0.03  0.15  0.15    -0.08    0.19   -0.15    0.19  0.16   1.00 -0.05  0.33  -0.12  0.03  0.21         0.28  -0.10
BTP         -0.26    -0.18        -0.18   -0.41  0.29    -0.06    0.09    -0.01  0.19      0.35   0.16  0.14  0.23     0.29    0.28    0.46   -0.03 -0.00  -0.05  1.00  0.29   0.66  0.31  0.35         0.29   0.55
CAD         -0.59    -0.16        -0.13    0.02  0.09     0.04    0.21     0.18  0.09      0.34   0.27  0.34  0.17     0.12    0.29    0.17    0.09  0.05   0.33  0.29  1.00   0.05  0.43  0.37         0.48   0.13
CAD10       -0.36    -0.04        -0.07   -0.47  0.17    -0.18   -0.05    -0.09  0.12      0.30  -0.03 -0.06  0.13     0.13    0.14    0.20   -0.15 -0.06  -0.12  0.66  0.05   1.00  0.43  0.51         0.17   0.76
GBP         -0.77    -0.28        -0.21    0.14  0.31     0.19    0.30     0.15  0.41      0.67   0.33  0.41  0.38     0.28    0.40    0.30   -0.08  0.00   0.03  0.31  0.43   0.43  1.00  0.40         0.44   0.36
JPY         -0.73    -0.28        -0.32   -0.71 -0.12    -0.30   -0.16     0.04 -0.17      0.10  -0.14 -0.12  0.02    -0.20   -0.07   -0.13   -0.10  0.19   0.21  0.35  0.37   0.51  0.40  1.00         0.49   0.55
KRWUSD_mini -0.60    -0.13        -0.10   -0.14  0.13    -0.00    0.23     0.09  0.14      0.45   0.21  0.25  0.35     0.04    0.22    0.24   -0.02  0.28   0.28  0.29  0.48   0.17  0.44  0.49         1.00   0.18
US10U       -0.44     0.03         0.01   -0.43  0.15    -0.09    0.00    -0.05  0.11      0.26  -0.03 -0.02  0.13     0.08    0.11    0.18   -0.16 -0.09  -0.10  0.55  0.13   0.76  0.36  0.55         0.18   1.00


********************************************************************************
                                 END OF REPORT                                  
********************************************************************************


