
********************************************************************************
                    Risk report produced on 23/09/2025 22:53                    
********************************************************************************


Total risk across all strategies, annualised percentage 15.4
Percentage of capital used for margin 43.6%

========================================
Risk per strategy, annualised percentage
========================================

                  risk
dynamic_TF_carry  15.4


===================
Risk by asset class
===================

Ags        4.5
Bond       2.8
Equity    10.1
FX         2.5
Metals     4.7
OilGas     2.2
dtype: float64


=====================================================
Beta loadings of asset class positions on asset class
=====================================================

OilGas   -0.05
Metals    0.24
Ags       0.27
FX        0.40
Bond      0.44
Equity    0.83
dtype: float64


========================================================
Beta loadings of full portfolio positions on asset class
========================================================

OilGas   -0.08
Bond      0.36
Metals    0.48
Ags       0.62
Equity    1.03
FX        1.73
dtype: float64


==================================================================================================================================================================================================================================================================
                                                                                                                         Instrument risk                                                                                                                          
==================================================================================================================================================================================================================================================================

             daily_price_stdev  annual_price_stdev      price  daily_perc_stdev  annual_perc_stdev  point_size_base  contract_exposure  daily_risk_per_contract  annual_risk_per_contract  position  capital  exposure_held_perc_capital  annual_risk_perc_capital
DAX                    189.735            3035.763   23768.00              0.80               12.8              0.9              20761                      165                      2651        -8   597330                       -27.8                      -3.6
GAS-PEN                  0.088               1.410       2.86              3.08               49.3           7403.9              21182                      652                     10443        -1   597330                        -3.5                      -1.7
DX                       0.397               6.353      96.88              0.41                6.6            740.4              71725                      293                      4703        -2   597330                       -24.0                      -1.6
JPY                      0.000               0.001       0.01              0.50                8.0        9254906.0              63238                      318                      5089        -1   597330                       -10.6                      -0.9
WHEAT                    6.766             108.260     520.75              1.30               20.8             37.0              19277                      250                      4007        -1   597330                        -3.2                      -0.7
BITCOIN               2262.236           36195.784  112800.00              2.01               32.1              0.1               8351                      167                      2679        -1   597330                        -1.4                      -0.4
GAS_US_mini              0.090               1.441       3.15              2.86               45.7           1851.0               5830                      166                      2666        -1   597330                        -1.0                      -0.4
KRWUSD_mini              0.004               0.057       0.72              0.50                8.0          18509.8              13288                       66                      1060        -2   597330                        -4.4                      -0.4
BRE                      0.001               0.016       0.19              0.54                8.7          74039.2              13989                       76                      1217         1   597330                         2.3                       0.2
MXP                      0.000               0.004       0.05              0.46                7.3         370196.2              20001                       91                      1462         1   597330                         3.3                       0.2
FTSECHINAA             146.129            2338.060   14940.00              0.98               15.6              0.7              11061                      108                      1731         1   597330                         1.9                       0.3
CAD10                    0.371               5.933     122.30              0.30                4.9            535.5              65486                      198                      3176         1   597330                        11.0                       0.5
GOLD_micro              28.508             456.120    3789.20              0.75               12.0              7.4              28054                      211                      3377         1   597330                         4.7                       0.6
NIKKEI                 450.705            7211.281   45555.00              0.99               15.8              0.5              22817                      225                      3612         1   597330                         3.8                       0.6
GBP                      0.005               0.083       1.35              0.38                6.1          46274.5              62553                      239                      3829         1   597330                        10.5                       0.6
OAT                      0.382               6.119     120.97              0.32                5.1            873.5             105669                      334                      5344         1   597330                        17.7                       0.9
RUSSELL                 26.285             420.565    2474.00              1.06               17.0              3.7               9158                       97                      1556         4   597330                         6.1                       1.0
YENEUR                   0.633              10.133     173.68              0.36                5.8            626.1             108742                      396                      6344         1   597330                        18.2                       1.1
TOPIX                   26.057             416.907    3149.50              0.83               13.2              5.0              15775                      130                      2088         4   597330                        10.6                       1.4
LEANHOG                  0.971              15.540      90.58              1.07               17.2            296.2              26824                      287                      4602         2   597330                         9.0                       1.5
US30                     0.866              13.849     120.12              0.72               11.5            740.4              88939                      640                     10253         1   597330                        14.9                       1.7
MSCIEAFA                19.271             308.342    2777.20              0.69               11.1             37.0             102810                      713                     11414         1   597330                        17.2                       1.9
MSCITAIWAN              11.174             178.792    1129.60              0.99               15.8             74.0              83634                      827                     13237         1   597330                        14.0                       2.2
SILVER                   0.573               9.161      44.14              1.30               20.8            740.4              32684                      423                      6782         2   597330                        10.9                       2.3
PLAT                    24.814             397.029    1504.00              1.65               26.4             37.0              55677                      918                     14697         1   597330                         9.3                       2.5
FEEDCOW                  3.946              63.135     361.25              1.09               17.5            370.2             133733                     1460                     23372         1   597330                        22.4                       3.9
MIB                    344.903            5518.449   42425.00              0.81               13.0              4.4             185294                     1506                     24102         1   597330                        31.0                       4.0
AEX                     10.034             160.549     936.95              1.07               17.1            174.7             163687                     1753                     28048         1   597330                        27.4                       4.7

Sum of abs(notional exposure % capital) 322.1
Sum of abs(annualised risk % capital) 41.8
Net sum of annualised risk % capital 22.4 

===============================================================================================================================================================================================================================================
                                                                                                                 Correlations                                                                                                                  
===============================================================================================================================================================================================================================================

              AEX  BITCOIN   BRE   DAX  FEEDCOW  FTSECHINAA  LEANHOG   MIB  MSCIEAFA  MSCITAIWAN   MXP  NIKKEI  PLAT  RUSSELL  SILVER  TOPIX  YENEUR   GBP  KRWUSD_mini  GAS-PEN  GAS_US_mini  GOLD_micro  WHEAT  CAD10   JPY   OAT  US30    DX
AEX          1.00     0.23  0.26  0.77     0.30        0.28     0.22  0.76      0.57        0.40  0.23    0.53  0.26     0.62    0.34   0.55    0.12  0.11        -0.08    -0.00        -0.02       -0.06   0.04  -0.04 -0.21  0.02  0.01  0.11
BITCOIN      0.23     1.00  0.12  0.28     0.06        0.09     0.01  0.25      0.16        0.18  0.14    0.14  0.17     0.30    0.11   0.15    0.02  0.08         0.14    -0.06        -0.04       -0.03  -0.08  -0.09  0.01 -0.04 -0.02 -0.04
BRE          0.26     0.12  1.00  0.28     0.12        0.29     0.06  0.25      0.32        0.33  0.46    0.31  0.32     0.29    0.34   0.26    0.22  0.35         0.25     0.30         0.31        0.17   0.19  -0.09 -0.02 -0.10  0.01 -0.23
DAX          0.77     0.28  0.28  1.00     0.36        0.28     0.22  0.88      0.67        0.35  0.30    0.56  0.30     0.56    0.37   0.62    0.23  0.31         0.01     0.04         0.05       -0.12  -0.01  -0.08 -0.18 -0.07 -0.06 -0.04
FEEDCOW      0.30     0.06  0.12  0.36     1.00        0.18     0.16  0.30      0.29       -0.06  0.21    0.16  0.31     0.31    0.34   0.24    0.32  0.10         0.08    -0.00         0.02        0.05  -0.05  -0.33 -0.21 -0.29 -0.25 -0.00
FTSECHINAA   0.28     0.09  0.29  0.28     0.18        1.00     0.12  0.29      0.34        0.11  0.30    0.25  0.23     0.28    0.33   0.29    0.23  0.17         0.08     0.01         0.03        0.06   0.12  -0.23 -0.13 -0.09 -0.14 -0.07
LEANHOG      0.22     0.01  0.06  0.22     0.16        0.12     1.00  0.24      0.28       -0.02  0.11    0.13  0.13     0.25    0.27   0.15    0.21  0.13         0.06     0.01         0.03        0.15   0.20  -0.17 -0.13 -0.10 -0.21 -0.08
MIB          0.76     0.25  0.25  0.88     0.30        0.29     0.24  1.00      0.67        0.37  0.23    0.60  0.24     0.55    0.38   0.67    0.16  0.20        -0.05    -0.05        -0.05       -0.10  -0.04  -0.09 -0.22 -0.01 -0.09  0.06
MSCIEAFA     0.57     0.16  0.32  0.67     0.29        0.34     0.28  0.67      1.00        0.28  0.36    0.58  0.33     0.64    0.53   0.64    0.27  0.52         0.31    -0.05        -0.05        0.17   0.09  -0.30  0.06 -0.08 -0.27 -0.39
MSCITAIWAN   0.40     0.18  0.33  0.35    -0.06        0.11    -0.02  0.37      0.28        1.00  0.19    0.59  0.15     0.43    0.19   0.48    0.12  0.09        -0.07     0.18         0.20       -0.10   0.03  -0.06 -0.26 -0.14  0.07  0.11
MXP          0.23     0.14  0.46  0.30     0.21        0.30     0.11  0.23      0.36        0.19  1.00    0.25  0.35     0.25    0.32   0.23    0.36  0.42         0.18    -0.05        -0.02        0.19   0.11  -0.15 -0.00 -0.07 -0.06 -0.36
NIKKEI       0.53     0.14  0.31  0.56     0.16        0.25     0.13  0.60      0.58        0.59  0.25    1.00  0.15     0.50    0.21   0.93    0.28  0.31         0.02     0.00         0.01       -0.10  -0.10  -0.05 -0.25 -0.07 -0.03 -0.05
PLAT         0.26     0.17  0.32  0.30     0.31        0.23     0.13  0.24      0.33        0.15  0.35    0.15  1.00     0.27    0.73   0.13    0.18  0.25         0.20     0.12         0.15        0.35   0.29  -0.35  0.01 -0.20 -0.23 -0.17
RUSSELL      0.62     0.30  0.29  0.56     0.31        0.28     0.25  0.55      0.64        0.43  0.25    0.50  0.27     1.00    0.35   0.51    0.11  0.16         0.07    -0.09        -0.11       -0.06   0.06  -0.12 -0.16  0.08 -0.01  0.02
SILVER       0.34     0.11  0.34  0.37     0.34        0.33     0.27  0.38      0.53        0.19  0.32    0.21  0.73     0.35    1.00   0.24    0.25  0.26         0.15     0.06         0.11        0.60   0.28  -0.37 -0.04 -0.21 -0.28 -0.14
TOPIX        0.55     0.15  0.26  0.62     0.24        0.29     0.15  0.67      0.64        0.48  0.23    0.93  0.13     0.51    0.24   1.00    0.28  0.32        -0.04    -0.05        -0.05       -0.09  -0.13  -0.04 -0.26 -0.05 -0.02  0.00
YENEUR       0.12     0.02  0.22  0.23     0.32        0.23     0.21  0.16      0.27        0.12  0.36    0.28  0.18     0.11    0.25   0.28    1.00  0.23        -0.07     0.06         0.11        0.03   0.06  -0.53 -0.62 -0.52 -0.45 -0.11
GBP          0.11     0.08  0.35  0.31     0.10        0.17     0.13  0.20      0.52        0.09  0.42    0.31  0.25     0.16    0.26   0.32    0.23  1.00         0.53    -0.04        -0.01        0.25  -0.07   0.04  0.46 -0.08  0.02 -0.81
KRWUSD_mini -0.08     0.14  0.25  0.01     0.08        0.08     0.06 -0.05      0.31       -0.07  0.18    0.02  0.20     0.07    0.15  -0.04   -0.07  0.53         1.00     0.15         0.17        0.22   0.12  -0.07  0.53  0.00 -0.10 -0.67
GAS-PEN     -0.00    -0.06  0.30  0.04    -0.00        0.01     0.01 -0.05     -0.05        0.18 -0.05    0.00  0.12    -0.09    0.06  -0.05    0.06 -0.04         0.15     1.00         0.97        0.05   0.16  -0.18 -0.12 -0.27 -0.10  0.07
GAS_US_mini -0.02    -0.04  0.31  0.05     0.02        0.03     0.03 -0.05     -0.05        0.20 -0.02    0.01  0.15    -0.11    0.11  -0.05    0.11 -0.01         0.17     0.97         1.00        0.06   0.14  -0.22 -0.15 -0.31 -0.16  0.06
GOLD_micro  -0.06    -0.03  0.17 -0.12     0.05        0.06     0.15 -0.10      0.17       -0.10  0.19   -0.10  0.35    -0.06    0.60  -0.09    0.03  0.25         0.22     0.05         0.06        1.00   0.28  -0.24  0.27 -0.03 -0.19 -0.29
WHEAT        0.04    -0.08  0.19 -0.01    -0.05        0.12     0.20 -0.04      0.09        0.03  0.11   -0.10  0.29     0.06    0.28  -0.13    0.06 -0.07         0.12     0.16         0.14        0.28   1.00  -0.24 -0.03 -0.08 -0.26 -0.04
CAD10       -0.04    -0.09 -0.09 -0.08    -0.33       -0.23    -0.17 -0.09     -0.30       -0.06 -0.15   -0.05 -0.35    -0.12   -0.37  -0.04   -0.53  0.04        -0.07    -0.18        -0.22       -0.24  -0.24   1.00  0.35  0.61  0.81  0.06
JPY         -0.21     0.01 -0.02 -0.18    -0.21       -0.13    -0.13 -0.22      0.06       -0.26 -0.00   -0.25  0.01    -0.16   -0.04  -0.26   -0.62  0.46         0.53    -0.12        -0.15        0.27  -0.03   0.35  1.00  0.26  0.28 -0.65
OAT          0.02    -0.04 -0.10 -0.07    -0.29       -0.09    -0.10 -0.01     -0.08       -0.14 -0.07   -0.07 -0.20     0.08   -0.21  -0.05   -0.52 -0.08         0.00    -0.27        -0.31       -0.03  -0.08   0.61  0.26  1.00  0.54  0.11
US30         0.01    -0.02  0.01 -0.06    -0.25       -0.14    -0.21 -0.09     -0.27        0.07 -0.06   -0.03 -0.23    -0.01   -0.28  -0.02   -0.45  0.02        -0.10    -0.10        -0.16       -0.19  -0.26   0.81  0.28  0.54  1.00  0.05
DX           0.11    -0.04 -0.23 -0.04    -0.00       -0.07    -0.08  0.06     -0.39        0.11 -0.36   -0.05 -0.17     0.02   -0.14   0.00   -0.11 -0.81        -0.67     0.07         0.06       -0.29  -0.04   0.06 -0.65  0.11  0.05  1.00


********************************************************************************
                                 END OF REPORT                                  
********************************************************************************


