
********************************************************************************
                    Risk report produced on 14/06/2023 22:52                    
********************************************************************************


Total risk across all strategies, annualised percentage 12.0
Percentage of capital used for margin 62.3%

========================================
Risk per strategy, annualised percentage
========================================

                  risk
dynamic_TF_carry  12.0


===================
Risk by asset class
===================

Ags       3.5
Equity    3.0
FX        7.3
Metals    0.3
OilGas    5.7
Sector    2.3
Vol       2.7
dtype: float64


=====================================================
Beta loadings of asset class positions on asset class
=====================================================

FX       -0.64
OilGas   -0.07
Vol      -0.05
Metals    0.01
Ags       0.03
Sector    0.13
Equity    0.18
dtype: float64


========================================================
Beta loadings of full portfolio positions on asset class
========================================================

FX       -0.29
Vol      -0.16
OilGas   -0.02
Metals   -0.02
Ags       0.11
Sector    0.23
Equity    0.25
dtype: float64


=================================================================================================================================================================================================================================================================
                                                                                                                         Instrument risk                                                                                                                         
=================================================================================================================================================================================================================================================================

             daily_price_stdev  annual_price_stdev     price  daily_perc_stdev  annual_perc_stdev  point_size_base  contract_exposure  daily_risk_per_contract  annual_risk_per_contract  position  capital  exposure_held_perc_capital  annual_risk_perc_capital
GAS-PEN                  0.134               2.141      2.41              5.56               88.9           7934.3              19097                     1061                     16987        -1   356341                        -5.4                      -4.8
JPY                      0.000               0.001      0.01              0.58                9.3        9917880.0              70977                      414                      6631        -2   356341                       -39.8                      -3.7
CHF                      0.006               0.089      1.11              0.50                8.0          99178.8             110336                      550                      8808        -1   356341                       -31.0                      -2.5
LEANHOG                  1.645              26.326     93.00              1.77               28.3            317.4              29515                      522                      8355        -1   356341                        -8.3                      -2.3
VIX                      0.529               8.460     17.90              2.95               47.3            793.4              14202                      419                      6712        -1   356341                        -4.0                      -1.9
GAS_US_mini              0.123               1.967      2.40              5.12               82.0           1983.6               4760                      243                      3901        -1   356341                        -1.3                      -1.1
V2X                      0.601               9.610     14.75              4.07               65.2             85.5               1261                       51                       821        -4   356341                        -1.4                      -0.9
DOW                    272.336            4357.371  34345.00              0.79               12.7              0.4              13625                      108                      1728        -1   356341                        -3.8                      -0.5
RUSSELL                 26.876             430.009   1882.00              1.43               22.8              4.0               7466                      106                      1705        -1   356341                        -2.1                      -0.5
REDWHEAT                16.732             267.716    783.25              2.14               34.2             39.7              31072                      663                     10620         0   356341                         0.0                       0.0
EU-BANKS                 1.495              23.915    105.35              1.42               22.7             42.8               4504                       63                      1022         1   356341                         1.3                       0.3
BITCOIN                921.307           14740.919  25955.00              3.55               56.8              0.1               2059                       73                      1169         1   356341                         0.6                       0.3
MXP                      0.000               0.005      0.06              0.52                8.4         396715.2              22743                      118                      1902         1   356341                         6.4                       0.5
BRE                      0.002               0.025      0.21              0.76               12.1          79343.0              16356                      124                      1986         1   356341                         4.6                       0.6
EU-OIL                   4.441              71.057    337.00              1.32               21.1             42.8              14410                      189                      3038         1   356341                         4.0                       0.9
EU-AUTO                  8.358             133.724    647.50              1.29               20.7             42.8              27687                      357                      5718         1   356341                         7.8                       1.6
NIKKEI                 337.911            5406.572  33400.00              1.01               16.2              0.6              18909                      191                      3060         2   356341                        10.6                       1.7
CAC                     62.011             992.177   7330.50              0.85               13.5              8.6              62690                      530                      8485         1   356341                        17.6                       2.4
CNH                      0.018               0.283      7.15              0.25                4.0          11057.2              79087                      195                      3126         3   356341                        66.6                       2.6
LIVECOW                  1.375              21.995    170.95              0.80               12.9            317.4              54254                      436                      6980         2   356341                        30.5                       3.9

Sum of abs(notional exposure % capital) 247.1
Sum of abs(annualised risk % capital) 33.0
Net sum of annualised risk % capital -3.4 

========================================================================================================================================================================
                                                                              Correlations                                                                              
========================================================================================================================================================================

              V2X   VIX  LEANHOG  LIVECOW   BRE   CAC   DOW  EU-AUTO  EU-BANKS  EU-OIL   MXP  NIKKEI  RUSSELL   CNH  GAS-PEN  GAS_US_mini  BITCOIN   CHF   JPY  REDWHEAT
V2X          1.00  0.75    -0.15    -0.35 -0.30 -0.74 -0.57    -0.76     -0.73   -0.45 -0.58   -0.53    -0.65  0.14    -0.07        -0.01    -0.08 -0.19 -0.06      0.10
VIX          0.75  1.00    -0.09    -0.34 -0.36 -0.54 -0.65    -0.54     -0.52   -0.30 -0.61   -0.46    -0.73  0.17    -0.24        -0.22    -0.29 -0.05 -0.05      0.02
LEANHOG     -0.15 -0.09     1.00     0.47  0.23  0.15  0.24     0.20      0.24    0.13  0.06    0.08     0.21 -0.02    -0.02        -0.00    -0.11  0.11  0.04     -0.07
LIVECOW     -0.35 -0.34     0.47     1.00  0.09  0.27  0.36     0.29      0.39    0.13  0.10    0.31     0.37  0.14    -0.04        -0.02     0.05 -0.12 -0.23     -0.14
BRE         -0.30 -0.36     0.23     0.09  1.00  0.23  0.21     0.20      0.28    0.39  0.41    0.11     0.24 -0.23    -0.07        -0.10     0.34  0.05  0.14      0.30
CAC         -0.74 -0.54     0.15     0.27  0.23  1.00  0.67     0.82      0.75    0.47  0.54    0.55     0.65 -0.24     0.02        -0.00     0.17  0.30  0.05     -0.21
DOW         -0.57 -0.65     0.24     0.36  0.21  0.67  1.00     0.53      0.45    0.40  0.46    0.52     0.83 -0.23     0.12         0.11     0.30  0.33  0.19     -0.01
EU-AUTO     -0.76 -0.54     0.20     0.29  0.20  0.82  0.53     1.00      0.74    0.42  0.50    0.56     0.60 -0.20    -0.03        -0.01     0.07  0.22  0.05     -0.16
EU-BANKS    -0.73 -0.52     0.24     0.39  0.28  0.75  0.45     0.74      1.00    0.52  0.57    0.40     0.48 -0.06     0.02        -0.03    -0.07  0.20 -0.08     -0.13
EU-OIL      -0.45 -0.30     0.13     0.13  0.39  0.47  0.40     0.42      0.52    1.00  0.54    0.27     0.34 -0.08     0.22         0.22    -0.06  0.10  0.01      0.10
MXP         -0.58 -0.61     0.06     0.10  0.41  0.54  0.46     0.50      0.57    0.54  1.00    0.34     0.53 -0.19     0.12         0.06     0.09  0.19  0.13      0.16
NIKKEI      -0.53 -0.46     0.08     0.31  0.11  0.55  0.52     0.56      0.40    0.27  0.34    1.00     0.58  0.06     0.21         0.23     0.17  0.20 -0.24     -0.16
RUSSELL     -0.65 -0.73     0.21     0.37  0.24  0.65  0.83     0.60      0.48    0.34  0.53    0.58     1.00 -0.23     0.09         0.12     0.33  0.26  0.16      0.03
CNH          0.14  0.17    -0.02     0.14 -0.23 -0.24 -0.23    -0.20     -0.06   -0.08 -0.19    0.06    -0.23  1.00     0.11         0.14    -0.11 -0.51 -0.58     -0.03
GAS-PEN     -0.07 -0.24    -0.02    -0.04 -0.07  0.02  0.12    -0.03      0.02    0.22  0.12    0.21     0.09  0.11     1.00         0.84    -0.10 -0.14 -0.26     -0.12
GAS_US_mini -0.01 -0.22    -0.00    -0.02 -0.10 -0.00  0.11    -0.01     -0.03    0.22  0.06    0.23     0.12  0.14     0.84         1.00    -0.05 -0.19 -0.26     -0.05
BITCOIN     -0.08 -0.29    -0.11     0.05  0.34  0.17  0.30     0.07     -0.07   -0.06  0.09    0.17     0.33 -0.11    -0.10        -0.05     1.00 -0.06  0.00      0.15
CHF         -0.19 -0.05     0.11    -0.12  0.05  0.30  0.33     0.22      0.20    0.10  0.19    0.20     0.26 -0.51    -0.14        -0.19    -0.06  1.00  0.54     -0.05
JPY         -0.06 -0.05     0.04    -0.23  0.14  0.05  0.19     0.05     -0.08    0.01  0.13   -0.24     0.16 -0.58    -0.26        -0.26     0.00  0.54  1.00      0.21
REDWHEAT     0.10  0.02    -0.07    -0.14  0.30 -0.21 -0.01    -0.16     -0.13    0.10  0.16   -0.16     0.03 -0.03    -0.12        -0.05     0.15 -0.05  0.21      1.00


********************************************************************************
                                 END OF REPORT                                  
********************************************************************************


