
********************************************************************************
                    Risk report produced on 12/07/2023 22:51                    
********************************************************************************


Total risk across all strategies, annualised percentage 11.7
Percentage of capital used for margin 59.4%

========================================
Risk per strategy, annualised percentage
========================================

                  risk
dynamic_TF_carry  11.7


===================
Risk by asset class
===================

Ags       2.6
Bond      1.7
Equity    3.3
FX        6.5
Metals    0.3
OilGas    1.1
Sector    2.8
Vol       1.7
dtype: float64


=====================================================
Beta loadings of asset class positions on asset class
=====================================================

FX       -0.92
Bond     -0.46
Vol      -0.04
OilGas   -0.01
Metals    0.01
Sector    0.16
Ags       0.17
Equity    0.18
dtype: float64


========================================================
Beta loadings of full portfolio positions on asset class
========================================================

Bond     -1.69
FX       -0.73
Vol      -0.13
Metals   -0.01
OilGas    0.01
Sector    0.21
Equity    0.29
Ags       0.31
dtype: float64


==================================================================================================================================================================================================================================================================
                                                                                                                         Instrument risk                                                                                                                          
==================================================================================================================================================================================================================================================================

              daily_price_stdev  annual_price_stdev     price  daily_perc_stdev  annual_perc_stdev  point_size_base  contract_exposure  daily_risk_per_contract  annual_risk_per_contract  position  capital  exposure_held_perc_capital  annual_risk_perc_capital
JPY                       0.000               0.001      0.01              0.64               10.2        9647667.2              70471                      451                      7217        -2   347141                       -40.6                      -4.2
CHF                       0.006               0.093      1.16              0.50                8.0          96476.7             112076                      563                      9016        -1   347141                       -32.3                      -2.6
DAX                     156.820            2509.115  16132.00              0.97               15.6              0.9              13730                      133                      2135        -4   347141                       -15.8                      -2.5
US3                       0.245               3.928    104.34              0.24                3.8           1543.6             161067                      378                      6063        -1   347141                       -46.4                      -1.7
VIX                       0.484               7.740     17.10              2.83               45.3            771.8              13198                      373                      5973        -1   347141                        -3.8                      -1.7
GAS_US_mini               0.128               2.051      2.62              4.90               78.4           1929.5               5045                      247                      3957        -1   347141                        -1.5                      -1.1
BITCOIN                 876.555           14024.884  30670.00              2.86               45.7              0.1               2367                       67                      1082         1   347141                         0.7                       0.3
RUSSELL                  24.164             386.625   1949.70              1.24               19.8              3.9               7524                       93                      1492         1   347141                         2.2                       0.4
MXP                       0.000               0.005      0.06              0.54                8.6         385906.7              22560                      120                      1934         1   347141                         6.5                       0.6
NIKKEI                  330.901            5294.416  31990.00              1.03               16.6              0.6              17700                      183                      2929         1   347141                         5.1                       0.8
CNH                       0.022               0.358      7.15              0.31                5.0          10728.4              76691                      239                      3837         1   347141                        22.1                       1.1
EU-AUTO                   7.937             126.999    641.10              1.24               19.8             42.6              27282                      337                      5404         1   347141                         7.9                       1.6
LIVECOW                   1.259              20.149    176.95              0.71               11.4            308.7              54628                      388                      6220         1   347141                        15.7                       1.8
SOYBEAN_mini             25.224             403.589   1327.62              1.90               30.4              7.7              10246                      194                      3114         2   347141                         5.9                       1.8
EU-OIL                    4.612              73.796    334.20              1.38               22.1             42.6              14222                      196                      3140         2   347141                         8.2                       1.8
FTSETAIWAN               13.802             220.836   1451.50              0.95               15.2             30.9              44811                      426                      6817         1   347141                        12.9                       2.0
CAC                      78.074            1249.187   7348.00              1.06               17.0              8.5              62540                      664                     10632         1   347141                        18.0                       3.1

Sum of abs(notional exposure % capital) 245.6
Sum of abs(annualised risk % capital) 29.1
Net sum of annualised risk % capital 1.5 

=======================================================================================================================================================
                                                                     Correlations                                                                      
=======================================================================================================================================================

               CNH  GAS_US_mini   VIX   CHF   JPY   US3   CAC   DAX  EU-AUTO  FTSETAIWAN  NIKKEI  RUSSELL  BITCOIN  EU-OIL  LIVECOW   MXP  SOYBEAN_mini
CNH           1.00         0.28 -0.00 -0.63 -0.49 -0.49 -0.20 -0.26    -0.21       -0.27    0.04    -0.16    -0.02   -0.09     0.13 -0.06         -0.12
GAS_US_mini   0.28         1.00 -0.08  0.02 -0.29 -0.10  0.04 -0.00    -0.05        0.05    0.22     0.03     0.04    0.15    -0.07  0.03          0.19
VIX          -0.00        -0.08  1.00  0.03  0.07  0.24 -0.59 -0.57    -0.56       -0.46   -0.52    -0.69    -0.21   -0.38    -0.41 -0.62         -0.30
CHF          -0.63         0.02  0.03  1.00  0.42  0.55  0.25  0.30     0.24        0.29    0.09     0.21    -0.03    0.08    -0.11  0.12          0.09
JPY          -0.49        -0.29  0.07  0.42  1.00  0.56 -0.03  0.03    -0.02       -0.02   -0.38     0.08    -0.11    0.00    -0.21  0.09          0.04
US3          -0.49        -0.10  0.24  0.55  0.56  1.00 -0.02  0.00    -0.16       -0.10   -0.22    -0.05     0.03   -0.08    -0.25 -0.11         -0.15
CAC          -0.20         0.04 -0.59  0.25 -0.03 -0.02  1.00  0.94     0.80        0.60    0.63     0.72     0.29    0.46     0.17  0.49          0.31
DAX          -0.26        -0.00 -0.57  0.30  0.03  0.00  0.94  1.00     0.86        0.66    0.63     0.70     0.19    0.37     0.19  0.45          0.24
EU-AUTO      -0.21        -0.05 -0.56  0.24 -0.02 -0.16  0.80  0.86     1.00        0.63    0.56     0.63     0.12    0.35     0.23  0.41          0.24
FTSETAIWAN   -0.27         0.05 -0.46  0.29 -0.02 -0.10  0.60  0.66     0.63        1.00    0.61     0.48     0.10    0.23     0.11  0.33          0.13
NIKKEI        0.04         0.22 -0.52  0.09 -0.38 -0.22  0.63  0.63     0.56        0.61    1.00     0.54     0.21    0.35     0.24  0.32          0.19
RUSSELL      -0.16         0.03 -0.69  0.21  0.08 -0.05  0.72  0.70     0.63        0.48    0.54     1.00     0.28    0.36     0.28  0.46          0.27
BITCOIN      -0.02         0.04 -0.21 -0.03 -0.11  0.03  0.29  0.19     0.12        0.10    0.21     0.28     1.00    0.07    -0.00  0.09          0.04
EU-OIL       -0.09         0.15 -0.38  0.08  0.00 -0.08  0.46  0.37     0.35        0.23    0.35     0.36     0.07    1.00     0.08  0.47          0.33
LIVECOW       0.13        -0.07 -0.41 -0.11 -0.21 -0.25  0.17  0.19     0.23        0.11    0.24     0.28    -0.00    0.08     1.00  0.11          0.08
MXP          -0.06         0.03 -0.62  0.12  0.09 -0.11  0.49  0.45     0.41        0.33    0.32     0.46     0.09    0.47     0.11  1.00          0.25
SOYBEAN_mini -0.12         0.19 -0.30  0.09  0.04 -0.15  0.31  0.24     0.24        0.13    0.19     0.27     0.04    0.33     0.08  0.25          1.00


********************************************************************************
                                 END OF REPORT                                  
********************************************************************************


