
********************************************************************************
                    Risk report produced on 21/10/2024 22:52                    
********************************************************************************


Total risk across all strategies, annualised percentage 11.9
Percentage of capital used for margin 68.4%

========================================
Risk per strategy, annualised percentage
========================================

                  risk
dynamic_TF_carry  11.9


===================
Risk by asset class
===================

Ags        2.5
Bond       0.6
Equity    10.4
FX         1.9
Metals     1.3
OilGas     0.6
Sector     1.6
Vol        1.0
dtype: float64


=====================================================
Beta loadings of asset class positions on asset class
=====================================================

Sector   -0.08
OilGas   -0.02
Vol      -0.02
Ags       0.03
Metals    0.04
FX        0.10
Bond      0.11
Equity    0.80
dtype: float64


========================================================
Beta loadings of full portfolio positions on asset class
========================================================

Vol      -0.20
Bond     -0.06
OilGas    0.03
Ags       0.08
Metals    0.13
Sector    0.31
Equity    0.82
FX        0.84
dtype: float64


===================================================================================================================================================================================================================================================================
                                                                                                                          Instrument risk                                                                                                                          
===================================================================================================================================================================================================================================================================

               daily_price_stdev  annual_price_stdev     price  daily_perc_stdev  annual_perc_stdev  point_size_base  contract_exposure  daily_risk_per_contract  annual_risk_per_contract  position  capital  exposure_held_perc_capital  annual_risk_perc_capital
VIX                        0.501               8.020     17.95              2.79               44.7            766.9              13766                      384                      6150        -1   591005                        -2.3                      -1.0
EU-BASIC                   8.949             143.188    550.70              1.63               26.0             41.6              22930                      372                      5962        -1   591005                        -3.9                      -1.0
COTTON2                    0.959              15.349     72.40              1.32               21.2            383.5              27763                      367                      5885        -1   591005                        -4.7                      -1.0
SOYMEAL                    4.590              73.442    315.00              1.46               23.3             76.7              24158                      352                      5632        -1   591005                        -4.1                      -1.0
EU-AUTO                    7.939             127.019    565.30              1.40               22.5             41.6              23538                      330                      5288        -1   591005                        -4.0                      -0.9
NZD                        0.004               0.060      0.60              0.62                9.9          76694.2              46284                      286                      4589        -1   591005                        -7.8                      -0.8
CRUDE_W_micro              1.504              24.063     69.61              2.16               34.6             76.7               5338                      115                      1845        -2   591005                        -1.8                      -0.6
CORN                       4.962              79.389    409.50              1.21               19.4             38.3              15703                      190                      3044        -1   591005                        -2.7                      -0.5
CANOLA                     8.779             140.465    629.00              1.40               22.3             11.1               6985                       97                      1559        -1   591005                        -1.2                      -0.3
MUMMY                     11.599             185.581    614.00              1.89               30.2              5.1               3153                       59                       953         1   591005                         0.5                       0.2
TOPIX                     36.427             582.834   2687.25              1.36               21.7              5.1              13801                      187                      2993         1   591005                         2.3                       0.5
KR10                       0.410               6.559    116.76              0.35                5.6            558.4              65202                      228                      3662         1   591005                        11.0                       0.6
SUGAR11                    0.333               5.335     20.20              1.65               26.4            859.0              17351                      286                      4582         1   591005                         2.9                       0.8
MSCISING                   2.673              42.774    347.25              0.77               12.3             58.5              20305                      156                      2501         2   591005                         6.9                       0.8
DOW                      274.945            4399.118  43181.00              0.64               10.2              0.4              16558                      105                      1686         3   591005                         8.4                       0.9
LIVECOW                    1.092              17.474    187.60              0.58                9.3            306.8              57551                      335                      5360         1   591005                         9.7                       0.9
RUSSELL                   24.484             391.736   2256.40              1.09               17.4              3.8               8652                       93                      1502         4   591005                         5.9                       1.0
SILVER                     0.612               9.788     33.81              1.81               28.9            766.9              25930                      469                      7506         1   591005                         4.4                       1.3
YENEUR                     0.992              15.871    162.28              0.61                9.8            642.0             104183                      636                     10188         1   591005                        17.6                       1.7
LEANHOG                    1.102              17.629     78.25              1.41               22.5            306.8              24005                      338                      5408         2   591005                         8.1                       1.8
SMI                       77.457            1239.309  12286.00              0.63               10.1              8.9             108922                      686                     10987         1   591005                        18.4                       1.9
MIB                      280.546            4488.736  34915.00              0.80               12.9              4.2             145383                     1168                     18690         1   591005                        24.6                       3.2
MSCITAIWAN                11.908             190.524    987.70              1.21               19.3             76.7              75750                      913                     14612         2   591005                        25.6                       4.9

Sum of abs(notional exposure % capital) 178.8
Sum of abs(annualised risk % capital) 27.6
Net sum of annualised risk % capital 13.4 

===========================================================================================================================================================================================================
                                                                                               Correlations                                                                                                
===========================================================================================================================================================================================================

                DOW  EU-AUTO  EU-BASIC   MIB  MSCISING  MSCITAIWAN  MUMMY  RUSSELL   SMI  TOPIX  KR10   NZD  SILVER  CANOLA  CORN  SOYMEAL  COTTON2  CRUDE_W_micro  LEANHOG  LIVECOW  SUGAR11  YENEUR   VIX
DOW            1.00     0.50      0.32  0.61      0.44        0.41   0.50     0.73  0.56   0.46  0.31  0.23    0.24    0.08 -0.02    -0.09     0.23           0.15     0.27     0.17     0.19    0.18 -0.64
EU-AUTO        0.50     1.00      0.41  0.78      0.33        0.38   0.37     0.49  0.49   0.48  0.09  0.35    0.21    0.12 -0.15    -0.18     0.17           0.04     0.22     0.04     0.11    0.31 -0.46
EU-BASIC       0.32     0.41      1.00  0.49      0.39        0.48   0.25     0.29  0.39   0.52  0.09  0.46    0.48    0.18  0.16     0.13     0.22           0.19     0.16     0.23     0.26    0.19 -0.26
MIB            0.61     0.78      0.49  1.00      0.48        0.47   0.33     0.55  0.60   0.52  0.09  0.28    0.33    0.23 -0.11    -0.09     0.18           0.05     0.26     0.16     0.09    0.29 -0.55
MSCISING       0.44     0.33      0.39  0.48      1.00        0.57   0.41     0.37  0.41   0.50  0.19  0.22    0.26   -0.09 -0.04    -0.06     0.13           0.04     0.18     0.15     0.12    0.18 -0.61
MSCITAIWAN     0.41     0.38      0.48  0.47      0.57        1.00   0.39     0.27  0.49   0.66  0.17  0.20    0.43   -0.20 -0.07    -0.26     0.13           0.06    -0.02     0.20     0.06    0.24 -0.42
MUMMY          0.50     0.37      0.25  0.33      0.41        0.39   1.00     0.45  0.23   0.67  0.14  0.22    0.03    0.02  0.03    -0.02     0.31           0.06     0.19     0.12     0.25    0.19 -0.40
RUSSELL        0.73     0.49      0.29  0.55      0.37        0.27   0.45     1.00  0.37   0.34  0.14  0.13    0.10    0.18 -0.03    -0.03     0.26           0.09     0.32     0.19     0.11    0.05 -0.52
SMI            0.56     0.49      0.39  0.60      0.41        0.49   0.23     0.37  1.00   0.40  0.33  0.40    0.31   -0.01 -0.12    -0.20     0.17          -0.02     0.12     0.00     0.10    0.14 -0.48
TOPIX          0.46     0.48      0.52  0.52      0.50        0.66   0.67     0.34  0.40   1.00  0.04  0.19    0.27   -0.03 -0.07    -0.14     0.22           0.10     0.15     0.24     0.20    0.40 -0.46
KR10           0.31     0.09      0.09  0.09      0.19        0.17   0.14     0.14  0.33   0.04  1.00  0.20    0.13   -0.21 -0.01     0.05    -0.06          -0.24    -0.02    -0.07    -0.08   -0.20 -0.20
NZD            0.23     0.35      0.46  0.28      0.22        0.20   0.22     0.13  0.40   0.19  0.20  1.00    0.43    0.04 -0.04     0.08     0.09          -0.09    -0.02    -0.16     0.26   -0.00 -0.15
SILVER         0.24     0.21      0.48  0.33      0.26        0.43   0.03     0.10  0.31   0.27  0.13  0.43    1.00   -0.00 -0.05     0.01     0.13           0.14     0.09     0.08     0.08    0.18 -0.12
CANOLA         0.08     0.12      0.18  0.23     -0.09       -0.20   0.02     0.18 -0.01  -0.03 -0.21  0.04   -0.00    1.00  0.40     0.54     0.04           0.15     0.23     0.28     0.39    0.30  0.00
CORN          -0.02    -0.15      0.16 -0.11     -0.04       -0.07   0.03    -0.03 -0.12  -0.07 -0.01 -0.04   -0.05    0.40  1.00     0.61    -0.04           0.08     0.08     0.22     0.11    0.06  0.06
SOYMEAL       -0.09    -0.18      0.13 -0.09     -0.06       -0.26  -0.02    -0.03 -0.20  -0.14  0.05  0.08    0.01    0.54  0.61     1.00    -0.10          -0.07     0.04     0.17     0.25    0.02  0.05
COTTON2        0.23     0.17      0.22  0.18      0.13        0.13   0.31     0.26  0.17   0.22 -0.06  0.09    0.13    0.04 -0.04    -0.10     1.00           0.17     0.20     0.11     0.18    0.13 -0.15
CRUDE_W_micro  0.15     0.04      0.19  0.05      0.04        0.06   0.06     0.09 -0.02   0.10 -0.24 -0.09    0.14    0.15  0.08    -0.07     0.17           1.00     0.25     0.44     0.19    0.23 -0.04
LEANHOG        0.27     0.22      0.16  0.26      0.18       -0.02   0.19     0.32  0.12   0.15 -0.02 -0.02    0.09    0.23  0.08     0.04     0.20           0.25     1.00     0.34     0.08    0.06 -0.12
LIVECOW        0.17     0.04      0.23  0.16      0.15        0.20   0.12     0.19  0.00   0.24 -0.07 -0.16    0.08    0.28  0.22     0.17     0.11           0.44     0.34     1.00     0.16    0.34 -0.20
SUGAR11        0.19     0.11      0.26  0.09      0.12        0.06   0.25     0.11  0.10   0.20 -0.08  0.26    0.08    0.39  0.11     0.25     0.18           0.19     0.08     0.16     1.00    0.17 -0.16
YENEUR         0.18     0.31      0.19  0.29      0.18        0.24   0.19     0.05  0.14   0.40 -0.20 -0.00    0.18    0.30  0.06     0.02     0.13           0.23     0.06     0.34     0.17    1.00 -0.28
VIX           -0.64    -0.46     -0.26 -0.55     -0.61       -0.42  -0.40    -0.52 -0.48  -0.46 -0.20 -0.15   -0.12    0.00  0.06     0.05    -0.15          -0.04    -0.12    -0.20    -0.16   -0.28  1.00


********************************************************************************
                                 END OF REPORT                                  
********************************************************************************


