
********************************************************************************
                    Risk report produced on 16/02/2026 22:54                    
********************************************************************************


Total risk across all strategies, annualised percentage 13.9
Percentage of capital used for margin 39.0%

========================================
Risk per strategy, annualised percentage
========================================

                  risk
dynamic_TF_carry  13.9


===================
Risk by asset class
===================

Ags        2.1
Bond       2.2
Equity    11.0
FX         2.8
Metals     2.5
OilGas     2.1
Sector     1.3
dtype: float64


=====================================================
Beta loadings of asset class positions on asset class
=====================================================

Metals   -0.06
Ags      -0.04
Sector    0.05
OilGas    0.07
FX        0.53
Bond      0.59
Equity    0.73
dtype: float64


========================================================
Beta loadings of full portfolio positions on asset class
========================================================

OilGas    0.09
Ags       0.15
Metals    0.20
Sector    0.34
Bond      0.42
Equity    0.85
FX        1.42
dtype: float64


==================================================================================================================================================================================================================================================================
                                                                                                                         Instrument risk                                                                                                                          
==================================================================================================================================================================================================================================================================

              daily_price_stdev  annual_price_stdev     price  daily_perc_stdev  annual_perc_stdev  point_size_base  contract_exposure  daily_risk_per_contract  annual_risk_per_contract  position  capital  exposure_held_perc_capital  annual_risk_perc_capital
GOLD_micro              119.560            1912.962   5064.00              2.36               37.8              7.3              37121                      876                     14022        -1   685060                        -5.4                      -2.0
KR10                      0.429               6.865    111.70              0.38                6.1            508.2              56763                      218                      3488        -4   685060                       -33.1                      -2.0
HANGTECH                 85.901            1374.410   5387.00              1.59               25.5              4.7              25261                      402                      6445        -2   685060                        -7.4                      -1.9
SP500_micro              54.174             866.778   6850.50              0.79               12.7              3.7              25108                      198                      3176        -3   685060                       -11.0                      -1.4
DX                        0.391               6.251     96.71              0.40                6.5            733.0              70892                      286                      4581        -1   685060                       -10.3                      -0.7
REDWHEAT                  7.661             122.575    567.50              1.35               21.6             36.7              20799                      280                      4492        -1   685060                        -3.0                      -0.7
COPPER-micro              0.131               2.096      5.85              2.24               35.8           1832.6              10718                      240                      3841        -1   685060                        -1.6                      -0.6
WHEAT                     6.483             103.734    586.50              1.11               17.7             36.7              21496                      237                      3802        -1   685060                        -3.1                      -0.6
KRWUSD_mini               0.004               0.069      0.69              0.62                9.9          18326.0              12723                       78                      1257        -3   685060                        -5.6                      -0.6
BITCOIN                3122.870           49965.917  69000.00              4.53               72.4              0.1               5057                      228                      3662        -1   685060                        -0.7                      -0.5
RICE                      0.146               2.338     11.02              1.33               21.2           1466.1              16156                      214                      3428        -1   685060                        -2.4                      -0.5
MUMMY                    11.102             177.639    730.00              1.52               24.3              4.8               3494                       53                       850         1   685060                         0.5                       0.1
CANOLA                    6.304             100.870    675.10              0.93               14.9             10.8               7270                       67                      1086         1   685060                         1.1                       0.2
TOPIX                    46.777             748.433   3804.25              1.23               19.7              4.8              18208                      223                      3582         1   685060                         2.7                       0.5
BTP                       0.266               4.263    122.07              0.22                3.5            869.8             106177                      231                      3708         1   685060                        15.5                       0.5
NZD                       0.003               0.056      0.60              0.58                9.2          73303.8              44323                      256                      4098         1   685060                         6.5                       0.6
GBP                       0.006               0.101      1.37              0.46                7.4          45814.9              62555                      290                      4640         1   685060                         9.1                       0.7
MXP                       0.000               0.006      0.06              0.59                9.5         366519.2              21294                      126                      2024         3   685060                         9.3                       0.9
CAD                       0.003               0.044      0.74              0.38                6.0          73303.8              53900                      203                      3258         2   685060                        15.7                       1.0
BUND                      0.280               4.486    129.20              0.22                3.5            869.8             112379                      243                      3902         2   685060                        32.8                       1.1
CAD10                     0.320               5.115    122.65              0.26                4.2            538.5              66047                      172                      2754         3   685060                        28.9                       1.2
EU-BASIC                 12.362             197.790    778.80              1.59               25.4             43.5              33870                      537                      8601         1   685060                         4.9                       1.3
LIVECOW                   1.973              31.567    235.92              0.84               13.4            293.2              69176                      578                      9255         1   685060                        10.1                       1.4
RUSSELL                  32.455             519.284   2653.10              1.22               19.6              3.7               9724                      118                      1903         6   685060                         8.5                       1.7
BRENT-LAST                1.215              19.437     66.49              1.83               29.2            733.0              48739                      890                     14248         1   685060                         7.1                       2.1
AEX                       8.693             139.089    993.40              0.88               14.0            174.0             172813                     1512                     24196         1   685060                        25.2                       3.5
MIB                     409.991            6559.859  45655.00              0.90               14.4              4.3             198555                     1783                     28529         1   685060                        29.0                       4.2
MSCIEAFA                 27.359             437.741   3118.70              0.88               14.0             36.7             114306                     1002                     16044         2   685060                        33.4                       4.7

Sum of abs(notional exposure % capital) 323.9
Sum of abs(annualised risk % capital) 37.2
Net sum of annualised risk % capital 14.2 

=====================================================================================================================================================================================================================================================
                                                                                                                    Correlations                                                                                                                     
=====================================================================================================================================================================================================================================================

               BTP  BUND  CAD10  KR10   CAD   GBP  GOLD_micro  HANGTECH  KRWUSD_mini   MXP   NZD  BRENT-LAST  CANOLA  REDWHEAT  RICE  WHEAT   AEX  BITCOIN  COPPER-micro  EU-BASIC  LIVECOW   MIB  MSCIEAFA  MUMMY  RUSSELL  SP500_micro  TOPIX    DX
BTP           1.00  0.90   0.63  0.54  0.17  0.30        0.40      0.20         0.27  0.15  0.34       -0.09    0.12      0.09  0.10   0.04  0.25     0.08          0.17      0.19     0.03  0.16      0.40   0.16     0.21         0.16   0.17 -0.30
BUND          0.90  1.00   0.56  0.51  0.16  0.14        0.30      0.12         0.15  0.00  0.20       -0.17    0.12      0.09  0.10   0.04  0.02    -0.07          0.05     -0.03    -0.03 -0.11      0.20   0.04     0.13         0.04  -0.04 -0.22
CAD10         0.63  0.56   1.00  0.49 -0.00  0.31        0.21      0.07         0.21 -0.07  0.29       -0.13   -0.07     -0.05  0.03  -0.09  0.26     0.02          0.07      0.16    -0.06  0.23      0.36   0.07     0.12         0.14   0.20 -0.28
KR10          0.54  0.51   0.49  1.00  0.18  0.33        0.30      0.27         0.34  0.08  0.21       -0.18   -0.06     -0.16 -0.09  -0.19  0.05     0.14         -0.01     -0.05     0.15 -0.03      0.13  -0.05    -0.02         0.04  -0.11 -0.39
CAD           0.17  0.16  -0.00  0.18  1.00  0.59        0.48      0.41         0.54  0.45  0.75       -0.03   -0.03      0.26  0.18   0.29 -0.04     0.11          0.34      0.14     0.09 -0.04      0.37  -0.04     0.10         0.20  -0.06 -0.73
GBP           0.30  0.14   0.31  0.33  0.59  1.00        0.57      0.40         0.62  0.39  0.79       -0.19   -0.10      0.04  0.21   0.03  0.25     0.23          0.41      0.30     0.18  0.27      0.55   0.11     0.16         0.16   0.10 -0.83
GOLD_micro    0.40  0.30   0.21  0.30  0.48  0.57        1.00      0.31         0.44  0.39  0.55       -0.02    0.05      0.24  0.19   0.18  0.16     0.25          0.29      0.25     0.17  0.03      0.33   0.02     0.11         0.07  -0.04 -0.56
HANGTECH      0.20  0.12   0.07  0.27  0.41  0.40        0.31      1.00         0.38  0.43  0.41        0.01    0.08      0.17  0.10   0.15  0.30     0.48          0.31      0.33     0.08  0.14      0.39   0.07     0.28         0.41   0.05 -0.42
KRWUSD_mini   0.27  0.15   0.21  0.34  0.54  0.62        0.44      0.38         1.00  0.28  0.70        0.02    0.05      0.36  0.19   0.35  0.25     0.22          0.20      0.23    -0.02  0.11      0.36  -0.01     0.10         0.21  -0.00 -0.65
MXP           0.15  0.00  -0.07  0.08  0.45  0.39        0.39      0.43         0.28  1.00  0.43        0.08    0.02      0.09  0.06   0.09  0.13     0.11          0.32      0.31     0.15  0.11      0.38   0.18     0.25         0.24   0.18 -0.43
NZD           0.34  0.20   0.29  0.21  0.75  0.79        0.55      0.41         0.70  0.43  1.00        0.02    0.05      0.29  0.27   0.27  0.27     0.18          0.39      0.40     0.03  0.22      0.55   0.07     0.24         0.25   0.13 -0.79
BRENT-LAST   -0.09 -0.17  -0.13 -0.18 -0.03 -0.19       -0.02      0.01         0.02  0.08  0.02        1.00    0.27      0.33  0.09   0.36  0.39     0.11          0.14      0.38     0.17  0.30      0.09   0.20     0.14         0.19   0.33  0.28
CANOLA        0.12  0.12  -0.07 -0.06 -0.03 -0.10        0.05      0.08         0.05  0.02  0.05        0.27    1.00      0.30  0.02   0.31  0.04     0.01         -0.09      0.07    -0.16 -0.02      0.01   0.09     0.05         0.09   0.12  0.08
REDWHEAT      0.09  0.09  -0.05 -0.16  0.26  0.04        0.24      0.17         0.36  0.09  0.29        0.33    0.30      1.00  0.29   0.93  0.07    -0.00          0.17      0.13    -0.22  0.02      0.10  -0.09     0.05         0.13  -0.02 -0.11
RICE          0.10  0.10   0.03 -0.09  0.18  0.21        0.19      0.10         0.19  0.06  0.27        0.09    0.02      0.29  1.00   0.16  0.04     0.09          0.10      0.08     0.08  0.00      0.14   0.15     0.19         0.15   0.05 -0.15
WHEAT         0.04  0.04  -0.09 -0.19  0.29  0.03        0.18      0.15         0.35  0.09  0.27        0.36    0.31      0.93  0.16   1.00  0.08     0.01          0.23      0.11    -0.28  0.01      0.09  -0.12     0.01         0.07  -0.03 -0.13
AEX           0.25  0.02   0.26  0.05 -0.04  0.25        0.16      0.30         0.25  0.13  0.27        0.39    0.04      0.07  0.04   0.08  1.00     0.32          0.39      0.74     0.20  0.78      0.62   0.50     0.36         0.42   0.61 -0.07
BITCOIN       0.08 -0.07   0.02  0.14  0.11  0.23        0.25      0.48         0.22  0.11  0.18        0.11    0.01     -0.00  0.09   0.01  0.32     1.00          0.24      0.24     0.13  0.19      0.29   0.12     0.40         0.50   0.09 -0.13
COPPER-micro  0.17  0.05   0.07 -0.01  0.34  0.41        0.29      0.31         0.20  0.32  0.39        0.14   -0.09      0.17  0.10   0.23  0.39     0.24          1.00      0.55     0.10  0.31      0.55   0.15     0.30         0.28   0.30 -0.33
EU-BASIC      0.19 -0.03   0.16 -0.05  0.14  0.30        0.25      0.33         0.23  0.31  0.40        0.38    0.07      0.13  0.08   0.11  0.74     0.24          0.55      1.00     0.28  0.66      0.68   0.30     0.45         0.41   0.60 -0.18
LIVECOW       0.03 -0.03  -0.06  0.15  0.09  0.18        0.17      0.08        -0.02  0.15  0.03        0.17   -0.16     -0.22  0.08  -0.28  0.20     0.13          0.10      0.28     1.00  0.29      0.22   0.26     0.13         0.05   0.16 -0.06
MIB           0.16 -0.11   0.23 -0.03 -0.04  0.27        0.03      0.14         0.11  0.11  0.22        0.30   -0.02      0.02  0.00   0.01  0.78     0.19          0.31      0.66     0.29  1.00      0.59   0.46     0.20         0.30   0.59 -0.06
MSCIEAFA      0.40  0.20   0.36  0.13  0.37  0.55        0.33      0.39         0.36  0.38  0.55        0.09    0.01      0.10  0.14   0.09  0.62     0.29          0.55      0.68     0.22  0.59      1.00   0.42     0.53         0.59   0.62 -0.48
MUMMY         0.16  0.04   0.07 -0.05 -0.04  0.11        0.02      0.07        -0.01  0.18  0.07        0.20    0.09     -0.09  0.15  -0.12  0.50     0.12          0.15      0.30     0.26  0.46      0.42   1.00     0.32         0.21   0.72  0.10
RUSSELL       0.21  0.13   0.12 -0.02  0.10  0.16        0.11      0.28         0.10  0.25  0.24        0.14    0.05      0.05  0.19   0.01  0.36     0.40          0.30      0.45     0.13  0.20      0.53   0.32     1.00         0.74   0.43 -0.06
SP500_micro   0.16  0.04   0.14  0.04  0.20  0.16        0.07      0.41         0.21  0.24  0.25        0.19    0.09      0.13  0.15   0.07  0.42     0.50          0.28      0.41     0.05  0.30      0.59   0.21     0.74         1.00   0.36 -0.05
TOPIX         0.17 -0.04   0.20 -0.11 -0.06  0.10       -0.04      0.05        -0.00  0.18  0.13        0.33    0.12     -0.02  0.05  -0.03  0.61     0.09          0.30      0.60     0.16  0.59      0.62   0.72     0.43         0.36   1.00  0.09
DX           -0.30 -0.22  -0.28 -0.39 -0.73 -0.83       -0.56     -0.42        -0.65 -0.43 -0.79        0.28    0.08     -0.11 -0.15  -0.13 -0.07    -0.13         -0.33     -0.18    -0.06 -0.06     -0.48   0.10    -0.06        -0.05   0.09  1.00


********************************************************************************
                                 END OF REPORT                                  
********************************************************************************


