
********************************************************************************
                    Risk report produced on 18/05/2026 22:51                    
********************************************************************************


Total risk across all strategies, annualised percentage 10.6
Percentage of capital used for margin 35.2%

========================================
Risk per strategy, annualised percentage
========================================

                  risk
dynamic_TF_carry  10.7


===================
Risk by asset class
===================

Ags       1.6
Bond      2.6
Equity    5.5
FX        2.2
Metals    1.3
OilGas    5.0
Other     0.3
Sector    2.1
Vol       0.1
dtype: float64


=====================================================
Beta loadings of asset class positions on asset class
=====================================================

Bond     -0.47
Metals   -0.03
Vol      -0.00
Other     0.01
FX        0.07
Sector    0.09
Ags       0.11
OilGas    0.13
Equity    0.29
dtype: float64


========================================================
Beta loadings of full portfolio positions on asset class
========================================================

Bond     -0.45
Vol      -0.07
Metals    0.04
OilGas    0.10
Other     0.11
FX        0.20
Equity    0.23
Sector    0.29
Ags       0.32
dtype: float64


===================================================================================================================================================================================================================================================================
                                                                                                                          Instrument risk                                                                                                                          
===================================================================================================================================================================================================================================================================

               daily_price_stdev  annual_price_stdev     price  daily_perc_stdev  annual_perc_stdev  point_size_base  contract_exposure  daily_risk_per_contract  annual_risk_per_contract  position  capital  exposure_held_perc_capital  annual_risk_perc_capital
JPY                        0.000               0.001      0.01              0.58                9.4        9382447.3              59189                      346                      5537        -3   708495                       -25.1                      -2.3
KR10                       0.470               7.522    105.83              0.44                7.1            499.3              52837                      234                      3755        -3   708495                       -22.4                      -1.6
BITCOIN                 1916.146           30658.336  76695.00              2.50               40.0              0.1               5756                      143                      2301        -4   708495                        -3.3                      -1.3
DAX                      307.342            4917.474  24310.00              1.26               20.2              0.9              21207                      268                      4289        -2   708495                        -6.0                      -1.2
BUND                       0.456               7.302    124.20              0.37                5.9            872.4             108351                      398                      6370        -1   708495                       -15.3                      -0.9
LEANHOG                    1.232              19.707    102.90              1.20               19.2            300.2              30894                      369                      5916        -1   708495                        -4.4                      -0.8
CAD10                      0.509               8.149    117.95              0.43                6.9            545.8              64374                      277                      4447        -1   708495                        -9.1                      -0.6
V2X                        0.566               9.061     22.80              2.48               39.7             87.2               1989                       49                       790        -1   708495                        -0.3                      -0.1
GAS-PEN                    0.095               1.516      3.03              3.13               50.1           7506.0              22735                      711                     11381         0   708495                         0.0                       0.0
RUBBER                     3.242              51.878    219.60              1.48               23.6             37.5               8241                      121                      1946         1   708495                         1.2                       0.3
MUMMY                     14.562             232.992    779.00              1.87               29.9              4.7               3678                       68                      1100         2   708495                         1.0                       0.3
AUD_micro                  0.004               0.062      0.72              0.54                8.7           7506.0               5373                       29                       465         5   708495                         3.8                       0.3
CRUDE_W_micro              2.370              37.920     93.16              2.54               40.7             75.1               6992                      177                      2846         1   708495                         1.0                       0.4
ZAR                        0.000               0.008      0.06              0.82               13.2         375297.9              22546                      185                      2974         1   708495                         3.2                       0.4
CANOLA                     8.904             142.464    738.10              1.21               19.3             10.9               8056                       97                      1555         2   708495                         2.3                       0.4
TOPIX                     44.959             719.351   3841.25              1.17               18.7              4.7              18140                      212                      3397         1   708495                         2.6                       0.5
CORN                       5.921              94.729    498.50              1.19               19.0             37.5              18708                      222                      3555         1   708495                         2.6                       0.5
MXP                        0.000               0.005      0.06              0.55                8.7         375297.9              21662                      118                      1891         2   708495                         6.1                       0.5
NZD                        0.004               0.060      0.59              0.63               10.1          75059.6              44112                      279                      4474         1   708495                         6.2                       0.6
GBP                        0.006               0.101      1.34              0.47                7.5          46912.2              62960                      296                      4739         1   708495                         8.9                       0.7
EU-OIL                     7.149             114.382    544.20              1.31               21.0             43.6              23737                      311                      4989         1   708495                         3.4                       0.7
NIKKEI                   959.203           15347.252  61110.00              1.57               25.1              0.5              28860                      452                      7247         1   708495                         4.1                       1.0
EUROSTX                   72.879            1166.060   5848.00              1.25               19.9              8.7              51017                      635                     10172         1   708495                         7.2                       1.4
LIVECOW                    2.120              33.915    253.38              0.84               13.4            300.2              76072                      636                     10182         1   708495                        10.7                       1.4
RUSSELL                   34.233             547.732   2776.60              1.23               19.7              3.8              10420                      128                      2055         5   708495                         7.4                       1.5
EU-BASIC                  17.311             276.979    817.70              2.12               33.9             43.6              35667                      755                     12081         1   708495                         5.0                       1.7
MSCIEMASIA                19.110             305.767   1097.65              1.74               27.9             75.1              82389                     1434                     22950         1   708495                        11.6                       3.2
GASOILINE                  0.065               1.043      3.57              1.82               29.2          31525.0             112604                     2054                     32874         1   708495                        15.9                       4.6

Sum of abs(notional exposure % capital) 190.1
Sum of abs(annualised risk % capital) 29.2
Net sum of annualised risk % capital 11.6 

===============================================================================================================================================================================================================================================
                                                                                                                 Correlations                                                                                                                  
===============================================================================================================================================================================================================================================

               CANOLA  CORN  CRUDE_W_micro  GAS-PEN  GASOILINE   V2X  EU-OIL  LEANHOG  LIVECOW  MUMMY  NIKKEI  RUBBER  TOPIX  AUD_micro   DAX  EU-BASIC  EUROSTX   GBP  MSCIEMASIA   MXP   NZD  RUSSELL   ZAR  BITCOIN  BUND  CAD10   JPY  KR10
CANOLA           1.00  0.38           0.37     0.13       0.41  0.22    0.11     0.20    -0.11   0.07    0.06    0.06   0.05      -0.07 -0.25     -0.14    -0.24 -0.17       -0.12 -0.21 -0.10    -0.11 -0.28    -0.04 -0.06  -0.15 -0.25 -0.08
CORN             0.38  1.00           0.39     0.29       0.41  0.24    0.14     0.08    -0.13   0.01   -0.06    0.21  -0.09       0.16 -0.24     -0.10    -0.22 -0.02       -0.05 -0.12  0.04    -0.21 -0.16    -0.09 -0.23  -0.27 -0.02 -0.25
CRUDE_W_micro    0.37  0.39           1.00     0.04       0.94  0.24    0.49     0.17     0.14   0.18    0.06    0.10   0.07      -0.02 -0.17     -0.18    -0.16 -0.30       -0.17 -0.28 -0.26    -0.25 -0.39     0.00 -0.38  -0.26 -0.38 -0.10
GAS-PEN          0.13  0.29           0.04     1.00       0.07  0.14    0.00    -0.15    -0.33   0.02   -0.14    0.09  -0.21       0.22 -0.14     -0.02    -0.11 -0.01        0.12  0.01  0.15    -0.15  0.04     0.10 -0.12  -0.07  0.02 -0.21
GASOILINE        0.41  0.41           0.94     0.07       1.00  0.20    0.54     0.17     0.15   0.20    0.13    0.16   0.11      -0.04 -0.11     -0.11    -0.09 -0.34       -0.10 -0.28 -0.26    -0.16 -0.40     0.08 -0.34  -0.22 -0.37 -0.17
V2X              0.22  0.24           0.24     0.14       0.20  1.00   -0.29    -0.03    -0.19  -0.20   -0.45   -0.32  -0.41      -0.43 -0.72     -0.62    -0.75 -0.41       -0.58 -0.41 -0.48    -0.58 -0.53    -0.31 -0.21  -0.34 -0.24 -0.11
EU-OIL           0.11  0.14           0.49     0.00       0.54 -0.29    1.00     0.20     0.17   0.29    0.36    0.38   0.40       0.22  0.37      0.38     0.44  0.01        0.21  0.03  0.08     0.05  0.07     0.06 -0.14   0.05 -0.18 -0.18
LEANHOG          0.20  0.08           0.17    -0.15       0.17 -0.03    0.20     1.00     0.13   0.30    0.10    0.17   0.26       0.03 -0.00      0.13    -0.03  0.03       -0.17 -0.00  0.06     0.03 -0.02    -0.05 -0.08  -0.02 -0.15 -0.06
LIVECOW         -0.11 -0.13           0.14    -0.33       0.15 -0.19    0.17     0.13     1.00   0.04    0.10    0.10   0.20      -0.05  0.24      0.11     0.20  0.09       -0.05  0.06 -0.09     0.01  0.02     0.01 -0.08  -0.06 -0.02  0.13
MUMMY            0.07  0.01           0.18     0.02       0.20 -0.20    0.29     0.30     0.04   1.00    0.46    0.21   0.57       0.13  0.33      0.31     0.29  0.05        0.21  0.17  0.05     0.18  0.16     0.05 -0.02   0.06 -0.21  0.05
NIKKEI           0.06 -0.06           0.06    -0.14       0.13 -0.45    0.36     0.10     0.10   0.46    1.00    0.42   0.87       0.36  0.39      0.62     0.44  0.21        0.58  0.34  0.28     0.41  0.43     0.17  0.05   0.16 -0.14 -0.04
RUBBER           0.06  0.21           0.10     0.09       0.16 -0.32    0.38     0.17     0.10   0.21    0.42    1.00   0.38       0.38  0.31      0.61     0.36  0.24        0.41  0.13  0.32     0.16  0.42     0.09 -0.01   0.07  0.08  0.01
TOPIX            0.05 -0.09           0.07    -0.21       0.11 -0.41    0.40     0.26     0.20   0.57    0.87    0.38   1.00       0.19  0.39      0.58     0.42  0.10        0.35  0.26  0.13     0.32  0.30    -0.01 -0.00   0.18 -0.23 -0.10
AUD_micro       -0.07  0.16          -0.02     0.22      -0.04 -0.43    0.22     0.03    -0.05   0.13    0.36    0.38   0.19       1.00  0.38      0.52     0.39  0.69        0.68  0.54  0.89     0.35  0.69     0.19  0.14   0.21  0.48  0.07
DAX             -0.25 -0.24          -0.17    -0.14      -0.11 -0.72    0.37    -0.00     0.24   0.33    0.39    0.31   0.39       0.38  1.00      0.63     0.94  0.38        0.61  0.31  0.37     0.44  0.55     0.36  0.30   0.44  0.25  0.20
EU-BASIC        -0.14 -0.10          -0.18    -0.02      -0.11 -0.62    0.38     0.13     0.11   0.31    0.62    0.61   0.58       0.52  0.63      1.00     0.74  0.35        0.67  0.49  0.50     0.51  0.72     0.23  0.20   0.30  0.17 -0.01
EUROSTX         -0.24 -0.22          -0.16    -0.11      -0.09 -0.75    0.44    -0.03     0.20   0.29    0.44    0.36   0.42       0.39  0.94      0.74     1.00  0.37        0.66  0.36  0.37     0.43  0.57     0.28  0.26   0.41  0.20  0.10
GBP             -0.17 -0.02          -0.30    -0.01      -0.34 -0.41    0.01     0.03     0.09   0.05    0.21    0.24   0.10       0.69  0.38      0.35     0.37  1.00        0.50  0.51  0.80     0.29  0.64     0.22  0.16   0.26  0.55  0.17
MSCIEMASIA      -0.12 -0.05          -0.17     0.12      -0.10 -0.58    0.21    -0.17    -0.05   0.21    0.58    0.41   0.35       0.68  0.61      0.67     0.66  0.50        1.00  0.58  0.62     0.57  0.72     0.37  0.30   0.26  0.28  0.01
MXP             -0.21 -0.12          -0.28     0.01      -0.28 -0.41    0.03    -0.00     0.06   0.17    0.34    0.13   0.26       0.54  0.31      0.49     0.36  0.51        0.58  1.00  0.57     0.40  0.63     0.10  0.17   0.08  0.25  0.02
NZD             -0.10  0.04          -0.26     0.15      -0.26 -0.48    0.08     0.06    -0.09   0.05    0.28    0.32   0.13       0.89  0.37      0.50     0.37  0.80        0.62  0.57  1.00     0.42  0.70     0.23  0.28   0.29  0.59  0.11
RUSSELL         -0.11 -0.21          -0.25    -0.15      -0.16 -0.58    0.05     0.03     0.01   0.18    0.41    0.16   0.32       0.35  0.44      0.51     0.43  0.29        0.57  0.40  0.42     1.00  0.43     0.45  0.33   0.20  0.16 -0.02
ZAR             -0.28 -0.16          -0.39     0.04      -0.40 -0.53    0.07    -0.02     0.02   0.16    0.43    0.42   0.30       0.69  0.55      0.72     0.57  0.64        0.72  0.63  0.70     0.43  1.00     0.24  0.33   0.30  0.44  0.21
BITCOIN         -0.04 -0.09           0.00     0.10       0.08 -0.31    0.06    -0.05     0.01   0.05    0.17    0.09  -0.01       0.19  0.36      0.23     0.28  0.22        0.37  0.10  0.23     0.45  0.24     1.00  0.06   0.08  0.07  0.11
BUND            -0.06 -0.23          -0.38    -0.12      -0.34 -0.21   -0.14    -0.08    -0.08  -0.02    0.05   -0.01  -0.00       0.14  0.30      0.20     0.26  0.16        0.30  0.17  0.28     0.33  0.33     0.06  1.00   0.60  0.45  0.46
CAD10           -0.15 -0.27          -0.26    -0.07      -0.22 -0.34    0.05    -0.02    -0.06   0.06    0.16    0.07   0.18       0.21  0.44      0.30     0.41  0.26        0.26  0.08  0.29     0.20  0.30     0.08  0.60   1.00  0.39  0.52
JPY             -0.25 -0.02          -0.38     0.02      -0.37 -0.24   -0.18    -0.15    -0.02  -0.21   -0.14    0.08  -0.23       0.48  0.25      0.17     0.20  0.55        0.28  0.25  0.59     0.16  0.44     0.07  0.45   0.39  1.00  0.31
KR10            -0.08 -0.25          -0.10    -0.21      -0.17 -0.11   -0.18    -0.06     0.13   0.05   -0.04    0.01  -0.10       0.07  0.20     -0.01     0.10  0.17        0.01  0.02  0.11    -0.02  0.21     0.11  0.46   0.52  0.31  1.00


********************************************************************************
                                 END OF REPORT                                  
********************************************************************************


