
********************************************************************************
                    Risk report produced on 22/10/2024 22:52                    
********************************************************************************


Total risk across all strategies, annualised percentage 11.9
Percentage of capital used for margin 68.1%

========================================
Risk per strategy, annualised percentage
========================================

                  risk
dynamic_TF_carry  11.9


===================
Risk by asset class
===================

Ags        2.5
Bond       0.7
Equity    10.4
FX         1.9
Metals     1.3
OilGas     0.6
Sector     1.6
Vol        1.0
dtype: float64


=====================================================
Beta loadings of asset class positions on asset class
=====================================================

Sector   -0.08
OilGas   -0.02
Vol      -0.02
Ags       0.03
Metals    0.05
FX        0.10
Bond      0.11
Equity    0.80
dtype: float64


========================================================
Beta loadings of full portfolio positions on asset class
========================================================

Vol      -0.20
Bond     -0.05
OilGas    0.02
Ags       0.07
Metals    0.13
Sector    0.30
Equity    0.82
FX        0.84
dtype: float64


===================================================================================================================================================================================================================================================================
                                                                                                                          Instrument risk                                                                                                                          
===================================================================================================================================================================================================================================================================

               daily_price_stdev  annual_price_stdev     price  daily_perc_stdev  annual_perc_stdev  point_size_base  contract_exposure  daily_risk_per_contract  annual_risk_per_contract  position  capital  exposure_held_perc_capital  annual_risk_perc_capital
VIX                        0.491               7.862     17.90              2.74               43.9            769.5              13773                      378                      6049        -1   589056                        -2.3                      -1.0
EU-BASIC                   8.820             141.113    555.00              1.59               25.4             41.6              23102                      367                      5873        -1   589056                        -3.9                      -1.0
COTTON2                    0.930              14.878     72.07              1.29               20.6            384.7              27727                      357                      5724        -1   589056                        -4.7                      -1.0
SOYMEAL                    4.506              72.094    314.90              1.43               22.9             76.9              24230                      346                      5547        -1   589056                        -4.1                      -0.9
EU-AUTO                    7.837             125.396    567.40              1.38               22.1             41.6              23618                      326                      5219        -1   589056                        -4.0                      -0.9
NZD                        0.004               0.060      0.60              0.62                9.9          76945.3              46424                      288                      4611        -1   589056                        -7.9                      -0.8
CRUDE_W_micro              1.514              24.219     71.25              2.12               34.0             76.9               5482                      116                      1863        -2   589056                        -1.9                      -0.6
CORN                       5.084              81.349    416.50              1.22               19.5             38.5              16023                      195                      3129        -1   589056                        -2.7                      -0.5
CANOLA                     8.958             143.334    644.40              1.39               22.2             11.1               7169                       99                      1594        -1   589056                        -1.2                      -0.3
MUMMY                     12.646             202.339    603.00              2.10               33.6              5.1               3075                       64                      1032         1   589056                         0.5                       0.2
TOPIX                     36.043             576.689   2654.75              1.36               21.7              5.1              13541                      183                      2941         1   589056                         2.3                       0.5
KR10                       0.433               6.931    115.89              0.37                6.0            559.7              64861                      242                      3878         1   589056                        11.0                       0.7
SUGAR11                    0.328               5.240     20.12              1.63               26.0            861.8              17339                      282                      4515         1   589056                         2.9                       0.8
MSCISING                   2.618              41.885    347.80              0.75               12.0             58.5              20339                      153                      2449         2   589056                         6.9                       0.8
DOW                      269.007            4304.118  43208.00              0.62               10.0              0.4              16623                      103                      1655         3   589056                         8.5                       0.8
LIVECOW                    1.091              17.455    188.70              0.58                9.2            307.8              58078                      335                      5372         1   589056                         9.9                       0.9
RUSSELL                   24.141             386.249   2245.90              1.07               17.2              3.8               8640                       92                      1486         4   589056                         5.9                       1.0
SILVER                     0.612               9.792     34.88              1.75               28.1            769.5              26842                      470                      7534         1   589056                         4.6                       1.3
YENEUR                     0.971              15.533    162.34              0.60                9.6            637.6             103511                      619                      9904         1   589056                        17.6                       1.7
LEANHOG                    1.083              17.330     78.85              1.37               22.0            307.8              24268                      333                      5333         2   589056                         8.2                       1.8
SMI                       78.418            1254.694  12192.00              0.64               10.3              8.9             108380                      697                     11153         1   589056                        18.4                       1.9
MIB                      285.453            4567.250  34530.00              0.83               13.2              4.2             143733                     1188                     19011         1   589056                        24.4                       3.2
MSCITAIWAN                11.781             188.502    979.90              1.20               19.2             76.9              75398                      906                     14504         2   589056                        25.6                       4.9

Sum of abs(notional exposure % capital) 179.4
Sum of abs(annualised risk % capital) 27.5
Net sum of annualised risk % capital 13.5 

===========================================================================================================================================================================================================
                                                                                               Correlations                                                                                                
===========================================================================================================================================================================================================

                DOW  EU-AUTO  EU-BASIC   MIB  MSCISING  MSCITAIWAN  MUMMY  RUSSELL   SMI  TOPIX  KR10   NZD  SILVER  CANOLA  CORN  SOYMEAL  COTTON2  CRUDE_W_micro  LEANHOG  LIVECOW  SUGAR11  YENEUR   VIX
DOW            1.00     0.50      0.32  0.61      0.44        0.41   0.50     0.73  0.56   0.46  0.31  0.23    0.24    0.08 -0.02    -0.09     0.23           0.15     0.27     0.17     0.19    0.18 -0.64
EU-AUTO        0.50     1.00      0.41  0.78      0.33        0.38   0.37     0.49  0.49   0.48  0.09  0.35    0.21    0.12 -0.15    -0.18     0.17           0.04     0.22     0.04     0.11    0.31 -0.46
EU-BASIC       0.32     0.41      1.00  0.49      0.39        0.48   0.25     0.29  0.39   0.52  0.09  0.46    0.48    0.18  0.16     0.13     0.22           0.19     0.16     0.23     0.26    0.19 -0.26
MIB            0.61     0.78      0.49  1.00      0.48        0.47   0.33     0.55  0.60   0.52  0.09  0.28    0.33    0.23 -0.11    -0.09     0.18           0.05     0.26     0.16     0.09    0.29 -0.55
MSCISING       0.44     0.33      0.39  0.48      1.00        0.57   0.41     0.37  0.41   0.50  0.19  0.22    0.26   -0.09 -0.04    -0.06     0.13           0.04     0.18     0.15     0.12    0.18 -0.61
MSCITAIWAN     0.41     0.38      0.48  0.47      0.57        1.00   0.39     0.27  0.49   0.66  0.17  0.20    0.43   -0.20 -0.07    -0.26     0.13           0.06    -0.02     0.20     0.06    0.24 -0.42
MUMMY          0.50     0.37      0.25  0.33      0.41        0.39   1.00     0.45  0.23   0.67  0.14  0.22    0.03    0.02  0.03    -0.02     0.31           0.06     0.19     0.12     0.25    0.19 -0.40
RUSSELL        0.73     0.49      0.29  0.55      0.37        0.27   0.45     1.00  0.37   0.34  0.14  0.13    0.10    0.18 -0.03    -0.03     0.26           0.09     0.32     0.19     0.11    0.05 -0.52
SMI            0.56     0.49      0.39  0.60      0.41        0.49   0.23     0.37  1.00   0.40  0.33  0.40    0.31   -0.01 -0.12    -0.20     0.17          -0.02     0.12     0.00     0.10    0.14 -0.48
TOPIX          0.46     0.48      0.52  0.52      0.50        0.66   0.67     0.34  0.40   1.00  0.04  0.19    0.27   -0.03 -0.07    -0.14     0.22           0.10     0.15     0.24     0.20    0.40 -0.46
KR10           0.31     0.09      0.09  0.09      0.19        0.17   0.14     0.14  0.33   0.04  1.00  0.20    0.13   -0.21 -0.01     0.05    -0.06          -0.24    -0.02    -0.07    -0.08   -0.20 -0.20
NZD            0.23     0.35      0.46  0.28      0.22        0.20   0.22     0.13  0.40   0.19  0.20  1.00    0.43    0.04 -0.04     0.08     0.09          -0.09    -0.02    -0.16     0.26   -0.00 -0.15
SILVER         0.24     0.21      0.48  0.33      0.26        0.43   0.03     0.10  0.31   0.27  0.13  0.43    1.00   -0.00 -0.05     0.01     0.13           0.14     0.09     0.08     0.08    0.18 -0.12
CANOLA         0.08     0.12      0.18  0.23     -0.09       -0.20   0.02     0.18 -0.01  -0.03 -0.21  0.04   -0.00    1.00  0.40     0.54     0.04           0.15     0.23     0.28     0.39    0.30  0.00
CORN          -0.02    -0.15      0.16 -0.11     -0.04       -0.07   0.03    -0.03 -0.12  -0.07 -0.01 -0.04   -0.05    0.40  1.00     0.61    -0.04           0.08     0.08     0.22     0.11    0.06  0.06
SOYMEAL       -0.09    -0.18      0.13 -0.09     -0.06       -0.26  -0.02    -0.03 -0.20  -0.14  0.05  0.08    0.01    0.54  0.61     1.00    -0.10          -0.07     0.04     0.17     0.25    0.02  0.05
COTTON2        0.23     0.17      0.22  0.18      0.13        0.13   0.31     0.26  0.17   0.22 -0.06  0.09    0.13    0.04 -0.04    -0.10     1.00           0.17     0.20     0.11     0.18    0.13 -0.15
CRUDE_W_micro  0.15     0.04      0.19  0.05      0.04        0.06   0.06     0.09 -0.02   0.10 -0.24 -0.09    0.14    0.15  0.08    -0.07     0.17           1.00     0.25     0.44     0.19    0.23 -0.04
LEANHOG        0.27     0.22      0.16  0.26      0.18       -0.02   0.19     0.32  0.12   0.15 -0.02 -0.02    0.09    0.23  0.08     0.04     0.20           0.25     1.00     0.34     0.08    0.06 -0.12
LIVECOW        0.17     0.04      0.23  0.16      0.15        0.20   0.12     0.19  0.00   0.24 -0.07 -0.16    0.08    0.28  0.22     0.17     0.11           0.44     0.34     1.00     0.16    0.34 -0.20
SUGAR11        0.19     0.11      0.26  0.09      0.12        0.06   0.25     0.11  0.10   0.20 -0.08  0.26    0.08    0.39  0.11     0.25     0.18           0.19     0.08     0.16     1.00    0.17 -0.16
YENEUR         0.18     0.31      0.19  0.29      0.18        0.24   0.19     0.05  0.14   0.40 -0.20 -0.00    0.18    0.30  0.06     0.02     0.13           0.23     0.06     0.34     0.17    1.00 -0.28
VIX           -0.64    -0.46     -0.26 -0.55     -0.61       -0.42  -0.40    -0.52 -0.48  -0.46 -0.20 -0.15   -0.12    0.00  0.06     0.05    -0.15          -0.04    -0.12    -0.20    -0.16   -0.28  1.00


********************************************************************************
                                 END OF REPORT                                  
********************************************************************************


