
********************************************************************************
                    Risk report produced on 11/09/2024 22:52                    
********************************************************************************


Total risk across all strategies, annualised percentage 6.8
Percentage of capital used for margin 69.4%

========================================
Risk per strategy, annualised percentage
========================================

                  risk
dynamic_TF_carry   6.8


===================
Risk by asset class
===================

Ags       2.7
Bond      2.1
Equity    3.4
FX        0.7
Metals    2.6
OilGas    3.5
Sector    0.4
Vol       1.4
dtype: float64


=====================================================
Beta loadings of asset class positions on asset class
=====================================================

Ags      -0.15
OilGas   -0.10
Metals   -0.09
Vol      -0.02
Sector   -0.01
FX        0.11
Equity    0.12
Bond      0.29
dtype: float64


========================================================
Beta loadings of full portfolio positions on asset class
========================================================

Ags      -0.23
OilGas   -0.11
Metals   -0.07
Vol      -0.06
Sector   -0.03
Equity    0.11
Bond      0.37
FX        0.37
dtype: float64


==================================================================================================================================================================================================================================================================
                                                                                                                         Instrument risk                                                                                                                          
==================================================================================================================================================================================================================================================================

              daily_price_stdev  annual_price_stdev     price  daily_perc_stdev  annual_perc_stdev  point_size_base  contract_exposure  daily_risk_per_contract  annual_risk_per_contract  position  capital  exposure_held_perc_capital  annual_risk_perc_capital
BRENT-LAST                1.290              20.637     70.04              1.84               29.5            763.4              53470                      984                     15755        -1   591880                        -9.0                      -2.7
ALUMINIUM                37.006             592.093   2334.00              1.59               25.4             19.1              44546                      706                     11300        -1   591880                        -7.5                      -1.9
GAS-PEN                   0.088               1.408      2.27              3.87               61.9           7634.3              17352                      671                     10746        -1   591880                        -2.9                      -1.8
VIX                       0.664              10.630     18.65              3.56               57.0            763.4              14238                      507                      8114        -1   591880                        -2.4                      -1.4
BITCOIN                1909.204           30547.271  57730.00              3.31               52.9              0.1               4407                      145                      2332        -3   591880                        -2.2                      -1.2
COTTON2                   1.052              16.824     69.63              1.51               24.2            381.7              26578                      401                      6422        -1   591880                        -4.5                      -1.1
CORN                      4.999              79.982    405.00              1.23               19.7             38.2              15459                      190                      3053        -2   591880                        -5.2                      -1.0
SOYMEAL                   4.833              77.329    322.30              1.50               24.0             76.3              24605                      368                      5903        -1   591880                        -4.2                      -1.0
WHEAT                     8.902             142.438    579.25              1.54               24.6             38.2              22110                      339                      5437        -1   591880                        -3.7                      -0.9
CHINAA-CON               17.698             283.168   1779.20              0.99               15.9             19.1              33957                      337                      5404        -1   591880                        -5.7                      -0.9
EU-OIL                    4.090              65.441    332.90              1.23               19.7             42.2              14032                      172                      2758        -1   591880                        -2.4                      -0.5
GAS_US_mini               0.079               1.266      2.58              3.07               49.1           1908.6               4924                      151                      2416        -1   591880                        -0.8                      -0.4
FTSECHINAA               97.032            1552.515  11227.00              0.86               13.8              0.8               8571                       74                      1185        -2   591880                        -2.9                      -0.4
IRON                      1.877              30.034     92.45              2.03               32.5             76.3               7057                      143                      2292        -1   591880                        -1.2                      -0.4
CANOLA                   11.077             177.236    582.80              1.90               30.4             11.2               6544                      124                      1990        -1   591880                        -1.1                      -0.3
RUSSELL                  29.090             465.434   2122.60              1.37               21.9              3.8               8102                      111                      1776        -1   591880                        -1.4                      -0.3
HANGENT_mini             81.070            1297.120   5931.00              1.37               21.9              1.0               5807                       79                      1270        -1   591880                        -1.0                      -0.2
EU-BANKS                  1.702              27.240    138.85              1.23               19.6             42.2               5852                       71                      1148         1   591880                         1.0                       0.2
MUMMY                    16.623             265.970    624.00              2.66               42.6              5.4               3372                       89                      1437         1   591880                         0.6                       0.2
KR10                      0.402               6.438    117.17              0.34                5.5            571.0              66909                      229                      3676         1   591880                        11.3                       0.6
GBP                       0.005               0.086      1.30              0.41                6.6          47714.7              62267                      257                      4123         1   591880                        10.5                       0.7
LEANHOG                   1.080              17.273     72.28              1.49               23.9            305.4              22070                      329                      5274         1   591880                         3.7                       0.9
MSCISING                  3.337              53.398    327.95              1.02               16.3             58.7              19234                      195                      3131         2   591880                         6.5                       1.1
NIKKEI                  726.601           11625.613  35440.00              2.05               32.8              0.5              19152                      392                      6282         1   591880                         3.2                       1.1
US20                      0.768              12.293    126.75              0.61                9.7            763.4              96765                      586                      9384         1   591880                        16.3                       1.6
MSCIEAFA                 21.542             344.665   2382.70              0.90               14.5             38.2              90951                      822                     13156         1   591880                        15.4                       2.2

Sum of abs(notional exposure % capital) 126.6
Sum of abs(annualised risk % capital) 25.0
Net sum of annualised risk % capital -7.8 

====================================================================================================================================================================================================================================================
                                                                                                                    Correlations                                                                                                                    
====================================================================================================================================================================================================================================================

              KR10  US20   VIX  CHINAA-CON  EU-BANKS  EU-OIL  FTSECHINAA   GBP  HANGENT_mini  MSCIEAFA  MSCISING  MUMMY  NIKKEI  RUSSELL  ALUMINIUM  BITCOIN  BRENT-LAST  COTTON2  IRON  GAS-PEN  GAS_US_mini  CANOLA  CORN  LEANHOG  SOYMEAL  WHEAT
KR10          1.00  0.70  0.21        0.06     -0.26   -0.27        0.04  0.19          0.10      0.01     -0.03  -0.14   -0.26     0.07      -0.01    -0.15       -0.26    -0.03  0.03    -0.09        -0.11   -0.21 -0.04    -0.04     0.10  -0.10
US20          0.70  1.00  0.31       -0.06     -0.38   -0.37       -0.04  0.28          0.03     -0.04     -0.11  -0.36   -0.44     0.03       0.01    -0.19       -0.28    -0.20 -0.02     0.01        -0.03   -0.25  0.05     0.02     0.19  -0.01
VIX           0.21  0.31  1.00       -0.24     -0.67   -0.46       -0.24 -0.20         -0.34     -0.65     -0.67  -0.76   -0.80    -0.57      -0.17    -0.31       -0.19    -0.16  0.12    -0.26        -0.30   -0.23 -0.00    -0.00     0.21  -0.02
CHINAA-CON    0.06 -0.06 -0.24        1.00      0.33    0.29        0.93  0.30          0.71      0.44      0.45   0.30    0.28     0.45       0.31     0.33        0.21     0.26  0.18    -0.01        -0.04    0.12 -0.11     0.13    -0.01  -0.20
EU-BANKS     -0.26 -0.38 -0.67        0.33      1.00    0.61        0.32  0.24          0.34      0.64      0.57   0.56    0.63     0.60       0.17     0.29        0.07     0.15 -0.08     0.12         0.15    0.40  0.04     0.20    -0.02   0.10
EU-OIL       -0.27 -0.37 -0.46        0.29      0.61    1.00        0.29  0.05          0.38      0.52      0.39   0.41    0.56     0.33       0.30     0.15        0.39     0.20  0.14     0.16         0.19    0.27  0.09     0.08    -0.04   0.13
FTSECHINAA    0.04 -0.04 -0.24        0.93      0.32    0.29        1.00  0.34          0.77      0.46      0.44   0.23    0.26     0.41       0.35     0.25        0.21     0.28  0.24     0.02        -0.01    0.13 -0.12     0.14     0.01  -0.13
GBP           0.19  0.28 -0.20        0.30      0.24    0.05        0.34  1.00          0.40      0.58      0.35   0.26    0.23     0.50       0.16     0.19        0.01     0.04  0.03     0.01         0.00    0.03 -0.16     0.14    -0.05  -0.14
HANGENT_mini  0.10  0.03 -0.34        0.71      0.34    0.38        0.77  0.40          1.00      0.57      0.55   0.33    0.32     0.37       0.38     0.13        0.23     0.21  0.15     0.15         0.14    0.05 -0.12     0.10    -0.03  -0.12
MSCIEAFA      0.01 -0.04 -0.65        0.44      0.64    0.52        0.46  0.58          0.57      1.00      0.70   0.64    0.69     0.73       0.28     0.34        0.16     0.18  0.05     0.11         0.12    0.10 -0.06     0.11    -0.19  -0.06
MSCISING     -0.03 -0.11 -0.67        0.45      0.57    0.39        0.44  0.35          0.55      0.70      1.00   0.69    0.66     0.60       0.37     0.25        0.11     0.12  0.03     0.11         0.12    0.04 -0.07     0.00    -0.15  -0.11
MUMMY        -0.14 -0.36 -0.76        0.30      0.56    0.41        0.23  0.26          0.33      0.64      0.69   1.00    0.88     0.57       0.15     0.35        0.22     0.19 -0.04     0.14         0.13    0.12 -0.09    -0.04    -0.34  -0.23
NIKKEI       -0.26 -0.44 -0.80        0.28      0.63    0.56        0.26  0.23          0.32      0.69      0.66   0.88    1.00     0.55       0.17     0.31        0.32     0.25 -0.00     0.21         0.21    0.18 -0.09    -0.08    -0.32  -0.15
RUSSELL       0.07  0.03 -0.57        0.45      0.60    0.33        0.41  0.50          0.37      0.73      0.60   0.57    0.55     1.00       0.13     0.44        0.11     0.15  0.03    -0.08        -0.07    0.11  0.01     0.10    -0.12  -0.10
ALUMINIUM    -0.01  0.01 -0.17        0.31      0.17    0.30        0.35  0.16          0.38      0.28      0.37   0.15    0.17     0.13       1.00     0.16        0.28     0.10  0.39    -0.00        -0.00    0.04 -0.14     0.13    -0.06   0.02
BITCOIN      -0.15 -0.19 -0.31        0.33      0.29    0.15        0.25  0.19          0.13      0.34      0.25   0.35    0.31     0.44       0.16     1.00        0.15     0.09  0.10    -0.01         0.01    0.03 -0.02     0.09    -0.16  -0.00
BRENT-LAST   -0.26 -0.28 -0.19        0.21      0.07    0.39        0.21  0.01          0.23      0.16      0.11   0.22    0.32     0.11       0.28     0.15        1.00     0.38  0.19     0.03         0.04    0.13 -0.05    -0.05    -0.23  -0.10
COTTON2      -0.03 -0.20 -0.16        0.26      0.15    0.20        0.28  0.04          0.21      0.18      0.12   0.19    0.25     0.15       0.10     0.09        0.38     1.00  0.14    -0.21        -0.13    0.10 -0.02    -0.03    -0.17  -0.16
IRON          0.03 -0.02  0.12        0.18     -0.08    0.14        0.24  0.03          0.15      0.05      0.03  -0.04   -0.00     0.03       0.39     0.10        0.19     0.14  1.00    -0.31        -0.29    0.09 -0.09     0.01     0.18   0.05
GAS-PEN      -0.09  0.01 -0.26       -0.01      0.12    0.16        0.02  0.01          0.15      0.11      0.11   0.14    0.21    -0.08      -0.00    -0.01        0.03    -0.21 -0.31     1.00         0.97    0.14  0.22     0.04     0.03   0.13
GAS_US_mini  -0.11 -0.03 -0.30       -0.04      0.15    0.19       -0.01  0.00          0.14      0.12      0.12   0.13    0.21    -0.07      -0.00     0.01        0.04    -0.13 -0.29     0.97         1.00    0.12  0.24     0.04     0.05   0.12
CANOLA       -0.21 -0.25 -0.23        0.12      0.40    0.27        0.13  0.03          0.05      0.10      0.04   0.12    0.18     0.11       0.04     0.03        0.13     0.10  0.09     0.14         0.12    1.00  0.31     0.25     0.32   0.40
CORN         -0.04  0.05 -0.00       -0.11      0.04    0.09       -0.12 -0.16         -0.12     -0.06     -0.07  -0.09   -0.09     0.01      -0.14    -0.02       -0.05    -0.02 -0.09     0.22         0.24    0.31  1.00    -0.02     0.46   0.60
LEANHOG      -0.04  0.02 -0.00        0.13      0.20    0.08        0.14  0.14          0.10      0.11      0.00  -0.04   -0.08     0.10       0.13     0.09       -0.05    -0.03  0.01     0.04         0.04    0.25 -0.02     1.00     0.13   0.20
SOYMEAL       0.10  0.19  0.21       -0.01     -0.02   -0.04        0.01 -0.05         -0.03     -0.19     -0.15  -0.34   -0.32    -0.12      -0.06    -0.16       -0.23    -0.17  0.18     0.03         0.05    0.32  0.46     0.13     1.00   0.31
WHEAT        -0.10 -0.01 -0.02       -0.20      0.10    0.13       -0.13 -0.14         -0.12     -0.06     -0.11  -0.23   -0.15    -0.10       0.02    -0.00       -0.10    -0.16  0.05     0.13         0.12    0.40  0.60     0.20     0.31   1.00


********************************************************************************
                                 END OF REPORT                                  
********************************************************************************


