
********************************************************************************
                    Risk report produced on 09/06/2023 22:52                    
********************************************************************************


Total risk across all strategies, annualised percentage 9.9
Percentage of capital used for margin 62.0%

========================================
Risk per strategy, annualised percentage
========================================

                  risk
dynamic_TF_carry   9.9


===================
Risk by asset class
===================

Ags       2.6
Equity    1.3
FX        6.8
Metals    0.6
OilGas    1.1
Sector    2.4
Vol       2.8
dtype: float64


=====================================================
Beta loadings of asset class positions on asset class
=====================================================

FX       -0.87
Ags      -0.10
Vol      -0.06
OilGas   -0.01
Metals   -0.01
Equity    0.06
Sector    0.13
dtype: float64


========================================================
Beta loadings of full portfolio positions on asset class
========================================================

FX       -0.86
Metals   -0.15
Vol      -0.09
Ags      -0.04
OilGas    0.00
Equity    0.12
Sector    0.12
dtype: float64


=================================================================================================================================================================================================================================================================
                                                                                                                         Instrument risk                                                                                                                         
=================================================================================================================================================================================================================================================================

             daily_price_stdev  annual_price_stdev     price  daily_perc_stdev  annual_perc_stdev  point_size_base  contract_exposure  daily_risk_per_contract  annual_risk_per_contract  position  capital  exposure_held_perc_capital  annual_risk_perc_capital
JPY                      0.000               0.001      0.01              0.61                9.7        9956985.8              71516                      433                      6936        -2   354546                       -40.3                      -3.9
CHF                      0.005               0.087      1.11              0.49                7.8          99569.9             110363                      539                      8634        -1   354546                       -31.1                      -2.4
LEANHOG                  1.616              25.864     88.00              1.84               29.4            318.6              28038                      515                      8240        -1   354546                        -7.9                      -2.3
VIX                      0.555               8.886     18.40              3.02               48.3            796.6              14656                      442                      7078        -1   354546                        -4.1                      -2.0
CORN                     7.344             117.505    530.50              1.38               22.1             39.8              21128                      292                      4679        -1   354546                        -6.0                      -1.3
GAS_US_mini              0.127               2.038      2.34              5.44               87.1           1991.4               4659                      253                      4058        -1   354546                        -1.3                      -1.1
RUSSELL                 27.779             444.458   1867.20              1.49               23.8              4.0               7436                      110                      1770        -2   354546                        -4.2                      -1.0
V2X                      0.628              10.046     15.85              3.96               63.4             85.9               1360                       53                       862        -4   354546                        -1.5                      -1.0
GOLD_micro              17.476             279.612   1975.60              0.88               14.2              8.0              15736                      139                      2227        -1   354546                        -4.4                      -0.6
REDWHEAT                17.670             282.725    795.50              2.22               35.5             39.8              31683                      703                     11260         0   354546                         0.0                       0.0
EU-BANKS                 1.541              24.663    103.15              1.49               23.9             42.9               4428                       66                      1058         1   354546                         1.2                       0.3
BITCOIN                961.281           15380.501  26565.00              3.62               57.9              0.1               2116                       76                      1225         1   354546                         0.6                       0.3
KOSDAQ                  17.881             286.095   1342.75              1.33               21.3              6.2               8267                      110                      1761         1   354546                         2.3                       0.5
BRE                      0.002               0.026      0.20              0.81               13.0          79655.9              16281                      131                      2110         1   354546                         4.6                       0.6
MSCISING                 3.147              50.351    289.35              1.09               17.4             59.3              17167                      186                      2987         1   354546                         4.8                       0.8
NIKKEI                 334.912            5358.600  32185.00              1.04               16.6              0.6              18400                      191                      3063         1   354546                         5.2                       0.9
EU-OIL                   4.500              71.999    338.00              1.33               21.3             42.9              14509                      193                      3090         1   354546                         4.1                       0.9
EU-AUTO                  8.554             136.857    625.80              1.37               21.9             42.9              26864                      367                      5875         1   354546                         7.6                       1.7
LIVECOW                  1.285              20.566    171.92              0.75               12.0            318.6              54779                      409                      6552         1   354546                        15.5                       1.8
CNH                      0.019               0.299      7.13              0.26                4.2          11169.6              79654                      208                      3343         2   354546                        44.9                       1.9

Sum of abs(notional exposure % capital) 191.6
Sum of abs(annualised risk % capital) 25.3
Net sum of annualised risk % capital -5.9 

=================================================================================================================================================================================
                                                                                  Correlations                                                                                   
=================================================================================================================================================================================

              V2X   VIX   CNH  BITCOIN   BRE  EU-AUTO  EU-BANKS  EU-OIL  GAS_US_mini  KOSDAQ  LIVECOW  MSCISING  NIKKEI  RUSSELL   CHF  GOLD_micro   JPY  CORN  LEANHOG  REDWHEAT
V2X          1.00  0.81  0.14    -0.17 -0.45    -0.69     -0.70   -0.50        -0.28   -0.28    -0.50     -0.52   -0.70    -0.72 -0.17       -0.01  0.02 -0.06    -0.18     -0.11
VIX          0.81  1.00  0.02    -0.27 -0.46    -0.57     -0.62   -0.38        -0.25   -0.39    -0.50     -0.47   -0.65    -0.72  0.05        0.07  0.14 -0.07    -0.08      0.08
CNH          0.14  0.02  1.00    -0.23 -0.22    -0.18     -0.07   -0.04         0.18   -0.13     0.16     -0.33   -0.04    -0.24 -0.72       -0.64 -0.43  0.05    -0.12     -0.10
BITCOIN     -0.17 -0.27 -0.23     1.00  0.25     0.22      0.17    0.07         0.00    0.31    -0.01      0.36    0.26     0.47  0.20        0.23  0.10 -0.02    -0.16     -0.05
BRE         -0.45 -0.46 -0.22     0.25  1.00     0.27      0.38    0.48         0.09    0.17     0.19      0.33    0.28     0.41  0.16        0.25  0.11  0.24     0.19      0.26
EU-AUTO     -0.69 -0.57 -0.18     0.22  0.27     1.00      0.73    0.43         0.16    0.41     0.26      0.49    0.61     0.66  0.20       -0.06 -0.07  0.08     0.09     -0.03
EU-BANKS    -0.70 -0.62 -0.07     0.17  0.38     0.73      1.00    0.47         0.24    0.32     0.38      0.40    0.52     0.61  0.20       -0.07 -0.14  0.01     0.17     -0.08
EU-OIL      -0.50 -0.38 -0.04     0.07  0.48     0.43      0.47    1.00         0.36    0.27     0.14      0.29    0.41     0.48  0.06        0.09 -0.11  0.20     0.12      0.15
GAS_US_mini -0.28 -0.25  0.18     0.00  0.09     0.16      0.24    0.36         1.00   -0.02     0.20      0.09    0.33     0.26  0.02       -0.06 -0.14  0.15    -0.02      0.10
KOSDAQ      -0.28 -0.39 -0.13     0.31  0.17     0.41      0.32    0.27        -0.02    1.00     0.09      0.29    0.37     0.46  0.12        0.09 -0.09  0.07    -0.03     -0.06
LIVECOW     -0.50 -0.50  0.16    -0.01  0.19     0.26      0.38    0.14         0.20    0.09     1.00      0.13    0.32     0.34 -0.06       -0.16 -0.16  0.22     0.33      0.08
MSCISING    -0.52 -0.47 -0.33     0.36  0.33     0.49      0.40    0.29         0.09    0.29     0.13      1.00    0.52     0.47  0.24        0.10  0.10  0.02     0.04      0.09
NIKKEI      -0.70 -0.65 -0.04     0.26  0.28     0.61      0.52    0.41         0.33    0.37     0.32      0.52    1.00     0.66  0.14       -0.03 -0.32  0.02     0.06     -0.10
RUSSELL     -0.72 -0.72 -0.24     0.47  0.41     0.66      0.61    0.48         0.26    0.46     0.34      0.47    0.66     1.00  0.21        0.11 -0.01  0.13     0.09      0.08
CHF         -0.17  0.05 -0.72     0.20  0.16     0.20      0.20    0.06         0.02    0.12    -0.06      0.24    0.14     0.21  1.00        0.63  0.50 -0.08     0.22      0.03
GOLD_micro  -0.01  0.07 -0.64     0.23  0.25    -0.06     -0.07    0.09        -0.06    0.09    -0.16      0.10   -0.03     0.11  0.63        1.00  0.50 -0.06    -0.01      0.12
JPY          0.02  0.14 -0.43     0.10  0.11    -0.07     -0.14   -0.11        -0.14   -0.09    -0.16      0.10   -0.32    -0.01  0.50        0.50  1.00 -0.01    -0.02      0.23
CORN        -0.06 -0.07  0.05    -0.02  0.24     0.08      0.01    0.20         0.15    0.07     0.22      0.02    0.02     0.13 -0.08       -0.06 -0.01  1.00     0.03      0.55
LEANHOG     -0.18 -0.08 -0.12    -0.16  0.19     0.09      0.17    0.12        -0.02   -0.03     0.33      0.04    0.06     0.09  0.22       -0.01 -0.02  0.03     1.00      0.08
REDWHEAT    -0.11  0.08 -0.10    -0.05  0.26    -0.03     -0.08    0.15         0.10   -0.06     0.08      0.09   -0.10     0.08  0.03        0.12  0.23  0.55     0.08      1.00


********************************************************************************
                                 END OF REPORT                                  
********************************************************************************


