
********************************************************************************
                    Risk report produced on 06/06/2023 22:52                    
********************************************************************************


Total risk across all strategies, annualised percentage 9.2
Percentage of capital used for margin 62.1%

========================================
Risk per strategy, annualised percentage
========================================

                  risk
dynamic_TF_carry   9.2


===================
Risk by asset class
===================

Ags       2.7
Equity    1.4
FX        6.7
Metals    0.6
OilGas    1.2
Sector    2.5
Vol       2.9
dtype: float64


=====================================================
Beta loadings of asset class positions on asset class
=====================================================

FX       -0.88
Ags      -0.11
Vol      -0.06
OilGas   -0.01
Metals   -0.01
Equity    0.06
Sector    0.13
dtype: float64


========================================================
Beta loadings of full portfolio positions on asset class
========================================================

FX       -0.87
Metals   -0.15
Vol      -0.10
Ags      -0.03
OilGas   -0.00
Sector    0.12
Equity    0.13
dtype: float64


=================================================================================================================================================================================================================================================================
                                                                                                                         Instrument risk                                                                                                                         
=================================================================================================================================================================================================================================================================

             daily_price_stdev  annual_price_stdev     price  daily_perc_stdev  annual_perc_stdev  point_size_base  contract_exposure  daily_risk_per_contract  annual_risk_per_contract  position  capital  exposure_held_perc_capital  annual_risk_perc_capital
JPY                      0.000               0.001      0.01              0.60                9.7       10044194.5              72062                      435                      6973        -2   356046                       -40.5                      -3.9
LEANHOG                  1.740              27.836     88.50              1.97               31.5            321.4              28445                      559                      8946        -1   356046                        -8.0                      -2.5
CHF                      0.005               0.078      1.10              0.44                7.0         100441.9             110822                      487                      7792        -1   356046                       -31.1                      -2.2
VIX                      0.578               9.243     18.70              3.09               49.4            803.5              15026                      464                      7427        -1   356046                        -4.2                      -2.1
CORN                     7.429             118.869    540.25              1.38               22.0             40.2              21705                      298                      4775        -1   356046                        -6.1                      -1.3
GAS_US_mini              0.132               2.107      2.38              5.53               88.5           2008.8               4781                      264                      4233        -1   356046                        -1.3                      -1.2
V2X                      0.664              10.623     16.35              4.06               65.0             86.2               1408                       57                       915        -4   356046                        -1.6                      -1.0
RUSSELL                 27.842             445.470   1856.90              1.50               24.0              4.0               7460                      111                      1789        -2   356046                        -4.2                      -1.0
GOLD_micro              17.088             273.404   1979.30              0.86               13.8              8.0              15904                      137                      2196        -1   356046                        -4.5                      -0.6
REDWHEAT                17.174             274.786    813.50              2.11               33.8             40.2              32683                      690                     11040         0   356046                         0.0                       0.0
EU-BANKS                 1.615              25.842    102.85              1.57               25.1             43.1               4431                       69                      1113         1   356046                         1.2                       0.3
BITCOIN                993.094           15889.509  26850.00              3.70               59.2              0.1               2157                       79                      1276         1   356046                         0.6                       0.4
KOSDAQ                  18.230             291.677   1321.00              1.38               22.1              6.2               8158                      112                      1801         1   356046                         2.3                       0.5
BRE                      0.002               0.027      0.20              0.84               13.4          80353.6              16279                      136                      2182         1   356046                         4.6                       0.6
NIKKEI                 306.576            4905.216  32355.00              0.95               15.2              0.6              18638                      176                      2825         1   356046                         5.2                       0.8
MSCISING                 3.301              52.812    287.50              1.15               18.4             59.6              17132                      196                      3147         1   356046                         4.8                       0.9
EU-OIL                   4.716              75.463    333.90              1.41               22.6             43.1              14386                      203                      3251         1   356046                         4.0                       0.9
EU-AUTO                  8.941             143.059    617.90              1.45               23.2             43.1              26622                      385                      6163         1   356046                         7.5                       1.7
LIVECOW                  1.227              19.638    175.62              0.70               11.2            321.4              56448                      394                      6311         1   356046                        15.9                       1.8
CNH                      0.020               0.314      7.11              0.28                4.4          11282.4              80266                      221                      3539         2   356046                        45.1                       2.0

Sum of abs(notional exposure % capital) 192.7
Sum of abs(annualised risk % capital) 25.7
Net sum of annualised risk % capital -5.9 

=================================================================================================================================================================================
                                                                                  Correlations                                                                                   
=================================================================================================================================================================================

              V2X   VIX   CNH   BRE  EU-AUTO  EU-BANKS  EU-OIL  KOSDAQ  LEANHOG  LIVECOW  MSCISING  NIKKEI  RUSSELL   CHF  GOLD_micro   JPY  BITCOIN  CORN  GAS_US_mini  REDWHEAT
V2X          1.00  0.68  0.12 -0.35    -0.67     -0.67   -0.50   -0.36    -0.24    -0.40     -0.35   -0.61    -0.59 -0.13       -0.01 -0.04    -0.01  0.18        -0.01     -0.00
VIX          0.68  1.00  0.12 -0.52    -0.48     -0.49   -0.34   -0.37    -0.18    -0.50     -0.29   -0.46    -0.71  0.01        0.01 -0.01    -0.27  0.01        -0.16     -0.09
CNH          0.12  0.12  1.00 -0.10    -0.17      0.03    0.01   -0.15     0.07     0.15     -0.29   -0.07    -0.30 -0.48       -0.65 -0.46    -0.20  0.07         0.01      0.04
BRE         -0.35 -0.52 -0.10  1.00     0.24      0.25    0.39    0.21     0.29     0.24      0.14    0.20     0.38 -0.00        0.14  0.17     0.23  0.14        -0.10      0.10
EU-AUTO     -0.67 -0.48 -0.17  0.24     1.00      0.68    0.44    0.41     0.28     0.38      0.39    0.54     0.60  0.18        0.04  0.11    -0.00 -0.23         0.08     -0.07
EU-BANKS    -0.67 -0.49  0.03  0.25     0.68      1.00    0.60    0.32     0.39     0.44      0.47    0.41     0.45  0.03       -0.27 -0.06    -0.08 -0.15         0.03     -0.10
EU-OIL      -0.50 -0.34  0.01  0.39     0.44      0.60    1.00    0.42     0.26     0.21      0.32    0.44     0.39  0.02       -0.05 -0.05     0.05 -0.01         0.20      0.11
KOSDAQ      -0.36 -0.37 -0.15  0.21     0.41      0.32    0.42    1.00     0.16     0.40      0.37    0.50     0.45  0.28        0.15  0.09     0.24 -0.00         0.11     -0.02
LEANHOG     -0.24 -0.18  0.07  0.29     0.28      0.39    0.26    0.16     1.00     0.40      0.17    0.12     0.23  0.02       -0.10  0.02    -0.05  0.02         0.08      0.08
LIVECOW     -0.40 -0.50  0.15  0.24     0.38      0.44    0.21    0.40     0.40     1.00      0.16    0.26     0.43  0.00       -0.18 -0.04     0.07  0.14         0.02      0.05
MSCISING    -0.35 -0.29 -0.29  0.14     0.39      0.47    0.32    0.37     0.17     0.16      1.00    0.35     0.30  0.29        0.16  0.15     0.19 -0.10         0.05     -0.00
NIKKEI      -0.61 -0.46 -0.07  0.20     0.54      0.41    0.44    0.50     0.12     0.26      0.35    1.00     0.57  0.15        0.02 -0.28     0.12 -0.21         0.29     -0.07
RUSSELL     -0.59 -0.71 -0.30  0.38     0.60      0.45    0.39    0.45     0.23     0.43      0.30    0.57     1.00  0.24        0.21  0.12     0.35 -0.08         0.24      0.11
CHF         -0.13  0.01 -0.48 -0.00     0.18      0.03    0.02    0.28     0.02     0.00      0.29    0.15     0.24  1.00        0.64  0.58     0.07 -0.14        -0.14     -0.06
GOLD_micro  -0.01  0.01 -0.65  0.14     0.04     -0.27   -0.05    0.15    -0.10    -0.18      0.16    0.02     0.21  0.64        1.00  0.66     0.21  0.03        -0.17      0.07
JPY         -0.04 -0.01 -0.46  0.17     0.11     -0.06   -0.05    0.09     0.02    -0.04      0.15   -0.28     0.12  0.58        0.66  1.00     0.06  0.01        -0.30      0.02
BITCOIN     -0.01 -0.27 -0.20  0.23    -0.00     -0.08    0.05    0.24    -0.05     0.07      0.19    0.12     0.35  0.07        0.21  0.06     1.00  0.04         0.04      0.13
CORN         0.18  0.01  0.07  0.14    -0.23     -0.15   -0.01   -0.00     0.02     0.14     -0.10   -0.21    -0.08 -0.14        0.03  0.01     0.04  1.00        -0.02      0.47
GAS_US_mini -0.01 -0.16  0.01 -0.10     0.08      0.03    0.20    0.11     0.08     0.02      0.05    0.29     0.24 -0.14       -0.17 -0.30     0.04 -0.02         1.00      0.11
REDWHEAT    -0.00 -0.09  0.04  0.10    -0.07     -0.10    0.11   -0.02     0.08     0.05     -0.00   -0.07     0.11 -0.06        0.07  0.02     0.13  0.47         0.11      1.00


********************************************************************************
                                 END OF REPORT                                  
********************************************************************************


