
********************************************************************************
                    Risk report produced on 15/10/2025 22:53                    
********************************************************************************


Total risk across all strategies, annualised percentage 14.6
Percentage of capital used for margin 43.0%

========================================
Risk per strategy, annualised percentage
========================================

                  risk
dynamic_TF_carry  14.6


===================
Risk by asset class
===================

Ags       3.8
Bond      2.8
Equity    9.3
FX        2.5
Metals    4.9
OilGas    2.3
dtype: float64


=====================================================
Beta loadings of asset class positions on asset class
=====================================================

OilGas   -0.07
FX        0.07
Ags       0.17
Metals    0.26
Bond      0.65
Equity    0.81
dtype: float64


========================================================
Beta loadings of full portfolio positions on asset class
========================================================

OilGas   -0.10
Ags       0.32
Metals    0.37
Bond      0.62
FX        0.81
Equity    0.93
dtype: float64


===================================================================================================================================================================================================================================================================
                                                                                                                          Instrument risk                                                                                                                          
===================================================================================================================================================================================================================================================================

               daily_price_stdev  annual_price_stdev     price  daily_perc_stdev  annual_perc_stdev  point_size_base  contract_exposure  daily_risk_per_contract  annual_risk_per_contract  position  capital  exposure_held_perc_capital  annual_risk_perc_capital
GAS-PEN                    0.092               1.473      3.03              3.04               48.7           7489.7              22671                      689                     11031        -1   627134                        -3.6                      -1.8
SP500_micro               61.529             984.462   6720.75              0.92               14.6              3.7              25168                      230                      3686        -2   627134                        -8.0                      -1.2
JPY                        0.000               0.001      0.01              0.64               10.3        9362068.6              62276                      400                      6406        -1   627134                        -9.9                      -1.0
CRUDE_W_micro              1.037              16.593     57.94              1.79               28.6             74.9               4339                       77                      1242        -3   627134                        -2.1                      -0.6
WHEAT                      6.159              98.540    498.75              1.23               19.8             37.4              18677                      230                      3690        -1   627134                        -3.0                      -0.6
RICE                       0.149               2.390     10.86              1.37               22.0           1497.9              16275                      223                      3580        -1   627134                        -2.6                      -0.6
KRWUSD_mini                0.004               0.061      0.70              0.55                8.7          18724.1              13183                       71                      1150        -3   627134                        -6.3                      -0.6
GAS_US_mini                0.093               1.484      3.04              3.05               48.7           1872.4               5701                      173                      2778        -1   627134                        -0.9                      -0.4
EUR_micro                  0.005               0.076      1.17              0.41                6.5           9362.1              10933                       44                       711        -1   627134                        -1.7                      -0.1
MXP                        0.000               0.004      0.05              0.51                8.2         374482.7              20135                      103                      1657         1   627134                         3.2                       0.3
BRE                        0.001               0.023      0.18              0.79               12.7          74896.5              13676                      108                      1737         1   627134                         2.2                       0.3
FTSECHINAA               228.821            3661.132  14791.00              1.55               24.8              0.7              11077                      171                      2742         1   627134                         1.8                       0.4
GBP                        0.005               0.085      1.34              0.40                6.3          46810.3              62660                      248                      3978         1   627134                        10.0                       0.6
LEANHOG                    1.123              17.970     83.48              1.35               21.5            299.6              25007                      336                      5383         1   627134                         4.0                       0.9
TOPIX                     36.087             577.399   3171.75              1.14               18.2              5.0              15712                      178                      2860         2   627134                         5.0                       0.9
YENEUR                     0.824              13.185    175.56              0.47                7.5            619.2             108714                      510                      8164         1   627134                        17.3                       1.3
CAD10                      0.336               5.374    122.95              0.27                4.4            533.5              65599                      179                      2867         3   627134                        31.4                       1.4
GOLD_micro                38.174             610.780   4220.50              0.90               14.5              7.5              31610                      285                      4574         2   627134                        10.1                       1.5
SILVER                     0.886              14.171     52.46              1.69               27.0            749.0              39286                      663                     10613         1   627134                         6.3                       1.7
OAT                        0.383               6.122    123.34              0.31                5.0            870.2             107329                      332                      5326         2   627134                        34.2                       1.7
MSCITAIWAN                12.957             207.311   1186.10              1.09               17.5             74.9              88834                      970                     15526         1   627134                        14.2                       2.5
PLAT                      27.370             437.920   1689.80              1.62               25.9             37.4              63280                     1024                     16399         1   627134                        10.1                       2.6
FEEDCOW                    3.617              57.876    380.85              0.95               15.2            374.5             142621                     1354                     21673         1   627134                        22.7                       3.5
AEX                        9.078             145.254    956.55              0.95               15.2            174.0             166476                     1579                     25279         1   627134                        26.5                       4.0
MIB                      371.238            5939.803  41705.00              0.89               14.2              4.4             181457                     1615                     25843         1   627134                        28.9                       4.1

Sum of abs(notional exposure % capital) 266.0
Sum of abs(annualised risk % capital) 34.6
Net sum of annualised risk % capital 20.8 

========================================================================================================================================================================================================================================
                                                                                                              Correlations                                                                                                              
========================================================================================================================================================================================================================================

               EUR_micro   GBP  CAD10   JPY  KRWUSD_mini   OAT   AEX   BRE  CRUDE_W_micro  FEEDCOW  FTSECHINAA   MIB  MSCITAIWAN   MXP  SP500_micro  TOPIX  YENEUR  GOLD_micro  PLAT  SILVER  GAS-PEN  GAS_US_mini  LEANHOG  RICE  WHEAT
EUR_micro           1.00  0.76   0.02  0.58         0.50  0.01 -0.11  0.27          -0.18    -0.02        0.08  0.02        0.06  0.37        -0.06   0.07    0.19        0.23  0.05    0.07    -0.14        -0.10     0.20  0.15   0.15
GBP                 0.76  1.00   0.19  0.46         0.38  0.16  0.16  0.42          -0.07     0.03        0.24  0.40        0.36  0.46         0.30   0.39    0.18        0.25  0.17    0.24    -0.07        -0.02     0.20  0.12   0.06
CAD10               0.02  0.19   1.00  0.36        -0.07  0.62  0.03  0.06          -0.29    -0.36       -0.18 -0.14       -0.12 -0.11        -0.01  -0.16   -0.41        0.07 -0.12   -0.03     0.00        -0.02    -0.15 -0.11  -0.16
JPY                 0.58  0.46   0.36  1.00         0.52  0.34 -0.12  0.04          -0.24    -0.30       -0.04 -0.14       -0.25 -0.00        -0.20  -0.31   -0.66        0.22 -0.08   -0.08    -0.23        -0.22     0.12  0.14   0.06
KRWUSD_mini         0.50  0.38  -0.07  0.52         1.00  0.13  0.02  0.19          -0.24     0.02        0.06  0.07        0.06  0.21         0.07   0.01   -0.14        0.13  0.01   -0.02    -0.18        -0.17     0.10  0.09   0.05
OAT                 0.01  0.16   0.62  0.34         0.13  1.00  0.06  0.06          -0.21    -0.24       -0.10 -0.13       -0.04  0.03         0.02  -0.15   -0.39        0.35  0.04    0.09    -0.22        -0.22    -0.02 -0.15  -0.04
AEX                -0.11  0.16   0.03 -0.12         0.02  0.06  1.00  0.39           0.40     0.16        0.39  0.66        0.54  0.24         0.64   0.58    0.05        0.31  0.25    0.40     0.05         0.07     0.13 -0.16  -0.01
BRE                 0.27  0.42   0.06  0.04         0.19  0.06  0.39  1.00           0.28     0.07        0.35  0.47        0.39  0.54         0.44   0.43    0.18        0.16  0.36    0.30     0.15         0.21     0.23 -0.09   0.12
CRUDE_W_micro      -0.18 -0.07  -0.29 -0.24        -0.24 -0.21  0.40  0.28           1.00     0.17        0.43  0.41        0.30  0.23         0.27   0.31    0.09        0.20  0.27    0.34     0.13         0.16     0.34  0.04   0.11
FEEDCOW            -0.02  0.03  -0.36 -0.30         0.02 -0.24  0.16  0.07           0.17     1.00        0.24  0.30        0.31  0.20         0.24   0.37    0.32        0.10  0.11    0.27    -0.05        -0.06     0.08  0.00  -0.26
FTSECHINAA          0.08  0.24  -0.18 -0.04         0.06 -0.10  0.39  0.35           0.43     0.24        1.00  0.52        0.41  0.31         0.37   0.49    0.14        0.17  0.24    0.39     0.06         0.10     0.25 -0.08   0.17
MIB                 0.02  0.40  -0.14 -0.14         0.07 -0.13  0.66  0.47           0.41     0.30        0.52  1.00        0.68  0.39         0.73   0.77    0.21        0.14  0.29    0.42     0.06         0.11     0.22  0.03   0.01
MSCITAIWAN          0.06  0.36  -0.12 -0.25         0.06 -0.04  0.54  0.39           0.30     0.31        0.41  0.68        1.00  0.41         0.77   0.80    0.33        0.11  0.32    0.40     0.05         0.06     0.14  0.03  -0.06
MXP                 0.37  0.46  -0.11 -0.00         0.21  0.03  0.24  0.54           0.23     0.20        0.31  0.39        0.41  1.00         0.33   0.40    0.35        0.20  0.32    0.37     0.02         0.06     0.14 -0.05   0.18
SP500_micro        -0.06  0.30  -0.01 -0.20         0.07  0.02  0.64  0.44           0.27     0.24        0.37  0.73        0.77  0.33         1.00   0.71    0.19        0.05  0.23    0.35     0.04         0.04     0.21 -0.07  -0.06
TOPIX               0.07  0.39  -0.16 -0.31         0.01 -0.15  0.58  0.43           0.31     0.37        0.49  0.77        0.80  0.40         0.71   1.00    0.43        0.12  0.22    0.35     0.17         0.20     0.15 -0.02  -0.05
YENEUR              0.19  0.18  -0.41 -0.66        -0.14 -0.39  0.05  0.18           0.09     0.32        0.14  0.21        0.33  0.35         0.19   0.43    1.00       -0.08  0.12    0.17     0.14         0.18     0.04 -0.05   0.04
GOLD_micro          0.23  0.25   0.07  0.22         0.13  0.35  0.31  0.16           0.20     0.10        0.17  0.14        0.11  0.20         0.05   0.12   -0.08        1.00  0.35    0.66     0.05         0.07     0.20  0.01   0.18
PLAT                0.05  0.17  -0.12 -0.08         0.01  0.04  0.25  0.36           0.27     0.11        0.24  0.29        0.32  0.32         0.23   0.22    0.12        0.35  1.00    0.70     0.08         0.11     0.22  0.10   0.27
SILVER              0.07  0.24  -0.03 -0.08        -0.02  0.09  0.40  0.30           0.34     0.27        0.39  0.42        0.40  0.37         0.35   0.35    0.17        0.66  0.70    1.00     0.10         0.12     0.22  0.08   0.19
GAS-PEN            -0.14 -0.07   0.00 -0.23        -0.18 -0.22  0.05  0.15           0.13    -0.05        0.06  0.06        0.05  0.02         0.04   0.17    0.14        0.05  0.08    0.10     1.00         0.97     0.05  0.10   0.19
GAS_US_mini        -0.10 -0.02  -0.02 -0.22        -0.17 -0.22  0.07  0.21           0.16    -0.06        0.10  0.11        0.06  0.06         0.04   0.20    0.18        0.07  0.11    0.12     0.97         1.00     0.08  0.08   0.18
LEANHOG             0.20  0.20  -0.15  0.12         0.10 -0.02  0.13  0.23           0.34     0.08        0.25  0.22        0.14  0.14         0.21   0.15    0.04        0.20  0.22    0.22     0.05         0.08     1.00  0.14   0.36
RICE                0.15  0.12  -0.11  0.14         0.09 -0.15 -0.16 -0.09           0.04     0.00       -0.08  0.03        0.03 -0.05        -0.07  -0.02   -0.05        0.01  0.10    0.08     0.10         0.08     0.14  1.00   0.09
WHEAT               0.15  0.06  -0.16  0.06         0.05 -0.04 -0.01  0.12           0.11    -0.26        0.17  0.01       -0.06  0.18        -0.06  -0.05    0.04        0.18  0.27    0.19     0.19         0.18     0.36  0.09   1.00


********************************************************************************
                                 END OF REPORT                                  
********************************************************************************


