
********************************************************************************
                    Risk report produced on 05/06/2025 22:52                    
********************************************************************************


Total risk across all strategies, annualised percentage 7.8
Percentage of capital used for margin 38.1%

========================================
Risk per strategy, annualised percentage
========================================

                  risk
dynamic_TF_carry   7.8


===================
Risk by asset class
===================

Ags       3.3
Bond      2.1
Equity    3.3
FX        2.3
Metals    0.3
OilGas    3.3
Vol       0.1
dtype: float64


=====================================================
Beta loadings of asset class positions on asset class
=====================================================

OilGas   -0.09
Metals   -0.01
Vol      -0.00
Ags       0.16
Equity    0.21
FX        0.24
Bond      0.38
dtype: float64


========================================================
Beta loadings of full portfolio positions on asset class
========================================================

Vol      -0.06
OilGas   -0.06
Metals    0.04
Ags       0.19
FX        0.24
Bond      0.29
Equity    0.33
dtype: float64


===================================================================================================================================================================================================================================================================
                                                                                                                          Instrument risk                                                                                                                          
===================================================================================================================================================================================================================================================================

               daily_price_stdev  annual_price_stdev     price  daily_perc_stdev  annual_perc_stdev  point_size_base  contract_exposure  daily_risk_per_contract  annual_risk_per_contract  position  capital  exposure_held_perc_capital  annual_risk_perc_capital
GAS-PEN                    0.120               1.927      3.69              3.26               52.2           7382.7              27242                      889                     14228        -1   534823                        -5.1                      -2.7
DOW                      443.059            7088.938  42295.00              1.05               16.8              0.4              15612                      163                      2616        -4   534823                       -11.7                      -2.0
DX                         0.447               7.149     98.36              0.45                7.3            738.3              72616                      329                      5277        -1   534823                       -13.6                      -1.0
WHEAT                      6.892             110.269    580.50              1.19               19.0             36.9              21428                      254                      4070        -1   534823                        -4.0                      -0.8
GAS_US_mini                0.124               1.978      3.66              3.38               54.0           1845.7               6755                      228                      3650        -1   534823                        -1.3                      -0.7
IRON                       1.280              20.477     93.10              1.37               22.0             73.8               6873                       94                      1511        -1   534823                        -1.3                      -0.3
CRUDE_W_micro              1.198              19.168     62.53              1.92               30.7             73.8               4616                       88                      1415        -1   534823                        -0.9                      -0.3
V2X                        0.520               8.320     19.70              2.64               42.2             84.2               1658                       43                       700        -1   534823                        -0.3                      -0.1
MUMMY                     10.410             166.566    756.00              1.38               22.0              5.2               3899                       53                       859         1   534823                         0.7                       0.2
IBEX_mini                127.802            2044.827  14200.00              0.90               14.4              0.8              11957                      107                      1721         1   534823                         2.2                       0.3
DAX                      224.633            3594.122  24332.00              0.92               14.8              0.8              20490                      189                      3026         1   534823                         3.8                       0.6
MXP                        0.000               0.005      0.05              0.62               10.0         369135.8              19250                      119                      1916         2   534823                         7.2                       0.7
MSCISING                   4.343              69.483    413.15              1.05               16.8             57.4              23697                      249                      3985         1   534823                         4.4                       0.7
CANOLA                     9.033             144.520    680.50              1.33               21.2             10.8               7344                       97                      1559         3   534823                         4.1                       0.9
BTP                        0.406               6.500    120.16              0.34                5.4            842.1             101187                      342                      5473         1   534823                        18.9                       1.0
OAT                        0.425               6.794    123.80              0.34                5.5            842.1             104252                      357                      5721         1   534823                        19.5                       1.1
YENEUR                     0.840              13.435    164.32              0.51                8.2            644.7             105936                      541                      8661         1   534823                        19.8                       1.6
FEEDCOW                    2.663              42.612    308.50              0.86               13.8            369.1             113878                      983                     15729         1   534823                        21.3                       2.9
MSCIEAFA                  27.973             447.563   2624.30              1.07               17.1             36.9              96872                     1032                     16521         1   534823                        18.1                       3.1

Sum of abs(notional exposure % capital) 158.2
Sum of abs(annualised risk % capital) 21.0
Net sum of annualised risk % capital 5.2 

========================================================================================================================================================================
                                                                              Correlations                                                                              
========================================================================================================================================================================

               CRUDE_W_micro   DAX   DOW  FEEDCOW  IBEX_mini  MSCIEAFA  MSCISING  MUMMY   MXP    DX  GAS-PEN  GAS_US_mini  YENEUR   BTP   OAT  CANOLA  IRON  WHEAT   V2X
CRUDE_W_micro           1.00  0.43  0.55     0.51       0.48      0.52      0.54   0.37  0.34  0.13     0.06         0.22    0.23  0.00 -0.11    0.07  0.38  -0.04 -0.44
DAX                     0.43  1.00  0.76     0.46       0.87      0.89      0.81   0.64  0.45 -0.07     0.00         0.18    0.19  0.25  0.14   -0.08  0.30   0.08 -0.72
DOW                     0.55  0.76  1.00     0.43       0.76      0.77      0.79   0.61  0.30  0.11     0.07         0.22    0.07  0.28  0.16    0.03  0.30  -0.07 -0.71
FEEDCOW                 0.51  0.46  0.43     1.00       0.42      0.45      0.39   0.37  0.38  0.03     0.01         0.17    0.38 -0.10 -0.23    0.06  0.22  -0.17 -0.38
IBEX_mini               0.48  0.87  0.76     0.42       1.00      0.86      0.79   0.66  0.49 -0.15    -0.05         0.13    0.13  0.29  0.19   -0.04  0.26   0.10 -0.69
MSCIEAFA                0.52  0.89  0.77     0.45       0.86      1.00      0.82   0.66  0.51 -0.35    -0.04         0.14    0.16  0.34  0.22   -0.09  0.33   0.06 -0.62
MSCISING                0.54  0.81  0.79     0.39       0.79      0.82      1.00   0.66  0.41  0.02     0.04         0.22    0.16  0.27  0.17   -0.08  0.21   0.04 -0.64
MUMMY                   0.37  0.64  0.61     0.37       0.66      0.66      0.66   1.00  0.36 -0.06     0.01         0.14    0.22  0.15  0.06   -0.01  0.10  -0.05 -0.60
MXP                     0.34  0.45  0.30     0.38       0.49      0.51      0.41   0.36  1.00 -0.31    -0.07         0.03    0.47  0.14  0.05    0.03  0.11   0.12 -0.43
DX                      0.13 -0.07  0.11     0.03      -0.15     -0.35      0.02  -0.06 -0.31  1.00     0.28         0.25    0.07 -0.22 -0.22    0.07 -0.08  -0.21 -0.16
GAS-PEN                 0.06  0.00  0.07     0.01      -0.05     -0.04      0.04   0.01 -0.07  0.28     1.00         0.92    0.11 -0.14 -0.16    0.06 -0.12  -0.02 -0.05
GAS_US_mini             0.22  0.18  0.22     0.17       0.13      0.14      0.22   0.14  0.03  0.25     0.92         1.00    0.17 -0.12 -0.17    0.05 -0.02   0.04 -0.17
YENEUR                  0.23  0.19  0.07     0.38       0.13      0.16      0.16   0.22  0.47  0.07     0.11         0.17    1.00 -0.39 -0.46    0.10 -0.06  -0.08 -0.38
BTP                     0.00  0.25  0.28    -0.10       0.29      0.34      0.27   0.15  0.14 -0.22    -0.14        -0.12   -0.39  1.00  0.96   -0.03  0.13  -0.01 -0.16
OAT                    -0.11  0.14  0.16    -0.23       0.19      0.22      0.17   0.06  0.05 -0.22    -0.16        -0.17   -0.46  0.96  1.00   -0.06  0.08   0.03 -0.04
CANOLA                  0.07 -0.08  0.03     0.06      -0.04     -0.09     -0.08  -0.01  0.03  0.07     0.06         0.05    0.10 -0.03 -0.06    1.00  0.08   0.18 -0.01
IRON                    0.38  0.30  0.30     0.22       0.26      0.33      0.21   0.10  0.11 -0.08    -0.12        -0.02   -0.06  0.13  0.08    0.08  1.00   0.20 -0.17
WHEAT                  -0.04  0.08 -0.07    -0.17       0.10      0.06      0.04  -0.05  0.12 -0.21    -0.02         0.04   -0.08 -0.01  0.03    0.18  0.20   1.00  0.06
V2X                    -0.44 -0.72 -0.71    -0.38      -0.69     -0.62     -0.64  -0.60 -0.43 -0.16    -0.05        -0.17   -0.38 -0.16 -0.04   -0.01 -0.17   0.06  1.00


********************************************************************************
                                 END OF REPORT                                  
********************************************************************************


