
********************************************************************************
                    Risk report produced on 11/08/2025 22:53                    
********************************************************************************


Total risk across all strategies, annualised percentage 9.6
Percentage of capital used for margin 43.2%

========================================
Risk per strategy, annualised percentage
========================================

                  risk
dynamic_TF_carry   9.6


===================
Risk by asset class
===================

Ags       4.2
Bond      2.2
Equity    5.2
FX        2.4
OilGas    2.7
dtype: float64


=====================================================
Beta loadings of asset class positions on asset class
=====================================================

OilGas   -0.05
FX        0.07
Ags       0.18
Equity    0.48
Bond      0.53
dtype: float64


========================================================
Beta loadings of full portfolio positions on asset class
========================================================

OilGas   -0.06
Bond      0.08
Ags       0.22
FX        0.41
Equity    0.56
dtype: float64


=================================================================================================================================================================================================================================================================
                                                                                                                         Instrument risk                                                                                                                         
=================================================================================================================================================================================================================================================================

             daily_price_stdev  annual_price_stdev     price  daily_perc_stdev  annual_perc_stdev  point_size_base  contract_exposure  daily_risk_per_contract  annual_risk_per_contract  position  capital  exposure_held_perc_capital  annual_risk_perc_capital
GAS-PEN                  0.101               1.621      2.94              3.45               55.2           7448.2              21890                      754                     12073        -1   560566                        -3.9                      -2.2
DAX                    213.957            3423.315  24106.00              0.89               14.2              0.9              20902                      185                      2968        -3   560566                       -11.2                      -1.6
JPY                      0.000               0.001      0.01              0.67               10.7        9310293.5              63091                      422                      6766        -1   560566                       -11.3                      -1.2
DOW                    328.574            5257.189  44099.00              0.75               11.9              0.4              16422                      122                      1957        -3   560566                        -8.8                      -1.0
WHEAT                    7.271             116.329    535.25              1.36               21.7             37.2              19933                      270                      4332        -1   560566                        -3.6                      -0.8
RICE                     0.163               2.610     13.06              1.25               20.0           1489.6              19447                      243                      3888        -1   560566                        -3.5                      -0.7
GAS_US_mini              0.103               1.645      2.96              3.47               55.6           1862.1               5511                      191                      3062        -1   560566                        -1.0                      -0.5
KRWUSD_mini              0.004               0.065      0.72              0.56                9.0          18620.6              13399                       75                      1203        -2   560566                        -4.8                      -0.4
MUMMY                    8.811             140.975    787.00              1.12               17.9              5.1               3976                       44                       712         1   560566                         0.7                       0.1
CANOLA                   9.796             156.729    681.80              1.44               23.0             10.8               7387                      106                      1698         1   560566                         1.3                       0.3
MXP                      0.000               0.005      0.05              0.55                8.8         372411.7              19871                      108                      1742         1   560566                         3.5                       0.3
KOSDAQ                  20.887             334.193   1363.30              1.53               24.5              5.4               7307                      111                      1791         1   560566                         1.3                       0.3
KR10                     0.310               4.957    118.82              0.26                4.2            536.0              63686                      166                      2656         1   560566                        11.4                       0.5
MSCISING                 3.699              59.186    422.80              0.87               14.0             58.0              24516                      214                      3431         1   560566                         4.4                       0.6
NZD                      0.003               0.049      0.59              0.52                8.3          74482.3              44279                      229                      3668         1   560566                         7.9                       0.7
NIKKEI                 468.442            7495.073  42290.00              1.11               17.7              0.5              21366                      236                      3786         1   560566                         3.8                       0.7
HANG_mini              253.696            4059.137  24889.00              1.02               16.3              0.9              23615                      240                      3851         1   560566                         4.2                       0.7
LEANHOG                  1.137              18.195     91.62              1.24               19.9            297.9              27297                      338                      5420         1   560566                         4.9                       1.0
BTP                      0.400               6.398    120.93              0.33                5.3            867.1             104859                      346                      5547         1   560566                        18.7                       1.0
BUND                     0.401               6.412    129.62              0.31                4.9            867.1             112395                      347                      5559         1   560566                        20.1                       1.0
YENEUR                   0.799              12.788    171.75              0.47                7.4            631.5             108466                      504                      8075         1   560566                        19.3                       1.4
SPI200                  54.280             868.484   8775.00              0.62                9.9             12.1             106502                      658                     10540         1   560566                        19.0                       1.9
FEEDCOW                  3.740              59.839    340.62              1.10               17.6            372.4             126852                     1392                     22284         1   560566                        22.6                       4.0
MIB                    379.228            6067.651  41660.00              0.91               14.6              4.3             180619                     1644                     26306         1   560566                        32.2                       4.7

Sum of abs(notional exposure % capital) 223.4
Sum of abs(annualised risk % capital) 27.6
Net sum of annualised risk % capital 10.8 

=======================================================================================================================================================================================================
                                                                                             Correlations                                                                                              
=======================================================================================================================================================================================================

             CANOLA  GAS-PEN  GAS_US_mini  WHEAT  YENEUR   DAX   DOW  FEEDCOW  HANG_mini  KOSDAQ  LEANHOG   MIB  MSCISING  MUMMY   MXP  NIKKEI  SPI200   BTP  BUND  KR10   JPY  KRWUSD_mini   NZD  RICE
CANOLA         1.00     0.15         0.14   0.24    0.10 -0.09 -0.06    -0.16       0.13    0.01     0.14 -0.09     -0.07  -0.12  0.06   -0.03   -0.02  0.04  0.08 -0.17 -0.07        -0.07  0.03 -0.17
GAS-PEN        0.15     1.00         0.96   0.25    0.03 -0.02 -0.09     0.04      -0.02   -0.04    -0.16 -0.07      0.10  -0.05 -0.00   -0.15   -0.11 -0.22 -0.12 -0.19 -0.17        -0.16 -0.13 -0.02
GAS_US_mini    0.14     0.96         1.00   0.25    0.03 -0.01 -0.12     0.07      -0.05   -0.07    -0.10 -0.03      0.15  -0.05  0.01   -0.17   -0.14 -0.24 -0.16 -0.24 -0.19        -0.15 -0.14 -0.00
WHEAT          0.24     0.25         0.25   1.00   -0.12 -0.09 -0.14    -0.03       0.01   -0.03     0.09 -0.06     -0.05   0.00  0.14   -0.06   -0.09 -0.18 -0.08 -0.26  0.13        -0.05  0.15  0.12
YENEUR         0.10     0.03         0.03  -0.12    1.00  0.12  0.05     0.13       0.09    0.04    -0.02  0.04      0.08   0.04  0.21    0.35    0.01 -0.35 -0.42 -0.32 -0.58        -0.05 -0.03 -0.09
DAX           -0.09    -0.02        -0.01  -0.09    0.12  1.00  0.61     0.30       0.33    0.20     0.17  0.81      0.67   0.31  0.27    0.37    0.52  0.03 -0.20 -0.00 -0.03         0.19  0.32 -0.10
DOW           -0.06    -0.09        -0.12  -0.14    0.05  0.61  1.00     0.16       0.25    0.31     0.18  0.55      0.51   0.23  0.16    0.50    0.69  0.18  0.00  0.02 -0.12         0.08  0.18 -0.12
FEEDCOW       -0.16     0.04         0.07  -0.03    0.13  0.30  0.16     1.00       0.14    0.20     0.18  0.34      0.25   0.31  0.34    0.17    0.24  0.13  0.07  0.10 -0.01         0.26  0.17  0.19
HANG_mini      0.13    -0.02        -0.05   0.01    0.09  0.33  0.25     0.14       1.00    0.35     0.09  0.21      0.21   0.21  0.23    0.35    0.27 -0.01 -0.07  0.01  0.21         0.35  0.41 -0.10
KOSDAQ         0.01    -0.04        -0.07  -0.03    0.04  0.20  0.31     0.20       0.35    1.00     0.06  0.24      0.23   0.29  0.17    0.45    0.39  0.22  0.16  0.07 -0.03         0.23  0.16 -0.01
LEANHOG        0.14    -0.16        -0.10   0.09   -0.02  0.17  0.18     0.18       0.09    0.06     1.00  0.25      0.17   0.35  0.18    0.05    0.31  0.07  0.01 -0.05  0.12         0.25  0.17  0.17
MIB           -0.09    -0.07        -0.03  -0.06    0.04  0.81  0.55     0.34       0.21    0.24     0.25  1.00      0.70   0.40  0.29    0.39    0.47  0.15 -0.11  0.01 -0.09         0.23  0.27 -0.01
MSCISING      -0.07     0.10         0.15  -0.05    0.08  0.67  0.51     0.25       0.21    0.23     0.17  0.70      1.00   0.39  0.23    0.43    0.50  0.01 -0.18 -0.12 -0.14         0.14  0.25 -0.09
MUMMY         -0.12    -0.05        -0.05   0.00    0.04  0.31  0.23     0.31       0.21    0.29     0.35  0.40      0.39   1.00  0.08    0.43    0.47  0.09  0.07 -0.02 -0.08         0.18  0.19  0.19
MXP            0.06    -0.00         0.01   0.14    0.21  0.27  0.16     0.34       0.23    0.17     0.18  0.29      0.23   0.08  1.00    0.15    0.10  0.14 -0.00  0.16  0.22         0.32  0.44  0.01
NIKKEI        -0.03    -0.15        -0.17  -0.06    0.35  0.37  0.50     0.17       0.35    0.45     0.05  0.39      0.43   0.43  0.15    1.00    0.54  0.11 -0.01 -0.02 -0.29         0.09  0.15 -0.08
SPI200        -0.02    -0.11        -0.14  -0.09    0.01  0.52  0.69     0.24       0.27    0.39     0.31  0.47      0.50   0.47  0.10    0.54    1.00  0.31  0.22  0.12 -0.11         0.16  0.15 -0.08
BTP            0.04    -0.22        -0.24  -0.18   -0.35  0.03  0.18     0.13      -0.01    0.22     0.07  0.15      0.01   0.09  0.14    0.11    0.31  1.00  0.92  0.51  0.22         0.22  0.11  0.08
BUND           0.08    -0.12        -0.16  -0.08   -0.42 -0.20  0.00     0.07      -0.07    0.16     0.01 -0.11     -0.18   0.07 -0.00   -0.01    0.22  0.92  1.00  0.49  0.22         0.13  0.02  0.10
KR10          -0.17    -0.19        -0.24  -0.26   -0.32 -0.00  0.02     0.10       0.01    0.07    -0.05  0.01     -0.12  -0.02  0.16   -0.02    0.12  0.51  0.49  1.00  0.30         0.35  0.15  0.10
JPY           -0.07    -0.17        -0.19   0.13   -0.58 -0.03 -0.12    -0.01       0.21   -0.03     0.12 -0.09     -0.14  -0.08  0.22   -0.29   -0.11  0.22  0.22  0.30  1.00         0.50  0.60  0.18
KRWUSD_mini   -0.07    -0.16        -0.15  -0.05   -0.05  0.19  0.08     0.26       0.35    0.23     0.25  0.23      0.14   0.18  0.32    0.09    0.16  0.22  0.13  0.35  0.50         1.00  0.60  0.31
NZD            0.03    -0.13        -0.14   0.15   -0.03  0.32  0.18     0.17       0.41    0.16     0.17  0.27      0.25   0.19  0.44    0.15    0.15  0.11  0.02  0.15  0.60         0.60  1.00  0.15
RICE          -0.17    -0.02        -0.00   0.12   -0.09 -0.10 -0.12     0.19      -0.10   -0.01     0.17 -0.01     -0.09   0.19  0.01   -0.08   -0.08  0.08  0.10  0.10  0.18         0.31  0.15  1.00


********************************************************************************
                                 END OF REPORT                                  
********************************************************************************


