
********************************************************************************
                    Risk report produced on 21/02/2025 22:53                    
********************************************************************************


Total risk across all strategies, annualised percentage 14.2
Percentage of capital used for margin 73.0%

========================================
Risk per strategy, annualised percentage
========================================

                  risk
dynamic_TF_carry  14.2


===================
Risk by asset class
===================

Ags        2.7
Bond       3.1
Equity    10.6
FX         3.1
Metals     1.0
Vol        1.9
dtype: float64


=====================================================
Beta loadings of asset class positions on asset class
=====================================================

FX       -0.46
Bond     -0.34
Vol      -0.05
Metals    0.04
Ags       0.19
Equity    0.89
dtype: float64


========================================================
Beta loadings of full portfolio positions on asset class
========================================================

Bond     -0.57
Vol      -0.22
FX       -0.00
Metals    0.24
Ags       0.36
Equity    1.08
dtype: float64


==================================================================================================================================================================================================================================================================
                                                                                                                         Instrument risk                                                                                                                          
==================================================================================================================================================================================================================================================================

              daily_price_stdev  annual_price_stdev     price  daily_perc_stdev  annual_perc_stdev  point_size_base  contract_exposure  daily_risk_per_contract  annual_risk_per_contract  position  capital  exposure_held_perc_capital  annual_risk_perc_capital
CHF                       0.005               0.079      1.12              0.44                7.1          98669.9             110150                      486                      7789        -2   579091                       -38.0                      -2.7
BUXL                      1.162              18.591    126.88              0.92               14.7            828.2             105076                      962                     15396        -1   579091                       -18.1                      -2.7
VIX                       0.442               7.067     17.90              2.47               39.5            789.4              14129                      348                      5578        -2   579091                        -4.9                      -1.9
BUND                      0.484               7.739    131.61              0.37                5.9            828.2             108993                      400                      6408        -1   579091                       -18.8                      -1.1
COPPER-micro              0.062               0.986      4.66              1.32               21.2           1973.4               9186                      121                      1945        -2   579091                        -3.2                      -0.7
EUR_micro                 0.005               0.078      1.06              0.46                7.4           9867.0              10419                       48                       771        -5   579091                        -9.0                      -0.7
CAD                       0.003               0.040      0.71              0.36                5.7          78935.9              55744                      198                      3179        -1   579091                        -9.6                      -0.5
RUSSELL                  21.684             346.945   2268.70              0.96               15.3              3.9               8954                       85                      1369        -2   579091                        -3.1                      -0.5
MUMMY                     8.758             140.127    663.00              1.32               21.1              5.2               3476                       45                       734         1   579091                         0.6                       0.1
BITCOIN                2207.904           35326.461  99350.00              2.22               35.6              0.1               7842                      174                      2788         1   579091                         1.4                       0.5
GBP                       0.006               0.091      1.27              0.45                7.2          49335.0              62492                      281                      4497         1   579091                        10.8                       0.8
CAD10                     0.541               8.649    122.87              0.44                7.0            556.6              68395                      300                      4814         1   579091                        11.8                       0.8
HANG_mini               323.489            5175.818  23320.00              1.39               22.2              1.0              23689                      328                      5257         1   579091                         4.1                       0.9
SILVER                    0.464               7.426     33.70              1.38               22.0            789.4              26597                      366                      5861         1   579091                         4.6                       1.0
REDWHEAT                  9.979             159.667    632.25              1.58               25.3             39.5              24953                      393                      6301         1   579091                         4.3                       1.1
MSCISING                  2.655              42.481    399.25              0.67               10.6             59.1              23586                      156                      2509         3   579091                        12.2                       1.3
TOPIX                    22.615             361.836   2731.25              0.83               13.2              5.2              14323                      118                      1897         5   579091                        12.4                       1.6
SMI                      87.665            1402.636  12740.00              0.69               11.0              8.8             111856                      769                     12315         1   579091                        19.3                       2.1
MSCIEAFA                 22.510             360.163   2446.30              0.92               14.7             39.5              96550                      888                     14214         1   579091                        16.7                       2.5
FEEDCOW                   2.390              38.238    265.35              0.90               14.4            394.7             104728                      943                     15091         1   579091                        18.1                       2.6
MSCITAIWAN               13.050             208.793    989.90              1.32               21.1             78.9              78138                     1030                     16481         1   579091                        13.5                       2.8
MIB                     257.195            4115.121  38325.00              0.67               10.7              4.1             158695                     1064                     17039         1   579091                        27.4                       2.9

Sum of abs(notional exposure % capital) 261.9
Sum of abs(annualised risk % capital) 31.8
Net sum of annualised risk % capital 10.2 

==================================================================================================================================================================================================
                                                                                           Correlations                                                                                           
==================================================================================================================================================================================================

               CAD  COPPER-micro  EUR_micro   GBP  HANG_mini   MIB  MSCIEAFA  SILVER   SMI  BITCOIN  FEEDCOW  MSCISING  MSCITAIWAN  MUMMY  RUSSELL  TOPIX  BUND  BUXL  CAD10   CHF  REDWHEAT   VIX
CAD           1.00          0.49       0.53  0.49       0.46  0.28      0.51    0.31  0.24    -0.08    -0.08      0.18        0.27   0.22     0.18   0.04  0.15  0.13   0.15  0.45      0.20 -0.21
COPPER-micro  0.49          1.00       0.43  0.36       0.47  0.34      0.42    0.63  0.15    -0.14     0.00      0.18        0.33   0.19     0.10   0.05 -0.11 -0.12  -0.10  0.16      0.30 -0.10
EUR_micro     0.53          0.43       1.00  0.76       0.42  0.36      0.66    0.35  0.37    -0.03    -0.00      0.09        0.17   0.03     0.13   0.04  0.07  0.11   0.23  0.59      0.10 -0.03
GBP           0.49          0.36       0.76  1.00       0.48  0.47      0.76    0.45  0.48     0.06     0.05      0.33        0.37   0.28     0.27   0.33  0.16  0.14   0.36  0.43      0.03 -0.18
HANG_mini     0.46          0.47       0.42  0.48       1.00  0.45      0.57    0.30  0.35    -0.11    -0.04      0.27        0.27   0.29     0.09   0.27  0.12  0.10   0.20  0.25      0.27 -0.13
MIB           0.28          0.34       0.36  0.47       0.45  1.00      0.73    0.40  0.62     0.20     0.28      0.51        0.44   0.53     0.47   0.53 -0.04 -0.07  -0.02 -0.09      0.12 -0.41
MSCIEAFA      0.51          0.42       0.66  0.76       0.57  0.73      1.00    0.43  0.77     0.19     0.19      0.51        0.45   0.51     0.50   0.48  0.20  0.18   0.30  0.25     -0.01 -0.43
SILVER        0.31          0.63       0.35  0.45       0.30  0.40      0.43    1.00  0.23     0.11     0.05      0.28        0.42   0.06     0.24   0.11  0.16  0.09   0.16  0.18      0.12 -0.16
SMI           0.24          0.15       0.37  0.48       0.35  0.62      0.77    0.23  1.00     0.21     0.20      0.43        0.25   0.42     0.42   0.39  0.22  0.18   0.27  0.09     -0.06 -0.33
BITCOIN      -0.08         -0.14      -0.03  0.06      -0.11  0.20      0.19    0.11  0.21     1.00     0.09      0.35        0.15   0.18     0.44   0.18  0.20  0.15   0.16 -0.20     -0.22 -0.36
FEEDCOW      -0.08          0.00      -0.00  0.05      -0.04  0.28      0.19    0.05  0.20     0.09     1.00      0.17        0.02   0.23     0.22   0.32 -0.28 -0.29  -0.32 -0.27     -0.13 -0.20
MSCISING      0.18          0.18       0.09  0.33       0.27  0.51      0.51    0.28  0.43     0.35     0.17      1.00        0.48   0.57     0.52   0.58  0.06  0.03   0.07 -0.20     -0.06 -0.51
MSCITAIWAN    0.27          0.33       0.17  0.37       0.27  0.44      0.45    0.42  0.25     0.15     0.02      0.48        1.00   0.33     0.34   0.50  0.05  0.07   0.02 -0.19     -0.03 -0.32
MUMMY         0.22          0.19       0.03  0.28       0.29  0.53      0.51    0.06  0.42     0.18     0.23      0.57        0.33   1.00     0.45   0.68 -0.05 -0.09  -0.05 -0.22     -0.24 -0.43
RUSSELL       0.18          0.10       0.13  0.27       0.09  0.47      0.50    0.24  0.42     0.44     0.22      0.52        0.34   0.45     1.00   0.39  0.21  0.20   0.14 -0.07     -0.19 -0.55
TOPIX         0.04          0.05       0.04  0.33       0.27  0.53      0.48    0.11  0.39     0.18     0.32      0.58        0.50   0.68     0.39   1.00 -0.15 -0.15  -0.15 -0.39     -0.12 -0.45
BUND          0.15         -0.11       0.07  0.16       0.12 -0.04      0.20    0.16  0.22     0.20    -0.28      0.06        0.05  -0.05     0.21  -0.15  1.00  0.96   0.77  0.29     -0.10  0.02
BUXL          0.13         -0.12       0.11  0.14       0.10 -0.07      0.18    0.09  0.18     0.15    -0.29      0.03        0.07  -0.09     0.20  -0.15  0.96  1.00   0.75  0.31     -0.06  0.07
CAD10         0.15         -0.10       0.23  0.36       0.20 -0.02      0.30    0.16  0.27     0.16    -0.32      0.07        0.02  -0.05     0.14  -0.15  0.77  0.75   1.00  0.45     -0.07 -0.01
CHF           0.45          0.16       0.59  0.43       0.25 -0.09      0.25    0.18  0.09    -0.20    -0.27     -0.20       -0.19  -0.22    -0.07  -0.39  0.29  0.31   0.45  1.00      0.08  0.20
REDWHEAT      0.20          0.30       0.10  0.03       0.27  0.12     -0.01    0.12 -0.06    -0.22    -0.13     -0.06       -0.03  -0.24    -0.19  -0.12 -0.10 -0.06  -0.07  0.08      1.00  0.14
VIX          -0.21         -0.10      -0.03 -0.18      -0.13 -0.41     -0.43   -0.16 -0.33    -0.36    -0.20     -0.51       -0.32  -0.43    -0.55  -0.45  0.02  0.07  -0.01  0.20      0.14  1.00


********************************************************************************
                                 END OF REPORT                                  
********************************************************************************


