
********************************************************************************
           Risk report report produced on 2022-06-29 21:00:46.617972            
********************************************************************************


Total risk across all strategies, annualised percentage 6.4
Percentage of capital used for margin 20.0%

========================================
Risk per strategy, annualised percentage
========================================

                  risk
dynamic_TF_carry   6.4


==================================================================================================================================================================================================================================================================
                                                                                                                         Instrument risk                                                                                                                          
==================================================================================================================================================================================================================================================================

              daily_price_stdev  annual_price_stdev     price  daily_perc_stdev  annual_perc_stdev  point_size_base  contract_exposure  daily_risk_per_contract  annual_risk_per_contract  position  capital  exposure_held_perc_capital  annual_risk_perc_capital
US10U                     0.857              13.705    125.92              0.68               10.9            824.9             103874                      706                     11305        -1   377252                       -27.5                      -3.0
SILVER                    0.406               6.502     20.74              1.96               31.3            824.9              17112                      335                      5363        -1   377252                        -4.5                      -1.4
SP500_micro              64.191            1027.059   3826.25              1.68               26.8              4.1              15781                      264                      4236        -1   377252                        -4.2                      -1.1
DJSTX-SMALL               5.387              86.193    299.90              1.80               28.7             43.2              12960                      232                      3724        -1   377252                        -3.4                      -1.0
DOW                     428.515            6856.247  30953.00              1.38               22.2              0.4              12766                      176                      2827        -1   377252                        -3.4                      -0.7
DAX                     195.013            3120.206  12982.00              1.50               24.0              0.9              11220                      168                      2696        -1   377252                        -3.0                      -0.7
KOSDAQ                   26.057             416.916   1073.20              2.43               38.8              6.3               6807                      165                      2644        -1   377252                        -1.8                      -0.7
NIKKEI400               209.434            3350.952  16995.00              1.23               19.7              0.6              10248                      126                      2020         1   377252                         2.7                       0.5
TOPIX                    23.208             371.336   1889.50              1.23               19.7              6.0              11394                      139                      2239         1   377252                         3.0                       0.6
BRE                       0.002               0.033      0.19              1.07               17.2          82491.2              15640                      167                      2682         1   377252                         4.1                       0.7
EU-OIL                    6.076              97.215    315.20              1.93               30.8             43.2              13621                      262                      4201         1   377252                         3.6                       1.1
IRON                      4.016              64.250    123.20              3.26               52.2             82.5              10162                      331                      5300         1   377252                         2.7                       1.4
CORN                     11.596             185.532    656.50              1.77               28.3             41.2              27077                      478                      7652         1   377252                         7.2                       2.0
CRUDE_W_mini              2.466              39.450    109.00              2.26               36.2            412.5              44957                     1016                     16271         1   377252                        11.9                       4.3

Sum of abs(notional exposure % capital) 83.0
Sum of abs(annualised risk % capital) 19.2
Net sum of annualised risk % capital 2.0 

===================================================================================================================================
                                                           Correlations                                                            
===================================================================================================================================

               DAX  DJSTX-SMALL   DOW  NIKKEI400  SP500_micro  TOPIX   BRE  EU-OIL  KOSDAQ  CORN  CRUDE_W_mini  IRON  SILVER  US10U
DAX           1.00         0.58  0.49       0.50         0.48   0.49  0.31    0.34    0.26  0.13          0.06  0.14    0.16   0.14
DJSTX-SMALL   0.58         1.00  0.50       0.47         0.52   0.47  0.33    0.38    0.30  0.17          0.13  0.16    0.19   0.20
DOW           0.49         0.50  1.00       0.45         0.58   0.46  0.37    0.37    0.30  0.08          0.21  0.24    0.23   0.22
NIKKEI400     0.50         0.47  0.45       1.00         0.46   0.58  0.27    0.29    0.35  0.05          0.09  0.12    0.12   0.09
SP500_micro   0.48         0.52  0.58       0.46         1.00   0.47  0.39    0.37    0.33  0.06          0.21  0.22    0.22   0.26
TOPIX         0.49         0.47  0.46       0.58         0.47   1.00  0.27    0.32    0.35  0.06          0.11  0.12    0.12   0.12
BRE           0.31         0.33  0.37       0.27         0.39   0.27  1.00    0.33    0.28  0.21          0.23  0.26    0.32   0.28
EU-OIL        0.34         0.38  0.37       0.29         0.37   0.32  0.33    1.00    0.25  0.21          0.40  0.29    0.21   0.13
KOSDAQ        0.26         0.30  0.30       0.35         0.33   0.35  0.28    0.25    1.00  0.09          0.20  0.21    0.24   0.23
CORN          0.13         0.17  0.08       0.05         0.06   0.06  0.21    0.21    0.09  1.00          0.27  0.20    0.23   0.11
CRUDE_W_mini  0.06         0.13  0.21       0.09         0.21   0.11  0.23    0.40    0.20  0.27          1.00  0.33    0.26   0.23
IRON          0.14         0.16  0.24       0.12         0.22   0.12  0.26    0.29    0.21  0.20          0.33  1.00    0.25   0.15
SILVER        0.16         0.19  0.23       0.12         0.22   0.12  0.32    0.21    0.24  0.23          0.26  0.25    1.00   0.17
US10U         0.14         0.20  0.22       0.09         0.26   0.12  0.28    0.13    0.23  0.11          0.23  0.15    0.17   1.00


********************************************************************************
                                 END OF REPORT                                  
********************************************************************************


