
********************************************************************************
                    Risk report produced on 10/10/2025 22:53                    
********************************************************************************


Total risk across all strategies, annualised percentage 21.0
Percentage of capital used for margin 45.5%

========================================
Risk per strategy, annualised percentage
========================================

                  risk
dynamic_TF_carry  20.9


===================
Risk by asset class
===================

Ags        4.3
Bond       1.6
Equity    14.7
FX         3.3
Metals     5.0
OilGas     2.3
dtype: float64


=====================================================
Beta loadings of asset class positions on asset class
=====================================================

OilGas   -0.05
FX       -0.03
Ags       0.23
Metals    0.28
Bond      0.39
Equity    1.23
dtype: float64


========================================================
Beta loadings of full portfolio positions on asset class
========================================================

OilGas   -0.08
Bond      0.14
Metals    0.53
Ags       0.64
FX        1.33
Equity    1.35
dtype: float64


=================================================================================================================================================================================================================================================================
                                                                                                                         Instrument risk                                                                                                                         
=================================================================================================================================================================================================================================================================

             daily_price_stdev  annual_price_stdev     price  daily_perc_stdev  annual_perc_stdev  point_size_base  contract_exposure  daily_risk_per_contract  annual_risk_per_contract  position  capital  exposure_held_perc_capital  annual_risk_perc_capital
JPY                      0.000               0.001      0.01              0.67               10.7        9394364.1              62312                      417                      6683        -2   617898                       -20.2                      -2.2
GAS-PEN                  0.096               1.534      3.10              3.09               49.4           7515.5              23328                      720                     11530        -1   617898                        -3.8                      -1.9
WHEAT                    6.421             102.736    498.75              1.29               20.6             37.6              18741                      241                      3860        -1   617898                        -3.0                      -0.6
RICE                     0.153               2.453     10.96              1.40               22.4           1503.1              16466                      230                      3686        -1   617898                        -2.7                      -0.6
GAS_US_mini              0.097               1.549      3.12              3.10               49.6           1878.9               5871                      181                      2909        -1   617898                        -1.0                      -0.5
KRWUSD_mini              0.003               0.055      0.70              0.49                7.8          18788.7              13225                       64                      1030        -2   617898                        -4.3                      -0.3
MXP                      0.000               0.004      0.05              0.51                8.2         375774.6              20077                      102                      1638         1   617898                         3.2                       0.3
FTSECHINAA             144.931            2318.900  15059.00              0.96               15.4              0.8              11317                      108                      1742         2   617898                         3.7                       0.6
GOLD_micro              33.019             528.306   4013.90              0.82               13.2              7.5              30166                      248                      3970         1   617898                         4.9                       0.6
GBP                      0.005               0.087      1.33              0.41                6.5          46971.8              62702                      254                      4071         1   617898                        10.1                       0.7
OAT                      0.375               5.995    122.13              0.31                4.9            869.5             106190                      325                      5212         1   617898                        17.2                       0.8
CAD10                    0.342               5.466    122.53              0.28                4.5            536.3              65707                      183                      2931         2   617898                        21.3                       0.9
YENEUR                   0.876              14.009    175.65              0.50                8.0            614.7             107968                      538                      8611         1   617898                        17.5                       1.4
LEANHOG                  1.121              17.943     83.95              1.34               21.4            300.6              25237                      337                      5394         2   617898                         8.2                       1.7
SILVER                   0.627              10.029     47.51              1.32               21.1            751.5              35706                      471                      7537         2   617898                        11.6                       2.4
PLAT                    26.245             419.913   1630.40              1.61               25.8             37.6              61266                      986                     15779         1   617898                         9.9                       2.6
FEEDCOW                  3.731              59.692    376.60              0.99               15.9            375.8             141516                     1401                     22430         1   617898                        22.9                       3.6
AEX                      8.343             133.488    947.60              0.88               14.1            173.9             164785                     1450                     23213         1   617898                        26.7                       3.8
MIB                    338.925            5422.797  42340.00              0.80               12.8              4.3             184070                     1473                     23575         1   617898                        29.8                       3.8
MSCIEAFA                22.867             365.879   2748.20              0.83               13.3             37.6             103270                      859                     13748         2   617898                        33.4                       4.5
MSCITAIWAN              12.630             202.078   1182.00              1.07               17.1             75.2              88833                      949                     15187         2   617898                        28.8                       4.9

Sum of abs(notional exposure % capital) 284.2
Sum of abs(annualised risk % capital) 38.7
Net sum of annualised risk % capital 26.5 

============================================================================================================================================================================================
                                                                                        Correlations                                                                                        
============================================================================================================================================================================================

             FEEDCOW  YENEUR   AEX  FTSECHINAA  GOLD_micro  LEANHOG   MIB  MSCIEAFA  MSCITAIWAN   MXP  PLAT  SILVER  CAD10   GBP   JPY  KRWUSD_mini   OAT  GAS-PEN  GAS_US_mini  WHEAT  RICE
FEEDCOW         1.00    0.20  0.28        0.17        0.10     0.12  0.34      0.13        0.23  0.15  0.17    0.24  -0.13 -0.06 -0.24        -0.08 -0.23    -0.12        -0.11  -0.09 -0.09
YENEUR          0.20    1.00  0.08        0.14        0.11    -0.07  0.04      0.11        0.29  0.28  0.31    0.21  -0.32  0.09 -0.65        -0.11 -0.40    -0.01         0.01  -0.05 -0.04
AEX             0.28    0.08  1.00        0.40        0.19     0.28  0.88      0.58        0.73  0.13  0.22    0.41   0.17  0.28 -0.10         0.26  0.07    -0.13        -0.12   0.01 -0.16
FTSECHINAA      0.17    0.14  0.40        1.00        0.06     0.25  0.37      0.25        0.25  0.24  0.12    0.26  -0.03  0.28 -0.08         0.18 -0.07     0.01        -0.01   0.11 -0.08
GOLD_micro      0.10    0.11  0.19        0.06        1.00     0.20  0.20      0.35        0.13  0.18  0.51    0.66   0.30  0.45  0.31         0.36  0.40     0.08         0.16   0.21 -0.07
LEANHOG         0.12   -0.07  0.28        0.25        0.20     1.00  0.32      0.11        0.19  0.18  0.14    0.25   0.02  0.22  0.15         0.23  0.10    -0.23        -0.23   0.14  0.15
MIB             0.34    0.04  0.88        0.37        0.20     0.32  1.00      0.59        0.67  0.15  0.17    0.40   0.23  0.33 -0.03         0.27  0.04    -0.16        -0.13   0.01 -0.13
MSCIEAFA        0.13    0.11  0.58        0.25        0.35     0.11  0.59      1.00        0.44  0.37  0.32    0.47   0.32  0.62  0.22         0.43  0.28    -0.09        -0.07   0.06 -0.19
MSCITAIWAN      0.23    0.29  0.73        0.25        0.13     0.19  0.67      0.44        1.00  0.27  0.27    0.41   0.14  0.26 -0.20         0.26 -0.05    -0.09        -0.06  -0.14 -0.13
MXP             0.15    0.28  0.13        0.24        0.18     0.18  0.15      0.37        0.27  1.00  0.33    0.32  -0.07  0.33  0.03         0.28  0.13    -0.16        -0.11   0.09 -0.04
PLAT            0.17    0.31  0.22        0.12        0.51     0.14  0.17      0.32        0.27  0.33  1.00    0.69  -0.03  0.24 -0.01         0.17  0.09    -0.02         0.03   0.07 -0.05
SILVER          0.24    0.21  0.41        0.26        0.66     0.25  0.40      0.47        0.41  0.32  0.69    1.00   0.08  0.41  0.06         0.20  0.09     0.12         0.16   0.13  0.01
CAD10          -0.13   -0.32  0.17       -0.03        0.30     0.02  0.23      0.32        0.14 -0.07 -0.03    0.08   1.00  0.38  0.41         0.27  0.58    -0.08        -0.05  -0.13 -0.11
GBP            -0.06    0.09  0.28        0.28        0.45     0.22  0.33      0.62        0.26  0.33  0.24    0.41   0.38  1.00  0.53         0.62  0.23    -0.17        -0.13   0.03  0.13
JPY            -0.24   -0.65 -0.10       -0.08        0.31     0.15 -0.03      0.22       -0.20  0.03 -0.01    0.06   0.41  0.53  1.00         0.51  0.42    -0.06        -0.01   0.15  0.13
KRWUSD_mini    -0.08   -0.11  0.26        0.18        0.36     0.23  0.27      0.43        0.26  0.28  0.17    0.20   0.27  0.62  0.51         1.00  0.31    -0.06        -0.02   0.21  0.14
OAT            -0.23   -0.40  0.07       -0.07        0.40     0.10  0.04      0.28       -0.05  0.13  0.09    0.09   0.58  0.23  0.42         0.31  1.00    -0.14        -0.11   0.10 -0.04
GAS-PEN        -0.12   -0.01 -0.13        0.01        0.08    -0.23 -0.16     -0.09       -0.09 -0.16 -0.02    0.12  -0.08 -0.17 -0.06        -0.06 -0.14     1.00         0.97   0.26 -0.06
GAS_US_mini    -0.11    0.01 -0.12       -0.01        0.16    -0.23 -0.13     -0.07       -0.06 -0.11  0.03    0.16  -0.05 -0.13 -0.01        -0.02 -0.11     0.97         1.00   0.24 -0.04
WHEAT          -0.09   -0.05  0.01        0.11        0.21     0.14  0.01      0.06       -0.14  0.09  0.07    0.13  -0.13  0.03  0.15         0.21  0.10     0.26         0.24   1.00  0.07
RICE           -0.09   -0.04 -0.16       -0.08       -0.07     0.15 -0.13     -0.19       -0.13 -0.04 -0.05    0.01  -0.11  0.13  0.13         0.14 -0.04    -0.06        -0.04   0.07  1.00


********************************************************************************
                                 END OF REPORT                                  
********************************************************************************


