
********************************************************************************
                    Risk report produced on 20/05/2026 22:51                    
********************************************************************************


Total risk across all strategies, annualised percentage 10.8
Percentage of capital used for margin 34.7%

========================================
Risk per strategy, annualised percentage
========================================

                  risk
dynamic_TF_carry  10.8


===================
Risk by asset class
===================

Ags       1.7
Bond      3.6
Equity    4.9
FX        2.3
Metals    1.3
OilGas    5.9
Other     0.3
Sector    1.9
Vol       0.1
dtype: float64


=====================================================
Beta loadings of asset class positions on asset class
=====================================================

Bond     -0.49
FX       -0.10
Metals   -0.03
Vol      -0.00
Other     0.01
Sector    0.09
OilGas    0.10
Ags       0.11
Equity    0.22
dtype: float64


========================================================
Beta loadings of full portfolio positions on asset class
========================================================

Bond     -0.62
FX       -0.08
Vol      -0.03
Metals    0.03
OilGas    0.09
Other     0.09
Equity    0.14
Sector    0.25
Ags       0.34
dtype: float64


===================================================================================================================================================================================================================================================================
                                                                                                                          Instrument risk                                                                                                                          
===================================================================================================================================================================================================================================================================

               daily_price_stdev  annual_price_stdev     price  daily_perc_stdev  annual_perc_stdev  point_size_base  contract_exposure  daily_risk_per_contract  annual_risk_per_contract  position  capital  exposure_held_perc_capital  annual_risk_perc_capital
KR10                       0.456               7.295    106.10              0.43                6.9            494.8              52493                      225                      3608        -4   703146                       -29.9                      -2.1
BUXL                       0.823              13.162    107.00              0.77               12.3            866.3              92696                      712                     11402        -1   703146                       -13.2                      -1.6
JPY                        0.000               0.001      0.01              0.56                9.0        9339440.1              58927                      332                      5312        -2   703146                       -16.8                      -1.5
BITCOIN                 1840.101           29441.618  77440.00              2.38               38.0              0.1               5785                      137                      2199        -4   703146                        -3.3                      -1.3
CHF                        0.006               0.093      1.27              0.46                7.3          93394.4             119040                      545                      8720        -1   703146                       -16.9                      -1.2
LEANHOG                    1.186              18.972    102.00              1.16               18.6            298.9              30483                      354                      5670        -1   703146                        -4.3                      -0.8
CAD10                      0.553               8.842    119.02              0.46                7.4            543.0              64632                      300                      4801        -1   703146                        -9.2                      -0.7
DAX                      297.665            4762.634  24740.00              1.20               19.3              0.9              21432                      257                      4125        -1   703146                        -3.0                      -0.6
KOSDAQ                    43.704             699.262   1762.10              2.48               39.7              4.9               8718                      216                      3459        -1   703146                        -1.2                      -0.5
GAS_US_mini                0.100               1.603      3.18              3.16               50.5           1867.9               5930                      187                      2994        -1   703146                        -0.8                      -0.4
HANGENT_mini              99.564            1593.017   8555.00              1.16               18.6              1.0               8160                       94                      1519        -1   703146                        -1.2                      -0.2
V2X                        0.550               8.805     22.55              2.44               39.0             86.6               1953                       47                       762        -1   703146                        -0.3                      -0.1
EUR_micro                  0.004               0.068      1.17              0.36                5.8           9339.4              10915                       39                       634        -1   703146                        -1.6                      -0.1
GAS-PEN                    0.095               1.525      3.04              3.14               50.2           7471.6              22698                      712                     11392         0   703146                         0.0                       0.0
RUBBER                     3.161              50.575    218.70              1.45               23.1             37.4               8170                      118                      1889         1   703146                         1.2                       0.3
AUD_micro                  0.004               0.065      0.72              0.57                9.1           7471.6               5346                       30                       485         5   703146                         3.8                       0.3
MUMMY                     16.331             261.290    782.00              2.09               33.4              4.7               3675                       76                      1228         2   703146                         1.0                       0.3
CANOLA                     8.872             141.954    749.20              1.18               18.9             10.9               8136                       96                      1541         2   703146                         2.3                       0.4
ZAR                        0.001               0.008      0.06              0.86               13.8         373577.6              22666                      195                      3123         1   703146                         3.2                       0.4
CORN                       5.837              93.393    489.50              1.19               19.1             37.4              18286                      218                      3488         1   703146                         2.6                       0.5
TOPIX                     46.873             749.972   3794.75              1.24               19.8              4.7              17835                      220                      3524         1   703146                         2.5                       0.5
MXP                        0.000               0.005      0.06              0.56                9.0         373577.6              21562                      121                      1943         2   703146                         6.1                       0.6
NZD                        0.004               0.060      0.59              0.64               10.2          74715.5              43928                      280                      4491         1   703146                         6.2                       0.6
EU-OIL                     6.858             109.728    544.40              1.26               20.2             43.3              23581                      297                      4752         1   703146                         3.4                       0.7
CRUDE_W_micro              2.452              39.227     89.77              2.73               43.7             74.7               6707                      183                      2930         2   703146                         1.9                       0.8
NIKKEI                   948.477           15175.624  59910.00              1.58               25.3              0.5              28158                      445                      7132         1   703146                         4.0                       1.0
RUSSELL                   35.519             568.306   2815.90              1.26               20.2              3.7              10519                      132                      2123         4   703146                         6.0                       1.2
LIVECOW                    2.069              33.107    253.18              0.82               13.1            298.9              75664                      618                      9894         1   703146                        10.8                       1.4
EU-BASIC                  16.947             271.157    816.50              2.08               33.2             43.3              35367                      734                     11745         1   703146                         5.0                       1.7
MSCIEMASIA                18.617             297.875   1107.80              1.68               26.9             74.7              82769                     1390                     22255         1   703146                        11.8                       3.2
GASOILINE                  0.072               1.149      3.38              2.13               34.0          31380.5             105928                     2253                     36052         1   703146                        15.1                       5.1

Sum of abs(notional exposure % capital) 188.6
Sum of abs(annualised risk % capital) 30.1
Net sum of annualised risk % capital 7.9 

====================================================================================================================================================================================================================================================================================
                                                                                                                                    Correlations                                                                                                                                    
====================================================================================================================================================================================================================================================================================

               AUD_micro   DAX  EU-BASIC  MSCIEMASIA  MUMMY   MXP  NIKKEI   NZD  RUSSELL  TOPIX   ZAR   CHF  EUR_micro   JPY  BITCOIN  BUXL  CAD10  HANGENT_mini  KOSDAQ  KR10  LEANHOG  LIVECOW  RUBBER  CANOLA  CORN  CRUDE_W_micro  EU-OIL  GAS-PEN  GASOILINE  GAS_US_mini   V2X
AUD_micro           1.00  0.54      0.53        0.69   0.43  0.62    0.58  0.90     0.53   0.48  0.75  0.55       0.66  0.31     0.27 -0.03   0.04          0.34    0.43  0.17     0.16     0.08    0.29   -0.09  0.04          -0.12    0.03     0.05      -0.13         0.08 -0.54
DAX                 0.54  1.00      0.74        0.68   0.56  0.45    0.69  0.37     0.65   0.71  0.68  0.05       0.23 -0.01     0.37  0.00   0.17          0.45    0.14  0.30     0.08     0.27    0.43   -0.25 -0.23          -0.13    0.16    -0.04      -0.08         0.02 -0.72
EU-BASIC            0.53  0.74      1.00        0.66   0.51  0.54    0.62  0.39     0.57   0.62  0.70  0.10       0.27 -0.02     0.24  0.03   0.24          0.46    0.24  0.26     0.23     0.15    0.52   -0.19 -0.15          -0.12    0.21     0.05      -0.08         0.09 -0.66
MSCIEMASIA          0.69  0.68      0.66        1.00   0.57  0.56    0.78  0.55     0.71   0.63  0.72  0.25       0.39  0.09     0.41  0.13   0.20          0.53    0.36  0.32     0.07     0.07    0.35   -0.10  0.02          -0.22   -0.02     0.03      -0.10         0.07 -0.64
MUMMY               0.43  0.56      0.51        0.57   1.00  0.35    0.63  0.31     0.51   0.72  0.42  0.02       0.13 -0.04     0.39  0.11   0.13          0.41    0.17  0.27     0.15     0.04    0.29   -0.01 -0.13           0.03    0.15     0.02       0.04         0.05 -0.53
MXP                 0.62  0.45      0.54        0.56   0.35  1.00    0.49  0.58     0.46   0.48  0.68  0.41       0.58  0.14     0.17 -0.08   0.15          0.26    0.21  0.16     0.11     0.09    0.06   -0.22 -0.12          -0.30   -0.04    -0.08      -0.30        -0.05 -0.57
NIKKEI              0.58  0.69      0.62        0.78   0.63  0.49    1.00  0.45     0.69   0.89  0.58  0.04       0.23 -0.21     0.37 -0.05   0.13          0.35    0.38  0.17     0.05     0.15    0.35   -0.13 -0.15          -0.11    0.15    -0.04      -0.04        -0.01 -0.68
NZD                 0.90  0.37      0.39        0.55   0.31  0.58    0.45  1.00     0.39   0.33  0.65  0.67       0.75  0.44     0.19 -0.02   0.07          0.25    0.46  0.10     0.14     0.06    0.18   -0.07  0.05          -0.23   -0.10     0.02      -0.26         0.03 -0.41
RUSSELL             0.53  0.65      0.57        0.71   0.51  0.46    0.69  0.39     1.00   0.61  0.56  0.07       0.23 -0.07     0.49  0.07   0.17          0.23    0.23  0.34     0.11     0.06    0.28   -0.22 -0.16          -0.26   -0.06    -0.05      -0.20        -0.04 -0.71
TOPIX               0.48  0.71      0.62        0.63   0.72  0.48    0.89  0.33     0.61   1.00  0.56 -0.02       0.18 -0.24     0.26 -0.08   0.11          0.36    0.21  0.09     0.12     0.13    0.40   -0.10 -0.17          -0.06    0.29    -0.03       0.00        -0.01 -0.68
ZAR                 0.75  0.68      0.70        0.72   0.42  0.68    0.58  0.65     0.56   0.56  1.00  0.43       0.61  0.23     0.19  0.05   0.29          0.36    0.28  0.24     0.21     0.16    0.35   -0.29 -0.15          -0.33    0.02    -0.04      -0.32         0.01 -0.61
CHF                 0.55  0.05      0.10        0.25   0.02  0.41    0.04  0.67     0.07  -0.02  0.43  1.00       0.83  0.65    -0.09  0.11   0.15          0.19    0.22  0.12    -0.04    -0.08   -0.04   -0.02  0.09          -0.38   -0.41    -0.02      -0.41        -0.02 -0.11
EUR_micro           0.66  0.23      0.27        0.39   0.13  0.58    0.23  0.75     0.23   0.18  0.61  0.83       1.00  0.56     0.01 -0.02   0.18          0.22    0.24  0.19     0.06     0.04   -0.03   -0.20 -0.04          -0.42   -0.31    -0.06      -0.40        -0.01 -0.33
JPY                 0.31 -0.01     -0.02        0.09  -0.04  0.14   -0.21  0.44    -0.07  -0.24  0.23  0.65       0.56  1.00    -0.09  0.36   0.30          0.10    0.01  0.23    -0.05     0.05    0.02   -0.06  0.17          -0.27   -0.30     0.05      -0.26         0.09  0.07
BITCOIN             0.27  0.37      0.24        0.41   0.39  0.17    0.37  0.19     0.49   0.26  0.19 -0.09       0.01 -0.09     1.00 -0.03  -0.04          0.19    0.06  0.22     0.00     0.02    0.14   -0.06  0.06           0.05    0.04     0.03       0.06         0.09 -0.39
BUXL               -0.03  0.00      0.03        0.13   0.11 -0.08   -0.05 -0.02     0.07  -0.08  0.05  0.11      -0.02  0.36    -0.03  1.00   0.57          0.01   -0.01  0.39     0.01    -0.22    0.13    0.14  0.09          -0.19   -0.17    -0.06      -0.09        -0.05  0.07
CAD10               0.04  0.17      0.24        0.20   0.13  0.15    0.13  0.07     0.17   0.11  0.29  0.15       0.18  0.30    -0.04  0.57   1.00          0.09   -0.02  0.57    -0.07    -0.22    0.09   -0.23 -0.32          -0.44   -0.24    -0.05      -0.38        -0.02 -0.14
HANGENT_mini        0.34  0.45      0.46        0.53   0.41  0.26    0.35  0.25     0.23   0.36  0.36  0.19       0.22  0.10     0.19  0.01   0.09          1.00    0.22  0.18     0.21     0.05    0.26    0.10  0.11           0.04    0.02     0.04       0.05         0.06 -0.33
KOSDAQ              0.43  0.14      0.24        0.36   0.17  0.21    0.38  0.46     0.23   0.21  0.28  0.22       0.24  0.01     0.06 -0.01  -0.02          0.22    1.00 -0.10     0.14    -0.06    0.11    0.13  0.18          -0.01    0.08     0.03      -0.02        -0.03 -0.28
KR10                0.17  0.30      0.26        0.32   0.27  0.16    0.17  0.10     0.34   0.09  0.24  0.12       0.19  0.23     0.22  0.39   0.57          0.18   -0.10  1.00    -0.12    -0.07    0.10   -0.23 -0.28          -0.33   -0.25    -0.04      -0.32         0.01 -0.22
LEANHOG             0.16  0.08      0.23        0.07   0.15  0.11    0.05  0.14     0.11   0.12  0.21 -0.04       0.06 -0.05     0.00  0.01  -0.07          0.21    0.14 -0.12     1.00     0.05    0.15    0.12  0.03           0.14    0.13    -0.07       0.09        -0.05  0.02
LIVECOW             0.08  0.27      0.15        0.07   0.04  0.09    0.15  0.06     0.06   0.13  0.16 -0.08       0.04  0.05     0.02 -0.22  -0.22          0.05   -0.06 -0.07     0.05     1.00    0.06   -0.20 -0.03           0.03    0.20    -0.15       0.08        -0.06 -0.12
RUBBER              0.29  0.43      0.52        0.35   0.29  0.06    0.35  0.18     0.28   0.40  0.35 -0.04      -0.03  0.02     0.14  0.13   0.09          0.26    0.11  0.10     0.15     0.06    1.00    0.05  0.15           0.24    0.39     0.11       0.28         0.13 -0.27
CANOLA             -0.09 -0.25     -0.19       -0.10  -0.01 -0.22   -0.13 -0.07    -0.22  -0.10 -0.29 -0.02      -0.20 -0.06    -0.06  0.14  -0.23          0.10    0.13 -0.23     0.12    -0.20    0.05    1.00  0.40           0.32    0.14     0.11       0.34         0.08  0.20
CORN                0.04 -0.23     -0.15        0.02  -0.13 -0.12   -0.15  0.05    -0.16  -0.17 -0.15  0.09      -0.04  0.17     0.06  0.09  -0.32          0.11    0.18 -0.28     0.03    -0.03    0.15    0.40  1.00           0.28    0.18     0.25       0.34         0.24  0.22
CRUDE_W_micro      -0.12 -0.13     -0.12       -0.22   0.03 -0.30   -0.11 -0.23    -0.26  -0.06 -0.33 -0.38      -0.42 -0.27     0.05 -0.19  -0.44          0.04   -0.01 -0.33     0.14     0.03    0.24    0.32  0.28           1.00    0.68     0.14       0.92         0.11  0.15
EU-OIL              0.03  0.16      0.21       -0.02   0.15 -0.04    0.15 -0.10    -0.06   0.29  0.02 -0.41      -0.31 -0.30     0.04 -0.17  -0.24          0.02    0.08 -0.25     0.13     0.20    0.39    0.14  0.18           0.68    1.00     0.10       0.69         0.10 -0.10
GAS-PEN             0.05 -0.04      0.05        0.03   0.02 -0.08   -0.04  0.02    -0.05  -0.03 -0.04 -0.02      -0.06  0.05     0.03 -0.06  -0.05          0.04    0.03 -0.04    -0.07    -0.15    0.11    0.11  0.25           0.14    0.10     1.00       0.10         0.96 -0.02
GASOILINE          -0.13 -0.08     -0.08       -0.10   0.04 -0.30   -0.04 -0.26    -0.20   0.00 -0.32 -0.41      -0.40 -0.26     0.06 -0.09  -0.38          0.05   -0.02 -0.32     0.09     0.08    0.28    0.34  0.34           0.92    0.69     0.10       1.00         0.10  0.13
GAS_US_mini         0.08  0.02      0.09        0.07   0.05 -0.05   -0.01  0.03    -0.04  -0.01  0.01 -0.02      -0.01  0.09     0.09 -0.05  -0.02          0.06   -0.03  0.01    -0.05    -0.06    0.13    0.08  0.24           0.11    0.10     0.96       0.10         1.00 -0.03
V2X                -0.54 -0.72     -0.66       -0.64  -0.53 -0.57   -0.68 -0.41    -0.71  -0.68 -0.61 -0.11      -0.33  0.07    -0.39  0.07  -0.14         -0.33   -0.28 -0.22     0.02    -0.12   -0.27    0.20  0.22           0.15   -0.10    -0.02       0.13        -0.03  1.00


********************************************************************************
                                 END OF REPORT                                  
********************************************************************************


