
********************************************************************************
           Risk report report produced on 2023-04-14 22:52:06.114833            
********************************************************************************


Total risk across all strategies, annualised percentage 5.3
Percentage of capital used for margin 20.0%

========================================
Risk per strategy, annualised percentage
========================================

                  risk
dynamic_TF_carry   5.3


===================
Risk by asset class
===================

Ags       3.3
Bond      1.9
Equity    2.9
FX        2.8
Metals    2.1
OilGas    1.4
Vol       1.3
dtype: float64


=====================================================
Beta loadings of asset class positions on asset class
=====================================================

Bond     -0.48
Ags      -0.15
FX       -0.04
Vol      -0.02
OilGas   -0.01
Metals    0.07
Equity    0.14
dtype: float64


========================================================
Beta loadings of full portfolio positions on asset class
========================================================

Bond     -0.63
Ags      -0.10
Vol      -0.07
OilGas   -0.01
Metals    0.02
Equity    0.09
FX        0.18
dtype: float64


=================================================================================================================================================================================================================================================================
                                                                                                                         Instrument risk                                                                                                                         
=================================================================================================================================================================================================================================================================

             daily_price_stdev  annual_price_stdev     price  daily_perc_stdev  annual_perc_stdev  point_size_base  contract_exposure  daily_risk_per_contract  annual_risk_per_contract  position  capital  exposure_held_perc_capital  annual_risk_perc_capital
SOYOIL                   1.019              16.296     53.82              1.89               30.3            478.4              25750                      487                      7796        -1   344904                        -7.5                      -2.3
LEANHOG                  1.429              22.867     86.80              1.65               26.3            319.0              27686                      455                      7293        -1   344904                        -8.0                      -2.1
AUD                      0.005               0.085      0.67              0.79               12.7          79741.6              53602                      424                      6798        -1   344904                       -15.5                      -2.0
US2                      0.257               4.109    103.14              0.25                4.0           1594.8             164485                      409                      6553        -1   344904                       -47.7                      -1.9
GAS_US_mini              0.148               2.366      2.11              7.01              112.1           1993.5               4206                      294                      4716        -1   344904                        -1.2                      -1.4
V2X                      0.797              12.752     21.00              3.80               60.7             88.3               1854                       70                      1126        -4   344904                        -2.2                      -1.3
KOSPI_mini               3.314              53.028    333.09              1.00               15.9             30.7              10230                      101                      1628        -1   344904                        -3.0                      -0.5
BITCOIN               1095.473           17527.574  30370.00              3.61               57.7              0.1               2421                       87                      1397         1   344904                         0.7                       0.4
KOSDAQ                  19.096             305.544   1372.10              1.39               22.3              6.1               8428                      117                      1876         1   344904                         2.4                       0.5
BRE                      0.002               0.028      0.20              0.86               13.7          79741.6              16083                      137                      2200         1   344904                         4.7                       0.6
IRON                     2.569              41.100    114.95              2.23               35.8             79.7               9166                      204                      3277         1   344904                         2.7                       1.0
CNH                      0.024               0.377      6.82              0.35                5.5          11660.9              79499                      274                      4393         1   344904                        23.0                       1.3
SILVER                   0.415               6.642     25.72              1.61               25.8            797.4              20505                      331                      5296         1   344904                         5.9                       1.5
CAC                     71.547            1144.751   7525.50              0.95               15.2              8.8              66460                      631                     10109         1   344904                        19.3                       2.9

Sum of abs(notional exposure % capital) 143.8
Sum of abs(annualised risk % capital) 19.7
Net sum of annualised risk % capital -3.3 

========================================================================================================================
                                                      Correlations                                                      
========================================================================================================================

              CNH   V2X   AUD  BITCOIN   BRE  IRON  SILVER   US2   CAC  KOSDAQ  KOSPI_mini  GAS_US_mini  LEANHOG  SOYOIL
CNH          1.00  0.24 -0.62    -0.22 -0.23 -0.33   -0.53 -0.51 -0.27   -0.17       -0.20         0.19    -0.16    0.10
V2X          0.24  1.00 -0.49    -0.21 -0.38 -0.04   -0.20  0.10 -0.77   -0.33       -0.57        -0.26    -0.13   -0.19
AUD         -0.62 -0.49  1.00     0.38  0.31  0.25    0.56  0.44  0.53    0.23        0.40         0.25     0.20    0.22
BITCOIN     -0.22 -0.21  0.38     1.00  0.26  0.13    0.33  0.29  0.42    0.26        0.24        -0.00    -0.14    0.05
BRE         -0.23 -0.38  0.31     0.26  1.00  0.00    0.39 -0.01  0.33    0.14        0.28         0.05     0.13    0.19
IRON        -0.33 -0.04  0.25     0.13  0.00  1.00    0.23  0.12  0.07    0.09        0.10        -0.02     0.06    0.02
SILVER      -0.53 -0.20  0.56     0.33  0.39  0.23    1.00  0.49  0.25    0.06        0.07         0.01     0.11    0.24
US2         -0.51  0.10  0.44     0.29 -0.01  0.12    0.49  1.00  0.03   -0.09       -0.06        -0.05     0.01   -0.07
CAC         -0.27 -0.77  0.53     0.42  0.33  0.07    0.25  0.03  1.00    0.43        0.55         0.23     0.13    0.27
KOSDAQ      -0.17 -0.33  0.23     0.26  0.14  0.09    0.06 -0.09  0.43    1.00        0.71        -0.05    -0.03    0.11
KOSPI_mini  -0.20 -0.57  0.40     0.24  0.28  0.10    0.07 -0.06  0.55    0.71        1.00         0.07    -0.02    0.22
GAS_US_mini  0.19 -0.26  0.25    -0.00  0.05 -0.02    0.01 -0.05  0.23   -0.05        0.07         1.00    -0.02    0.32
LEANHOG     -0.16 -0.13  0.20    -0.14  0.13  0.06    0.11  0.01  0.13   -0.03       -0.02        -0.02     1.00    0.11
SOYOIL       0.10 -0.19  0.22     0.05  0.19  0.02    0.24 -0.07  0.27    0.11        0.22         0.32     0.11    1.00


********************************************************************************
                                 END OF REPORT                                  
********************************************************************************


