
********************************************************************************
                    Risk report produced on 20/12/2023 22:51                    
********************************************************************************


Total risk across all strategies, annualised percentage 8.2
Percentage of capital used for margin 56.6%

========================================
Risk per strategy, annualised percentage
========================================

                  risk
dynamic_TF_carry   8.2


===================
Risk by asset class
===================

Ags       2.5
Bond      1.4
Equity    4.9
FX        3.0
Metals    0.9
OilGas    5.0
Vol       1.6
dtype: float64


=====================================================
Beta loadings of asset class positions on asset class
=====================================================

Ags      -0.15
FX       -0.08
OilGas   -0.06
Vol      -0.04
Bond      0.03
Metals    0.03
Equity    0.49
dtype: float64


========================================================
Beta loadings of full portfolio positions on asset class
========================================================

Bond     -0.23
Vol      -0.11
OilGas   -0.04
Ags      -0.01
Metals    0.05
FX        0.11
Equity    0.62
dtype: float64


=================================================================================================================================================================================================================================================================
                                                                                                                         Instrument risk                                                                                                                         
=================================================================================================================================================================================================================================================================

             daily_price_stdev  annual_price_stdev     price  daily_perc_stdev  annual_perc_stdev  point_size_base  contract_exposure  daily_risk_per_contract  annual_risk_per_contract  position  capital  exposure_held_perc_capital  annual_risk_perc_capital
GAS-PEN                  0.119               1.901      2.37              5.02               80.3           7895.5              18680                      937                     15006        -1   370379                        -5.0                      -4.1
LIVECOW                  1.803              28.841    170.35              1.06               16.9            315.8              53800                      569                      9108        -1   370379                       -14.5                      -2.5
JPY                      0.000               0.001      0.01              0.72               11.5        9869408.0              69663                      500                      8004        -1   370379                       -18.8                      -2.2
VIX                      0.479               7.657     16.85              2.84               45.4            789.6              13303                      377                      6045        -1   370379                        -3.6                      -1.6
US2                      0.177               2.834    102.86              0.17                2.8           1579.1             162419                      279                      4474        -1   370379                       -43.9                      -1.2
GAS_US_mini              0.115               1.846      2.34              4.94               79.1           1973.9               4609                      227                      3643        -1   370379                        -1.2                      -1.0
EUR_micro                0.006               0.090      1.10              0.51                8.2           9869.4              10843                       55                       887        -2   370379                        -5.9                      -0.5
BITCOIN               1199.022           19184.360  43900.00              2.73               43.7              0.1               3466                       94                      1514         1   370379                         0.9                       0.4
IRON                     2.078              33.252    132.65              1.57               25.1             79.0              10473                      164                      2625         1   370379                         2.8                       0.7
DOW                    247.851            3965.622  37605.00              0.66               10.5              0.4              14845                       97                      1565         2   370379                         8.0                       0.8
CNH                      0.020               0.325      7.12              0.29                4.6          11062.5              78789                      224                      3598         1   370379                        21.3                       1.0
MXP                      0.000               0.006      0.06              0.67               10.7         394776.3              22747                      152                      2437         2   370379                        12.3                       1.3
FTSETAIWAN              11.219             179.511   1530.25              0.73               11.7             31.6              48328                      354                      5669         1   370379                        13.0                       1.5
NIKKEI                 324.192            5187.065  33635.00              0.96               15.4              0.5              18498                      178                      2852         2   370379                        10.0                       1.5
KR10                     0.587               9.397    113.53              0.52                8.3            608.5              69088                      357                      5718         1   370379                        18.7                       1.5
CAC                     50.773             812.362   7601.00              0.67               10.7              8.7              65756                      439                      7027         1   370379                        17.8                       1.9

Sum of abs(notional exposure % capital) 197.7
Sum of abs(annualised risk % capital) 23.7
Net sum of annualised risk % capital -2.5 

========================================================================================================================================
                                                              Correlations                                                              
========================================================================================================================================

              CNH   VIX  EUR_micro   JPY  KR10   US2   CAC   DOW  FTSETAIWAN  LIVECOW   MXP  NIKKEI  GAS-PEN  GAS_US_mini  BITCOIN  IRON
CNH          1.00  0.23      -0.57 -0.57 -0.28 -0.42 -0.30 -0.33       -0.41    -0.05 -0.39   -0.16     0.10         0.13     0.04 -0.33
VIX          0.23  1.00      -0.30 -0.06 -0.28  0.06 -0.64 -0.68       -0.56    -0.20 -0.53   -0.61    -0.20        -0.17    -0.18 -0.24
EUR_micro   -0.57 -0.30       1.00  0.45  0.30  0.38  0.43  0.48        0.43     0.27  0.40    0.27    -0.04        -0.09     0.03  0.12
JPY         -0.57 -0.06       0.45  1.00  0.33  0.58  0.14  0.24        0.25     0.04  0.18   -0.19    -0.31        -0.31    -0.03  0.18
KR10        -0.28 -0.28       0.30  0.33  1.00  0.48  0.37  0.37        0.26    -0.09  0.00    0.20    -0.01         0.01     0.11  0.04
US2         -0.42  0.06       0.38  0.58  0.48  1.00  0.03  0.26        0.10     0.01 -0.03   -0.06    -0.08        -0.11     0.05 -0.02
CAC         -0.30 -0.64       0.43  0.14  0.37  0.03  1.00  0.71        0.53     0.25  0.53    0.61     0.03         0.03     0.08  0.21
DOW         -0.33 -0.68       0.48  0.24  0.37  0.26  0.71  1.00        0.63     0.31  0.44    0.62     0.09         0.08     0.09  0.13
FTSETAIWAN  -0.41 -0.56       0.43  0.25  0.26  0.10  0.53  0.63        1.00     0.12  0.36    0.59     0.06         0.08     0.09  0.29
LIVECOW     -0.05 -0.20       0.27  0.04 -0.09  0.01  0.25  0.31        0.12     1.00  0.28    0.31     0.12         0.10    -0.26 -0.11
MXP         -0.39 -0.53       0.40  0.18  0.00 -0.03  0.53  0.44        0.36     0.28  1.00    0.47     0.04         0.03    -0.05  0.24
NIKKEI      -0.16 -0.61       0.27 -0.19  0.20 -0.06  0.61  0.62        0.59     0.31  0.47    1.00     0.21         0.20    -0.07  0.23
GAS-PEN      0.10 -0.20      -0.04 -0.31 -0.01 -0.08  0.03  0.09        0.06     0.12  0.04    0.21     1.00         0.90    -0.06  0.02
GAS_US_mini  0.13 -0.17      -0.09 -0.31  0.01 -0.11  0.03  0.08        0.08     0.10  0.03    0.20     0.90         1.00    -0.03  0.03
BITCOIN      0.04 -0.18       0.03 -0.03  0.11  0.05  0.08  0.09        0.09    -0.26 -0.05   -0.07    -0.06        -0.03     1.00  0.15
IRON        -0.33 -0.24       0.12  0.18  0.04 -0.02  0.21  0.13        0.29    -0.11  0.24    0.23     0.02         0.03     0.15  1.00


********************************************************************************
                                 END OF REPORT                                  
********************************************************************************


