
********************************************************************************
                    Risk report produced on 26/01/2024 22:51                    
********************************************************************************


Total risk across all strategies, annualised percentage 7.7
Percentage of capital used for margin 58.6%

========================================
Risk per strategy, annualised percentage
========================================

                  risk
dynamic_TF_carry   7.7


===================
Risk by asset class
===================

Ags       1.7
Bond      2.0
Equity    3.2
FX        4.4
Metals    2.7
Vol       1.5
dtype: float64


=====================================================
Beta loadings of asset class positions on asset class
=====================================================

FX       -0.28
Ags      -0.07
Metals   -0.04
Vol      -0.03
Bond      0.20
Equity    0.22
dtype: float64


========================================================
Beta loadings of full portfolio positions on asset class
========================================================

FX       -0.34
Bond     -0.23
Vol      -0.11
Metals   -0.07
Ags      -0.02
Equity    0.36
dtype: float64


==================================================================================================================================================================================================================================================================
                                                                                                                         Instrument risk                                                                                                                          
==================================================================================================================================================================================================================================================================

              daily_price_stdev  annual_price_stdev     price  daily_perc_stdev  annual_perc_stdev  point_size_base  contract_exposure  daily_risk_per_contract  annual_risk_per_contract  position  capital  exposure_held_perc_capital  annual_risk_perc_capital
JPY                       0.000               0.001      0.01              0.62                9.9        9846861.6              67022                      414                      6624        -2   367022                       -36.5                      -3.6
PLAT                     15.166             242.649    922.70              1.64               26.3             39.4              36342                      597                      9557        -1   367022                        -9.9                      -2.6
LEANHOG                   1.261              20.179     83.20              1.52               24.3            315.1              26216                      397                      6358        -1   367022                        -7.1                      -1.7
VIX                       0.445               7.116     15.10              2.95               47.1            787.7              11895                      350                      5605        -1   367022                        -3.2                      -1.5
BOBL                      0.317               5.077    117.73              0.27                4.3            853.0             100420                      270                      4330        -1   367022                       -27.4                      -1.2
RUSSELL                  24.497             391.950   1989.90              1.23               19.7              3.9               7837                       96                      1543        -2   367022                        -4.3                      -0.8
KOSDAQ                   23.355             373.683   1292.70              1.81               28.9              5.9               7619                      137                      2202        -1   367022                        -2.1                      -0.6
EUR_micro                 0.005               0.074      1.09              0.43                6.8           9846.9              10717                       45                       730        -2   367022                        -5.8                      -0.4
COPPER-micro              0.045               0.721      3.86              1.17               18.7           1969.4               7591                       88                      1419        -1   367022                        -2.1                      -0.4
IRON                      2.207              35.312    134.95              1.64               26.2             78.8              10630                      173                      2781         1   367022                         2.9                       0.8
BITCOIN                1250.448           20007.174  42490.00              2.94               47.1              0.1               3347                       98                      1576         2   367022                         1.8                       0.9
CNH                       0.019               0.305      7.16              0.27                4.3          10957.9              78459                      208                      3343         1   367022                        21.4                       0.9
TOPIX                    19.772             316.350   2499.00              0.79               12.7              5.3              13322                      105                      1686         2   367022                         7.3                       0.9
MXP                       0.000               0.006      0.06              0.64               10.3         393874.5              22789                      146                      2339         2   367022                        12.4                       1.3
NIKKEI                  342.063            5473.011  35700.00              0.96               15.3              0.5              19032                      182                      2917         2   367022                        10.4                       1.6
R1000                    11.879             190.064   1639.70              0.72               11.6             39.4              64583                      467                      7486         1   367022                        17.6                       2.0
KR10                      0.466               7.449    113.17              0.41                6.6            589.4              66706                      274                      4390         2   367022                        36.3                       2.4

Sum of abs(notional exposure % capital) 208.5
Sum of abs(annualised risk % capital) 23.6
Net sum of annualised risk % capital -2.0 

==============================================================================================================================================
                                                                 Correlations                                                                 
==============================================================================================================================================

               CNH   VIX  KOSDAQ  LEANHOG   MXP  NIKKEI  R1000  RUSSELL  TOPIX  BITCOIN  BOBL  KR10  COPPER-micro  EUR_micro  IRON   JPY  PLAT
CNH           1.00  0.20   -0.14    -0.08 -0.12   -0.02  -0.36    -0.33   0.01    -0.05 -0.28 -0.35         -0.58      -0.55 -0.35 -0.59 -0.43
VIX           0.20  1.00   -0.35    -0.31 -0.59   -0.52  -0.67    -0.60  -0.56    -0.10  0.16 -0.10         -0.38      -0.38 -0.25 -0.10 -0.15
KOSDAQ       -0.14 -0.35    1.00     0.13  0.36    0.30   0.50     0.45   0.21     0.06  0.05  0.39          0.19       0.31  0.07  0.11  0.08
LEANHOG      -0.08 -0.31    0.13     1.00  0.27    0.41   0.28     0.27   0.38    -0.04 -0.05  0.09          0.09       0.18  0.05 -0.14 -0.01
MXP          -0.12 -0.59    0.36     0.27  1.00    0.37   0.50     0.44   0.37     0.10 -0.03  0.16          0.46       0.44  0.26  0.10  0.31
NIKKEI       -0.02 -0.52    0.30     0.41  0.37    1.00   0.56     0.51   0.94     0.02 -0.14  0.16          0.25       0.19  0.09 -0.30  0.06
R1000        -0.36 -0.67    0.50     0.28  0.50    0.56   1.00     0.88   0.55     0.22  0.10  0.27          0.52       0.46  0.35  0.20  0.36
RUSSELL      -0.33 -0.60    0.45     0.27  0.44    0.51   0.88     1.00   0.49     0.21  0.10  0.23          0.48       0.39  0.30  0.20  0.33
TOPIX         0.01 -0.56    0.21     0.38  0.37    0.94   0.55     0.49   1.00    -0.00 -0.18  0.05          0.23       0.12  0.10 -0.28  0.08
BITCOIN      -0.05 -0.10    0.06    -0.04  0.10    0.02   0.22     0.21  -0.00     1.00  0.16  0.18          0.07       0.22  0.02  0.06  0.01
BOBL         -0.28  0.16    0.05    -0.05 -0.03   -0.14   0.10     0.10  -0.18     0.16  1.00  0.54          0.10       0.16  0.14  0.39  0.25
KR10         -0.35 -0.10    0.39     0.09  0.16    0.16   0.27     0.23   0.05     0.18  0.54  1.00          0.09       0.32  0.12  0.21  0.08
COPPER-micro -0.58 -0.38    0.19     0.09  0.46    0.25   0.52     0.48   0.23     0.07  0.10  0.09          1.00       0.50  0.56  0.40  0.54
EUR_micro    -0.55 -0.38    0.31     0.18  0.44    0.19   0.46     0.39   0.12     0.22  0.16  0.32          0.50       1.00  0.11  0.52  0.47
IRON         -0.35 -0.25    0.07     0.05  0.26    0.09   0.35     0.30   0.10     0.02  0.14  0.12          0.56       0.11  1.00  0.23  0.38
JPY          -0.59 -0.10    0.11    -0.14  0.10   -0.30   0.20     0.20  -0.28     0.06  0.39  0.21          0.40       0.52  0.23  1.00  0.43
PLAT         -0.43 -0.15    0.08    -0.01  0.31    0.06   0.36     0.33   0.08     0.01  0.25  0.08          0.54       0.47  0.38  0.43  1.00


********************************************************************************
                                 END OF REPORT                                  
********************************************************************************


