
********************************************************************************
                    Risk report produced on 05/12/2024 22:52                    
********************************************************************************


Total risk across all strategies, annualised percentage 12.9
Percentage of capital used for margin 76.3%

========================================
Risk per strategy, annualised percentage
========================================

                  risk
dynamic_TF_carry  12.9


===================
Risk by asset class
===================

Ags       6.0
Equity    6.4
FX        3.2
Metals    2.3
OilGas    3.8
Other     0.7
Vol       2.0
dtype: float64


=====================================================
Beta loadings of asset class positions on asset class
=====================================================

FX       -0.54
OilGas   -0.14
Metals   -0.09
Vol      -0.04
Other     0.03
Ags       0.34
Equity    0.46
dtype: float64


========================================================
Beta loadings of full portfolio positions on asset class
========================================================

FX       -0.71
Vol      -0.21
OilGas   -0.14
Metals   -0.04
Other     0.02
Ags       0.28
Equity    0.60
dtype: float64


===================================================================================================================================================================================================================================================================
                                                                                                                          Instrument risk                                                                                                                          
===================================================================================================================================================================================================================================================================

               daily_price_stdev  annual_price_stdev     price  daily_perc_stdev  annual_perc_stdev  point_size_base  contract_exposure  daily_risk_per_contract  annual_risk_per_contract  position  capital  exposure_held_perc_capital  annual_risk_perc_capital
CHF                        0.006               0.089      1.14              0.49                7.8          98209.4             111953                      545                      8726        -2   588879                       -38.0                      -3.0
BRENT-LAST                 1.288              20.603     71.91              1.79               28.7            785.7              56497                     1011                     16187        -1   588879                        -9.6                      -2.7
ALUMINIUM                 42.542             680.670   2617.00              1.63               26.0             19.6              51402                      835                     13369        -1   588879                        -8.7                      -2.3
VIX                        0.467               7.466     16.20              2.88               46.1            785.7              12727                      366                      5865        -2   588879                        -4.3                      -2.0
GAS_US_mini                0.115               1.832      3.08              3.72               59.6           1964.2               6039                      224                      3598        -2   588879                        -2.1                      -1.2
FTSECHINAH               270.240            4323.841  13625.00              1.98               31.7              1.6              21409                      424                      6794        -1   588879                        -3.6                      -1.2
KOSDAQ                    21.649             346.387   1144.90              1.89               30.3              5.6               6391                      120                      1933        -3   588879                        -3.3                      -1.0
EUROSTX                   42.091             673.461   4957.00              0.85               13.6              8.3              41024                      348                      5573        -1   588879                        -7.0                      -0.9
CRUDE_W_micro              1.299              20.785     68.25              1.90               30.5             78.6               5362                      102                      1633        -3   588879                        -2.7                      -0.8
SOYMEAL                    3.712              59.386    290.70              1.28               20.4             78.6              22839                      291                      4665        -1   588879                        -3.9                      -0.8
CAD                        0.002               0.036      0.71              0.31                5.0          78567.6              56042                      175                      2810        -1   588879                        -9.5                      -0.5
IRON                       1.912              30.589    103.25              1.85               29.6             78.6               8112                      150                      2403        -1   588879                        -1.4                      -0.4
EURO600                    3.473              55.561    519.90              0.67               10.7             41.4              21513                      143                      2299        -1   588879                        -3.7                      -0.4
CANOLA                    10.471             167.528    602.50              1.74               27.8             11.2               6735                      117                      1872        -1   588879                        -1.1                      -0.3
MILLWHEAT                  2.547              40.751    226.50              1.12               18.0             41.4               9372                      105                      1686        -1   588879                        -1.6                      -0.3
MUMMY                      9.843             157.490    635.00              1.55               24.8              5.2               3322                       51                       823         1   588879                         0.6                       0.1
GOLD_micro                27.319             437.098   2652.30              1.03               16.5              7.9              20838                      214                      3434         1   588879                         3.5                       0.6
RUSSELL                   28.132             450.112   2411.80              1.17               18.7              3.9               9474                      110                      1768         2   588879                         3.2                       0.6
RUBBER                     3.417              54.678    205.70              1.66               26.6             39.3               8080                      134                      2147         2   588879                         2.7                       0.7
HANG_mini                314.773            5036.373  19659.00              1.60               25.6              1.0              19847                      317                      5084         1   588879                         3.4                       0.9
MSCISING                   2.816              45.057    380.20              0.74               11.9             58.6              22276                      164                      2639         2   588879                         7.6                       0.9
LEANHOG                    1.133              18.132     86.45              1.31               21.0            314.3              27168                      356                      5698         1   588879                         4.6                       1.0
FANG                     146.230            2339.673  13024.40              1.12               18.0              3.9              51164                      574                      9191         1   588879                         8.7                       1.6
FTSETAIWAN                19.497             311.949   1936.00              1.01               16.1             31.4              60842                      612                      9803         1   588879                        10.3                       1.7
FEEDCOW                    1.902              30.433    253.40              0.75               12.0            392.8              99545                      747                     11955         1   588879                        16.9                       2.0
DOW                      307.209            4915.342  44884.00              0.68               11.0              0.4              17632                      120                      1930         7   588879                        21.0                       2.3
MIB                      288.370            4613.925  34620.00              0.83               13.3              4.1             143260                     1193                     19092         1   588879                        24.3                       3.2
COCOA                    235.842            3773.474   9401.00              2.51               40.1              7.9              73861                     1852                     29647         1   588879                        12.5                       5.0

Sum of abs(notional exposure % capital) 219.8
Sum of abs(annualised risk % capital) 38.4
Net sum of annualised risk % capital 2.8 

==========================================================================================================================================================================================================================================================================
                                                                                                                               Correlations                                                                                                                               
==========================================================================================================================================================================================================================================================================

                CHF   VIX  CANOLA  LEANHOG  MILLWHEAT  SOYMEAL  ALUMINIUM   CAD  FTSECHINAH  GOLD_micro  HANG_mini  IRON  RUBBER   DOW  EURO600  EUROSTX  FANG  FTSETAIWAN  KOSDAQ   MIB  MSCISING  MUMMY  RUSSELL  BRENT-LAST  COCOA  CRUDE_W_micro  FEEDCOW  GAS_US_mini
CHF            1.00  0.32   -0.09     0.10      -0.11     0.29       0.18  0.50        0.09        0.23       0.16  0.12    0.26 -0.12    -0.06    -0.07 -0.22       -0.21   -0.02 -0.18     -0.29  -0.17    -0.15       -0.15  -0.15          -0.16    -0.36        -0.17
VIX            0.32  1.00   -0.23    -0.04       0.00     0.19       0.15 -0.20       -0.14        0.03      -0.15  0.22    0.05 -0.62    -0.48    -0.41 -0.56       -0.45   -0.25 -0.47     -0.56  -0.53    -0.53       -0.03  -0.16          -0.08    -0.26        -0.24
CANOLA        -0.09 -0.23    1.00     0.31       0.37     0.33       0.01  0.13        0.15       -0.06       0.13  0.03    0.09  0.09     0.05     0.12  0.21        0.08    0.01  0.18      0.11   0.03     0.13        0.10   0.02           0.09     0.05        -0.01
LEANHOG        0.10 -0.04    0.31     1.00       0.07     0.21       0.06  0.08       -0.01       -0.02      -0.01 -0.00   -0.07  0.20     0.13     0.13 -0.00       -0.13   -0.10  0.08      0.06   0.04     0.24       -0.01   0.05          -0.05     0.11         0.11
MILLWHEAT     -0.11  0.00    0.37     0.07       1.00     0.30       0.11 -0.02        0.16       -0.11       0.09  0.11    0.07 -0.12     0.00     0.02 -0.04       -0.08    0.00  0.03     -0.09  -0.24    -0.19       -0.03  -0.04          -0.05     0.03         0.13
SOYMEAL        0.29  0.19    0.33     0.21       0.30     1.00       0.22  0.20        0.15        0.02       0.35  0.28    0.36 -0.02     0.06     0.07 -0.20       -0.10   -0.02 -0.04     -0.10  -0.08    -0.05       -0.08  -0.21          -0.10    -0.25         0.04
ALUMINIUM      0.18  0.15    0.01     0.06       0.11     0.22       1.00  0.33        0.42        0.48       0.43  0.47    0.41 -0.12     0.13     0.22  0.07        0.22    0.15  0.07      0.10   0.02    -0.12        0.25   0.00           0.21    -0.02        -0.07
CAD            0.50 -0.20    0.13     0.08      -0.02     0.20       0.33  1.00        0.42        0.29       0.44  0.16    0.31  0.22     0.34     0.34  0.14        0.30    0.25  0.26      0.17   0.24     0.19        0.29  -0.09           0.29     0.01        -0.02
FTSECHINAH     0.09 -0.14    0.15    -0.01       0.16     0.15       0.42  0.42        1.00        0.35       0.80  0.27    0.42  0.08     0.40     0.50  0.21        0.40    0.40  0.34      0.23   0.31     0.08        0.28  -0.19           0.29     0.18        -0.03
GOLD_micro     0.23  0.03   -0.06    -0.02      -0.11     0.02       0.48  0.29        0.35        1.00       0.32  0.15    0.25  0.13     0.31     0.32  0.04        0.27    0.07  0.26      0.03   0.12     0.11        0.23  -0.13           0.24     0.05         0.02
HANG_mini      0.16 -0.15    0.13    -0.01       0.09     0.35       0.43  0.44        0.80        0.32       1.00  0.33    0.51  0.13     0.47     0.48  0.06        0.35    0.32  0.38      0.21   0.35     0.12        0.10  -0.23           0.13    -0.00        -0.02
IRON           0.12  0.22    0.03    -0.00       0.11     0.28       0.47  0.16        0.27        0.15       0.33  1.00    0.37 -0.14    -0.04     0.02 -0.05        0.05    0.04 -0.06     -0.20  -0.10    -0.08        0.18  -0.12           0.14     0.06        -0.19
RUBBER         0.26  0.05    0.09    -0.07       0.07     0.36       0.41  0.31        0.42        0.25       0.51  0.37    1.00 -0.05     0.16     0.19 -0.02        0.08    0.02  0.08     -0.04   0.02    -0.08        0.30  -0.16           0.30    -0.01        -0.05
DOW           -0.12 -0.62    0.09     0.20      -0.12    -0.02      -0.12  0.22        0.08        0.13       0.13 -0.14   -0.05  1.00     0.62     0.51  0.40        0.41    0.25  0.46      0.60   0.57     0.88        0.01   0.16           0.03     0.26         0.21
EURO600       -0.06 -0.48    0.05     0.13       0.00     0.06       0.13  0.34        0.40        0.31       0.47 -0.04    0.16  0.62     1.00     0.93  0.30        0.59    0.43  0.86      0.53   0.65     0.59        0.15   0.05           0.16     0.33         0.05
EUROSTX       -0.07 -0.41    0.12     0.13       0.02     0.07       0.22  0.34        0.50        0.32       0.48  0.02    0.19  0.51     0.93     1.00  0.37        0.60    0.48  0.86      0.48   0.61     0.50        0.22   0.09           0.22     0.33        -0.00
FANG          -0.22 -0.56    0.21    -0.00      -0.04    -0.20       0.07  0.14        0.21        0.04       0.06 -0.05   -0.02  0.40     0.30     0.37  1.00        0.58    0.28  0.24      0.41   0.34     0.34        0.20   0.14           0.20     0.19         0.11
FTSETAIWAN    -0.21 -0.45    0.08    -0.13      -0.08    -0.10       0.22  0.30        0.40        0.27       0.35  0.05    0.08  0.41     0.59     0.60  0.58        1.00    0.53  0.53      0.54   0.55     0.42        0.32   0.07           0.34     0.29        -0.04
KOSDAQ        -0.02 -0.25    0.01    -0.10       0.00    -0.02       0.15  0.25        0.40        0.07       0.32  0.04    0.02  0.25     0.43     0.48  0.28        0.53    1.00  0.43      0.36   0.39     0.30        0.21   0.22           0.21     0.08         0.02
MIB           -0.18 -0.47    0.18     0.08       0.03    -0.04       0.07  0.26        0.34        0.26       0.38 -0.06    0.08  0.46     0.86     0.86  0.24        0.53    0.43  1.00      0.48   0.61     0.50        0.14   0.13           0.17     0.38        -0.01
MSCISING      -0.29 -0.56    0.11     0.06      -0.09    -0.10       0.10  0.17        0.23        0.03       0.21 -0.20   -0.04  0.60     0.53     0.48  0.41        0.54    0.36  0.48      1.00   0.67     0.54        0.00   0.23           0.01     0.22         0.13
MUMMY         -0.17 -0.53    0.03     0.04      -0.24    -0.08       0.02  0.24        0.31        0.12       0.35 -0.10    0.02  0.57     0.65     0.61  0.34        0.55    0.39  0.61      0.67   1.00     0.58        0.05   0.14           0.06     0.25         0.08
RUSSELL       -0.15 -0.53    0.13     0.24      -0.19    -0.05      -0.12  0.19        0.08        0.11       0.12 -0.08   -0.08  0.88     0.59     0.50  0.34        0.42    0.30  0.50      0.54   0.58     1.00        0.08   0.14           0.08     0.28         0.10
BRENT-LAST    -0.15 -0.03    0.10    -0.01      -0.03    -0.08       0.25  0.29        0.28        0.23       0.10  0.18    0.30  0.01     0.15     0.22  0.20        0.32    0.21  0.14      0.00   0.05     0.08        1.00  -0.03           0.97     0.47         0.03
COCOA         -0.15 -0.16    0.02     0.05      -0.04    -0.21       0.00 -0.09       -0.19       -0.13      -0.23 -0.12   -0.16  0.16     0.05     0.09  0.14        0.07    0.22  0.13      0.23   0.14     0.14       -0.03   1.00          -0.03     0.10         0.07
CRUDE_W_micro -0.16 -0.08    0.09    -0.05      -0.05    -0.10       0.21  0.29        0.29        0.24       0.13  0.14    0.30  0.03     0.16     0.22  0.20        0.34    0.21  0.17      0.01   0.06     0.08        0.97  -0.03           1.00     0.48         0.06
FEEDCOW       -0.36 -0.26    0.05     0.11       0.03    -0.25      -0.02  0.01        0.18        0.05      -0.00  0.06   -0.01  0.26     0.33     0.33  0.19        0.29    0.08  0.38      0.22   0.25     0.28        0.47   0.10           0.48     1.00         0.16
GAS_US_mini   -0.17 -0.24   -0.01     0.11       0.13     0.04      -0.07 -0.02       -0.03        0.02      -0.02 -0.19   -0.05  0.21     0.05    -0.00  0.11       -0.04    0.02 -0.01      0.13   0.08     0.10        0.03   0.07           0.06     0.16         1.00


********************************************************************************
                                 END OF REPORT                                  
********************************************************************************


