
********************************************************************************
                    Risk report produced on 14/11/2024 22:52                    
********************************************************************************


Total risk across all strategies, annualised percentage 12.5
Percentage of capital used for margin 70.4%

========================================
Risk per strategy, annualised percentage
========================================

                  risk
dynamic_TF_carry  12.5


===================
Risk by asset class
===================

Ags       5.7
Bond      2.8
Equity    5.0
FX        4.2
Metals    2.5
OilGas    3.5
Vol       2.3
dtype: float64


=====================================================
Beta loadings of asset class positions on asset class
=====================================================

FX       -0.59
Bond     -0.16
OilGas   -0.10
Metals   -0.08
Vol      -0.04
Ags       0.14
Equity    0.32
dtype: float64


========================================================
Beta loadings of full portfolio positions on asset class
========================================================

FX       -0.88
Bond     -0.40
Vol      -0.14
OilGas   -0.11
Metals   -0.07
Ags       0.05
Equity    0.39
dtype: float64


===================================================================================================================================================================================================================================================================
                                                                                                                          Instrument risk                                                                                                                          
===================================================================================================================================================================================================================================================================

               daily_price_stdev  annual_price_stdev     price  daily_perc_stdev  annual_perc_stdev  point_size_base  contract_exposure  daily_risk_per_contract  annual_risk_per_contract  position  capital  exposure_held_perc_capital  annual_risk_perc_capital
US30                       1.318              21.080    122.91              1.07               17.2            788.5              96907                     1038                     16621        -1   596777                       -16.2                      -2.8
VIX                        0.552               8.828     15.45              3.57               57.1            788.5              12181                      435                      6960        -2   596777                        -4.1                      -2.3
GAS-PEN                    0.105               1.685      2.84              3.71               59.4           7884.7              22368                      830                     13282        -1   596777                        -3.7                      -2.2
ALUMINIUM                 41.973             671.561   2455.00              1.71               27.4             19.7              48392                      827                     13237        -1   596777                        -8.1                      -2.2
CHF                        0.005               0.088      1.13              0.49                7.8          98558.3             111045                      539                      8625        -1   596777                       -18.6                      -1.4
JPY                        0.000               0.001      0.01              0.75               12.1        9855828.9              63289                      477                      7639        -1   596777                       -10.6                      -1.3
CRUDE_W_micro              1.416              22.654     68.20              2.08               33.2             78.8               5377                      111                      1786        -4   596777                        -3.6                      -1.2
KOSDAQ                    23.606             377.688   1210.20              1.95               31.2              5.6               6766                      131                      2111        -3   596777                        -3.4                      -1.1
GAS_US_mini                0.098               1.570      3.04              3.23               51.6           1971.2               5992                      193                      3094        -2   596777                        -2.0                      -1.0
COTTON2                    0.858              13.722     68.42              1.25               20.1            394.2              26973                      338                      5409        -1   596777                        -4.5                      -0.9
NZD                        0.004               0.060      0.59              0.64               10.3          78846.6              46144                      297                      4761        -1   596777                        -7.7                      -0.8
SOYMEAL                    3.721              59.542    289.20              1.29               20.6             78.8              22802                      293                      4694        -1   596777                        -3.8                      -0.8
CAD                        0.002               0.038      0.71              0.33                5.4          78846.6              56217                      188                      3008        -1   596777                        -9.4                      -0.5
CORN                       4.740              75.837    418.75              1.13               18.1             39.4              16508                      186                      2989        -1   596777                        -2.8                      -0.5
IRON                       2.191              35.053     98.80              2.22               35.5             78.8               7790                      172                      2763        -1   596777                        -1.3                      -0.5
CANOLA                    10.050             160.803    626.90              1.60               25.7             11.3               7053                      113                      1809        -1   596777                        -1.2                      -0.3
MILLWHEAT                  2.412              38.594    220.50              1.09               17.5             41.6               9165                      100                      1604        -1   596777                        -1.5                      -0.3
MUMMY                     12.066             193.052    622.00              1.94               31.0              5.1               3144                       61                       976         1   596777                         0.5                       0.2
SP500_micro               44.819             717.111   5974.50              0.75               12.0              3.9              23553                      176                      2827         1   596777                         3.9                       0.5
RUSSELL                   32.692             523.065   2345.30              1.39               22.3              3.9               9245                      128                      2062         2   596777                         3.1                       0.7
DOW                      359.190            5747.032  43907.00              0.82               13.1              0.4              17309                      141                      2265         2   596777                         5.8                       0.8
TOPIX                     31.350             501.607   2720.50              1.15               18.4              5.1              13755                      158                      2536         2   596777                         4.6                       0.8
MSCISING                   2.778              44.448    364.40              0.76               12.2             58.6              21357                      162                      2605         2   596777                         7.2                       0.9
HANG_mini                401.299            6420.783  19615.00              2.05               32.7              1.0              19875                      406                      6505         1   596777                         3.3                       1.1
YENEUR                     0.856              13.699    164.07              0.52                8.3            632.0             103696                      541                      8657         1   596777                        17.4                       1.5
LEANHOG                    1.188              19.003     79.90              1.49               23.8            315.4              25199                      374                      5993         2   596777                         8.4                       2.0
MSCITAIWAN                11.994             191.908    951.30              1.26               20.2             78.8              75006                      945                     15131         1   596777                        12.6                       2.5
COCOA                    236.063            3777.013   8649.00              2.73               43.7              7.9              68194                     1861                     29780         1   596777                        11.4                       5.0

Sum of abs(notional exposure % capital) 180.7
Sum of abs(annualised risk % capital) 36.1
Net sum of annualised risk % capital -4.1 

=============================================================================================================================================================================================================================================================
                                                                                                                        Correlations                                                                                                                         
=============================================================================================================================================================================================================================================================

                CHF   JPY  SOYMEAL  US30   VIX   DOW  KOSDAQ  MSCISING  MSCITAIWAN  MUMMY  RUSSELL  SP500_micro  TOPIX  YENEUR   CAD  COCOA   NZD  ALUMINIUM  COTTON2  CRUDE_W_micro  HANG_mini  IRON  CANOLA  CORN  GAS-PEN  GAS_US_mini  LEANHOG  MILLWHEAT
CHF            1.00  0.72     0.19  0.62  0.53 -0.33   -0.33     -0.36       -0.50  -0.42    -0.27        -0.33  -0.61   -0.45  0.39  -0.04  0.42       0.06    -0.20          -0.12       0.10  0.09   -0.22 -0.12    -0.05        -0.11     0.13      -0.19
JPY            0.72  1.00     0.27  0.68  0.43 -0.19   -0.47     -0.31       -0.56  -0.50    -0.13        -0.28  -0.72   -0.86  0.21   0.01  0.33       0.01    -0.08          -0.25      -0.05  0.05   -0.33 -0.05    -0.19        -0.25    -0.04      -0.14
SOYMEAL        0.19  0.27     1.00  0.22  0.14 -0.02   -0.24     -0.15       -0.34  -0.29    -0.09        -0.09  -0.28   -0.21  0.05  -0.21  0.09      -0.04    -0.10          -0.26       0.12  0.24    0.25  0.42     0.09         0.10     0.03       0.23
US30           0.62  0.68     0.22  1.00  0.22  0.02   -0.29     -0.14       -0.33  -0.34     0.02         0.01  -0.51   -0.52  0.39   0.02  0.37      -0.01    -0.13          -0.25      -0.01 -0.01   -0.32  0.06     0.04        -0.03    -0.05      -0.17
VIX            0.53  0.43     0.14  0.22  1.00 -0.76   -0.51     -0.70       -0.64  -0.70    -0.66        -0.77  -0.71   -0.43 -0.15  -0.11 -0.18       0.01    -0.13           0.09      -0.04  0.20   -0.18 -0.01    -0.28        -0.29     0.11      -0.05
DOW           -0.33 -0.19    -0.02  0.02 -0.76  1.00    0.28      0.66        0.44   0.53     0.87         0.86   0.47    0.17  0.25   0.13  0.20      -0.04     0.14          -0.16       0.13 -0.14    0.12  0.13     0.19         0.16    -0.03       0.02
KOSDAQ        -0.33 -0.47    -0.24 -0.29 -0.51  0.28    1.00      0.48        0.74   0.68     0.32         0.40   0.73    0.51  0.19   0.09  0.10       0.22     0.27           0.31       0.31  0.10    0.09  0.03     0.04         0.08    -0.06       0.03
MSCISING      -0.36 -0.31    -0.15 -0.14 -0.70  0.66    0.48      1.00        0.62   0.68     0.65         0.68   0.64    0.34  0.25   0.12  0.23       0.24     0.15           0.01       0.28 -0.09    0.07 -0.01     0.20         0.17     0.01      -0.08
MSCITAIWAN    -0.50 -0.56    -0.34 -0.33 -0.64  0.44    0.74      0.62        1.00   0.74     0.47         0.64   0.80    0.57  0.14   0.04  0.12       0.22     0.32           0.27       0.25 -0.02    0.07 -0.01     0.13         0.15    -0.17      -0.02
MUMMY         -0.42 -0.50    -0.29 -0.34 -0.70  0.53    0.68      0.68        0.74   1.00     0.53         0.56   0.88    0.51  0.18   0.12  0.11       0.08     0.21           0.22       0.22 -0.08    0.12 -0.05     0.17         0.16    -0.04      -0.15
RUSSELL       -0.27 -0.13    -0.09  0.02 -0.66  0.87    0.32      0.65        0.47   0.53     1.00         0.79   0.48    0.16  0.27   0.11  0.22       0.05     0.19          -0.14       0.19 -0.03    0.11  0.08     0.06         0.03     0.00      -0.06
SP500_micro   -0.33 -0.28    -0.09  0.01 -0.77  0.86    0.40      0.68        0.64   0.56     0.79         1.00   0.54    0.33  0.27   0.15  0.30       0.08     0.20          -0.07       0.19 -0.08    0.08  0.02     0.20         0.16    -0.08      -0.06
TOPIX         -0.61 -0.72    -0.28 -0.51 -0.71  0.47    0.73      0.64        0.80   0.88     0.48         0.54   1.00    0.71  0.08   0.07  0.01       0.13     0.20           0.26       0.26 -0.00    0.24  0.00     0.22         0.24    -0.05       0.03
YENEUR        -0.45 -0.86    -0.21 -0.52 -0.43  0.17    0.51      0.34        0.57   0.51     0.16         0.33   0.71    1.00  0.06   0.01 -0.02       0.14     0.08           0.25       0.20  0.02    0.31 -0.05     0.22         0.26     0.11       0.08
CAD            0.39  0.21     0.05  0.39 -0.15  0.25    0.19      0.25        0.14   0.18     0.27         0.27   0.08    0.06  1.00  -0.01  0.71       0.28     0.13           0.10       0.36  0.09    0.03  0.09     0.15         0.14     0.12      -0.02
COCOA         -0.04  0.01    -0.21  0.02 -0.11  0.13    0.09      0.12        0.04   0.12     0.11         0.15   0.07    0.01 -0.01   1.00  0.06       0.14     0.05          -0.03      -0.19 -0.07   -0.12 -0.18    -0.14        -0.16    -0.06      -0.17
NZD            0.42  0.33     0.09  0.37 -0.18  0.20    0.10      0.23        0.12   0.11     0.22         0.30   0.01   -0.02  0.71   0.06  1.00       0.28     0.11          -0.18       0.35  0.15   -0.08 -0.07     0.24         0.18     0.02      -0.10
ALUMINIUM      0.06  0.01    -0.04 -0.01  0.01 -0.04    0.22      0.24        0.22   0.08     0.05         0.08   0.13    0.14  0.28   0.14  0.28       1.00     0.18           0.25       0.46  0.46    0.04 -0.04     0.07         0.07     0.15      -0.01
COTTON2       -0.20 -0.08    -0.10 -0.13 -0.13  0.14    0.27      0.15        0.32   0.21     0.19         0.20   0.20    0.08  0.13   0.05  0.11       0.18     1.00           0.35       0.17  0.06    0.05  0.07    -0.05        -0.01     0.01      -0.02
CRUDE_W_micro -0.12 -0.25    -0.26 -0.25  0.09 -0.16    0.31      0.01        0.27   0.22    -0.14        -0.07   0.26    0.25  0.10  -0.03 -0.18       0.25     0.35           1.00       0.22  0.06    0.11  0.04     0.08         0.10     0.10      -0.00
HANG_mini      0.10 -0.05     0.12 -0.01 -0.04  0.13    0.31      0.28        0.25   0.22     0.19         0.19   0.26    0.20  0.36  -0.19  0.35       0.46     0.17           0.22       1.00  0.48    0.15  0.17     0.24         0.25     0.07       0.02
IRON           0.09  0.05     0.24 -0.01  0.20 -0.14    0.10     -0.09       -0.02  -0.08    -0.03        -0.08  -0.00    0.02  0.09  -0.07  0.15       0.46     0.06           0.06       0.48  1.00    0.11  0.05    -0.19        -0.17    -0.07       0.08
CANOLA        -0.22 -0.33     0.25 -0.32 -0.18  0.12    0.09      0.07        0.07   0.12     0.11         0.08   0.24    0.31  0.03  -0.12 -0.08       0.04     0.05           0.11       0.15  0.11    1.00  0.37     0.15         0.18     0.27       0.41
CORN          -0.12 -0.05     0.42  0.06 -0.01  0.13    0.03     -0.01       -0.01  -0.05     0.08         0.02   0.00   -0.05  0.09  -0.18 -0.07      -0.04     0.07           0.04       0.17  0.05    0.37  1.00     0.26         0.29     0.02       0.51
GAS-PEN       -0.05 -0.19     0.09  0.04 -0.28  0.19    0.04      0.20        0.13   0.17     0.06         0.20   0.22    0.22  0.15  -0.14  0.24       0.07    -0.05           0.08       0.24 -0.19    0.15  0.26     1.00         0.96     0.06       0.12
GAS_US_mini   -0.11 -0.25     0.10 -0.03 -0.29  0.16    0.08      0.17        0.15   0.16     0.03         0.16   0.24    0.26  0.14  -0.16  0.18       0.07    -0.01           0.10       0.25 -0.17    0.18  0.29     0.96         1.00     0.08       0.13
LEANHOG        0.13 -0.04     0.03 -0.05  0.11 -0.03   -0.06      0.01       -0.17  -0.04     0.00        -0.08  -0.05    0.11  0.12  -0.06  0.02       0.15     0.01           0.10       0.07 -0.07    0.27  0.02     0.06         0.08     1.00       0.10
MILLWHEAT     -0.19 -0.14     0.23 -0.17 -0.05  0.02    0.03     -0.08       -0.02  -0.15    -0.06        -0.06   0.03    0.08 -0.02  -0.17 -0.10      -0.01    -0.02          -0.00       0.02  0.08    0.41  0.51     0.12         0.13     0.10       1.00


********************************************************************************
                                 END OF REPORT                                  
********************************************************************************


