
********************************************************************************
                    Risk report produced on 12/09/2024 22:52                    
********************************************************************************


Total risk across all strategies, annualised percentage 7.2
Percentage of capital used for margin 69.6%

========================================
Risk per strategy, annualised percentage
========================================

                  risk
dynamic_TF_carry   7.2


===================
Risk by asset class
===================

Ags       2.6
Bond      2.0
Equity    3.2
FX        0.7
Metals    2.4
OilGas    3.6
Sector    0.4
Vol       1.3
dtype: float64


=====================================================
Beta loadings of asset class positions on asset class
=====================================================

Ags      -0.15
OilGas   -0.10
Metals   -0.09
Vol      -0.02
Sector   -0.01
FX        0.11
Equity    0.12
Bond      0.29
dtype: float64


========================================================
Beta loadings of full portfolio positions on asset class
========================================================

Ags      -0.23
OilGas   -0.12
Metals   -0.07
Vol      -0.06
Sector   -0.03
Equity    0.11
FX        0.37
Bond      0.37
dtype: float64


==================================================================================================================================================================================================================================================================
                                                                                                                         Instrument risk                                                                                                                          
==================================================================================================================================================================================================================================================================

              daily_price_stdev  annual_price_stdev     price  daily_perc_stdev  annual_perc_stdev  point_size_base  contract_exposure  daily_risk_per_contract  annual_risk_per_contract  position  capital  exposure_held_perc_capital  annual_risk_perc_capital
BRENT-LAST                1.313              21.004     71.64              1.83               29.3            766.0              54878                     1005                     16089        -1   593981                        -9.2                      -2.7
ALUMINIUM                36.337             581.393   2345.50              1.55               24.8             19.2              44918                      695                     11134        -1   593981                        -7.6                      -1.9
GAS-PEN                   0.088               1.414      2.36              3.75               60.0           7660.3              18055                      676                     10829        -1   593981                        -3.0                      -1.8
VIX                       0.652              10.431     18.40              3.54               56.7            766.0              14095                      499                      7990        -1   593981                        -2.4                      -1.3
BITCOIN                1875.279           30004.461  58530.00              3.20               51.3              0.1               4483                      143                      2298        -3   593981                        -2.3                      -1.2
COTTON2                   1.044              16.707     70.45              1.48               23.7            383.0              26983                      399                      6399        -1   593981                        -4.5                      -1.1
CORN                      4.919              78.701    406.75              1.21               19.3             38.3              15579                      188                      3014        -2   593981                        -5.2                      -1.0
SOYMEAL                   4.787              76.587    325.50              1.47               23.5             76.6              24934                      366                      5866        -1   593981                        -4.2                      -1.0
WHEAT                     8.720             139.521    579.00              1.51               24.1             38.3              22176                      333                      5343        -1   593981                        -3.7                      -0.9
CHINAA-CON               17.352             277.634   1781.20              0.97               15.6             19.2              34111                      332                      5316        -1   593981                        -5.7                      -0.9
EU-OIL                    4.087              65.390    335.90              1.22               19.5             42.2              14179                      172                      2760        -1   593981                        -2.4                      -0.5
GAS_US_mini               0.079               1.260      2.63              3.00               47.9           1915.1               5036                      150                      2413        -1   593981                        -0.8                      -0.4
FTSECHINAA               95.511            1528.171  11222.00              0.85               13.6              0.8               8596                       73                      1170        -2   593981                        -2.9                      -0.4
IRON                      1.884              30.151     94.00              2.00               32.1             76.6               7200                      144                      2309        -1   593981                        -1.2                      -0.4
CANOLA                   10.902             174.430    575.20              1.90               30.3             11.3               6494                      123                      1969        -1   593981                        -1.1                      -0.3
RUSSELL                  28.995             463.927   2155.00              1.35               21.5              3.8               8254                      111                      1776        -1   593981                        -1.4                      -0.3
HANGENT_mini             80.225            1283.599   6034.00              1.33               21.3              1.0               5926                       78                      1260        -1   593981                        -1.0                      -0.2
EU-BANKS                  1.725              27.601    141.10              1.22               19.6             42.2               5956                       72                      1165         1   593981                         1.0                       0.2
MUMMY                    15.990             255.847    643.00              2.49               39.8              5.4               3448                       85                      1372         1   593981                         0.6                       0.2
KR10                      0.414               6.630    117.11              0.35                5.7            573.3              67137                      237                      3800         1   593981                        11.3                       0.6
GBP                       0.005               0.087      1.31              0.42                6.6          47877.1              62771                      260                      4173         1   593981                        10.6                       0.7
LEANHOG                   1.068              17.093     71.68              1.49               23.8            306.4              21962                      327                      5237         1   593981                         3.7                       0.9
MSCISING                  3.309              52.948    331.75              1.00               16.0             58.8              19493                      194                      3111         2   593981                         6.6                       1.0
NIKKEI                  734.437           11750.986  36500.00              2.01               32.2              0.5              19577                      393                      6302         1   593981                         3.3                       1.1
US20                      0.761              12.176    126.38              0.60                9.6            766.0              96807                      582                      9327         1   593981                        16.3                       1.6
MSCIEAFA                 21.399             342.381   2403.40              0.89               14.2             38.3              92054                      819                     13113         1   593981                        15.5                       2.2

Sum of abs(notional exposure % capital) 127.5
Sum of abs(annualised risk % capital) 24.8
Net sum of annualised risk % capital -7.8 

====================================================================================================================================================================================================================================================
                                                                                                                    Correlations                                                                                                                    
====================================================================================================================================================================================================================================================

              BITCOIN  CHINAA-CON  EU-BANKS  FTSECHINAA   GBP  HANGENT_mini  MSCIEAFA  MSCISING  MUMMY  NIKKEI  RUSSELL  BRENT-LAST  COTTON2  EU-OIL  GAS-PEN  GAS_US_mini  KR10  US20  ALUMINIUM  CANOLA  CORN  IRON  LEANHOG  SOYMEAL  WHEAT   VIX
BITCOIN          1.00        0.19      0.39        0.16  0.31          0.12      0.39      0.19   0.27    0.13     0.42        0.08     0.14    0.19     0.01         0.07  0.13  0.17       0.03    0.06  0.06 -0.03     0.09    -0.02  -0.03 -0.23
CHINAA-CON       0.19        1.00      0.36        0.93  0.25          0.65      0.47      0.40   0.40    0.36     0.35        0.06     0.18    0.23    -0.09        -0.11  0.08  0.01       0.27    0.21 -0.00  0.11     0.13    -0.05  -0.10 -0.33
EU-BANKS         0.39        0.36      1.00        0.31  0.38          0.35      0.69      0.60   0.64    0.54     0.66        0.15     0.24    0.57     0.10         0.14 -0.13 -0.12       0.02    0.33  0.10 -0.07     0.21     0.00   0.07 -0.62
FTSECHINAA       0.16        0.93      0.31        1.00  0.26          0.67      0.45      0.38   0.36    0.38     0.30        0.08     0.20    0.25    -0.12        -0.14  0.04 -0.03       0.39    0.17 -0.03  0.23     0.08    -0.02  -0.07 -0.33
GBP              0.31        0.25      0.38        0.26  1.00          0.33      0.68      0.32   0.49    0.34     0.53        0.10     0.08    0.21     0.02         0.05  0.21  0.31       0.20    0.12 -0.03  0.10     0.17    -0.07  -0.10 -0.39
HANGENT_mini     0.12        0.65      0.35        0.67  0.33          1.00      0.59      0.46   0.41    0.27     0.33        0.07     0.26    0.35    -0.01        -0.00  0.19  0.10       0.28    0.13  0.07  0.06     0.03     0.09   0.02 -0.49
MSCIEAFA         0.39        0.47      0.69        0.45  0.68          0.59      1.00      0.64   0.72    0.57     0.76        0.14     0.24    0.50     0.08         0.10  0.20  0.31       0.18    0.15  0.01 -0.04     0.13    -0.06  -0.07 -0.69
MSCISING         0.19        0.40      0.60        0.38  0.32          0.46      0.64      1.00   0.70    0.59     0.52        0.05     0.20    0.31     0.11         0.12  0.09  0.04       0.20    0.04 -0.01 -0.17     0.02    -0.06  -0.04 -0.49
MUMMY            0.27        0.40      0.64        0.36  0.49          0.41      0.72      0.70   1.00    0.74     0.66        0.12     0.22    0.35     0.07         0.09  0.06  0.00       0.04    0.05 -0.07 -0.18     0.08    -0.15  -0.27 -0.58
NIKKEI           0.13        0.36      0.54        0.38  0.34          0.27      0.57      0.59   0.74    1.00     0.52        0.28     0.31    0.40     0.12         0.14 -0.12 -0.21       0.09    0.10 -0.13 -0.04    -0.00    -0.19  -0.16 -0.53
RUSSELL          0.42        0.35      0.66        0.30  0.53          0.33      0.76      0.52   0.66    0.52     1.00        0.18     0.26    0.37    -0.04         0.02  0.13  0.20      -0.05    0.17  0.09 -0.05     0.18    -0.05  -0.15 -0.49
BRENT-LAST       0.08        0.06      0.15        0.08  0.10          0.07      0.14      0.05   0.12    0.28     0.18        1.00     0.29    0.56     0.07         0.14 -0.21 -0.32       0.15    0.19  0.07  0.20     0.01    -0.17  -0.04 -0.14
COTTON2          0.14        0.18      0.24        0.20  0.08          0.26      0.24      0.20   0.22    0.31     0.26        0.29     1.00    0.24    -0.11         0.00 -0.03 -0.16       0.07    0.08  0.07  0.09     0.09     0.02  -0.11 -0.23
EU-OIL           0.19        0.23      0.57        0.25  0.21          0.35      0.50      0.31   0.35    0.40     0.37        0.56     0.24    1.00     0.09         0.17 -0.09 -0.19       0.14    0.17  0.06  0.11     0.04     0.01   0.05 -0.38
GAS-PEN          0.01       -0.09      0.10       -0.12  0.02         -0.01      0.08      0.11   0.07    0.12    -0.04        0.07    -0.11    0.09     1.00         0.96 -0.10  0.07      -0.08    0.00  0.14 -0.25    -0.03    -0.03   0.13 -0.22
GAS_US_mini      0.07       -0.11      0.14       -0.14  0.05         -0.00      0.10      0.12   0.09    0.14     0.02        0.14     0.00    0.17     0.96         1.00 -0.07  0.05      -0.07    0.02  0.15 -0.22     0.01    -0.02   0.14 -0.23
KR10             0.13        0.08     -0.13        0.04  0.21          0.19      0.20      0.09   0.06   -0.12     0.13       -0.21    -0.03   -0.09    -0.10        -0.07  1.00  0.63      -0.01   -0.25 -0.05  0.02    -0.11    -0.02  -0.06 -0.04
US20             0.17        0.01     -0.12       -0.03  0.31          0.10      0.31      0.04   0.00   -0.21     0.20       -0.32    -0.16   -0.19     0.07         0.05  0.63  1.00       0.03   -0.20  0.03 -0.08     0.07     0.15  -0.05 -0.02
ALUMINIUM        0.03        0.27      0.02        0.39  0.20          0.28      0.18      0.20   0.04    0.09    -0.05        0.15     0.07    0.14    -0.08        -0.07 -0.01  0.03       1.00    0.09  0.06  0.42     0.11     0.16   0.23  0.01
CANOLA           0.06        0.21      0.33        0.17  0.12          0.13      0.15      0.04   0.05    0.10     0.17        0.19     0.08    0.17     0.00         0.02 -0.25 -0.20       0.09    1.00  0.40  0.18     0.39     0.45   0.42 -0.17
CORN             0.06       -0.00      0.10       -0.03 -0.03          0.07      0.01     -0.01  -0.07   -0.13     0.09        0.07     0.07    0.06     0.14         0.15 -0.05  0.03       0.06    0.40  1.00  0.05     0.15     0.46   0.57  0.03
IRON            -0.03        0.11     -0.07        0.23  0.10          0.06     -0.04     -0.17  -0.18   -0.04    -0.05        0.20     0.09    0.11    -0.25        -0.22  0.02 -0.08       0.42    0.18  0.05  1.00     0.05     0.19   0.15  0.07
LEANHOG          0.09        0.13      0.21        0.08  0.17          0.03      0.13      0.02   0.08   -0.00     0.18        0.01     0.09    0.04    -0.03         0.01 -0.11  0.07       0.11    0.39  0.15  0.05     1.00     0.29   0.21  0.01
SOYMEAL         -0.02       -0.05      0.00       -0.02 -0.07          0.09     -0.06     -0.06  -0.15   -0.19    -0.05       -0.17     0.02    0.01    -0.03        -0.02 -0.02  0.15       0.16    0.45  0.46  0.19     0.29     1.00   0.36  0.21
WHEAT           -0.03       -0.10      0.07       -0.07 -0.10          0.02     -0.07     -0.04  -0.27   -0.16    -0.15       -0.04    -0.11    0.05     0.13         0.14 -0.06 -0.05       0.23    0.42  0.57  0.15     0.21     0.36   1.00 -0.02
VIX             -0.23       -0.33     -0.62       -0.33 -0.39         -0.49     -0.69     -0.49  -0.58   -0.53    -0.49       -0.14    -0.23   -0.38    -0.22        -0.23 -0.04 -0.02       0.01   -0.17  0.03  0.07     0.01     0.21  -0.02  1.00


********************************************************************************
                                 END OF REPORT                                  
********************************************************************************


