
********************************************************************************
                    Risk report produced on 25/02/2026 22:53                    
********************************************************************************


Total risk across all strategies, annualised percentage 13.4
Percentage of capital used for margin 36.9%

========================================
Risk per strategy, annualised percentage
========================================

                  risk
dynamic_TF_carry  13.4


===================
Risk by asset class
===================

Ags        3.3
Bond       1.8
Equity    10.3
FX         2.1
Metals     2.0
OilGas     2.0
Sector     1.3
dtype: float64


=====================================================
Beta loadings of asset class positions on asset class
=====================================================

Metals   -0.05
Ags       0.01
Sector    0.05
OilGas    0.07
FX        0.29
Bond      0.55
Equity    0.83
dtype: float64


========================================================
Beta loadings of full portfolio positions on asset class
========================================================

OilGas    0.10
Metals    0.16
Bond      0.17
Ags       0.20
Sector    0.37
Equity    0.91
FX        1.11
dtype: float64


==================================================================================================================================================================================================================================================================
                                                                                                                         Instrument risk                                                                                                                          
==================================================================================================================================================================================================================================================================

              daily_price_stdev  annual_price_stdev     price  daily_perc_stdev  annual_perc_stdev  point_size_base  contract_exposure  daily_risk_per_contract  annual_risk_per_contract  position  capital  exposure_held_perc_capital  annual_risk_perc_capital
COCOA                   189.332            3029.311   3113.00              6.08               97.3              7.4              23013                     1399                     22394        -1   703432                        -3.3                      -3.2
BITCOIN                3014.425           48230.806  69290.00              4.35               69.6              0.1               5122                      222                      3565        -3   703432                        -2.2                      -1.5
KR10                      0.390               6.242    111.68              0.35                5.6            511.8              57152                      199                      3194        -3   703432                       -24.4                      -1.4
SP500_micro              53.618             857.892   6960.25              0.77               12.3              3.7              25727                      198                      3171        -3   703432                       -11.0                      -1.4
COPPER-micro              0.119               1.911      6.05              1.98               31.6           1848.2              11175                      220                      3532        -2   703432                        -3.2                      -1.0
JPY                       0.000               0.001      0.01              0.63               10.1        9240811.9              59182                      374                      5996        -1   703432                        -8.4                      -0.9
DX                        0.381               6.098     97.34              0.39                6.3            739.3              71963                      281                      4507        -1   703432                       -10.2                      -0.6
KRWUSD_mini               0.004               0.065      0.70              0.58                9.3          18481.6              12926                       75                      1202        -3   703432                        -5.5                      -0.5
EUR_micro                 0.005               0.077      1.19              0.40                6.5           9240.8              10967                       44                       709        -1   703432                        -1.6                      -0.1
MUMMY                    10.742             171.877    731.00              1.47               23.5              4.7               3469                       50                       815         1   703432                         0.5                       0.1
CANOLA                    5.872              93.950    690.40              0.85               13.6             10.8               7464                       63                      1015         1   703432                         1.1                       0.1
BRE                       0.001               0.017      0.19              0.55                8.8          73926.5              14308                       78                      1257         1   703432                         2.0                       0.2
AUD_micro                 0.004               0.066      0.71              0.58                9.3           7392.6               5265                       30                       491         4   703432                         3.0                       0.3
TOPIX                    41.519             664.296   3860.75              1.08               17.2              4.7              18326                      197                      3153         1   703432                         2.6                       0.4
BTP                       0.243               3.884    122.59              0.20                3.2            872.7             106988                      211                      3390         1   703432                        15.2                       0.5
NZD                       0.004               0.057      0.60              0.59                9.5          73926.5              44378                      263                      4222         1   703432                         6.3                       0.6
GBP                       0.006               0.094      1.36              0.43                6.9          46204.1              62606                      270                      4332         1   703432                         8.9                       0.6
CAD10                     0.298               4.762    122.28              0.24                3.9            540.6              66103                      160                      2574         2   703432                        18.8                       0.7
MXP                       0.000               0.005      0.06              0.58                9.3         369632.5              21505                      125                      2006         3   703432                         9.2                       0.9
BUND                      0.257               4.120    129.63              0.20                3.2            872.7             113132                      224                      3595         2   703432                        32.2                       1.0
LIVECOW                   1.821              29.130    236.75              0.77               12.3            295.7              70008                      538                      8613         1   703432                        10.0                       1.2
RUSSELL                  30.416             486.658   2672.50              1.14               18.2              3.7               9878                      112                      1798         5   703432                         7.0                       1.3
EU-BASIC                 13.235             211.754    832.90              1.59               25.4             43.6              36345                      577                      9240         1   703432                         5.2                       1.3
BRENT-LAST                1.212              19.384     70.49              1.72               27.5            739.3              52110                      895                     14330         1   703432                         7.4                       2.0
AEX                       8.356             133.703   1031.45              0.81               13.0            174.5             180036                     1458                     23337         1   703432                        25.6                       3.3
MIB                     411.611            6585.776  47075.00              0.87               14.0              4.4             205420                     1796                     28738         1   703432                        29.2                       4.1
MSCIEAFA                 24.804             396.857   3178.70              0.78               12.5             37.0             117495                      916                     14669         2   703432                        33.4                       4.2

Sum of abs(notional exposure % capital) 287.4
Sum of abs(annualised risk % capital) 33.4
Net sum of annualised risk % capital 12.2 

===========================================================================================================================================================================================================================================
                                                                                                               Correlations                                                                                                                
===========================================================================================================================================================================================================================================

               BTP  BUND  CAD10  KR10    DX   AEX  AUD_micro   BRE  BRENT-LAST  COPPER-micro  EU-BASIC   MIB  MSCIEAFA  MUMMY   MXP  RUSSELL  SP500_micro  TOPIX  BITCOIN  CANOLA  COCOA  LIVECOW  EUR_micro   GBP   JPY  KRWUSD_mini   NZD
BTP           1.00  0.88   0.64  0.42  0.08  0.15       0.08  0.20       -0.12         -0.11      0.05 -0.03      0.05   0.17  0.10     0.11         0.13   0.05     0.01    0.18  -0.12    -0.13       0.02  0.15  0.32         0.15  0.10
BUND          0.88  1.00   0.64  0.44  0.16 -0.03      -0.13  0.04       -0.14         -0.21     -0.17 -0.31     -0.22   0.01 -0.12    -0.07        -0.13  -0.20    -0.12    0.12  -0.21    -0.24      -0.10 -0.07  0.33         0.10 -0.08
CAD10         0.64  0.64   1.00  0.50  0.09  0.04      -0.09  0.12       -0.23         -0.26     -0.13 -0.19     -0.13  -0.04 -0.09    -0.05        -0.04  -0.12    -0.07   -0.04  -0.08    -0.26       0.01  0.11  0.37         0.02 -0.05
KR10          0.42  0.44   0.50  1.00 -0.10 -0.14      -0.09 -0.19       -0.23         -0.21     -0.18 -0.31     -0.09  -0.03 -0.16     0.06        -0.01  -0.25     0.06   -0.14  -0.08    -0.06       0.00  0.08  0.38         0.25 -0.04
DX            0.08  0.16   0.09 -0.10  1.00  0.16      -0.59 -0.18        0.17         -0.12     -0.08  0.00     -0.40   0.03 -0.32     0.08         0.05   0.06     0.05    0.02  -0.06    -0.18      -0.82 -0.72 -0.62        -0.49 -0.73
AEX           0.15 -0.03   0.04 -0.14  0.16  1.00       0.33  0.39        0.40          0.18      0.49  0.65      0.51   0.46  0.18     0.49         0.61   0.50     0.27    0.00  -0.04     0.12      -0.09  0.16 -0.09         0.02  0.19
AUD_micro     0.08 -0.13  -0.09 -0.09 -0.59  0.33       1.00  0.46        0.19          0.37      0.53  0.49      0.72   0.39  0.48     0.37         0.50   0.47     0.15   -0.01   0.09     0.21       0.62  0.72  0.33         0.46  0.90
BRE           0.20  0.04   0.12 -0.19 -0.18  0.39       0.46  1.00        0.28          0.08      0.31  0.44      0.41   0.30  0.45     0.24         0.35   0.40     0.02    0.18   0.06     0.08       0.28  0.34  0.15         0.21  0.35
BRENT-LAST   -0.12 -0.14  -0.23 -0.23  0.17  0.40       0.19  0.28        1.00          0.30      0.40  0.42      0.24   0.32  0.12     0.15         0.25   0.29     0.00    0.26  -0.02    -0.08      -0.14 -0.10 -0.27        -0.19  0.02
COPPER-micro -0.11 -0.21  -0.26 -0.21 -0.12  0.18       0.37  0.08        0.30          1.00      0.60  0.43      0.43   0.25  0.18     0.30         0.32   0.30     0.23   -0.01   0.01     0.14       0.08  0.21 -0.14        -0.12  0.24
EU-BASIC      0.05 -0.17  -0.13 -0.18 -0.08  0.49       0.53  0.31        0.40          0.60      1.00  0.62      0.62   0.36  0.38     0.47         0.49   0.52     0.20    0.08  -0.05     0.23       0.08  0.32 -0.08        -0.05  0.35
MIB          -0.03 -0.31  -0.19 -0.31  0.00  0.65       0.49  0.44        0.42          0.43      0.62  1.00      0.74   0.51  0.30     0.47         0.66   0.70     0.24    0.09   0.23     0.25       0.03  0.33 -0.21        -0.01  0.31
MSCIEAFA      0.05 -0.22  -0.13 -0.09 -0.40  0.51       0.72  0.41        0.24          0.43      0.62  0.74      1.00   0.61  0.38     0.47         0.61   0.72     0.19    0.02   0.03     0.28       0.34  0.55  0.13         0.31  0.63
MUMMY         0.17  0.01  -0.04 -0.03  0.03  0.46       0.39  0.30        0.32          0.25      0.36  0.51      0.61   1.00  0.26     0.46         0.50   0.76     0.32    0.08   0.03     0.13       0.04  0.19 -0.09         0.07  0.27
MXP           0.10 -0.12  -0.09 -0.16 -0.32  0.18       0.48  0.45        0.12          0.18      0.38  0.30      0.38   0.26  1.00     0.25         0.25   0.37     0.11    0.01   0.10     0.15       0.42  0.46  0.11         0.18  0.44
RUSSELL       0.11 -0.07  -0.05  0.06  0.08  0.49       0.37  0.24        0.15          0.30      0.47  0.47      0.47   0.46  0.25     1.00         0.81   0.57     0.48   -0.14   0.13     0.15      -0.06  0.19 -0.21        -0.08  0.21
SP500_micro   0.13 -0.13  -0.04 -0.01  0.05  0.61       0.50  0.35        0.25          0.32      0.49  0.66      0.61   0.50  0.25     0.81         1.00   0.63     0.46   -0.04   0.26     0.12      -0.01  0.30 -0.19         0.04  0.33
TOPIX         0.05 -0.20  -0.12 -0.25  0.06  0.50       0.47  0.40        0.29          0.30      0.52  0.70      0.72   0.76  0.37     0.57         0.63   1.00     0.25    0.09   0.11     0.16       0.06  0.27 -0.30        -0.06  0.31
BITCOIN       0.01 -0.12  -0.07  0.06  0.05  0.27       0.15  0.02        0.00          0.23      0.20  0.24      0.19   0.32  0.11     0.48         0.46   0.25     1.00   -0.06   0.32     0.09      -0.06  0.18 -0.11        -0.04  0.13
CANOLA        0.18  0.12  -0.04 -0.14  0.02  0.00      -0.01  0.18        0.26         -0.01      0.08  0.09      0.02   0.08  0.01    -0.14        -0.04   0.09    -0.06    1.00  -0.06    -0.17      -0.07 -0.08 -0.10        -0.07 -0.00
COCOA        -0.12 -0.21  -0.08 -0.08 -0.06 -0.04       0.09  0.06       -0.02          0.01     -0.05  0.23      0.03   0.03  0.10     0.13         0.26   0.11     0.32   -0.06   1.00     0.06       0.06  0.16 -0.04         0.08  0.08
LIVECOW      -0.13 -0.24  -0.26 -0.06 -0.18  0.12       0.21  0.08       -0.08          0.14      0.23  0.25      0.28   0.13  0.15     0.15         0.12   0.16     0.09   -0.17   0.06     1.00       0.09  0.20  0.05         0.15  0.19
EUR_micro     0.02 -0.10   0.01  0.00 -0.82 -0.09       0.62  0.28       -0.14          0.08      0.08  0.03      0.34   0.04  0.42    -0.06        -0.01   0.06    -0.06   -0.07   0.06     0.09       1.00  0.78  0.58         0.44  0.71
GBP           0.15 -0.07   0.11  0.08 -0.72  0.16       0.72  0.34       -0.10          0.21      0.32  0.33      0.55   0.19  0.46     0.19         0.30   0.27     0.18   -0.08   0.16     0.20       0.78  1.00  0.50         0.39  0.79
JPY           0.32  0.33   0.37  0.38 -0.62 -0.09       0.33  0.15       -0.27         -0.14     -0.08 -0.21      0.13  -0.09  0.11    -0.21        -0.19  -0.30    -0.11   -0.10  -0.04     0.05       0.58  0.50  1.00         0.58  0.46
KRWUSD_mini   0.15  0.10   0.02  0.25 -0.49  0.02       0.46  0.21       -0.19         -0.12     -0.05 -0.01      0.31   0.07  0.18    -0.08         0.04  -0.06    -0.04   -0.07   0.08     0.15       0.44  0.39  0.58         1.00  0.51
NZD           0.10 -0.08  -0.05 -0.04 -0.73  0.19       0.90  0.35        0.02          0.24      0.35  0.31      0.63   0.27  0.44     0.21         0.33   0.31     0.13   -0.00   0.08     0.19       0.71  0.79  0.46         0.51  1.00


********************************************************************************
                                 END OF REPORT                                  
********************************************************************************


