
********************************************************************************
                    Risk report produced on 09/03/2026 22:54                    
********************************************************************************


Total risk across all strategies, annualised percentage 8.2
Percentage of capital used for margin 36.6%

========================================
Risk per strategy, annualised percentage
========================================

                  risk
dynamic_TF_carry   8.2


===================
Risk by asset class
===================

Ags       3.7
Bond      2.2
Equity    4.4
FX        0.9
Metals    2.1
OilGas    3.6
Sector    1.5
dtype: float64


=====================================================
Beta loadings of asset class positions on asset class
=====================================================

Metals   -0.05
Ags       0.00
FX        0.04
Sector    0.05
OilGas    0.09
Equity    0.12
Bond      0.25
dtype: float64


========================================================
Beta loadings of full portfolio positions on asset class
========================================================

Bond     -0.08
Metals    0.02
OilGas    0.06
Ags       0.07
Sector    0.14
FX        0.17
Equity    0.23
dtype: float64


===================================================================================================================================================================================================================================================================
                                                                                                                          Instrument risk                                                                                                                          
===================================================================================================================================================================================================================================================================

               daily_price_stdev  annual_price_stdev     price  daily_perc_stdev  annual_perc_stdev  point_size_base  contract_exposure  daily_risk_per_contract  annual_risk_per_contract  position  capital  exposure_held_perc_capital  annual_risk_perc_capital
COCOA                    181.991            2911.855   3379.00              5.39               86.2              7.5              25354                     1365                     21849        -1   680687                        -3.7                      -3.2
KR10                       0.482               7.709    109.87              0.44                7.0            497.0              54606                      239                      3831        -3   680687                       -24.1                      -1.7
BITCOIN                 2950.470           47207.518  69235.00              4.26               68.2              0.1               5195                      221                      3542        -3   680687                        -2.3                      -1.6
DAX                      288.900            4622.405  23429.00              1.23               19.7              0.9              20284                      250                      4001        -2   680687                        -6.0                      -1.2
HANGTECH                  95.922            1534.745   4929.00              1.95               31.1              4.8              23663                      460                      7367        -1   680687                        -3.5                      -1.1
COPPER-micro               0.107               1.710      5.90              1.81               29.0           1875.9              11058                      200                      3207        -2   680687                        -3.2                      -0.9
JPY                        0.000               0.001      0.01              0.58                9.3        9379384.9              59465                      345                      5524        -1   680687                        -8.7                      -0.8
HANG_mini                353.753            5660.056  25294.00              1.40               22.4              1.0              24286                      339                      5434        -1   680687                        -3.6                      -0.8
GAS_US_mini                0.175               2.806      3.04              5.76               92.1           1875.9               5712                      328                      5263        -1   680687                        -0.8                      -0.8
US10                       0.321               5.142    112.58              0.29                4.6            750.4              84473                      241                      3858        -1   680687                       -12.4                      -0.6
SP500_micro               54.368             869.891   6806.50              0.80               12.8              3.8              25536                      203                      3263        -1   680687                        -3.8                      -0.5
DOW                      402.689            6443.027  47920.00              0.84               13.4              0.4              17978                      151                      2417        -1   680687                        -2.6                      -0.4
MUMMY                     11.576             185.212    736.00              1.57               25.2              4.7               3484                       54                       876         1   680687                         0.5                       0.1
CANOLA                     6.494             103.907    727.30              0.89               14.3             11.1               8040                       71                      1148         1   680687                         1.2                       0.2
RUSSELL                   32.820             525.117   2545.00              1.29               20.6              3.8               9548                      123                      1970         1   680687                         1.4                       0.3
FTSECHINAA               132.346            2117.538  14492.00              0.91               14.6              0.8              10874                       99                      1588         2   680687                         3.2                       0.5
BRE                        0.001               0.024      0.19              0.77               12.4          75035.1              14436                      111                      1784         2   680687                         4.2                       0.5
NZD                        0.004               0.058      0.59              0.61                9.8          75035.1              44473                      272                      4356         1   680687                         6.5                       0.6
CRUDE_W_micro              1.924              30.783     81.35              2.37               37.8             75.0               6104                      144                      2309         2   680687                         1.8                       0.7
BUXL                       0.650              10.393    110.84              0.59                9.4            865.8              95962                      562                      8997         1   680687                        14.1                       1.3
CAD10                      0.380               6.084    120.72              0.31                5.0            552.8              66729                      210                      3362         3   680687                        29.4                       1.5
EU-BASIC                  14.664             234.630    735.60              1.99               31.9             43.3              31843                      634                     10156         1   680687                         4.7                       1.5
LIVECOW                    2.308              36.920    227.32              1.02               16.2            300.1              68229                      692                     11081         1   680687                        10.0                       1.6
BRENT-LAST                 1.799              28.779     86.97              2.07               33.1            750.4              65258                     1349                     21594         1   680687                         9.6                       3.2
MIB                      549.218            8787.481  44005.00              1.25               20.0              4.3             190492                     2377                     38040         1   680687                        28.0                       5.6

Sum of abs(notional exposure % capital) 189.3
Sum of abs(annualised risk % capital) 31.2
Net sum of annualised risk % capital 4.0 

=========================================================================================================================================================================================================================================
                                                                                                              Correlations                                                                                                               
=========================================================================================================================================================================================================================================

               BRENT-LAST  CANOLA  CRUDE_W_micro  GAS_US_mini  BITCOIN   BRE  COPPER-micro   DAX   DOW  EU-BASIC  FTSECHINAA  HANGTECH  HANG_mini   MIB   NZD  RUSSELL  SP500_micro  BUXL  CAD10   JPY  KR10  US10  LIVECOW  MUMMY  COCOA
BRENT-LAST           1.00    0.32           0.99         0.37     0.18  0.05          0.10 -0.34 -0.11     -0.02        0.10     -0.15      -0.10 -0.23 -0.05     0.01         0.12 -0.02  -0.22 -0.16  0.01 -0.32     0.09   0.22  -0.11
CANOLA               0.32    1.00           0.30         0.06     0.03  0.15         -0.13 -0.13 -0.07     -0.14        0.01     -0.06      -0.02 -0.14  0.03    -0.06        -0.02  0.12  -0.12 -0.15 -0.05 -0.20    -0.06   0.11  -0.05
CRUDE_W_micro        0.99    0.30           1.00         0.39     0.18  0.04          0.09 -0.35 -0.12     -0.04        0.10     -0.15      -0.09 -0.25 -0.06    -0.00         0.12 -0.03  -0.23 -0.16  0.01 -0.32     0.09   0.21  -0.09
GAS_US_mini          0.37    0.06           0.39         1.00     0.21  0.34          0.12 -0.23 -0.12     -0.09        0.07      0.11       0.14 -0.14  0.12    -0.11         0.07 -0.20  -0.12  0.09 -0.16 -0.09    -0.13  -0.19  -0.07
BITCOIN              0.18    0.03           0.18         0.21     1.00  0.17          0.32  0.27  0.37      0.25        0.14      0.40       0.30  0.10  0.27     0.49         0.54  0.03  -0.05  0.17  0.15 -0.17     0.12   0.23   0.02
BRE                  0.05    0.15           0.04         0.34     0.17  1.00          0.33  0.32  0.33      0.44        0.19      0.33       0.38  0.40  0.50     0.33         0.35  0.05   0.31  0.31 -0.06  0.29     0.02   0.05  -0.02
COPPER-micro         0.10   -0.13           0.09         0.12     0.32  0.33          1.00  0.34  0.32      0.62        0.38      0.41       0.48  0.29  0.47     0.35         0.40 -0.07   0.02  0.27 -0.05  0.05     0.14   0.20  -0.10
DAX                 -0.34   -0.13          -0.35        -0.23     0.27  0.32          0.34  1.00  0.66      0.62        0.20      0.34       0.35  0.80  0.21     0.55         0.51  0.02   0.30  0.00 -0.08  0.23     0.22   0.36   0.03
DOW                 -0.11   -0.07          -0.12        -0.12     0.37  0.33          0.32  0.66  1.00      0.53        0.27      0.37       0.36  0.59  0.34     0.85         0.88  0.10   0.20  0.03 -0.06  0.09     0.03   0.31   0.09
EU-BASIC            -0.02   -0.14          -0.04        -0.09     0.25  0.44          0.62  0.62  0.53      1.00        0.40      0.47       0.56  0.62  0.45     0.51         0.53  0.02   0.21  0.19 -0.20  0.11     0.19   0.30  -0.20
FTSECHINAA           0.10    0.01           0.10         0.07     0.14  0.19          0.38  0.20  0.27      0.40        1.00      0.46       0.53  0.21  0.20     0.17         0.30 -0.09   0.04  0.07  0.03  0.09     0.14   0.17   0.11
HANGTECH            -0.15   -0.06          -0.15         0.11     0.40  0.33          0.41  0.34  0.37      0.47        0.46      1.00       0.90  0.27  0.36     0.29         0.42  0.04   0.09  0.29  0.01 -0.02    -0.03   0.18  -0.14
HANG_mini           -0.10   -0.02          -0.09         0.14     0.30  0.38          0.48  0.35  0.36      0.56        0.53      0.90       1.00  0.37  0.46     0.24         0.42  0.05   0.14  0.36 -0.06  0.08    -0.02   0.18  -0.14
MIB                 -0.23   -0.14          -0.25        -0.14     0.10  0.40          0.29  0.80  0.59      0.62        0.21      0.27       0.37  1.00  0.22     0.41         0.47  0.01   0.29  0.02 -0.15  0.21     0.08   0.31   0.11
NZD                 -0.05    0.03          -0.06         0.12     0.27  0.50          0.47  0.21  0.34      0.45        0.20      0.36       0.46  0.22  1.00     0.36         0.38  0.07   0.21  0.61  0.13  0.27     0.07   0.08   0.04
RUSSELL              0.01   -0.06          -0.00        -0.11     0.49  0.33          0.35  0.55  0.85      0.51        0.17      0.29       0.24  0.41  0.36     1.00         0.81  0.12   0.22  0.06  0.04  0.11     0.11   0.37   0.02
SP500_micro          0.12   -0.02           0.12         0.07     0.54  0.35          0.40  0.51  0.88      0.53        0.30      0.42       0.42  0.47  0.38     0.81         1.00  0.06   0.12  0.02  0.01 -0.02     0.03   0.33   0.10
BUXL                -0.02    0.12          -0.03        -0.20     0.03  0.05         -0.07  0.02  0.10      0.02       -0.09      0.04       0.05  0.01  0.07     0.12         0.06  1.00   0.57  0.21  0.33  0.40     0.02   0.17  -0.15
CAD10               -0.22   -0.12          -0.23        -0.12    -0.05  0.31          0.02  0.30  0.20      0.21        0.04      0.09       0.14  0.29  0.21     0.22         0.12  0.57   1.00  0.33  0.33  0.77    -0.08   0.21  -0.04
JPY                 -0.16   -0.15          -0.16         0.09     0.17  0.31          0.27  0.00  0.03      0.19        0.07      0.29       0.36  0.02  0.61     0.06         0.02  0.21   0.33  1.00  0.24  0.42     0.06  -0.14  -0.00
KR10                 0.01   -0.05           0.01        -0.16     0.15 -0.06         -0.05 -0.08 -0.06     -0.20        0.03      0.01      -0.06 -0.15  0.13     0.04         0.01  0.33   0.33  0.24  1.00  0.36     0.13   0.13   0.15
US10                -0.32   -0.20          -0.32        -0.09    -0.17  0.29          0.05  0.23  0.09      0.11        0.09     -0.02       0.08  0.21  0.27     0.11        -0.02  0.40   0.77  0.42  0.36  1.00     0.07   0.05   0.02
LIVECOW              0.09   -0.06           0.09        -0.13     0.12  0.02          0.14  0.22  0.03      0.19        0.14     -0.03      -0.02  0.08  0.07     0.11         0.03  0.02  -0.08  0.06  0.13  0.07     1.00   0.25  -0.04
MUMMY                0.22    0.11           0.21        -0.19     0.23  0.05          0.20  0.36  0.31      0.30        0.17      0.18       0.18  0.31  0.08     0.37         0.33  0.17   0.21 -0.14  0.13  0.05     0.25   1.00  -0.05
COCOA               -0.11   -0.05          -0.09        -0.07     0.02 -0.02         -0.10  0.03  0.09     -0.20        0.11     -0.14      -0.14  0.11  0.04     0.02         0.10 -0.15  -0.04 -0.00  0.15  0.02    -0.04  -0.05   1.00


********************************************************************************
                                 END OF REPORT                                  
********************************************************************************


