
********************************************************************************
                    Risk report produced on 13/02/2024 22:51                    
********************************************************************************


Total risk across all strategies, annualised percentage 10.4
Percentage of capital used for margin 59.6%

========================================
Risk per strategy, annualised percentage
========================================

                  risk
dynamic_TF_carry  10.4


===================
Risk by asset class
===================

Ags       1.6
Bond      1.7
Equity    6.6
FX        5.7
Metals    1.5
OilGas    1.0
Sector    0.7
Vol       1.8
dtype: float64


=====================================================
Beta loadings of asset class positions on asset class
=====================================================

Bond     -0.37
FX       -0.17
Ags      -0.12
Vol      -0.03
OilGas   -0.01
Metals    0.02
Sector    0.04
Equity    0.57
dtype: float64


========================================================
Beta loadings of full portfolio positions on asset class
========================================================

Bond     -1.47
Vol      -0.19
Ags      -0.04
Metals   -0.03
OilGas    0.02
Sector    0.24
FX        0.30
Equity    0.84
dtype: float64


==================================================================================================================================================================================================================================================================
                                                                                                                         Instrument risk                                                                                                                          
==================================================================================================================================================================================================================================================================

              daily_price_stdev  annual_price_stdev     price  daily_perc_stdev  annual_perc_stdev  point_size_base  contract_exposure  daily_risk_per_contract  annual_risk_per_contract  position  capital  exposure_held_perc_capital  annual_risk_perc_capital
CHF                       0.006               0.094      1.13              0.52                8.3          98960.1             111914                      579                      9279        -1   381943                       -29.3                      -2.4
VIX                       0.554               8.867     16.75              3.31               52.9            791.7              13260                      438                      7019        -1   381943                        -3.5                      -1.8
JPY                       0.000               0.001      0.01              0.64               10.2        9896012.7              65961                      419                      6704        -1   381943                       -17.3                      -1.8
LEANHOG                   1.147              18.348     81.08              1.41               22.6            316.7              25674                      363                      5810        -1   381943                        -6.7                      -1.5
BOBL                      0.353               5.645    116.77              0.30                4.8            852.8              99575                      300                      4813        -1   381943                       -26.1                      -1.3
SILVER                    0.351               5.619     22.08              1.59               25.5            791.7              17476                      278                      4448        -1   381943                        -4.6                      -1.2
US2                       0.161               2.572    101.95              0.16                2.5           1583.4             161428                      254                      4072        -1   381943                       -42.3                      -1.1
GAS_US_mini               0.119               1.900      1.73              6.86              109.8           1979.2               3424                      234                      3759        -1   381943                        -0.9                      -1.0
CORN                      4.252              68.032    470.25              0.90               14.5             39.6              18614                      168                      2692        -1   381943                        -4.9                      -0.7
FTSECHINAA              154.744            2475.906  11628.00              1.33               21.3              0.8               9205                      122                      1960        -1   381943                        -2.4                      -0.5
EUR_micro                 0.004               0.071      1.07              0.42                6.6           9896.0              10605                       44                       704        -2   381943                        -5.6                      -0.4
TOPIX                    18.359             293.737   2602.00              0.71               11.3              5.3              13781                       97                      1555         1   381943                         3.6                       0.4
DOW                     276.561            4424.970  38122.00              0.73               11.6              0.4              15090                      109                      1751         1   381943                         4.0                       0.5
EU-OIL                    3.854              61.665    347.00              1.11               17.8             42.6              14795                      164                      2629         1   381943                         3.9                       0.7
IRON                      2.111              33.770    127.95              1.65               26.4             79.2              10129                      167                      2673         1   381943                         2.7                       0.7
CNH                       0.018               0.280      7.21              0.24                3.9          10970.8              79064                      192                      3072         1   381943                        20.7                       0.8
BITCOIN                1215.569           19449.106  49435.00              2.46               39.3              0.1               3913                       96                      1539         2   381943                         2.0                       0.8
MXP                       0.000               0.005      0.06              0.57                9.2         395840.5              22855                      130                      2095         2   381943                        12.0                       1.1
KR10                      0.489               7.822    112.68              0.43                6.9            596.5              67217                      291                      4666         1   381943                        17.6                       1.2
NASDAQ_micro            186.398            2982.362  17558.75              1.06               17.0              1.6              27801                      295                      4722         1   381943                         7.3                       1.2
NIKKEI                  335.913            5374.600  37845.00              0.89               14.2              0.5              20044                      177                      2846         2   381943                        10.5                       1.5
CAC                      59.110             945.767   7619.00              0.78               12.4              8.5              64971                      504                      8065         1   381943                        17.0                       2.1
R1000                    13.925             222.805   1624.90              0.86               13.7             39.6              64320                      551                      8819         1   381943                        16.8                       2.3
YENEUR                    0.867              13.880    160.82              0.54                8.6            662.1             106472                      574                      9189         1   381943                        27.9                       2.4

Sum of abs(notional exposure % capital) 289.6
Sum of abs(annualised risk % capital) 29.4
Net sum of annualised risk % capital 2.0 

======================================================================================================================================================================================================
                                                                                             Correlations                                                                                             
======================================================================================================================================================================================================

               CNH   VIX  BOBL   CHF  EUR_micro   JPY  KR10  SILVER   US2  BITCOIN  CORN  GAS_US_mini  YENEUR   CAC   DOW  NASDAQ_micro  NIKKEI  R1000  TOPIX  EU-OIL  FTSECHINAA  IRON  LEANHOG   MXP
CNH           1.00  0.25 -0.23 -0.51      -0.55 -0.57 -0.28   -0.53 -0.40     0.02 -0.15         0.14    0.18 -0.34 -0.33         -0.34   -0.09  -0.37  -0.01   -0.15       -0.43 -0.36    -0.06 -0.37
VIX           0.25  1.00  0.00 -0.04      -0.24 -0.06 -0.23   -0.08  0.06    -0.17  0.01        -0.13   -0.17 -0.61 -0.63         -0.61   -0.51  -0.66  -0.53   -0.12       -0.35 -0.25    -0.26 -0.46
BOBL         -0.23  0.00  1.00  0.29       0.18  0.49  0.63    0.19  0.72     0.17 -0.02        -0.08   -0.42  0.24  0.28          0.21   -0.09   0.25  -0.07   -0.05       -0.13  0.04     0.08 -0.01
CHF          -0.51 -0.04  0.29  1.00       0.74  0.55  0.31    0.53  0.47    -0.12  0.05         0.00   -0.09  0.29  0.34          0.24    0.09   0.39   0.05    0.19        0.09  0.20     0.07  0.27
EUR_micro    -0.55 -0.24  0.18  0.74       1.00  0.44  0.28    0.51  0.41     0.03  0.08        -0.01    0.24  0.38  0.44          0.42    0.22   0.49   0.17    0.04        0.22  0.19     0.16  0.41
JPY          -0.57 -0.06  0.49  0.55       0.44  1.00  0.38    0.42  0.57     0.01  0.01        -0.23   -0.73  0.19  0.22          0.20   -0.20   0.26  -0.20    0.03        0.11  0.18     0.03  0.19
KR10         -0.28 -0.23  0.63  0.31       0.28  0.38  1.00    0.06  0.50     0.08 -0.00         0.08   -0.19  0.36  0.35          0.29    0.17   0.31   0.17   -0.02       -0.11  0.01     0.12  0.01
SILVER       -0.53 -0.08  0.19  0.53       0.51  0.42  0.06    1.00  0.40    -0.02  0.13        -0.06   -0.09  0.14  0.29          0.20    0.12   0.33   0.01    0.24        0.24  0.23     0.01  0.37
US2          -0.40  0.06  0.72  0.47       0.41  0.57  0.50    0.40  1.00     0.04 -0.04         0.03   -0.33  0.06  0.23          0.20    0.02   0.22  -0.06   -0.12       -0.01 -0.04     0.06  0.00
BITCOIN       0.02 -0.17  0.17 -0.12       0.03  0.01  0.08   -0.02  0.04     1.00  0.05        -0.07    0.00  0.10  0.06          0.18   -0.09   0.03  -0.03   -0.17        0.03  0.16    -0.17 -0.02
CORN         -0.15  0.01 -0.02  0.05       0.08  0.01 -0.00    0.13 -0.04     0.05  1.00         0.04    0.04 -0.01  0.05          0.10   -0.03   0.03  -0.02    0.04        0.01  0.07    -0.06  0.07
GAS_US_mini   0.14 -0.13 -0.08  0.00      -0.01 -0.23  0.08   -0.06  0.03    -0.07  0.04         1.00    0.22  0.02  0.02         -0.04    0.24   0.06   0.31    0.13        0.06 -0.01     0.15  0.10
YENEUR        0.18 -0.17 -0.42 -0.09       0.24 -0.73 -0.19   -0.09 -0.33     0.00  0.04         0.22    1.00  0.08  0.09          0.10    0.36   0.09   0.31   -0.03        0.03 -0.09     0.09  0.08
CAC          -0.34 -0.61  0.24  0.29       0.38  0.19  0.36    0.14  0.06     0.10 -0.01         0.02    0.08  1.00  0.67          0.52    0.45   0.71   0.50    0.41        0.26  0.31     0.30  0.49
DOW          -0.33 -0.63  0.28  0.34       0.44  0.22  0.35    0.29  0.23     0.06  0.05         0.02    0.09  0.67  1.00          0.75    0.54   0.95   0.54    0.30        0.08  0.11     0.30  0.40
NASDAQ_micro -0.34 -0.61  0.21  0.24       0.42  0.20  0.29    0.20  0.20     0.18  0.10        -0.04    0.10  0.52  0.75          1.00    0.61   0.72   0.50   -0.06        0.21  0.17     0.19  0.27
NIKKEI       -0.09 -0.51 -0.09  0.09       0.22 -0.20  0.17    0.12  0.02    -0.09 -0.03         0.24    0.36  0.45  0.54          0.61    1.00   0.54   0.91    0.17        0.17  0.07     0.19  0.40
R1000        -0.37 -0.66  0.25  0.39       0.49  0.26  0.31    0.33  0.22     0.03  0.03         0.06    0.09  0.71  0.95          0.72    0.54   1.00   0.55    0.39        0.14  0.20     0.32  0.49
TOPIX        -0.01 -0.53 -0.07  0.05       0.17 -0.20  0.17    0.01 -0.06    -0.03 -0.02         0.31    0.31  0.50  0.54          0.50    0.91   0.55   1.00    0.26        0.13  0.13     0.25  0.45
EU-OIL       -0.15 -0.12 -0.05  0.19       0.04  0.03 -0.02    0.24 -0.12    -0.17  0.04         0.13   -0.03  0.41  0.30         -0.06    0.17   0.39   0.26    1.00        0.07  0.25     0.09  0.36
FTSECHINAA   -0.43 -0.35 -0.13  0.09       0.22  0.11 -0.11    0.24 -0.01     0.03  0.01         0.06    0.03  0.26  0.08          0.21    0.17   0.14   0.13    0.07        1.00  0.37     0.06  0.30
IRON         -0.36 -0.25  0.04  0.20       0.19  0.18  0.01    0.23 -0.04     0.16  0.07        -0.01   -0.09  0.31  0.11          0.17    0.07   0.20   0.13    0.25        0.37  1.00     0.20  0.26
LEANHOG      -0.06 -0.26  0.08  0.07       0.16  0.03  0.12    0.01  0.06    -0.17 -0.06         0.15    0.09  0.30  0.30          0.19    0.19   0.32   0.25    0.09        0.06  0.20     1.00  0.07
MXP          -0.37 -0.46 -0.01  0.27       0.41  0.19  0.01    0.37  0.00    -0.02  0.07         0.10    0.08  0.49  0.40          0.27    0.40   0.49   0.45    0.36        0.30  0.26     0.07  1.00


********************************************************************************
                                 END OF REPORT                                  
********************************************************************************


