
********************************************************************************
                    Risk report produced on 25/06/2025 22:53                    
********************************************************************************


Total risk across all strategies, annualised percentage 10.2
Percentage of capital used for margin 46.6%

========================================
Risk per strategy, annualised percentage
========================================

                  risk
dynamic_TF_carry  10.2


===================
Risk by asset class
===================

Ags       3.7
Bond      1.8
Equity    3.7
FX        4.2
Metals    2.6
OilGas    3.2
dtype: float64


=====================================================
Beta loadings of asset class positions on asset class
=====================================================

OilGas   -0.07
Metals    0.06
Ags       0.21
Bond      0.24
Equity    0.24
FX        0.55
dtype: float64


========================================================
Beta loadings of full portfolio positions on asset class
========================================================

Bond     -0.15
OilGas   -0.06
Metals    0.21
Ags       0.25
Equity    0.39
FX        0.82
dtype: float64


===================================================================================================================================================================================================================================================================
                                                                                                                          Instrument risk                                                                                                                          
===================================================================================================================================================================================================================================================================

               daily_price_stdev  annual_price_stdev     price  daily_perc_stdev  annual_perc_stdev  point_size_base  contract_exposure  daily_risk_per_contract  annual_risk_per_contract  position  capital  exposure_held_perc_capital  annual_risk_perc_capital
DX                         0.414               6.628     97.30              0.43                6.8            734.0              71417                      304                      4865        -4   534623                       -53.4                      -3.6
GAS-PEN                    0.118               1.886      3.56              3.31               53.0           7340.3              26116                      865                     13840        -1   534623                        -4.9                      -2.6
JPY                        0.000               0.001      0.01              0.65               10.4        9175389.4              63791                      414                      6638        -2   534623                       -23.9                      -2.5
EUROSTX                   48.969             783.507   5272.00              0.93               14.9              8.5              44960                      417                      6681        -1   534623                        -8.4                      -1.2
WHEAT                     10.178             162.848    567.25              1.79               28.7             36.7              20818                      373                      5976        -1   534623                        -3.9                      -1.1
US10U                      0.502               8.035    113.73              0.44                7.1            734.0              83484                      368                      5897        -1   534623                       -15.6                      -1.1
DOW                      394.759            6316.141  43297.00              0.91               14.6              0.4              15890                      144                      2318        -2   534623                        -5.9                      -0.9
RICE                       0.186               2.973     13.61              1.37               21.8           1468.1              19980                      272                      4364        -1   534623                        -3.7                      -0.8
GAS_US_mini                0.120               1.922      3.56              3.37               54.0           1835.1               6532                      220                      3526        -1   534623                        -1.2                      -0.7
IRON                       1.098              17.574     91.95              1.19               19.1             73.4               6749                       80                      1289        -2   534623                        -2.5                      -0.5
COPPER-micro               0.070               1.122      4.97              1.41               22.6           1835.1               9116                      128                      2059        -1   534623                        -1.7                      -0.4
MUMMY                      9.561             152.977    747.00              1.28               20.5              5.1               3780                       48                       774         1   534623                         0.7                       0.1
KOSDAQ                    20.250             324.002   1298.80              1.56               24.9              5.3               6941                      108                      1731         1   534623                         1.3                       0.3
MXP                        0.000               0.005      0.05              0.58                9.3         367015.6              19235                      112                      1797         1   534623                         3.6                       0.3
TOPIX                     28.285             452.567   2771.25              1.02               16.3              5.1              14026                      143                      2290         1   534623                         2.6                       0.4
CAD                        0.002               0.040      0.73              0.34                5.4          73403.1              53698                      181                      2900         1   534623                        10.0                       0.5
CRUDE_W_micro              1.838              29.404     62.67              2.93               46.9             73.4               4600                      134                      2158         2   534623                         1.7                       0.8
LEANHOG                    1.015              16.244     95.68              1.06               17.0            293.6              28091                      298                      4769         1   534623                         5.3                       0.9
CANOLA                     9.840             157.433    711.60              1.38               22.1             10.7               7609                      105                      1683         3   534623                         4.3                       0.9
BTP                        0.397               6.353    120.82              0.33                5.3            852.8             103037                      338                      5417         1   534623                        19.3                       1.0
BUND                       0.409               6.542    130.45              0.31                5.0            852.8             111250                      348                      5578         1   534623                        20.8                       1.0
YENEUR                     0.808              12.926    168.64              0.48                7.7            632.7             106696                      511                      8178         1   534623                        20.0                       1.5
PLAT                      25.456             407.299   1368.30              1.86               29.8             36.7              50218                      934                     14948         1   534623                         9.4                       2.8
FEEDCOW                    2.696              43.138    302.35              0.89               14.3            367.0             110967                      989                     15832         1   534623                        20.8                       3.0
MIB                      380.906            6094.494  39390.00              0.97               15.5              4.3             167962                     1624                     25987         1   534623                        31.4                       4.9

Sum of abs(notional exposure % capital) 276.3
Sum of abs(annualised risk % capital) 33.8
Net sum of annualised risk % capital 3.0 

=================================================================================================================================================================================================================
                                                                                                  Correlations                                                                                                   
=================================================================================================================================================================================================================

                BTP  BUND   JPY  US10U   CAD  CANOLA  IRON  RICE  WHEAT  COPPER-micro  CRUDE_W_micro   DOW  EUROSTX  FEEDCOW  KOSDAQ  LEANHOG   MIB  MUMMY   MXP  PLAT  TOPIX  GAS-PEN  GAS_US_mini  YENEUR    DX
BTP            1.00  0.85  0.35   0.39  0.28    0.04  0.18  0.04  -0.06          0.10          -0.09  0.24     0.20    -0.09    0.11    -0.04  0.14   0.15  0.16  0.15   0.05    -0.23        -0.24   -0.36 -0.04
BUND           0.85  1.00  0.44   0.46  0.24   -0.04  0.14 -0.02  -0.04         -0.14          -0.22 -0.02    -0.17    -0.34   -0.08    -0.15 -0.23  -0.08 -0.10 -0.03  -0.28    -0.23        -0.26   -0.57  0.00
JPY            0.35  0.44  1.00   0.43  0.44   -0.12  0.03  0.23   0.11          0.07          -0.27 -0.19    -0.14    -0.31   -0.18     0.07 -0.16  -0.15 -0.05 -0.05  -0.37    -0.24        -0.26   -0.68 -0.63
US10U          0.39  0.46  0.43   1.00 -0.07   -0.17  0.05 -0.09  -0.20         -0.06          -0.20 -0.02    -0.06    -0.28   -0.29    -0.14 -0.11  -0.29 -0.18 -0.02  -0.34     0.07         0.03   -0.46 -0.12
CAD            0.28  0.24  0.44  -0.07  1.00    0.11 -0.00  0.05   0.27          0.17          -0.04 -0.02     0.06     0.07    0.36     0.23  0.01   0.23  0.31  0.06   0.06    -0.05        -0.04    0.02 -0.61
CANOLA         0.04 -0.04 -0.12  -0.17  0.11    1.00  0.04 -0.09   0.11         -0.07           0.16  0.03     0.02    -0.03    0.02     0.20  0.05   0.03 -0.04  0.10   0.06     0.06         0.07    0.09 -0.00
IRON           0.18  0.14  0.03   0.05 -0.00    0.04  1.00  0.05   0.05          0.27           0.19  0.11     0.24     0.11    0.14     0.05  0.17   0.07  0.02  0.13   0.08    -0.12        -0.12   -0.08  0.01
RICE           0.04 -0.02  0.23  -0.09  0.05   -0.09  0.05  1.00   0.10          0.18           0.07 -0.02     0.04     0.16   -0.02     0.06  0.03   0.02 -0.07  0.20  -0.05    -0.00        -0.03   -0.13 -0.23
WHEAT         -0.06 -0.04  0.11  -0.20  0.27    0.11  0.05  0.10   1.00          0.25          -0.05 -0.07    -0.00    -0.13    0.14     0.27 -0.00   0.01  0.19  0.25  -0.01     0.06         0.03    0.05 -0.18
COPPER-micro   0.10 -0.14  0.07  -0.06  0.17   -0.07  0.27  0.18   0.25          1.00           0.45  0.41     0.65     0.33    0.35     0.36  0.64   0.59  0.32  0.60   0.53     0.11         0.14    0.08 -0.12
CRUDE_W_micro -0.09 -0.22 -0.27  -0.20 -0.04    0.16  0.19  0.07  -0.05          0.45           1.00  0.23     0.36     0.34    0.25     0.29  0.43   0.45  0.26  0.31   0.41     0.14         0.18    0.16  0.21
DOW            0.24 -0.02 -0.19  -0.02 -0.02    0.03  0.11 -0.02  -0.07          0.41           0.23  1.00     0.77     0.35    0.34     0.32  0.73   0.60  0.20  0.26   0.68     0.13         0.11    0.11  0.19
EUROSTX        0.20 -0.17 -0.14  -0.06  0.06    0.02  0.24  0.04  -0.00          0.65           0.36  0.77     1.00     0.41    0.48     0.31  0.95   0.67  0.38  0.38   0.79     0.10         0.13    0.22  0.07
FEEDCOW       -0.09 -0.34 -0.31  -0.28  0.07   -0.03  0.11  0.16  -0.13          0.33           0.34  0.35     0.41     1.00    0.31     0.33  0.44   0.42  0.33  0.27   0.50     0.17         0.22    0.36 -0.03
KOSDAQ         0.11 -0.08 -0.18  -0.29  0.36    0.02  0.14 -0.02   0.14          0.35           0.25  0.34     0.48     0.31    1.00     0.16  0.45   0.63  0.33  0.21   0.62     0.02         0.04    0.35 -0.08
LEANHOG       -0.04 -0.15  0.07  -0.14  0.23    0.20  0.05  0.06   0.27          0.36           0.29  0.32     0.31     0.33    0.16     1.00  0.33   0.33  0.17  0.28   0.25    -0.02         0.00    0.12 -0.22
MIB            0.14 -0.23 -0.16  -0.11  0.01    0.05  0.17  0.03  -0.00          0.64           0.43  0.73     0.95     0.44    0.45     0.33  1.00   0.70  0.38  0.37   0.79     0.09         0.14    0.22  0.07
MUMMY          0.15 -0.08 -0.15  -0.29  0.23    0.03  0.07  0.02   0.01          0.59           0.45  0.60     0.67     0.42    0.63     0.33  0.70   1.00  0.36  0.36   0.86     0.09         0.13    0.27 -0.03
MXP            0.16 -0.10 -0.05  -0.18  0.31   -0.04  0.02 -0.07   0.19          0.32           0.26  0.20     0.38     0.33    0.33     0.17  0.38   0.36  1.00  0.35   0.41     0.02         0.06    0.36 -0.19
PLAT           0.15 -0.03 -0.05  -0.02  0.06    0.10  0.13  0.20   0.25          0.60           0.31  0.26     0.38     0.27    0.21     0.28  0.37   0.36  0.35  1.00   0.33    -0.00         0.02    0.11 -0.05
TOPIX          0.05 -0.28 -0.37  -0.34  0.06    0.06  0.08 -0.05  -0.01          0.53           0.41  0.68     0.79     0.50    0.62     0.25  0.79   0.86  0.41  0.33   1.00     0.20         0.23    0.43  0.11
GAS-PEN       -0.23 -0.23 -0.24   0.07 -0.05    0.06 -0.12 -0.00   0.06          0.11           0.14  0.13     0.10     0.17    0.02    -0.02  0.09   0.09  0.02 -0.00   0.20     1.00         0.97    0.10  0.07
GAS_US_mini   -0.24 -0.26 -0.26   0.03 -0.04    0.07 -0.12 -0.03   0.03          0.14           0.18  0.11     0.13     0.22    0.04     0.00  0.14   0.13  0.06  0.02   0.23     0.97         1.00    0.15  0.08
YENEUR        -0.36 -0.57 -0.68  -0.46  0.02    0.09 -0.08 -0.13   0.05          0.08           0.16  0.11     0.22     0.36    0.35     0.12  0.22   0.27  0.36  0.11   0.43     0.10         0.15    1.00  0.03
DX            -0.04  0.00 -0.63  -0.12 -0.61   -0.00  0.01 -0.23  -0.18         -0.12           0.21  0.19     0.07    -0.03   -0.08    -0.22  0.07  -0.03 -0.19 -0.05   0.11     0.07         0.08    0.03  1.00


********************************************************************************
                                 END OF REPORT                                  
********************************************************************************


