
********************************************************************************
                    Risk report produced on 29/08/2023 22:52                    
********************************************************************************


Total risk across all strategies, annualised percentage 12.3
Percentage of capital used for margin 60.2%

========================================
Risk per strategy, annualised percentage
========================================

                  risk
dynamic_TF_carry  12.3


===================
Risk by asset class
===================

Ags       3.2
Bond      6.4
Equity    1.7
FX        4.9
OilGas    1.1
Sector    3.6
Vol       2.0
dtype: float64


=====================================================
Beta loadings of asset class positions on asset class
=====================================================

Bond     -1.24
FX       -0.50
Vol      -0.04
OilGas   -0.01
Equity    0.02
Sector    0.23
Ags       0.24
dtype: float64


========================================================
Beta loadings of full portfolio positions on asset class
========================================================

Bond     -1.70
FX       -0.74
Vol      -0.12
OilGas    0.01
Equity    0.14
Sector    0.19
Ags       0.37
dtype: float64


==================================================================================================================================================================================================================================================================
                                                                                                                         Instrument risk                                                                                                                          
==================================================================================================================================================================================================================================================================

              daily_price_stdev  annual_price_stdev     price  daily_perc_stdev  annual_perc_stdev  point_size_base  contract_exposure  daily_risk_per_contract  annual_risk_per_contract  position  capital  exposure_held_perc_capital  annual_risk_perc_capital
US3                       0.208               3.325    103.62              0.20                3.2           1584.2             164146                      329                      5268        -2   362461                       -90.6                      -2.9
BUND                      0.722              11.550    132.47              0.54                8.7            857.3             113562                      618                      9901        -1   362461                       -31.3                      -2.7
CHF                       0.005               0.081      1.14              0.44                7.1          99009.9             112920                      500                      8013        -1   362461                       -31.2                      -2.2
DAX                     134.856            2157.701  15945.00              0.85               13.5              0.9              13669                      115                      1849        -4   362461                       -15.1                      -2.0
VIX                       0.567               9.073     17.15              3.31               52.9            792.1              13584                      449                      7186        -1   362461                        -3.7                      -2.0
JPY                       0.000               0.001      0.01              0.60                9.6        9900990.1              68168                      410                      6571        -1   362461                       -18.8                      -1.8
BOBL                      0.344               5.505    115.72              0.30                4.8            857.3              99202                      294                      4719        -1   362461                       -27.4                      -1.3
GAS_US_mini               0.122               1.956      2.68              4.56               73.0           1980.2               5306                      242                      3873        -1   362461                        -1.5                      -1.1
FTSECHINAA              160.111            2561.772  12836.00              1.25               20.0              0.8              10167                      126                      2029         1   362461                         2.8                       0.6
MXP                       0.000               0.005      0.06              0.57                9.2         396039.6              23516                      134                      2157         1   362461                         6.5                       0.6
SOYBEAN_mini             19.035             304.560   1392.25              1.37               21.9              7.9              11027                      150                      2412         1   362461                         3.0                       0.7
KOSDAQ                   29.467             471.477   1476.80              2.00               31.9              6.0               8868                      176                      2831         1   362461                         2.4                       0.8
EU-AUTO                   6.882             110.110    612.50              1.12               18.0             42.9              26253                      294                      4719         1   362461                         7.2                       1.3
NIKKEI                  335.360            5365.764  32250.00              1.04               16.6              0.5              17449                      181                      2903         2   362461                         9.6                       1.6
CNH                       0.021               0.334      7.28              0.29                4.6          10860.8              79106                      226                      3630         2   362461                        43.6                       2.0
EU-OIL                    3.751              60.023    344.60              1.09               17.4             42.9              14770                      160                      2572         4   362461                        16.3                       2.8
LIVECOW                   1.106              17.697    181.45              0.61                9.8            316.8              57489                      350                      5606         2   362461                        31.7                       3.1

Sum of abs(notional exposure % capital) 342.7
Sum of abs(annualised risk % capital) 29.5
Net sum of annualised risk % capital -2.5 

===================================================================================================================================================
                                                                   Correlations                                                                    
===================================================================================================================================================

               CNH   VIX  BOBL  BUND   CHF   JPY   US3  GAS_US_mini  LIVECOW   DAX  EU-AUTO  EU-OIL  FTSECHINAA  KOSDAQ   MXP  NIKKEI  SOYBEAN_mini
CNH           1.00  0.17 -0.20 -0.17 -0.54 -0.61 -0.40         0.18     0.08 -0.30    -0.28   -0.09       -0.57   -0.26 -0.28    0.00         -0.19
VIX           0.17  1.00  0.09  0.01 -0.11 -0.02  0.15        -0.25    -0.30 -0.54    -0.52   -0.27       -0.27   -0.24 -0.63   -0.51         -0.16
BOBL         -0.20  0.09  1.00  0.96  0.16  0.32  0.75        -0.15    -0.14  0.02    -0.09   -0.21       -0.06    0.14 -0.20   -0.17         -0.08
BUND         -0.17  0.01  0.96  1.00  0.21  0.28  0.70        -0.09    -0.08  0.12    -0.01   -0.17       -0.09    0.19 -0.14   -0.07         -0.01
CHF          -0.54 -0.11  0.16  0.21  1.00  0.56  0.46        -0.14     0.02  0.35     0.25    0.10        0.25    0.28  0.25    0.20          0.17
JPY          -0.61 -0.02  0.32  0.28  0.56  1.00  0.56        -0.35    -0.08  0.12     0.10   -0.03        0.26    0.09  0.18   -0.27          0.09
US3          -0.40  0.15  0.75  0.70  0.46  0.56  1.00        -0.17    -0.18 -0.00    -0.12   -0.22        0.10    0.12 -0.16   -0.21         -0.13
GAS_US_mini   0.18 -0.25 -0.15 -0.09 -0.14 -0.35 -0.17         1.00    -0.04  0.04    -0.02    0.21        0.01    0.04  0.06    0.26          0.03
LIVECOW       0.08 -0.30 -0.14 -0.08  0.02 -0.08 -0.18        -0.04     1.00  0.24     0.26    0.13       -0.04    0.18  0.07    0.24          0.03
DAX          -0.30 -0.54  0.02  0.12  0.35  0.12 -0.00         0.04     0.24  1.00     0.85    0.44        0.31    0.37  0.56    0.64          0.21
EU-AUTO      -0.28 -0.52 -0.09 -0.01  0.25  0.10 -0.12        -0.02     0.26  0.85     1.00    0.41        0.35    0.34  0.52    0.60          0.21
EU-OIL       -0.09 -0.27 -0.21 -0.17  0.10 -0.03 -0.22         0.21     0.13  0.44     0.41    1.00        0.12    0.24  0.44    0.34          0.25
FTSECHINAA   -0.57 -0.27 -0.06 -0.09  0.25  0.26  0.10         0.01    -0.04  0.31     0.35    0.12        1.00    0.08  0.37    0.18          0.14
KOSDAQ       -0.26 -0.24  0.14  0.19  0.28  0.09  0.12         0.04     0.18  0.37     0.34    0.24        0.08    1.00  0.14    0.34          0.16
MXP          -0.28 -0.63 -0.20 -0.14  0.25  0.18 -0.16         0.06     0.07  0.56     0.52    0.44        0.37    0.14  1.00    0.36          0.26
NIKKEI        0.00 -0.51 -0.17 -0.07  0.20 -0.27 -0.21         0.26     0.24  0.64     0.60    0.34        0.18    0.34  0.36    1.00          0.09
SOYBEAN_mini -0.19 -0.16 -0.08 -0.01  0.17  0.09 -0.13         0.03     0.03  0.21     0.21    0.25        0.14    0.16  0.26    0.09          1.00


********************************************************************************
                                 END OF REPORT                                  
********************************************************************************


