
********************************************************************************
                    Risk report produced on 09/04/2025 22:53                    
********************************************************************************


Total risk across all strategies, annualised percentage 9.5
Percentage of capital used for margin 39.9%

========================================
Risk per strategy, annualised percentage
========================================

                  risk
dynamic_TF_carry   9.5


===================
Risk by asset class
===================

Ags       1.9
Bond      1.4
Equity    4.7
FX        2.8
Metals    5.4
OilGas    3.3
Sector    1.0
dtype: float64


=====================================================
Beta loadings of asset class positions on asset class
=====================================================

Metals   -0.17
Equity   -0.13
OilGas   -0.09
Sector    0.02
Ags       0.04
FX        0.19
Bond      0.23
dtype: float64


========================================================
Beta loadings of full portfolio positions on asset class
========================================================

FX       -0.26
Equity   -0.23
Metals   -0.20
OilGas   -0.13
Ags      -0.03
Sector   -0.02
Bond      0.20
dtype: float64


===================================================================================================================================================================================================================================================================
                                                                                                                          Instrument risk                                                                                                                          
===================================================================================================================================================================================================================================================================

               daily_price_stdev  annual_price_stdev     price  daily_perc_stdev  annual_perc_stdev  point_size_base  contract_exposure  daily_risk_per_contract  annual_risk_per_contract  position  capital  exposure_held_perc_capital  annual_risk_perc_capital
SPI200                    97.089            1553.432   7408.00              1.31               21.0             11.6              86200                     1129                     18075        -1   563853                       -15.3                      -3.2
GAS-PEN                    0.131               2.093      3.92              3.34               53.5           7788.9              30501                     1018                     16303        -1   563853                        -5.4                      -2.9
BITCOIN                 2881.964           46111.425  82145.00              3.51               56.1              0.1               6398                      224                      3591        -4   563853                        -4.5                      -2.5
ALUMINIUM                 43.466             695.456   2325.75              1.87               29.9             19.5              45287                      846                     13542        -1   563853                        -8.0                      -2.4
NASDAQ_micro             459.365            7349.844  18900.00              2.43               38.9              1.6              29442                      715                     11449        -1   563853                        -5.2                      -2.0
SILVER                     0.853              13.655     31.34              2.72               43.6            778.9              24410                      664                     10635        -1   563853                        -4.3                      -1.9
RUSSELL                   41.191             659.064   1900.20              2.17               34.7              3.9               7400                      160                      2566        -4   563853                        -5.2                      -1.8
NZD                        0.006               0.089      0.57              0.99               15.8          77889.2              44077                      435                      6966        -1   563853                        -7.8                      -1.2
CRUDE_W_micro              1.653              26.453     60.92              2.71               43.4             77.9               4745                      128                      2060        -3   563853                        -2.5                      -1.1
DOW                      763.368           12213.882  40601.00              1.88               30.1              0.4              15811                      297                      4756        -1   563853                        -2.8                      -0.8
SUGAR11                    0.319               5.105     17.87              1.79               28.6            872.4              15589                      278                      4453        -1   563853                        -2.8                      -0.8
CAD                        0.003               0.055      0.71              0.49                7.8          77889.2              55336                      269                      4306        -1   563853                        -9.8                      -0.8
COPPER-micro               0.122               1.949      4.49              2.71               43.4           1947.2               8743                      237                      3795        -1   563853                        -1.6                      -0.7
KOSDAQ                    26.535             424.561   1067.40              2.49               39.8              5.3               5632                      140                      2240        -1   563853                        -1.0                      -0.4
KR10                       0.407               6.514    119.32              0.34                5.5            527.7              62965                      214                      3437         1   563853                        11.2                       0.6
CAD10                      0.603               9.646    122.62              0.49                7.9            547.4              67116                      329                      5279         1   563853                        11.9                       0.9
EU-BANKS                   4.102              65.640    154.20              2.66               42.6             43.1               6642                      176                      2827         2   563853                         2.4                       1.0
MUMMY                     18.668             298.693    562.00              3.32               53.1              5.4               3016                      100                      1603         6   563853                         3.2                       1.7
GBP                        0.007               0.111      1.28              0.54                8.7          48680.8              62452                      338                      5419         2   563853                        22.2                       1.9
YENEUR                     1.048              16.762    161.19              0.65               10.4            670.9             108147                      702                     11246         1   563853                        19.2                       2.0
LIVECOW                    2.272              36.349    195.22              1.16               18.6            311.6              60823                      707                     11324         1   563853                        10.8                       2.0
MSCISING                   7.684             122.949    333.40              2.30               36.9             57.7              19245                      443                      7097         2   563853                         6.8                       2.5

Sum of abs(notional exposure % capital) 163.9
Sum of abs(annualised risk % capital) 35.1
Net sum of annualised risk % capital -9.9 

================================================================================================================================================================================================================
                                                                                                  Correlations                                                                                                  
================================================================================================================================================================================================================

               ALUMINIUM  COPPER-micro  CRUDE_W_micro   DOW  EU-BANKS  LIVECOW  MSCISING  MUMMY  NASDAQ_micro  RUSSELL  SILVER  SPI200  CAD10  KR10   CAD   GBP   NZD  SUGAR11  BITCOIN  KOSDAQ  GAS-PEN  YENEUR
ALUMINIUM           1.00          0.61           0.42  0.34      0.47     0.30      0.52   0.34          0.37     0.33    0.56    0.46  -0.08 -0.19  0.10  0.14  0.34     0.04     0.15    0.29     0.30    0.05
COPPER-micro        0.61          1.00           0.59  0.49      0.71     0.40      0.64   0.58          0.48     0.42    0.73    0.55  -0.08 -0.20  0.03  0.25  0.42     0.15     0.06    0.27     0.21    0.10
CRUDE_W_micro       0.42          0.59           1.00  0.36      0.44     0.36      0.50   0.52          0.37     0.26    0.48    0.42  -0.25 -0.33 -0.11 -0.08  0.04     0.10     0.13    0.27     0.23    0.12
DOW                 0.34          0.49           0.36  1.00      0.64     0.36      0.81   0.67          0.78     0.89    0.39    0.88   0.11  0.07 -0.08  0.25  0.31     0.02     0.46    0.32     0.22    0.07
EU-BANKS            0.47          0.71           0.44  0.64      1.00     0.38      0.78   0.66          0.54     0.52    0.52    0.67  -0.02 -0.20 -0.16  0.38  0.37     0.13     0.22    0.44     0.20    0.28
LIVECOW             0.30          0.40           0.36  0.36      0.38     1.00      0.42   0.40          0.25     0.29    0.30    0.36  -0.29 -0.32 -0.06  0.21  0.33     0.30     0.10    0.21     0.15    0.29
MSCISING            0.52          0.64           0.50  0.81      0.78     0.42      1.00   0.75          0.72     0.69    0.51    0.83   0.04 -0.15 -0.15  0.29  0.32     0.13     0.36    0.35     0.32    0.13
MUMMY               0.34          0.58           0.52  0.67      0.66     0.40      0.75   1.00          0.62     0.62    0.43    0.72  -0.13 -0.21  0.02  0.22  0.28     0.24     0.34    0.59     0.24    0.30
NASDAQ_micro        0.37          0.48           0.37  0.78      0.54     0.25      0.72   0.62          1.00     0.80    0.43    0.76   0.03 -0.01  0.06  0.29  0.35     0.08     0.52    0.50     0.12    0.20
RUSSELL             0.33          0.42           0.26  0.89      0.52     0.29      0.69   0.62          0.80     1.00    0.33    0.80   0.06  0.08  0.14  0.30  0.35     0.05     0.62    0.43     0.08    0.06
SILVER              0.56          0.73           0.48  0.39      0.52     0.30      0.51   0.43          0.43     0.33    1.00    0.53   0.05 -0.08  0.00  0.37  0.39     0.14     0.15    0.13     0.11    0.12
SPI200              0.46          0.55           0.42  0.88      0.67     0.36      0.83   0.72          0.76     0.80    0.53    1.00   0.08  0.03 -0.07  0.28  0.34     0.10     0.41    0.41     0.18    0.08
CAD10              -0.08         -0.08          -0.25  0.11     -0.02    -0.29      0.04  -0.13          0.03     0.06    0.05    0.08   1.00  0.58 -0.04  0.36  0.17    -0.13     0.11   -0.17    -0.04   -0.45
KR10               -0.19         -0.20          -0.33  0.07     -0.20    -0.32     -0.15  -0.21         -0.01     0.08   -0.08    0.03   0.58  1.00  0.00  0.09  0.05    -0.14    -0.05   -0.17    -0.24   -0.49
CAD                 0.10          0.03          -0.11 -0.08     -0.16    -0.06     -0.15   0.02          0.06     0.14    0.00   -0.07  -0.04  0.00  1.00  0.30  0.52     0.31     0.07    0.28     0.03    0.11
GBP                 0.14          0.25          -0.08  0.25      0.38     0.21      0.29   0.22          0.29     0.30    0.37    0.28   0.36  0.09  0.30  1.00  0.71     0.35     0.15    0.18     0.02    0.27
NZD                 0.34          0.42           0.04  0.31      0.37     0.33      0.32   0.28          0.35     0.35    0.39    0.34   0.17  0.05  0.52  0.71  1.00     0.47     0.15    0.28     0.08    0.10
SUGAR11             0.04          0.15           0.10  0.02      0.13     0.30      0.13   0.24          0.08     0.05    0.14    0.10  -0.13 -0.14  0.31  0.35  0.47     1.00     0.02    0.24    -0.08    0.22
BITCOIN             0.15          0.06           0.13  0.46      0.22     0.10      0.36   0.34          0.52     0.62    0.15    0.41   0.11 -0.05  0.07  0.15  0.15     0.02     1.00    0.29    -0.04    0.06
KOSDAQ              0.29          0.27           0.27  0.32      0.44     0.21      0.35   0.59          0.50     0.43    0.13    0.41  -0.17 -0.17  0.28  0.18  0.28     0.24     0.29    1.00     0.03    0.35
GAS-PEN             0.30          0.21           0.23  0.22      0.20     0.15      0.32   0.24          0.12     0.08    0.11    0.18  -0.04 -0.24  0.03  0.02  0.08    -0.08    -0.04    0.03     1.00    0.07
YENEUR              0.05          0.10           0.12  0.07      0.28     0.29      0.13   0.30          0.20     0.06    0.12    0.08  -0.45 -0.49  0.11  0.27  0.10     0.22     0.06    0.35     0.07    1.00


********************************************************************************
                                 END OF REPORT                                  
********************************************************************************


