
********************************************************************************
                    Risk report produced on 27/11/2023 22:50                    
********************************************************************************


Total risk across all strategies, annualised percentage 7.3
Percentage of capital used for margin 56.5%

========================================
Risk per strategy, annualised percentage
========================================

                  risk
dynamic_TF_carry   7.3


===================
Risk by asset class
===================

Ags       2.5
Bond      1.7
Equity    0.9
FX        4.0
Metals    1.3
OilGas    5.3
Sector    1.8
Vol       1.8
dtype: float64


=====================================================
Beta loadings of asset class positions on asset class
=====================================================

Bond     -0.37
FX       -0.09
OilGas   -0.08
Vol      -0.04
Equity   -0.02
Ags       0.00
Metals    0.05
Sector    0.08
dtype: float64


========================================================
Beta loadings of full portfolio positions on asset class
========================================================

Bond     -0.74
FX       -0.08
Vol      -0.07
OilGas   -0.05
Metals    0.03
Ags       0.07
Equity    0.09
Sector    0.15
dtype: float64


=================================================================================================================================================================================================================================================================
                                                                                                                         Instrument risk                                                                                                                         
=================================================================================================================================================================================================================================================================

             daily_price_stdev  annual_price_stdev     price  daily_perc_stdev  annual_perc_stdev  point_size_base  contract_exposure  daily_risk_per_contract  annual_risk_per_contract  position  capital  exposure_held_perc_capital  annual_risk_perc_capital
GAS-PEN                  0.125               1.999      2.95              4.24               67.8           7924.8              23370                      990                     15841        -1   368460                        -6.3                      -4.3
JPY                      0.000               0.001      0.01              0.59                9.4        9906011.8              66890                      392                      6275        -2   368460                       -36.3                      -3.4
LIVECOW                  1.685              26.957    168.95              1.00               16.0            317.0              53555                      534                      8545        -1   368460                       -14.5                      -2.3
VIX                      0.532               8.516     16.45              3.24               51.8            792.5              13036                      421                      6748        -1   368460                        -3.5                      -1.8
BOBL                     0.338               5.413    116.88              0.29                4.6            867.8             101432                      293                      4697        -1   368460                       -27.5                      -1.3
GAS_US_mini              0.124               1.990      2.94              4.24               67.8           1981.2               5814                      246                      3941        -1   368460                        -1.6                      -1.1
US2                      0.147               2.351    101.95              0.14                2.3           1585.0             161585                      232                      3725        -1   368460                       -43.9                      -1.0
RUSSELL                 27.214             435.421   1806.00              1.51               24.1              4.0               7156                      107                      1725        -1   368460                        -1.9                      -0.5
DOW                    262.093            4193.493  35345.00              0.74               11.9              0.4              14005                      103                      1661        -1   368460                        -3.8                      -0.5
IRON                     2.171              34.737    129.30              1.68               26.9             79.2              10246                      172                      2752         1   368460                         2.8                       0.7
KOSDAQ                  28.315             453.038   1266.40              2.24               35.8              6.1               7698                      172                      2754         1   368460                         2.1                       0.7
CNH                      0.020               0.314      7.14              0.27                4.4          11066.2              78959                      216                      3471         1   368460                        21.4                       0.9
BITCOIN               1011.086           16177.372  36045.00              2.77               44.3              0.1               2856                       80                      1282         3   368460                         2.3                       1.0
MXP                      0.000               0.006      0.06              0.68               10.8         396240.5              23013                      155                      2486         2   368460                        12.5                       1.3
KR10                     0.557               8.908    110.02              0.51                8.1            607.9              66885                      338                      5415         1   368460                        18.2                       1.5
EU-OIL                   4.650              74.398    357.00              1.30               20.8             43.4              15490                      201                      3228         2   368460                         8.4                       1.8
LEANHOG                  1.382              22.114     66.90              2.07               33.1            317.0              21206                      438                      7009         1   368460                         5.8                       1.9

Sum of abs(notional exposure % capital) 212.8
Sum of abs(annualised risk % capital) 26.0
Net sum of annualised risk % capital -6.4 

===========================================================================================================================================
                                                               Correlations                                                                
===========================================================================================================================================

              CNH   VIX  EU-OIL  GAS-PEN  GAS_US_mini  LEANHOG  LIVECOW  BITCOIN  BOBL   JPY  KR10   US2   DOW  KOSDAQ   MXP  RUSSELL  IRON
CNH          1.00  0.19   -0.04     0.25         0.24    -0.10     0.16    -0.17 -0.39 -0.49 -0.60 -0.46 -0.30   -0.22 -0.16    -0.28 -0.31
VIX          0.19  1.00   -0.29    -0.16        -0.19    -0.25    -0.23    -0.18 -0.14 -0.02 -0.32  0.04 -0.69   -0.42 -0.50    -0.69 -0.10
EU-OIL      -0.04 -0.29    1.00     0.22         0.29     0.16     0.17    -0.10 -0.08 -0.12  0.03 -0.16  0.45    0.22  0.16     0.42  0.15
GAS-PEN      0.25 -0.16    0.22     1.00         0.88     0.16     0.17    -0.00  0.04 -0.22 -0.09 -0.05  0.08   -0.18 -0.01     0.07 -0.10
GAS_US_mini  0.24 -0.19    0.29     0.88         1.00     0.15     0.19     0.07  0.05 -0.21 -0.12 -0.04  0.15   -0.15  0.10     0.14 -0.06
LEANHOG     -0.10 -0.25    0.16     0.16         0.15     1.00     0.29    -0.14  0.03 -0.04  0.07  0.16  0.22   -0.06  0.23     0.22  0.07
LIVECOW      0.16 -0.23    0.17     0.17         0.19     0.29     1.00    -0.15 -0.12 -0.07 -0.13 -0.22  0.20   -0.09  0.30     0.27 -0.00
BITCOIN     -0.17 -0.18   -0.10    -0.00         0.07    -0.14    -0.15     1.00  0.29  0.07  0.22  0.22  0.26    0.08  0.05     0.18  0.04
BOBL        -0.39 -0.14   -0.08     0.04         0.05     0.03    -0.12     0.29  1.00  0.35  0.56  0.65  0.30    0.02  0.10     0.23 -0.02
JPY         -0.49 -0.02   -0.12    -0.22        -0.21    -0.04    -0.07     0.07  0.35  1.00  0.44  0.48  0.09    0.08  0.11     0.11  0.13
KR10        -0.60 -0.32    0.03    -0.09        -0.12     0.07    -0.13     0.22  0.56  0.44  1.00  0.54  0.39    0.25  0.17     0.30  0.13
US2         -0.46  0.04   -0.16    -0.05        -0.04     0.16    -0.22     0.22  0.65  0.48  0.54  1.00  0.13   -0.11 -0.01     0.07 -0.04
DOW         -0.30 -0.69    0.45     0.08         0.15     0.22     0.20     0.26  0.30  0.09  0.39  0.13  1.00    0.44  0.49     0.86  0.08
KOSDAQ      -0.22 -0.42    0.22    -0.18        -0.15    -0.06    -0.09     0.08  0.02  0.08  0.25 -0.11  0.44    1.00  0.26     0.42  0.24
MXP         -0.16 -0.50    0.16    -0.01         0.10     0.23     0.30     0.05  0.10  0.11  0.17 -0.01  0.49    0.26  1.00     0.43  0.15
RUSSELL     -0.28 -0.69    0.42     0.07         0.14     0.22     0.27     0.18  0.23  0.11  0.30  0.07  0.86    0.42  0.43     1.00  0.12
IRON        -0.31 -0.10    0.15    -0.10        -0.06     0.07    -0.00     0.04 -0.02  0.13  0.13 -0.04  0.08    0.24  0.15     0.12  1.00


********************************************************************************
                                 END OF REPORT                                  
********************************************************************************


