
********************************************************************************
                    Risk report produced on 13/12/2024 22:52                    
********************************************************************************


Total risk across all strategies, annualised percentage 12.8
Percentage of capital used for margin 69.0%

========================================
Risk per strategy, annualised percentage
========================================

                  risk
dynamic_TF_carry  12.8


===================
Risk by asset class
===================

Ags       2.5
Bond      1.6
Equity    8.8
FX        4.4
Metals    2.8
OilGas    5.0
Other     0.7
Vol       2.0
dtype: float64


=====================================================
Beta loadings of asset class positions on asset class
=====================================================

FX       -0.88
OilGas   -0.16
Vol      -0.04
Metals    0.01
Other     0.03
Ags       0.12
Bond      0.29
Equity    0.67
dtype: float64


========================================================
Beta loadings of full portfolio positions on asset class
========================================================

FX       -0.48
Vol      -0.26
OilGas   -0.14
Other     0.02
Metals    0.13
Bond      0.18
Ags       0.21
Equity    0.82
dtype: float64


====================================================================================================================================================================================================================================================================
                                                                                                                          Instrument risk                                                                                                                           
====================================================================================================================================================================================================================================================================

               daily_price_stdev  annual_price_stdev      price  daily_perc_stdev  annual_perc_stdev  point_size_base  contract_exposure  daily_risk_per_contract  annual_risk_per_contract  position  capital  exposure_held_perc_capital  annual_risk_perc_capital
CHF                        0.005               0.087       1.14              0.47                7.6          98799.4             112527                      534                      8548        -2   587322                       -38.3                      -2.9
BRENT-LAST                 1.277              20.434      70.72              1.81               28.9            790.4              55896                     1009                     16150        -1   587322                        -9.5                      -2.7
GAS-PEN                    0.115               1.833       2.95              3.88               62.1           7904.0              23348                      905                     14489        -1   587322                        -4.0                      -2.5
ALUMINIUM                 40.942             655.078    2573.50              1.59               25.5             19.8              50852                      809                     12944        -1   587322                        -8.7                      -2.2
VIX                        0.455               7.282      16.05              2.84               45.4            790.4              12685                      359                      5756        -2   587322                        -4.3                      -2.0
GAS_US_mini                0.112               1.789       2.93              3.82               61.0           1976.0               5789                      220                      3534        -2   587322                        -2.0                      -1.2
CAD                        0.003               0.040       0.71              0.36                5.7          79039.5              55845                      199                      3192        -2   587322                       -19.0                      -1.1
MXP                        0.000               0.006       0.05              0.77               12.3         395197.6              19550                      150                      2408        -2   587322                        -6.7                      -0.8
CANOLA                    10.721             171.537     617.00              1.74               27.8             11.1               6852                      119                      1905        -2   587322                        -2.3                      -0.6
CRUDE_W_micro              1.294              20.699      66.74              1.94               31.0             79.0               5275                      102                      1636        -2   587322                        -1.8                      -0.6
MILLWHEAT                  2.537              40.587     228.00              1.11               17.8             41.3               9427                      104                      1678        -1   587322                        -1.6                      -0.3
MUMMY                      9.043             144.681     642.00              1.41               22.5              5.2               3322                       46                       748         1   587322                         0.6                       0.1
NIKKEI                   423.924            6782.786   39475.00              1.07               17.2              0.5              20428                      219                      3510         1   587322                         3.5                       0.6
RUBBER                     3.462              55.392     199.70              1.73               27.7             39.5               7892                      136                      2189         2   587322                         2.7                       0.7
TOPIX                     26.515             424.248    2745.50              0.97               15.5              5.2              14207                      137                      2195         2   587322                         4.8                       0.7
CAD10                      0.519               8.309     124.78              0.42                6.7            555.3              69295                      288                      4614         1   587322                        11.8                       0.8
NASDAQ_micro             186.966            2991.453   21647.25              0.86               13.8              1.6              34219                      295                      4728         1   587322                         5.8                       0.8
DX                         0.417               6.679     105.74              0.39                6.3            790.4              83576                      329                      5279         1   587322                        14.2                       0.9
LEANHOG                    1.124              17.981      87.48              1.28               20.6            316.2              27655                      355                      5684         1   587322                         4.7                       1.0
BTP                        0.441               7.052     122.89              0.36                5.7            827.0             101629                      364                      5831         1   587322                        17.3                       1.0
DOW                      303.587            4857.385   44709.00              0.68               10.9              0.4              17668                      119                      1919         4   587322                        12.0                       1.3
FANG                     144.446            2311.138   13163.80              1.10               17.6              4.0              52023                      570                      9133         1   587322                         8.9                       1.6
FTSETAIWAN                18.265             292.242    1920.00              0.95               15.2             31.6              60702                      577                      9239         1   587322                        10.3                       1.6
BITCOIN                 2442.745           39083.927  102640.00              2.38               38.1              0.1               8112                      193                      3089         3   587322                         4.1                       1.6
MSCISING                   2.808              44.934     380.75              0.74               11.8             58.6              22324                      164                      2634         4   587322                        15.2                       1.8
FEEDCOW                    1.880              30.083     254.92              0.74               11.8            395.2             100745                      743                     11888         1   587322                        17.2                       2.0
MIB                      286.062            4576.999   34750.00              0.82               13.2              4.1             143690                     1182                     18925         1   587322                        24.5                       3.2

Sum of abs(notional exposure % capital) 255.8
Sum of abs(annualised risk % capital) 36.6
Net sum of annualised risk % capital 2.8 

======================================================================================================================================================================================================================================================
                                                                                                                     Correlations                                                                                                                     
======================================================================================================================================================================================================================================================

                DOW  FANG  FTSETAIWAN   MIB  MSCISING  MUMMY   MXP  NASDAQ_micro  NIKKEI  TOPIX  BITCOIN   BTP   CAD  CAD10   CHF  LEANHOG  ALUMINIUM  BRENT-LAST  CANOLA  CRUDE_W_micro  FEEDCOW  MILLWHEAT  RUBBER    DX  GAS-PEN  GAS_US_mini   VIX
DOW            1.00  0.41        0.41  0.43      0.42   0.65  0.31          0.60    0.46   0.51     0.32  0.33  0.25   0.15  0.06     0.12      -0.04        0.22   -0.15           0.22     0.35      -0.09   -0.06 -0.28    -0.08        -0.13 -0.70
FANG           0.41  1.00        0.62  0.33      0.47   0.46  0.31          0.91    0.59   0.55     0.18  0.12  0.08  -0.00 -0.19    -0.21       0.06        0.09    0.03           0.08     0.13      -0.11   -0.08 -0.05     0.02         0.00 -0.57
FTSETAIWAN     0.41  0.62        1.00  0.42      0.48   0.49  0.45          0.61    0.59   0.54     0.18  0.15  0.22  -0.06 -0.08    -0.05       0.20        0.37    0.11           0.38     0.26      -0.05    0.09 -0.07    -0.04        -0.05 -0.43
MIB            0.43  0.33        0.42  1.00      0.38   0.49  0.37          0.39    0.58   0.59     0.28  0.23  0.26  -0.05  0.00     0.27       0.10        0.12    0.25           0.09     0.25       0.12   -0.03 -0.17    -0.10        -0.11 -0.41
MSCISING       0.42  0.47        0.48  0.38      1.00   0.51  0.29          0.53    0.40   0.48     0.30  0.17  0.20  -0.05 -0.24    -0.00       0.16        0.12    0.12           0.11     0.21       0.04   -0.09  0.01     0.12         0.12 -0.48
MUMMY          0.65  0.46        0.49  0.49      0.51   1.00  0.26          0.55    0.76   0.79     0.31  0.16  0.21  -0.04 -0.03     0.16       0.01        0.26   -0.03           0.25     0.31      -0.09    0.03 -0.15    -0.07        -0.09 -0.50
MXP            0.31  0.31        0.45  0.37      0.29   0.26  1.00          0.29    0.30   0.34     0.08  0.25  0.13  -0.04 -0.04     0.01       0.35        0.25    0.03           0.25     0.27       0.18    0.10 -0.17    -0.09        -0.07 -0.28
NASDAQ_micro   0.60  0.91        0.61  0.39      0.53   0.55  0.29          1.00    0.61   0.60     0.18  0.20  0.15   0.05 -0.15    -0.14       0.04        0.10    0.02           0.09     0.21      -0.09   -0.08 -0.14     0.10         0.05 -0.69
NIKKEI         0.46  0.59        0.59  0.58      0.40   0.76  0.30          0.61    1.00   0.96     0.16  0.03  0.10  -0.25 -0.23     0.07       0.09        0.28    0.05           0.27     0.25      -0.06    0.02  0.00    -0.07        -0.08 -0.38
TOPIX          0.51  0.55        0.54  0.59      0.48   0.79  0.34          0.60    0.96   1.00     0.19  0.02  0.10  -0.26 -0.25     0.08       0.10        0.29    0.08           0.28     0.31      -0.02    0.00  0.04    -0.05        -0.06 -0.45
BITCOIN        0.32  0.18        0.18  0.28      0.30   0.31  0.08          0.18    0.16   0.19     1.00  0.26 -0.04   0.13 -0.09     0.25      -0.05       -0.11    0.06          -0.13     0.06       0.01   -0.17 -0.07    -0.03         0.00 -0.27
BTP            0.33  0.12        0.15  0.23      0.17   0.16  0.25          0.20    0.03   0.02     0.26  1.00  0.26   0.63  0.21     0.08       0.09       -0.23   -0.23          -0.26    -0.04       0.01   -0.09 -0.33    -0.08        -0.09 -0.14
CAD            0.25  0.08        0.22  0.26      0.20   0.21  0.13          0.15    0.10   0.10    -0.04  0.26  1.00   0.18  0.44     0.00       0.30        0.17    0.01           0.16     0.02       0.08    0.22 -0.54     0.11         0.07 -0.13
CAD10          0.15 -0.00       -0.06 -0.05     -0.05  -0.04 -0.04          0.05   -0.25  -0.26     0.13  0.63  0.18   1.00  0.46    -0.02      -0.11       -0.35   -0.28          -0.34    -0.25      -0.16   -0.06 -0.44    -0.02        -0.05 -0.04
CHF            0.06 -0.19       -0.08  0.00     -0.24  -0.03 -0.04         -0.15   -0.23  -0.25    -0.09  0.21  0.44   0.46  1.00     0.11       0.04       -0.12   -0.04          -0.12    -0.15      -0.07    0.25 -0.73    -0.04        -0.03  0.20
LEANHOG        0.12 -0.21       -0.05  0.27     -0.00   0.16  0.01         -0.14    0.07   0.08     0.25  0.08  0.00  -0.02  0.11     1.00       0.06        0.02    0.28           0.00     0.22       0.09    0.13 -0.11    -0.07        -0.08 -0.01
ALUMINIUM     -0.04  0.06        0.20  0.10      0.16   0.01  0.35          0.04    0.09   0.10    -0.05  0.09  0.30  -0.11  0.04     0.06       1.00        0.24    0.04           0.20     0.09       0.22    0.50 -0.17    -0.05        -0.02  0.09
BRENT-LAST     0.22  0.09        0.37  0.12      0.12   0.26  0.25          0.10    0.28   0.29    -0.11 -0.23  0.17  -0.35 -0.12     0.02       0.24        1.00    0.16           0.99     0.49       0.07    0.31  0.06     0.05         0.03 -0.09
CANOLA        -0.15  0.03        0.11  0.25      0.12  -0.03  0.03          0.02    0.05   0.08     0.06 -0.23  0.01  -0.28 -0.04     0.28       0.04        0.16    1.00           0.16    -0.01       0.34    0.16  0.05     0.16         0.12  0.05
CRUDE_W_micro  0.22  0.08        0.38  0.09      0.11   0.25  0.25          0.09    0.27   0.28    -0.13 -0.26  0.16  -0.34 -0.12     0.00       0.20        0.99    0.16           1.00     0.49       0.06    0.30  0.07     0.06         0.04 -0.09
FEEDCOW        0.35  0.13        0.26  0.25      0.21   0.31  0.27          0.21    0.25   0.31     0.06 -0.04  0.02  -0.25 -0.15     0.22       0.09        0.49   -0.01           0.49     1.00       0.04    0.11  0.13     0.08         0.08 -0.28
MILLWHEAT     -0.09 -0.11       -0.05  0.12      0.04  -0.09  0.18         -0.09   -0.06  -0.02     0.01  0.01  0.08  -0.16 -0.07     0.09       0.22        0.07    0.34           0.06     0.04       1.00    0.14  0.10     0.19         0.19  0.11
RUBBER        -0.06 -0.08        0.09 -0.03     -0.09   0.03  0.10         -0.08    0.02   0.00    -0.17 -0.09  0.22  -0.06  0.25     0.13       0.50        0.31    0.16           0.30     0.11       0.14    1.00 -0.24     0.21         0.15  0.09
DX            -0.28 -0.05       -0.07 -0.17      0.01  -0.15 -0.17         -0.14    0.00   0.04    -0.07 -0.33 -0.54  -0.44 -0.73    -0.11      -0.17        0.06    0.05           0.07     0.13       0.10   -0.24  1.00     0.04         0.06  0.05
GAS-PEN       -0.08  0.02       -0.04 -0.10      0.12  -0.07 -0.09          0.10   -0.07  -0.05    -0.03 -0.08  0.11  -0.02 -0.04    -0.07      -0.05        0.05    0.16           0.06     0.08       0.19    0.21  0.04     1.00         0.96 -0.11
GAS_US_mini   -0.13  0.00       -0.05 -0.11      0.12  -0.09 -0.07          0.05   -0.08  -0.06     0.00 -0.09  0.07  -0.05 -0.03    -0.08      -0.02        0.03    0.12           0.04     0.08       0.19    0.15  0.06     0.96         1.00 -0.04
VIX           -0.70 -0.57       -0.43 -0.41     -0.48  -0.50 -0.28         -0.69   -0.38  -0.45    -0.27 -0.14 -0.13  -0.04  0.20    -0.01       0.09       -0.09    0.05          -0.09    -0.28       0.11    0.09  0.05    -0.11        -0.04  1.00


********************************************************************************
                                 END OF REPORT                                  
********************************************************************************


