
********************************************************************************
                    Risk report produced on 20/10/2025 22:53                    
********************************************************************************


Total risk across all strategies, annualised percentage 13.4
Percentage of capital used for margin 43.5%

========================================
Risk per strategy, annualised percentage
========================================

                  risk
dynamic_TF_carry  13.4


===================
Risk by asset class
===================

Ags       3.9
Bond      3.7
Equity    5.6
FX        2.1
Metals    6.0
OilGas    4.8
dtype: float64


=====================================================
Beta loadings of asset class positions on asset class
=====================================================

OilGas   -0.16
FX        0.07
Ags       0.17
Metals    0.23
Equity    0.52
Bond      0.89
dtype: float64


========================================================
Beta loadings of full portfolio positions on asset class
========================================================

OilGas   -0.16
Ags       0.24
Metals    0.29
Equity    0.65
FX        0.79
Bond      0.87
dtype: float64


===================================================================================================================================================================================================================================================================
                                                                                                                          Instrument risk                                                                                                                          
===================================================================================================================================================================================================================================================================

               daily_price_stdev  annual_price_stdev     price  daily_perc_stdev  annual_perc_stdev  point_size_base  contract_exposure  daily_risk_per_contract  annual_risk_per_contract  position  capital  exposure_held_perc_capital  annual_risk_perc_capital
GASOILINE                  0.027               0.430      1.75              1.53               24.5          31254.0              54800                      840                     13448        -1   621718                        -8.8                      -2.2
GAS-PEN                    0.111               1.783      3.32              3.36               53.7           7441.4              24712                      829                     13271        -1   621718                        -4.0                      -2.1
GAS_US_mini                0.112               1.794      4.04              2.78               44.4           1860.4               7515                      208                      3337        -3   621718                        -3.6                      -1.6
SP500_micro               60.457             967.315   6778.00              0.89               14.3              3.7              25218                      224                      3599        -2   621718                        -8.1                      -1.2
JPY                        0.000               0.001      0.01              0.61                9.8        9301771.8              62089                      381                      6099        -1   621718                       -10.0                      -1.0
WHEAT                      5.954              95.260    505.50              1.18               18.8             37.2              18808                      221                      3544        -1   621718                        -3.0                      -0.6
RICE                       0.146               2.343     10.73              1.36               21.8           1488.3              15969                      217                      3487        -1   621718                        -2.6                      -0.6
KRWUSD_mini                0.004               0.058      0.71              0.52                8.3          18603.5              13121                       67                      1087        -3   621718                        -6.3                      -0.5
COPPER-micro               0.109               1.736      5.12              2.12               33.9           1860.4               9530                      201                      3229        -1   621718                        -1.5                      -0.5
CRUDE_W_micro              1.014              16.230     56.80              1.79               28.6             74.4               4226                       75                      1207        -1   621718                        -0.7                      -0.2
EUR_micro                  0.005               0.074      1.17              0.39                6.3           9301.8              10867                       42                       685        -1   621718                        -1.7                      -0.1
MXP                        0.000               0.004      0.05              0.49                7.9         372070.9              20091                       99                      1587         1   621718                         3.2                       0.3
BRE                        0.001               0.022      0.19              0.76               12.1          74414.2              13807                      104                      1668         1   621718                         2.2                       0.3
GBP                        0.005               0.082      1.34              0.38                6.1          46508.9              62368                      239                      3834         1   621718                        10.0                       0.6
US10U                      0.399               6.387    116.53              0.34                5.5            744.1              86715                      297                      4752         1   621718                        13.9                       0.8
LEANHOG                    1.067              17.065     82.25              1.30               20.7            297.7              24482                      317                      5079         1   621718                         3.9                       0.8
TOPIX                     38.035             608.561   3235.75              1.18               18.8              4.9              15983                      187                      3006         2   621718                         5.1                       1.0
YENEUR                     0.783              12.532    175.11              0.45                7.2            617.4             108121                      483                      7737         1   621718                        17.4                       1.2
OAT                        0.365               5.838    123.07              0.30                4.7            868.5             106883                      316                      5070         2   621718                        34.4                       1.6
GOLD_micro                47.028             752.442   4380.50              1.07               17.2              7.4              32597                      349                      5599         2   621718                        10.5                       1.8
CAD10                      0.335               5.366    123.50              0.27                4.3            530.9              65566                      178                      2848         4   621718                        42.2                       1.8
SILVER                     1.024              16.391     51.63              1.98               31.7            744.1              38420                      762                     12197         1   621718                         6.2                       2.0
MSCITAIWAN                14.942             239.079   1212.20              1.23               19.7             74.4              90204                     1111                     17790         1   621718                        14.5                       2.9
PLAT                      36.392             582.272   1660.10              2.19               35.1             37.2              61767                     1354                     21664         1   621718                         9.9                       3.5
FEEDCOW                    3.883              62.125    373.18              1.04               16.6            372.1             138847                     1444                     23115         1   621718                        22.3                       3.7
MIB                      364.586            5833.371  42205.00              0.86               13.8              4.3             183271                     1583                     25330         1   621718                        29.5                       4.1

Sum of abs(notional exposure % capital) 275.5
Sum of abs(annualised risk % capital) 37.0
Net sum of annualised risk % capital 15.8 

======================================================================================================================================================================================================================================================
                                                                                                                     Correlations                                                                                                                     
======================================================================================================================================================================================================================================================

                BRE  COPPER-micro  GOLD_micro  LEANHOG   MXP  PLAT  RICE  SILVER  CAD10   OAT  US10U  EUR_micro   GBP   JPY  KRWUSD_mini  CRUDE_W_micro  GAS-PEN  GASOILINE  GAS_US_mini  WHEAT  FEEDCOW   MIB  MSCITAIWAN  SP500_micro  TOPIX  YENEUR
BRE            1.00          0.28        0.06     0.14  0.58  0.18 -0.03    0.13   0.25  0.01   0.33       0.35  0.44  0.23         0.25           0.12     0.29       0.13         0.30   0.23     0.08  0.32        0.21         0.35   0.04    0.03
COPPER-micro   0.28          1.00        0.25     0.20  0.37  0.53  0.15    0.50  -0.05 -0.12   0.06       0.36  0.42  0.16         0.25           0.02     0.06      -0.01         0.04   0.22     0.18  0.32        0.17         0.28   0.24    0.14
GOLD_micro     0.06          0.25        1.00     0.11  0.22  0.44  0.06    0.70   0.09  0.36   0.21       0.40  0.34  0.35         0.22          -0.14    -0.11      -0.13        -0.08   0.16     0.30 -0.13        0.03        -0.18  -0.03   -0.07
LEANHOG        0.14          0.20        0.11     1.00  0.20  0.19  0.11    0.20   0.03 -0.02   0.09       0.14  0.16  0.15         0.25           0.31    -0.11       0.27        -0.03   0.14     0.08  0.18        0.02         0.19   0.04   -0.07
MXP            0.58          0.37        0.22     0.20  1.00  0.34 -0.03    0.24   0.13  0.10   0.22       0.44  0.44  0.20         0.30           0.09     0.01       0.08         0.01   0.16     0.27  0.24        0.27         0.21   0.13    0.17
PLAT           0.18          0.53        0.44     0.19  0.34  1.00  0.05    0.66  -0.18  0.02   0.01       0.34  0.30  0.08         0.20          -0.07    -0.08      -0.10        -0.10  -0.06     0.22  0.10        0.30         0.19   0.18    0.20
RICE          -0.03          0.15        0.06     0.11 -0.03  0.05  1.00    0.11  -0.06  0.07  -0.04       0.11  0.13  0.10         0.29           0.08    -0.02       0.09         0.02   0.06     0.00 -0.03       -0.02         0.02  -0.06   -0.02
SILVER         0.13          0.50        0.70     0.20  0.24  0.66  0.11    1.00  -0.01  0.09   0.10       0.28  0.31  0.17         0.13          -0.02    -0.11      -0.04        -0.09   0.15     0.23  0.18        0.28         0.19   0.18    0.06
CAD10          0.25         -0.05        0.09     0.03  0.13 -0.18 -0.06   -0.01   1.00  0.57   0.82       0.09  0.28  0.37         0.09          -0.18    -0.08      -0.17        -0.10  -0.07    -0.10  0.18        0.06         0.02  -0.05   -0.45
OAT            0.01         -0.12        0.36    -0.02  0.10  0.02  0.07    0.09   0.57  1.00   0.51       0.00  0.11  0.29         0.18          -0.17    -0.24      -0.12        -0.26  -0.15     0.03 -0.02       -0.02        -0.01  -0.06   -0.40
US10U          0.33          0.06        0.21     0.09  0.22  0.01 -0.04    0.10   0.82  0.51   1.00       0.29  0.45  0.52         0.25          -0.23     0.01      -0.24         0.01  -0.13     0.06  0.13        0.06         0.02  -0.12   -0.45
EUR_micro      0.35          0.36        0.40     0.14  0.44  0.34  0.11    0.28   0.09  0.00   0.29       1.00  0.81  0.70         0.58          -0.41    -0.15      -0.45        -0.17   0.05    -0.01 -0.08       -0.01        -0.10  -0.13    0.02
GBP            0.44          0.42        0.34     0.16  0.44  0.30  0.13    0.31   0.28  0.11   0.45       0.81  1.00  0.65         0.61          -0.37    -0.14      -0.38        -0.16  -0.05    -0.00  0.26        0.13         0.14   0.04   -0.07
JPY            0.23          0.16        0.35     0.15  0.20  0.08  0.10    0.17   0.37  0.29   0.52       0.70  0.65  1.00         0.53          -0.40    -0.11      -0.42        -0.11   0.10    -0.19 -0.04       -0.19        -0.15  -0.42   -0.68
KRWUSD_mini    0.25          0.25        0.22     0.25  0.30  0.20  0.29    0.13   0.09  0.18   0.25       0.58  0.61  0.53         1.00          -0.18    -0.13      -0.20        -0.10  -0.05     0.08  0.19        0.01         0.09  -0.06   -0.14
CRUDE_W_micro  0.12          0.02       -0.14     0.31  0.09 -0.07  0.08   -0.02  -0.18 -0.17  -0.23      -0.41 -0.37 -0.40        -0.18           1.00     0.17       0.96         0.25   0.37     0.12  0.14        0.07         0.15   0.17    0.16
GAS-PEN        0.29          0.06       -0.11    -0.11  0.01 -0.08 -0.02   -0.11  -0.08 -0.24   0.01      -0.15 -0.14 -0.11        -0.13           0.17     1.00       0.15         0.96   0.24     0.00 -0.04        0.02         0.01  -0.20   -0.02
GASOILINE      0.13         -0.01       -0.13     0.27  0.08 -0.10  0.09   -0.04  -0.17 -0.12  -0.24      -0.45 -0.38 -0.42        -0.20           0.96     0.15       1.00         0.24   0.38     0.14  0.17        0.09         0.18   0.18    0.13
GAS_US_mini    0.30          0.04       -0.08    -0.03  0.01 -0.10  0.02   -0.09  -0.10 -0.26   0.01      -0.17 -0.16 -0.11        -0.10           0.25     0.96       0.24         1.00   0.25     0.02 -0.02        0.00        -0.01  -0.22   -0.02
WHEAT          0.23          0.22        0.16     0.14  0.16 -0.06  0.06    0.15  -0.07 -0.15  -0.13       0.05 -0.05  0.10        -0.05           0.37     0.24       0.38         0.25   1.00    -0.00 -0.08       -0.12        -0.12  -0.02   -0.10
FEEDCOW        0.08          0.18        0.30     0.08  0.27  0.22  0.00    0.23  -0.10  0.03   0.06      -0.01 -0.00 -0.19         0.08           0.12     0.00       0.14         0.02  -0.00     1.00  0.16        0.08        -0.02   0.26    0.24
MIB            0.32          0.32       -0.13     0.18  0.24  0.10 -0.03    0.18   0.18 -0.02   0.13      -0.08  0.26 -0.04         0.19           0.14    -0.04       0.17        -0.02  -0.08     0.16  1.00        0.38         0.56   0.36   -0.01
MSCITAIWAN     0.21          0.17        0.03     0.02  0.27  0.30 -0.02    0.28   0.06 -0.02   0.06      -0.01  0.13 -0.19         0.01           0.07     0.02       0.09         0.00  -0.12     0.08  0.38        1.00         0.57   0.54    0.26
SP500_micro    0.35          0.28       -0.18     0.19  0.21  0.19  0.02    0.19   0.02 -0.01   0.02      -0.10  0.14 -0.15         0.09           0.15     0.01       0.18        -0.01  -0.12    -0.02  0.56        0.57         1.00   0.46    0.09
TOPIX          0.04          0.24       -0.03     0.04  0.13  0.18 -0.06    0.18  -0.05 -0.06  -0.12      -0.13  0.04 -0.42        -0.06           0.17    -0.20       0.18        -0.22  -0.02     0.26  0.36        0.54         0.46   1.00    0.45
YENEUR         0.03          0.14       -0.07    -0.07  0.17  0.20 -0.02    0.06  -0.45 -0.40  -0.45       0.02 -0.07 -0.68        -0.14           0.16    -0.02       0.13        -0.02  -0.10     0.24 -0.01        0.26         0.09   0.45    1.00


********************************************************************************
                                 END OF REPORT                                  
********************************************************************************


