
********************************************************************************
           Risk report report produced on 2021-11-01 20:55:22.649969            
********************************************************************************


Total risk across all strategies, annualised percentage 26.4

========================================
Risk per strategy, annualised percentage
========================================

                  risk
dynamic_TF_carry  26.3


===================================================================================================================================================================================================================================================================
                                                                                                                          Instrument risk                                                                                                                          
===================================================================================================================================================================================================================================================================

             daily_price_stdev  annual_price_stdev     price  daily_perc_stdev  annual_perc_stdev  point_size_base  contract_exposure  daily_risk_per_contract  annual_risk_per_contract  position    capital  exposure_held_perc_capital  annual_risk_perc_capital
GAS_US_mini               0.29                4.61      5.18              5.56              88.93          1828.03            9478.32                   526.79                   8428.61      -2.0  385380.04                       -4.92                     -4.37
BUND                      0.49                7.77    168.39              0.29               4.61           847.56          142721.39                   411.50                   6583.93      -2.0  385380.04                      -74.07                     -3.42
VIX                       0.53                8.53     22.55              2.36              37.83           731.21           16488.80                   389.89                   6238.28      -2.0  385380.04                       -8.56                     -3.24
US20                      0.86               13.68    160.50              0.53               8.52           731.21          117359.31                   625.19                  10002.97      -1.0  385380.04                      -30.45                     -2.60
BTP                       0.66               10.53    148.09              0.44               7.11           847.56          125515.83                   558.03                   8928.51      -1.0  385380.04                      -32.57                     -2.32
KR10                      0.69               11.12    121.74              0.57               9.13           621.89           75709.45                   432.17                   6914.68      -1.0  385380.04                      -19.65                     -1.79
EUR                       0.00                0.07      1.16              0.38               6.01         91401.33          106121.51                   398.33                   6373.33      -1.0  385380.04                      -27.54                     -1.65
GBPEUR                    0.00                0.05      0.85              0.33               5.31        125000.00          106287.50                   352.63                   5642.08      -1.0  385380.04                      -27.58                     -1.46
LIVECOW                   1.06               16.93    128.90              0.82              13.14           292.48           37701.22                   309.52                   4952.30      -1.0  385380.04                       -9.78                     -1.29
JPY                       0.00                0.00      0.01              0.35               5.59       9140132.86           80213.81                   280.02                   4480.31      -1.0  385380.04                      -20.81                     -1.16
BOBL                      0.21                3.36    134.02              0.16               2.51           847.56          113590.60                   177.88                   2846.16      -1.0  385380.04                      -29.47                     -0.74
BRE                       0.00                0.03      0.18              0.94              15.09         73121.06           12803.50                   120.73                   1931.75      -1.0  385380.04                       -3.32                     -0.50
US5                       0.16                2.59    121.73              0.13               2.13           731.21           89007.76                   118.50                   1896.01       1.0  385380.04                       23.10                      0.49
MUMMY                    20.37              325.94   1131.00              1.80              28.82             6.40            7241.58                   130.43                   2086.92       1.0  385380.04                        1.88                      0.54
EDOLLAR                   0.04                0.68     98.40              0.04               0.69          1828.03          179868.67                    77.79                   1244.71       2.0  385380.04                       93.35                      0.65
US10                      0.30                4.80    130.64              0.23               3.68           731.21           95525.81                   219.43                   3510.90       1.0  385380.04                       24.79                      0.91
NZD                       0.00                0.06      0.72              0.49               7.81         73121.06           52500.92                   256.14                   4098.20       1.0  385380.04                       13.62                      1.06
EU-OIL                    3.03               48.40    290.00              1.04              16.69            42.38           12289.69                   128.20                   2051.27       2.0  385380.04                        6.38                      1.06
DAX                     108.96             1743.30  15794.00              0.69              11.04             0.85           13386.43                    92.35                   1477.56       4.0  385380.04                       13.89                      1.53
SOYBEAN                  10.53              168.47   1238.50              0.85              13.60            36.56           45280.22                   384.96                   6159.43       1.0  385380.04                       11.75                      1.60
NIKKEI                  370.66             5930.49  29470.00              1.26              20.12             0.64           18869.08                   237.32                   3797.18       2.0  385380.04                        9.79                      1.97
BRENT-LAST                1.04               16.72     84.72              1.23              19.73           731.21           61948.16                   763.97                  12223.58       1.0  385380.04                       16.07                      3.17
AEX                       5.79               92.71    810.40              0.72              11.44           169.51          137373.26                   982.24                  15715.80       1.0  385380.04                       35.65                      4.08
HEATOIL                   0.03                0.52      2.49              1.30              20.83         30710.85           76353.31                   994.17                  15906.72       1.0  385380.04                       19.81                      4.13
BITCOIN                2456.04            39296.72  61280.00              4.01              64.13             0.07            4480.86                   179.59                   2873.42       7.0  385380.04                        8.14                      5.22
SP400                    27.41              438.59   2843.80              0.96              15.42            73.12          207941.68                  2004.37                  32069.84       1.0  385380.04                       53.96                      8.32

Sum of abs(notional exposure % capital) 620.9
Sum of abs(annualised risk % capital) 59.3
Net sum of annualised risk % capital 10.2 

===========================================================================================================================================================================================================
                                                                                               Correlations                                                                                                
===========================================================================================================================================================================================================

              AEX  BITCOIN  BOBL   BRE  BRENT-LAST   BTP  BUND   DAX  EDOLLAR  EU-OIL   EUR  GAS_US_mini  GBPEUR  HEATOIL   JPY  KR10  LIVECOW  MUMMY  NIKKEI   NZD  SOYBEAN  SP400  US10  US20   US5   VIX
AEX          1.00     0.32 -0.11  0.12        0.27  0.49 -0.07  0.76    -0.21    0.70  0.12        -0.06   -0.36     0.31 -0.19  0.02     0.46   0.39    0.64  0.31     0.02   0.60 -0.26 -0.20 -0.29 -0.69
BITCOIN      0.32     1.00 -0.17 -0.06        0.25  0.23 -0.15  0.30    -0.12    0.33  0.09        -0.03   -0.24     0.22 -0.16 -0.14     0.32   0.17    0.30  0.23     0.13   0.32 -0.24 -0.28 -0.20 -0.34
BOBL        -0.11    -0.17  1.00  0.01       -0.34  0.44  0.90 -0.14     0.57   -0.30  0.11         0.00    0.01    -0.29  0.53  0.41    -0.07  -0.03   -0.19 -0.07     0.12  -0.10  0.64  0.62  0.59  0.20
BRE          0.12    -0.06  0.01  1.00       -0.01  0.10 -0.01  0.27     0.06    0.07  0.26        -0.02    0.00     0.21  0.21  0.11     0.02   0.13    0.08  0.25     0.16   0.22  0.07  0.02  0.07 -0.13
BRENT-LAST   0.27     0.25 -0.34 -0.01        1.00 -0.06 -0.40  0.38    -0.25    0.61  0.02         0.12   -0.41     0.86 -0.23 -0.31     0.23   0.20    0.21  0.24     0.08   0.38 -0.30 -0.32 -0.26 -0.11
BTP          0.49     0.23  0.44  0.10       -0.06  1.00  0.49  0.37     0.26    0.30  0.05        -0.09   -0.16     0.08  0.14  0.07     0.31   0.26    0.35  0.02     0.21   0.26  0.22  0.18  0.19 -0.35
BUND        -0.07    -0.15  0.90 -0.01       -0.40  0.49  1.00 -0.11     0.55   -0.31  0.07        -0.05    0.05    -0.30  0.47  0.43    -0.04  -0.03   -0.15 -0.07     0.14  -0.13  0.64  0.65  0.55  0.16
DAX          0.76     0.30 -0.14  0.27        0.38  0.37 -0.11  1.00    -0.23    0.65  0.19        -0.03   -0.44     0.45 -0.17  0.07     0.37   0.31    0.57  0.32     0.19   0.75 -0.29 -0.25 -0.33 -0.66
EDOLLAR     -0.21    -0.12  0.57  0.06       -0.25  0.26  0.55 -0.23     1.00   -0.35  0.32         0.04    0.21    -0.21  0.61  0.35    -0.07  -0.03   -0.19  0.01     0.15  -0.26  0.88  0.68  0.90  0.32
EU-OIL       0.70     0.33 -0.30  0.07        0.61  0.30 -0.31  0.65    -0.35    1.00  0.03        -0.00   -0.39     0.51 -0.36 -0.26     0.34   0.15    0.43  0.24     0.09   0.61 -0.49 -0.48 -0.47 -0.59
EUR          0.12     0.09  0.11  0.26        0.02  0.05  0.07  0.19     0.32    0.03  1.00         0.03    0.09     0.01  0.51  0.23     0.01   0.24    0.27  0.67     0.19   0.35  0.28  0.18  0.32 -0.07
GAS_US_mini -0.06    -0.03  0.00 -0.02        0.12 -0.09 -0.05 -0.03     0.04   -0.00  0.03         1.00   -0.00     0.10  0.06 -0.19    -0.09   0.06   -0.09  0.01    -0.01   0.02  0.01 -0.03  0.04 -0.02
GBPEUR      -0.36    -0.24  0.01  0.00       -0.41 -0.16  0.05 -0.44     0.21   -0.39  0.09        -0.00    1.00    -0.33  0.10 -0.01    -0.26  -0.16   -0.23 -0.28    -0.12  -0.38  0.18  0.12  0.22  0.23
HEATOIL      0.31     0.22 -0.29  0.21        0.86  0.08 -0.30  0.45    -0.21    0.51  0.01         0.10   -0.33     1.00 -0.18 -0.07     0.21   0.15    0.21  0.19     0.10   0.34 -0.32 -0.38 -0.29 -0.25
JPY         -0.19    -0.16  0.53  0.21       -0.23  0.14  0.47 -0.17     0.61   -0.36  0.51         0.06    0.10    -0.18  1.00  0.36    -0.15  -0.06   -0.11  0.27     0.12  -0.09  0.67  0.61  0.65  0.38
KR10         0.02    -0.14  0.41  0.11       -0.31  0.07  0.43  0.07     0.35   -0.26  0.23        -0.19   -0.01    -0.07  0.36  1.00    -0.14   0.14    0.01  0.10    -0.00   0.04  0.41  0.43  0.35  0.04
LIVECOW      0.46     0.32 -0.07  0.02        0.23  0.31 -0.04  0.37    -0.07    0.34  0.01        -0.09   -0.26     0.21 -0.15 -0.14     1.00   0.12    0.22  0.06     0.01   0.22 -0.12 -0.11 -0.13 -0.39
MUMMY        0.39     0.17 -0.03  0.13        0.20  0.26 -0.03  0.31    -0.03    0.15  0.24         0.06   -0.16     0.15 -0.06  0.14     0.12   1.00    0.59  0.35    -0.13   0.37 -0.04 -0.03 -0.05 -0.35
NIKKEI       0.64     0.30 -0.19  0.08        0.21  0.35 -0.15  0.57    -0.19    0.43  0.27        -0.09   -0.23     0.21 -0.11  0.01     0.22   0.59    1.00  0.39     0.05   0.55 -0.22 -0.18 -0.23 -0.43
NZD          0.31     0.23 -0.07  0.25        0.24  0.02 -0.07  0.32     0.01    0.24  0.67         0.01   -0.28     0.19  0.27  0.10     0.06   0.35    0.39  1.00     0.19   0.50 -0.00 -0.03  0.01 -0.17
SOYBEAN      0.02     0.13  0.12  0.16        0.08  0.21  0.14  0.19     0.15    0.09  0.19        -0.01   -0.12     0.10  0.12 -0.00     0.01  -0.13    0.05  0.19     1.00   0.18  0.03 -0.08  0.07  0.02
SP400        0.60     0.32 -0.10  0.22        0.38  0.26 -0.13  0.75    -0.26    0.61  0.35         0.02   -0.38     0.34 -0.09  0.04     0.22   0.37    0.55  0.50     0.18   1.00 -0.34 -0.34 -0.36 -0.58
US10        -0.26    -0.24  0.64  0.07       -0.30  0.22  0.64 -0.29     0.88   -0.49  0.28         0.01    0.18    -0.32  0.67  0.41    -0.12  -0.04   -0.22 -0.00     0.03  -0.34  1.00  0.90  0.90  0.37
US20        -0.20    -0.28  0.62  0.02       -0.32  0.18  0.65 -0.25     0.68   -0.48  0.18        -0.03    0.12    -0.38  0.61  0.43    -0.11  -0.03   -0.18 -0.03    -0.08  -0.34  0.90  1.00  0.78  0.31
US5         -0.29    -0.20  0.59  0.07       -0.26  0.19  0.55 -0.33     0.90   -0.47  0.32         0.04    0.22    -0.29  0.65  0.35    -0.13  -0.05   -0.23  0.01     0.07  -0.36  0.90  0.78  1.00  0.40
VIX         -0.69    -0.34  0.20 -0.13       -0.11 -0.35  0.16 -0.66     0.32   -0.59 -0.07        -0.02    0.23    -0.25  0.38  0.04    -0.39  -0.35   -0.43 -0.17     0.02  -0.58  0.37  0.31  0.40  1.00


********************************************************************************
                                 END OF REPORT                                  
********************************************************************************


