
********************************************************************************
           Risk report report produced on 2022-05-16 21:01:43.097940            
********************************************************************************


Total risk across all strategies, annualised percentage 9.3
Percentage of capital used for margin 23.0%

========================================
Risk per strategy, annualised percentage
========================================

                  risk
dynamic_TF_carry   9.3


==================================================================================================================================================================================================================================================================
                                                                                                                         Instrument risk                                                                                                                          
==================================================================================================================================================================================================================================================================

              daily_price_stdev  annual_price_stdev     price  daily_perc_stdev  annual_perc_stdev  point_size_base  contract_exposure  daily_risk_per_contract  annual_risk_per_contract  position  capital  exposure_held_perc_capital  annual_risk_perc_capital
GBPEUR                    0.004               0.065      0.85              0.47                7.6         125000.0             106243                      504                      8065        -1   394506                       -26.9                      -2.0
JPY                       0.000               0.001      0.01              0.62               10.0       10201583.3              79006                      492                      7874        -1   394506                       -20.0                      -2.0
NASDAQ_micro            278.758            4460.134  12323.00              2.26               36.2              1.6              20114                      455                      7280        -1   394506                        -5.1                      -1.8
GBP                       0.008               0.128      1.23              0.65               10.4          51007.9              62627                      408                      6537        -1   394506                       -15.9                      -1.7
SILVER                    0.450               7.193     21.54              2.09               33.4            816.1              17583                      366                      5870        -1   394506                        -4.5                      -1.5
KR10                      0.561               8.975    114.21              0.49                7.9            636.2              72657                      356                      5709        -1   394506                       -18.4                      -1.4
GOLD_micro               17.956             287.301   1813.90              0.99               15.8              8.2              14803                      146                      2344        -2   394506                        -7.5                      -1.2
DJSTX-SMALL               5.192              83.069    330.00              1.57               25.2             42.5              14009                      220                      3526        -1   394506                        -3.6                      -0.9
DAX                     203.831            3261.289  13961.00              1.46               23.4              0.8              11853                      173                      2769        -1   394506                        -3.0                      -0.7
DOW                     423.184            6770.949  32111.00              1.32               21.1              0.4              13103                      172                      2762        -1   394506                        -3.3                      -0.7
V2X                       1.123              17.974     29.65              3.79               60.6             84.9               2517                       95                      1526         1   394506                         0.6                       0.4
MXP                       0.000               0.006      0.05              0.69               11.1         408063.3              20248                      140                      2244         1   394506                         5.1                       0.6
NIKKEI400               223.992            3583.869  16830.00              1.33               21.3              0.6              10642                      141                      2266         1   394506                         2.7                       0.6
BRE                       0.002               0.039      0.20              1.25               19.9          81612.7              15979                      199                      3187         1   394506                         4.1                       0.8
EU-OIL                    6.823             109.172    332.60              2.05               32.8             42.5              14120                      289                      4634         1   394506                         3.6                       1.2
TOPIX                    24.340             389.444   1869.75              1.30               20.8              6.3              11823                      153                      2462         2   394506                         6.0                       1.2
IRON                      4.595              73.528    128.45              3.58               57.2             81.6              10483                      375                      6000         1   394506                         2.7                       1.5
CORN                      9.208             147.325    761.25              1.21               19.4             40.8              31063                      375                      6011         1   394506                         7.9                       1.5
SOYOIL                    1.202              19.240     77.62              1.55               24.8            489.7              38008                      588                      9421         1   394506                         9.6                       2.4
GAS_US_mini               0.304               4.866      7.92              3.84               61.5           2040.3              16149                      620                      9928         1   394506                         4.1                       2.5
SOYBEAN                  15.662             250.596   1512.25              1.04               16.6             40.8              61709                      639                     10225         1   394506                        15.6                       2.6
WHEAT                    17.551             280.818   1074.00              1.63               26.1             40.8              43826                      716                     11459         1   394506                        11.1                       2.9

Sum of abs(notional exposure % capital) 181.3
Sum of abs(annualised risk % capital) 32.1
Net sum of annualised risk % capital 4.3 

==============================================================================================================================================================================================
                                                                                         Correlations                                                                                         
==============================================================================================================================================================================================

              GBPEUR   JPY  KR10   V2X   DAX  DJSTX-SMALL   DOW  EU-OIL   GBP   MXP  NASDAQ_micro  NIKKEI400  TOPIX  GAS_US_mini  IRON   BRE  CORN  GOLD_micro  SILVER  SOYBEAN  SOYOIL  WHEAT
GBPEUR          1.00  0.09  0.04  0.01  0.01        -0.01 -0.06   -0.11 -0.18 -0.01          0.02       0.02   0.00         0.06  0.05 -0.04 -0.01        0.00   -0.06    -0.09   -0.08  -0.10
JPY             0.09  1.00  0.16  0.12 -0.04        -0.01 -0.05   -0.06  0.18  0.13         -0.01      -0.14  -0.13        -0.01  0.01  0.05  0.01        0.17    0.10     0.02   -0.03  -0.01
KR10            0.04  0.16  1.00  0.06  0.01        -0.01 -0.02   -0.12 -0.01  0.08          0.02      -0.06  -0.06        -0.18 -0.11 -0.08  0.02        0.01   -0.02     0.00    0.04   0.09
V2X             0.01  0.12  0.06  1.00 -0.27        -0.22 -0.17   -0.12 -0.09 -0.13         -0.19      -0.19  -0.20         0.08  0.06 -0.03  0.01        0.07    0.01     0.03    0.08   0.07
DAX             0.01 -0.04  0.01 -0.27  1.00         0.45  0.33    0.21  0.23  0.21          0.25       0.31   0.31         0.01 -0.05  0.11  0.06        0.01    0.09     0.08    0.01  -0.02
DJSTX-SMALL    -0.01 -0.01 -0.01 -0.22  0.45         1.00  0.40    0.23  0.31  0.22          0.31       0.29   0.29         0.01  0.04  0.16  0.05        0.08    0.17     0.07   -0.00  -0.04
DOW            -0.06 -0.05 -0.02 -0.17  0.33         0.40  1.00    0.23  0.30  0.23          0.39       0.35   0.36         0.02  0.18  0.21  0.10        0.10    0.20     0.16    0.08  -0.00
EU-OIL         -0.11 -0.06 -0.12 -0.12  0.21         0.23  0.23    1.00  0.22  0.17          0.13       0.21   0.24         0.15  0.14  0.18  0.06        0.06    0.14     0.09    0.10   0.08
GBP            -0.18  0.18 -0.01 -0.09  0.23         0.31  0.30    0.22  1.00  0.31          0.26       0.19   0.20         0.07  0.13  0.23  0.01        0.22    0.26     0.15    0.06  -0.01
MXP            -0.01  0.13  0.08 -0.13  0.21         0.22  0.23    0.17  0.31  1.00          0.22       0.18   0.19         0.04  0.03  0.21  0.08        0.18    0.17     0.12    0.07   0.04
NASDAQ_micro    0.02 -0.01  0.02 -0.19  0.25         0.31  0.39    0.13  0.26  0.22          1.00       0.32   0.33         0.05  0.12  0.16  0.03        0.11    0.18     0.03   -0.05  -0.02
NIKKEI400       0.02 -0.14 -0.06 -0.19  0.31         0.29  0.35    0.21  0.19  0.18          0.32       1.00   0.49         0.12  0.07  0.15  0.05        0.04    0.11     0.09   -0.00  -0.01
TOPIX           0.00 -0.13 -0.06 -0.20  0.31         0.29  0.36    0.24  0.20  0.19          0.33       0.49   1.00         0.13  0.06  0.14  0.03        0.02    0.09     0.08    0.01  -0.01
GAS_US_mini     0.06 -0.01 -0.18  0.08  0.01         0.01  0.02    0.15  0.07  0.04          0.05       0.12   0.13         1.00  0.07  0.08  0.08        0.07    0.06     0.06    0.08   0.10
IRON            0.05  0.01 -0.11  0.06 -0.05         0.04  0.18    0.14  0.13  0.03          0.12       0.07   0.06         0.07  1.00  0.18  0.04        0.09    0.15     0.09    0.05  -0.00
BRE            -0.04  0.05 -0.08 -0.03  0.11         0.16  0.21    0.18  0.23  0.21          0.16       0.15   0.14         0.08  0.18  1.00  0.09        0.26    0.26     0.11    0.06   0.10
CORN           -0.01  0.01  0.02  0.01  0.06         0.05  0.10    0.06  0.01  0.08          0.03       0.05   0.03         0.08  0.04  0.09  1.00        0.16    0.12     0.39    0.26   0.34
GOLD_micro      0.00  0.17  0.01  0.07  0.01         0.08  0.10    0.06  0.22  0.18          0.11       0.04   0.02         0.07  0.09  0.26  0.16        1.00    0.46     0.22    0.14   0.14
SILVER         -0.06  0.10 -0.02  0.01  0.09         0.17  0.20    0.14  0.26  0.17          0.18       0.11   0.09         0.06  0.15  0.26  0.12        0.46    1.00     0.17    0.13   0.15
SOYBEAN        -0.09  0.02  0.00  0.03  0.08         0.07  0.16    0.09  0.15  0.12          0.03       0.09   0.08         0.06  0.09  0.11  0.39        0.22    0.17     1.00    0.37   0.25
SOYOIL         -0.08 -0.03  0.04  0.08  0.01        -0.00  0.08    0.10  0.06  0.07         -0.05      -0.00   0.01         0.08  0.05  0.06  0.26        0.14    0.13     0.37    1.00   0.24
WHEAT          -0.10 -0.01  0.09  0.07 -0.02        -0.04 -0.00    0.08 -0.01  0.04         -0.02      -0.01  -0.01         0.10 -0.00  0.10  0.34        0.14    0.15     0.25    0.24   1.00


********************************************************************************
                                 END OF REPORT                                  
********************************************************************************


