
********************************************************************************
                    Risk report produced on 11/12/2025 22:53                    
********************************************************************************


Total risk across all strategies, annualised percentage 14.0
Percentage of capital used for margin 41.5%

========================================
Risk per strategy, annualised percentage
========================================

                  risk
dynamic_TF_carry  14.2


===================
Risk by asset class
===================

Ags       0.9
Bond      1.6
Equity    9.1
FX        4.1
Metals    4.2
Sector    0.8
dtype: float64


=====================================================
Beta loadings of asset class positions on asset class
=====================================================

Bond     -0.14
Ags      -0.06
Sector    0.04
Metals    0.06
FX        0.36
Equity    0.80
dtype: float64


========================================================
Beta loadings of full portfolio positions on asset class
========================================================

Bond     -0.56
Ags      -0.09
Metals    0.26
Sector    0.44
Equity    0.94
FX        1.11
dtype: float64


================================================================================================================================================================================================================================================================
                                                                                                                        Instrument risk                                                                                                                         
================================================================================================================================================================================================================================================================

            daily_price_stdev  annual_price_stdev     price  daily_perc_stdev  annual_perc_stdev  point_size_base  contract_exposure  daily_risk_per_contract  annual_risk_per_contract  position  capital  exposure_held_perc_capital  annual_risk_perc_capital
BITCOIN              2720.748           43531.968  91525.00              2.97               47.6              0.1               6845                      203                      3255        -5   623312                        -5.5                      -2.6
KR10                    0.358               5.725    112.87              0.32                5.1            505.4              57045                      180                      2893        -4   623312                       -36.6                      -1.9
JPY                     0.000               0.001      0.01              0.52                8.3        9349009.8              60072                      312                      5003        -2   623312                       -19.3                      -1.6
DAX                   192.564            3081.026  24321.00              0.79               12.7              0.9              21263                      168                      2693        -2   623312                        -6.8                      -0.9
WHEAT                   6.499             103.988    577.50              1.13               18.0             37.4              21596                      243                      3888        -1   623312                        -3.5                      -0.6
RICE                    0.157               2.504      9.82              1.59               25.5           1495.8              14681                      234                      3745        -1   623312                        -2.4                      -0.6
AUD_micro               0.003               0.045      0.67              0.42                6.8           7479.2               4985                       21                       338         1   623312                         0.8                       0.1
BRE                     0.001               0.022      0.18              0.75               12.0          74792.1              13776                      103                      1649         1   623312                         2.2                       0.3
FTSECHINAA            145.534            2328.551  15207.00              0.96               15.3              0.7              11373                      108                      1741         2   623312                         3.6                       0.6
US10U                   0.360               5.763    114.98              0.31                5.0            747.9              85999                      269                      4310         1   623312                        13.8                       0.7
MXP                     0.000               0.004      0.06              0.46                7.4         373960.4              20728                       95                      1525         3   623312                        10.0                       0.7
TOPIX                  31.571             505.140   3366.00              0.94               15.0              4.8              16142                      151                      2422         2   623312                         5.2                       0.8
EU-BASIC                7.179             114.856    631.30              1.14               18.2             43.7              27597                      313                      5020         1   623312                         4.4                       0.8
RUSSELL                30.917             494.666   2613.60              1.18               18.9              3.7               9773                      115                      1849         4   623312                         6.3                       1.2
GBP                     0.005               0.084      1.34              0.39                6.3          46745.0              62563                      245                      3921         2   623312                        20.1                       1.3
FTSETAIWAN             26.764             428.216   2302.50              1.16               18.6             29.9              68883                      800                     12810         1   623312                        11.1                       2.1
YENEUR                  0.699              11.176    182.74              0.38                6.1            599.5             109546                      418                      6699         2   623312                        35.1                       2.1
AEX                     6.718             107.491    948.05              0.71               11.3            174.9             165774                     1174                     18795         1   623312                        26.6                       3.0
MIB                   327.058            5232.925  43850.00              0.75               11.9              4.4             191688                     1429                     22875         1   623312                        30.8                       3.7
SILVER                  1.047              16.759     63.76              1.64               26.3            747.9              47687                      783                     12534         2   623312                        15.3                       4.0

Sum of abs(notional exposure % capital) 259.4
Sum of abs(annualised risk % capital) 29.6
Net sum of annualised risk % capital 13.2 

====================================================================================================================================================================
                                                                            Correlations                                                                            
====================================================================================================================================================================

             AEX  BITCOIN   DAX  EU-BASIC  FTSETAIWAN   MIB  RUSSELL  TOPIX  AUD_micro   BRE  FTSECHINAA   GBP   MXP  SILVER  YENEUR   JPY  KR10  US10U  RICE  WHEAT
AEX         1.00     0.47  0.82      0.73        0.78  0.80     0.67   0.61       0.47  0.37        0.44  0.23  0.30    0.40    0.16 -0.23 -0.05   0.01 -0.05  -0.05
BITCOIN     0.47     1.00  0.44      0.42        0.41  0.44     0.51   0.40       0.39  0.30        0.31  0.27  0.29    0.25    0.18 -0.11  0.04  -0.10  0.14  -0.13
DAX         0.82     0.44  1.00      0.71        0.67  0.87     0.68   0.65       0.48  0.30        0.37  0.37  0.35    0.42    0.17 -0.14  0.00   0.06 -0.03  -0.12
EU-BASIC    0.73     0.42  0.71      1.00        0.62  0.71     0.66   0.56       0.59  0.42        0.53  0.39  0.47    0.59    0.29 -0.14 -0.11   0.09 -0.09   0.02
FTSETAIWAN  0.78     0.41  0.67      0.62        1.00  0.73     0.59   0.72       0.57  0.39        0.44  0.31  0.37    0.38    0.30 -0.24 -0.07   0.03 -0.10  -0.04
MIB         0.80     0.44  0.87      0.71        0.73  1.00     0.67   0.70       0.54  0.48        0.46  0.36  0.42    0.43    0.20 -0.15 -0.16   0.05  0.00  -0.00
RUSSELL     0.67     0.51  0.68      0.66        0.59  0.67     1.00   0.57       0.48  0.40        0.37  0.29  0.38    0.41    0.16 -0.15  0.17   0.11 -0.09  -0.17
TOPIX       0.61     0.40  0.65      0.56        0.72  0.70     0.57   1.00       0.42  0.37        0.44  0.33  0.35    0.18    0.43 -0.40 -0.12  -0.06 -0.13  -0.16
AUD_micro   0.47     0.39  0.48      0.59        0.57  0.54     0.48   0.42       1.00  0.52        0.51  0.64  0.52    0.49    0.18  0.24 -0.04   0.13  0.06   0.20
BRE         0.37     0.30  0.30      0.42        0.39  0.48     0.40   0.37       0.52  1.00        0.43  0.33  0.59    0.31    0.27 -0.03 -0.17   0.20 -0.04   0.13
FTSECHINAA  0.44     0.31  0.37      0.53        0.44  0.46     0.37   0.44       0.51  0.43        1.00  0.30  0.41    0.24    0.26 -0.07 -0.18  -0.07 -0.15   0.26
GBP         0.23     0.27  0.37      0.39        0.31  0.36     0.29   0.33       0.64  0.33        0.30  1.00  0.47    0.33    0.22  0.39  0.17   0.31  0.07  -0.05
MXP         0.30     0.29  0.35      0.47        0.37  0.42     0.38   0.35       0.52  0.59        0.41  0.47  1.00    0.45    0.47 -0.06 -0.09  -0.01 -0.08   0.08
SILVER      0.40     0.25  0.42      0.59        0.38  0.43     0.41   0.18       0.49  0.31        0.24  0.33  0.45    1.00    0.24 -0.05 -0.21   0.01  0.07   0.05
YENEUR      0.16     0.18  0.17      0.29        0.30  0.20     0.16   0.43       0.18  0.27        0.26  0.22  0.47    0.24    1.00 -0.68 -0.38  -0.39 -0.09  -0.00
JPY        -0.23    -0.11 -0.14     -0.14       -0.24 -0.15    -0.15  -0.40       0.24 -0.03       -0.07  0.39 -0.06   -0.05   -0.68  1.00  0.43   0.50  0.20   0.15
KR10       -0.05     0.04  0.00     -0.11       -0.07 -0.16     0.17  -0.12      -0.04 -0.17       -0.18  0.17 -0.09   -0.21   -0.38  0.43  1.00   0.53  0.12  -0.26
US10U       0.01    -0.10  0.06      0.09        0.03  0.05     0.11  -0.06       0.13  0.20       -0.07  0.31 -0.01    0.01   -0.39  0.50  0.53   1.00 -0.14  -0.19
RICE       -0.05     0.14 -0.03     -0.09       -0.10  0.00    -0.09  -0.13       0.06 -0.04       -0.15  0.07 -0.08    0.07   -0.09  0.20  0.12  -0.14  1.00   0.07
WHEAT      -0.05    -0.13 -0.12      0.02       -0.04 -0.00    -0.17  -0.16       0.20  0.13        0.26 -0.05  0.08    0.05   -0.00  0.15 -0.26  -0.19  0.07   1.00


********************************************************************************
                                 END OF REPORT                                  
********************************************************************************


