
********************************************************************************
                    Risk report produced on 22/02/2024 22:51                    
********************************************************************************


Total risk across all strategies, annualised percentage 10.3
Percentage of capital used for margin 53.4%

========================================
Risk per strategy, annualised percentage
========================================

                  risk
dynamic_TF_carry  10.3


===================
Risk by asset class
===================

Ags       0.8
Bond      3.9
Equity    6.4
FX        5.0
Metals    1.4
OilGas    0.9
Sector    0.6
dtype: float64


=====================================================
Beta loadings of asset class positions on asset class
=====================================================

Bond     -1.26
FX       -0.21
Ags      -0.05
OilGas   -0.01
Sector    0.04
Metals    0.06
Equity    0.59
dtype: float64


========================================================
Beta loadings of full portfolio positions on asset class
========================================================

Bond     -2.48
Ags      -0.02
OilGas    0.03
Metals    0.06
Sector    0.27
FX        0.29
Equity    0.85
dtype: float64


=================================================================================================================================================================================================================================================================
                                                                                                                         Instrument risk                                                                                                                         
=================================================================================================================================================================================================================================================================

             daily_price_stdev  annual_price_stdev     price  daily_perc_stdev  annual_perc_stdev  point_size_base  contract_exposure  daily_risk_per_contract  annual_risk_per_contract  position  capital  exposure_held_perc_capital  annual_risk_perc_capital
BOBL                     0.330               5.277    116.23              0.28                4.5            856.9              99600                      282                      4522        -2   386704                       -51.5                      -2.3
CHF                      0.005               0.086      1.14              0.47                7.5          98835.7             112494                      529                      8472        -1   386704                       -29.1                      -2.2
US2                      0.153               2.442    101.85              0.15                2.4           1581.4             161065                      241                      3861        -2   386704                       -83.3                      -2.0
JPY                      0.000               0.001      0.01              0.57                9.1        9883571.5              65888                      375                      6013        -1   386704                       -17.0                      -1.6
GAS_US_mini              0.114               1.824      1.83              6.23               99.7           1976.7               3617                      225                      3605        -1   386704                        -0.9                      -0.9
CORN                     4.596              73.534    453.75              1.01               16.2             39.5              17938                      181                      2907        -1   386704                        -4.6                      -0.8
EUR_micro                0.004               0.066      1.08              0.38                6.1           9883.6              10703                       40                       650        -3   386704                        -8.3                      -0.5
EU-OIL                   3.520              56.316    346.30              1.02               16.3             42.8              14837                      150                      2412         1   386704                         3.8                       0.6
CNH                      0.016               0.263      7.19              0.23                3.7          10985.5              78993                      180                      2890         1   386704                        20.4                       0.7
IRON                     2.503              40.043    119.90              2.09               33.4             79.1               9480                      197                      3166         1   386704                         2.5                       0.8
MXP                      0.000               0.005      0.06              0.52                8.4         395342.9              23020                      120                      1928         2   386704                        11.9                       1.0
BITCOIN               1127.412           18038.592  51640.00              2.18               34.9              0.1               4083                       89                      1426         3   386704                         3.2                       1.1
EUROSTX                 34.516             552.260   4862.00              0.71               11.4              8.6              41663                      295                      4732         1   386704                        10.8                       1.2
SP500_micro             40.235             643.763   5098.00              0.79               12.6              4.0              20154                      159                      2545         2   386704                        10.4                       1.3
YENEUR                   0.765              12.235    162.48              0.47                7.5            657.8             106883                      503                      8048         1   386704                        27.6                       2.1
R1000                   12.845             205.528   1674.30              0.77               12.3             39.5              66192                      507                      8125         1   386704                        17.1                       2.1
NIKKEI                 335.984            5375.750  38900.00              0.86               13.8              0.5              20471                      176                      2829         4   386704                        21.2                       2.9

Sum of abs(notional exposure % capital) 323.6
Sum of abs(annualised risk % capital) 24.1
Net sum of annualised risk % capital 3.5 

=================================================================================================================================================
                                                                  Correlations                                                                   
=================================================================================================================================================

              CHF  EUROSTX  EUR_micro   MXP  R1000  SP500_micro  BOBL   JPY   US2  BITCOIN  CORN  IRON  EU-OIL  GAS_US_mini  NIKKEI  YENEUR   CNH
CHF          1.00     0.37       0.73  0.33   0.40         0.38  0.40  0.62  0.55     0.17  0.13  0.13    0.15         0.11   -0.11   -0.07 -0.54
EUROSTX      0.37     1.00       0.40  0.45   0.77         0.77  0.33  0.17  0.08     0.24  0.05  0.12    0.46        -0.00    0.41    0.17 -0.30
EUR_micro    0.73     0.40       1.00  0.47   0.48         0.49  0.34  0.45  0.44     0.14  0.05  0.12    0.08         0.06    0.16    0.32 -0.58
MXP          0.33     0.45       0.47  1.00   0.46         0.45  0.13  0.21  0.02     0.04  0.02  0.12    0.23         0.13    0.21    0.15 -0.21
R1000        0.40     0.77       0.48  0.46   1.00         0.90  0.36  0.19  0.16     0.20  0.06  0.11    0.48         0.14    0.49    0.15 -0.37
SP500_micro  0.38     0.77       0.49  0.45   0.90         1.00  0.33  0.15  0.14     0.16  0.06  0.14    0.33         0.06    0.60    0.22 -0.39
BOBL         0.40     0.33       0.34  0.13   0.36         0.33  1.00  0.42  0.65     0.29  0.05 -0.02    0.03         0.04   -0.09   -0.20 -0.35
JPY          0.62     0.17       0.45  0.21   0.19         0.15  0.42  1.00  0.45     0.07  0.12  0.13    0.00        -0.17   -0.39   -0.68 -0.46
US2          0.55     0.08       0.44  0.02   0.16         0.14  0.65  0.45  1.00     0.16 -0.04 -0.13   -0.06         0.16   -0.10   -0.15 -0.40
BITCOIN      0.17     0.24       0.14  0.04   0.20         0.16  0.29  0.07  0.16     1.00  0.01  0.02    0.01         0.05   -0.02    0.04 -0.08
CORN         0.13     0.05       0.05  0.02   0.06         0.06  0.05  0.12 -0.04     0.01  1.00  0.23    0.15         0.09   -0.09   -0.07 -0.04
IRON         0.13     0.12       0.12  0.12   0.11         0.14 -0.02  0.13 -0.13     0.02  0.23  1.00    0.14        -0.16    0.05   -0.02 -0.24
EU-OIL       0.15     0.46       0.08  0.23   0.48         0.33  0.03  0.00 -0.06     0.01  0.15  0.14    1.00         0.22    0.21    0.03 -0.06
GAS_US_mini  0.11    -0.00       0.06  0.13   0.14         0.06  0.04 -0.17  0.16     0.05  0.09 -0.16    0.22         1.00    0.13    0.18  0.20
NIKKEI      -0.11     0.41       0.16  0.21   0.49         0.60 -0.09 -0.39 -0.10    -0.02 -0.09  0.05    0.21         0.13    1.00    0.51 -0.06
YENEUR      -0.07     0.17       0.32  0.15   0.15         0.22 -0.20 -0.68 -0.15     0.04 -0.07 -0.02    0.03         0.18    0.51    1.00  0.04
CNH         -0.54    -0.30      -0.58 -0.21  -0.37        -0.39 -0.35 -0.46 -0.40    -0.08 -0.04 -0.24   -0.06         0.20   -0.06    0.04  1.00


********************************************************************************
                                 END OF REPORT                                  
********************************************************************************


