
********************************************************************************
                    Risk report produced on 05/02/2025 22:53                    
********************************************************************************


Total risk across all strategies, annualised percentage 13.9
Percentage of capital used for margin 75.0%

========================================
Risk per strategy, annualised percentage
========================================

                  risk
dynamic_TF_carry  13.8


===================
Risk by asset class
===================

Ags       5.7
Bond      1.9
Equity    7.2
FX        3.9
Metals    1.9
Vol       1.2
dtype: float64


=====================================================
Beta loadings of asset class positions on asset class
=====================================================

FX       -0.32
Bond     -0.15
Metals   -0.05
Vol      -0.03
Ags       0.38
Equity    0.61
dtype: float64


========================================================
Beta loadings of full portfolio positions on asset class
========================================================

Bond     -0.42
Vol      -0.14
FX        0.02
Metals    0.12
Ags       0.48
Equity    0.79
dtype: float64


==================================================================================================================================================================================================================================================================
                                                                                                                         Instrument risk                                                                                                                          
==================================================================================================================================================================================================================================================================

              daily_price_stdev  annual_price_stdev     price  daily_perc_stdev  annual_perc_stdev  point_size_base  contract_exposure  daily_risk_per_contract  annual_risk_per_contract  position  capital  exposure_held_perc_capital  annual_risk_perc_capital
CHF                       0.005               0.073      1.11              0.41                6.6         100203.6             111676                      458                      7341        -2   564479                       -39.6                      -2.6
US30                      1.031              16.495    121.91              0.85               13.5            801.6              97723                      826                     13223        -1   564479                       -17.3                      -2.3
FTSETAIWAN               23.679             378.856   1909.25              1.24               19.8             32.1              61220                      759                     12148        -1   564479                       -10.8                      -2.2
ALUMINIUM                32.359             517.745   2587.25              1.25               20.0             20.0              51850                      648                     10375        -1   564479                        -9.2                      -1.8
CAD                       0.003               0.044      0.70              0.39                6.3          80162.9              56089                      221                      3541        -2   564479                       -19.9                      -1.3
VIX                       0.535               8.564     17.95              2.98               47.7            801.6              14389                      429                      6865        -1   564479                        -2.5                      -1.2
SUGAR11                   0.256               4.091     18.13              1.41               22.6            897.8              16277                      229                      3672        -1   564479                        -2.9                      -0.7
MXP                       0.000               0.007      0.05              0.89               14.3         400814.5              19359                      173                      2768        -1   564479                        -3.4                      -0.5
COPPER-micro              0.049               0.783      4.45              1.10               17.6           2004.1               8915                       98                      1569        -1   564479                        -1.6                      -0.3
RUSSELL                  23.188             371.009   2319.90              1.00               16.0              4.0               9298                       92                      1487        -1   564479                        -1.6                      -0.3
DOW                     280.214            4483.418  45017.00              0.62               10.0              0.4              18043                      112                      1797         1   564479                         3.2                       0.3
MSCISING                  2.645              42.321    385.30              0.69               11.0             59.3              22843                      156                      2509         1   564479                         4.0                       0.4
GOLD_micro               23.053             368.841   2883.50              0.80               12.8              8.0              23114                      184                      2956         1   564479                         4.1                       0.5
BITCOIN                2544.243           40707.887  98700.00              2.58               41.2              0.1               7912                      203                      3263         1   564479                         1.4                       0.6
CAD10                     0.537               8.584    125.28              0.43                6.9            559.3              70071                      300                      4801         1   564479                        12.4                       0.9
YENEUR                    0.999              15.988    158.38              0.63               10.1            654.1             103598                      653                     10457         1   564479                        18.4                       1.9
TOPIX                    25.274             404.386   2744.00              0.92               14.7              5.2              14359                      132                      2116         5   564479                        12.7                       1.9
SMI                      80.060            1280.964  12540.00              0.64               10.2              8.9             111092                      709                     11348         1   564479                        19.7                       2.0
FEEDCOW                   2.503              40.051    269.10              0.93               14.9            400.8             107859                     1003                     16052         1   564479                        19.1                       2.8
MIB                     268.890            4302.235  36635.00              0.73               11.7              4.2             152482                     1119                     17906         1   564479                        27.0                       3.2
MSCITAIWAN               15.885             254.159    982.70              1.62               25.9             80.2              78776                     1273                     20374         1   564479                        14.0                       3.6
COFFEE                    5.441              87.052    392.50              1.39               22.2            300.6             117989                     1635                     26168         1   564479                        20.9                       4.6

Sum of abs(notional exposure % capital) 265.7
Sum of abs(annualised risk % capital) 35.9
Net sum of annualised risk % capital 9.5 

=====================================================================================================================================================================================================
                                                                                            Correlations                                                                                             
=====================================================================================================================================================================================================

              CAD10   CHF  US30   VIX  ALUMINIUM   CAD  COFFEE  COPPER-micro  GOLD_micro   MXP  SUGAR11  FEEDCOW  YENEUR  BITCOIN   DOW  FTSETAIWAN   MIB  MSCISING  MSCITAIWAN  RUSSELL   SMI  TOPIX
CAD10          1.00  0.45  0.67 -0.02      -0.06  0.17    0.21         -0.09        0.19 -0.02     0.01    -0.31   -0.48     0.15  0.10       -0.09 -0.08      0.05       -0.11     0.09  0.17  -0.24
CHF            0.45  1.00  0.57  0.35       0.05  0.35   -0.07          0.04        0.19 -0.15     0.02    -0.28   -0.23    -0.23 -0.16       -0.23 -0.16     -0.29       -0.29    -0.14 -0.01  -0.50
US30           0.67  0.57  1.00  0.13       0.04  0.38    0.09         -0.01        0.15 -0.03    -0.04    -0.25   -0.51    -0.09  0.22       -0.15 -0.11     -0.04       -0.20     0.21  0.19  -0.40
VIX           -0.02  0.35  0.13  1.00      -0.03 -0.20   -0.14         -0.02        0.15 -0.28    -0.09    -0.22   -0.35    -0.46 -0.71       -0.65 -0.55     -0.67       -0.64    -0.63 -0.40  -0.67
ALUMINIUM     -0.06  0.05  0.04 -0.03       1.00  0.32    0.12          0.54        0.30  0.26    -0.06     0.17    0.02     0.09  0.02        0.25  0.16      0.25        0.22     0.12  0.07   0.11
CAD            0.17  0.35  0.38 -0.20       0.32  1.00   -0.05          0.26        0.13  0.12     0.10    -0.04    0.03     0.06  0.29        0.26  0.17      0.22        0.20     0.33  0.28   0.09
COFFEE         0.21 -0.07  0.09 -0.14       0.12 -0.05    1.00          0.14        0.23  0.20     0.10     0.16    0.03     0.11  0.19        0.08  0.20      0.30        0.06     0.12  0.16   0.08
COPPER-micro  -0.09  0.04 -0.01 -0.02       0.54  0.26    0.14          1.00        0.51  0.28     0.12     0.09    0.08    -0.09  0.05        0.19  0.25      0.24        0.19     0.08  0.16   0.15
GOLD_micro     0.19  0.19  0.15  0.15       0.30  0.13    0.23          0.51        1.00  0.26     0.12    -0.11   -0.12     0.00 -0.03        0.08  0.13      0.04        0.07     0.02  0.22  -0.04
MXP           -0.02 -0.15 -0.03 -0.28       0.26  0.12    0.20          0.28        0.26  1.00    -0.04     0.18    0.31     0.05  0.19        0.40  0.35      0.35        0.38     0.21  0.17   0.34
SUGAR11        0.01  0.02 -0.04 -0.09      -0.06  0.10    0.10          0.12        0.12 -0.04     1.00     0.23    0.17    -0.02  0.09        0.13  0.11      0.23        0.13     0.03  0.14   0.23
FEEDCOW       -0.31 -0.28 -0.25 -0.22       0.17 -0.04    0.16          0.09       -0.11  0.18     0.23     1.00    0.32     0.08  0.25        0.27  0.24      0.28        0.27     0.17  0.18   0.37
YENEUR        -0.48 -0.23 -0.51 -0.35       0.02  0.03    0.03          0.08       -0.12  0.31     0.17     0.32    1.00     0.03  0.06        0.52  0.40      0.23        0.50     0.01  0.10   0.58
BITCOIN        0.15 -0.23 -0.09 -0.46       0.09  0.06    0.11         -0.09        0.00  0.05    -0.02     0.08    0.03     1.00  0.44        0.29  0.31      0.45        0.30     0.57  0.18   0.33
DOW            0.10 -0.16  0.22 -0.71       0.02  0.29    0.19          0.05       -0.03  0.19     0.09     0.25    0.06     0.44  1.00        0.44  0.50      0.60        0.42     0.87  0.60   0.41
FTSETAIWAN    -0.09 -0.23 -0.15 -0.65       0.25  0.26    0.08          0.19        0.08  0.40     0.13     0.27    0.52     0.29  0.44        1.00  0.48      0.58        0.98     0.50  0.36   0.76
MIB           -0.08 -0.16 -0.11 -0.55       0.16  0.17    0.20          0.25        0.13  0.35     0.11     0.24    0.40     0.31  0.50        0.48  1.00      0.49        0.47     0.47  0.58   0.57
MSCISING       0.05 -0.29 -0.04 -0.67       0.25  0.22    0.30          0.24        0.04  0.35     0.23     0.28    0.23     0.45  0.60        0.58  0.49      1.00        0.56     0.61  0.32   0.61
MSCITAIWAN    -0.11 -0.29 -0.20 -0.64       0.22  0.20    0.06          0.19        0.07  0.38     0.13     0.27    0.50     0.30  0.42        0.98  0.47      0.56        1.00     0.48  0.32   0.77
RUSSELL        0.09 -0.14  0.21 -0.63       0.12  0.33    0.12          0.08        0.02  0.21     0.03     0.17    0.01     0.57  0.87        0.50  0.47      0.61        0.48     1.00  0.48   0.42
SMI            0.17 -0.01  0.19 -0.40       0.07  0.28    0.16          0.16        0.22  0.17     0.14     0.18    0.10     0.18  0.60        0.36  0.58      0.32        0.32     0.48  1.00   0.34
TOPIX         -0.24 -0.50 -0.40 -0.67       0.11  0.09    0.08          0.15       -0.04  0.34     0.23     0.37    0.58     0.33  0.41        0.76  0.57      0.61        0.77     0.42  0.34   1.00


********************************************************************************
                                 END OF REPORT                                  
********************************************************************************


