
********************************************************************************
                    Risk report produced on 13/02/2025 22:52                    
********************************************************************************


Total risk across all strategies, annualised percentage 11.0
Percentage of capital used for margin 71.7%

========================================
Risk per strategy, annualised percentage
========================================

                  risk
dynamic_TF_carry  11.0


===================
Risk by asset class
===================

Ags       2.7
Bond      0.9
Equity    7.4
FX        3.4
Metals    1.4
Vol       2.1
dtype: float64


=====================================================
Beta loadings of asset class positions on asset class
=====================================================

FX       -0.61
Vol      -0.05
Metals    0.07
Ags       0.09
Bond      0.12
Equity    0.68
dtype: float64


========================================================
Beta loadings of full portfolio positions on asset class
========================================================

FX       -0.58
Vol      -0.17
Bond     -0.15
Metals    0.20
Ags       0.26
Equity    0.84
dtype: float64


==================================================================================================================================================================================================================================================================
                                                                                                                         Instrument risk                                                                                                                          
==================================================================================================================================================================================================================================================================

              daily_price_stdev  annual_price_stdev     price  daily_perc_stdev  annual_perc_stdev  point_size_base  contract_exposure  daily_risk_per_contract  annual_risk_per_contract  position  capital  exposure_held_perc_capital  annual_risk_perc_capital
CHF                       0.005               0.081      1.11              0.45                7.3          99981.2             111064                      504                      8064        -2   582313                       -38.1                      -2.8
VIX                       0.473               7.573     17.90              2.64               42.3            799.8              14317                      378                      6057        -2   582313                        -4.9                      -2.1
FTSETAIWAN               21.082             337.314   1940.00              1.09               17.4             32.0              62068                      674                     10792        -1   582313                       -10.7                      -1.9
CAD                       0.003               0.041      0.70              0.37                5.8          79985.0              56273                      205                      3291        -2   582313                       -19.3                      -1.1
COPPER-micro              0.060               0.964      4.83              1.25               20.0           1999.6               9660                      120                      1927        -2   582313                        -3.3                      -0.7
SUGAR11                   0.260               4.163     18.78              1.39               22.2            895.8              16823                      233                      3729        -1   582313                        -2.9                      -0.6
RUSSELL                  22.704             363.264   2285.90              0.99               15.9              4.0               9141                       90                      1452        -2   582313                        -3.1                      -0.5
GOLD_micro               22.517             360.266   2953.60              0.76               12.2              8.0              23624                      180                      2881         1   582313                         4.1                       0.5
BITCOIN                2329.016           37264.254  96810.00              2.41               38.5              0.1               7743                      186                      2980         1   582313                         1.3                       0.5
HANG_mini               283.084            4529.346  22300.00              1.27               20.3              1.0              22902                      290                      4651         1   582313                         3.9                       0.8
CAD10                     0.573               9.165    123.95              0.46                7.4            560.9              69520                      321                      5140         1   582313                        11.9                       0.9
SILVER                    0.481               7.703     33.28              1.45               23.2            799.8              26614                      385                      6161         1   582313                         4.6                       1.1
MSCISING                  2.572              41.148    395.90              0.65               10.4             59.3              23483                      152                      2440         3   582313                        12.1                       1.3
TOPIX                    23.329             373.258   2771.50              0.84               13.5              5.2              14391                      121                      1938         6   582313                        14.8                       2.0
SMI                      83.473            1335.564  12901.00              0.65               10.4              8.8             113259                      732                     11725         1   582313                        19.4                       2.0
FEEDCOW                   2.538              40.611    266.25              0.95               15.3            399.9             106479                     1015                     16241         1   582313                        18.3                       2.8
MIB                     261.804            4188.861  37935.00              0.69               11.0              4.2             158285                     1092                     17478         1   582313                        27.2                       3.0
MSCITAIWAN               14.031             224.498    979.50              1.43               22.9             80.0              78345                     1122                     17956         1   582313                        13.5                       3.1

Sum of abs(notional exposure % capital) 213.4
Sum of abs(annualised risk % capital) 27.7
Net sum of annualised risk % capital 8.3 

===========================================================================================================================================================================
                                                                               Correlations                                                                                
===========================================================================================================================================================================

              BITCOIN  FEEDCOW  FTSETAIWAN   MIB  MSCISING  MSCITAIWAN  RUSSELL   SMI  SUGAR11  TOPIX  CAD10   CHF   CAD  COPPER-micro  GOLD_micro  HANG_mini  SILVER   VIX
BITCOIN          1.00     0.10        0.15  0.21      0.37        0.14     0.43  0.22     0.07   0.18   0.17 -0.18 -0.07         -0.14        0.01      -0.10    0.12 -0.35
FEEDCOW          0.10     1.00        0.04  0.28      0.17        0.02     0.22  0.19     0.28   0.32  -0.32 -0.29 -0.09         -0.00       -0.03      -0.06    0.04 -0.20
FTSETAIWAN       0.15     0.04        1.00  0.49      0.53        0.97     0.37  0.33     0.19   0.51   0.03 -0.15  0.31          0.31        0.24       0.33    0.40 -0.38
MIB              0.21     0.28        0.49  1.00      0.49        0.45     0.48  0.61     0.25   0.53  -0.03 -0.14  0.25          0.33        0.35       0.42    0.39 -0.43
MSCISING         0.37     0.17        0.53  0.49      1.00        0.50     0.53  0.42     0.25   0.58   0.06 -0.25  0.15          0.17        0.07       0.22    0.27 -0.52
MSCITAIWAN       0.14     0.02        0.97  0.45      0.50        1.00     0.34  0.26     0.17   0.50   0.01 -0.20  0.27          0.33        0.23       0.30    0.41 -0.33
RUSSELL          0.43     0.22        0.37  0.48      0.53        0.34     1.00  0.43     0.22   0.40   0.12 -0.08  0.18          0.10        0.16       0.11    0.23 -0.55
SMI              0.22     0.19        0.33  0.61      0.42        0.26     0.43  1.00     0.25   0.38   0.25  0.06  0.21          0.14        0.24       0.33    0.22 -0.34
SUGAR11          0.07     0.28        0.19  0.25      0.25        0.17     0.22  0.25     1.00   0.34   0.06  0.07  0.31          0.19        0.20       0.33    0.18 -0.24
TOPIX            0.18     0.32        0.51  0.53      0.58        0.50     0.40  0.38     0.34   1.00  -0.16 -0.42  0.03          0.05        0.00       0.27    0.10 -0.45
CAD10            0.17    -0.32        0.03 -0.03      0.06        0.01     0.12  0.25     0.06  -0.16   1.00  0.47  0.16         -0.10        0.27       0.19    0.17  0.01
CHF             -0.18    -0.29       -0.15 -0.14     -0.25       -0.20    -0.08  0.06     0.07  -0.42   0.47  1.00  0.44          0.15        0.24       0.18    0.18  0.22
CAD             -0.07    -0.09        0.31  0.25      0.15        0.27     0.18  0.21     0.31   0.03   0.16  0.44  1.00          0.48        0.29       0.43    0.30 -0.21
COPPER-micro    -0.14    -0.00        0.31  0.33      0.17        0.33     0.10  0.14     0.19   0.05  -0.10  0.15  0.48          1.00        0.59       0.47    0.63 -0.10
GOLD_micro       0.01    -0.03        0.24  0.35      0.07        0.23     0.16  0.24     0.20   0.00   0.27  0.24  0.29          0.59        1.00       0.39    0.79 -0.01
HANG_mini       -0.10    -0.06        0.33  0.42      0.22        0.30     0.11  0.33     0.33   0.27   0.19  0.18  0.43          0.47        0.39       1.00    0.30 -0.16
SILVER           0.12     0.04        0.40  0.39      0.27        0.41     0.23  0.22     0.18   0.10   0.17  0.18  0.30          0.63        0.79       0.30    1.00 -0.15
VIX             -0.35    -0.20       -0.38 -0.43     -0.52       -0.33    -0.55 -0.34    -0.24  -0.45   0.01  0.22 -0.21         -0.10       -0.01      -0.16   -0.15  1.00


********************************************************************************
                                 END OF REPORT                                  
********************************************************************************


