
********************************************************************************
                    Risk report produced on 11/04/2025 22:53                    
********************************************************************************


Total risk across all strategies, annualised percentage 11.1
Percentage of capital used for margin 41.8%

========================================
Risk per strategy, annualised percentage
========================================

                  risk
dynamic_TF_carry  11.1


===================
Risk by asset class
===================

Ags       3.3
Bond      1.2
Equity    2.6
FX        3.5
Metals    5.1
OilGas    5.1
Sector    1.1
dtype: float64


=====================================================
Beta loadings of asset class positions on asset class
=====================================================

Ags      -0.17
Metals   -0.16
OilGas   -0.13
Bond     -0.09
Equity   -0.03
Sector    0.03
FX        0.38
dtype: float64


========================================================
Beta loadings of full portfolio positions on asset class
========================================================

Ags      -0.22
Metals   -0.19
OilGas   -0.17
Equity   -0.15
Bond     -0.01
Sector    0.01
FX        0.07
dtype: float64


==================================================================================================================================================================================================================================================================
                                                                                                                         Instrument risk                                                                                                                          
==================================================================================================================================================================================================================================================================

              daily_price_stdev  annual_price_stdev     price  daily_perc_stdev  annual_perc_stdev  point_size_base  contract_exposure  daily_risk_per_contract  annual_risk_per_contract  position  capital  exposure_held_perc_capital  annual_risk_perc_capital
BRENT-LAST                1.675              26.799     64.13              2.61               41.8            768.8              49303                     1287                     20603        -1   550633                        -9.0                      -3.7
GAS-PEN                   0.133               2.129      3.71              3.59               57.5           7688.1              28492                     1023                     16369        -1   550633                        -5.2                      -3.0
LEANHOG                   1.493              23.884     93.62              1.59               25.5            307.5              28791                      459                      7344        -2   550633                       -10.5                      -2.7
BITCOIN                2959.017           47344.277  84110.00              3.52               56.3              0.1               6466                      227                      3639        -4   550633                        -4.7                      -2.6
ALUMINIUM                44.270             708.318   2315.00              1.91               30.6             19.2              44494                      850                     13614        -1   550633                        -8.1                      -2.5
NASDAQ_micro            515.988            8255.808  18774.50              2.75               44.0              1.5              28868                      793                     12694        -1   550633                        -5.2                      -2.3
SILVER                    0.835              13.363     32.44              2.57               41.2            768.8              24940                      642                     10273        -1   550633                        -4.5                      -1.9
US10U                     0.619               9.897    112.02              0.55                8.8            768.8              86118                      475                      7609        -1   550633                       -15.6                      -1.4
RUSSELL                  46.569             745.100   1867.60              2.49               39.9              3.8               7179                      179                      2864        -2   550633                        -2.6                      -1.0
WHEAT                     7.835             125.364    605.25              1.29               20.7             38.4              23266                      301                      4819        -1   550633                        -4.2                      -0.9
SUGAR11                   0.309               4.939     17.95              1.72               27.5            861.1              15456                      265                      4252        -1   550633                        -2.8                      -0.8
MXP                       0.000               0.008      0.05              0.98               15.7         384405.4              18782                      183                      2942         1   550633                         3.4                       0.5
KR10                      0.365               5.841    119.95              0.30                4.9            533.3              63965                      194                      3114         1   550633                        11.6                       0.6
EU-BANKS                  4.298              68.767    162.05              2.65               42.4             43.4               7030                      186                      2983         2   550633                         2.6                       1.1
YENEUR                    1.007              16.114    162.14              0.62                9.9            669.1             108489                      673                     10782         1   550633                        19.7                       2.0
MUMMY                    19.030             304.482    611.00              3.11               49.8              5.4               3270                      101                      1629         7   550633                         4.2                       2.1
GBP                       0.008               0.120      1.31              0.58                9.2          48050.7              62826                      361                      5784         2   550633                        22.8                       2.1

Sum of abs(notional exposure % capital) 136.7
Sum of abs(annualised risk % capital) 31.2
Net sum of annualised risk % capital -14.4 

===============================================================================================================================================================
                                                                         Correlations                                                                          
===============================================================================================================================================================

              KR10  US10U  ALUMINIUM  BRENT-LAST  EU-BANKS  MUMMY  NASDAQ_micro  RUSSELL  SILVER  BITCOIN  GAS-PEN  LEANHOG  WHEAT   GBP   MXP  SUGAR11  YENEUR
KR10          1.00   0.54      -0.18       -0.29     -0.23  -0.09         -0.05     0.04   -0.12     0.08    -0.13    -0.22  -0.22  0.10 -0.07    -0.08   -0.45
US10U         0.54   1.00       0.05       -0.07      0.09  -0.01         -0.01     0.10    0.15    -0.03     0.05    -0.07  -0.07  0.37 -0.02     0.15   -0.44
ALUMINIUM    -0.18   0.05       1.00        0.46      0.47   0.22          0.36     0.32    0.61     0.09     0.13     0.27   0.30  0.26  0.33     0.20    0.11
BRENT-LAST   -0.29  -0.07       0.46        1.00      0.58   0.34          0.57     0.53    0.54     0.22     0.12     0.29   0.00  0.10  0.25     0.22    0.15
EU-BANKS     -0.23   0.09       0.47        0.58      1.00   0.62          0.57     0.64    0.59     0.28     0.04     0.30   0.16  0.42  0.48     0.40    0.28
MUMMY        -0.09  -0.01       0.22        0.34      0.62   1.00          0.52     0.60    0.28     0.30     0.10     0.26  -0.10  0.28  0.27     0.44    0.21
NASDAQ_micro -0.05  -0.01       0.36        0.57      0.57   0.52          1.00     0.79    0.51     0.51     0.11     0.27  -0.02  0.18  0.32     0.17    0.17
RUSSELL       0.04   0.10       0.32        0.53      0.64   0.60          0.79     1.00    0.49     0.56     0.05     0.40  -0.04  0.22  0.26     0.26    0.05
SILVER       -0.12   0.15       0.61        0.54      0.59   0.28          0.51     0.49    1.00     0.24     0.07     0.24   0.16  0.46  0.46     0.25    0.24
BITCOIN       0.08  -0.03       0.09        0.22      0.28   0.30          0.51     0.56    0.24     1.00     0.04     0.17  -0.15  0.04  0.11     0.05    0.01
GAS-PEN      -0.13   0.05       0.13        0.12      0.04   0.10          0.11     0.05    0.07     0.04     1.00     0.07   0.07 -0.12  0.00    -0.18    0.11
LEANHOG      -0.22  -0.07       0.27        0.29      0.30   0.26          0.27     0.40    0.24     0.17     0.07     1.00   0.25 -0.03  0.10     0.19    0.03
WHEAT        -0.22  -0.07       0.30        0.00      0.16  -0.10         -0.02    -0.04    0.16    -0.15     0.07     0.25   1.00  0.01  0.16     0.15    0.00
GBP           0.10   0.37       0.26        0.10      0.42   0.28          0.18     0.22    0.46     0.04    -0.12    -0.03   0.01  1.00  0.36     0.39    0.26
MXP          -0.07  -0.02       0.33        0.25      0.48   0.27          0.32     0.26    0.46     0.11     0.00     0.10   0.16  0.36  1.00     0.24    0.46
SUGAR11      -0.08   0.15       0.20        0.22      0.40   0.44          0.17     0.26    0.25     0.05    -0.18     0.19   0.15  0.39  0.24     1.00    0.13
YENEUR       -0.45  -0.44       0.11        0.15      0.28   0.21          0.17     0.05    0.24     0.01     0.11     0.03   0.00  0.26  0.46     0.13    1.00


********************************************************************************
                                 END OF REPORT                                  
********************************************************************************


