
********************************************************************************
           Risk report report produced on 2023-03-09 23:10:47.964196            
********************************************************************************


Total risk across all strategies, annualised percentage 9.5
Percentage of capital used for margin 26.3%

========================================
Risk per strategy, annualised percentage
========================================

                  risk
dynamic_TF_carry   9.5


===================
Risk by asset class
===================

Ags       3.5
Bond      6.9
Equity    4.2
FX        0.6
Metals    2.4
OilGas    1.7
Sector    0.8
Vol       2.8
dtype: float64


============================
Beta loadings by asset class
============================

Bond     -0.87
Metals   -0.12
Vol      -0.06
Ags      -0.05
OilGas   -0.02
Sector    0.04
FX        0.04
Equity    0.33
dtype: float64


=================================================================================================================================================================================================================================================================
                                                                                                                         Instrument risk                                                                                                                         
=================================================================================================================================================================================================================================================================

             daily_price_stdev  annual_price_stdev     price  daily_perc_stdev  annual_perc_stdev  point_size_base  contract_exposure  daily_risk_per_contract  annual_risk_per_contract  position  capital  exposure_held_perc_capital  annual_risk_perc_capital
LEANHOG                  1.225              19.597    100.52              1.22               19.5            337.5              33925                      413                      6613        -2   371376                       -18.3                      -3.6
US20                     0.944              15.100    126.12              0.75               12.0            843.7             106412                      796                     12739        -1   371376                       -28.7                      -3.4
BUND                     0.729              11.658    131.74              0.55                8.8            890.1             117268                      648                     10377        -1   371376                       -31.6                      -2.8
VIX                      0.736              11.772     22.55              3.26               52.2            843.7              19025                      620                      9932        -1   371376                        -5.1                      -2.7
GAS_US_mini              0.186               2.971      2.65              7.01              112.1           2109.3               5589                      391                      6266        -1   371376                        -1.5                      -1.7
SILVER                   0.377               6.027     20.12              1.87               30.0            843.7              16975                      317                      5084        -1   371376                        -4.6                      -1.4
US5                      0.337               5.398    106.95              0.32                5.0            843.7              90230                      284                      4554        -1   371376                       -24.3                      -1.2
GOLD_micro              16.214             259.428   1835.00              0.88               14.1              8.4              15481                      136                      2188        -2   371376                        -8.3                      -1.2
V2X                      0.495               7.914     20.05              2.47               39.5             89.0               1784                       44                       704        -1   371376                        -0.5                      -0.2
BRE                      0.002               0.025      0.19              0.81               12.9          84370.4              16329                      131                      2111         1   371376                         4.4                       0.6
NIKKEI                 237.258            3796.135  28340.00              0.84               13.4              0.6              17492                      146                      2343         1   371376                         4.7                       0.6
EU-OIL                   4.122              65.949    360.50              1.14               18.3             44.5              16044                      183                      2935         1   371376                         4.3                       0.8
EUROSTX                 37.422             598.751   4289.00              0.87               14.0              8.9              38178                      333                      5329         1   371376                        10.3                       1.4
SOYMEAL                  5.817              93.065    478.60              1.22               19.4             84.4              40379                      490                      7851         1   371376                        10.9                       2.1
CAC                     61.483             983.735   7323.50              0.84               13.4              8.9              65190                      547                      8756         1   371376                        17.6                       2.4

Sum of abs(notional exposure % capital) 175.1
Sum of abs(annualised risk % capital) 26.1
Net sum of annualised risk % capital -10.3 

=================================================================================================================================
                                                          Correlations                                                           
=================================================================================================================================

              V2X   VIX   BRE   CAC  EU-OIL  EUROSTX  NIKKEI  GAS_US_mini  LEANHOG  SOYMEAL  BUND  GOLD_micro  SILVER  US20   US5
V2X          1.00  0.85 -0.37 -0.77   -0.47    -0.80   -0.69        -0.26    -0.09    -0.17 -0.25       -0.19   -0.31 -0.24 -0.19
VIX          0.85  1.00 -0.42 -0.68   -0.40    -0.70   -0.66        -0.27    -0.03    -0.17 -0.28       -0.10   -0.17 -0.25 -0.16
BRE         -0.37 -0.42  1.00  0.32    0.44     0.32    0.21         0.01     0.15     0.32  0.13        0.33    0.40  0.15  0.10
CAC         -0.77 -0.68  0.32  1.00    0.48     0.97    0.71         0.23     0.17     0.11  0.41        0.19    0.30  0.26  0.24
EU-OIL      -0.47 -0.40  0.44  0.48    1.00     0.51    0.40         0.37     0.05     0.17  0.13        0.17    0.28 -0.02 -0.03
EUROSTX     -0.80 -0.70  0.32  0.97    0.51     1.00    0.73         0.28     0.15     0.12  0.39        0.21    0.31  0.26  0.22
NIKKEI      -0.69 -0.66  0.21  0.71    0.40     0.73    1.00         0.35     0.09     0.09  0.21        0.07    0.14  0.21  0.07
GAS_US_mini -0.26 -0.27  0.01  0.23    0.37     0.28    0.35         1.00    -0.05    -0.08  0.12        0.02    0.08  0.06  0.03
LEANHOG     -0.09 -0.03  0.15  0.17    0.05     0.15    0.09        -0.05     1.00     0.31 -0.05        0.03    0.20  0.01  0.04
SOYMEAL     -0.17 -0.17  0.32  0.11    0.17     0.12    0.09        -0.08     0.31     1.00  0.03       -0.00    0.10  0.08 -0.00
BUND        -0.25 -0.28  0.13  0.41    0.13     0.39    0.21         0.12    -0.05     0.03  1.00        0.38    0.28  0.76  0.75
GOLD_micro  -0.19 -0.10  0.33  0.19    0.17     0.21    0.07         0.02     0.03    -0.00  0.38        1.00    0.79  0.51  0.60
SILVER      -0.31 -0.17  0.40  0.30    0.28     0.31    0.14         0.08     0.20     0.10  0.28        0.79    1.00  0.32  0.41
US20        -0.24 -0.25  0.15  0.26   -0.02     0.26    0.21         0.06     0.01     0.08  0.76        0.51    0.32  1.00  0.85
US5         -0.19 -0.16  0.10  0.24   -0.03     0.22    0.07         0.03     0.04    -0.00  0.75        0.60    0.41  0.85  1.00


********************************************************************************
                                 END OF REPORT                                  
********************************************************************************


