
********************************************************************************
                    Risk report produced on 11/04/2024 22:53                    
********************************************************************************


Total risk across all strategies, annualised percentage 17.7
Percentage of capital used for margin 74.4%

========================================
Risk per strategy, annualised percentage
========================================

                  risk
dynamic_TF_carry  17.7


===================
Risk by asset class
===================

Ags       3.6
Bond      7.7
Equity    7.0
FX        5.0
Metals    2.7
OilGas    4.9
Sector    0.9
Vol       1.4
dtype: float64


=====================================================
Beta loadings of asset class positions on asset class
=====================================================

Bond     -1.26
FX       -0.11
Metals   -0.07
Sector   -0.05
Vol      -0.04
OilGas    0.06
Ags       0.07
Equity    0.59
dtype: float64


========================================================
Beta loadings of full portfolio positions on asset class
========================================================

Bond     -1.75
Vol      -0.18
FX       -0.17
Metals   -0.12
OilGas    0.15
Sector    0.24
Ags       0.26
Equity    0.74
dtype: float64


===================================================================================================================================================================================================================================================================
                                                                                                                          Instrument risk                                                                                                                          
===================================================================================================================================================================================================================================================================

               daily_price_stdev  annual_price_stdev     price  daily_perc_stdev  annual_perc_stdev  point_size_base  contract_exposure  daily_risk_per_contract  annual_risk_per_contract  position  capital  exposure_held_perc_capital  annual_risk_perc_capital
BUND                       0.592               9.467    131.34              0.45                7.2            856.5             112497                      506                      8108        -3   682532                       -49.4                      -3.6
BUXL                       1.352              21.624    131.78              1.03               16.4            856.5             112874                     1157                     18522        -1   682532                       -16.5                      -2.7
CHF                        0.005               0.084      1.11              0.48                7.6          99666.3             110375                      524                      8391        -2   682532                       -32.3                      -2.5
GOLD_micro                17.395             278.314   2379.70              0.73               11.7              8.0              18974                      138                      2219        -7   682532                       -19.5                      -2.3
GAS-PEN                    0.106               1.694      2.07              5.11               81.7           7973.3              16536                      844                     13509        -1   682532                        -2.4                      -2.0
GAS_US_mini                0.092               1.468      2.00              4.59               73.4           1993.3               3986                      182                      2926        -4   682532                        -2.3                      -1.7
CHINAA-CON                17.673             282.765   1910.40              0.93               14.8             19.9              38080                      352                      5636        -2   682532                       -11.2                      -1.7
JPY                        0.000               0.001      0.01              0.50                8.0        9966631.7              65700                      328                      5261        -2   682532                       -19.3                      -1.5
VIX                        0.384               6.146     16.45              2.34               37.4            797.3              13116                      306                      4900        -2   682532                        -3.8                      -1.4
HANG_mini                248.074            3969.191  17021.00              1.46               23.3              1.0              17317                      252                      4038        -2   682532                        -5.1                      -1.2
CORN                       5.470              87.519    466.25              1.17               18.8             39.9              18587                      218                      3489        -2   682532                        -5.4                      -1.0
EU-TECH                    9.371             149.940    851.80              1.10               17.6             42.8              36479                      401                      6421        -1   682532                        -5.3                      -0.9
US3                        0.242               3.871    103.08              0.23                3.8           1594.7             164380                      385                      6172        -1   682532                       -24.1                      -0.9
BITCOIN                 2116.473           33863.564  70445.00              3.00               48.1              0.1               5616                      168                      2700        -2   682532                        -1.6                      -0.8
BOBL                       0.301               4.808    117.22              0.26                4.1            856.5             100403                      257                      4118        -1   682532                       -14.7                      -0.6
US2                        0.153               2.451    101.59              0.15                2.4           1594.7             161995                      244                      3908        -1   682532                       -23.7                      -0.6
MILLWHEAT                  2.975              47.602    215.50              1.38               22.1             42.8               9229                      127                      2038        -1   682532                        -1.4                      -0.3
TOPIX                     22.263             356.205   2748.50              0.81               13.0              5.2              14325                      116                      1856         1   682532                         2.1                       0.3
CRUDE_W_micro              1.103              17.643     83.97              1.31               21.0             79.7               6695                       87                      1406         3   682532                         2.9                       0.6
IRON                       2.729              43.664    107.30              2.54               40.7             79.7               8555                      217                      3481         2   682532                         2.5                       1.0
LIVECOW                    1.472              23.551    173.70              0.85               13.6            318.9              55398                      469                      7511         1   682532                         8.1                       1.1
MXP                        0.000               0.005      0.06              0.47                7.5         398665.3              23991                      113                      1811         5   682532                        17.6                       1.3
SMI                       73.055            1168.879  11348.00              0.64               10.3              8.7              99112                      638                     10208         1   682532                        14.5                       1.5
SPI200                    50.454             807.257   7846.00              0.64               10.3             13.0             102016                      656                     10496         1   682532                        14.9                       1.5
NIKKEI                   387.336            6197.381  39455.00              0.98               15.7              0.5              20564                      201                      3230         4   682532                        12.1                       1.9
YENEUR                     0.727              11.636    163.16              0.45                7.1            651.5             106302                      473                      7581         2   682532                        31.1                       2.2
AEX                        5.693              91.088    883.05              0.64               10.3            171.3             151272                      975                     15603         1   682532                        22.2                       2.3
MIB                      235.441            3767.059  33000.00              0.71               11.4              4.3             141328                     1008                     16133         1   682532                        20.7                       2.4
GASOILINE                  0.035               0.567      2.75              1.29               20.6          33487.9              92242                     1186                     18976         1   682532                        13.5                       2.8
COCOA                    170.624            2729.992   9938.00              1.72               27.5              8.0              79238                     1360                     21767         1   682532                        11.6                       3.2

Sum of abs(notional exposure % capital) 411.8
Sum of abs(annualised risk % capital) 47.8
Net sum of annualised risk % capital -3.6 

================================================================================================================================================================================================================================================================
                                                                                                                          Correlations                                                                                                                          
================================================================================================================================================================================================================================================================

                AEX  CHINAA-CON  EU-TECH  HANG_mini   MIB   MXP   SMI  SPI200  COCOA  CRUDE_W_micro  GASOILINE  LIVECOW  NIKKEI  TOPIX  YENEUR  BITCOIN  BOBL  BUND  BUXL   CHF  GOLD_micro  IRON   JPY   US2   US3  CORN  GAS-PEN  GAS_US_mini  MILLWHEAT   VIX
AEX            1.00        0.34     0.84       0.41  0.65  0.30  0.59    0.66   0.28           0.12       0.24     0.12    0.47   0.44    0.10     0.25  0.20  0.28  0.33  0.12        0.06  0.32  0.02  0.03  0.13 -0.08    -0.17        -0.09      -0.13 -0.48
CHINAA-CON     0.34        1.00     0.28       0.71  0.33  0.15  0.33    0.36   0.17           0.15       0.21     0.23    0.21   0.21   -0.06     0.22 -0.02 -0.02 -0.04  0.09        0.19  0.17  0.16 -0.01  0.04 -0.16    -0.11        -0.12      -0.23 -0.19
EU-TECH        0.84        0.28     1.00       0.31  0.58  0.23  0.45    0.57   0.17          -0.04       0.11     0.15    0.45   0.35    0.09     0.14  0.21  0.28  0.30  0.17        0.07  0.37  0.10  0.06  0.15 -0.10    -0.29        -0.22      -0.24 -0.48
HANG_mini      0.41        0.71     0.31       1.00  0.36  0.28  0.32    0.42   0.14           0.15       0.17     0.19    0.20   0.17   -0.04     0.12  0.05  0.07  0.06  0.35        0.24  0.23  0.26  0.09  0.14 -0.16     0.03         0.05      -0.21 -0.26
MIB            0.65        0.33     0.58       0.36  1.00  0.44  0.55    0.57   0.35           0.11       0.14     0.19    0.46   0.47    0.13    -0.02 -0.12  0.01  0.14  0.07        0.00  0.09  0.01 -0.24 -0.14 -0.06    -0.23        -0.21      -0.00 -0.56
MXP            0.30        0.15     0.23       0.28  0.44  1.00  0.36    0.29   0.06           0.20       0.20     0.12    0.28   0.32    0.13     0.09 -0.07  0.03  0.08  0.17        0.24  0.22  0.15 -0.08  0.01  0.05    -0.02         0.01       0.01 -0.38
SMI            0.59        0.33     0.45       0.32  0.55  0.36  1.00    0.59  -0.01           0.12       0.09     0.25    0.31   0.37   -0.06     0.07  0.29  0.35  0.35  0.10        0.11  0.11  0.15  0.03  0.14  0.01    -0.09        -0.05      -0.03 -0.47
SPI200         0.66        0.36     0.57       0.42  0.57  0.29  0.59    1.00   0.09           0.18       0.19     0.19    0.39   0.35   -0.01     0.06  0.21  0.29  0.33  0.23        0.19  0.26  0.15  0.11  0.22 -0.01    -0.01        -0.03      -0.11 -0.47
COCOA          0.28        0.17     0.17       0.14  0.35  0.06 -0.01    0.09   1.00           0.21       0.32     0.05    0.28   0.25    0.20    -0.00 -0.11 -0.07 -0.06 -0.17       -0.00 -0.17 -0.21 -0.10 -0.10  0.04    -0.10        -0.10       0.22 -0.22
CRUDE_W_micro  0.12        0.15    -0.04       0.15  0.11  0.20  0.12    0.18   0.21           1.00       0.81     0.18    0.27   0.30    0.22    -0.08 -0.33 -0.30 -0.28 -0.07        0.11 -0.02 -0.15 -0.20 -0.20  0.18     0.14         0.14       0.10 -0.18
GASOILINE      0.24        0.21     0.11       0.17  0.14  0.20  0.09    0.19   0.32           0.81       1.00     0.23    0.31   0.26    0.19     0.02 -0.27 -0.23 -0.21 -0.03        0.12  0.06 -0.09 -0.16 -0.15  0.17    -0.05        -0.03       0.12 -0.27
LIVECOW        0.12        0.23     0.15       0.19  0.19  0.12  0.25    0.19   0.05           0.18       0.23     1.00    0.17   0.15   -0.06    -0.15 -0.12 -0.11 -0.14 -0.10       -0.15 -0.04  0.01 -0.21 -0.18 -0.19    -0.09        -0.12      -0.19 -0.22
NIKKEI         0.47        0.21     0.45       0.20  0.46  0.28  0.31    0.39   0.28           0.27       0.31     0.17    1.00   0.91    0.48     0.01 -0.21 -0.10 -0.03 -0.13       -0.13  0.18 -0.43 -0.13 -0.10 -0.13     0.15         0.19      -0.17 -0.56
TOPIX          0.44        0.21     0.35       0.17  0.47  0.32  0.37    0.35   0.25           0.30       0.26     0.15    0.91   1.00    0.43    -0.06 -0.23 -0.16 -0.08 -0.20       -0.18  0.19 -0.43 -0.20 -0.17 -0.11     0.17         0.22      -0.11 -0.59
YENEUR         0.10       -0.06     0.09      -0.04  0.13  0.13 -0.06   -0.01   0.20           0.22       0.19    -0.06    0.48   0.43    1.00    -0.04 -0.37 -0.27 -0.19 -0.10       -0.17 -0.03 -0.74 -0.32 -0.31 -0.10     0.14         0.17      -0.14 -0.26
BITCOIN        0.25        0.22     0.14       0.12 -0.02  0.09  0.07    0.06  -0.00          -0.08       0.02    -0.15    0.01  -0.06   -0.04     1.00  0.26  0.28  0.25  0.04        0.27  0.16  0.09  0.19  0.19  0.03    -0.05         0.02       0.00  0.04
BOBL           0.20       -0.02     0.21       0.05 -0.12 -0.07  0.29    0.21  -0.11          -0.33      -0.27    -0.12   -0.21  -0.23   -0.37     0.26  1.00  0.96  0.82  0.29        0.35  0.16  0.43  0.67  0.71  0.08    -0.05        -0.05       0.11  0.07
BUND           0.28       -0.02     0.28       0.07  0.01  0.03  0.35    0.29  -0.07          -0.30      -0.23    -0.11   -0.10  -0.16   -0.27     0.28  0.96  1.00  0.93  0.30        0.38  0.17  0.38  0.59  0.65  0.08    -0.04        -0.03       0.10 -0.02
BUXL           0.33       -0.04     0.30       0.06  0.14  0.08  0.35    0.33  -0.06          -0.28      -0.21    -0.14   -0.03  -0.08   -0.19     0.25  0.82  0.93  1.00  0.23        0.33  0.18  0.31  0.41  0.49  0.05    -0.07        -0.05       0.06 -0.11
CHF            0.12        0.09     0.17       0.35  0.07  0.17  0.10    0.23  -0.17          -0.07      -0.03    -0.10   -0.13  -0.20   -0.10     0.04  0.29  0.30  0.23  1.00        0.37  0.14  0.57  0.51  0.52 -0.03     0.00         0.03      -0.07  0.06
GOLD_micro     0.06        0.19     0.07       0.24  0.00  0.24  0.11    0.19  -0.00           0.11       0.12    -0.15   -0.13  -0.18   -0.17     0.27  0.35  0.38  0.33  0.37        1.00  0.08  0.49  0.44  0.46  0.07     0.04        -0.03       0.08  0.16
IRON           0.32        0.17     0.37       0.23  0.09  0.22  0.11    0.26  -0.17          -0.02       0.06    -0.04    0.18   0.19   -0.03     0.16  0.16  0.17  0.18  0.14        0.08  1.00  0.12  0.11  0.13  0.05    -0.13        -0.11      -0.04 -0.08
JPY            0.02        0.16     0.10       0.26  0.01  0.15  0.15    0.15  -0.21          -0.15      -0.09     0.01   -0.43  -0.43   -0.74     0.09  0.43  0.38  0.31  0.57        0.49  0.12  1.00  0.53  0.57  0.04    -0.22        -0.24       0.01  0.14
US2            0.03       -0.01     0.06       0.09 -0.24 -0.08  0.03    0.11  -0.10          -0.20      -0.16    -0.21   -0.13  -0.20   -0.32     0.19  0.67  0.59  0.41  0.51        0.44  0.11  0.53  1.00  0.97 -0.02     0.14         0.09       0.04  0.24
US3            0.13        0.04     0.15       0.14 -0.14  0.01  0.14    0.22  -0.10          -0.20      -0.15    -0.18   -0.10  -0.17   -0.31     0.19  0.71  0.65  0.49  0.52        0.46  0.13  0.57  0.97  1.00 -0.00     0.11         0.06       0.02  0.12
CORN          -0.08       -0.16    -0.10      -0.16 -0.06  0.05  0.01   -0.01   0.04           0.18       0.17    -0.19   -0.13  -0.11   -0.10     0.03  0.08  0.08  0.05 -0.03        0.07  0.05  0.04 -0.02 -0.00  1.00     0.06         0.09       0.71  0.00
GAS-PEN       -0.17       -0.11    -0.29       0.03 -0.23 -0.02 -0.09   -0.01  -0.10           0.14      -0.05    -0.09    0.15   0.17    0.14    -0.05 -0.05 -0.04 -0.07  0.00        0.04 -0.13 -0.22  0.14  0.11  0.06     1.00         0.92       0.08  0.02
GAS_US_mini   -0.09       -0.12    -0.22       0.05 -0.21  0.01 -0.05   -0.03  -0.10           0.14      -0.03    -0.12    0.19   0.22    0.17     0.02 -0.05 -0.03 -0.05  0.03       -0.03 -0.11 -0.24  0.09  0.06  0.09     0.92         1.00       0.10 -0.06
MILLWHEAT     -0.13       -0.23    -0.24      -0.21 -0.00  0.01 -0.03   -0.11   0.22           0.10       0.12    -0.19   -0.17  -0.11   -0.14     0.00  0.11  0.10  0.06 -0.07        0.08 -0.04  0.01  0.04  0.02  0.71     0.08         0.10       1.00 -0.02
VIX           -0.48       -0.19    -0.48      -0.26 -0.56 -0.38 -0.47   -0.47  -0.22          -0.18      -0.27    -0.22   -0.56  -0.59   -0.26     0.04  0.07 -0.02 -0.11  0.06        0.16 -0.08  0.14  0.24  0.12  0.00     0.02        -0.06      -0.02  1.00


********************************************************************************
                                 END OF REPORT                                  
********************************************************************************


