
********************************************************************************
                    Risk report produced on 06/03/2026 22:54                    
********************************************************************************


Total risk across all strategies, annualised percentage 10.8
Percentage of capital used for margin 37.6%

========================================
Risk per strategy, annualised percentage
========================================

                  risk
dynamic_TF_carry  10.8


===================
Risk by asset class
===================

Ags       3.6
Bond      2.7
Equity    5.4
FX        2.4
Metals    2.0
OilGas    4.2
Sector    1.5
dtype: float64


=====================================================
Beta loadings of asset class positions on asset class
=====================================================

Metals   -0.05
Ags       0.01
Sector    0.05
OilGas    0.12
FX        0.19
Equity    0.21
Bond      0.53
dtype: float64


========================================================
Beta loadings of full portfolio positions on asset class
========================================================

Bond      0.04
Metals    0.09
OilGas    0.12
Ags       0.13
Sector    0.20
Equity    0.34
FX        0.45
dtype: float64


===================================================================================================================================================================================================================================================================
                                                                                                                          Instrument risk                                                                                                                          
===================================================================================================================================================================================================================================================================

               daily_price_stdev  annual_price_stdev     price  daily_perc_stdev  annual_perc_stdev  point_size_base  contract_exposure  daily_risk_per_contract  annual_risk_per_contract  position  capital  exposure_held_perc_capital  annual_risk_perc_capital
COCOA                    182.853            2925.651   3284.00              5.57               89.1              7.5              24564                     1367                     21884        -1   677042                        -3.6                      -3.2
JPY                        0.000               0.001      0.01              0.59                9.5        9350093.7              59260                      351                      5620        -2   677042                       -17.5                      -1.7
BITCOIN                 3012.359           48197.744  68340.00              4.41               70.5              0.1               5111                      225                      3605        -3   677042                        -2.3                      -1.6
KR10                       0.393               6.295    111.38              0.35                5.7            504.1              56142                      198                      3173        -3   677042                       -24.9                      -1.4
HANGTECH                 100.613            1609.810   4964.00              2.03               32.4              4.8              23733                      481                      7696        -1   677042                        -3.5                      -1.1
COPPER-micro               0.108               1.736      5.83              1.86               29.8           1870.0              10894                      202                      3245        -2   677042                        -3.2                      -1.0
HANG_mini                361.344            5781.504  25695.00              1.41               22.5              1.0              24570                      345                      5528        -1   677042                        -3.6                      -0.8
DAX                      294.880            4718.083  23574.00              1.25               20.0              0.9              20475                      256                      4097        -1   677042                        -3.0                      -0.6
US10                       0.326               5.212    112.38              0.29                4.6            748.0              84057                      243                      3898        -1   677042                       -12.4                      -0.6
MUMMY                     12.412             198.599    759.00              1.64               26.2              4.7               3599                       58                       941         1   677042                         0.5                       0.1
CANOLA                     6.386             102.168    729.80              0.87               14.0             11.0               7992                       69                      1118         1   677042                         1.2                       0.2
AUD_micro                  0.004               0.067      0.70              0.59                9.5           7480.1               5257                       31                       498         4   677042                         3.1                       0.3
FTSECHINAA               132.963            2127.401  14590.00              0.91               14.6              0.7              10913                       99                      1591         2   677042                         3.2                       0.5
BRE                        0.001               0.022      0.19              0.71               11.4          74800.7              14174                      101                      1621         2   677042                         4.2                       0.5
BUND                       0.392               6.275    126.94              0.31                4.9            868.6             110255                      340                      5450         1   677042                        16.3                       0.8
RUSSELL                   32.591             521.460   2536.40              1.28               20.6              3.7               9486                      121                      1950         3   677042                         4.2                       0.9
CRUDE_W_micro              1.896              30.340     82.38              2.30               36.8             74.8               6162                      141                      2269         3   677042                         2.7                       1.0
MXP                        0.000               0.006      0.06              0.72               11.4         374003.7              20992                      150                      2402         3   677042                         9.3                       1.1
NZD                        0.004               0.059      0.59              0.62                9.9          74800.7              44173                      274                      4392         2   677042                        13.0                       1.3
BUXL                       0.663              10.610    111.08              0.60                9.6            868.6              96480                      575                      9215         1   677042                        14.3                       1.4
EU-BASIC                  14.842             237.464    749.10              1.98               31.7             43.4              32532                      644                     10312         1   677042                         4.8                       1.5
LIVECOW                    2.247              35.944    231.15              0.97               15.6            299.2              69160                      672                     10754         1   677042                        10.2                       1.6
CAD10                      0.385               6.161    120.46              0.32                5.1            547.6              65960                      210                      3373         4   677042                        39.0                       2.0
BRENT-LAST                 1.792              28.666     87.24              2.05               32.9            748.0              65256                     1340                     21442         1   677042                         9.6                       3.2
MIB                      565.314            9045.023  44045.00              1.28               20.5              4.3             191279                     2455                     39280         1   677042                        28.3                       5.8

Sum of abs(notional exposure % capital) 237.9
Sum of abs(annualised risk % capital) 34.2
Net sum of annualised risk % capital 10.2 

================================================================================================================================================================================================================================
                                                                                                          Correlations                                                                                                          
================================================================================================================================================================================================================================

               BRENT-LAST  CANOLA  CRUDE_W_micro  BITCOIN  LIVECOW  MUMMY  RUSSELL  COCOA  BUND  BUXL  CAD10   JPY  KR10  US10  AUD_micro   BRE  COPPER-micro   DAX  EU-BASIC  FTSECHINAA  HANGTECH  HANG_mini   MIB   MXP   NZD
BRENT-LAST           1.00    0.32           0.99     0.19     0.10   0.15     0.08  -0.14 -0.17 -0.08  -0.16 -0.25 -0.06 -0.26       0.03  0.12          0.08  0.02      0.16       -0.05     -0.17      -0.13  0.12 -0.12 -0.05
CANOLA               0.32    1.00           0.31     0.04    -0.17   0.09     0.03  -0.12  0.12  0.12  -0.07 -0.16 -0.01 -0.15       0.00  0.21         -0.11 -0.14      0.02        0.00      0.01       0.06 -0.06 -0.05  0.02
CRUDE_W_micro        0.99    0.31           1.00     0.18     0.12   0.16     0.06  -0.12 -0.19 -0.11  -0.17 -0.26 -0.07 -0.26       0.02  0.12          0.06  0.02      0.15       -0.04     -0.17      -0.13  0.13 -0.11 -0.06
BITCOIN              0.19    0.04           0.18     1.00     0.10   0.10     0.37   0.17 -0.07 -0.00   0.01 -0.02  0.17 -0.09       0.13  0.16          0.23  0.31      0.17        0.09      0.36       0.30  0.14  0.02  0.14
LIVECOW              0.10   -0.17           0.12     0.10     1.00   0.27     0.14  -0.01 -0.03 -0.02  -0.06 -0.03  0.13  0.10       0.07 -0.01          0.10  0.35      0.28        0.21      0.10       0.13  0.30  0.17  0.03
MUMMY                0.15    0.09           0.16     0.10     0.27   1.00     0.30   0.12  0.06  0.06   0.10 -0.19 -0.01  0.11       0.04  0.07          0.13  0.52      0.27        0.21      0.07       0.11  0.43  0.17  0.03
RUSSELL              0.08    0.03           0.06     0.37     0.14   0.30     1.00   0.07  0.13  0.14   0.12 -0.00 -0.04  0.09       0.29  0.31          0.31  0.33      0.45        0.17      0.30       0.24  0.22  0.27  0.26
COCOA               -0.14   -0.12          -0.12     0.17    -0.01   0.12     0.07   1.00 -0.17 -0.12  -0.12  0.05 -0.06 -0.11      -0.03 -0.15         -0.14  0.11     -0.18        0.12     -0.06      -0.08  0.11 -0.24  0.02
BUND                -0.17    0.12          -0.19    -0.07    -0.03   0.06     0.13  -0.17  1.00  0.95   0.57  0.37  0.50  0.62       0.11  0.06          0.05  0.02      0.00       -0.06      0.14       0.13 -0.08  0.02  0.18
BUXL                -0.08    0.12          -0.11    -0.00    -0.02   0.06     0.14  -0.12  0.95  1.00   0.56  0.36  0.53  0.58       0.11  0.05          0.00  0.04      0.01       -0.06      0.13       0.11 -0.07 -0.01  0.19
CAD10               -0.16   -0.07          -0.17     0.01    -0.06   0.10     0.12  -0.12  0.57  0.56   1.00  0.34  0.47  0.78       0.18  0.22          0.07  0.32      0.19        0.04      0.10       0.15  0.25 -0.03  0.26
JPY                 -0.25   -0.16          -0.26    -0.02    -0.03  -0.19    -0.00   0.05  0.37  0.36   0.34  1.00  0.37  0.45       0.52  0.16          0.07  0.09      0.02       -0.07      0.28       0.28 -0.03  0.16  0.57
KR10                -0.06   -0.01          -0.07     0.17     0.13  -0.01    -0.04  -0.06  0.50  0.53   0.47  0.37  1.00  0.48       0.04 -0.06         -0.04  0.08     -0.11       -0.04      0.16       0.11 -0.08 -0.02  0.13
US10                -0.26   -0.15          -0.26    -0.09     0.10   0.11     0.09  -0.11  0.62  0.58   0.78  0.45  0.48  1.00       0.20  0.17          0.06  0.24      0.06        0.02      0.10       0.13  0.14  0.02  0.29
AUD_micro            0.03    0.00           0.02     0.13     0.07   0.04     0.29  -0.03  0.11  0.11   0.18  0.52  0.04  0.20       1.00  0.55          0.47  0.34      0.52        0.27      0.46       0.54  0.32  0.48  0.91
BRE                  0.12    0.21           0.12     0.16    -0.01   0.07     0.31  -0.15  0.06  0.05   0.22  0.16 -0.06  0.17       0.55  1.00          0.27  0.19      0.49        0.22      0.46       0.52  0.30  0.49  0.46
COPPER-micro         0.08   -0.11           0.06     0.23     0.10   0.13     0.31  -0.14  0.05  0.00   0.07  0.07 -0.04  0.06       0.47  0.27          1.00  0.42      0.56        0.30      0.33       0.35  0.34  0.34  0.41
DAX                  0.02   -0.14           0.02     0.31     0.35   0.52     0.33   0.11  0.02  0.04   0.32  0.09  0.08  0.24       0.34  0.19          0.42  1.00      0.67        0.37      0.35       0.43  0.85  0.23  0.30
EU-BASIC             0.16    0.02           0.15     0.17     0.28   0.27     0.45  -0.18  0.00  0.01   0.19  0.02 -0.11  0.06       0.52  0.49          0.56  0.67      1.00        0.43      0.42       0.51  0.69  0.40  0.43
FTSECHINAA          -0.05    0.00          -0.04     0.09     0.21   0.21     0.17   0.12 -0.06 -0.06   0.04 -0.07 -0.04  0.02       0.27  0.22          0.30  0.37      0.43        1.00      0.50       0.55  0.41  0.21  0.21
HANGTECH            -0.17    0.01          -0.17     0.36     0.10   0.07     0.30  -0.06  0.14  0.13   0.10  0.28  0.16  0.10       0.46  0.46          0.33  0.35      0.42        0.50      1.00       0.91  0.24  0.52  0.43
HANG_mini           -0.13    0.06          -0.13     0.30     0.13   0.11     0.24  -0.08  0.13  0.11   0.15  0.28  0.11  0.13       0.54  0.52          0.35  0.43      0.51        0.55      0.91       1.00  0.40  0.54  0.54
MIB                  0.12   -0.06           0.13     0.14     0.30   0.43     0.22   0.11 -0.08 -0.07   0.25 -0.03 -0.08  0.14       0.32  0.30          0.34  0.85      0.69        0.41      0.24       0.40  1.00  0.21  0.26
MXP                 -0.12   -0.05          -0.11     0.02     0.17   0.17     0.27  -0.24  0.02 -0.01  -0.03  0.16 -0.02  0.02       0.48  0.49          0.34  0.23      0.40        0.21      0.52       0.54  0.21  1.00  0.45
NZD                 -0.05    0.02          -0.06     0.14     0.03   0.03     0.26   0.02  0.18  0.19   0.26  0.57  0.13  0.29       0.91  0.46          0.41  0.30      0.43        0.21      0.43       0.54  0.26  0.45  1.00


********************************************************************************
                                 END OF REPORT                                  
********************************************************************************


