
********************************************************************************
                    Risk report produced on 09/11/2023 22:52                    
********************************************************************************


Total risk across all strategies, annualised percentage 9.2
Percentage of capital used for margin 55.2%

========================================
Risk per strategy, annualised percentage
========================================

                  risk
dynamic_TF_carry   9.2


===================
Risk by asset class
===================

Ags       2.6
Bond      4.1
Equity    2.7
FX        5.3
Metals    0.6
OilGas    1.1
Sector    2.6
dtype: float64


=====================================================
Beta loadings of asset class positions on asset class
=====================================================

FX       -0.65
Bond     -0.43
Equity   -0.12
OilGas   -0.02
Ags       0.01
Metals    0.01
Sector    0.12
dtype: float64


========================================================
Beta loadings of full portfolio positions on asset class
========================================================

FX       -0.88
Bond     -0.63
Metals   -0.09
Equity   -0.06
OilGas   -0.00
Ags       0.05
Sector    0.08
dtype: float64


==================================================================================================================================================================================================================================================================
                                                                                                                         Instrument risk                                                                                                                          
==================================================================================================================================================================================================================================================================

              daily_price_stdev  annual_price_stdev     price  daily_perc_stdev  annual_perc_stdev  point_size_base  contract_exposure  daily_risk_per_contract  annual_risk_per_contract  position  capital  exposure_held_perc_capital  annual_risk_perc_capital
US20                      1.254              20.062    112.97              1.11               17.8            813.8              91937                     1020                     16327        -1   378909                       -24.3                      -4.3
LIVECOW                   1.835              29.355    174.40              1.05               16.8            325.5              56773                      597                      9555        -1   378909                       -15.0                      -2.5
DAX                     132.968            2127.487  15394.00              0.86               13.8              0.9              13415                      115                      1854        -5   378909                       -17.7                      -2.4
CHF                       0.005               0.080      1.11              0.45                7.2         101729.4             113036                      507                      8113        -1   378909                       -29.8                      -2.1
JPY                       0.000               0.001      0.01              0.57                9.2       10172940.0              67629                      388                      6217        -1   378909                       -17.8                      -1.6
AUD                       0.004               0.071      0.64              0.69               11.1          81383.5              52158                      361                      5783        -1   378909                       -13.8                      -1.5
NZD                       0.004               0.064      0.59              0.68               10.8          81383.5              48081                      325                      5203        -1   378909                       -12.7                      -1.4
RUSSELL                  24.741             395.863   1693.20              1.46               23.4              4.1               6889                      100                      1610        -3   378909                        -5.5                      -1.3
BOBL                      0.314               5.027    116.55              0.27                4.3            871.5             101572                      273                      4380        -1   378909                       -26.8                      -1.2
GAS_US_mini               0.131               2.099      3.34              3.93               62.9           2034.6               6785                      266                      4271        -1   378909                        -1.8                      -1.1
EURO600                   3.748              59.963    449.20              0.83               13.3             43.6              19573                      163                      2612        -1   378909                        -5.2                      -0.7
COPPER-micro              0.040               0.639      3.63              1.10               17.6           2034.6               7382                       81                      1300        -1   378909                        -1.9                      -0.3
BITCOIN                 809.722           12955.557  36630.00              2.21               35.4              0.1               2981                       65                      1054         2   378909                         1.6                       0.6
KOSDAQ                   32.894             526.296   1266.00              2.60               41.6              6.3               7950                      206                      3305         1   378909                         2.1                       0.9
MXP                       0.000               0.007      0.06              0.80               12.8         406917.6              22710                      181                      2896         2   378909                        12.0                       1.5
KR10                      0.613               9.801    108.49              0.56                9.0            628.0              68135                      384                      6155         1   378909                        18.0                       1.6
LEANHOG                   1.348              21.564     75.18              1.79               28.7            325.5              24472                      438                      7019         1   378909                         6.5                       1.9
EU-OIL                    4.626              74.011    352.60              1.31               21.0             43.6              15364                      201                      3225         3   378909                        12.2                       2.6
NIKKEI                  377.773            6044.370  32660.00              1.16               18.5              0.5              17619                      203                      3260         3   378909                        14.0                       2.6

Sum of abs(notional exposure % capital) 238.7
Sum of abs(annualised risk % capital) 32.1
Net sum of annualised risk % capital -8.7 

==================================================================================================================================================================
                                                                           Correlations                                                                           
==================================================================================================================================================================

               AUD  COPPER-micro   NZD   DAX  EU-OIL  EURO600  KOSDAQ   MXP  NIKKEI  RUSSELL  BOBL   CHF   JPY  KR10  US20  LEANHOG  LIVECOW  BITCOIN  GAS_US_mini
AUD           1.00          0.60  0.84  0.51    0.29     0.51    0.30  0.37    0.35     0.55  0.23  0.52  0.45  0.41  0.46     0.25    -0.04     0.09        -0.02
COPPER-micro  0.60          1.00  0.46  0.38    0.23     0.35    0.39  0.30    0.26     0.41  0.07  0.40  0.32  0.21  0.23     0.30    -0.02     0.09        -0.02
NZD           0.84          0.46  1.00  0.43    0.18     0.42    0.29  0.15    0.24     0.47  0.33  0.52  0.43  0.51  0.45     0.27    -0.01     0.08         0.04
DAX           0.51          0.38  0.43  1.00    0.35     0.94    0.60  0.53    0.68     0.76  0.07  0.29  0.04  0.39  0.31     0.18     0.23     0.11        -0.01
EU-OIL        0.29          0.23  0.18  0.35    1.00     0.50    0.27  0.36    0.35     0.33 -0.15  0.02 -0.05  0.00  0.01     0.10     0.15    -0.01         0.17
EURO600       0.51          0.35  0.42  0.94    0.50     1.00    0.60  0.55    0.69     0.78  0.11  0.24  0.03  0.44  0.36     0.15     0.28     0.13         0.07
KOSDAQ        0.30          0.39  0.29  0.60    0.27     0.60    1.00  0.36    0.52     0.54  0.16  0.18 -0.06  0.38  0.29     0.14     0.11    -0.00        -0.05
MXP           0.37          0.30  0.15  0.53    0.36     0.55    0.36  1.00    0.49     0.47 -0.16  0.14  0.05  0.11  0.22     0.08     0.24     0.05        -0.12
NIKKEI        0.35          0.26  0.24  0.68    0.35     0.69    0.52  0.49    1.00     0.64 -0.07  0.09 -0.31  0.28  0.29     0.15     0.22     0.17         0.14
RUSSELL       0.55          0.41  0.47  0.76    0.33     0.78    0.54  0.47    0.64     1.00  0.13  0.23  0.10  0.33  0.33     0.22     0.25     0.16         0.05
BOBL          0.23          0.07  0.33  0.07   -0.15     0.11    0.16 -0.16   -0.07     0.13  1.00  0.20  0.33  0.60  0.60     0.10    -0.11     0.18         0.01
CHF           0.52          0.40  0.52  0.29    0.02     0.24    0.18  0.14    0.09     0.23  0.20  1.00  0.47  0.30  0.44     0.12    -0.15    -0.04        -0.01
JPY           0.45          0.32  0.43  0.04   -0.05     0.03   -0.06  0.05   -0.31     0.10  0.33  0.47  1.00  0.26  0.35     0.08    -0.08    -0.09        -0.26
KR10          0.41          0.21  0.51  0.39    0.00     0.44    0.38  0.11    0.28     0.33  0.60  0.30  0.26  1.00  0.71     0.10     0.02     0.04         0.07
US20          0.46          0.23  0.45  0.31    0.01     0.36    0.29  0.22    0.29     0.33  0.60  0.44  0.35  0.71  1.00     0.07    -0.02     0.03        -0.00
LEANHOG       0.25          0.30  0.27  0.18    0.10     0.15    0.14  0.08    0.15     0.22  0.10  0.12  0.08  0.10  0.07     1.00     0.34    -0.17         0.05
LIVECOW      -0.04         -0.02 -0.01  0.23    0.15     0.28    0.11  0.24    0.22     0.25 -0.11 -0.15 -0.08  0.02 -0.02     0.34     1.00    -0.13        -0.04
BITCOIN       0.09          0.09  0.08  0.11   -0.01     0.13   -0.00  0.05    0.17     0.16  0.18 -0.04 -0.09  0.04  0.03    -0.17    -0.13     1.00         0.04
GAS_US_mini  -0.02         -0.02  0.04 -0.01    0.17     0.07   -0.05 -0.12    0.14     0.05  0.01 -0.01 -0.26  0.07 -0.00     0.05    -0.04     0.04         1.00


********************************************************************************
                                 END OF REPORT                                  
********************************************************************************


