
********************************************************************************
                    Risk report produced on 20/11/2023 22:51                    
********************************************************************************


Total risk across all strategies, annualised percentage 7.9
Percentage of capital used for margin 52.9%

========================================
Risk per strategy, annualised percentage
========================================

                  risk
dynamic_TF_carry   7.9


===================
Risk by asset class
===================

Ags       2.6
Bond      1.4
Equity    2.1
FX        5.1
Metals    2.9
OilGas    1.1
Sector    1.8
dtype: float64


=====================================================
Beta loadings of asset class positions on asset class
=====================================================

FX       -0.54
Metals   -0.08
OilGas   -0.02
Bond     -0.00
Ags       0.01
Sector    0.09
Equity    0.10
dtype: float64


========================================================
Beta loadings of full portfolio positions on asset class
========================================================

FX       -0.78
Metals   -0.16
Bond     -0.15
OilGas    0.01
Ags       0.09
Sector    0.12
Equity    0.16
dtype: float64


==================================================================================================================================================================================================================================================================
                                                                                                                         Instrument risk                                                                                                                          
==================================================================================================================================================================================================================================================================

              daily_price_stdev  annual_price_stdev     price  daily_perc_stdev  annual_perc_stdev  point_size_base  contract_exposure  daily_risk_per_contract  annual_risk_per_contract  position  capital  exposure_held_perc_capital  annual_risk_perc_capital
JPY                       0.000               0.001      0.01              0.60                9.6       10017631.0              67834                      407                      6526        -2   370184                       -36.6                      -3.5
PLAT                     16.015             256.232    926.10              1.73               27.7             40.1              37109                      641                     10267        -1   370184                       -10.0                      -2.8
LIVECOW                   1.765              28.235    176.42              1.00               16.0            320.6              56555                      565                      9051        -1   370184                       -15.3                      -2.4
CHF                       0.005               0.085      1.13              0.47                7.5         100176.3             113599                      530                      8492        -1   370184                       -30.7                      -2.3
BOBL                      0.325               5.203    116.61              0.28                4.5            874.9             102026                      284                      4552        -1   370184                       -27.6                      -1.2
GAS_US_mini               0.129               2.058      3.05              4.22               67.5           2003.5               6110                      257                      4123        -1   370184                        -1.7                      -1.1
DAX                     134.608            2153.729  15947.00              0.84               13.5              0.9              13952                      117                      1884        -1   370184                        -3.8                      -0.5
RUSSELL                  28.454             455.269   1812.30              1.57               25.1              4.0               7261                      114                      1824        -1   370184                        -2.0                      -0.5
COPPER-micro              0.043               0.693      3.81              1.14               18.2           2003.5               7629                       86                      1388        -1   370184                        -2.1                      -0.4
BITCOIN                1011.086           16177.372  36045.00              2.77               44.3              0.1               2888                       81                      1296         2   370184                         1.6                       0.7
KOSDAQ                   30.600             489.606   1290.00              2.37               38.0              6.2               8031                      190                      3048         1   370184                         2.2                       0.8
MXP                       0.000               0.007      0.06              0.72               11.6         400705.2              23325                      168                      2695         2   370184                        12.6                       1.5
KR10                      0.609               9.737    110.02              0.55                8.9            622.6              68500                      378                      6062         1   370184                        18.5                       1.6
LEANHOG                   1.280              20.478     74.97              1.71               27.3            320.6              24034                      410                      6564         1   370184                         6.5                       1.8
EU-OIL                    4.754              76.066    360.10              1.32               21.1             43.7              15753                      207                      3327         2   370184                         8.5                       1.8
NIKKEI                  342.492            5479.867  33410.00              1.03               16.4              0.5              17953                      184                      2944         3   370184                        14.5                       2.4

Sum of abs(notional exposure % capital) 194.2
Sum of abs(annualised risk % capital) 25.3
Net sum of annualised risk % capital -4.1 

=============================================================================================================================================
                                                                Correlations                                                                 
=============================================================================================================================================

              COPPER-micro  PLAT  BOBL   CHF   JPY  KR10  BITCOIN   DAX  KOSDAQ   MXP  NIKKEI  RUSSELL  EU-OIL  GAS_US_mini  LEANHOG  LIVECOW
COPPER-micro          1.00  0.42  0.21  0.38  0.27  0.23     0.23  0.34    0.34  0.26    0.24     0.39    0.25        -0.00     0.18    -0.01
PLAT                  0.42  1.00  0.24  0.33  0.22  0.14     0.10  0.25   -0.02  0.23    0.17     0.21    0.25         0.22     0.11     0.26
BOBL                  0.21  0.24  1.00  0.33  0.34  0.58     0.29  0.20    0.01  0.10    0.04     0.23   -0.08         0.06     0.05    -0.12
CHF                   0.38  0.33  0.33  1.00  0.56  0.50     0.18  0.38    0.24  0.26    0.12     0.34    0.05        -0.02     0.08    -0.10
JPY                   0.27  0.22  0.34  0.56  1.00  0.40     0.07  0.07    0.08  0.10   -0.26     0.12   -0.12        -0.18    -0.01    -0.07
KR10                  0.23  0.14  0.58  0.50  0.40  1.00     0.23  0.34    0.25  0.16    0.22     0.34    0.03        -0.06     0.15    -0.12
BITCOIN               0.23  0.10  0.29  0.18  0.07  0.23     1.00  0.16    0.08  0.06    0.08     0.18   -0.09         0.07    -0.15    -0.14
DAX                   0.34  0.25  0.20  0.38  0.07  0.34     0.16  1.00    0.38  0.51    0.72     0.78    0.44         0.14     0.17     0.14
KOSDAQ                0.34 -0.02  0.01  0.24  0.08  0.25     0.08  0.38    1.00  0.26    0.36     0.42    0.22        -0.15    -0.05    -0.09
MXP                   0.26  0.23  0.10  0.26  0.10  0.16     0.06  0.51    0.26  1.00    0.43     0.44    0.17         0.11     0.25     0.30
NIKKEI                0.24  0.17  0.04  0.12 -0.26  0.22     0.08  0.72    0.36  0.43    1.00     0.70    0.44         0.17     0.23     0.21
RUSSELL               0.39  0.21  0.23  0.34  0.12  0.34     0.18  0.78    0.42  0.44    0.70     1.00    0.43         0.13     0.21     0.27
EU-OIL                0.25  0.25 -0.08  0.05 -0.12  0.03    -0.09  0.44    0.22  0.17    0.44     0.43    1.00         0.29     0.16     0.17
GAS_US_mini          -0.00  0.22  0.06 -0.02 -0.18 -0.06     0.07  0.14   -0.15  0.11    0.17     0.13    0.29         1.00     0.13     0.18
LEANHOG               0.18  0.11  0.05  0.08 -0.01  0.15    -0.15  0.17   -0.05  0.25    0.23     0.21    0.16         0.13     1.00     0.28
LIVECOW              -0.01  0.26 -0.12 -0.10 -0.07 -0.12    -0.14  0.14   -0.09  0.30    0.21     0.27    0.17         0.18     0.28     1.00


********************************************************************************
                                 END OF REPORT                                  
********************************************************************************


