
********************************************************************************
                    Risk report produced on 29/06/2026 22:51                    
********************************************************************************


Total risk across all strategies, annualised percentage 9.8
Percentage of capital used for margin 35.4%

========================================
Risk per strategy, annualised percentage
========================================

                  risk
dynamic_TF_carry   9.7


===================
Risk by asset class
===================

Ags       2.4
Bond      1.8
Equity    5.7
FX        4.4
Metals    2.8
Sector    0.7
dtype: float64


=====================================================
Beta loadings of asset class positions on asset class
=====================================================

FX       -0.61
Metals   -0.09
Sector    0.04
Ags       0.08
Bond      0.16
Equity    0.37
dtype: float64


========================================================
Beta loadings of full portfolio positions on asset class
========================================================

FX       -0.50
Metals   -0.03
Ags       0.04
Sector    0.17
Bond      0.19
Equity    0.32
dtype: float64


==================================================================================================================================================================================================================================================================
                                                                                                                         Instrument risk                                                                                                                          
==================================================================================================================================================================================================================================================================

              daily_price_stdev  annual_price_stdev     price  daily_perc_stdev  annual_perc_stdev  point_size_base  contract_exposure  daily_risk_per_contract  annual_risk_per_contract  position  capital  exposure_held_perc_capital  annual_risk_perc_capital
CHF                       0.006               0.088      1.25              0.44                7.1          94629.6             118206                      523                      8371        -3   708167                       -50.1                      -3.5
BITCOIN                1846.870           29549.918  60345.00              3.06               49.0              0.1               4568                      139                      2237        -7   708167                        -4.5                      -2.2
LEANHOG                   1.064              17.032     81.55              1.31               20.9            302.8              24694                      322                      5157        -2   708167                        -7.0                      -1.5
GOLD_micro               71.518            1144.291   4022.30              1.78               28.4              7.6              30450                      541                      8662        -1   708167                        -4.3                      -1.2
HANGTECH                100.718            1611.486   4414.00              2.28               36.5              4.8              21303                      486                      7777        -1   708167                        -3.0                      -1.1
JPY                       0.000               0.000      0.01              0.41                6.5        9462958.2              58783                      238                      3821        -2   708167                       -16.6                      -1.1
KR10                      0.450               7.193    106.68              0.42                6.7            492.3              52516                      221                      3541        -2   708167                       -14.8                      -1.0
REDWHEAT                  9.558             152.932    627.25              1.52               24.4             37.9              23742                      361                      5788        -1   708167                        -3.4                      -0.8
TOPIX                    51.026             816.422   3969.00              1.29               20.6              4.7              18569                      238                      3819        -1   708167                        -2.6                      -0.5
HANGENT_mini            122.033            1952.535   7635.00              1.60               25.6              1.0               7369                      117                      1884        -2   708167                        -2.1                      -0.5
EUR_micro                 0.004               0.064      1.15              0.35                5.6           9463.0              10843                       38                       608        -1   708167                        -1.5                      -0.1
AUD_micro                 0.004               0.058      0.69              0.53                8.4           7570.4               5208                       27                       439         2   708167                         1.5                       0.1
RUSSELL                  34.565             553.041   3022.70              1.14               18.3              3.8              11441                      130                      2093         1   708167                         1.6                       0.3
DOW                     420.095            6721.521  52612.00              0.80               12.8              0.4              19914                      159                      2544         1   708167                         2.8                       0.4
CANOLA                    8.778             140.451    743.00              1.18               18.9             10.7               7930                       93                      1499         3   708167                         3.4                       0.6
EU-BANKS                  3.623              57.964    290.60              1.25               19.9             43.1              12532                      156                      2499         2   708167                         3.5                       0.7
MXP                       0.000               0.005      0.06              0.56                8.9         378518.3              21530                      119                      1914         3   708167                         9.1                       0.8
YENEUR                    0.650              10.404    184.48              0.35                5.6            584.8             107891                      380                      6084         1   708167                        15.2                       0.9
SOYOIL                    0.889              14.216     66.53              1.34               21.4            454.2              30219                      403                      6457         1   708167                         4.3                       0.9
NIKKEI                 1401.953           22431.250  69130.00              2.03               32.4              0.5              32344                      655                     10495         1   708167                         4.6                       1.5
LIVECOW                   2.180              34.887    237.32              0.92               14.7            302.8              71865                      660                     10564         1   708167                        10.1                       1.5
CAD10                     0.379               6.062    121.07              0.31                5.0            533.6              64608                      202                      3234         4   708167                        36.5                       1.8
SMI                      97.374            1557.983  14189.00              0.69               11.0              9.4             132712                      910                     14572         1   708167                        18.7                       2.1
AEX                       8.727             139.633   1068.30              0.82               13.1            172.5             184292                     1505                     24088         1   708167                        26.0                       3.4

Sum of abs(notional exposure % capital) 247.2
Sum of abs(annualised risk % capital) 28.5
Net sum of annualised risk % capital 1.5 

======================================================================================================================================================================================================================
                                                                                                     Correlations                                                                                                     
======================================================================================================================================================================================================================

              LEANHOG  YENEUR   AEX   DOW  EU-BANKS  NIKKEI  RUSSELL   SMI  TOPIX  CAD10  KR10  LIVECOW  CANOLA  REDWHEAT  SOYOIL  AUD_micro  BITCOIN   CHF  EUR_micro  GOLD_micro  HANGENT_mini  HANGTECH   JPY   MXP
LEANHOG          1.00    0.18 -0.01  0.17      0.04    0.02     0.22  0.03   0.04   0.04 -0.04     0.06    0.19     -0.03    0.17       0.03    -0.07 -0.06      -0.06        0.17         -0.04      0.05 -0.16 -0.05
YENEUR           0.18    1.00  0.10  0.07      0.20    0.25     0.02  0.11   0.30  -0.29 -0.08    -0.09   -0.02     -0.22   -0.04      -0.08    -0.08 -0.11      -0.02        0.02         -0.02      0.03 -0.70  0.16
AEX             -0.01    0.10  1.00  0.51      0.58    0.46     0.53  0.54   0.45   0.22  0.05     0.11   -0.21     -0.13   -0.05       0.27     0.33 -0.10       0.01        0.19          0.25      0.23 -0.08  0.38
DOW              0.17    0.07  0.51  1.00      0.49    0.58     0.83  0.46   0.55   0.22  0.09     0.12   -0.07     -0.14   -0.06       0.38     0.24  0.07       0.14        0.19          0.20      0.23  0.04  0.28
EU-BANKS         0.04    0.20  0.58  0.49      1.00    0.61     0.42  0.54   0.61   0.24  0.22     0.11   -0.39     -0.22   -0.36       0.24     0.12  0.03       0.16        0.25          0.22      0.26 -0.02  0.35
NIKKEI           0.02    0.25  0.46  0.58      0.61    1.00     0.53  0.26   0.88   0.25  0.30     0.06   -0.16     -0.17   -0.12       0.34     0.11  0.07       0.13        0.27          0.25      0.39 -0.10  0.32
RUSSELL          0.22    0.02  0.53  0.83      0.42    0.53     1.00  0.41   0.47   0.25  0.16     0.18   -0.12     -0.00    0.01       0.40     0.45  0.05       0.17        0.23          0.16      0.22  0.09  0.33
SMI              0.03    0.11  0.54  0.46      0.54    0.26     0.41  1.00   0.32   0.36  0.01     0.24   -0.25     -0.20   -0.12       0.04     0.03 -0.11       0.03        0.08         -0.06     -0.13 -0.05  0.25
TOPIX            0.04    0.30  0.45  0.55      0.61    0.88     0.47  0.32   1.00   0.23  0.17     0.13   -0.19     -0.14   -0.11       0.31     0.08 -0.04       0.08        0.24          0.26      0.35 -0.17  0.35
CAD10            0.04   -0.29  0.22  0.22      0.24    0.25     0.25  0.36   0.23   1.00  0.32    -0.03   -0.14     -0.13   -0.14       0.08    -0.08  0.02       0.11        0.10          0.01      0.01  0.28  0.24
KR10            -0.04   -0.08  0.05  0.09      0.22    0.30     0.16  0.01   0.17   0.32  1.00     0.13   -0.23     -0.20   -0.36       0.21     0.08  0.19       0.18        0.35          0.06      0.10  0.19  0.20
LIVECOW          0.06   -0.09  0.11  0.12      0.11    0.06     0.18  0.24   0.13  -0.03  0.13     1.00   -0.05     -0.00    0.08       0.07     0.05  0.01       0.11        0.17         -0.02     -0.05  0.14  0.19
CANOLA           0.19   -0.02 -0.21 -0.07     -0.39   -0.16    -0.12 -0.25  -0.19  -0.14 -0.23    -0.05    1.00      0.19    0.73       0.01    -0.10  0.03      -0.08       -0.03          0.05      0.02 -0.06 -0.13
REDWHEAT        -0.03   -0.22 -0.13 -0.14     -0.22   -0.17    -0.00 -0.20  -0.14  -0.13 -0.20    -0.00    0.19      1.00    0.23       0.20     0.21  0.08      -0.02        0.07          0.05      0.02  0.14 -0.06
SOYOIL           0.17   -0.04 -0.05 -0.06     -0.36   -0.12     0.01 -0.12  -0.11  -0.14 -0.36     0.08    0.73      0.23    1.00       0.00     0.02 -0.02      -0.12        0.03          0.01     -0.04 -0.08 -0.09
AUD_micro        0.03   -0.08  0.27  0.38      0.24    0.34     0.40  0.04   0.31   0.08  0.21     0.07    0.01      0.20    0.00       1.00     0.33  0.62       0.68        0.54          0.54      0.49  0.54  0.66
BITCOIN         -0.07   -0.08  0.33  0.24      0.12    0.11     0.45  0.03   0.08  -0.08  0.08     0.05   -0.10      0.21    0.02       0.33     1.00  0.13       0.15        0.26          0.30      0.32  0.16  0.18
CHF             -0.06   -0.11 -0.10  0.07      0.03    0.07     0.05 -0.11  -0.04   0.02  0.19     0.01    0.03      0.08   -0.02       0.62     0.13  1.00       0.84        0.51          0.43      0.37  0.68  0.44
EUR_micro       -0.06   -0.02  0.01  0.14      0.16    0.13     0.17  0.03   0.08   0.11  0.18     0.11   -0.08     -0.02   -0.12       0.68     0.15  0.84       1.00        0.42          0.45      0.39  0.71  0.64
GOLD_micro       0.17    0.02  0.19  0.19      0.25    0.27     0.23  0.08   0.24   0.10  0.35     0.17   -0.03      0.07    0.03       0.54     0.26  0.51       0.42        1.00          0.39      0.36  0.30  0.40
HANGENT_mini    -0.04   -0.02  0.25  0.20      0.22    0.25     0.16 -0.06   0.26   0.01  0.06    -0.02    0.05      0.05    0.01       0.54     0.30  0.43       0.45        0.39          1.00      0.90  0.32  0.41
HANGTECH         0.05    0.03  0.23  0.23      0.26    0.39     0.22 -0.13   0.35   0.01  0.10    -0.05    0.02      0.02   -0.04       0.49     0.32  0.37       0.39        0.36          0.90      1.00  0.23  0.33
JPY             -0.16   -0.70 -0.08  0.04     -0.02   -0.10     0.09 -0.05  -0.17   0.28  0.19     0.14   -0.06      0.14   -0.08       0.54     0.16  0.68       0.71        0.30          0.32      0.23  1.00  0.34
MXP             -0.05    0.16  0.38  0.28      0.35    0.32     0.33  0.25   0.35   0.24  0.20     0.19   -0.13     -0.06   -0.09       0.66     0.18  0.44       0.64        0.40          0.41      0.33  0.34  1.00


********************************************************************************
                                 END OF REPORT                                  
********************************************************************************


