
********************************************************************************
                    Risk report produced on 31/05/2024 22:53                    
********************************************************************************


Total risk across all strategies, annualised percentage 11.5
Percentage of capital used for margin 69.1%

========================================
Risk per strategy, annualised percentage
========================================

                  risk
dynamic_TF_carry  11.5


===================
Risk by asset class
===================

Ags       2.3
Bond      5.2
Equity    2.6
FX        5.4
Metals    3.6
OilGas    0.4
Sector    0.3
Vol       2.1
dtype: float64


=====================================================
Beta loadings of asset class positions on asset class
=====================================================

Bond     -0.78
Metals   -0.13
FX       -0.13
Vol      -0.05
OilGas    0.02
Sector    0.02
Equity    0.05
Ags       0.08
dtype: float64


========================================================
Beta loadings of full portfolio positions on asset class
========================================================

Bond     -1.02
FX       -0.25
Metals   -0.17
Vol      -0.08
OilGas   -0.00
Ags       0.08
Equity    0.18
Sector    0.20
dtype: float64


===================================================================================================================================================================================================================================================================
                                                                                                                          Instrument risk                                                                                                                          
===================================================================================================================================================================================================================================================================

               daily_price_stdev  annual_price_stdev     price  daily_perc_stdev  annual_perc_stdev  point_size_base  contract_exposure  daily_risk_per_contract  annual_risk_per_contract  position  capital  exposure_held_perc_capital  annual_risk_perc_capital
BUXL                       1.388              22.211    128.12              1.08               17.3            850.6             108972                     1180                     18891        -1   661705                       -16.5                      -2.9
CHF                        0.005               0.075      1.11              0.42                6.8          98252.7             108991                      462                      7395        -2   661705                       -32.9                      -2.2
GOLD_micro                22.877             366.031   2341.80              0.98               15.6              7.9              18407                      179                      2877        -5   661705                       -13.9                      -2.2
VIX                        0.366               5.856     14.80              2.47               39.6            786.0              11633                      287                      4602        -3   661705                        -5.3                      -2.1
ALUMINIUM                 42.492             679.868   2643.25              1.61               25.7             19.7              51941                      834                     13359        -1   661705                        -7.8                      -2.0
JPY                        0.000               0.001      0.01              0.61                9.8        9825267.4              62631                      382                      6118        -2   661705                       -18.9                      -1.8
COTTON2                    1.631              26.096     76.15              2.14               34.3            393.0              29927                      641                     10256        -1   661705                        -4.5                      -1.5
BITCOIN                 1759.553           28152.840  67680.00              2.60               41.6              0.1               5319                      138                      2212        -4   661705                        -3.2                      -1.3
BUND                       0.601               9.623    130.03              0.46                7.4            850.6             110597                      511                      8184        -1   661705                       -16.7                      -1.2
KOSDAQ                    21.188             339.000   1317.00              1.61               25.7              5.7               7497                      120                      1929        -4   661705                        -4.5                      -1.2
CHINAA-CON                18.389             294.219   1976.40              0.93               14.9             19.7              38837                      361                      5781        -1   661705                        -5.9                      -0.9
CAD10                      0.525               8.402    118.92              0.44                7.1            575.1              68396                      302                      4832        -1   661705                       -10.3                      -0.7
CORN                       5.553              88.843    466.75              1.19               19.0             39.3              18343                      218                      3491        -1   661705                        -2.8                      -0.5
KR10                       0.373               5.970    112.08              0.33                5.3            569.3              63804                      212                      3398        -1   661705                        -9.6                      -0.5
CAD                        0.003               0.040      0.74              0.34                5.5          78602.1              57800                      197                      3157        -1   661705                        -8.7                      -0.5
US2                        0.115               1.844    101.54              0.11                1.8           1572.0             159629                      181                      2898        -1   661705                       -24.1                      -0.4
EU-BANKS                   1.319              21.102    146.85              0.90               14.4             42.5               6245                       56                       897         2   661705                         1.9                       0.3
CRUDE_W_micro              1.072              17.154     77.07              1.39               22.3             78.6               6057                       84                      1348         2   661705                         1.8                       0.4
TOPIX                     23.084             369.348   2765.25              0.83               13.4              5.0              13861                      115                      1851         2   661705                         4.2                       0.6
GBP                        0.005               0.077      1.27              0.38                6.0          49126.3              62557                      236                      3778         1   661705                         9.5                       0.6
SOYMEAL                    5.239              83.818    355.90              1.47               23.6             78.6              27974                      411                      6588         1   661705                         4.2                       1.0
LIVECOW                    1.383              22.134    178.45              0.78               12.4            314.4              56106                      434                      6959         1   661705                         8.5                       1.1
WHEAT                     12.191             195.057    725.75              1.68               26.9             39.3              28522                      479                      7665         1   661705                         4.3                       1.2
IRON                       2.107              33.719    115.80              1.82               29.1             78.6               9102                      165                      2650         3   661705                         4.1                       1.2
MXP                        0.000               0.005      0.06              0.53                8.5         393010.7              23101                      122                      1956         5   661705                        17.5                       1.5
MIB                      252.619            4041.911  34495.00              0.73               11.7              4.3             146699                     1074                     17189         1   661705                        22.2                       2.6
YENEUR                     0.858              13.733    170.22              0.50                8.1            626.6             106662                      537                      8605         2   661705                        32.2                       2.6

Sum of abs(notional exposure % capital) 296.0
Sum of abs(annualised risk % capital) 35.0
Net sum of annualised risk % capital -8.8 

================================================================================================================================================================================================================================
                                                                                                          Correlations                                                                                                          
================================================================================================================================================================================================================================

               BUND  BUXL   CAD  CAD10   CHF   GBP  GOLD_micro   JPY  KR10   US2  ALUMINIUM  BITCOIN  CORN  IRON  SOYMEAL  WHEAT  EU-BANKS  KOSDAQ   MIB   MXP  CHINAA-CON  COTTON2  CRUDE_W_micro  LIVECOW  TOPIX  YENEUR   VIX
BUND           1.00  0.95  0.33   0.68  0.29  0.33        0.37  0.39  0.59  0.59       0.12     0.18  0.04  0.07     0.07   0.03     -0.04    0.08  0.12  0.18       -0.07    -0.21          -0.22    -0.11  -0.08   -0.32  0.05
BUXL           0.95  1.00  0.29   0.68  0.26  0.31        0.33  0.31  0.59  0.46       0.06     0.18  0.06  0.06     0.09   0.05      0.04    0.17  0.16  0.23       -0.07    -0.23          -0.26    -0.18  -0.02   -0.22 -0.01
CAD            0.33  0.29  1.00   0.21  0.54  0.59        0.39  0.41  0.34  0.29       0.27     0.08  0.26  0.01     0.17   0.27      0.38    0.25  0.53  0.41        0.16    -0.09           0.28     0.23   0.17    0.03 -0.28
CAD10          0.68  0.68  0.21   1.00  0.35  0.38        0.27  0.48  0.51  0.56       0.08     0.14 -0.00  0.02     0.06  -0.02     -0.04    0.07  0.06  0.09        0.05    -0.25          -0.24    -0.10  -0.22   -0.34 -0.05
CHF            0.29  0.26  0.54   0.35  1.00  0.65        0.40  0.63  0.35  0.42       0.21     0.04  0.22  0.08     0.26   0.08      0.18    0.12  0.25  0.18        0.05    -0.08          -0.01     0.06  -0.15   -0.11 -0.18
GBP            0.33  0.31  0.59   0.38  0.65  1.00        0.44  0.50  0.36  0.40       0.27     0.10  0.17  0.02     0.08   0.08      0.23    0.11  0.33  0.36        0.24    -0.12           0.00     0.13   0.08    0.16 -0.30
GOLD_micro     0.37  0.33  0.39   0.27  0.40  0.44        1.00  0.45  0.15  0.38       0.27     0.10  0.13  0.07     0.13  -0.04      0.06   -0.12  0.18  0.21        0.23    -0.25           0.16     0.11  -0.01   -0.12  0.08
JPY            0.39  0.31  0.41   0.48  0.63  0.50        0.45  1.00  0.29  0.51       0.21     0.18  0.13  0.06     0.13   0.03      0.09    0.05  0.14  0.18        0.07     0.03           0.04     0.08  -0.31   -0.66 -0.15
KR10           0.59  0.59  0.34   0.51  0.35  0.36        0.15  0.29  1.00  0.38       0.02     0.14  0.06  0.01     0.13   0.11      0.04    0.31  0.17  0.19        0.03    -0.00          -0.17    -0.12  -0.02   -0.10 -0.14
US2            0.59  0.46  0.29   0.56  0.42  0.40        0.38  0.51  0.38  1.00       0.05     0.04  0.01 -0.03     0.01  -0.02     -0.29   -0.11 -0.10 -0.12       -0.07    -0.15          -0.16    -0.05  -0.26   -0.29  0.14
ALUMINIUM      0.12  0.06  0.27   0.08  0.21  0.27        0.27  0.21  0.02  0.05       1.00    -0.07  0.12  0.25     0.14   0.03      0.08   -0.08  0.01  0.07        0.19    -0.14           0.18     0.01  -0.08   -0.05  0.07
BITCOIN        0.18  0.18  0.08   0.14  0.04  0.10        0.10  0.18  0.14  0.04      -0.07     1.00  0.12 -0.10     0.01   0.19      0.15    0.11  0.19  0.19       -0.07     0.22          -0.01    -0.15  -0.04   -0.07 -0.12
CORN           0.04  0.06  0.26  -0.00  0.22  0.17        0.13  0.13  0.06  0.01       0.12     0.12  1.00  0.10     0.56   0.74      0.16    0.11  0.05  0.10        0.04    -0.01           0.10     0.05   0.02    0.06 -0.13
IRON           0.07  0.06  0.01   0.02  0.08  0.02        0.07  0.06  0.01 -0.03       0.25    -0.10  0.10  1.00     0.28   0.17     -0.04   -0.11 -0.07  0.07        0.12     0.07          -0.09     0.04   0.04   -0.12 -0.08
SOYMEAL        0.07  0.09  0.17   0.06  0.26  0.08        0.13  0.13  0.13  0.01       0.14     0.01  0.56  0.28     1.00   0.52      0.18    0.21  0.10  0.11        0.10    -0.04           0.16     0.09  -0.04    0.01 -0.10
WHEAT          0.03  0.05  0.27  -0.02  0.08  0.08       -0.04  0.03  0.11 -0.02       0.03     0.19  0.74  0.17     0.52   1.00      0.22    0.17  0.12  0.09        0.01     0.07           0.07     0.03   0.03    0.05 -0.24
EU-BANKS      -0.04  0.04  0.38  -0.04  0.18  0.23        0.06  0.09  0.04 -0.29       0.08     0.15  0.16 -0.04     0.18   0.22      1.00    0.38  0.81  0.54        0.15     0.10           0.20     0.09   0.35    0.18 -0.53
KOSDAQ         0.08  0.17  0.25   0.07  0.12  0.11       -0.12  0.05  0.31 -0.11      -0.08     0.11  0.11 -0.11     0.21   0.17      0.38    1.00  0.44  0.31        0.16     0.09           0.06    -0.03   0.30    0.14 -0.35
MIB            0.12  0.16  0.53   0.06  0.25  0.33        0.18  0.14  0.17 -0.10       0.01     0.19  0.05 -0.07     0.10   0.12      0.81    0.44  1.00  0.56        0.19     0.05           0.15     0.18   0.46    0.19 -0.58
MXP            0.18  0.23  0.41   0.09  0.18  0.36        0.21  0.18  0.19 -0.12       0.07     0.19  0.10  0.07     0.11   0.09      0.54    0.31  0.56  1.00        0.15    -0.01           0.04     0.11   0.32    0.15 -0.50
CHINAA-CON    -0.07 -0.07  0.16   0.05  0.05  0.24        0.23  0.07  0.03 -0.07       0.19    -0.07  0.04  0.12     0.10   0.01      0.15    0.16  0.19  0.15        1.00     0.19           0.19     0.34   0.16    0.15 -0.28
COTTON2       -0.21 -0.23 -0.09  -0.25 -0.08 -0.12       -0.25  0.03 -0.00 -0.15      -0.14     0.22 -0.01  0.07    -0.04   0.07      0.10    0.09  0.05 -0.01        0.19     1.00           0.15     0.14   0.12   -0.08 -0.18
CRUDE_W_micro -0.22 -0.26  0.28  -0.24 -0.01  0.00        0.16  0.04 -0.17 -0.16       0.18    -0.01  0.10 -0.09     0.16   0.07      0.20    0.06  0.15  0.04        0.19     0.15           1.00     0.37   0.20    0.01  0.04
LIVECOW       -0.11 -0.18  0.23  -0.10  0.06  0.13        0.11  0.08 -0.12 -0.05       0.01    -0.15  0.05  0.04     0.09   0.03      0.09   -0.03  0.18  0.11        0.34     0.14           0.37     1.00   0.08    0.04 -0.16
TOPIX         -0.08 -0.02  0.17  -0.22 -0.15  0.08       -0.01 -0.31 -0.02 -0.26      -0.08    -0.04  0.02  0.04    -0.04   0.03      0.35    0.30  0.46  0.32        0.16     0.12           0.20     0.08   1.00    0.42 -0.42
YENEUR        -0.32 -0.22  0.03  -0.34 -0.11  0.16       -0.12 -0.66 -0.10 -0.29      -0.05    -0.07  0.06 -0.12     0.01   0.05      0.18    0.14  0.19  0.15        0.15    -0.08           0.01     0.04   0.42    1.00 -0.21
VIX            0.05 -0.01 -0.28  -0.05 -0.18 -0.30        0.08 -0.15 -0.14  0.14       0.07    -0.12 -0.13 -0.08    -0.10  -0.24     -0.53   -0.35 -0.58 -0.50       -0.28    -0.18           0.04    -0.16  -0.42   -0.21  1.00


********************************************************************************
                                 END OF REPORT                                  
********************************************************************************


