
********************************************************************************
                    Risk report produced on 12/06/2026 22:51                    
********************************************************************************


Total risk across all strategies, annualised percentage 11.1
Percentage of capital used for margin 34.0%

========================================
Risk per strategy, annualised percentage
========================================

                  risk
dynamic_TF_carry  11.1


===================
Risk by asset class
===================

Ags       0.8
Bond      2.0
Equity    7.2
FX        1.7
Metals    1.9
OilGas    4.4
Sector    1.9
dtype: float64


=====================================================
Beta loadings of asset class positions on asset class
=====================================================

Bond     -0.25
FX       -0.09
Metals   -0.04
Ags      -0.03
OilGas    0.08
Sector    0.09
Equity    0.26
dtype: float64


========================================================
Beta loadings of full portfolio positions on asset class
========================================================

FX       -0.18
Metals   -0.01
Bond      0.01
Ags       0.05
OilGas    0.08
Sector    0.21
Equity    0.26
dtype: float64


==================================================================================================================================================================================================================================================================
                                                                                                                         Instrument risk                                                                                                                          
==================================================================================================================================================================================================================================================================

              daily_price_stdev  annual_price_stdev     price  daily_perc_stdev  annual_perc_stdev  point_size_base  contract_exposure  daily_risk_per_contract  annual_risk_per_contract  position  capital  exposure_held_perc_capital  annual_risk_perc_capital
KR10                      0.500               7.996    106.53              0.47                7.5            490.6              52265                      245                      3922        -4   694081                       -30.1                      -2.3
BITCOIN                1888.303           30212.856  63765.00              2.96               47.4              0.1               4759                      140                      2255        -6   694081                        -4.1                      -1.9
CHF                       0.006               0.089      1.27              0.44                7.0          93301.3             118306                      519                      8317        -1   694081                       -17.0                      -1.2
JPY                       0.000               0.000      0.01              0.44                7.0        9330133.7              58663                      257                      4112        -2   694081                       -16.9                      -1.2
HANGTECH                 96.880            1550.087   4732.00              2.05               32.8              4.8              22536                      461                      7382        -1   694081                        -3.2                      -1.1
REDWHEAT                  9.975             159.600    654.25              1.52               24.4             37.3              24416                      372                      5956        -1   694081                        -3.5                      -0.9
GAS_US_mini               0.100               1.602      3.12              3.20               51.3           1866.0               5831                      186                      2990        -1   694081                        -0.8                      -0.4
HANGENT_mini            116.624            1865.987   8370.00              1.39               22.3              1.0               7972                      111                      1777        -1   694081                        -1.1                      -0.3
MUMMY                    15.418             246.681    703.00              2.19               35.1              4.7               3272                       71                      1148         1   694081                         0.5                       0.2
CANOLA                   10.028             160.455    765.70              1.31               21.0             10.7               8174                      107                      1712         1   694081                         1.2                       0.2
MXP                       0.000               0.005      0.06              0.52                8.3         373205.3              21515                      111                      1780         1   694081                         3.1                       0.3
CAD10                     0.425               6.805    120.51              0.35                5.6            533.8              64323                      227                      3632         1   694081                         9.3                       0.5
NZD                       0.004               0.058      0.58              0.62               10.0          74641.1              43665                      271                      4350         1   694081                         6.3                       0.6
MSCISING                  5.011              80.172    456.15              1.10               17.6             58.1              26486                      290                      4655         1   694081                         3.8                       0.7
EU-OIL                    7.010             112.152    519.30              1.35               21.6             43.1              22402                      302                      4838         1   694081                         3.2                       0.7
ZAR                       0.000               0.007      0.06              0.75               12.1         373205.3              22914                      172                      2762         2   694081                         6.6                       0.8
CAC                      77.149            1234.390   8347.50              0.92               14.8              8.6              72021                      665                     10650         1   694081                        10.4                       1.5
EU-BASIC                 15.931             254.902    850.50              1.87               30.0             43.1              36690                      687                     10996         1   694081                         5.3                       1.6
GASOILINE                 0.062               0.985      2.89              2.13               34.1          31349.2              90455                     1930                     30880         1   694081                        13.0                       4.4
MSCITAIWAN               36.064             577.017   1989.10              1.81               29.0             74.6             148468                     2691                     43069         1   694081                        21.4                       6.2

Sum of abs(notional exposure % capital) 160.8
Sum of abs(annualised risk % capital) 27.0
Net sum of annualised risk % capital 8.4 

=======================================================================================================================================================================================
                                                                                     Correlations                                                                                      
=======================================================================================================================================================================================

              CANOLA  GASOILINE  GAS_US_mini  REDWHEAT  HANGENT_mini  HANGTECH  BITCOIN   CAC  EU-BASIC  EU-OIL  MSCISING  MSCITAIWAN  MUMMY  CAD10  KR10   CHF   JPY   MXP   NZD   ZAR
CANOLA          1.00       0.40         0.09      0.22          0.19      0.19    -0.12 -0.23      0.07    0.15      0.05        0.18   0.02  -0.09 -0.01 -0.13 -0.22 -0.15 -0.06 -0.20
GASOILINE       0.40       1.00         0.08      0.54          0.12      0.09     0.08 -0.12     -0.05    0.55      0.11        0.15   0.16  -0.25 -0.16 -0.39 -0.34 -0.24 -0.24 -0.37
GAS_US_mini     0.09       0.08         1.00      0.14          0.10      0.13     0.07 -0.16     -0.07    0.04      0.13       -0.04  -0.05  -0.07 -0.23  0.00  0.03  0.00  0.09  0.02
REDWHEAT        0.22       0.54         0.14      1.00          0.17      0.15     0.09 -0.24     -0.11    0.15     -0.08       -0.02   0.19  -0.27 -0.20  0.05 -0.02 -0.08  0.06 -0.17
HANGENT_mini    0.19       0.12         0.10      0.17          1.00      0.92     0.23  0.15      0.39    0.21      0.41        0.38   0.14   0.07  0.13  0.31  0.21  0.44  0.38  0.46
HANGTECH        0.19       0.09         0.13      0.15          0.92      1.00     0.26  0.05      0.41    0.14      0.39        0.42   0.15   0.06  0.11  0.29  0.18  0.43  0.35  0.43
BITCOIN        -0.12       0.08         0.07      0.09          0.23      0.26     1.00  0.16      0.20    0.06      0.20        0.19   0.19   0.04  0.10  0.11  0.08  0.12  0.25  0.25
CAC            -0.23      -0.12        -0.16     -0.24          0.15      0.05     0.16  1.00      0.55    0.36      0.46        0.48   0.23   0.43  0.12  0.13  0.15  0.27  0.29  0.50
EU-BASIC        0.07      -0.05        -0.07     -0.11          0.39      0.41     0.20  0.55      1.00    0.34      0.61        0.67   0.34   0.31  0.09  0.24  0.17  0.49  0.52  0.69
EU-OIL          0.15       0.55         0.04      0.15          0.21      0.14     0.06  0.36      0.34    1.00      0.48        0.34   0.15   0.01 -0.22 -0.18 -0.16  0.05  0.04  0.09
MSCISING        0.05       0.11         0.13     -0.08          0.41      0.39     0.20  0.46      0.61    0.48      1.00        0.61   0.30   0.29  0.10  0.01  0.01  0.28  0.26  0.44
MSCITAIWAN      0.18       0.15        -0.04     -0.02          0.38      0.42     0.19  0.48      0.67    0.34      0.61        1.00   0.34   0.26  0.11  0.17  0.07  0.34  0.45  0.45
MUMMY           0.02       0.16        -0.05      0.19          0.14      0.15     0.19  0.23      0.34    0.15      0.30        0.34   1.00   0.08  0.13  0.00 -0.15  0.20  0.15  0.18
CAD10          -0.09      -0.25        -0.07     -0.27          0.07      0.06     0.04  0.43      0.31    0.01      0.29        0.26   0.08   1.00  0.51  0.25  0.37  0.07  0.30  0.30
KR10           -0.01      -0.16        -0.23     -0.20          0.13      0.11     0.10  0.12      0.09   -0.22      0.10        0.11   0.13   0.51  1.00  0.29  0.31  0.05  0.16  0.21
CHF            -0.13      -0.39         0.00      0.05          0.31      0.29     0.11  0.13      0.24   -0.18      0.01        0.17   0.00   0.25  0.29  1.00  0.73  0.51  0.73  0.58
JPY            -0.22      -0.34         0.03     -0.02          0.21      0.18     0.08  0.15      0.17   -0.16      0.01        0.07  -0.15   0.37  0.31  0.73  1.00  0.27  0.58  0.45
MXP            -0.15      -0.24         0.00     -0.08          0.44      0.43     0.12  0.27      0.49    0.05      0.28        0.34   0.20   0.07  0.05  0.51  0.27  1.00  0.59  0.69
NZD            -0.06      -0.24         0.09      0.06          0.38      0.35     0.25  0.29      0.52    0.04      0.26        0.45   0.15   0.30  0.16  0.73  0.58  0.59  1.00  0.70
ZAR            -0.20      -0.37         0.02     -0.17          0.46      0.43     0.25  0.50      0.69    0.09      0.44        0.45   0.18   0.30  0.21  0.58  0.45  0.69  0.70  1.00


********************************************************************************
                                 END OF REPORT                                  
********************************************************************************


