
********************************************************************************
                    Risk report produced on 23/02/2026 22:54                    
********************************************************************************


Total risk across all strategies, annualised percentage 13.9
Percentage of capital used for margin 35.2%

========================================
Risk per strategy, annualised percentage
========================================

                  risk
dynamic_TF_carry  13.9


===================
Risk by asset class
===================

Ags        3.6
Bond       2.7
Equity    10.5
FX         2.0
Metals     2.1
OilGas     2.1
Sector     1.3
dtype: float64


=====================================================
Beta loadings of asset class positions on asset class
=====================================================

Metals   -0.05
Ags       0.01
Sector    0.05
OilGas    0.07
FX        0.31
Equity    0.83
Bond      0.83
dtype: float64


========================================================
Beta loadings of full portfolio positions on asset class
========================================================

OilGas    0.09
Metals    0.16
Ags       0.19
Sector    0.37
Bond      0.43
Equity    0.91
FX        1.24
dtype: float64


==================================================================================================================================================================================================================================================================
                                                                                                                         Instrument risk                                                                                                                          
==================================================================================================================================================================================================================================================================

              daily_price_stdev  annual_price_stdev     price  daily_perc_stdev  annual_perc_stdev  point_size_base  contract_exposure  daily_risk_per_contract  annual_risk_per_contract  position  capital  exposure_held_perc_capital  annual_risk_perc_capital
COCOA                   196.370            3141.924   3217.00              6.10               97.7              7.4              23778                     1451                     23223        -1   698924                        -3.4                      -3.3
BITCOIN                2933.416           46934.659  64510.00              4.55               72.8              0.1               4768                      216                      3469        -3   698924                        -2.0                      -1.5
KR10                      0.408               6.524    111.71              0.37                5.8            511.1              57097                      208                      3334        -3   698924                       -24.5                      -1.4
SP500_micro              53.969             863.504   6840.50              0.79               12.6              3.7              25280                      199                      3191        -3   698924                       -10.9                      -1.4
COPPER-micro              0.123               1.967      5.85              2.10               33.6           1847.9              10813                      227                      3633        -2   698924                        -3.1                      -1.0
JPY                       0.000               0.001      0.01              0.63               10.0        9239309.2              59866                      374                      5999        -1   698924                        -8.6                      -0.9
DX                        0.394               6.297     97.30              0.40                6.5            739.1              71918                      290                      4654        -1   698924                       -10.3                      -0.7
KRWUSD_mini               0.004               0.065      0.69              0.59                9.4          18478.6              12811                       75                      1206        -3   698924                        -5.5                      -0.5
MUMMY                    10.899             174.379    731.00              1.49               23.9              4.8               3498                       52                       834         1   698924                         0.5                       0.1
CANOLA                    6.037              96.593    688.40              0.88               14.0             10.8               7446                       65                      1044         1   698924                         1.1                       0.1
BRE                       0.001               0.017      0.19              0.57                9.1          73914.5              14180                       80                      1292         1   698924                         2.0                       0.2
AUD_micro                 0.004               0.067      0.71              0.59                9.5           7391.4               5214                       30                       494         4   698924                         3.0                       0.3
TOPIX                    43.018             688.283   3812.75              1.13               18.1              4.8              18244                      205                      3293         1   698924                         2.6                       0.5
BTP                       0.251               4.011    122.48              0.20                3.3            874.0             107048                      219                      3505         1   698924                        15.3                       0.5
NZD                       0.004               0.059      0.60              0.61                9.8          73914.5              44064                      270                      4330         1   698924                         6.3                       0.6
GBP                       0.006               0.096      1.35              0.44                7.1          46196.5              62319                      277                      4435         1   698924                         8.9                       0.6
MXP                       0.000               0.006      0.06              0.60                9.6         369572.4              21364                      128                      2054         3   698924                         9.2                       0.9
BUND                      0.265               4.235    129.60              0.20                3.3            874.0             113271                      231                      3701         2   698924                        32.4                       1.1
LIVECOW                   1.886              30.179    235.45              0.80               12.8            295.7              69612                      557                      8922         1   698924                        10.0                       1.3
EU-BASIC                 13.274             212.376    794.80              1.67               26.7             43.7              34733                      580                      9280         1   698924                         5.0                       1.3
RUSSELL                  31.442             503.075   2619.50              1.20               19.2              3.7               9680                      116                      1859         5   698924                         6.9                       1.3
CAD10                     0.301               4.824    123.27              0.24                3.9            540.9              66671                      163                      2608         5   698924                        47.7                       1.9
BRENT-LAST                1.264              20.227     70.62              1.79               28.6            739.1              52198                      934                     14950         1   698924                         7.5                       2.1
AEX                       8.480             135.677   1016.65              0.83               13.3            174.8             177712                     1482                     23716         1   698924                        25.4                       3.4
MIB                     426.757            6828.111  46860.00              0.91               14.6              4.4             204780                     1864                     29839         1   698924                        29.3                       4.3
MSCIEAFA                 25.470             407.519   3140.70              0.81               13.0             37.0             116071                      941                     15060         2   698924                        33.2                       4.3

Sum of abs(notional exposure % capital) 314.6
Sum of abs(annualised risk % capital) 35.5
Net sum of annualised risk % capital 14.1 

================================================================================================================================================================================================================================
                                                                                                          Correlations                                                                                                          
================================================================================================================================================================================================================================

               BTP  BUND  CAD10  KR10  BRENT-LAST  CANOLA  COCOA  AUD_micro   BRE   GBP   JPY  KRWUSD_mini   MXP   NZD   AEX  BITCOIN  COPPER-micro  EU-BASIC  LIVECOW   MIB  MSCIEAFA  MUMMY  RUSSELL  SP500_micro  TOPIX    DX
BTP           1.00  0.93   0.59  0.41       -0.02    0.08  -0.08       0.10  0.08  0.18  0.29         0.23  0.16  0.18  0.17     0.08          0.00      0.04     0.11  0.09      0.24   0.14     0.19         0.13   0.09 -0.13
BUND          0.93  1.00   0.55  0.39        0.05    0.13  -0.15       0.01  0.02  0.05  0.26         0.15  0.04  0.07  0.05     0.00         -0.07     -0.09     0.09 -0.12      0.06   0.14     0.08        -0.01   0.01 -0.03
CAD10         0.59  0.55   1.00  0.39       -0.07   -0.06  -0.03       0.10  0.21  0.20  0.32         0.12  0.10  0.16  0.20    -0.01         -0.03      0.09    -0.05  0.14      0.25   0.20     0.15         0.07   0.10 -0.09
KR10          0.41  0.39   0.39  1.00       -0.05   -0.09   0.14       0.09 -0.04  0.23  0.27         0.41  0.09  0.16 -0.11     0.13         -0.05     -0.18     0.14 -0.12      0.08   0.14     0.07         0.03  -0.12 -0.21
BRENT-LAST   -0.02  0.05  -0.07 -0.05        1.00    0.25  -0.14       0.14  0.26 -0.11 -0.13         0.03  0.13  0.03  0.31     0.13          0.18      0.18     0.06  0.02      0.03   0.28     0.15         0.21   0.04  0.20
CANOLA        0.08  0.13  -0.06 -0.09        0.25    1.00  -0.07       0.06  0.24 -0.08 -0.13        -0.08  0.07  0.07 -0.05    -0.01         -0.12     -0.08    -0.05 -0.05     -0.01   0.14    -0.01         0.01   0.08  0.02
COCOA        -0.08 -0.15  -0.03  0.14       -0.14   -0.07   1.00      -0.01 -0.02  0.11 -0.00         0.06 -0.13  0.04 -0.12     0.01         -0.10     -0.20    -0.03  0.14     -0.01  -0.04     0.04         0.11  -0.18 -0.06
AUD_micro     0.10  0.01   0.10  0.09        0.14    0.06  -0.01       1.00  0.59  0.76  0.58         0.64  0.62  0.92  0.20     0.33          0.55      0.56     0.12  0.22      0.72   0.14     0.38         0.45   0.18 -0.74
BRE           0.08  0.02   0.21 -0.04        0.26    0.24  -0.02       0.59  1.00  0.45  0.31         0.27  0.53  0.48  0.26     0.23          0.30      0.35     0.09  0.24      0.48   0.05     0.28         0.33   0.03 -0.43
GBP           0.18  0.05   0.20  0.23       -0.11   -0.08   0.11       0.76  0.45  1.00  0.73         0.66  0.52  0.80  0.08     0.29          0.49      0.36     0.19  0.17      0.66   0.04     0.26         0.25  -0.04 -0.88
JPY           0.29  0.26   0.32  0.27       -0.13   -0.13  -0.00       0.58  0.31  0.73  1.00         0.64  0.32  0.61 -0.09     0.19          0.27      0.18     0.05 -0.02      0.44  -0.16     0.04         0.01  -0.25 -0.80
KRWUSD_mini   0.23  0.15   0.12  0.41        0.03   -0.08   0.06       0.64  0.27  0.66  0.64         1.00  0.35  0.63  0.05     0.29          0.34      0.22     0.15  0.04      0.48   0.06     0.16         0.23  -0.01 -0.67
MXP           0.16  0.04   0.10  0.09        0.13    0.07  -0.13       0.62  0.53  0.52  0.32         0.35  1.00  0.54  0.26     0.21          0.44      0.45     0.27  0.19      0.54   0.11     0.22         0.24   0.17 -0.51
NZD           0.18  0.07   0.16  0.16        0.03    0.07   0.04       0.92  0.48  0.80  0.61         0.63  0.54  1.00  0.12     0.30          0.46      0.42     0.09  0.15      0.66   0.07     0.33         0.36   0.08 -0.80
AEX           0.17  0.05   0.20 -0.11        0.31   -0.05  -0.12       0.20  0.26  0.08 -0.09         0.05  0.26  0.12  1.00     0.42          0.37      0.61     0.22  0.59      0.57   0.34     0.53         0.56   0.35  0.04
BITCOIN       0.08  0.00  -0.01  0.13        0.13   -0.01   0.01       0.33  0.23  0.29  0.19         0.29  0.21  0.30  0.42     1.00          0.34      0.31     0.12  0.20      0.42   0.23     0.54         0.57   0.15 -0.20
COPPER-micro  0.00 -0.07  -0.03 -0.05        0.18   -0.12  -0.10       0.55  0.30  0.49  0.27         0.34  0.44  0.46  0.37     0.34          1.00      0.61     0.18  0.24      0.57   0.20     0.33         0.39   0.17 -0.42
EU-BASIC      0.04 -0.09   0.09 -0.18        0.18   -0.08  -0.20       0.56  0.35  0.36  0.18         0.22  0.45  0.42  0.61     0.31          0.61      1.00     0.26  0.54      0.71   0.30     0.47         0.52   0.52 -0.26
LIVECOW       0.11  0.09  -0.05  0.14        0.06   -0.05  -0.03       0.12  0.09  0.19  0.05         0.15  0.27  0.09  0.22     0.12          0.18      0.26     1.00  0.18      0.29   0.25     0.13         0.05   0.13 -0.12
MIB           0.09 -0.12   0.14 -0.12        0.02   -0.05   0.14       0.22  0.24  0.17 -0.02         0.04  0.19  0.15  0.59     0.20          0.24      0.54     0.18  1.00      0.65   0.35     0.36         0.48   0.39 -0.04
MSCIEAFA      0.24  0.06   0.25  0.08        0.03   -0.01  -0.01       0.72  0.48  0.66  0.44         0.48  0.54  0.66  0.57     0.42          0.57      0.71     0.29  0.65      1.00   0.37     0.59         0.64   0.47 -0.59
MUMMY         0.14  0.14   0.20  0.14        0.28    0.14  -0.04       0.14  0.05  0.04 -0.16         0.06  0.11  0.07  0.34     0.23          0.20      0.30     0.25  0.35      0.37   1.00     0.37         0.33   0.58  0.13
RUSSELL       0.19  0.08   0.15  0.07        0.15   -0.01   0.04       0.38  0.28  0.26  0.04         0.16  0.22  0.33  0.53     0.54          0.33      0.47     0.13  0.36      0.59   0.37     1.00         0.81   0.41 -0.11
SP500_micro   0.13 -0.01   0.07  0.03        0.21    0.01   0.11       0.45  0.33  0.25  0.01         0.23  0.24  0.36  0.56     0.57          0.39      0.52     0.05  0.48      0.64   0.33     0.81         1.00   0.43 -0.14
TOPIX         0.09  0.01   0.10 -0.12        0.04    0.08  -0.18       0.18  0.03 -0.04 -0.25        -0.01  0.17  0.08  0.35     0.15          0.17      0.52     0.13  0.39      0.47   0.58     0.41         0.43   1.00  0.11
DX           -0.13 -0.03  -0.09 -0.21        0.20    0.02  -0.06      -0.74 -0.43 -0.88 -0.80        -0.67 -0.51 -0.80  0.04    -0.20         -0.42     -0.26    -0.12 -0.04     -0.59   0.13    -0.11        -0.14   0.11  1.00


********************************************************************************
                                 END OF REPORT                                  
********************************************************************************


