
********************************************************************************
                    Risk report produced on 31/08/2023 22:52                    
********************************************************************************


Total risk across all strategies, annualised percentage 12.8
Percentage of capital used for margin 60.7%

========================================
Risk per strategy, annualised percentage
========================================

                  risk
dynamic_TF_carry  12.8


===================
Risk by asset class
===================

Ags       3.2
Bond      6.3
Equity    1.6
FX        4.9
OilGas    1.1
Sector    3.4
Vol       1.9
dtype: float64


=====================================================
Beta loadings of asset class positions on asset class
=====================================================

Bond     -1.25
FX       -0.50
Vol      -0.04
OilGas   -0.02
Equity    0.02
Ags       0.24
Sector    0.24
dtype: float64


========================================================
Beta loadings of full portfolio positions on asset class
========================================================

Bond     -1.71
FX       -0.74
Vol      -0.12
OilGas    0.01
Equity    0.15
Sector    0.19
Ags       0.37
dtype: float64


==================================================================================================================================================================================================================================================================
                                                                                                                         Instrument risk                                                                                                                          
==================================================================================================================================================================================================================================================================

              daily_price_stdev  annual_price_stdev     price  daily_perc_stdev  annual_perc_stdev  point_size_base  contract_exposure  daily_risk_per_contract  annual_risk_per_contract  position  capital  exposure_held_perc_capital  annual_risk_perc_capital
US3                       0.202               3.233    103.66              0.19                3.1           1572.8             163032                      317                      5085        -2   358359                       -91.0                      -2.8
BUND                      0.718              11.495    133.15              0.54                8.6            858.6             114328                      616                      9870        -1   358359                       -31.9                      -2.8
CHF                       0.005               0.081      1.13              0.45                7.1          98301.4             111493                      497                      7956        -1   358359                       -31.1                      -2.2
DAX                     132.549            2120.790  16014.00              0.83               13.2              0.9              13750                      113                      1821        -4   358359                       -15.3                      -2.0
VIX                       0.553               8.852     16.40              3.37               54.0            786.4              12897                      435                      6960        -1   358359                        -3.6                      -1.9
JPY                       0.000               0.001      0.01              0.59                9.5        9830135.3              67768                      400                      6409        -1   358359                       -18.9                      -1.8
BOBL                      0.345               5.525    116.11              0.30                4.8            858.6              99696                      296                      4744        -1   358359                       -27.8                      -1.3
GAS_US_mini               0.124               1.982      2.77              4.47               71.5           1966.0               5445                      243                      3896        -1   358359                        -1.5                      -1.1
FTSECHINAA              151.145            2418.322  12592.00              1.20               19.2              0.8               9902                      118                      1901         1   358359                         2.8                       0.5
MXP                       0.000               0.006      0.06              0.64               10.2         393205.4              23069                      146                      2349         1   358359                         6.4                       0.7
SOYBEAN_mini             18.825             301.205   1368.00              1.38               22.0              7.9              10758                      148                      2368         1   358359                         3.0                       0.7
KOSDAQ                   28.150             450.407   1471.40              1.91               30.6              5.9               8745                      167                      2677         1   358359                         2.4                       0.7
EU-AUTO                   6.739             107.831    612.90              1.10               17.6             42.9              26313                      289                      4629         1   358359                         7.3                       1.3
NIKKEI                  326.978            5231.654  32575.00              1.00               16.1              0.5              17555                      176                      2819         2   358359                         9.8                       1.6
CNH                       0.020               0.318      7.29              0.27                4.4          10775.9              78600                      214                      3424         2   358359                        43.9                       1.9
EU-OIL                    3.633              58.133    345.30              1.05               16.8             42.9              14824                      155                      2495         4   358359                        16.5                       2.8
LIVECOW                   1.111              17.773    180.75              0.61                9.8            314.6              56857                      349                      5590         2   358359                        31.7                       3.1

Sum of abs(notional exposure % capital) 344.9
Sum of abs(annualised risk % capital) 29.2
Net sum of annualised risk % capital -2.6 

===================================================================================================================================================
                                                                   Correlations                                                                    
===================================================================================================================================================

               CNH  GAS_US_mini   VIX  BOBL  BUND   CHF   JPY   US3   DAX  EU-AUTO  FTSECHINAA  KOSDAQ  NIKKEI  EU-OIL  LIVECOW   MXP  SOYBEAN_mini
CNH           1.00         0.29  0.04 -0.28 -0.24 -0.62 -0.52 -0.51 -0.32    -0.27       -0.55   -0.21   -0.02   -0.06     0.07 -0.12         -0.05
GAS_US_mini   0.29         1.00 -0.09 -0.07 -0.02 -0.03 -0.32 -0.13 -0.01    -0.06       -0.14   -0.10    0.19    0.18    -0.08 -0.02          0.16
VIX           0.04        -0.09  1.00  0.07 -0.02  0.01  0.05  0.22 -0.60    -0.55       -0.32   -0.40   -0.57   -0.36    -0.38 -0.62         -0.27
BOBL         -0.28        -0.07  0.07  1.00  0.97  0.21  0.31  0.70  0.05    -0.09       -0.04    0.14   -0.08   -0.16    -0.14 -0.15         -0.12
BUND         -0.24        -0.02 -0.02  0.97  1.00  0.22  0.27  0.62  0.13    -0.04       -0.04    0.20    0.01   -0.13    -0.11 -0.09         -0.05
CHF          -0.62        -0.03  0.01  0.21  0.22  1.00  0.49  0.57  0.30     0.24        0.27    0.13    0.08    0.03    -0.02  0.17          0.08
JPY          -0.52        -0.32  0.05  0.31  0.27  0.49  1.00  0.60  0.06     0.02        0.14   -0.05   -0.32   -0.05    -0.09  0.14          0.01
US3          -0.51        -0.13  0.22  0.70  0.62  0.57  0.60  1.00  0.03    -0.12        0.08   -0.09   -0.20   -0.12    -0.16 -0.06         -0.15
DAX          -0.32        -0.01 -0.60  0.05  0.13  0.30  0.06  0.03  1.00     0.85        0.37    0.54    0.67    0.35     0.18  0.49          0.20
EU-AUTO      -0.27        -0.06 -0.55 -0.09 -0.04  0.24  0.02 -0.12  0.85     1.00        0.41    0.48    0.59    0.33     0.23  0.42          0.17
FTSECHINAA   -0.55        -0.14 -0.32 -0.04 -0.04  0.27  0.14  0.08  0.37     0.41        1.00    0.25    0.29    0.29     0.01  0.27          0.05
KOSDAQ       -0.21        -0.10 -0.40  0.14  0.20  0.13 -0.05 -0.09  0.54     0.48        0.25    1.00    0.46    0.27     0.08  0.25          0.24
NIKKEI       -0.02         0.19 -0.57 -0.08  0.01  0.08 -0.32 -0.20  0.67     0.59        0.29    0.46    1.00    0.34     0.24  0.36          0.15
EU-OIL       -0.06         0.18 -0.36 -0.16 -0.13  0.03 -0.05 -0.12  0.35     0.33        0.29    0.27    0.34    1.00     0.03  0.42          0.36
LIVECOW       0.07        -0.08 -0.38 -0.14 -0.11 -0.02 -0.09 -0.16  0.18     0.23        0.01    0.08    0.24    0.03     1.00  0.14          0.07
MXP          -0.12        -0.02 -0.62 -0.15 -0.09  0.17  0.14 -0.06  0.49     0.42        0.27    0.25    0.36    0.42     0.14  1.00          0.24
SOYBEAN_mini -0.05         0.16 -0.27 -0.12 -0.05  0.08  0.01 -0.15  0.20     0.17        0.05    0.24    0.15    0.36     0.07  0.24          1.00


********************************************************************************
                                 END OF REPORT                                  
********************************************************************************


