
********************************************************************************
                    Risk report produced on 31/10/2023 22:52                    
********************************************************************************


Total risk across all strategies, annualised percentage 11.5
Percentage of capital used for margin 53.2%

========================================
Risk per strategy, annualised percentage
========================================

                  risk
dynamic_TF_carry  11.6


===================
Risk by asset class
===================

Ags       1.9
Bond      5.7
Equity    4.3
FX        5.9
Metals    0.4
Sector    2.8
dtype: float64


=====================================================
Beta loadings of asset class positions on asset class
=====================================================

FX       -0.82
Bond     -0.51
Equity   -0.27
Metals   -0.00
Ags       0.06
Sector    0.16
dtype: float64


========================================================
Beta loadings of full portfolio positions on asset class
========================================================

FX       -1.21
Bond     -0.78
Equity   -0.32
Metals   -0.18
Ags       0.07
Sector    0.10
dtype: float64


==================================================================================================================================================================================================================================================================
                                                                                                                         Instrument risk                                                                                                                          
==================================================================================================================================================================================================================================================================

              daily_price_stdev  annual_price_stdev     price  daily_perc_stdev  annual_perc_stdev  point_size_base  contract_exposure  daily_risk_per_contract  annual_risk_per_contract  position  capital  exposure_held_perc_capital  annual_risk_perc_capital
US20                      1.114              17.821    108.78              1.02               16.4            823.0              89528                      916                     14666        -1   392130                       -22.8                      -3.7
DAX                     134.562            2152.995  14875.00              0.90               14.5              0.9              12989                      117                      1880        -6   392130                       -19.9                      -2.9
BUND                      0.662              10.597    129.10              0.51                8.2            873.3             112737                      578                      9253        -1   392130                       -28.7                      -2.4
CHF                       0.005               0.081      1.10              0.46                7.3         102876.4             113663                      520                      8334        -1   392130                       -29.0                      -2.1
JPY                       0.000               0.001      0.01              0.58                9.3       10287642.5              68371                      397                      6358        -1   392130                       -17.4                      -1.6
RUSSELL                  22.177             354.837   1665.20              1.33               21.3              4.1               6852                       91                      1460        -4   392130                        -7.0                      -1.5
AUD                       0.004               0.065      0.64              0.64               10.3          82301.1              52285                      334                      5359        -1   392130                       -13.3                      -1.4
NASDAQ_micro            186.166            2978.661  14451.00              1.29               20.6              1.6              23786                      306                      4902        -1   392130                        -6.1                      -1.3
GBP                       0.006               0.095      1.22              0.49                7.8          51438.2              62512                      306                      4902        -1   392130                       -15.9                      -1.3
NZD                       0.004               0.058      0.58              0.62                9.9          82301.1              47940                      296                      4745        -1   392130                       -12.2                      -1.2
EURO600                   3.743              59.882    435.00              0.86               13.8             43.7              18993                      163                      2614        -1   392130                        -4.8                      -0.7
COPPER-micro              0.041               0.660      3.65              1.13               18.1           2057.5               7517                       84                      1357        -1   392130                        -1.9                      -0.3
BITCOIN                 867.239           13875.826  34880.00              2.49               39.8              0.1               2870                       71                      1141         1   392130                         0.7                       0.3
MXP                       0.000               0.007      0.06              0.74               11.9         411505.7              22632                      168                      2694         2   392130                        11.5                       1.4
LEANHOG                   1.400              22.407     74.60              1.88               30.0            329.2              24558                      461                      7376         1   392130                         6.3                       1.9
NIKKEI                  352.790            5644.635  30780.00              1.15               18.3              0.5              16864                      193                      3092         3   392130                        12.9                       2.4
EU-OIL                    3.984              63.740    357.10              1.12               17.8             43.7              15591                      173                      2783         4   392130                        15.9                       2.8

Sum of abs(notional exposure % capital) 226.3
Sum of abs(annualised risk % capital) 29.2
Net sum of annualised risk % capital -11.6 

==================================================================================================================================================
                                                                   Correlations                                                                   
==================================================================================================================================================

               DAX  EURO600  NASDAQ_micro  NIKKEI  RUSSELL  EU-OIL  LEANHOG   MXP   AUD   CHF  COPPER-micro   GBP   JPY   NZD  BUND  US20  BITCOIN
DAX           1.00     0.93          0.58    0.65     0.68    0.44     0.30  0.50  0.41  0.31          0.35  0.37  0.13  0.36  0.14  0.20    -0.02
EURO600       0.93     1.00          0.59    0.71     0.72    0.57     0.24  0.54  0.42  0.31          0.37  0.34  0.10  0.34  0.20  0.28    -0.02
NASDAQ_micro  0.58     0.59          1.00    0.58     0.76    0.07     0.15  0.23  0.46  0.37          0.30  0.48  0.24  0.42  0.25  0.20     0.24
NIKKEI        0.65     0.71          0.58    1.00     0.58    0.47     0.17  0.37  0.24  0.18          0.18  0.17 -0.21  0.14  0.04  0.25    -0.03
RUSSELL       0.68     0.72          0.76    0.58     1.00    0.35     0.30  0.40  0.51  0.29          0.41  0.41  0.18  0.38  0.09  0.09     0.15
EU-OIL        0.44     0.57          0.07    0.47     0.35    1.00     0.09  0.41  0.18  0.08          0.26  0.05 -0.03  0.05 -0.07  0.06    -0.18
LEANHOG       0.30     0.24          0.15    0.17     0.30    0.09     1.00  0.05  0.19  0.06          0.20  0.19  0.07  0.25 -0.01  0.01    -0.10
MXP           0.50     0.54          0.23    0.37     0.40    0.41     0.05  1.00  0.38  0.16          0.43  0.22  0.16  0.23 -0.05  0.14     0.01
AUD           0.41     0.42          0.46    0.24     0.51    0.18     0.19  0.38  1.00  0.50          0.57  0.61  0.52  0.84  0.10  0.10     0.22
CHF           0.31     0.31          0.37    0.18     0.29    0.08     0.06  0.16  0.50  1.00          0.40  0.63  0.53  0.47  0.19  0.29    -0.06
COPPER-micro  0.35     0.37          0.30    0.18     0.41    0.26     0.20  0.43  0.57  0.40          1.00  0.46  0.45  0.48 -0.00  0.07     0.19
GBP           0.37     0.34          0.48    0.17     0.41    0.05     0.19  0.22  0.61  0.63          0.46  1.00  0.45  0.66  0.25  0.20     0.15
JPY           0.13     0.10          0.24   -0.21     0.18   -0.03     0.07  0.16  0.52  0.53          0.45  0.45  1.00  0.50  0.28  0.27    -0.02
NZD           0.36     0.34          0.42    0.14     0.38    0.05     0.25  0.23  0.84  0.47          0.48  0.66  0.50  1.00  0.15  0.14     0.22
BUND          0.14     0.20          0.25    0.04     0.09   -0.07    -0.01 -0.05  0.10  0.19         -0.00  0.25  0.28  0.15  1.00  0.71     0.16
US20          0.20     0.28          0.20    0.25     0.09    0.06     0.01  0.14  0.10  0.29          0.07  0.20  0.27  0.14  0.71  1.00    -0.03
BITCOIN      -0.02    -0.02          0.24   -0.03     0.15   -0.18    -0.10  0.01  0.22 -0.06          0.19  0.15 -0.02  0.22  0.16 -0.03     1.00


********************************************************************************
                                 END OF REPORT                                  
********************************************************************************


