
********************************************************************************
                    Risk report produced on 31/03/2025 22:52                    
********************************************************************************


Total risk across all strategies, annualised percentage 9.2
Percentage of capital used for margin 65.3%

========================================
Risk per strategy, annualised percentage
========================================

                  risk
dynamic_TF_carry   9.1


===================
Risk by asset class
===================

Ags       3.0
Bond      2.6
Equity    5.8
FX        3.0
Metals    2.2
dtype: float64


=====================================================
Beta loadings of asset class positions on asset class
=====================================================

Bond     -0.16
Metals   -0.07
Ags       0.04
Equity    0.29
FX        0.40
dtype: float64


========================================================
Beta loadings of full portfolio positions on asset class
========================================================

Bond     -0.38
Metals    0.05
Ags       0.10
Equity    0.34
FX        0.57
dtype: float64


==================================================================================================================================================================================================================================================================
                                                                                                                         Instrument risk                                                                                                                          
==================================================================================================================================================================================================================================================================

              daily_price_stdev  annual_price_stdev     price  daily_perc_stdev  annual_perc_stdev  point_size_base  contract_exposure  daily_risk_per_contract  annual_risk_per_contract  position  capital  exposure_held_perc_capital  annual_risk_perc_capital
BUXL                      1.294              20.708    119.48              1.08               17.3            836.1              99901                     1082                     17314        -1   577539                       -17.3                      -3.0
LEANHOG                   1.366              21.860     95.52              1.43               22.9            308.7              29491                      421                      6748        -2   577539                       -10.2                      -2.3
BITCOIN                2528.158           40450.529  83635.00              3.02               48.4              0.1               6455                      195                      3122        -4   577539                        -4.5                      -2.2
CHF                       0.004               0.070      1.14              0.38                6.1          96478.9             110058                      421                      6740        -1   577539                       -19.1                      -1.2
KOSDAQ                   23.522             376.355   1120.30              2.10               33.6              5.2               5877                      123                      1974        -3   577539                        -3.1                      -1.0
SP500_micro              57.113             913.810   5636.75              1.01               16.2              3.9              21753                      220                      3526        -1   577539                        -3.8                      -0.6
RUSSELL                  26.063             417.014   2030.20              1.28               20.5              3.9               7834                      100                      1609        -2   577539                        -2.7                      -0.6
CAD                       0.002               0.038      0.70              0.34                5.4          77183.1              53893                      182                      2919        -1   577539                        -9.3                      -0.5
COPPER-micro              0.071               1.136      5.10              1.39               22.3           1929.6               9838                      137                      2192        -1   577539                        -1.7                      -0.4
MUMMY                     9.031             144.497    646.00              1.40               22.4              5.2               3344                       46                       748         1   577539                         0.6                       0.1
DAX                     256.734            4107.742  22387.00              1.15               18.3              0.8              18718                      214                      3434         1   577539                         3.2                       0.6
NIKKEI                  477.158            7634.529  35650.00              1.34               21.4              0.5              18456                      247                      3952         1   577539                         3.2                       0.7
CAD10                     0.535               8.556    124.31              0.43                6.9            539.3              67035                      288                      4613         1   577539                        11.6                       0.8
TOPIX                    28.536             456.580   2663.75              1.07               17.1              5.2              13790                      147                      2363         2   577539                         4.8                       0.8
MSCISING                  4.185              66.965    385.75              1.08               17.4             57.6              22203                      240                      3854         2   577539                         7.7                       1.3
YENEUR                    0.985              15.755    161.66              0.61                9.7            647.2             104619                      637                     10196         1   577539                        18.1                       1.8
FEEDCOW                   2.080              33.288    289.68              0.72               11.5            385.9             111790                      802                     12846         1   577539                        19.4                       2.2
GBP                       0.005               0.082      1.29              0.40                6.3          48239.5              62291                      247                      3955         4   577539                        43.1                       2.7
MIB                     387.293            6196.685  37365.00              1.04               16.6              4.2             156210                     1619                     25906         1   577539                        27.0                       4.5

Sum of abs(notional exposure % capital) 210.4
Sum of abs(annualised risk % capital) 27.3
Net sum of annualised risk % capital 3.7 

======================================================================================================================================================================
                                                                             Correlations                                                                             
======================================================================================================================================================================

              FEEDCOW  YENEUR  BITCOIN  LEANHOG   CAD   CHF  COPPER-micro   GBP  BUXL  CAD10   DAX  KOSDAQ   MIB  MSCISING  MUMMY  NIKKEI  RUSSELL  SP500_micro  TOPIX
FEEDCOW          1.00    0.17    -0.18     0.14 -0.13 -0.24          0.21 -0.00 -0.02  -0.13  0.09    0.13  0.11      0.08   0.20    0.28     0.11         0.08   0.29
YENEUR           0.17    1.00    -0.05     0.03  0.09 -0.07          0.22  0.16 -0.52  -0.51  0.14   -0.07  0.06      0.11   0.05    0.30    -0.15         0.06   0.31
BITCOIN         -0.18   -0.05     1.00     0.19  0.16  0.02         -0.10  0.05 -0.05  -0.09  0.22   -0.13  0.17      0.39   0.06    0.11     0.41         0.38   0.09
LEANHOG          0.14    0.03     0.19     1.00  0.09  0.12          0.21  0.02  0.06  -0.03  0.16    0.02  0.15      0.07   0.18    0.06     0.29         0.18   0.11
CAD             -0.13    0.09     0.16     0.09  1.00  0.52          0.46  0.55 -0.07  -0.08  0.35    0.10  0.26      0.27   0.14    0.18     0.33         0.39   0.11
CHF             -0.24   -0.07     0.02     0.12  0.52  1.00          0.25  0.60 -0.06   0.13  0.19   -0.01  0.04     -0.06  -0.03   -0.12    -0.02        -0.04  -0.13
COPPER-micro     0.21    0.22    -0.10     0.21  0.46  0.25          1.00  0.46 -0.19  -0.07  0.35    0.29  0.37      0.22   0.11    0.25     0.13         0.24   0.20
GBP             -0.00    0.16     0.05     0.02  0.55  0.60          0.46  1.00 -0.22   0.13  0.44    0.12  0.32      0.21   0.14    0.28     0.21         0.21   0.30
BUXL            -0.02   -0.52    -0.05     0.06 -0.07 -0.06         -0.19 -0.22  1.00   0.65 -0.04    0.13  0.09     -0.05   0.19    0.08     0.21         0.16   0.01
CAD10           -0.13   -0.51    -0.09    -0.03 -0.08  0.13         -0.07  0.13  0.65   1.00  0.13    0.05  0.14     -0.04   0.05   -0.02     0.11         0.04   0.01
DAX              0.09    0.14     0.22     0.16  0.35  0.19          0.35  0.44 -0.04   0.13  1.00    0.18  0.72      0.52   0.14    0.42     0.36         0.46   0.40
KOSDAQ           0.13   -0.07    -0.13     0.02  0.10 -0.01          0.29  0.12  0.13   0.05  0.18    1.00  0.29      0.21   0.30    0.46     0.24         0.32   0.44
MIB              0.11    0.06     0.17     0.15  0.26  0.04          0.37  0.32  0.09   0.14  0.72    0.29  1.00      0.50   0.23    0.41     0.38         0.45   0.38
MSCISING         0.08    0.11     0.39     0.07  0.27 -0.06          0.22  0.21 -0.05  -0.04  0.52    0.21  0.50      1.00   0.26    0.43     0.41         0.59   0.42
MUMMY            0.20    0.05     0.06     0.18  0.14 -0.03          0.11  0.14  0.19   0.05  0.14    0.30  0.23      0.26   1.00    0.52     0.32         0.29   0.59
NIKKEI           0.28    0.30     0.11     0.06  0.18 -0.12          0.25  0.28  0.08  -0.02  0.42    0.46  0.41      0.43   0.52    1.00     0.38         0.55   0.92
RUSSELL          0.11   -0.15     0.41     0.29  0.33 -0.02          0.13  0.21  0.21   0.11  0.36    0.24  0.38      0.41   0.32    0.38     1.00         0.77   0.34
SP500_micro      0.08    0.06     0.38     0.18  0.39 -0.04          0.24  0.21  0.16   0.04  0.46    0.32  0.45      0.59   0.29    0.55     0.77         1.00   0.46
TOPIX            0.29    0.31     0.09     0.11  0.11 -0.13          0.20  0.30  0.01   0.01  0.40    0.44  0.38      0.42   0.59    0.92     0.34         0.46   1.00


********************************************************************************
                                 END OF REPORT                                  
********************************************************************************


