
********************************************************************************
                    Risk report produced on 10/06/2025 22:53                    
********************************************************************************


Total risk across all strategies, annualised percentage 9.8
Percentage of capital used for margin 39.2%

========================================
Risk per strategy, annualised percentage
========================================

                  risk
dynamic_TF_carry   9.8


===================
Risk by asset class
===================

Ags       2.8
Bond      1.1
Equity    6.0
FX        2.9
Metals    2.2
OilGas    3.3
Vol       0.1
dtype: float64


=====================================================
Beta loadings of asset class positions on asset class
=====================================================

OilGas   -0.06
Bond      0.00
Vol      -0.00
Metals    0.07
Ags       0.16
FX        0.33
Equity    0.41
dtype: float64


========================================================
Beta loadings of full portfolio positions on asset class
========================================================

Vol      -0.15
OilGas   -0.06
Bond     -0.03
Metals    0.22
Ags       0.28
Equity    0.53
FX        0.71
dtype: float64


=================================================================================================================================================================================================================================================================
                                                                                                                         Instrument risk                                                                                                                         
=================================================================================================================================================================================================================================================================

             daily_price_stdev  annual_price_stdev     price  daily_perc_stdev  annual_perc_stdev  point_size_base  contract_exposure  daily_risk_per_contract  annual_risk_per_contract  position  capital  exposure_held_perc_capital  annual_risk_perc_capital
GAS-PEN                  0.121               1.929      3.72              3.24               51.9           7390.3              27491                      891                     14256        -1   539366                        -5.1                      -2.6
DX                       0.429               6.859     98.60              0.43                7.0            739.0              72871                      316                      5069        -2   539366                       -27.0                      -1.9
US10U                    0.552               8.828    112.05              0.49                7.9            739.0              82805                      407                      6523        -1   539366                       -15.4                      -1.2
WHEAT                    7.668             122.684    570.50              1.34               21.5             37.0              21080                      283                      4533        -1   539366                        -3.9                      -0.8
GAS_US_mini              0.123               1.974      3.64              3.39               54.3           1847.6               6715                      227                      3646        -1   539366                        -1.2                      -0.7
DOW                    418.547            6696.754  43230.00              0.97               15.5              0.4              15974                      154                      2474        -1   539366                        -3.0                      -0.5
IRON                     1.208              19.329     93.45              1.29               20.7             73.9               6906                       89                      1428        -1   539366                        -1.3                      -0.3
V2X                      0.488               7.816     19.70              2.48               39.7             84.3               1659                       41                       658        -1   539366                        -0.3                      -0.1
MUMMY                   10.285             164.558    751.00              1.37               21.9              5.1               3838                       52                       841         1   539366                         0.7                       0.2
IBEX_mini              119.533            1912.529  14235.00              0.84               13.4              0.8              11994                      100                      1611         1   539366                         2.2                       0.3
MXP                      0.000               0.005      0.05              0.60                9.6         369513.6              19177                      114                      1833         1   539366                         3.6                       0.3
TOPIX                   31.855             509.688   2798.75              1.14               18.2              5.1              14305                      162                      2605         1   539366                         2.7                       0.5
CAD                      0.003               0.043      0.73              0.37                5.9          73902.7              54240                      198                      3179         1   539366                        10.1                       0.6
MSCISING                 4.131              66.095    412.40              1.00               16.0             57.4              23679                      237                      3795         1   539366                         4.4                       0.7
NIKKEI                 487.943            7807.096  38430.00              1.27               20.3              0.5              19643                      249                      3990         1   539366                         3.6                       0.7
CANOLA                   8.751             140.011    692.80              1.26               20.2             10.8               7467                       94                      1509         3   539366                         4.2                       0.8
BTP                      0.400               6.397    121.13              0.33                5.3            842.6             102067                      336                      5390         1   539366                        18.9                       1.0
YENEUR                   0.803              12.846    165.55              0.48                7.8            638.9             105774                      512                      8207         1   539366                        19.6                       1.5
PLAT                    20.226             323.624   1224.70              1.65               26.4             37.0              45254                      747                     11958         1   539366                         8.4                       2.2
FEEDCOW                  2.483              39.733    312.50              0.79               12.7            369.5             115473                      917                     14681         1   539366                        21.4                       2.7
MIB                    377.552            6040.824  40275.00              0.94               15.0              4.2             169684                     1590                     25450         1   539366                        31.5                       4.7

Sum of abs(notional exposure % capital) 188.5
Sum of abs(annualised risk % capital) 24.3
Net sum of annualised risk % capital 8.1 

=========================================================================================================================================================================
                                                                              Correlations                                                                               
=========================================================================================================================================================================

              CAD  CANOLA  GAS-PEN  GAS_US_mini  WHEAT   BTP  FEEDCOW  IRON   MXP  PLAT  US10U   DOW  IBEX_mini   MIB  MSCISING  MUMMY  NIKKEI  TOPIX    DX  YENEUR   V2X
CAD          1.00    0.31     0.16         0.12   0.27  0.05    -0.04  0.02  0.31  0.24   0.19 -0.01       0.18 -0.01      0.03   0.08   -0.07  -0.14 -0.67    0.06  0.07
CANOLA       0.31    1.00     0.02        -0.00   0.23  0.02    -0.07  0.07  0.15 -0.05  -0.13  0.06       0.15  0.04      0.01  -0.10   -0.03  -0.09 -0.20    0.09  0.03
GAS-PEN      0.16    0.02     1.00         0.95   0.14 -0.18     0.14 -0.03  0.10 -0.00   0.16  0.03      -0.00  0.03      0.15  -0.07   -0.06  -0.08  0.06    0.07  0.01
GAS_US_mini  0.12   -0.00     0.95         1.00   0.15 -0.22     0.19  0.02  0.12 -0.02   0.15 -0.00       0.02  0.09      0.20  -0.06   -0.09  -0.11  0.09    0.07  0.03
WHEAT        0.27    0.23     0.14         0.15   1.00 -0.03     0.05  0.28  0.20  0.23  -0.04 -0.09       0.08  0.00     -0.04   0.03   -0.06  -0.06 -0.22   -0.14 -0.01
BTP          0.05    0.02    -0.18        -0.22  -0.03  1.00     0.11  0.03  0.13 -0.02   0.48  0.17       0.28  0.17      0.08   0.15    0.12   0.06  0.01   -0.40 -0.19
FEEDCOW     -0.04   -0.07     0.14         0.19   0.05  0.11     1.00  0.09  0.30  0.30   0.13  0.15       0.27  0.31      0.27   0.30    0.22   0.25  0.04    0.16 -0.28
IRON         0.02    0.07    -0.03         0.02   0.28  0.03     0.09  1.00  0.12  0.07   0.07  0.17       0.07  0.08      0.10   0.15    0.18   0.18  0.05   -0.17 -0.16
MXP          0.31    0.15     0.10         0.12   0.20  0.13     0.30  0.12  1.00  0.43   0.19  0.06       0.30  0.28      0.25   0.09    0.09   0.08 -0.34    0.18 -0.24
PLAT         0.24   -0.05    -0.00        -0.02   0.23 -0.02     0.30  0.07  0.43  1.00  -0.06  0.18       0.32  0.32      0.25   0.28    0.18   0.24 -0.22    0.20 -0.24
US10U        0.19   -0.13     0.16         0.15  -0.04  0.48     0.13  0.07  0.19 -0.06   1.00  0.10       0.35  0.20      0.22   0.09   -0.09  -0.07 -0.30   -0.42 -0.16
DOW         -0.01    0.06     0.03        -0.00  -0.09  0.17     0.15  0.17  0.06  0.18   0.10  1.00       0.46  0.57      0.56   0.35    0.52   0.51  0.19   -0.01 -0.65
IBEX_mini    0.18    0.15    -0.00         0.02   0.08  0.28     0.27  0.07  0.30  0.32   0.35  0.46       1.00  0.84      0.70   0.37    0.29   0.31 -0.09   -0.04 -0.62
MIB         -0.01    0.04     0.03         0.09   0.00  0.17     0.31  0.08  0.28  0.32   0.20  0.57       0.84  1.00      0.74   0.44    0.43   0.47  0.09    0.05 -0.71
MSCISING     0.03    0.01     0.15         0.20  -0.04  0.08     0.27  0.10  0.25  0.25   0.22  0.56       0.70  0.74      1.00   0.42    0.45   0.47  0.12    0.08 -0.68
MUMMY        0.08   -0.10    -0.07        -0.06   0.03  0.15     0.30  0.15  0.09  0.28   0.09  0.35       0.37  0.44      0.42   1.00    0.53   0.59  0.09    0.09 -0.45
NIKKEI      -0.07   -0.03    -0.06        -0.09  -0.06  0.12     0.22  0.18  0.09  0.18  -0.09  0.52       0.29  0.43      0.45   0.53    1.00   0.94  0.19    0.33 -0.55
TOPIX       -0.14   -0.09    -0.08        -0.11  -0.06  0.06     0.25  0.18  0.08  0.24  -0.07  0.51       0.31  0.47      0.47   0.59    0.94   1.00  0.21    0.33 -0.56
DX          -0.67   -0.20     0.06         0.09  -0.22  0.01     0.04  0.05 -0.34 -0.22  -0.30  0.19      -0.09  0.09      0.12   0.09    0.19   0.21  1.00   -0.00 -0.18
YENEUR       0.06    0.09     0.07         0.07  -0.14 -0.40     0.16 -0.17  0.18  0.20  -0.42 -0.01      -0.04  0.05      0.08   0.09    0.33   0.33 -0.00    1.00 -0.12
V2X          0.07    0.03     0.01         0.03  -0.01 -0.19    -0.28 -0.16 -0.24 -0.24  -0.16 -0.65      -0.62 -0.71     -0.68  -0.45   -0.55  -0.56 -0.18   -0.12  1.00


********************************************************************************
                                 END OF REPORT                                  
********************************************************************************


