
********************************************************************************
                    Risk report produced on 29/11/2024 22:52                    
********************************************************************************


Total risk across all strategies, annualised percentage 12.5
Percentage of capital used for margin 71.8%

========================================
Risk per strategy, annualised percentage
========================================

                  risk
dynamic_TF_carry  12.5


===================
Risk by asset class
===================

Ags       5.7
Equity    5.3
FX        4.3
Metals    2.4
OilGas    3.7
Other     0.8
Vol       2.1
dtype: float64


=====================================================
Beta loadings of asset class positions on asset class
=====================================================

FX       -0.62
OilGas   -0.12
Metals   -0.09
Vol      -0.04
Other     0.03
Ags       0.33
Equity    0.35
dtype: float64


========================================================
Beta loadings of full portfolio positions on asset class
========================================================

FX       -0.87
Vol      -0.20
OilGas   -0.09
Metals   -0.06
Other     0.01
Ags       0.26
Equity    0.53
dtype: float64


===================================================================================================================================================================================================================================================================
                                                                                                                          Instrument risk                                                                                                                          
===================================================================================================================================================================================================================================================================

               daily_price_stdev  annual_price_stdev     price  daily_perc_stdev  annual_perc_stdev  point_size_base  contract_exposure  daily_risk_per_contract  annual_risk_per_contract  position  capital  exposure_held_perc_capital  annual_risk_perc_capital
CHF                        0.006               0.088      1.14              0.48                7.7          98334.6             111919                      541                      8665        -2   580190                       -38.6                      -3.0
BRENT-LAST                 1.331              21.293     72.03              1.85               29.6            786.7              56664                     1046                     16750        -1   580190                        -9.8                      -2.9
ALUMINIUM                 42.479             679.667   2582.00              1.65               26.3             19.7              50779                      835                     13366        -1   580190                        -8.8                      -2.3
VIX                        0.495               7.926     16.25              3.05               48.8            786.7              12783                      389                      6235        -2   580190                        -4.4                      -2.1
JPY                        0.000               0.001      0.01              0.73               11.7        9833460.5              65849                      483                      7735        -1   580190                       -11.3                      -1.3
KOSDAQ                    23.684             378.942   1138.60              2.08               33.3              5.6               6330                      131                      2106        -3   580190                        -3.3                      -1.1
CRUDE_W_micro              1.345              21.521     68.32              1.97               31.5             78.7               5374                      105                      1693        -3   580190                        -2.8                      -0.9
SOYMEAL                    3.763              60.207    293.20              1.28               20.5             78.7              23065                      296                      4736        -1   580190                        -4.0                      -0.8
CAD                        0.002               0.037      0.71              0.32                5.1          78667.7              56223                      179                      2879        -1   580190                        -9.7                      -0.5
IRON                       2.007              32.109    103.40              1.94               31.1             78.7               8134                      157                      2525        -1   580190                        -1.4                      -0.4
EURO600                    3.662              58.596    510.80              0.72               11.5             41.6              21250                      152                      2437        -1   580190                        -3.7                      -0.4
CANOLA                    10.556             168.900    585.60              1.80               28.8             11.2               6577                      118                      1896        -1   580190                        -1.1                      -0.3
MILLWHEAT                  2.630              42.088    222.00              1.18               19.0             41.6               9235                      109                      1750        -1   580190                        -1.6                      -0.3
MUMMY                     10.407             166.504    634.00              1.64               26.3              5.2               3323                       54                       872         1   580190                         0.6                       0.2
TOPIX                     28.174             450.784   2677.00              1.05               16.8              5.2              14034                      147                      2363         1   580190                         2.4                       0.4
GOLD_micro                29.403             470.451   2674.10              1.10               17.6              7.9              21036                      231                      3700         1   580190                         3.6                       0.6
RUSSELL                   29.738             475.804   2446.80              1.22               19.4              3.9               9624                      116                      1871         2   580190                         3.3                       0.6
RUBBER                     3.616              57.859    198.80              1.82               29.1             39.3               7819                      142                      2275         2   580190                         2.7                       0.8
MSCISING                   2.992              47.873    372.95              0.80               12.8             58.8              21912                      175                      2812         2   580190                         7.6                       1.0
LEANHOG                    1.136              18.170     86.40              1.31               21.0            314.7              27187                      357                      5717         1   580190                         4.7                       1.0
FANG                     146.537            2344.600  12430.20              1.18               18.9              3.9              48892                      576                      9222         1   580190                         8.4                       1.6
FTSETAIWAN                19.875             317.999   1853.50              1.07               17.2             31.5              58324                      625                     10006         1   580190                        10.1                       1.7
FEEDCOW                    1.751              28.008    258.30              0.68               10.8            393.3             101599                      688                     11016         1   580190                        17.5                       1.9
DOW                      325.772            5212.358  45055.00              0.72               11.6              0.4              17721                      128                      2050         6   580190                        18.3                       2.1
COCOA                    215.208            3443.334   8986.00              2.39               38.3              7.9              70690                     1692                     27087         1   580190                        12.2                       4.7

Sum of abs(notional exposure % capital) 191.9
Sum of abs(annualised risk % capital) 32.9
Net sum of annualised risk % capital 0.3 

====================================================================================================================================================================================================================================
                                                                                                            Correlations                                                                                                            
====================================================================================================================================================================================================================================

                CHF   JPY   VIX   DOW  EURO600  FANG  FTSETAIWAN  KOSDAQ  MSCISING  MUMMY  RUSSELL  TOPIX  CANOLA  IRON  LEANHOG  MILLWHEAT  RUBBER  SOYMEAL  BRENT-LAST  CRUDE_W_micro  FEEDCOW  ALUMINIUM   CAD  COCOA  GOLD_micro
CHF            1.00  0.72  0.52 -0.31    -0.26 -0.37       -0.44   -0.32     -0.37  -0.42    -0.24  -0.60   -0.16  0.08     0.13      -0.19    0.17     0.19       -0.09          -0.12    -0.36       0.05  0.39  -0.05        0.24
JPY            0.72  1.00  0.43 -0.16    -0.36 -0.38       -0.52   -0.45     -0.31  -0.48    -0.09  -0.71   -0.31  0.06    -0.03      -0.14    0.19     0.27       -0.23          -0.25    -0.45       0.01  0.22   0.00        0.21
VIX            0.52  0.43  1.00 -0.73    -0.61 -0.62       -0.63   -0.51     -0.69  -0.69    -0.62  -0.71   -0.15  0.18     0.10      -0.05    0.01     0.13        0.12           0.09    -0.26       0.01 -0.15  -0.08        0.19
DOW           -0.31 -0.16 -0.73  1.00     0.68  0.53        0.48    0.30      0.62   0.54     0.88   0.46    0.01 -0.05     0.03       0.01    0.08     0.02       -0.17          -0.17     0.24      -0.03  0.28   0.08       -0.13
EURO600       -0.26 -0.36 -0.61  0.68     1.00  0.50        0.68    0.58      0.57   0.58     0.63   0.65    0.09  0.12    -0.00      -0.00    0.20    -0.00       -0.04          -0.04     0.29       0.20  0.36  -0.01        0.08
FANG          -0.37 -0.38 -0.62  0.53     0.50  1.00        0.68    0.46      0.48   0.48     0.51   0.53    0.04 -0.02    -0.06      -0.03   -0.10    -0.14        0.03           0.01     0.28       0.10  0.13   0.01       -0.05
FTSETAIWAN    -0.44 -0.52 -0.63  0.48     0.68  0.68        1.00    0.75      0.59   0.73     0.52   0.80    0.06  0.04    -0.08      -0.03    0.02    -0.28        0.23           0.23     0.33       0.25  0.24  -0.04        0.13
KOSDAQ        -0.32 -0.45 -0.51  0.30     0.58  0.46        0.75    1.00      0.45   0.67     0.34   0.73    0.09  0.12    -0.04       0.03    0.05    -0.22        0.29           0.29     0.30       0.20  0.21   0.04        0.03
MSCISING      -0.37 -0.31 -0.69  0.62     0.57  0.48        0.59    0.45      1.00   0.68     0.59   0.62   -0.01 -0.08     0.00      -0.08   -0.00    -0.14        0.01           0.01     0.35       0.25  0.24   0.15       -0.01
MUMMY         -0.42 -0.48 -0.69  0.54     0.58  0.48        0.73    0.67      0.68   1.00     0.53   0.87    0.05 -0.04    -0.01      -0.15    0.07    -0.27        0.19           0.21     0.33       0.09  0.19   0.11       -0.02
RUSSELL       -0.24 -0.09 -0.62  0.88     0.63  0.51        0.52    0.34      0.59   0.53     1.00   0.46   -0.00  0.06     0.06      -0.07    0.05    -0.04       -0.11          -0.15     0.21       0.05  0.31   0.04       -0.05
TOPIX         -0.60 -0.71 -0.71  0.46     0.65  0.53        0.80    0.73      0.62   0.87     0.46   1.00    0.22  0.01    -0.04       0.02    0.06    -0.28        0.24           0.25     0.40       0.13  0.09   0.04       -0.04
CANOLA        -0.16 -0.31 -0.15  0.01     0.09  0.04        0.06    0.09     -0.01   0.05    -0.00   0.22    1.00  0.03     0.20       0.37    0.14     0.18        0.09           0.10     0.03      -0.02  0.01  -0.19       -0.13
IRON           0.08  0.06  0.18 -0.05     0.12 -0.02        0.04    0.12     -0.08  -0.04     0.06   0.01    0.03  1.00    -0.03       0.07    0.32     0.26        0.09           0.04     0.06       0.46  0.12  -0.09        0.02
LEANHOG        0.13 -0.03  0.10  0.03    -0.00 -0.06       -0.08   -0.04      0.00  -0.01     0.06  -0.04    0.20 -0.03     1.00       0.10   -0.06     0.06        0.12           0.09     0.15       0.15  0.14  -0.07        0.07
MILLWHEAT     -0.19 -0.14 -0.05  0.01    -0.00 -0.03       -0.03    0.03     -0.08  -0.15    -0.07   0.02    0.37  0.07     0.10       1.00   -0.01     0.23        0.00           0.00    -0.03      -0.01 -0.02  -0.16       -0.07
RUBBER         0.17  0.19  0.01  0.08     0.20 -0.10        0.02    0.05     -0.00   0.07     0.05   0.06    0.14  0.32    -0.06      -0.01    1.00     0.28        0.11           0.11    -0.06       0.25  0.22  -0.04        0.06
SOYMEAL        0.19  0.27  0.13  0.02    -0.00 -0.14       -0.28   -0.22     -0.14  -0.27    -0.04  -0.28    0.18  0.26     0.06       0.23    0.28     1.00       -0.26          -0.26    -0.18      -0.03  0.07  -0.20       -0.07
BRENT-LAST    -0.09 -0.23  0.12 -0.17    -0.04  0.03        0.23    0.29      0.01   0.19    -0.11   0.24    0.09  0.09     0.12       0.00    0.11    -0.26        1.00           0.97     0.27       0.28  0.13  -0.02        0.20
CRUDE_W_micro -0.12 -0.25  0.09 -0.17    -0.04  0.01        0.23    0.29      0.01   0.21    -0.15   0.25    0.10  0.04     0.09       0.00    0.11    -0.26        0.97           1.00     0.26       0.25  0.08  -0.00        0.19
FEEDCOW       -0.36 -0.45 -0.26  0.24     0.29  0.28        0.33    0.30      0.35   0.33     0.21   0.40    0.03  0.06     0.15      -0.03   -0.06    -0.18        0.27           0.26     1.00       0.26 -0.03   0.15       -0.08
ALUMINIUM      0.05  0.01  0.01 -0.03     0.20  0.10        0.25    0.20      0.25   0.09     0.05   0.13   -0.02  0.46     0.15      -0.01    0.25    -0.03        0.28           0.25     0.26       1.00  0.27   0.16        0.31
CAD            0.39  0.22 -0.15  0.28     0.36  0.13        0.24    0.21      0.24   0.19     0.31   0.09    0.01  0.12     0.14      -0.02    0.22     0.07        0.13           0.08    -0.03       0.27  1.00  -0.05        0.21
COCOA         -0.05  0.00 -0.08  0.08    -0.01  0.01       -0.04    0.04      0.15   0.11     0.04   0.04   -0.19 -0.09    -0.07      -0.16   -0.04    -0.20       -0.02          -0.00     0.15       0.16 -0.05   1.00       -0.02
GOLD_micro     0.24  0.21  0.19 -0.13     0.08 -0.05        0.13    0.03     -0.01  -0.02    -0.05  -0.04   -0.13  0.02     0.07      -0.07    0.06    -0.07        0.20           0.19    -0.08       0.31  0.21  -0.02        1.00


********************************************************************************
                                 END OF REPORT                                  
********************************************************************************


