
********************************************************************************
                    Risk report produced on 08/08/2025 22:53                    
********************************************************************************


Total risk across all strategies, annualised percentage 10.4
Percentage of capital used for margin 43.2%

========================================
Risk per strategy, annualised percentage
========================================

                  risk
dynamic_TF_carry  10.4


===================
Risk by asset class
===================

Ags       3.7
Bond      2.4
Equity    6.2
FX        2.6
OilGas    2.8
dtype: float64


=====================================================
Beta loadings of asset class positions on asset class
=====================================================

OilGas   -0.05
FX        0.07
Ags       0.17
Equity    0.47
Bond      0.53
dtype: float64


========================================================
Beta loadings of full portfolio positions on asset class
========================================================

OilGas   -0.06
Bond      0.08
Ags       0.20
FX        0.38
Equity    0.54
dtype: float64


=================================================================================================================================================================================================================================================================
                                                                                                                         Instrument risk                                                                                                                         
=================================================================================================================================================================================================================================================================

             daily_price_stdev  annual_price_stdev     price  daily_perc_stdev  annual_perc_stdev  point_size_base  contract_exposure  daily_risk_per_contract  annual_risk_per_contract  position  capital  exposure_held_perc_capital  annual_risk_perc_capital
GAS-PEN                  0.107               1.719      2.92              3.68               58.9           7448.2              21741                      800                     12803        -1   562843                        -3.9                      -2.3
DAX                    226.271            3620.336  23810.00              0.95               15.2              0.9              20645                      196                      3139        -3   562843                       -11.0                      -1.7
JPY                      0.000               0.001      0.01              0.73               11.7        9310293.5              63659                      464                      7425        -1   562843                       -11.3                      -1.3
DOW                    345.385            5526.157  44301.00              0.78               12.5              0.4              16498                      128                      2058        -3   562843                        -8.8                      -1.1
WHEAT                    7.503             120.051    536.75              1.40               22.4             37.2              19989                      279                      4470        -1   562843                        -3.6                      -0.8
RICE                     0.147               2.347     12.31              1.19               19.1           1489.6              18337                      218                      3495        -1   562843                        -3.3                      -0.6
GAS_US_mini              0.110               1.768      2.94              3.76               60.1           1862.1               5474                      205                      3292        -1   562843                        -1.0                      -0.6
KRWUSD_mini              0.004               0.066      0.72              0.57                9.1          18620.6              13419                       76                      1222        -2   562843                        -4.8                      -0.4
MUMMY                    8.985             143.760    778.00              1.15               18.5              5.1               3930                       45                       726         1   562843                         0.7                       0.1
MXP                      0.000               0.005      0.05              0.54                8.7         372411.7              19585                      106                      1706         1   562843                         3.5                       0.3
CANOLA                   9.985             159.766    682.50              1.46               23.4             10.8               7394                      108                      1731         1   562843                         1.3                       0.3
KOSDAQ                  21.272             340.354   1356.70              1.57               25.1              5.4               7271                      114                      1824         1   562843                         1.3                       0.3
KR10                     0.314               5.022    118.96              0.26                4.2            536.0              63761                      168                      2691         1   562843                        11.3                       0.5
MSCISING                 3.758              60.123    422.25              0.89               14.2             58.0              24484                      217                      3486         1   562843                         4.4                       0.6
NZD                      0.003               0.052      0.59              0.55                8.8          74482.3              44015                      241                      3862         1   562843                         7.8                       0.7
NIKKEI                 482.779            7724.462  41980.00              1.15               18.4              0.5              21209                      243                      3902         1   562843                         3.8                       0.7
HANG_mini              257.212            4115.389  24875.00              1.03               16.5              0.9              23602                      244                      3904         1   562843                         4.2                       0.7
LEANHOG                  1.126              18.020     90.85              1.24               19.8            297.9              27066                      335                      5368         1   562843                         4.8                       1.0
BUND                     0.422               6.760    130.27              0.32                5.2            867.1             112958                      366                      5861         1   562843                        20.1                       1.0
BTP                      0.425               6.806    121.32              0.35                5.6            867.1             105198                      368                      5901         1   562843                        18.7                       1.0
YENEUR                   0.855              13.672    169.67              0.50                8.1            631.5             107153                      539                      8634         1   562843                        19.0                       1.5
SPI200                  55.312             884.993   8770.00              0.63               10.1             12.1             106441                      671                     10741         1   562843                        18.9                       1.9
FEEDCOW                  3.136              50.173    334.02              0.94               15.0            372.4             124394                     1167                     18685         1   562843                        22.1                       3.3
MIB                    415.670            6650.715  40790.00              1.02               16.3              4.3             176847                     1802                     28834         1   562843                        31.4                       5.1

Sum of abs(notional exposure % capital) 221.0
Sum of abs(annualised risk % capital) 27.8
Net sum of annualised risk % capital 10.2 

=======================================================================================================================================================================================================
                                                                                             Correlations                                                                                              
=======================================================================================================================================================================================================

             CANOLA  GAS-PEN  GAS_US_mini  WHEAT  YENEUR  RICE   BTP  BUND   JPY  KR10   DAX   DOW  FEEDCOW  HANG_mini  KOSDAQ  KRWUSD_mini  LEANHOG   MIB  MSCISING  MUMMY   MXP  NIKKEI   NZD  SPI200
CANOLA         1.00     0.21         0.17   0.32    0.10 -0.18  0.03  0.01 -0.11 -0.09 -0.12 -0.02    -0.11       0.21    0.06         0.14     0.17 -0.01     -0.03  -0.05 -0.01    0.08  0.01    0.03
GAS-PEN        0.21     1.00         0.97   0.28    0.10 -0.07 -0.21 -0.14 -0.19 -0.27 -0.11 -0.01    -0.03      -0.01   -0.06        -0.11    -0.25 -0.12      0.05  -0.13 -0.19   -0.07 -0.13   -0.15
GAS_US_mini    0.17     0.97         1.00   0.27    0.13 -0.07 -0.19 -0.15 -0.15 -0.28 -0.05 -0.05    -0.02       0.01   -0.03        -0.07    -0.26 -0.07      0.10  -0.10 -0.15   -0.04 -0.08   -0.10
WHEAT          0.32     0.28         0.27   1.00   -0.07  0.04  0.08  0.12  0.18 -0.22  0.00 -0.09    -0.07       0.13   -0.04         0.18     0.17  0.02     -0.05  -0.05  0.10   -0.03  0.21   -0.07
YENEUR         0.10     0.10         0.13  -0.07    1.00 -0.09 -0.37 -0.51 -0.57 -0.31  0.07 -0.01     0.13       0.13    0.24        -0.05    -0.08  0.08      0.15   0.13  0.32    0.34  0.03   -0.04
RICE          -0.18    -0.07        -0.07   0.04   -0.09  1.00  0.00  0.02  0.09  0.02 -0.10 -0.20    -0.03      -0.09   -0.16        -0.02     0.21 -0.11     -0.17  -0.01 -0.10   -0.24 -0.03   -0.16
BTP            0.03    -0.21        -0.19   0.08   -0.37  0.00  1.00  0.88  0.41  0.61  0.22  0.19     0.02       0.17    0.17         0.37     0.24  0.20      0.13   0.21  0.18    0.17  0.41    0.40
BUND           0.01    -0.14        -0.15   0.12   -0.51  0.02  0.88  1.00  0.49  0.59 -0.11  0.06    -0.15       0.05   -0.03         0.23     0.11 -0.14     -0.16   0.00  0.00   -0.11  0.28    0.15
JPY           -0.11    -0.19        -0.15   0.18   -0.57  0.09  0.41  0.49  1.00  0.36  0.06 -0.07    -0.15       0.08   -0.06         0.48     0.15 -0.02     -0.15  -0.05 -0.02   -0.21  0.57    0.13
KR10          -0.09    -0.27        -0.28  -0.22   -0.31  0.02  0.61  0.59  0.36  1.00  0.09  0.00    -0.08       0.09    0.14         0.35    -0.02  0.01      0.00  -0.06  0.03   -0.04  0.25    0.19
DAX           -0.12    -0.11        -0.05   0.00    0.07 -0.10  0.22 -0.11  0.06  0.09  1.00  0.35     0.37       0.31    0.47         0.39     0.30  0.92      0.76   0.61  0.23    0.66  0.46    0.67
DOW           -0.02    -0.01        -0.05  -0.09   -0.01 -0.20  0.19  0.06 -0.07  0.00  0.35  1.00     0.28       0.17    0.30         0.08     0.09  0.30      0.31   0.30  0.27    0.45  0.15    0.51
FEEDCOW       -0.11    -0.03        -0.02  -0.07    0.13 -0.03  0.02 -0.15 -0.15 -0.08  0.37  0.28     1.00       0.24    0.29         0.12     0.15  0.42      0.28   0.30  0.27    0.35  0.13    0.28
HANG_mini      0.21    -0.01         0.01   0.13    0.13 -0.09  0.17  0.05  0.08  0.09  0.31  0.17     0.24       1.00    0.49         0.38     0.18  0.29      0.17   0.29  0.42    0.22  0.43    0.24
KOSDAQ         0.06    -0.06        -0.03  -0.04    0.24 -0.16  0.17 -0.03 -0.06  0.14  0.47  0.30     0.29       0.49    1.00         0.37     0.13  0.46      0.46   0.48  0.36    0.56  0.37    0.48
KRWUSD_mini    0.14    -0.11        -0.07   0.18   -0.05 -0.02  0.37  0.23  0.48  0.35  0.39  0.08     0.12       0.38    0.37         1.00     0.25  0.34      0.30   0.27  0.28    0.26  0.69    0.49
LEANHOG        0.17    -0.25        -0.26   0.17   -0.08  0.21  0.24  0.11  0.15 -0.02  0.30  0.09     0.15       0.18    0.13         0.25     1.00  0.39      0.17   0.44  0.17    0.25  0.28    0.34
MIB           -0.01    -0.12        -0.07   0.02    0.08 -0.11  0.20 -0.14 -0.02  0.01  0.92  0.30     0.42       0.29    0.46         0.34     0.39  1.00      0.75   0.60  0.22    0.69  0.39    0.64
MSCISING      -0.03     0.05         0.10  -0.05    0.15 -0.17  0.13 -0.16 -0.15  0.00  0.76  0.31     0.28       0.17    0.46         0.30     0.17  0.75      1.00   0.61  0.18    0.68  0.32    0.71
MUMMY         -0.05    -0.13        -0.10  -0.05    0.13 -0.01  0.21  0.00 -0.05 -0.06  0.61  0.30     0.30       0.29    0.48         0.27     0.44  0.60      0.61   1.00  0.27    0.70  0.32    0.64
MXP           -0.01    -0.19        -0.15   0.10    0.32 -0.10  0.18  0.00 -0.02  0.03  0.23  0.27     0.27       0.42    0.36         0.28     0.17  0.22      0.18   0.27  1.00    0.30  0.28    0.30
NIKKEI         0.08    -0.07        -0.04  -0.03    0.34 -0.24  0.17 -0.11 -0.21 -0.04  0.66  0.45     0.35       0.22    0.56         0.26     0.25  0.69      0.68   0.70  0.30    1.00  0.34    0.68
NZD            0.01    -0.13        -0.08   0.21    0.03 -0.03  0.41  0.28  0.57  0.25  0.46  0.15     0.13       0.43    0.37         0.69     0.28  0.39      0.32   0.32  0.28    0.34  1.00    0.42
SPI200         0.03    -0.15        -0.10  -0.07   -0.04 -0.16  0.40  0.15  0.13  0.19  0.67  0.51     0.28       0.24    0.48         0.49     0.34  0.64      0.71   0.64  0.30    0.68  0.42    1.00


********************************************************************************
                                 END OF REPORT                                  
********************************************************************************


