
********************************************************************************
                    Risk report produced on 04/03/2026 22:53                    
********************************************************************************


Total risk across all strategies, annualised percentage 12.0
Percentage of capital used for margin 37.7%

========================================
Risk per strategy, annualised percentage
========================================

                  risk
dynamic_TF_carry  12.0


===================
Risk by asset class
===================

Ags       3.2
Bond      3.3
Equity    8.9
FX        2.3
Metals    2.1
OilGas    3.1
Sector    1.3
dtype: float64


=====================================================
Beta loadings of asset class positions on asset class
=====================================================

Metals   -0.06
Ags      -0.04
Sector    0.00
OilGas    0.11
FX        0.25
Equity    0.52
Bond      0.66
dtype: float64


========================================================
Beta loadings of full portfolio positions on asset class
========================================================

Ags      -0.01
Metals    0.09
OilGas    0.09
Sector    0.33
Bond      0.37
Equity    0.53
FX        0.54
dtype: float64


===================================================================================================================================================================================================================================================================
                                                                                                                          Instrument risk                                                                                                                          
===================================================================================================================================================================================================================================================================

               daily_price_stdev  annual_price_stdev     price  daily_perc_stdev  annual_perc_stdev  point_size_base  contract_exposure  daily_risk_per_contract  annual_risk_per_contract  position  capital  exposure_held_perc_capital  annual_risk_perc_capital
COCOA                    181.777            2908.428   3088.00              5.89               94.2              7.5              23158                     1363                     21811        -1   679756                        -3.4                      -3.2
BITCOIN                 3080.045           49280.715  73790.00              4.17               66.8              0.1               5533                      230                      3695        -3   679756                        -2.4                      -1.6
KR10                       0.414               6.630    111.61              0.37                5.9            508.4              56738                      210                      3370        -3   679756                       -25.0                      -1.5
EU-TECH                   14.256             228.088    858.30              1.66               26.6             43.5              37372                      620                      9931        -1   679756                        -5.5                      -1.5
DAX                      296.106            4737.698  24227.00              1.22               19.6              0.9              21097                      257                      4125        -2   679756                        -6.2                      -1.2
HANGTECH                  95.489            1527.820   4772.00              2.00               32.0              4.8              22901                      458                      7332        -1   679756                        -3.4                      -1.1
COPPER-micro               0.112               1.798      5.90              1.90               30.5           1874.9              11068                      210                      3371        -2   679756                        -3.3                      -1.0
SP500_micro               52.868             845.889   6892.00              0.77               12.3              3.7              25843                      198                      3171        -2   679756                        -7.6                      -0.9
JPY                        0.000               0.001      0.01              0.61                9.8        9374355.5              59761                      364                      5832        -1   679756                        -8.8                      -0.9
MUMMY                     12.252             196.030    708.00              1.73               27.7              4.8               3372                       58                       933         1   679756                         0.5                       0.1
CANOLA                     6.124              97.985    708.00              0.86               13.8             11.0               7765                       67                      1074         1   679756                         1.1                       0.2
FTSECHINAA               143.472            2295.552  14327.00              1.00               16.0              0.7              10744                      107                      1721         1   679756                         1.6                       0.3
AUD_micro                  0.004               0.066      0.71              0.58                9.3           7499.5               5311                       30                       492         4   679756                         3.1                       0.3
BRE                        0.001               0.021      0.19              0.68               10.8          74994.8              14264                       96                      1544         2   679756                         4.2                       0.5
GBP                        0.006               0.092      1.34              0.43                6.9          46871.8              62676                      269                      4309         1   679756                         9.2                       0.6
NZD                        0.004               0.060      0.59              0.63               10.1          74994.8              44565                      280                      4480         1   679756                         6.6                       0.7
CRUDE_W_micro              1.299              20.782     71.50              1.82               29.1             75.0               5362                       97                      1558         3   679756                         2.4                       0.7
BUND                       0.337               5.390    128.22              0.26                4.2            870.8             111659                      293                      4693         1   679756                        16.4                       0.7
MXP                        0.000               0.007      0.06              0.72               11.6         374974.2              21313                      154                      2469         3   679756                         9.4                       1.1
NIKKEI                   993.280           15892.474  53825.00              1.85               29.5              0.5              25638                      473                      7570         1   679756                         3.8                       1.1
BUXL                       0.648              10.366    111.50              0.58                9.3            870.8              97098                      564                      9027         1   679756                        14.3                       1.3
EU-BASIC                  14.643             234.287    786.70              1.86               29.8             43.5              34254                      637                     10201         1   679756                         5.0                       1.5
RUSSELL                   31.184             498.950   2642.40              1.18               18.9              3.7               9908                      116                      1870         6   679756                         8.7                       1.7
CAD10                      0.340               5.447    121.71              0.28                4.5            548.4              66748                      186                      2987         5   679756                        49.1                       2.2
BRENT-LAST                 1.349              21.591     78.04              1.73               27.7            749.9              58525                     1011                     16191         1   679756                         8.6                       2.4
AEX                        9.836             157.376   1002.90              0.98               15.7            174.2             174673                     1713                     27409         1   679756                        25.7                       4.0
MIB                      570.190            9123.032  45415.00              1.26               20.1              4.4             197746                     2482                     39723         1   679756                        29.1                       5.8

Sum of abs(notional exposure % capital) 264.4
Sum of abs(annualised risk % capital) 38.1
Net sum of annualised risk % capital 12.3 

================================================================================================================================================================================================================================================
                                                                                                                  Correlations                                                                                                                  
================================================================================================================================================================================================================================================

               BUND  BUXL  CAD10   JPY  KR10  AUD_micro   BRE   GBP   MXP   NZD   AEX  COPPER-micro   DAX  EU-BASIC  EU-TECH  FTSECHINAA  HANGTECH   MIB  MUMMY  NIKKEI  RUSSELL  SP500_micro  BITCOIN  COCOA  BRENT-LAST  CANOLA  CRUDE_W_micro
BUND           1.00  0.93   0.64  0.32  0.42      -0.12  0.04 -0.07 -0.12 -0.08 -0.03         -0.21 -0.13     -0.17    -0.14       -0.17     -0.11 -0.31   0.01   -0.21    -0.07        -0.13    -0.12  -0.22       -0.13    0.12          -0.15
BUXL           0.93  1.00   0.59  0.32  0.42      -0.07  0.07 -0.06 -0.11 -0.05  0.06         -0.16 -0.09     -0.09    -0.04       -0.07     -0.03 -0.27   0.05   -0.17    -0.07        -0.07    -0.05  -0.17       -0.02    0.14          -0.04
CAD10          0.64  0.59   1.00  0.38  0.46      -0.10  0.12  0.12 -0.09 -0.05  0.03         -0.26 -0.06     -0.13    -0.08       -0.16     -0.07 -0.19  -0.05   -0.16    -0.05        -0.04    -0.09  -0.09       -0.25   -0.05          -0.25
JPY            0.32  0.32   0.38  1.00  0.31       0.31  0.15  0.51  0.12  0.46 -0.08         -0.16 -0.06     -0.07    -0.15       -0.05      0.15 -0.18  -0.11   -0.30    -0.22        -0.19    -0.16  -0.02       -0.33   -0.12          -0.32
KR10           0.42  0.42   0.46  0.31  1.00      -0.08 -0.19  0.05 -0.17 -0.05 -0.14         -0.19 -0.06     -0.19    -0.09       -0.12     -0.05 -0.32  -0.01   -0.17     0.07        -0.01     0.10  -0.09       -0.13   -0.12          -0.17
AUD_micro     -0.12 -0.07  -0.10  0.31 -0.08       1.00  0.46  0.70  0.48  0.89  0.33          0.38  0.51      0.53     0.32        0.36      0.29  0.48   0.39    0.50     0.38         0.50     0.16   0.09        0.20   -0.00           0.20
BRE            0.04  0.07   0.12  0.15 -0.19       0.46  1.00  0.35  0.45  0.36  0.39          0.08  0.32      0.31     0.35        0.28      0.25  0.44   0.30    0.38     0.23         0.35     0.01   0.06        0.25    0.17           0.26
GBP           -0.07 -0.06   0.12  0.51  0.05       0.70  0.35  1.00  0.47  0.79  0.16          0.19  0.43      0.32     0.27        0.23      0.29  0.34   0.18    0.27     0.18         0.29     0.14   0.17       -0.14   -0.09          -0.12
MXP           -0.12 -0.11  -0.09  0.12 -0.17       0.48  0.45  0.47  1.00  0.44  0.18          0.18  0.29      0.38     0.25        0.25      0.21  0.30   0.26    0.32     0.24         0.25     0.09   0.10        0.09    0.01           0.10
NZD           -0.08 -0.05  -0.05  0.46 -0.05       0.89  0.36  0.79  0.44  1.00  0.19          0.24  0.37      0.35     0.21        0.24      0.26  0.31   0.27    0.35     0.21         0.33     0.12   0.08        0.00   -0.00           0.01
AEX           -0.03  0.06   0.03 -0.08 -0.14       0.33  0.39  0.16  0.18  0.19  1.00          0.19  0.63      0.49     0.70        0.40      0.31  0.64   0.46    0.48     0.49         0.61     0.26  -0.04        0.37   -0.00           0.39
COPPER-micro  -0.21 -0.16  -0.26 -0.16 -0.19       0.38  0.08  0.19  0.18  0.24  0.19          1.00  0.46      0.60     0.38        0.38      0.27  0.42   0.25    0.32     0.30         0.33     0.24   0.01        0.30   -0.01           0.30
DAX           -0.13 -0.09  -0.06 -0.06 -0.06       0.51  0.32  0.43  0.29  0.37  0.63          0.46  1.00      0.68     0.70        0.46      0.38  0.79   0.52    0.63     0.58         0.68     0.33   0.13        0.13   -0.07           0.16
EU-BASIC      -0.17 -0.09  -0.13 -0.07 -0.19       0.53  0.31  0.32  0.38  0.35  0.49          0.60  0.68      1.00     0.60        0.53      0.41  0.62   0.35    0.49     0.47         0.48     0.19  -0.06        0.36    0.08           0.37
EU-TECH       -0.14 -0.04  -0.08 -0.15 -0.09       0.32  0.35  0.27  0.25  0.21  0.70          0.38  0.70      0.60     1.00        0.34      0.41  0.55   0.36    0.56     0.56         0.68     0.44   0.08        0.20   -0.02           0.22
FTSECHINAA    -0.17 -0.07  -0.16 -0.05 -0.12       0.36  0.28  0.23  0.25  0.24  0.40          0.38  0.46      0.53     0.34        1.00      0.68  0.52   0.35    0.41     0.31         0.40     0.18   0.07        0.36    0.09           0.37
HANGTECH      -0.11 -0.03  -0.07  0.15 -0.05       0.29  0.25  0.29  0.21  0.26  0.31          0.27  0.38      0.41     0.41        0.68      1.00  0.34   0.21    0.22     0.22         0.31     0.18  -0.02        0.05    0.07           0.09
MIB           -0.31 -0.27  -0.19 -0.18 -0.32       0.48  0.44  0.34  0.30  0.31  0.64          0.42  0.79      0.62     0.55        0.52      0.34  1.00   0.50    0.62     0.46         0.65     0.21   0.23        0.36    0.08           0.39
MUMMY          0.01  0.05  -0.05 -0.11 -0.01       0.39  0.30  0.18  0.26  0.27  0.46          0.25  0.52      0.35     0.36        0.35      0.21  0.50   1.00    0.65     0.47         0.50     0.33   0.03        0.33    0.09           0.33
NIKKEI        -0.21 -0.17  -0.16 -0.30 -0.17       0.50  0.38  0.27  0.32  0.35  0.48          0.32  0.63      0.49     0.56        0.41      0.22  0.62   0.65    1.00     0.60         0.68     0.31   0.15        0.25    0.06           0.26
RUSSELL       -0.07 -0.07  -0.05 -0.22  0.07       0.38  0.23  0.18  0.24  0.21  0.49          0.30  0.58      0.47     0.56        0.31      0.22  0.46   0.47    0.60     1.00         0.81     0.48   0.12        0.17   -0.13           0.16
SP500_micro   -0.13 -0.07  -0.04 -0.19 -0.01       0.50  0.35  0.29  0.25  0.33  0.61          0.33  0.68      0.48     0.68        0.40      0.31  0.65   0.50    0.68     0.81         1.00     0.46   0.25        0.25   -0.04           0.27
BITCOIN       -0.12 -0.05  -0.09 -0.16  0.10       0.16  0.01  0.14  0.09  0.12  0.26          0.24  0.33      0.19     0.44        0.18      0.18  0.21   0.33    0.31     0.48         0.46     1.00   0.30        0.08   -0.04           0.07
COCOA         -0.22 -0.17  -0.09 -0.02 -0.09       0.09  0.06  0.17  0.10  0.08 -0.04          0.01  0.13     -0.06     0.08        0.07     -0.02  0.23   0.03    0.15     0.12         0.25     0.30   1.00       -0.03   -0.07           0.00
BRENT-LAST    -0.13 -0.02  -0.25 -0.33 -0.13       0.20  0.25 -0.14  0.09  0.00  0.37          0.30  0.13      0.36     0.20        0.36      0.05  0.36   0.33    0.25     0.17         0.25     0.08  -0.03        1.00    0.28           0.99
CANOLA         0.12  0.14  -0.05 -0.12 -0.12      -0.00  0.17 -0.09  0.01 -0.00 -0.00         -0.01 -0.07      0.08    -0.02        0.09      0.07  0.08   0.09    0.06    -0.13        -0.04    -0.04  -0.07        0.28    1.00           0.27
CRUDE_W_micro -0.15 -0.04  -0.25 -0.32 -0.17       0.20  0.26 -0.12  0.10  0.01  0.39          0.30  0.16      0.37     0.22        0.37      0.09  0.39   0.33    0.26     0.16         0.27     0.07   0.00        0.99    0.27           1.00


********************************************************************************
                                 END OF REPORT                                  
********************************************************************************


