
********************************************************************************
                    Risk report produced on 27/01/2026 22:53                    
********************************************************************************


Total risk across all strategies, annualised percentage 17.0
Percentage of capital used for margin 41.3%

========================================
Risk per strategy, annualised percentage
========================================

                  risk
dynamic_TF_carry  17.1


===================
Risk by asset class
===================

Ags        1.4
Bond       1.4
Equity    12.8
FX         4.0
Metals     5.1
OilGas     0.7
dtype: float64


=====================================================
Beta loadings of asset class positions on asset class
=====================================================

Bond     -0.24
OilGas   -0.00
Ags       0.04
Metals    0.05
FX        0.31
Equity    1.26
dtype: float64


========================================================
Beta loadings of full portfolio positions on asset class
========================================================

Bond     -0.80
OilGas    0.05
Metals    0.29
Ags       0.44
FX        1.39
Equity    1.39
dtype: float64


===================================================================================================================================================================================================================================================================
                                                                                                                          Instrument risk                                                                                                                          
===================================================================================================================================================================================================================================================================

               daily_price_stdev  annual_price_stdev     price  daily_perc_stdev  annual_perc_stdev  point_size_base  contract_exposure  daily_risk_per_contract  annual_risk_per_contract  position  capital  exposure_held_perc_capital  annual_risk_perc_capital
BITCOIN                 2213.722           35419.547  88825.00              2.49               39.9              0.1               6492                      161                      2588        -6   695117                        -5.6                      -2.2
JPY                        0.000               0.001      0.01              0.61                9.8        9135957.7              60091                      366                      5871        -2   695117                       -17.3                      -1.7
KR10                       0.409               6.541    111.48              0.37                5.9            500.5              55792                      204                      3273        -3   695117                       -24.1                      -1.4
GAS_US_mini                0.160               2.562      3.79              4.22               67.6           1827.2               6925                      292                      4681        -1   695117                        -1.0                      -0.7
RICE                       0.166               2.657     10.92              1.52               24.3           1461.8              15955                      242                      3883        -1   695117                        -2.3                      -0.6
WHEAT                      5.939              95.023    577.00              1.03               16.5             36.5              21085                      217                      3472        -1   695117                        -3.0                      -0.5
KRWUSD_mini                0.004               0.065      0.69              0.59                9.5          18271.9              12622                       74                      1196        -1   695117                        -1.8                      -0.2
EUR_micro                  0.004               0.072      1.20              0.37                6.0           9136.0              10973                       40                       653        -1   695117                        -1.6                      -0.1
AUD_micro                  0.003               0.051      0.70              0.46                7.3           7308.8               5100                       23                       372         1   695117                         0.7                       0.1
CRUDE_W_micro              1.062              17.000     61.90              1.72               27.5             73.1               4524                       77                      1242         2   695117                         1.3                       0.4
MXP                        0.000               0.004      0.06              0.41                6.6         365438.3              21115                       87                      1400         2   695117                         6.1                       0.4
BRE                        0.001               0.019      0.19              0.61                9.8          73087.7              13959                       85                      1372         3   695117                         6.0                       0.6
CAD                        0.002               0.037      0.74              0.31                5.0          73087.7              53803                      167                      2683         2   695117                        15.5                       0.8
TOPIX                     36.941             591.061   3563.75              1.04               16.6              4.7              16858                      174                      2796         2   695117                         4.9                       0.8
RUSSELL                   27.363             437.806   2677.50              1.02               16.4              3.7               9784                       99                      1599         4   695117                         5.6                       0.9
GBP                        0.006               0.090      1.38              0.41                6.5          45679.8              62983                      255                      4089         2   695117                        18.1                       1.2
LEANHOG                    0.995              15.913     97.02              1.03               16.4            292.4              28365                      290                      4652         2   695117                         8.2                       1.3
SMI                       85.693            1371.081  13131.00              0.65               10.4              9.4             123469                      805                     12892         1   695117                        17.8                       1.9
MSCITAIWAN                13.904             222.465   1420.50              0.98               15.7             73.1             103821                     1016                     16259         1   695117                        14.9                       2.3
YENEUR                     0.881              14.097    182.56              0.48                7.7            591.3             107951                      520                      8335         2   695117                        31.1                       2.4
MIB                      332.479            5319.668  45535.00              0.73               11.7              4.3             197571                     1442                     23081         1   695117                        28.4                       3.3
AEX                        8.451             135.208   1003.40              0.84               13.5            173.6             174145                     1466                     23466         1   695117                        25.1                       3.4
MSCIEAFA                  21.563             345.005   3077.60              0.70               11.2             36.5             112467                      787                     12607         2   695117                        32.4                       3.6
SILVER                     2.727              43.625    110.57              2.47               39.5            730.9              80813                     1992                     31884         1   695117                        11.6                       4.6

Sum of abs(notional exposure % capital) 284.4
Sum of abs(annualised risk % capital) 35.4
Net sum of annualised risk % capital 20.6 

=======================================================================================================================================================================================================================
                                                                                                     Correlations                                                                                                      
=======================================================================================================================================================================================================================

               AUD_micro   BRE   MXP  SILVER   CAD  EUR_micro   GBP   JPY  KRWUSD_mini   AEX   MIB  MSCIEAFA  RUSSELL   SMI  TOPIX  BITCOIN  CRUDE_W_micro  GAS_US_mini  LEANHOG  MSCITAIWAN  RICE  WHEAT  YENEUR  KR10
AUD_micro           1.00  0.45  0.46    0.53  0.68       0.62  0.69  0.39         0.61  0.27  0.26      0.68     0.39  0.19   0.22     0.15           0.15         0.24     0.23        0.29  0.22   0.32    0.13 -0.15
BRE                 0.45  1.00  0.44    0.23  0.25       0.33  0.37  0.22         0.33  0.33  0.27      0.38     0.36  0.18   0.19     0.15           0.19         0.16     0.12        0.36  0.12   0.27    0.02 -0.17
MXP                 0.46  0.44  1.00    0.40  0.36       0.44  0.46  0.13         0.22  0.25  0.19      0.37     0.26  0.07   0.12     0.10           0.13         0.03     0.19        0.21  0.01   0.14    0.26 -0.12
SILVER              0.53  0.23  0.40    1.00  0.25       0.28  0.35  0.09         0.25  0.28  0.19      0.42     0.34  0.19   0.13    -0.02           0.22         0.05     0.33        0.21  0.34   0.31    0.16 -0.23
CAD                 0.68  0.25  0.36    0.25  1.00       0.63  0.56  0.44         0.58 -0.13 -0.16      0.27     0.05 -0.14  -0.21     0.01           0.04         0.27     0.08        0.05  0.04   0.30    0.09 -0.11
EUR_micro           0.62  0.33  0.44    0.28  0.63       1.00  0.81  0.58         0.60 -0.11 -0.08      0.37    -0.01 -0.09  -0.14     0.04          -0.15         0.09     0.11       -0.09  0.11   0.14    0.22 -0.11
GBP                 0.69  0.37  0.46    0.35  0.56       0.81  1.00  0.58         0.59  0.10  0.13      0.50     0.18  0.21   0.08     0.07          -0.15         0.12     0.16        0.12  0.09  -0.00    0.10  0.02
JPY                 0.39  0.22  0.13    0.09  0.44       0.58  0.58  1.00         0.58 -0.08 -0.15      0.17    -0.03 -0.03  -0.34     0.10          -0.22         0.06    -0.04       -0.12  0.10   0.05   -0.64  0.13
KRWUSD_mini         0.61  0.33  0.22    0.25  0.58       0.60  0.59  0.58         1.00 -0.03  0.00      0.31     0.08 -0.02  -0.17     0.09          -0.10         0.21     0.06        0.07  0.15   0.25   -0.12  0.06
AEX                 0.27  0.33  0.25    0.28 -0.13      -0.11  0.10 -0.08        -0.03  1.00  0.73      0.62     0.66  0.65   0.53     0.34           0.25        -0.02     0.26        0.43  0.10   0.07    0.02  0.01
MIB                 0.26  0.27  0.19    0.19 -0.16      -0.08  0.13 -0.15         0.00  0.73  1.00      0.67     0.49  0.67   0.60     0.30           0.12        -0.05     0.23        0.31  0.10  -0.03    0.14 -0.08
MSCIEAFA            0.68  0.38  0.37    0.42  0.27       0.37  0.50  0.17         0.31  0.62  0.67      1.00     0.66  0.58   0.56     0.25           0.06        -0.02     0.27        0.30  0.20   0.12    0.17 -0.06
RUSSELL             0.39  0.36  0.26    0.34  0.05      -0.01  0.18 -0.03         0.08  0.66  0.49      0.66     1.00  0.47   0.51     0.38           0.15        -0.14     0.36        0.48  0.10   0.14    0.01  0.08
SMI                 0.19  0.18  0.07    0.19 -0.14      -0.09  0.21 -0.03        -0.02  0.65  0.67      0.58     0.47  1.00   0.46     0.15          -0.03        -0.00     0.07        0.20  0.02  -0.12   -0.00  0.05
TOPIX               0.22  0.19  0.12    0.13 -0.21      -0.14  0.08 -0.34        -0.17  0.53  0.60      0.56     0.51  0.46   1.00     0.19           0.14        -0.20     0.19        0.47  0.06  -0.08    0.29 -0.09
BITCOIN             0.15  0.15  0.10   -0.02  0.01       0.04  0.07  0.10         0.09  0.34  0.30      0.25     0.38  0.15   0.19     1.00          -0.05        -0.09     0.13        0.31  0.01  -0.08   -0.09 -0.00
CRUDE_W_micro       0.15  0.19  0.13    0.22  0.04      -0.15 -0.15 -0.22        -0.10  0.25  0.12      0.06     0.15 -0.03   0.14    -0.05           1.00         0.18     0.31        0.23  0.04   0.31    0.11 -0.20
GAS_US_mini         0.24  0.16  0.03    0.05  0.27       0.09  0.12  0.06         0.21 -0.02 -0.05     -0.02    -0.14 -0.00  -0.20    -0.09           0.18         1.00    -0.14        0.05 -0.02   0.17   -0.02 -0.18
LEANHOG             0.23  0.12  0.19    0.33  0.08       0.11  0.16 -0.04         0.06  0.26  0.23      0.27     0.36  0.07   0.19     0.13           0.31        -0.14     1.00        0.20  0.22   0.20    0.15 -0.14
MSCITAIWAN          0.29  0.36  0.21    0.21  0.05      -0.09  0.12 -0.12         0.07  0.43  0.31      0.30     0.48  0.20   0.47     0.31           0.23         0.05     0.20        1.00  0.07   0.12    0.04 -0.03
RICE                0.22  0.12  0.01    0.34  0.04       0.11  0.09  0.10         0.15  0.10  0.10      0.20     0.10  0.02   0.06     0.01           0.04        -0.02     0.22        0.07  1.00   0.15   -0.03  0.04
WHEAT               0.32  0.27  0.14    0.31  0.30       0.14 -0.00  0.05         0.25  0.07 -0.03      0.12     0.14 -0.12  -0.08    -0.08           0.31         0.17     0.20        0.12  0.15   1.00   -0.00 -0.24
YENEUR              0.13  0.02  0.26    0.16  0.09       0.22  0.10 -0.64        -0.12  0.02  0.14      0.17     0.01 -0.00   0.29    -0.09           0.11        -0.02     0.15        0.04 -0.03  -0.00    1.00 -0.25
KR10               -0.15 -0.17 -0.12   -0.23 -0.11      -0.11  0.02  0.13         0.06  0.01 -0.08     -0.06     0.08  0.05  -0.09    -0.00          -0.20        -0.18    -0.14       -0.03  0.04  -0.24   -0.25  1.00


********************************************************************************
                                 END OF REPORT                                  
********************************************************************************


