
********************************************************************************
                    Risk report produced on 18/07/2023 22:52                    
********************************************************************************


Total risk across all strategies, annualised percentage 12.8
Percentage of capital used for margin 62.4%

========================================
Risk per strategy, annualised percentage
========================================

                  risk
dynamic_TF_carry  12.7


===================
Risk by asset class
===================

Ags       5.4
Bond      1.8
Equity    4.8
FX        3.9
Metals    0.3
OilGas    1.1
Sector    2.8
Vol       1.6
dtype: float64


=====================================================
Beta loadings of asset class positions on asset class
=====================================================

Bond     -0.46
FX       -0.37
Vol      -0.04
OilGas   -0.01
Metals    0.01
Sector    0.16
Ags       0.28
Equity    0.31
dtype: float64


========================================================
Beta loadings of full portfolio positions on asset class
========================================================

Bond     -1.15
Vol      -0.21
Metals    0.02
OilGas    0.02
FX        0.05
Sector    0.37
Ags       0.44
Equity    0.56
dtype: float64


==================================================================================================================================================================================================================================================================
                                                                                                                         Instrument risk                                                                                                                          
==================================================================================================================================================================================================================================================================

              daily_price_stdev  annual_price_stdev     price  daily_perc_stdev  annual_perc_stdev  point_size_base  contract_exposure  daily_risk_per_contract  annual_risk_per_contract  position  capital  exposure_held_perc_capital  annual_risk_perc_capital
CHF                       0.006               0.092      1.17              0.49                7.9          95500.0             112074                      551                      8826        -1   343692                       -32.6                      -2.6
JPY                       0.000               0.001      0.01              0.60                9.7        9550003.8              69376                      418                      6702        -1   343692                       -20.2                      -2.0
US3                       0.251               4.018    104.43              0.24                3.8           1528.0             159568                      383                      6139        -1   343692                       -46.4                      -1.8
DAX                     147.817            2365.071  16225.00              0.91               14.6              0.9              13946                      127                      2032        -3   343692                       -12.2                      -1.8
VIX                       0.453               7.241     17.05              2.65               42.5            764.0              13026                      345                      5532        -1   343692                        -3.8                      -1.6
GAS_US_mini               0.125               2.002      2.61              4.79               76.7           1910.0               4985                      239                      3824        -1   343692                        -1.5                      -1.1
DOW                     250.182            4002.909  35128.00              0.71               11.4              0.4              13418                       95                      1529        -1   343692                        -3.9                      -0.4
BITCOIN                 905.206           14483.302  29955.00              3.02               48.4              0.1               2288                       69                      1106         1   343692                         0.7                       0.3
MXP                       0.000               0.005      0.06              0.50                8.0         382000.2              22534                      112                      1801         1   343692                         6.6                       0.5
SP500_micro              33.109             529.743   4592.25              0.72               11.5              3.8              17542                      126                      2023         1   343692                         5.1                       0.6
RUSSELL                  23.512             376.193   1989.40              1.18               18.9              3.8               7599                       89                      1437         2   343692                         4.4                       0.8
SOYBEAN_mini             24.010             384.165   1395.00              1.72               27.5              7.6              10657                      183                      2935         1   343692                         3.1                       0.9
CNH                       0.022               0.345      7.14              0.30                4.8          10641.8              75946                      229                      3672         1   343692                        22.1                       1.1
GBP                       0.006               0.103      1.30              0.50                7.9          47750.0              62304                      308                      4937         1   343692                        18.1                       1.4
EU-AUTO                   7.446             119.141    641.20              1.16               18.6             43.0              27556                      320                      5120         1   343692                         8.0                       1.5
NIKKEI                  328.041            5248.651  32340.00              1.01               16.2              0.6              17847                      181                      2896         2   343692                        10.4                       1.7
EU-OIL                    4.523              72.375    328.00              1.38               22.1             43.0              14096                      194                      3110         2   343692                         8.2                       1.8
FTSETAIWAN               13.313             213.010   1494.25              0.89               14.3             30.6              45664                      406                      6509         1   343692                        13.3                       1.9
CAC                      73.982            1183.705   7326.50              1.01               16.2              8.6              62974                      635                     10174         1   343692                        18.3                       3.0
SOYOIL                    1.397              22.356     59.81              2.34               37.4            458.4              27416                      640                     10248         1   343692                         8.0                       3.0
LIVECOW                   1.289              20.630    183.65              0.70               11.2            305.6              56123                      394                      6304         2   343692                        32.7                       3.7

Sum of abs(notional exposure % capital) 279.6
Sum of abs(annualised risk % capital) 33.5
Net sum of annualised risk % capital 10.9 

========================================================================================================================================================================================
                                                                                      Correlations                                                                                      
========================================================================================================================================================================================

               CNH   VIX   CHF   GBP   JPY   US3   CAC   DAX   DOW  EU-AUTO  FTSETAIWAN  NIKKEI  RUSSELL  SP500_micro  BITCOIN  GAS_US_mini  EU-OIL  LIVECOW   MXP  SOYBEAN_mini  SOYOIL
CNH           1.00  0.14 -0.54 -0.51 -0.60 -0.41 -0.21 -0.25 -0.23    -0.21       -0.36    0.04    -0.25        -0.27    -0.03         0.16   -0.11     0.12 -0.23         -0.20   -0.00
VIX           0.14  1.00 -0.09 -0.27 -0.05  0.13 -0.56 -0.52 -0.66    -0.54       -0.45   -0.44    -0.73        -0.64    -0.26        -0.22   -0.30    -0.39 -0.61         -0.19   -0.24
CHF          -0.54 -0.09  1.00  0.64  0.56  0.45  0.33  0.35  0.36     0.24        0.47    0.18     0.31         0.40    -0.08        -0.14    0.12    -0.03  0.27          0.18    0.09
GBP          -0.51 -0.27  0.64  1.00  0.41  0.44  0.36  0.40  0.50     0.28        0.46    0.27     0.43         0.52     0.17         0.05    0.20     0.03  0.32          0.21    0.19
JPY          -0.60 -0.05  0.56  0.41  1.00  0.57  0.03  0.11  0.18     0.04        0.27   -0.27     0.19         0.21    -0.04        -0.31    0.03    -0.14  0.16          0.10    0.06
US3          -0.41  0.13  0.45  0.44  0.57  1.00  0.04  0.01  0.13    -0.13        0.11   -0.20    -0.01         0.16     0.18        -0.15   -0.22    -0.25 -0.13         -0.12   -0.15
CAC          -0.21 -0.56  0.33  0.36  0.03  0.04  1.00  0.93  0.69     0.81        0.49    0.59     0.65         0.64     0.10         0.05    0.48     0.30  0.57          0.18    0.20
DAX          -0.25 -0.52  0.35  0.40  0.11  0.01  0.93  1.00  0.69     0.85        0.54    0.62     0.66         0.65     0.02         0.03    0.48     0.30  0.54          0.20    0.21
DOW          -0.23 -0.66  0.36  0.50  0.18  0.13  0.69  0.69  1.00     0.56        0.57    0.53     0.84         0.94     0.24         0.12    0.42     0.38  0.49          0.19    0.30
EU-AUTO      -0.21 -0.54  0.24  0.28  0.04 -0.13  0.81  0.85  0.56     1.00        0.54    0.61     0.62         0.56    -0.01        -0.01    0.46     0.29  0.52          0.21    0.24
FTSETAIWAN   -0.36 -0.45  0.47  0.46  0.27  0.11  0.49  0.54  0.57     0.54        1.00    0.56     0.57         0.66     0.17         0.09    0.25     0.12  0.44          0.11    0.18
NIKKEI        0.04 -0.44  0.18  0.27 -0.27 -0.20  0.59  0.62  0.53     0.61        0.56    1.00     0.55         0.60     0.05         0.24    0.33     0.25  0.35          0.12    0.19
RUSSELL      -0.25 -0.73  0.31  0.43  0.19 -0.01  0.65  0.66  0.84     0.62        0.57    0.55     1.00         0.87     0.24         0.09    0.37     0.42  0.55          0.21    0.33
SP500_micro  -0.27 -0.64  0.40  0.52  0.21  0.16  0.64  0.65  0.94     0.56        0.66    0.60     0.87         1.00     0.30         0.11    0.31     0.35  0.46          0.17    0.25
BITCOIN      -0.03 -0.26 -0.08  0.17 -0.04  0.18  0.10  0.02  0.24    -0.01        0.17    0.05     0.24         0.30     1.00         0.02   -0.13     0.03  0.04         -0.05    0.06
GAS_US_mini   0.16 -0.22 -0.14  0.05 -0.31 -0.15  0.05  0.03  0.12    -0.01        0.09    0.24     0.09         0.11     0.02         1.00    0.17    -0.03  0.08          0.05    0.13
EU-OIL       -0.11 -0.30  0.12  0.20  0.03 -0.22  0.48  0.48  0.42     0.46        0.25    0.33     0.37         0.31    -0.13         0.17    1.00     0.13  0.55          0.29    0.32
LIVECOW       0.12 -0.39 -0.03  0.03 -0.14 -0.25  0.30  0.30  0.38     0.29        0.12    0.25     0.42         0.35     0.03        -0.03    0.13     1.00  0.12          0.08    0.09
MXP          -0.23 -0.61  0.27  0.32  0.16 -0.13  0.57  0.54  0.49     0.52        0.44    0.35     0.55         0.46     0.04         0.08    0.55     0.12  1.00          0.26    0.34
SOYBEAN_mini -0.20 -0.19  0.18  0.21  0.10 -0.12  0.18  0.20  0.19     0.21        0.11    0.12     0.21         0.17    -0.05         0.05    0.29     0.08  0.26          1.00    0.73
SOYOIL       -0.00 -0.24  0.09  0.19  0.06 -0.15  0.20  0.21  0.30     0.24        0.18    0.19     0.33         0.25     0.06         0.13    0.32     0.09  0.34          0.73    1.00


********************************************************************************
                                 END OF REPORT                                  
********************************************************************************


