
********************************************************************************
                    Risk report produced on 20/09/2023 22:52                    
********************************************************************************


Total risk across all strategies, annualised percentage 13.5
Percentage of capital used for margin 57.7%

========================================
Risk per strategy, annualised percentage
========================================

                  risk
dynamic_TF_carry  13.5


===================
Risk by asset class
===================

Ags       3.4
Bond      8.9
Equity    2.9
FX        2.5
OilGas    1.0
Sector    2.7
Vol       1.6
dtype: float64


=====================================================
Beta loadings of asset class positions on asset class
=====================================================

Bond     -1.55
FX       -0.14
Vol      -0.04
OilGas   -0.02
Equity    0.11
Sector    0.16
Ags       0.28
dtype: float64


========================================================
Beta loadings of full portfolio positions on asset class
========================================================

Bond     -1.83
FX       -0.73
Vol      -0.12
OilGas    0.00
Equity    0.22
Sector    0.28
Ags       0.46
dtype: float64


==================================================================================================================================================================================================================================================================
                                                                                                                         Instrument risk                                                                                                                          
==================================================================================================================================================================================================================================================================

              daily_price_stdev  annual_price_stdev     price  daily_perc_stdev  annual_perc_stdev  point_size_base  contract_exposure  daily_risk_per_contract  annual_risk_per_contract  position  capital  exposure_held_perc_capital  annual_risk_perc_capital
US20                      0.814              13.031    118.53              0.69               11.0            809.9              96003                      659                     10554        -1   382584                       -25.1                      -2.8
US3                       0.179               2.863    103.14              0.17                2.8           1619.9             167070                      289                      4637        -2   382584                       -87.3                      -2.4
BUND                      0.666              10.664    129.82              0.51                8.2            864.6             112239                      576                      9219        -1   382584                       -29.3                      -2.4
BOBL                      0.325               5.193    115.93              0.28                4.5            864.6             100230                      280                      4489        -2   382584                       -52.4                      -2.3
DAX                     132.069            2113.107  15927.00              0.83               13.3              0.9              13770                      114                      1826        -4   382584                       -14.4                      -1.9
CHF                       0.004               0.068      1.12              0.38                6.1         101243.3             113898                      432                      6920        -1   382584                       -29.8                      -1.8
VIX                       0.475               7.606     16.85              2.82               45.1            809.9              13647                      385                      6160        -1   382584                        -3.6                      -1.6
NASDAQ_micro            183.219            2931.496  15246.25              1.20               19.2              1.6              24697                      296                      4748        -1   382584                        -6.5                      -1.2
GAS_US_mini               0.113               1.811      2.93              3.86               61.8           2024.9               5932                      229                      3667        -1   382584                        -1.6                      -1.0
TOPIX                    18.577             297.234   2390.25              0.78               12.4              5.5              13091                      101                      1628         2   382584                         6.8                       0.9
CNH                       0.021               0.344      7.31              0.29                4.7          11080.6              80946                      238                      3811         1   382584                        21.2                       1.0
SOYBEAN_mini             17.193             275.089   1318.75              1.30               20.9              8.1              10681                      139                      2228         2   382584                         5.6                       1.2
KOSDAQ                   23.177             370.835   1369.80              1.69               27.1              6.1               8342                      141                      2258         2   382584                         4.4                       1.2
EU-OIL                    3.691              59.052    364.90              1.01               16.2             43.2              15774                      159                      2552         4   382584                        16.5                       2.7
NIKKEI                  302.956            4847.289  32865.00              0.92               14.7              0.5              18000                      165                      2654         4   382584                        18.8                       2.8
LIVECOW                   1.143              18.282    191.58              0.60                9.5            324.0              62066                      370                      5922         2   382584                        32.4                       3.1

Sum of abs(notional exposure % capital) 355.7
Sum of abs(annualised risk % capital) 30.3
Net sum of annualised risk % capital -4.5 

=============================================================================================================================================
                                                                Correlations                                                                 
=============================================================================================================================================

               CNH   VIX  BOBL  BUND   CHF  US20   US3   DAX  KOSDAQ  NASDAQ_micro  NIKKEI  TOPIX  EU-OIL  GAS_US_mini  LIVECOW  SOYBEAN_mini
CNH           1.00  0.06 -0.28 -0.24 -0.61 -0.41 -0.52 -0.31   -0.21         -0.26   -0.07  -0.01   -0.06         0.28     0.10         -0.01
VIX           0.06  1.00  0.05 -0.03  0.01 -0.07  0.18 -0.59   -0.37         -0.57   -0.56  -0.60   -0.36        -0.09    -0.33         -0.22
BOBL         -0.28  0.05  1.00  0.96  0.22  0.69  0.70  0.06    0.15          0.25   -0.08  -0.12   -0.17        -0.07    -0.16         -0.09
BUND         -0.24 -0.03  0.96  1.00  0.23  0.74  0.61  0.13    0.21          0.30    0.01  -0.04   -0.13        -0.02    -0.13         -0.03
CHF          -0.61  0.01  0.22  0.23  1.00  0.46  0.56  0.31    0.16          0.31    0.07  -0.01    0.00        -0.04    -0.06          0.11
US20         -0.41 -0.07  0.69  0.74  0.46  1.00  0.73  0.18    0.11          0.26    0.07   0.04   -0.02        -0.03    -0.12          0.06
US3          -0.52  0.18  0.70  0.61  0.56  0.73  1.00  0.03   -0.09          0.13   -0.18  -0.18   -0.10        -0.11    -0.18         -0.16
DAX          -0.31 -0.59  0.06  0.13  0.31  0.18  0.03  1.00    0.53          0.70    0.63   0.60    0.34        -0.02     0.16          0.20
KOSDAQ       -0.21 -0.37  0.15  0.21  0.16  0.11 -0.09  0.53    1.00          0.47    0.42   0.34    0.24        -0.10     0.04          0.25
NASDAQ_micro -0.26 -0.57  0.25  0.30  0.31  0.26  0.13  0.70    0.47          1.00    0.61   0.52    0.16        -0.09     0.15          0.09
NIKKEI       -0.07 -0.56 -0.08  0.01  0.07  0.07 -0.18  0.63    0.42          0.61    1.00   0.94    0.35         0.22     0.19          0.05
TOPIX        -0.01 -0.60 -0.12 -0.04 -0.01  0.04 -0.18  0.60    0.34          0.52    0.94   1.00    0.44         0.26     0.17          0.10
EU-OIL       -0.06 -0.36 -0.17 -0.13  0.00 -0.02 -0.10  0.34    0.24          0.16    0.35   0.44    1.00         0.18     0.05          0.30
GAS_US_mini   0.28 -0.09 -0.07 -0.02 -0.04 -0.03 -0.11 -0.02   -0.10         -0.09    0.22   0.26    0.18         1.00    -0.08          0.13
LIVECOW       0.10 -0.33 -0.16 -0.13 -0.06 -0.12 -0.18  0.16    0.04          0.15    0.19   0.17    0.05        -0.08     1.00          0.06
SOYBEAN_mini -0.01 -0.22 -0.09 -0.03  0.11  0.06 -0.16  0.20    0.25          0.09    0.05   0.10    0.30         0.13     0.06          1.00


********************************************************************************
                                 END OF REPORT                                  
********************************************************************************


