
********************************************************************************
                    Risk report produced on 26/02/2026 22:53                    
********************************************************************************


Total risk across all strategies, annualised percentage 14.4
Percentage of capital used for margin 36.2%

========================================
Risk per strategy, annualised percentage
========================================

                  risk
dynamic_TF_carry  14.4


===================
Risk by asset class
===================

Ags        3.3
Bond       2.0
Equity    10.9
FX         2.2
Metals     2.0
OilGas     2.0
Sector     1.4
dtype: float64


=====================================================
Beta loadings of asset class positions on asset class
=====================================================

Metals   -0.05
Ags       0.01
Sector    0.05
OilGas    0.07
FX        0.35
Bond      0.63
Equity    0.86
dtype: float64


========================================================
Beta loadings of full portfolio positions on asset class
========================================================

OilGas    0.11
Metals    0.17
Ags       0.21
Bond      0.25
Sector    0.37
Equity    0.94
FX        1.20
dtype: float64


==================================================================================================================================================================================================================================================================
                                                                                                                         Instrument risk                                                                                                                          
==================================================================================================================================================================================================================================================================

              daily_price_stdev  annual_price_stdev     price  daily_perc_stdev  annual_perc_stdev  point_size_base  contract_exposure  daily_risk_per_contract  annual_risk_per_contract  position  capital  exposure_held_perc_capital  annual_risk_perc_capital
COCOA                   186.455            2983.276   3112.00              5.99               95.9              7.4              22957                     1375                     22007        -1   707720                        -3.2                      -3.1
BITCOIN                2949.475           47191.603  68110.00              4.33               69.3              0.1               5024                      217                      3481        -3   707720                        -2.1                      -1.5
KR10                      0.400               6.402    112.48              0.36                5.7            511.2              57502                      204                      3272        -3   707720                       -24.4                      -1.4
COPPER-micro              0.117               1.867      6.03              1.94               31.0           1844.2              11115                      215                      3443        -2   707720                        -3.1                      -1.0
SP500_micro              53.257             852.116   6916.75              0.77               12.3              3.7              25512                      196                      3143        -2   707720                        -7.2                      -0.9
JPY                       0.000               0.001      0.01              0.62                9.9        9221179.2              59149                      367                      5874        -1   707720                        -8.4                      -0.8
DX                        0.375               6.002     97.48              0.38                6.2            737.7              71906                      276                      4427        -1   707720                       -10.2                      -0.6
EUR_micro                 0.005               0.075      1.19              0.40                6.3           9221.2              10933                       43                       692        -1   707720                        -1.5                      -0.1
MUMMY                    10.633             170.120    740.00              1.44               23.0              4.7               3499                       50                       804         1   707720                         0.5                       0.1
CANOLA                    5.752              92.030    691.80              0.83               13.3             10.8               7470                       62                       993         1   707720                         1.1                       0.1
BRE                       0.001               0.017      0.19              0.54                8.7          73769.4              14241                       77                      1235         1   707720                         2.0                       0.2
AUD_micro                 0.004               0.066      0.71              0.58                9.2           7376.9               5244                       30                       483         4   707720                         3.0                       0.3
TOPIX                    41.557             664.909   3883.25              1.07               17.1              4.7              18361                      196                      3143         1   707720                         2.6                       0.4
BTP                       0.239               3.829    122.62              0.20                3.1            871.8             106900                      208                      3338         1   707720                        15.1                       0.5
NZD                       0.004               0.056      0.60              0.59                9.4          73769.4              44180                      259                      4150         1   707720                         6.2                       0.6
GBP                       0.006               0.095      1.35              0.44                7.1          46105.9              62183                      274                      4399         1   707720                         8.8                       0.6
MXP                       0.000               0.005      0.06              0.57                9.2         368847.2              21422                      122                      1966         3   707720                         9.1                       0.8
BUND                      0.254               4.065    129.77              0.20                3.1            871.8             113133                      221                      3544         2   707720                        32.0                       1.0
CAD10                     0.294               4.704    122.56              0.24                3.8            539.9              66171                      158                      2539         3   707720                        28.0                       1.1
RUSSELL                  29.714             475.426   2678.20              1.11               17.8              3.7               9878                      109                      1753         5   707720                         7.0                       1.2
LIVECOW                   1.916              30.649    233.42              0.82               13.1            295.1              68878                      565                      9043         1   707720                         9.7                       1.3
EU-BASIC                 14.156             226.503    808.00              1.75               28.0             43.6              35220                      617                      9873         1   707720                         5.0                       1.4
BRENT-LAST                1.186              18.975     70.45              1.68               26.9            737.7              51970                      874                     13998         1   707720                         7.3                       2.0
AEX                       8.344             133.509   1023.55              0.82               13.0            174.4             178466                     1454                     23278         1   707720                        25.2                       3.3
MIB                     408.797            6540.756  47425.00              0.86               13.8              4.4             206725                     1781                     28511         1   707720                        29.2                       4.0
MSCIEAFA                 24.348             389.571   3173.60              0.77               12.3             36.9             117057                      898                     14369         2   707720                        33.1                       4.1

Sum of abs(notional exposure % capital) 285.0
Sum of abs(annualised risk % capital) 32.4
Net sum of annualised risk % capital 13.6 

==============================================================================================================================================================================================================================
                                                                                                         Correlations                                                                                                         
==============================================================================================================================================================================================================================

               AEX  AUD_micro   BRE  BRENT-LAST  COPPER-micro  EU-BASIC   MIB  MSCIEAFA  MUMMY   MXP   NZD  RUSSELL  SP500_micro  TOPIX  EUR_micro   GBP   JPY   BTP  BUND  CAD10  KR10  BITCOIN  CANOLA  COCOA  LIVECOW    DX
AEX           1.00       0.41  0.42        0.38          0.51      0.72  0.76      0.71   0.47  0.23  0.19     0.65         0.75   0.56      -0.09  0.20 -0.19  0.24  0.07   0.14 -0.03     0.39   -0.01   0.02     0.14  0.06
AUD_micro     0.41       1.00  0.55        0.32          0.46      0.55  0.48      0.75   0.27  0.56  0.90     0.41         0.56   0.27       0.58  0.70  0.39  0.10 -0.03   0.12  0.04     0.26    0.00   0.02     0.14 -0.61
BRE           0.42       0.55  1.00        0.44          0.27      0.45  0.46      0.52   0.30  0.54  0.42     0.38         0.49   0.30       0.30  0.36  0.10  0.06 -0.05   0.17 -0.04     0.25    0.21  -0.04     0.16 -0.32
BRENT-LAST    0.38       0.32  0.44        1.00          0.40      0.40  0.39      0.30   0.31  0.25  0.17     0.24         0.39   0.32      -0.11 -0.05 -0.26 -0.12 -0.16  -0.12 -0.23     0.09    0.37  -0.09     0.12  0.12
COPPER-micro  0.51       0.46  0.27        0.40          1.00      0.62  0.50      0.48   0.10  0.29  0.36     0.40         0.49   0.22       0.11  0.30 -0.10 -0.08 -0.17  -0.05 -0.12     0.28   -0.03  -0.09     0.13 -0.13
EU-BASIC      0.72       0.55  0.45        0.40          0.62      1.00  0.70      0.67   0.25  0.41  0.35     0.59         0.64   0.47       0.10  0.36 -0.12  0.12 -0.06   0.06 -0.06     0.27   -0.06  -0.06     0.10 -0.11
MIB           0.76       0.48  0.46        0.39          0.50      0.70  1.00      0.80   0.51  0.34  0.30     0.63         0.76   0.63       0.00  0.30 -0.15  0.08 -0.14   0.06 -0.12     0.28   -0.02   0.14     0.26 -0.04
MSCIEAFA      0.71       0.75  0.52        0.30          0.48      0.67  0.80      1.00   0.52  0.52  0.62     0.65         0.77   0.57       0.41  0.64  0.22  0.31  0.10   0.30  0.15     0.35   -0.06  -0.01     0.21 -0.47
MUMMY         0.47       0.27  0.30        0.31          0.10      0.25  0.51      0.52   1.00  0.21  0.22     0.45         0.45   0.62      -0.02  0.17 -0.11  0.09  0.02   0.02 -0.05     0.29    0.07   0.07     0.22 -0.01
MXP           0.23       0.56  0.54        0.25          0.29      0.41  0.34      0.52   0.21  1.00  0.53     0.35         0.36   0.21       0.53  0.54  0.14  0.09 -0.10  -0.03 -0.01     0.22    0.02  -0.07     0.17 -0.50
NZD           0.19       0.90  0.42        0.17          0.36      0.35  0.30      0.62   0.22  0.53  1.00     0.24         0.36   0.13       0.68  0.77  0.47  0.08 -0.02   0.12  0.04     0.24   -0.00   0.04     0.13 -0.73
RUSSELL       0.65       0.41  0.38        0.24          0.40      0.59  0.63      0.65   0.45  0.35  0.24     1.00         0.82   0.53       0.02  0.25 -0.12  0.23  0.06   0.12  0.07     0.44   -0.09   0.12     0.17 -0.04
SP500_micro   0.75       0.56  0.49        0.39          0.49      0.64  0.76      0.77   0.45  0.36  0.36     0.82         1.00   0.57       0.05  0.33 -0.10  0.19 -0.00   0.15  0.08     0.51   -0.01   0.17     0.12 -0.09
TOPIX         0.56       0.27  0.30        0.32          0.22      0.47  0.63      0.57   0.62  0.21  0.13     0.53         0.57   1.00      -0.12  0.09 -0.40  0.06 -0.07   0.05 -0.23     0.13    0.06  -0.03     0.07  0.12
EUR_micro    -0.09       0.58  0.30       -0.11          0.11      0.10  0.00      0.41  -0.02  0.53  0.68     0.02         0.05  -0.12       1.00  0.81  0.70  0.06 -0.03   0.19  0.26     0.12   -0.06  -0.06    -0.05 -0.95
GBP           0.20       0.70  0.36       -0.05          0.30      0.36  0.30      0.64   0.17  0.54  0.77     0.25         0.33   0.09       0.81  1.00  0.55  0.18  0.03   0.27  0.29     0.29   -0.12   0.05     0.13 -0.84
JPY          -0.19       0.39  0.10       -0.26         -0.10     -0.12 -0.15      0.22  -0.11  0.14  0.47    -0.12        -0.10  -0.40       0.70  0.55  1.00  0.30  0.32   0.39  0.49    -0.01   -0.09   0.01    -0.09 -0.77
BTP           0.24       0.10  0.06       -0.12         -0.08      0.12  0.08      0.31   0.09  0.09  0.08     0.23         0.19   0.06       0.06  0.18  0.30  1.00  0.92   0.66  0.44     0.07    0.04  -0.11    -0.09 -0.19
BUND          0.07      -0.03 -0.05       -0.16         -0.17     -0.06 -0.14      0.10   0.02 -0.10 -0.02     0.06        -0.00  -0.07      -0.03  0.03  0.32  0.92  1.00   0.63  0.41    -0.03    0.05  -0.20    -0.16 -0.11
CAD10         0.14       0.12  0.17       -0.12         -0.05      0.06  0.06      0.30   0.02 -0.03  0.12     0.12         0.15   0.05       0.19  0.27  0.39  0.66  0.63   1.00  0.48     0.02   -0.06  -0.13    -0.24 -0.27
KR10         -0.03       0.04 -0.04       -0.23         -0.12     -0.06 -0.12      0.15  -0.05 -0.01  0.04     0.07         0.08  -0.23       0.26  0.29  0.49  0.44  0.41   0.48  1.00     0.15   -0.12  -0.02     0.01 -0.31
BITCOIN       0.39       0.26  0.25        0.09          0.28      0.27  0.28      0.35   0.29  0.22  0.24     0.44         0.51   0.13       0.12  0.29 -0.01  0.07 -0.03   0.02  0.15     1.00   -0.02   0.31     0.22 -0.11
CANOLA       -0.01       0.00  0.21        0.37         -0.03     -0.06 -0.02     -0.06   0.07  0.02 -0.00    -0.09        -0.01   0.06      -0.06 -0.12 -0.09  0.04  0.05  -0.06 -0.12    -0.02    1.00  -0.18    -0.07  0.05
COCOA         0.02       0.02 -0.04       -0.09         -0.09     -0.06  0.14     -0.01   0.07 -0.07  0.04     0.12         0.17  -0.03      -0.06  0.05  0.01 -0.11 -0.20  -0.13 -0.02     0.31   -0.18   1.00     0.09  0.02
LIVECOW       0.14       0.14  0.16        0.12          0.13      0.10  0.26      0.21   0.22  0.17  0.13     0.17         0.12   0.07      -0.05  0.13 -0.09 -0.09 -0.16  -0.24  0.01     0.22   -0.07   0.09     1.00  0.04
DX            0.06      -0.61 -0.32        0.12         -0.13     -0.11 -0.04     -0.47  -0.01 -0.50 -0.73    -0.04        -0.09   0.12      -0.95 -0.84 -0.77 -0.19 -0.11  -0.27 -0.31    -0.11    0.05   0.02     0.04  1.00


********************************************************************************
                                 END OF REPORT                                  
********************************************************************************


