
********************************************************************************
                    Risk report produced on 25/09/2023 22:52                    
********************************************************************************


Total risk across all strategies, annualised percentage 14.8
Percentage of capital used for margin 58.6%

========================================
Risk per strategy, annualised percentage
========================================

                  risk
dynamic_TF_carry  14.8


===================
Risk by asset class
===================

Ags       4.7
Bond      8.4
Equity    2.8
FX        4.6
OilGas    0.9
Sector    2.6
Vol       1.7
dtype: float64


=====================================================
Beta loadings of asset class positions on asset class
=====================================================

Bond     -1.34
FX       -0.86
Vol      -0.04
OilGas   -0.02
Equity    0.09
Sector    0.16
Ags       0.31
dtype: float64


========================================================
Beta loadings of full portfolio positions on asset class
========================================================

Bond     -1.81
FX       -1.75
Vol      -0.11
OilGas    0.01
Equity    0.20
Sector    0.26
Ags       0.46
dtype: float64


==================================================================================================================================================================================================================================================================
                                                                                                                         Instrument risk                                                                                                                          
==================================================================================================================================================================================================================================================================

              daily_price_stdev  annual_price_stdev     price  daily_perc_stdev  annual_perc_stdev  point_size_base  contract_exposure  daily_risk_per_contract  annual_risk_per_contract  position  capital  exposure_held_perc_capital  annual_risk_perc_capital
US20                      0.968              15.493    114.75              0.84               13.5            817.3              93784                      791                     12662        -1   386018                       -24.3                      -3.3
US3                       0.179               2.859    103.07              0.17                2.8           1634.6             168471                      292                      4673        -2   386018                       -87.3                      -2.4
BUND                      0.645              10.327    128.98              0.50                8.0            869.9             112203                      561                      8983        -1   386018                       -29.1                      -2.3
DAX                     138.143            2210.293  15486.00              0.89               14.3              0.9              13471                      120                      1922        -4   386018                       -14.0                      -2.0
CHF                       0.004               0.070      1.11              0.40                6.4         102161.7             112970                      449                      7195        -1   386018                       -29.3                      -1.9
VIX                       0.492               7.871     18.00              2.73               43.7            817.3              14711                      402                      6432        -1   386018                        -3.8                      -1.7
JPY                       0.000               0.001      0.01              0.53                8.5       10216174.2              69582                      368                      5903        -1   386018                       -18.0                      -1.5
NASDAQ_micro            185.321            2965.134  14892.25              1.24               19.9              1.6              24342                      302                      4846        -1   386018                        -6.3                      -1.3
BOBL                      0.310               4.955    115.79              0.27                4.3            869.9             100728                      269                      4310        -1   386018                       -26.1                      -1.1
NZD                       0.003               0.052      0.60              0.55                8.7          81729.4              48735                      265                      4255        -1   386018                       -12.6                      -1.1
GAS_US_mini               0.112               1.794      2.89              3.88               62.1           2043.2               5904                      229                      3666        -1   386018                        -1.5                      -0.9
KOSDAQ                   23.466             375.458   1328.50              1.77               28.3              6.1               8125                      143                      2296         1   386018                         2.1                       0.6
TOPIX                    18.561             296.969   2366.25              0.78               12.6              5.5              13034                      102                      1635         2   386018                         6.8                       0.8
CNH                       0.021               0.332      7.31              0.28                4.5          11180.3              81688                      231                      3709         1   386018                        21.2                       1.0
SOYBEAN_mini             16.886             270.181   1299.12              1.30               20.8              8.2              10617                      138                      2208         2   386018                         5.5                       1.1
LEANHOG                   1.515              24.237     72.60              2.09               33.4            326.9              23734                      495                      7923         1   386018                         6.1                       2.1
EU-OIL                    3.614              57.830    361.20              1.00               16.0             43.5              15710                      157                      2515         4   386018                        16.3                       2.6
NIKKEI                  303.973            4863.568  32465.00              0.94               15.0              0.6              17883                      167                      2679         4   386018                        18.5                       2.8
LIVECOW                   1.168              18.690    191.50              0.61                9.8            326.9              62604                      381                      6110         2   386018                        32.4                       3.2

Sum of abs(notional exposure % capital) 361.2
Sum of abs(annualised risk % capital) 33.7
Net sum of annualised risk % capital -5.3 

==================================================================================================================================================================
                                                                           Correlations                                                                           
==================================================================================================================================================================

               CNH   VIX  BOBL  BUND   CHF   JPY   NZD  US20   US3   DAX  NASDAQ_micro  KOSDAQ  LEANHOG  LIVECOW  SOYBEAN_mini  EU-OIL  GAS_US_mini  NIKKEI  TOPIX
CNH           1.00  0.23 -0.39 -0.41 -0.48 -0.52 -0.59 -0.43 -0.48 -0.33         -0.40   -0.18     0.07     0.01         -0.18   -0.10         0.04   -0.12  -0.04
VIX           0.23  1.00 -0.11 -0.19 -0.16 -0.13 -0.35 -0.24 -0.12 -0.52         -0.63   -0.26    -0.28    -0.39         -0.25   -0.36        -0.21   -0.44  -0.43
BOBL         -0.39 -0.11  1.00  0.97  0.32  0.47  0.28  0.71  0.75  0.23          0.35    0.03    -0.20    -0.04         -0.01   -0.15        -0.14   -0.03  -0.14
BUND         -0.41 -0.19  0.97  1.00  0.35  0.46  0.31  0.77  0.71  0.33          0.40    0.06    -0.17     0.01          0.04   -0.11        -0.09    0.08  -0.04
CHF          -0.48 -0.16  0.32  0.35  1.00  0.66  0.71  0.53  0.58  0.42          0.40    0.25     0.04    -0.00          0.23    0.11        -0.11    0.13   0.01
JPY          -0.52 -0.13  0.47  0.46  0.66  1.00  0.60  0.54  0.64  0.32          0.27    0.09     0.03    -0.05          0.14    0.05        -0.32   -0.20  -0.29
NZD          -0.59 -0.35  0.28  0.31  0.71  0.60  1.00  0.44  0.51  0.48          0.52    0.20     0.18    -0.01          0.32    0.21         0.01    0.27   0.16
US20         -0.43 -0.24  0.71  0.77  0.53  0.54  0.44  1.00  0.79  0.34          0.46    0.06    -0.13     0.01          0.20   -0.09        -0.03    0.10   0.00
US3          -0.48 -0.12  0.75  0.71  0.58  0.64  0.51  0.79  1.00  0.27          0.38    0.06    -0.18    -0.12         -0.04   -0.05        -0.13   -0.06  -0.15
DAX          -0.33 -0.52  0.23  0.33  0.42  0.32  0.48  0.34  0.27  1.00          0.61    0.32     0.30     0.25          0.11    0.50         0.11    0.62   0.56
NASDAQ_micro -0.40 -0.63  0.35  0.40  0.40  0.27  0.52  0.46  0.38  0.61          1.00    0.41     0.16     0.29          0.17    0.13         0.19    0.56   0.44
KOSDAQ       -0.18 -0.26  0.03  0.06  0.25  0.09  0.20  0.06  0.06  0.32          0.41    1.00     0.13     0.37          0.16    0.25         0.12    0.26   0.19
LEANHOG       0.07 -0.28 -0.20 -0.17  0.04  0.03  0.18 -0.13 -0.18  0.30          0.16    0.13     1.00     0.38          0.17    0.27         0.12    0.19   0.24
LIVECOW       0.01 -0.39 -0.04  0.01 -0.00 -0.05 -0.01  0.01 -0.12  0.25          0.29    0.37     0.38     1.00          0.11    0.22         0.08    0.20   0.19
SOYBEAN_mini -0.18 -0.25 -0.01  0.04  0.23  0.14  0.32  0.20 -0.04  0.11          0.17    0.16     0.17     0.11          1.00    0.18         0.06    0.16   0.15
EU-OIL       -0.10 -0.36 -0.15 -0.11  0.11  0.05  0.21 -0.09 -0.05  0.50          0.13    0.25     0.27     0.22          0.18    1.00         0.22    0.44   0.49
GAS_US_mini   0.04 -0.21 -0.14 -0.09 -0.11 -0.32  0.01 -0.03 -0.13  0.11          0.19    0.12     0.12     0.08          0.06    0.22         1.00    0.31   0.33
NIKKEI       -0.12 -0.44 -0.03  0.08  0.13 -0.20  0.27  0.10 -0.06  0.62          0.56    0.26     0.19     0.20          0.16    0.44         0.31    1.00   0.94
TOPIX        -0.04 -0.43 -0.14 -0.04  0.01 -0.29  0.16  0.00 -0.15  0.56          0.44    0.19     0.24     0.19          0.15    0.49         0.33    0.94   1.00


********************************************************************************
                                 END OF REPORT                                  
********************************************************************************


