
********************************************************************************
                    Risk report produced on 15/10/2024 22:52                    
********************************************************************************


Total risk across all strategies, annualised percentage 11.7
Percentage of capital used for margin 68.0%

========================================
Risk per strategy, annualised percentage
========================================

                  risk
dynamic_TF_carry  11.8


===================
Risk by asset class
===================

Ags        2.6
Bond       0.6
Equity    10.0
FX         1.9
Metals     1.2
OilGas     1.9
Sector     1.0
Vol        1.1
dtype: float64


=====================================================
Beta loadings of asset class positions on asset class
=====================================================

OilGas   -0.04
Sector   -0.04
Vol      -0.02
Metals    0.03
Ags       0.04
Bond      0.11
FX        0.18
Equity    0.68
dtype: float64


========================================================
Beta loadings of full portfolio positions on asset class
========================================================

Vol      -0.20
Bond     -0.02
OilGas    0.01
Ags       0.08
Metals    0.12
Sector    0.29
FX        0.47
Equity    0.77
dtype: float64


===================================================================================================================================================================================================================================================================
                                                                                                                          Instrument risk                                                                                                                          
===================================================================================================================================================================================================================================================================

               daily_price_stdev  annual_price_stdev     price  daily_perc_stdev  annual_perc_stdev  point_size_base  contract_exposure  daily_risk_per_contract  annual_risk_per_contract  position  capital  exposure_held_perc_capital  annual_risk_perc_capital
GAS-PEN                    0.089               1.420      2.49              3.57               57.1           7663.3              19051                      680                     10884        -1   585591                        -3.3                      -1.9
VIX                        0.537               8.586     18.50              2.90               46.4            766.3              14177                      411                      6579        -1   585591                        -2.4                      -1.1
SOYMEAL                    4.854              77.656    311.70              1.56               24.9             76.6              23886                      371                      5951        -1   585591                        -4.1                      -1.0
COTTON2                    0.964              15.416     70.65              1.36               21.8            383.2              27070                      369                      5907        -1   585591                        -4.6                      -1.0
EU-AUTO                    8.549             136.783    563.60              1.52               24.3             41.7              23519                      356                      5708        -1   585591                        -4.0                      -1.0
CORN                       5.074              81.183    401.50              1.26               20.2             38.3              15384                      194                      3110        -1   585591                        -2.6                      -0.5
IRON                       2.372              37.957    107.80              2.20               35.2             76.6               8261                      181                      2908        -1   585591                        -1.4                      -0.5
CANOLA                     9.331             149.302    609.30              1.53               24.5             11.1               6761                      103                      1656        -1   585591                        -1.2                      -0.3
MUMMY                     12.602             201.624    624.00              2.02               32.3              5.1               3195                       64                      1032         1   585591                         0.5                       0.2
CRUDE_W_micro              1.599              25.589     70.07              2.28               36.5             76.6               5369                      122                      1960         1   585591                         0.9                       0.3
TOPIX                     39.560             632.964   2735.75              1.45               23.1              5.1              14011                      202                      3241         1   585591                         2.4                       0.6
KR10                       0.407               6.513    116.62              0.35                5.6            563.0              65653                      229                      3666         1   585591                        11.2                       0.6
SUGAR11                    0.331               5.299     21.01              1.58               25.2            858.3              18032                      284                      4547         1   585591                         3.1                       0.8
MSCISING                   2.665              42.643    347.90              0.77               12.3             58.4              20334                      155                      2492         2   585591                         6.9                       0.9
DOW                      275.511            4408.178  43050.00              0.64               10.2              0.4              16495                      105                      1689         3   585591                         8.5                       0.9
LIVECOW                    1.151              18.413    187.42              0.61                9.8            306.5              57452                      352                      5644         1   585591                         9.8                       1.0
SILVER                     0.528               8.451     31.74              1.66               26.6            766.3              24319                      404                      6476         1   585591                         4.2                       1.1
LEANHOG                    1.065              17.042     75.18              1.42               22.7            306.5              23043                      326                      5223         2   585591                         7.9                       1.8
YENEUR                     1.073              17.171    161.54              0.66               10.6            640.2             103417                      687                     10993         1   585591                        17.7                       1.9
FTSETAIWAN                22.732             363.714   1949.00              1.17               18.7             30.7              59743                      696                     11149         1   585591                        10.2                       1.9
MSCIEAFA                  20.387             326.192   2410.50              0.85               13.5             38.3              92362                      781                     12498         1   585591                        15.8                       2.1
MSCITAIWAN                12.048             192.767    975.40              1.24               19.8             76.6              74748                      923                     14772         1   585591                        12.8                       2.5
MIB                      292.460            4679.356  34470.00              0.85               13.6              4.2             143845                     1220                     19527         1   585591                        24.6                       3.3

Sum of abs(notional exposure % capital) 160.1
Sum of abs(annualised risk % capital) 27.2
Net sum of annualised risk % capital 12.6 

=================================================================================================================================================================================================================
                                                                                                  Correlations                                                                                                   
=================================================================================================================================================================================================================

               CORN  IRON  SOYMEAL  GAS-PEN  KR10  SILVER   DOW  EU-AUTO  FTSETAIWAN   MIB  MSCIEAFA  MSCISING  MSCITAIWAN  MUMMY  TOPIX  CANOLA  COTTON2  CRUDE_W_micro  LEANHOG  LIVECOW  SUGAR11  YENEUR   VIX
CORN           1.00  0.24     0.47     0.13  0.05    0.11  0.05     0.05        0.22  0.04      0.09      0.08        0.22  -0.02   0.00    0.14    -0.04          -0.02    -0.05     0.04     0.06   -0.06  0.03
IRON           0.24  1.00     0.37     0.01 -0.06    0.13  0.01     0.20        0.25  0.16      0.21      0.08        0.22   0.12   0.27    0.22     0.18          -0.01    -0.01     0.19     0.01   -0.01  0.02
SOYMEAL        0.47  0.37     1.00     0.12  0.04    0.05 -0.10     0.15       -0.05  0.06      0.04     -0.04       -0.04   0.03   0.06    0.28    -0.12          -0.30    -0.02     0.11     0.10   -0.27  0.16
GAS-PEN        0.13  0.01     0.12     1.00  0.12    0.04  0.07    -0.04        0.10  0.00      0.13      0.01        0.14   0.09   0.14    0.07    -0.07           0.03    -0.15     0.06     0.12    0.07 -0.19
KR10           0.05 -0.06     0.04     0.12  1.00    0.13  0.16    -0.03       -0.01 -0.09      0.14      0.15        0.10  -0.04  -0.08   -0.33    -0.06          -0.28    -0.07    -0.17    -0.12   -0.33  0.00
SILVER         0.11  0.13     0.05     0.04  0.13    1.00  0.24     0.11        0.24  0.14      0.26      0.40        0.20  -0.02   0.07   -0.02     0.11           0.25    -0.01     0.15     0.01    0.06 -0.04
DOW            0.05  0.01    -0.10     0.07  0.16    0.24  1.00     0.49        0.54  0.62      0.73      0.56        0.40   0.51   0.45    0.09     0.15           0.13     0.28     0.29     0.12    0.24 -0.65
EU-AUTO        0.05  0.20     0.15    -0.04 -0.03    0.11  0.49     1.00        0.48  0.83      0.69      0.37        0.40   0.48   0.61    0.08     0.13          -0.06     0.08     0.09    -0.06    0.11 -0.35
FTSETAIWAN     0.22  0.25    -0.05     0.10 -0.01    0.24  0.54     0.48        1.00  0.49      0.67      0.52        0.87   0.42   0.56    0.09     0.25           0.21    -0.08     0.29     0.15    0.29 -0.60
MIB            0.04  0.16     0.06     0.00 -0.09    0.14  0.62     0.83        0.49  1.00      0.76      0.46        0.43   0.45   0.57    0.23     0.19           0.04     0.16     0.17     0.05    0.28 -0.53
MSCIEAFA       0.09  0.21     0.04     0.13  0.14    0.26  0.73     0.69        0.67  0.76      1.00      0.62        0.51   0.56   0.62    0.14     0.27           0.06     0.13     0.16     0.13    0.24 -0.67
MSCISING       0.08  0.08    -0.04     0.01  0.15    0.40  0.56     0.37        0.52  0.46      0.62      1.00        0.43   0.42   0.43   -0.09     0.16           0.09     0.08     0.17     0.06    0.18 -0.50
MSCITAIWAN     0.22  0.22    -0.04     0.14  0.10    0.20  0.40     0.40        0.87  0.43      0.51      0.43        1.00   0.36   0.53    0.06     0.23           0.19    -0.21     0.21     0.12    0.24 -0.47
MUMMY         -0.02  0.12     0.03     0.09 -0.04   -0.02  0.51     0.48        0.42  0.45      0.56      0.42        0.36   1.00   0.73    0.19     0.16          -0.01     0.11     0.15     0.27    0.32 -0.46
TOPIX          0.00  0.27     0.06     0.14 -0.08    0.07  0.45     0.61        0.56  0.57      0.62      0.43        0.53   0.73   1.00    0.23     0.21           0.12     0.05     0.18     0.23    0.43 -0.44
CANOLA         0.14  0.22     0.28     0.07 -0.33   -0.02  0.09     0.08        0.09  0.23      0.14     -0.09        0.06   0.19   0.23    1.00     0.12           0.19     0.35     0.23     0.42    0.38 -0.07
COTTON2       -0.04  0.18    -0.12    -0.07 -0.06    0.11  0.15     0.13        0.25  0.19      0.27      0.16        0.23   0.16   0.21    0.12     1.00           0.28     0.19     0.20     0.40    0.16 -0.19
CRUDE_W_micro -0.02 -0.01    -0.30     0.03 -0.28    0.25  0.13    -0.06        0.21  0.04      0.06      0.09        0.19  -0.01   0.12    0.19     0.28           1.00     0.14     0.33     0.22    0.45 -0.17
LEANHOG       -0.05 -0.01    -0.02    -0.15 -0.07   -0.01  0.28     0.08       -0.08  0.16      0.13      0.08       -0.21   0.11   0.05    0.35     0.19           0.14     1.00     0.24     0.15    0.22 -0.02
LIVECOW        0.04  0.19     0.11     0.06 -0.17    0.15  0.29     0.09        0.29  0.17      0.16      0.17        0.21   0.15   0.18    0.23     0.20           0.33     0.24     1.00     0.29    0.32 -0.28
SUGAR11        0.06  0.01     0.10     0.12 -0.12    0.01  0.12    -0.06        0.15  0.05      0.13      0.06        0.12   0.27   0.23    0.42     0.40           0.22     0.15     0.29     1.00    0.33 -0.19
YENEUR        -0.06 -0.01    -0.27     0.07 -0.33    0.06  0.24     0.11        0.29  0.28      0.24      0.18        0.24   0.32   0.43    0.38     0.16           0.45     0.22     0.32     0.33    1.00 -0.40
VIX            0.03  0.02     0.16    -0.19  0.00   -0.04 -0.65    -0.35       -0.60 -0.53     -0.67     -0.50       -0.47  -0.46  -0.44   -0.07    -0.19          -0.17    -0.02    -0.28    -0.19   -0.40  1.00


********************************************************************************
                                 END OF REPORT                                  
********************************************************************************


