
********************************************************************************
                    Risk report produced on 12/05/2025 22:53                    
********************************************************************************


Total risk across all strategies, annualised percentage 7.1
Percentage of capital used for margin 40.9%

========================================
Risk per strategy, annualised percentage
========================================

                  risk
dynamic_TF_carry   7.1


===================
Risk by asset class
===================

Ags       1.9
Bond      2.1
Equity    2.6
FX        2.3
Metals    1.7
OilGas    5.1
Vol       0.2
dtype: float64


=====================================================
Beta loadings of asset class positions on asset class
=====================================================

OilGas   -0.15
Metals   -0.04
Ags      -0.01
Vol      -0.00
Equity    0.12
FX        0.27
Bond      0.43
dtype: float64


========================================================
Beta loadings of full portfolio positions on asset class
========================================================

OilGas   -0.16
Ags      -0.12
Vol      -0.04
Metals   -0.04
FX        0.01
Equity    0.09
Bond      0.35
dtype: float64


====================================================================================================================================================================================================================================================================
                                                                                                                          Instrument risk                                                                                                                           
====================================================================================================================================================================================================================================================================

               daily_price_stdev  annual_price_stdev      price  daily_perc_stdev  annual_perc_stdev  point_size_base  contract_exposure  daily_risk_per_contract  annual_risk_per_contract  position  capital  exposure_held_perc_capital  annual_risk_perc_capital
BRENT-LAST                 1.409              22.550      63.48              2.22               35.5            758.1              48121                     1068                     17093        -1   531950                        -9.0                      -3.2
GAS-PEN                    0.113               1.802       3.78              2.98               47.7           7580.6              28631                      853                     13656        -1   531950                        -5.4                      -2.6
BITCOIN                 2419.769           38716.305  103700.00              2.33               37.3              0.1               7861                      183                      2934        -3   531950                        -4.4                      -1.7
DOW                      570.858            9133.724   41379.00              1.38               22.1              0.4              15683                      216                      3461        -2   531950                        -5.9                      -1.3
DX                         0.545               8.720     100.19              0.54                8.7            758.1              75949                      413                      6610        -1   531950                       -14.3                      -1.2
WHEAT                      7.466             119.463     557.75              1.34               21.4             37.9              21140                      282                      4527        -1   531950                        -4.0                      -0.9
GAS_US_mini                0.119               1.911       4.10              2.92               46.7           1895.1               7760                      226                      3621        -1   531950                        -1.5                      -0.7
SOYMEAL                    2.902              46.439     298.80              0.97               15.5             75.8              22650                      220                      3520        -1   531950                        -4.3                      -0.7
CRUDE_W_micro              1.418              22.680      60.08              2.36               37.7             75.8               4554                      107                      1719        -1   531950                        -0.9                      -0.3
KRWUSD_mini                0.006               0.090       0.71              0.78               12.5          18951.5              13538                      106                      1697        -1   531950                        -2.5                      -0.3
V2X                        0.690              11.047      21.40              3.23               51.6             84.4               1805                       58                       931        -1   531950                        -0.3                      -0.2
CANOLA                     7.856             125.697     670.00              1.17               18.8             10.9               7271                       85                      1364         1   531950                         1.4                       0.3
MXP                        0.000               0.006       0.05              0.70               11.2         379029.1              19372                      135                      2170         1   531950                         3.6                       0.4
MSCISING                   5.659              90.538     396.35              1.43               22.8             58.1              23023                      328                      5259         1   531950                         4.3                       1.0
NIKKEI                   657.855           10525.679   37415.00              1.76               28.1              0.5              19190                      337                      5398         1   531950                         3.6                       1.0
KR10                       0.348               5.565     120.38              0.29                4.6            535.9              64517                      186                      2982         2   531950                        24.3                       1.1
BTP                        0.466               7.451     120.03              0.39                6.2            843.6             101254                      392                      6285         1   531950                        19.0                       1.2
MUMMY                     13.246             211.940     679.00              1.95               31.2              5.1               3482                       67                      1087         6   531950                         3.9                       1.2
LIVECOW                    1.728              27.647     209.32              0.83               13.2            303.2              63472                      523                      8383         1   531950                        11.9                       1.6
YENEUR                     0.961              15.379     163.26              0.59                9.4            641.1             104672                      616                      9860         1   531950                        19.7                       1.9

Sum of abs(notional exposure % capital) 144.2
Sum of abs(annualised risk % capital) 22.8
Net sum of annualised risk % capital -3.4 

==========================================================================================================================================================================================
                                                                                       Correlations                                                                                       
==========================================================================================================================================================================================

               BRENT-LAST  CRUDE_W_micro  LIVECOW  BITCOIN   DOW  KRWUSD_mini  MSCISING  MUMMY   MXP  NIKKEI    DX  GAS-PEN  GAS_US_mini  YENEUR   BTP  CANOLA  KR10  SOYMEAL  WHEAT   V2X
BRENT-LAST           1.00           0.99     0.52     0.11  0.22         0.07      0.40   0.38  0.10    0.39  0.24     0.13         0.12    0.09 -0.07    0.04 -0.30     0.01   0.14 -0.41
CRUDE_W_micro        0.99           1.00     0.54     0.10  0.21         0.07      0.39   0.37  0.10    0.38  0.23     0.14         0.13    0.10 -0.10    0.04 -0.29    -0.01   0.13 -0.41
LIVECOW              0.52           0.54     1.00     0.11  0.21         0.21      0.37   0.36  0.22    0.35 -0.05     0.10         0.10    0.12  0.07    0.03 -0.07     0.08   0.10 -0.40
BITCOIN              0.11           0.10     0.11     1.00  0.41         0.08      0.36   0.29  0.06    0.26  0.02     0.10         0.14    0.12  0.11    0.11  0.04    -0.06  -0.02 -0.28
DOW                  0.22           0.21     0.21     0.41  1.00         0.08      0.35   0.42  0.18    0.43  0.11     0.16         0.12   -0.10  0.26    0.02  0.08     0.03  -0.04 -0.43
KRWUSD_mini          0.07           0.07     0.21     0.08  0.08         1.00      0.34   0.31  0.31    0.30 -0.62    -0.05         0.01    0.00  0.35    0.17  0.39     0.18   0.19 -0.38
MSCISING             0.40           0.39     0.37     0.36  0.35         0.34      1.00   0.65  0.20    0.72 -0.04     0.08         0.13    0.17  0.16   -0.02  0.03    -0.17  -0.05 -0.76
MUMMY                0.38           0.37     0.36     0.29  0.42         0.31      0.65   1.00  0.28    0.79 -0.13    -0.07        -0.04    0.15  0.19   -0.02 -0.02    -0.04   0.01 -0.65
MXP                  0.10           0.10     0.22     0.06  0.18         0.31      0.20   0.28  1.00    0.25 -0.25    -0.12        -0.08    0.25  0.18    0.01  0.12     0.01   0.15 -0.23
NIKKEI               0.39           0.38     0.35     0.26  0.43         0.30      0.72   0.79  0.25    1.00 -0.07     0.00         0.05    0.31  0.19   -0.01 -0.01    -0.07  -0.03 -0.75
DX                   0.24           0.23    -0.05     0.02  0.11        -0.62     -0.04  -0.13 -0.25   -0.07  1.00     0.15         0.08   -0.01 -0.19   -0.01 -0.38    -0.22  -0.07  0.16
GAS-PEN              0.13           0.14     0.10     0.10  0.16        -0.05      0.08  -0.07 -0.12    0.00  0.15     1.00         0.97    0.20 -0.18    0.18 -0.25     0.13   0.20  0.03
GAS_US_mini          0.12           0.13     0.10     0.14  0.12         0.01      0.13  -0.04 -0.08    0.05  0.08     0.97         1.00    0.24 -0.17    0.14 -0.24     0.11   0.17 -0.01
YENEUR               0.09           0.10     0.12     0.12 -0.10         0.00      0.17   0.15  0.25    0.31 -0.01     0.20         0.24    1.00 -0.41    0.11 -0.32    -0.13  -0.00 -0.14
BTP                 -0.07          -0.10     0.07     0.11  0.26         0.35      0.16   0.19  0.18    0.19 -0.19    -0.18        -0.17   -0.41  1.00    0.07  0.65     0.13   0.08 -0.31
CANOLA               0.04           0.04     0.03     0.11  0.02         0.17     -0.02  -0.02  0.01   -0.01 -0.01     0.18         0.14    0.11  0.07    1.00 -0.10     0.23   0.31  0.00
KR10                -0.30          -0.29    -0.07     0.04  0.08         0.39      0.03  -0.02  0.12   -0.01 -0.38    -0.25        -0.24   -0.32  0.65   -0.10  1.00     0.01  -0.08 -0.13
SOYMEAL              0.01          -0.01     0.08    -0.06  0.03         0.18     -0.17  -0.04  0.01   -0.07 -0.22     0.13         0.11   -0.13  0.13    0.23  0.01     1.00   0.45  0.08
WHEAT                0.14           0.13     0.10    -0.02 -0.04         0.19     -0.05   0.01  0.15   -0.03 -0.07     0.20         0.17   -0.00  0.08    0.31 -0.08     0.45   1.00 -0.02
V2X                 -0.41          -0.41    -0.40    -0.28 -0.43        -0.38     -0.76  -0.65 -0.23   -0.75  0.16     0.03        -0.01   -0.14 -0.31    0.00 -0.13     0.08  -0.02  1.00


********************************************************************************
                                 END OF REPORT                                  
********************************************************************************


