
********************************************************************************
           Risk report report produced on 2023-05-19 22:53:26.109261            
********************************************************************************


Total risk across all strategies, annualised percentage 9.9
Percentage of capital used for margin 63.3%

========================================
Risk per strategy, annualised percentage
========================================

                  risk
dynamic_TF_carry   9.9


===================
Risk by asset class
===================

Ags       2.7
Equity    4.2
FX        4.1
Metals    1.5
OilGas    1.3
Sector    1.9
Vol       3.2
dtype: float64


=====================================================
Beta loadings of asset class positions on asset class
=====================================================

FX       -0.42
Ags      -0.10
Vol      -0.07
Metals   -0.03
OilGas   -0.02
Sector    0.09
Equity    0.28
dtype: float64


========================================================
Beta loadings of full portfolio positions on asset class
========================================================

FX       -0.23
Vol      -0.16
Ags      -0.04
Metals   -0.04
OilGas    0.00
Sector    0.21
Equity    0.34
dtype: float64


==================================================================================================================================================================================================================================================================
                                                                                                                         Instrument risk                                                                                                                          
==================================================================================================================================================================================================================================================================

              daily_price_stdev  annual_price_stdev     price  daily_perc_stdev  annual_perc_stdev  point_size_base  contract_exposure  daily_risk_per_contract  annual_risk_per_contract  position  capital  exposure_held_perc_capital  annual_risk_perc_capital
LEANHOG                   1.553              24.856     83.15              1.87               29.9            322.6              26821                      501                      8017        -1   346714                        -7.7                      -2.3
VIX                       0.618               9.887     22.40              2.76               44.1            806.4              18063                      498                      7973        -1   346714                        -5.2                      -2.3
JPY                       0.000               0.001      0.01              0.66               10.6       10080238.7              73313                      485                      7767        -1   346714                       -21.1                      -2.2
AUD                       0.005               0.074      0.67              0.69               11.0          80641.9              53691                      370                      5931        -1   346714                       -15.5                      -1.7
GAS_US_mini               0.138               2.215      2.78              4.99               79.8           2016.0               5594                      279                      4466        -1   346714                        -1.6                      -1.3
CORN                      6.461             103.376    499.50              1.29               20.7             40.3              20140                      260                      4168        -1   346714                        -5.8                      -1.2
IRON                      3.037              48.589    103.35              2.94               47.0             80.6               8334                      244                      3918        -1   346714                        -2.4                      -1.1
V2X                       0.590               9.441     17.95              3.29               52.6             86.8               1558                       51                       819        -4   346714                        -1.8                      -0.9
RUSSELL                  23.665             378.644   1777.30              1.33               21.3              4.0               7166                       95                      1526        -2   346714                        -4.1                      -0.9
FTSECHINAA              147.082            2353.311  13035.00              1.13               18.1              0.8              10511                      118                      1897        -1   346714                        -3.0                      -0.5
COPPER-micro              0.059               0.941      3.73              1.58               25.2           2016.0               7516                      118                      1896        -1   346714                        -2.2                      -0.5
REDWHEAT                 19.434             310.950    816.75              2.38               38.1             40.3              32932                      783                     12537         0   346714                         0.0                       0.0
EU-BANKS                  1.669              26.698    103.30              1.62               25.8             43.4               4485                       72                      1159         1   346714                         1.3                       0.3
BITCOIN                1021.828           16349.241  26930.00              3.79               60.7              0.1               2171                       82                      1318         1   346714                         0.6                       0.4
KOSDAQ                   20.559             328.937   1258.90              1.63               26.1              6.1               7644                      124                      1997         1   346714                         2.2                       0.6
BRE                       0.002               0.028      0.20              0.87               13.9          80641.9              16092                      140                      2240         1   346714                         4.6                       0.6
NIKKEI                  249.090            3985.438  30820.00              0.81               12.9              0.6              17966                      145                      2323         1   346714                         5.2                       0.7
NIFTY                   113.477            1815.629  18151.50              0.63               10.0              1.6              29275                      183                      2928         1   346714                         8.4                       0.8
CNH                       0.019               0.311      7.04              0.28                4.4          11430.3              80488                      222                      3555         1   346714                        23.2                       1.0
LIVECOW                   0.909              14.541    164.45              0.55                8.8            322.6              53046                      293                      4690         1   346714                        15.3                       1.4
EU-AUTO                   8.187             130.990    621.30              1.32               21.1             43.4              26977                      355                      5687         1   346714                         7.8                       1.6
SMI                      83.203            1331.243  11595.00              0.72               11.5              8.9             103373                      741                     11868         1   346714                        29.8                       3.4

Sum of abs(notional exposure % capital) 168.8
Sum of abs(annualised risk % capital) 25.7
Net sum of annualised risk % capital -4.1 

=================================================================================================================================================================================================
                                                                                          Correlations                                                                                           
=================================================================================================================================================================================================

               BRE  EU-AUTO  EU-BANKS  KOSDAQ  LIVECOW  NIFTY  NIKKEI  RUSSELL   SMI   AUD  BITCOIN  COPPER-micro  FTSECHINAA  IRON   JPY   V2X   VIX  CORN  GAS_US_mini  LEANHOG  REDWHEAT   CNH
BRE           1.00     0.21      0.33    0.16     0.24   0.33    0.26     0.23  0.29  0.18     0.07          0.29        0.03  0.14  0.00 -0.34 -0.36  0.07        -0.03     0.01      0.03 -0.16
EU-AUTO       0.21     1.00      0.77    0.52     0.37   0.48    0.54     0.56  0.46  0.27     0.10          0.24        0.04  0.04 -0.13 -0.65 -0.62 -0.11         0.15     0.07     -0.08 -0.05
EU-BANKS      0.33     0.77      1.00    0.40     0.42   0.49    0.59     0.58  0.50  0.26     0.08          0.30        0.12  0.04 -0.09 -0.78 -0.73 -0.03         0.18     0.15     -0.09 -0.07
KOSDAQ        0.16     0.52      0.40    1.00     0.26   0.35    0.53     0.45  0.46  0.26     0.19          0.32        0.12  0.20 -0.09 -0.41 -0.40  0.03         0.05    -0.03      0.17 -0.11
LIVECOW       0.24     0.37      0.42    0.26     1.00   0.33    0.32     0.40  0.34  0.08     0.17          0.15       -0.11  0.07 -0.15 -0.35 -0.41 -0.03         0.06     0.31     -0.02  0.00
NIFTY         0.33     0.48      0.49    0.35     0.33   1.00    0.58     0.49  0.65  0.30     0.27          0.20        0.16 -0.05  0.02 -0.52 -0.51 -0.19         0.20     0.10     -0.26 -0.14
NIKKEI        0.26     0.54      0.59    0.53     0.32   0.58    1.00     0.67  0.67  0.31     0.27          0.34        0.30  0.10 -0.28 -0.69 -0.72 -0.14         0.30     0.06     -0.04 -0.07
RUSSELL       0.23     0.56      0.58    0.45     0.40   0.49    0.67     1.00  0.63  0.56     0.52          0.48        0.27  0.29 -0.02 -0.60 -0.72 -0.03         0.28     0.07      0.12 -0.28
SMI           0.29     0.46      0.50    0.46     0.34   0.65    0.67     0.63  1.00  0.38     0.40          0.37        0.21  0.02 -0.05 -0.59 -0.62 -0.08         0.14    -0.01     -0.11 -0.15
AUD           0.18     0.27      0.26    0.26     0.08   0.30    0.31     0.56  0.38  1.00     0.45          0.51        0.38  0.29  0.43 -0.34 -0.39  0.07         0.16    -0.09      0.13 -0.61
BITCOIN       0.07     0.10      0.08    0.19     0.17   0.27    0.27     0.52  0.40  0.45     1.00          0.28        0.17  0.07  0.21 -0.16 -0.28 -0.00         0.06    -0.09      0.06 -0.19
COPPER-micro  0.29     0.24      0.30    0.32     0.15   0.20    0.34     0.48  0.37  0.51     0.28          1.00        0.37  0.49  0.18 -0.35 -0.38  0.19        -0.01    -0.15      0.16 -0.53
FTSECHINAA    0.03     0.04      0.12    0.12    -0.11   0.16    0.30     0.27  0.21  0.38     0.17          0.37        1.00  0.33  0.07 -0.19 -0.26 -0.03         0.05    -0.18      0.02 -0.45
IRON          0.14     0.04      0.04    0.20     0.07  -0.05    0.10     0.29  0.02  0.29     0.07          0.49        0.33  1.00  0.08 -0.06 -0.10  0.05         0.01     0.02      0.23 -0.34
JPY           0.00    -0.13     -0.09   -0.09    -0.15   0.02   -0.28    -0.02 -0.05  0.43     0.21          0.18        0.07  0.08  1.00  0.12  0.13  0.01        -0.14    -0.09     -0.03 -0.55
V2X          -0.34    -0.65     -0.78   -0.41    -0.35  -0.52   -0.69    -0.60 -0.59 -0.34    -0.16         -0.35       -0.19 -0.06  0.12  1.00  0.87  0.14        -0.15     0.05      0.10  0.05
VIX          -0.36    -0.62     -0.73   -0.40    -0.41  -0.51   -0.72    -0.72 -0.62 -0.39    -0.28         -0.38       -0.26 -0.10  0.13  0.87  1.00  0.09        -0.15     0.08      0.08  0.04
CORN          0.07    -0.11     -0.03    0.03    -0.03  -0.19   -0.14    -0.03 -0.08  0.07    -0.00          0.19       -0.03  0.05  0.01  0.14  0.09  1.00         0.02     0.06      0.54 -0.07
GAS_US_mini  -0.03     0.15      0.18    0.05     0.06   0.20    0.30     0.28  0.14  0.16     0.06         -0.01        0.05  0.01 -0.14 -0.15 -0.15  0.02         1.00     0.03      0.03  0.04
LEANHOG       0.01     0.07      0.15   -0.03     0.31   0.10    0.06     0.07 -0.01 -0.09    -0.09         -0.15       -0.18  0.02 -0.09  0.05  0.08  0.06         0.03     1.00     -0.03 -0.03
REDWHEAT      0.03    -0.08     -0.09    0.17    -0.02  -0.26   -0.04     0.12 -0.11  0.13     0.06          0.16        0.02  0.23 -0.03  0.10  0.08  0.54         0.03    -0.03      1.00  0.03
CNH          -0.16    -0.05     -0.07   -0.11     0.00  -0.14   -0.07    -0.28 -0.15 -0.61    -0.19         -0.53       -0.45 -0.34 -0.55  0.05  0.04 -0.07         0.04    -0.03      0.03  1.00


********************************************************************************
                                 END OF REPORT                                  
********************************************************************************


