
********************************************************************************
                    Risk report produced on 05/11/2025 22:53                    
********************************************************************************


Total risk across all strategies, annualised percentage 11.9
Percentage of capital used for margin 43.7%

========================================
Risk per strategy, annualised percentage
========================================

                  risk
dynamic_TF_carry  11.9


===================
Risk by asset class
===================

Ags       0.9
Bond      3.4
Equity    9.7
FX        4.0
Metals    1.9
OilGas    2.3
dtype: float64


=====================================================
Beta loadings of asset class positions on asset class
=====================================================

OilGas   -0.05
FX       -0.01
Metals    0.00
Ags       0.02
Bond      0.67
Equity    0.91
dtype: float64


========================================================
Beta loadings of full portfolio positions on asset class
========================================================

OilGas   -0.07
Ags       0.14
Metals    0.15
Bond      0.26
FX        0.65
Equity    0.95
dtype: float64


==================================================================================================================================================================================================================================================================
                                                                                                                         Instrument risk                                                                                                                          
==================================================================================================================================================================================================================================================================

             daily_price_stdev  annual_price_stdev      price  daily_perc_stdev  annual_perc_stdev  point_size_base  contract_exposure  daily_risk_per_contract  annual_risk_per_contract  position  capital  exposure_held_perc_capital  annual_risk_perc_capital
JPY                      0.000               0.001       0.01              0.57                9.1        9595566.1              62519                      355                      5682        -3   611430                       -30.7                      -2.8
GAS-PEN                  0.115               1.835       4.34              2.65               42.3           7676.5              33277                      880                     14083        -1   611430                        -5.4                      -2.3
DAX                    188.459            3015.343   24091.00              0.78               12.5              0.9              21244                      166                      2659        -3   611430                       -10.4                      -1.3
GOLD_micro              59.937             958.998    4000.10              1.50               24.0              7.7              30706                      460                      7361        -1   611430                        -5.0                      -1.2
BITCOIN               2947.301           47156.814  104515.00              2.82               45.1              0.1               8023                      226                      3619        -2   611430                        -2.6                      -1.2
KR10                     0.364               5.825     115.97              0.31                5.0            525.6              60959                      191                      3061        -2   611430                       -19.9                      -1.0
RICE                     0.151               2.419      10.25              1.48               23.6           1535.3              15736                      232                      3714        -1   611430                        -2.6                      -0.6
SP500_micro             54.576             873.220    6852.50              0.80               12.7              3.8              26301                      209                      3351        -1   611430                        -4.3                      -0.5
KRWUSD_mini              0.003               0.055       0.69              0.50                8.0          19191.1              13259                       66                      1059        -3   611430                        -6.5                      -0.5
AUD_micro                0.003               0.048       0.65              0.46                7.4           7676.5               4997                       23                       371         3   611430                         2.5                       0.2
MXP                      0.000               0.004       0.05              0.52                8.4         383822.6              20561                      107                      1723         1   611430                         3.4                       0.3
BRE                      0.001               0.019       0.19              0.65               10.4          76764.5              14239                       92                      1475         2   611430                         4.7                       0.5
KOSPI_mini               9.309             148.951     561.96              1.66               26.5             26.3              14769                      244                      3914         1   611430                         2.4                       0.6
LEANHOG                  0.940              15.045      80.50              1.17               18.7            307.1              24718                      288                      4619         1   611430                         4.0                       0.8
FTSECHINAA             192.050            3072.795   15276.00              1.26               20.1              0.8              11726                      147                      2358         2   611430                         3.8                       0.8
TOPIX                   35.035             560.556    3262.00              1.07               17.2              5.0              16294                      175                      2800         2   611430                         5.3                       0.9
CAD10                    0.376               6.018     122.54              0.31                4.9            543.9              66647                      204                      3273         2   611430                        21.8                       1.1
YENEUR                   0.770              12.327     176.74              0.44                7.0            624.4             110357                      481                      7697         1   611430                        18.0                       1.3
OAT                      0.331               5.293     122.27              0.27                4.3            881.8             107820                      291                      4667         2   611430                        35.3                       1.5
US30                     0.848              13.567     120.06              0.71               11.3            767.6              92165                      650                     10414         1   611430                        15.1                       1.7
MSCIEAFA                19.623             313.968    2801.40              0.70               11.2             38.4             107524                      753                     12050         1   611430                        17.6                       2.0
SILVER                   1.026              16.419      48.03              2.14               34.2            767.6              36870                      787                     12603         1   611430                         6.0                       2.1
FTSETAIWAN              28.952             463.233    2268.00              1.28               20.4             30.7              69640                      888                     14223         1   611430                        11.4                       2.3
AEX                      7.478             119.642     969.80              0.77               12.3            176.4             171038                     1318                     21100         1   611430                        28.0                       3.5
MIB                    309.616            4953.857   43120.00              0.72               11.5              4.4             190121                     1365                     21842         1   611430                        31.1                       3.6

Sum of abs(notional exposure % capital) 297.8
Sum of abs(annualised risk % capital) 34.6
Net sum of annualised risk % capital 11.8 

===============================================================================================================================================================================================================================
                                                                                                         Correlations                                                                                                          
===============================================================================================================================================================================================================================

              AEX  AUD_micro   BRE   DAX  FTSECHINAA  FTSETAIWAN  KOSPI_mini   MIB  MSCIEAFA   MXP  SILVER  SP500_micro  TOPIX  BITCOIN  GAS-PEN  LEANHOG  RICE  YENEUR  CAD10  KR10   OAT  US30  GOLD_micro   JPY  KRWUSD_mini
AEX          1.00       0.35  0.36  0.72        0.40        0.67        0.54  0.74      0.61  0.25    0.35         0.61   0.49     0.24     0.08     0.17 -0.01    0.03  -0.01 -0.01  0.02 -0.01        0.03 -0.07        -0.02
AUD_micro    0.35       1.00  0.48  0.37        0.39        0.50        0.38  0.39      0.75  0.43    0.53         0.55   0.37     0.24     0.09     0.19  0.24    0.15  -0.27 -0.08 -0.17 -0.28        0.30  0.29         0.55
BRE          0.36       0.48  1.00  0.25        0.43        0.54        0.34  0.32      0.40  0.47    0.33         0.41   0.20     0.13     0.31     0.09  0.09    0.07  -0.05 -0.05 -0.08 -0.04        0.15  0.15         0.34
DAX          0.72       0.37  0.25  1.00        0.27        0.48        0.41  0.83      0.66  0.26    0.30         0.54   0.59     0.37     0.10     0.17  0.07    0.19  -0.06  0.00 -0.11 -0.07       -0.13 -0.13        -0.02
FTSECHINAA   0.40       0.39  0.43  0.27        1.00        0.43        0.22  0.33      0.42  0.33    0.31         0.38   0.26     0.11     0.10     0.12 -0.07    0.12  -0.17  0.02 -0.09 -0.15        0.09  0.03         0.15
FTSETAIWAN   0.67       0.50  0.54  0.48        0.43        1.00        0.60  0.55      0.64  0.40    0.35         0.79   0.51     0.24     0.10     0.07  0.02    0.11  -0.12  0.00 -0.09 -0.06        0.06 -0.04         0.14
KOSPI_mini   0.54       0.38  0.34  0.41        0.22        0.60        1.00  0.44      0.36  0.11    0.18         0.43   0.43     0.22     0.20    -0.06  0.03    0.13  -0.05 -0.04 -0.09  0.02       -0.01 -0.16        -0.00
MIB          0.74       0.39  0.32  0.83        0.33        0.55        0.44  1.00      0.67  0.23    0.36         0.57   0.60     0.28     0.01     0.25  0.10    0.08  -0.10 -0.12 -0.05 -0.14       -0.12 -0.11         0.01
MSCIEAFA     0.61       0.75  0.40  0.66        0.42        0.64        0.36  0.67      1.00  0.36    0.50         0.77   0.56     0.22     0.01     0.23  0.18    0.16  -0.26 -0.03 -0.08 -0.28        0.18  0.16         0.34
MXP          0.25       0.43  0.47  0.26        0.33        0.40        0.11  0.23      0.36  1.00    0.34         0.27   0.18     0.09    -0.06     0.13 -0.04    0.29  -0.14  0.06 -0.07 -0.08        0.22  0.06         0.21
SILVER       0.35       0.53  0.33  0.30        0.31        0.35        0.18  0.36      0.50  0.34    1.00         0.38   0.14     0.02     0.01     0.25  0.21    0.14  -0.32 -0.11 -0.11 -0.25        0.63  0.04         0.18
SP500_micro  0.61       0.55  0.41  0.54        0.38        0.79        0.43  0.57      0.77  0.27    0.38         1.00   0.51     0.24     0.02     0.21  0.11    0.13  -0.19  0.06  0.01 -0.15       -0.06 -0.10         0.15
TOPIX        0.49       0.37  0.20  0.59        0.26        0.51        0.43  0.60      0.56  0.18    0.14         0.51   1.00     0.13     0.01     0.13 -0.07    0.32  -0.05 -0.14 -0.11 -0.03       -0.16 -0.31        -0.12
BITCOIN      0.24       0.24  0.13  0.37        0.11        0.24        0.22  0.28      0.22  0.09    0.02         0.24   0.13     1.00     0.05    -0.03  0.01   -0.06  -0.06 -0.08 -0.08 -0.02       -0.12  0.11         0.14
GAS-PEN      0.08       0.09  0.31  0.10        0.10        0.10        0.20  0.01      0.01 -0.06    0.01         0.02   0.01     0.05     1.00     0.01  0.06    0.06  -0.18 -0.19 -0.31 -0.11       -0.05 -0.09         0.12
LEANHOG      0.17       0.19  0.09  0.17        0.12        0.07       -0.06  0.25      0.23  0.13    0.25         0.21   0.13    -0.03     0.01     1.00  0.16    0.18  -0.19 -0.12 -0.18 -0.25        0.03 -0.08         0.06
RICE        -0.01       0.24  0.09  0.07       -0.07        0.02        0.03  0.10      0.18 -0.04    0.21         0.11  -0.07     0.01     0.06     0.16  1.00   -0.03  -0.18  0.08 -0.16 -0.29        0.10  0.15         0.20
YENEUR       0.03       0.15  0.07  0.19        0.12        0.11        0.13  0.08      0.16  0.29    0.14         0.13   0.32    -0.06     0.06     0.18 -0.03    1.00  -0.51 -0.31 -0.51 -0.40       -0.04 -0.67        -0.18
CAD10       -0.01      -0.27 -0.05 -0.06       -0.17       -0.12       -0.05 -0.10     -0.26 -0.14   -0.32        -0.19  -0.05    -0.06    -0.18    -0.19 -0.18   -0.51   1.00  0.46  0.59  0.81       -0.13  0.35        -0.06
KR10        -0.01      -0.08 -0.05  0.00        0.02        0.00       -0.04 -0.12     -0.03  0.06   -0.11         0.06  -0.14    -0.08    -0.19    -0.12  0.08   -0.31   0.46  1.00  0.40  0.44        0.05  0.28         0.03
OAT          0.02      -0.17 -0.08 -0.11       -0.09       -0.09       -0.09 -0.05     -0.08 -0.07   -0.11         0.01  -0.11    -0.08    -0.31    -0.18 -0.16   -0.51   0.59  0.40  1.00  0.52        0.12  0.25         0.02
US30        -0.01      -0.28 -0.04 -0.07       -0.15       -0.06        0.02 -0.14     -0.28 -0.08   -0.25        -0.15  -0.03    -0.02    -0.11    -0.25 -0.29   -0.40   0.81  0.44  0.52  1.00       -0.09  0.22        -0.14
GOLD_micro   0.03       0.30  0.15 -0.13        0.09        0.06       -0.01 -0.12      0.18  0.22    0.63        -0.06  -0.16    -0.12    -0.05     0.03  0.10   -0.04  -0.13  0.05  0.12 -0.09        1.00  0.28         0.22
JPY         -0.07       0.29  0.15 -0.13        0.03       -0.04       -0.16 -0.11      0.16  0.06    0.04        -0.10  -0.31     0.11    -0.09    -0.08  0.15   -0.67   0.35  0.28  0.25  0.22        0.28  1.00         0.59
KRWUSD_mini -0.02       0.55  0.34 -0.02        0.15        0.14       -0.00  0.01      0.34  0.21    0.18         0.15  -0.12     0.14     0.12     0.06  0.20   -0.18  -0.06  0.03  0.02 -0.14        0.22  0.59         1.00


********************************************************************************
                                 END OF REPORT                                  
********************************************************************************


