
********************************************************************************
                    Risk report produced on 24/06/2025 22:53                    
********************************************************************************


Total risk across all strategies, annualised percentage 11.4
Percentage of capital used for margin 46.5%

========================================
Risk per strategy, annualised percentage
========================================

                  risk
dynamic_TF_carry  11.4


===================
Risk by asset class
===================

Ags       3.6
Bond      1.0
Equity    3.8
FX        4.1
Metals    2.6
OilGas    5.8
dtype: float64


=====================================================
Beta loadings of asset class positions on asset class
=====================================================

Bond      0.00
OilGas    0.01
Metals    0.05
FX        0.08
Equity    0.20
Ags       0.21
dtype: float64


========================================================
Beta loadings of full portfolio positions on asset class
========================================================

Bond     -0.10
OilGas    0.02
FX        0.20
Metals    0.24
Ags       0.31
Equity    0.40
dtype: float64


===================================================================================================================================================================================================================================================================
                                                                                                                          Instrument risk                                                                                                                          
===================================================================================================================================================================================================================================================================

               daily_price_stdev  annual_price_stdev     price  daily_perc_stdev  annual_perc_stdev  point_size_base  contract_exposure  daily_risk_per_contract  annual_risk_per_contract  position  capital  exposure_held_perc_capital  annual_risk_perc_capital
DX                         0.422               6.752     97.46              0.43                6.9            736.7              71797                      310                      4973        -5   534441                       -67.2                      -4.7
GAS-PEN                    0.119               1.908      3.66              3.26               52.1           7366.5              26954                      878                     14054        -1   534441                        -5.0                      -2.6
JPY                        0.000               0.001      0.01              0.66               10.5        9208137.0              64222                      422                      6752        -2   534441                       -24.0                      -2.5
EUROSTX                   49.140             786.247   5317.00              0.92               14.8              8.6              45477                      420                      6725        -1   534441                        -8.5                      -1.3
WHEAT                     10.293             164.691    575.25              1.79               28.6             36.8              21187                      379                      6065        -1   534441                        -4.0                      -1.1
US10U                      0.511               8.177    113.62              0.45                7.2            736.7              83701                      376                      6023        -1   534441                       -15.7                      -1.1
DOW                      406.496            6503.929  43463.00              0.94               15.0              0.4              16008                      149                      2395        -2   534441                        -6.0                      -0.9
RICE                       0.178               2.847     13.90              1.28               20.5           1473.3              20478                      262                      4194        -1   534441                        -3.8                      -0.8
GAS_US_mini                0.122               1.945      3.66              3.32               53.1           1841.6               6740                      223                      3581        -1   534441                        -1.3                      -0.7
IRON                       1.106              17.697     92.75              1.19               19.1             73.7               6832                       81                      1303        -2   534441                        -2.6                      -0.5
COPPER-micro               0.071               1.141      4.95              1.44               23.0           1841.6               9121                      131                      2100        -1   534441                        -1.7                      -0.4
RUSSELL                   26.732             427.714   2179.70              1.23               19.6              3.7               8028                       98                      1575        -1   534441                        -1.5                      -0.3
MUMMY                      9.403             150.453    750.00              1.25               20.1              5.1               3802                       47                       762         1   534441                         0.7                       0.1
MXP                        0.000               0.005      0.05              0.59                9.5         368325.5              19208                      113                      1815         1   534441                         3.6                       0.3
TOPIX                     28.573             457.162   2781.75              1.03               16.4              5.1              14104                      144                      2318         1   534441                         2.6                       0.4
CAD                        0.003               0.040      0.73              0.34                5.5          73665.1              53904                      185                      2971         1   534441                        10.1                       0.6
CRUDE_W_micro              1.896              30.336     62.62              3.03               48.4             73.7               4612                      139                      2234         2   534441                         1.7                       0.8
LEANHOG                    1.052              16.828     95.32              1.10               17.7            294.7              28088                      309                      4958         1   534441                         5.3                       0.9
CANOLA                    10.019             160.311    706.10              1.42               22.7             10.7               7583                      107                      1721         3   534441                         4.3                       1.0
BTP                        0.396               6.338    121.09              0.33                5.2            855.3             103571                      338                      5421         1   534441                        19.4                       1.0
PLAT                      25.743             411.888   1330.10              1.94               31.0             36.8              48990                      948                     15170         1   534441                         9.2                       2.8
FEEDCOW                    2.763              44.208    302.32              0.91               14.6            368.3             111354                     1017                     16282         1   534441                        20.8                       3.0
BRENT-LAST                 1.932              30.913     65.52              2.95               47.2            736.7              48265                     1423                     22772         1   534441                         9.0                       4.3
MIB                      388.381            6214.100  39560.00              0.98               15.7              4.3             169184                     1660                     26575         1   534441                        31.7                       5.0

Sum of abs(notional exposure % capital) 259.7
Sum of abs(annualised risk % capital) 37.1
Net sum of annualised risk % capital 3.3 

================================================================================================================================================================================================================
                                                                                                  Correlations                                                                                                  
================================================================================================================================================================================================================

                BTP   JPY  US10U  GAS-PEN  GAS_US_mini   CAD  CANOLA  IRON  RICE  WHEAT  BRENT-LAST  COPPER-micro  CRUDE_W_micro   DOW  EUROSTX  FEEDCOW  LEANHOG   MIB  MUMMY   MXP  PLAT  RUSSELL  TOPIX    DX
BTP            1.00  0.25   0.57    -0.30        -0.31 -0.02   -0.07  0.03 -0.06  -0.14       -0.09         -0.07          -0.10  0.13     0.10    -0.13    -0.09  0.12   0.05 -0.01 -0.05     0.22   0.04  0.09
JPY            0.25  1.00   0.32    -0.10        -0.13  0.40   -0.07 -0.00  0.09   0.03       -0.31          0.05          -0.35 -0.21    -0.23    -0.27    -0.15 -0.24  -0.16 -0.01  0.04    -0.19  -0.34 -0.67
US10U          0.57  0.32   1.00    -0.09        -0.15 -0.16   -0.24 -0.08 -0.21  -0.24       -0.11         -0.15          -0.13 -0.18    -0.01    -0.19    -0.24 -0.05  -0.22 -0.08 -0.16    -0.03  -0.07 -0.01
GAS-PEN       -0.30 -0.10  -0.09     1.00         0.97  0.09    0.08  0.09 -0.00   0.16        0.07          0.18           0.08  0.01     0.11     0.15    -0.08  0.04  -0.14  0.05  0.18    -0.01   0.03  0.01
GAS_US_mini   -0.31 -0.13  -0.15     0.97         1.00  0.10    0.07  0.08  0.02   0.12        0.06          0.17           0.07 -0.00     0.12     0.20    -0.07  0.05  -0.11  0.09  0.21    -0.03   0.06 -0.03
CAD           -0.02  0.40  -0.16     0.09         0.10  1.00    0.24  0.10  0.15   0.28        0.00          0.27          -0.01  0.07    -0.10     0.04     0.12 -0.15   0.20  0.32  0.17     0.06  -0.02 -0.72
CANOLA        -0.07 -0.07  -0.24     0.08         0.07  0.24    1.00  0.03 -0.09   0.10        0.10         -0.02           0.08  0.03    -0.03    -0.10     0.25 -0.02  -0.03  0.01  0.02    -0.03   0.02 -0.15
IRON           0.03 -0.00  -0.08     0.09         0.08  0.10    0.03  1.00  0.11   0.23        0.23          0.30           0.20  0.12     0.26     0.15     0.06  0.21   0.15  0.11  0.14     0.17   0.22  0.03
RICE          -0.06  0.09  -0.21    -0.00         0.02  0.15   -0.09  0.11  1.00   0.03        0.11          0.24           0.12  0.09     0.10     0.18     0.11  0.12   0.07 -0.07  0.10     0.07  -0.07 -0.18
WHEAT         -0.14  0.03  -0.24     0.16         0.12  0.28    0.10  0.23  0.03   1.00        0.06          0.31           0.09  0.09     0.05     0.01     0.20 -0.02   0.00  0.12  0.35     0.05  -0.03 -0.12
BRENT-LAST    -0.09 -0.31  -0.11     0.07         0.06  0.00    0.10  0.23  0.11   0.06        1.00          0.37           0.98  0.12     0.22     0.26     0.24  0.22   0.22  0.28  0.37     0.27   0.26  0.18
COPPER-micro  -0.07  0.05  -0.15     0.18         0.17  0.27   -0.02  0.30  0.24   0.31        0.37          1.00           0.38  0.34     0.50     0.33     0.28  0.53   0.36  0.25  0.57     0.33   0.44 -0.18
CRUDE_W_micro -0.10 -0.35  -0.13     0.08         0.07 -0.01    0.08  0.20  0.12   0.09        0.98          0.38           1.00  0.16     0.21     0.27     0.24  0.23   0.22  0.27  0.39     0.29   0.27  0.20
DOW            0.13 -0.21  -0.18     0.01        -0.00  0.07    0.03  0.12  0.09   0.09        0.12          0.34           0.16  1.00     0.56     0.25     0.31  0.51   0.38  0.05  0.13     0.86   0.50  0.13
EUROSTX        0.10 -0.23  -0.01     0.11         0.12 -0.10   -0.03  0.26  0.10   0.05        0.22          0.50           0.21  0.56     1.00     0.34     0.34  0.92   0.41  0.24  0.16     0.59   0.64  0.12
FEEDCOW       -0.13 -0.27  -0.19     0.15         0.20  0.04   -0.10  0.15  0.18   0.01        0.26          0.33           0.27  0.25     0.34     1.00     0.28  0.34   0.24  0.29  0.34     0.28   0.33  0.01
LEANHOG       -0.09 -0.15  -0.24    -0.08        -0.07  0.12    0.25  0.06  0.11   0.20        0.24          0.28           0.24  0.31     0.34     0.28     1.00  0.34   0.31  0.15  0.22     0.37   0.21 -0.11
MIB            0.12 -0.24  -0.05     0.04         0.05 -0.15   -0.02  0.21  0.12  -0.02        0.22          0.53           0.23  0.51     0.92     0.34     0.34  1.00   0.49  0.17  0.20     0.57   0.68  0.16
MUMMY          0.05 -0.16  -0.22    -0.14        -0.11  0.20   -0.03  0.15  0.07   0.00        0.22          0.36           0.22  0.38     0.41     0.24     0.31  0.49   1.00  0.16  0.18     0.45   0.67 -0.02
MXP           -0.01 -0.01  -0.08     0.05         0.09  0.32    0.01  0.11 -0.07   0.12        0.28          0.25           0.27  0.05     0.24     0.29     0.15  0.17   0.16  1.00  0.32     0.18   0.20 -0.31
PLAT          -0.05  0.04  -0.16     0.18         0.21  0.17    0.02  0.14  0.10   0.35        0.37          0.57           0.39  0.13     0.16     0.34     0.22  0.20   0.18  0.32  1.00     0.20   0.17 -0.12
RUSSELL        0.22 -0.19  -0.03    -0.01        -0.03  0.06   -0.03  0.17  0.07   0.05        0.27          0.33           0.29  0.86     0.59     0.28     0.37  0.57   0.45  0.18  0.20     1.00   0.56  0.12
TOPIX          0.04 -0.34  -0.07     0.03         0.06 -0.02    0.02  0.22 -0.07  -0.03        0.26          0.44           0.27  0.50     0.64     0.33     0.21  0.68   0.67  0.20  0.17     0.56   1.00  0.11
DX             0.09 -0.67  -0.01     0.01        -0.03 -0.72   -0.15  0.03 -0.18  -0.12        0.18         -0.18           0.20  0.13     0.12     0.01    -0.11  0.16  -0.02 -0.31 -0.12     0.12   0.11  1.00


********************************************************************************
                                 END OF REPORT                                  
********************************************************************************


