
********************************************************************************
                    Risk report produced on 24/09/2024 22:52                    
********************************************************************************


Total risk across all strategies, annualised percentage 10.3
Percentage of capital used for margin 65.3%

========================================
Risk per strategy, annualised percentage
========================================

                  risk
dynamic_TF_carry  10.2


===================
Risk by asset class
===================

Ags       2.3
Bond      3.4
Equity    8.7
FX        0.7
Metals    2.0
OilGas    2.5
dtype: float64


=====================================================
Beta loadings of asset class positions on asset class
=====================================================

Ags      -0.13
OilGas   -0.05
Metals   -0.05
FX        0.11
Bond      0.52
Equity    0.63
dtype: float64


========================================================
Beta loadings of full portfolio positions on asset class
========================================================

Ags      -0.18
OilGas   -0.04
Metals    0.10
Equity    0.66
Bond      0.74
FX        0.86
dtype: float64


=================================================================================================================================================================================================================================================================
                                                                                                                         Instrument risk                                                                                                                         
=================================================================================================================================================================================================================================================================

             daily_price_stdev  annual_price_stdev     price  daily_perc_stdev  annual_perc_stdev  point_size_base  contract_exposure  daily_risk_per_contract  annual_risk_per_contract  position  capital  exposure_held_perc_capital  annual_risk_perc_capital
GAS-PEN                  0.098               1.576      2.56              3.85               61.6           7477.1              19111                      736                     11780        -1   580586                        -3.3                      -2.0
ALUMINIUM               36.801             588.821   2486.50              1.48               23.7             18.7              46479                      687                     11006        -1   580586                        -8.0                      -1.9
COTTON2                  1.123              17.965     74.10              1.52               24.2            373.9              27702                      419                      6716        -1   580586                        -4.8                      -1.2
WHEAT                    9.297             148.753    578.75              1.61               25.7             37.4              21636                      347                      5561        -1   580586                        -3.7                      -1.0
SOYMEAL                  4.520              72.317    327.20              1.38               22.1             74.8              24465                      337                      5407        -1   580586                        -4.2                      -0.9
BITCOIN               1773.193           28371.083  64360.00              2.76               44.1              0.1               4812                      132                      2121        -2   580586                        -1.7                      -0.7
CORN                     5.308              84.922    411.75              1.29               20.6             37.4              15393                      198                      3174        -1   580586                        -2.7                      -0.5
IRON                     2.146              34.343     94.85              2.26               36.2             74.8               7092                      160                      2567        -1   580586                        -1.2                      -0.4
GAS_US_mini              0.085               1.353      2.81              3.01               48.2           1869.3               5252                      158                      2529        -1   580586                        -0.9                      -0.4
CANOLA                  10.960             175.361    614.70              1.78               28.5             11.1               6803                      121                      1940        -1   580586                        -1.2                      -0.3
MUMMY                   14.888             238.207    655.00              2.27               36.4              5.2               3393                       77                      1234         1   580586                         0.6                       0.2
GBP                      0.005               0.086      1.34              0.40                6.4          46731.9              62616                      252                      4032         1   580586                        10.8                       0.7
DAX                    153.260            2452.168  19135.00              0.80               12.8              0.8              15940                      127                      2042         2   580586                         5.5                       0.7
LEANHOG                  0.983              15.721     74.97              1.31               21.0            299.1              22423                      293                      4701         1   580586                         3.9                       0.8
SP500_micro             45.586             729.377   5785.00              0.79               12.6              3.7              21627                      170                      2726         2   580586                         7.5                       0.9
US10U                    0.463               7.407    118.95              0.39                6.2            747.7              88942                      346                      5538         1   580586                        15.3                       1.0
KR10                     0.393               6.285    117.11              0.34                5.4            565.1              66176                      221                      3551         2   580586                        22.8                       1.2
SILVER                   0.598               9.571     32.52              1.84               29.4            747.7              24319                      447                      7156         1   580586                         4.2                       1.2
MSCISING                 3.082              49.308    345.40              0.89               14.3             58.0              20037                      178                      2860         3   580586                        10.4                       1.5
US20                     0.719              11.504    125.00              0.58                9.2            747.7              93463                      537                      8601         1   580586                        16.1                       1.5
SPI200                  56.838             909.412   8230.00              0.69               11.0             12.8             105174                      726                     11621         1   580586                        18.1                       2.0
MSCIEAFA                21.278             340.447   2472.50              0.86               13.8             37.4              92435                      795                     12727         2   580586                        31.8                       4.4

Sum of abs(notional exposure % capital) 178.7
Sum of abs(annualised risk % capital) 25.4
Net sum of annualised risk % capital 6.8 

==================================================================================================================================================================================================
                                                                                           Correlations                                                                                           
==================================================================================================================================================================================================

             GAS-PEN  GAS_US_mini  ALUMINIUM  BITCOIN  COTTON2  SILVER  CANOLA  CORN  IRON  LEANHOG  SOYMEAL  WHEAT  KR10  US10U  US20   DAX   GBP  MSCIEAFA  MSCISING  MUMMY  SP500_micro  SPI200
GAS-PEN         1.00         0.97       0.03    -0.06    -0.05    0.02    0.03  0.07 -0.09    -0.14    -0.01  -0.04  0.13   0.06  0.05  0.00  0.09      0.08      0.03   0.06         0.11    0.13
GAS_US_mini     0.97         1.00       0.04    -0.03     0.03   -0.01    0.04  0.07 -0.04    -0.14    -0.01  -0.03  0.13   0.03  0.03 -0.01  0.11      0.05      0.00   0.03         0.08    0.10
ALUMINIUM       0.03         0.04       1.00     0.20     0.33    0.54    0.09  0.05  0.37     0.12     0.03   0.13 -0.07  -0.07 -0.08  0.34  0.27      0.42      0.41   0.05         0.28    0.37
BITCOIN        -0.06        -0.03       0.20     1.00     0.31    0.14    0.02  0.08  0.05     0.17    -0.03   0.00 -0.00  -0.05 -0.03  0.05  0.07      0.14      0.10   0.05         0.09    0.16
COTTON2        -0.05         0.03       0.33     0.31     1.00    0.11    0.13 -0.05  0.23     0.16    -0.12  -0.01 -0.06  -0.11 -0.09  0.25  0.16      0.28      0.16   0.16         0.22    0.23
SILVER          0.02        -0.01       0.54     0.14     0.11    1.00   -0.03  0.08  0.12    -0.01     0.03   0.10  0.09   0.23  0.21  0.19  0.39      0.27      0.40  -0.02         0.29    0.25
CANOLA          0.03         0.04       0.09     0.02     0.13   -0.03    1.00  0.08  0.15     0.35     0.27   0.14 -0.34  -0.32 -0.33  0.16  0.10      0.14     -0.08   0.21         0.02    0.06
CORN            0.07         0.07       0.05     0.08    -0.05    0.08    0.08  1.00  0.12    -0.06     0.46   0.55  0.05   0.12  0.13  0.19  0.04      0.07      0.10  -0.02         0.16    0.13
IRON           -0.09        -0.04       0.37     0.05     0.23    0.12    0.15  0.12  1.00    -0.01     0.28   0.18 -0.09  -0.01 -0.00  0.14 -0.05      0.18      0.10   0.12         0.05    0.20
LEANHOG        -0.14        -0.14       0.12     0.17     0.16   -0.01    0.35 -0.06 -0.01     1.00     0.08  -0.07 -0.08  -0.10 -0.11  0.21  0.15      0.19      0.08   0.17         0.08    0.14
SOYMEAL        -0.01        -0.01       0.03    -0.03    -0.12    0.03    0.27  0.46  0.28     0.08     1.00   0.27  0.03   0.14  0.14  0.01 -0.06     -0.09     -0.03  -0.07        -0.09   -0.00
WHEAT          -0.04        -0.03       0.13     0.00    -0.01    0.10    0.14  0.55  0.18    -0.07     0.27   1.00 -0.13  -0.02 -0.01  0.06 -0.11      0.01      0.08  -0.20         0.05   -0.08
KR10            0.13         0.13      -0.07    -0.00    -0.06    0.09   -0.34  0.05 -0.09    -0.08     0.03  -0.13  1.00   0.66  0.66  0.08  0.17      0.14      0.16  -0.05         0.18    0.28
US10U           0.06         0.03      -0.07    -0.05    -0.11    0.23   -0.32  0.12 -0.01    -0.10     0.14  -0.02  0.66   1.00  0.98 -0.06  0.27      0.08      0.15  -0.08         0.18    0.23
US20            0.05         0.03      -0.08    -0.03    -0.09    0.21   -0.33  0.13 -0.00    -0.11     0.14  -0.01  0.66   0.98  1.00 -0.04  0.23      0.09      0.15  -0.09         0.19    0.24
DAX             0.00        -0.01       0.34     0.05     0.25    0.19    0.16  0.19  0.14     0.21     0.01   0.06  0.08  -0.06 -0.04  1.00  0.35      0.83      0.56   0.46         0.67    0.79
GBP             0.09         0.11       0.27     0.07     0.16    0.39    0.10  0.04 -0.05     0.15    -0.06  -0.11  0.17   0.27  0.23  0.35  1.00      0.56      0.43   0.30         0.45    0.38
MSCIEAFA        0.08         0.05       0.42     0.14     0.28    0.27    0.14  0.07  0.18     0.19    -0.09   0.01  0.14   0.08  0.09  0.83  0.56      1.00      0.64   0.54         0.76    0.80
MSCISING        0.03         0.00       0.41     0.10     0.16    0.40   -0.08  0.10  0.10     0.08    -0.03   0.08  0.16   0.15  0.15  0.56  0.43      0.64      1.00   0.42         0.64    0.62
MUMMY           0.06         0.03       0.05     0.05     0.16   -0.02    0.21 -0.02  0.12     0.17    -0.07  -0.20 -0.05  -0.08 -0.09  0.46  0.30      0.54      0.42   1.00         0.56    0.45
SP500_micro     0.11         0.08       0.28     0.09     0.22    0.29    0.02  0.16  0.05     0.08    -0.09   0.05  0.18   0.18  0.19  0.67  0.45      0.76      0.64   0.56         1.00    0.73
SPI200          0.13         0.10       0.37     0.16     0.23    0.25    0.06  0.13  0.20     0.14    -0.00  -0.08  0.28   0.23  0.24  0.79  0.38      0.80      0.62   0.45         0.73    1.00


********************************************************************************
                                 END OF REPORT                                  
********************************************************************************


