
********************************************************************************
                    Risk report produced on 26/06/2026 22:51                    
********************************************************************************


Total risk across all strategies, annualised percentage 8.9
Percentage of capital used for margin 34.8%

========================================
Risk per strategy, annualised percentage
========================================

                  risk
dynamic_TF_carry   8.9


===================
Risk by asset class
===================

Ags       2.1
Bond      1.6
Equity    5.8
FX        4.4
Metals    2.6
Sector    0.7
dtype: float64


=====================================================
Beta loadings of asset class positions on asset class
=====================================================

FX       -0.61
Metals   -0.08
Sector    0.04
Ags       0.08
Bond      0.16
Equity    0.37
dtype: float64


========================================================
Beta loadings of full portfolio positions on asset class
========================================================

FX       -0.48
Metals   -0.02
Ags       0.04
Sector    0.17
Bond      0.19
Equity    0.33
dtype: float64


==================================================================================================================================================================================================================================================================
                                                                                                                         Instrument risk                                                                                                                          
==================================================================================================================================================================================================================================================================

              daily_price_stdev  annual_price_stdev     price  daily_perc_stdev  annual_perc_stdev  point_size_base  contract_exposure  daily_risk_per_contract  annual_risk_per_contract  position  capital  exposure_held_perc_capital  annual_risk_perc_capital
CHF                       0.006               0.089      1.25              0.45                7.1          94656.5             117889                      525                      8400        -3   712112                       -49.7                      -3.5
BITCOIN                1869.136           29906.184  59745.00              3.13               50.1              0.1               4524                      141                      2264        -6   712112                        -3.8                      -1.9
LEANHOG                   1.086              17.372     81.95              1.32               21.2            302.9              24822                      328                      5262        -2   712112                        -7.0                      -1.5
GOLD_micro               71.918            1150.696   4083.40              1.76               28.2              7.6              30921                      544                      8713        -1   712112                        -4.3                      -1.2
JPY                       0.000               0.000      0.01              0.41                6.6        9465645.4              58895                      242                      3884        -2   712112                       -16.5                      -1.1
HANGTECH                 95.859            1533.744   4264.00              2.25               36.0              4.8              20589                      462                      7405        -1   712112                        -2.9                      -1.0
KR10                      0.455               7.278    106.96              0.43                6.8            490.8              52496                      223                      3572        -2   712112                       -14.7                      -1.0
REDWHEAT                  9.744             155.897    634.00              1.54               24.6             37.9              24004                      368                      5902        -1   712112                        -3.4                      -0.8
TOPIX                    52.786             844.581   3962.00              1.33               21.3              4.7              18571                      247                      3958        -1   712112                        -2.6                      -0.6
HANGENT_mini            114.276            1828.422   7407.00              1.54               24.7              1.0               7153                      110                      1765        -2   712112                        -2.0                      -0.5
EUR_micro                 0.004               0.064      1.14              0.35                5.6           9465.6              10813                       37                       602        -1   712112                        -1.5                      -0.1
AUD_micro                 0.004               0.059      0.69              0.54                8.6           7572.5               5212                       28                       449         2   712112                         1.5                       0.1
RUSSELL                  35.659             570.546   3009.90              1.18               19.0              3.8              11396                      135                      2160         1   712112                         1.6                       0.3
DOW                     422.790            6764.644  52259.00              0.81               12.9              0.4              19786                      160                      2561         1   712112                         2.8                       0.4
CANOLA                    8.954             143.269    744.60              1.20               19.2             10.7               7948                       95                      1529         3   712112                         3.3                       0.6
EU-BANKS                  3.697              59.145    291.25              1.27               20.3             43.1              12548                      159                      2548         2   712112                         3.5                       0.7
MXP                       0.000               0.005      0.06              0.57                9.1         378625.8              21487                      121                      1948         3   712112                         9.1                       0.8
YENEUR                    0.632              10.104    183.56              0.34                5.5            585.9             107555                      370                      5920         1   712112                        15.1                       0.8
SOYOIL                    0.906              14.488     67.04              1.35               21.6            454.4              30459                      411                      6582         1   712112                         4.3                       0.9
LIVECOW                   2.185              34.953    239.32              0.91               14.6            302.9              72491                      661                     10587         1   712112                        10.2                       1.5
NIKKEI                 1440.149           23042.379  69475.00              2.07               33.2              0.5              32566                      675                     10801         1   712112                         4.6                       1.5
CAD10                     0.386               6.180    121.00              0.32                5.1            533.7              64583                      206                      3298         4   712112                        36.3                       1.9
SMI                      99.184            1586.937  14147.00              0.70               11.2              9.4             132469                      928                     14859         1   712112                        18.6                       2.1
AEX                       8.947             143.147   1060.75              0.84               13.5            172.3             182807                     1541                     24669         1   712112                        25.7                       3.5

Sum of abs(notional exposure % capital) 245.0
Sum of abs(annualised risk % capital) 28.3
Net sum of annualised risk % capital 1.9 

======================================================================================================================================================================================================================
                                                                                                     Correlations                                                                                                     
======================================================================================================================================================================================================================

              CANOLA  REDWHEAT  SOYOIL  LEANHOG  LIVECOW  YENEUR   AEX   DOW  EU-BANKS  NIKKEI  RUSSELL   SMI  TOPIX  AUD_micro  BITCOIN  GOLD_micro  HANGENT_mini  HANGTECH   MXP  CAD10   CHF  EUR_micro   JPY  KR10
CANOLA          1.00      0.17    0.71     0.26    -0.23    0.13 -0.19 -0.14     -0.30    0.16    -0.11 -0.36   0.12       0.01    -0.14        0.01          0.21      0.19 -0.15  -0.14 -0.13      -0.15 -0.22 -0.10
REDWHEAT        0.17      1.00    0.18     0.06     0.06    0.03 -0.10 -0.16     -0.07    0.04    -0.11 -0.20  -0.00       0.27     0.15        0.16          0.18      0.16  0.02  -0.25  0.09       0.03  0.00 -0.09
SOYOIL          0.71      0.18    1.00     0.15    -0.15    0.06  0.01 -0.03     -0.19    0.09     0.04 -0.25   0.09       0.19     0.02        0.09          0.16      0.13 -0.01  -0.23 -0.07      -0.09 -0.13 -0.25
LEANHOG         0.26      0.06    0.15     1.00     0.08    0.18 -0.03  0.10      0.14    0.28     0.11  0.07   0.38       0.16     0.00        0.24          0.13      0.19  0.04   0.02 -0.01       0.01 -0.13  0.03
LIVECOW        -0.23      0.06   -0.15     0.08     1.00    0.11  0.10  0.08      0.33    0.08     0.04  0.37   0.18      -0.01     0.11        0.11          0.01     -0.08  0.12  -0.04  0.02       0.12  0.00  0.21
YENEUR          0.13      0.03    0.06     0.18     0.11    1.00 -0.09 -0.07      0.08    0.24    -0.07  0.03   0.30       0.01     0.02       -0.03          0.08      0.08  0.22  -0.32 -0.12       0.10 -0.66 -0.19
AEX            -0.19     -0.10    0.01    -0.03     0.10   -0.09  1.00  0.49      0.69    0.40     0.44  0.62   0.37       0.40     0.34        0.27          0.25      0.22  0.36   0.37  0.14       0.13  0.15  0.15
DOW            -0.14     -0.16   -0.03     0.10     0.08   -0.07  0.49  1.00      0.50    0.51     0.84  0.43   0.46       0.36     0.33        0.22          0.13      0.17  0.37   0.36  0.16       0.14  0.14  0.13
EU-BANKS       -0.30     -0.07   -0.19     0.14     0.33    0.08  0.69  0.50      1.00    0.41     0.35  0.69   0.44       0.31     0.26        0.29          0.17      0.11  0.39   0.32  0.18       0.23  0.11  0.16
NIKKEI          0.16      0.04    0.09     0.28     0.08    0.24  0.40  0.51      0.41    1.00     0.44  0.27   0.88       0.39     0.14        0.29          0.28      0.34  0.35   0.27  0.08       0.16 -0.07  0.23
RUSSELL        -0.11     -0.11    0.04     0.11     0.04   -0.07  0.44  0.84      0.35    0.44     1.00  0.30   0.37       0.34     0.42        0.18          0.08      0.16  0.37   0.24  0.13       0.14  0.14  0.06
SMI            -0.36     -0.20   -0.25     0.07     0.37    0.03  0.62  0.43      0.69    0.27     0.30  1.00   0.42       0.11     0.10        0.09         -0.05     -0.12  0.16   0.40  0.05       0.10  0.06  0.08
TOPIX           0.12     -0.00    0.09     0.38     0.18    0.30  0.37  0.46      0.44    0.88     0.37  0.42   1.00       0.29     0.05        0.20          0.21      0.23  0.33   0.24 -0.05       0.09 -0.17  0.11
AUD_micro       0.01      0.27    0.19     0.16    -0.01    0.01  0.40  0.36      0.31    0.39     0.34  0.11   0.29       1.00     0.28        0.64          0.52      0.49  0.62   0.16  0.65       0.66  0.49  0.16
BITCOIN        -0.14      0.15    0.02     0.00     0.11    0.02  0.34  0.33      0.26    0.14     0.42  0.10   0.05       0.28     1.00        0.32          0.25      0.27  0.21   0.03  0.16       0.17  0.09  0.17
GOLD_micro      0.01      0.16    0.09     0.24     0.11   -0.03  0.27  0.22      0.29    0.29     0.18  0.09   0.20       0.64     0.32        1.00          0.38      0.34  0.50   0.27  0.60       0.51  0.41  0.44
HANGENT_mini    0.21      0.18    0.16     0.13     0.01    0.08  0.25  0.13      0.17    0.28     0.08 -0.05   0.21       0.52     0.25        0.38          1.00      0.91  0.47   0.02  0.34       0.41  0.23  0.12
HANGTECH        0.19      0.16    0.13     0.19    -0.08    0.08  0.22  0.17      0.11    0.34     0.16 -0.12   0.23       0.49     0.27        0.34          0.91      1.00  0.43   0.04  0.30       0.35  0.19  0.11
MXP            -0.15      0.02   -0.01     0.04     0.12    0.22  0.36  0.37      0.39    0.35     0.37  0.16   0.33       0.62     0.21        0.50          0.47      0.43  1.00   0.04  0.54       0.61  0.29  0.15
CAD10          -0.14     -0.25   -0.23     0.02    -0.04   -0.32  0.37  0.36      0.32    0.27     0.24  0.40   0.24       0.16     0.03        0.27          0.02      0.04  0.04   1.00  0.22       0.14  0.34  0.51
CHF            -0.13      0.09   -0.07    -0.01     0.02   -0.12  0.14  0.16      0.18    0.08     0.13  0.05  -0.05       0.65     0.16        0.60          0.34      0.30  0.54   0.22  1.00       0.86  0.73  0.30
EUR_micro      -0.15      0.03   -0.09     0.01     0.12    0.10  0.13  0.14      0.23    0.16     0.14  0.10   0.09       0.66     0.17        0.51          0.41      0.35  0.61   0.14  0.86       1.00  0.67  0.22
JPY            -0.22      0.00   -0.13    -0.13     0.00   -0.66  0.15  0.14      0.11   -0.07     0.14  0.06  -0.17       0.49     0.09        0.41          0.23      0.19  0.29   0.34  0.73       0.67  1.00  0.30
KR10           -0.10     -0.09   -0.25     0.03     0.21   -0.19  0.15  0.13      0.16    0.23     0.06  0.08   0.11       0.16     0.17        0.44          0.12      0.11  0.15   0.51  0.30       0.22  0.30  1.00


********************************************************************************
                                 END OF REPORT                                  
********************************************************************************


