
********************************************************************************
                    Risk report produced on 13/07/2023 22:51                    
********************************************************************************


Total risk across all strategies, annualised percentage 12.6
Percentage of capital used for margin 60.9%

========================================
Risk per strategy, annualised percentage
========================================

                  risk
dynamic_TF_carry  12.6


===================
Risk by asset class
===================

Ags       2.7
Bond      1.9
Equity    4.3
FX        6.7
Metals    0.3
OilGas    1.2
Sector    2.9
Vol       1.7
dtype: float64


=====================================================
Beta loadings of asset class positions on asset class
=====================================================

FX       -0.93
Bond     -0.47
Vol      -0.04
OilGas   -0.01
Metals    0.01
Sector    0.16
Ags       0.18
Equity    0.24
dtype: float64


========================================================
Beta loadings of full portfolio positions on asset class
========================================================

Bond     -1.71
FX       -0.74
Vol      -0.14
Metals   -0.01
OilGas    0.01
Sector    0.24
Ags       0.33
Equity    0.34
dtype: float64


==================================================================================================================================================================================================================================================================
                                                                                                                         Instrument risk                                                                                                                          
==================================================================================================================================================================================================================================================================

              daily_price_stdev  annual_price_stdev     price  daily_perc_stdev  annual_perc_stdev  point_size_base  contract_exposure  daily_risk_per_contract  annual_risk_per_contract  position  capital  exposure_held_perc_capital  annual_risk_perc_capital
JPY                       0.000               0.001      0.01              0.62                9.9        9610948.8              70347                      436                      6977        -2   342337                       -41.1                      -4.1
CHF                       0.006               0.095      1.17              0.51                8.1          96109.5             112683                      571                      9141        -1   342337                       -32.9                      -2.7
DAX                     155.784            2492.546  16262.00              0.96               15.3              0.9              13923                      133                      2134        -4   342337                       -16.3                      -2.5
US3                       0.259               4.141    104.80              0.25                4.0           1537.8             161151                      397                      6367        -1   342337                       -47.1                      -1.9
VIX                       0.474               7.591     17.00              2.79               44.7            768.9              13070                      364                      5836        -1   342337                        -3.8                      -1.7
GAS_US_mini               0.128               2.048      2.54              5.04               80.6           1922.2               4882                      246                      3937        -1   342337                        -1.4                      -1.2
BITCOIN                 894.446           14311.135  31515.00              2.84               45.4              0.1               2423                       68                      1100         1   342337                         0.7                       0.3
RUSSELL                  23.690             379.032   1963.90              1.21               19.3              3.8               7549                       91                      1457         1   342337                         2.2                       0.4
MXP                       0.000               0.005      0.06              0.52                8.4         384438.0              22547                      118                      1888         1   342337                         6.6                       0.6
CNH                       0.022               0.359      7.13              0.31                5.0          10709.0              76322                      239                      3839         1   342337                        22.3                       1.1
EU-AUTO                   7.794             124.711    643.70              1.21               19.4             42.8              27557                      333                      5339         1   342337                         8.0                       1.6
LIVECOW                   1.231              19.701    176.98              0.70               11.1            307.6              54428                      378                      6058         1   342337                        15.9                       1.8
EU-OIL                    4.489              71.819    334.00              1.34               21.5             42.8              14298                      192                      3074         2   342337                         8.4                       1.8
SOYBEAN_mini             25.717             411.467   1368.62              1.88               30.1              7.7              10523                      197                      3163         2   342337                         6.1                       1.8
NIKKEI                  360.934            5774.951  32740.00              1.10               17.6              0.6              18138                      199                      3199         2   342337                        10.6                       1.9
FTSETAIWAN               14.167             226.670   1476.50              0.96               15.4             30.8              45409                      435                      6971         1   342337                        13.3                       2.0
CAC                      76.356            1221.696   7387.00              1.03               16.5              8.6              63248                      653                     10460         1   342337                        18.5                       3.1

Sum of abs(notional exposure % capital) 255.2
Sum of abs(annualised risk % capital) 30.5
Net sum of annualised risk % capital 2.3 

=======================================================================================================================================================
                                                                     Correlations                                                                      
=======================================================================================================================================================

               CNH   VIX   CHF   JPY   US3   CAC   DAX  EU-AUTO  EU-OIL  FTSETAIWAN   MXP  NIKKEI  RUSSELL  BITCOIN  GAS_US_mini  LIVECOW  SOYBEAN_mini
CNH           1.00  0.01 -0.70 -0.44 -0.53 -0.25 -0.28    -0.17   -0.04       -0.25 -0.06   -0.03    -0.24    -0.20         0.20     0.12         -0.20
VIX           0.01  1.00  0.06  0.18  0.21 -0.54 -0.53    -0.54   -0.35       -0.51 -0.49   -0.59    -0.68    -0.28        -0.26    -0.47         -0.22
CHF          -0.70  0.06  1.00  0.51  0.62  0.25  0.27     0.15   -0.01        0.17  0.15    0.04     0.21     0.21         0.04    -0.03          0.19
JPY          -0.44  0.18  0.51  1.00  0.51 -0.06 -0.02    -0.06   -0.11       -0.09 -0.04   -0.33     0.04     0.03        -0.18    -0.07          0.08
US3          -0.53  0.21  0.62  0.51  1.00  0.08  0.04    -0.22   -0.12       -0.14 -0.03   -0.14    -0.01     0.19        -0.11    -0.13         -0.11
CAC          -0.25 -0.54  0.25 -0.06  0.08  1.00  0.93     0.76    0.53        0.54  0.47    0.68     0.72     0.39         0.23     0.14          0.28
DAX          -0.28 -0.53  0.27 -0.02  0.04  0.93  1.00     0.85    0.51        0.62  0.44    0.70     0.72     0.29         0.23     0.17          0.20
EU-AUTO      -0.17 -0.54  0.15 -0.06 -0.22  0.76  0.85     1.00    0.46        0.65  0.37    0.62     0.66     0.16         0.12     0.22          0.25
EU-OIL       -0.04 -0.35 -0.01 -0.11 -0.12  0.53  0.51     0.46    1.00        0.38  0.31    0.45     0.48     0.02         0.29     0.12          0.38
FTSETAIWAN   -0.25 -0.51  0.17 -0.09 -0.14  0.54  0.62     0.65    0.38        1.00  0.44    0.65     0.56     0.16         0.10     0.09          0.27
MXP          -0.06 -0.49  0.15 -0.04 -0.03  0.47  0.44     0.37    0.31        0.44  1.00    0.38     0.41     0.11         0.30     0.29          0.23
NIKKEI       -0.03 -0.59  0.04 -0.33 -0.14  0.68  0.70     0.62    0.45        0.65  0.38    1.00     0.61     0.20         0.28     0.20          0.24
RUSSELL      -0.24 -0.68  0.21  0.04 -0.01  0.72  0.72     0.66    0.48        0.56  0.41    0.61     1.00     0.40         0.22     0.35          0.27
BITCOIN      -0.20 -0.28  0.21  0.03  0.19  0.39  0.29     0.16    0.02        0.16  0.11    0.20     0.40     1.00         0.07    -0.01          0.05
GAS_US_mini   0.20 -0.26  0.04 -0.18 -0.11  0.23  0.23     0.12    0.29        0.10  0.30    0.28     0.22     0.07         1.00     0.15          0.14
LIVECOW       0.12 -0.47 -0.03 -0.07 -0.13  0.14  0.17     0.22    0.12        0.09  0.29    0.20     0.35    -0.01         0.15     1.00          0.14
SOYBEAN_mini -0.20 -0.22  0.19  0.08 -0.11  0.28  0.20     0.25    0.38        0.27  0.23    0.24     0.27     0.05         0.14     0.14          1.00


********************************************************************************
                                 END OF REPORT                                  
********************************************************************************


