
********************************************************************************
                    Risk report produced on 24/09/2025 22:53                    
********************************************************************************


Total risk across all strategies, annualised percentage 16.5
Percentage of capital used for margin 48.8%

========================================
Risk per strategy, annualised percentage
========================================

                  risk
dynamic_TF_carry  16.4


===================
Risk by asset class
===================

Ags        4.7
Bond       2.7
Equity    10.6
FX         2.5
Metals     4.6
OilGas     2.2
dtype: float64


=====================================================
Beta loadings of asset class positions on asset class
=====================================================

OilGas   -0.05
Metals    0.24
Ags       0.26
FX        0.40
Bond      0.44
Equity    0.83
dtype: float64


========================================================
Beta loadings of full portfolio positions on asset class
========================================================

OilGas   -0.08
Bond      0.36
Metals    0.48
Ags       0.62
Equity    1.03
FX        1.74
dtype: float64


==================================================================================================================================================================================================================================================================
                                                                                                                         Instrument risk                                                                                                                          
==================================================================================================================================================================================================================================================================

             daily_price_stdev  annual_price_stdev      price  daily_perc_stdev  annual_perc_stdev  point_size_base  contract_exposure  daily_risk_per_contract  annual_risk_per_contract  position  capital  exposure_held_perc_capital  annual_risk_perc_capital
DAX                    186.466            2983.450   23835.00              0.78               12.5              0.9              20818                      162                      2605        -8   595528                       -28.0                      -3.5
GAS-PEN                  0.087               1.387       2.87              3.02               48.3           7403.7              21270                      641                     10268        -1   595528                        -3.6                      -1.7
DX                       0.411               6.570      97.53              0.42                6.7            740.4              72208                      304                      4864        -2   595528                       -24.3                      -1.6
JPY                      0.000               0.001       0.01              0.53                8.4        9254597.7              62686                      330                      5295        -1   595528                       -10.5                      -0.9
WHEAT                    6.635             106.154     519.50              1.28               20.4             37.0              19231                      245                      3929        -1   595528                        -3.2                      -0.7
BITCOIN               2252.779           36044.465  114545.00              1.97               31.5              0.1               8480                      166                      2668        -1   595528                        -1.4                      -0.4
GAS_US_mini              0.088               1.411       3.14              2.80               44.9           1850.9               5821                      163                      2611        -1   595528                        -1.0                      -0.4
KRWUSD_mini              0.004               0.056       0.72              0.49                7.8          18509.2              13272                       65                      1041        -2   595528                        -4.5                      -0.3
BRE                      0.001               0.017       0.19              0.57                9.2          74036.8              13881                       79                      1276         1   595528                         2.3                       0.2
MXP                      0.000               0.004       0.05              0.47                7.5         370183.9              19908                       93                      1489         1   595528                         3.3                       0.3
FTSECHINAA             142.034            2272.545   15060.00              0.94               15.1              0.7              11149                      105                      1682         1   595528                         1.9                       0.3
CAD10                    0.365               5.835     122.32              0.30                4.8            534.7              65404                      195                      3120         1   595528                        11.0                       0.5
GOLD_micro              29.864             477.826    3754.50              0.80               12.7              7.4              27797                      221                      3537         1   595528                         4.7                       0.6
NIKKEI                 444.243            7107.891   45245.00              0.98               15.7              0.5              22649                      222                      3558         1   595528                         3.8                       0.6
GBP                      0.005               0.085       1.34              0.40                6.4          46273.0              62232                      247                      3955         1   595528                        10.4                       0.7
OAT                      0.375               6.001     121.02              0.31                5.0            873.4             105704                      327                      5241         1   595528                        17.7                       0.9
RUSSELL                 26.243             419.886    2457.20              1.07               17.1              3.7               9096                       97                      1554         4   595528                         6.1                       1.0
YENEUR                   0.621               9.940     174.11              0.36                5.7            625.7             108946                      388                      6219         1   595528                        18.3                       1.0
TOPIX                   25.555             408.877    3140.00              0.81               13.0              5.0              15718                      127                      2046         4   595528                        10.6                       1.4
US30                     0.876              14.009     119.59              0.73               11.7            740.4              88543                      648                     10371         1   595528                        14.9                       1.7
LEANHOG                  1.107              17.709      88.05              1.26               20.1            296.1              26075                      327                      5244         2   595528                         8.8                       1.8
MSCIEAFA                19.335             309.365    2762.90              0.70               11.2             37.0             102278                      715                     11452         1   595528                        17.2                       1.9
SILVER                   0.567               9.069      43.94              1.29               20.6            740.4              32535                      419                      6714         2   595528                        10.9                       2.3
MSCITAIWAN              11.393             182.280    1128.60              1.01               16.2             74.0              83557                      843                     13495         1   595528                        14.0                       2.3
PLAT                    24.666             394.658    1502.20              1.64               26.3             37.0              55609                      913                     14609         1   595528                         9.3                       2.5
FEEDCOW                  3.918              62.681     358.22              1.09               17.5            370.2             132609                     1450                     23203         1   595528                        22.3                       3.9
MIB                    334.996            5359.944   42270.00              0.79               12.7              4.4             184603                     1463                     23408         1   595528                        31.0                       3.9
AEX                      9.796             156.744     937.75              1.04               16.7            174.7             163815                     1711                     27381         1   595528                        27.5                       4.6

Sum of abs(notional exposure % capital) 322.5
Sum of abs(annualised risk % capital) 41.9
Net sum of annualised risk % capital 22.9 

===============================================================================================================================================================================================================================================
                                                                                                                 Correlations                                                                                                                  
===============================================================================================================================================================================================================================================

              AEX   DAX   MIB  MSCIEAFA  MSCITAIWAN  NIKKEI  RUSSELL  TOPIX   BRE   GBP  GOLD_micro  KRWUSD_mini  LEANHOG   MXP  PLAT  SILVER  BITCOIN  FEEDCOW  FTSECHINAA  GAS-PEN  GAS_US_mini  WHEAT  YENEUR  CAD10   JPY   OAT  US30    DX
AEX          1.00  0.65  0.66      0.50        0.56    0.54     0.57   0.57  0.38  0.14        0.31         0.04     0.16  0.24  0.24    0.42     0.27     0.21        0.40     0.01         0.01  -0.03    0.03   0.05 -0.11  0.10  0.10  0.24
DAX          0.65  1.00  0.88      0.79        0.69    0.70     0.62   0.74  0.39  0.47        0.20         0.16     0.20  0.37  0.38    0.46     0.39     0.35        0.45     0.06         0.09  -0.02    0.20  -0.03 -0.07  0.06 -0.00 -0.01
MIB          0.66  0.88  1.00      0.80        0.69    0.71     0.58   0.76  0.45  0.38        0.18         0.07     0.22  0.38  0.33    0.47     0.38     0.38        0.52     0.03         0.06  -0.02    0.20  -0.13 -0.17 -0.08 -0.06  0.02
MSCIEAFA     0.50  0.79  0.80      1.00        0.69    0.74     0.54   0.75  0.39  0.58        0.28         0.35     0.25  0.39  0.30    0.46     0.31     0.41        0.50     0.11         0.14  -0.01    0.16  -0.12  0.09 -0.06 -0.05 -0.38
MSCITAIWAN   0.56  0.69  0.69      0.69        1.00    0.84     0.61   0.81  0.41  0.36        0.13         0.06     0.15  0.41  0.39    0.44     0.40     0.33        0.42     0.07         0.07  -0.06    0.34  -0.12 -0.27 -0.03 -0.09  0.04
NIKKEI       0.54  0.70  0.71      0.74        0.84    1.00     0.62   0.96  0.44  0.39        0.14         0.08     0.14  0.42  0.29    0.39     0.43     0.43        0.45     0.09         0.10  -0.10    0.45  -0.18 -0.34 -0.08 -0.19  0.02
RUSSELL      0.57  0.62  0.58      0.54        0.61    0.62     1.00   0.58  0.34  0.17        0.03         0.01     0.19  0.24  0.27    0.33     0.55     0.33        0.31     0.02        -0.01  -0.03    0.14  -0.02 -0.24  0.04  0.06  0.14
TOPIX        0.57  0.74  0.76      0.75        0.81    0.96     0.58   1.00  0.40  0.37        0.15         0.01     0.16  0.40  0.26    0.40     0.40     0.45        0.48     0.14         0.16  -0.08    0.43  -0.15 -0.34 -0.10 -0.18  0.06
BRE          0.38  0.39  0.45      0.39        0.41    0.44     0.34   0.40  1.00  0.39        0.25         0.19     0.20  0.54  0.43    0.39     0.17     0.18        0.32     0.10         0.14   0.07    0.19   0.08 -0.01  0.15  0.22 -0.11
GBP          0.14  0.47  0.38      0.58        0.36    0.39     0.17   0.37  0.39  1.00        0.33         0.37     0.19  0.45  0.26    0.33     0.18     0.07        0.22    -0.10        -0.06   0.04    0.18   0.21  0.44  0.23  0.15 -0.63
GOLD_micro   0.31  0.20  0.18      0.28        0.13    0.14     0.03   0.15  0.25  0.33        1.00         0.19     0.29  0.23  0.35    0.64    -0.01     0.03        0.21     0.05         0.09   0.23   -0.10   0.08  0.32  0.32 -0.06 -0.21
KRWUSD_mini  0.04  0.16  0.07      0.35        0.06    0.08     0.01   0.01  0.19  0.37        0.19         1.00     0.07  0.21  0.04    0.02    -0.01     0.05        0.05    -0.19        -0.19   0.04   -0.13  -0.06  0.49  0.16 -0.01 -0.50
LEANHOG      0.16  0.20  0.22      0.25        0.15    0.14     0.19   0.16  0.20  0.19        0.29         0.07     1.00  0.14  0.23    0.27    -0.05     0.20        0.23     0.04         0.06   0.33    0.07  -0.16  0.07  0.01 -0.04 -0.18
MXP          0.24  0.37  0.38      0.39        0.41    0.42     0.24   0.40  0.54  0.45        0.23         0.21     0.14  1.00  0.36    0.40     0.18     0.25        0.30     0.01         0.04   0.17    0.35  -0.10 -0.02  0.06 -0.10 -0.24
PLAT         0.24  0.38  0.33      0.30        0.39    0.29     0.27   0.26  0.43  0.26        0.35         0.04     0.23  0.36  1.00    0.70     0.15     0.23        0.25     0.02         0.05   0.24    0.15  -0.14 -0.05  0.02 -0.06 -0.12
SILVER       0.42  0.46  0.47      0.46        0.44    0.39     0.33   0.40  0.39  0.33        0.64         0.02     0.27  0.40  0.70    1.00     0.19     0.28        0.43     0.09         0.12   0.21    0.17  -0.03 -0.03  0.04 -0.10 -0.07
BITCOIN      0.27  0.39  0.38      0.31        0.40    0.43     0.55   0.40  0.17  0.18       -0.01        -0.01    -0.05  0.18  0.15    0.19     1.00     0.09        0.15    -0.03        -0.03  -0.04    0.10  -0.04 -0.17  0.08 -0.17  0.05
FEEDCOW      0.21  0.35  0.38      0.41        0.33    0.43     0.33   0.45  0.18  0.07        0.03         0.05     0.20  0.25  0.23    0.28     0.09     1.00        0.32     0.03         0.04  -0.20    0.31  -0.39 -0.27 -0.32 -0.27 -0.01
FTSECHINAA   0.40  0.45  0.52      0.50        0.42    0.45     0.31   0.48  0.32  0.22        0.21         0.05     0.23  0.30  0.25    0.43     0.15     0.32        1.00     0.04         0.07   0.14    0.15  -0.18 -0.07 -0.07 -0.08 -0.06
GAS-PEN      0.01  0.06  0.03      0.11        0.07    0.09     0.02   0.14  0.10 -0.10        0.05        -0.19     0.04  0.01  0.02    0.09    -0.03     0.03        0.04     1.00         0.97   0.15    0.13   0.01 -0.24 -0.19  0.00  0.05
GAS_US_mini  0.01  0.09  0.06      0.14        0.07    0.10    -0.01   0.16  0.14 -0.06        0.09        -0.19     0.06  0.04  0.05    0.12    -0.03     0.04        0.07     0.97         1.00   0.13    0.17  -0.01 -0.24 -0.18 -0.01  0.04
WHEAT       -0.03 -0.02 -0.02     -0.01       -0.06   -0.10    -0.03  -0.08  0.07  0.04        0.23         0.04     0.33  0.17  0.24    0.21    -0.04    -0.20        0.14     0.15         0.13   1.00    0.05  -0.17  0.03 -0.01 -0.24 -0.15
YENEUR       0.03  0.20  0.20      0.16        0.34    0.45     0.14   0.43  0.19  0.18       -0.10        -0.13     0.07  0.35  0.15    0.17     0.10     0.31        0.15     0.13         0.17   0.05    1.00  -0.39 -0.67 -0.40 -0.38 -0.00
CAD10        0.05 -0.03 -0.13     -0.12       -0.12   -0.18    -0.02  -0.15  0.08  0.21        0.08        -0.06    -0.16 -0.10 -0.14   -0.03    -0.04    -0.39       -0.18     0.01        -0.01  -0.17   -0.39   1.00  0.36  0.63  0.71  0.06
JPY         -0.11 -0.07 -0.17      0.09       -0.27   -0.34    -0.24  -0.34 -0.01  0.44        0.32         0.49     0.07 -0.02 -0.05   -0.03    -0.17    -0.27       -0.07    -0.24        -0.24   0.03   -0.67   0.36  1.00  0.39  0.36 -0.59
OAT          0.10  0.06 -0.08     -0.06       -0.03   -0.08     0.04  -0.10  0.15  0.23        0.32         0.16     0.01  0.06  0.02    0.04     0.08    -0.32       -0.07    -0.19        -0.18  -0.01   -0.40   0.63  0.39  1.00  0.48  0.02
US30         0.10 -0.00 -0.06     -0.05       -0.09   -0.19     0.06  -0.18  0.22  0.15       -0.06        -0.01    -0.04 -0.10 -0.06   -0.10    -0.17    -0.27       -0.08     0.00        -0.01  -0.24   -0.38   0.71  0.36  0.48  1.00  0.01
DX           0.24 -0.01  0.02     -0.38        0.04    0.02     0.14   0.06 -0.11 -0.63       -0.21        -0.50    -0.18 -0.24 -0.12   -0.07     0.05    -0.01       -0.06     0.05         0.04  -0.15   -0.00   0.06 -0.59  0.02  0.01  1.00


********************************************************************************
                                 END OF REPORT                                  
********************************************************************************


