
********************************************************************************
                    Risk report produced on 19/10/2023 22:52                    
********************************************************************************


Total risk across all strategies, annualised percentage 12.6
Percentage of capital used for margin 52.5%

========================================
Risk per strategy, annualised percentage
========================================

                  risk
dynamic_TF_carry  12.7


===================
Risk by asset class
===================

Ags       2.0
Bond      7.1
Equity    2.4
FX        5.3
Metals    0.3
OilGas    1.0
Sector    3.1
dtype: float64


=====================================================
Beta loadings of asset class positions on asset class
=====================================================

FX       -0.97
Bond     -0.83
Equity   -0.09
OilGas   -0.02
Metals   -0.02
Ags       0.06
Sector    0.16
dtype: float64


========================================================
Beta loadings of full portfolio positions on asset class
========================================================

FX       -1.44
Bond     -1.22
Metals   -0.21
Equity   -0.08
OilGas   -0.01
Ags       0.06
Sector    0.16
dtype: float64


==================================================================================================================================================================================================================================================================
                                                                                                                         Instrument risk                                                                                                                          
==================================================================================================================================================================================================================================================================

              daily_price_stdev  annual_price_stdev     price  daily_perc_stdev  annual_perc_stdev  point_size_base  contract_exposure  daily_risk_per_contract  annual_risk_per_contract  position  capital  exposure_held_perc_capital  annual_risk_perc_capital
US20                      1.130              18.077    108.00              1.05               16.7            825.1              89108                      932                     14915        -1   393741                       -22.6                      -3.8
BUND                      0.727              11.626    127.51              0.57                9.1            869.2             110829                      631                     10105        -1   393741                       -28.1                      -2.6
DAX                     139.479            2231.659  15128.00              0.92               14.8              0.9              13149                      121                      1939        -5   393741                       -16.7                      -2.5
CHF                       0.005               0.078      1.13              0.43                7.0         103135.3             116135                      505                      8082        -1   393741                       -29.5                      -2.1
US3                       0.217               3.477    102.50              0.21                3.4           1650.2             169135                      358                      5737        -1   393741                       -43.0                      -1.5
AUD                       0.004               0.069      0.63              0.68               10.9          82508.3              52314                      355                      5684        -1   393741                       -13.3                      -1.4
JPY                       0.000               0.001      0.01              0.47                7.6       10313531.4              69477                      328                      5257        -1   393741                       -17.6                      -1.3
GBP                       0.006               0.097      1.22              0.50                8.0          51567.7              62659                      313                      5016        -1   393741                       -15.9                      -1.3
RUSSELL                  23.745             379.913   1713.00              1.39               22.2              4.1               7066                       97                      1567        -3   393741                        -5.4                      -1.2
GAS_US_mini               0.116               1.862      3.34              3.49               55.8           2062.7               6879                      239                      3839        -1   393741                        -1.7                      -1.0
COPPER-micro              0.042               0.666      3.59              1.16               18.5           2062.7               7412                       85                      1374        -1   393741                        -1.9                      -0.3
CNH                       0.017               0.274      7.32              0.23                3.7          11258.4              82432                      193                      3090         1   393741                        20.9                       0.8
MXP                       0.000               0.007      0.05              0.81               12.9         412541.3              22322                      180                      2884         2   393741                        11.3                       1.5
LEANHOG                   1.461              23.380     72.35              2.02               32.3            330.0              23877                      482                      7716         1   393741                         6.1                       2.0
NIKKEI                  385.390            6166.246  31440.00              1.23               19.6              0.6              17321                      212                      3397         3   393741                        13.2                       2.6
EU-OIL                    4.323              69.162    370.00              1.17               18.7             43.5              16079                      187                      3005         4   393741                        16.3                       3.1

Sum of abs(notional exposure % capital) 263.5
Sum of abs(annualised risk % capital) 29.0
Net sum of annualised risk % capital -9.0 

=====================================================================================================================================
                                                            Correlations                                                             
=====================================================================================================================================

               AUD   CHF  COPPER-micro   GBP  BUND   JPY  US20   US3   DAX   MXP  NIKKEI  RUSSELL  EU-OIL  GAS_US_mini  LEANHOG   CNH
AUD           1.00  0.64          0.62  0.69  0.43  0.39  0.50  0.42  0.55  0.43    0.36     0.55    0.34         0.24     0.28 -0.55
CHF           0.64  1.00          0.41  0.70  0.43  0.54  0.62  0.57  0.36  0.31    0.10     0.32    0.03         0.08     0.18 -0.60
COPPER-micro  0.62  0.41          1.00  0.52  0.21  0.28  0.25  0.20  0.36  0.26    0.25     0.45    0.29         0.00     0.18 -0.61
GBP           0.69  0.70          0.52  1.00  0.49  0.37  0.51  0.52  0.53  0.34    0.28     0.48    0.21         0.19     0.23 -0.52
BUND          0.43  0.43          0.21  0.49  1.00  0.34  0.74  0.66  0.28  0.18    0.10     0.31   -0.00         0.11     0.05 -0.37
JPY           0.39  0.54          0.28  0.37  0.34  1.00  0.40  0.51  0.04  0.08   -0.31     0.09   -0.12        -0.13     0.02 -0.44
US20          0.50  0.62          0.25  0.51  0.74  0.40  1.00  0.75  0.29  0.25    0.20     0.30    0.03         0.07     0.24 -0.47
US3           0.42  0.57          0.20  0.52  0.66  0.51  0.75  1.00  0.11  0.01   -0.09     0.14   -0.11         0.01     0.20 -0.50
DAX           0.55  0.36          0.36  0.53  0.28  0.04  0.29  0.11  1.00  0.47    0.70     0.74    0.46         0.22     0.15 -0.31
MXP           0.43  0.31          0.26  0.34  0.18  0.08  0.25  0.01  0.47  1.00    0.36     0.38    0.22         0.15     0.18 -0.08
NIKKEI        0.36  0.10          0.25  0.28  0.10 -0.31  0.20 -0.09  0.70  0.36    1.00     0.65    0.48         0.24     0.19 -0.08
RUSSELL       0.55  0.32          0.45  0.48  0.31  0.09  0.30  0.14  0.74  0.38    0.65     1.00    0.43         0.23     0.20 -0.28
EU-OIL        0.34  0.03          0.29  0.21 -0.00 -0.12  0.03 -0.11  0.46  0.22    0.48     0.43    1.00         0.30     0.19 -0.07
GAS_US_mini   0.24  0.08          0.00  0.19  0.11 -0.13  0.07  0.01  0.22  0.15    0.24     0.23    0.30         1.00     0.10  0.16
LEANHOG       0.28  0.18          0.18  0.23  0.05  0.02  0.24  0.20  0.15  0.18    0.19     0.20    0.19         0.10     1.00 -0.18
CNH          -0.55 -0.60         -0.61 -0.52 -0.37 -0.44 -0.47 -0.50 -0.31 -0.08   -0.08    -0.28   -0.07         0.16    -0.18  1.00


********************************************************************************
                                 END OF REPORT                                  
********************************************************************************


