
********************************************************************************
                    Risk report produced on 11/02/2025 22:53                    
********************************************************************************


Total risk across all strategies, annualised percentage 10.1
Percentage of capital used for margin 76.2%

========================================
Risk per strategy, annualised percentage
========================================

                  risk
dynamic_TF_carry  10.1


===================
Risk by asset class
===================

Ags       2.8
Bond      0.9
Equity    7.2
FX        3.0
Metals    1.4
Vol       2.2
dtype: float64


=====================================================
Beta loadings of asset class positions on asset class
=====================================================

FX       -0.61
Vol      -0.05
Metals    0.07
Ags       0.09
Bond      0.12
Equity    0.68
dtype: float64


========================================================
Beta loadings of full portfolio positions on asset class
========================================================

FX       -0.58
Vol      -0.17
Bond     -0.15
Metals    0.20
Ags       0.26
Equity    0.84
dtype: float64


==================================================================================================================================================================================================================================================================
                                                                                                                         Instrument risk                                                                                                                          
==================================================================================================================================================================================================================================================================

              daily_price_stdev  annual_price_stdev     price  daily_perc_stdev  annual_perc_stdev  point_size_base  contract_exposure  daily_risk_per_contract  annual_risk_per_contract  position  capital  exposure_held_perc_capital  annual_risk_perc_capital
CHF                       0.004               0.072      1.10              0.41                6.5         101138.4             111161                      454                      7276        -2   584500                       -38.0                      -2.5
VIX                       0.495               7.915     18.00              2.75               44.0            809.1              14563                      400                      6404        -2   584500                        -5.0                      -2.2
FTSETAIWAN               21.801             348.821   1924.50              1.13               18.1             32.4              62285                      705                     11289        -1   584500                       -10.7                      -1.9
CAD                       0.003               0.041      0.70              0.37                5.8          80910.7              56694                      207                      3312        -2   584500                       -19.4                      -1.1
COPPER-micro              0.059               0.949      4.64              1.28               20.4           2022.8               9394                      119                      1919        -2   584500                        -3.2                      -0.7
SUGAR11                   0.255               4.079     18.32              1.39               22.3            906.2              16601                      230                      3695        -1   584500                        -2.8                      -0.6
RUSSELL                  22.664             362.623   2282.90              0.99               15.9              4.0               9235                       91                      1467        -2   584500                        -3.2                      -0.5
GOLD_micro               23.163             370.601   2928.50              0.79               12.7              8.1              23694                      187                      2998         1   584500                         4.1                       0.5
BITCOIN                2403.029           38448.467  96155.00              2.50               40.0              0.1               7779                      194                      3110         1   584500                         1.3                       0.5
HANG_mini               264.134            4226.143  21468.00              1.23               19.7              1.0              22295                      274                      4389         1   584500                         3.8                       0.8
CAD10                     0.550               8.805    123.90              0.44                7.1            564.6              69956                      310                      4971         1   584500                        12.0                       0.9
SILVER                    0.493               7.884     32.56              1.51               24.2            809.1              26344                      398                      6379         1   584500                         4.5                       1.1
MSCISING                  2.629              42.069    390.45              0.67               10.8             59.7              23304                      156                      2511         3   584500                        12.0                       1.3
SMI                      74.444            1191.098  12671.00              0.59                9.4              8.9             112479                      660                     10573         1   584500                        19.2                       1.8
TOPIX                    23.605             377.678   2727.00              0.87               13.8              5.3              14523                      125                      2011         6   584500                        14.9                       2.1
FEEDCOW                   2.594              41.500    263.90              0.98               15.7            404.6             106761                     1049                     16788         1   584500                        18.3                       2.9
MIB                     267.795            4284.728  37695.00              0.71               11.4              4.2             157165                     1116                     17864         1   584500                        26.9                       3.1
MSCITAIWAN               14.652             234.428    981.80              1.49               23.9             80.9              79438                     1185                     18967         1   584500                        13.6                       3.2

Sum of abs(notional exposure % capital) 212.9
Sum of abs(annualised risk % capital) 27.7
Net sum of annualised risk % capital 8.7 

===========================================================================================================================================================================
                                                                               Correlations                                                                                
===========================================================================================================================================================================

               CAD  COPPER-micro  FEEDCOW  GOLD_micro  HANG_mini  SILVER  SUGAR11  FTSETAIWAN   MIB  MSCISING  MSCITAIWAN  RUSSELL   SMI  TOPIX  BITCOIN  CAD10   CHF   VIX
CAD           1.00          0.42     0.00        0.35       0.38    0.21     0.16        0.34  0.12      0.12        0.28     0.35  0.22   0.23    -0.11  -0.11  0.27 -0.24
COPPER-micro  0.42          1.00     0.07        0.50       0.47    0.61     0.04        0.27  0.34      0.30        0.28     0.13  0.30   0.17    -0.15  -0.05  0.10 -0.06
FEEDCOW       0.00          0.07     1.00        0.06      -0.01    0.18     0.18        0.19  0.15      0.21        0.10     0.18  0.19   0.21     0.08  -0.27 -0.22 -0.10
GOLD_micro    0.35          0.50     0.06        1.00       0.13    0.73     0.03        0.21  0.10      0.14        0.20     0.15  0.29   0.01    -0.02  -0.06  0.12  0.12
HANG_mini     0.38          0.47    -0.01        0.13       1.00    0.16     0.23        0.38  0.28      0.25        0.33     0.20  0.40   0.38    -0.09   0.07  0.13 -0.22
SILVER        0.21          0.61     0.18        0.73       0.16    1.00     0.08        0.24  0.23      0.29        0.21     0.11  0.33   0.00     0.05   0.01  0.05  0.02
SUGAR11       0.16          0.04     0.18        0.03       0.23    0.08     1.00        0.15  0.05      0.06        0.15     0.03  0.11   0.27    -0.14  -0.02  0.04 -0.14
FTSETAIWAN    0.34          0.27     0.19        0.21       0.38    0.24     0.15        1.00  0.35      0.43        0.88     0.52  0.40   0.58     0.16  -0.09 -0.12 -0.57
MIB           0.12          0.34     0.15        0.10       0.28    0.23     0.05        0.35  1.00      0.35        0.34     0.33  0.63   0.37     0.15  -0.05 -0.09 -0.32
MSCISING      0.12          0.30     0.21        0.14       0.25    0.29     0.06        0.43  0.35      1.00        0.33     0.54  0.37   0.41     0.29   0.08 -0.16 -0.57
MSCITAIWAN    0.28          0.28     0.10        0.20       0.33    0.21     0.15        0.88  0.34      0.33        1.00     0.40  0.33   0.58     0.07  -0.11 -0.13 -0.48
RUSSELL       0.35          0.13     0.18        0.15       0.20    0.11     0.03        0.52  0.33      0.54        0.40     1.00  0.36   0.39     0.33   0.05 -0.03 -0.73
SMI           0.22          0.30     0.19        0.29       0.40    0.33     0.11        0.40  0.63      0.37        0.33     0.36  1.00   0.31     0.10   0.17  0.10 -0.28
TOPIX         0.23          0.17     0.21        0.01       0.38    0.00     0.27        0.58  0.37      0.41        0.58     0.39  0.31   1.00     0.10  -0.09 -0.12 -0.45
BITCOIN      -0.11         -0.15     0.08       -0.02      -0.09    0.05    -0.14        0.16  0.15      0.29        0.07     0.33  0.10   0.10     1.00   0.07 -0.13 -0.25
CAD10        -0.11         -0.05    -0.27       -0.06       0.07    0.01    -0.02       -0.09 -0.05      0.08       -0.11     0.05  0.17  -0.09     0.07   1.00  0.50 -0.07
CHF           0.27          0.10    -0.22        0.12       0.13    0.05     0.04       -0.12 -0.09     -0.16       -0.13    -0.03  0.10  -0.12    -0.13   0.50  1.00  0.22
VIX          -0.24         -0.06    -0.10        0.12      -0.22    0.02    -0.14       -0.57 -0.32     -0.57       -0.48    -0.73 -0.28  -0.45    -0.25  -0.07  0.22  1.00


********************************************************************************
                                 END OF REPORT                                  
********************************************************************************


