
********************************************************************************
                    Risk report produced on 30/10/2025 22:53                    
********************************************************************************


Total risk across all strategies, annualised percentage 12.7
Percentage of capital used for margin 45.1%

========================================
Risk per strategy, annualised percentage
========================================

                  risk
dynamic_TF_carry  12.7


===================
Risk by asset class
===================

Ags        1.0
Bond       4.6
Equity    10.0
FX         3.8
Metals     2.3
OilGas     3.2
dtype: float64


=====================================================
Beta loadings of asset class positions on asset class
=====================================================

OilGas   -0.07
Ags      -0.01
Metals    0.02
FX        0.08
Bond      0.98
Equity    0.98
dtype: float64


========================================================
Beta loadings of full portfolio positions on asset class
========================================================

OilGas   -0.09
Ags       0.07
Metals    0.15
Bond      0.68
FX        0.84
Equity    1.07
dtype: float64


==================================================================================================================================================================================================================================================================
                                                                                                                         Instrument risk                                                                                                                          
==================================================================================================================================================================================================================================================================

             daily_price_stdev  annual_price_stdev      price  daily_perc_stdev  annual_perc_stdev  point_size_base  contract_exposure  daily_risk_per_contract  annual_risk_per_contract  position  capital  exposure_held_perc_capital  annual_risk_perc_capital
JPY                      0.000               0.001       0.01              0.60                9.6        9469230.7              61725                      369                      5905        -3   617566                       -30.0                      -2.9
GAS-PEN                  0.110               1.768       3.33              3.32               53.1           7575.4              25226                      836                     13389        -1   617566                        -4.1                      -2.2
SP500_micro             56.552             904.832    6854.50              0.83               13.2              3.8              25962                      214                      3427        -2   617566                        -8.4                      -1.1
GAS_US_mini              0.109               1.746       4.01              2.72               43.5           1893.8               7594                      206                      3305        -2   617566                        -2.5                      -1.1
BITCOIN               2697.961           43167.376  107155.00              2.52               40.3              0.1               8117                      204                      3270        -2   617566                        -2.6                      -1.1
WHEAT                    6.573             105.168     524.25              1.25               20.1             37.9              19856                      248                      3983        -1   617566                        -3.2                      -0.6
RICE                     0.156               2.492      10.64              1.46               23.4           1515.1              16112                      235                      3775        -1   617566                        -2.6                      -0.6
KRWUSD_mini              0.003               0.055       0.70              0.49                7.9          18938.5              13239                       65                      1046        -3   617566                        -6.4                      -0.5
KR10                     0.354               5.660     116.37              0.30                4.9            527.4              61377                      186                      2985        -1   617566                        -9.9                      -0.5
DOW                    342.850            5485.594   47762.00              0.72               11.5              0.4              18090                      129                      2077        -1   617566                        -2.9                      -0.3
AUD_micro                0.003               0.049       0.66              0.47                7.5           7575.4               4962                       23                       372         3   617566                         2.4                       0.2
BRE                      0.001               0.020       0.19              0.66               10.5          75753.8              14075                       92                      1480         1   617566                         2.3                       0.2
MXP                      0.000               0.004       0.05              0.46                7.4         378769.2              20336                       93                      1495         1   617566                         3.3                       0.2
TOPIX                   36.174             578.787    3328.00              1.09               17.4              4.9              16441                      178                      2859         1   617566                         2.7                       0.5
KOSPI_mini               6.911             110.583     573.92              1.20               19.3             26.4              15135                      182                      2916         1   617566                         2.5                       0.5
NZD                      0.003               0.041       0.57              0.45                7.2          75753.8              43558                      195                      3129         1   617566                         7.1                       0.5
GBP                      0.005               0.078       1.32              0.37                6.0          47346.2              62260                      232                      3716         1   617566                        10.1                       0.6
LEANHOG                  0.965              15.445      80.88              1.19               19.1            303.0              24506                      292                      4680         1   617566                         4.0                       0.8
US10U                    0.390               6.234     115.62              0.34                5.4            757.5              87590                      295                      4722         1   617566                        14.2                       0.8
FTSECHINAA             199.826            3197.221   15565.00              1.28               20.5              0.8              11791                      151                      2422         2   617566                         3.8                       0.8
NIKKEI                 665.561           10648.982   51585.00              1.29               20.6              0.5              25484                      328                      5260         1   617566                         4.1                       0.9
YENEUR                   0.752              12.038     177.88              0.42                6.8            617.5             109846                      464                      7433         1   617566                        17.8                       1.2
CAD10                    0.369               5.908     122.72              0.30                4.8            543.5              66693                      200                      3210         3   617566                        32.4                       1.6
OAT                      0.347               5.546     122.66              0.28                4.5            880.3             107982                      305                      4882         2   617566                        35.0                       1.6
US30                     0.833              13.330     121.75              0.68               10.9            757.5              92230                      631                     10098         1   617566                        14.9                       1.6
SPI200                  54.119             865.899    8933.00              0.61                9.7             12.5             111347                      674                     10793         1   617566                        18.0                       1.7
MSCIEAFA                19.294             308.706    2816.60              0.69               11.0             37.9             106684                      730                     11692         1   617566                        17.3                       1.9
SILVER                   1.073              17.164      48.68              2.20               35.3            757.5              36873                      812                     13002         1   617566                         6.0                       2.1
AEX                      7.710             123.354     980.70              0.79               12.6            176.1             172669                     1357                     21718         1   617566                        28.0                       3.5
MIB                    333.509            5336.142   42850.00              0.78               12.5              4.4             188612                     1468                     23488         1   617566                        30.5                       3.8

Sum of abs(notional exposure % capital) 329.0
Sum of abs(annualised risk % capital) 35.9
Net sum of annualised risk % capital 14.1 

==============================================================================================================================================================================================================================================================
                                                                                                                         Correlations                                                                                                                         
==============================================================================================================================================================================================================================================================

             CAD10  KR10   OAT  US10U  US30   JPY  BITCOIN  GAS-PEN  GAS_US_mini  LEANHOG  RICE  WHEAT  YENEUR   AEX   DOW  KOSPI_mini   MIB  MSCIEAFA  NIKKEI  SP500_micro  SPI200  TOPIX  AUD_micro   BRE  FTSECHINAA   GBP  KRWUSD_mini   MXP   NZD  SILVER
CAD10         1.00  0.45  0.60   0.82  0.81  0.34    -0.06    -0.18        -0.21    -0.19 -0.17  -0.23   -0.52 -0.02 -0.16       -0.04 -0.09     -0.27   -0.05        -0.18   -0.18  -0.05      -0.26 -0.05       -0.19  0.05        -0.05 -0.15 -0.10   -0.33
KR10          0.45  1.00  0.43   0.45  0.44  0.27    -0.10    -0.21        -0.18    -0.14  0.14  -0.20   -0.34 -0.04  0.08        0.03 -0.09     -0.06   -0.09         0.07    0.01  -0.15      -0.06 -0.04       -0.02  0.07         0.06  0.04  0.01   -0.14
OAT           0.60  0.43  1.00   0.52  0.53  0.25    -0.08    -0.31        -0.33    -0.17 -0.16  -0.08   -0.51  0.02  0.02       -0.10 -0.05     -0.08   -0.10         0.01    0.20  -0.11      -0.18 -0.08       -0.09 -0.06         0.02 -0.07 -0.08   -0.11
US10U         0.82  0.45  0.52   1.00  0.95  0.28    -0.04    -0.08        -0.13    -0.25 -0.24  -0.31   -0.46 -0.03 -0.22        0.03 -0.15     -0.32   -0.03        -0.23   -0.19  -0.05      -0.27 -0.06       -0.21  0.03        -0.10 -0.13 -0.13   -0.30
US30          0.81  0.44  0.53   0.95  1.00  0.22    -0.02    -0.11        -0.17    -0.26 -0.28  -0.26   -0.41 -0.01 -0.15        0.04 -0.13     -0.29   -0.01        -0.15   -0.18  -0.03      -0.27 -0.03       -0.17 -0.01        -0.14 -0.09 -0.16   -0.26
JPY           0.34  0.27  0.25   0.28  0.22  1.00     0.11    -0.09        -0.10    -0.09  0.16   0.02   -0.68 -0.07 -0.04       -0.15 -0.10      0.16   -0.32        -0.10    0.00  -0.32       0.30  0.16        0.01  0.53         0.60  0.06  0.46    0.04
BITCOIN      -0.06 -0.10 -0.08  -0.04 -0.02  0.11     1.00     0.05         0.07    -0.04  0.02  -0.06   -0.06  0.23  0.24        0.23  0.28      0.22    0.15         0.24    0.29   0.13       0.24  0.14        0.10  0.11         0.14  0.09  0.23    0.02
GAS-PEN      -0.18 -0.21 -0.31  -0.08 -0.11 -0.09     0.05     1.00         0.97     0.01  0.07   0.20    0.06  0.08  0.00        0.21  0.01      0.01    0.06         0.02    0.02   0.01       0.08  0.31        0.10 -0.06         0.12 -0.06  0.05    0.01
GAS_US_mini  -0.21 -0.18 -0.33  -0.13 -0.17 -0.10     0.07     0.97         1.00     0.01  0.10   0.18    0.09  0.06 -0.02        0.20  0.01      0.01    0.05         0.02    0.02  -0.01       0.13  0.33        0.12 -0.01         0.17 -0.02  0.09    0.07
LEANHOG      -0.19 -0.14 -0.17  -0.25 -0.26 -0.09    -0.04     0.01         0.01     1.00  0.17   0.20    0.18  0.17  0.20       -0.05  0.25      0.23    0.03         0.21    0.18   0.13       0.19  0.09        0.12  0.11         0.07  0.12  0.16    0.25
RICE         -0.17  0.14 -0.16  -0.24 -0.28  0.16     0.02     0.07         0.10     0.17  1.00   0.04   -0.02 -0.00  0.04        0.01  0.09      0.20   -0.05         0.11    0.04  -0.07       0.24  0.09       -0.06  0.19         0.19 -0.03  0.27    0.22
WHEAT        -0.23 -0.20 -0.08  -0.31 -0.26  0.02    -0.06     0.20         0.18     0.20  0.04   1.00    0.03  0.11  0.11        0.23  0.02      0.13   -0.09         0.16    0.11  -0.10       0.23  0.25        0.21 -0.04         0.15  0.14  0.22    0.25
YENEUR       -0.52 -0.34 -0.51  -0.46 -0.41 -0.68    -0.06     0.06         0.09     0.18 -0.02   0.03    1.00  0.03  0.09        0.14  0.08      0.16    0.32         0.13   -0.00   0.32       0.16  0.07        0.12  0.10        -0.18  0.29  0.07    0.14
AEX          -0.02 -0.04  0.02  -0.03 -0.01 -0.07     0.23     0.08         0.06     0.17 -0.00   0.11    0.03  1.00  0.57        0.56  0.75      0.61    0.45         0.62    0.60   0.49       0.35  0.36        0.40  0.14        -0.01  0.25  0.21    0.35
DOW          -0.16  0.08  0.02  -0.22 -0.15 -0.04     0.24     0.00        -0.02     0.20  0.04   0.11    0.09  0.57  1.00        0.35  0.55      0.76    0.41         0.93    0.77   0.45       0.50  0.33        0.40  0.18         0.18  0.19  0.32    0.33
KOSPI_mini   -0.04  0.03 -0.10   0.03  0.04 -0.15     0.23     0.21         0.20    -0.05  0.01   0.23    0.14  0.56  0.35        1.00  0.43      0.39    0.56         0.43    0.36   0.44       0.37  0.35        0.25  0.08        -0.02  0.13  0.29    0.20
MIB          -0.09 -0.09 -0.05  -0.15 -0.13 -0.10     0.28     0.01         0.01     0.25  0.09   0.02    0.08  0.75  0.55        0.43  1.00      0.69    0.51         0.57    0.62   0.61       0.38  0.32        0.35  0.22        -0.00  0.24  0.28    0.36
MSCIEAFA     -0.27 -0.06 -0.08  -0.32 -0.29  0.16     0.22     0.01         0.01     0.23  0.20   0.13    0.16  0.61  0.76        0.39  0.69      1.00    0.50         0.78    0.77   0.56       0.76  0.40        0.41  0.53         0.35  0.36  0.64    0.50
NIKKEI       -0.05 -0.09 -0.10  -0.03 -0.01 -0.32     0.15     0.06         0.05     0.03 -0.05  -0.09    0.32  0.45  0.41        0.56  0.51      0.50    1.00         0.49    0.42   0.91       0.35  0.19        0.18  0.19        -0.09  0.16  0.27    0.10
SP500_micro  -0.18  0.07  0.01  -0.23 -0.15 -0.10     0.24     0.02         0.02     0.21  0.11   0.16    0.13  0.62  0.93        0.43  0.57      0.78    0.49         1.00    0.77   0.51       0.55  0.41        0.39  0.19         0.15  0.27  0.36    0.38
SPI200       -0.18  0.01  0.20  -0.19 -0.18  0.00     0.29     0.02         0.02     0.18  0.04   0.11   -0.00  0.60  0.77        0.36  0.62      0.77    0.42         0.77    1.00   0.48       0.49  0.29        0.31  0.19         0.20  0.19  0.34    0.39
TOPIX        -0.05 -0.15 -0.11  -0.05 -0.03 -0.32     0.13     0.01        -0.01     0.13 -0.07  -0.10    0.32  0.49  0.45        0.44  0.61      0.56    0.91         0.51    0.48   1.00       0.37  0.20        0.26  0.20        -0.12  0.18  0.26    0.14
AUD_micro    -0.26 -0.06 -0.18  -0.27 -0.27  0.30     0.24     0.08         0.13     0.19  0.24   0.23    0.16  0.35  0.50        0.37  0.38      0.76    0.35         0.55    0.49   0.37       1.00  0.48        0.40  0.65         0.54  0.44  0.91    0.53
BRE          -0.05 -0.04 -0.08  -0.06 -0.03  0.16     0.14     0.31         0.33     0.09  0.09   0.25    0.07  0.36  0.33        0.35  0.32      0.40    0.19         0.41    0.29   0.20       0.48  1.00        0.44  0.40         0.34  0.48  0.42    0.33
FTSECHINAA   -0.19 -0.02 -0.09  -0.21 -0.17  0.01     0.10     0.10         0.12     0.12 -0.06   0.21    0.12  0.40  0.40        0.25  0.35      0.41    0.18         0.39    0.31   0.26       0.40  0.44        1.00  0.21         0.16  0.32  0.31    0.31
GBP           0.05  0.07 -0.06   0.03 -0.01  0.53     0.11    -0.06        -0.01     0.11  0.19  -0.04    0.10  0.14  0.18        0.08  0.22      0.53    0.19         0.19    0.19   0.20       0.65  0.40        0.21  1.00         0.57  0.43  0.75    0.28
KRWUSD_mini  -0.05  0.06  0.02  -0.10 -0.14  0.60     0.14     0.12         0.17     0.07  0.19   0.15   -0.18 -0.01  0.18       -0.02 -0.00      0.35   -0.09         0.15    0.20  -0.12       0.54  0.34        0.16  0.57         1.00  0.22  0.59    0.19
MXP          -0.15  0.04 -0.07  -0.13 -0.09  0.06     0.09    -0.06        -0.02     0.12 -0.03   0.14    0.29  0.25  0.19        0.13  0.24      0.36    0.16         0.27    0.19   0.18       0.44  0.48        0.32  0.43         0.22  1.00  0.37    0.34
NZD          -0.10  0.01 -0.08  -0.13 -0.16  0.46     0.23     0.05         0.09     0.16  0.27   0.22    0.07  0.21  0.32        0.29  0.28      0.64    0.27         0.36    0.34   0.26       0.91  0.42        0.31  0.75         0.59  0.37  1.00    0.39
SILVER       -0.33 -0.14 -0.11  -0.30 -0.26  0.04     0.02     0.01         0.07     0.25  0.22   0.25    0.14  0.35  0.33        0.20  0.36      0.50    0.10         0.38    0.39   0.14       0.53  0.33        0.31  0.28         0.19  0.34  0.39    1.00


********************************************************************************
                                 END OF REPORT                                  
********************************************************************************


