
********************************************************************************
                    Risk report produced on 21/02/2024 22:51                    
********************************************************************************


Total risk across all strategies, annualised percentage 11.2
Percentage of capital used for margin 54.0%

========================================
Risk per strategy, annualised percentage
========================================

                  risk
dynamic_TF_carry  11.1


===================
Risk by asset class
===================

Ags       0.8
Bond      4.1
Equity    6.4
FX        5.3
Metals    1.6
OilGas    1.0
Sector    0.6
dtype: float64


=====================================================
Beta loadings of asset class positions on asset class
=====================================================

Bond     -1.27
FX       -0.22
Ags      -0.05
OilGas   -0.01
Sector    0.04
Metals    0.06
Equity    0.59
dtype: float64


========================================================
Beta loadings of full portfolio positions on asset class
========================================================

Bond     -2.50
Ags      -0.02
OilGas    0.03
Metals    0.06
Sector    0.27
FX        0.28
Equity    0.85
dtype: float64


=================================================================================================================================================================================================================================================================
                                                                                                                         Instrument risk                                                                                                                         
=================================================================================================================================================================================================================================================================

             daily_price_stdev  annual_price_stdev     price  daily_perc_stdev  annual_perc_stdev  point_size_base  contract_exposure  daily_risk_per_contract  annual_risk_per_contract  position  capital  exposure_held_perc_capital  annual_risk_perc_capital
BOBL                     0.335               5.360    116.40              0.29                4.6            856.6              99706                      286                      4591        -2   382699                       -52.1                      -2.4
CHF                      0.005               0.087      1.14              0.48                7.7          99035.8             112895                      541                      8660        -1   382699                       -29.5                      -2.3
US2                      0.155               2.483    101.96              0.15                2.4           1584.6             161564                      245                      3934        -2   382699                       -84.4                      -2.1
JPY                      0.000               0.001      0.01              0.58                9.3        9903578.8              66175                      382                      6126        -1   382699                       -17.3                      -1.6
GAS_US_mini              0.115               1.839      1.85              6.21               99.4           1980.7               3664                      227                      3642        -1   382699                        -1.0                      -1.0
CORN                     4.676              74.823    456.00              1.03               16.4             39.6              18064                      185                      2964        -1   382699                        -4.7                      -0.8
EUR_micro                0.004               0.067      1.08              0.39                6.2           9903.6              10722                       41                       664        -3   382699                        -8.4                      -0.5
EU-OIL                   3.569              57.108    345.00              1.03               16.6             42.8              14776                      152                      2445         1   382699                         3.9                       0.6
CNH                      0.017               0.278      7.17              0.24                3.9          11020.3              79053                      191                      3060         1   382699                        20.7                       0.8
IRON                     2.646              42.339    122.50              2.16               34.6             79.2               9705                      209                      3354         1   382699                         2.5                       0.9
MXP                      0.000               0.005      0.06              0.53                8.5         396143.2              23126                      122                      1955         2   382699                        12.1                       1.0
BITCOIN               1144.691           18315.060  51065.00              2.24               35.9              0.1               4045                       90                      1451         3   382699                         3.2                       1.1
EUROSTX                 32.288             516.613   4784.00              0.67               10.8              8.6              40978                      276                      4425         1   382699                        10.7                       1.2
SP500_micro             38.337             613.394   4965.25              0.77               12.4              4.0              19669                      151                      2429         2   382699                        10.3                       1.3
YENEUR                   0.777              12.431    162.03              0.48                7.7            659.9             106925                      512                      8203         1   382699                        27.9                       2.1
R1000                   13.029             208.458   1660.90              0.78               12.6             39.6              65795                      516                      8257         1   382699                        17.2                       2.2
NIKKEI                 330.306            5284.900  38270.00              0.86               13.8              0.5              20203                      174                      2790         4   382699                        21.1                       2.9

Sum of abs(notional exposure % capital) 327.0
Sum of abs(annualised risk % capital) 24.8
Net sum of annualised risk % capital 3.4 

=================================================================================================================================================
                                                                  Correlations                                                                   
=================================================================================================================================================

             CORN  GAS_US_mini   CNH  BOBL   CHF  EUR_micro   JPY   US2  NIKKEI  YENEUR  BITCOIN  EU-OIL  EUROSTX  IRON   MXP  R1000  SP500_micro
CORN         1.00         0.12  0.06  0.04 -0.02      -0.09  0.00 -0.05   -0.10   -0.07    -0.03    0.12    -0.04  0.07  0.02   0.04         0.01
GAS_US_mini  0.12         1.00  0.24 -0.04  0.08      -0.04 -0.21  0.09    0.13    0.13    -0.07    0.11    -0.18 -0.18  0.02  -0.02        -0.06
CNH          0.06         0.24  1.00 -0.33 -0.58      -0.58 -0.55 -0.49   -0.06    0.14    -0.12   -0.11    -0.32 -0.38 -0.14  -0.31        -0.30
BOBL         0.04        -0.04 -0.33  1.00  0.31       0.20  0.44  0.65   -0.17   -0.35     0.23   -0.03     0.18  0.17 -0.10   0.25         0.24
CHF         -0.02         0.08 -0.58  0.31  1.00       0.75  0.55  0.55   -0.06   -0.03     0.07    0.12     0.24  0.21  0.21   0.29         0.27
EUR_micro   -0.09        -0.04 -0.58  0.20  0.75       1.00  0.49  0.45    0.13    0.23     0.06    0.09     0.26  0.17  0.41   0.38         0.38
JPY          0.00        -0.21 -0.55  0.44  0.55       0.49  1.00  0.56   -0.34   -0.72     0.03    0.06     0.12  0.23  0.14   0.19         0.16
US2         -0.05         0.09 -0.49  0.65  0.55       0.45  0.56  1.00   -0.13   -0.31     0.08   -0.07    -0.05  0.05 -0.13   0.07         0.05
NIKKEI      -0.10         0.13 -0.06 -0.17 -0.06       0.13 -0.34 -0.13    1.00    0.45     0.05    0.19     0.50  0.17  0.38   0.48         0.57
YENEUR      -0.07         0.13  0.14 -0.35 -0.03       0.23 -0.72 -0.31    0.45    1.00     0.01   -0.01     0.10 -0.10  0.14   0.10         0.14
BITCOIN     -0.03        -0.07 -0.12  0.23  0.07       0.06  0.03  0.08    0.05    0.01     1.00    0.10     0.22  0.18  0.04   0.24         0.15
EU-OIL       0.12         0.11 -0.11 -0.03  0.12       0.09  0.06 -0.07    0.19   -0.01     0.10    1.00     0.43  0.31  0.34   0.45         0.33
EUROSTX     -0.04        -0.18 -0.32  0.18  0.24       0.26  0.12 -0.05    0.50    0.10     0.22    0.43     1.00  0.37  0.43   0.76         0.79
IRON         0.07        -0.18 -0.38  0.17  0.21       0.17  0.23  0.05    0.17   -0.10     0.18    0.31     0.37  1.00  0.22   0.25         0.27
MXP          0.02         0.02 -0.14 -0.10  0.21       0.41  0.14 -0.13    0.38    0.14     0.04    0.34     0.43  0.22  1.00   0.45         0.43
R1000        0.04        -0.02 -0.31  0.25  0.29       0.38  0.19  0.07    0.48    0.10     0.24    0.45     0.76  0.25  0.45   1.00         0.91
SP500_micro  0.01        -0.06 -0.30  0.24  0.27       0.38  0.16  0.05    0.57    0.14     0.15    0.33     0.79  0.27  0.43   0.91         1.00


********************************************************************************
                                 END OF REPORT                                  
********************************************************************************


