
********************************************************************************
                    Risk report produced on 04/07/2025 22:53                    
********************************************************************************


Total risk across all strategies, annualised percentage 14.0
Percentage of capital used for margin 42.7%

========================================
Risk per strategy, annualised percentage
========================================

                  risk
dynamic_TF_carry  14.0


===================
Risk by asset class
===================

Ags       3.9
Bond      1.6
Equity    7.0
FX        4.4
Metals    3.2
OilGas    3.2
dtype: float64


=====================================================
Beta loadings of asset class positions on asset class
=====================================================

OilGas   -0.07
Metals    0.02
Ags       0.20
Bond      0.29
Equity    0.37
FX        0.71
dtype: float64


========================================================
Beta loadings of full portfolio positions on asset class
========================================================

Bond     -0.19
OilGas   -0.04
Metals    0.28
Ags       0.35
Equity    0.53
FX        1.55
dtype: float64


===================================================================================================================================================================================================================================================================
                                                                                                                          Instrument risk                                                                                                                          
===================================================================================================================================================================================================================================================================

               daily_price_stdev  annual_price_stdev     price  daily_perc_stdev  annual_perc_stdev  point_size_base  contract_exposure  daily_risk_per_contract  annual_risk_per_contract  position  capital  exposure_held_perc_capital  annual_risk_perc_capital
DX                         0.386               6.176     96.64              0.40                6.4            731.2              70670                      282                      4516        -4   545462                       -51.8                      -3.3
GAS-PEN                    0.123               1.971      3.41              3.61               57.8           7312.4              24935                      900                     14411        -1   545462                        -4.6                      -2.6
JPY                        0.000               0.001      0.01              0.63               10.1        9140500.5              63526                      399                      6394        -2   545462                       -23.3                      -2.3
GOLD_micro                34.704             555.271   3344.10              1.04               16.6              7.3              24453                      253                      4060        -2   545462                        -9.0                      -1.5
WHEAT                      9.695             155.126    583.50              1.66               26.6             36.6              21333                      354                      5671        -1   545462                        -3.9                      -1.0
RICE                       0.183               2.929     12.96              1.41               22.6           1462.5              18961                      267                      4283        -1   545462                        -3.5                      -0.8
GAS_US_mini                0.125               1.998      3.44              3.62               58.0           1828.1               6297                      228                      3651        -1   545462                        -1.2                      -0.7
CAD10                      0.407               6.515    121.37              0.34                5.4            538.8              65390                      219                      3510        -1   545462                       -12.0                      -0.6
IRON                       1.174              18.785     96.30              1.22               19.5             73.1               7041                       85                      1373        -2   545462                        -2.6                      -0.5
MUMMY                     10.209             163.348    705.00              1.45               23.2              5.1               3571                       51                       827         1   545462                         0.7                       0.2
MXP                        0.000               0.005      0.05              0.55                8.8         365620.0              19461                      106                      1704         1   545462                         3.6                       0.3
KOSDAQ                    20.223             323.564   1268.50              1.59               25.5              5.4               6810                      108                      1737         1   545462                         1.2                       0.3
CRUDE_W_micro              1.620              25.925     64.15              2.53               40.4             73.1               4690                      118                      1895         1   545462                         0.9                       0.3
CAD                        0.003               0.044      0.74              0.37                5.9          73124.0              54119                      200                      3210         1   545462                         9.9                       0.6
GBP                        0.006               0.098      1.37              0.45                7.2          45702.5              62420                      280                      4481         1   545462                        11.4                       0.8
LEANHOG                    1.083              17.333     91.72              1.18               18.9            292.5              26829                      316                      5069         1   545462                         4.9                       0.9
CANOLA                    10.538             168.603    719.10              1.47               23.4             10.8               7748                      113                      1816         3   545462                         4.3                       1.0
BTP                        0.397               6.346    121.26              0.33                5.2            861.6             104480                      341                      5467         1   545462                        19.2                       1.0
BUND                       0.400               6.402    130.51              0.31                4.9            861.6             112450                      344                      5515         1   545462                        20.6                       1.0
YENEUR                     0.755              12.073    169.92              0.44                7.1            633.3             107601                      477                      7644         1   545462                        19.7                       1.4
MSCIEAFA                  24.010             384.168   2668.60              0.90               14.4             36.6              97569                      877                     14045         1   545462                        17.9                       2.6
FEEDCOW                    2.777              44.438    308.55              0.90               14.4            365.6             112812                     1015                     16247         1   545462                        20.7                       3.0
PLAT                      32.662             522.593   1380.80              2.37               37.8             36.6              50484                     1194                     19107         1   545462                         9.3                       3.5
MIB                      347.873            5565.963  39705.00              0.88               14.0              4.3             171054                     1498                     23978         1   545462                        31.4                       4.4

Sum of abs(notional exposure % capital) 287.6
Sum of abs(annualised risk % capital) 34.6
Net sum of annualised risk % capital 8.0 

=========================================================================================================================================================================================================
                                                                                              Correlations                                                                                               
=========================================================================================================================================================================================================

                 DX  GAS-PEN  GAS_US_mini  YENEUR  CRUDE_W_micro  FEEDCOW  IRON  KOSDAQ  LEANHOG   MIB  MSCIEAFA  MUMMY   MXP  PLAT  CANOLA  RICE  WHEAT   BTP  BUND   CAD  CAD10   GBP  GOLD_micro   JPY
DX             1.00     0.29         0.27    0.06           0.16     0.02 -0.08   -0.18    -0.04 -0.00     -0.35  -0.03 -0.32 -0.27    0.10 -0.12  -0.21 -0.21 -0.16 -0.62  -0.30 -0.75       -0.41 -0.70
GAS-PEN        0.29     1.00         0.93    0.09           0.14    -0.07 -0.13    0.03     0.02 -0.01     -0.08   0.04 -0.09 -0.15    0.12  0.02   0.02 -0.15 -0.11 -0.12   0.01 -0.25       -0.05 -0.25
GAS_US_mini    0.27     0.93         1.00    0.14           0.30     0.06 -0.05    0.12     0.14  0.19      0.09   0.16 -0.00 -0.07    0.13  0.02   0.09 -0.14 -0.14 -0.08  -0.01 -0.15        0.07 -0.27
YENEUR         0.06     0.09         0.14    1.00           0.23     0.39 -0.06    0.28     0.09  0.22      0.16   0.20  0.48  0.20    0.12 -0.17  -0.08 -0.40 -0.58  0.00  -0.47  0.20       -0.01 -0.71
CRUDE_W_micro  0.16     0.14         0.30    0.23           1.00     0.29  0.28    0.14     0.35  0.38      0.35   0.31  0.29  0.15    0.27 -0.08   0.06 -0.04 -0.12  0.17  -0.15 -0.04        0.36 -0.30
FEEDCOW        0.02    -0.07         0.06    0.39           0.29     1.00  0.23    0.27     0.31  0.48      0.46   0.34  0.37  0.24   -0.01  0.01  -0.20 -0.05 -0.27 -0.01  -0.18  0.23        0.13 -0.30
IRON          -0.08    -0.13        -0.05   -0.06           0.28     0.23  1.00    0.09     0.21  0.32      0.34   0.09  0.11  0.25    0.05  0.06   0.18  0.12  0.03  0.03   0.08  0.16        0.24  0.09
KOSDAQ        -0.18     0.03         0.12    0.28           0.14     0.27  0.09    1.00     0.12  0.46      0.51   0.46  0.38  0.25   -0.02  0.01   0.01  0.11 -0.03  0.25   0.00  0.41        0.17 -0.12
LEANHOG       -0.04     0.02         0.14    0.09           0.35     0.31  0.21    0.12     1.00  0.35      0.34   0.38  0.22  0.21    0.30  0.14   0.25 -0.05 -0.14  0.14  -0.20  0.04        0.18 -0.05
MIB           -0.00    -0.01         0.19    0.22           0.38     0.48  0.32    0.46     0.35  1.00      0.87   0.63  0.45  0.44   -0.07 -0.09   0.05  0.19 -0.07  0.07   0.11  0.43        0.35 -0.19
MSCIEAFA      -0.35    -0.08         0.09    0.16           0.35     0.46  0.34    0.51     0.34  0.87      1.00   0.63  0.50  0.53   -0.12 -0.02   0.03  0.34  0.10  0.34   0.28  0.68        0.53  0.07
MUMMY         -0.03     0.04         0.16    0.20           0.31     0.34  0.09    0.46     0.38  0.63      0.63   1.00  0.34  0.27   -0.00  0.04  -0.04  0.15  0.00  0.27  -0.04  0.34        0.31 -0.16
MXP           -0.32    -0.09        -0.00    0.48           0.29     0.37  0.11    0.38     0.22  0.45      0.50   0.34  1.00  0.44    0.04 -0.17   0.12  0.13 -0.10  0.31  -0.10  0.41        0.28 -0.16
PLAT          -0.27    -0.15        -0.07    0.20           0.15     0.24  0.25    0.25     0.21  0.44      0.53   0.27  0.44  1.00   -0.03  0.16   0.14  0.22  0.05  0.16   0.12  0.40        0.40  0.00
CANOLA         0.10     0.12         0.13    0.12           0.27    -0.01  0.05   -0.02     0.30 -0.07     -0.12  -0.00  0.04 -0.03    1.00 -0.03   0.23 -0.06 -0.07  0.13  -0.20 -0.14        0.04 -0.15
RICE          -0.12     0.02         0.02   -0.17          -0.08     0.01  0.06    0.01     0.14 -0.09     -0.02   0.04 -0.17  0.16   -0.03  1.00   0.14  0.04  0.05  0.03  -0.06  0.00        0.12  0.23
WHEAT         -0.21     0.02         0.09   -0.08           0.06    -0.20  0.18    0.01     0.25  0.05      0.03  -0.04  0.12  0.14    0.23  0.14   1.00 -0.03 -0.03  0.30  -0.13  0.02        0.22  0.21
BTP           -0.21    -0.15        -0.14   -0.40          -0.04    -0.05  0.12    0.11    -0.05  0.19      0.34   0.15  0.13  0.22   -0.06  0.04  -0.03  1.00  0.90  0.29   0.66  0.27        0.38  0.31
BUND          -0.16    -0.11        -0.14   -0.58          -0.12    -0.27  0.03   -0.03    -0.14 -0.07      0.10   0.00 -0.10  0.05   -0.07  0.05  -0.03  0.90  1.00  0.30   0.63  0.09        0.31  0.41
CAD           -0.62    -0.12        -0.08    0.00           0.17    -0.01  0.03    0.25     0.14  0.07      0.34   0.27  0.31  0.16    0.13  0.03   0.30  0.29  0.30  1.00   0.01  0.43        0.50  0.37
CAD10         -0.30     0.01        -0.01   -0.47          -0.15    -0.18  0.08    0.00    -0.20  0.11      0.28  -0.04 -0.10  0.12   -0.20 -0.06  -0.13  0.66  0.63  0.01   1.00  0.36        0.22  0.47
GBP           -0.75    -0.25        -0.15    0.20          -0.04     0.23  0.16    0.41     0.04  0.43      0.68   0.34  0.41  0.40   -0.14  0.00   0.02  0.27  0.09  0.43   0.36  1.00        0.44  0.34
GOLD_micro    -0.41    -0.05         0.07   -0.01           0.36     0.13  0.24    0.17     0.18  0.35      0.53   0.31  0.28  0.40    0.04  0.12   0.22  0.38  0.31  0.50   0.22  0.44        1.00  0.26
JPY           -0.70    -0.25        -0.27   -0.71          -0.30    -0.30  0.09   -0.12    -0.05 -0.19      0.07  -0.16 -0.16  0.00   -0.15  0.23   0.21  0.31  0.41  0.37   0.47  0.34        0.26  1.00


********************************************************************************
                                 END OF REPORT                                  
********************************************************************************


