
********************************************************************************
                    Risk report produced on 16/06/2023 22:52                    
********************************************************************************


Total risk across all strategies, annualised percentage 12.2
Percentage of capital used for margin 65.3%

========================================
Risk per strategy, annualised percentage
========================================

                  risk
dynamic_TF_carry  12.2


===================
Risk by asset class
===================

Ags       3.7
Equity    3.1
FX        7.5
Metals    0.3
OilGas    6.1
Sector    2.3
Vol       2.7
dtype: float64


=====================================================
Beta loadings of asset class positions on asset class
=====================================================

FX       -0.63
OilGas   -0.07
Vol      -0.06
Metals    0.01
Ags       0.03
Sector    0.13
Equity    0.18
dtype: float64


========================================================
Beta loadings of full portfolio positions on asset class
========================================================

FX       -0.24
Vol      -0.16
OilGas   -0.03
Metals   -0.03
Ags       0.12
Equity    0.21
Sector    0.23
dtype: float64


=================================================================================================================================================================================================================================================================
                                                                                                                         Instrument risk                                                                                                                         
=================================================================================================================================================================================================================================================================

             daily_price_stdev  annual_price_stdev     price  daily_perc_stdev  annual_perc_stdev  point_size_base  contract_exposure  daily_risk_per_contract  annual_risk_per_contract  position  capital  exposure_held_perc_capital  annual_risk_perc_capital
GAS-PEN                  0.140               2.247      2.60              5.39               86.3           7821.1              20366                     1098                     17575        -1   347621                        -5.9                      -5.1
JPY                      0.000               0.001      0.01              0.60                9.5        9776317.8              69915                      416                      6662        -2   347621                       -40.2                      -3.8
CHF                      0.006               0.091      1.13              0.50                8.1          97763.2             110438                      555                      8891        -1   347621                       -31.8                      -2.6
LEANHOG                  1.585              25.354     92.90              1.71               27.3            312.8              29063                      495                      7931        -1   347621                        -8.4                      -2.3
VIX                      0.518               8.292     17.90              2.90               46.3            782.1              13999                      405                      6484        -1   347621                        -4.0                      -1.9
GAS_US_mini              0.132               2.107      2.72              4.85               77.6           1955.3               5308                      257                      4119        -1   347621                        -1.5                      -1.2
V2X                      0.584               9.351     16.15              3.62               57.9             85.6               1381                       50                       800        -4   347621                        -1.6                      -0.9
DOW                    275.583            4409.331  34640.00              0.80               12.7              0.4              13546                      107                      1724        -1   347621                        -3.9                      -0.5
RUSSELL                 26.376             422.009   1888.20              1.40               22.3              3.9               7383                      103                      1650        -1   347621                        -2.1                      -0.5
REDWHEAT                17.987             287.786    838.25              2.15               34.3             39.1              32779                      703                     11253         0   347621                         0.0                       0.0
EU-BANKS                 1.439              23.031    104.45              1.38               22.0             42.8               4468                       61                       985         1   347621                         1.3                       0.3
BITCOIN                943.578           15097.248  26435.00              3.57               57.1              0.1               2067                       73                      1180         1   347621                         0.6                       0.3
MXP                      0.000               0.005      0.06              0.51                8.1         391052.7              22567                      114                      1833         1   347621                         6.5                       0.5
BRE                      0.002               0.025      0.21              0.74               11.9          78210.5              16209                      120                      1926         1   347621                         4.7                       0.6
EU-OIL                   4.278              68.446    337.80              1.27               20.3             42.8              14450                      183                      2928         1   347621                         4.2                       0.8
EU-AUTO                  8.146             130.334    648.20              1.26               20.1             42.8              27729                      348                      5575         1   347621                         8.0                       1.6
NIKKEI                 333.962            5343.391  33500.00              1.00               16.0              0.6              18621                      185                      2970         2   347621                        10.7                       1.7
CAC                     63.315            1013.033   7383.00              0.86               13.7              8.6              63167                      541                      8667         1   347621                        18.2                       2.5
CNH                      0.018               0.295      7.12              0.26                4.1          10971.1              78138                      202                      3237         3   347621                        67.4                       2.8
LIVECOW                  1.313              21.006    171.75              0.76               12.2            312.8              53730                      410                      6571         2   347621                        30.9                       3.8

Sum of abs(notional exposure % capital) 251.9
Sum of abs(annualised risk % capital) 33.7
Net sum of annualised risk % capital -3.9 

========================================================================================================================================================================
                                                                              Correlations                                                                              
========================================================================================================================================================================

              V2X   VIX  GAS-PEN  GAS_US_mini  LEANHOG  LIVECOW   CNH   CHF   JPY  REDWHEAT  BITCOIN   BRE   CAC   DOW  EU-AUTO  EU-BANKS  EU-OIL   MXP  NIKKEI  RUSSELL
V2X          1.00  0.80    -0.21        -0.29    -0.18    -0.45  0.12 -0.17  0.03     -0.08    -0.14 -0.45 -0.65 -0.65    -0.70     -0.68   -0.50 -0.55   -0.71    -0.72
VIX          0.80  1.00    -0.15        -0.25    -0.08    -0.50  0.02  0.05  0.14      0.08    -0.27 -0.46 -0.55 -0.66    -0.57     -0.62   -0.38 -0.48   -0.65    -0.72
GAS-PEN     -0.21 -0.15     1.00         0.82    -0.04     0.17  0.22 -0.02 -0.16     -0.02    -0.12 -0.01  0.16  0.16     0.04      0.17    0.24  0.18    0.27     0.16
GAS_US_mini -0.29 -0.25     0.82         1.00    -0.02     0.19  0.19  0.02 -0.15      0.09    -0.00  0.09  0.24  0.26     0.17      0.24    0.36  0.31    0.33     0.26
LEANHOG     -0.18 -0.08    -0.04        -0.02     1.00     0.32 -0.11  0.22 -0.02      0.07    -0.17  0.19  0.12  0.14     0.10      0.17    0.12  0.19    0.07     0.10
LIVECOW     -0.45 -0.50     0.17         0.19     0.32     1.00  0.15 -0.06 -0.15      0.09     0.00  0.18  0.19  0.31     0.24      0.37    0.13  0.32    0.30     0.32
CNH          0.12  0.02     0.22         0.19    -0.11     0.15  1.00 -0.72 -0.43     -0.10    -0.23 -0.21 -0.27 -0.22    -0.17     -0.07   -0.03 -0.07   -0.03    -0.23
CHF         -0.17  0.05    -0.02         0.02     0.22    -0.06 -0.72  1.00  0.50      0.03     0.20  0.16  0.33  0.29     0.20      0.20    0.06  0.17    0.14     0.21
JPY          0.03  0.14    -0.16        -0.15    -0.02    -0.15 -0.43  0.50  1.00      0.23     0.10  0.11 -0.01 -0.02    -0.07     -0.14   -0.11 -0.02   -0.32    -0.02
REDWHEAT    -0.08  0.08    -0.02         0.09     0.07     0.09 -0.10  0.03  0.23      1.00    -0.04  0.25 -0.04 -0.03    -0.05     -0.08    0.14  0.18   -0.11     0.07
BITCOIN     -0.14 -0.27    -0.12        -0.00    -0.17     0.00 -0.23  0.20  0.10     -0.04     1.00  0.24  0.41  0.44     0.20      0.17    0.07  0.10    0.25     0.46
BRE         -0.45 -0.46    -0.01         0.09     0.19     0.18 -0.21  0.16  0.11      0.25     0.24  1.00  0.34  0.38     0.28      0.38    0.48  0.38    0.28     0.42
CAC         -0.65 -0.55     0.16         0.24     0.12     0.19 -0.27  0.33 -0.01     -0.04     0.41  0.34  1.00  0.82     0.77      0.71    0.52  0.49    0.66     0.76
DOW         -0.65 -0.66     0.16         0.26     0.14     0.31 -0.22  0.29 -0.02     -0.03     0.44  0.38  0.82  1.00     0.59      0.58    0.47  0.47    0.66     0.84
EU-AUTO     -0.70 -0.57     0.04         0.17     0.10     0.24 -0.17  0.20 -0.07     -0.05     0.20  0.28  0.77  0.59     1.00      0.72    0.43  0.38    0.61     0.66
EU-BANKS    -0.68 -0.62     0.17         0.24     0.17     0.37 -0.07  0.20 -0.14     -0.08     0.17  0.38  0.71  0.58     0.72      1.00    0.47  0.39    0.52     0.61
EU-OIL      -0.50 -0.38     0.24         0.36     0.12     0.13 -0.03  0.06 -0.11      0.14     0.07  0.48  0.52  0.47     0.43      0.47    1.00  0.33    0.41     0.48
MXP         -0.55 -0.48     0.18         0.31     0.19     0.32 -0.07  0.17 -0.02      0.18     0.10  0.38  0.49  0.47     0.38      0.39    0.33  1.00    0.42     0.43
NIKKEI      -0.71 -0.65     0.27         0.33     0.07     0.30 -0.03  0.14 -0.32     -0.11     0.25  0.28  0.66  0.66     0.61      0.52    0.41  0.42    1.00     0.67
RUSSELL     -0.72 -0.72     0.16         0.26     0.10     0.32 -0.23  0.21 -0.02      0.07     0.46  0.42  0.76  0.84     0.66      0.61    0.48  0.43    0.67     1.00


********************************************************************************
                                 END OF REPORT                                  
********************************************************************************


