
********************************************************************************
                    Risk report produced on 05/03/2025 22:53                    
********************************************************************************


Total risk across all strategies, annualised percentage 10.6
Percentage of capital used for margin 71.0%

========================================
Risk per strategy, annualised percentage
========================================

                  risk
dynamic_TF_carry  10.6


===================
Risk by asset class
===================

Ags       3.4
Bond      1.3
Equity    6.4
FX        2.6
Metals    1.2
OilGas    2.3
Vol       2.2
dtype: float64


=====================================================
Beta loadings of asset class positions on asset class
=====================================================

FX       -0.14
OilGas   -0.09
Bond     -0.06
Vol      -0.05
Metals   -0.05
Ags       0.04
Equity    0.34
dtype: float64


========================================================
Beta loadings of full portfolio positions on asset class
========================================================

Vol      -0.09
OilGas   -0.09
FX       -0.07
Bond     -0.05
Metals    0.04
Ags       0.09
Equity    0.49
dtype: float64


==================================================================================================================================================================================================================================================================
                                                                                                                         Instrument risk                                                                                                                          
==================================================================================================================================================================================================================================================================

              daily_price_stdev  annual_price_stdev     price  daily_perc_stdev  annual_perc_stdev  point_size_base  contract_exposure  daily_risk_per_contract  annual_risk_per_contract  position  capital  exposure_held_perc_capital  annual_risk_perc_capital
CHF                       0.005               0.081      1.12              0.45                7.2          97663.9             109774                      492                      7874        -2   578231                       -38.0                      -2.7
LEANHOG                   1.503              24.050     94.62              1.59               25.4            312.5              29572                      469                      7516        -2   578231                       -10.2                      -2.6
BRENT-LAST                1.070              17.123     69.00              1.55               24.8            781.3              53910                      836                     13378        -1   578231                        -9.3                      -2.3
VIX                       0.508               8.129     20.00              2.54               40.6            781.3              15626                      396                      6351        -2   578231                        -5.4                      -2.2
BTP                       0.691              11.059    116.77              0.59                9.5            830.8              97007                      574                      9187        -1   578231                       -16.8                      -1.6
RUSSELL                  24.049             384.786   2104.70              1.14               18.3              3.9               8222                       93                      1503        -4   578231                        -5.7                      -1.0
SP500_micro              47.956             767.294   5853.00              0.82               13.1              3.9              22865                      187                      2997        -2   578231                        -7.9                      -1.0
BITCOIN                2307.904           36926.465  91010.00              2.54               40.6              0.1               7110                      180                      2885        -2   578231                        -2.5                      -1.0
COPPER-micro              0.076               1.214      4.81              1.58               25.2           1953.3               9404                      148                      2370        -2   578231                        -3.3                      -0.8
DOW                     321.528            5144.451  43076.00              0.75               11.9              0.4              16827                      125                      2009        -2   578231                        -5.8                      -0.7
CAD                       0.003               0.042      0.70              0.38                6.0          78131.1              54539                      205                      3280        -1   578231                        -9.4                      -0.6
EUR_micro                 0.006               0.102      1.09              0.59                9.4           9766.4              10597                       62                       996        -2   578231                        -3.7                      -0.3
MUMMY                     8.553             136.849    627.00              1.36               21.8              5.2               3272                       44                       714         1   578231                         0.6                       0.1
TOPIX                    20.302             324.835   2722.50              0.75               11.9              5.2              14207                      105                      1695         2   578231                         4.9                       0.6
CAD10                     0.548               8.766    124.51              0.44                7.0            541.9              67475                      296                      4750         1   578231                        11.7                       0.8
MSCISING                  3.141              50.260    399.45              0.79               12.6             58.4              23329                      183                      2935         3   578231                        12.1                       1.5
SMI                      92.754            1484.070  13079.00              0.71               11.3              8.8             114932                      815                     13041         1   578231                        19.9                       2.3
GBP                       0.006               0.097      1.29              0.47                7.5          48831.9              62968                      295                      4730         3   578231                        32.7                       2.5
FEEDCOW                   2.378              38.040    274.92              0.86               13.8            390.7             107400                      928                     14860         1   578231                        18.6                       2.6
MIB                     412.039            6592.616  38685.00              1.07               17.0              4.2             160689                     1711                     27384         1   578231                        27.8                       4.7

Sum of abs(notional exposure % capital) 246.3
Sum of abs(annualised risk % capital) 31.9
Net sum of annualised risk % capital -1.7 

=================================================================================================================================================================================
                                                                                  Correlations                                                                                   
=================================================================================================================================================================================

              BITCOIN   DOW   MIB  MSCISING  MUMMY  RUSSELL   SMI  SP500_micro  TOPIX  BRENT-LAST  COPPER-micro  FEEDCOW  LEANHOG   CAD  EUR_micro   GBP   BTP  CAD10   CHF   VIX
BITCOIN          1.00  0.46  0.24      0.43   0.27     0.59  0.12         0.50   0.33        0.02         -0.12     0.09    -0.03  0.11      -0.02  0.17  0.22   0.07 -0.23 -0.50
DOW              0.46  1.00  0.42      0.58   0.45     0.87  0.53         0.83   0.42       -0.16          0.03     0.22     0.15  0.28       0.05  0.25  0.30   0.07 -0.16 -0.70
MIB              0.24  0.42  1.00      0.50   0.43     0.39  0.59         0.45   0.54       -0.07          0.29     0.20    -0.01  0.20       0.30  0.38  0.11  -0.06 -0.10 -0.47
MSCISING         0.43  0.58  0.50      1.00   0.65     0.60  0.31         0.65   0.60        0.02          0.27     0.25     0.01  0.27       0.03  0.25  0.22   0.01 -0.27 -0.66
MUMMY            0.27  0.45  0.43      0.65   1.00     0.46  0.26         0.49   0.82        0.21          0.24     0.28     0.06  0.23      -0.03  0.11 -0.01  -0.20 -0.40 -0.62
RUSSELL          0.59  0.87  0.39      0.60   0.46     1.00  0.39         0.82   0.42       -0.04          0.10     0.13     0.17  0.37       0.07  0.30  0.34   0.02 -0.15 -0.65
SMI              0.12  0.53  0.59      0.31   0.26     0.39  1.00         0.44   0.33       -0.23          0.15     0.16     0.01  0.21       0.29  0.46  0.23   0.21  0.04 -0.31
SP500_micro      0.50  0.83  0.45      0.65   0.49     0.82  0.44         1.00   0.50       -0.02          0.13     0.19     0.08  0.37       0.08  0.34  0.30   0.02 -0.17 -0.79
TOPIX            0.33  0.42  0.54      0.60   0.82     0.42  0.33         0.50   1.00        0.18          0.11     0.35    -0.04  0.09       0.01  0.19 -0.05  -0.23 -0.48 -0.65
BRENT-LAST       0.02 -0.16 -0.07      0.02   0.21    -0.04 -0.23        -0.02   0.18        1.00          0.32     0.22     0.13  0.18      -0.10 -0.25 -0.24  -0.41 -0.21  0.10
COPPER-micro    -0.12  0.03  0.29      0.27   0.24     0.10  0.15         0.13   0.11        0.32          1.00     0.04     0.22  0.28       0.14  0.09  0.11  -0.11  0.01 -0.04
FEEDCOW          0.09  0.22  0.20      0.25   0.28     0.13  0.16         0.19   0.35        0.22          0.04     1.00     0.15 -0.06      -0.00 -0.06 -0.03  -0.28 -0.27 -0.19
LEANHOG         -0.03  0.15 -0.01      0.01   0.06     0.17  0.01         0.08  -0.04        0.13          0.22     0.15     1.00  0.26       0.12 -0.05 -0.04  -0.23  0.09 -0.04
CAD              0.11  0.28  0.20      0.27   0.23     0.37  0.21         0.37   0.09        0.18          0.28    -0.06     0.26  1.00       0.35  0.37  0.23  -0.01  0.34 -0.28
EUR_micro       -0.02  0.05  0.30      0.03  -0.03     0.07  0.29         0.08   0.01       -0.10          0.14    -0.00     0.12  0.35       1.00  0.76  0.11   0.21  0.60 -0.03
GBP              0.17  0.25  0.38      0.25   0.11     0.30  0.46         0.34   0.19       -0.25          0.09    -0.06    -0.05  0.37       0.76  1.00  0.31   0.44  0.52 -0.18
BTP              0.22  0.30  0.11      0.22  -0.01     0.34  0.23         0.30  -0.05       -0.24          0.11    -0.03    -0.04  0.23       0.11  0.31  1.00   0.61  0.26 -0.14
CAD10            0.07  0.07 -0.06      0.01  -0.20     0.02  0.21         0.02  -0.23       -0.41         -0.11    -0.28    -0.23 -0.01       0.21  0.44  0.61   1.00  0.42  0.05
CHF             -0.23 -0.16 -0.10     -0.27  -0.40    -0.15  0.04        -0.17  -0.48       -0.21          0.01    -0.27     0.09  0.34       0.60  0.52  0.26   0.42  1.00  0.33
VIX             -0.50 -0.70 -0.47     -0.66  -0.62    -0.65 -0.31        -0.79  -0.65        0.10         -0.04    -0.19    -0.04 -0.28      -0.03 -0.18 -0.14   0.05  0.33  1.00


********************************************************************************
                                 END OF REPORT                                  
********************************************************************************


