
********************************************************************************
                    Risk report produced on 16/10/2025 22:53                    
********************************************************************************


Total risk across all strategies, annualised percentage 15.3
Percentage of capital used for margin 42.6%

========================================
Risk per strategy, annualised percentage
========================================

                  risk
dynamic_TF_carry  15.3


===================
Risk by asset class
===================

Ags       3.7
Bond      3.7
Equity    9.6
FX        2.5
Metals    4.9
OilGas    4.0
dtype: float64


=====================================================
Beta loadings of asset class positions on asset class
=====================================================

OilGas   -0.13
FX        0.07
Ags       0.17
Metals    0.26
Equity    0.81
Bond      0.88
dtype: float64


========================================================
Beta loadings of full portfolio positions on asset class
========================================================

OilGas   -0.15
Ags       0.27
Metals    0.35
FX        0.87
Equity    0.91
Bond      0.94
dtype: float64


===================================================================================================================================================================================================================================================================
                                                                                                                          Instrument risk                                                                                                                          
===================================================================================================================================================================================================================================================================

               daily_price_stdev  annual_price_stdev     price  daily_perc_stdev  annual_perc_stdev  point_size_base  contract_exposure  daily_risk_per_contract  annual_risk_per_contract  position  capital  exposure_held_perc_capital  annual_risk_perc_capital
GASOILINE                  0.027               0.440      1.75              1.57               25.2          31299.7              54690                      859                     13759        -1   629530                        -8.7                      -2.2
GAS-PEN                    0.092               1.473      2.93              3.14               50.2           7452.3              21857                      686                     10980        -1   629530                        -3.5                      -1.7
SP500_micro               60.906             974.496   6664.25              0.91               14.6              3.7              24832                      226                      3631        -2   629530                        -7.9                      -1.2
JPY                        0.000               0.001      0.01              0.64               10.2        9315393.1              62343                      399                      6384        -1   629530                        -9.9                      -1.0
GAS_US_mini                0.092               1.473      2.94              3.13               50.1           1863.1               5477                      171                      2745        -2   629530                        -1.7                      -0.9
WHEAT                      6.132              98.112    502.50              1.22               19.5             37.3              18723                      228                      3655        -1   629530                        -3.0                      -0.6
RICE                       0.150               2.397     10.96              1.37               21.9           1490.5              16342                      223                      3572        -1   629530                        -2.6                      -0.6
KRWUSD_mini                0.004               0.060      0.71              0.53                8.6          18630.8              13140                       70                      1124        -3   629530                        -6.3                      -0.5
CRUDE_W_micro              1.039              16.618     56.97              1.82               29.2             74.5               4245                       77                      1238        -2   629530                        -1.3                      -0.4
EUR_micro                  0.005               0.076      1.17              0.41                6.5           9315.4              10927                       44                       711        -1   629530                        -1.7                      -0.1
MXP                        0.000               0.004      0.05              0.51                8.1         372615.7              20091                      101                      1628         1   629530                         3.2                       0.3
BRE                        0.001               0.023      0.18              0.78               12.4          74523.1              13626                      105                      1690         1   629530                         2.2                       0.3
FTSECHINAA               229.064            3665.017  15064.00              1.52               24.3              0.7              11226                      170                      2731         1   629530                         1.8                       0.4
GBP                        0.005               0.086      1.34              0.40                6.4          46577.0              62585                      249                      3994         1   629530                         9.9                       0.6
US10U                      0.406               6.491    116.67              0.35                5.6            745.2              86947                      302                      4837         1   629530                        13.8                       0.8
LEANHOG                    1.111              17.770     82.55              1.35               21.5            298.1              24607                      331                      5296         1   629530                         3.9                       0.8
TOPIX                     36.246             579.942   3196.50              1.13               18.1              4.9              15770                      178                      2861         2   629530                         5.0                       0.9
YENEUR                     0.810              12.967    175.29              0.46                7.4            616.7             108105                      499                      7996         1   629530                        17.2                       1.3
GOLD_micro                39.094             625.498   4307.00              0.91               14.5              7.5              32097                      291                      4661         2   629530                        10.2                       1.5
SILVER                     0.870              13.926     52.74              1.65               26.4            745.2              39299                      648                     10378         1   629530                         6.2                       1.6
OAT                        0.373               5.971    123.34              0.30                4.8            869.0             107183                      324                      5189         2   629530                        34.1                       1.6
CAD10                      0.336               5.382    123.29              0.27                4.4            531.1              65477                      178                      2858         4   629530                        41.6                       1.8
MSCITAIWAN                13.279             212.462   1206.00              1.10               17.6             74.5              89874                      989                     15833         1   629530                        14.3                       2.5
PLAT                      27.455             439.277   1734.10              1.58               25.3             37.3              64615                     1023                     16368         1   629530                        10.3                       2.6
FEEDCOW                    3.543              56.693    380.98              0.93               14.9            372.6             141957                     1320                     21124         1   629530                        22.5                       3.4
AEX                        8.935             142.961    959.30              0.93               14.9            173.8             166727                     1552                     24846         1   629530                        26.5                       3.9
MIB                      370.675            5930.796  41945.00              0.88               14.1              4.3             182252                     1610                     25769         1   629530                        29.0                       4.1

Sum of abs(notional exposure % capital) 298.3
Sum of abs(annualised risk % capital) 37.6
Net sum of annualised risk % capital 19.2 

==========================================================================================================================================================================================================================================================
                                                                                                                       Correlations                                                                                                                       
==========================================================================================================================================================================================================================================================

               EUR_micro   GBP  KRWUSD_mini  CAD10   JPY   OAT  US10U  GAS-PEN  GAS_US_mini  LEANHOG  RICE  WHEAT  GOLD_micro  PLAT  SILVER   AEX   BRE  CRUDE_W_micro  FEEDCOW  FTSECHINAA  GASOILINE   MIB  MSCITAIWAN   MXP  SP500_micro  TOPIX  YENEUR
EUR_micro           1.00  0.76         0.52   0.20  0.59  0.04   0.26    -0.19        -0.18     0.15  0.19   0.31        0.29  0.24    0.16 -0.17  0.22          -0.14    -0.08        0.11      -0.18 -0.01        0.02  0.40        -0.10  -0.09    0.13
GBP                 0.76  1.00         0.46   0.39  0.40  0.17   0.30    -0.16        -0.09     0.13  0.06   0.13        0.33  0.29    0.29  0.24  0.34          -0.02    -0.00        0.26      -0.05  0.38        0.33  0.42         0.30   0.33    0.18
KRWUSD_mini         0.52  0.46         1.00   0.18  0.48  0.19   0.15    -0.03        -0.00     0.12  0.28   0.27        0.34  0.23    0.11  0.11  0.15          -0.00    -0.12        0.09      -0.00  0.16        0.14  0.25         0.11   0.08   -0.13
CAD10               0.20  0.39         0.18   1.00  0.49  0.63   0.77     0.03         0.00    -0.07 -0.08  -0.13        0.24  0.02    0.10  0.09  0.14          -0.15    -0.28       -0.08      -0.19  0.08        0.08 -0.05         0.09  -0.02   -0.44
JPY                 0.59  0.40         0.48   0.49  1.00  0.40   0.51    -0.23        -0.26     0.11  0.20   0.21        0.22 -0.02   -0.06 -0.30 -0.07          -0.27    -0.31       -0.12      -0.30 -0.19       -0.28 -0.07        -0.24  -0.44   -0.70
OAT                 0.04  0.17         0.19   0.63  0.40  1.00   0.58    -0.18        -0.22    -0.14 -0.13  -0.05        0.40  0.03    0.14  0.08 -0.06          -0.23    -0.21       -0.21      -0.23 -0.02       -0.02  0.01         0.04  -0.14   -0.48
US10U               0.26  0.30         0.15   0.77  0.51  0.58   1.00     0.04         0.02    -0.06 -0.13  -0.09        0.25 -0.02    0.07 -0.02  0.19          -0.15    -0.15       -0.12      -0.18  0.04        0.00 -0.03         0.03  -0.12   -0.43
GAS-PEN            -0.19 -0.16        -0.03   0.03 -0.23 -0.18   0.04     1.00         0.94    -0.02 -0.03   0.03       -0.06 -0.11   -0.02  0.05  0.13           0.17    -0.28       -0.01       0.14 -0.01        0.04 -0.07         0.04   0.13    0.11
GAS_US_mini        -0.18 -0.09        -0.00   0.00 -0.26 -0.22   0.02     0.94         1.00     0.05 -0.03   0.10        0.03 -0.03    0.08  0.18  0.25           0.30    -0.19        0.10       0.27  0.16        0.14  0.01         0.17   0.20    0.16
LEANHOG             0.15  0.13         0.12  -0.07  0.11 -0.14  -0.06    -0.02         0.05     1.00  0.13   0.24        0.16  0.14    0.22  0.14  0.40           0.31     0.18        0.32       0.26  0.24        0.11  0.26         0.35   0.12    0.03
RICE                0.19  0.06         0.28  -0.08  0.20 -0.13  -0.13    -0.03        -0.03     0.13  1.00   0.13       -0.05  0.04   -0.01 -0.08 -0.07          -0.05     0.00       -0.16      -0.04 -0.04       -0.08 -0.11        -0.14  -0.13   -0.11
WHEAT               0.31  0.13         0.27  -0.13  0.21 -0.05  -0.09     0.03         0.10     0.24  0.13   1.00        0.20  0.19    0.20 -0.01  0.16           0.14    -0.13        0.28       0.16  0.05       -0.06  0.19        -0.05  -0.15    0.00
GOLD_micro          0.29  0.33         0.34   0.24  0.22  0.40   0.25    -0.06         0.03     0.16 -0.05   0.20        1.00  0.41    0.70  0.21  0.16           0.18     0.12        0.15       0.16  0.16        0.16  0.25         0.17   0.00   -0.00
PLAT                0.24  0.29         0.23   0.02 -0.02  0.03  -0.02    -0.11        -0.03     0.14  0.04   0.19        0.41  1.00    0.67  0.43  0.26           0.15     0.21        0.28       0.13  0.34        0.41  0.40         0.37   0.13    0.21
SILVER              0.16  0.29         0.11   0.10 -0.06  0.14   0.07    -0.02         0.08     0.22 -0.01   0.20        0.70  0.67    1.00  0.45  0.34           0.35     0.35        0.32       0.33  0.42        0.45  0.44         0.45   0.22    0.22
AEX                -0.17  0.24         0.11   0.09 -0.30  0.08  -0.02     0.05         0.18     0.14 -0.08  -0.01        0.21  0.43    0.45  1.00  0.36           0.36     0.26        0.41       0.38  0.79        0.73  0.31         0.76   0.59    0.21
BRE                 0.22  0.34         0.15   0.14 -0.07 -0.06   0.19     0.13         0.25     0.40 -0.07   0.16        0.16  0.26    0.34  0.36  1.00           0.42     0.22        0.40       0.40  0.47        0.38  0.58         0.50   0.36    0.28
CRUDE_W_micro      -0.14 -0.02        -0.00  -0.15 -0.27 -0.23  -0.15     0.17         0.30     0.31 -0.05   0.14        0.18  0.15    0.35  0.36  0.42           1.00     0.23        0.37       0.97  0.39        0.36  0.29         0.42   0.30    0.21
FEEDCOW            -0.08 -0.00        -0.12  -0.28 -0.31 -0.21  -0.15    -0.28        -0.19     0.18  0.00  -0.13        0.12  0.21    0.35  0.26  0.22           0.23     1.00        0.26       0.23  0.35        0.21  0.25         0.30   0.25    0.30
FTSECHINAA          0.11  0.26         0.09  -0.08 -0.12 -0.21  -0.12    -0.01         0.10     0.32 -0.16   0.28        0.15  0.28    0.32  0.41  0.40           0.37     0.26        1.00       0.36  0.46        0.37  0.39         0.44   0.40    0.27
GASOILINE          -0.18 -0.05        -0.00  -0.19 -0.30 -0.23  -0.18     0.14         0.27     0.26 -0.04   0.16        0.16  0.13    0.33  0.38  0.40           0.97     0.23        0.36       1.00  0.41        0.36  0.27         0.41   0.30    0.20
MIB                -0.01  0.38         0.16   0.08 -0.19 -0.02   0.04    -0.01         0.16     0.24 -0.04   0.05        0.16  0.34    0.42  0.79  0.47           0.39     0.35        0.46       0.41  1.00        0.68  0.41         0.79   0.69    0.22
MSCITAIWAN          0.02  0.33         0.14   0.08 -0.28 -0.02   0.00     0.04         0.14     0.11 -0.08  -0.06        0.16  0.41    0.45  0.73  0.38           0.36     0.21        0.37       0.36  0.68        1.00  0.40         0.74   0.68    0.35
MXP                 0.40  0.42         0.25  -0.05 -0.07  0.01  -0.03    -0.07         0.01     0.26 -0.11   0.19        0.25  0.40    0.44  0.31  0.58           0.29     0.25        0.39       0.27  0.41        0.40  1.00         0.40   0.34    0.44
SP500_micro        -0.10  0.30         0.11   0.09 -0.24  0.04   0.03     0.04         0.17     0.35 -0.14  -0.05        0.17  0.37    0.45  0.76  0.50           0.42     0.30        0.44       0.41  0.79        0.74  0.40         1.00   0.65    0.21
TOPIX              -0.09  0.33         0.08  -0.02 -0.44 -0.14  -0.12     0.13         0.20     0.12 -0.13  -0.15        0.00  0.13    0.22  0.59  0.36           0.30     0.25        0.40       0.30  0.69        0.68  0.34         0.65   1.00    0.46
YENEUR              0.13  0.18        -0.13  -0.44 -0.70 -0.48  -0.43     0.11         0.16     0.03 -0.11   0.00       -0.00  0.21    0.22  0.21  0.28           0.21     0.30        0.27       0.20  0.22        0.35  0.44         0.21   0.46    1.00


********************************************************************************
                                 END OF REPORT                                  
********************************************************************************


