
********************************************************************************
                    Risk report produced on 25/11/2025 22:53                    
********************************************************************************


Total risk across all strategies, annualised percentage 8.5
Percentage of capital used for margin 40.6%

========================================
Risk per strategy, annualised percentage
========================================

                  risk
dynamic_TF_carry   8.5


===================
Risk by asset class
===================

Ags       0.6
Bond      1.6
Equity    5.0
FX        5.1
Metals    2.2
OilGas    0.9
Sector    0.9
dtype: float64


=====================================================
Beta loadings of asset class positions on asset class
=====================================================

FX       -0.17
Metals   -0.04
OilGas   -0.03
Ags      -0.03
Sector    0.04
Bond      0.13
Equity    0.37
dtype: float64


========================================================
Beta loadings of full portfolio positions on asset class
========================================================

Bond     -0.22
Ags      -0.08
OilGas   -0.01
FX       -0.01
Metals   -0.01
Sector    0.17
Equity    0.41
dtype: float64


===================================================================================================================================================================================================================================================================
                                                                                                                          Instrument risk                                                                                                                          
===================================================================================================================================================================================================================================================================

               daily_price_stdev  annual_price_stdev     price  daily_perc_stdev  annual_perc_stdev  point_size_base  contract_exposure  daily_risk_per_contract  annual_risk_per_contract  position  capital  exposure_held_perc_capital  annual_risk_perc_capital
JPY                        0.000               0.001      0.01              0.56                8.9        9537652.7              61298                      342                      5478        -3   607009                       -30.3                      -2.7
BITCOIN                 2713.803           43420.843  87280.00              3.11               49.7              0.1               6659                      207                      3313        -4   607009                        -4.4                      -2.2
DAX                      217.593            3481.480  23507.00              0.93               14.8              0.9              20660                      191                      3059        -3   607009                       -10.2                      -1.5
KR10                       0.347               5.549    114.42              0.30                4.8            514.5              58864                      178                      2854        -3   607009                       -29.1                      -1.4
SP500_micro               60.331             965.303   6772.50              0.89               14.3              3.8              25837                      230                      3682        -2   607009                        -8.5                      -1.2
KRWUSD_mini                0.004               0.057      0.68              0.52                8.4          19075.3              12954                       67                      1081        -4   607009                        -8.5                      -0.7
RICE                       0.161               2.581     10.23              1.58               25.2           1526.0              15611                      246                      3938        -1   607009                        -2.6                      -0.6
CRUDE_W_micro              1.002              16.026     57.61              1.74               27.8             76.3               4395                       76                      1222        -3   607009                        -2.2                      -0.6
GAS_US_mini                0.111               1.774      4.47              2.48               39.6           1907.5               8536                      211                      3383        -1   607009                        -1.4                      -0.6
EUR_micro                  0.004               0.062      1.16              0.33                5.3           9537.7              11101                       36                       588        -3   607009                        -5.5                      -0.3
AUD_micro                  0.003               0.046      0.65              0.44                7.1           7630.1               4940                       21                       348         4   607009                         3.3                       0.2
FTSECHINAA               169.468            2711.492  14908.00              1.14               18.2              0.8              11374                      129                      2068         1   607009                         1.9                       0.3
MXP                        0.000               0.004      0.05              0.50                7.9         381506.1              20715                      102                      1646         2   607009                         6.8                       0.5
EU-BASIC                   7.928             126.841    591.30              1.34               21.5             43.9              25984                      348                      5574         1   607009                         4.3                       0.9
TOPIX                     36.224             579.582   3297.75              1.10               17.6              4.9              16058                      176                      2822         2   607009                         5.3                       0.9
NIKKEI                   779.239           12467.823  48820.00              1.60               25.5              0.5              23773                      379                      6071         1   607009                         3.9                       1.0
OAT                        0.309               4.948    122.89              0.25                4.0            878.9             108009                      271                      4348         2   607009                        35.6                       1.4
KOSPI_mini                10.752             172.036    544.54              1.97               31.6             25.7              14007                      276                      4425         2   607009                         4.6                       1.5
YENEUR                     0.754              12.066    180.36              0.42                6.7            608.7             109785                      459                      7344         2   607009                        36.2                       2.4
MIB                      393.552            6296.838  42825.00              0.92               14.7              4.4             188196                     1729                     27671         1   607009                        31.0                       4.6

Sum of abs(notional exposure % capital) 235.6
Sum of abs(annualised risk % capital) 25.5
Net sum of annualised risk % capital 1.9 

=====================================================================================================================================================================================================
                                                                                            Correlations                                                                                             
=====================================================================================================================================================================================================

               AUD_micro  BITCOIN   DAX  EU-BASIC  FTSECHINAA  KOSPI_mini   MIB   MXP  NIKKEI  SP500_micro  TOPIX  CRUDE_W_micro  YENEUR  GAS_US_mini  RICE  KR10   OAT  EUR_micro   JPY  KRWUSD_mini
AUD_micro           1.00     0.27  0.41      0.61        0.40        0.42  0.42  0.43    0.38         0.56   0.39           0.07    0.17         0.12  0.26 -0.07 -0.17       0.56  0.29         0.56
BITCOIN             0.27     1.00  0.40      0.25        0.16        0.31  0.28  0.09    0.25         0.30   0.14          -0.04   -0.08         0.01 -0.01  0.02 -0.07       0.12  0.15         0.21
DAX                 0.41     0.40  1.00      0.75        0.29        0.49  0.84  0.28    0.52         0.56   0.59           0.02    0.21         0.09  0.11  0.00 -0.10       0.08 -0.10         0.09
EU-BASIC            0.61     0.25  0.75      1.00        0.46        0.56  0.74  0.35    0.57         0.63   0.61           0.16    0.18         0.04  0.17 -0.14 -0.13       0.12 -0.05         0.13
FTSECHINAA          0.40     0.16  0.29      0.46        1.00        0.24  0.34  0.34    0.16         0.39   0.27           0.16    0.09         0.10 -0.08  0.01 -0.08       0.18  0.06         0.15
KOSPI_mini          0.42     0.31  0.49      0.56        0.24        1.00  0.48  0.13    0.62         0.47   0.44           0.17    0.13         0.15  0.07  0.01 -0.06       0.03 -0.11         0.14
MIB                 0.42     0.28  0.84      0.74        0.34        0.48  1.00  0.26    0.51         0.58   0.61           0.16    0.10         0.02  0.13 -0.14 -0.03      -0.01 -0.09         0.09
MXP                 0.43     0.09  0.28      0.35        0.34        0.13  0.26  1.00    0.13         0.27   0.19           0.12    0.29        -0.01 -0.04 -0.01 -0.07       0.42  0.08         0.20
NIKKEI              0.38     0.25  0.52      0.57        0.16        0.62  0.51  0.13    1.00         0.52   0.86           0.09    0.27         0.01 -0.00 -0.05 -0.07      -0.07 -0.28         0.04
SP500_micro         0.56     0.30  0.56      0.63        0.39        0.47  0.58  0.27    0.52         1.00   0.52           0.13    0.13        -0.01  0.12  0.09  0.01       0.03 -0.08         0.21
TOPIX               0.39     0.14  0.59      0.61        0.27        0.44  0.61  0.19    0.86         0.52   1.00           0.16    0.32        -0.01 -0.05 -0.13 -0.10      -0.04 -0.29        -0.07
CRUDE_W_micro       0.07    -0.04  0.02      0.16        0.16        0.17  0.16  0.12    0.09         0.13   0.16           1.00    0.20         0.10 -0.04 -0.22 -0.20      -0.20 -0.32        -0.21
YENEUR              0.17    -0.08  0.21      0.18        0.09        0.13  0.10  0.29    0.27         0.13   0.32           0.20    1.00         0.08  0.01 -0.28 -0.49       0.22 -0.67        -0.14
GAS_US_mini         0.12     0.01  0.09      0.04        0.10        0.15  0.02 -0.01    0.01        -0.01  -0.01           0.10    0.08         1.00  0.10 -0.23 -0.33       0.00 -0.09         0.13
RICE                0.26    -0.01  0.11      0.17       -0.08        0.07  0.13 -0.04   -0.00         0.12  -0.05          -0.04    0.01         0.10  1.00  0.08 -0.15       0.20  0.13         0.24
KR10               -0.07     0.02  0.00     -0.14        0.01        0.01 -0.14 -0.01   -0.05         0.09  -0.13          -0.22   -0.28        -0.23  0.08  1.00  0.35      -0.03  0.21         0.08
OAT                -0.17    -0.07 -0.10     -0.13       -0.08       -0.06 -0.03 -0.07   -0.07         0.01  -0.10          -0.20   -0.49        -0.33 -0.15  0.35  1.00      -0.25  0.22         0.04
EUR_micro           0.56     0.12  0.08      0.12        0.18        0.03 -0.01  0.42   -0.07         0.03  -0.04          -0.20    0.22         0.00  0.20 -0.03 -0.25       1.00  0.55         0.56
JPY                 0.29     0.15 -0.10     -0.05        0.06       -0.11 -0.09  0.08   -0.28        -0.08  -0.29          -0.32   -0.67        -0.09  0.13  0.21  0.22       0.55  1.00         0.55
KRWUSD_mini         0.56     0.21  0.09      0.13        0.15        0.14  0.09  0.20    0.04         0.21  -0.07          -0.21   -0.14         0.13  0.24  0.08  0.04       0.56  0.55         1.00


********************************************************************************
                                 END OF REPORT                                  
********************************************************************************


