
********************************************************************************
                    Risk report produced on 08/05/2026 22:53                    
********************************************************************************


Total risk across all strategies, annualised percentage 13.3
Percentage of capital used for margin 37.8%

========================================
Risk per strategy, annualised percentage
========================================

                  risk
dynamic_TF_carry  13.3


===================
Risk by asset class
===================

Ags       1.9
Bond      2.0
Equity    7.5
FX        2.8
Metals    1.6
OilGas    5.3
Other     0.2
Sector    1.8
Vol       0.1
dtype: float64


=====================================================
Beta loadings of asset class positions on asset class
=====================================================

Bond     -0.31
Metals   -0.04
Vol      -0.00
Other     0.01
Ags       0.07
OilGas    0.09
Sector    0.09
FX        0.14
Equity    0.45
dtype: float64


========================================================
Beta loadings of full portfolio positions on asset class
========================================================

Vol      -0.13
Metals    0.04
Bond      0.05
OilGas    0.06
Other     0.12
FX        0.25
Ags       0.31
Sector    0.34
Equity    0.38
dtype: float64


===================================================================================================================================================================================================================================================================
                                                                                                                          Instrument risk                                                                                                                          
===================================================================================================================================================================================================================================================================

               daily_price_stdev  annual_price_stdev     price  daily_perc_stdev  annual_perc_stdev  point_size_base  contract_exposure  daily_risk_per_contract  annual_risk_per_contract  position  capital  exposure_held_perc_capital  annual_risk_perc_capital
GAS-PEN                    0.094               1.500      2.77              3.39               54.2           7366.3              20397                      690                     11051        -1   691581                        -2.9                      -1.6
BITCOIN                 1819.655           29114.478  80290.00              2.27               36.3              0.1               5914                      134                      2144        -5   691581                        -4.3                      -1.6
LEANHOG                    1.101              17.612    103.22              1.07               17.1            294.7              30415                      324                      5189        -2   691581                        -8.8                      -1.5
CHF                        0.006               0.100      1.29              0.48                7.7          92079.3             119076                      573                      9172        -1   691581                       -17.2                      -1.3
BTP                        0.592               9.471    118.19              0.50                8.0            864.7             102198                      511                      8189        -1   691581                       -14.8                      -1.2
KR10                       0.470               7.521    108.66              0.43                6.9            500.8              54419                      235                      3766        -2   691581                       -15.7                      -1.1
JPY                        0.000               0.001      0.01              0.63               10.1        9207933.6              58939                      373                      5979        -1   691581                        -8.5                      -0.9
DOW                      444.835            7117.367  49613.00              0.90               14.3              0.4              18273                      163                      2621        -2   691581                        -5.3                      -0.8
DAX                      303.680            4858.880  24383.00              1.25               19.9              0.9              21083                      262                      4201        -1   691581                        -3.0                      -0.6
HANGENT_mini             106.098            1697.575   8844.00              1.20               19.2              0.9               8323                       99                      1597        -1   691581                        -1.2                      -0.2
EUR_micro                  0.004               0.069      1.18              0.37                5.9           9207.9              10865                       39                       638        -2   691581                        -3.1                      -0.2
V2X                        0.584               9.343     21.85              2.67               42.8             86.5               1889                       50                       807        -1   691581                        -0.3                      -0.1
RUBBER                     2.359              37.737    223.00              1.06               16.9             36.8               8213                       86                      1389         1   691581                         1.2                       0.2
MUMMY                     12.360             197.754    810.00              1.53               24.4              4.7               3804                       58                       928         2   691581                         1.1                       0.3
AUD_micro                  0.004               0.062      0.72              0.53                8.5           7366.3               5332                       28                       455         5   691581                         3.9                       0.3
CORN                       4.240              67.837    493.50              0.86               13.7             36.8              18176                      156                      2498         1   691581                         2.6                       0.4
CAD                        0.002               0.034      0.73              0.29                4.7          73663.5              53943                      157                      2513         1   691581                         7.8                       0.4
CRUDE_W_micro              2.521              40.338     88.07              2.86               45.8             73.7               6487                      185                      2971         1   691581                         0.9                       0.4
CANOLA                     8.949             143.191    754.70              1.19               19.0             10.8               8142                       96                      1544         2   691581                         2.4                       0.4
MXP                        0.000               0.005      0.06              0.57                9.1         368317.3              21355                      121                      1945         2   691581                         6.2                       0.6
NZD                        0.004               0.060      0.60              0.63               10.0          73663.5              43966                      274                      4398         1   691581                         6.4                       0.6
EU-OIL                     7.705             123.281    524.50              1.47               23.5             43.2              22676                      333                      5330         1   691581                         3.3                       0.8
RUSSELL                   33.206             531.291   2864.60              1.16               18.5              3.7              10550                      122                      1956         4   691581                         6.1                       1.1
YENEUR                     0.888              14.203    184.33              0.48                7.7            587.1             108227                      521                      8339         1   691581                        15.6                       1.2
GBP                        0.006               0.092      1.36              0.42                6.7          46039.7              62729                      263                      4212         2   691581                        18.1                       1.2
EU-BASIC                  13.345             213.526    824.00              1.62               25.9             43.2              35625                      576                      9231         1   691581                         5.2                       1.3
LIVECOW                    2.071              33.143    249.18              0.83               13.3            294.7              73420                      610                      9765         1   691581                        10.6                       1.4
MSCIEMASIA                17.198             275.163   1153.20              1.49               23.9             73.7              84948                     1266                     20269         1   691581                        12.3                       2.9
GASOILINE                  0.070               1.127      3.37              2.09               33.5          30938.7             104269                     2180                     34880         1   691581                        15.1                       5.0
MIB                      532.741            8523.849  48625.00              1.10               17.5              4.3             210229                     2303                     36852         1   691581                        30.4                       5.3

Sum of abs(notional exposure % capital) 234.3
Sum of abs(annualised risk % capital) 34.9
Net sum of annualised risk % capital 12.7 

===================================================================================================================================================================================================================================================================
                                                                                                                           Correlations                                                                                                                            
===================================================================================================================================================================================================================================================================

               CANOLA  CORN  CRUDE_W_micro  EU-OIL  GAS-PEN  GASOILINE  LEANHOG  LIVECOW  RUBBER  YENEUR   BTP   CAD   CHF  EUR_micro   JPY  KR10  AUD_micro  BITCOIN   DAX   DOW  EU-BASIC   GBP  HANGENT_mini   MIB  MSCIEMASIA  MUMMY   MXP   NZD  RUSSELL   V2X
CANOLA           1.00  0.35           0.31    0.13     0.16       0.36     0.12    -0.10    0.12   -0.03 -0.12  0.01 -0.10      -0.15 -0.10 -0.23      -0.10    -0.05 -0.23 -0.14     -0.15 -0.19          0.05 -0.14       -0.10   0.01 -0.12 -0.10    -0.16  0.23
CORN             0.35  1.00           0.26    0.24     0.15       0.34     0.12    -0.07    0.24   -0.12 -0.29  0.23  0.04      -0.03  0.06 -0.34       0.19     0.08 -0.19 -0.04     -0.06 -0.02          0.15 -0.07        0.06  -0.04 -0.04  0.15    -0.10  0.22
CRUDE_W_micro    0.31  0.26           1.00    0.68     0.24       0.94     0.17     0.11    0.28    0.08 -0.16  0.11 -0.24      -0.23 -0.24 -0.15       0.28     0.27  0.12  0.07      0.14 -0.13          0.13  0.24        0.23   0.24  0.04  0.02     0.06 -0.01
EU-OIL           0.13  0.24           0.68    1.00     0.17       0.70     0.20     0.26    0.36    0.08 -0.21 -0.13 -0.38      -0.27 -0.28 -0.25       0.23     0.20  0.23  0.19      0.38 -0.09          0.09  0.40        0.32   0.12  0.10  0.03     0.17 -0.15
GAS-PEN          0.16  0.15           0.24    0.17     1.00       0.25    -0.06    -0.18   -0.00   -0.07 -0.14  0.13  0.03      -0.05 -0.01 -0.00       0.10     0.18 -0.03 -0.07     -0.05 -0.01          0.21 -0.08        0.07   0.10 -0.05  0.02    -0.11  0.08
GASOILINE        0.36  0.34           0.94    0.70     0.25       1.00     0.10     0.12    0.28    0.04 -0.26  0.04 -0.31      -0.29 -0.26 -0.25       0.19     0.26  0.06  0.05      0.06 -0.20          0.10  0.18        0.20   0.14 -0.02 -0.06     0.05  0.07
LEANHOG          0.12  0.12           0.17    0.20    -0.06       0.10     1.00     0.16    0.16    0.05 -0.02  0.14  0.01       0.06  0.02 -0.09       0.22     0.02  0.13  0.27      0.27  0.08          0.16  0.22        0.10   0.20  0.18  0.12     0.27 -0.06
LIVECOW         -0.10 -0.07           0.11    0.26    -0.18       0.12     0.16     1.00    0.18    0.10 -0.05 -0.08 -0.14       0.02 -0.05 -0.08       0.12     0.17  0.25  0.15      0.14  0.13         -0.10  0.30        0.21   0.05  0.19  0.11     0.13 -0.20
RUBBER           0.12  0.24           0.28    0.36    -0.00       0.28     0.16     0.18    1.00   -0.05  0.10  0.14 -0.02       0.07  0.09 -0.03       0.40     0.08  0.32  0.34      0.50  0.20          0.22  0.40        0.42   0.12  0.12  0.25     0.24 -0.17
YENEUR          -0.03 -0.12           0.08    0.08    -0.07       0.04     0.05     0.10   -0.05    1.00 -0.18  0.05 -0.09       0.11 -0.64 -0.23       0.10     0.06  0.17  0.13      0.26  0.13          0.13  0.22        0.18   0.19  0.38  0.12     0.19 -0.31
BTP             -0.12 -0.29          -0.16   -0.21    -0.14      -0.26    -0.02    -0.05    0.10   -0.18  1.00  0.17  0.32       0.21  0.28  0.48       0.27     0.08  0.52  0.42      0.40  0.26          0.30  0.39        0.45   0.26  0.30  0.25     0.37 -0.43
CAD              0.01  0.23           0.11   -0.13     0.13       0.04     0.14    -0.08    0.14    0.05  0.17  1.00  0.71       0.62  0.45  0.11       0.68     0.18  0.14  0.17      0.18  0.60          0.32  0.13        0.34   0.28  0.47  0.73     0.16 -0.18
CHF             -0.10  0.04          -0.24   -0.38     0.03      -0.31     0.01    -0.14   -0.02   -0.09  0.32  0.71  1.00       0.84  0.71  0.30       0.50     0.07  0.08  0.09      0.13  0.71          0.34  0.04        0.32   0.03  0.44  0.67     0.04 -0.18
EUR_micro       -0.15 -0.03          -0.23   -0.27    -0.05      -0.29     0.06     0.02    0.07    0.11  0.21  0.62  0.84       1.00  0.67  0.22       0.56     0.06  0.17  0.15      0.24  0.82          0.35  0.18        0.39   0.06  0.61  0.71     0.13 -0.30
JPY             -0.10  0.06          -0.24   -0.28    -0.01      -0.26     0.02    -0.05    0.09   -0.64  0.28  0.45  0.71       0.67  1.00  0.33       0.35    -0.01 -0.00  0.02     -0.02  0.53          0.17 -0.04        0.15  -0.10  0.18  0.46    -0.05  0.00
KR10            -0.23 -0.34          -0.15   -0.25    -0.00      -0.25    -0.09    -0.08   -0.03   -0.23  0.48  0.11  0.30       0.22  0.33  1.00       0.15     0.17  0.19  0.18      0.08  0.23          0.12  0.02        0.10   0.12  0.04  0.08     0.18 -0.13
AUD_micro       -0.10  0.19           0.28    0.23     0.10       0.19     0.22     0.12    0.40    0.10  0.27  0.68  0.50       0.56  0.35  0.15       1.00     0.29  0.48  0.52      0.53  0.69          0.45  0.53        0.70   0.37  0.58  0.87     0.42 -0.48
BITCOIN         -0.05  0.08           0.27    0.20     0.18       0.26     0.02     0.17    0.08    0.06  0.08  0.18  0.07       0.06 -0.01  0.17       0.29     1.00  0.37  0.33      0.22  0.26          0.17  0.28        0.37   0.27  0.16  0.23     0.42 -0.33
DAX             -0.23 -0.19           0.12    0.23    -0.03       0.06     0.13     0.25    0.32    0.17  0.52  0.14  0.08       0.17 -0.00  0.19       0.48     0.37  1.00  0.69      0.72  0.38          0.51  0.86        0.76   0.56  0.46  0.36     0.66 -0.75
DOW             -0.14 -0.04           0.07    0.19    -0.07       0.05     0.27     0.15    0.34    0.13  0.42  0.17  0.09       0.15  0.02  0.18       0.52     0.33  0.69  1.00      0.61  0.33          0.31  0.72        0.64   0.40  0.35  0.39     0.85 -0.70
EU-BASIC        -0.15 -0.06           0.14    0.38    -0.05       0.06     0.27     0.14    0.50    0.26  0.40  0.18  0.13       0.24 -0.02  0.08       0.53     0.22  0.72  0.61      1.00  0.39          0.41  0.77        0.70   0.28  0.50  0.42     0.62 -0.67
GBP             -0.19 -0.02          -0.13   -0.09    -0.01      -0.20     0.08     0.13    0.20    0.13  0.26  0.60  0.71       0.82  0.53  0.23       0.69     0.26  0.38  0.33      0.39  1.00          0.34  0.37        0.54   0.22  0.62  0.81     0.33 -0.47
HANGENT_mini     0.05  0.15           0.13    0.09     0.21       0.10     0.16    -0.10    0.22    0.13  0.30  0.32  0.34       0.35  0.17  0.12       0.45     0.17  0.51  0.31      0.41  0.34          1.00  0.45        0.52   0.43  0.39  0.35     0.20 -0.30
MIB             -0.14 -0.07           0.24    0.40    -0.08       0.18     0.22     0.30    0.40    0.22  0.39  0.13  0.04       0.18 -0.04  0.02       0.53     0.28  0.86  0.72      0.77  0.37          0.45  1.00        0.77   0.49  0.49  0.39     0.64 -0.79
MSCIEMASIA      -0.10  0.06           0.23    0.32     0.07       0.20     0.10     0.21    0.42    0.18  0.45  0.34  0.32       0.39  0.15  0.10       0.70     0.37  0.76  0.64      0.70  0.54          0.52  0.77        1.00   0.38  0.58  0.61     0.60 -0.74
MUMMY            0.01 -0.04           0.24    0.12     0.10       0.14     0.20     0.05    0.12    0.19  0.26  0.28  0.03       0.06 -0.10  0.12       0.37     0.27  0.56  0.40      0.28  0.22          0.43  0.49        0.38   1.00  0.28  0.28     0.40 -0.39
MXP             -0.12 -0.04           0.04    0.10    -0.05      -0.02     0.18     0.19    0.12    0.38  0.30  0.47  0.44       0.61  0.18  0.04       0.58     0.16  0.46  0.35      0.50  0.62          0.39  0.49        0.58   0.28  1.00  0.61     0.41 -0.55
NZD             -0.10  0.15           0.02    0.03     0.02      -0.06     0.12     0.11    0.25    0.12  0.25  0.73  0.67       0.71  0.46  0.08       0.87     0.23  0.36  0.39      0.42  0.81          0.35  0.39        0.61   0.28  0.61  1.00     0.33 -0.45
RUSSELL         -0.16 -0.10           0.06    0.17    -0.11       0.05     0.27     0.13    0.24    0.19  0.37  0.16  0.04       0.13 -0.05  0.18       0.42     0.42  0.66  0.85      0.62  0.33          0.20  0.64        0.60   0.40  0.41  0.33     1.00 -0.69
V2X              0.23  0.22          -0.01   -0.15     0.08       0.07    -0.06    -0.20   -0.17   -0.31 -0.43 -0.18 -0.18      -0.30  0.00 -0.13      -0.48    -0.33 -0.75 -0.70     -0.67 -0.47         -0.30 -0.79       -0.74  -0.39 -0.55 -0.45    -0.69  1.00


********************************************************************************
                                 END OF REPORT                                  
********************************************************************************


