
********************************************************************************
                    Risk report produced on 07/10/2024 22:52                    
********************************************************************************


Total risk across all strategies, annualised percentage 13.3
Percentage of capital used for margin 70.2%

========================================
Risk per strategy, annualised percentage
========================================

                  risk
dynamic_TF_carry  13.3


===================
Risk by asset class
===================

Ags        2.6
Bond       1.4
Equity    11.7
FX         1.5
Metals     1.5
OilGas     2.0
Sector     1.1
dtype: float64


=====================================================
Beta loadings of asset class positions on asset class
=====================================================

OilGas   -0.04
Sector   -0.04
FX       -0.00
Ags       0.03
Metals    0.03
Bond      0.23
Equity    0.82
dtype: float64


========================================================
Beta loadings of full portfolio positions on asset class
========================================================

OilGas   -0.02
Ags       0.07
Metals    0.20
Bond      0.20
Sector    0.30
FX        0.57
Equity    0.86
dtype: float64


==================================================================================================================================================================================================================================================================
                                                                                                                         Instrument risk                                                                                                                          
==================================================================================================================================================================================================================================================================

              daily_price_stdev  annual_price_stdev     price  daily_perc_stdev  annual_perc_stdev  point_size_base  contract_exposure  daily_risk_per_contract  annual_risk_per_contract  position  capital  exposure_held_perc_capital  annual_risk_perc_capital
CHINAA-CON               38.423             614.763   2556.40              1.50               24.0             19.1              48760                      732                     11725        -1   572133                        -8.5                      -2.0
GAS-PEN                   0.092               1.472      2.74              3.36               53.7           7629.5              20912                      701                     11230        -1   572133                        -3.7                      -2.0
JPY                       0.000               0.001      0.01              0.84               13.4        9536888.7              64989                      543                      8698        -1   572133                       -11.4                      -1.5
SOYMEAL                   5.338              85.403    323.30              1.65               26.4             76.3              24666                      407                      6515        -1   572133                        -4.3                      -1.1
EU-AUTO                   9.419             150.697    561.70              1.68               26.8             41.8              23500                      394                      6304        -1   572133                        -4.1                      -1.1
COTTON2                   0.996              15.943     73.59              1.35               21.7            381.5              28072                      380                      6082        -1   572133                        -4.9                      -1.1
BITCOIN                1674.005           26784.076  63610.00              2.63               42.1              0.1               4853                      127                      2043        -2   572133                        -1.7                      -0.7
CORN                      4.929              78.869    426.50              1.16               18.5             38.1              16269                      188                      3008        -1   572133                        -2.8                      -0.5
IRON                      2.303              36.846    110.40              2.09               33.4             76.3               8422                      175                      2811        -1   572133                        -1.5                      -0.5
CANOLA                    9.769             156.296    639.80              1.53               24.4             11.2               7185                      109                      1755        -1   572133                        -1.3                      -0.3
MUMMY                    13.965             223.437    636.00              2.20               35.1              5.1               3268                       71                      1148         1   572133                         0.6                       0.2
BRE                       0.001               0.022      0.18              0.76               12.2          76295.1              13859                      105                      1695         1   572133                         2.4                       0.3
GOLD_micro               19.196             307.135   2661.60              0.72               11.5              7.6              20306                      146                      2343         1   572133                         3.5                       0.4
SP500_micro              42.832             685.306   5740.25              0.75               11.9              3.8              21897                      163                      2614         1   572133                         3.8                       0.5
DOW                     271.956            4351.302  42222.00              0.64               10.3              0.4              16106                      103                      1659         2   572133                         5.6                       0.6
GBP                       0.006               0.100      1.31              0.48                7.7          47684.4              62328                      299                      4785         1   572133                        10.9                       0.8
SUGAR11                   0.353               5.652     20.87              1.69               27.1            854.5              17833                      301                      4829         1   572133                         3.1                       0.8
NASDAQ_micro            211.520            3384.317  20014.50              1.06               16.9              1.5              30540                      322                      5164         1   572133                         5.3                       0.9
MSCISING                  2.894              46.310    341.35              0.85               13.6             58.5              19954                      169                      2707         2   572133                         7.0                       0.9
LIVECOW                   1.192              19.078    188.38              0.63               10.1            305.2              57488                      363                      5822         1   572133                        10.0                       1.0
SILVER                    0.528               8.445     31.90              1.65               26.5            763.0              24338                      402                      6443         1   572133                         4.3                       1.1
KR10                      0.439               7.021    116.33              0.38                6.0            572.8              66632                      251                      4021         2   572133                        23.3                       1.4
LEANHOG                   0.998              15.962     76.88              1.30               20.8            305.2              23460                      304                      4871         2   572133                         8.2                       1.7
MSCITAIWAN               13.183             210.928    934.90              1.41               22.6             76.3              71328                     1005                     16092         1   572133                        12.5                       2.8
MIB                     314.249            5027.984  33665.00              0.93               14.9              4.2             140849                     1314                     21036         1   572133                        24.6                       3.7
MSCIEAFA                 22.047             352.757   2436.00              0.91               14.5             38.1              92927                      841                     13456         2   572133                        32.5                       4.7

Sum of abs(notional exposure % capital) 201.8
Sum of abs(annualised risk % capital) 32.6
Net sum of annualised risk % capital 11.0 

==============================================================================================================================================================================================================================================
                                                                                                                 Correlations                                                                                                                 
==============================================================================================================================================================================================================================================

               DOW  EU-AUTO   GBP   MIB  MSCIEAFA  MSCISING  MSCITAIWAN  MUMMY  NASDAQ_micro  SP500_micro  CHINAA-CON  IRON  LEANHOG  LIVECOW   BRE  CANOLA  CORN  GAS-PEN  SOYMEAL  SUGAR11   JPY  KR10  BITCOIN  COTTON2  GOLD_micro  SILVER
DOW           1.00     0.51  0.35  0.61      0.68      0.42        0.41   0.53          0.65         0.82        0.15  0.02     0.27     0.19  0.24    0.07  0.01     0.06    -0.06     0.22  0.03  0.33     0.10     0.27        0.32    0.27
EU-AUTO       0.51     1.00  0.46  0.79      0.63      0.32        0.37   0.39          0.41         0.49        0.02 -0.06     0.21     0.05  0.24    0.12 -0.14    -0.25    -0.16     0.14 -0.05  0.12     0.18     0.19        0.20    0.24
GBP           0.35     0.46  1.00  0.48      0.58      0.30        0.30   0.25          0.40         0.39       -0.13 -0.12     0.03    -0.03  0.28    0.07 -0.06    -0.03    -0.03     0.14  0.35  0.16     0.16     0.07        0.34    0.37
MIB           0.61     0.79  0.48  1.00      0.76      0.47        0.45   0.38          0.45         0.55        0.05  0.03     0.26     0.18  0.24    0.23 -0.06    -0.13    -0.04     0.15 -0.02  0.13     0.16     0.23        0.31    0.38
MSCIEAFA      0.68     0.63  0.58  0.76      1.00      0.57        0.56   0.44          0.63         0.70        0.06  0.06     0.21     0.10  0.33    0.07 -0.04     0.02    -0.07     0.20  0.07  0.31     0.17     0.23        0.35    0.38
MSCISING      0.42     0.32  0.30  0.47      0.57      1.00        0.58   0.43          0.53         0.56        0.29 -0.02     0.17     0.17  0.13   -0.11 -0.02    -0.03    -0.06     0.13 -0.02  0.19     0.07     0.16        0.11    0.26
MSCITAIWAN    0.41     0.37  0.30  0.45      0.56      0.58        1.00   0.42          0.62         0.62        0.25  0.21    -0.03     0.21 -0.03   -0.20 -0.04     0.08    -0.22     0.11 -0.16  0.22     0.10     0.14        0.35    0.48
MUMMY         0.53     0.39  0.25  0.38      0.44      0.43        0.42   1.00          0.45         0.52        0.23  0.08     0.19     0.11 -0.12    0.02  0.01    -0.07    -0.04     0.24 -0.15  0.14     0.15     0.31        0.09    0.04
NASDAQ_micro  0.65     0.41  0.40  0.45      0.63      0.53        0.62   0.45          1.00         0.94        0.02  0.05     0.04     0.23  0.24   -0.14  0.02     0.22    -0.11     0.12 -0.13  0.29     0.05     0.21        0.23    0.33
SP500_micro   0.82     0.49  0.39  0.55      0.70      0.56        0.62   0.52          0.94         1.00        0.11  0.02     0.18     0.26  0.24   -0.08  0.01     0.15    -0.11     0.16 -0.08  0.31     0.08     0.27        0.27    0.35
CHINAA-CON    0.15     0.02 -0.13  0.05      0.06      0.29        0.25   0.23          0.02         0.11        1.00  0.16     0.22     0.16 -0.04    0.11  0.12     0.00    -0.00     0.10 -0.19  0.11    -0.07     0.07       -0.01    0.11
IRON          0.02    -0.06 -0.12  0.03      0.06     -0.02        0.21   0.08          0.05         0.02        0.16  1.00     0.10     0.10 -0.08    0.14  0.08    -0.08     0.13     0.03 -0.13  0.02    -0.04     0.16        0.14    0.20
LEANHOG       0.27     0.21  0.03  0.26      0.21      0.17       -0.03   0.19          0.04         0.18        0.22  0.10     1.00     0.35  0.03    0.23  0.09    -0.17     0.05     0.09 -0.02 -0.02     0.17     0.21       -0.02    0.10
LIVECOW       0.19     0.05 -0.03  0.18      0.10      0.17        0.21   0.11          0.23         0.26        0.16  0.10     0.35     1.00  0.02    0.30  0.21     0.16     0.19     0.17 -0.34 -0.06    -0.18     0.09       -0.09    0.09
BRE           0.24     0.24  0.28  0.24      0.33      0.13       -0.03  -0.12          0.24         0.24       -0.04 -0.08     0.03     0.02  1.00    0.21  0.18     0.12     0.22     0.20  0.04  0.07    -0.00     0.13        0.05    0.20
CANOLA        0.07     0.12  0.07  0.23      0.07     -0.11       -0.20   0.02         -0.14        -0.08        0.11  0.14     0.23     0.30  0.21    1.00  0.42     0.08     0.54     0.39 -0.23 -0.24    -0.14     0.06       -0.11   -0.02
CORN          0.01    -0.14 -0.06 -0.06     -0.04     -0.02       -0.04   0.01          0.02         0.01        0.12  0.08     0.09     0.21  0.18    0.42  1.00     0.25     0.60     0.08 -0.09 -0.02    -0.02    -0.07       -0.14   -0.07
GAS-PEN       0.06    -0.25 -0.03 -0.13      0.02     -0.03        0.08  -0.07          0.22         0.15        0.00 -0.08    -0.17     0.16  0.12    0.08  0.25     1.00     0.09    -0.00 -0.33  0.08    -0.23    -0.01       -0.03   -0.01
SOYMEAL      -0.06    -0.16 -0.03 -0.04     -0.07     -0.06       -0.22  -0.04         -0.11        -0.11       -0.00  0.13     0.05     0.19  0.22    0.54  0.60     0.09     1.00     0.21  0.02 -0.01    -0.11    -0.11       -0.11   -0.03
SUGAR11       0.22     0.14  0.14  0.15      0.20      0.13        0.11   0.24          0.12         0.16        0.10  0.03     0.09     0.17  0.20    0.39  0.08    -0.00     0.21     1.00 -0.10 -0.12    -0.10     0.19        0.06    0.06
JPY           0.03    -0.05  0.35 -0.02      0.07     -0.02       -0.16  -0.15         -0.13        -0.08       -0.19 -0.13    -0.02    -0.34  0.04   -0.23 -0.09    -0.33     0.02    -0.10  1.00  0.32     0.20    -0.10        0.23    0.06
KR10          0.33     0.12  0.16  0.13      0.31      0.19        0.22   0.14          0.29         0.31        0.11  0.02    -0.02    -0.06  0.07   -0.24 -0.02     0.08    -0.01    -0.12  0.32  1.00     0.11    -0.04        0.18    0.10
BITCOIN       0.10     0.18  0.16  0.16      0.17      0.07        0.10   0.15          0.05         0.08       -0.07 -0.04     0.17    -0.18 -0.00   -0.14 -0.02    -0.23    -0.11    -0.10  0.20  0.11     1.00     0.28        0.23    0.12
COTTON2       0.27     0.19  0.07  0.23      0.23      0.16        0.14   0.31          0.21         0.27        0.07  0.16     0.21     0.09  0.13    0.06 -0.07    -0.01    -0.11     0.19 -0.10 -0.04     0.28     1.00        0.08    0.15
GOLD_micro    0.32     0.20  0.34  0.31      0.35      0.11        0.35   0.09          0.23         0.27       -0.01  0.14    -0.02    -0.09  0.05   -0.11 -0.14    -0.03    -0.11     0.06  0.23  0.18     0.23     0.08        1.00    0.77
SILVER        0.27     0.24  0.37  0.38      0.38      0.26        0.48   0.04          0.33         0.35        0.11  0.20     0.10     0.09  0.20   -0.02 -0.07    -0.01    -0.03     0.06  0.06  0.10     0.12     0.15        0.77    1.00


********************************************************************************
                                 END OF REPORT                                  
********************************************************************************


