
********************************************************************************
                    Risk report produced on 23/01/2026 22:53                    
********************************************************************************


Total risk across all strategies, annualised percentage 17.9
Percentage of capital used for margin 41.7%

========================================
Risk per strategy, annualised percentage
========================================

                  risk
dynamic_TF_carry  17.9


===================
Risk by asset class
===================

Ags        1.5
Bond       1.4
Equity    13.5
FX         4.5
Metals     4.4
OilGas     2.5
dtype: float64


=====================================================
Beta loadings of asset class positions on asset class
=====================================================

Bond     -0.24
OilGas   -0.04
Ags       0.04
Metals    0.06
FX        0.10
Equity    1.34
dtype: float64


========================================================
Beta loadings of full portfolio positions on asset class
========================================================

Bond     -0.82
OilGas   -0.00
Metals    0.29
Ags       0.42
FX        1.23
Equity    1.49
dtype: float64


===================================================================================================================================================================================================================================================================
                                                                                                                          Instrument risk                                                                                                                          
===================================================================================================================================================================================================================================================================

               daily_price_stdev  annual_price_stdev     price  daily_perc_stdev  annual_perc_stdev  point_size_base  contract_exposure  daily_risk_per_contract  annual_risk_per_contract  position  capital  exposure_held_perc_capital  annual_risk_perc_capital
GAS-PEN                    0.149               2.386      3.60              4.14               66.2           7411.9              26704                     1105                     17687        -1   700121                        -3.8                      -2.5
JPY                        0.000               0.001      0.01              0.58                9.2        9264818.2              59697                      343                      5502        -3   700121                       -25.6                      -2.4
BITCOIN                 2297.322           36757.144  89940.00              2.55               40.9              0.1               6666                      170                      2724        -4   700121                        -3.8                      -1.6
KR10                       0.416               6.660    110.99              0.38                6.0            503.2              55847                      209                      3351        -3   700121                       -23.9                      -1.4
DOW                      359.781            5756.498  49243.00              0.73               11.7              0.4              18249                      133                      2133        -2   700121                        -5.2                      -0.6
RICE                       0.168               2.685     10.69              1.57               25.1           1482.4              15846                      248                      3980        -1   700121                        -2.3                      -0.6
WHEAT                      5.986              95.775    584.50              1.02               16.4             37.1              21661                      221                      3549        -1   700121                        -3.1                      -0.5
KRWUSD_mini                0.004               0.062      0.68              0.57                9.1          18529.6              12631                       72                      1152        -2   700121                        -3.6                      -0.3
EUR_micro                  0.004               0.065      1.18              0.34                5.5           9264.8              10976                       37                       603        -3   700121                        -4.7                      -0.3
AUD_micro                  0.003               0.049      0.69              0.45                7.1           7411.9               5103                       22                       364         1   700121                         0.7                       0.1
CRUDE_W_micro              1.061              16.982     60.80              1.75               27.9             74.1               4506                       78                      1258         1   700121                         0.6                       0.2
MXP                        0.000               0.004      0.06              0.40                6.4         370592.7              21231                       85                      1363         2   700121                         6.1                       0.4
FTSECHINAA               118.733            1899.733  14865.00              0.80               12.8              0.7              11017                       88                      1408         2   700121                         3.1                       0.4
BRE                        0.001               0.017      0.19              0.57                9.1          74118.5              14015                       80                      1282         3   700121                         6.0                       0.5
RUSSELL                   28.449             455.182   2679.50              1.06               17.0              3.7               9930                      105                      1686         4   700121                         5.7                       1.0
TOPIX                     35.032             560.520   3628.25              0.97               15.4              4.7              16925                      163                      2614         3   700121                         7.3                       1.1
GBP                        0.005               0.085      1.36              0.39                6.3          46324.1              63139                      247                      3960         2   700121                        18.0                       1.1
LEANHOG                    1.041              16.656     96.22              1.08               17.3            296.5              28528                      308                      4937         2   700121                         8.1                       1.4
SMI                       87.957            1407.317  13040.00              0.67               10.8              9.4             122276                      824                     13196         1   700121                        17.5                       1.9
YENEUR                     0.892              14.271    183.86              0.49                7.8            583.1             107213                      520                      8321         2   700121                        30.6                       2.4
MSCITAIWAN                14.109             225.745   1403.30              1.01               16.1             74.1             104010                     1045                     16731         1   700121                        14.9                       2.4
MSCIEAFA                  19.147             306.344   3014.80              0.64               10.2             37.1             111726                      709                     11352         2   700121                        31.9                       3.2
MIB                      336.290            5380.643  44895.00              0.75               12.0              4.4             195379                     1463                     23416         1   700121                        27.9                       3.3
AEX                        8.791             140.659   1000.00              0.88               14.1            174.1             174077                     1530                     24485         1   700121                        24.9                       3.5
SILVER                     2.643              42.282    102.51              2.58               41.2            741.2              75978                     1958                     31338         1   700121                        10.9                       4.5

Sum of abs(notional exposure % capital) 290.2
Sum of abs(annualised risk % capital) 37.6
Net sum of annualised risk % capital 17.2 

===============================================================================================================================================================================================================================
                                                                                                         Correlations                                                                                                          
===============================================================================================================================================================================================================================

                AEX  AUD_micro  BITCOIN   BRE   DOW  FTSECHINAA   MIB  MSCIEAFA  MSCITAIWAN   MXP  RUSSELL   SMI  TOPIX  GAS-PEN  WHEAT  CRUDE_W_micro  YENEUR   JPY  KR10  EUR_micro   GBP  KRWUSD_mini  LEANHOG  RICE  SILVER
AEX            1.00       0.38     0.38  0.30  0.41        0.39  0.83      0.62        0.75  0.11     0.35  0.73   0.66    -0.08   0.06           0.39    0.03 -0.06  0.00      -0.02  0.28         0.23     0.30  0.03    0.28
AUD_micro      0.38       1.00     0.22  0.46  0.39        0.38  0.35      0.61        0.49  0.40     0.40  0.32   0.38     0.14   0.23          -0.02    0.11  0.36 -0.10       0.60  0.66         0.62     0.30  0.25    0.30
BITCOIN        0.38       0.22     1.00  0.20  0.49        0.17  0.35      0.45        0.39  0.05     0.45  0.26   0.34    -0.02  -0.03           0.19    0.10 -0.09  0.01       0.00  0.16         0.12     0.11  0.17    0.21
BRE            0.30       0.46     0.20  1.00  0.40        0.23  0.27      0.39        0.31  0.41     0.33  0.20   0.29     0.34   0.25           0.22    0.13  0.03 -0.11       0.19  0.23         0.19     0.09  0.02    0.08
DOW            0.41       0.39     0.49  0.40  1.00        0.27  0.41      0.69        0.40  0.23     0.82  0.34   0.43     0.00   0.00           0.11   -0.03  0.01  0.01       0.02  0.21         0.08     0.17  0.12    0.27
FTSECHINAA     0.39       0.38     0.17  0.23  0.27        1.00  0.39      0.29        0.28  0.18     0.15  0.26   0.26     0.02   0.14           0.08    0.12 -0.06  0.05       0.07  0.24         0.21     0.18  0.03    0.10
MIB            0.83       0.35     0.35  0.27  0.41        0.39  1.00      0.62        0.62  0.14     0.24  0.81   0.64    -0.12   0.01           0.28    0.06 -0.00  0.03       0.06  0.32         0.17     0.31 -0.02    0.24
MSCIEAFA       0.62       0.61     0.45  0.39  0.69        0.29  0.62      1.00        0.51  0.36     0.57  0.64   0.66    -0.08   0.04           0.02    0.10  0.22  0.09       0.40  0.61         0.34     0.21  0.11    0.44
MSCITAIWAN     0.75       0.49     0.39  0.31  0.40        0.28  0.62      0.51        1.00  0.22     0.41  0.55   0.67    -0.08  -0.08           0.33    0.19 -0.12  0.03       0.05  0.28         0.27     0.25  0.11    0.26
MXP            0.11       0.40     0.05  0.41  0.23        0.18  0.14      0.36        0.22  1.00     0.27  0.12   0.27    -0.07   0.01           0.04    0.35 -0.00 -0.05       0.36  0.32         0.16     0.26  0.04    0.32
RUSSELL        0.35       0.40     0.45  0.33  0.82        0.15  0.24      0.57        0.41  0.27     1.00  0.19   0.45    -0.17   0.03           0.15   -0.03 -0.01 -0.03       0.00  0.23         0.13     0.33  0.21    0.35
SMI            0.73       0.32     0.26  0.20  0.34        0.26  0.81      0.64        0.55  0.12     0.19  1.00   0.60    -0.07  -0.13           0.15    0.07  0.06  0.08       0.12  0.43         0.15     0.22 -0.06    0.38
TOPIX          0.66       0.38     0.34  0.29  0.43        0.26  0.64      0.66        0.67  0.27     0.45  0.60   1.00    -0.10   0.02           0.37    0.36 -0.27 -0.04       0.03  0.31         0.12     0.26  0.05    0.34
GAS-PEN       -0.08       0.14    -0.02  0.34  0.00        0.02 -0.12     -0.08       -0.08 -0.07    -0.17 -0.07  -0.10     1.00   0.25           0.04   -0.01 -0.06 -0.36      -0.07 -0.14        -0.06    -0.23 -0.03   -0.17
WHEAT          0.06       0.23    -0.03  0.25  0.00        0.14  0.01      0.04       -0.08  0.01     0.03 -0.13   0.02     0.25   1.00           0.31   -0.06  0.06 -0.31       0.02 -0.10         0.28     0.07  0.14    0.02
CRUDE_W_micro  0.39      -0.02     0.19  0.22  0.11        0.08  0.28      0.02        0.33  0.04     0.15  0.15   0.37     0.04   0.31           1.00    0.14 -0.41 -0.23      -0.41 -0.29        -0.04     0.23  0.04    0.12
YENEUR         0.03       0.11     0.10  0.13 -0.03        0.12  0.06      0.10        0.19  0.35    -0.03  0.07   0.36    -0.01  -0.06           0.14    1.00 -0.65 -0.17       0.14  0.07        -0.15    -0.05 -0.06    0.19
JPY           -0.06       0.36    -0.09  0.03  0.01       -0.06 -0.00      0.22       -0.12 -0.00    -0.01  0.06  -0.27    -0.06   0.06          -0.41   -0.65  1.00  0.27       0.64  0.52         0.45     0.15  0.11    0.03
KR10           0.00      -0.10     0.01 -0.11  0.01        0.05  0.03      0.09        0.03 -0.05    -0.03  0.08  -0.04    -0.36  -0.31          -0.23   -0.17  0.27  1.00       0.17  0.23         0.18    -0.01 -0.12   -0.08
EUR_micro     -0.02       0.60     0.00  0.19  0.02        0.07  0.06      0.40        0.05  0.36     0.00  0.12   0.03    -0.07   0.02          -0.41    0.14  0.64  0.17       1.00  0.76         0.47     0.15  0.13    0.22
GBP            0.28       0.66     0.16  0.23  0.21        0.24  0.32      0.61        0.28  0.32     0.23  0.43   0.31    -0.14  -0.10          -0.29    0.07  0.52  0.23       0.76  1.00         0.54     0.28  0.19    0.32
KRWUSD_mini    0.23       0.62     0.12  0.19  0.08        0.21  0.17      0.34        0.27  0.16     0.13  0.15   0.12    -0.06   0.28          -0.04   -0.15  0.45  0.18       0.47  0.54         1.00     0.20  0.18    0.06
LEANHOG        0.30       0.30     0.11  0.09  0.17        0.18  0.31      0.21        0.25  0.26     0.33  0.22   0.26    -0.23   0.07           0.23   -0.05  0.15 -0.01       0.15  0.28         0.20     1.00  0.27    0.27
RICE           0.03       0.25     0.17  0.02  0.12        0.03 -0.02      0.11        0.11  0.04     0.21 -0.06   0.05    -0.03   0.14           0.04   -0.06  0.11 -0.12       0.13  0.19         0.18     0.27  1.00    0.29
SILVER         0.28       0.30     0.21  0.08  0.27        0.10  0.24      0.44        0.26  0.32     0.35  0.38   0.34    -0.17   0.02           0.12    0.19  0.03 -0.08       0.22  0.32         0.06     0.27  0.29    1.00


********************************************************************************
                                 END OF REPORT                                  
********************************************************************************


