
********************************************************************************
                    Risk report produced on 09/02/2026 22:53                    
********************************************************************************


Total risk across all strategies, annualised percentage 14.3
Percentage of capital used for margin 40.4%

========================================
Risk per strategy, annualised percentage
========================================

                  risk
dynamic_TF_carry  14.2


===================
Risk by asset class
===================

Ags        2.5
Bond       1.8
Equity    11.0
FX         3.8
Metals     3.9
OilGas     2.1
Sector     1.2
dtype: float64


=====================================================
Beta loadings of asset class positions on asset class
=====================================================

Bond     -0.15
Metals   -0.05
Sector    0.05
Ags       0.06
OilGas    0.07
FX        0.47
Equity    0.85
dtype: float64


========================================================
Beta loadings of full portfolio positions on asset class
========================================================

Bond     -0.96
Metals    0.07
OilGas    0.15
Sector    0.42
Ags       0.50
Equity    1.05
FX        1.33
dtype: float64


=================================================================================================================================================================================================================================================================
                                                                                                                         Instrument risk                                                                                                                         
=================================================================================================================================================================================================================================================================

             daily_price_stdev  annual_price_stdev     price  daily_perc_stdev  annual_perc_stdev  point_size_base  contract_exposure  daily_risk_per_contract  annual_risk_per_contract  position  capital  exposure_held_perc_capital  annual_risk_perc_capital
BITCOIN               3298.381           52774.096  71225.00              4.63               74.1              0.1               5231                      242                      3876        -7   693345                        -5.3                      -3.9
KR10                     0.403               6.455    109.92              0.37                5.9            504.1              55406                      203                      3253        -4   693345                       -32.0                      -1.9
HANGTECH                90.092            1441.479   5407.00              1.67               26.7              4.7              25403                      423                      6772        -1   693345                        -3.7                      -1.0
JPY                      0.000               0.001      0.01              0.66               10.5        9181522.4              59115                      388                      6215        -1   693345                        -8.5                      -0.9
REDWHEAT                 7.144             114.305    554.75              1.29               20.6             36.7              20373                      262                      4197        -1   693345                        -2.9                      -0.6
WHEAT                    6.064              97.021    579.50              1.05               16.7             36.7              21282                      222                      3563        -1   693345                        -3.1                      -0.5
RICE                     0.146               2.335     11.18              1.30               20.9           1469.0              16431                      214                      3429        -1   693345                        -2.4                      -0.5
SP500_micro             54.081             865.292   6995.50              0.77               12.4              3.7              25691                      198                      3177        -1   693345                        -3.7                      -0.5
DAX                    210.036            3360.574  25062.00              0.84               13.4              0.9              21819                      182                      2925        -1   693345                        -3.1                      -0.4
KRWUSD_mini              0.004               0.070      0.68              0.64               10.3          18363.0              12536                       80                      1287        -2   693345                        -3.6                      -0.4
MUMMY                   10.776             172.419    702.00              1.54               24.6              4.7               3294                       50                       809         1   693345                         0.5                       0.1
BUND                     0.284               4.544    128.31              0.22                3.5            870.6             111708                      247                      3955         1   693345                        16.1                       0.6
NZD                      0.004               0.060      0.61              0.62                9.9          73452.2              44563                      276                      4418         1   693345                         6.4                       0.6
FTSECHINAA             125.882            2014.110  14978.00              0.84               13.4              0.7              11001                       92                      1479         3   693345                         4.8                       0.6
GBP                      0.007               0.108      1.37              0.49                7.9          45907.6              62870                      309                      4949         1   693345                         9.1                       0.7
BRE                      0.001               0.018      0.19              0.60                9.6          73452.2              14106                       84                      1358         4   693345                         8.1                       0.8
RUSSELL                 32.417             518.675   2700.90              1.20               19.2              3.7               9919                      119                      1904         3   693345                         4.3                       0.8
MXP                      0.000               0.006      0.06              0.64               10.3         367260.9              21290                      136                      2183         3   693345                         9.2                       0.9
CAD                      0.003               0.047      0.74              0.40                6.4          73452.2              54248                      216                      3467         2   693345                        15.6                       1.0
TOPIX                   50.562             808.988   3785.25              1.34               21.4              4.7              17764                      237                      3796         2   693345                         5.1                       1.1
EU-BASIC                12.340             197.446    774.80              1.59               25.5             43.5              33727                      537                      8594         1   693345                         4.9                       1.2
LEANHOG                  1.031              16.500     96.95              1.06               17.0            293.8              28484                      302                      4847         2   693345                         8.2                       1.4
LIVECOW                  2.077              33.237    234.38              0.89               14.2            293.8              68861                      610                      9765         1   693345                         9.9                       1.4
BRENT-LAST               1.226              19.617     67.83              1.81               28.9            734.5              49822                      900                     14409         1   693345                         7.2                       2.1
YENEUR                   0.784              12.546    185.44              0.42                6.8            586.6             108785                      459                      7359         2   693345                        31.4                       2.1
AEX                      8.211             131.383    997.55              0.82               13.2            174.1             173696                     1429                     22876         1   693345                        25.1                       3.3
MIB                    402.735            6443.759  46910.00              0.86               13.7              4.4             204202                     1753                     28050         1   693345                        29.5                       4.0
MSCIEAFA                28.405             454.473   3137.20              0.91               14.5             36.7             115217                     1043                     16691         2   693345                        33.2                       4.8

Sum of abs(notional exposure % capital) 296.9
Sum of abs(annualised risk % capital) 38.1
Net sum of annualised risk % capital 16.9 

==============================================================================================================================================================================================================================================
                                                                                                                 Correlations                                                                                                                 
==============================================================================================================================================================================================================================================

              CAD   GBP   JPY  KRWUSD_mini   NZD  BUND  KR10  BRENT-LAST  REDWHEAT  RICE  WHEAT   AEX  BITCOIN   BRE   DAX  EU-BASIC  FTSECHINAA  HANGTECH  LEANHOG  LIVECOW   MIB  MSCIEAFA  MUMMY   MXP  RUSSELL  SP500_micro  TOPIX  YENEUR
CAD          1.00  0.71  0.54         0.64  0.77  0.00  0.17        0.11      0.21  0.15   0.27  0.06     0.28  0.41 -0.02      0.28        0.13      0.35     0.04     0.12 -0.02      0.46  -0.01  0.50     0.15         0.27  -0.15   -0.01
GBP          0.71  1.00  0.73         0.67  0.80  0.05  0.26       -0.09      0.13  0.20   0.09  0.11     0.30  0.44  0.17      0.35        0.21      0.34     0.04     0.18  0.15      0.67   0.04  0.51     0.27         0.25  -0.10   -0.20
JPY          0.54  0.73  1.00         0.60  0.59  0.24  0.28       -0.11      0.21  0.17   0.18 -0.07     0.18  0.29 -0.09      0.11        0.07      0.28    -0.00     0.01 -0.05      0.38  -0.22  0.27     0.03         0.00  -0.44   -0.71
KRWUSD_mini  0.64  0.67  0.60         1.00  0.62  0.12  0.42        0.05      0.08  0.28   0.11  0.07     0.29  0.25  0.00      0.16        0.16      0.35     0.08     0.12  0.03      0.42   0.01  0.30     0.15         0.24  -0.16   -0.25
NZD          0.77  0.80  0.59         0.62  1.00  0.07  0.19        0.08      0.27  0.23   0.26  0.16     0.31  0.47  0.13      0.40        0.21      0.33     0.15     0.07  0.13      0.65   0.06  0.52     0.35         0.37  -0.00   -0.11
BUND         0.00  0.05  0.24         0.12  0.07  1.00  0.37        0.02     -0.02  0.17  -0.08  0.04    -0.02  0.01 -0.13     -0.12       -0.03     -0.05     0.02     0.08 -0.12      0.03   0.11  0.02     0.07        -0.01  -0.03   -0.41
KR10         0.17  0.26  0.28         0.42  0.19  0.37  1.00       -0.13     -0.12 -0.07  -0.17 -0.17     0.10 -0.03 -0.05     -0.21        0.05      0.06    -0.05     0.14 -0.10      0.06   0.08  0.08     0.04         0.03  -0.16   -0.21
BRENT-LAST   0.11 -0.09 -0.11         0.05  0.08  0.02 -0.13        1.00      0.48  0.24   0.48  0.27     0.11  0.29 -0.13      0.22        0.14     -0.00     0.18     0.07  0.06      0.05   0.26  0.16     0.13         0.22   0.08   -0.04
REDWHEAT     0.21  0.13  0.21         0.08  0.27 -0.02 -0.12        0.48      1.00  0.28   0.92 -0.05    -0.05  0.29 -0.16      0.14        0.17      0.03     0.03    -0.08 -0.00      0.12   0.12  0.16     0.01         0.05  -0.02   -0.19
RICE         0.15  0.20  0.17         0.28  0.23  0.17 -0.07        0.24      0.28  1.00   0.19  0.07    -0.02  0.12  0.01      0.21       -0.04      0.02     0.19     0.10  0.06      0.19   0.28  0.07     0.13         0.14   0.08   -0.11
WHEAT        0.27  0.09  0.18         0.11  0.26 -0.08 -0.17        0.48      0.92  0.19   1.00 -0.03    -0.02  0.34 -0.17      0.16        0.12      0.08     0.07    -0.11 -0.07      0.09   0.05  0.20     0.02         0.04  -0.03   -0.13
AEX          0.06  0.11 -0.07         0.07  0.16  0.04 -0.17        0.27     -0.05  0.07  -0.03  1.00     0.41  0.28  0.62      0.66        0.27      0.29     0.17     0.23  0.63      0.62   0.32  0.29     0.53         0.57   0.40    0.00
BITCOIN      0.28  0.30  0.18         0.29  0.31 -0.02  0.10        0.11     -0.05 -0.02  -0.02  0.41     1.00  0.23  0.39      0.31        0.16      0.47    -0.01     0.11  0.21      0.42   0.20  0.20     0.53         0.57   0.13   -0.10
BRE          0.41  0.44  0.29         0.25  0.47  0.01 -0.03        0.29      0.29  0.12   0.34  0.28     0.23  1.00  0.16      0.34        0.23      0.27     0.01     0.08  0.23      0.48   0.04  0.52     0.29         0.33  -0.01   -0.08
DAX         -0.02  0.17 -0.09         0.00  0.13 -0.13 -0.05       -0.13     -0.16  0.01  -0.17  0.62     0.39  0.16  1.00      0.54        0.24      0.23     0.16     0.31  0.75      0.66   0.37  0.15     0.52         0.52   0.41    0.10
EU-BASIC     0.28  0.35  0.11         0.16  0.40 -0.12 -0.21        0.22      0.14  0.21   0.16  0.66     0.31  0.34  0.54      1.00        0.46      0.44     0.19     0.24  0.54      0.69   0.29  0.42     0.49         0.53   0.48    0.01
FTSECHINAA   0.13  0.21  0.07         0.16  0.21 -0.03  0.05        0.14      0.17 -0.04   0.12  0.27     0.16  0.23  0.24      0.46        1.00      0.47     0.08     0.13  0.28      0.37   0.17  0.29     0.18         0.31   0.24   -0.01
HANGTECH     0.35  0.34  0.28         0.35  0.33 -0.05  0.06       -0.00      0.03  0.02   0.08  0.29     0.47  0.27  0.23      0.44        0.47      1.00    -0.06    -0.03  0.17      0.44   0.17  0.24     0.23         0.41   0.24   -0.08
LEANHOG      0.04  0.04 -0.00         0.08  0.15  0.02 -0.05        0.18      0.03  0.19   0.07  0.17    -0.01  0.01  0.16      0.19        0.08     -0.06     1.00     0.17  0.11      0.17   0.28  0.14     0.32         0.14   0.15    0.02
LIVECOW      0.12  0.18  0.01         0.12  0.07  0.08  0.14        0.07     -0.08  0.10  -0.11  0.23     0.11  0.08  0.31      0.24        0.13     -0.03     0.17     1.00  0.18      0.27   0.23  0.26     0.13         0.04   0.09    0.08
MIB         -0.02  0.15 -0.05         0.03  0.13 -0.12 -0.10        0.06     -0.00  0.06  -0.07  0.63     0.21  0.23  0.75      0.54        0.28      0.17     0.11     0.18  1.00      0.67   0.37  0.18     0.37         0.48   0.40    0.02
MSCIEAFA     0.46  0.67  0.38         0.42  0.65  0.03  0.06        0.05      0.12  0.19   0.09  0.62     0.42  0.48  0.66      0.69        0.37      0.44     0.17     0.27  0.67      1.00   0.34  0.52     0.60         0.66   0.41   -0.05
MUMMY       -0.01  0.04 -0.22         0.01  0.06  0.11  0.08        0.26      0.12  0.28   0.05  0.32     0.20  0.04  0.37      0.29        0.17      0.17     0.28     0.23  0.37      0.34   1.00  0.08     0.35         0.34   0.59    0.18
MXP          0.50  0.51  0.27         0.30  0.52  0.02  0.08        0.16      0.16  0.07   0.20  0.29     0.20  0.52  0.15      0.42        0.29      0.24     0.14     0.26  0.18      0.52   0.08  1.00     0.22         0.24   0.09    0.14
RUSSELL      0.15  0.27  0.03         0.15  0.35  0.07  0.04        0.13      0.01  0.13   0.02  0.53     0.53  0.29  0.52      0.49        0.18      0.23     0.32     0.13  0.37      0.60   0.35  0.22     1.00         0.81   0.44   -0.03
SP500_micro  0.27  0.25  0.00         0.24  0.37 -0.01  0.03        0.22      0.05  0.14   0.04  0.57     0.57  0.33  0.52      0.53        0.31      0.41     0.14     0.04  0.48      0.66   0.34  0.24     0.81         1.00   0.46    0.02
TOPIX       -0.15 -0.10 -0.44        -0.16 -0.00 -0.03 -0.16        0.08     -0.02  0.08  -0.03  0.40     0.13 -0.01  0.41      0.48        0.24      0.24     0.15     0.09  0.40      0.41   0.59  0.09     0.44         0.46   1.00    0.44
YENEUR      -0.01 -0.20 -0.71        -0.25 -0.11 -0.41 -0.21       -0.04     -0.19 -0.11  -0.13  0.00    -0.10 -0.08  0.10      0.01       -0.01     -0.08     0.02     0.08  0.02     -0.05   0.18  0.14    -0.03         0.02   0.44    1.00


********************************************************************************
                                 END OF REPORT                                  
********************************************************************************


