
********************************************************************************
                    Risk report produced on 20/11/2025 22:53                    
********************************************************************************


Total risk across all strategies, annualised percentage 9.9
Percentage of capital used for margin 41.3%

========================================
Risk per strategy, annualised percentage
========================================

                  risk
dynamic_TF_carry   9.9


===================
Risk by asset class
===================

Ags       0.6
Bond      1.5
Equity    5.1
FX        4.4
Metals    1.9
OilGas    1.2
Sector    0.9
dtype: float64


=====================================================
Beta loadings of asset class positions on asset class
=====================================================

Ags      -0.03
Metals   -0.00
OilGas    0.03
Sector    0.04
Bond      0.12
FX        0.22
Equity    0.38
dtype: float64


========================================================
Beta loadings of full portfolio positions on asset class
========================================================

Bond     -0.33
Ags      -0.08
OilGas    0.08
Metals    0.10
Sector    0.22
FX        0.42
Equity    0.49
dtype: float64


===================================================================================================================================================================================================================================================================
                                                                                                                          Instrument risk                                                                                                                          
===================================================================================================================================================================================================================================================================

               daily_price_stdev  annual_price_stdev     price  daily_perc_stdev  annual_perc_stdev  point_size_base  contract_exposure  daily_risk_per_contract  annual_risk_per_contract  position  capital  exposure_held_perc_capital  annual_risk_perc_capital
JPY                        0.000               0.001      0.01              0.55                8.8        9571393.0              60878                      333                      5337        -2   613034                       -19.9                      -1.7
BITCOIN                 2725.438           43607.013  86630.00              3.15               50.3              0.1               6633                      208                      3339        -3   613034                        -3.2                      -1.6
DAX                      221.068            3537.088  23418.00              0.94               15.1              0.9              20653                      194                      3119        -3   613034                       -10.1                      -1.5
KR10                       0.354               5.671    114.07              0.31                5.0            519.2              59219                      184                      2944        -3   613034                       -29.0                      -1.4
CRUDE_W_micro              1.008              16.131     58.67              1.72               27.5             76.6               4492                       77                      1235        -6   613034                        -4.4                      -1.2
SP500_micro               55.446             887.134   6607.75              0.84               13.4              3.8              25298                      212                      3396        -2   613034                        -8.3                      -1.1
GOLD_micro                53.603             857.653   4118.70              1.30               20.8              7.7              31537                      410                      6567        -1   613034                        -5.1                      -1.1
KRWUSD_mini                0.004               0.060      0.68              0.55                8.7          19142.8              13045                       71                      1141        -4   613034                        -8.5                      -0.7
RICE                       0.148               2.373     10.04              1.48               23.6           1531.4              15383                      227                      3634        -1   613034                        -2.5                      -0.6
GAS_US_mini                0.110               1.760      4.66              2.36               37.7           1914.3               8930                      210                      3368        -1   613034                        -1.5                      -0.5
AUD_micro                  0.003               0.046      0.65              0.45                7.2           7657.1               4943                       22                       354         4   613034                         3.2                       0.2
FTSECHINAA               168.601            2697.613  15347.00              1.10               17.6              0.8              11751                      129                      2065         1   613034                         1.9                       0.3
MXP                        0.000               0.004      0.05              0.48                7.8         382855.7              20769                      100                      1610         2   613034                         6.8                       0.5
BRE                        0.001               0.017      0.19              0.56                9.0          76571.1              14307                       80                      1280         4   613034                         9.3                       0.8
TOPIX                     34.781             556.491   3311.50              1.05               16.8              4.9              16075                      168                      2701         2   613034                         5.2                       0.9
EU-BASIC                   7.730             123.673    580.80              1.33               21.3             44.1              25612                      340                      5453         1   613034                         4.2                       0.9
NIKKEI                   722.839           11565.427  50005.00              1.45               23.1              0.5              24274                      350                      5614         1   613034                         4.0                       0.9
KOSPI_mini                 9.448             151.160    572.20              1.65               26.4             26.0              14852                      245                      3923         2   613034                         4.8                       1.3
OAT                        0.305               4.881    122.17              0.25                4.0            882.0             107748                      269                      4304         2   613034                        35.2                       1.4
SILVER                     1.014              16.228     50.34              2.01               32.2            765.7              38549                      776                     12426         1   613034                         6.3                       2.0
YENEUR                     0.710              11.358    181.61              0.39                6.3            606.8             110203                      430                      6892         2   613034                        36.0                       2.2
GASOILINE                  0.028               0.453      1.85              1.53               24.4          32159.9              59527                      909                     14554         1   613034                         9.7                       2.4
MIB                      418.056            6688.890  42900.00              0.97               15.6              4.4             189179                     1843                     29496         1   613034                        30.9                       4.8

Sum of abs(notional exposure % capital) 250.0
Sum of abs(annualised risk % capital) 30.0
Net sum of annualised risk % capital 7.2 

===============================================================================================================================================================================================================================
                                                                                                         Correlations                                                                                                          
===============================================================================================================================================================================================================================

                JPY  KR10   OAT  KRWUSD_mini  RICE  GOLD_micro  SILVER  AUD_micro  BITCOIN   BRE   DAX  EU-BASIC  FTSECHINAA  KOSPI_mini   MIB   MXP  NIKKEI  SP500_micro  TOPIX  CRUDE_W_micro  GASOILINE  GAS_US_mini  YENEUR
JPY            1.00  0.47  0.40         0.48  0.20        0.21   -0.04       0.25    -0.12 -0.05 -0.13     -0.13       -0.07       -0.25 -0.16 -0.06   -0.38        -0.18  -0.39          -0.26      -0.29        -0.26   -0.68
KR10           0.47  1.00  0.44         0.27  0.14        0.12   -0.13       0.03     0.13 -0.14  0.01     -0.10       -0.15       -0.10 -0.16 -0.07   -0.05        -0.00  -0.14          -0.29      -0.30        -0.37   -0.40
OAT            0.40  0.44  1.00         0.19 -0.12        0.41    0.15       0.08     0.05 -0.03  0.10      0.08       -0.17       -0.09 -0.00  0.03   -0.10         0.05  -0.11          -0.24      -0.23        -0.16   -0.47
KRWUSD_mini    0.48  0.27  0.19         1.00  0.24        0.25    0.04       0.54     0.04  0.12  0.18     -0.01        0.11        0.17  0.12  0.22    0.11         0.10   0.08          -0.02      -0.04        -0.04   -0.13
RICE           0.20  0.14 -0.12         0.24  1.00        0.03    0.07       0.06     0.14 -0.04 -0.03     -0.08       -0.16       -0.08 -0.00 -0.08   -0.14        -0.11  -0.13          -0.04      -0.02        -0.03   -0.10
GOLD_micro     0.21  0.12  0.41         0.25  0.03        1.00    0.73       0.36     0.08  0.19  0.27      0.29        0.09        0.07  0.20  0.30   -0.00         0.16   0.01           0.13       0.12         0.06    0.01
SILVER        -0.04 -0.13  0.15         0.04  0.07        0.73    1.00       0.47     0.23  0.34  0.41      0.59        0.22        0.18  0.42  0.46    0.12         0.40   0.17           0.31       0.31         0.06    0.23
AUD_micro      0.25  0.03  0.08         0.54  0.06        0.36    0.47       1.00     0.37  0.57  0.47      0.59        0.49        0.46  0.54  0.52    0.38         0.63   0.42           0.35       0.33         0.06    0.16
BITCOIN       -0.12  0.13  0.05         0.04  0.14        0.08    0.23       0.37     1.00  0.30  0.46      0.45        0.28        0.30  0.45  0.29    0.42         0.60   0.43           0.16       0.14         0.06    0.18
BRE           -0.05 -0.14 -0.03         0.12 -0.04        0.19    0.34       0.57     0.30  1.00  0.35      0.48        0.44        0.48  0.49  0.61    0.37         0.51   0.41           0.41       0.40         0.25    0.29
DAX           -0.13  0.01  0.10         0.18 -0.03        0.27    0.41       0.47     0.46  0.35  1.00      0.70        0.38        0.54  0.88  0.35    0.61         0.72   0.64           0.21       0.23         0.09    0.16
EU-BASIC      -0.13 -0.10  0.08        -0.01 -0.08        0.29    0.59       0.59     0.45  0.48  0.70      1.00        0.54        0.48  0.71  0.48    0.54         0.68   0.55           0.32       0.34         0.06    0.27
FTSECHINAA    -0.07 -0.15 -0.17         0.11 -0.16        0.09    0.22       0.49     0.28  0.44  0.38      0.54        1.00        0.45  0.46  0.40    0.39         0.49   0.45           0.35       0.35         0.06    0.26
KOSPI_mini    -0.25 -0.10 -0.09         0.17 -0.08        0.07    0.18       0.46     0.30  0.48  0.54      0.48        0.45        1.00  0.60  0.36    0.71         0.62   0.63           0.31       0.32         0.24    0.33
MIB           -0.16 -0.16 -0.00         0.12 -0.00        0.20    0.42       0.54     0.45  0.49  0.88      0.71        0.46        0.60  1.00  0.42    0.63         0.79   0.70           0.39       0.43         0.18    0.20
MXP           -0.06 -0.07  0.03         0.22 -0.08        0.30    0.46       0.52     0.29  0.61  0.35      0.48        0.40        0.36  0.42  1.00    0.29         0.40   0.35           0.28       0.27         0.00    0.46
NIKKEI        -0.38 -0.05 -0.10         0.11 -0.14       -0.00    0.12       0.38     0.42  0.37  0.61      0.54        0.39        0.71  0.63  0.29    1.00         0.64   0.92           0.25       0.27         0.18    0.43
SP500_micro   -0.18 -0.00  0.05         0.10 -0.11        0.16    0.40       0.63     0.60  0.51  0.72      0.68        0.49        0.62  0.79  0.40    0.64         1.00   0.67           0.42       0.42         0.13    0.19
TOPIX         -0.39 -0.14 -0.11         0.08 -0.13        0.01    0.17       0.42     0.43  0.41  0.64      0.55        0.45        0.63  0.70  0.35    0.92         0.67   1.00           0.30       0.32         0.22    0.43
CRUDE_W_micro -0.26 -0.29 -0.24        -0.02 -0.04        0.13    0.31       0.35     0.16  0.41  0.21      0.32        0.35        0.31  0.39  0.28    0.25         0.42   0.30           1.00       0.96         0.26    0.21
GASOILINE     -0.29 -0.30 -0.23        -0.04 -0.02        0.12    0.31       0.33     0.14  0.40  0.23      0.34        0.35        0.32  0.43  0.27    0.27         0.42   0.32           0.96       1.00         0.26    0.20
GAS_US_mini   -0.26 -0.37 -0.16        -0.04 -0.03        0.06    0.06       0.06     0.06  0.25  0.09      0.06        0.06        0.24  0.18  0.00    0.18         0.13   0.22           0.26       0.26         1.00    0.11
YENEUR        -0.68 -0.40 -0.47        -0.13 -0.10        0.01    0.23       0.16     0.18  0.29  0.16      0.27        0.26        0.33  0.20  0.46    0.43         0.19   0.43           0.21       0.20         0.11    1.00


********************************************************************************
                                 END OF REPORT                                  
********************************************************************************


