
********************************************************************************
                    Risk report produced on 12/01/2026 22:53                    
********************************************************************************


Total risk across all strategies, annualised percentage 18.0
Percentage of capital used for margin 42.5%

========================================
Risk per strategy, annualised percentage
========================================

                  risk
dynamic_TF_carry  18.1


===================
Risk by asset class
===================

Ags        1.6
Bond       1.5
Equity    14.5
FX         3.4
Metals     4.7
OilGas     2.7
dtype: float64


=====================================================
Beta loadings of asset class positions on asset class
=====================================================

Bond     -0.14
OilGas   -0.05
Metals    0.02
Ags       0.03
FX        0.22
Equity    1.39
dtype: float64


========================================================
Beta loadings of full portfolio positions on asset class
========================================================

Bond     -0.32
OilGas   -0.00
Metals    0.27
Ags       0.41
FX        1.33
Equity    1.49
dtype: float64


===================================================================================================================================================================================================================================================================
                                                                                                                          Instrument risk                                                                                                                          
===================================================================================================================================================================================================================================================================

               daily_price_stdev  annual_price_stdev     price  daily_perc_stdev  annual_perc_stdev  point_size_base  contract_exposure  daily_risk_per_contract  annual_risk_per_contract  position  capital  exposure_held_perc_capital  annual_risk_perc_capital
GAS-PEN                    0.149               2.385      2.63              5.66               90.6           7442.8              19589                     1109                     17749        -1   683819                        -2.9                      -2.6
BITCOIN                 2288.726           36619.618  92235.00              2.48               39.7              0.1               6864                      170                      2725        -6   683819                        -6.0                      -2.4
BUXL                       0.721              11.532    111.02              0.65               10.4            868.5              96418                      625                     10015        -1   683819                       -14.1                      -1.5
JPY                        0.000               0.001      0.01              0.50                8.1        9303502.6              59151                      298                      4778        -2   683819                       -17.3                      -1.4
RICE                       0.175               2.796     10.26              1.70               27.3           1488.6              15265                      260                      4161        -1   683819                        -2.2                      -0.6
WHEAT                      5.688              91.002    569.25              1.00               16.0             37.2              21184                      211                      3386        -1   683819                        -3.1                      -0.5
CRUDE_W_micro              0.990              15.843     59.32              1.67               26.7             74.4               4415                       73                      1179        -2   683819                        -1.3                      -0.3
KRWUSD_mini                0.004               0.064      0.68              0.58                9.3          18607.0              12678                       74                      1184        -1   683819                        -1.9                      -0.2
EUR_micro                  0.003               0.053      1.17              0.28                4.5           9303.5              10891                       30                       491        -1   683819                        -1.6                      -0.1
AUD_micro                  0.003               0.043      0.67              0.40                6.5           7442.8               4997                       20                       323         1   683819                         0.7                       0.0
MXP                        0.000               0.003      0.06              0.39                6.3         372140.1              20653                       80                      1292         2   683819                         6.0                       0.4
BRE                        0.001               0.019      0.19              0.63               10.1          74428.0              13784                       87                      1395         2   683819                         4.0                       0.4
FTSECHINAA               131.133            2098.128  15428.00              0.85               13.6              0.7              11482                       97                      1561         2   683819                         3.4                       0.5
RUSSELL                   26.915             430.632   2648.00              1.02               16.3              3.7               9854                      100                      1602         4   683819                         5.8                       0.9
GBP                        0.005               0.080      1.35              0.37                5.9          46517.5              62635                      232                      3713         2   683819                        18.3                       1.1
LEANHOG                    1.095              17.518     90.80              1.21               19.3            297.7              27032                      325                      5215         2   683819                         7.9                       1.5
TOPIX                     35.813             573.002   3617.25              0.99               15.8              4.7              17039                      168                      2699         4   683819                        10.0                       1.6
SMI                       73.519            1176.302  13341.00              0.55                8.8              9.3             124448                      685                     10972         1   683819                        18.2                       1.6
YENEUR                     0.728              11.649    184.13              0.40                6.3            588.8             108418                      428                      6859         2   683819                        31.7                       2.0
MSCITAIWAN                15.556             248.899   1350.00              1.15               18.4             74.4             100477                     1157                     18525         1   683819                        14.7                       2.7
MIB                      299.097            4785.547  45765.00              0.65               10.5              4.3             198730                     1298                     20780         1   683819                        29.1                       3.0
MSCIEAFA                  19.984             319.740   3001.10              0.67               10.7             37.2             111682                      743                     11898         2   683819                        32.7                       3.5
AEX                        9.342             149.476    993.50              0.94               15.0            173.7             172567                     1622                     25963         1   683819                        25.2                       3.8
SILVER                     2.488              39.807     85.18              2.92               46.7            744.3              63401                     1851                     29627         1   683819                         9.3                       4.3

Sum of abs(notional exposure % capital) 267.4
Sum of abs(annualised risk % capital) 36.9
Net sum of annualised risk % capital 17.7 

=========================================================================================================================================================================================================================
                                                                                                      Correlations                                                                                                       
=========================================================================================================================================================================================================================

               BUXL   JPY  EUR_micro   GBP  KRWUSD_mini  LEANHOG   MXP  RICE  SILVER   AEX  AUD_micro  BITCOIN   BRE  FTSECHINAA   MIB  MSCIEAFA  MSCITAIWAN  RUSSELL   SMI  TOPIX  CRUDE_W_micro  GAS-PEN  WHEAT  YENEUR
BUXL           1.00  0.40       0.09  0.12         0.16     0.11 -0.02  0.11    0.09  0.03       0.13    -0.05  0.04       -0.06 -0.09      0.17       -0.04     0.15 -0.01  -0.03          -0.18    -0.08   0.05   -0.43
JPY            0.40  1.00       0.63  0.52         0.44     0.16  0.01  0.12    0.11 -0.05       0.36    -0.07  0.02       -0.08 -0.00      0.24       -0.12     0.01  0.07  -0.25          -0.39    -0.09   0.06   -0.64
EUR_micro      0.09  0.63       1.00  0.77         0.46     0.16  0.37  0.13    0.29 -0.01       0.60     0.03  0.18        0.06  0.07      0.42        0.05     0.01  0.14   0.04          -0.42    -0.10   0.02    0.15
GBP            0.12  0.52       0.77  1.00         0.54     0.29  0.35  0.20    0.38  0.28       0.68     0.16  0.24        0.23  0.32      0.61        0.29     0.24  0.43   0.32          -0.30    -0.14  -0.09    0.08
KRWUSD_mini    0.16  0.44       0.46  0.54         1.00     0.21  0.19  0.20    0.14  0.25       0.62     0.16  0.19        0.20  0.17      0.36        0.27     0.15  0.17   0.16           0.01    -0.09   0.28   -0.13
LEANHOG        0.11  0.16       0.16  0.29         0.21     1.00  0.20  0.24    0.25  0.30       0.30     0.14  0.07        0.24  0.35      0.22        0.24     0.31  0.27   0.25           0.21    -0.26   0.06   -0.06
MXP           -0.02  0.01       0.37  0.35         0.19     0.20  1.00 -0.01    0.32  0.10       0.39     0.09  0.39        0.26  0.20      0.38        0.22     0.24  0.17   0.27           0.00    -0.10   0.00    0.35
RICE           0.11  0.12       0.13  0.20         0.20     0.24 -0.01  1.00    0.27  0.02       0.24     0.18 -0.00        0.07  0.00      0.11        0.10     0.19 -0.04   0.03           0.01    -0.04   0.14   -0.07
SILVER         0.09  0.11       0.29  0.38         0.14     0.25  0.32  0.27    1.00  0.24       0.42     0.11  0.11        0.19  0.27      0.45        0.28     0.33  0.39   0.27          -0.06    -0.05   0.03    0.15
AEX            0.03 -0.05      -0.01  0.28         0.25     0.30  0.10  0.02    0.24  1.00       0.41     0.37  0.32        0.42  0.84      0.61        0.75     0.34  0.74   0.65           0.37    -0.05   0.06    0.02
AUD_micro      0.13  0.36       0.60  0.68         0.62     0.30  0.39  0.24    0.42  0.41       1.00     0.30  0.44        0.40  0.39      0.65        0.50     0.41  0.38   0.43           0.03     0.08   0.22    0.12
BITCOIN       -0.05 -0.07       0.03  0.16         0.16     0.14  0.09  0.18    0.11  0.37       0.30     1.00  0.26        0.19  0.34      0.43        0.41     0.47  0.21   0.31           0.11     0.08  -0.02    0.09
BRE            0.04  0.02       0.18  0.24         0.19     0.07  0.39 -0.00    0.11  0.32       0.44     0.26  1.00        0.26  0.30      0.41        0.31     0.33  0.24   0.31           0.26     0.32   0.24    0.13
FTSECHINAA    -0.06 -0.08       0.06  0.23         0.20     0.24  0.26  0.07    0.19  0.42       0.40     0.19  0.26        1.00  0.38      0.31        0.30     0.19  0.25   0.30           0.14     0.01   0.15    0.14
MIB           -0.09 -0.00       0.07  0.32         0.17     0.35  0.20  0.00    0.27  0.84       0.39     0.34  0.30        0.38  1.00      0.63        0.63     0.26  0.80   0.66           0.30    -0.09   0.02    0.06
MSCIEAFA       0.17  0.24       0.42  0.61         0.36     0.22  0.38  0.11    0.45  0.61       0.65     0.43  0.41        0.31  0.63      1.00        0.51     0.57  0.64   0.65          -0.02    -0.04   0.04    0.09
MSCITAIWAN    -0.04 -0.12       0.05  0.29         0.27     0.24  0.22  0.10    0.28  0.75       0.50     0.41  0.31        0.30  0.63      0.51        1.00     0.41  0.56   0.68           0.34    -0.09  -0.08    0.19
RUSSELL        0.15  0.01       0.01  0.24         0.15     0.31  0.24  0.19    0.33  0.34       0.41     0.47  0.33        0.19  0.26      0.57        0.41     1.00  0.20   0.44           0.11    -0.16   0.02   -0.04
SMI           -0.01  0.07       0.14  0.43         0.17     0.27  0.17 -0.04    0.39  0.74       0.38     0.21  0.24        0.25  0.80      0.64        0.56     0.20  1.00   0.61           0.13    -0.01  -0.12    0.06
TOPIX         -0.03 -0.25       0.04  0.32         0.16     0.25  0.27  0.03    0.27  0.65       0.43     0.31  0.31        0.30  0.66      0.65        0.68     0.44  0.61   1.00           0.32    -0.05   0.02    0.35
CRUDE_W_micro -0.18 -0.39      -0.42 -0.30         0.01     0.21  0.00  0.01   -0.06  0.37       0.03     0.11  0.26        0.14  0.30     -0.02        0.34     0.11  0.13   0.32           1.00     0.15   0.34    0.11
GAS-PEN       -0.08 -0.09      -0.10 -0.14        -0.09    -0.26 -0.10 -0.04   -0.05 -0.05       0.08     0.08  0.32        0.01 -0.09     -0.04       -0.09    -0.16 -0.01  -0.05           0.15     1.00   0.25    0.01
WHEAT          0.05  0.06       0.02 -0.09         0.28     0.06  0.00  0.14    0.03  0.06       0.22    -0.02  0.24        0.15  0.02      0.04       -0.08     0.02 -0.12   0.02           0.34     0.25   1.00   -0.06
YENEUR        -0.43 -0.64       0.15  0.08        -0.13    -0.06  0.35 -0.07    0.15  0.02       0.12     0.09  0.13        0.14  0.06      0.09        0.19    -0.04  0.06   0.35           0.11     0.01  -0.06    1.00


********************************************************************************
                                 END OF REPORT                                  
********************************************************************************


