
********************************************************************************
                    Risk report produced on 06/05/2025 22:53                    
********************************************************************************


Total risk across all strategies, annualised percentage 7.8
Percentage of capital used for margin 41.8%

========================================
Risk per strategy, annualised percentage
========================================

                  risk
dynamic_TF_carry   7.7


===================
Risk by asset class
===================

Ags       1.9
Bond      2.1
Equity    2.9
FX        3.1
Metals    1.6
OilGas    5.3
Vol       0.2
dtype: float64


=====================================================
Beta loadings of asset class positions on asset class
=====================================================

OilGas   -0.15
Metals   -0.04
Ags      -0.01
Vol      -0.00
Equity    0.13
FX        0.22
Bond      0.43
dtype: float64


========================================================
Beta loadings of full portfolio positions on asset class
========================================================

OilGas   -0.15
Ags      -0.10
Vol      -0.04
Metals   -0.03
FX        0.01
Equity    0.11
Bond      0.37
dtype: float64


===================================================================================================================================================================================================================================================================
                                                                                                                          Instrument risk                                                                                                                          
===================================================================================================================================================================================================================================================================

               daily_price_stdev  annual_price_stdev     price  daily_perc_stdev  annual_perc_stdev  point_size_base  contract_exposure  daily_risk_per_contract  annual_risk_per_contract  position  capital  exposure_held_perc_capital  annual_risk_perc_capital
BRENT-LAST                 1.409              22.546     61.68              2.28               36.6            750.5              46291                     1057                     16920        -1   537784                        -8.6                      -3.1
GAS-PEN                    0.114               1.829      3.63              3.15               50.4           7505.1              27251                      858                     13729        -1   537784                        -5.1                      -2.6
DX                         0.525               8.401     99.08              0.53                8.5            750.5              74360                      394                      6304        -2   537784                       -27.7                      -2.3
BITCOIN                 2368.932           37902.916  95525.00              2.48               39.7              0.1               7169                      177                      2844        -3   537784                        -4.0                      -1.6
WHEAT                      7.695             123.117    571.25              1.35               21.6             37.5              21436                      288                      4620        -1   537784                        -4.0                      -0.9
GAS_US_mini                0.124               1.979      3.82              3.24               51.8           1876.3               7167                      232                      3713        -1   537784                        -1.3                      -0.7
DOW                      605.985            9695.756  40979.00              1.48               23.7              0.4              15377                      227                      3638        -1   537784                        -2.9                      -0.7
SOYMEAL                    2.987              47.788    297.30              1.00               16.1             75.1              22312                      224                      3586        -1   537784                        -4.1                      -0.7
CRUDE_W_micro              1.418              22.682     58.23              2.43               39.0             75.1               4370                      106                      1702        -2   537784                        -1.6                      -0.6
KRWUSD_mini                0.006               0.092      0.73              0.79               12.7          18762.9              13604                      108                      1730        -1   537784                        -2.5                      -0.3
V2X                        0.743              11.894     21.60              3.44               55.1             85.1               1838                       63                      1012        -1   537784                        -0.3                      -0.2
CANOLA                     8.129             130.057    656.30              1.24               19.8             10.9               7131                       88                      1413         1   537784                         1.3                       0.3
MXP                        0.000               0.006      0.05              0.75               11.9         375257.1              18976                      141                      2263         1   537784                         3.5                       0.4
MSCISING                   6.020              96.326    392.30              1.53               24.6             58.1              22786                      349                      5594         1   537784                         4.2                       1.0
NIKKEI                   700.186           11202.971  37140.00              1.89               30.2              0.5              19450                      366                      5866         1   537784                         3.6                       1.1
KR10                       0.346               5.528    121.05              0.29                4.6            543.9              65843                      187                      3006         2   537784                        24.5                       1.1
BTP                        0.469               7.509    119.97              0.39                6.3            851.0             102091                      399                      6389         1   537784                        19.0                       1.2
MUMMY                     14.078             225.253    680.00              2.07               33.1              5.2               3561                       73                      1179         6   537784                         4.0                       1.3
LIVECOW                    1.789              28.630    209.28              0.86               13.7            300.2              62825                      537                      8594         1   537784                        11.7                       1.6
YENEUR                     0.990              15.845    161.59              0.61                9.8            654.6             105780                      648                     10372         1   537784                        19.7                       1.9

Sum of abs(notional exposure % capital) 153.6
Sum of abs(annualised risk % capital) 23.6
Net sum of annualised risk % capital -3.8 

==========================================================================================================================================================================================
                                                                                       Correlations                                                                                       
==========================================================================================================================================================================================

               CANOLA  SOYMEAL  WHEAT   BTP  KR10  KRWUSD_mini   MXP  BITCOIN  BRENT-LAST  CRUDE_W_micro   DOW  LIVECOW  MSCISING  MUMMY  NIKKEI    DX  GAS-PEN  GAS_US_mini  YENEUR   V2X
CANOLA           1.00     0.23   0.31  0.05 -0.10         0.15  0.01     0.10        0.04           0.04  0.01     0.01     -0.02  -0.02   -0.02 -0.02     0.17         0.13    0.10 -0.00
SOYMEAL          0.23     1.00   0.45  0.13  0.01         0.18  0.01    -0.06        0.01          -0.01  0.03     0.08     -0.17  -0.04   -0.07 -0.22     0.13         0.11   -0.13  0.08
WHEAT            0.31     0.45   1.00  0.08 -0.08         0.19  0.15    -0.02        0.14           0.13 -0.04     0.09     -0.05   0.01   -0.03 -0.07     0.19         0.17   -0.01 -0.02
BTP              0.05     0.13   0.08  1.00  0.65         0.34  0.18     0.11       -0.07          -0.10  0.26     0.06      0.15   0.19    0.18 -0.19    -0.20        -0.19   -0.42 -0.32
KR10            -0.10     0.01  -0.08  0.65  1.00         0.42  0.12     0.04       -0.30          -0.29  0.09    -0.07      0.03  -0.02   -0.01 -0.38    -0.25        -0.24   -0.32 -0.13
KRWUSD_mini      0.15     0.18   0.19  0.34  0.42         1.00  0.31     0.07        0.07           0.07  0.06     0.17      0.34   0.32    0.29 -0.67    -0.11        -0.05   -0.01 -0.42
MXP              0.01     0.01   0.15  0.18  0.12         0.31  1.00     0.06        0.10           0.09  0.17     0.22      0.20   0.28    0.25 -0.25    -0.13        -0.08    0.25 -0.24
BITCOIN          0.10    -0.06  -0.02  0.11  0.04         0.07  0.06     1.00        0.11           0.10  0.41     0.11      0.36   0.29    0.26  0.02     0.09         0.13    0.12 -0.28
BRENT-LAST       0.04     0.01   0.14 -0.07 -0.30         0.07  0.10     0.11        1.00           0.99  0.22     0.53      0.40   0.38    0.39  0.24     0.13         0.12    0.09 -0.41
CRUDE_W_micro    0.04    -0.01   0.13 -0.10 -0.29         0.07  0.09     0.10        0.99           1.00  0.21     0.54      0.40   0.37    0.38  0.23     0.14         0.13    0.10 -0.41
DOW              0.01     0.03  -0.04  0.26  0.09         0.06  0.17     0.41        0.22           0.21  1.00     0.20      0.35   0.42    0.42  0.11     0.15         0.11   -0.11 -0.43
LIVECOW          0.01     0.08   0.09  0.06 -0.07         0.17  0.22     0.11        0.53           0.54  0.20     1.00      0.37   0.36    0.34 -0.06     0.07         0.07    0.12 -0.42
MSCISING        -0.02    -0.17  -0.05  0.15  0.03         0.34  0.20     0.36        0.40           0.40  0.35     0.37      1.00   0.65    0.72 -0.05     0.07         0.12    0.16 -0.77
MUMMY           -0.02    -0.04   0.01  0.19 -0.02         0.32  0.28     0.29        0.38           0.37  0.42     0.36      0.65   1.00    0.79 -0.13    -0.07        -0.04    0.14 -0.66
NIKKEI          -0.02    -0.07  -0.03  0.18 -0.01         0.29  0.25     0.26        0.39           0.38  0.42     0.34      0.72   0.79    1.00 -0.07    -0.02         0.03    0.31 -0.77
DX              -0.02    -0.22  -0.07 -0.19 -0.38        -0.67 -0.25     0.02        0.24           0.23  0.11    -0.06     -0.05  -0.13   -0.07  1.00     0.14         0.07   -0.02  0.15
GAS-PEN          0.17     0.13   0.19 -0.20 -0.25        -0.11 -0.13     0.09        0.13           0.14  0.15     0.07      0.07  -0.07   -0.02  0.14     1.00         0.97    0.19  0.02
GAS_US_mini      0.13     0.11   0.17 -0.19 -0.24        -0.05 -0.08     0.13        0.12           0.13  0.11     0.07      0.12  -0.04    0.03  0.07     0.97         1.00    0.23 -0.02
YENEUR           0.10    -0.13  -0.01 -0.42 -0.32        -0.01  0.25     0.12        0.09           0.10 -0.11     0.12      0.16   0.14    0.31 -0.02     0.19         0.23    1.00 -0.14
V2X             -0.00     0.08  -0.02 -0.32 -0.13        -0.42 -0.24    -0.28       -0.41          -0.41 -0.43    -0.42     -0.77  -0.66   -0.77  0.15     0.02        -0.02   -0.14  1.00


********************************************************************************
                                 END OF REPORT                                  
********************************************************************************


