
********************************************************************************
                    Risk report produced on 21/10/2025 22:53                    
********************************************************************************


Total risk across all strategies, annualised percentage 13.7
Percentage of capital used for margin 42.2%

========================================
Risk per strategy, annualised percentage
========================================

                  risk
dynamic_TF_carry  13.7


===================
Risk by asset class
===================

Ags       3.9
Bond      5.0
Equity    8.2
FX        2.3
Metals    6.3
OilGas    4.3
dtype: float64


=====================================================
Beta loadings of asset class positions on asset class
=====================================================

OilGas   -0.15
FX        0.07
Ags       0.17
Metals    0.19
Equity    0.66
Bond      0.92
dtype: float64


========================================================
Beta loadings of full portfolio positions on asset class
========================================================

OilGas   -0.16
Ags       0.25
Metals    0.28
FX        0.76
Equity    0.79
Bond      0.90
dtype: float64


==================================================================================================================================================================================================================================================================
                                                                                                                         Instrument risk                                                                                                                          
==================================================================================================================================================================================================================================================================

              daily_price_stdev  annual_price_stdev     price  daily_perc_stdev  annual_perc_stdev  point_size_base  contract_exposure  daily_risk_per_contract  annual_risk_per_contract  position  capital  exposure_held_perc_capital  annual_risk_perc_capital
GAS-PEN                   0.112               1.793      3.46              3.24               51.9           7476.2              25837                      837                     13404        -1   626917                        -4.1                      -2.1
GASOILINE                 0.026               0.423      1.75              1.51               24.1          31399.9              55040                      829                     13267        -1   626917                        -8.8                      -2.1
GAS_US_mini               0.109               1.748      4.09              2.67               42.7           1869.0               7644                      204                      3267        -3   626917                        -3.7                      -1.6
JPY                       0.000               0.001      0.01              0.62               10.0        9345200.5              61860                      386                      6179        -1   626917                        -9.9                      -1.0
DOW                     361.223            5779.572  47190.00              0.77               12.2              0.4              17640                      135                      2160        -2   626917                        -5.6                      -0.7
WHEAT                     5.929              94.860    500.50              1.18               19.0             37.4              18709                      221                      3545        -1   626917                        -3.0                      -0.6
SP500_micro              59.285             948.555   6778.75              0.87               14.0              3.7              25339                      221                      3545        -1   626917                        -4.0                      -0.6
RICE                      0.144               2.308     10.74              1.34               21.5           1495.2              16051                      215                      3451        -1   626917                        -2.6                      -0.6
COPPER-micro              0.108               1.724      5.02              2.15               34.3           1869.0               9384                      201                      3221        -1   626917                        -1.5                      -0.5
KRWUSD_mini               0.004               0.057      0.70              0.51                8.1          18690.4              13137                       66                      1070        -3   626917                        -6.3                      -0.5
EUR_micro                 0.005               0.073      1.16              0.39                6.3           9345.2              10878                       42                       684        -1   626917                        -1.7                      -0.1
MXP                       0.000               0.004      0.05              0.49                7.8         373808.0              20163                       98                      1569         1   626917                         3.2                       0.3
BRE                       0.001               0.022      0.19              0.75               11.9          74761.6              13842                      103                      1651         1   626917                         2.2                       0.3
GBP                       0.005               0.082      1.34              0.38                6.1          46726.0              62486                      238                      3811         1   626917                        10.0                       0.6
MSCISING                  4.958              79.330    443.75              1.12               17.9             57.7              25593                      285                      4575         1   626917                         4.1                       0.7
US10U                     0.394               6.306    116.81              0.34                5.4            747.6              87330                      294                      4714         1   626917                        13.9                       0.8
LEANHOG                   1.076              17.221     83.30              1.29               20.7            299.0              24910                      321                      5149         1   626917                         4.0                       0.8
NIKKEI                  711.704           11387.256  49690.00              1.43               22.9              0.5              24521                      351                      5619         1   626917                         3.9                       0.9
TOPIX                    38.680             618.873   3264.25              1.18               19.0              4.9              16108                      190                      3054         2   626917                         5.1                       1.0
YENEUR                    0.784              12.549    175.88              0.45                7.1            616.9             108494                      483                      7741         1   626917                        17.3                       1.2
GOLD_micro               66.246            1059.937   4132.20              1.60               25.7              7.5              30892                      495                      7924         1   626917                         4.9                       1.3
US30                      0.779              12.469    123.78              0.63               10.1            747.6              92540                      582                      9322         1   626917                        14.8                       1.5
OAT                       0.358               5.733    123.33              0.29                4.6            869.2             107194                      311                      4983         2   626917                        34.2                       1.6
CAD10                     0.339               5.418    123.28              0.27                4.4            531.8              65562                      180                      2881         4   626917                        41.8                       1.8
SILVER                    1.237              19.788     47.60              2.60               41.6            747.6              35586                      924                     14793         1   626917                         5.7                       2.4
FEEDCOW                   3.795              60.722    373.60              1.02               16.3            373.8             139654                     1418                     22698         1   626917                        22.3                       3.6
AEX                       8.442             135.077    966.70              0.87               14.0            173.8             168044                     1467                     23480         1   626917                        26.8                       3.7
MIB                     359.804            5756.858  42470.00              0.85               13.6              4.3             184567                     1563                     25018         1   626917                        29.4                       4.0
PLAT                     41.875             669.996   1530.70              2.74               43.8             37.4              57218                     1565                     25044         1   626917                         9.1                       4.0

Sum of abs(notional exposure % capital) 303.9
Sum of abs(annualised risk % capital) 40.9
Net sum of annualised risk % capital 20.1 

==============================================================================================================================================================================================================================================================
                                                                                                                         Correlations                                                                                                                         
==============================================================================================================================================================================================================================================================

               AEX   DOW   MIB  MSCISING  NIKKEI  SP500_micro  TOPIX   BRE  COPPER-micro  GOLD_micro   MXP  PLAT  RICE  SILVER  WHEAT  FEEDCOW  GAS-PEN  GASOILINE  GAS_US_mini  LEANHOG  YENEUR  CAD10   OAT  US10U  US30  EUR_micro   GBP   JPY  KRWUSD_mini
AEX           1.00  0.56  0.76      0.63    0.44         0.61   0.48  0.36          0.48        0.06  0.26  0.27  0.03    0.40   0.09     0.11     0.05       0.21         0.04     0.17    0.00  -0.02  0.05  -0.03 -0.01      -0.08  0.18 -0.05         0.01
DOW           0.56  1.00  0.55      0.66    0.39         0.93   0.43  0.33          0.42       -0.06  0.20  0.21  0.07    0.38   0.09     0.07    -0.04      -0.00        -0.05     0.21    0.07  -0.16  0.05  -0.22 -0.15       0.06  0.21 -0.01         0.21
MIB           0.76  0.55  1.00      0.72    0.52         0.57   0.62  0.32          0.43       -0.09  0.24  0.25  0.11    0.39   0.01     0.14    -0.01       0.15        -0.00     0.26    0.08  -0.09 -0.04  -0.15 -0.13      -0.05  0.24 -0.09         0.01
MSCISING      0.63  0.66  0.72      1.00    0.47         0.68   0.58  0.28          0.47       -0.18  0.18  0.22  0.03    0.33   0.03     0.16     0.09       0.04         0.10     0.21    0.07  -0.14 -0.10  -0.11 -0.12      -0.07  0.24 -0.10         0.07
NIKKEI        0.44  0.39  0.52      0.47    1.00         0.49   0.91  0.18          0.27       -0.06  0.19  0.13  0.01    0.18  -0.13     0.21    -0.02      -0.00        -0.01     0.05    0.29  -0.05 -0.06  -0.04 -0.02      -0.05  0.25 -0.28        -0.04
SP500_micro   0.61  0.93  0.57      0.68    0.49         1.00   0.51  0.40          0.41       -0.03  0.28  0.21  0.13    0.42   0.15     0.03    -0.00       0.09        -0.00     0.21    0.11  -0.18  0.02  -0.23 -0.15       0.02  0.22 -0.08         0.17
TOPIX         0.48  0.43  0.62      0.58    0.91         0.51   1.00  0.19          0.24       -0.09  0.21  0.14 -0.01    0.22  -0.14     0.24    -0.07       0.08        -0.07     0.15    0.29  -0.05 -0.07  -0.05 -0.03      -0.05  0.27 -0.28        -0.08
BRE           0.36  0.33  0.32      0.28    0.18         0.40   0.19  1.00          0.21        0.18  0.48  0.26  0.10    0.35   0.25    -0.11     0.31       0.15         0.33     0.09    0.06  -0.05 -0.07  -0.06 -0.03       0.29  0.41  0.17         0.35
COPPER-micro  0.48  0.42  0.43      0.47    0.27         0.41   0.24  0.21          1.00        0.23  0.31  0.58  0.22    0.57   0.27     0.12     0.10       0.04         0.11     0.10    0.17  -0.27 -0.18  -0.24 -0.20       0.30  0.34  0.08         0.12
GOLD_micro    0.06 -0.06 -0.09     -0.18   -0.06        -0.03  -0.09  0.18          0.23        1.00  0.20  0.29  0.09    0.62   0.25     0.01     0.02       0.17         0.04     0.01    0.00  -0.18  0.10  -0.10 -0.12       0.27  0.23  0.23         0.21
MXP           0.26  0.20  0.24      0.18    0.19         0.28   0.21  0.48          0.31        0.20  1.00  0.32 -0.04    0.33   0.14     0.10    -0.04       0.14        -0.01     0.12    0.31  -0.15 -0.07  -0.12 -0.09       0.39  0.43  0.05         0.21
PLAT          0.27  0.21  0.25      0.22    0.13         0.21   0.14  0.26          0.58        0.29  0.32  1.00  0.06    0.72   0.26     0.22     0.13       0.23         0.14     0.21    0.17  -0.34 -0.20  -0.25 -0.23       0.21  0.18 -0.01         0.14
RICE          0.03  0.07  0.11      0.03    0.01         0.13  -0.01  0.10          0.22        0.09 -0.04  0.06  1.00    0.19   0.06     0.01     0.12      -0.04         0.14     0.16    0.01  -0.17 -0.19  -0.23 -0.28       0.22  0.17  0.14         0.17
SILVER        0.40  0.38  0.39      0.33    0.18         0.42   0.22  0.35          0.57        0.62  0.33  0.72  0.19    1.00   0.28     0.23     0.08       0.27         0.12     0.25    0.19  -0.34 -0.14  -0.30 -0.26       0.20  0.25  0.00         0.16
WHEAT         0.09  0.09  0.01      0.03   -0.13         0.15  -0.14  0.25          0.27        0.25  0.14  0.26  0.06    0.28   1.00    -0.13     0.17       0.26         0.16     0.21    0.01  -0.23 -0.07  -0.31 -0.27       0.13 -0.02  0.04         0.17
FEEDCOW       0.11  0.07  0.14      0.16    0.21         0.03   0.24 -0.11          0.12        0.01  0.10  0.22  0.01    0.23  -0.13     1.00    -0.07       0.11        -0.06     0.06    0.40  -0.32 -0.27  -0.16 -0.20       0.00 -0.03 -0.35        -0.06
GAS-PEN       0.05 -0.04 -0.01      0.09   -0.02        -0.00  -0.07  0.31          0.10        0.02 -0.04  0.13  0.12    0.08   0.17    -0.07     1.00       0.04         0.97     0.02    0.01  -0.18 -0.29  -0.09 -0.12      -0.01 -0.01 -0.04         0.17
GASOILINE     0.21 -0.00  0.15      0.04   -0.00         0.09   0.08  0.15          0.04        0.17  0.14  0.23 -0.04    0.27   0.26     0.11     0.04       1.00         0.03     0.31    0.16  -0.25 -0.12  -0.19 -0.15      -0.27 -0.26 -0.35        -0.25
GAS_US_mini   0.04 -0.05 -0.00      0.10   -0.01        -0.00  -0.07  0.33          0.11        0.04 -0.01  0.14  0.14    0.12   0.16    -0.06     0.97       0.03         1.00     0.02    0.05  -0.21 -0.31  -0.13 -0.18       0.01  0.03 -0.06         0.21
LEANHOG       0.17  0.21  0.26      0.21    0.05         0.21   0.15  0.09          0.10        0.01  0.12  0.21  0.16    0.25   0.21     0.06     0.02       0.31         0.02     1.00    0.19  -0.19 -0.18  -0.25 -0.26       0.09  0.10 -0.10         0.06
YENEUR        0.00  0.07  0.08      0.07    0.29         0.11   0.29  0.06          0.17        0.00  0.31  0.17  0.01    0.19   0.01     0.40     0.01       0.16         0.05     0.19    1.00  -0.53 -0.49  -0.46 -0.41       0.24  0.13 -0.66        -0.15
CAD10        -0.02 -0.16 -0.09     -0.14   -0.05        -0.18  -0.05 -0.05         -0.27       -0.18 -0.15 -0.34 -0.17   -0.34  -0.23    -0.32    -0.18      -0.25        -0.21    -0.19   -0.53   1.00  0.60   0.82  0.81      -0.13  0.05  0.35        -0.05
OAT           0.05  0.05 -0.04     -0.10   -0.06         0.02  -0.07 -0.07         -0.18        0.10 -0.07 -0.20 -0.19   -0.14  -0.07    -0.27    -0.29      -0.12        -0.31    -0.18   -0.49   0.60  1.00   0.53  0.54      -0.26 -0.08  0.23         0.00
US10U        -0.03 -0.22 -0.15     -0.11   -0.04        -0.23  -0.05 -0.06         -0.24       -0.10 -0.12 -0.25 -0.23   -0.30  -0.31    -0.16    -0.09      -0.19        -0.13    -0.25   -0.46   0.82  0.53   1.00  0.95      -0.16  0.03  0.29        -0.10
US30         -0.01 -0.15 -0.13     -0.12   -0.02        -0.15  -0.03 -0.03         -0.20       -0.12 -0.09 -0.23 -0.28   -0.26  -0.27    -0.20    -0.12      -0.15        -0.18    -0.26   -0.41   0.81  0.54   0.95  1.00      -0.18 -0.00  0.23        -0.13
EUR_micro    -0.08  0.06 -0.05     -0.07   -0.05         0.02  -0.05  0.29          0.30        0.27  0.39  0.21  0.22    0.20   0.13     0.00    -0.01      -0.27         0.01     0.09    0.24  -0.13 -0.26  -0.16 -0.18       1.00  0.78  0.54         0.59
GBP           0.18  0.21  0.24      0.24    0.25         0.22   0.27  0.41          0.34        0.23  0.43  0.18  0.17    0.25  -0.02    -0.03    -0.01      -0.26         0.03     0.10    0.13   0.05 -0.08   0.03 -0.00       0.78  1.00  0.51         0.56
JPY          -0.05 -0.01 -0.09     -0.10   -0.28        -0.08  -0.28  0.17          0.08        0.23  0.05 -0.01  0.14    0.00   0.04    -0.35    -0.04      -0.35        -0.06    -0.10   -0.66   0.35  0.23   0.29  0.23       0.54  0.51  1.00         0.59
KRWUSD_mini   0.01  0.21  0.01      0.07   -0.04         0.17  -0.08  0.35          0.12        0.21  0.21  0.14  0.17    0.16   0.17    -0.06     0.17      -0.25         0.21     0.06   -0.15  -0.05  0.00  -0.10 -0.13       0.59  0.56  0.59         1.00


********************************************************************************
                                 END OF REPORT                                  
********************************************************************************


