
********************************************************************************
               Risk report produced on 2021-10-29 20:57:15.198727               
********************************************************************************


Total risk across all strategies, annualised percentage 29.3

========================================
Risk per strategy, annualised percentage
========================================

                  risk
dynamic_TF_carry  29.4


=================================================================================================================================================================================================================================================================
                                                                                                                         Instrument risk                                                                                                                         
=================================================================================================================================================================================================================================================================

             daily_price_stdev  annual_price_stdev    price  daily_perc_stdev  annual_perc_stdev  point_size_base  contract_exposure  daily_risk_per_contract  annual_risk_per_contract  position   capital  exposure_held_perc_capital  annual_risk_perc_capital
BUND                       0.5                 8.0    168.4               0.3                4.8            844.3           142144.2                    422.2                    6754.7      -2.0  380647.2                       -74.7                      -3.5
VIX                        0.5                 8.8     22.6               2.4               38.8            729.5            16523.7                    401.2                    6418.7      -2.0  380647.2                        -8.7                      -3.4
US20                       0.9                13.9    160.8               0.5                8.7            729.5           117339.1                    634.9                   10159.2      -1.0  380647.2                       -30.8                      -2.7
BTP                        0.7                10.8    148.6               0.5                7.2            844.3           125478.0                    568.0                    9087.8      -1.0  380647.2                       -33.0                      -2.4
GAS_US_mini                0.3                 4.6      5.4               5.3               84.6           1823.8             9921.5                    524.7                    8394.5      -1.0  380647.2                        -2.6                      -2.2
EUR                        0.0                 0.1      1.2               0.4                6.4          91190.3           105379.5                    419.9                    6718.0      -1.0  380647.2                       -27.7                      -1.8
KR10                       0.7                10.7    120.9               0.6                8.9            621.1            75072.4                    415.3                    6645.4      -1.0  380647.2                       -19.7                      -1.7
GBPEUR                     0.0                 0.0      0.8               0.3                5.0         125000.0           105581.2                    327.9                    5246.8      -1.0  380647.2                       -27.7                      -1.4
LIVECOW                    1.1                17.5    129.2               0.8               13.5            291.8            37694.4                    318.8                    5101.6      -1.0  380647.2                        -9.9                      -1.3
JPY                        0.0                 0.0      0.0               0.4                5.7        9119028.9            80046.8                    284.3                    4548.6      -1.0  380647.2                       -21.0                      -1.2
BOBL                       0.2                 3.3    133.9               0.2                2.5            844.3           113033.2                    175.6                    2810.0      -1.0  380647.2                       -29.7                      -0.7
BRE                        0.0                 0.0      0.2               1.0               15.2          72952.2            12850.5                    122.1                    1953.7      -1.0  380647.2                        -3.4                      -0.5
US5                        0.2                 2.7    121.8               0.1                2.2            729.5            88819.3                    121.7                    1947.0       1.0  380647.2                        23.3                       0.5
EDOLLAR                    0.0                 0.7     98.4               0.0                0.7           1823.8           179526.3                     78.8                    1260.7       2.0  380647.2                        94.3                       0.7
US10                       0.3                 4.9    130.7               0.2                3.8            729.5            95373.6                    225.7                    3610.5       1.0  380647.2                        25.1                       0.9
NIKKEI                   357.9              5726.4  28960.0               1.2               19.8              0.6            18527.1                    229.0                    3663.4       1.0  380647.2                         4.9                       1.0
EU-OIL                     3.1                49.3    287.7               1.1               17.1             42.2            12145.1                    130.1                    2081.4       2.0  380647.2                         6.4                       1.1
NZD                        0.0                 0.1      0.7               0.5                8.3          72952.2            52182.7                    269.4                    4310.3       1.0  380647.2                        13.7                       1.1
DAX                      110.4              1766.8  15703.0               0.7               11.3              0.8            13257.8                     93.2                    1491.7       4.0  380647.2                        13.9                       1.6
SOYBEAN                   10.8               173.2   1241.0               0.9               14.0             36.5            45266.9                    394.8                    6316.4       1.0  380647.2                        11.9                       1.7
PLAT                      18.9               302.6   1021.3               1.9               29.6             36.5            37253.1                    689.8                   11036.8       1.0  380647.2                         9.8                       2.9
BRENT-LAST                 1.0                16.8     83.9               1.3               20.0            729.5            61177.7                    765.9                   12253.8       1.0  380647.2                        16.1                       3.2
FTSECHINAA               202.7              3243.9  15847.0               1.3               20.5              0.7            11560.7                    147.9                    2366.5       6.0  380647.2                        18.2                       3.7
HEATOIL                    0.0                 0.5      2.5               1.3               21.1          30639.9            75751.1                    999.0                   15983.2       1.0  380647.2                        19.9                       4.2
AEX                        5.9                95.0    810.3               0.7               11.7            168.9           136825.2                   1002.4                   16038.3       1.0  380647.2                        35.9                       4.2
BITCOIN                 2456.0             39296.7  61280.0               4.0               64.1              0.1             4470.5                    179.2                    2866.8       6.0  380647.2                         7.0                       4.5
SP400                     25.9               414.5   2782.4               0.9               14.9             73.0           202982.3                   1889.8                   30236.6       1.0  380647.2                        53.3                       7.9

Sum of abs(notional exposure % capital) 642.7
Sum of abs(annualised risk % capital) 62.1
Net sum of annualised risk % capital 16.4 

======================================================================================================================================================================================================================
                                                                                                     Correlations                                                                                                     
======================================================================================================================================================================================================================

              AEX  BITCOIN  BOBL   BRE  BRENT-LAST   BTP  BUND   DAX  EDOLLAR  EU-OIL   EUR  FTSECHINAA  GAS_US_mini  GBPEUR  HEATOIL   JPY  KR10  LIVECOW  NIKKEI   NZD  PLAT  SOYBEAN  SP400  US10  US20   US5   VIX
AEX          1.00     0.29 -0.23  0.25        0.24  0.45 -0.18  0.81    -0.36    0.71  0.12        0.38         0.01   -0.37     0.36 -0.24  0.15     0.37    0.63  0.38  0.33     0.12   0.73 -0.36 -0.34 -0.40 -0.69
BITCOIN      0.29     1.00 -0.17  0.03        0.24  0.34 -0.13  0.31    -0.10    0.34 -0.00        0.09        -0.12   -0.13     0.23 -0.14 -0.03     0.29    0.25  0.11  0.32     0.15   0.32 -0.20 -0.24 -0.17 -0.23
BOBL        -0.23    -0.17  1.00 -0.07       -0.38  0.19  0.90 -0.19     0.54   -0.32  0.18       -0.25         0.02    0.05    -0.23  0.47  0.28    -0.03   -0.15 -0.05  0.03    -0.03  -0.07  0.62  0.55  0.61  0.12
BRE          0.25     0.03 -0.07  1.00        0.12  0.09 -0.10  0.35     0.02    0.20  0.39        0.17        -0.03   -0.09     0.39  0.04 -0.13    -0.02    0.23  0.49  0.19     0.25   0.40 -0.01 -0.09  0.02 -0.25
BRENT-LAST   0.24     0.24 -0.38  0.12        1.00 -0.14 -0.50  0.42    -0.20    0.62  0.09        0.05         0.22   -0.13     0.87 -0.28 -0.03     0.11    0.10  0.15  0.26     0.13   0.39 -0.33 -0.44 -0.20 -0.29
BTP          0.45     0.34  0.19  0.09       -0.14  1.00  0.29  0.34     0.19    0.22 -0.01       -0.06        -0.10   -0.08     0.06  0.06  0.14     0.36    0.29  0.01  0.03     0.13   0.31  0.14  0.09  0.12 -0.10
BUND        -0.18    -0.13  0.90 -0.10       -0.50  0.29  1.00 -0.16     0.51   -0.36  0.15       -0.28        -0.09    0.05    -0.30  0.45  0.41     0.01   -0.12 -0.06 -0.01    -0.05  -0.09  0.67  0.70  0.56  0.15
DAX          0.81     0.31 -0.19  0.35        0.42  0.34 -0.16  1.00    -0.28    0.69  0.32        0.38         0.06   -0.35     0.48 -0.12  0.11     0.29    0.62  0.53  0.45     0.24   0.86 -0.32 -0.34 -0.34 -0.76
EDOLLAR     -0.36    -0.10  0.54  0.02       -0.20  0.19  0.51 -0.28     1.00   -0.47  0.32       -0.19         0.01    0.19    -0.22  0.66  0.13    -0.09   -0.22  0.02  0.03     0.09  -0.17  0.88  0.65  0.90  0.46
EU-OIL       0.71     0.34 -0.32  0.20        0.62  0.22 -0.36  0.69    -0.47    1.00  0.03        0.31         0.06   -0.37     0.61 -0.37 -0.08     0.26    0.42  0.30  0.34     0.20   0.64 -0.54 -0.55 -0.52 -0.67
EUR          0.12    -0.00  0.18  0.39        0.09 -0.01  0.15  0.32     0.32    0.03  1.00        0.18         0.07    0.05     0.08  0.55  0.10    -0.17    0.30  0.70  0.47     0.21   0.41  0.33  0.21  0.37 -0.21
FTSECHINAA   0.38     0.09 -0.25  0.17        0.05 -0.06 -0.28  0.38    -0.19    0.31  0.18        1.00         0.21   -0.31     0.16 -0.09 -0.27    -0.01    0.41  0.34  0.41     0.19   0.41 -0.18 -0.20 -0.18 -0.42
GAS_US_mini  0.01    -0.12  0.02 -0.03        0.22 -0.10 -0.09  0.06     0.01    0.06  0.07        0.21         1.00   -0.22     0.12  0.04 -0.04    -0.15    0.02  0.14  0.09     0.05   0.12 -0.04 -0.10  0.03 -0.15
GBPEUR      -0.37    -0.13  0.05 -0.09       -0.13 -0.08  0.05 -0.35     0.19   -0.37  0.05       -0.31        -0.22    1.00    -0.26  0.11  0.04    -0.03   -0.28 -0.30 -0.21    -0.14  -0.42  0.19  0.17  0.22  0.31
HEATOIL      0.36     0.23 -0.23  0.39        0.87  0.06 -0.30  0.48    -0.22    0.61  0.08        0.16         0.12   -0.26     1.00 -0.26 -0.06     0.13    0.24  0.25  0.28     0.26   0.46 -0.33 -0.44 -0.26 -0.39
JPY         -0.24    -0.14  0.47  0.04       -0.28  0.06  0.45 -0.12     0.66   -0.37  0.55       -0.09         0.04    0.11    -0.26  1.00  0.21    -0.20   -0.07  0.30  0.07     0.07  -0.01  0.70  0.59  0.68  0.30
KR10         0.15    -0.03  0.28 -0.13       -0.03  0.14  0.41  0.11     0.13   -0.08  0.10       -0.27        -0.04    0.04    -0.06  0.21  1.00     0.05   -0.08 -0.04 -0.05    -0.15  -0.00  0.27  0.32  0.17 -0.08
LIVECOW      0.37     0.29 -0.03 -0.02        0.11  0.36  0.01  0.29    -0.09    0.26 -0.17       -0.01        -0.15   -0.03     0.13 -0.20  0.05     1.00    0.14 -0.15  0.03    -0.06   0.27 -0.12 -0.13 -0.13 -0.17
NIKKEI       0.63     0.25 -0.15  0.23        0.10  0.29 -0.12  0.62    -0.22    0.42  0.30        0.41         0.02   -0.28     0.24 -0.07 -0.08     0.14    1.00  0.54  0.36     0.15   0.64 -0.20 -0.18 -0.21 -0.51
NZD          0.38     0.11 -0.05  0.49        0.15  0.01 -0.06  0.53     0.02    0.30  0.70        0.34         0.14   -0.30     0.25  0.30 -0.04    -0.15    0.54  1.00  0.48     0.30   0.64  0.00 -0.08  0.02 -0.42
PLAT         0.33     0.32  0.03  0.19        0.26  0.03 -0.01  0.45     0.03    0.34  0.47        0.41         0.09   -0.21     0.28  0.07 -0.05     0.03    0.36  0.48  1.00     0.27   0.55 -0.01 -0.09 -0.00 -0.45
SOYBEAN      0.12     0.15 -0.03  0.25        0.13  0.13 -0.05  0.24     0.09    0.20  0.21        0.19         0.05   -0.14     0.26  0.07 -0.15    -0.06    0.15  0.30  0.27     1.00   0.25 -0.03 -0.14  0.03 -0.09
SP400        0.73     0.32 -0.07  0.40        0.39  0.31 -0.09  0.86    -0.17    0.64  0.41        0.41         0.12   -0.42     0.46 -0.01 -0.00     0.27    0.64  0.64  0.55     0.25   1.00 -0.23 -0.29 -0.21 -0.70
US10        -0.36    -0.20  0.62 -0.01       -0.33  0.14  0.67 -0.32     0.88   -0.54  0.33       -0.18        -0.04    0.19    -0.33  0.70  0.27    -0.12   -0.20  0.00 -0.01    -0.03  -0.23  1.00  0.90  0.90  0.43
US20        -0.34    -0.24  0.55 -0.09       -0.44  0.09  0.70 -0.34     0.65   -0.55  0.21       -0.20        -0.10    0.17    -0.44  0.59  0.32    -0.13   -0.18 -0.08 -0.09    -0.14  -0.29  0.90  1.00  0.72  0.40
US5         -0.40    -0.17  0.61  0.02       -0.20  0.12  0.56 -0.34     0.90   -0.52  0.37       -0.18         0.03    0.22    -0.26  0.68  0.17    -0.13   -0.21  0.02 -0.00     0.03  -0.21  0.90  0.72  1.00  0.46
VIX         -0.69    -0.23  0.12 -0.25       -0.29 -0.10  0.15 -0.76     0.46   -0.67 -0.21       -0.42        -0.15    0.31    -0.39  0.30 -0.08    -0.17   -0.51 -0.42 -0.45    -0.09  -0.70  0.43  0.40  0.46  1.00


********************************************************************************
                               END OF RISK REPORT                               
********************************************************************************


