
********************************************************************************
                    Risk report produced on 08/04/2024 22:53                    
********************************************************************************


Total risk across all strategies, annualised percentage 15.5
Percentage of capital used for margin 74.2%

========================================
Risk per strategy, annualised percentage
========================================

                  risk
dynamic_TF_carry  15.5


===================
Risk by asset class
===================

Ags       3.7
Bond      7.4
Equity    7.5
FX        4.2
Metals    3.5
OilGas    3.6
Sector    1.0
Vol       1.5
dtype: float64


=====================================================
Beta loadings of asset class positions on asset class
=====================================================

Bond     -1.27
Metals   -0.15
Sector   -0.05
FX       -0.04
Vol      -0.04
Ags       0.06
OilGas    0.12
Equity    0.71
dtype: float64


========================================================
Beta loadings of full portfolio positions on asset class
========================================================

Bond     -1.75
Vol      -0.19
FX       -0.17
Metals   -0.15
OilGas    0.22
Sector    0.23
Ags       0.24
Equity    0.81
dtype: float64


===================================================================================================================================================================================================================================================================
                                                                                                                          Instrument risk                                                                                                                          
===================================================================================================================================================================================================================================================================

               daily_price_stdev  annual_price_stdev     price  daily_perc_stdev  annual_perc_stdev  point_size_base  contract_exposure  daily_risk_per_contract  annual_risk_per_contract  position  capital  exposure_held_perc_capital  annual_risk_perc_capital
BUND                       0.564               9.017    131.81              0.43                6.8            857.6             113042                      483                      7733        -3   677037                       -50.1                      -3.4
BUXL                       1.296              20.733    131.96              0.98               15.7            857.6             113170                     1111                     17781        -1   677037                       -16.7                      -2.6
CHF                        0.005               0.077      1.11              0.43                6.9          99035.8             110311                      474                      7590        -2   677037                       -32.6                      -2.2
GOLD_micro                17.030             272.473   2357.30              0.72               11.6              7.9              18676                      134                      2158        -7   677037                       -19.3                      -2.2
GAS_US_mini                0.094               1.505      2.05              4.59               73.4           1980.7               4060                      186                      2981        -4   677037                        -2.4                      -1.8
CHINAA-CON                18.442             295.067   1928.40              0.96               15.3             19.8              38196                      365                      5844        -2   677037                       -11.3                      -1.7
PLAT                      16.247             259.957    976.40              1.66               26.6             39.6              38679                      643                     10298        -1   677037                        -5.7                      -1.5
VIX                        0.392               6.272     16.40              2.39               38.2            792.3              12993                      310                      4969        -2   677037                        -3.8                      -1.5
CORN                       5.587              89.389    473.00              1.18               18.9             39.6              18737                      221                      3541        -2   677037                        -5.5                      -1.0
EU-TECH                    9.688             155.010    863.20              1.12               18.0             42.9              37014                      415                      6646        -1   677037                        -5.5                      -1.0
BITCOIN                 2216.066           35457.048  72345.00              3.06               49.0              0.1               5731                      175                      2809        -2   677037                        -1.7                      -0.8
JPY                        0.000               0.001      0.01              0.49                7.9        9903578.8              65947                      324                      5194        -1   677037                        -9.7                      -0.8
US3                        0.192               3.067    103.66              0.18                3.0           1584.6             164263                      303                      4859        -1   677037                       -24.3                      -0.7
HANG_mini                249.975            3999.592  16771.00              1.49               23.8              1.0              16968                      252                      4046        -1   677037                        -2.5                      -0.6
BOBL                       0.290               4.648    117.50              0.25                4.0            857.6             100769                      249                      3986        -1   677037                       -14.9                      -0.6
US2                        0.123               1.975    101.91              0.12                1.9           1584.6             161490                      195                      3129        -1   677037                       -23.9                      -0.5
MILLWHEAT                  2.955              47.274    217.75              1.36               21.7             42.9               9337                      126                      2027        -1   677037                        -1.4                      -0.3
DOW                      274.278            4388.444  39254.00              0.70               11.2              0.4              15550                      108                      1738         1   677037                         2.3                       0.3
TOPIX                     22.968             367.490   2733.50              0.84               13.4              5.2              14257                      119                      1916         1   677037                         2.1                       0.3
CRUDE_W_micro              1.079              17.260     84.84              1.27               20.3             79.2               6721                       85                      1367         2   677037                         2.0                       0.4
IRON                       2.814              45.017    104.15              2.70               43.2             79.2               8251                      222                      3566         1   677037                         1.2                       0.5
LIVECOW                    1.474              23.588    173.32              0.85               13.6            316.9              54929                      467                      7475         1   677037                         8.1                       1.1
MXP                        0.000               0.005      0.06              0.47                7.5         396143.2              23978                      113                      1809         5   677037                        17.7                       1.3
SMI                       76.131            1218.098  11454.00              0.66               10.6              8.7             100212                      666                     10657         1   677037                        14.8                       1.6
SPI200                    51.387             822.192   7841.00              0.66               10.5             13.0             102207                      669                     10717         1   677037                        15.1                       1.6
NIKKEI                   405.626            6490.016  39465.00              1.03               16.4              0.5              20584                      211                      3385         4   677037                        12.2                       2.0
MIB                      212.698            3403.172  33670.00              0.63               10.1              4.3             144379                      912                     14593         1   677037                        21.3                       2.2
AEX                        5.747              91.953    885.10              0.65               10.4            171.5             151814                      985                     15772         1   677037                        22.4                       2.3
YENEUR                     0.758              12.129    163.52              0.46                7.4            652.0             106613                      494                      7908         2   677037                        31.5                       2.3
GASOILINE                  0.037               0.586      2.73              1.34               21.4          33276.0              90963                     1219                     19506         1   677037                        13.4                       2.9
COCOA                    182.558            2920.930   9286.00              1.97               31.5              7.9              73571                     1446                     23142         1   677037                        10.9                       3.4

Sum of abs(notional exposure % capital) 406.3
Sum of abs(annualised risk % capital) 45.4
Net sum of annualised risk % capital -1.0 

===================================================================================================================================================================================================================================================================
                                                                                                                           Correlations                                                                                                                            
===================================================================================================================================================================================================================================================================

                AEX   DOW  EU-TECH   MIB   MXP  NIKKEI   SMI  SPI200  TOPIX  BITCOIN  CORN  IRON  MILLWHEAT  CHINAA-CON  COCOA  CRUDE_W_micro  GASOILINE  GAS_US_mini  HANG_mini  LIVECOW  YENEUR  BOBL  BUND  BUXL   CHF  GOLD_micro   JPY  PLAT   US2   US3   VIX
AEX            1.00  0.63     0.88  0.71  0.32    0.50  0.61    0.67   0.49     0.04 -0.02  0.27      -0.19        0.45   0.24           0.18       0.27        -0.08       0.44     0.23    0.03  0.26  0.35  0.36  0.16        0.19  0.19  0.22  0.15  0.24 -0.44
DOW            0.63  1.00     0.53  0.60  0.38    0.50  0.54    0.56   0.51     0.04  0.07  0.30      -0.05        0.15   0.30           0.22       0.31         0.10       0.25     0.35    0.11  0.25  0.28  0.27  0.21        0.15  0.14  0.29  0.24  0.28 -0.60
EU-TECH        0.88  0.53     1.00  0.57  0.27    0.47  0.50    0.54   0.42    -0.01 -0.03  0.31      -0.28        0.39   0.08           0.01       0.14        -0.08       0.39     0.21    0.03  0.32  0.40  0.39  0.20        0.20  0.24  0.22  0.28  0.36 -0.45
MIB            0.71  0.60     0.57  1.00  0.58    0.47  0.64    0.55   0.49    -0.08 -0.01  0.10      -0.13        0.27   0.31           0.22       0.21        -0.12       0.37     0.20   -0.05  0.14  0.27  0.30  0.15        0.18  0.24  0.32 -0.02  0.09 -0.47
MXP            0.32  0.38     0.27  0.58  1.00    0.30  0.46    0.40   0.31     0.05  0.06  0.21      -0.01        0.10   0.14           0.23       0.27        -0.01       0.27     0.27    0.04  0.13  0.21  0.22  0.24        0.20  0.25  0.44  0.04  0.14 -0.39
NIKKEI         0.50  0.50     0.47  0.47  0.30    1.00  0.38    0.38   0.94    -0.13 -0.00  0.19      -0.13        0.26   0.17           0.12       0.14         0.20       0.21     0.31    0.48 -0.08  0.02  0.10 -0.07       -0.05 -0.32  0.01 -0.03  0.02 -0.41
SMI            0.61  0.54     0.50  0.64  0.46    0.38  1.00    0.46   0.44     0.04  0.00  0.09      -0.02        0.32   0.07           0.15       0.15         0.06       0.33     0.19    0.01  0.28  0.35  0.38  0.05        0.10  0.18  0.31  0.12  0.20 -0.44
SPI200         0.67  0.56     0.54  0.55  0.40    0.38  0.46    1.00   0.43     0.05  0.21  0.30       0.01        0.18   0.24           0.10       0.11        -0.08       0.31     0.21   -0.09  0.31  0.40  0.45  0.15        0.12  0.22  0.15  0.10  0.21 -0.46
TOPIX          0.49  0.51     0.42  0.49  0.31    0.94  0.44    0.43   1.00    -0.13  0.04  0.22      -0.04        0.23   0.15           0.14       0.13         0.26       0.17     0.31    0.44 -0.10 -0.00  0.08 -0.10       -0.03 -0.32  0.00 -0.04  0.02 -0.43
BITCOIN        0.04  0.04    -0.01 -0.08  0.05   -0.13  0.04    0.05  -0.13     1.00  0.02  0.00      -0.07       -0.00   0.09          -0.08      -0.01        -0.07      -0.05    -0.27   -0.18  0.22  0.23  0.23  0.05        0.15  0.21 -0.02  0.19  0.17 -0.09
CORN          -0.02  0.07    -0.03 -0.01  0.06   -0.00  0.00    0.21   0.04     0.02  1.00  0.20       0.63       -0.07   0.09          -0.01       0.03         0.08      -0.02     0.03   -0.01  0.00  0.03  0.08  0.02        0.09  0.04 -0.07 -0.03 -0.03 -0.03
IRON           0.27  0.30     0.31  0.10  0.21    0.19  0.09    0.30   0.22     0.00  0.20  1.00       0.10       -0.03  -0.10          -0.04       0.04         0.04       0.17     0.07   -0.04  0.10  0.12  0.14  0.16        0.00  0.08  0.09  0.04  0.05 -0.21
MILLWHEAT     -0.19 -0.05    -0.28 -0.13 -0.01   -0.13 -0.02    0.01  -0.04    -0.07  0.63  0.10       1.00       -0.11   0.12          -0.02       0.00         0.09      -0.05    -0.15   -0.05 -0.06 -0.06  0.00 -0.12       -0.02 -0.11 -0.14 -0.22 -0.22  0.06
CHINAA-CON     0.45  0.15     0.39  0.27  0.10    0.26  0.32    0.18   0.23    -0.00 -0.07 -0.03      -0.11        1.00   0.18           0.14       0.24         0.02       0.75     0.12    0.23 -0.17 -0.12 -0.11 -0.04        0.01 -0.06  0.07 -0.11 -0.07 -0.31
COCOA          0.24  0.30     0.08  0.31  0.14    0.17  0.07    0.24   0.15     0.09  0.09 -0.10       0.12        0.18   1.00           0.15       0.22        -0.15       0.09    -0.02    0.07 -0.02 -0.01 -0.02 -0.17        0.24 -0.13  0.02 -0.11 -0.10 -0.18
CRUDE_W_micro  0.18  0.22     0.01  0.22  0.23    0.12  0.15    0.10   0.14    -0.08 -0.01 -0.04      -0.02        0.14   0.15           1.00       0.86         0.10       0.04     0.48    0.10 -0.26 -0.24 -0.23  0.08        0.27  0.01  0.34 -0.11 -0.10 -0.06
GASOILINE      0.27  0.31     0.14  0.21  0.27    0.14  0.15    0.11   0.13    -0.01  0.03  0.04       0.00        0.24   0.22           0.86       1.00         0.03       0.14     0.42    0.09 -0.25 -0.22 -0.21  0.02        0.20 -0.01  0.24 -0.14 -0.15 -0.18
GAS_US_mini   -0.08  0.10    -0.08 -0.12 -0.01    0.20  0.06   -0.08   0.26    -0.07  0.08  0.04       0.09        0.02  -0.15           0.10       0.03         1.00       0.05     0.11    0.30 -0.16 -0.16 -0.15 -0.09       -0.16 -0.32 -0.02 -0.05 -0.06 -0.16
HANG_mini      0.44  0.25     0.39  0.37  0.27    0.21  0.33    0.31   0.17    -0.05 -0.02  0.17      -0.05        0.75   0.09           0.04       0.14         0.05       1.00     0.08    0.11 -0.05 -0.01  0.01  0.18       -0.03  0.10  0.07 -0.11 -0.05 -0.38
LIVECOW        0.23  0.35     0.21  0.20  0.27    0.31  0.19    0.21   0.31    -0.27  0.03  0.07      -0.15        0.12  -0.02           0.48       0.42         0.11       0.08     1.00    0.28 -0.11 -0.10 -0.11 -0.01        0.09 -0.11  0.30 -0.04 -0.02 -0.22
YENEUR         0.03  0.11     0.03 -0.05  0.04    0.48  0.01   -0.09   0.44    -0.18 -0.01 -0.04      -0.05        0.23   0.07           0.10       0.09         0.30       0.11     0.28    1.00 -0.44 -0.41 -0.36 -0.16       -0.14 -0.69 -0.12 -0.23 -0.24 -0.12
BOBL           0.26  0.25     0.32  0.14  0.13   -0.08  0.28    0.31  -0.10     0.22  0.00  0.10      -0.06       -0.17  -0.02          -0.26      -0.25        -0.16      -0.05    -0.11   -0.44  1.00  0.97  0.87  0.36        0.39  0.54  0.27  0.72  0.75 -0.05
BUND           0.35  0.28     0.40  0.27  0.21    0.02  0.35    0.40  -0.00     0.23  0.03  0.12      -0.06       -0.12  -0.01          -0.24      -0.22        -0.16      -0.01    -0.10   -0.41  0.97  1.00  0.95  0.37        0.40  0.53  0.28  0.65  0.70 -0.09
BUXL           0.36  0.27     0.39  0.30  0.22    0.10  0.38    0.45   0.08     0.23  0.08  0.14       0.00       -0.11  -0.02          -0.23      -0.21        -0.15       0.01    -0.11   -0.36  0.87  0.95  1.00  0.35        0.39  0.48  0.27  0.52  0.58 -0.09
CHF            0.16  0.21     0.20  0.15  0.24   -0.07  0.05    0.15  -0.10     0.05  0.02  0.16      -0.12       -0.04  -0.17           0.08       0.02        -0.09       0.18    -0.01   -0.16  0.36  0.37  0.35  1.00        0.50  0.64  0.45  0.49  0.53  0.08
GOLD_micro     0.19  0.15     0.20  0.18  0.20   -0.05  0.10    0.12  -0.03     0.15  0.09  0.00      -0.02        0.01   0.24           0.27       0.20        -0.16      -0.03     0.09   -0.14  0.39  0.40  0.39  0.50        1.00  0.48  0.57  0.49  0.49  0.15
JPY            0.19  0.14     0.24  0.24  0.25   -0.32  0.18    0.22  -0.32     0.21  0.04  0.08      -0.11       -0.06  -0.13           0.01      -0.01        -0.32       0.10    -0.11   -0.69  0.54  0.53  0.48  0.64        0.48  1.00  0.49  0.56  0.60 -0.04
PLAT           0.22  0.29     0.22  0.32  0.44    0.01  0.31    0.15   0.00    -0.02 -0.07  0.09      -0.14        0.07   0.02           0.34       0.24        -0.02       0.07     0.30   -0.12  0.27  0.28  0.27  0.45        0.57  0.49  1.00  0.32  0.36 -0.03
US2            0.15  0.24     0.28 -0.02  0.04   -0.03  0.12    0.10  -0.04     0.19 -0.03  0.04      -0.22       -0.11  -0.11          -0.11      -0.14        -0.05      -0.11    -0.04   -0.23  0.72  0.65  0.52  0.49        0.49  0.56  0.32  1.00  0.98 -0.06
US3            0.24  0.28     0.36  0.09  0.14    0.02  0.20    0.21   0.02     0.17 -0.03  0.05      -0.22       -0.07  -0.10          -0.10      -0.15        -0.06      -0.05    -0.02   -0.24  0.75  0.70  0.58  0.53        0.49  0.60  0.36  0.98  1.00 -0.13
VIX           -0.44 -0.60    -0.45 -0.47 -0.39   -0.41 -0.44   -0.46  -0.43    -0.09 -0.03 -0.21       0.06       -0.31  -0.18          -0.06      -0.18        -0.16      -0.38    -0.22   -0.12 -0.05 -0.09 -0.09  0.08        0.15 -0.04 -0.03 -0.06 -0.13  1.00


********************************************************************************
                                 END OF REPORT                                  
********************************************************************************


