
********************************************************************************
                    Risk report produced on 30/10/2023 22:52                    
********************************************************************************


Total risk across all strategies, annualised percentage 13.0
Percentage of capital used for margin 52.1%

========================================
Risk per strategy, annualised percentage
========================================

                  risk
dynamic_TF_carry  13.0


===================
Risk by asset class
===================

Ags       1.9
Bond      5.8
Equity    4.3
FX        5.8
Metals    0.4
Sector    2.8
dtype: float64


=====================================================
Beta loadings of asset class positions on asset class
=====================================================

FX       -0.82
Bond     -0.51
Equity   -0.27
Metals   -0.00
Ags       0.06
Sector    0.16
dtype: float64


========================================================
Beta loadings of full portfolio positions on asset class
========================================================

FX       -1.22
Bond     -0.79
Equity   -0.32
Metals   -0.18
Ags       0.07
Sector    0.10
dtype: float64


==================================================================================================================================================================================================================================================================
                                                                                                                         Instrument risk                                                                                                                          
==================================================================================================================================================================================================================================================================

              daily_price_stdev  annual_price_stdev     price  daily_perc_stdev  annual_perc_stdev  point_size_base  contract_exposure  daily_risk_per_contract  annual_risk_per_contract  position  capital  exposure_held_perc_capital  annual_risk_perc_capital
US20                      1.136              18.177    109.16              1.04               16.7            824.4              89988                      936                     14984        -1   391999                       -23.0                      -3.8
DAX                     134.493            2151.888  14793.00              0.91               14.5              0.9              12883                      117                      1874        -6   391999                       -19.7                      -2.9
BUND                      0.669              10.700    128.69              0.52                8.3            870.9             112075                      582                      9318        -1   391999                       -28.6                      -2.4
CHF                       0.005               0.076      1.11              0.43                6.8         103050.3             114880                      490                      7849        -1   391999                       -29.3                      -2.0
RUSSELL                  22.228             355.641   1653.10              1.34               21.5              4.1               6814                       91                      1465        -4   391999                        -7.0                      -1.5
AUD                       0.004               0.066      0.64              0.64               10.3          82440.2              52650                      337                      5407        -1   391999                       -13.4                      -1.4
JPY                       0.000               0.000      0.01              0.45                7.3       10305028.9              69667                      316                      5070        -1   391999                       -17.8                      -1.3
GBP                       0.006               0.097      1.22              0.50                8.0          51525.1              62726                      312                      4994        -1   391999                       -16.0                      -1.3
NASDAQ_micro            189.209            3027.346  14414.25              1.31               21.0              1.6              23766                      311                      4991        -1   391999                        -6.1                      -1.3
NZD                       0.004               0.059      0.58              0.63               10.0          82440.2              48149                      301                      4829        -1   391999                       -12.3                      -1.2
EURO600                   3.743              59.887    432.50              0.87               13.8             43.5              18833                      162                      2607        -1   391999                        -4.8                      -0.7
COPPER-micro              0.042               0.671      3.65              1.15               18.4           2061.0               7530                       86                      1382        -1   391999                        -1.9                      -0.4
BITCOIN                 884.293           14148.694  34770.00              2.54               40.7              0.1               2866                       72                      1166         1   391999                         0.7                       0.3
MXP                       0.000               0.007      0.05              0.76               12.2         412201.2              22662                      172                      2759         2   391999                        11.6                       1.4
LEANHOG                   1.426              22.818     74.32              1.92               30.7            329.8              24509                      470                      7524         1   391999                         6.3                       1.9
NIKKEI                  358.615            5737.848  30580.00              1.17               18.8              0.6              16869                      197                      3165         3   391999                        12.9                       2.4
EU-OIL                    3.976              63.616    360.80              1.10               17.6             43.5              15711                      173                      2770         4   391999                        16.0                       2.8

Sum of abs(notional exposure % capital) 227.4
Sum of abs(annualised risk % capital) 29.0
Net sum of annualised risk % capital -11.4 

==================================================================================================================================================
                                                                   Correlations                                                                   
==================================================================================================================================================

               DAX  EURO600  NASDAQ_micro  RUSSELL  EU-OIL  LEANHOG   MXP  NIKKEI  BUND  US20   AUD   CHF  COPPER-micro   GBP   JPY   NZD  BITCOIN
DAX           1.00     0.93          0.64     0.67    0.52     0.30  0.54    0.68  0.34  0.36  0.49  0.37          0.42  0.45  0.28  0.46    -0.09
EURO600       0.93     1.00          0.62     0.69    0.60     0.29  0.58    0.71  0.36  0.36  0.47  0.30          0.40  0.36  0.21  0.43    -0.04
NASDAQ_micro  0.64     0.62          1.00     0.72    0.19     0.16  0.27    0.60  0.37  0.40  0.52  0.34          0.44  0.49  0.24  0.51     0.13
RUSSELL       0.67     0.69          0.72     1.00    0.45     0.36  0.41    0.51  0.20  0.26  0.56  0.31          0.51  0.37  0.18  0.45     0.17
EU-OIL        0.52     0.60          0.19     0.45    1.00     0.27  0.45    0.50 -0.13 -0.05  0.25  0.12          0.41  0.12 -0.00  0.16    -0.03
LEANHOG       0.30     0.29          0.16     0.36    0.27     1.00  0.20    0.20 -0.20 -0.05  0.22 -0.02          0.15  0.09  0.01  0.20    -0.07
MXP           0.54     0.58          0.27     0.41    0.45     0.20  1.00    0.43  0.16  0.27  0.43  0.22          0.36  0.31  0.20  0.34    -0.04
NIKKEI        0.68     0.71          0.60     0.51    0.50     0.20  0.43    1.00  0.12  0.19  0.27  0.09          0.29  0.19 -0.20  0.24    -0.09
BUND          0.34     0.36          0.37     0.20   -0.13    -0.20  0.16    0.12  1.00  0.73  0.25  0.31          0.09  0.39  0.45  0.29     0.19
US20          0.36     0.36          0.40     0.26   -0.05    -0.05  0.27    0.19  0.73  1.00  0.35  0.36          0.20  0.47  0.46  0.41     0.11
AUD           0.49     0.47          0.52     0.56    0.25     0.22  0.43    0.27  0.25  0.35  1.00  0.65          0.66  0.71  0.57  0.88     0.16
CHF           0.37     0.30          0.34     0.31    0.12    -0.02  0.22    0.09  0.31  0.36  0.65  1.00          0.47  0.73  0.64  0.62     0.06
COPPER-micro  0.42     0.40          0.44     0.51    0.41     0.15  0.36    0.29  0.09  0.20  0.66  0.47          1.00  0.59  0.41  0.58     0.20
GBP           0.45     0.36          0.49     0.37    0.12     0.09  0.31    0.19  0.39  0.47  0.71  0.73          0.59  1.00  0.60  0.76     0.17
JPY           0.28     0.21          0.24     0.18   -0.00     0.01  0.20   -0.20  0.45  0.46  0.57  0.64          0.41  0.60  1.00  0.58     0.03
NZD           0.46     0.43          0.51     0.45    0.16     0.20  0.34    0.24  0.29  0.41  0.88  0.62          0.58  0.76  0.58  1.00     0.18
BITCOIN      -0.09    -0.04          0.13     0.17   -0.03    -0.07 -0.04   -0.09  0.19  0.11  0.16  0.06          0.20  0.17  0.03  0.18     1.00


********************************************************************************
                                 END OF REPORT                                  
********************************************************************************


