
********************************************************************************
                    Risk report produced on 02/12/2024 22:52                    
********************************************************************************


Total risk across all strategies, annualised percentage 10.9
Percentage of capital used for margin 73.6%

========================================
Risk per strategy, annualised percentage
========================================

                  risk
dynamic_TF_carry  10.9


===================
Risk by asset class
===================

Ags       5.3
Equity    5.0
FX        4.1
Metals    2.3
OilGas    3.7
Other     0.8
Vol       2.1
dtype: float64


=====================================================
Beta loadings of asset class positions on asset class
=====================================================

FX       -0.61
OilGas   -0.13
Metals   -0.09
Vol      -0.04
Other     0.03
Ags       0.33
Equity    0.35
dtype: float64


========================================================
Beta loadings of full portfolio positions on asset class
========================================================

FX       -0.87
Vol      -0.20
OilGas   -0.12
Metals   -0.06
Other     0.01
Ags       0.26
Equity    0.53
dtype: float64


===================================================================================================================================================================================================================================================================
                                                                                                                          Instrument risk                                                                                                                          
===================================================================================================================================================================================================================================================================

               daily_price_stdev  annual_price_stdev     price  daily_perc_stdev  annual_perc_stdev  point_size_base  contract_exposure  daily_risk_per_contract  annual_risk_per_contract  position  capital  exposure_held_perc_capital  annual_risk_perc_capital
CHF                        0.006               0.089      1.13              0.49                7.8          98380.7             111278                      545                      8720        -2   584491                       -38.1                      -3.0
BRENT-LAST                 1.305              20.882     71.48              1.83               29.2            787.0              56257                     1027                     16434        -1   584491                        -9.6                      -2.8
ALUMINIUM                 42.479             679.667   2582.00              1.65               26.3             19.7              50803                      835                     13373        -1   584491                        -8.7                      -2.3
VIX                        0.495               7.913     15.95              3.10               49.6            787.0              12553                      389                      6227        -2   584491                        -4.3                      -2.1
JPY                        0.000               0.001      0.01              0.72               11.5        9838065.4              65910                      473                      7577        -1   584491                       -11.3                      -1.3
KOSDAQ                    22.721             363.541   1146.20              1.98               31.7              5.5               6314                      125                      2002        -3   584491                        -3.2                      -1.0
CRUDE_W_micro              1.319              21.103     67.78              1.95               31.1             78.7               5334                      103                      1660        -3   584491                        -2.7                      -0.9
SOYMEAL                    3.844              61.512    288.00              1.33               21.4             78.7              22666                      302                      4841        -1   584491                        -3.9                      -0.8
GAS_US_mini                0.120               1.924      3.20              3.76               60.1           1967.6               6296                      236                      3785        -1   584491                        -1.1                      -0.6
CAD                        0.002               0.036      0.71              0.32                5.1          78704.5              56092                      178                      2856        -1   584491                        -9.6                      -0.5
IRON                       1.976              31.617    104.10              1.90               30.4             78.7               8193                      155                      2488        -1   584491                        -1.4                      -0.4
EURO600                    3.627              58.034    513.60              0.71               11.3             41.5              21290                      150                      2405        -1   584491                        -3.6                      -0.4
CANOLA                    10.517             168.274    593.50              1.77               28.4             11.2               6663                      118                      1889        -1   584491                        -1.1                      -0.3
MILLWHEAT                  2.610              41.768    223.00              1.17               18.7             41.5               9244                      108                      1731        -1   584491                        -1.6                      -0.3
MUMMY                     10.239             163.824    638.00              1.60               25.7              5.2               3340                       53                       857         1   584491                         0.6                       0.1
TOPIX                     28.319             453.102   2714.50              1.04               16.7              5.2              14211                      148                      2372         1   584491                         2.4                       0.4
GOLD_micro                28.819             461.104   2662.50              1.08               17.3              7.9              20955                      226                      3629         1   584491                         3.6                       0.6
RUSSELL                   29.089             465.419   2445.30              1.19               19.0              3.9               9622                      114                      1831         2   584491                         3.3                       0.6
RUBBER                     3.540              56.645    200.20              1.77               28.3             39.4               7878                      139                      2229         2   584491                         2.7                       0.8
MSCISING                   2.929              46.858    373.40              0.78               12.5             58.6              21867                      171                      2744         2   584491                         7.5                       0.9
LEANHOG                    1.146              18.340     88.00              1.30               20.8            314.8              27703                      360                      5773         1   584491                         4.7                       1.0
FANG                     146.388            2342.211  12601.20              1.16               18.6              3.9              49588                      576                      9217         1   584491                         8.5                       1.6
FTSETAIWAN                20.256             324.091   1902.25              1.06               17.0             31.5              59886                      637                     10202         1   584491                        10.2                       1.7
FEEDCOW                    1.855              29.683    255.65              0.73               11.6            393.5             100604                      730                     11680         1   584491                        17.2                       2.0
DOW                      320.159            5122.541  44950.00              0.71               11.4              0.4              17688                      125                      2015         6   584491                        18.2                       2.1
COCOA                    210.868            3373.891   9027.00              2.34               37.4              7.9              71046                     1659                     26554         1   584491                        12.2                       4.5

Sum of abs(notional exposure % capital) 191.3
Sum of abs(annualised risk % capital) 33.0
Net sum of annualised risk % capital -0.4 

=================================================================================================================================================================================================================================================
                                                                                                                  Correlations                                                                                                                   
=================================================================================================================================================================================================================================================

               BRENT-LAST  CRUDE_W_micro  FEEDCOW   DOW  EURO600  FANG  FTSETAIWAN  KOSDAQ  MSCISING  MUMMY  RUSSELL  TOPIX   CAD   CHF  GOLD_micro   JPY  ALUMINIUM  CANOLA  COCOA  GAS_US_mini  IRON  LEANHOG  MILLWHEAT  RUBBER  SOYMEAL   VIX
BRENT-LAST           1.00           0.99     0.49  0.21     0.16  0.09        0.37    0.23      0.11   0.26     0.18   0.30  0.16 -0.12        0.10 -0.20       0.23    0.19  -0.03         0.04  0.07     0.03       0.08    0.31     0.11 -0.09
CRUDE_W_micro        0.99           1.00     0.49  0.21     0.13  0.08        0.37    0.22      0.10   0.25     0.17   0.29  0.15 -0.11        0.09 -0.19       0.18    0.19  -0.05         0.05  0.05     0.01       0.08    0.30     0.08 -0.09
FEEDCOW              0.49           0.49     1.00  0.34     0.29  0.15        0.28    0.16      0.22   0.32     0.27   0.34  0.01 -0.15        0.12 -0.16       0.10    0.00  -0.06         0.07  0.14     0.22       0.05    0.12    -0.07 -0.27
DOW                  0.21           0.21     0.34  1.00     0.63  0.43        0.42    0.45      0.42   0.66     0.86   0.53  0.24  0.07        0.14  0.18      -0.06   -0.12  -0.02        -0.13 -0.01     0.12      -0.08   -0.06    -0.00 -0.70
EURO600              0.16           0.13     0.29  0.63     1.00  0.35        0.49    0.51      0.34   0.54     0.57   0.52  0.41  0.20        0.29  0.09       0.14    0.02   0.00        -0.03 -0.01     0.20       0.08    0.09     0.10 -0.48
FANG                 0.09           0.08     0.15  0.43     0.35  1.00        0.61    0.40      0.46   0.45     0.32   0.52  0.10 -0.19        0.07 -0.27       0.04   -0.00   0.15         0.05 -0.00    -0.21      -0.13   -0.11    -0.22 -0.60
FTSETAIWAN           0.37           0.37     0.28  0.42     0.49  0.61        1.00    0.51      0.46   0.49     0.36   0.53  0.23 -0.06        0.24 -0.29       0.15    0.13   0.02        -0.01  0.03    -0.04      -0.05    0.07    -0.16 -0.45
KOSDAQ               0.23           0.22     0.16  0.45     0.51  0.40        0.51    1.00      0.26   0.42     0.41   0.47  0.18  0.00       -0.02 -0.16       0.01    0.04   0.07        -0.13 -0.05    -0.03       0.05    0.07     0.07 -0.39
MSCISING             0.11           0.10     0.22  0.42     0.34  0.46        0.46    0.26      1.00   0.51     0.35   0.47  0.19 -0.22        0.13 -0.17       0.13    0.14   0.20         0.16 -0.10     0.01       0.05   -0.11    -0.11 -0.50
MUMMY                0.26           0.25     0.32  0.66     0.54  0.45        0.49    0.42      0.51   1.00     0.66   0.79  0.22 -0.02        0.18 -0.09       0.01   -0.05   0.07        -0.07  0.03     0.16      -0.10    0.03    -0.03 -0.51
RUSSELL              0.18           0.17     0.27  0.86     0.57  0.32        0.36    0.41      0.35   0.66     1.00   0.56  0.18  0.05        0.12  0.22       0.02   -0.01   0.02        -0.26  0.02     0.24      -0.10   -0.02    -0.03 -0.57
TOPIX                0.30           0.29     0.34  0.53     0.52  0.52        0.53    0.47      0.47   0.79     0.56   1.00  0.12 -0.25        0.19 -0.41       0.08    0.05   0.05        -0.03  0.13     0.09      -0.04   -0.02    -0.13 -0.47
CAD                  0.16           0.15     0.01  0.24     0.41  0.10        0.23    0.18      0.19   0.22     0.18   0.12  1.00  0.47        0.35  0.22       0.29    0.05  -0.14         0.07  0.14     0.01       0.10    0.22     0.24 -0.13
CHF                 -0.12          -0.11    -0.15  0.07     0.20 -0.19       -0.06    0.00     -0.22  -0.02     0.05  -0.25  0.47  1.00        0.35  0.61       0.07   -0.07  -0.13        -0.04  0.03     0.11      -0.08    0.25     0.24  0.20
GOLD_micro           0.10           0.09     0.12  0.14     0.29  0.07        0.24   -0.02      0.13   0.18     0.12   0.19  0.35  0.35        1.00  0.21       0.41    0.02  -0.07         0.04  0.13     0.15       0.04    0.14     0.06  0.05
JPY                 -0.20          -0.19    -0.16  0.18     0.09 -0.27       -0.29   -0.16     -0.17  -0.09     0.22  -0.41  0.22  0.61        0.21  1.00      -0.09   -0.23   0.08        -0.22 -0.03     0.10      -0.12    0.11     0.15  0.06
ALUMINIUM            0.23           0.18     0.10 -0.06     0.14  0.04        0.15    0.01      0.13   0.01     0.02   0.08  0.29  0.07        0.41 -0.09       1.00    0.07  -0.13         0.02  0.37     0.07       0.24    0.50     0.26  0.09
CANOLA               0.19           0.19     0.00 -0.12     0.02 -0.00        0.13    0.04      0.14  -0.05    -0.01   0.05  0.05 -0.07        0.02 -0.23       0.07    1.00   0.06         0.13  0.09     0.28       0.32    0.16     0.34  0.03
COCOA               -0.03          -0.05    -0.06 -0.02     0.00  0.15        0.02    0.07      0.20   0.07     0.02   0.05 -0.14 -0.13       -0.07  0.08      -0.13    0.06   1.00        -0.07 -0.02     0.11      -0.07   -0.09    -0.07 -0.02
GAS_US_mini          0.04           0.05     0.07 -0.13    -0.03  0.05       -0.01   -0.13      0.16  -0.07    -0.26  -0.03  0.07 -0.04        0.04 -0.22       0.02    0.13  -0.07         1.00 -0.08    -0.09       0.19    0.17     0.14 -0.04
IRON                 0.07           0.05     0.14 -0.01    -0.01 -0.00        0.03   -0.05     -0.10   0.03     0.02   0.13  0.14  0.03        0.13 -0.03       0.37    0.09  -0.02        -0.08  1.00     0.17       0.20    0.36     0.26  0.08
LEANHOG              0.03           0.01     0.22  0.12     0.20 -0.21       -0.04   -0.03      0.01   0.16     0.24   0.09  0.01  0.11        0.15  0.10       0.07    0.28   0.11        -0.09  0.17     1.00       0.08    0.14     0.17 -0.01
MILLWHEAT            0.08           0.08     0.05 -0.08     0.08 -0.13       -0.05    0.05      0.05  -0.10    -0.10  -0.04  0.10 -0.08        0.04 -0.12       0.24    0.32  -0.07         0.19  0.20     0.08       1.00    0.14     0.49  0.10
RUBBER               0.31           0.30     0.12 -0.06     0.09 -0.11        0.07    0.07     -0.11   0.03    -0.02  -0.02  0.22  0.25        0.14  0.11       0.50    0.16  -0.09         0.17  0.36     0.14       0.14    1.00     0.34  0.09
SOYMEAL              0.11           0.08    -0.07 -0.00     0.10 -0.22       -0.16    0.07     -0.11  -0.03    -0.03  -0.13  0.24  0.24        0.06  0.15       0.26    0.34  -0.07         0.14  0.26     0.17       0.49    0.34     1.00  0.14
VIX                 -0.09          -0.09    -0.27 -0.70    -0.48 -0.60       -0.45   -0.39     -0.50  -0.51    -0.57  -0.47 -0.13  0.20        0.05  0.06       0.09    0.03  -0.02        -0.04  0.08    -0.01       0.10    0.09     0.14  1.00


********************************************************************************
                                 END OF REPORT                                  
********************************************************************************


