
********************************************************************************
           Risk report report produced on 2022-06-21 21:00:55.165976            
********************************************************************************


Total risk across all strategies, annualised percentage 9.9
Percentage of capital used for margin 22.2%

========================================
Risk per strategy, annualised percentage
========================================

                  risk
dynamic_TF_carry   9.9


==================================================================================================================================================================================================================================================================
                                                                                                                         Instrument risk                                                                                                                          
==================================================================================================================================================================================================================================================================

              daily_price_stdev  annual_price_stdev     price  daily_perc_stdev  annual_perc_stdev  point_size_base  contract_exposure  daily_risk_per_contract  annual_risk_per_contract  position  capital  exposure_held_perc_capital  annual_risk_perc_capital
US10U                     0.901              14.414    123.77              0.73               11.6            814.2             100769                      733                     11736        -1   385244                       -26.2                      -3.0
SILVER                    0.434               6.943     21.78              1.99               31.9            814.2              17729                      353                      5652        -1   385244                        -4.6                      -1.5
KR10                      0.533               8.524    109.80              0.49                7.8            629.7              69136                      335                      5367        -1   385244                       -17.9                      -1.4
DJSTX-SMALL               5.766              92.262    301.20              1.91               30.6             43.0              12954                      248                      3968        -1   385244                        -3.4                      -1.0
DAX                     209.999            3359.978  13247.00              1.59               25.4              0.9              11395                      180                      2890        -1   385244                        -3.0                      -0.8
DOW                     433.582            6937.313  30436.00              1.42               22.8              0.4              12390                      176                      2824        -1   385244                        -3.2                      -0.7
RUSSELL                  37.012             592.195   1697.00              2.18               34.9              4.1               6908                      150                      2410        -1   385244                        -1.8                      -0.6
KOSDAQ                   22.130             354.079   1114.20              1.99               31.8              6.3               7015                      139                      2229        -1   385244                        -1.8                      -0.6
NIKKEI400               219.240            3507.839  16770.00              1.31               20.9              0.6              10029                      131                      2097         1   385244                         2.6                       0.5
TOPIX                    24.112             385.790   1868.25              1.29               20.6              6.0              11173                      144                      2307         1   385244                         2.9                       0.6
BRE                       0.002               0.035      0.19              1.14               18.3          81420.0              15681                      179                      2870         1   385244                         4.1                       0.7
EU-OIL                    6.144              98.305    316.80              1.94               31.0             43.0              13625                      264                      4228         1   385244                         3.5                       1.1
IRON                      4.103              65.654    113.50              3.62               57.8             81.4               9241                      334                      5345         1   385244                         2.4                       1.4
SOYOIL                    1.160              18.555     70.64              1.64               26.3            488.5              34509                      566                      9064         1   385244                         9.0                       2.4
SOYBEAN                  16.025             256.401   1511.75              1.06               17.0             40.7              61543                      652                     10438         1   385244                        16.0                       2.7
WHEAT                    19.462             311.393    988.00              1.97               31.5             40.7              40221                      792                     12676         1   385244                        10.4                       3.3
CRUDE_W_mini              2.452              39.231    107.00              2.29               36.7            407.1              43559                      998                     15970         1   385244                        11.3                       4.1

Sum of abs(notional exposure % capital) 124.1
Sum of abs(annualised risk % capital) 26.4
Net sum of annualised risk % capital 7.2 

=======================================================================================================================================================
                                                                     Correlations                                                                      
=======================================================================================================================================================

               DAX  DJSTX-SMALL   DOW  EU-OIL  NIKKEI400  RUSSELL  TOPIX  CRUDE_W_mini  IRON  SOYBEAN  SOYOIL  WHEAT  KR10  US10U   BRE  SILVER  KOSDAQ
DAX           1.00         0.53  0.41    0.32       0.43     0.39   0.43          0.01  0.05     0.10    0.10  -0.04  0.20   0.08  0.25    0.06    0.21
DJSTX-SMALL   0.53         1.00  0.41    0.32       0.43     0.44   0.42          0.06  0.11     0.16    0.17   0.01  0.24   0.12  0.27    0.15    0.29
DOW           0.41         0.41  1.00    0.38       0.37     0.52   0.38          0.23  0.21     0.12    0.18   0.07  0.19   0.07  0.29    0.14    0.24
EU-OIL        0.32         0.32  0.38    1.00       0.33     0.38   0.35          0.33  0.24     0.17    0.24   0.13  0.17  -0.01  0.26    0.15    0.21
NIKKEI400     0.43         0.43  0.37    0.33       1.00     0.39   0.55          0.15  0.06     0.11    0.09   0.01  0.18  -0.01  0.23    0.10    0.32
RUSSELL       0.39         0.44  0.52    0.38       0.39     1.00   0.40          0.25  0.21     0.08    0.15   0.05  0.23   0.12  0.32    0.22    0.30
TOPIX         0.43         0.42  0.38    0.35       0.55     0.40   1.00          0.17  0.06     0.11    0.09  -0.00  0.19   0.00  0.23    0.10    0.33
CRUDE_W_mini  0.01         0.06  0.23    0.33       0.15     0.25   0.17          1.00  0.32     0.26    0.31   0.36  0.14   0.08  0.24    0.28    0.19
IRON          0.05         0.11  0.21    0.24       0.06     0.21   0.06          0.32  1.00     0.23    0.31   0.21  0.13   0.15  0.22    0.23    0.13
SOYBEAN       0.10         0.16  0.12    0.17       0.11     0.08   0.11          0.26  0.23     1.00    0.44   0.40  0.08   0.03  0.17    0.21    0.07
SOYOIL        0.10         0.17  0.18    0.24       0.09     0.15   0.09          0.31  0.31     0.44    1.00   0.34  0.12   0.08  0.18    0.23    0.10
WHEAT        -0.04         0.01  0.07    0.13       0.01     0.05  -0.00          0.36  0.21     0.40    0.34   1.00  0.10   0.08  0.22    0.27    0.12
KR10          0.20         0.24  0.19    0.17       0.18     0.23   0.19          0.14  0.13     0.08    0.12   0.10  1.00   0.35  0.12    0.07    0.26
US10U         0.08         0.12  0.07   -0.01      -0.01     0.12   0.00          0.08  0.15     0.03    0.08   0.08  0.35   1.00  0.19    0.12    0.17
BRE           0.25         0.27  0.29    0.26       0.23     0.32   0.23          0.24  0.22     0.17    0.18   0.22  0.12   0.19  1.00    0.27    0.21
SILVER        0.06         0.15  0.14    0.15       0.10     0.22   0.10          0.28  0.23     0.21    0.23   0.27  0.07   0.12  0.27    1.00    0.25
KOSDAQ        0.21         0.29  0.24    0.21       0.32     0.30   0.33          0.19  0.13     0.07    0.10   0.12  0.26   0.17  0.21    0.25    1.00


********************************************************************************
                                 END OF REPORT                                  
********************************************************************************


