
********************************************************************************
                    Risk report produced on 30/09/2024 22:52                    
********************************************************************************


Total risk across all strategies, annualised percentage 14.1
Percentage of capital used for margin 71.4%

========================================
Risk per strategy, annualised percentage
========================================

                  risk
dynamic_TF_carry  14.0


===================
Risk by asset class
===================

Ags        2.8
Bond       3.3
Equity    11.2
FX         0.7
Metals     2.3
OilGas     2.0
dtype: float64


=====================================================
Beta loadings of asset class positions on asset class
=====================================================

Ags      -0.10
OilGas   -0.03
Metals   -0.02
FX        0.11
Bond      0.52
Equity    0.87
dtype: float64


========================================================
Beta loadings of full portfolio positions on asset class
========================================================

Ags      -0.16
OilGas   -0.03
Metals    0.15
Bond      0.74
Equity    0.91
FX        1.02
dtype: float64


=================================================================================================================================================================================================================================================================
                                                                                                                         Instrument risk                                                                                                                         
=================================================================================================================================================================================================================================================================

             daily_price_stdev  annual_price_stdev     price  daily_perc_stdev  annual_perc_stdev  point_size_base  contract_exposure  daily_risk_per_contract  annual_risk_per_contract  position  capital  exposure_held_perc_capital  annual_risk_perc_capital
GAS-PEN                  0.097               1.555      2.63              3.69               59.1           7470.5              19662                      725                     11614        -1   577764                        -3.4                      -2.0
ALUMINIUM               37.937             606.998   2534.00              1.50               24.0             18.7              47325                      708                     11336        -1   577764                        -8.2                      -2.0
CAC                     75.004            1200.056   7665.50              0.98               15.7              8.3              63940                      625                     10010        -1   577764                       -11.1                      -1.7
COTTON2                  1.069              17.103     73.55              1.45               23.3            373.5              27472                      399                      6388        -1   577764                        -4.8                      -1.1
SOYMEAL                  5.317              85.069    341.40              1.56               24.9             74.7              25504                      397                      6355        -1   577764                        -4.4                      -1.1
WHEAT                    9.050             144.803    583.50              1.55               24.8             37.4              21795                      338                      5408        -1   577764                        -3.8                      -0.9
CHINAA-CON              16.499             263.978   1795.60              0.92               14.7             18.7              33535                      308                      4930        -1   577764                        -5.8                      -0.9
BITCOIN               1693.939           27103.021  66260.00              2.56               40.9              0.1               4949                      126                      2024        -2   577764                        -1.7                      -0.7
IRON                     2.654              42.472    111.80              2.37               38.0             74.7               8352                      198                      3172        -1   577764                        -1.4                      -0.5
CORN                     5.188              83.006    424.00              1.22               19.6             37.4              15837                      193                      3100        -1   577764                        -2.7                      -0.5
CANOLA                  10.650             170.396    616.30              1.73               27.6             11.1               6818                      117                      1885        -1   577764                        -1.2                      -0.3
MUMMY                   15.298             244.774    643.00              2.38               38.1              5.3               3388                       80                      1290         1   577764                         0.6                       0.2
DAX                    160.190            2563.044  19523.00              0.82               13.1              0.8              16284                      133                      2137         1   577764                         2.8                       0.4
GBP                      0.006               0.092      1.34              0.43                6.9          46690.7              62406                      269                      4310         1   577764                        10.8                       0.7
SP500_micro             42.465             679.438   5780.25              0.73               11.8              3.7              21590                      158                      2537         2   577764                         7.5                       0.9
US10U                    0.469               7.499    118.31              0.40                6.3            747.1              88385                      350                      5601         1   577764                        15.3                       1.0
KR10                     0.370               5.920    117.38              0.32                5.0            573.1              67268                      212                      3392         2   577764                        23.3                       1.2
US20                     0.713              11.401    124.19              0.57                9.2            747.1              92774                      532                      8517         1   577764                        16.1                       1.5
MSCISING                 3.182              50.912    339.85              0.94               15.0             58.4              19838                      185                      2971         3   577764                        10.3                       1.5
LEANHOG                  0.952              15.226     73.30              1.30               20.8            298.8              21903                      284                      4549         2   577764                         7.6                       1.6
SPI200                  55.154             882.463   8323.00              0.66               10.6             12.9             107735                      713                     11422         1   577764                        18.6                       2.0
FTSETAIWAN              25.687             410.999   1882.75              1.36               21.8             29.9              56260                      767                     12281         1   577764                         9.7                       2.1
SILVER                   0.570               9.115     31.36              1.82               29.1            747.1              23423                      425                      6809         2   577764                         8.1                       2.4
MIB                    302.433            4838.936  34120.00              0.89               14.2              4.2             142302                     1261                     20181         1   577764                        24.6                       3.5
MSCIEAFA                22.466             359.462   2480.50              0.91               14.5             37.4              92653                      839                     13426         2   577764                        32.1                       4.6

Sum of abs(notional exposure % capital) 235.9
Sum of abs(annualised risk % capital) 35.3
Net sum of annualised risk % capital 11.9 

=========================================================================================================================================================================================================================
                                                                                                      Correlations                                                                                                       
=========================================================================================================================================================================================================================

             BITCOIN  LEANHOG  ALUMINIUM  COTTON2  IRON  CANOLA  CORN  GAS-PEN  SOYMEAL  WHEAT  KR10  US10U  US20   CAC  CHINAA-CON   DAX  FTSETAIWAN   GBP   MIB  MSCIEAFA  MSCISING  MUMMY  SILVER  SP500_micro  SPI200
BITCOIN         1.00     0.26       0.05     0.21 -0.05    0.10  0.17    -0.02     0.03   0.14  0.08   0.09  0.12  0.40        0.15  0.39        0.29  0.25  0.33      0.39      0.21   0.33    0.25         0.31    0.46
LEANHOG         0.26     1.00       0.04     0.13  0.12    0.38  0.14    -0.05     0.17   0.17 -0.06  -0.03 -0.03  0.31        0.13  0.24        0.04  0.09  0.30      0.13      0.10   0.22    0.07        -0.00    0.26
ALUMINIUM       0.05     0.04       1.00     0.17  0.34    0.13  0.12    -0.05     0.18   0.16 -0.17  -0.09 -0.08  0.23        0.16  0.17        0.25  0.26  0.12      0.20      0.30   0.08    0.48         0.14    0.05
COTTON2         0.21     0.13       0.17     1.00  0.19    0.16  0.05    -0.03     0.07   0.06 -0.09  -0.23 -0.21  0.11        0.19  0.17        0.22 -0.06  0.03      0.12      0.09   0.24    0.09         0.21    0.28
IRON           -0.05     0.12       0.34     0.19  1.00    0.24  0.03    -0.07     0.23   0.20 -0.11  -0.13 -0.11  0.04        0.16  0.01        0.19  0.01 -0.07     -0.00     -0.00   0.02    0.24        -0.04   -0.03
CANOLA          0.10     0.38       0.13     0.16  0.24    1.00  0.40     0.14     0.48   0.46 -0.25  -0.31 -0.34  0.21        0.14  0.20        0.07  0.12  0.22      0.04      0.11   0.02    0.23        -0.01    0.07
CORN            0.17     0.14       0.12     0.05  0.03    0.40  1.00     0.19     0.58   0.66 -0.00  -0.05 -0.05  0.01        0.03  0.02        0.00  0.11  0.00     -0.05      0.05   0.01    0.16         0.05    0.07
GAS-PEN        -0.02    -0.05      -0.05    -0.03 -0.07    0.14  0.19     1.00     0.12   0.19  0.02   0.01 -0.00 -0.02        0.01 -0.05        0.08  0.05 -0.00      0.04      0.09  -0.04    0.11         0.13   -0.00
SOYMEAL         0.03     0.17       0.18     0.07  0.23    0.48  0.58     0.12     1.00   0.55 -0.04  -0.07 -0.08  0.15        0.07  0.03       -0.12  0.00  0.04     -0.02     -0.06  -0.01    0.12        -0.07    0.04
WHEAT           0.14     0.17       0.16     0.06  0.20    0.46  0.66     0.19     0.55   1.00 -0.02  -0.09 -0.09  0.13       -0.05  0.09       -0.03  0.00  0.07      0.02      0.12  -0.09    0.14         0.01   -0.00
KR10            0.08    -0.06      -0.17    -0.09 -0.11   -0.25 -0.00     0.02    -0.04  -0.02  1.00   0.63  0.65  0.02       -0.01  0.06        0.18  0.16 -0.05      0.24      0.10   0.06   -0.05         0.22    0.27
US10U           0.09    -0.03      -0.09    -0.23 -0.13   -0.31 -0.05     0.01    -0.07  -0.09  0.63   1.00  0.98  0.14       -0.04  0.10        0.05  0.31 -0.03      0.35      0.05   0.07    0.07         0.21    0.29
US20            0.12    -0.03      -0.08    -0.21 -0.11   -0.34 -0.05    -0.00    -0.08  -0.09  0.65   0.98  1.00  0.15       -0.02  0.13        0.10  0.28 -0.01      0.37      0.09   0.11    0.06         0.26    0.35
CAC             0.40     0.31       0.23     0.11  0.04    0.21  0.01    -0.02     0.15   0.13  0.02   0.14  0.15  1.00        0.29  0.87        0.33  0.44  0.80      0.76      0.38   0.46    0.34         0.52    0.56
CHINAA-CON      0.15     0.13       0.16     0.19  0.16    0.14  0.03     0.01     0.07  -0.05 -0.01  -0.04 -0.02  0.29        1.00  0.32        0.42  0.32  0.30      0.43      0.44   0.39    0.34         0.42    0.43
DAX             0.39     0.24       0.17     0.17  0.01    0.20  0.02    -0.05     0.03   0.09  0.06   0.10  0.13  0.87        0.32  1.00        0.50  0.52  0.84      0.82      0.48   0.61    0.37         0.65    0.66
FTSETAIWAN      0.29     0.04       0.25     0.22  0.19    0.07  0.00     0.08    -0.12  -0.03  0.18   0.05  0.10  0.33        0.42  0.50        1.00  0.37  0.41      0.61      0.58   0.55    0.44         0.68    0.57
GBP             0.25     0.09       0.26    -0.06  0.01    0.12  0.11     0.05     0.00   0.00  0.16   0.31  0.28  0.44        0.32  0.52        0.37  1.00  0.42      0.63      0.40   0.44    0.55         0.50    0.36
MIB             0.33     0.30       0.12     0.03 -0.07    0.22  0.00    -0.00     0.04   0.07 -0.05  -0.03 -0.01  0.80        0.30  0.84        0.41  0.42  1.00      0.70      0.50   0.55    0.31         0.55    0.54
MSCIEAFA        0.39     0.13       0.20     0.12 -0.00    0.04 -0.05     0.04    -0.02   0.02  0.24   0.35  0.37  0.76        0.43  0.82        0.61  0.63  0.70      1.00      0.66   0.70    0.46         0.81    0.75
MSCISING        0.21     0.10       0.30     0.09 -0.00    0.11  0.05     0.09    -0.06   0.12  0.10   0.05  0.09  0.38        0.44  0.48        0.58  0.40  0.50      0.66      1.00   0.58    0.42         0.66    0.58
MUMMY           0.33     0.22       0.08     0.24  0.02    0.02  0.01    -0.04    -0.01  -0.09  0.06   0.07  0.11  0.46        0.39  0.61        0.55  0.44  0.55      0.70      0.58   1.00    0.26         0.68    0.71
SILVER          0.25     0.07       0.48     0.09  0.24    0.23  0.16     0.11     0.12   0.14 -0.05   0.07  0.06  0.34        0.34  0.37        0.44  0.55  0.31      0.46      0.42   0.26    1.00         0.46    0.29
SP500_micro     0.31    -0.00       0.14     0.21 -0.04   -0.01  0.05     0.13    -0.07   0.01  0.22   0.21  0.26  0.52        0.42  0.65        0.68  0.50  0.55      0.81      0.66   0.68    0.46         1.00    0.70
SPI200          0.46     0.26       0.05     0.28 -0.03    0.07  0.07    -0.00     0.04  -0.00  0.27   0.29  0.35  0.56        0.43  0.66        0.57  0.36  0.54      0.75      0.58   0.71    0.29         0.70    1.00


********************************************************************************
                                 END OF REPORT                                  
********************************************************************************


