
********************************************************************************
                    Risk report produced on 02/02/2024 22:51                    
********************************************************************************


Total risk across all strategies, annualised percentage 11.5
Percentage of capital used for margin 62.0%

========================================
Risk per strategy, annualised percentage
========================================

                  risk
dynamic_TF_carry  11.5


===================
Risk by asset class
===================

Ags       1.6
Bond      3.1
Equity    6.7
FX        6.0
Metals    1.1
Sector    0.7
Vol       1.5
dtype: float64


=====================================================
Beta loadings of asset class positions on asset class
=====================================================

Bond     -0.51
FX       -0.17
Ags      -0.07
Vol      -0.03
Metals    0.04
Sector    0.04
Equity    0.60
dtype: float64


========================================================
Beta loadings of full portfolio positions on asset class
========================================================

Bond     -1.58
Vol      -0.23
Ags       0.00
Metals    0.06
Sector    0.28
FX        0.44
Equity    0.94
dtype: float64


==================================================================================================================================================================================================================================================================
                                                                                                                         Instrument risk                                                                                                                          
==================================================================================================================================================================================================================================================================

              daily_price_stdev  annual_price_stdev     price  daily_perc_stdev  annual_perc_stdev  point_size_base  contract_exposure  daily_risk_per_contract  annual_risk_per_contract  position  capital  exposure_held_perc_capital  annual_risk_perc_capital
BOBL                      0.378               6.043    117.85              0.32                5.1            853.2             100551                      322                      5155        -2   367103                       -54.8                      -2.8
CHF                       0.006               0.089      1.16              0.48                7.6          98074.2             113712                      543                      8694        -1   367103                       -31.0                      -2.4
JPY                       0.000               0.001      0.01              0.64               10.3        9807421.5              66592                      428                      6860        -1   367103                       -18.1                      -1.9
LEANHOG                   1.195              19.113     83.78              1.43               22.8            313.8              26291                      374                      5998        -1   367103                        -7.2                      -1.6
VIX                       0.434               6.945     15.40              2.82               45.1            784.6              12082                      340                      5449        -1   367103                        -3.3                      -1.5
US2                       0.159               2.551    102.54              0.16                2.5           1569.2             160903                      250                      4002        -1   367103                       -43.8                      -1.1
EUR_micro                 0.005               0.075      1.08              0.43                6.9           9807.4              10606                       45                       731        -2   367103                        -5.8                      -0.4
DOW                     232.320            3717.112  38876.00              0.60                9.6              0.4              15250                       91                      1458         1   367103                         4.2                       0.4
TOPIX                    18.788             300.613   2541.50              0.74               11.8              5.4              13612                      100                      1610         1   367103                         3.7                       0.4
EU-OIL                    3.830              61.284    346.50              1.11               17.7             42.7              14781                      163                      2614         1   367103                         4.0                       0.7
BITCOIN                1150.017           18400.267  43280.00              2.66               42.5              0.1               3395                       90                      1443         2   367103                         1.9                       0.8
IRON                      2.308              36.925    126.30              1.83               29.2             78.5               9909                      181                      2897         1   367103                         2.7                       0.8
CNH                       0.018               0.282      7.17              0.25                3.9          10911.0              78222                      192                      3072         1   367103                        21.3                       0.8
MXP                       0.000               0.006      0.06              0.61                9.7         392296.9              22725                      137                      2203         2   367103                        12.4                       1.2
NASDAQ_micro            180.354            2885.667  17735.75              1.02               16.3              1.6              27830                      283                      4528         1   367103                         7.6                       1.2
NIKKEI                  334.383            5350.129  36195.00              0.92               14.8              0.5              19386                      179                      2865         2   367103                        10.6                       1.6
R1000                    11.975             191.602   1649.20              0.73               11.6             39.2              64697                      469                      7516         1   367103                        17.6                       2.0
CAC                      62.081             993.291   7610.50              0.82               13.1              8.5              64933                      529                      8474         1   367103                        17.7                       2.3
KR10                      0.454               7.258    114.21              0.40                6.4            590.1              67396                      267                      4283         2   367103                        36.7                       2.3
YENEUR                    0.913              14.616    159.27              0.57                9.2            669.5             106633                      611                      9785         1   367103                        29.0                       2.7

Sum of abs(notional exposure % capital) 333.4
Sum of abs(annualised risk % capital) 28.9
Net sum of annualised risk % capital 5.5 

===============================================================================================================================================================
                                                                         Correlations                                                                          
===============================================================================================================================================================

               CNH   VIX  BOBL   JPY   US2  BITCOIN   CHF  EUR_micro  KR10  LEANHOG  NIKKEI  TOPIX  YENEUR   CAC   DOW  EU-OIL  IRON   MXP  NASDAQ_micro  R1000
CNH           1.00  0.21 -0.26 -0.58 -0.37    -0.05 -0.45      -0.56 -0.35    -0.07   -0.03   0.01    0.13 -0.27 -0.33   -0.11 -0.36 -0.12         -0.38  -0.36
VIX           0.21  1.00  0.18 -0.10  0.24    -0.07 -0.22      -0.38 -0.09    -0.28   -0.52  -0.56   -0.31 -0.52 -0.63   -0.18 -0.26 -0.58         -0.59  -0.66
BOBL         -0.26  0.18  1.00  0.39  0.69     0.19  0.27       0.14  0.53    -0.01   -0.15  -0.18   -0.37  0.22  0.17   -0.10  0.12 -0.02          0.14   0.11
JPY          -0.58 -0.10  0.39  1.00  0.50     0.07  0.62       0.52  0.21    -0.13   -0.30  -0.28   -0.63  0.17  0.19    0.01  0.22  0.10          0.23   0.20
US2          -0.37  0.24  0.69  0.50  1.00     0.16  0.37       0.34  0.40    -0.01   -0.34  -0.33   -0.27 -0.05  0.01   -0.27  0.02 -0.14          0.07  -0.05
BITCOIN      -0.05 -0.07  0.19  0.07  0.16     1.00  0.22       0.21  0.19    -0.01   -0.00  -0.02    0.09  0.26  0.24    0.00  0.01  0.10          0.10   0.22
CHF          -0.45 -0.22  0.27  0.62  0.37     0.22  1.00       0.76  0.36     0.09    0.03  -0.04   -0.04  0.36  0.38    0.13  0.19  0.32          0.36   0.38
EUR_micro    -0.56 -0.38  0.14  0.52  0.34     0.21  0.76       1.00  0.31     0.16    0.19   0.12    0.31  0.39  0.46    0.09  0.11  0.44          0.50   0.45
KR10         -0.35 -0.09  0.53  0.21  0.40     0.19  0.36       0.31  1.00     0.09    0.15   0.05    0.02  0.31  0.34   -0.04  0.11  0.16          0.26   0.27
LEANHOG      -0.07 -0.28 -0.01 -0.13 -0.01    -0.01  0.09       0.16  0.09     1.00    0.40   0.37    0.23  0.37  0.30    0.07  0.04  0.27          0.17   0.28
NIKKEI       -0.03 -0.52 -0.15 -0.30 -0.34    -0.00  0.03       0.19  0.15     0.40    1.00   0.94    0.50  0.46  0.55    0.39  0.10  0.37          0.54   0.55
TOPIX         0.01 -0.56 -0.18 -0.28 -0.33    -0.02 -0.04       0.12  0.05     0.37    0.94   1.00    0.44  0.43  0.52    0.40  0.10  0.38          0.42   0.54
YENEUR        0.13 -0.31 -0.37 -0.63 -0.27     0.09 -0.04       0.31  0.02     0.23    0.50   0.44    1.00  0.14  0.22    0.02 -0.13  0.27          0.20   0.19
CAC          -0.27 -0.52  0.22  0.17 -0.05     0.26  0.36       0.39  0.31     0.37    0.46   0.43    0.14  1.00  0.77    0.42  0.20  0.57          0.51   0.75
DOW          -0.33 -0.63  0.17  0.19  0.01     0.24  0.38       0.46  0.34     0.30    0.55   0.52    0.22  0.77  1.00    0.39  0.28  0.49          0.73   0.95
EU-OIL       -0.11 -0.18 -0.10  0.01 -0.27     0.00  0.13       0.09 -0.04     0.07    0.39   0.40    0.02  0.42  0.39    1.00  0.14  0.26          0.10   0.47
IRON         -0.36 -0.26  0.12  0.22  0.02     0.01  0.19       0.11  0.11     0.04    0.10   0.10   -0.13  0.20  0.28    0.14  1.00  0.26          0.30   0.35
MXP          -0.12 -0.58 -0.02  0.10 -0.14     0.10  0.32       0.44  0.16     0.27    0.37   0.38    0.27  0.57  0.49    0.26  0.26  1.00          0.39   0.51
NASDAQ_micro -0.38 -0.59  0.14  0.23  0.07     0.10  0.36       0.50  0.26     0.17    0.54   0.42    0.20  0.51  0.73    0.10  0.30  0.39          1.00   0.72
R1000        -0.36 -0.66  0.11  0.20 -0.05     0.22  0.38       0.45  0.27     0.28    0.55   0.54    0.19  0.75  0.95    0.47  0.35  0.51          0.72   1.00


********************************************************************************
                                 END OF REPORT                                  
********************************************************************************


