
********************************************************************************
                    Risk report produced on 13/11/2025 22:53                    
********************************************************************************


Total risk across all strategies, annualised percentage 13.3
Percentage of capital used for margin 42.3%

========================================
Risk per strategy, annualised percentage
========================================

                  risk
dynamic_TF_carry  13.3


===================
Risk by asset class
===================

Ags       1.0
Bond      1.9
Equity    9.4
FX        4.0
Metals    2.3
OilGas    2.4
dtype: float64


=====================================================
Beta loadings of asset class positions on asset class
=====================================================

OilGas    0.01
Metals    0.01
Ags       0.02
FX        0.15
Bond      0.48
Equity    0.84
dtype: float64


========================================================
Beta loadings of full portfolio positions on asset class
========================================================

Bond      0.02
OilGas    0.07
Ags       0.15
Metals    0.16
FX        0.59
Equity    0.94
dtype: float64


===================================================================================================================================================================================================================================================================
                                                                                                                          Instrument risk                                                                                                                          
===================================================================================================================================================================================================================================================================

               daily_price_stdev  annual_price_stdev     price  daily_perc_stdev  annual_perc_stdev  point_size_base  contract_exposure  daily_risk_per_contract  annual_risk_per_contract  position  capital  exposure_held_perc_capital  annual_risk_perc_capital
JPY                        0.000               0.001      0.01              0.55                8.7        9530925.9              61879                      337                      5397        -3   629922                       -29.5                      -2.6
GAS-PEN                    0.108               1.736      4.62              2.35               37.6           7624.7              35203                      827                     13234        -1   629922                        -5.6                      -2.1
BITCOIN                 2842.429           45478.860  98400.00              2.89               46.2              0.1               7502                      216                      3467        -3   629922                        -3.6                      -1.7
DAX                      216.364            3461.825  24140.00              0.90               14.3              0.9              21320                      191                      3057        -2   629922                        -6.8                      -1.0
KR10                       0.361               5.771    114.38              0.32                5.0            511.3              58485                      184                      2950        -2   629922                       -18.6                      -0.9
CRUDE_W_micro              1.030              16.478     58.56              1.76               28.1             76.2               4465                       78                      1256        -4   629922                        -2.8                      -0.8
RICE                       0.150               2.402     10.38              1.45               23.1           1524.9              15828                      228                      3662        -1   629922                        -2.5                      -0.6
SP500_micro               58.400             934.405   6756.75              0.86               13.8              3.8              25759                      222                      3562        -1   629922                        -4.1                      -0.6
KRWUSD_mini                0.003               0.053      0.68              0.48                7.7          19061.9              12998                       62                      1000        -1   629922                        -2.1                      -0.2
AUD_micro                  0.003               0.047      0.65              0.45                7.2           7624.7               4978                       22                       358         4   629922                         3.2                       0.2
DOW                      377.852            6045.628  47519.00              0.80               12.7              0.4              18116                      144                      2304         1   629922                         2.9                       0.4
MXP                        0.000               0.004      0.05              0.49                7.9         381237.0              20743                      102                      1642         2   629922                         6.6                       0.5
FTSECHINAA               177.020            2832.326  15499.00              1.14               18.3              0.8              11817                      134                      2159         2   629922                         3.8                       0.7
TOPIX                     31.944             511.108   3384.25              0.94               15.1              4.9              16657                      157                      2515         2   629922                         5.3                       0.8
NIKKEI                   689.027           11024.426  51350.00              1.34               21.5              0.5              25274                      339                      5426         1   629922                         4.0                       0.9
BRE                        0.001               0.018      0.19              0.60                9.6          76247.4              14326                       85                      1374         4   629922                         9.1                       0.9
LEANHOG                    1.201              19.209     78.18              1.54               24.6            305.0              23842                      366                      5858         1   629922                         3.8                       0.9
CAD10                      0.379               6.070    122.34              0.31                5.0            544.2              66573                      206                      3303         2   629922                        21.1                       1.0
YENEUR                     0.735              11.763    179.50              0.41                6.6            615.2             110435                      452                      7236         1   629922                        17.5                       1.1
OAT                        0.320               5.121    122.76              0.26                4.2            883.2             108421                      282                      4522         2   629922                        34.4                       1.4
SILVER                     1.047              16.745     52.34              2.00               32.0            762.5              39904                      797                     12767         1   629922                         6.3                       2.0
FTSETAIWAN                27.590             441.444   2287.00              1.21               19.3             30.5              69751                      841                     13463         1   629922                        11.1                       2.1
GASOILINE                  0.028               0.444      1.90              1.46               23.4          32023.9              60730                      888                     14218         1   629922                         9.6                       2.3
AEX                        7.747             123.946    961.85              0.81               12.9            176.6             169901                     1368                     21893         1   629922                        27.0                       3.5
MIB                      353.462            5655.399  44480.00              0.79               12.7              4.4             196423                     1560                     24974         1   629922                        31.2                       4.0

Sum of abs(notional exposure % capital) 272.5
Sum of abs(annualised risk % capital) 33.2
Net sum of annualised risk % capital 12.2 

=================================================================================================================================================================================================================================
                                                                                                          Correlations                                                                                                           
=================================================================================================================================================================================================================================

               CAD10   JPY  KR10   OAT  KRWUSD_mini  RICE   AEX  AUD_micro  BITCOIN   BRE   DAX   DOW  FTSECHINAA  FTSETAIWAN   MIB   MXP  NIKKEI  SP500_micro  TOPIX  CRUDE_W_micro  GASOILINE  LEANHOG  SILVER  GAS-PEN  YENEUR
CAD10           1.00  0.50  0.50  0.62         0.21 -0.08  0.11       0.27     0.10  0.16  0.12  0.16        0.01        0.12  0.07 -0.01   -0.01         0.13   0.01          -0.15      -0.19    -0.07    0.07     0.01   -0.40
JPY             0.50  1.00  0.47  0.39         0.49  0.19 -0.29       0.25    -0.16 -0.06 -0.17 -0.11       -0.09       -0.27 -0.19 -0.06   -0.43        -0.22  -0.42          -0.27      -0.30     0.11   -0.06    -0.24   -0.67
KR10            0.50  0.47  1.00  0.44         0.29  0.12 -0.14       0.02     0.05 -0.17 -0.09 -0.05       -0.19       -0.09 -0.26 -0.09   -0.14        -0.08  -0.21          -0.31      -0.35    -0.13   -0.17    -0.30   -0.38
OAT             0.62  0.39  0.44  1.00         0.19 -0.13  0.08       0.08     0.03 -0.04  0.08  0.08       -0.18        0.01 -0.02  0.03   -0.12         0.04  -0.13          -0.24      -0.24    -0.11    0.14    -0.13   -0.47
KRWUSD_mini     0.21  0.49  0.29  0.19         1.00  0.24  0.12       0.54     0.05  0.13  0.20  0.12        0.11        0.21  0.14  0.22    0.12         0.12   0.08          -0.02      -0.04     0.10    0.04    -0.04   -0.14
RICE           -0.08  0.19  0.12 -0.13         0.24  1.00 -0.10       0.06     0.11 -0.06 -0.06 -0.17       -0.18       -0.13 -0.03 -0.08   -0.17        -0.14  -0.15          -0.05      -0.03     0.15    0.06    -0.05   -0.09
AEX             0.11 -0.29 -0.14  0.08         0.12 -0.10  1.00       0.48     0.42  0.37  0.81  0.69        0.43        0.77  0.78  0.31    0.62         0.76   0.59           0.36       0.37     0.13    0.39     0.07    0.21
AUD_micro       0.27  0.25  0.02  0.08         0.54  0.06  0.48       1.00     0.38  0.56  0.48  0.60        0.49        0.56  0.55  0.52    0.38         0.64   0.42           0.35       0.32     0.28    0.47    -0.02    0.17
BITCOIN         0.10 -0.16  0.05  0.03         0.05  0.11  0.42       0.38     1.00  0.28  0.41  0.47        0.26        0.37  0.40  0.29    0.37         0.56   0.40           0.16       0.13     0.14    0.22     0.00    0.23
BRE             0.16 -0.06 -0.17 -0.04         0.13 -0.06  0.37       0.56     0.28  1.00  0.33  0.46        0.43        0.40  0.48  0.61    0.36         0.51   0.40           0.41       0.40     0.40    0.33     0.17    0.31
DAX             0.12 -0.17 -0.09  0.08         0.20 -0.06  0.81       0.48     0.41  0.33  1.00  0.69        0.37        0.64  0.87  0.36    0.57         0.70   0.63           0.21       0.22     0.18    0.40    -0.03    0.21
DOW             0.16 -0.11 -0.05  0.08         0.12 -0.17  0.69       0.60     0.47  0.46  0.69  1.00        0.44        0.65  0.74  0.34    0.54         0.93   0.60           0.36       0.35     0.37    0.39     0.02    0.13
FTSECHINAA      0.01 -0.09 -0.19 -0.18         0.11 -0.18  0.43       0.49     0.26  0.43  0.37  0.44        1.00        0.42  0.45  0.40    0.38         0.48   0.44           0.35       0.34     0.28    0.21     0.01    0.27
FTSETAIWAN      0.12 -0.27 -0.09  0.01         0.21 -0.13  0.77       0.56     0.37  0.40  0.64  0.65        0.42        1.00  0.71  0.37    0.74         0.75   0.72           0.35       0.33     0.13    0.34     0.10    0.32
MIB             0.07 -0.19 -0.26 -0.02         0.14 -0.03  0.78       0.55     0.40  0.48  0.87  0.74        0.45        0.71  1.00  0.42    0.60         0.77   0.69           0.40       0.42     0.25    0.42     0.02    0.24
MXP            -0.01 -0.06 -0.09  0.03         0.22 -0.08  0.31       0.52     0.29  0.61  0.36  0.34        0.40        0.37  0.42  1.00    0.29         0.41   0.36           0.28       0.26     0.29    0.46    -0.06    0.47
NIKKEI         -0.01 -0.43 -0.14 -0.12         0.12 -0.17  0.62       0.38     0.37  0.36  0.57  0.54        0.38        0.74  0.60  0.29    1.00         0.62   0.92           0.25       0.26     0.02    0.10     0.14    0.48
SP500_micro     0.13 -0.22 -0.08  0.04         0.12 -0.14  0.76       0.64     0.56  0.51  0.70  0.93        0.48        0.75  0.77  0.41    0.62         1.00   0.66           0.42       0.41     0.32    0.39     0.03    0.23
TOPIX           0.01 -0.42 -0.21 -0.13         0.08 -0.15  0.59       0.42     0.40  0.40  0.63  0.60        0.44        0.72  0.69  0.36    0.92         0.66   1.00           0.30       0.30     0.11    0.16     0.17    0.46
CRUDE_W_micro  -0.15 -0.27 -0.31 -0.24        -0.02 -0.05  0.36       0.35     0.16  0.41  0.21  0.36        0.35        0.35  0.40  0.28    0.25         0.42   0.30           1.00       0.96     0.28    0.32     0.15    0.22
GASOILINE      -0.19 -0.30 -0.35 -0.24        -0.04 -0.03  0.37       0.32     0.13  0.40  0.22  0.35        0.34        0.33  0.42  0.26    0.26         0.41   0.30           0.96       1.00     0.23    0.31     0.14    0.21
LEANHOG        -0.07  0.11 -0.13 -0.11         0.10  0.15  0.13       0.28     0.14  0.40  0.18  0.37        0.28        0.13  0.25  0.29    0.02         0.32   0.11           0.28       0.23     1.00    0.27     0.00    0.04
SILVER          0.07 -0.06 -0.17  0.14         0.04  0.06  0.39       0.47     0.22  0.33  0.40  0.39        0.21        0.34  0.42  0.46    0.10         0.39   0.16           0.32       0.31     0.27    1.00    -0.05    0.25
GAS-PEN         0.01 -0.24 -0.30 -0.13        -0.04 -0.05  0.07      -0.02     0.00  0.17 -0.03  0.02        0.01        0.10  0.02 -0.06    0.14         0.03   0.17           0.15       0.14     0.00   -0.05     1.00    0.09
YENEUR         -0.40 -0.67 -0.38 -0.47        -0.14 -0.09  0.21       0.17     0.23  0.31  0.21  0.13        0.27        0.32  0.24  0.47    0.48         0.23   0.46           0.22       0.21     0.04    0.25     0.09    1.00


********************************************************************************
                                 END OF REPORT                                  
********************************************************************************


