
********************************************************************************
                    Risk report produced on 10/09/2025 22:53                    
********************************************************************************


Total risk across all strategies, annualised percentage 12.0
Percentage of capital used for margin 42.6%

========================================
Risk per strategy, annualised percentage
========================================

                  risk
dynamic_TF_carry  12.3


===================
Risk by asset class
===================

Ags       0.9
Bond      1.0
Equity    9.8
FX        3.1
Metals    2.1
OilGas    3.6
Sector    1.1
dtype: float64


=====================================================
Beta loadings of asset class positions on asset class
=====================================================

OilGas   -0.08
Sector   -0.06
Ags       0.03
Metals    0.11
Bond      0.18
FX        0.22
Equity    0.80
dtype: float64


========================================================
Beta loadings of full portfolio positions on asset class
========================================================

OilGas   -0.08
Ags       0.15
Metals    0.27
Bond      0.29
Sector    0.31
Equity    0.84
FX        1.03
dtype: float64


=================================================================================================================================================================================================================================================================
                                                                                                                         Instrument risk                                                                                                                         
=================================================================================================================================================================================================================================================================

             daily_price_stdev  annual_price_stdev     price  daily_perc_stdev  annual_perc_stdev  point_size_base  contract_exposure  daily_risk_per_contract  annual_risk_per_contract  position  capital  exposure_held_perc_capital  annual_risk_perc_capital
JPY                      0.000               0.001      0.01              0.53                8.5        9234974.7              63296                      338                      5410        -2   576499                       -22.0                      -1.9
GAS_US_mini              0.090               1.433      3.03              2.96               47.3           1847.0               5596                      165                      2646        -4   576499                        -3.9                      -1.8
GAS-PEN                  0.087               1.399      3.02              2.90               46.4           7388.0              22289                      645                     10335        -1   576499                        -3.9                      -1.8
EU-TECH                  9.518             152.283    780.70              1.22               19.5             43.3              33766                      411                      6586        -1   576499                        -5.9                      -1.1
DAX                    190.198            3043.167  23626.00              0.81               12.9              0.9              20437                      164                      2632        -2   576499                        -7.1                      -0.9
WHEAT                    6.130              98.074    515.00              1.19               19.0             36.9              19024                      226                      3622        -1   576499                        -3.3                      -0.6
CANOLA                   9.660             154.557    628.20              1.54               24.6             10.7               6705                      103                      1649         1   576499                         1.2                       0.3
FTSECHINAA             144.705            2315.277  14847.00              0.97               15.6              0.7              10968                      106                      1710         1   576499                         1.9                       0.3
TOPIX                   27.714             443.416   3115.75              0.89               14.2              5.0              15612                      138                      2221         1   576499                         2.7                       0.4
RUSSELL                 26.106             417.688   2378.80              1.10               17.6              3.7               8787                       96                      1542         2   576499                         3.0                       0.5
LEANHOG                  0.985              15.761     88.10              1.12               17.9            295.5              26035                      291                      4657         1   576499                         4.5                       0.8
BTP                      0.423               6.773    120.32              0.35                5.6            865.0             104079                      366                      5858         1   576499                        18.1                       1.0
MXP                      0.000               0.004      0.05              0.48                7.7         369399.0              19858                       95                      1521         4   576499                        13.8                       1.1
YENEUR                   0.654              10.459    172.36              0.38                6.1            626.3             107957                      409                      6551         1   576499                        18.7                       1.1
SILVER                   0.518               8.287     41.54              1.25               19.9            738.8              30689                      382                      6122         2   576499                        10.6                       2.1
MSCITAIWAN              11.627             186.026   1070.30              1.09               17.4             73.9              79073                      858                     13743         1   576499                        13.7                       2.4
MIB                    340.240            5443.847  42045.00              0.81               12.9              4.3             181849                     1471                     23545         1   576499                        31.5                       4.1
MSCIEAFA                20.755             332.077   2743.50              0.76               12.1             36.9             101344                      766                     12266         2   576499                        35.2                       4.3

Sum of abs(notional exposure % capital) 201.0
Sum of abs(annualised risk % capital) 26.5
Net sum of annualised risk % capital 10.3 

==================================================================================================================================================================
                                                                           Correlations                                                                           
==================================================================================================================================================================

              BTP   JPY   DAX  EU-TECH  FTSECHINAA   MIB  MSCIEAFA  MSCITAIWAN   MXP  RUSSELL  SILVER  TOPIX  CANOLA  LEANHOG  WHEAT  GAS-PEN  GAS_US_mini  YENEUR
BTP          1.00  0.38  0.19     0.21        0.02  0.05      0.09        0.14  0.15     0.19    0.18   0.03    0.09     0.04  -0.09    -0.20        -0.20   -0.35
JPY          0.38  1.00 -0.08    -0.25       -0.07 -0.17      0.09       -0.27 -0.03    -0.24   -0.02  -0.34   -0.13     0.07   0.03    -0.24        -0.25   -0.67
DAX          0.19 -0.08  1.00     0.78        0.45  0.90      0.80        0.72  0.37     0.64    0.48   0.74   -0.03     0.20  -0.03     0.05         0.08    0.20
EU-TECH      0.21 -0.25  0.78     1.00        0.40  0.70      0.58        0.74  0.44     0.65    0.42   0.63    0.05     0.10   0.04     0.11         0.09    0.25
FTSECHINAA   0.02 -0.07  0.45     0.40        1.00  0.50      0.49        0.41  0.29     0.33    0.43   0.48    0.12     0.23   0.13     0.03         0.06    0.15
MIB          0.05 -0.17  0.90     0.70        0.50  1.00      0.80        0.70  0.37     0.61    0.47   0.77    0.05     0.21  -0.04     0.02         0.05    0.22
MSCIEAFA     0.09  0.09  0.80     0.58        0.49  0.80      1.00        0.70  0.38     0.55    0.46   0.75   -0.02     0.25  -0.03     0.11         0.13    0.17
MSCITAIWAN   0.14 -0.27  0.72     0.74        0.41  0.70      0.70        1.00  0.41     0.62    0.43   0.83    0.05     0.15  -0.05     0.09         0.10    0.35
MXP          0.15 -0.03  0.37     0.44        0.29  0.37      0.38        0.41  1.00     0.25    0.40   0.40   -0.03     0.12   0.15     0.00         0.03    0.37
RUSSELL      0.19 -0.24  0.64     0.65        0.33  0.61      0.55        0.62  0.25     1.00    0.33   0.59   -0.11     0.19  -0.01     0.04         0.01    0.13
SILVER       0.18 -0.02  0.48     0.42        0.43  0.47      0.46        0.43  0.40     0.33    1.00   0.40   -0.07     0.27   0.23     0.11         0.14    0.18
TOPIX        0.03 -0.34  0.74     0.63        0.48  0.77      0.75        0.83  0.40     0.59    0.40   1.00    0.05     0.15  -0.09     0.13         0.16    0.43
CANOLA       0.09 -0.13 -0.03     0.05        0.12  0.05     -0.02        0.05 -0.03    -0.11   -0.07   0.05    1.00     0.21   0.08     0.05         0.03    0.07
LEANHOG      0.04  0.07  0.20     0.10        0.23  0.21      0.25        0.15  0.12     0.19    0.27   0.15    0.21     1.00   0.33     0.04         0.06    0.07
WHEAT       -0.09  0.03 -0.03     0.04        0.13 -0.04     -0.03       -0.05  0.15    -0.01    0.23  -0.09    0.08     0.33   1.00     0.14         0.11    0.06
GAS-PEN     -0.20 -0.24  0.05     0.11        0.03  0.02      0.11        0.09  0.00     0.04    0.11   0.13    0.05     0.04   0.14     1.00         0.97    0.13
GAS_US_mini -0.20 -0.25  0.08     0.09        0.06  0.05      0.13        0.10  0.03     0.01    0.14   0.16    0.03     0.06   0.11     0.97         1.00    0.18
YENEUR      -0.35 -0.67  0.20     0.25        0.15  0.22      0.17        0.35  0.37     0.13    0.18   0.43    0.07     0.07   0.06     0.13         0.18    1.00


********************************************************************************
                                 END OF REPORT                                  
********************************************************************************


