
********************************************************************************
                    Risk report produced on 09/01/2025 22:53                    
********************************************************************************


Total risk across all strategies, annualised percentage 12.4
Percentage of capital used for margin 66.8%

========================================
Risk per strategy, annualised percentage
========================================

                  risk
dynamic_TF_carry  12.4


===================
Risk by asset class
===================

Ags       1.3
Bond      4.4
Equity    4.1
FX        5.9
Metals    4.2
OilGas    0.5
Other     0.7
dtype: float64


=====================================================
Beta loadings of asset class positions on asset class
=====================================================

FX       -0.89
Bond     -0.35
Metals   -0.24
Ags      -0.08
OilGas    0.02
Other     0.03
Equity    0.29
dtype: float64


========================================================
Beta loadings of full portfolio positions on asset class
========================================================

FX       -1.55
Bond     -0.69
Metals   -0.28
Ags      -0.18
Other    -0.01
OilGas    0.04
Equity    0.27
dtype: float64


===================================================================================================================================================================================================================================================================
                                                                                                                          Instrument risk                                                                                                                          
===================================================================================================================================================================================================================================================================

               daily_price_stdev  annual_price_stdev     price  daily_perc_stdev  annual_perc_stdev  point_size_base  contract_exposure  daily_risk_per_contract  annual_risk_per_contract  position  capital  exposure_held_perc_capital  annual_risk_perc_capital
CHF                        0.005               0.078      1.10              0.44                7.0         101763.8             112326                      493                      7899        -3   579055                       -58.2                      -4.1
COPPER                     0.052               0.830      4.32              1.20               19.2          20352.8              87852                     1055                     16885        -1   579055                       -15.2                      -2.9
BUXL                       1.055              16.887    127.42              0.83               13.3            838.7             106870                      885                     14163        -1   579055                       -18.5                      -2.4
US30                       1.003              16.049    116.03              0.86               13.8            814.1              94462                      816                     13065        -1   579055                       -16.3                      -2.3
JPY                        0.000               0.001      0.01              0.61                9.7       10176377.0              64854                      393                      6303        -2   579055                       -22.4                      -2.2
ALUMINIUM                 32.212             515.388   2507.00              1.28               20.6             20.4              51024                      655                     10489        -1   579055                        -8.8                      -1.8
SOYMEAL                    4.679              74.868    301.10              1.55               24.9             81.4              24512                      380                      6095        -1   579055                        -4.2                      -1.1
RUSSELL                   28.049             448.780   2254.40              1.24               19.9              4.1               9176                      114                      1826        -3   579055                        -4.8                      -0.9
SUGAR11                    0.260               4.156     17.98              1.44               23.1            911.8              16394                      236                      3789        -1   579055                        -2.8                      -0.7
CAD                        0.002               0.038      0.70              0.34                5.4          81411.0              56719                      191                      3066        -1   579055                        -9.8                      -0.5
BRE                        0.002               0.024      0.16              0.91               14.6          81411.0              13428                      122                      1962        -1   579055                        -2.3                      -0.3
CANOLA                     8.326             133.222    625.70              1.33               21.3             11.3               7080                       94                      1507        -1   579055                        -1.2                      -0.3
DAX                      140.555            2248.877  20450.00              0.69               11.0              0.8              17151                      117                      1886         1   579055                         3.0                       0.3
TOPIX                     26.301             420.818   2741.75              0.96               15.3              5.1              14119                      135                      2167         1   579055                         2.4                       0.4
CRUDE_W_micro              1.013              16.204     72.96              1.39               22.2             81.4               5939                       82                      1319         2   579055                         2.1                       0.5
MSCISING                   2.829              45.264    381.20              0.74               11.9             59.4              22657                      168                      2690         1   579055                         3.9                       0.5
NIKKEI                   408.754            6540.065  39565.00              1.03               16.5              0.5              20375                      210                      3368         1   579055                         3.5                       0.6
RUBBER                     3.093              49.486    188.10              1.64               26.3             40.7               7656                      125                      2014         2   579055                         2.6                       0.7
MIB                      288.219            4611.505  35415.00              0.81               13.0              4.2             148517                     1208                     19338         1   579055                        25.6                       3.3

Sum of abs(notional exposure % capital) 207.6
Sum of abs(annualised risk % capital) 25.8
Net sum of annualised risk % capital -13.2 

===================================================================================================================================================================
                                                                           Correlations                                                                            
===================================================================================================================================================================

               BUXL   CHF   JPY  US30  SOYMEAL   DAX   MIB  MSCISING  NIKKEI  RUSSELL  TOPIX  ALUMINIUM   BRE   CAD  COPPER  RUBBER  CANOLA  CRUDE_W_micro  SUGAR11
BUXL           1.00  0.33  0.62  0.77     0.13 -0.06 -0.32     -0.10   -0.36     0.11  -0.37       0.01  0.04  0.20   -0.04    0.09   -0.35          -0.23    -0.12
CHF            0.33  1.00  0.64  0.54     0.18 -0.23 -0.25     -0.35   -0.53    -0.20  -0.56       0.05 -0.02  0.33    0.14    0.12   -0.07          -0.17     0.05
JPY            0.62  0.64  1.00  0.70     0.19 -0.21 -0.36     -0.26   -0.62    -0.02  -0.63       0.02 -0.10  0.20    0.03    0.26   -0.30          -0.26    -0.08
US30           0.77  0.54  0.70  1.00     0.21 -0.01 -0.18     -0.07   -0.38     0.19  -0.43       0.03  0.16  0.37    0.02    0.24   -0.29          -0.26    -0.03
SOYMEAL        0.13  0.18  0.19  0.21     1.00 -0.05 -0.03     -0.14   -0.28    -0.09  -0.27      -0.02  0.06  0.06   -0.01    0.23    0.19          -0.26    -0.09
DAX           -0.06 -0.23 -0.21 -0.01    -0.05  1.00  0.81      0.56    0.65     0.63   0.61       0.15  0.26  0.18    0.33    0.26    0.17          -0.12     0.22
MIB           -0.32 -0.25 -0.36 -0.18    -0.03  0.81  1.00      0.49    0.62     0.44   0.60       0.07  0.29  0.13    0.28    0.20    0.36          -0.01     0.20
MSCISING      -0.10 -0.35 -0.26 -0.07    -0.14  0.56  0.49      1.00    0.61     0.60   0.61       0.25  0.40  0.20    0.28    0.08    0.01           0.03     0.29
NIKKEI        -0.36 -0.53 -0.62 -0.38    -0.28  0.65  0.62      0.61    1.00     0.48   0.97       0.15  0.33  0.11    0.21    0.09    0.20           0.28     0.28
RUSSELL        0.11 -0.20 -0.02  0.19    -0.09  0.63  0.44      0.60    0.48     1.00   0.43       0.06  0.27  0.30    0.09    0.10   -0.02          -0.15     0.10
TOPIX         -0.37 -0.56 -0.63 -0.43    -0.27  0.61  0.60      0.61    0.97     0.43   1.00       0.14  0.30  0.09    0.19    0.07    0.23           0.26     0.24
ALUMINIUM      0.01  0.05  0.02  0.03    -0.02  0.15  0.07      0.25    0.15     0.06   0.14       1.00  0.35  0.29    0.55    0.22    0.00           0.24     0.08
BRE            0.04 -0.02 -0.10  0.16     0.06  0.26  0.29      0.40    0.33     0.27   0.30       0.35  1.00  0.43    0.34    0.17   -0.02           0.13     0.11
CAD            0.20  0.33  0.20  0.37     0.06  0.18  0.13      0.20    0.11     0.30   0.09       0.29  0.43  1.00    0.30    0.11   -0.02           0.09     0.17
COPPER        -0.04  0.14  0.03  0.02    -0.01  0.33  0.28      0.28    0.21     0.09   0.19       0.55  0.34  0.30    1.00    0.36    0.07           0.27     0.17
RUBBER         0.09  0.12  0.26  0.24     0.23  0.26  0.20      0.08    0.09     0.10   0.07       0.22  0.17  0.11    0.36    1.00    0.15           0.09     0.12
CANOLA        -0.35 -0.07 -0.30 -0.29     0.19  0.17  0.36      0.01    0.20    -0.02   0.23       0.00 -0.02 -0.02    0.07    0.15    1.00           0.09     0.11
CRUDE_W_micro -0.23 -0.17 -0.26 -0.26    -0.26 -0.12 -0.01      0.03    0.28    -0.15   0.26       0.24  0.13  0.09    0.27    0.09    0.09           1.00     0.18
SUGAR11       -0.12  0.05 -0.08 -0.03    -0.09  0.22  0.20      0.29    0.28     0.10   0.24       0.08  0.11  0.17    0.17    0.12    0.11           0.18     1.00


********************************************************************************
                                 END OF REPORT                                  
********************************************************************************


