
********************************************************************************
                    Risk report produced on 06/10/2025 22:53                    
********************************************************************************


Total risk across all strategies, annualised percentage 17.7
Percentage of capital used for margin 46.9%

========================================
Risk per strategy, annualised percentage
========================================

                  risk
dynamic_TF_carry  17.7


===================
Risk by asset class
===================

Ags        4.5
Bond       1.6
Equity    11.8
FX         2.9
Metals     4.3
OilGas     2.1
dtype: float64


=====================================================
Beta loadings of asset class positions on asset class
=====================================================

OilGas   -0.05
Metals    0.17
FX        0.19
Ags       0.23
Bond      0.38
Equity    1.01
dtype: float64


========================================================
Beta loadings of full portfolio positions on asset class
========================================================

OilGas   -0.09
Bond      0.18
Metals    0.42
Ags       0.64
Equity    1.16
FX        1.79
dtype: float64


==================================================================================================================================================================================================================================================================
                                                                                                                         Instrument risk                                                                                                                          
==================================================================================================================================================================================================================================================================

             daily_price_stdev  annual_price_stdev      price  daily_perc_stdev  annual_perc_stdev  point_size_base  contract_exposure  daily_risk_per_contract  annual_risk_per_contract  position  capital  exposure_held_perc_capital  annual_risk_perc_capital
JPY                      0.000               0.001       0.01              0.64               10.3        9295822.8              62305                      401                      6422        -2   615906                       -20.2                      -2.1
GAS-PEN                  0.086               1.374       3.34              2.57               41.2           7436.7              24808                      638                     10218        -1   615906                        -4.0                      -1.7
DX                       0.388               6.212      97.82              0.40                6.4            743.7              72745                      288                      4619        -2   615906                       -23.6                      -1.5
BITCOIN               2498.384           39974.138  126730.00              1.97               31.5              0.1               9424                      185                      2972        -2   615906                        -3.1                      -1.0
KRWUSD_mini              0.003               0.054       0.71              0.48                7.6          18591.6              13177                       62                      1002        -4   615906                        -8.6                      -0.7
WHEAT                    6.478             103.642     512.50              1.26               20.2             37.2              19056                      240                      3853        -1   615906                        -3.1                      -0.6
RICE                     0.152               2.424      11.29              1.34               21.5           1487.3              16791                      225                      3605        -1   615906                        -2.7                      -0.6
GAS_US_mini              0.087               1.391       3.38              2.58               41.2           1859.2               6274                      161                      2585        -1   615906                        -1.0                      -0.4
DAX                    182.446            2919.136   24518.00              0.74               11.9              0.9              21366                      158                      2543        -1   615906                        -3.5                      -0.4
MXP                      0.000               0.004       0.05              0.45                7.2         371832.9              20123                       90                      1442         1   615906                         3.3                       0.2
TOPIX                   30.816             493.050    3217.75              0.96               15.3              5.0              15928                      152                      2440         1   615906                         2.6                       0.4
FTSECHINAA             145.473            2327.573   15139.00              0.96               15.4              0.7              11258                      108                      1730         2   615906                         3.7                       0.6
GBP                      0.005               0.083       1.35              0.39                6.2          46479.1              62681                      241                      3861         1   615906                        10.2                       0.6
OAT                      0.352               5.631     121.13              0.29                4.6            871.5             105560                      306                      4907         1   615906                        17.1                       0.8
CAD10                    0.359               5.742     122.17              0.29                4.7            533.0              65117                      191                      3060         2   615906                        21.1                       1.0
YENEUR                   0.880              14.085     175.49              0.50                8.0            618.8             108591                      544                      8715         1   615906                        17.6                       1.4
LEANHOG                  1.150              18.396      87.25              1.32               21.1            297.5              25953                      342                      5472         2   615906                         8.4                       1.8
SILVER                   0.596               9.536      48.46              1.23               19.7            743.7              36041                      443                      7091         2   615906                        11.7                       2.3
MSCITAIWAN              11.923             190.765    1169.90              1.02               16.3             74.4              87001                      886                     14186         1   615906                        14.1                       2.3
PLAT                    25.620             409.922    1660.60              1.54               24.7             37.2              61746                      952                     15242         1   615906                        10.0                       2.5
MIB                    307.330            4917.280   42935.00              0.72               11.5              4.4             187082                     1339                     21426         1   615906                        30.4                       3.5
FEEDCOW                  3.894              62.311     360.92              1.08               17.3            371.8             134203                     1448                     23169         1   615906                        21.8                       3.8
AEX                      8.476             135.623     967.15              0.88               14.0            174.3             168568                     1477                     23638         1   615906                        27.4                       3.8
MSCIEAFA                19.984             319.749    2843.10              0.70               11.2             37.2             105715                      743                     11889         2   615906                        34.3                       3.9

Sum of abs(notional exposure % capital) 303.5
Sum of abs(annualised risk % capital) 37.9
Net sum of annualised risk % capital 19.9 

============================================================================================================================================================================================================
                                                                                                Correlations                                                                                                
============================================================================================================================================================================================================

             GAS-PEN  GAS_US_mini  RICE  WHEAT    DX  CAD10   GBP   JPY  KRWUSD_mini   OAT   AEX   DAX   MIB  MSCIEAFA  MSCITAIWAN  TOPIX  BITCOIN  FEEDCOW  FTSECHINAA  LEANHOG   MXP  PLAT  SILVER  YENEUR
GAS-PEN         1.00         0.97 -0.07   0.26  0.14  -0.08 -0.18 -0.10        -0.08 -0.13 -0.13 -0.14 -0.16     -0.09       -0.09  -0.12     0.05    -0.11        0.00    -0.24 -0.16 -0.01    0.12    0.02
GAS_US_mini     0.97         1.00 -0.05   0.24  0.07  -0.05 -0.14 -0.05        -0.03 -0.11 -0.12 -0.10 -0.12     -0.07       -0.06  -0.11     0.06    -0.10       -0.02    -0.24 -0.10  0.05    0.17    0.04
RICE           -0.07        -0.05  1.00   0.07 -0.08  -0.11  0.12  0.07         0.11 -0.04 -0.15 -0.12 -0.12     -0.19       -0.13  -0.15     0.06    -0.06       -0.09     0.14 -0.04 -0.03    0.02    0.03
WHEAT           0.26         0.24  0.07   1.00 -0.11  -0.13  0.03  0.16         0.21  0.10  0.01 -0.03  0.01      0.06       -0.14  -0.03    -0.09    -0.09        0.11     0.14  0.09  0.07    0.13   -0.05
DX              0.14         0.07 -0.08  -0.11  1.00  -0.31 -0.83 -0.76        -0.63 -0.30 -0.02 -0.14 -0.05     -0.49       -0.03  -0.08     0.01     0.12       -0.03    -0.16 -0.35 -0.31   -0.29   -0.05
CAD10          -0.08        -0.05 -0.11  -0.13 -0.31   1.00  0.38  0.45         0.27  0.58  0.17  0.26  0.23      0.32        0.14   0.17    -0.07    -0.12       -0.03     0.02 -0.06 -0.03    0.09   -0.35
GBP            -0.18        -0.14  0.12   0.03 -0.83   0.38  1.00  0.54         0.61  0.24  0.29  0.38  0.34      0.63        0.27   0.37     0.11    -0.04        0.28     0.22  0.34  0.27    0.42    0.15
JPY            -0.10        -0.05  0.07   0.16 -0.76   0.45  0.54  1.00         0.48  0.48 -0.07  0.06 -0.01      0.26       -0.21  -0.17    -0.12    -0.17       -0.12     0.13  0.03  0.08    0.10   -0.56
KRWUSD_mini    -0.08        -0.03  0.11   0.21 -0.63   0.27  0.61  0.48         1.00  0.32  0.28  0.30  0.28      0.44        0.27   0.23     0.11    -0.04        0.18     0.22  0.29  0.22    0.22   -0.03
OAT            -0.13        -0.11 -0.04   0.10 -0.30   0.58  0.24  0.48         0.32  1.00  0.07  0.06  0.04      0.28       -0.05   0.02    -0.01    -0.24       -0.06     0.11  0.14  0.08    0.08   -0.45
AEX            -0.13        -0.12 -0.15   0.01 -0.02   0.17  0.29 -0.07         0.28  0.07  1.00  0.85  0.88      0.58        0.73   0.64     0.25     0.27        0.41     0.29  0.13  0.21    0.41    0.04
DAX            -0.14        -0.10 -0.12  -0.03 -0.14   0.26  0.38  0.06         0.30  0.06  0.85  1.00  0.91      0.68        0.62   0.65     0.32     0.31        0.32     0.24  0.16  0.20    0.43    0.02
MIB            -0.16        -0.12 -0.12   0.01 -0.05   0.23  0.34 -0.01         0.28  0.04  0.88  0.91  1.00      0.59        0.67   0.70     0.25     0.34        0.37     0.32  0.15  0.17    0.40    0.03
MSCIEAFA       -0.09        -0.07 -0.19   0.06 -0.49   0.32  0.63  0.26         0.44  0.28  0.58  0.68  0.59      1.00        0.44   0.67     0.31     0.12        0.25     0.11  0.37  0.32    0.47    0.11
MSCITAIWAN     -0.09        -0.06 -0.13  -0.14 -0.03   0.14  0.27 -0.21         0.27 -0.05  0.73  0.62  0.67      0.44        1.00   0.70     0.31     0.23        0.25     0.19  0.26  0.27    0.41    0.31
TOPIX          -0.12        -0.11 -0.15  -0.03 -0.08   0.17  0.37 -0.17         0.23  0.02  0.64  0.65  0.70      0.67        0.70   1.00     0.27     0.29        0.28     0.23  0.26  0.16    0.37    0.30
BITCOIN         0.05         0.06  0.06  -0.09  0.01  -0.07  0.11 -0.12         0.11 -0.01  0.25  0.32  0.25      0.31        0.31   0.27     1.00     0.02        0.09     0.07  0.10  0.12    0.24    0.12
FEEDCOW        -0.11        -0.10 -0.06  -0.09  0.12  -0.12 -0.04 -0.17        -0.04 -0.24  0.27  0.31  0.34      0.12        0.23   0.29     0.02     1.00        0.18     0.13  0.14  0.13    0.23    0.12
FTSECHINAA      0.00        -0.02 -0.09   0.11 -0.03  -0.03  0.28 -0.12         0.18 -0.06  0.41  0.32  0.37      0.25        0.25   0.28     0.09     0.18        1.00     0.25  0.25  0.14    0.26    0.18
LEANHOG        -0.24        -0.24  0.14   0.14 -0.16   0.02  0.22  0.13         0.22  0.11  0.29  0.24  0.32      0.11        0.19   0.23     0.07     0.13        0.25     1.00  0.18  0.16    0.26   -0.05
MXP            -0.16        -0.10 -0.04   0.09 -0.35  -0.06  0.34  0.03         0.29  0.14  0.13  0.16  0.15      0.37        0.26   0.26     0.10     0.14        0.25     0.18  1.00  0.33    0.32    0.31
PLAT           -0.01         0.05 -0.03   0.07 -0.31  -0.03  0.27  0.08         0.22  0.08  0.21  0.20  0.17      0.32        0.27   0.16     0.12     0.13        0.14     0.16  0.33  1.00    0.69    0.26
SILVER          0.12         0.17  0.02   0.13 -0.29   0.09  0.42  0.10         0.22  0.08  0.41  0.43  0.40      0.47        0.41   0.37     0.24     0.23        0.26     0.26  0.32  0.69    1.00    0.21
YENEUR          0.02         0.04  0.03  -0.05 -0.05  -0.35  0.15 -0.56        -0.03 -0.45  0.04  0.02  0.03      0.11        0.31   0.30     0.12     0.12        0.18    -0.05  0.31  0.26    0.21    1.00


********************************************************************************
                                 END OF REPORT                                  
********************************************************************************


