
********************************************************************************
                    Risk report produced on 12/02/2025 22:52                    
********************************************************************************


Total risk across all strategies, annualised percentage 11.3
Percentage of capital used for margin 72.6%

========================================
Risk per strategy, annualised percentage
========================================

                  risk
dynamic_TF_carry  11.3


===================
Risk by asset class
===================

Ags       2.7
Bond      0.9
Equity    7.4
FX        3.0
Metals    1.4
Vol       2.1
dtype: float64


=====================================================
Beta loadings of asset class positions on asset class
=====================================================

FX       -0.61
Vol      -0.05
Metals    0.07
Ags       0.09
Bond      0.12
Equity    0.68
dtype: float64


========================================================
Beta loadings of full portfolio positions on asset class
========================================================

FX       -0.59
Vol      -0.17
Bond     -0.15
Metals    0.20
Ags       0.26
Equity    0.84
dtype: float64


==================================================================================================================================================================================================================================================================
                                                                                                                         Instrument risk                                                                                                                          
==================================================================================================================================================================================================================================================================

              daily_price_stdev  annual_price_stdev     price  daily_perc_stdev  annual_perc_stdev  point_size_base  contract_exposure  daily_risk_per_contract  annual_risk_per_contract  position  capital  exposure_held_perc_capital  annual_risk_perc_capital
CHF                       0.004               0.071      1.10              0.40                6.4         100442.8             110406                      442                      7085        -2   580098                       -38.1                      -2.4
VIX                       0.484               7.743     18.05              2.68               42.9            803.5              14503                      388                      6221        -2   580098                        -5.0                      -2.1
FTSETAIWAN               21.322             341.159   1924.25              1.11               17.7             32.1              61848                      685                     10965        -1   580098                       -10.7                      -1.9
CAD                       0.003               0.040      0.70              0.36                5.7          80354.2              56332                      201                      3229        -2   580098                       -19.4                      -1.1
COPPER-micro              0.060               0.965      4.75              1.27               20.3           2008.9               9538                      121                      1938        -2   580098                        -3.3                      -0.7
SUGAR11                   0.248               3.964     18.32              1.35               21.6            900.0              16487                      222                      3567        -1   580098                        -2.8                      -0.6
RUSSELL                  22.443             359.087   2266.70              0.99               15.8              4.0               9106                       90                      1442        -2   580098                        -3.1                      -0.5
GOLD_micro               22.889             366.217   2920.00              0.78               12.5              8.0              23463                      183                      2942         1   580098                         4.0                       0.5
BITCOIN                2332.472           37319.557  98150.00              2.38               38.0              0.1               7886                      187                      2998         1   580098                         1.4                       0.5
HANG_mini               269.754            4316.068  21662.00              1.25               19.9              1.0              22343                      278                      4451         1   580098                         3.9                       0.8
CAD10                     0.563               9.004    123.14              0.46                7.3            562.1              69215                      316                      5061         1   580098                        11.9                       0.9
SILVER                    0.489               7.828     32.99              1.48               23.7            803.5              26512                      393                      6290         1   580098                         4.6                       1.1
MSCISING                  2.599              41.589    394.40              0.66               10.5             59.3              23405                      154                      2468         3   580098                        12.1                       1.3
SMI                      73.165            1170.637  12668.00              0.58                9.2              8.8             111499                      643                     10303         1   580098                        19.2                       1.8
TOPIX                    23.342             373.469   2726.25              0.86               13.7              5.2              14261                      122                      1953         6   580098                        14.8                       2.0
FEEDCOW                   2.534              40.546    263.55              0.96               15.4            401.8             105886                     1018                     16290         1   580098                        18.3                       2.8
MIB                     263.229            4211.657  37720.00              0.70               11.2              4.2             156999                     1095                     17529         1   580098                        27.1                       3.0
MSCITAIWAN               14.340             229.445    982.40              1.46               23.4             80.4              78939                     1152                     18436         1   580098                        13.6                       3.2

Sum of abs(notional exposure % capital) 213.3
Sum of abs(annualised risk % capital) 27.2
Net sum of annualised risk % capital 8.6 

===========================================================================================================================================================================
                                                                               Correlations                                                                                
===========================================================================================================================================================================

              FEEDCOW  SUGAR11  BITCOIN  FTSETAIWAN   MIB  MSCISING  MSCITAIWAN  RUSSELL   SMI  TOPIX  CAD10   CHF   CAD  COPPER-micro  GOLD_micro  HANG_mini  SILVER   VIX
FEEDCOW          1.00     0.22     0.09        0.26  0.22      0.27        0.26     0.17  0.18   0.37  -0.30 -0.28 -0.05          0.05       -0.12       0.06   -0.01 -0.21
SUGAR11          0.22     1.00    -0.02        0.13  0.11      0.23        0.14     0.04  0.14   0.22   0.01  0.02  0.11          0.13        0.12       0.13    0.07 -0.09
BITCOIN          0.09    -0.02     1.00        0.28  0.28      0.43        0.29     0.56  0.17   0.33   0.16 -0.22  0.03         -0.13       -0.03       0.05    0.07 -0.45
FTSETAIWAN       0.26     0.13     0.28        1.00  0.49      0.58        0.98     0.50  0.36   0.75  -0.10 -0.24  0.28          0.21        0.10       0.36    0.26 -0.65
MIB              0.22     0.11     0.28        0.49  1.00      0.51        0.48     0.47  0.58   0.54  -0.10 -0.16  0.21          0.31        0.18       0.36    0.23 -0.54
MSCISING         0.27     0.23     0.43        0.58  0.51      1.00        0.56     0.60  0.33   0.59   0.04 -0.29  0.25          0.27        0.08       0.27    0.20 -0.67
MSCITAIWAN       0.26     0.14     0.29        0.98  0.48      0.56        1.00     0.48  0.33   0.76  -0.12 -0.30  0.22          0.21        0.09       0.33    0.26 -0.64
RUSSELL          0.17     0.04     0.56        0.50  0.47      0.60        0.48     1.00  0.48   0.42   0.09 -0.14  0.33          0.08        0.03       0.19    0.07 -0.63
SMI              0.18     0.14     0.17        0.36  0.58      0.33        0.33     0.48  1.00   0.34   0.16 -0.01  0.28          0.17        0.23       0.33    0.18 -0.40
TOPIX            0.37     0.22     0.33        0.75  0.54      0.59        0.76     0.42  0.34   1.00  -0.23 -0.50  0.08          0.10       -0.06       0.26    0.12 -0.67
CAD10           -0.30     0.01     0.16       -0.10 -0.10      0.04       -0.12     0.09  0.16  -0.23   1.00  0.45  0.14         -0.13        0.16       0.11    0.13 -0.01
CHF             -0.28     0.02    -0.22       -0.24 -0.16     -0.29       -0.30    -0.14 -0.01  -0.50   0.45  1.00  0.34          0.03        0.18       0.23    0.16  0.35
CAD             -0.05     0.11     0.03        0.28  0.21      0.25        0.22     0.33  0.28   0.08   0.14  0.34  1.00          0.34        0.19       0.36    0.16 -0.21
COPPER-micro     0.05     0.13    -0.13        0.21  0.31      0.27        0.21     0.08  0.17   0.10  -0.13  0.03  0.34          1.00        0.56       0.51    0.55 -0.04
GOLD_micro      -0.12     0.12    -0.03        0.10  0.18      0.08        0.09     0.03  0.23  -0.06   0.16  0.18  0.19          0.56        1.00       0.23    0.74  0.14
HANG_mini        0.06     0.13     0.05        0.36  0.36      0.27        0.33     0.19  0.33   0.26   0.11  0.23  0.36          0.51        0.23       1.00    0.31 -0.09
SILVER          -0.01     0.07     0.07        0.26  0.23      0.20        0.26     0.07  0.18   0.12   0.13  0.16  0.16          0.55        0.74       0.31    1.00 -0.02
VIX             -0.21    -0.09    -0.45       -0.65 -0.54     -0.67       -0.64    -0.63 -0.40  -0.67  -0.01  0.35 -0.21         -0.04        0.14      -0.09   -0.02  1.00


********************************************************************************
                                 END OF REPORT                                  
********************************************************************************


