
********************************************************************************
                    Risk report produced on 22/01/2026 22:53                    
********************************************************************************


Total risk across all strategies, annualised percentage 18.8
Percentage of capital used for margin 42.0%

========================================
Risk per strategy, annualised percentage
========================================

                  risk
dynamic_TF_carry  18.8


===================
Risk by asset class
===================

Ags        1.6
Bond       1.4
Equity    14.2
FX         4.2
Metals     4.4
OilGas     2.6
dtype: float64


=====================================================
Beta loadings of asset class positions on asset class
=====================================================

Bond     -0.24
OilGas   -0.04
Ags       0.04
Metals    0.06
FX        0.09
Equity    1.36
dtype: float64


========================================================
Beta loadings of full portfolio positions on asset class
========================================================

Bond     -0.85
OilGas   -0.00
Metals    0.29
Ags       0.42
FX        1.23
Equity    1.50
dtype: float64


===================================================================================================================================================================================================================================================================
                                                                                                                          Instrument risk                                                                                                                          
===================================================================================================================================================================================================================================================================

               daily_price_stdev  annual_price_stdev     price  daily_perc_stdev  annual_perc_stdev  point_size_base  contract_exposure  daily_risk_per_contract  annual_risk_per_contract  position  capital  exposure_held_perc_capital  annual_risk_perc_capital
GAS-PEN                    0.153               2.450      3.58              4.28               68.4           7448.4              26665                     1140                     18249        -1   693583                        -3.8                      -2.6
JPY                        0.000               0.000      0.01              0.47                7.4        9310501.5              59028                      274                      4393        -3   693583                       -25.5                      -1.9
BITCOIN                 2334.010           37344.154  89825.00              2.60               41.6              0.1               6690                      173                      2781        -4   693583                        -3.9                      -1.6
KR10                       0.412               6.593    111.07              0.37                5.9            505.4              56131                      208                      3331        -3   693583                       -24.3                      -1.4
DOW                      361.907            5790.518  49603.00              0.73               11.7              0.4              18473                      134                      2156        -2   693583                        -5.3                      -0.6
RICE                       0.172               2.747     10.62              1.62               25.9           1489.7              15827                      255                      4091        -1   693583                        -2.3                      -0.6
WHEAT                      5.614              89.827    573.75              0.98               15.7             37.2              21367                      209                      3345        -1   693583                        -3.1                      -0.5
KRWUSD_mini                0.004               0.064      0.68              0.59                9.4          18621.0              12669                       74                      1189        -2   693583                        -3.7                      -0.3
EUR_micro                  0.004               0.062      1.18              0.33                5.3           9310.5              10964                       36                       580        -4   693583                        -6.3                      -0.3
AUD_micro                  0.003               0.048      0.68              0.44                7.1           7448.4               5093                       22                       360         1   693583                         0.7                       0.1
CRUDE_W_micro              1.069              17.107     59.14              1.81               28.9             74.5               4404                       79                      1274         1   693583                         0.6                       0.2
MXP                        0.000               0.004      0.06              0.40                6.4         372420.1              21205                       84                      1357         2   693583                         6.1                       0.4
FTSECHINAA               120.875            1934.002  14907.00              0.81               13.0              0.7              11103                       90                      1440         2   693583                         3.2                       0.4
BRE                        0.001               0.018      0.19              0.59                9.4          74484.0              14066                       82                      1320         3   693583                         6.1                       0.6
RUSSELL                   26.249             419.982   2733.50              0.96               15.4              3.7              10180                       97                      1564         4   693583                         5.9                       0.9
GBP                        0.005               0.077      1.35              0.35                5.7          46552.5              62831                      222                      3564         2   693583                        18.1                       1.0
TOPIX                     35.735             571.762   3629.00              0.98               15.8              4.7              17020                      167                      2681         3   693583                         7.4                       1.2
LEANHOG                    1.061              16.974     96.28              1.10               17.6            297.9              28683                      316                      5057         2   693583                         8.3                       1.5
SMI                       86.783            1388.530  13174.00              0.66               10.5              9.4             123462                      813                     13012         1   693583                        17.8                       1.9
YENEUR                     0.773              12.371    185.66              0.42                6.7            586.3             108846                      453                      7252         2   693583                        31.4                       2.1
MSCITAIWAN                14.419             230.704   1394.70              1.03               16.5             74.5             103882                     1073                     17183         1   693583                        15.0                       2.5
MSCIEAFA                  19.409             310.544   3002.00              0.65               10.3             37.2             111800                      722                     11565         2   693583                        32.2                       3.3
MIB                      334.378            5350.052  45235.00              0.74               11.8              4.4             196898                     1455                     23287         1   693583                        28.4                       3.4
AEX                        9.034             144.542   1001.75              0.90               14.4            174.1             174416                     1572                     25166         1   693583                        25.1                       3.6
SILVER                     2.538              40.603     96.28              2.64               42.2            744.8              71716                     1890                     30242         1   693583                        10.3                       4.4

Sum of abs(notional exposure % capital) 294.8
Sum of abs(annualised risk % capital) 37.3
Net sum of annualised risk % capital 17.7 

===============================================================================================================================================================================================================================
                                                                                                         Correlations                                                                                                          
===============================================================================================================================================================================================================================

               EUR_micro   GBP   JPY  KR10  KRWUSD_mini   AEX  AUD_micro  BITCOIN   BRE   DOW  FTSECHINAA  LEANHOG   MIB  MSCIEAFA  MSCITAIWAN   MXP  RUSSELL  SILVER   SMI  TOPIX  CRUDE_W_micro  YENEUR  GAS-PEN  RICE  WHEAT
EUR_micro           1.00  0.76  0.59  0.14         0.41 -0.17       0.50    -0.00  0.19 -0.02        0.12     0.20  0.01      0.33       -0.03  0.46    -0.03    0.21 -0.08  -0.09          -0.17    0.17    -0.23  0.08   0.18
GBP                 0.76  1.00  0.39  0.16         0.36  0.21       0.64     0.23  0.28  0.31        0.30     0.22  0.36      0.64        0.28  0.46     0.28    0.33  0.34   0.29          -0.10    0.21    -0.19  0.06  -0.06
JPY                 0.59  0.39  1.00  0.39         0.49 -0.26       0.22    -0.16 -0.05 -0.07       -0.12     0.17 -0.14      0.08       -0.23 -0.05    -0.18   -0.09 -0.12  -0.44          -0.35   -0.67    -0.32  0.02   0.08
KR10                0.14  0.16  0.39  1.00         0.29 -0.05      -0.10     0.06 -0.15  0.14       -0.12    -0.09 -0.06      0.10       -0.07 -0.14     0.11   -0.32  0.06  -0.10          -0.28   -0.36    -0.28 -0.05  -0.32
KRWUSD_mini         0.41  0.36  0.49  0.29         1.00  0.06       0.44     0.03  0.14  0.08        0.08     0.08  0.13      0.32        0.12  0.11    -0.07   -0.17  0.12  -0.02          -0.08   -0.23    -0.04  0.02   0.17
AEX                -0.17  0.21 -0.26 -0.05         0.06  1.00       0.45     0.49  0.39  0.70        0.45     0.19  0.78      0.74        0.74  0.23     0.67    0.34  0.68   0.62           0.34    0.15     0.08  0.09  -0.02
AUD_micro           0.50  0.64  0.22 -0.10         0.44  0.45       1.00     0.36  0.49  0.52        0.50     0.32  0.52      0.73        0.50  0.49     0.46    0.46  0.33   0.38           0.29    0.18    -0.02  0.09   0.21
BITCOIN            -0.00  0.23 -0.16  0.06         0.03  0.49       0.36     1.00  0.33  0.48        0.34     0.14  0.44      0.47        0.39  0.22     0.51    0.16  0.30   0.43           0.21    0.17     0.08  0.18  -0.11
BRE                 0.19  0.28 -0.05 -0.15         0.14  0.39       0.49     0.33  1.00  0.41        0.41     0.32  0.46      0.47        0.36  0.51     0.39    0.20  0.27   0.36           0.39    0.22     0.17  0.03   0.14
DOW                -0.02  0.31 -0.07  0.14         0.08  0.70       0.52     0.48  0.41  1.00        0.43     0.39  0.76      0.77        0.57  0.27     0.85    0.30  0.68   0.60           0.27    0.08    -0.02 -0.08  -0.15
FTSECHINAA          0.12  0.30 -0.12 -0.12         0.08  0.45       0.50     0.34  0.41  0.43        1.00     0.23  0.46      0.47        0.39  0.29     0.35    0.18  0.24   0.43           0.36    0.25     0.12  0.00   0.27
LEANHOG             0.20  0.22  0.17 -0.09         0.08  0.19       0.32     0.14  0.32  0.39        0.23     1.00  0.28      0.32        0.19  0.31     0.44    0.33  0.22   0.13           0.16    0.00    -0.13  0.15   0.02
MIB                 0.01  0.36 -0.14 -0.06         0.13  0.78       0.52     0.44  0.46  0.76        0.46     0.28  1.00      0.85        0.61  0.36     0.64    0.32  0.76   0.67           0.35    0.19     0.03 -0.00  -0.02
MSCIEAFA            0.33  0.64  0.08  0.10         0.32  0.74       0.73     0.47  0.47  0.77        0.47     0.32  0.85      1.00        0.59  0.49     0.67    0.44  0.76   0.65           0.28    0.20    -0.05  0.03  -0.05
MSCITAIWAN         -0.03  0.28 -0.23 -0.07         0.12  0.74       0.50     0.39  0.36  0.57        0.39     0.19  0.61      0.59        1.00  0.29     0.57    0.33  0.47   0.64           0.30    0.24     0.06  0.11  -0.02
MXP                 0.46  0.46 -0.05 -0.14         0.11  0.23       0.49     0.22  0.51  0.27        0.29     0.31  0.36      0.49        0.29  1.00     0.37    0.46  0.20   0.32           0.24    0.48    -0.08 -0.10   0.08
RUSSELL            -0.03  0.28 -0.18  0.11        -0.07  0.67       0.46     0.51  0.39  0.85        0.35     0.44  0.64      0.67        0.57  0.37     1.00    0.39  0.57   0.58           0.25    0.18    -0.10  0.02  -0.15
SILVER              0.21  0.33 -0.09 -0.32        -0.17  0.34       0.46     0.16  0.20  0.30        0.18     0.33  0.32      0.44        0.33  0.46     0.39    1.00  0.33   0.20           0.29    0.33    -0.08  0.22   0.10
SMI                -0.08  0.34 -0.12  0.06         0.12  0.68       0.33     0.30  0.27  0.68        0.24     0.22  0.76      0.76        0.47  0.20     0.57    0.33  1.00   0.57           0.16    0.10     0.06 -0.04  -0.25
TOPIX              -0.09  0.29 -0.44 -0.10        -0.02  0.62       0.38     0.43  0.36  0.60        0.43     0.13  0.67      0.65        0.64  0.32     0.58    0.20  0.57   1.00           0.34    0.44     0.19  0.03  -0.12
CRUDE_W_micro      -0.17 -0.10 -0.35 -0.28        -0.08  0.34       0.29     0.21  0.39  0.27        0.36     0.16  0.35      0.28        0.30  0.24     0.25    0.29  0.16   0.34           1.00    0.26     0.27  0.09   0.25
YENEUR              0.17  0.21 -0.67 -0.36        -0.23  0.15       0.18     0.17  0.22  0.08        0.25     0.00  0.19      0.20        0.24  0.48     0.18    0.33  0.10   0.44           0.26    1.00     0.13 -0.01   0.03
GAS-PEN            -0.23 -0.19 -0.32 -0.28        -0.04  0.08      -0.02     0.08  0.17 -0.02        0.12    -0.13  0.03     -0.05        0.06 -0.08    -0.10   -0.08  0.06   0.19           0.27    0.13     1.00 -0.03   0.12
RICE                0.08  0.06  0.02 -0.05         0.02  0.09       0.09     0.18  0.03 -0.08        0.00     0.15 -0.00      0.03        0.11 -0.10     0.02    0.22 -0.04   0.03           0.09   -0.01    -0.03  1.00   0.15
WHEAT               0.18 -0.06  0.08 -0.32         0.17 -0.02       0.21    -0.11  0.14 -0.15        0.27     0.02 -0.02     -0.05       -0.02  0.08    -0.15    0.10 -0.25  -0.12           0.25    0.03     0.12  0.15   1.00


********************************************************************************
                                 END OF REPORT                                  
********************************************************************************


