
********************************************************************************
                    Risk report produced on 03/02/2026 22:53                    
********************************************************************************


Total risk across all strategies, annualised percentage 16.5
Percentage of capital used for margin 36.2%

========================================
Risk per strategy, annualised percentage
========================================

                  risk
dynamic_TF_carry  16.6


===================
Risk by asset class
===================

Ags        1.3
Bond       0.9
Equity    10.7
FX         2.6
Metals    10.2
dtype: float64


=====================================================
Beta loadings of asset class positions on asset class
=====================================================

Bond     -0.16
Ags      -0.06
FX       -0.01
Metals    0.05
Equity    0.96
dtype: float64


========================================================
Beta loadings of full portfolio positions on asset class
========================================================

Bond     -0.55
Ags       0.15
Metals    0.21
FX        0.57
Equity    1.02
dtype: float64


==================================================================================================================================================================================================================================================================
                                                                                                                         Instrument risk                                                                                                                          
==================================================================================================================================================================================================================================================================

              daily_price_stdev  annual_price_stdev     price  daily_perc_stdev  annual_perc_stdev  point_size_base  contract_exposure  daily_risk_per_contract  annual_risk_per_contract  position  capital  exposure_held_perc_capital  annual_risk_perc_capital
BITCOIN                2549.050           40784.801  74880.00              3.40               54.5              0.1               5469                      186                      2978        -6   692323                        -4.7                      -2.6
CHF                       0.009               0.138      1.30              0.67               10.6          91299.5             118260                      787                     12593        -1   692323                       -17.1                      -1.8
KR10                      0.399               6.378    110.63              0.36                5.8            503.4              55693                      200                      3210        -2   692323                       -16.1                      -0.9
JPY                       0.000               0.001      0.01              0.66               10.6        9129952.1              58815                      390                      6251        -1   692323                        -8.5                      -0.9
REDWHEAT                  7.396             118.340    560.50              1.32               21.1             36.5              20469                      270                      4321        -1   692323                        -3.0                      -0.6
COPPER-micro              0.132               2.106      6.14              2.14               34.3           1826.0              11211                      240                      3846        -1   692323                        -1.6                      -0.6
WHEAT                     6.242              99.868    581.00              1.07               17.2             36.5              21218                      227                      3647        -1   692323                        -3.1                      -0.5
RICE                      0.154               2.469     11.06              1.40               22.3           1460.8              16156                      225                      3606        -1   692323                        -2.3                      -0.5
KRWUSD_mini               0.004               0.071      0.69              0.64               10.3          18259.9              12624                       81                      1300        -1   692323                        -1.8                      -0.2
MUMMY                    11.115             177.835    701.00              1.59               25.4              4.7               3293                       52                       835         1   692323                         0.5                       0.1
DOW                     348.234            5571.745  49215.00              0.71               11.3              0.4              17973                      127                      2034         1   692323                         2.6                       0.3
GBP                       0.006               0.101      1.37              0.46                7.4          45649.8              62485                      287                      4596         1   692323                         9.0                       0.7
LEANHOG                   1.059              16.939     98.30              1.08               17.2            292.2              28719                      309                      4948         1   692323                         4.1                       0.7
BRE                       0.001               0.019      0.19              0.63               10.2          73039.6              13837                       87                      1404         4   692323                         8.0                       0.8
CAD                       0.003               0.046      0.73              0.39                6.2          73039.6              53600                      208                      3337         2   692323                        15.5                       1.0
FTSECHINAA              126.300            2020.801  14689.00              0.86               13.8              0.7              10728                       92                      1475         5   692323                         7.7                       1.1
YENEUR                    0.799              12.788    183.75              0.43                7.0            587.4             107929                      469                      7511         1   692323                        15.6                       1.1
NIKKEI                  718.352           11493.636  54765.00              1.31               21.0              0.5              25733                      337                      5400         2   692323                         7.4                       1.6
TOPIX                    36.224             579.588   3650.50              0.99               15.9              4.7              17153                      170                      2723         4   692323                         9.9                       1.6
MSCIEAFA                 22.689             363.023   3047.10              0.74               11.9             36.5             111279                      828                     13257         1   692323                        16.1                       1.9
MIB                     337.108            5393.733  46440.00              0.73               11.6              4.3             200332                     1454                     23267         1   692323                        28.9                       3.4
AEX                       8.797             140.745    990.40              0.89               14.2            172.6             170895                     1517                     24285         1   692323                        24.7                       3.5
SILVER                    6.066              97.056     85.35              7.11              113.7            730.4              62339                     4430                     70888         1   692323                         9.0                      10.2

Sum of abs(notional exposure % capital) 217.2
Sum of abs(annualised risk % capital) 36.6
Net sum of annualised risk % capital 19.4 

==================================================================================================================================================================================================
                                                                                           Correlations                                                                                           
==================================================================================================================================================================================================

               CAD   CHF   GBP   JPY  KRWUSD_mini  KR10   AEX  BITCOIN   BRE  COPPER-micro   DOW  FTSECHINAA   MIB  MSCIEAFA  MUMMY  NIKKEI  TOPIX  LEANHOG  REDWHEAT  RICE  SILVER  WHEAT  YENEUR
CAD           1.00  0.63  0.56  0.45         0.57 -0.10 -0.13    -0.01  0.25          0.21  0.08        0.11 -0.15      0.28   0.00   -0.10  -0.20     0.07      0.25  0.07    0.11   0.30    0.08
CHF           0.63  1.00  0.64  0.64         0.65 -0.05 -0.20    -0.06  0.15          0.16  0.01        0.02 -0.23      0.23  -0.11   -0.25  -0.29    -0.01      0.04  0.04    0.13   0.08    0.02
GBP           0.56  0.64  1.00  0.58         0.58  0.02  0.10     0.06  0.37          0.32  0.16        0.18  0.13      0.50   0.03    0.07   0.08     0.16     -0.02  0.10    0.25  -0.00    0.09
JPY           0.45  0.64  0.58  1.00         0.57  0.14 -0.08     0.08  0.22          0.06 -0.03        0.03 -0.14      0.17  -0.18   -0.28  -0.33    -0.05      0.04  0.12    0.01   0.06   -0.64
KRWUSD_mini   0.57  0.65  0.58  0.57         1.00  0.05 -0.03     0.09  0.33          0.14  0.20        0.12  0.00      0.31  -0.01   -0.03  -0.17     0.06      0.18  0.14    0.22   0.25   -0.11
KR10         -0.10 -0.05  0.02  0.14         0.05  1.00  0.01    -0.02 -0.16         -0.05  0.05        0.10 -0.08     -0.06   0.01    0.01  -0.09    -0.15     -0.19  0.06   -0.22  -0.23   -0.26
AEX          -0.13 -0.20  0.10 -0.08        -0.03  0.01  1.00     0.34  0.33          0.47  0.57        0.38  0.73      0.62   0.36    0.49   0.53     0.26      0.04  0.10    0.21   0.07    0.02
BITCOIN      -0.01 -0.06  0.06  0.08         0.09 -0.02  0.34     1.00  0.14          0.13  0.31        0.15  0.28      0.24   0.14    0.23   0.18     0.14     -0.12 -0.03    0.10  -0.08   -0.07
BRE           0.25  0.15  0.37  0.22         0.33 -0.16  0.33     0.14  1.00          0.16  0.33        0.36  0.27      0.38   0.10    0.17   0.20     0.11      0.21  0.14    0.13   0.27    0.01
COPPER-micro  0.21  0.16  0.32  0.06         0.14 -0.05  0.47     0.13  0.16          1.00  0.44        0.34  0.41      0.58   0.19    0.31   0.25     0.12      0.22  0.22    0.34   0.29    0.18
DOW           0.08  0.01  0.16 -0.03         0.20  0.05  0.57     0.31  0.33          0.44  1.00        0.41  0.52      0.76   0.30    0.47   0.49     0.28      0.05  0.08    0.26   0.14    0.09
FTSECHINAA    0.11  0.02  0.18  0.03         0.12  0.10  0.38     0.15  0.36          0.34  0.41        1.00  0.36      0.42   0.15    0.20   0.28     0.09      0.12 -0.10    0.08   0.13    0.08
MIB          -0.15 -0.23  0.13 -0.14         0.00 -0.08  0.73     0.28  0.27          0.41  0.52        0.36  1.00      0.66   0.39    0.51   0.60     0.22     -0.05  0.11    0.09  -0.03    0.13
MSCIEAFA      0.28  0.23  0.50  0.17         0.31 -0.06  0.62     0.24  0.38          0.58  0.76        0.42  0.66      1.00   0.40    0.48   0.56     0.27      0.05  0.20    0.30   0.12    0.17
MUMMY         0.00 -0.11  0.03 -0.18        -0.01  0.01  0.36     0.14  0.10          0.19  0.30        0.15  0.39      0.40   1.00    0.49   0.61     0.29      0.08  0.21    0.17   0.03    0.17
NIKKEI       -0.10 -0.25  0.07 -0.28        -0.03  0.01  0.49     0.23  0.17          0.31  0.47        0.20  0.51      0.48   0.49    1.00   0.86     0.09      0.06  0.09    0.01   0.01    0.22
TOPIX        -0.20 -0.29  0.08 -0.33        -0.17 -0.09  0.53     0.18  0.20          0.25  0.49        0.28  0.60      0.56   0.61    0.86   1.00     0.18     -0.04  0.08    0.06  -0.08    0.28
LEANHOG       0.07 -0.01  0.16 -0.05         0.06 -0.15  0.26     0.14  0.11          0.12  0.28        0.09  0.22      0.27   0.29    0.09   0.18     1.00      0.17  0.19    0.31   0.20    0.16
REDWHEAT      0.25  0.04 -0.02  0.04         0.18 -0.19  0.04    -0.12  0.21          0.22  0.05        0.12 -0.05      0.05   0.08    0.06  -0.04     0.17      1.00  0.17    0.22   0.92   -0.04
RICE          0.07  0.04  0.10  0.12         0.14  0.06  0.10    -0.03  0.14          0.22  0.08       -0.10  0.11      0.20   0.21    0.09   0.08     0.19      0.17  1.00    0.11   0.15   -0.06
SILVER        0.11  0.13  0.25  0.01         0.22 -0.22  0.21     0.10  0.13          0.34  0.26        0.08  0.09      0.30   0.17    0.01   0.06     0.31      0.22  0.11    1.00   0.22    0.19
WHEAT         0.30  0.08 -0.00  0.06         0.25 -0.23  0.07    -0.08  0.27          0.29  0.14        0.13 -0.03      0.12   0.03    0.01  -0.08     0.20      0.92  0.15    0.22   1.00   -0.00
YENEUR        0.08  0.02  0.09 -0.64        -0.11 -0.26  0.02    -0.07  0.01          0.18  0.09        0.08  0.13      0.17   0.17    0.22   0.28     0.16     -0.04 -0.06    0.19  -0.00    1.00


********************************************************************************
                                 END OF REPORT                                  
********************************************************************************


