
********************************************************************************
                    Risk report produced on 01/04/2025 22:52                    
********************************************************************************


Total risk across all strategies, annualised percentage 9.0
Percentage of capital used for margin 65.2%

========================================
Risk per strategy, annualised percentage
========================================

                  risk
dynamic_TF_carry   9.0


===================
Risk by asset class
===================

Ags       2.9
Bond      2.6
Equity    5.4
FX        3.1
Metals    2.2
dtype: float64


=====================================================
Beta loadings of asset class positions on asset class
=====================================================

Bond     -0.17
Metals   -0.07
Ags       0.04
Equity    0.26
FX        0.40
dtype: float64


========================================================
Beta loadings of full portfolio positions on asset class
========================================================

Bond     -0.37
Metals    0.04
Ags       0.09
Equity    0.31
FX        0.56
dtype: float64


==================================================================================================================================================================================================================================================================
                                                                                                                         Instrument risk                                                                                                                          
==================================================================================================================================================================================================================================================================

              daily_price_stdev  annual_price_stdev     price  daily_perc_stdev  annual_perc_stdev  point_size_base  contract_exposure  daily_risk_per_contract  annual_risk_per_contract  position  capital  exposure_held_perc_capital  annual_risk_perc_capital
BUXL                      1.294              20.706    120.54              1.07               17.2            836.6             100840                     1082                     17321        -1   577843                       -17.5                      -3.0
LEANHOG                   1.395              22.323     97.12              1.44               23.0            309.6              30072                      431                      6911        -2   577843                       -10.4                      -2.4
BITCOIN                2547.127           40754.039  85475.00              2.98               47.7              0.1               6616                      197                      3154        -4   577843                        -4.6                      -2.2
CHF                       0.004               0.069      1.14              0.38                6.0          96757.8             110463                      414                      6638        -1   577843                       -19.1                      -1.1
KOSDAQ                   24.876             398.015   1158.40              2.15               34.4              5.3               6093                      130                      2093        -3   577843                        -3.2                      -1.1
SP500_micro              56.107             897.714   5642.50              0.99               15.9              3.9              21838                      217                      3474        -1   577843                        -3.8                      -0.6
RUSSELL                  25.480             407.686   2017.70              1.26               20.2              3.9               7809                       98                      1577        -2   577843                        -2.7                      -0.5
CAD                       0.002               0.038      0.70              0.34                5.4          77406.3              54207                      182                      2914        -1   577843                        -9.4                      -0.5
COPPER-micro              0.070               1.120      5.07              1.38               22.1           1935.2               9804                      135                      2166        -1   577843                        -1.7                      -0.4
MUMMY                     8.898             142.369    637.00              1.40               22.3              5.2               3290                       45                       735         1   577843                         0.6                       0.1
TOPIX                    28.262             452.197   2664.75              1.06               17.0              5.2              13767                      146                      2336         1   577843                         2.4                       0.4
DAX                     261.577            4185.227  22756.00              1.15               18.4              0.8              19037                      218                      3501         1   577843                         3.3                       0.6
NIKKEI                  466.972            7471.552  35640.00              1.31               21.0              0.5              18412                      241                      3860         1   577843                         3.2                       0.7
CAD10                     0.528               8.452    124.79              0.42                6.8            537.9              67128                      284                      4546         1   577843                        11.6                       0.8
MSCISING                  3.930              62.877    393.50              1.00               16.0             57.6              22673                      226                      3623         2   577843                         7.8                       1.3
YENEUR                    0.993              15.891    160.54              0.62                9.9            645.8             103675                      641                     10262         1   577843                        17.9                       1.8
FEEDCOW                   2.104              33.663    292.45              0.72               11.5            387.0             113187                      814                     13028         1   577843                        19.6                       2.3
GBP                       0.005               0.081      1.29              0.39                6.2          48378.9              62476                      243                      3894         4   577843                        43.2                       2.7
MIB                     388.780            6220.477  37740.00              1.03               16.5              4.2             157861                     1626                     26019         1   577843                        27.3                       4.5

Sum of abs(notional exposure % capital) 209.3
Sum of abs(annualised risk % capital) 27.0
Net sum of annualised risk % capital 3.4 

======================================================================================================================================================================
                                                                             Correlations                                                                             
======================================================================================================================================================================

              BUXL  CAD10   DAX  KOSDAQ   MIB  MSCISING  MUMMY  NIKKEI  RUSSELL  SP500_micro  TOPIX   CAD   CHF  COPPER-micro   GBP  FEEDCOW  YENEUR  BITCOIN  LEANHOG
BUXL          1.00   0.60 -0.09    0.04 -0.06      0.09   0.08    0.00     0.28         0.33  -0.02 -0.06 -0.03         -0.08 -0.19    -0.24   -0.58     0.00    -0.10
CAD10         0.60   1.00  0.07    0.02  0.00      0.07  -0.08   -0.10     0.08         0.13  -0.07 -0.20  0.33         -0.08  0.21    -0.26   -0.57    -0.02    -0.18
DAX          -0.09   0.07  1.00    0.30  0.79      0.45   0.20    0.40     0.41         0.49   0.42  0.16  0.09          0.29  0.36     0.24    0.16     0.17     0.19
KOSDAQ        0.04   0.02  0.30    1.00  0.27      0.22   0.29    0.45     0.35         0.45   0.39  0.28 -0.04          0.16  0.13    -0.04   -0.02     0.03    -0.09
MIB          -0.06   0.00  0.79    0.27  1.00      0.35   0.26    0.36     0.30         0.34   0.35  0.11 -0.08          0.31  0.16     0.13    0.08     0.16     0.12
MSCISING      0.09   0.07  0.45    0.22  0.35      1.00   0.20    0.33     0.53         0.61   0.42  0.13 -0.07          0.25  0.17     0.17    0.03     0.31     0.07
MUMMY         0.08  -0.08  0.20    0.29  0.26      0.20   1.00    0.61     0.30         0.23   0.59  0.28 -0.15          0.14  0.12     0.11    0.11    -0.04     0.10
NIKKEI        0.00  -0.10  0.40    0.45  0.36      0.33   0.61    1.00     0.40         0.57   0.92  0.28 -0.09          0.23  0.29     0.19    0.29     0.11     0.00
RUSSELL       0.28   0.08  0.41    0.35  0.30      0.53   0.30    0.40     1.00         0.79   0.40  0.29 -0.11          0.09  0.18     0.10   -0.09     0.34     0.18
SP500_micro   0.33   0.13  0.49    0.45  0.34      0.61   0.23    0.57     0.79         1.00   0.53  0.25 -0.12          0.14  0.18     0.09    0.03     0.25     0.06
TOPIX        -0.02  -0.07  0.42    0.39  0.35      0.42   0.59    0.92     0.40         0.53   1.00  0.20 -0.12          0.15  0.30     0.20    0.32     0.12     0.01
CAD          -0.06  -0.20  0.16    0.28  0.11      0.13   0.28    0.28     0.29         0.25   0.20  1.00  0.35          0.43  0.53    -0.01    0.11     0.01     0.18
CHF          -0.03   0.33  0.09   -0.04 -0.08     -0.07  -0.15   -0.09    -0.11        -0.12  -0.12  0.35  1.00          0.16  0.65    -0.12   -0.11    -0.04     0.16
COPPER-micro -0.08  -0.08  0.29    0.16  0.31      0.25   0.14    0.23     0.09         0.14   0.15  0.43  0.16          1.00  0.29     0.13    0.03    -0.13     0.15
GBP          -0.19   0.21  0.36    0.13  0.16      0.17   0.12    0.29     0.18         0.18   0.30  0.53  0.65          0.29  1.00     0.10    0.23     0.01     0.14
FEEDCOW      -0.24  -0.26  0.24   -0.04  0.13      0.17   0.11    0.19     0.10         0.09   0.20 -0.01 -0.12          0.13  0.10     1.00    0.39     0.04     0.20
YENEUR       -0.58  -0.57  0.16   -0.02  0.08      0.03   0.11    0.29    -0.09         0.03   0.32  0.11 -0.11          0.03  0.23     0.39    1.00    -0.04     0.23
BITCOIN       0.00  -0.02  0.17    0.03  0.16      0.31  -0.04    0.11     0.34         0.25   0.12  0.01 -0.04         -0.13  0.01     0.04   -0.04     1.00     0.17
LEANHOG      -0.10  -0.18  0.19   -0.09  0.12      0.07   0.10    0.00     0.18         0.06   0.01  0.18  0.16          0.15  0.14     0.20    0.23     0.17     1.00


********************************************************************************
                                 END OF REPORT                                  
********************************************************************************


