
********************************************************************************
                    Risk report produced on 09/10/2025 22:53                    
********************************************************************************


Total risk across all strategies, annualised percentage 21.4
Percentage of capital used for margin 45.6%

========================================
Risk per strategy, annualised percentage
========================================

                  risk
dynamic_TF_carry  21.5


===================
Risk by asset class
===================

Ags        4.4
Bond       1.6
Equity    14.5
FX         3.3
Metals     4.9
OilGas     2.2
dtype: float64


=====================================================
Beta loadings of asset class positions on asset class
=====================================================

OilGas   -0.05
FX       -0.02
Ags       0.23
Metals    0.28
Bond      0.38
Equity    1.21
dtype: float64


========================================================
Beta loadings of full portfolio positions on asset class
========================================================

OilGas   -0.08
Bond      0.16
Metals    0.53
Ags       0.62
FX        1.31
Equity    1.33
dtype: float64


=================================================================================================================================================================================================================================================================
                                                                                                                         Instrument risk                                                                                                                         
=================================================================================================================================================================================================================================================================

             daily_price_stdev  annual_price_stdev     price  daily_perc_stdev  annual_perc_stdev  point_size_base  contract_exposure  daily_risk_per_contract  annual_risk_per_contract  position  capital  exposure_held_perc_capital  annual_risk_perc_capital
JPY                      0.000               0.001      0.01              0.66               10.5        9324391.9              61270                      402                      6435        -2   629491                       -19.5                      -2.0
GAS-PEN                  0.091               1.463      3.27              2.79               44.7           7459.5              24422                      682                     10915        -1   629491                        -3.9                      -1.7
WHEAT                    6.283             100.521    508.00              1.24               19.8             37.3              18947                      234                      3749        -1   629491                        -3.0                      -0.6
RICE                     0.152               2.437     11.16              1.37               21.8           1491.9              16642                      227                      3635        -1   629491                        -2.6                      -0.6
GAS_US_mini              0.096               1.535      3.24              2.96               47.3           1864.9               6051                      178                      2863        -1   629491                        -1.0                      -0.5
KRWUSD_mini              0.003               0.056      0.71              0.50                7.9          18648.8              13152                       65                      1044        -2   629491                        -4.2                      -0.3
MXP                      0.000               0.004      0.05              0.45                7.2         372975.7              20136                       90                      1445         1   629491                         3.2                       0.2
FTSECHINAA             141.905            2270.483  15270.00              0.93               14.9              0.7              11390                      105                      1693         2   629491                         3.6                       0.5
GBP                      0.006               0.089      1.33              0.42                6.7          46622.0              61937                      259                      4151         1   629491                         9.8                       0.7
GOLD_micro              35.405             566.473   3974.90              0.89               14.3              7.5              29650                      264                      4225         1   629491                         4.7                       0.7
OAT                      0.360               5.767    121.53              0.30                4.7            868.1             105505                      312                      5006         1   629491                        16.8                       0.8
CAD10                    0.343               5.490    122.23              0.28                4.5            535.0              65398                      183                      2937         2   629491                        20.8                       0.9
YENEUR                   0.873              13.970    176.37              0.50                7.9            610.9             107742                      533                      8534         1   629491                        17.1                       1.4
LEANHOG                  1.142              18.278     84.45              1.35               21.6            298.4              25198                      340                      5453         2   629491                         8.0                       1.7
SILVER                   0.637              10.198     47.65              1.34               21.4            746.0              35544                      475                      7607         2   629491                        11.3                       2.4
PLAT                    25.507             408.114   1666.00              1.53               24.5             37.3              62137                      951                     15221         1   629491                         9.9                       2.4
AEX                      8.171             130.729    959.95              0.85               13.6            173.6             166675                     1418                     22698         1   629491                        26.5                       3.6
FEEDCOW                  3.809              60.951    374.15              1.02               16.3            373.0             139548                     1420                     22733         1   629491                        22.2                       3.6
MIB                    328.526            5256.411  42640.00              0.77               12.3              4.3             185088                     1426                     22816         1   629491                        29.4                       3.6
MSCIEAFA                20.844             333.504   2796.90              0.75               11.9             37.3             104317                      777                     12438         2   629491                        33.1                       4.0
MSCITAIWAN              12.584             201.351   1192.00              1.06               16.9             74.6              88917                      938                     15019         2   629491                        28.3                       4.8

Sum of abs(notional exposure % capital) 278.9
Sum of abs(annualised risk % capital) 37.0
Net sum of annualised risk % capital 25.6 

============================================================================================================================================================================================
                                                                                        Correlations                                                                                        
============================================================================================================================================================================================

             FEEDCOW  YENEUR   AEX  FTSECHINAA  GOLD_micro   MIB  MSCIEAFA  MSCITAIWAN   MXP  PLAT  SILVER  GAS-PEN  GAS_US_mini  LEANHOG  RICE  WHEAT  CAD10   GBP   JPY  KRWUSD_mini   OAT
FEEDCOW         1.00    0.35  0.30        0.37        0.06  0.42      0.33        0.26  0.28  0.23    0.31    -0.19        -0.09     0.25  0.01  -0.12  -0.29  0.05 -0.33        -0.07 -0.35
YENEUR          0.35    1.00  0.20        0.25        0.02  0.21      0.17        0.34  0.43  0.21    0.24     0.08         0.13     0.01 -0.11  -0.00  -0.44  0.16 -0.70        -0.15 -0.48
AEX             0.30    0.20  1.00        0.40        0.23  0.79      0.74        0.73  0.30  0.42    0.48     0.02         0.16     0.12 -0.08  -0.02   0.09  0.23 -0.30         0.10  0.12
FTSECHINAA      0.37    0.25  0.40        1.00        0.22  0.44      0.46        0.35  0.38  0.28    0.39    -0.11        -0.00     0.29 -0.18   0.27  -0.08  0.23 -0.12         0.04 -0.13
GOLD_micro      0.06    0.02  0.23        0.22        1.00  0.20      0.44        0.19  0.27  0.42    0.69     0.02         0.12     0.21 -0.04   0.22   0.24  0.37  0.22         0.40  0.35
MIB             0.42    0.21  0.79        0.44        0.20  1.00      0.85        0.67  0.40  0.34    0.46    -0.06         0.11     0.22 -0.05   0.05   0.08  0.37 -0.19         0.13  0.04
MSCIEAFA        0.33    0.17  0.74        0.46        0.44  0.85      1.00        0.66  0.49  0.43    0.54    -0.11         0.04     0.26 -0.02   0.05   0.27  0.66  0.08         0.44  0.22
MSCITAIWAN      0.26    0.34  0.73        0.35        0.19  0.67      0.66        1.00  0.39  0.40    0.49    -0.01         0.09     0.08 -0.09  -0.07   0.08  0.32 -0.27         0.12  0.03
MXP             0.28    0.43  0.30        0.38        0.27  0.40      0.49        0.39  1.00  0.39    0.46    -0.11        -0.03     0.25 -0.12   0.19  -0.04  0.42 -0.07         0.25  0.05
PLAT            0.23    0.21  0.42        0.28        0.42  0.34      0.43        0.40  0.39  1.00    0.69    -0.12        -0.03     0.14  0.04   0.19   0.01  0.28 -0.02         0.23  0.04
SILVER          0.31    0.24  0.48        0.39        0.69  0.46      0.54        0.49  0.46  0.69    1.00     0.05         0.17     0.27 -0.01   0.22   0.10  0.33 -0.06         0.16  0.09
GAS-PEN        -0.19    0.08  0.02       -0.11        0.02 -0.06     -0.11       -0.01 -0.11 -0.12    0.05     1.00         0.94    -0.09 -0.04   0.01   0.02 -0.23 -0.24        -0.11 -0.09
GAS_US_mini    -0.09    0.13  0.16       -0.00        0.12  0.11      0.04        0.09 -0.03 -0.03    0.17     0.94         1.00    -0.02 -0.05   0.08  -0.01 -0.16 -0.28        -0.09 -0.12
LEANHOG         0.25    0.01  0.12        0.29        0.21  0.22      0.26        0.08  0.25  0.14    0.27    -0.09        -0.02     1.00  0.12   0.24  -0.07  0.10  0.11         0.08 -0.08
RICE            0.01   -0.11 -0.08       -0.18       -0.04 -0.05     -0.02       -0.09 -0.12  0.04   -0.01    -0.04        -0.05     0.12  1.00   0.13  -0.08  0.06  0.20         0.28 -0.12
WHEAT          -0.12   -0.00 -0.02        0.27        0.22  0.05      0.05       -0.07  0.19  0.19    0.22     0.01         0.08     0.24  0.13   1.00  -0.13  0.13  0.21         0.27 -0.03
CAD10          -0.29   -0.44  0.09       -0.08        0.24  0.08      0.27        0.08 -0.04  0.01    0.10     0.02        -0.01    -0.07 -0.08  -0.13   1.00  0.40  0.49         0.19  0.68
GBP             0.05    0.16  0.23        0.23        0.37  0.37      0.66        0.32  0.42  0.28    0.33    -0.23        -0.16     0.10  0.06   0.13   0.40  1.00  0.41         0.45  0.24
JPY            -0.33   -0.70 -0.30       -0.12        0.22 -0.19      0.08       -0.27 -0.07 -0.02   -0.06    -0.24        -0.28     0.11  0.20   0.21   0.49  0.41  1.00         0.50  0.42
KRWUSD_mini    -0.07   -0.15  0.10        0.04        0.40  0.13      0.44        0.12  0.25  0.23    0.16    -0.11        -0.09     0.08  0.28   0.27   0.19  0.45  0.50         1.00  0.28
OAT            -0.35   -0.48  0.12       -0.13        0.35  0.04      0.22        0.03  0.05  0.04    0.09    -0.09        -0.12    -0.08 -0.12  -0.03   0.68  0.24  0.42         0.28  1.00


********************************************************************************
                                 END OF REPORT                                  
********************************************************************************


