
********************************************************************************
                    Risk report produced on 21/07/2023 22:51                    
********************************************************************************


Total risk across all strategies, annualised percentage 13.1
Percentage of capital used for margin 59.5%

========================================
Risk per strategy, annualised percentage
========================================

                  risk
dynamic_TF_carry  13.1


===================
Risk by asset class
===================

Ags       5.4
Bond      1.7
Equity    3.8
FX        4.2
Metals    0.3
OilGas    1.1
Sector    2.7
Vol       1.5
dtype: float64


=====================================================
Beta loadings of asset class positions on asset class
=====================================================

Bond     -0.46
FX       -0.35
Vol      -0.04
OilGas   -0.01
Metals    0.01
Sector    0.16
Equity    0.26
Ags       0.28
dtype: float64


========================================================
Beta loadings of full portfolio positions on asset class
========================================================

Bond     -1.14
Vol      -0.18
FX       -0.02
Metals    0.01
OilGas    0.02
Sector    0.32
Ags       0.43
Equity    0.46
dtype: float64


==================================================================================================================================================================================================================================================================
                                                                                                                         Instrument risk                                                                                                                          
==================================================================================================================================================================================================================================================================

              daily_price_stdev  annual_price_stdev     price  daily_perc_stdev  annual_perc_stdev  point_size_base  contract_exposure  daily_risk_per_contract  annual_risk_per_contract  position  capital  exposure_held_perc_capital  annual_risk_perc_capital
CHF                       0.006               0.097      1.16              0.52                8.3          96974.4             112645                      585                      9365        -1   351081                       -32.1                      -2.7
JPY                       0.000               0.001      0.01              0.65               10.3        9697439.9              69016                      446                      7139        -1   351081                       -19.7                      -2.0
US3                       0.242               3.874    104.14              0.23                3.7           1551.6             161589                      375                      6010        -1   351081                       -46.0                      -1.7
VIX                       0.438               7.011     17.05              2.57               41.1            775.8              13227                      339                      5439        -1   351081                        -3.8                      -1.5
GAS_US_mini               0.123               1.970      2.71              4.54               72.7           1939.5               5256                      238                      3820        -1   351081                        -1.5                      -1.1
BITCOIN                 867.022           13872.353  30000.00              2.89               46.2              0.1               2327                       67                      1076         1   351081                         0.7                       0.3
MXP                       0.000               0.005      0.06              0.54                8.7         387897.6              22598                      122                      1967         1   351081                         6.4                       0.6
SOYBEAN_mini             22.582             361.307   1399.50              1.61               25.8              7.8              10857                      175                      2802         1   351081                         3.1                       0.8
RUSSELL                  23.055             368.882   1971.10              1.17               18.7              3.9               7645                       89                      1430         2   351081                         4.4                       0.8
CNH                       0.025               0.393      7.14              0.34                5.5          10814.3              77204                      265                      4249         1   351081                        22.0                       1.2
EU-AUTO                   7.088             113.413    639.80              1.11               17.7             43.2              27653                      306                      4901         1   351081                         7.9                       1.4
GBP                       0.007               0.108      1.29              0.52                8.4          48487.2              62330                      326                      5216         1   351081                        17.8                       1.5
EU-OIL                    4.430              70.886    338.30              1.31               21.0             43.2              14621                      191                      3063         2   351081                         8.3                       1.7
NIKKEI                  346.713            5547.414  32385.00              1.07               17.1              0.6              17917                      191                      3069         2   351081                        10.2                       1.7
FTSETAIWAN               13.338             213.415   1466.75              0.91               14.6             31.0              45515                      413                      6622         1   351081                        13.0                       1.9
SOYOIL                    1.337              21.399     62.95              2.12               34.0            465.5              29301                      622                      9960         1   351081                         8.3                       2.8
LIVECOW                   1.269              20.300    181.78              0.70               11.2            310.3              56408                      393                      6299         2   351081                        32.1                       3.6

Sum of abs(notional exposure % capital) 237.3
Sum of abs(annualised risk % capital) 27.3
Net sum of annualised risk % capital 9.3 

=========================================================================================================================================================
                                                                      Correlations                                                                       
=========================================================================================================================================================

               CNH   VIX  EU-AUTO  EU-OIL  FTSETAIWAN  GAS_US_mini  LIVECOW   MXP  NIKKEI  RUSSELL  SOYBEAN_mini  SOYOIL   JPY   US3  BITCOIN   CHF   GBP
CNH           1.00  0.01    -0.05   -0.14       -0.30         0.05     0.03 -0.04    0.03    -0.27         -0.03    0.06 -0.57 -0.50    -0.15 -0.52 -0.64
VIX           0.01  1.00    -0.60   -0.48       -0.47        -0.16    -0.44 -0.68   -0.60    -0.70         -0.05   -0.20  0.10  0.38    -0.23 -0.11 -0.23
EU-AUTO      -0.05 -0.60     1.00    0.48        0.48         0.13     0.32  0.55    0.54     0.55          0.14    0.29 -0.10 -0.37    -0.01  0.08  0.16
EU-OIL       -0.14 -0.48     0.48    1.00        0.46         0.29     0.25  0.53    0.50     0.54          0.28    0.36 -0.04 -0.27     0.12  0.05  0.18
FTSETAIWAN   -0.30 -0.47     0.48    0.46        1.00         0.24     0.20  0.47    0.65     0.54          0.23    0.20  0.05 -0.10     0.21  0.22  0.42
GAS_US_mini   0.05 -0.16     0.13    0.29        0.24         1.00     0.09  0.08    0.27     0.28          0.17    0.20 -0.16 -0.16     0.14  0.04  0.15
LIVECOW       0.03 -0.44     0.32    0.25        0.20         0.09     1.00  0.29    0.23     0.50          0.08    0.22 -0.14 -0.25     0.13  0.02  0.08
MXP          -0.04 -0.68     0.55    0.53        0.47         0.08     0.29  1.00    0.50     0.53          0.22    0.28 -0.09 -0.30     0.11  0.14  0.22
NIKKEI        0.03 -0.60     0.54    0.50        0.65         0.27     0.23  0.50    1.00     0.54          0.24    0.30 -0.35 -0.36     0.16 -0.02  0.22
RUSSELL      -0.27 -0.70     0.55    0.54        0.54         0.28     0.50  0.53    0.54     1.00          0.21    0.30  0.04 -0.19     0.40  0.25  0.35
SOYBEAN_mini -0.03 -0.05     0.14    0.28        0.23         0.17     0.08  0.22    0.24     0.21          1.00    0.47 -0.04 -0.13     0.13  0.12  0.12
SOYOIL        0.06 -0.20     0.29    0.36        0.20         0.20     0.22  0.28    0.30     0.30          0.47    1.00 -0.09 -0.24     0.03 -0.04  0.07
JPY          -0.57  0.10    -0.10   -0.04        0.05        -0.16    -0.14 -0.09   -0.35     0.04         -0.04   -0.09  1.00  0.59     0.13  0.68  0.54
US3          -0.50  0.38    -0.37   -0.27       -0.10        -0.16    -0.25 -0.30   -0.36    -0.19         -0.13   -0.24  0.59  1.00     0.16  0.55  0.46
BITCOIN      -0.15 -0.23    -0.01    0.12        0.21         0.14     0.13  0.11    0.16     0.40          0.13    0.03  0.13  0.16     1.00  0.25  0.41
CHF          -0.52 -0.11     0.08    0.05        0.22         0.04     0.02  0.14   -0.02     0.25          0.12   -0.04  0.68  0.55     0.25  1.00  0.69
GBP          -0.64 -0.23     0.16    0.18        0.42         0.15     0.08  0.22    0.22     0.35          0.12    0.07  0.54  0.46     0.41  0.69  1.00


********************************************************************************
                                 END OF REPORT                                  
********************************************************************************


