
********************************************************************************
                    Risk report produced on 04/02/2025 22:53                    
********************************************************************************


Total risk across all strategies, annualised percentage 10.9
Percentage of capital used for margin 75.9%

========================================
Risk per strategy, annualised percentage
========================================

                  risk
dynamic_TF_carry  10.9


===================
Risk by asset class
===================

Ags       5.5
Bond      1.6
Equity    6.6
FX        4.0
Metals    1.9
Vol       1.3
dtype: float64


=====================================================
Beta loadings of asset class positions on asset class
=====================================================

FX       -0.32
Bond     -0.15
Metals   -0.05
Vol      -0.03
Ags       0.36
Equity    0.57
dtype: float64


========================================================
Beta loadings of full portfolio positions on asset class
========================================================

Bond     -0.42
Vol      -0.14
FX        0.00
Metals    0.10
Ags       0.46
Equity    0.75
dtype: float64


==================================================================================================================================================================================================================================================================
                                                                                                                         Instrument risk                                                                                                                          
==================================================================================================================================================================================================================================================================

              daily_price_stdev  annual_price_stdev     price  daily_perc_stdev  annual_perc_stdev  point_size_base  contract_exposure  daily_risk_per_contract  annual_risk_per_contract  position  capital  exposure_held_perc_capital  annual_risk_perc_capital
CHF                       0.005               0.073      1.11              0.41                6.6         100732.1             111837                      462                      7393        -2   566309                       -39.5                      -2.6
FTSETAIWAN               23.431             374.891   1878.50              1.25               20.0             32.2              60552                      755                     12084        -1   566309                       -10.7                      -2.1
US30                      0.926              14.821    119.69              0.77               12.4            805.9              96451                      746                     11943        -1   566309                       -17.0                      -2.1
ALUMINIUM                31.941             511.054   2626.75              1.22               19.5             20.1              52919                      643                     10295        -1   566309                        -9.3                      -1.8
CAD                       0.003               0.046      0.70              0.41                6.6          80585.7              56426                      232                      3725        -2   566309                       -19.9                      -1.3
VIX                       0.549               8.789     18.10              3.03               48.6            805.9              14586                      442                      7082        -1   566309                        -2.6                      -1.3
SUGAR11                   0.262               4.191     18.17              1.44               23.1            902.6              16399                      236                      3782        -1   566309                        -2.9                      -0.7
MXP                       0.000               0.007      0.05              0.92               14.7         402928.5              19477                      178                      2863        -1   566309                        -3.4                      -0.5
COPPER-micro              0.047               0.751      4.36              1.08               17.2           2014.6               8784                       94                      1513        -1   566309                        -1.6                      -0.3
RUSSELL                  23.136             370.171   2295.10              1.01               16.1              4.0               9247                       93                      1491        -1   566309                        -1.6                      -0.3
DOW                     279.013            4464.204  44660.00              0.62               10.0              0.4              17994                      112                      1798         1   566309                         3.2                       0.3
MSCISING                  2.683              42.936    384.45              0.70               11.2             59.2              22776                      158                      2543         1   566309                         4.0                       0.4
GOLD_micro               23.555             376.877   2874.10              0.82               13.1              8.1              23161                      189                      3037         1   566309                         4.1                       0.5
BITCOIN                2480.320           39685.119  99945.00              2.48               39.7              0.1               8054                      199                      3198         1   566309                         1.4                       0.6
CAD10                     0.545               8.724    124.79              0.44                7.0            557.2              69538                      303                      4861         1   566309                        12.3                       0.9
TOPIX                    25.824             413.189   2745.75              0.94               15.0              5.2              14252                      134                      2144         4   566309                        10.1                       1.5
YENEUR                    0.987              15.798    159.75              0.62                9.9            648.8             103651                      640                     10250         1   566309                        18.3                       1.8
SMI                      80.353            1285.649  12424.00              0.65               10.3              8.8             109755                      709                     11357         1   566309                        19.4                       2.0
FEEDCOW                   2.494              39.903    266.18              0.94               15.0            402.9             107249                     1004                     16078         1   566309                        18.9                       2.8
MIB                     262.146            4194.328  36770.00              0.71               11.4              4.2             152675                     1088                     17415         1   566309                        27.0                       3.1
MSCITAIWAN               16.058             256.935    969.20              1.66               26.5             80.6              78103                     1294                     20705         1   566309                        13.8                       3.7
COFFEE                    4.975              79.608    377.35              1.32               21.1            302.2             114033                     1503                     24057         1   566309                        20.1                       4.2

Sum of abs(notional exposure % capital) 261.1
Sum of abs(annualised risk % capital) 34.8
Net sum of annualised risk % capital 8.8 

=====================================================================================================================================================================================================
                                                                                            Correlations                                                                                             
=====================================================================================================================================================================================================

              FEEDCOW  SUGAR11  YENEUR   DOW  FTSETAIWAN   MIB  MSCISING  MSCITAIWAN  RUSSELL   SMI  TOPIX  ALUMINIUM  BITCOIN   CAD  COFFEE  COPPER-micro  GOLD_micro   MXP  CAD10   CHF  US30   VIX
FEEDCOW          1.00     0.19    0.27  0.21        0.20  0.20      0.22        0.13     0.18  0.19   0.23       0.18     0.02  0.16    0.20          0.22        0.12  0.20  -0.28 -0.22 -0.20 -0.10
SUGAR11          0.19     1.00    0.21  0.12        0.15  0.05      0.06        0.15     0.04  0.11   0.27      -0.05    -0.15  0.17    0.00          0.04        0.04 -0.05  -0.03  0.04 -0.01 -0.15
YENEUR           0.27     0.21    1.00 -0.05        0.26  0.15     -0.00        0.24    -0.08 -0.09   0.36       0.07    -0.17  0.18   -0.22          0.08       -0.02  0.33  -0.60 -0.33 -0.56 -0.06
DOW              0.21     0.12   -0.05  1.00        0.49  0.41      0.57        0.38     0.86  0.48   0.42       0.26     0.27  0.38    0.21          0.21        0.19  0.21   0.14  0.02  0.36 -0.76
FTSETAIWAN       0.20     0.15    0.26  0.49        1.00  0.35      0.43        0.88     0.53  0.40   0.59       0.38     0.17  0.36    0.10          0.29        0.21  0.42  -0.10 -0.12  0.08 -0.57
MIB              0.20     0.05    0.15  0.41        0.35  1.00      0.35        0.33     0.34  0.64   0.37       0.25     0.17  0.09    0.19          0.33        0.09  0.13  -0.05 -0.10 -0.04 -0.33
MSCISING         0.22     0.06   -0.00  0.57        0.43  0.35      1.00        0.33     0.54  0.37   0.41       0.33     0.29  0.13    0.32          0.33        0.14  0.21   0.08 -0.16  0.17 -0.56
MSCITAIWAN       0.13     0.15    0.24  0.38        0.88  0.33      0.33        1.00     0.40  0.33   0.58       0.25     0.09  0.27    0.05          0.27        0.19  0.30  -0.11 -0.13  0.08 -0.48
RUSSELL          0.18     0.04   -0.08  0.86        0.53  0.34      0.54        0.40     1.00  0.35   0.39       0.29     0.33  0.40    0.13          0.15        0.16  0.25   0.04 -0.03  0.26 -0.73
SMI              0.19     0.11   -0.09  0.48        0.40  0.64      0.37        0.33     0.35  1.00   0.31       0.19     0.09  0.26    0.28          0.34        0.29  0.07   0.17  0.10  0.29 -0.27
TOPIX            0.23     0.27    0.36  0.42        0.59  0.37      0.41        0.58     0.39  0.31   1.00       0.12     0.10  0.26    0.06          0.18        0.01  0.23  -0.10 -0.12 -0.00 -0.45
ALUMINIUM        0.18    -0.05    0.07  0.26        0.38  0.25      0.33        0.25     0.29  0.19   0.12       1.00     0.22  0.29    0.22          0.55        0.18  0.26  -0.18 -0.08 -0.05 -0.29
BITCOIN          0.02    -0.15   -0.17  0.27        0.17  0.17      0.29        0.09     0.33  0.09   0.10       0.22     1.00 -0.03    0.25         -0.08        0.01 -0.02   0.08 -0.13  0.04 -0.24
CAD              0.16     0.17    0.18  0.38        0.36  0.09      0.13        0.27     0.40  0.26   0.26       0.29    -0.03  1.00    0.09          0.30        0.33  0.31  -0.13  0.28  0.19 -0.28
COFFEE           0.20     0.00   -0.22  0.21        0.10  0.19      0.32        0.05     0.13  0.28   0.06       0.22     0.25  0.09    1.00          0.14        0.18  0.15   0.24  0.05  0.19 -0.10
COPPER-micro     0.22     0.04    0.08  0.21        0.29  0.33      0.33        0.27     0.15  0.34   0.18       0.55    -0.08  0.30    0.14          1.00        0.49  0.25  -0.07  0.10  0.11 -0.08
GOLD_micro       0.12     0.04   -0.02  0.19        0.21  0.09      0.14        0.19     0.16  0.29   0.01       0.18     0.01  0.33    0.18          0.49        1.00  0.12  -0.07  0.11  0.21  0.12
MXP              0.20    -0.05    0.33  0.21        0.42  0.13      0.21        0.30     0.25  0.07   0.23       0.26    -0.02  0.31    0.15          0.25        0.12  1.00  -0.17 -0.09 -0.04 -0.25
CAD10           -0.28    -0.03   -0.60  0.14       -0.10 -0.05      0.08       -0.11     0.04  0.17  -0.10      -0.18     0.08 -0.13    0.24         -0.07       -0.07 -0.17   1.00  0.49  0.73 -0.07
CHF             -0.22     0.04   -0.33  0.02       -0.12 -0.10     -0.16       -0.13    -0.03  0.10  -0.12      -0.08    -0.13  0.28    0.05          0.10        0.11 -0.09   0.49  1.00  0.51  0.22
US30            -0.20    -0.01   -0.56  0.36        0.08 -0.04      0.17        0.08     0.26  0.29  -0.00      -0.05     0.04  0.19    0.19          0.11        0.21 -0.04   0.73  0.51  1.00 -0.18
VIX             -0.10    -0.15   -0.06 -0.76       -0.57 -0.33     -0.56       -0.48    -0.73 -0.27  -0.45      -0.29    -0.24 -0.28   -0.10         -0.08        0.12 -0.25  -0.07  0.22 -0.18  1.00


********************************************************************************
                                 END OF REPORT                                  
********************************************************************************


