
********************************************************************************
                    Risk report produced on 29/09/2025 22:53                    
********************************************************************************


Total risk across all strategies, annualised percentage 16.0
Percentage of capital used for margin 48.3%

========================================
Risk per strategy, annualised percentage
========================================

                  risk
dynamic_TF_carry  16.0


===================
Risk by asset class
===================

Ags       4.5
Bond      1.2
Equity    9.8
FX        2.6
Metals    4.8
OilGas    0.5
dtype: float64


=====================================================
Beta loadings of asset class positions on asset class
=====================================================

OilGas   -0.01
Metals    0.24
Ags       0.27
Bond      0.28
FX        0.32
Equity    0.79
dtype: float64


========================================================
Beta loadings of full portfolio positions on asset class
========================================================

OilGas    0.03
Bond      0.04
Metals    0.45
Ags       0.64
Equity    0.98
FX        1.58
dtype: float64


====================================================================================================================================================================================================================================================================
                                                                                                                          Instrument risk                                                                                                                           
====================================================================================================================================================================================================================================================================

               daily_price_stdev  annual_price_stdev      price  daily_perc_stdev  annual_perc_stdev  point_size_base  contract_exposure  daily_risk_per_contract  annual_risk_per_contract  position  capital  exposure_held_perc_capital  annual_risk_perc_capital
DAX                      183.796            2940.743   23912.00              0.77               12.3              0.9              20863                      160                      2565        -9   604582                       -31.1                      -3.8
JPY                        0.000               0.001       0.01              0.53                8.5        9299246.0              63044                      336                      5388        -2   604582                       -20.9                      -1.8
DX                         0.419               6.702      97.59              0.43                6.9            743.9              72601                      311                      4985        -2   604582                       -24.0                      -1.6
BITCOIN                 2505.869           40093.901  114790.00              2.18               34.9              0.1               8539                      186                      2982        -2   604582                        -2.8                      -1.0
WHEAT                      6.593             105.489     518.75              1.27               20.3             37.2              19295                      245                      3923        -1   604582                        -3.2                      -0.6
GAS_US_mini                0.089               1.420       3.27              2.71               43.4           1859.8               6081                      165                      2640        -1   604582                        -1.0                      -0.4
KRWUSD_mini                0.004               0.057       0.71              0.50                7.9          18598.5              13268                       65                      1053        -2   604582                        -4.4                      -0.3
CRUDE_W_micro              1.044              16.700      62.77              1.66               26.6             74.4               4669                       77                      1242         1   604582                         0.8                       0.2
BRE                        0.001               0.017       0.19              0.58                9.2          74394.0              13989                       80                      1291         1   604582                         2.3                       0.2
MXP                        0.000               0.004       0.05              0.46                7.4         371969.8              20112                       93                      1491         1   604582                         3.3                       0.2
CAD10                      0.366               5.853     122.36              0.30                4.8            534.3              65382                      195                      3127         1   604582                        10.8                       0.5
NIKKEI                   431.465            6903.437   45095.00              0.96               15.3              0.5              22549                      215                      3451         1   604582                         3.7                       0.6
GOLD_micro                29.177             466.827    3851.80              0.76               12.1              7.4              28655                      217                      3472         1   604582                         4.7                       0.6
FTSECHINAA               147.374            2357.984   15018.00              0.98               15.7              0.7              11172                      109                      1754         2   604582                         3.7                       0.6
GBP                        0.006               0.089       1.34              0.41                6.6          46496.2              62476                      258                      4141         1   604582                        10.3                       0.7
RUSSELL                   25.676             410.812    2449.40              1.05               16.8              3.7               9111                       95                      1528         3   604582                         4.5                       0.8
OAT                        0.370               5.916     121.34              0.30                4.9            872.5             105870                      322                      5161         1   604582                        17.5                       0.9
YENEUR                     0.612               9.798     173.77              0.35                5.6            625.1             108614                      382                      6124         1   604582                        18.0                       1.0
TOPIX                     24.432             390.907    3142.75              0.78               12.4              5.0              15715                      122                      1954         4   604582                        10.4                       1.3
LEANHOG                    1.147              18.351      90.32              1.27               20.3            297.6              26878                      341                      5460         2   604582                         8.9                       1.8
MSCIEAFA                  19.253             308.055    2771.50              0.69               11.1             37.2             103091                      716                     11458         1   604582                        17.1                       1.9
SILVER                     0.591               9.460      46.96              1.26               20.1            743.9              34931                      439                      7037         2   604582                        11.6                       2.3
MSCITAIWAN                12.197             195.153    1102.20              1.11               17.7             74.4              81997                      907                     14518         1   604582                        13.6                       2.4
PLAT                      26.091             417.458    1637.30              1.59               25.5             37.2              60902                      970                     15528         1   604582                        10.1                       2.6
MIB                      328.179            5250.871   42360.00              0.77               12.4              4.4             184797                     1431                     22907         1   604582                        30.6                       3.8
FEEDCOW                    3.895              62.323     353.82              1.10               17.6            372.0             131612                     1448                     23182         1   604582                        21.8                       3.8
AEX                        9.221             147.542     944.15              0.98               15.6            174.5             164756                     1609                     25746         1   604582                        27.3                       4.3

Sum of abs(notional exposure % capital) 318.4
Sum of abs(annualised risk % capital) 40.0
Net sum of annualised risk % capital 21.0 

=================================================================================================================================================================================================================================================
                                                                                                                  Correlations                                                                                                                   
=================================================================================================================================================================================================================================================

               GAS_US_mini  WHEAT  CRUDE_W_micro  FEEDCOW  YENEUR    DX  CAD10   GBP  GOLD_micro   JPY  KRWUSD_mini   OAT   AEX  BITCOIN   BRE   DAX  FTSECHINAA  LEANHOG   MIB  MSCIEAFA  MSCITAIWAN   MXP  NIKKEI  PLAT  RUSSELL  SILVER  TOPIX
GAS_US_mini           1.00   0.27           0.09    -0.09    0.10  0.08  -0.06 -0.15        0.15 -0.09        -0.02 -0.14 -0.14     0.04  0.22 -0.13       -0.02    -0.22 -0.14     -0.10       -0.03 -0.11   -0.12  0.00    -0.17    0.11  -0.08
WHEAT                 0.27   1.00           0.27    -0.10   -0.07 -0.11  -0.13  0.03        0.24  0.18         0.21  0.11  0.02    -0.08  0.25 -0.02        0.11     0.13  0.02      0.07       -0.16  0.09   -0.04  0.09    -0.02    0.17  -0.04
CRUDE_W_micro         0.09   0.27           1.00     0.31    0.05  0.42  -0.21 -0.33       -0.10 -0.37        -0.09 -0.21  0.39     0.03  0.24  0.19        0.12     0.21  0.34     -0.02        0.35 -0.00    0.29  0.01     0.14    0.18   0.28
FEEDCOW              -0.09  -0.10           0.31     1.00    0.11  0.12  -0.12 -0.03        0.06 -0.16        -0.04 -0.23  0.27     0.01  0.08  0.32        0.19     0.13  0.35      0.14        0.22  0.15    0.21  0.14     0.19    0.26   0.28
YENEUR                0.10  -0.07           0.05     0.11    1.00 -0.05  -0.36  0.16        0.06 -0.55        -0.04 -0.44  0.07     0.15  0.23  0.05        0.18    -0.08  0.05      0.15        0.29  0.32    0.33  0.32    -0.02    0.30   0.28
DX                    0.08  -0.11           0.42     0.12   -0.05  1.00  -0.31 -0.83       -0.55 -0.77        -0.63 -0.30 -0.02     0.01 -0.27 -0.14       -0.03    -0.16 -0.05     -0.49       -0.03 -0.35   -0.09 -0.31    -0.04   -0.30  -0.09
CAD10                -0.06  -0.13          -0.21    -0.12   -0.36 -0.31   1.00  0.38        0.32  0.45         0.27  0.58  0.17    -0.07  0.14  0.27       -0.03     0.02  0.23      0.32        0.14 -0.06    0.12 -0.03     0.04    0.09   0.17
GBP                  -0.15   0.03          -0.33    -0.03    0.16 -0.83   0.38  1.00        0.50  0.54         0.62  0.24  0.29     0.10  0.30  0.39        0.28     0.22  0.34      0.63        0.27  0.34    0.36  0.27     0.17    0.43   0.38
GOLD_micro            0.15   0.24          -0.10     0.06    0.06 -0.55   0.32  0.50        1.00  0.47         0.45  0.39  0.16     0.01  0.20  0.24        0.08     0.24  0.19      0.34        0.16  0.17    0.16  0.47    -0.05    0.65   0.18
JPY                  -0.09   0.18          -0.37    -0.16   -0.55 -0.77   0.45  0.54        0.47  1.00         0.49  0.47 -0.08    -0.14  0.00  0.04       -0.12     0.15 -0.02      0.24       -0.19  0.03   -0.19  0.05    -0.04    0.06  -0.15
KRWUSD_mini          -0.02   0.21          -0.09    -0.04   -0.04 -0.63   0.27  0.62        0.45  0.49         1.00  0.33  0.29     0.12  0.29  0.31        0.17     0.22  0.29      0.45        0.26  0.29    0.24  0.23     0.10    0.25   0.22
OAT                  -0.14   0.11          -0.21    -0.23   -0.44 -0.30   0.58  0.24        0.39  0.47         0.33  1.00  0.06    -0.02  0.09  0.05       -0.06     0.12  0.04      0.27       -0.04  0.14    0.06  0.07     0.10    0.06   0.03
AEX                  -0.14   0.02           0.39     0.27    0.07 -0.02   0.17  0.29        0.16 -0.08         0.29  0.06  1.00     0.24  0.28  0.84        0.41     0.30  0.88      0.58        0.76  0.13    0.70  0.20     0.29    0.40   0.66
BITCOIN               0.04  -0.08           0.03     0.01    0.15  0.01  -0.07  0.10        0.01 -0.14         0.12 -0.02  0.24     1.00  0.19  0.31        0.08     0.07  0.23      0.29        0.32  0.09    0.29  0.10     0.42    0.22   0.27
BRE                   0.22   0.25           0.24     0.08    0.23 -0.27   0.14  0.30        0.20  0.00         0.29  0.09  0.28     0.19  1.00  0.19        0.27     0.14  0.26      0.46        0.35  0.49    0.41  0.30     0.47    0.43   0.36
DAX                  -0.13  -0.02           0.19     0.32    0.05 -0.14   0.27  0.39        0.24  0.04         0.31  0.05  0.84     0.31  0.19  1.00        0.32     0.26  0.91      0.67        0.64  0.16    0.62  0.18     0.25    0.41   0.67
FTSECHINAA           -0.02   0.11           0.12     0.19    0.18 -0.03  -0.03  0.28        0.08 -0.12         0.17 -0.06  0.41     0.08  0.27  0.32        1.00     0.25  0.37      0.25        0.25  0.25    0.28  0.14     0.19    0.27   0.29
LEANHOG              -0.22   0.13           0.21     0.13   -0.08 -0.16   0.02  0.22        0.24  0.15         0.22  0.12  0.30     0.07  0.14  0.26        0.25     1.00  0.33      0.13        0.18  0.19    0.19  0.18     0.22    0.30   0.22
MIB                  -0.14   0.02           0.34     0.35    0.05 -0.05   0.23  0.34        0.19 -0.02         0.29  0.04  0.88     0.23  0.26  0.91        0.37     0.33  1.00      0.59        0.68  0.15    0.68  0.16     0.24    0.40   0.72
MSCIEAFA             -0.10   0.07          -0.02     0.14    0.15 -0.49   0.32  0.63        0.34  0.24         0.45  0.27  0.58     0.29  0.46  0.67        0.25     0.13  0.59      1.00        0.46  0.37    0.69  0.30     0.51    0.46   0.69
MSCITAIWAN           -0.03  -0.16           0.35     0.22    0.29 -0.03   0.14  0.27        0.16 -0.19         0.26 -0.04  0.76     0.32  0.35  0.64        0.25     0.18  0.68      0.46        1.00  0.27    0.74  0.30     0.32    0.47   0.70
MXP                  -0.11   0.09          -0.00     0.15    0.32 -0.35  -0.06  0.34        0.17  0.03         0.29  0.14  0.13     0.09  0.49  0.16        0.25     0.19  0.15      0.37        0.27  1.00    0.28  0.33     0.31    0.32   0.27
NIKKEI               -0.12  -0.04           0.29     0.21    0.33 -0.09   0.12  0.36        0.16 -0.19         0.24  0.06  0.70     0.29  0.41  0.62        0.28     0.19  0.68      0.69        0.74  0.28    1.00  0.21     0.49    0.41   0.94
PLAT                  0.00   0.09           0.01     0.14    0.32 -0.31  -0.03  0.27        0.47  0.05         0.23  0.07  0.20     0.10  0.30  0.18        0.14     0.18  0.16      0.30        0.30  0.33    0.21  1.00     0.14    0.67   0.18
RUSSELL              -0.17  -0.02           0.14     0.19   -0.02 -0.04   0.04  0.17       -0.05 -0.04         0.10  0.10  0.29     0.42  0.47  0.25        0.19     0.22  0.24      0.51        0.32  0.31    0.49  0.14     1.00    0.24   0.43
SILVER                0.11   0.17           0.18     0.26    0.30 -0.30   0.09  0.43        0.65  0.06         0.25  0.06  0.40     0.22  0.43  0.41        0.27     0.30  0.40      0.46        0.47  0.32    0.41  0.67     0.24    1.00   0.43
TOPIX                -0.08  -0.04           0.28     0.28    0.28 -0.09   0.17  0.38        0.18 -0.15         0.22  0.03  0.66     0.27  0.36  0.67        0.29     0.22  0.72      0.69        0.70  0.27    0.94  0.18     0.43    0.43   1.00


********************************************************************************
                                 END OF REPORT                                  
********************************************************************************


