
********************************************************************************
                    Risk report produced on 27/06/2023 22:52                    
********************************************************************************


Total risk across all strategies, annualised percentage 11.0
Percentage of capital used for margin 64.9%

========================================
Risk per strategy, annualised percentage
========================================

                  risk
dynamic_TF_carry  11.0


===================
Risk by asset class
===================

Ags       3.6
Bond      1.6
Equity    3.5
FX        5.1
Metals    0.6
OilGas    1.2
Sector    2.8
Vol       2.4
dtype: float64


=====================================================
Beta loadings of asset class positions on asset class
=====================================================

Bond     -0.47
FX       -0.26
Vol      -0.05
OilGas   -0.02
Metals    0.02
Ags       0.05
Sector    0.15
Equity    0.20
dtype: float64


========================================================
Beta loadings of full portfolio positions on asset class
========================================================

Bond     -1.40
Vol      -0.19
Metals    0.01
OilGas    0.02
FX        0.13
Ags       0.21
Sector    0.29
Equity    0.36
dtype: float64


==================================================================================================================================================================================================================================================================
                                                                                                                         Instrument risk                                                                                                                          
==================================================================================================================================================================================================================================================================

              daily_price_stdev  annual_price_stdev     price  daily_perc_stdev  annual_perc_stdev  point_size_base  contract_exposure  daily_risk_per_contract  annual_risk_per_contract  position  capital  exposure_held_perc_capital  annual_risk_perc_capital
CHF                       0.005               0.083      1.13              0.46                7.4          98193.2             110909                      510                      8168        -1   350813                       -31.6                      -2.3
LEANHOG                   1.619              25.897     94.18              1.72               27.5            314.2              29591                      508                      8137        -1   350813                        -8.4                      -2.3
JPY                       0.000               0.001      0.01              0.57                9.1        9819324.4              69054                      394                      6313        -1   350813                       -19.7                      -1.8
VIX                       0.488               7.805     16.80              2.90               46.5            785.5              13197                      383                      6131        -1   350813                        -3.8                      -1.7
US3                       0.220               3.527    104.39              0.21                3.4           1571.1             164001                      346                      5540        -1   350813                       -46.7                      -1.6
GAS_US_mini               0.128               2.055      2.81              4.57               73.1           1963.9               5518                      252                      4034        -1   350813                        -1.6                      -1.2
DOW                     264.067            4225.071  33997.00              0.78               12.4              0.4              13353                      103                      1659        -2   350813                        -7.6                      -0.9
V2X                       0.550               8.792     16.40              3.35               53.6             85.8               1406                       47                       754        -4   350813                        -1.6                      -0.9
RUSSELL                  25.367             405.875   1866.20              1.36               21.7              3.9               7329                       99                      1594        -1   350813                        -2.1                      -0.5
REDWHEAT                 19.313             309.015    836.00              2.31               37.0             39.3              32835                      758                     12137         0   350813                         0.0                       0.0
BITCOIN                1002.218           16035.487  30730.00              3.26               52.2              0.1               2413                       78                      1259         1   350813                         0.7                       0.4
COPPER-micro              0.051               0.810      3.80              1.33               21.3           1963.9               7465                       99                      1590         1   350813                         2.1                       0.5
MXP                       0.000               0.005      0.06              0.49                7.9         392773.0              22615                      111                      1778         1   350813                         6.4                       0.5
BRE                       0.001               0.024      0.21              0.71               11.3          78554.6              16382                      115                      1848         1   350813                         4.7                       0.5
SOYBEAN_mini             22.678             362.843   1308.12              1.73               27.7              7.9              10275                      178                      2850         1   350813                         2.9                       0.8
NIKKEI                  346.863            5549.814  32320.00              1.07               17.2              0.5              17678                      189                      3035         1   350813                         5.0                       0.9
GBP                       0.006               0.097      1.28              0.48                7.6          49096.6              62627                      297                      4767         1   350813                        17.9                       1.4
EU-AUTO                   7.779             124.472    620.40              1.25               20.1             42.9              26603                      333                      5337         1   350813                         7.6                       1.5
EU-OIL                    4.387              70.190    323.50              1.36               21.7             42.9              13872                      188                      3009         2   350813                         7.9                       1.7
FTSETAIWAN               12.782             204.505   1456.75              0.88               14.0             31.4              45773                      401                      6425         1   350813                        13.0                       1.8
CAC                      60.656             970.501   7223.50              0.84               13.4              8.6              61950                      520                      8323         1   350813                        17.7                       2.4
CNH                       0.021               0.331      7.20              0.29                4.6          10889.3              78457                      225                      3606         3   350813                        67.1                       3.1
LIVECOW                   1.242              19.865    172.60              0.72               11.5            314.2              54234                      390                      6241         2   350813                        30.9                       3.6

Sum of abs(notional exposure % capital) 307.0
Sum of abs(annualised risk % capital) 32.3
Net sum of annualised risk % capital 5.9 

==========================================================================================================================================================================================================
                                                                                               Correlations                                                                                               
==========================================================================================================================================================================================================

               V2X   VIX   CNH   CAC   DOW  EU-AUTO  EU-OIL  FTSETAIWAN   MXP  NIKKEI  RUSSELL  BITCOIN   BRE  GAS_US_mini  LEANHOG  LIVECOW  REDWHEAT  SOYBEAN_mini   CHF  COPPER-micro   GBP   JPY   US3
V2X           1.00  0.68  0.09 -0.66 -0.56    -0.69   -0.51       -0.55 -0.59   -0.62    -0.63     0.03 -0.37        -0.07    -0.31    -0.32      0.02         -0.17 -0.17         -0.44 -0.25 -0.04  0.06
VIX           0.68  1.00  0.09 -0.54 -0.65    -0.46   -0.34       -0.39 -0.57   -0.41    -0.72    -0.28 -0.52        -0.20    -0.22    -0.47     -0.13         -0.25 -0.01         -0.36 -0.26  0.01  0.09
CNH           0.09  0.09  1.00 -0.22 -0.27    -0.16    0.01       -0.25 -0.03   -0.05    -0.28    -0.18 -0.08         0.03     0.08     0.15      0.05         -0.09 -0.47         -0.45 -0.49 -0.46 -0.49
CAC          -0.66 -0.54 -0.22  1.00  0.73     0.76    0.54        0.53  0.52    0.56     0.69     0.16  0.31         0.11     0.34     0.31     -0.09          0.11  0.26          0.46  0.39  0.11  0.10
DOW          -0.56 -0.65 -0.27  0.73  1.00     0.54    0.40        0.45  0.47    0.51     0.83     0.27  0.34         0.24     0.27     0.36     -0.00          0.19  0.30          0.55  0.55  0.19  0.23
EU-AUTO      -0.69 -0.46 -0.16  0.76  0.54     1.00    0.45        0.51  0.54    0.54     0.62    -0.08  0.25         0.09     0.34     0.32     -0.12          0.08  0.21          0.33  0.33  0.14  0.04
EU-OIL       -0.51 -0.34  0.01  0.54  0.40     0.45    1.00        0.40  0.52    0.42     0.40     0.01  0.39         0.19     0.29     0.18      0.07          0.19  0.04          0.41  0.14 -0.03 -0.18
FTSETAIWAN   -0.55 -0.39 -0.25  0.53  0.45     0.51    0.40        1.00  0.40    0.67     0.49     0.14  0.22         0.18     0.22     0.16     -0.02          0.06  0.35          0.43  0.41  0.11  0.07
MXP          -0.59 -0.57 -0.03  0.52  0.47     0.54    0.52        0.40  1.00    0.45     0.54    -0.05  0.53        -0.02     0.25     0.24      0.10          0.31  0.19          0.42  0.32  0.11 -0.05
NIKKEI       -0.62 -0.41 -0.05  0.56  0.51     0.54    0.42        0.67  0.45    1.00     0.54     0.05  0.24         0.32     0.18     0.18     -0.08          0.14  0.18          0.34  0.29 -0.27 -0.12
RUSSELL      -0.63 -0.72 -0.28  0.69  0.83     0.62    0.40        0.49  0.54    0.54     1.00     0.29  0.39         0.25     0.29     0.37      0.08          0.20  0.26          0.49  0.39  0.13  0.09
BITCOIN       0.03 -0.28 -0.18  0.16  0.27    -0.08    0.01        0.14 -0.05    0.05     0.29     1.00  0.22         0.07    -0.09     0.11      0.22         -0.00  0.03          0.23  0.18 -0.00  0.20
BRE          -0.37 -0.52 -0.08  0.31  0.34     0.25    0.39        0.22  0.53    0.24     0.39     0.22  1.00        -0.04     0.32     0.21      0.12          0.45  0.02          0.30  0.17  0.14 -0.02
GAS_US_mini  -0.07 -0.20  0.03  0.11  0.24     0.09    0.19        0.18 -0.02    0.32     0.25     0.07 -0.04         1.00     0.10     0.01      0.16          0.05 -0.12          0.01  0.06 -0.33 -0.17
LEANHOG      -0.31 -0.22  0.08  0.34  0.27     0.34    0.29        0.22  0.25    0.18     0.29    -0.09  0.32         0.10     1.00     0.34      0.04          0.22  0.06          0.13  0.11  0.03 -0.22
LIVECOW      -0.32 -0.47  0.15  0.31  0.36     0.32    0.18        0.16  0.24    0.18     0.37     0.11  0.21         0.01     0.34     1.00      0.08          0.13 -0.01          0.13  0.15 -0.04 -0.22
REDWHEAT      0.02 -0.13  0.05 -0.09 -0.00    -0.12    0.07       -0.02  0.10   -0.08     0.08     0.22  0.12         0.16     0.04     0.08      1.00          0.30 -0.07          0.13  0.02 -0.05 -0.05
SOYBEAN_mini -0.17 -0.25 -0.09  0.11  0.19     0.08    0.19        0.06  0.31    0.14     0.20    -0.00  0.45         0.05     0.22     0.13      0.30          1.00  0.17          0.32  0.23  0.02 -0.09
CHF          -0.17 -0.01 -0.47  0.26  0.30     0.21    0.04        0.35  0.19    0.18     0.26     0.03  0.02        -0.12     0.06    -0.01     -0.07          0.17  1.00          0.46  0.71  0.57  0.51
COPPER-micro -0.44 -0.36 -0.45  0.46  0.55     0.33    0.41        0.43  0.42    0.34     0.49     0.23  0.30         0.01     0.13     0.13      0.13          0.32  0.46          1.00  0.60  0.34  0.21
GBP          -0.25 -0.26 -0.49  0.39  0.55     0.33    0.14        0.41  0.32    0.29     0.39     0.18  0.17         0.06     0.11     0.15      0.02          0.23  0.71          0.60  1.00  0.53  0.53
JPY          -0.04  0.01 -0.46  0.11  0.19     0.14   -0.03        0.11  0.11   -0.27     0.13    -0.00  0.14        -0.33     0.03    -0.04     -0.05          0.02  0.57          0.34  0.53  1.00  0.66
US3           0.06  0.09 -0.49  0.10  0.23     0.04   -0.18        0.07 -0.05   -0.12     0.09     0.20 -0.02        -0.17    -0.22    -0.22     -0.05         -0.09  0.51          0.21  0.53  0.66  1.00


********************************************************************************
                                 END OF REPORT                                  
********************************************************************************


