
********************************************************************************
                    Risk report produced on 01/05/2026 22:53                    
********************************************************************************


Total risk across all strategies, annualised percentage 12.0
Percentage of capital used for margin 37.3%

========================================
Risk per strategy, annualised percentage
========================================

                  risk
dynamic_TF_carry  12.0


===================
Risk by asset class
===================

Ags       1.9
Bond      2.1
Equity    4.8
FX        4.7
Metals    1.6
OilGas    5.2
Other     0.2
Sector    1.7
Vol       0.1
dtype: float64


=====================================================
Beta loadings of asset class positions on asset class
=====================================================

Bond     -0.30
Metals   -0.04
Vol      -0.00
Other     0.01
FX        0.05
Ags       0.07
OilGas    0.09
Sector    0.09
Equity    0.29
dtype: float64


========================================================
Beta loadings of full portfolio positions on asset class
========================================================

Bond     -0.26
Vol      -0.09
FX       -0.04
Metals    0.03
OilGas    0.09
Other     0.10
Equity    0.27
Sector    0.31
Ags       0.37
dtype: float64


===================================================================================================================================================================================================================================================================
                                                                                                                          Instrument risk                                                                                                                          
===================================================================================================================================================================================================================================================================

               daily_price_stdev  annual_price_stdev     price  daily_perc_stdev  annual_perc_stdev  point_size_base  contract_exposure  daily_risk_per_contract  annual_risk_per_contract  position  capital  exposure_held_perc_capital  annual_risk_perc_capital
JPY                        0.000               0.001      0.01              0.66               10.6        9198075.0              58766                      387                      6205        -2   692307                       -17.0                      -1.8
GAS-PEN                    0.095               1.515      2.76              3.43               54.8           7358.5              20338                      696                     11149        -1   692307                        -2.9                      -1.6
BITCOIN                 1890.624           30249.987  78900.00              2.40               38.3              0.1               5805                      139                      2225        -5   692307                        -4.2                      -1.6
LEANHOG                    1.059              16.941    103.45              1.02               16.4            294.3              30449                      311                      4986        -2   692307                        -8.8                      -1.4
CHF                        0.006               0.103      1.29              0.50                8.0          91980.8             118273                      594                      9506        -1   692307                       -17.1                      -1.4
BTP                        0.608               9.727    116.96              0.52                8.3            862.6             100892                      524                      8390        -1   692307                       -14.6                      -1.2
DAX                      283.672            4538.750  24387.00              1.16               18.6              0.9              21036                      244                      3915        -2   692307                        -6.1                      -1.1
KR10                       0.481               7.702    108.50              0.44                7.1            500.3              54281                      240                      3853        -2   692307                       -15.7                      -1.1
DOW                      450.646            7210.331  49713.00              0.91               14.5              0.4              18290                      165                      2652        -2   692307                        -5.3                      -0.8
HANGENT_mini             110.892            1774.269   8779.00              1.26               20.2              0.9               8246                      104                      1666        -2   692307                        -2.4                      -0.5
EUR_micro                  0.004               0.071      1.17              0.38                6.0           9198.1              10805                       40                       649        -4   692307                        -6.2                      -0.4
V2X                        0.588               9.400     22.10              2.66               42.5             86.3               1906                       50                       810        -1   692307                        -0.3                      -0.1
RUBBER                     2.431              38.888    214.50              1.13               18.1             36.8               7891                       89                      1430         1   692307                         1.1                       0.2
MUMMY                     12.659             202.546    761.00              1.66               26.6              4.7               3560                       59                       947         2   692307                         1.0                       0.3
CORN                       3.668              58.688    498.25              0.74               11.8             36.8              18331                      134                      2159         1   692307                         2.6                       0.3
AUD_micro                  0.004               0.064      0.72              0.55                8.8           7358.5               5301                       29                       468         5   692307                         3.8                       0.3
CRUDE_W_micro              2.361              37.779     91.84              2.57               41.1             73.6               6758                      173                      2779         1   692307                         1.0                       0.4
CANOLA                     8.601             137.612    757.20              1.14               18.2             10.8               8202                       93                      1490         2   692307                         2.4                       0.4
MXP                        0.000               0.005      0.06              0.57                9.2         367923.0              21019                      120                      1923         2   692307                         6.1                       0.6
EU-OIL                     7.192             115.071    552.80              1.30               20.8             43.1              23842                      310                      4963         1   692307                         3.4                       0.7
NIKKEI                   869.645           13914.313  59695.00              1.46               23.3              0.5              27929                      406                      6510         1   692307                         4.0                       0.9
RUSSELL                   32.779             524.467   2820.60              1.16               18.6              3.7              10377                      120                      1929         4   692307                         6.0                       1.1
GBP                        0.006               0.094      1.36              0.43                6.9          45990.4              62454                      270                      4323         2   692307                        18.0                       1.2
EU-BASIC                  12.674             202.791    788.00              1.61               25.7             43.1              33987                      546                      8746         1   692307                         4.9                       1.3
NZD                        0.004               0.061      0.59              0.64               10.3          73584.6              43503                      279                      4475         2   692307                        12.6                       1.3
LIVECOW                    2.090              33.437    253.00              0.83               13.2            294.3              74467                      615                      9841         1   692307                        10.8                       1.4
YENEUR                     0.938              15.010    183.86              0.51                8.2            584.8             107530                      548                      8778         2   692307                        31.1                       2.5
GASOILINE                  0.065               1.045      3.43              1.90               30.4          30905.5             106126                     2019                     32311         1   692307                        15.3                       4.7
MIB                      489.790            7836.645  47675.00              1.03               16.4              4.3             205628                     2112                     33800         1   692307                        29.7                       4.9

Sum of abs(notional exposure % capital) 254.4
Sum of abs(annualised risk % capital) 35.5
Net sum of annualised risk % capital 9.5 

=========================================================================================================================================================================================================================================================
                                                                                                                      Correlations                                                                                                                       
=========================================================================================================================================================================================================================================================

               LEANHOG  LIVECOW  YENEUR  CANOLA  CORN  CRUDE_W_micro  EU-OIL  GAS-PEN  GASOILINE   BTP   CHF  EUR_micro   JPY  KR10  AUD_micro  BITCOIN   DAX   DOW  EU-BASIC   GBP  HANGENT_mini   MIB  MUMMY   MXP  NIKKEI   NZD  RUBBER  RUSSELL   V2X
LEANHOG           1.00     0.09    0.06    0.18  0.12           0.26    0.23    -0.04       0.22 -0.12 -0.07       0.01 -0.03 -0.22       0.12    -0.00  0.07  0.06      0.16  0.06          0.17  0.15   0.09  0.06   -0.02  0.08    0.15     0.07  0.04
LIVECOW           0.09     1.00   -0.01   -0.21 -0.07          -0.02    0.17    -0.17       0.04 -0.08 -0.06       0.08  0.05 -0.01       0.12     0.04  0.28  0.13      0.24  0.13          0.09  0.27   0.10  0.14    0.21  0.11    0.07     0.11 -0.15
YENEUR            0.06    -0.01    1.00   -0.03 -0.14           0.01    0.08    -0.09       0.01 -0.12  0.07       0.27 -0.60 -0.22       0.25     0.10  0.24  0.25      0.24  0.22          0.06  0.32   0.14  0.36    0.40  0.19   -0.06     0.29 -0.42
CANOLA            0.18    -0.21   -0.03    1.00  0.38           0.30    0.10     0.11       0.31 -0.09 -0.03      -0.20 -0.10 -0.27      -0.07    -0.08 -0.25 -0.17     -0.16 -0.10          0.11 -0.13   0.02 -0.15   -0.10 -0.05    0.06    -0.22  0.21
CORN              0.12    -0.07   -0.14    0.38  1.00           0.20    0.12     0.23       0.25 -0.26  0.09      -0.01  0.11 -0.29       0.08     0.04 -0.24 -0.15     -0.10  0.04          0.15 -0.15  -0.11 -0.01   -0.10  0.10    0.16    -0.15  0.25
CRUDE_W_micro     0.26    -0.02    0.01    0.30  0.20           1.00    0.65     0.11       0.92 -0.42 -0.38      -0.39 -0.33 -0.26      -0.05     0.07 -0.12 -0.18      0.00 -0.28          0.12  0.06   0.15 -0.19   -0.02 -0.16    0.27    -0.21  0.13
EU-OIL            0.23     0.17    0.08    0.10  0.12           0.65    1.00     0.10       0.67 -0.22 -0.39      -0.27 -0.33 -0.22       0.10     0.07  0.20  0.07      0.39 -0.17          0.07  0.42   0.29  0.07    0.26 -0.03    0.43     0.00 -0.15
GAS-PEN          -0.04    -0.17   -0.09    0.11  0.23           0.11    0.10     1.00       0.06 -0.11 -0.01      -0.04  0.04  0.04       0.08     0.03 -0.05 -0.00      0.06 -0.01          0.08 -0.13   0.02 -0.08   -0.02  0.04    0.11    -0.03 -0.01
GASOILINE         0.22     0.04    0.01    0.31  0.25           0.92    0.67     0.06       1.00 -0.37 -0.43      -0.38 -0.35 -0.28      -0.08     0.05 -0.08 -0.16      0.02 -0.34          0.13  0.11   0.13 -0.20    0.05 -0.21    0.31    -0.16  0.14
BTP              -0.12    -0.08   -0.12   -0.09 -0.26          -0.42   -0.22    -0.11      -0.37  1.00  0.25       0.23  0.27  0.58       0.27     0.09  0.52  0.42      0.41  0.20          0.22  0.33   0.31  0.37    0.34  0.21    0.17     0.42 -0.40
CHF              -0.07    -0.06    0.07   -0.03  0.09          -0.38   -0.39    -0.01      -0.43  0.25  1.00       0.83  0.66  0.07       0.54    -0.13  0.03  0.16      0.04  0.70          0.15 -0.03  -0.05  0.37   -0.00  0.67   -0.06     0.02 -0.08
EUR_micro         0.01     0.08    0.27   -0.20 -0.01          -0.39   -0.27    -0.04      -0.38  0.23  0.83       1.00  0.57  0.10       0.64    -0.03  0.22  0.24      0.20  0.81          0.17  0.17   0.04  0.55    0.18  0.73   -0.04     0.18 -0.31
JPY              -0.03     0.05   -0.60   -0.10  0.11          -0.33   -0.33     0.04      -0.35  0.27  0.66       0.57  1.00  0.23       0.32    -0.15 -0.03 -0.01     -0.05  0.51          0.08 -0.14  -0.10  0.15   -0.23  0.46    0.00    -0.11  0.12
KR10             -0.22    -0.01   -0.22   -0.27 -0.29          -0.26   -0.22     0.04      -0.28  0.58  0.07       0.10  0.23  1.00       0.10     0.19  0.32  0.20      0.19  0.04          0.09  0.08   0.20  0.11    0.09 -0.00    0.11     0.27 -0.19
AUD_micro         0.12     0.12    0.25   -0.07  0.08          -0.05    0.10     0.08      -0.08  0.27  0.54       0.64  0.32  0.10       1.00     0.25  0.54  0.59      0.50  0.73          0.30  0.49   0.39  0.58    0.55  0.90    0.28     0.50 -0.53
BITCOIN          -0.00     0.04    0.10   -0.08  0.04           0.07    0.07     0.03       0.05  0.09 -0.13      -0.03 -0.15  0.19       0.25     1.00  0.36  0.36      0.20  0.16          0.16  0.24   0.36  0.16    0.36  0.16    0.13     0.47 -0.36
DAX               0.07     0.28    0.24   -0.25 -0.24          -0.12    0.20    -0.05      -0.08  0.52  0.03       0.22 -0.03  0.32       0.54     0.36  1.00  0.74      0.78  0.34          0.45  0.84   0.57  0.44    0.71  0.36    0.42     0.66 -0.72
DOW               0.06     0.13    0.25   -0.17 -0.15          -0.18    0.07    -0.00      -0.16  0.42  0.16       0.24 -0.01  0.20       0.59     0.36  0.74  1.00      0.56  0.38          0.26  0.66   0.48  0.43    0.70  0.42    0.36     0.87 -0.72
EU-BASIC          0.16     0.24    0.24   -0.16 -0.10           0.00    0.39     0.06       0.02  0.41  0.04       0.20 -0.05  0.19       0.50     0.20  0.78  0.56      1.00  0.25          0.43  0.73   0.41  0.49    0.58  0.32    0.53     0.54 -0.65
GBP               0.06     0.13    0.22   -0.10  0.04          -0.28   -0.17    -0.01      -0.34  0.20  0.70       0.81  0.51  0.04       0.73     0.16  0.34  0.38      0.25  1.00          0.16  0.29   0.12  0.54    0.29  0.83    0.07     0.32 -0.43
HANGENT_mini      0.17     0.09    0.06    0.11  0.15           0.12    0.07     0.08       0.13  0.22  0.15       0.17  0.08  0.09       0.30     0.16  0.45  0.26      0.43  0.16          1.00  0.44   0.38  0.23    0.31  0.20    0.26     0.18 -0.31
MIB               0.15     0.27    0.32   -0.13 -0.15           0.06    0.42    -0.13       0.11  0.33 -0.03       0.17 -0.14  0.08       0.49     0.24  0.84  0.66      0.73  0.29          0.44  1.00   0.54  0.44    0.68  0.31    0.45     0.55 -0.70
MUMMY             0.09     0.10    0.14    0.02 -0.11           0.15    0.29     0.02       0.13  0.31 -0.05       0.04 -0.10  0.20       0.39     0.36  0.57  0.48      0.41  0.12          0.38  0.54   1.00  0.28    0.60  0.23    0.27     0.46 -0.50
MXP               0.06     0.14    0.36   -0.15 -0.01          -0.19    0.07    -0.08      -0.20  0.37  0.37       0.55  0.15  0.11       0.58     0.16  0.44  0.43      0.49  0.54          0.23  0.44   0.28  1.00    0.44  0.53    0.04     0.43 -0.56
NIKKEI           -0.02     0.21    0.40   -0.10 -0.10          -0.02    0.26    -0.02       0.05  0.34 -0.00       0.18 -0.23  0.09       0.55     0.36  0.71  0.70      0.58  0.29          0.31  0.68   0.60  0.44    1.00  0.40    0.35     0.67 -0.69
NZD               0.08     0.11    0.19   -0.05  0.10          -0.16   -0.03     0.04      -0.21  0.21  0.67       0.73  0.46 -0.00       0.90     0.16  0.36  0.42      0.32  0.83          0.20  0.31   0.23  0.53    0.40  1.00    0.17     0.34 -0.39
RUBBER            0.15     0.07   -0.06    0.06  0.16           0.27    0.43     0.11       0.31  0.17 -0.06      -0.04  0.00  0.11       0.28     0.13  0.42  0.36      0.53  0.07          0.26  0.45   0.27  0.04    0.35  0.17    1.00     0.27 -0.26
RUSSELL           0.07     0.11    0.29   -0.22 -0.15          -0.21    0.00    -0.03      -0.16  0.42  0.02       0.18 -0.11  0.27       0.50     0.47  0.66  0.87      0.54  0.32          0.18  0.55   0.46  0.43    0.67  0.34    0.27     1.00 -0.70
V2X               0.04    -0.15   -0.42    0.21  0.25           0.13   -0.15    -0.01       0.14 -0.40 -0.08      -0.31  0.12 -0.19      -0.53    -0.36 -0.72 -0.72     -0.65 -0.43         -0.31 -0.70  -0.50 -0.56   -0.69 -0.39   -0.26    -0.70  1.00


********************************************************************************
                                 END OF REPORT                                  
********************************************************************************


