
********************************************************************************
                    Risk report produced on 03/10/2025 22:53                    
********************************************************************************


Total risk across all strategies, annualised percentage 17.7
Percentage of capital used for margin 48.1%

========================================
Risk per strategy, annualised percentage
========================================

                  risk
dynamic_TF_carry  17.7


===================
Risk by asset class
===================

Ags        4.6
Bond       1.6
Equity    11.6
FX         2.5
Metals     4.5
OilGas     2.1
dtype: float64


=====================================================
Beta loadings of asset class positions on asset class
=====================================================

OilGas   -0.05
Metals    0.17
FX        0.19
Ags       0.23
Bond      0.39
Equity    0.98
dtype: float64


========================================================
Beta loadings of full portfolio positions on asset class
========================================================

OilGas   -0.09
Bond      0.19
Metals    0.42
Ags       0.64
Equity    1.13
FX        1.77
dtype: float64


==================================================================================================================================================================================================================================================================
                                                                                                                         Instrument risk                                                                                                                          
==================================================================================================================================================================================================================================================================

             daily_price_stdev  annual_price_stdev      price  daily_perc_stdev  annual_perc_stdev  point_size_base  contract_exposure  daily_risk_per_contract  annual_risk_per_contract  position  capital  exposure_held_perc_capital  annual_risk_perc_capital
JPY                      0.000               0.001       0.01              0.52                8.3        9305996.0              63532                      328                      5258        -2   602981                       -21.1                      -1.7
GAS-PEN                  0.085               1.352       3.36              2.51               40.2           7444.8              25029                      629                     10067        -1   602981                        -4.2                      -1.7
DX                       0.394               6.299      97.44              0.40                6.5            744.5              72538                      293                      4689        -2   602981                       -24.1                      -1.6
BITCOIN               2486.894           39790.309  123495.00              2.01               32.2              0.1               9193                      185                      2962        -2   602981                        -3.0                      -1.0
DAX                    186.740            2987.834   24484.00              0.76               12.2              0.9              21356                      162                      2606        -2   602981                        -7.1                      -0.9
KRWUSD_mini              0.003               0.055       0.71              0.49                7.8          18612.0              13214                       64                      1027        -4   602981                        -8.8                      -0.7
WHEAT                    6.588             105.415     514.75              1.28               20.5             37.2              19161                      245                      3923        -1   602981                        -3.2                      -0.7
RICE                     0.154               2.462      11.38              1.35               21.6           1489.0              16944                      229                      3666        -1   602981                        -2.8                      -0.6
GAS_US_mini              0.089               1.421       3.32              2.68               42.8           1861.2               6179                      165                      2644        -1   602981                        -1.0                      -0.4
MXP                      0.000               0.004       0.05              0.45                7.2         372239.8              20078                       90                      1451         1   602981                         3.3                       0.2
TOPIX                   26.500             424.004    3131.00              0.85               13.5              5.0              15772                      133                      2135         1   602981                         2.6                       0.4
FTSECHINAA             147.377            2358.027   15192.00              0.97               15.5              0.7              11310                      109                      1755         2   602981                         3.8                       0.6
GBP                      0.005               0.085       1.35              0.39                6.3          46530.0              62736                      246                      3942         1   602981                        10.4                       0.7
OAT                      0.345               5.524     121.53              0.28                4.5            872.3             106006                      301                      4818         1   602981                        17.6                       0.8
CAD10                    0.361               5.772     122.37              0.29                4.7            533.0              65225                      192                      3076         2   602981                        21.6                       1.0
YENEUR                   0.654              10.470     172.65              0.38                6.1            629.7             108719                      412                      6592         1   602981                        18.0                       1.1
LEANHOG                  1.174              18.791      87.30              1.35               21.5            297.8              25997                      349                      5595         2   602981                         8.6                       1.9
MSCITAIWAN              12.197             195.153    1102.20              1.11               17.7             74.4              82056                      908                     14528         1   602981                        13.6                       2.4
SILVER                   0.610               9.762      48.02              1.27               20.3            744.5              35749                      454                      7267         2   602981                        11.9                       2.4
PLAT                    26.045             416.718    1642.10              1.59               25.4             37.2              61125                      969                     15511         1   602981                        10.1                       2.6
MIB                    311.332            4981.310   42945.00              0.72               11.6              4.4             187298                     1357                     21725         1   602981                        31.1                       3.6
MSCIEAFA                18.933             302.922    2835.30              0.67               10.7             37.2             105541                      704                     11275         2   602981                        35.0                       3.7
FEEDCOW                  3.863              61.801     355.48              1.09               17.4            372.2             132321                     1437                     23004         1   602981                        21.9                       3.8
AEX                      8.646             138.343     961.90              0.90               14.4            174.5             167807                     1508                     24134         1   602981                        27.8                       4.0

Sum of abs(notional exposure % capital) 312.6
Sum of abs(annualised risk % capital) 38.5
Net sum of annualised risk % capital 19.9 

============================================================================================================================================================================================================
                                                                                                Correlations                                                                                                
============================================================================================================================================================================================================

             GAS-PEN  GAS_US_mini  RICE  WHEAT    DX  CAD10   GBP   JPY  KRWUSD_mini   OAT   AEX   DAX   MIB  MSCIEAFA  MSCITAIWAN  TOPIX  BITCOIN  FEEDCOW  FTSECHINAA  LEANHOG   MXP  PLAT  SILVER  YENEUR
GAS-PEN         1.00         0.97 -0.07   0.26  0.14  -0.08 -0.18 -0.10        -0.08 -0.13 -0.13 -0.14 -0.16     -0.09       -0.09  -0.12     0.05    -0.11        0.00    -0.24 -0.16 -0.01    0.12    0.02
GAS_US_mini     0.97         1.00 -0.05   0.24  0.07  -0.05 -0.14 -0.05        -0.03 -0.11 -0.12 -0.10 -0.12     -0.07       -0.06  -0.11     0.06    -0.10       -0.02    -0.24 -0.10  0.05    0.17    0.04
RICE           -0.07        -0.05  1.00   0.07 -0.08  -0.11  0.12  0.07         0.11 -0.04 -0.15 -0.12 -0.12     -0.19       -0.13  -0.15     0.06    -0.06       -0.09     0.14 -0.04 -0.03    0.02    0.03
WHEAT           0.26         0.24  0.07   1.00 -0.11  -0.13  0.03  0.16         0.21  0.10  0.01 -0.03  0.01      0.06       -0.14  -0.03    -0.09    -0.09        0.11     0.14  0.09  0.07    0.13   -0.05
DX              0.14         0.07 -0.08  -0.11  1.00  -0.31 -0.83 -0.76        -0.63 -0.30 -0.02 -0.14 -0.05     -0.49       -0.03  -0.08     0.01     0.12       -0.03    -0.16 -0.35 -0.31   -0.29   -0.05
CAD10          -0.08        -0.05 -0.11  -0.13 -0.31   1.00  0.38  0.45         0.27  0.58  0.17  0.26  0.23      0.32        0.14   0.17    -0.07    -0.12       -0.03     0.02 -0.06 -0.03    0.09   -0.35
GBP            -0.18        -0.14  0.12   0.03 -0.83   0.38  1.00  0.54         0.61  0.24  0.29  0.38  0.34      0.63        0.27   0.37     0.11    -0.04        0.28     0.22  0.34  0.27    0.42    0.15
JPY            -0.10        -0.05  0.07   0.16 -0.76   0.45  0.54  1.00         0.48  0.48 -0.07  0.06 -0.01      0.26       -0.21  -0.17    -0.12    -0.17       -0.12     0.13  0.03  0.08    0.10   -0.56
KRWUSD_mini    -0.08        -0.03  0.11   0.21 -0.63   0.27  0.61  0.48         1.00  0.32  0.28  0.30  0.28      0.44        0.27   0.23     0.11    -0.04        0.18     0.22  0.29  0.22    0.22   -0.03
OAT            -0.13        -0.11 -0.04   0.10 -0.30   0.58  0.24  0.48         0.32  1.00  0.07  0.06  0.04      0.28       -0.05   0.02    -0.01    -0.24       -0.06     0.11  0.14  0.08    0.08   -0.45
AEX            -0.13        -0.12 -0.15   0.01 -0.02   0.17  0.29 -0.07         0.28  0.07  1.00  0.85  0.88      0.58        0.73   0.64     0.25     0.27        0.41     0.29  0.13  0.21    0.41    0.04
DAX            -0.14        -0.10 -0.12  -0.03 -0.14   0.26  0.38  0.06         0.30  0.06  0.85  1.00  0.91      0.68        0.62   0.65     0.32     0.31        0.32     0.24  0.16  0.20    0.43    0.02
MIB            -0.16        -0.12 -0.12   0.01 -0.05   0.23  0.34 -0.01         0.28  0.04  0.88  0.91  1.00      0.59        0.67   0.70     0.25     0.34        0.37     0.32  0.15  0.17    0.40    0.03
MSCIEAFA       -0.09        -0.07 -0.19   0.06 -0.49   0.32  0.63  0.26         0.44  0.28  0.58  0.68  0.59      1.00        0.44   0.67     0.31     0.12        0.25     0.11  0.37  0.32    0.47    0.11
MSCITAIWAN     -0.09        -0.06 -0.13  -0.14 -0.03   0.14  0.27 -0.21         0.27 -0.05  0.73  0.62  0.67      0.44        1.00   0.70     0.31     0.23        0.25     0.19  0.26  0.27    0.41    0.31
TOPIX          -0.12        -0.11 -0.15  -0.03 -0.08   0.17  0.37 -0.17         0.23  0.02  0.64  0.65  0.70      0.67        0.70   1.00     0.27     0.29        0.28     0.23  0.26  0.16    0.37    0.30
BITCOIN         0.05         0.06  0.06  -0.09  0.01  -0.07  0.11 -0.12         0.11 -0.01  0.25  0.32  0.25      0.31        0.31   0.27     1.00     0.02        0.09     0.07  0.10  0.12    0.24    0.12
FEEDCOW        -0.11        -0.10 -0.06  -0.09  0.12  -0.12 -0.04 -0.17        -0.04 -0.24  0.27  0.31  0.34      0.12        0.23   0.29     0.02     1.00        0.18     0.13  0.14  0.13    0.23    0.12
FTSECHINAA      0.00        -0.02 -0.09   0.11 -0.03  -0.03  0.28 -0.12         0.18 -0.06  0.41  0.32  0.37      0.25        0.25   0.28     0.09     0.18        1.00     0.25  0.25  0.14    0.26    0.18
LEANHOG        -0.24        -0.24  0.14   0.14 -0.16   0.02  0.22  0.13         0.22  0.11  0.29  0.24  0.32      0.11        0.19   0.23     0.07     0.13        0.25     1.00  0.18  0.16    0.26   -0.05
MXP            -0.16        -0.10 -0.04   0.09 -0.35  -0.06  0.34  0.03         0.29  0.14  0.13  0.16  0.15      0.37        0.26   0.26     0.10     0.14        0.25     0.18  1.00  0.33    0.32    0.31
PLAT           -0.01         0.05 -0.03   0.07 -0.31  -0.03  0.27  0.08         0.22  0.08  0.21  0.20  0.17      0.32        0.27   0.16     0.12     0.13        0.14     0.16  0.33  1.00    0.69    0.26
SILVER          0.12         0.17  0.02   0.13 -0.29   0.09  0.42  0.10         0.22  0.08  0.41  0.43  0.40      0.47        0.41   0.37     0.24     0.23        0.26     0.26  0.32  0.69    1.00    0.21
YENEUR          0.02         0.04  0.03  -0.05 -0.05  -0.35  0.15 -0.56        -0.03 -0.45  0.04  0.02  0.03      0.11        0.31   0.30     0.12     0.12        0.18    -0.05  0.31  0.26    0.21    1.00


********************************************************************************
                                 END OF REPORT                                  
********************************************************************************


