
********************************************************************************
                    Risk report produced on 27/11/2024 22:52                    
********************************************************************************


Total risk across all strategies, annualised percentage 12.4
Percentage of capital used for margin 75.1%

========================================
Risk per strategy, annualised percentage
========================================

                  risk
dynamic_TF_carry  12.4


===================
Risk by asset class
===================

Ags       1.4
Bond      2.7
Equity    5.5
FX        4.1
Metals    2.9
OilGas    4.1
Other     0.7
Vol       2.2
dtype: float64


=====================================================
Beta loadings of asset class positions on asset class
=====================================================

FX       -0.58
Bond     -0.17
OilGas   -0.10
Metals   -0.04
Vol      -0.04
Ags      -0.02
Other     0.03
Equity    0.38
dtype: float64


========================================================
Beta loadings of full portfolio positions on asset class
========================================================

FX       -0.95
Bond     -0.40
Vol      -0.18
Ags      -0.09
OilGas   -0.08
Other     0.02
Metals    0.02
Equity    0.51
dtype: float64


===================================================================================================================================================================================================================================================================
                                                                                                                          Instrument risk                                                                                                                          
===================================================================================================================================================================================================================================================================

               daily_price_stdev  annual_price_stdev     price  daily_perc_stdev  annual_perc_stdev  point_size_base  contract_exposure  daily_risk_per_contract  annual_risk_per_contract  position  capital  exposure_held_perc_capital  annual_risk_perc_capital
US30                       1.252              20.024    126.16              0.99               15.9            795.2             100323                      995                     15924        -1   583758                       -17.2                      -2.7
GAS-PEN                    0.124               1.979      3.20              3.86               61.8           7952.3              25471                      983                     15737        -1   583758                        -4.4                      -2.7
JPY                        0.000               0.001      0.01              0.73               11.7        9940397.4              65929                      480                      7688        -2   583758                       -22.6                      -2.6
ALUMINIUM                 44.270             708.327   2574.50              1.72               27.5             19.9              51183                      880                     14082        -1   583758                        -8.8                      -2.4
VIX                        0.496               7.932     16.35              3.03               48.5            795.2              13002                      394                      6308        -2   583758                        -4.5                      -2.2
CHF                        0.006               0.090      1.14              0.50                8.0          99404.0             112908                      561                      8979        -1   583758                       -19.3                      -1.5
GAS_US_mini                0.119               1.909      3.22              3.71               59.4           1988.1               6391                      237                      3795        -2   583758                        -2.2                      -1.3
EURO600                    3.752              60.029    505.40              0.74               11.9             41.7              21060                      156                      2501        -3   583758                       -10.8                      -1.3
CRUDE_W_micro              1.346              21.530     68.30              1.97               31.5             79.5               5431                      107                      1712        -3   583758                        -2.8                      -0.9
SOYMEAL                    3.769              60.300    295.50              1.28               20.4             79.5              23499                      299                      4795        -1   583758                        -4.0                      -0.8
KOSDAQ                    23.855             381.680   1173.00              2.03               32.5              5.6               6565                      133                      2136        -2   583758                        -2.2                      -0.7
CAD                        0.002               0.038      0.71              0.33                5.3          79523.2              56704                      187                      2993        -1   583758                        -9.7                      -0.5
IRON                       2.073              33.171    102.20              2.03               32.5             79.5               8127                      164                      2637        -1   583758                        -1.4                      -0.5
HANGENT_mini             133.981            2143.697   6910.00              1.94               31.0              1.0               7061                      136                      2190        -1   583758                        -1.2                      -0.4
CANOLA                    10.859             173.743    579.50              1.87               30.0             11.3               6551                      122                      1964        -1   583758                        -1.1                      -0.3
MILLWHEAT                  2.699              43.188    223.25              1.21               19.3             41.7               9302                      112                      1799        -1   583758                        -1.6                      -0.3
MUMMY                     10.683             170.927    630.00              1.70               27.1              5.2               3294                       55                       893         1   583758                         0.6                       0.2
DOW                      327.115            5233.832  44813.00              0.73               11.7              0.4              17818                      130                      2081         1   583758                         3.1                       0.4
NIKKEI                   468.730            7499.684  38055.00              1.23               19.7              0.5              19899                      245                      3921         1   583758                         3.4                       0.7
RUBBER                     3.384              54.137    192.30              1.76               28.2             39.8               7646                      134                      2152         2   583758                         2.6                       0.7
TOPIX                     28.597             457.550   2657.25              1.08               17.2              5.2              13895                      149                      2392         2   583758                         4.8                       0.8
SP500_micro               40.637             650.193   6016.50              0.68               10.8              4.0              23922                      161                      2585         2   583758                         8.2                       0.9
LEANHOG                    1.136              18.179     87.88              1.29               20.7            318.1              27952                      361                      5782         1   583758                         4.8                       1.0
MSCISING                   3.117              49.873    368.50              0.85               13.5             59.1              21774                      184                      2947         2   583758                         7.5                       1.0
BITCOIN                 2765.724           44251.585  98445.00              2.81               45.0              0.1               7828                      219                      3519         2   583758                         2.7                       1.2
FANG                     149.802            2396.827  12345.00              1.21               19.4              4.0              49085                      595                      9530         1   583758                         8.4                       1.6
MIB                      291.947            4671.147  33105.00              0.88               14.1              4.2             137949                     1216                     19464         1   583758                        23.6                       3.3

Sum of abs(notional exposure % capital) 183.5
Sum of abs(annualised risk % capital) 32.9
Net sum of annualised risk % capital -9.3 

=====================================================================================================================================================================================================================================================
                                                                                                                    Correlations                                                                                                                     
=====================================================================================================================================================================================================================================================

                CHF   JPY  SOYMEAL  US30   VIX  BITCOIN   DOW  EURO600  FANG  KOSDAQ   MIB  MSCISING  MUMMY  NIKKEI  SP500_micro  TOPIX  ALUMINIUM   CAD  HANGENT_mini  IRON  RUBBER  CANOLA  CRUDE_W_micro  GAS-PEN  GAS_US_mini  LEANHOG  MILLWHEAT
CHF            1.00  0.72     0.19  0.59  0.52    -0.32 -0.31    -0.26 -0.37   -0.32 -0.30     -0.37  -0.42   -0.56        -0.31  -0.60       0.05  0.39          0.09  0.08    0.17   -0.16          -0.12    -0.06        -0.12     0.13      -0.19
JPY            0.72  1.00     0.27  0.67  0.43    -0.19 -0.16    -0.36 -0.38   -0.45 -0.43     -0.31  -0.48   -0.69        -0.26  -0.71       0.01  0.22         -0.06  0.06    0.19   -0.31          -0.25    -0.17        -0.23    -0.03      -0.14
SOYMEAL        0.19  0.27     1.00  0.25  0.13    -0.14  0.02    -0.00 -0.14   -0.22  0.01     -0.14  -0.27   -0.29        -0.07  -0.28      -0.03  0.07          0.07  0.26    0.28    0.18          -0.26     0.10         0.12     0.06       0.23
US30           0.59  0.67     0.25  1.00  0.20    -0.22  0.11    -0.04 -0.12   -0.24 -0.23     -0.12  -0.28   -0.41         0.07  -0.47       0.00  0.41         -0.00  0.06    0.10   -0.36          -0.25     0.09         0.01    -0.00      -0.17
VIX            0.52  0.43     0.13  0.20  1.00    -0.47 -0.73    -0.61 -0.62   -0.51 -0.59     -0.69  -0.69   -0.70        -0.76  -0.71       0.01 -0.15         -0.07  0.18    0.01   -0.15           0.09    -0.29        -0.28     0.10      -0.05
BITCOIN       -0.32 -0.19    -0.14 -0.22 -0.47     1.00  0.47     0.23  0.26    0.14  0.20      0.40   0.36    0.33         0.40   0.34       0.04  0.01          0.04 -0.00   -0.04    0.13          -0.09     0.08         0.09     0.03       0.01
DOW           -0.31 -0.16     0.02  0.11 -0.73     0.47  1.00     0.68  0.53    0.30  0.50      0.62   0.54    0.51         0.86   0.46      -0.03  0.28          0.13 -0.05    0.08    0.01          -0.17     0.24         0.19     0.03       0.01
EURO600       -0.26 -0.36    -0.00 -0.04 -0.61     0.23  0.68     1.00  0.50    0.58  0.81      0.57   0.58    0.68         0.71   0.65       0.20  0.36          0.40  0.12    0.20    0.09          -0.04     0.20         0.18    -0.00      -0.00
FANG          -0.37 -0.38    -0.14 -0.12 -0.62     0.26  0.53     0.50  1.00    0.46  0.32      0.48   0.48    0.59         0.82   0.53       0.10  0.13          0.15 -0.02   -0.10    0.04           0.01     0.17         0.12    -0.06      -0.03
KOSDAQ        -0.32 -0.45    -0.22 -0.24 -0.51     0.14  0.30     0.58  0.46    1.00  0.54      0.45   0.67    0.74         0.42   0.73       0.20  0.21          0.34  0.12    0.05    0.09           0.29     0.06         0.08    -0.04       0.03
MIB           -0.30 -0.43     0.01 -0.23 -0.59     0.20  0.50     0.81  0.32    0.54  1.00      0.47   0.50    0.63         0.50   0.62       0.10  0.23          0.26 -0.01    0.12    0.33          -0.03     0.07         0.08     0.03       0.08
MSCISING      -0.37 -0.31    -0.14 -0.12 -0.69     0.40  0.62     0.57  0.48    0.45  0.47      1.00   0.68    0.62         0.65   0.62       0.25  0.24          0.26 -0.08   -0.00   -0.01           0.01     0.21         0.20     0.00      -0.08
MUMMY         -0.42 -0.48    -0.27 -0.28 -0.69     0.36  0.54     0.58  0.48    0.67  0.50      0.68   1.00    0.86         0.56   0.87       0.09  0.19          0.23 -0.04    0.07    0.05           0.21     0.19         0.18    -0.01      -0.15
NIKKEI        -0.56 -0.69    -0.29 -0.41 -0.70     0.33  0.51     0.68  0.59    0.74  0.63      0.62   0.86    1.00         0.61   0.97       0.14  0.13          0.31  0.03    0.08    0.19           0.27     0.24         0.22    -0.04      -0.03
SP500_micro   -0.31 -0.26    -0.07  0.07 -0.76     0.40  0.86     0.71  0.82    0.42  0.50      0.65   0.56    0.61         1.00   0.54       0.07  0.29          0.23 -0.03    0.04    0.04          -0.08     0.23         0.16    -0.04      -0.07
TOPIX         -0.60 -0.71    -0.28 -0.47 -0.71     0.34  0.46     0.65  0.53    0.73  0.62      0.62   0.87    0.97         0.54   1.00       0.13  0.09          0.30  0.01    0.06    0.22           0.25     0.22         0.23    -0.04       0.02
ALUMINIUM      0.05  0.01    -0.03  0.00  0.01     0.04 -0.03     0.20  0.10    0.20  0.10      0.25   0.09    0.14         0.07   0.13       1.00  0.27          0.43  0.46    0.25   -0.02           0.25     0.09         0.10     0.15      -0.01
CAD            0.39  0.22     0.07  0.41 -0.15     0.01  0.28     0.36  0.13    0.21  0.23      0.24   0.19    0.13         0.29   0.09       0.27  1.00          0.37  0.12    0.22    0.01           0.08     0.18         0.15     0.14      -0.02
HANGENT_mini   0.09 -0.06     0.07 -0.00 -0.07     0.04  0.13     0.40  0.15    0.34  0.26      0.26   0.23    0.31         0.23   0.30       0.43  0.37          1.00  0.41    0.57    0.19           0.24     0.22         0.21     0.09      -0.01
IRON           0.08  0.06     0.26  0.06  0.18    -0.00 -0.05     0.12 -0.02    0.12 -0.01     -0.08  -0.04    0.03        -0.03   0.01       0.46  0.12          0.41  1.00    0.32    0.03           0.04    -0.14        -0.13    -0.03       0.07
RUBBER         0.17  0.19     0.28  0.10  0.01    -0.04  0.08     0.20 -0.10    0.05  0.12     -0.00   0.07    0.08         0.04   0.06       0.25  0.22          0.57  0.32    1.00    0.14           0.11     0.26         0.25    -0.06      -0.01
CANOLA        -0.16 -0.31     0.18 -0.36 -0.15     0.13  0.01     0.09  0.04    0.09  0.33     -0.01   0.05    0.19         0.04   0.22      -0.02  0.01          0.19  0.03    0.14    1.00           0.10     0.05         0.05     0.20       0.37
CRUDE_W_micro -0.12 -0.25    -0.26 -0.25  0.09    -0.09 -0.17    -0.04  0.01    0.29 -0.03      0.01   0.21    0.27        -0.08   0.25       0.25  0.08          0.24  0.04    0.11    0.10           1.00     0.08         0.11     0.09       0.00
GAS-PEN       -0.06 -0.17     0.10  0.09 -0.29     0.08  0.24     0.20  0.17    0.06  0.07      0.21   0.19    0.24         0.23   0.22       0.09  0.18          0.22 -0.14    0.26    0.05           0.08     1.00         0.95     0.09       0.11
GAS_US_mini   -0.12 -0.23     0.12  0.01 -0.28     0.09  0.19     0.18  0.12    0.08  0.08      0.20   0.18    0.22         0.16   0.23       0.10  0.15          0.21 -0.13    0.25    0.05           0.11     0.95         1.00     0.11       0.12
LEANHOG        0.13 -0.03     0.06 -0.00  0.10     0.03  0.03    -0.00 -0.06   -0.04  0.03      0.00  -0.01   -0.04        -0.04  -0.04       0.15  0.14          0.09 -0.03   -0.06    0.20           0.09     0.09         0.11     1.00       0.10
MILLWHEAT     -0.19 -0.14     0.23 -0.17 -0.05     0.01  0.01    -0.00 -0.03    0.03  0.08     -0.08  -0.15   -0.03        -0.07   0.02      -0.01 -0.02         -0.01  0.07   -0.01    0.37           0.00     0.11         0.12     0.10       1.00


********************************************************************************
                                 END OF REPORT                                  
********************************************************************************


