
********************************************************************************
                    Risk report produced on 24/06/2026 22:51                    
********************************************************************************


Total risk across all strategies, annualised percentage 9.8
Percentage of capital used for margin 35.7%

========================================
Risk per strategy, annualised percentage
========================================

                  risk
dynamic_TF_carry   9.8


===================
Risk by asset class
===================

Ags       2.5
Bond      1.2
Equity    7.6
FX        4.2
Metals    2.7
Sector    0.7
dtype: float64


=====================================================
Beta loadings of asset class positions on asset class
=====================================================

FX       -0.51
Metals   -0.05
Sector    0.04
Bond      0.08
Ags       0.08
Equity    0.57
dtype: float64


========================================================
Beta loadings of full portfolio positions on asset class
========================================================

FX       -0.20
Metals    0.02
Ags       0.04
Sector    0.21
Bond      0.24
Equity    0.53
dtype: float64


==================================================================================================================================================================================================================================================================
                                                                                                                         Instrument risk                                                                                                                          
==================================================================================================================================================================================================================================================================

              daily_price_stdev  annual_price_stdev     price  daily_perc_stdev  annual_perc_stdev  point_size_base  contract_exposure  daily_risk_per_contract  annual_risk_per_contract  position  capital  exposure_held_perc_capital  annual_risk_perc_capital
CHF                       0.006               0.091      1.24              0.46                7.3          94743.3             117647                      536                      8591        -3   702637                       -50.2                      -3.7
BITCOIN                1940.837           31053.387  59510.00              3.26               52.2              0.1               4510                      147                      2353        -8   702637                        -5.1                      -2.7
LEANHOG                   1.109              17.747     80.78              1.37               22.0            303.2              24489                      336                      5380        -2   702637                        -7.0                      -1.5
JPY                       0.000               0.000      0.01              0.43                6.8        9474326.5              58949                      251                      4020        -2   702637                       -16.8                      -1.1
KR10                      0.469               7.512    106.43              0.44                7.1            492.0              52364                      230                      3695        -2   702637                       -14.9                      -1.1
REDWHEAT                  9.899             158.382    641.25              1.54               24.7             37.9              24301                      375                      6002        -1   702637                        -3.5                      -0.9
HANGENT_mini            114.114            1825.819   7726.00              1.48               23.6              1.0               7467                      110                      1764        -2   702637                        -2.1                      -0.5
RUSSELL                  36.869             589.907   2997.90              1.23               19.7              3.8              11361                      139                      2235         1   702637                         1.6                       0.3
DOW                     442.247            7075.953  52310.00              0.85               13.5              0.4              19824                      167                      2681         1   702637                         2.8                       0.4
AUD_micro                 0.004               0.060      0.69              0.55                8.8           7579.5               5211                       28                       456         9   702637                         6.7                       0.6
CANOLA                    9.292             148.669    744.30              1.25               20.0             10.7               7935                       99                      1585         3   702637                         3.4                       0.7
EU-BANKS                  3.794              60.710    292.70              1.30               20.7             43.1              12609                      163                      2615         2   702637                         3.6                       0.7
MXP                       0.000               0.005      0.06              0.57                9.1         378973.1              21321                      121                      1936         3   702637                         9.1                       0.8
YENEUR                    0.652              10.434    183.11              0.36                5.7            586.2             107331                      382                      6115         1   702637                        15.3                       0.9
SOYOIL                    0.881              14.094     65.68              1.34               21.5            454.8              29869                      400                      6409         1   702637                         4.3                       0.9
CAD10                     0.399               6.384    121.23              0.33                5.3            533.1              64627                      212                      3403         3   702637                        27.6                       1.5
LIVECOW                   2.264              36.227    240.60              0.94               15.1            303.2              72944                      686                     10983         1   702637                        10.4                       1.6
SMI                      98.597            1577.560  14102.00              0.70               11.2              9.3             131794                      921                     14743         1   702637                        18.8                       2.1
NIKKEI                 1271.880           20350.076  69000.00              1.84               29.5              0.5              32355                      596                      9542         2   702637                         9.2                       2.7
AEX                       9.063             145.014   1066.95              0.85               13.6            172.3             183853                     1561                     24988         1   702637                        26.2                       3.6

Sum of abs(notional exposure % capital) 238.6
Sum of abs(annualised risk % capital) 28.3
Net sum of annualised risk % capital 5.3 

==============================================================================================================================================================================
                                                                                 Correlations                                                                                 
==============================================================================================================================================================================

              CANOLA  REDWHEAT  SOYOIL  CAD10  KR10   CHF   JPY   AEX  AUD_micro  BITCOIN   DOW  EU-BANKS  HANGENT_mini   MXP  NIKKEI  RUSSELL   SMI  LEANHOG  LIVECOW  YENEUR
CANOLA          1.00      0.22    0.73  -0.24 -0.28  0.03 -0.04 -0.28      -0.03    -0.05 -0.16     -0.28          0.13 -0.18   -0.15    -0.23 -0.37     0.13    -0.16   -0.05
REDWHEAT        0.22      1.00    0.27  -0.31 -0.28 -0.01  0.01 -0.07       0.01     0.03 -0.29     -0.22          0.11 -0.16   -0.13    -0.22 -0.16     0.09    -0.07   -0.14
SOYOIL          0.73      0.27    1.00  -0.25 -0.27  0.05  0.02 -0.22       0.02     0.05 -0.09     -0.29          0.14 -0.11   -0.10    -0.09 -0.22     0.10    -0.02   -0.08
CAD10          -0.24     -0.31   -0.25   1.00  0.60  0.16  0.27  0.27       0.04     0.03  0.20      0.22          0.10  0.16    0.29     0.26  0.27    -0.13    -0.20   -0.16
KR10           -0.28     -0.28   -0.27   0.60  1.00  0.15  0.22  0.29       0.17     0.28  0.25      0.17          0.20  0.22    0.29     0.41  0.32    -0.18    -0.01   -0.09
CHF             0.03     -0.01    0.05   0.16  0.15  1.00  0.65 -0.04       0.59     0.04  0.19      0.07          0.26  0.45    0.07     0.10 -0.04    -0.04    -0.04    0.13
JPY            -0.04      0.01    0.02   0.27  0.22  0.65  1.00 -0.07       0.32    -0.06 -0.01     -0.03          0.13  0.15   -0.19    -0.07 -0.08    -0.05     0.04   -0.58
AEX            -0.28     -0.07   -0.22   0.27  0.29 -0.04 -0.07  1.00       0.34     0.32  0.58      0.64          0.33  0.33    0.56     0.54  0.70     0.00     0.11    0.08
AUD_micro      -0.03      0.01    0.02   0.04  0.17  0.59  0.32  0.34       1.00     0.35  0.57      0.42          0.37  0.63    0.50     0.52  0.34     0.17     0.12    0.30
BITCOIN        -0.05      0.03    0.05   0.03  0.28  0.04 -0.06  0.32       0.35     1.00  0.35      0.21          0.25  0.26    0.38     0.51  0.17     0.01     0.09    0.13
DOW            -0.16     -0.29   -0.09   0.20  0.25  0.19 -0.01  0.58       0.57     0.35  1.00      0.57          0.26  0.46    0.68     0.85  0.58     0.05     0.12    0.29
EU-BANKS       -0.28     -0.22   -0.29   0.22  0.17  0.07 -0.03  0.64       0.42     0.21  0.57      1.00          0.29  0.45    0.62     0.54  0.63     0.14     0.21    0.29
HANGENT_mini    0.13      0.11    0.14   0.10  0.20  0.26  0.13  0.33       0.37     0.25  0.26      0.29          1.00  0.31    0.25     0.23  0.27     0.17     0.05    0.13
MXP            -0.18     -0.16   -0.11   0.16  0.22  0.45  0.15  0.33       0.63     0.26  0.46      0.45          0.31  1.00    0.45     0.48  0.32     0.09     0.13    0.43
NIKKEI         -0.15     -0.13   -0.10   0.29  0.29  0.07 -0.19  0.56       0.50     0.38  0.68      0.62          0.25  0.45    1.00     0.70  0.58     0.01     0.20    0.38
RUSSELL        -0.23     -0.22   -0.09   0.26  0.41  0.10 -0.07  0.54       0.52     0.51  0.85      0.54          0.23  0.48    0.70     1.00  0.54     0.07     0.10    0.31
SMI            -0.37     -0.16   -0.22   0.27  0.32 -0.04 -0.08  0.70       0.34     0.17  0.58      0.63          0.27  0.32    0.58     0.54  1.00     0.03     0.25    0.15
LEANHOG         0.13      0.09    0.10  -0.13 -0.18 -0.04 -0.05  0.00       0.17     0.01  0.05      0.14          0.17  0.09    0.01     0.07  0.03     1.00     0.05    0.12
LIVECOW        -0.16     -0.07   -0.02  -0.20 -0.01 -0.04  0.04  0.11       0.12     0.09  0.12      0.21          0.05  0.13    0.20     0.10  0.25     0.05     1.00   -0.00
YENEUR         -0.05     -0.14   -0.08  -0.16 -0.09  0.13 -0.58  0.08       0.30     0.13  0.29      0.29          0.13  0.43    0.38     0.31  0.15     0.12    -0.00    1.00


********************************************************************************
                                 END OF REPORT                                  
********************************************************************************


