
********************************************************************************
                    Risk report produced on 07/11/2023 22:52                    
********************************************************************************


Total risk across all strategies, annualised percentage 10.4
Percentage of capital used for margin 54.0%

========================================
Risk per strategy, annualised percentage
========================================

                  risk
dynamic_TF_carry  10.4


===================
Risk by asset class
===================

Ags       1.9
Bond      4.1
Equity    3.6
FX        5.5
Metals    0.6
OilGas    1.1
Sector    3.4
dtype: float64


=====================================================
Beta loadings of asset class positions on asset class
=====================================================

FX       -0.65
Bond     -0.27
Equity   -0.21
OilGas   -0.02
Metals    0.01
Ags       0.06
Sector    0.16
dtype: float64


========================================================
Beta loadings of full portfolio positions on asset class
========================================================

FX       -0.92
Bond     -0.49
Equity   -0.15
Metals   -0.12
OilGas   -0.00
Ags       0.06
Sector    0.09
dtype: float64


==================================================================================================================================================================================================================================================================
                                                                                                                         Instrument risk                                                                                                                          
==================================================================================================================================================================================================================================================================

              daily_price_stdev  annual_price_stdev     price  daily_perc_stdev  annual_perc_stdev  point_size_base  contract_exposure  daily_risk_per_contract  annual_risk_per_contract  position  capital  exposure_held_perc_capital  annual_risk_perc_capital
US20                      1.189              19.025    113.91              1.04               16.7            811.8              92463                      965                     15443        -1   379445                       -24.4                      -4.1
DAX                     135.454            2167.261  15238.00              0.89               14.2              0.9              13236                      117                      1882        -6   379445                       -20.9                      -3.0
BUND                      0.670              10.723    130.31              0.51                8.2            868.7             113194                      582                      9314        -1   379445                       -29.8                      -2.5
CHF                       0.005               0.081      1.12              0.45                7.2         101469.3             113173                      512                      8198        -1   379445                       -29.8                      -2.2
RUSSELL                  24.840             397.445   1741.00              1.43               22.8              4.1               7066                      100                      1613        -4   379445                        -7.4                      -1.7
JPY                       0.000               0.001      0.01              0.59                9.4       10146927.5              67888                      398                      6369        -1   379445                       -17.9                      -1.7
AUD                       0.004               0.072      0.64              0.70               11.2          81175.4              52268                      364                      5828        -1   379445                       -13.8                      -1.5
NZD                       0.004               0.066      0.59              0.69               11.1          81175.4              48193                      334                      5347        -1   379445                       -12.7                      -1.4
GAS_US_mini               0.134               2.141      3.49              3.84               61.4           2029.4               7082                      271                      4345        -1   379445                        -1.9                      -1.1
EURO600                   3.777              60.429    444.00              0.85               13.6             43.4              19284                      164                      2624        -1   379445                        -5.1                      -0.7
COPPER-micro              0.040               0.636      3.71              1.07               17.1           2029.4               7532                       80                      1291        -1   379445                        -2.0                      -0.3
BITCOIN                 831.614           13305.822  35855.00              2.32               37.1              0.1               2910                       67                      1080         2   379445                         1.5                       0.6
MXP                       0.000               0.007      0.06              0.76               12.1         405877.1              23061                      174                      2790         2   379445                        12.2                       1.5
LEANHOG                   1.395              22.318     75.62              1.84               29.5            324.7              24555                      452                      7246         1   379445                         6.5                       1.9
OAT                       0.677              10.834    124.85              0.54                8.7            868.7             108451                      588                      9410         1   379445                        28.6                       2.5
NIKKEI                  388.909            6222.539  32300.00              1.20               19.3              0.5              17433                      209                      3358         3   379445                        13.8                       2.7
EU-OIL                    4.698              75.168    351.90              1.34               21.4             43.4              15284                      204                      3264         4   379445                        16.1                       3.4

Sum of abs(notional exposure % capital) 244.4
Sum of abs(annualised risk % capital) 32.8
Net sum of annualised risk % capital -7.6 

=================================================================================================================================================
                                                                  Correlations                                                                   
=================================================================================================================================================

              BITCOIN  GAS_US_mini   DAX  EURO600   MXP  NIKKEI  RUSSELL  EU-OIL  LEANHOG  BUND   OAT  US20   AUD   CHF  COPPER-micro   JPY   NZD
BITCOIN          1.00         0.10 -0.08    -0.03 -0.03   -0.08     0.18   -0.03    -0.06  0.19  0.17  0.11  0.16  0.06          0.20  0.03  0.18
GAS_US_mini      0.10         1.00  0.09     0.15 -0.02    0.25     0.20    0.14     0.10 -0.04 -0.04  0.02  0.03 -0.17         -0.04 -0.32  0.03
DAX             -0.08         0.09  1.00     0.93  0.57    0.69     0.69    0.52     0.34  0.36  0.41  0.40  0.52  0.33          0.44  0.28  0.47
EURO600         -0.03         0.15  0.93     1.00  0.60    0.72     0.70    0.60     0.33  0.38  0.42  0.40  0.49  0.27          0.42  0.21  0.44
MXP             -0.03        -0.02  0.57     0.60  1.00    0.48     0.45    0.44     0.28  0.20  0.24  0.34  0.47  0.16          0.39  0.19  0.37
NIKKEI          -0.08         0.25  0.69     0.72  0.48    1.00     0.54    0.50     0.26  0.16  0.21  0.25  0.31  0.05          0.31 -0.19  0.27
RUSSELL          0.18         0.20  0.69     0.70  0.45    0.54     1.00    0.45     0.40  0.22  0.26  0.30  0.58  0.27          0.53  0.18  0.47
EU-OIL          -0.03         0.14  0.52     0.60  0.44    0.50     0.45    1.00     0.27 -0.12 -0.08 -0.03  0.26  0.11          0.41 -0.00  0.17
LEANHOG         -0.06         0.10  0.34     0.33  0.28    0.26     0.40    0.27     1.00 -0.14 -0.11  0.04  0.27 -0.06          0.18  0.01  0.24
BUND             0.19        -0.04  0.36     0.38  0.20    0.16     0.22   -0.12    -0.14  1.00  0.99  0.74  0.27  0.28          0.11  0.44  0.31
OAT              0.17        -0.04  0.41     0.42  0.24    0.21     0.26   -0.08    -0.11  0.99  1.00  0.75  0.30  0.31          0.15  0.44  0.34
US20             0.11         0.02  0.40     0.40  0.34    0.25     0.30   -0.03     0.04  0.74  0.75  1.00  0.39  0.31          0.24  0.44  0.44
AUD              0.16         0.03  0.52     0.49  0.47    0.31     0.58    0.26     0.27  0.27  0.30  0.39  1.00  0.60          0.68  0.56  0.88
CHF              0.06        -0.17  0.33     0.27  0.16    0.05     0.27    0.11    -0.06  0.28  0.31  0.31  0.60  1.00          0.45  0.63  0.58
COPPER-micro     0.20        -0.04  0.44     0.42  0.39    0.31     0.53    0.41     0.18  0.11  0.15  0.24  0.68  0.45          1.00  0.41  0.60
JPY              0.03        -0.32  0.28     0.21  0.19   -0.19     0.18   -0.00     0.01  0.44  0.44  0.44  0.56  0.63          0.41  1.00  0.57
NZD              0.18         0.03  0.47     0.44  0.37    0.27     0.47    0.17     0.24  0.31  0.34  0.44  0.88  0.58          0.60  0.57  1.00


********************************************************************************
                                 END OF REPORT                                  
********************************************************************************


