
********************************************************************************
           Risk report report produced on 2023-05-24 22:53:20.307741            
********************************************************************************


Total risk across all strategies, annualised percentage 10.3
Percentage of capital used for margin 63.5%

========================================
Risk per strategy, annualised percentage
========================================

                  risk
dynamic_TF_carry  10.3


===================
Risk by asset class
===================

Ags       2.4
Equity    3.6
FX        5.8
Metals    1.1
Sector    2.0
Vol       3.0
dtype: float64


=====================================================
Beta loadings of asset class positions on asset class
=====================================================

FX       -0.67
Ags      -0.10
Vol      -0.07
Metals   -0.01
Sector    0.09
Equity    0.24
dtype: float64


========================================================
Beta loadings of full portfolio positions on asset class
========================================================

FX       -0.49
Vol      -0.15
Metals   -0.03
Ags      -0.02
Sector    0.20
Equity    0.31
dtype: float64


================================================================================================================================================================================================================================================================
                                                                                                                        Instrument risk                                                                                                                         
================================================================================================================================================================================================================================================================

            daily_price_stdev  annual_price_stdev     price  daily_perc_stdev  annual_perc_stdev  point_size_base  contract_exposure  daily_risk_per_contract  annual_risk_per_contract  position  capital  exposure_held_perc_capital  annual_risk_perc_capital
JPY                     0.000               0.001      0.01              0.64               10.3       10031297.6              72350                      464                      7431        -2   348373                       -41.5                      -4.3
LEANHOG                 1.492              23.874     79.58              1.88               30.0            321.0              25543                      478                      7663        -1   348373                        -7.3                      -2.2
VIX                     0.584               9.336     22.50              2.59               41.5            802.5              18056                      468                      7492        -1   348373                        -5.2                      -2.2
AUD                     0.005               0.074      0.65              0.71               11.3          80250.4              52503                      371                      5936        -1   348373                       -15.1                      -1.7
CORN                    6.798             108.763    519.25              1.31               20.9             40.1              20835                      272                      4364        -1   348373                        -6.0                      -1.3
IRON                    3.011              48.170     94.95              3.17               50.7             80.3               7619                      241                      3865        -1   348373                        -2.2                      -1.1
V2X                     0.651              10.418     19.90              3.27               52.4             86.6               1722                       56                       901        -4   348373                        -2.0                      -1.0
RUSSELL                23.602             377.627   1775.00              1.33               21.3              4.0               7122                       94                      1515        -2   348373                        -4.1                      -0.9
FTSECHINAA            151.011            2416.178  12815.00              1.18               18.9              0.8              10284                      121                      1938        -1   348373                        -3.0                      -0.6
DOW                   276.142            4418.277  32841.00              0.84               13.5              0.4              13177                      110                      1772        -1   348373                        -3.8                      -0.5
REDWHEAT               19.396             310.342    807.00              2.40               38.5             40.1              32381                      778                     12452         0   348373                         0.0                       0.0
EU-BANKS                1.660              26.566    101.60              1.63               26.1             43.3               4397                       71                      1149         1   348373                         1.3                       0.3
BITCOIN               995.864           15933.824  26370.00              3.78               60.4              0.1               2116                       79                      1278         1   348373                         0.6                       0.4
KOSDAQ                 20.279             324.464   1297.70              1.56               25.0              6.1               7920                      123                      1980         1   348373                         2.3                       0.6
BRE                     0.002               0.027      0.20              0.84               13.4          80250.4              16090                      135                      2161         1   348373                         4.6                       0.6
NIKKEI                249.319            3989.096  30710.00              0.81               13.0              0.6              17819                      144                      2314         1   348373                         5.1                       0.7
NIFTY                 111.062            1776.987  18331.00              0.61                9.7              1.6              29421                      178                      2852         1   348373                         8.4                       0.8
CNH                     0.020               0.313      7.05              0.28                4.4          11380.6              80287                      222                      3567         1   348373                        23.0                       1.0
LIVECOW                 0.955              15.277    164.28              0.58                9.3            321.0              52732                      306                      4904         1   348373                        15.1                       1.4
EU-AUTO                 8.610             137.763    600.30              1.43               22.9             43.3              25982                      372                      5962         1   348373                         7.5                       1.7
SMI                    83.508            1336.128  11382.00              0.73               11.7              8.9             101420                      744                     11905         1   348373                        29.1                       3.4

Sum of abs(notional exposure % capital) 187.2
Sum of abs(annualised risk % capital) 26.7
Net sum of annualised risk % capital -4.9 

==========================================================================================================================================================================
                                                                               Correlations                                                                               
==========================================================================================================================================================================

             V2X   VIX   AUD  BITCOIN   BRE   DOW  EU-AUTO  EU-BANKS  FTSECHINAA  KOSDAQ  NIFTY  NIKKEI  RUSSELL   SMI  CORN  IRON   JPY  REDWHEAT  LEANHOG  LIVECOW   CNH
V2X         1.00  0.79 -0.44    -0.25 -0.36 -0.64    -0.76     -0.75       -0.38   -0.38  -0.53   -0.57    -0.71 -0.59 -0.05 -0.03 -0.05      0.04     0.00    -0.29  0.18
VIX         0.79  1.00 -0.33    -0.24 -0.50 -0.71    -0.58     -0.64       -0.34   -0.38  -0.49   -0.52    -0.71 -0.59 -0.06  0.05  0.06      0.07    -0.07    -0.36  0.05
AUD        -0.44 -0.33  1.00     0.21  0.36  0.53     0.36      0.31        0.40    0.25   0.27    0.27     0.51  0.42  0.05  0.30  0.44      0.19     0.01    -0.14 -0.56
BITCOIN    -0.25 -0.24  0.21     1.00  0.36  0.31     0.18      0.14        0.07    0.20   0.30    0.30     0.36  0.28  0.03  0.15 -0.05      0.02    -0.14     0.05 -0.07
BRE        -0.36 -0.50  0.36     0.36  1.00  0.44     0.20      0.29        0.17    0.19   0.28    0.24     0.47  0.30  0.27  0.17  0.16      0.28     0.27     0.21 -0.22
DOW        -0.64 -0.71  0.53     0.31  0.44  1.00     0.55      0.57        0.15    0.49   0.56    0.56     0.86  0.73  0.06  0.06  0.09     -0.04     0.11     0.29 -0.17
EU-AUTO    -0.76 -0.58  0.36     0.18  0.20  0.55     1.00      0.75        0.31    0.44   0.59    0.53     0.62  0.54  0.09  0.07 -0.01     -0.17     0.14     0.25 -0.21
EU-BANKS   -0.75 -0.64  0.31     0.14  0.29  0.57     0.75      1.00        0.24    0.27   0.56    0.45     0.58  0.57  0.05 -0.02 -0.04     -0.18     0.16     0.40 -0.08
FTSECHINAA -0.38 -0.34  0.40     0.07  0.17  0.15     0.31      0.24        1.00    0.22   0.17    0.17     0.17  0.17 -0.07  0.38  0.11     -0.10     0.03    -0.06 -0.51
KOSDAQ     -0.38 -0.38  0.25     0.20  0.19  0.49     0.44      0.27        0.22    1.00   0.39    0.40     0.45  0.32  0.10  0.13  0.00     -0.03     0.01     0.18 -0.20
NIFTY      -0.53 -0.49  0.27     0.30  0.28  0.56     0.59      0.56        0.17    0.39   1.00    0.54     0.47  0.58 -0.07  0.06 -0.03     -0.31     0.14     0.19 -0.09
NIKKEI     -0.57 -0.52  0.27     0.30  0.24  0.56     0.53      0.45        0.17    0.40   0.54    1.00     0.60  0.46 -0.10 -0.04 -0.33     -0.20     0.00     0.25  0.04
RUSSELL    -0.71 -0.71  0.51     0.36  0.47  0.86     0.62      0.58        0.17    0.45   0.47    0.60     1.00  0.67  0.12  0.06  0.05      0.00     0.03     0.21 -0.17
SMI        -0.59 -0.59  0.42     0.28  0.30  0.73     0.54      0.57        0.17    0.32   0.58    0.46     0.67  1.00  0.02 -0.05  0.06     -0.06    -0.01     0.24 -0.15
CORN       -0.05 -0.06  0.05     0.03  0.27  0.06     0.09      0.05       -0.07    0.10  -0.07   -0.10     0.12  0.02  1.00  0.03  0.10      0.61    -0.02    -0.01  0.05
IRON       -0.03  0.05  0.30     0.15  0.17  0.06     0.07     -0.02        0.38    0.13   0.06   -0.04     0.06 -0.05  0.03  1.00  0.26      0.13     0.09    -0.22 -0.40
JPY        -0.05  0.06  0.44    -0.05  0.16  0.09    -0.01     -0.04        0.11    0.00  -0.03   -0.33     0.05  0.06  0.10  0.26  1.00      0.28    -0.04    -0.34 -0.49
REDWHEAT    0.04  0.07  0.19     0.02  0.28 -0.04    -0.17     -0.18       -0.10   -0.03  -0.31   -0.20     0.00 -0.06  0.61  0.13  0.28      1.00    -0.08    -0.17 -0.07
LEANHOG     0.00 -0.07  0.01    -0.14  0.27  0.11     0.14      0.16        0.03    0.01   0.14    0.00     0.03 -0.01 -0.02  0.09 -0.04     -0.08     1.00     0.41 -0.20
LIVECOW    -0.29 -0.36 -0.14     0.05  0.21  0.29     0.25      0.40       -0.06    0.18   0.19    0.25     0.21  0.24 -0.01 -0.22 -0.34     -0.17     0.41     1.00  0.11
CNH         0.18  0.05 -0.56    -0.07 -0.22 -0.17    -0.21     -0.08       -0.51   -0.20  -0.09    0.04    -0.17 -0.15  0.05 -0.40 -0.49     -0.07    -0.20     0.11  1.00


********************************************************************************
                                 END OF REPORT                                  
********************************************************************************


