
********************************************************************************
                    Risk report produced on 10/10/2024 22:52                    
********************************************************************************


Total risk across all strategies, annualised percentage 12.8
Percentage of capital used for margin 68.8%

========================================
Risk per strategy, annualised percentage
========================================

                  risk
dynamic_TF_carry  12.8


===================
Risk by asset class
===================

Ags        2.6
Bond       1.4
Equity    10.5
FX         3.4
Metals     1.1
OilGas     1.9
Sector     1.0
dtype: float64


=====================================================
Beta loadings of asset class positions on asset class
=====================================================

Sector   -0.04
OilGas   -0.04
Metals   -0.00
Ags       0.04
FX        0.06
Bond      0.23
Equity    0.69
dtype: float64


========================================================
Beta loadings of full portfolio positions on asset class
========================================================

OilGas    0.01
Ags       0.09
Metals    0.12
Bond      0.15
Sector    0.29
Equity    0.73
FX        0.93
dtype: float64


===================================================================================================================================================================================================================================================================
                                                                                                                          Instrument risk                                                                                                                          
===================================================================================================================================================================================================================================================================

               daily_price_stdev  annual_price_stdev     price  daily_perc_stdev  annual_perc_stdev  point_size_base  contract_exposure  daily_risk_per_contract  annual_risk_per_contract  position  capital  exposure_held_perc_capital  annual_risk_perc_capital
GAS-PEN                    0.090               1.432      2.66              3.36               53.7           7650.9              20389                      684                     10956        -1   573454                        -3.6                      -1.9
JPY                        0.000               0.001      0.01              0.80               12.9        9563594.1              64869                      521                      8336        -1   573454                       -11.3                      -1.5
SOYMEAL                    5.090              81.434    316.30              1.61               25.7             76.5              24199                      389                      6230        -1   573454                        -4.2                      -1.1
EU-AUTO                    8.985             143.755    560.90              1.60               25.6             41.8              23470                      375                      6015        -1   573454                        -4.1                      -1.0
COTTON2                    0.980              15.685     72.65              1.35               21.6            382.5              27791                      375                      6000        -1   573454                        -4.8                      -1.0
BITCOIN                 1628.018           26048.285  59520.00              2.74               43.8              0.1               4553                      124                      1992        -2   573454                        -1.6                      -0.7
IRON                       2.500              39.999    107.40              2.33               37.2             76.5               8217                      191                      3060        -1   573454                        -1.4                      -0.5
CORN                       4.871              77.943    418.25              1.16               18.6             38.3              15999                      186                      2981        -1   573454                        -2.8                      -0.5
CANOLA                     9.544             152.707    624.60              1.53               24.4             11.2               6970                      106                      1704        -1   573454                        -1.2                      -0.3
MUMMY                     13.755             220.083    625.00              2.20               35.2              5.1               3204                       70                      1128         1   573454                         0.6                       0.2
BRE                        0.001               0.022      0.18              0.78               12.5          76508.8              13664                      106                      1702         1   573454                         2.4                       0.3
CRUDE_W_micro              1.569              25.105     74.65              2.10               33.6             76.5               5711                      120                      1920         1   573454                         1.0                       0.3
DOW                      269.986            4319.778  42629.00              0.63               10.1              0.4              16307                      103                      1652         2   573454                         5.7                       0.6
SUGAR11                    0.346               5.537     20.55              1.68               26.9            856.9              17609                      296                      4744         1   573454                         3.1                       0.8
MSCISING                   2.744              43.909    343.60              0.80               12.8             58.5              20112                      160                      2570         2   573454                         7.0                       0.9
LIVECOW                    1.148              18.373    188.88              0.61                9.7            306.0              57802                      351                      5622         1   573454                        10.1                       1.0
SILVER                     0.547               8.746     31.29              1.75               28.0            765.1              23939                      418                      6691         1   573454                         4.2                       1.2
KR10                       0.438               7.004    116.36              0.38                6.0            567.0              65979                      248                      3971         2   573454                        23.0                       1.4
LEANHOG                    1.029              16.459     76.90              1.34               21.4            306.0              23534                      314                      5037         2   573454                         8.2                       1.8
YENEUR                     1.121              17.935    161.50              0.69               11.1            640.8             103491                      718                     11493         1   573454                        18.0                       2.0
MSCITAIWAN                12.567             201.070    946.50              1.33               21.2             76.5              72415                      961                     15383         1   573454                        12.6                       2.7
MIB                      298.733            4779.728  33890.00              0.88               14.1              4.2             141812                     1250                     20000         1   573454                        24.7                       3.5
MSCIEAFA                  20.812             332.994   2426.90              0.86               13.7             38.3              92839                      796                     12738         2   573454                        32.4                       4.4

Sum of abs(notional exposure % capital) 188.0
Sum of abs(annualised risk % capital) 29.6
Net sum of annualised risk % capital 12.6 

=============================================================================================================================================================================================================
                                                                                                Correlations                                                                                                 
=============================================================================================================================================================================================================

               BITCOIN   BRE   DOW  EU-AUTO   MIB  MSCIEAFA  MSCISING  MUMMY  SILVER  COTTON2  CRUDE_W_micro  LIVECOW  MSCITAIWAN  SUGAR11  YENEUR   JPY  KR10  CANOLA  CORN  IRON  LEANHOG  SOYMEAL  GAS-PEN
BITCOIN           1.00  0.29  0.39     0.31  0.34      0.40      0.25   0.26    0.30     0.19           0.07     0.18        0.16     0.22    0.11  0.02  0.09    0.10  0.02 -0.09     0.12    -0.06     0.03
BRE               0.29  1.00  0.42     0.31  0.35      0.57      0.36   0.25    0.43     0.30           0.20     0.08        0.37     0.29    0.15  0.08  0.24   -0.00  0.12  0.09     0.01     0.12     0.26
DOW               0.39  0.42  1.00     0.60  0.70      0.82      0.63   0.65    0.45     0.28           0.18     0.30        0.50     0.38    0.27 -0.07  0.22    0.13  0.11 -0.08     0.14    -0.04     0.11
EU-AUTO           0.31  0.31  0.60     1.00  0.77      0.69      0.50   0.58    0.21     0.40           0.18     0.21        0.50     0.24    0.34 -0.17 -0.05    0.23  0.11 -0.05     0.18     0.07     0.01
MIB               0.34  0.35  0.70     0.77  1.00      0.74      0.61   0.67    0.28     0.32           0.21     0.41        0.48     0.28    0.47 -0.33 -0.02    0.25  0.07 -0.12     0.13    -0.04     0.13
MSCIEAFA          0.40  0.57  0.82     0.69  0.74      1.00      0.65   0.72    0.46     0.30           0.16     0.26        0.58     0.42    0.34 -0.02  0.20    0.17  0.04 -0.00     0.14     0.01     0.13
MSCISING          0.25  0.36  0.63     0.50  0.61      0.65      1.00   0.68    0.40     0.27           0.10     0.17        0.59     0.26    0.44 -0.27  0.07    0.08 -0.03 -0.18     0.07    -0.06     0.15
MUMMY             0.26  0.25  0.65     0.58  0.67      0.72      0.68   1.00    0.27     0.22           0.10     0.23        0.57     0.43    0.43 -0.30  0.07    0.07 -0.04 -0.12     0.06    -0.07     0.10
SILVER            0.30  0.43  0.45     0.21  0.28      0.46      0.40   0.27    1.00     0.18           0.36     0.25        0.38     0.23    0.25  0.00  0.06    0.16  0.09  0.22     0.08     0.07     0.20
COTTON2           0.19  0.30  0.28     0.40  0.32      0.30      0.27   0.22    0.18     1.00           0.37     0.30        0.37     0.36    0.22 -0.14 -0.00    0.13  0.11  0.08     0.14     0.05    -0.03
CRUDE_W_micro     0.07  0.20  0.18     0.18  0.21      0.16      0.10   0.10    0.36     0.37           1.00     0.53        0.38     0.38    0.41 -0.42 -0.21    0.20  0.09  0.12     0.04    -0.21     0.14
LIVECOW           0.18  0.08  0.30     0.21  0.41      0.26      0.17   0.23    0.25     0.30           0.53     1.00        0.28     0.37    0.33 -0.34 -0.22    0.20  0.02  0.09     0.14    -0.16     0.11
MSCITAIWAN        0.16  0.37  0.50     0.50  0.48      0.58      0.59   0.57    0.38     0.37           0.38     0.28        1.00     0.31    0.62 -0.47  0.10    0.05  0.06  0.10    -0.14    -0.15     0.07
SUGAR11           0.22  0.29  0.38     0.24  0.28      0.42      0.26   0.43    0.23     0.36           0.38     0.37        0.31     1.00    0.24 -0.09  0.03    0.21 -0.01  0.13     0.08     0.04    -0.05
YENEUR            0.11  0.15  0.27     0.34  0.47      0.34      0.44   0.43    0.25     0.22           0.41     0.33        0.62     0.24    1.00 -0.86 -0.30    0.11 -0.15 -0.00    -0.01    -0.31     0.14
JPY               0.02  0.08 -0.07    -0.17 -0.33     -0.02     -0.27  -0.30    0.00    -0.14          -0.42    -0.34       -0.47    -0.09   -0.86  1.00  0.40   -0.01  0.12  0.06     0.11     0.37    -0.14
KR10              0.09  0.24  0.22    -0.05 -0.02      0.20      0.07   0.07    0.06    -0.00          -0.21    -0.22        0.10     0.03   -0.30  0.40  1.00   -0.28  0.00  0.08    -0.12     0.07    -0.07
CANOLA            0.10 -0.00  0.13     0.23  0.25      0.17      0.08   0.07    0.16     0.13           0.20     0.20        0.05     0.21    0.11 -0.01 -0.28    1.00  0.37  0.19     0.40     0.40     0.04
CORN              0.02  0.12  0.11     0.11  0.07      0.04     -0.03  -0.04    0.09     0.11           0.09     0.02        0.06    -0.01   -0.15  0.12  0.00    0.37  1.00  0.20     0.15     0.51     0.19
IRON             -0.09  0.09 -0.08    -0.05 -0.12     -0.00     -0.18  -0.12    0.22     0.08           0.12     0.09        0.10     0.13   -0.00  0.06  0.08    0.19  0.20  1.00     0.03     0.32    -0.16
LEANHOG           0.12  0.01  0.14     0.18  0.13      0.14      0.07   0.06    0.08     0.14           0.04     0.14       -0.14     0.08   -0.01  0.11 -0.12    0.40  0.15  0.03     1.00     0.21    -0.00
SOYMEAL          -0.06  0.12 -0.04     0.07 -0.04      0.01     -0.06  -0.07    0.07     0.05          -0.21    -0.16       -0.15     0.04   -0.31  0.37  0.07    0.40  0.51  0.32     0.21     1.00     0.05
GAS-PEN           0.03  0.26  0.11     0.01  0.13      0.13      0.15   0.10    0.20    -0.03           0.14     0.11        0.07    -0.05    0.14 -0.14 -0.07    0.04  0.19 -0.16    -0.00     0.05     1.00


********************************************************************************
                                 END OF REPORT                                  
********************************************************************************


