
********************************************************************************
                    Risk report produced on 27/05/2025 22:53                    
********************************************************************************


Total risk across all strategies, annualised percentage 7.3
Percentage of capital used for margin 38.8%

========================================
Risk per strategy, annualised percentage
========================================

                  risk
dynamic_TF_carry   7.3


===================
Risk by asset class
===================

Ags       3.1
Bond      0.9
Equity    4.2
FX        2.3
OilGas    3.7
Vol       0.2
dtype: float64


=====================================================
Beta loadings of asset class positions on asset class
=====================================================

OilGas   -0.10
Vol      -0.00
Bond      0.06
Ags       0.16
Equity    0.22
FX        0.23
dtype: float64


========================================================
Beta loadings of full portfolio positions on asset class
========================================================

Bond     -0.10
Vol      -0.08
OilGas   -0.06
Ags       0.19
Equity    0.31
FX        0.41
dtype: float64


===================================================================================================================================================================================================================================================================
                                                                                                                          Instrument risk                                                                                                                          
===================================================================================================================================================================================================================================================================

               daily_price_stdev  annual_price_stdev     price  daily_perc_stdev  annual_perc_stdev  point_size_base  contract_exposure  daily_risk_per_contract  annual_risk_per_contract  position  capital  exposure_held_perc_capital  annual_risk_perc_capital
GAS-PEN                    0.122               1.946      3.69              3.30               52.7           7376.6              27226                      897                     14355        -1   531795                        -5.1                      -2.7
DOW                      519.853            8317.654  42374.00              1.23               19.6              0.4              15628                      191                      3067        -4   531795                       -11.8                      -2.3
CRUDE_W_micro              1.250              20.005     60.39              2.07               33.1             73.8               4454                       92                      1475        -4   531795                        -3.4                      -1.1
WHEAT                      7.713             123.407    567.75              1.36               21.7             36.9              20940                      284                      4551        -1   531795                        -3.9                      -0.9
CAD10                      0.524               8.383    122.07              0.43                6.9            537.0              65548                      281                      4501        -1   531795                       -12.3                      -0.8
GAS_US_mini                0.123               1.972      3.76              3.27               52.4           1844.1               6943                      227                      3637        -1   531795                        -1.3                      -0.7
KRWUSD_mini                0.006               0.090      0.73              0.77               12.3          18441.5              13502                      103                      1658        -2   531795                        -5.1                      -0.6
V2X                        0.597               9.555     20.25              2.95               47.2             83.9               1699                       50                       802        -1   531795                        -0.3                      -0.2
MXP                        0.000               0.006      0.05              0.70               11.2         368829.5              18946                      132                      2115         2   531795                         7.1                       0.8
CANOLA                     8.353             133.649    693.20              1.21               19.3             10.7               7444                       89                      1435         3   531795                         4.2                       0.8
MSCISING                   4.815              77.044    408.60              1.18               18.9             57.4              23451                      276                      4421         1   531795                         4.4                       0.8
NIKKEI                   540.553            8648.853  37465.00              1.44               23.1              0.5              19290                      278                      4453         1   531795                         3.6                       0.8
MUMMY                     10.870             173.927    729.00              1.49               23.9              5.1               3753                       55                       895         6   531795                         4.2                       1.0
BTP                        0.425               6.795    120.68              0.35                5.6            839.5             101305                      356                      5704         1   531795                        19.0                       1.1
YENEUR                     0.897              14.351    163.39              0.55                8.8            643.6             105158                      577                      9236         1   531795                        19.8                       1.7
FEEDCOW                    2.574              41.191    297.35              0.87               13.9            368.8             109671                      949                     15192         1   531795                        20.6                       2.9
MSCIEAFA                  30.251             484.018   2622.20              1.15               18.5             36.9              96714                     1115                     17852         1   531795                        18.2                       3.4

Sum of abs(notional exposure % capital) 144.3
Sum of abs(annualised risk % capital) 22.6
Net sum of annualised risk % capital 4.0 

=================================================================================================================================================================
                                                                          Correlations                                                                           
=================================================================================================================================================================

               CRUDE_W_micro   DOW  FEEDCOW  MSCIEAFA  MSCISING  MUMMY   MXP  NIKKEI  YENEUR  CANOLA  GAS-PEN  GAS_US_mini   BTP  CAD10  KRWUSD_mini  WHEAT   V2X
CRUDE_W_micro           1.00  0.25     0.33      0.29      0.46   0.45  0.22    0.42    0.13    0.06     0.14         0.18 -0.13  -0.23        -0.32  -0.02 -0.33
DOW                     0.25  1.00     0.35      0.68      0.72   0.61  0.21    0.70    0.11    0.04     0.13         0.12  0.24   0.06         0.04  -0.08 -0.65
FEEDCOW                 0.33  0.35     1.00      0.46      0.45   0.43  0.30    0.52    0.36   -0.06     0.21         0.26 -0.11  -0.31        -0.04  -0.14 -0.31
MSCIEAFA                0.29  0.68     0.46      1.00      0.82   0.73  0.36    0.74    0.15   -0.04     0.20         0.23  0.14  -0.04         0.31   0.09 -0.56
MSCISING                0.46  0.72     0.45      0.82      1.00   0.76  0.35    0.75    0.13   -0.04     0.24         0.27  0.15  -0.00         0.03  -0.00 -0.65
MUMMY                   0.45  0.61     0.43      0.73      0.76   1.00  0.35    0.86    0.26    0.04     0.09         0.13  0.13  -0.18         0.11   0.02 -0.71
MXP                     0.22  0.21     0.30      0.36      0.35   0.35  1.00    0.44    0.36   -0.10     0.02         0.05  0.15  -0.10         0.15   0.22 -0.41
NIKKEI                  0.42  0.70     0.52      0.74      0.75   0.86  0.44    1.00    0.46    0.04     0.17         0.19  0.08  -0.21         0.01   0.01 -0.81
YENEUR                  0.13  0.11     0.36      0.15      0.13   0.26  0.36    0.46    1.00    0.08     0.10         0.16 -0.36  -0.44        -0.14   0.02 -0.40
CANOLA                  0.06  0.04    -0.06     -0.04     -0.04   0.04 -0.10    0.04    0.08    1.00     0.06         0.06  0.05  -0.20        -0.12   0.15 -0.04
GAS-PEN                 0.14  0.13     0.21      0.20      0.24   0.09  0.02    0.17    0.10    0.06     1.00         0.97 -0.22  -0.05        -0.13   0.06 -0.14
GAS_US_mini             0.18  0.12     0.26      0.23      0.27   0.13  0.05    0.19    0.16    0.06     0.97         1.00 -0.23  -0.09        -0.14   0.05 -0.14
BTP                    -0.13  0.24    -0.11      0.14      0.15   0.13  0.15    0.08   -0.36    0.05    -0.22        -0.23  1.00   0.55         0.21  -0.02 -0.18
CAD10                  -0.23  0.06    -0.31     -0.04     -0.00  -0.18 -0.10   -0.21   -0.44   -0.20    -0.05        -0.09  0.55   1.00        -0.01  -0.25  0.00
KRWUSD_mini            -0.32  0.04    -0.04      0.31      0.03   0.11  0.15    0.01   -0.14   -0.12    -0.13        -0.14  0.21  -0.01         1.00   0.24  0.09
WHEAT                  -0.02 -0.08    -0.14      0.09     -0.00   0.02  0.22    0.01    0.02    0.15     0.06         0.05 -0.02  -0.25         0.24   1.00  0.07
V2X                    -0.33 -0.65    -0.31     -0.56     -0.65  -0.71 -0.41   -0.81   -0.40   -0.04    -0.14        -0.14 -0.18   0.00         0.09   0.07  1.00


********************************************************************************
                                 END OF REPORT                                  
********************************************************************************


