
********************************************************************************
               Risk report produced on 2021-10-14 20:56:44.426735               
********************************************************************************


Total risk across all strategies, annualised percentage 14.9

========================================
Risk per strategy, annualised percentage
========================================

                  risk
dynamic_TF_carry  14.9


================================================================================================================================================================================================================================================================
                                                                                                                        Instrument risk                                                                                                                         
================================================================================================================================================================================================================================================================

            daily_price_stdev  annual_price_stdev    price  daily_perc_stdev  annual_perc_stdev  point_size_base  contract_exposure  daily_risk_per_contract  annual_risk_per_contract  position   capital  exposure_held_perc_capital  annual_risk_perc_capital
BUXL                      1.4                22.1    205.2               0.7               10.8            847.1           173837.3                   1169.0                   18703.6      -1.0  374545.2                       -46.4                      -5.0
US20                      0.9                14.9    160.1               0.6                9.3            730.9           117012.2                    679.1                   10865.3      -1.0  374545.2                       -31.2                      -2.9
VIX                       0.7                11.6     21.5               3.4               54.2            730.9            15714.3                    532.1                    8513.2      -1.0  374545.2                        -4.2                      -2.3
KOSDAQ                   21.8               348.9   1425.7               1.5               24.5              6.2             8783.1                    134.3                    2149.3      -3.0  374545.2                        -7.0                      -1.7
CHF                       0.0                 0.1      1.1               0.4                6.2          91362.2            99109.8                    384.2                    6146.7      -1.0  374545.2                       -26.5                      -1.6
GBPEUR                    0.0                 0.0      0.8               0.3                5.3         125000.0           105962.5                    352.4                    5637.6      -1.0  374545.2                       -28.3                      -1.5
JPY                       0.0                 0.0      0.0               0.4                6.2        9136224.8            80412.5                    313.9                    5022.5      -1.0  374545.2                       -21.5                      -1.3
LIVECOW                   1.1                16.8    130.4               0.8               12.9            292.4            38109.0                    307.8                    4924.0      -1.0  374545.2                       -10.2                      -1.3
KRWUSD                    0.0                 0.0      0.0               0.4                6.3       91362247.7            77128.0                    304.4                    4869.7      -1.0  374545.2                       -20.6                      -1.3
CNH                       0.0                 0.2      6.4               0.2                3.2          11351.3            73211.1                    144.9                    2318.7      -2.0  374545.2                       -39.1                      -1.2
KR10                      0.4                 7.1    123.0               0.4                5.8            616.1            75743.6                    275.0                    4399.8      -1.0  374545.2                       -20.2                      -1.2
GBP                       0.0                 0.1      1.4               0.4                7.0          45681.1            62487.2                    271.9                    4351.1      -1.0  374545.2                       -16.7                      -1.2
DOW                     315.5              5048.7  34747.0               0.9               14.5              0.4            12698.3                    115.3                    1845.0      -2.0  374545.2                        -6.8                      -1.0
EU-RETAIL                 4.9                77.8    435.3               1.1               17.9             42.4            18436.6                    205.9                    3294.3      -1.0  374545.2                        -4.9                      -0.9
BOBL                      0.2                 2.5    134.8               0.1                1.8            847.1           114203.0                    130.1                    2081.6      -1.0  374545.2                       -30.5                      -0.6
RUSSELL                  25.8               413.1   2270.3               1.1               18.2              3.7             8296.8                     94.4                    1509.8       1.0  374545.2                         2.2                       0.4
MUMMY                    24.8               397.3   1098.0               2.3               36.2              6.4             7059.3                    159.6                    2554.2       1.0  374545.2                         1.9                       0.7
EU-TRAVEL                 3.9                62.9    261.1               1.5               24.1             42.4            11058.6                    166.4                    2663.0       1.0  374545.2                         3.0                       0.7
EURO600                   4.0                63.3    464.9               0.9               13.6             42.4            19690.3                    167.6                    2681.6       1.0  374545.2                         5.3                       0.7
EDOLLAR                   0.0                 0.6     98.5               0.0                0.6           1827.2           180020.2                     71.4                    1142.4       3.0  374545.2                       144.2                       0.9
NIKKEI                  406.4              6502.8  28700.0               1.4               22.7              0.6            18452.0                    261.3                    4180.8       1.0  374545.2                         4.9                       1.1
EU-OIL                    3.5                56.0    289.4               1.2               19.4             42.4            12257.2                    148.3                    2372.4       2.0  374545.2                         6.5                       1.3
FTSECHINAA              214.2              3427.1  15944.0               1.3               21.5              0.7            11653.4                    156.6                    2504.9       3.0  374545.2                         9.3                       2.0
BRENT-LAST                1.0                16.3     83.1               1.2               19.6            730.9            60730.3                    744.5                   11912.6       1.0  374545.2                        16.2                       3.2
HEATOIL                   0.0                 0.5      2.5               1.2               18.9          30697.7            77238.5                    914.4                   14631.2       1.0  374545.2                        20.6                       3.9
BITCOIN                2587.6             41401.4  57850.0               4.5               71.6              0.1             4228.2                    189.1                    3026.0       5.0  374545.2                         5.6                       4.0

Sum of abs(notional exposure % capital) 533.9
Sum of abs(annualised risk % capital) 43.9
Net sum of annualised risk % capital -6.0 

=========================================================================================================================================================================================================================
                                                                                                      Correlations                                                                                                       
=========================================================================================================================================================================================================================

            BITCOIN  BOBL  BRENT-LAST  BUXL   CHF   CNH   DOW  EDOLLAR  EU-OIL  EU-RETAIL  EU-TRAVEL  EURO600  FTSECHINAA   GBP  GBPEUR  HEATOIL   JPY  KOSDAQ  KR10  KRWUSD  LIVECOW  MUMMY  NIKKEI  RUSSELL  US20   VIX
BITCOIN        1.00  0.69        0.11  0.03  0.07  0.25  0.36     0.36    0.10       0.45      -0.04     0.15        0.18 -0.06    0.17     0.17  0.10    0.05  0.42   -0.18     0.34  -0.00    0.28    -0.25  0.04 -0.14
BOBL           0.69  1.00       -0.04 -0.06  0.14  0.30  0.56     0.44    0.05       0.40      -0.05     0.20        0.22 -0.12    0.29     0.23  0.11   -0.09  0.52   -0.18     0.44  -0.05    0.38    -0.20  0.03 -0.06
BRENT-LAST     0.11 -0.04        1.00 -0.05 -0.00 -0.07  0.10     0.02   -0.01       0.12      -0.09     0.05       -0.01 -0.06    0.04    -0.04  0.22    0.00  0.13   -0.02     0.07  -0.06   -0.15    -0.15  0.05 -0.12
BUXL           0.03 -0.06       -0.05  1.00 -0.18 -0.04  0.03    -0.17    0.80      -0.06       0.41    -0.13       -0.29  0.05   -0.26    -0.33 -0.07    0.21  0.08    0.10    -0.14   0.65   -0.09     0.06  0.02  0.29
CHF            0.07  0.14       -0.00 -0.18  1.00  0.34  0.28     0.36   -0.02       0.20       0.08     0.08        0.32 -0.28    0.37     0.37  0.10    0.06  0.17   -0.45     0.33  -0.08    0.35    -0.26  0.42  0.33
CNH            0.25  0.30       -0.07 -0.04  0.34  1.00  0.30     0.48    0.01       0.17      -0.19     0.11        0.35 -0.10    0.58     0.32  0.01    0.02  0.19   -0.45     0.30  -0.12    0.64    -0.16  0.04 -0.12
DOW            0.36  0.56        0.10  0.03  0.28  0.30  1.00     0.61    0.08       0.27      -0.15     0.17        0.37 -0.18    0.38     0.43  0.17    0.14  0.31   -0.48     0.67  -0.04    0.37    -0.19  0.12 -0.10
EDOLLAR        0.36  0.44        0.02 -0.17  0.36  0.48  0.61     1.00   -0.03       0.28      -0.24     0.25        0.42 -0.10    0.54     0.51  0.14   -0.01  0.15   -0.57     0.75  -0.27    0.45    -0.26  0.23 -0.25
EU-OIL         0.10  0.05       -0.01  0.80 -0.02  0.01  0.08    -0.03    1.00      -0.11       0.58    -0.11       -0.16 -0.05   -0.16    -0.21 -0.05    0.16  0.05    0.00     0.05   0.64    0.00     0.01  0.13  0.34
EU-RETAIL      0.45  0.40        0.12 -0.06  0.20  0.17  0.27     0.28   -0.11       1.00      -0.16     0.22        0.21 -0.02    0.13     0.26  0.32   -0.14  0.47   -0.16     0.32  -0.20    0.14    -0.45  0.17 -0.08
EU-TRAVEL     -0.04 -0.05       -0.09  0.41  0.08 -0.19 -0.15    -0.24    0.58      -0.16       1.00    -0.10       -0.21  0.09   -0.23    -0.32 -0.13    0.09 -0.08    0.10    -0.11   0.71   -0.19    -0.12  0.25  0.64
EURO600        0.15  0.20        0.05 -0.13  0.08  0.11  0.17     0.25   -0.11       0.22      -0.10     1.00        0.14 -0.06    0.15     0.15 -0.04   -0.12  0.24   -0.16     0.13  -0.07    0.20    -0.23 -0.04 -0.12
FTSECHINAA     0.18  0.22       -0.01 -0.29  0.32  0.35  0.37     0.42   -0.16       0.21      -0.21     0.14        1.00 -0.25    0.46     0.80  0.12   -0.05  0.17   -0.20     0.37  -0.33    0.24    -0.17  0.14 -0.23
GBP           -0.06 -0.12       -0.06  0.05 -0.28 -0.10 -0.18    -0.10   -0.05      -0.02       0.09    -0.06       -0.25  1.00   -0.14    -0.16 -0.02   -0.01 -0.14    0.02    -0.15  -0.01   -0.08     0.10  0.06  0.02
GBPEUR         0.17  0.29        0.04 -0.26  0.37  0.58  0.38     0.54   -0.16       0.13      -0.23     0.15        0.46 -0.14    1.00     0.51  0.14    0.04  0.10   -0.45     0.40  -0.29    0.53    -0.17  0.10 -0.22
HEATOIL        0.17  0.23       -0.04 -0.33  0.37  0.32  0.43     0.51   -0.21       0.26      -0.32     0.15        0.80 -0.16    0.51     1.00  0.21    0.03  0.10   -0.27     0.48  -0.39    0.29    -0.11  0.16 -0.24
JPY            0.10  0.11        0.22 -0.07  0.10  0.01  0.17     0.14   -0.05       0.32      -0.13    -0.04        0.12 -0.02    0.14     0.21  1.00   -0.06  0.15    0.01     0.20  -0.13    0.10     0.01  0.26 -0.11
KOSDAQ         0.05 -0.09        0.00  0.21  0.06  0.02  0.14    -0.01    0.16      -0.14       0.09    -0.12       -0.05 -0.01    0.04     0.03 -0.06    1.00  0.13    0.01    -0.05   0.14    0.15     0.15 -0.01 -0.02
KR10           0.42  0.52        0.13  0.08  0.17  0.19  0.31     0.15    0.05       0.47      -0.08     0.24        0.17 -0.14    0.10     0.10  0.15    0.13  1.00   -0.13     0.11   0.04    0.25    -0.20 -0.04 -0.03
KRWUSD        -0.18 -0.18       -0.02  0.10 -0.45 -0.45 -0.48    -0.57    0.00      -0.16       0.10    -0.16       -0.20  0.02   -0.45    -0.27  0.01    0.01 -0.13    1.00    -0.58   0.08   -0.47     0.24 -0.13  0.02
LIVECOW        0.34  0.44        0.07 -0.14  0.33  0.30  0.67     0.75    0.05       0.32      -0.11     0.13        0.37 -0.15    0.40     0.48  0.20   -0.05  0.11   -0.58     1.00  -0.23    0.33    -0.29  0.25 -0.11
MUMMY         -0.00 -0.05       -0.06  0.65 -0.08 -0.12 -0.04    -0.27    0.64      -0.20       0.71    -0.07       -0.33 -0.01   -0.29    -0.39 -0.13    0.14  0.04    0.08    -0.23   1.00   -0.14    -0.03  0.07  0.59
NIKKEI         0.28  0.38       -0.15 -0.09  0.35  0.64  0.37     0.45    0.00       0.14      -0.19     0.20        0.24 -0.08    0.53     0.29  0.10    0.15  0.25   -0.47     0.33  -0.14    1.00    -0.12 -0.01 -0.15
RUSSELL       -0.25 -0.20       -0.15  0.06 -0.26 -0.16 -0.19    -0.26    0.01      -0.45      -0.12    -0.23       -0.17  0.10   -0.17    -0.11  0.01    0.15 -0.20    0.24    -0.29  -0.03   -0.12     1.00 -0.36 -0.21
US20           0.04  0.03        0.05  0.02  0.42  0.04  0.12     0.23    0.13       0.17       0.25    -0.04        0.14  0.06    0.10     0.16  0.26   -0.01 -0.04   -0.13     0.25   0.07   -0.01    -0.36  1.00  0.38
VIX           -0.14 -0.06       -0.12  0.29  0.33 -0.12 -0.10    -0.25    0.34      -0.08       0.64    -0.12       -0.23  0.02   -0.22    -0.24 -0.11   -0.02 -0.03    0.02    -0.11   0.59   -0.15    -0.21  0.38  1.00


********************************************************************************
                               END OF RISK REPORT                               
********************************************************************************


