
********************************************************************************
                    Risk report produced on 27/12/2023 22:51                    
********************************************************************************


Total risk across all strategies, annualised percentage 9.0
Percentage of capital used for margin 56.7%

========================================
Risk per strategy, annualised percentage
========================================

                  risk
dynamic_TF_carry   9.1


===================
Risk by asset class
===================

Ags       1.8
Bond      1.4
Equity    6.0
FX        2.9
Metals    2.0
OilGas    5.0
Sector    0.8
Vol       1.6
dtype: float64


=====================================================
Beta loadings of asset class positions on asset class
=====================================================

FX       -0.09
Ags      -0.06
OilGas   -0.06
Vol      -0.03
Sector    0.04
Metals    0.08
Bond      0.19
Equity    0.58
dtype: float64


========================================================
Beta loadings of full portfolio positions on asset class
========================================================

Vol      -0.14
OilGas   -0.03
Ags      -0.02
Metals    0.11
Sector    0.19
FX        0.31
Bond      0.32
Equity    0.75
dtype: float64


=================================================================================================================================================================================================================================================================
                                                                                                                         Instrument risk                                                                                                                         
=================================================================================================================================================================================================================================================================

             daily_price_stdev  annual_price_stdev     price  daily_perc_stdev  annual_perc_stdev  point_size_base  contract_exposure  daily_risk_per_contract  annual_risk_per_contract  position  capital  exposure_held_perc_capital  annual_risk_perc_capital
GAS-PEN                  0.120               1.915      2.42              4.95               79.1           7855.9              19003                      940                     15041        -1   370156                        -5.1                      -4.1
JPY                      0.000               0.001      0.01              0.69               11.1        9819825.8              70157                      485                      7768        -1   370156                       -19.0                      -2.1
LEANHOG                  1.291              20.648     76.08              1.70               27.1            314.2              23905                      405                      6488        -1   370156                        -6.5                      -1.8
VIX                      0.468               7.483     15.40              3.04               48.6            785.6              12098                      367                      5878        -1   370156                        -3.3                      -1.6
GAS_US_mini              0.117               1.871      2.44              4.78               76.5           1964.0               4801                      229                      3674        -1   370156                        -1.3                      -1.0
EUR_micro                0.005               0.087      1.11              0.49                7.8           9819.8              10938                       53                       856        -2   370156                        -5.9                      -0.5
EU-OIL                   4.092              65.472    358.50              1.14               18.3             43.4              15551                      177                      2840         1   370156                         4.2                       0.8
CNH                      0.020               0.315      7.14              0.28                4.4          10987.1              78394                      216                      3462         1   370156                        21.2                       0.9
BITCOIN               1131.302           18100.824  43890.00              2.58               41.2              0.1               3447                       88                      1421         3   370156                         2.8                       1.2
MXP                      0.000               0.006      0.06              0.63               10.0         392793.0              22911                      143                      2299         2   370156                        12.4                       1.2
IRON                     2.092              33.467    139.05              1.50               24.1             78.6              10923                      164                      2629         2   370156                         5.9                       1.4
NIKKEI                 300.532            4808.512  33625.00              0.89               14.3              0.6              18515                      165                      2647         2   370156                        10.0                       1.4
KR10                     0.549               8.778    114.73              0.48                7.7            607.0              69636                      332                      5327         1   370156                        18.8                       1.4
FTSETAIWAN              10.857             173.715   1551.50              0.70               11.2             31.4              48753                      341                      5458         1   370156                        13.2                       1.5
CAC                     49.666             794.652   7582.50              0.66               10.5              8.7              65784                      430                      6894         1   370156                        17.8                       1.9
R1000                   13.833             221.322   1645.50              0.84               13.5             39.3              64634                      543                      8693         1   370156                        17.5                       2.3

Sum of abs(notional exposure % capital) 164.9
Sum of abs(annualised risk % capital) 25.1
Net sum of annualised risk % capital 2.9 

===========================================================================================================================================
                                                               Correlations                                                                
===========================================================================================================================================

              CNH   VIX  GAS-PEN  GAS_US_mini   CAC  EU-OIL  FTSETAIWAN  IRON  LEANHOG   MXP  NIKKEI  R1000  EUR_micro   JPY  KR10  BITCOIN
CNH          1.00  0.23     0.10         0.13 -0.31   -0.13       -0.41 -0.32    -0.10 -0.38   -0.16  -0.36      -0.55 -0.57 -0.28     0.04
VIX          0.23  1.00    -0.17        -0.15 -0.64   -0.17       -0.55 -0.21    -0.29 -0.49   -0.57  -0.69      -0.26 -0.06 -0.28    -0.17
GAS-PEN      0.10 -0.17     1.00         0.90  0.03    0.16        0.06  0.03     0.09  0.05    0.22   0.13      -0.02 -0.32 -0.02    -0.06
GAS_US_mini  0.13 -0.15     0.90         1.00  0.02    0.16        0.08  0.04     0.07  0.04    0.21   0.12      -0.07 -0.31  0.00    -0.02
CAC         -0.31 -0.64     0.03         0.02  1.00    0.39        0.53  0.20     0.29  0.52    0.60   0.71       0.42  0.14  0.37     0.08
EU-OIL      -0.13 -0.17     0.16         0.16  0.39    1.00        0.16  0.16     0.08  0.36    0.40   0.40       0.04 -0.03 -0.05    -0.22
FTSETAIWAN  -0.41 -0.55     0.06         0.08  0.53    0.16        1.00  0.29     0.20  0.36    0.59   0.61       0.42  0.25  0.26     0.09
IRON        -0.32 -0.21     0.03         0.04  0.20    0.16        0.29  1.00     0.21  0.25    0.25   0.19       0.14  0.17  0.04     0.16
LEANHOG     -0.10 -0.29     0.09         0.07  0.29    0.08        0.20  0.21     1.00  0.09    0.20   0.34       0.21  0.11  0.11    -0.13
MXP         -0.38 -0.49     0.05         0.04  0.52    0.36        0.36  0.25     0.09  1.00    0.48   0.51       0.41  0.18 -0.01    -0.04
NIKKEI      -0.16 -0.57     0.22         0.21  0.60    0.40        0.59  0.25     0.20  0.48    1.00   0.64       0.29 -0.19  0.20    -0.06
R1000       -0.36 -0.69     0.13         0.12  0.71    0.40        0.61  0.19     0.34  0.51    0.64   1.00       0.51  0.26  0.33     0.04
EUR_micro   -0.55 -0.26    -0.02        -0.07  0.42    0.04        0.42  0.14     0.21  0.41    0.29   0.51       1.00  0.44  0.29     0.04
JPY         -0.57 -0.06    -0.32        -0.31  0.14   -0.03        0.25  0.17     0.11  0.18   -0.19   0.26       0.44  1.00  0.33    -0.03
KR10        -0.28 -0.28    -0.02         0.00  0.37   -0.05        0.26  0.04     0.11 -0.01    0.20   0.33       0.29  0.33  1.00     0.11
BITCOIN      0.04 -0.17    -0.06        -0.02  0.08   -0.22        0.09  0.16    -0.13 -0.04   -0.06   0.04       0.04 -0.03  0.11     1.00


********************************************************************************
                                 END OF REPORT                                  
********************************************************************************


