
********************************************************************************
                    Risk report produced on 14/05/2024 22:53                    
********************************************************************************


Total risk across all strategies, annualised percentage 13.6
Percentage of capital used for margin 66.4%

========================================
Risk per strategy, annualised percentage
========================================

                  risk
dynamic_TF_carry  13.6


===================
Risk by asset class
===================

Ags       2.2
Bond      5.3
Equity    5.4
FX        6.5
Metals    3.9
OilGas    2.9
Sector    0.3
Vol       1.5
dtype: float64


=====================================================
Beta loadings of asset class positions on asset class
=====================================================

Bond     -0.80
Metals   -0.17
FX       -0.05
OilGas   -0.05
Vol      -0.04
Sector    0.02
Ags       0.03
Equity    0.40
dtype: float64


========================================================
Beta loadings of full portfolio positions on asset class
========================================================

Bond     -1.13
FX       -0.36
Metals   -0.20
Vol      -0.09
OilGas   -0.03
Ags       0.02
Sector    0.26
Equity    0.47
dtype: float64


===================================================================================================================================================================================================================================================================
                                                                                                                          Instrument risk                                                                                                                          
===================================================================================================================================================================================================================================================================

               daily_price_stdev  annual_price_stdev     price  daily_perc_stdev  annual_perc_stdev  point_size_base  contract_exposure  daily_risk_per_contract  annual_risk_per_contract  position  capital  exposure_held_perc_capital  annual_risk_perc_capital
BUXL                       1.345              21.527    129.26              1.04               16.7            859.5             111092                     1156                     18501        -1   672782                       -16.5                      -2.7
CHF                        0.005               0.075      1.11              0.42                6.7          99594.8             110291                      465                      7444        -2   672782                       -32.8                      -2.2
JPY                        0.000               0.001      0.01              0.72               11.5        9959484.8              64009                      461                      7390        -2   672782                       -19.0                      -2.2
GAS-PEN                    0.102               1.639      2.39              4.29               68.6           7967.6              19026                      816                     13059        -1   672782                        -2.8                      -1.9
ALUMINIUM                 35.859             573.744   2538.00              1.41               22.6             19.9              50554                      714                     11428        -1   672782                        -7.5                      -1.7
GOLD_micro                21.741             347.856   2361.50              0.92               14.7              8.0              18815                      173                      2771        -4   672782                       -11.2                      -1.6
VIX                        0.402               6.432     14.95              2.69               43.0            796.8              11911                      320                      5124        -2   672782                        -3.5                      -1.5
PLAT                      15.757             252.105   1047.20              1.50               24.1             39.8              41718                      627                     10043        -1   672782                        -6.2                      -1.5
COTTON2                    1.527              24.439     74.63              2.05               32.7            398.4              29731                      608                      9735        -1   672782                        -4.4                      -1.4
BITCOIN                 1852.384           29638.136  61745.00              3.00               48.0              0.1               4919                      147                      2361        -4   672782                        -2.9                      -1.4
BUND                       0.594               9.503    130.53              0.46                7.3            859.5             112184                      510                      8167        -1   672782                       -16.7                      -1.2
GAS_US_mini                0.095               1.512      2.56              3.68               58.9           1991.9               5109                      188                      3011        -2   672782                        -1.5                      -0.9
KOSDAQ                    20.411             326.577   1408.50              1.45               23.2              5.9               8301                      120                      1924        -3   672782                        -3.7                      -0.9
US3                        0.201               3.224    103.51              0.19                3.1           1593.5             164941                      321                      5137        -1   672782                       -24.5                      -0.8
CAD10                      0.538               8.616    118.02              0.46                7.3            582.5              68741                      313                      5018        -1   672782                       -10.2                      -0.7
CORN                       5.496              87.928    491.25              1.12               17.9             39.8              19570                      218                      3502        -1   672782                        -2.9                      -0.5
US2                        0.122               1.956    101.71              0.12                1.9           1593.5             162084                      194                      3116        -1   672782                       -24.1                      -0.5
DAX                      136.853            2189.643  18838.00              0.73               11.6              0.9              16190                      117                      1881         1   672782                         2.4                       0.3
EU-BANKS                   1.474              23.590    146.15              1.01               16.1             43.0               6280                       63                      1013         2   672782                         1.9                       0.3
NIKKEI                   408.827            6541.227  38185.00              1.07               17.1              0.5              19450                      208                      3332         1   672782                         2.9                       0.5
TOPIX                     24.942             399.073   2721.00              0.92               14.7              5.1              13860                      127                      2032         2   672782                         4.1                       0.6
CRUDE_W_micro              1.140              18.233     77.67              1.47               23.5             79.7               6188                       90                      1452         3   672782                         2.8                       0.6
DX                         0.374               5.977    104.89              0.36                5.7            796.8              83572                      297                      4762         1   672782                        12.4                       0.7
SOYMEAL                    5.434              86.946    371.30              1.46               23.4             79.7              29583                      432                      6927         1   672782                         4.4                       1.0
WHEAT                     11.922             190.753    719.50              1.66               26.5             39.8              28663                      474                      7599         1   672782                         4.3                       1.1
IRON                       2.254              36.071    115.05              1.96               31.4             79.7               9166                      179                      2873         3   672782                         4.1                       1.3
FTSETAIWAN                18.276             292.418   1779.50              1.03               16.4             31.9              56713                      582                      9319         1   672782                         8.4                       1.4
MXP                        0.000               0.005      0.06              0.56                9.0         398379.4              23520                      132                      2122         5   672782                        17.5                       1.6
SPI200                    56.094             897.504   7757.00              0.72               11.6             13.1             101967                      737                     11797         1   672782                        15.2                       1.8
MIB                      262.515            4200.237  34845.00              0.75               12.1              4.3             149737                     1128                     18049         1   672782                        22.3                       2.7
YENEUR                     1.064              17.029    168.63              0.63               10.1            636.7             107372                      677                     10843         2   672782                        31.9                       3.2

Sum of abs(notional exposure % capital) 325.0
Sum of abs(annualised risk % capital) 40.7
Net sum of annualised risk % capital -6.5 

===================================================================================================================================================================================================================================================================
                                                                                                                           Correlations                                                                                                                            
===================================================================================================================================================================================================================================================================

                 DX  YENEUR   VIX  BUND  BUXL  CAD10   CHF   JPY   US2   US3   DAX  EU-BANKS  FTSETAIWAN  KOSDAQ   MIB   MXP  NIKKEI  SPI200  TOPIX  ALUMINIUM  BITCOIN  CORN  COTTON2  CRUDE_W_micro  GAS-PEN  GAS_US_mini  GOLD_micro  IRON  PLAT  SOYMEAL  WHEAT
DX             1.00    0.10  0.18 -0.32 -0.25  -0.35 -0.80 -0.65 -0.55 -0.60 -0.33     -0.14       -0.38   -0.17 -0.23 -0.42   -0.03   -0.39   0.00      -0.27    -0.07 -0.14    -0.01           0.02    -0.00         0.00       -0.37 -0.01 -0.40    -0.15  -0.01
YENEUR         0.10    1.00 -0.23 -0.31 -0.27  -0.45 -0.16 -0.79 -0.33 -0.34  0.19      0.33       -0.02   -0.08  0.23 -0.01    0.22   -0.01   0.18      -0.11    -0.08  0.02    -0.03           0.19     0.04         0.10       -0.15 -0.11 -0.21    -0.11   0.18
VIX            0.18   -0.23  1.00 -0.03 -0.05  -0.05  0.00  0.06 -0.01 -0.08 -0.57     -0.39       -0.55   -0.34 -0.53 -0.35   -0.51   -0.54  -0.52      -0.01    -0.06 -0.03    -0.21          -0.07    -0.14        -0.16        0.26 -0.09  0.03     0.01  -0.22
BUND          -0.32   -0.31 -0.03  1.00  0.94   0.73  0.25  0.38  0.62  0.68  0.26     -0.05        0.21    0.24  0.12  0.14    0.11    0.42   0.14       0.01     0.10  0.03    -0.16          -0.20     0.01        -0.01        0.33  0.11  0.16     0.16   0.01
BUXL          -0.25   -0.27 -0.05  0.94  1.00   0.68  0.18  0.32  0.46  0.54  0.24     -0.03        0.21    0.25  0.16  0.14    0.16    0.39   0.18      -0.03     0.10  0.01    -0.15          -0.17    -0.00        -0.01        0.28  0.11  0.15     0.20  -0.03
CAD10         -0.35   -0.45 -0.05  0.73  0.68   1.00  0.31  0.54  0.64  0.69  0.10     -0.16        0.14    0.16 -0.04  0.02    0.03    0.29   0.05      -0.01     0.10  0.08    -0.21          -0.29     0.12         0.07        0.23 -0.00  0.01     0.21   0.01
CHF           -0.80   -0.16  0.00  0.25  0.18   0.31  1.00  0.57  0.47  0.51  0.22      0.12        0.20    0.15  0.14  0.25   -0.08    0.28  -0.11       0.23    -0.12  0.06    -0.06          -0.05     0.02         0.03        0.38  0.05  0.37     0.19   0.00
JPY           -0.65   -0.79  0.06  0.38  0.32   0.54  0.57  1.00  0.54  0.58  0.05     -0.14        0.21    0.10 -0.05  0.25   -0.20    0.21  -0.18       0.26     0.10  0.06     0.01          -0.17    -0.05        -0.11        0.32  0.05  0.39     0.20  -0.13
US2           -0.55   -0.33 -0.01  0.62  0.46   0.64  0.47  0.54  1.00  0.98  0.07     -0.26        0.16    0.13 -0.13  0.06    0.07    0.28   0.03       0.10     0.06  0.04    -0.11          -0.21     0.19         0.13        0.39  0.05  0.12     0.03   0.02
US3           -0.60   -0.34 -0.08  0.68  0.54   0.69  0.51  0.58  0.98  1.00  0.15     -0.19        0.21    0.16 -0.04  0.14    0.11    0.39   0.08       0.13     0.03  0.05    -0.10          -0.18     0.19         0.13        0.38  0.04  0.15     0.09   0.01
DAX           -0.33    0.19 -0.57  0.26  0.24   0.10  0.22  0.05  0.07  0.15  1.00      0.69        0.53    0.36  0.87  0.45    0.43    0.75   0.45       0.14     0.07  0.12     0.25           0.14     0.00         0.01        0.10  0.07  0.24     0.01   0.19
EU-BANKS      -0.14    0.33 -0.39 -0.05 -0.03  -0.16  0.12 -0.14 -0.26 -0.19  0.69      1.00        0.26    0.23  0.80  0.40    0.14    0.46   0.23       0.16    -0.10  0.05     0.16           0.30    -0.09        -0.07        0.00  0.01  0.17     0.04   0.18
FTSETAIWAN    -0.38   -0.02 -0.55  0.21  0.21   0.14  0.20  0.21  0.16  0.21  0.53      0.26        1.00    0.49  0.39  0.41    0.50    0.60   0.45       0.09     0.11  0.22     0.29           0.07     0.04         0.05       -0.02  0.06  0.18     0.02   0.20
KOSDAQ        -0.17   -0.08 -0.34  0.24  0.25   0.16  0.15  0.10  0.13  0.16  0.36      0.23        0.49    1.00  0.35  0.10    0.39    0.42   0.32      -0.01     0.11  0.14     0.25           0.06     0.00         0.01       -0.06  0.11  0.02     0.07   0.06
MIB           -0.23    0.23 -0.53  0.12  0.16  -0.04  0.14 -0.05 -0.13 -0.04  0.87      0.80        0.39    0.35  1.00  0.48    0.38    0.63   0.41       0.11    -0.07  0.02     0.31           0.23    -0.13        -0.12        0.09  0.00  0.15    -0.00   0.10
MXP           -0.42   -0.01 -0.35  0.14  0.14   0.02  0.25  0.25  0.06  0.14  0.45      0.40        0.41    0.10  0.48  1.00    0.33    0.47   0.38       0.16     0.07  0.14     0.08           0.27     0.10         0.09        0.17 -0.00  0.44     0.20   0.08
NIKKEI        -0.03    0.22 -0.51  0.11  0.16   0.03 -0.08 -0.20  0.07  0.11  0.43      0.14        0.50    0.39  0.38  0.33    1.00    0.56   0.93      -0.14    -0.02 -0.03     0.27           0.19     0.18         0.19       -0.16  0.10  0.04     0.02  -0.06
SPI200        -0.39   -0.01 -0.54  0.42  0.39   0.29  0.28  0.21  0.28  0.39  0.75      0.46        0.60    0.42  0.63  0.47    0.56    1.00   0.56       0.23     0.01  0.11     0.23           0.18     0.08         0.06        0.11  0.18  0.24     0.13   0.03
TOPIX          0.00    0.18 -0.52  0.14  0.18   0.05 -0.11 -0.18  0.03  0.08  0.45      0.23        0.45    0.32  0.41  0.38    0.93    0.56   1.00      -0.14    -0.01  0.01     0.27           0.20     0.25         0.26       -0.17  0.17  0.08     0.09  -0.01
ALUMINIUM     -0.27   -0.11 -0.01  0.01 -0.03  -0.01  0.23  0.26  0.10  0.13  0.14      0.16        0.09   -0.01  0.11  0.16   -0.14    0.23  -0.14       1.00     0.05  0.06     0.07           0.32    -0.01         0.00        0.23  0.28  0.27     0.08  -0.05
BITCOIN       -0.07   -0.08 -0.06  0.10  0.10   0.10 -0.12  0.10  0.06  0.03  0.07     -0.10        0.11    0.11 -0.07  0.07   -0.02    0.01  -0.01       0.05     1.00  0.09     0.19          -0.03    -0.08        -0.04        0.12 -0.02 -0.05    -0.05   0.02
CORN          -0.14    0.02 -0.03  0.03  0.01   0.08  0.06  0.06  0.04  0.05  0.12      0.05        0.22    0.14  0.02  0.14   -0.03    0.11   0.01       0.06     0.09  1.00    -0.10           0.04     0.14         0.10        0.09  0.05  0.12     0.40   0.69
COTTON2       -0.01   -0.03 -0.21 -0.16 -0.15  -0.21 -0.06  0.01 -0.11 -0.10  0.25      0.16        0.29    0.25  0.31  0.08    0.27    0.23   0.27       0.07     0.19 -0.10     1.00           0.24     0.03         0.02       -0.05  0.07  0.04    -0.22  -0.14
CRUDE_W_micro  0.02    0.19 -0.07 -0.20 -0.17  -0.29 -0.05 -0.17 -0.21 -0.18  0.14      0.30        0.07    0.06  0.23  0.27    0.19    0.18   0.20       0.32    -0.03  0.04     0.24           1.00     0.01        -0.01        0.19 -0.08  0.15    -0.10   0.07
GAS-PEN       -0.00    0.04 -0.14  0.01 -0.00   0.12  0.02 -0.05  0.19  0.19  0.00     -0.09        0.04    0.00 -0.13  0.10    0.18    0.08   0.25      -0.01    -0.08  0.14     0.03           0.01     1.00         0.91        0.04  0.02 -0.00     0.16   0.12
GAS_US_mini    0.00    0.10 -0.16 -0.01 -0.01   0.07  0.03 -0.11  0.13  0.13  0.01     -0.07        0.05    0.01 -0.12  0.09    0.19    0.06   0.26       0.00    -0.04  0.10     0.02          -0.01     0.91         1.00        0.00  0.05 -0.00     0.11   0.11
GOLD_micro    -0.37   -0.15  0.26  0.33  0.28   0.23  0.38  0.32  0.39  0.38  0.10      0.00       -0.02   -0.06  0.09  0.17   -0.16    0.11  -0.17       0.23     0.12  0.09    -0.05           0.19     0.04         0.00        1.00  0.01  0.36     0.08   0.05
IRON          -0.01   -0.11 -0.09  0.11  0.11  -0.00  0.05  0.05  0.05  0.04  0.07      0.01        0.06    0.11  0.00 -0.00    0.10    0.18   0.17       0.28    -0.02  0.05     0.07          -0.08     0.02         0.05        0.01  1.00  0.12     0.30   0.05
PLAT          -0.40   -0.21  0.03  0.16  0.15   0.01  0.37  0.39  0.12  0.15  0.24      0.17        0.18    0.02  0.15  0.44    0.04    0.24   0.08       0.27    -0.05  0.12     0.04           0.15    -0.00        -0.00        0.36  0.12  1.00     0.22  -0.06
SOYMEAL       -0.15   -0.11  0.01  0.16  0.20   0.21  0.19  0.20  0.03  0.09  0.01      0.04        0.02    0.07 -0.00  0.20    0.02    0.13   0.09       0.08    -0.05  0.40    -0.22          -0.10     0.16         0.11        0.08  0.30  0.22     1.00   0.21
WHEAT         -0.01    0.18 -0.22  0.01 -0.03   0.01  0.00 -0.13  0.02  0.01  0.19      0.18        0.20    0.06  0.10  0.08   -0.06    0.03  -0.01      -0.05     0.02  0.69    -0.14           0.07     0.12         0.11        0.05  0.05 -0.06     0.21   1.00


********************************************************************************
                                 END OF REPORT                                  
********************************************************************************


