
********************************************************************************
                    Risk report produced on 13/02/2026 22:54                    
********************************************************************************


Total risk across all strategies, annualised percentage 15.1
Percentage of capital used for margin 40.5%

========================================
Risk per strategy, annualised percentage
========================================

                  risk
dynamic_TF_carry  15.1


===================
Risk by asset class
===================

Ags        2.1
Bond       1.9
Equity    12.0
FX         2.4
Metals     3.2
OilGas     2.1
Sector     1.3
dtype: float64


=====================================================
Beta loadings of asset class positions on asset class
=====================================================

Ags      -0.04
Metals   -0.04
Sector    0.05
OilGas    0.07
FX        0.32
Bond      0.36
Equity    0.85
dtype: float64


========================================================
Beta loadings of full portfolio positions on asset class
========================================================

Bond     -0.30
Metals    0.07
OilGas    0.12
Ags       0.21
Sector    0.40
Equity    0.98
FX        1.02
dtype: float64


=================================================================================================================================================================================================================================================================
                                                                                                                         Instrument risk                                                                                                                         
=================================================================================================================================================================================================================================================================

             daily_price_stdev  annual_price_stdev     price  daily_perc_stdev  annual_perc_stdev  point_size_base  contract_exposure  daily_risk_per_contract  annual_risk_per_contract  position  capital  exposure_held_perc_capital  annual_risk_perc_capital
BITCOIN               3123.863           49981.809  69020.00              4.53               72.4              0.1               5074                      229                      3674        -6   688775                        -4.4                      -3.2
KR10                     0.419               6.707    111.57              0.38                6.0            509.0              56794                      213                      3414        -4   688775                       -33.0                      -2.0
HANGTECH                87.153            1394.443   5332.00              1.63               26.2              4.7              25078                      409                      6558        -1   688775                        -3.6                      -1.0
SP500_micro             54.248             867.966   6860.75              0.79               12.7              3.7              25220                      199                      3190        -2   688775                        -7.3                      -0.9
JPY                      0.000               0.001      0.01              0.63               10.1        9190264.2              60292                      379                      6079        -1   688775                        -8.8                      -0.9
REDWHEAT                 7.661             122.575    567.50              1.35               21.6             36.8              20861                      281                      4505        -1   688775                        -3.0                      -0.7
WHEAT                    6.483             103.734    586.50              1.11               17.7             36.8              21560                      238                      3813        -1   688775                        -3.1                      -0.6
KRWUSD_mini              0.004               0.068      0.69              0.61                9.7          18380.5              12741                       77                      1241        -3   688775                        -5.5                      -0.5
RICE                     0.146               2.338     11.02              1.33               21.2           1470.4              16204                      214                      3438        -1   688775                        -2.4                      -0.5
MUMMY                   10.895             174.326    710.00              1.53               24.6              4.8               3402                       52                       835         1   688775                         0.5                       0.1
CANOLA                   6.292             100.668    675.40              0.93               14.9             10.8               7286                       67                      1086         1   688775                         1.1                       0.2
NZD                      0.003               0.056      0.60              0.58                9.2          73522.1              44451                      256                      4110         1   688775                         6.5                       0.6
FTSECHINAA             121.430            1942.872  14751.00              0.82               13.2              0.7              10845                       89                      1428         3   688775                         4.7                       0.6
GBP                      0.006               0.101      1.36              0.46                7.4          45951.3              62695                      290                      4643         1   688775                         9.1                       0.7
BRE                      0.001               0.018      0.19              0.59                9.4          73522.1              14028                       82                      1313         4   688775                         8.1                       0.8
MXP                      0.000               0.006      0.06              0.59                9.5         367610.6              21365                      127                      2032         3   688775                         9.3                       0.9
CAD                      0.003               0.044      0.74              0.38                6.1          73522.1              54046                      204                      3270         2   688775                        15.7                       0.9
TOPIX                   46.778             748.454   3849.75              1.22               19.4              4.8              18451                      224                      3587         2   688775                         5.4                       1.0
BUND                     0.284               4.541    129.22              0.22                3.5            871.6             112630                      247                      3957         2   688775                        32.7                       1.1
CAD10                    0.318               5.086    122.60              0.26                4.1            539.4              66130                      171                      2743         3   688775                        28.8                       1.2
EU-BASIC                12.529             200.463    785.10              1.60               25.5             43.6              34215                      546                      8736         1   688775                         5.0                       1.3
LIVECOW                  1.973              31.567    235.92              0.84               13.4            294.1              69382                      580                      9283         1   688775                        10.1                       1.3
RUSSELL                 32.642             522.271   2657.70              1.23               19.7              3.7               9769                      119                      1919         5   688775                         7.1                       1.4
BRENT-LAST               1.215              19.445     66.42              1.83               29.3            735.2              48833                      893                     14296         1   688775                         7.1                       2.1
AEX                      8.942             143.066    995.00              0.90               14.4            174.3             173451                     1558                     24939         1   688775                        25.2                       3.6
MIB                    419.769            6716.309  45500.00              0.92               14.8              4.4             198292                     1829                     29270         1   688775                        28.8                       4.2
MSCIEAFA                27.680             442.880   3132.80              0.88               14.1             36.8             115165                     1017                     16280         2   688775                        33.4                       4.7

Sum of abs(notional exposure % capital) 309.7
Sum of abs(annualised risk % capital) 37.0
Net sum of annualised risk % capital 16.4 

======================================================================================================================================================================================================================================
                                                                                                             Correlations                                                                                                             
======================================================================================================================================================================================================================================

             BUND  CAD10  KR10   CAD   GBP   JPY  KRWUSD_mini   NZD  BRENT-LAST  CANOLA  REDWHEAT  RICE  WHEAT   AEX  EU-BASIC   MIB  MSCIEAFA  MUMMY  TOPIX  BITCOIN   BRE  FTSECHINAA  HANGTECH  LIVECOW   MXP  RUSSELL  SP500_micro
BUND         1.00   0.56  0.51  0.16  0.14  0.40         0.15  0.20       -0.17    0.12      0.09  0.10   0.04  0.02     -0.03 -0.11      0.20   0.04  -0.04    -0.07  0.05       -0.07      0.12    -0.03  0.00     0.13         0.04
CAD10        0.56   1.00  0.49 -0.00  0.31  0.37         0.21  0.29       -0.13   -0.07     -0.05  0.03  -0.09  0.26      0.16  0.23      0.36   0.07   0.20     0.02  0.22        0.03      0.07    -0.06 -0.07     0.12         0.14
KR10         0.51   0.49  1.00  0.18  0.33  0.42         0.34  0.21       -0.18   -0.06     -0.16 -0.09  -0.19  0.05     -0.05 -0.03      0.13  -0.05  -0.11     0.14  0.01        0.01      0.27     0.15  0.08    -0.02         0.04
CAD          0.16  -0.00  0.18  1.00  0.59  0.54         0.54  0.75       -0.03   -0.03      0.26  0.18   0.29 -0.04      0.14 -0.04      0.37  -0.04  -0.06     0.11  0.27        0.07      0.41     0.09  0.45     0.10         0.20
GBP          0.14   0.31  0.33  0.59  1.00  0.58         0.62  0.79       -0.19   -0.10      0.04  0.21   0.03  0.25      0.30  0.27      0.55   0.11   0.10     0.23  0.29        0.16      0.40     0.18  0.39     0.16         0.16
JPY          0.40   0.37  0.42  0.54  0.58  1.00         0.59  0.59       -0.25   -0.14      0.18  0.14   0.18  0.01      0.03 -0.04      0.29  -0.20  -0.27     0.01  0.18       -0.09      0.30    -0.04  0.16    -0.01        -0.06
KRWUSD_mini  0.15   0.21  0.34  0.54  0.62  0.59         1.00  0.70        0.02    0.05      0.36  0.19   0.35  0.25      0.23  0.11      0.36  -0.01  -0.00     0.22  0.29        0.15      0.38    -0.02  0.28     0.10         0.21
NZD          0.20   0.29  0.21  0.75  0.79  0.59         0.70  1.00        0.02    0.05      0.29  0.27   0.27  0.27      0.40  0.22      0.55   0.07   0.13     0.18  0.43        0.18      0.41     0.03  0.43     0.24         0.25
BRENT-LAST  -0.17  -0.13 -0.18 -0.03 -0.19 -0.25         0.02  0.02        1.00    0.27      0.33  0.09   0.36  0.39      0.38  0.30      0.09   0.20   0.33     0.11  0.26        0.06      0.01     0.17  0.08     0.14         0.19
CANOLA       0.12  -0.07 -0.06 -0.03 -0.10 -0.14         0.05  0.05        0.27    1.00      0.30  0.02   0.31  0.04      0.07 -0.02      0.01   0.09   0.12     0.01  0.26        0.04      0.08    -0.16  0.02     0.05         0.09
REDWHEAT     0.09  -0.05 -0.16  0.26  0.04  0.18         0.36  0.29        0.33    0.30      1.00  0.29   0.93  0.07      0.13  0.02      0.10  -0.09  -0.02    -0.00  0.27        0.16      0.17    -0.22  0.09     0.05         0.13
RICE         0.10   0.03 -0.09  0.18  0.21  0.14         0.19  0.27        0.09    0.02      0.29  1.00   0.16  0.04      0.08  0.00      0.14   0.15   0.05     0.09  0.05        0.02      0.10     0.08  0.06     0.19         0.15
WHEAT        0.04  -0.09 -0.19  0.29  0.03  0.18         0.35  0.27        0.36    0.31      0.93  0.16   1.00  0.08      0.11  0.01      0.09  -0.12  -0.03     0.01  0.30        0.12      0.15    -0.28  0.09     0.01         0.07
AEX          0.02   0.26  0.05 -0.04  0.25  0.01         0.25  0.27        0.39    0.04      0.07  0.04   0.08  1.00      0.74  0.78      0.62   0.50   0.61     0.32  0.32        0.37      0.30     0.20  0.13     0.36         0.42
EU-BASIC    -0.03   0.16 -0.05  0.14  0.30  0.03         0.23  0.40        0.38    0.07      0.13  0.08   0.11  0.74      1.00  0.66      0.68   0.30   0.60     0.24  0.43        0.40      0.33     0.28  0.31     0.45         0.41
MIB         -0.11   0.23 -0.03 -0.04  0.27 -0.04         0.11  0.22        0.30   -0.02      0.02  0.00   0.01  0.78      0.66  1.00      0.59   0.46   0.59     0.19  0.24        0.38      0.14     0.29  0.11     0.20         0.30
MSCIEAFA     0.20   0.36  0.13  0.37  0.55  0.29         0.36  0.55        0.09    0.01      0.10  0.14   0.09  0.62      0.68  0.59      1.00   0.42   0.62     0.29  0.42        0.26      0.39     0.22  0.38     0.53         0.59
MUMMY        0.04   0.07 -0.05 -0.04  0.11 -0.20        -0.01  0.07        0.20    0.09     -0.09  0.15  -0.12  0.50      0.30  0.46      0.42   1.00   0.72     0.12  0.13        0.21      0.07     0.26  0.18     0.32         0.21
TOPIX       -0.04   0.20 -0.11 -0.06  0.10 -0.27        -0.00  0.13        0.33    0.12     -0.02  0.05  -0.03  0.61      0.60  0.59      0.62   0.72   1.00     0.09  0.23        0.25      0.05     0.16  0.18     0.43         0.36
BITCOIN     -0.07   0.02  0.14  0.11  0.23  0.01         0.22  0.18        0.11    0.01     -0.00  0.09   0.01  0.32      0.24  0.19      0.29   0.12   0.09     1.00  0.18        0.14      0.48     0.13  0.11     0.40         0.50
BRE          0.05   0.22  0.01  0.27  0.29  0.18         0.29  0.43        0.26    0.26      0.27  0.05   0.30  0.32      0.43  0.24      0.42   0.13   0.23     0.18  1.00        0.20      0.41    -0.01  0.46     0.30         0.40
FTSECHINAA  -0.07   0.03  0.01  0.07  0.16 -0.09         0.15  0.18        0.06    0.04      0.16  0.02   0.12  0.37      0.40  0.38      0.26   0.21   0.25     0.14  0.20        1.00      0.46     0.19  0.14     0.15         0.25
HANGTECH     0.12   0.07  0.27  0.41  0.40  0.30         0.38  0.41        0.01    0.08      0.17  0.10   0.15  0.30      0.33  0.14      0.39   0.07   0.05     0.48  0.41        0.46      1.00     0.08  0.43     0.28         0.41
LIVECOW     -0.03  -0.06  0.15  0.09  0.18 -0.04        -0.02  0.03        0.17   -0.16     -0.22  0.08  -0.28  0.20      0.28  0.29      0.22   0.26   0.16     0.13 -0.01        0.19      0.08     1.00  0.15     0.13         0.05
MXP          0.00  -0.07  0.08  0.45  0.39  0.16         0.28  0.43        0.08    0.02      0.09  0.06   0.09  0.13      0.31  0.11      0.38   0.18   0.18     0.11  0.46        0.14      0.43     0.15  1.00     0.25         0.24
RUSSELL      0.13   0.12 -0.02  0.10  0.16 -0.01         0.10  0.24        0.14    0.05      0.05  0.19   0.01  0.36      0.45  0.20      0.53   0.32   0.43     0.40  0.30        0.15      0.28     0.13  0.25     1.00         0.74
SP500_micro  0.04   0.14  0.04  0.20  0.16 -0.06         0.21  0.25        0.19    0.09      0.13  0.15   0.07  0.42      0.41  0.30      0.59   0.21   0.36     0.50  0.40        0.25      0.41     0.05  0.24     0.74         1.00


********************************************************************************
                                 END OF REPORT                                  
********************************************************************************


