
********************************************************************************
                    Risk report produced on 28/06/2023 22:52                    
********************************************************************************


Total risk across all strategies, annualised percentage 11.0
Percentage of capital used for margin 64.6%

========================================
Risk per strategy, annualised percentage
========================================

                  risk
dynamic_TF_carry  11.0


===================
Risk by asset class
===================

Ags       3.3
Bond      1.6
Equity    2.9
FX        5.2
Metals    0.6
OilGas    1.2
Sector    2.6
Vol       2.4
dtype: float64


=====================================================
Beta loadings of asset class positions on asset class
=====================================================

Bond     -0.47
FX       -0.26
Vol      -0.05
OilGas   -0.01
Metals    0.02
Ags       0.05
Equity    0.16
Sector    0.16
dtype: float64


========================================================
Beta loadings of full portfolio positions on asset class
========================================================

Bond     -1.39
Vol      -0.18
Metals   -0.00
OilGas    0.01
FX        0.09
Ags       0.20
Sector    0.27
Equity    0.34
dtype: float64


==================================================================================================================================================================================================================================================================
                                                                                                                         Instrument risk                                                                                                                          
==================================================================================================================================================================================================================================================================

              daily_price_stdev  annual_price_stdev     price  daily_perc_stdev  annual_perc_stdev  point_size_base  contract_exposure  daily_risk_per_contract  annual_risk_per_contract  position  capital  exposure_held_perc_capital  annual_risk_perc_capital
CHF                       0.005               0.082      1.12              0.46                7.3          98193.2             110447                      505                      8094        -1   353029                       -31.3                      -2.3
LEANHOG                   1.582              25.318     94.45              1.68               26.8            314.2              29677                      497                      7955        -1   353029                        -8.4                      -2.3
JPY                       0.000               0.001      0.01              0.56                9.0        9819324.4              68897                      387                      6203        -1   353029                       -19.5                      -1.8
VIX                       0.478               7.653     16.50              2.90               46.4            785.5              12961                      375                      6011        -1   353029                        -3.7                      -1.7
US3                       0.220               3.522    104.55              0.21                3.4           1571.1             164252                      345                      5533        -1   353029                       -46.5                      -1.6
GAS_US_mini               0.133               2.135      2.66              5.01               80.1           1963.9               5233                      261                      4191        -1   353029                        -1.5                      -1.2
DOW                     258.680            4138.883  34025.00              0.76               12.2              0.4              13364                      101                      1625        -2   353029                        -7.6                      -0.9
V2X                       0.548               8.768     15.80              3.47               55.5             86.0               1359                       47                       754        -4   353029                        -1.5                      -0.9
DAX                     133.461            2135.369  16077.00              0.83               13.3              0.9              13834                      114                      1837        -1   353029                        -3.9                      -0.5
RUSSELL                  24.771             396.337   1872.00              1.32               21.2              3.9               7352                       97                      1556        -1   353029                        -2.1                      -0.4
REDWHEAT                 20.089             321.419    804.75              2.50               39.9             39.3              31608                      789                     12624         0   353029                         0.0                       0.0
BITCOIN                 993.298           15892.775  30225.00              3.29               52.6              0.1               2374                       78                      1248         1   353029                         0.7                       0.4
COPPER-micro              0.051               0.809      3.73              1.36               21.7           1963.9               7316                       99                      1588         1   353029                         2.1                       0.4
MXP                       0.000               0.004      0.06              0.48                7.7         392773.0              22659                      109                      1747         1   353029                         6.4                       0.5
BRE                       0.002               0.024      0.21              0.73               11.7          78554.6              16225                      119                      1904         1   353029                         4.6                       0.5
SOYBEAN_mini             23.176             370.822   1276.25              1.82               29.1              7.9              10025                      182                      2912         1   353029                         2.8                       0.8
NIKKEI                  342.009            5472.139  33025.00              1.04               16.6              0.5              18019                      186                      2985         1   353029                         5.1                       0.8
GBP                       0.006               0.102      1.27              0.50                8.1          49096.6              62112                      312                      5007         1   353029                        17.6                       1.4
EU-AUTO                   7.848             125.565    630.70              1.24               19.9             43.0              27135                      337                      5402         1   353029                         7.7                       1.5
EU-OIL                    4.312              68.995    323.80              1.33               21.3             43.0              13931                      185                      2968         2   353029                         7.9                       1.7
FTSETAIWAN               12.412             198.584   1459.25              0.85               13.6             31.4              45852                      389                      6239         1   353029                        13.0                       1.8
CAC                      61.146             978.332   7294.50              0.84               13.4              8.6              62768                      526                      8418         1   353029                        17.8                       2.4
CNH                       0.020               0.319      7.22              0.28                4.4          10855.5              78397                      216                      3467         3   353029                        66.6                       2.9
LIVECOW                   1.222              19.557    173.82              0.70               11.3            314.2              54619                      384                      6145         2   353029                        30.9                       3.5

Sum of abs(notional exposure % capital) 309.2
Sum of abs(annualised risk % capital) 32.2
Net sum of annualised risk % capital 5.0 

================================================================================================================================================================================================================
                                                                                                  Correlations                                                                                                  
================================================================================================================================================================================================================

               V2X   VIX   CNH   CAC   DAX   DOW  EU-AUTO  FTSETAIWAN  NIKKEI  RUSSELL   CHF  COPPER-micro   GBP   JPY   US3  BITCOIN   BRE  EU-OIL  GAS_US_mini  LEANHOG  LIVECOW   MXP  REDWHEAT  SOYBEAN_mini
V2X           1.00  0.78  0.16 -0.72 -0.75 -0.65    -0.76       -0.55   -0.59    -0.72 -0.20         -0.29 -0.30 -0.06  0.12    -0.18 -0.39   -0.40        -0.03    -0.12    -0.29 -0.48      0.02         -0.31
VIX           0.78  1.00  0.00 -0.59 -0.56 -0.70    -0.55       -0.45   -0.51    -0.70  0.01         -0.29 -0.24  0.04  0.21    -0.20 -0.50   -0.36        -0.10    -0.14    -0.41 -0.62      0.03         -0.28
CNH           0.16  0.00  1.00 -0.23 -0.28 -0.16    -0.23       -0.30    0.02    -0.17 -0.62         -0.58 -0.46 -0.49 -0.49    -0.02 -0.20   -0.10         0.28    -0.18     0.14 -0.06     -0.03         -0.13
CAC          -0.72 -0.59 -0.23  1.00  0.94  0.78     0.80        0.56    0.58     0.76  0.31          0.33  0.45  0.06  0.04     0.29  0.36    0.43         0.06     0.12     0.16  0.51     -0.16          0.28
DAX          -0.75 -0.56 -0.28  0.94  1.00  0.75     0.86        0.64    0.60     0.73  0.34          0.34  0.42  0.10  0.04     0.19  0.26    0.34         0.01     0.12     0.20  0.45     -0.20          0.22
DOW          -0.65 -0.70 -0.16  0.78  0.75  1.00     0.57        0.49    0.56     0.86  0.24          0.40  0.47  0.10  0.05     0.25  0.46    0.42         0.06     0.17     0.28  0.49     -0.03          0.36
EU-AUTO      -0.76 -0.55 -0.23  0.80  0.86  0.57     1.00        0.63    0.54     0.64  0.27          0.29  0.27  0.02 -0.12     0.11  0.22    0.33        -0.04     0.19     0.22  0.41     -0.18          0.21
FTSETAIWAN   -0.55 -0.45 -0.30  0.56  0.64  0.49     0.63        1.00    0.58     0.52  0.35          0.44  0.33  0.07 -0.08     0.09  0.15    0.19         0.05     0.10     0.15  0.34     -0.21          0.11
NIKKEI       -0.59 -0.51  0.02  0.58  0.60  0.56     0.54        0.58    1.00     0.59  0.16          0.20  0.28 -0.30 -0.18     0.20  0.27    0.30         0.25     0.06     0.25  0.33     -0.15          0.16
RUSSELL      -0.72 -0.70 -0.17  0.76  0.73  0.86     0.64        0.52    0.59     1.00  0.21          0.38  0.42  0.08 -0.01     0.28  0.48    0.37         0.06     0.12     0.21  0.46     -0.01          0.25
CHF          -0.20  0.01 -0.62  0.31  0.34  0.24     0.27        0.35    0.16     0.21  1.00          0.46  0.60  0.40  0.55    -0.03  0.12    0.11         0.02     0.20    -0.13  0.13     -0.02          0.10
COPPER-micro -0.29 -0.29 -0.58  0.33  0.34  0.40     0.29        0.44    0.20     0.38  0.46          1.00  0.46  0.29  0.13     0.10  0.38    0.34        -0.02     0.20     0.02  0.30      0.20          0.37
GBP          -0.30 -0.24 -0.46  0.45  0.42  0.47     0.27        0.33    0.28     0.42  0.60          0.46  1.00  0.27  0.55     0.17  0.38    0.31         0.08     0.19    -0.01  0.29     -0.01          0.26
JPY          -0.06  0.04 -0.49  0.06  0.10  0.10     0.02        0.07   -0.30     0.08  0.40          0.29  0.27  1.00  0.56    -0.10  0.15    0.06        -0.31     0.01    -0.25  0.11      0.23          0.07
US3           0.12  0.21 -0.49  0.04  0.04  0.05    -0.12       -0.08   -0.18    -0.01  0.55          0.13  0.55  0.56  1.00     0.04  0.05   -0.05        -0.12     0.02    -0.20 -0.10      0.06         -0.12
BITCOIN      -0.18 -0.20 -0.02  0.29  0.19  0.25     0.11        0.09    0.20     0.28 -0.03          0.10  0.17 -0.10  0.04     1.00  0.32    0.06         0.05    -0.19    -0.02  0.08      0.04          0.03
BRE          -0.39 -0.50 -0.20  0.36  0.26  0.46     0.22        0.15    0.27     0.48  0.12          0.38  0.38  0.15  0.05     0.32  1.00    0.44         0.12     0.33     0.20  0.49      0.31          0.44
EU-OIL       -0.40 -0.36 -0.10  0.43  0.34  0.42     0.33        0.19    0.30     0.37  0.11          0.34  0.31  0.06 -0.05     0.06  0.44    1.00         0.17     0.11     0.06  0.47      0.12          0.32
GAS_US_mini  -0.03 -0.10  0.28  0.06  0.01  0.06    -0.04        0.05    0.25     0.06  0.02         -0.02  0.08 -0.31 -0.12     0.05  0.12    0.17         1.00    -0.02    -0.02  0.03      0.09          0.21
LEANHOG      -0.12 -0.14 -0.18  0.12  0.12  0.17     0.19        0.10    0.06     0.12  0.20          0.20  0.19  0.01  0.02    -0.19  0.33    0.11        -0.02     1.00     0.39  0.09     -0.05          0.27
LIVECOW      -0.29 -0.41  0.14  0.16  0.20  0.28     0.22        0.15    0.25     0.21 -0.13          0.02 -0.01 -0.25 -0.20    -0.02  0.20    0.06        -0.02     0.39     1.00  0.11     -0.10          0.03
MXP          -0.48 -0.62 -0.06  0.51  0.45  0.49     0.41        0.34    0.33     0.46  0.13          0.30  0.29  0.11 -0.10     0.08  0.49    0.47         0.03     0.09     0.11  1.00      0.14          0.25
REDWHEAT      0.02  0.03 -0.03 -0.16 -0.20 -0.03    -0.18       -0.21   -0.15    -0.01 -0.02          0.20 -0.01  0.23  0.06     0.04  0.31    0.12         0.09    -0.05    -0.10  0.14      1.00          0.41
SOYBEAN_mini -0.31 -0.28 -0.13  0.28  0.22  0.36     0.21        0.11    0.16     0.25  0.10          0.37  0.26  0.07 -0.12     0.03  0.44    0.32         0.21     0.27     0.03  0.25      0.41          1.00


********************************************************************************
                                 END OF REPORT                                  
********************************************************************************


