
********************************************************************************
                    Risk report produced on 14/04/2025 22:52                    
********************************************************************************


Total risk across all strategies, annualised percentage 8.0
Percentage of capital used for margin 41.0%

========================================
Risk per strategy, annualised percentage
========================================

                  risk
dynamic_TF_carry   8.0


===================
Risk by asset class
===================

Ags       3.2
Bond      1.2
Equity    2.8
FX        3.3
Metals    4.8
OilGas    2.9
Sector    1.1
dtype: float64


=====================================================
Beta loadings of asset class positions on asset class
=====================================================

Ags      -0.17
Metals   -0.16
Bond     -0.09
OilGas   -0.05
Equity   -0.03
Sector    0.03
FX        0.38
dtype: float64


========================================================
Beta loadings of full portfolio positions on asset class
========================================================

Ags      -0.19
Metals   -0.16
Equity   -0.11
Bond     -0.09
OilGas   -0.05
Sector    0.02
FX        0.13
dtype: float64


==================================================================================================================================================================================================================================================================
                                                                                                                         Instrument risk                                                                                                                          
==================================================================================================================================================================================================================================================================

              daily_price_stdev  annual_price_stdev     price  daily_perc_stdev  annual_perc_stdev  point_size_base  contract_exposure  daily_risk_per_contract  annual_risk_per_contract  position  capital  exposure_held_perc_capital  annual_risk_perc_capital
GAS-PEN                   0.130               2.085      3.65              3.57               57.1           7619.5              27803                      992                     15885        -1   545804                        -5.1                      -2.9
LEANHOG                   1.506              24.101     95.42              1.58               25.3            304.8              29083                      459                      7345        -2   545804                       -10.7                      -2.7
BITCOIN                2904.457           46471.310  85430.00              3.40               54.4              0.1               6509                      221                      3540        -4   545804                        -4.8                      -2.6
ALUMINIUM                43.317             693.076   2293.00              1.89               30.2             19.0              43678                      825                     13202        -1   545804                        -8.0                      -2.4
NASDAQ_micro            506.606            8105.701  19044.75              2.66               42.6              1.5              29022                      772                     12352        -1   545804                        -5.3                      -2.3
SILVER                    0.819              13.108     32.61              2.51               40.2            761.9              24847                      624                      9987        -1   545804                        -4.6                      -1.8
US10U                     0.645              10.316    112.97              0.57                9.1            761.9              86076                      491                      7860        -1   545804                       -15.8                      -1.4
RUSSELL                  45.986             735.775   1895.80              2.43               38.8              3.8               7222                      175                      2803        -2   545804                        -2.6                      -1.0
WHEAT                     7.824             125.185    598.50              1.31               20.9             38.1              22801                      298                      4769        -1   545804                        -4.2                      -0.9
SUGAR11                   0.303               4.850     17.84              1.70               27.2            853.4              15224                      258                      4138        -1   545804                        -2.8                      -0.8
MXP                       0.000               0.008      0.05              0.97               15.5         380972.7              18785                      181                      2902         1   545804                         3.4                       0.5
KR10                      0.362               5.785    119.95              0.30                4.8            535.1              64182                      193                      3095         1   545804                        11.8                       0.6
EU-BANKS                  4.337              69.398    168.20              2.58               41.3             43.4               7295                      188                      3010         2   545804                         2.7                       1.1
YENEUR                    0.987              15.794    161.82              0.61                9.8            667.3             107978                      658                     10538         1   545804                        19.8                       1.9
MUMMY                    18.893             302.289    635.00              2.98               47.6              5.3               3389                      100                      1613         7   545804                         4.3                       2.1
GBP                       0.008               0.123      1.32              0.58                9.3          47621.6              62850                      365                      5840         2   545804                        23.0                       2.1

Sum of abs(notional exposure % capital) 128.9
Sum of abs(annualised risk % capital) 27.1
Net sum of annualised risk % capital -10.5 

===================================================================================================================================================
                                                                   Correlations                                                                    
===================================================================================================================================================

              KR10  US10U  GAS-PEN  WHEAT  YENEUR  BITCOIN  NASDAQ_micro  RUSSELL  ALUMINIUM  EU-BANKS   GBP  LEANHOG  MUMMY   MXP  SILVER  SUGAR11
KR10          1.00   0.58    -0.20  -0.08   -0.33     0.02          0.05     0.12      -0.17     -0.10  0.17    -0.03  -0.12  0.07   -0.07     0.03
US10U         0.58   1.00     0.08   0.02   -0.42    -0.02         -0.08     0.16      -0.02      0.16  0.46     0.07   0.06 -0.01    0.22     0.24
GAS-PEN      -0.20   0.08     1.00   0.23    0.21     0.12          0.16    -0.08       0.08      0.10  0.10    -0.13   0.03 -0.08    0.21    -0.06
WHEAT        -0.08   0.02     0.23   1.00   -0.01    -0.01          0.04     0.04       0.24      0.08  0.08     0.16   0.01  0.16    0.16     0.20
YENEUR       -0.33  -0.42     0.21  -0.01    1.00     0.11          0.12    -0.20       0.12      0.13  0.17    -0.15   0.15  0.25    0.22    -0.01
BITCOIN       0.02  -0.02     0.12  -0.01    0.11     1.00          0.28     0.41       0.05      0.23  0.04     0.16   0.27  0.01    0.23    -0.05
NASDAQ_micro  0.05  -0.08     0.16   0.04    0.12     0.28          1.00     0.61       0.18      0.12  0.06    -0.06   0.37  0.26    0.26     0.08
RUSSELL       0.12   0.16    -0.08   0.04   -0.20     0.41          0.61     1.00       0.22      0.29  0.20     0.26   0.50  0.19    0.25     0.21
ALUMINIUM    -0.17  -0.02     0.08   0.24    0.12     0.05          0.18     0.22       1.00      0.27  0.19     0.18   0.17  0.31    0.46     0.12
EU-BANKS     -0.10   0.16     0.10   0.08    0.13     0.23          0.12     0.29       0.27      1.00  0.38     0.28   0.63  0.20    0.54     0.39
GBP           0.17   0.46     0.10   0.08    0.17     0.04          0.06     0.20       0.19      0.38  1.00     0.00   0.31  0.20    0.51     0.43
LEANHOG      -0.03   0.07    -0.13   0.16   -0.15     0.16         -0.06     0.26       0.18      0.28  0.00     1.00   0.31  0.01    0.26     0.22
MUMMY        -0.12   0.06     0.03   0.01    0.15     0.27          0.37     0.50       0.17      0.63  0.31     0.31   1.00  0.18    0.34     0.47
MXP           0.07  -0.01    -0.08   0.16    0.25     0.01          0.26     0.19       0.31      0.20  0.20     0.01   0.18  1.00    0.25     0.12
SILVER       -0.07   0.22     0.21   0.16    0.22     0.23          0.26     0.25       0.46      0.54  0.51     0.26   0.34  0.25    1.00     0.35
SUGAR11       0.03   0.24    -0.06   0.20   -0.01    -0.05          0.08     0.21       0.12      0.39  0.43     0.22   0.47  0.12    0.35     1.00


********************************************************************************
                                 END OF REPORT                                  
********************************************************************************


