
********************************************************************************
                    Risk report produced on 28/02/2025 22:53                    
********************************************************************************


Total risk across all strategies, annualised percentage 12.2
Percentage of capital used for margin 71.0%

========================================
Risk per strategy, annualised percentage
========================================

                  risk
dynamic_TF_carry  12.1


===================
Risk by asset class
===================

Ags       2.7
Bond      1.6
Equity    9.7
FX        3.0
Metals    0.7
OilGas    0.7
Vol       2.1
dtype: float64


=====================================================
Beta loadings of asset class positions on asset class
=====================================================

FX       -0.46
Vol      -0.05
Metals   -0.03
OilGas    0.01
Ags       0.21
Bond      0.24
Equity    0.80
dtype: float64


========================================================
Beta loadings of full portfolio positions on asset class
========================================================

Vol      -0.18
FX        0.00
Bond     -0.00
OilGas    0.02
Metals    0.11
Ags       0.33
Equity    0.95
dtype: float64


==================================================================================================================================================================================================================================================================
                                                                                                                         Instrument risk                                                                                                                          
==================================================================================================================================================================================================================================================================

              daily_price_stdev  annual_price_stdev     price  daily_perc_stdev  annual_perc_stdev  point_size_base  contract_exposure  daily_risk_per_contract  annual_risk_per_contract  position  capital  exposure_held_perc_capital  annual_risk_perc_capital
CHF                       0.005               0.077      1.11              0.43                6.9          99374.3             110161                      475                      7615        -2   574582                       -38.3                      -2.7
VIX                       0.467               7.477     19.20              2.43               38.9            795.0              15263                      371                      5944        -2   574582                        -5.3                      -2.1
RUSSELL                  23.522             376.356   2154.50              1.09               17.5              4.0               8564                       93                      1496        -4   574582                        -6.0                      -1.0
COPPER-micro              0.067               1.066      4.55              1.46               23.4           1987.5               9047                      132                      2117        -2   574582                        -3.1                      -0.7
EUR_micro                 0.005               0.077      1.04              0.46                7.4           9937.4              10362                       47                       765        -5   574582                        -9.0                      -0.7
CAD                       0.003               0.041      0.69              0.37                5.9          79499.5              55017                      201                      3224        -1   574582                        -9.6                      -0.6
SP500_micro              44.910             718.560   5906.75              0.76               12.2              4.0              23479                      178                      2856        -1   574582                        -4.1                      -0.5
MUMMY                     8.499             135.977    644.00              1.32               21.1              5.3               3412                       45                       720         1   574582                         0.6                       0.1
CORN                      4.249              67.990    454.75              0.93               15.0             39.7              18076                      168                      2702         1   574582                         3.1                       0.5
GAS_US_mini               0.128               2.044      3.90              3.27               52.3           1987.5               7761                      253                      4062         1   574582                         1.4                       0.7
GBP                       0.006               0.088      1.26              0.44                7.0          49687.2              62451                      273                      4373         1   574582                        10.9                       0.8
MSCISING                  2.964              47.419    395.30              0.75               12.0             58.9              23287                      174                      2793         2   574582                         8.1                       1.0
HANG_mini               367.776            5884.420  23090.00              1.59               25.5              1.0              23596                      375                      6013         1   574582                         4.1                       1.0
TOPIX                    21.814             349.017   2680.75              0.81               13.0              5.3              14203                      115                      1849         4   574582                         9.9                       1.3
CAD10                     0.532               8.513    124.86              0.43                6.8            550.3              68715                      292                      4684         2   574582                        23.9                       1.6
SMI                      81.611            1305.776  12966.00              0.63               10.1              8.8             114564                      721                     11537         1   574582                        19.9                       2.0
MSCIEAFA                 20.859             333.747   2419.40              0.86               13.8             39.7              96170                      829                     13266         1   574582                        16.7                       2.3
FEEDCOW                   2.400              38.402    271.05              0.89               14.2            397.5             107741                      954                     15264         1   574582                        18.8                       2.7
MSCITAIWAN               12.574             201.178    960.90              1.31               20.9             79.5              76391                      999                     15993         1   574582                        13.3                       2.8
MIB                     281.078            4497.254  38640.00              0.73               11.6              4.1             159540                     1160                     18568         1   574582                        27.8                       3.2

Sum of abs(notional exposure % capital) 233.9
Sum of abs(annualised risk % capital) 28.3
Net sum of annualised risk % capital 11.7 

===========================================================================================================================================================================================
                                                                                       Correlations                                                                                        
===========================================================================================================================================================================================

               MIB  MSCIEAFA  MSCISING  MSCITAIWAN  MUMMY  RUSSELL   SMI  SP500_micro  TOPIX  CORN  FEEDCOW  GAS_US_mini  CAD10   CHF   CAD  COPPER-micro  EUR_micro   GBP  HANG_mini   VIX
MIB           1.00      0.73      0.50        0.43   0.53     0.44  0.62         0.44   0.52  0.03     0.27         0.04  -0.02 -0.09  0.27          0.34       0.36  0.47       0.45 -0.41
MSCIEAFA      0.73      1.00      0.51        0.45   0.52     0.49  0.77         0.56   0.48 -0.01     0.18        -0.09   0.29  0.24  0.51          0.42       0.65  0.75       0.57 -0.43
MSCISING      0.50      0.51      1.00        0.50   0.58     0.55  0.41         0.60   0.59  0.03     0.13         0.06   0.02 -0.23  0.22          0.17       0.05  0.30       0.27 -0.53
MSCITAIWAN    0.43      0.45      0.50        1.00   0.34     0.36  0.24         0.52   0.51  0.02    -0.00        -0.01  -0.01 -0.21  0.29          0.31       0.14  0.36       0.27 -0.34
MUMMY         0.53      0.52      0.58        0.34   1.00     0.46  0.41         0.47   0.68 -0.03     0.21         0.12  -0.07 -0.24  0.24          0.18       0.02  0.27       0.29 -0.44
RUSSELL       0.44      0.49      0.55        0.36   0.46     1.00  0.38         0.75   0.42  0.07     0.16        -0.01   0.06 -0.12  0.24          0.07       0.07  0.23       0.09 -0.57
SMI           0.62      0.77      0.41        0.24   0.41     0.38  1.00         0.46   0.37 -0.06     0.20        -0.05   0.28  0.10  0.22          0.15       0.37  0.48       0.34 -0.31
SP500_micro   0.44      0.56      0.60        0.52   0.47     0.75  0.46         1.00   0.46  0.10     0.16         0.09   0.01 -0.10  0.28          0.14       0.08  0.25       0.18 -0.74
TOPIX         0.52      0.48      0.59        0.51   0.68     0.42  0.37         0.46   1.00 -0.07     0.30         0.01  -0.18 -0.41  0.07          0.04       0.02  0.31       0.27 -0.46
CORN          0.03     -0.01      0.03        0.02  -0.03     0.07 -0.06         0.10  -0.07  1.00    -0.05         0.22  -0.05  0.01  0.13          0.17      -0.05 -0.06       0.26  0.01
FEEDCOW       0.27      0.18      0.13       -0.00   0.21     0.16  0.20         0.16   0.30 -0.05     1.00         0.02  -0.28 -0.24 -0.11          0.01       0.02  0.06      -0.04 -0.17
GAS_US_mini   0.04     -0.09      0.06       -0.01   0.12    -0.01 -0.05         0.09   0.01  0.22     0.02         1.00  -0.10 -0.16  0.08          0.14      -0.15 -0.18       0.06 -0.13
CAD10        -0.02      0.29      0.02       -0.01  -0.07     0.06  0.28         0.01  -0.18 -0.05    -0.28        -0.10   1.00  0.47  0.10         -0.09       0.25  0.37       0.19  0.03
CHF          -0.09      0.24     -0.23       -0.21  -0.24    -0.12  0.10        -0.10  -0.41  0.01    -0.24        -0.16   0.47  1.00  0.40          0.17       0.60  0.44       0.24  0.23
CAD           0.27      0.51      0.22        0.29   0.24     0.24  0.22         0.28   0.07  0.13    -0.11         0.08   0.10  0.40  1.00          0.46       0.48  0.46       0.46 -0.25
COPPER-micro  0.34      0.42      0.17        0.31   0.18     0.07  0.15         0.14   0.04  0.17     0.01         0.14  -0.09  0.17  0.46          1.00       0.44  0.37       0.46 -0.09
EUR_micro     0.36      0.65      0.05        0.14   0.02     0.07  0.37         0.08   0.02 -0.05     0.02        -0.15   0.25  0.60  0.48          0.44       1.00  0.76       0.41 -0.00
GBP           0.47      0.75      0.30        0.36   0.27     0.23  0.48         0.25   0.31 -0.06     0.06        -0.18   0.37  0.44  0.46          0.37       0.76  1.00       0.48 -0.16
HANG_mini     0.45      0.57      0.27        0.27   0.29     0.09  0.34         0.18   0.27  0.26    -0.04         0.06   0.19  0.24  0.46          0.46       0.41  0.48       1.00 -0.14
VIX          -0.41     -0.43     -0.53       -0.34  -0.44    -0.57 -0.31        -0.74  -0.46  0.01    -0.17        -0.13   0.03  0.23 -0.25         -0.09      -0.00 -0.16      -0.14  1.00


********************************************************************************
                                 END OF REPORT                                  
********************************************************************************


