
********************************************************************************
                    Risk report produced on 20/02/2024 22:51                    
********************************************************************************


Total risk across all strategies, annualised percentage 10.4
Percentage of capital used for margin 51.7%

========================================
Risk per strategy, annualised percentage
========================================

                  risk
dynamic_TF_carry  10.4


===================
Risk by asset class
===================

Ags       0.8
Bond      4.1
Equity    6.4
FX        5.3
Metals    1.5
OilGas    0.9
Sector    0.6
dtype: float64


=====================================================
Beta loadings of asset class positions on asset class
=====================================================

Bond     -1.27
FX       -0.22
Ags      -0.05
OilGas   -0.01
Sector    0.04
Metals    0.06
Equity    0.59
dtype: float64


========================================================
Beta loadings of full portfolio positions on asset class
========================================================

Bond     -2.49
Ags      -0.02
OilGas    0.03
Metals    0.06
Sector    0.27
FX        0.28
Equity    0.84
dtype: float64


=================================================================================================================================================================================================================================================================
                                                                                                                         Instrument risk                                                                                                                         
=================================================================================================================================================================================================================================================================

             daily_price_stdev  annual_price_stdev     price  daily_perc_stdev  annual_perc_stdev  point_size_base  contract_exposure  daily_risk_per_contract  annual_risk_per_contract  position  capital  exposure_held_perc_capital  annual_risk_perc_capital
BOBL                     0.336               5.372    116.75              0.29                4.6            855.7              99900                      287                      4596        -2   385357                       -51.8                      -2.4
CHF                      0.006               0.088      1.14              0.49                7.8          99295.4             112973                      548                      8782        -1   385357                       -29.3                      -2.3
US2                      0.158               2.535    102.05              0.16                2.5           1588.7             162124                      251                      4027        -2   385357                       -84.1                      -2.1
JPY                      0.000               0.001      0.01              0.59                9.4        9929540.0              66463                      390                      6248        -1   385357                       -17.2                      -1.6
GAS_US_mini              0.114               1.821      1.66              6.86              109.7           1985.9               3296                      226                      3616        -1   385357                        -0.9                      -0.9
CORN                     4.563              73.014    462.50              0.99               15.8             39.7              18369                      181                      2899        -1   385357                        -4.8                      -0.8
EUR_micro                0.004               0.068      1.08              0.39                6.3           9929.5              10743                       42                       678        -3   385357                        -8.4                      -0.5
EU-OIL                   3.637              58.186    343.10              1.06               17.0             42.8              14679                      155                      2489         1   385357                         3.8                       0.6
IRON                     2.268              36.282    123.80              1.83               29.3             79.4               9834                      180                      2882         1   385357                         2.6                       0.7
CNH                      0.017               0.269      7.20              0.23                3.7          11020.4              79321                      185                      2964         1   385357                        20.6                       0.8
MXP                      0.000               0.005      0.06              0.54                8.6         397181.6              23175                      124                      1994         2   385357                        12.0                       1.0
BITCOIN               1138.047           18208.754  52185.00              2.18               34.9              0.1               4145                       90                      1446         3   385357                         3.2                       1.1
EUROSTX                 32.911             526.584   4778.00              0.69               11.0              8.6              40884                      281                      4505         1   385357                        10.6                       1.2
SP500_micro             38.560             616.955   4989.25              0.77               12.4              4.0              19816                      153                      2450         2   385357                        10.3                       1.3
YENEUR                   0.789              12.630    161.65              0.49                7.8            660.2             106728                      521                      8338         1   385357                        27.7                       2.2
R1000                   13.319             213.107   1663.50              0.80               12.8             39.7              66071                      529                      8464         1   385357                        17.1                       2.2
NIKKEI                 330.726            5291.619  38350.00              0.86               13.8              0.5              20256                      174                      2794         4   385357                        21.0                       2.9

Sum of abs(notional exposure % capital) 325.4
Sum of abs(annualised risk % capital) 24.6
Net sum of annualised risk % capital 3.4 

=================================================================================================================================================
                                                                  Correlations                                                                   
=================================================================================================================================================

             GAS_US_mini  YENEUR  BITCOIN  CORN   CNH  EU-OIL  EUROSTX  IRON   MXP  NIKKEI  R1000  SP500_micro  BOBL   CHF  EUR_micro   JPY   US2
GAS_US_mini         1.00    0.20    -0.11  0.06  0.14    0.12    -0.04 -0.03  0.09    0.18   0.05         0.04 -0.07  0.03      -0.00 -0.21  0.06
YENEUR              0.20    1.00     0.01  0.04  0.17   -0.03     0.06 -0.08  0.08    0.36   0.10         0.12 -0.41 -0.09       0.24 -0.73 -0.33
BITCOIN            -0.11    0.01     1.00  0.04  0.01   -0.16     0.09  0.17 -0.02   -0.04   0.04         0.11  0.15 -0.15       0.03 -0.01  0.01
CORN                0.06    0.04     0.04  1.00 -0.15    0.04     0.03  0.06  0.07   -0.05   0.03         0.08 -0.00  0.07       0.08  0.02 -0.02
CNH                 0.14    0.17     0.01 -0.15  1.00   -0.15    -0.39 -0.36 -0.37   -0.10  -0.37        -0.35 -0.23 -0.50      -0.55 -0.57 -0.39
EU-OIL              0.12   -0.03    -0.16  0.04 -0.15    1.00     0.38  0.25  0.36    0.18   0.39         0.17 -0.05  0.19       0.04  0.03 -0.11
EUROSTX            -0.04    0.06     0.09  0.03 -0.39    0.38     1.00  0.31  0.49    0.46   0.72         0.70  0.20  0.29       0.38  0.23  0.02
IRON               -0.03   -0.08     0.17  0.06 -0.36    0.25     0.31  1.00  0.26    0.09   0.21         0.17  0.03  0.19       0.19  0.18 -0.05
MXP                 0.09    0.08    -0.02  0.07 -0.37    0.36     0.49  0.26  1.00    0.39   0.49         0.40 -0.01  0.26       0.41  0.19  0.00
NIKKEI              0.18    0.36    -0.04 -0.05 -0.10    0.18     0.46  0.09  0.39    1.00   0.53         0.61 -0.10  0.06       0.21 -0.21 -0.01
R1000               0.05    0.10     0.04  0.03 -0.37    0.39     0.72  0.21  0.49    0.53   1.00         0.89  0.24  0.38       0.49  0.25  0.21
SP500_micro         0.04    0.12     0.11  0.08 -0.35    0.17     0.70  0.17  0.40    0.61   0.89         1.00  0.22  0.32       0.46  0.21  0.20
BOBL               -0.07   -0.41     0.15 -0.00 -0.23   -0.05     0.20  0.03 -0.01   -0.10   0.24         0.22  1.00  0.28       0.18  0.49  0.72
CHF                 0.03   -0.09    -0.15  0.07 -0.50    0.19     0.29  0.19  0.26    0.06   0.38         0.32  0.28  1.00       0.73  0.55  0.48
EUR_micro          -0.00    0.24     0.03  0.08 -0.55    0.04     0.38  0.19  0.41    0.21   0.49         0.46  0.18  0.73       1.00  0.44  0.40
JPY                -0.21   -0.73    -0.01  0.02 -0.57    0.03     0.23  0.18  0.19   -0.21   0.25         0.21  0.49  0.55       0.44  1.00  0.57
US2                 0.06   -0.33     0.01 -0.02 -0.39   -0.11     0.02 -0.05  0.00   -0.01   0.21         0.20  0.72  0.48       0.40  0.57  1.00


********************************************************************************
                                 END OF REPORT                                  
********************************************************************************


