
********************************************************************************
           Risk report report produced on 2023-05-11 22:52:33.552454            
********************************************************************************


Total risk across all strategies, annualised percentage 11.0
Percentage of capital used for margin 61.1%

========================================
Risk per strategy, annualised percentage
========================================

                  risk
dynamic_TF_carry  11.1


===================
Risk by asset class
===================

Ags       4.0
Equity    6.1
FX        3.2
Metals    2.2
OilGas    1.3
Sector    2.0
Vol       1.1
dtype: float64


=====================================================
Beta loadings of asset class positions on asset class
=====================================================

Ags      -0.16
Vol      -0.02
Metals   -0.02
OilGas   -0.01
Sector    0.09
FX        0.13
Equity    0.42
dtype: float64


========================================================
Beta loadings of full portfolio positions on asset class
========================================================

Vol      -0.20
Ags      -0.01
OilGas    0.00
Metals    0.03
Sector    0.33
Equity    0.49
FX        0.58
dtype: float64


==================================================================================================================================================================================================================================================================
                                                                                                                         Instrument risk                                                                                                                          
==================================================================================================================================================================================================================================================================

              daily_price_stdev  annual_price_stdev     price  daily_perc_stdev  annual_perc_stdev  point_size_base  contract_exposure  daily_risk_per_contract  annual_risk_per_contract  position  capital  exposure_held_perc_capital  annual_risk_perc_capital
REDWHEAT                 17.769             284.298    829.50              2.14               34.3             39.6              32854                      703                     11260        -1   337461                        -9.7                      -3.3
LEANHOG                   1.522              24.354     83.98              1.81               29.0            316.9              26608                      482                      7716        -1   337461                        -7.9                      -2.3
AUD                       0.005               0.074      0.67              0.69               11.0          79214.2              53136                      365                      5845        -1   337461                       -15.7                      -1.7
COPPER-micro              0.058               0.923      3.70              1.56               25.0           1980.4               7327                      114                      1828        -3   337461                        -6.5                      -1.6
RUSSELL                  23.559             376.951   1748.40              1.35               21.6              4.0               6924                       93                      1492        -3   337461                        -6.2                      -1.3
GAS_US_mini               0.134               2.137      2.34              5.71               91.3           1980.4               4634                      264                      4232        -1   337461                        -1.4                      -1.3
IRON                      3.030              48.476     98.80              3.07               49.1             79.2               7826                      239                      3839        -1   337461                        -2.3                      -1.1
V2X                       0.637              10.188     20.55              3.10               49.6             87.0               1787                       55                       886        -4   337461                        -2.1                      -1.1
FTSECHINAA              141.430            2262.878  13199.00              1.07               17.1              0.8              10455                      112                      1792        -1   337461                        -3.1                      -0.5
EU-BANKS                  1.860              29.763    100.45              1.85               29.6             43.5               4368                       80                      1294         1   337461                         1.3                       0.4
BITCOIN                1093.499           17495.984  26975.00              4.05               64.9              0.1               2136                       86                      1385         1   337461                         0.6                       0.4
BRE                       0.002               0.029      0.20              0.90               14.4          79214.2              15965                      143                      2303         1   337461                         4.7                       0.7
NASDAQ_micro            150.874            2413.989  13450.50              1.12               17.9              1.6              21309                      239                      3824         1   337461                         6.3                       1.1
KOSDAQ                   21.312             340.990   1246.90              1.71               27.3              6.0               7467                      127                      2042         2   337461                         4.4                       1.2
LIVECOW                   0.939              15.032    161.00              0.58                9.3            316.9              51013                      297                      4762         1   337461                        15.1                       1.4
SILVER                    0.421               6.731     24.38              1.73               27.6            792.1              19316                      333                      5331         1   337461                         5.7                       1.6
EU-AUTO                   8.213             131.413    597.30              1.38               22.0             43.5              25974                      357                      5714         1   337461                         7.7                       1.7
CAC                      61.785             988.560   7367.50              0.84               13.4              8.7              64077                      537                      8597         1   337461                        19.0                       2.5
YENEUR                    0.903              14.440    146.36              0.62                9.9            737.5             107937                      665                     10649         1   337461                        32.0                       3.2
SMI                      85.576            1369.220  11514.00              0.74               11.9              8.9             102439                      761                     12181         1   337461                        30.4                       3.6

Sum of abs(notional exposure % capital) 182.1
Sum of abs(annualised risk % capital) 32.0
Net sum of annualised risk % capital 3.6 

==============================================================================================================================================================================================
                                                                                         Correlations                                                                                         
==============================================================================================================================================================================================

               CAC  EU-AUTO  EU-BANKS  NASDAQ_micro  RUSSELL   SMI  GAS_US_mini  LEANHOG  LIVECOW  YENEUR   AUD  BITCOIN   BRE  COPPER-micro  FTSECHINAA  IRON  KOSDAQ  SILVER  REDWHEAT   V2X
CAC           1.00     0.78      0.71          0.72     0.81  0.83         0.24     0.11     0.30    0.41  0.52     0.42  0.33          0.32        0.30  0.06    0.37    0.25     -0.05 -0.75
EU-AUTO       0.78     1.00      0.72          0.61     0.65  0.54         0.16     0.12     0.29    0.31  0.41     0.22  0.27          0.25        0.29  0.10    0.38    0.04     -0.01 -0.74
EU-BANKS      0.71     0.72      1.00          0.40     0.60  0.48         0.24     0.15     0.43    0.43  0.33     0.19  0.37          0.22        0.20  0.05    0.28    0.09     -0.09 -0.74
NASDAQ_micro  0.72     0.61      0.40          1.00     0.79  0.63         0.19    -0.04     0.14    0.29  0.59     0.56  0.21          0.29        0.31  0.09    0.43    0.22     -0.07 -0.55
RUSSELL       0.81     0.65      0.60          0.79     1.00  0.67         0.26     0.04     0.26    0.30  0.56     0.51  0.40          0.42        0.31  0.09    0.44    0.21      0.08 -0.72
SMI           0.83     0.54      0.48          0.63     0.67  1.00         0.23    -0.02     0.27    0.36  0.45     0.37  0.25          0.22        0.28 -0.01    0.29    0.20     -0.03 -0.58
GAS_US_mini   0.24     0.16      0.24          0.19     0.26  0.23         1.00    -0.05     0.22    0.16  0.27     0.01  0.08          0.01       -0.01  0.00   -0.02    0.01      0.09 -0.28
LEANHOG       0.11     0.12      0.15         -0.04     0.04 -0.02        -0.05     1.00     0.21    0.29  0.14    -0.12  0.08          0.10       -0.12  0.03    0.00    0.11     -0.07 -0.05
LIVECOW       0.30     0.29      0.43          0.14     0.26  0.27         0.22     0.21     1.00    0.26  0.08     0.04  0.11          0.07       -0.11 -0.09    0.09    0.02     -0.00 -0.38
YENEUR        0.41     0.31      0.43          0.29     0.30  0.36         0.16     0.29     0.26    1.00  0.27     0.13  0.11          0.18        0.24  0.01    0.21    0.12     -0.25 -0.30
AUD           0.52     0.41      0.33          0.59     0.56  0.45         0.27     0.14     0.08    0.27  1.00     0.37  0.35          0.68        0.46  0.27    0.24    0.55      0.23 -0.52
BITCOIN       0.42     0.22      0.19          0.56     0.51  0.37         0.01    -0.12     0.04    0.13  0.37     1.00  0.28          0.36        0.18  0.17    0.32    0.34     -0.02 -0.22
BRE           0.33     0.27      0.37          0.21     0.40  0.25         0.08     0.08     0.11    0.11  0.35     0.28  1.00          0.43        0.19  0.04    0.18    0.39      0.22 -0.42
COPPER-micro  0.32     0.25      0.22          0.29     0.42  0.22         0.01     0.10     0.07    0.18  0.68     0.36  0.43          1.00        0.39  0.46    0.33    0.52      0.20 -0.34
FTSECHINAA    0.30     0.29      0.20          0.31     0.31  0.28        -0.01    -0.12    -0.11    0.24  0.46     0.18  0.19          0.39        1.00  0.38    0.31    0.17      0.02 -0.40
IRON          0.06     0.10      0.05          0.09     0.09 -0.01         0.00     0.03    -0.09    0.01  0.27     0.17  0.04          0.46        0.38  1.00    0.23    0.23      0.06 -0.09
KOSDAQ        0.37     0.38      0.28          0.43     0.44  0.29        -0.02     0.00     0.09    0.21  0.24     0.32  0.18          0.33        0.31  0.23    1.00    0.07     -0.02 -0.30
SILVER        0.25     0.04      0.09          0.22     0.21  0.20         0.01     0.11     0.02    0.12  0.55     0.34  0.39          0.52        0.17  0.23    0.07    1.00      0.23 -0.20
REDWHEAT     -0.05    -0.01     -0.09         -0.07     0.08 -0.03         0.09    -0.07    -0.00   -0.25  0.23    -0.02  0.22          0.20        0.02  0.06   -0.02    0.23      1.00 -0.04
V2X          -0.75    -0.74     -0.74         -0.55    -0.72 -0.58        -0.28    -0.05    -0.38   -0.30 -0.52    -0.22 -0.42         -0.34       -0.40 -0.09   -0.30   -0.20     -0.04  1.00


********************************************************************************
                                 END OF REPORT                                  
********************************************************************************


