
********************************************************************************
           Risk report report produced on 2023-02-21 23:15:23.438768            
********************************************************************************


Total risk across all strategies, annualised percentage 7.4
Percentage of capital used for margin 22.8%

========================================
Risk per strategy, annualised percentage
========================================

                  risk
dynamic_TF_carry   7.4


===================
Risk by asset class
===================

Bond      3.8
Equity    4.2
FX        0.6
Metals    1.8
OilGas    1.7
Sector    2.5
Vol       2.1
dtype: float64


============================
Beta loadings by asset class
============================

Bond     -0.55
Vol      -0.05
Metals   -0.05
OilGas   -0.01
FX        0.04
Sector    0.12
Equity    0.25
dtype: float64


==================================================================================================================================================================================================================================================================
                                                                                                                         Instrument risk                                                                                                                          
==================================================================================================================================================================================================================================================================

              daily_price_stdev  annual_price_stdev     price  daily_perc_stdev  annual_perc_stdev  point_size_base  contract_exposure  daily_risk_per_contract  annual_risk_per_contract  position  capital  exposure_held_perc_capital  annual_risk_perc_capital
US10U                     0.693              11.089    116.83              0.59                9.5            831.6              97158                      576                      9222        -1   362483                       -26.8                      -2.5
VIX                       0.577               9.226     23.40              2.46               39.4            831.6              19460                      479                      7672        -1   362483                        -5.4                      -2.1
GAS_US_mini               0.185               2.968      2.19              8.47              135.5           2079.1               4553                      385                      6170        -1   362483                        -1.3                      -1.7
BOBL                      0.380               6.082    115.80              0.33                5.3            887.5             102770                      337                      5397        -1   362483                       -28.4                      -1.5
SILVER                    0.370               5.920     22.00              1.68               26.9            831.6              18300                      307                      4923        -1   362483                        -5.0                      -1.4
GOLD_micro               16.717             267.478   1844.90              0.91               14.5              8.3              15342                      139                      2224        -1   362483                        -4.2                      -0.6
KOSDAQ                   14.057             224.909   1152.10              1.22               19.5              6.4               7390                       90                      1442        -1   362483                        -2.0                      -0.4
BRE                       0.002               0.027      0.19              0.88               14.1          83163.5              16021                      140                      2254         1   362483                         4.4                       0.6
EU-OIL                    4.658              74.527    360.00              1.29               20.7             44.4              15974                      206                      3307         1   362483                         4.4                       0.9
RUSSELL                  25.501             408.015   1892.80              1.35               21.6              4.2               7870                      106                      1696         2   362483                         4.3                       0.9
IRON                      2.648              42.373    128.40              2.06               33.0             83.2              10678                      220                      3523         1   362483                         2.9                       1.0
NASDAQ_micro            189.919            3038.705  12093.00              1.57               25.1              1.7              20113                      315                      5054         1   362483                         5.5                       1.4
EU-BASIC                  9.328             149.254    650.10              1.43               23.0             44.4              28847                      413                      6622         1   362483                         8.0                       1.8
CAC                      61.577             985.227   7325.00              0.84               13.5              8.9              65007                      546                      8743         1   362483                        17.9                       2.4

Sum of abs(notional exposure % capital) 120.5
Sum of abs(annualised risk % capital) 19.2
Net sum of annualised risk % capital -1.2 

===================================================================================================================================
                                                           Correlations                                                            
===================================================================================================================================

               BRE   CAC  EU-BASIC  EU-OIL  IRON  KOSDAQ  NASDAQ_micro  RUSSELL  BOBL  GOLD_micro  SILVER  US10U  GAS_US_mini   VIX
BRE           1.00  0.29      0.44    0.40  0.38    0.18          0.25     0.39  0.08        0.25    0.39   0.02        -0.06 -0.54
CAC           0.29  1.00      0.59    0.47  0.18    0.51          0.71     0.76  0.40        0.28    0.34   0.32         0.10 -0.62
EU-BASIC      0.44  0.59      1.00    0.63  0.46    0.38          0.51     0.61  0.22        0.52    0.59   0.21         0.19 -0.48
EU-OIL        0.40  0.47      0.63    1.00  0.24    0.45          0.23     0.39 -0.01        0.11    0.24  -0.10         0.31 -0.33
IRON          0.38  0.18      0.46    0.24  1.00    0.19          0.29     0.28  0.02        0.30    0.34   0.10         0.08 -0.26
KOSDAQ        0.18  0.51      0.38    0.45  0.19    1.00          0.57     0.54  0.11        0.19    0.16   0.20         0.25 -0.46
NASDAQ_micro  0.25  0.71      0.51    0.23  0.29    0.57          1.00     0.85  0.38        0.42    0.38   0.43         0.16 -0.63
RUSSELL       0.39  0.76      0.61    0.39  0.28    0.54          0.85     1.00  0.42        0.43    0.45   0.41         0.18 -0.68
BOBL          0.08  0.40      0.22   -0.01  0.02    0.11          0.38     0.42  1.00        0.36    0.24   0.76        -0.01 -0.21
GOLD_micro    0.25  0.28      0.52    0.11  0.30    0.19          0.42     0.43  0.36        1.00    0.81   0.52         0.01 -0.24
SILVER        0.39  0.34      0.59    0.24  0.34    0.16          0.38     0.45  0.24        0.81    1.00   0.35         0.04 -0.30
US10U         0.02  0.32      0.21   -0.10  0.10    0.20          0.43     0.41  0.76        0.52    0.35   1.00         0.08 -0.24
GAS_US_mini  -0.06  0.10      0.19    0.31  0.08    0.25          0.16     0.18 -0.01        0.01    0.04   0.08         1.00 -0.07
VIX          -0.54 -0.62     -0.48   -0.33 -0.26   -0.46         -0.63    -0.68 -0.21       -0.24   -0.30  -0.24        -0.07  1.00


********************************************************************************
                                 END OF REPORT                                  
********************************************************************************


