
********************************************************************************
           Risk report report produced on 2022-06-22 21:01:02.990304            
********************************************************************************


Total risk across all strategies, annualised percentage 10.2
Percentage of capital used for margin 22.4%

========================================
Risk per strategy, annualised percentage
========================================

                  risk
dynamic_TF_carry  10.1


==================================================================================================================================================================================================================================================================
                                                                                                                         Instrument risk                                                                                                                          
==================================================================================================================================================================================================================================================================

              daily_price_stdev  annual_price_stdev     price  daily_perc_stdev  annual_perc_stdev  point_size_base  contract_exposure  daily_risk_per_contract  annual_risk_per_contract  position  capital  exposure_held_perc_capital  annual_risk_perc_capital
US10U                     0.926              14.820    125.36              0.74               11.8            812.5             101860                      752                     12042        -1   382043                       -26.7                      -3.2
SILVER                    0.427               6.838     21.50              1.99               31.8            812.5              17469                      347                      5556        -1   382043                        -4.6                      -1.5
KR10                      0.533               8.524    109.80              0.49                7.8            628.8              69045                      335                      5360        -1   382043                       -18.1                      -1.4
DJSTX-SMALL               5.643              90.284    298.70              1.89               30.2             43.0              12858                      242                      3886        -1   382043                        -3.4                      -1.0
DAX                     205.887            3294.190  13101.00              1.57               25.1              0.9              11279                      177                      2836        -1   382043                        -3.0                      -0.7
DOW                     423.536            6776.571  30553.00              1.39               22.2              0.4              12412                      172                      2753        -1   382043                        -3.2                      -0.7
RUSSELL                  36.226             579.612   1702.60              2.13               34.0              4.1               6917                      147                      2354        -1   382043                        -1.8                      -0.6
KOSDAQ                   23.129             370.063   1070.30              2.16               34.6              6.3               6730                      145                      2327        -1   382043                        -1.8                      -0.6
NIKKEI400               216.808            3468.928  16735.00              1.30               20.7              0.6              10008                      129                      2074         1   382043                         2.6                       0.5
TOPIX                    23.854             381.658   1863.75              1.28               20.5              6.0              11145                      142                      2282         1   382043                         2.9                       0.6
BRE                       0.002               0.035      0.19              1.12               18.0          81254.6              15609                      175                      2803         1   382043                         4.1                       0.7
EU-OIL                    6.212              99.389    306.20              2.03               32.5             43.0              13181                      267                      4278         1   382043                         3.5                       1.1
IRON                      4.025              64.400    110.85              3.63               58.1             81.3               9007                      327                      5232         1   382043                         2.4                       1.4
SOYOIL                    1.251              20.009     67.82              1.84               29.5            487.5              33064                      609                      9754         1   382043                         8.7                       2.6
SOYBEAN                  17.110             273.754   1479.50              1.16               18.5             40.6              60108                      695                     11121         1   382043                        15.7                       2.9
WHEAT                    19.021             304.340    980.25              1.94               31.0             40.6              39824                      772                     12364         1   382043                        10.4                       3.2
CRUDE_W_mini              2.470              39.517    104.28              2.37               37.9            406.3              42364                     1003                     16054         1   382043                        11.1                       4.2

Sum of abs(notional exposure % capital) 124.0
Sum of abs(annualised risk % capital) 26.9
Net sum of annualised risk % capital 7.5 

=======================================================================================================================================================
                                                                     Correlations                                                                      
=======================================================================================================================================================

               DAX  DJSTX-SMALL   DOW  EU-OIL  NIKKEI400  RUSSELL  TOPIX  CRUDE_W_mini  IRON  SOYBEAN  SOYOIL  WHEAT  KR10  US10U   BRE  SILVER  KOSDAQ
DAX           1.00         0.53  0.41    0.32       0.43     0.39   0.43          0.01  0.05     0.10    0.10  -0.04  0.20   0.08  0.25    0.06    0.21
DJSTX-SMALL   0.53         1.00  0.41    0.32       0.43     0.44   0.42          0.06  0.11     0.16    0.17   0.01  0.24   0.12  0.27    0.15    0.29
DOW           0.41         0.41  1.00    0.38       0.37     0.52   0.38          0.23  0.21     0.12    0.18   0.07  0.19   0.07  0.29    0.14    0.24
EU-OIL        0.32         0.32  0.38    1.00       0.33     0.38   0.35          0.33  0.24     0.17    0.24   0.13  0.17  -0.01  0.26    0.15    0.21
NIKKEI400     0.43         0.43  0.37    0.33       1.00     0.39   0.55          0.15  0.06     0.11    0.09   0.01  0.18  -0.01  0.23    0.10    0.32
RUSSELL       0.39         0.44  0.52    0.38       0.39     1.00   0.40          0.25  0.21     0.08    0.15   0.05  0.23   0.12  0.32    0.22    0.30
TOPIX         0.43         0.42  0.38    0.35       0.55     0.40   1.00          0.17  0.06     0.11    0.09  -0.00  0.19   0.00  0.23    0.10    0.33
CRUDE_W_mini  0.01         0.06  0.23    0.33       0.15     0.25   0.17          1.00  0.32     0.26    0.31   0.36  0.14   0.08  0.24    0.28    0.19
IRON          0.05         0.11  0.21    0.24       0.06     0.21   0.06          0.32  1.00     0.23    0.31   0.21  0.13   0.15  0.22    0.23    0.13
SOYBEAN       0.10         0.16  0.12    0.17       0.11     0.08   0.11          0.26  0.23     1.00    0.44   0.40  0.08   0.03  0.17    0.21    0.07
SOYOIL        0.10         0.17  0.18    0.24       0.09     0.15   0.09          0.31  0.31     0.44    1.00   0.34  0.12   0.08  0.18    0.23    0.10
WHEAT        -0.04         0.01  0.07    0.13       0.01     0.05  -0.00          0.36  0.21     0.40    0.34   1.00  0.10   0.08  0.22    0.27    0.12
KR10          0.20         0.24  0.19    0.17       0.18     0.23   0.19          0.14  0.13     0.08    0.12   0.10  1.00   0.35  0.12    0.07    0.26
US10U         0.08         0.12  0.07   -0.01      -0.01     0.12   0.00          0.08  0.15     0.03    0.08   0.08  0.35   1.00  0.19    0.12    0.17
BRE           0.25         0.27  0.29    0.26       0.23     0.32   0.23          0.24  0.22     0.17    0.18   0.22  0.12   0.19  1.00    0.27    0.21
SILVER        0.06         0.15  0.14    0.15       0.10     0.22   0.10          0.28  0.23     0.21    0.23   0.27  0.07   0.12  0.27    1.00    0.25
KOSDAQ        0.21         0.29  0.24    0.21       0.32     0.30   0.33          0.19  0.13     0.07    0.10   0.12  0.26   0.17  0.21    0.25    1.00


********************************************************************************
                                 END OF REPORT                                  
********************************************************************************


