
********************************************************************************
                    Risk report produced on 09/01/2026 22:53                    
********************************************************************************


Total risk across all strategies, annualised percentage 18.5
Percentage of capital used for margin 43.5%

========================================
Risk per strategy, annualised percentage
========================================

                  risk
dynamic_TF_carry  18.5


===================
Risk by asset class
===================

Ags        1.6
Bond       1.5
Equity    14.9
FX         3.5
Metals     4.7
OilGas     3.5
dtype: float64


=====================================================
Beta loadings of asset class positions on asset class
=====================================================

Bond     -0.14
OilGas   -0.07
Metals    0.02
Ags       0.03
FX        0.26
Equity    1.42
dtype: float64


========================================================
Beta loadings of full portfolio positions on asset class
========================================================

Bond     -0.32
OilGas   -0.04
Metals    0.28
Ags       0.40
FX        1.49
Equity    1.52
dtype: float64


===================================================================================================================================================================================================================================================================
                                                                                                                          Instrument risk                                                                                                                          
===================================================================================================================================================================================================================================================================

               daily_price_stdev  annual_price_stdev     price  daily_perc_stdev  annual_perc_stdev  point_size_base  contract_exposure  daily_risk_per_contract  annual_risk_per_contract  position  capital  exposure_held_perc_capital  annual_risk_perc_capital
GAS-PEN                    0.149               2.385      3.17              4.70               75.3           7447.3              23593                     1109                     17759        -1   666579                        -3.5                      -2.7
BITCOIN                 2307.960           36927.358  90530.00              2.55               40.8              0.1               6742                      171                      2750        -6   666579                        -6.1                      -2.5
BUXL                       0.718              11.496    110.30              0.65               10.4            867.5              95688                      623                      9972        -1   666579                       -14.4                      -1.5
JPY                        0.000               0.001      0.01              0.51                8.2        9309184.1              59285                      304                      4875        -2   666579                       -17.8                      -1.5
CRUDE_W_micro              1.006              16.089     58.76              1.71               27.4             74.5               4376                       74                      1198        -4   666579                        -2.6                      -0.7
GAS_US_mini                0.150               2.407      3.16              4.77               76.3           1861.8               5874                      280                      4480        -1   666579                        -0.9                      -0.7
RICE                       0.178               2.855     10.29              1.73               27.7           1489.5              15326                      265                      4252        -1   666579                        -2.3                      -0.6
WHEAT                      5.738              91.813    573.00              1.00               16.0             37.2              21336                      213                      3418        -1   666579                        -3.2                      -0.5
KRWUSD_mini                0.004               0.063      0.69              0.57                9.2          18618.4              12796                       73                      1171        -1   666579                        -1.9                      -0.2
AUD_micro                  0.003               0.043      0.67              0.40                6.5           7447.3               4980                       20                       321         1   666579                         0.7                       0.0
MXP                        0.000               0.003      0.06              0.39                6.3         372367.4              20580                       80                      1287         2   666579                         6.2                       0.4
BRE                        0.001               0.019      0.19              0.65               10.4          74473.5              13811                       89                      1435         2   666579                         4.1                       0.4
FTSECHINAA               130.861            2093.780  15451.00              0.85               13.6              0.7              11506                       97                      1559         2   666579                         3.5                       0.5
RUSSELL                   27.468             439.482   2634.90              1.04               16.7              3.7               9811                      102                      1636         4   666579                         5.9                       1.0
GBP                        0.005               0.078      1.34              0.36                5.8          46545.9              62399                      227                      3633         2   666579                        18.7                       1.1
TOPIX                     28.978             463.652   3515.00              0.82               13.2              4.7              16631                      137                      2193         4   666579                        10.0                       1.3
LEANHOG                    1.079              17.271     91.90              1.17               18.8            297.9              27376                      321                      5144         2   666579                         8.2                       1.5
SMI                       75.218            1203.494  13328.00              0.56                9.0              9.3             124101                      700                     11206         1   666579                        18.6                       1.7
YENEUR                     0.727              11.626    183.29              0.40                6.3            591.5             108409                      429                      6876         2   666579                        32.5                       2.1
MSCITAIWAN                15.859             253.750   1337.90              1.19               19.0             74.5              99638                     1181                     18897         1   666579                        14.9                       2.8
MIB                      306.256            4900.101  45720.00              0.67               10.7              4.3             198317                     1328                     21254         1   666579                        29.8                       3.2
MSCIEAFA                  20.209             323.348   2984.80              0.68               10.8             37.2             111144                      752                     12040         2   666579                        33.3                       3.6
AEX                        9.519             152.308    988.30              0.96               15.4            173.5             171476                     1651                     26426         1   666579                        25.7                       4.0
SILVER                     2.382              38.112     79.74              2.99               47.8            744.7              59388                     1773                     28383         1   666579                         8.9                       4.3

Sum of abs(notional exposure % capital) 273.7
Sum of abs(annualised risk % capital) 38.8
Net sum of annualised risk % capital 17.0 

===========================================================================================================================================================================================================================
                                                                                                       Correlations                                                                                                        
===========================================================================================================================================================================================================================

               CRUDE_W_micro  GAS-PEN  GAS_US_mini  WHEAT  YENEUR   AEX  AUD_micro  BITCOIN   BRE  FTSECHINAA   MIB  MSCIEAFA  MSCITAIWAN  RUSSELL   SMI  TOPIX  BUXL   JPY   GBP  KRWUSD_mini  LEANHOG   MXP  RICE  SILVER
CRUDE_W_micro           1.00     0.15         0.09   0.34    0.11  0.37       0.03     0.11  0.26        0.14  0.30     -0.02        0.34     0.11  0.13   0.32 -0.18 -0.39 -0.30         0.01     0.21  0.00  0.01   -0.06
GAS-PEN                 0.15     1.00         0.96   0.25    0.01 -0.05       0.08     0.08  0.32        0.01 -0.09     -0.04       -0.09    -0.16 -0.01  -0.05 -0.08 -0.09 -0.14        -0.09    -0.26 -0.10 -0.04   -0.05
GAS_US_mini             0.09     0.96         1.00   0.25    0.00 -0.05       0.10     0.07  0.31       -0.05 -0.07     -0.05       -0.07    -0.18  0.03  -0.05 -0.09 -0.05 -0.11        -0.08    -0.24 -0.08 -0.00    0.01
WHEAT                   0.34     0.25         0.25   1.00   -0.06  0.06       0.22    -0.02  0.24        0.15  0.02      0.04       -0.08     0.02 -0.12   0.02  0.05  0.06 -0.09         0.28     0.06  0.00  0.14    0.03
YENEUR                  0.11     0.01         0.00  -0.06    1.00  0.02       0.12     0.09  0.13        0.14  0.06      0.09        0.19    -0.04  0.06   0.35 -0.43 -0.64  0.08        -0.13    -0.06  0.35 -0.07    0.15
AEX                     0.37    -0.05        -0.05   0.06    0.02  1.00       0.41     0.37  0.32        0.42  0.84      0.61        0.75     0.34  0.74   0.65  0.03 -0.05  0.28         0.25     0.30  0.10  0.02    0.24
AUD_micro               0.03     0.08         0.10   0.22    0.12  0.41       1.00     0.30  0.44        0.40  0.39      0.65        0.50     0.41  0.38   0.43  0.13  0.36  0.68         0.62     0.30  0.39  0.24    0.42
BITCOIN                 0.11     0.08         0.07  -0.02    0.09  0.37       0.30     1.00  0.26        0.19  0.34      0.43        0.41     0.47  0.21   0.31 -0.05 -0.07  0.16         0.16     0.14  0.09  0.18    0.11
BRE                     0.26     0.32         0.31   0.24    0.13  0.32       0.44     0.26  1.00        0.26  0.30      0.41        0.31     0.33  0.24   0.31  0.04  0.02  0.24         0.19     0.07  0.39 -0.00    0.11
FTSECHINAA              0.14     0.01        -0.05   0.15    0.14  0.42       0.40     0.19  0.26        1.00  0.38      0.31        0.30     0.19  0.25   0.30 -0.06 -0.08  0.23         0.20     0.24  0.26  0.07    0.19
MIB                     0.30    -0.09        -0.07   0.02    0.06  0.84       0.39     0.34  0.30        0.38  1.00      0.63        0.63     0.26  0.80   0.66 -0.09 -0.00  0.32         0.17     0.35  0.20  0.00    0.27
MSCIEAFA               -0.02    -0.04        -0.05   0.04    0.09  0.61       0.65     0.43  0.41        0.31  0.63      1.00        0.51     0.57  0.64   0.65  0.17  0.24  0.61         0.36     0.22  0.38  0.11    0.45
MSCITAIWAN              0.34    -0.09        -0.07  -0.08    0.19  0.75       0.50     0.41  0.31        0.30  0.63      0.51        1.00     0.41  0.56   0.68 -0.04 -0.12  0.29         0.27     0.24  0.22  0.10    0.28
RUSSELL                 0.11    -0.16        -0.18   0.02   -0.04  0.34       0.41     0.47  0.33        0.19  0.26      0.57        0.41     1.00  0.20   0.44  0.15  0.01  0.24         0.15     0.31  0.24  0.19    0.33
SMI                     0.13    -0.01         0.03  -0.12    0.06  0.74       0.38     0.21  0.24        0.25  0.80      0.64        0.56     0.20  1.00   0.61 -0.01  0.07  0.43         0.17     0.27  0.17 -0.04    0.39
TOPIX                   0.32    -0.05        -0.05   0.02    0.35  0.65       0.43     0.31  0.31        0.30  0.66      0.65        0.68     0.44  0.61   1.00 -0.03 -0.25  0.32         0.16     0.25  0.27  0.03    0.27
BUXL                   -0.18    -0.08        -0.09   0.05   -0.43  0.03       0.13    -0.05  0.04       -0.06 -0.09      0.17       -0.04     0.15 -0.01  -0.03  1.00  0.40  0.12         0.16     0.11 -0.02  0.11    0.09
JPY                    -0.39    -0.09        -0.05   0.06   -0.64 -0.05       0.36    -0.07  0.02       -0.08 -0.00      0.24       -0.12     0.01  0.07  -0.25  0.40  1.00  0.52         0.44     0.16  0.01  0.12    0.11
GBP                    -0.30    -0.14        -0.11  -0.09    0.08  0.28       0.68     0.16  0.24        0.23  0.32      0.61        0.29     0.24  0.43   0.32  0.12  0.52  1.00         0.54     0.29  0.35  0.20    0.38
KRWUSD_mini             0.01    -0.09        -0.08   0.28   -0.13  0.25       0.62     0.16  0.19        0.20  0.17      0.36        0.27     0.15  0.17   0.16  0.16  0.44  0.54         1.00     0.21  0.19  0.20    0.14
LEANHOG                 0.21    -0.26        -0.24   0.06   -0.06  0.30       0.30     0.14  0.07        0.24  0.35      0.22        0.24     0.31  0.27   0.25  0.11  0.16  0.29         0.21     1.00  0.20  0.24    0.25
MXP                     0.00    -0.10        -0.08   0.00    0.35  0.10       0.39     0.09  0.39        0.26  0.20      0.38        0.22     0.24  0.17   0.27 -0.02  0.01  0.35         0.19     0.20  1.00 -0.01    0.32
RICE                    0.01    -0.04        -0.00   0.14   -0.07  0.02       0.24     0.18 -0.00        0.07  0.00      0.11        0.10     0.19 -0.04   0.03  0.11  0.12  0.20         0.20     0.24 -0.01  1.00    0.27
SILVER                 -0.06    -0.05         0.01   0.03    0.15  0.24       0.42     0.11  0.11        0.19  0.27      0.45        0.28     0.33  0.39   0.27  0.09  0.11  0.38         0.14     0.25  0.32  0.27    1.00


********************************************************************************
                                 END OF REPORT                                  
********************************************************************************


