
********************************************************************************
                    Risk report produced on 15/08/2025 22:54                    
********************************************************************************


Total risk across all strategies, annualised percentage 17.9
Percentage of capital used for margin 42.9%

========================================
Risk per strategy, annualised percentage
========================================

                  risk
dynamic_TF_carry  17.9


===================
Risk by asset class
===================

Ags        4.6
Bond       2.4
Equity    14.7
FX         3.1
Metals     1.6
OilGas     4.2
Sector     1.2
dtype: float64


=====================================================
Beta loadings of asset class positions on asset class
=====================================================

OilGas   -0.08
Sector   -0.06
Metals   -0.01
Ags       0.18
FX        0.26
Bond      0.52
Equity    0.82
dtype: float64


========================================================
Beta loadings of full portfolio positions on asset class
========================================================

OilGas   -0.10
Bond      0.08
Metals    0.14
Ags       0.29
Sector    0.40
FX        0.85
Equity    0.87
dtype: float64


===================================================================================================================================================================================================================================================================
                                                                                                                          Instrument risk                                                                                                                          
===================================================================================================================================================================================================================================================================

              daily_price_stdev  annual_price_stdev      price  daily_perc_stdev  annual_perc_stdev  point_size_base  contract_exposure  daily_risk_per_contract  annual_risk_per_contract  position  capital  exposure_held_perc_capital  annual_risk_perc_capital
GAS_US_mini               0.104               1.664       2.92              3.56               56.9           1845.1               5396                      191                      3070        -4   565118                        -3.8                      -2.2
GAS-PEN                   0.102               1.632       2.93              3.48               55.7           7380.5              21639                      752                     12046        -1   565118                        -3.8                      -2.1
DOW                     328.807            5260.912   45086.00              0.73               11.7              0.4              16637                      121                      1941        -5   565118                       -14.7                      -1.7
COPPER-micro              0.160               2.560       4.56              3.51               56.2           1845.1               8404                      295                      4723        -2   565118                        -3.0                      -1.7
EU-TECH                   9.556             152.902     800.10              1.19               19.1             43.1              34455                      411                      6584        -1   565118                        -6.1                      -1.2
JPY                       0.000               0.001       0.01              0.63               10.0        9225602.9              62872                      393                      6302        -1   565118                       -11.1                      -1.1
WHEAT                     7.009             112.141     527.25              1.33               21.3             36.9              19456                      258                      4138        -1   565118                        -3.4                      -0.7
RICE                      0.161               2.579      12.70              1.27               20.3           1476.1              18739                      237                      3806        -1   565118                        -3.3                      -0.7
KRWUSD_mini               0.004               0.064       0.72              0.55                8.8          18451.2              13310                       73                      1173        -2   565118                        -4.7                      -0.4
MUMMY                     8.484             135.738     791.00              1.07               17.2              5.0               3967                       42                       680         1   565118                         0.7                       0.1
KOSDAQ                   20.708             331.330    1380.40              1.50               24.0              5.3               7326                      109                      1758         1   565118                         1.3                       0.3
CANOLA                   10.884             174.145     660.50              1.65               26.4             10.7               7064                      116                      1862         1   565118                         1.3                       0.3
KR10                      0.297               4.758     118.78              0.25                4.0            530.8              63042                      157                      2525         1   565118                        11.2                       0.4
BITCOIN                2304.512           36872.194  118220.00              1.95               31.2              0.1               8725                      170                      2721         1   565118                         1.5                       0.5
NZD                       0.003               0.050       0.59              0.53                8.5          73804.8              43766                      232                      3718         1   565118                         7.7                       0.7
NIKKEI                  505.715            8091.438   43225.00              1.17               18.7              0.5              21678                      253                      4058         1   565118                         3.8                       0.7
GBP                       0.006               0.092       1.36              0.42                6.8          46128.0              62540                      264                      4227         1   565118                        11.1                       0.7
HANG_mini               284.607            4553.712   25197.00              1.13               18.1              0.9              23766                      268                      4295         1   565118                         4.2                       0.8
MSCISING                  4.989              79.817     434.05              1.15               18.4             57.5              24958                      286                      4589         1   565118                         4.4                       0.8
MXP                       0.000               0.005       0.05              0.56                9.0         369024.1              19609                      110                      1760         3   565118                        10.4                       0.9
LEANHOG                   1.151              18.410      90.12              1.28               20.4            295.2              26606                      339                      5435         1   565118                         4.7                       1.0
BUND                      0.440               7.041     128.80              0.34                5.5            861.3             110932                      379                      6064         1   565118                        19.6                       1.1
BTP                       0.444               7.112     120.18              0.37                5.9            861.3             103508                      382                      6125         1   565118                        18.3                       1.1
YENEUR                    0.751              12.019     172.06              0.44                7.0            626.9             107866                      470                      7535         1   565118                        19.1                       1.3
MSCIEAFA                 23.568             377.084    2747.60              0.86               13.7             36.9             101393                      869                     13915         1   565118                        17.9                       2.5
FEEDCOW                   3.892              62.265     347.22              1.12               17.9            369.0             128134                     1436                     22977         1   565118                        22.7                       4.1
MIB                     368.217            5891.468   42750.00              0.86               13.8              4.3             184098                     1585                     25371         1   565118                        32.6                       4.5
AEX                      16.707             267.315     896.40              1.86               29.8            172.3             154410                     2877                     46046         1   565118                        27.3                       8.1

Sum of abs(notional exposure % capital) 273.7
Sum of abs(annualised risk % capital) 41.7
Net sum of annualised risk % capital 18.1 

================================================================================================================================================================================================================================================
                                                                                                                  Correlations                                                                                                                  
================================================================================================================================================================================================================================================

               BTP  BUND   JPY  KR10   GBP  HANG_mini  KRWUSD_mini   NZD   AEX  BITCOIN  COPPER-micro   DOW  EU-TECH  FEEDCOW  KOSDAQ   MIB  MSCIEAFA  MSCISING  MUMMY   MXP  NIKKEI  CANOLA  LEANHOG  RICE  WHEAT  GAS-PEN  GAS_US_mini  YENEUR
BTP           1.00  0.91  0.36  0.54  0.27       0.14         0.28  0.25  0.21     0.24         -0.04  0.26     0.18    -0.10    0.08  0.13      0.30      0.26   0.16  0.12    0.02   -0.03     0.04 -0.03  -0.04    -0.14        -0.14   -0.41
BUND          0.91  1.00  0.45  0.56  0.11      -0.00         0.23  0.14  0.01     0.09         -0.16  0.06    -0.01    -0.29   -0.03 -0.13      0.07      0.06   0.02 -0.09   -0.20   -0.04    -0.03 -0.02  -0.03    -0.09        -0.13   -0.58
JPY           0.36  0.45  1.00  0.51  0.40       0.14         0.49  0.38 -0.27    -0.21         -0.04 -0.12    -0.31    -0.32   -0.16 -0.20      0.10     -0.18  -0.13 -0.12   -0.43   -0.11     0.07  0.19   0.21    -0.26        -0.29   -0.68
KR10          0.54  0.56  0.51  1.00  0.16      -0.01         0.32  0.07 -0.13    -0.01         -0.24 -0.02    -0.12    -0.23   -0.02 -0.21      0.03     -0.07  -0.11 -0.09   -0.15   -0.14    -0.17  0.15  -0.23    -0.15        -0.26   -0.50
GBP           0.27  0.11  0.40  0.16  1.00       0.45         0.43  0.72  0.30     0.13          0.35  0.31     0.22     0.16    0.30  0.39      0.68      0.30   0.30  0.42    0.32   -0.12     0.13  0.03   0.09    -0.27        -0.20    0.19
HANG_mini     0.14 -0.00  0.14 -0.01  0.45       1.00         0.37  0.51  0.40    -0.00          0.35  0.22     0.36     0.17    0.38  0.42      0.50      0.27   0.33  0.35    0.26    0.10     0.10  0.01   0.30    -0.01         0.06    0.18
KRWUSD_mini   0.28  0.23  0.49  0.32  0.43       0.37         1.00  0.61  0.13    -0.02          0.12  0.12     0.08    -0.01    0.23  0.13      0.44      0.22   0.21  0.25    0.09   -0.02     0.09  0.27   0.28    -0.13        -0.10   -0.14
NZD           0.25  0.14  0.38  0.07  0.72       0.51         0.61  1.00  0.38     0.19          0.48  0.43     0.29     0.29    0.38  0.44      0.74      0.45   0.38  0.43    0.31   -0.02     0.28  0.07   0.24    -0.22        -0.09    0.11
AEX           0.21  0.01 -0.27 -0.13  0.30       0.40         0.13  0.38  1.00     0.48          0.55  0.72     0.88     0.37    0.49  0.83      0.77      0.73   0.52  0.34    0.63   -0.09     0.18  0.01   0.04     0.05         0.20    0.19
BITCOIN       0.24  0.09 -0.21 -0.01  0.13      -0.00        -0.02  0.19  0.48     1.00          0.26  0.51     0.44     0.25    0.20  0.42      0.39      0.47   0.31  0.21    0.36   -0.00     0.15  0.05  -0.13    -0.05         0.06    0.12
COPPER-micro -0.04 -0.16 -0.04 -0.24  0.35       0.35         0.12  0.48  0.55     0.26          1.00  0.45     0.40     0.28    0.28  0.51      0.52      0.48   0.20  0.33    0.28   -0.01     0.06 -0.03   0.33    -0.01         0.14    0.21
DOW           0.26  0.06 -0.12 -0.02  0.31       0.22         0.12  0.43  0.72     0.51          0.45  1.00     0.62     0.42    0.32  0.77      0.77      0.77   0.53  0.32    0.59   -0.02     0.38 -0.16  -0.06    -0.02         0.11    0.09
EU-TECH       0.18 -0.01 -0.31 -0.12  0.22       0.36         0.08  0.29  0.88     0.44          0.40  0.62     1.00     0.28    0.45  0.68      0.60      0.58   0.44  0.36    0.62   -0.01     0.16 -0.08   0.05     0.08         0.21    0.23
FEEDCOW      -0.10 -0.29 -0.32 -0.23  0.16       0.17        -0.01  0.29  0.37     0.25          0.28  0.42     0.28     1.00    0.28  0.50      0.44      0.37   0.33  0.37    0.40   -0.06     0.24  0.03  -0.18    -0.11         0.00    0.38
KOSDAQ        0.08 -0.03 -0.16 -0.02  0.30       0.38         0.23  0.38  0.49     0.20          0.28  0.32     0.45     0.28    1.00  0.43      0.47      0.37   0.43  0.34    0.48   -0.06     0.03 -0.03   0.01     0.05         0.13    0.29
MIB           0.13 -0.13 -0.20 -0.21  0.39       0.42         0.13  0.44  0.83     0.42          0.51  0.77     0.68     0.50    0.43  1.00      0.85      0.79   0.61  0.44    0.66   -0.07     0.29 -0.05   0.06    -0.05         0.14    0.23
MSCIEAFA      0.30  0.07  0.10  0.03  0.68       0.50         0.44  0.74  0.77     0.39          0.52  0.77     0.60     0.44    0.47  0.85      1.00      0.79   0.61  0.51    0.62   -0.12     0.32 -0.00   0.06    -0.12         0.04    0.17
MSCISING      0.26  0.06 -0.18 -0.07  0.30       0.27         0.22  0.45  0.73     0.47          0.48  0.77     0.58     0.37    0.37  0.79      0.79      1.00   0.62  0.39    0.59   -0.06     0.27 -0.10   0.04     0.02         0.19    0.14
MUMMY         0.16  0.02 -0.13 -0.11  0.30       0.33         0.21  0.38  0.52     0.31          0.20  0.53     0.44     0.33    0.43  0.61      0.61      0.62   1.00  0.33    0.61   -0.01     0.37  0.04  -0.06     0.01         0.12    0.17
MXP           0.12 -0.09 -0.12 -0.09  0.42       0.35         0.25  0.43  0.34     0.21          0.33  0.32     0.36     0.37    0.34  0.44      0.51      0.39   0.33  1.00    0.39    0.01     0.25 -0.13   0.16    -0.12        -0.04    0.48
NIKKEI        0.02 -0.20 -0.43 -0.15  0.32       0.26         0.09  0.31  0.63     0.36          0.28  0.59     0.62     0.40    0.48  0.66      0.62      0.59   0.61  0.39    1.00   -0.02     0.11 -0.17  -0.12    -0.01         0.07    0.46
CANOLA       -0.03 -0.04 -0.11 -0.14 -0.12       0.10        -0.02 -0.02 -0.09    -0.00         -0.01 -0.02    -0.01    -0.06   -0.06 -0.07     -0.12     -0.06  -0.01  0.01   -0.02    1.00     0.27 -0.08   0.20     0.14         0.15    0.06
LEANHOG       0.04 -0.03  0.07 -0.17  0.13       0.10         0.09  0.28  0.18     0.15          0.06  0.38     0.16     0.24    0.03  0.29      0.32      0.27   0.37  0.25    0.11    0.27     1.00  0.14   0.22    -0.02         0.05    0.04
RICE         -0.03 -0.02  0.19  0.15  0.03       0.01         0.27  0.07  0.01     0.05         -0.03 -0.16    -0.08     0.03   -0.03 -0.05     -0.00     -0.10   0.04 -0.13   -0.17   -0.08     0.14  1.00   0.12    -0.02        -0.02   -0.13
WHEAT        -0.04 -0.03  0.21 -0.23  0.09       0.30         0.28  0.24  0.04    -0.13          0.33 -0.06     0.05    -0.18    0.01  0.06      0.06      0.04  -0.06  0.16   -0.12    0.20     0.22  0.12   1.00     0.01         0.08   -0.01
GAS-PEN      -0.14 -0.09 -0.26 -0.15 -0.27      -0.01        -0.13 -0.22  0.05    -0.05         -0.01 -0.02     0.08    -0.11    0.05 -0.05     -0.12      0.02   0.01 -0.12   -0.01    0.14    -0.02 -0.02   0.01     1.00         0.93    0.08
GAS_US_mini  -0.14 -0.13 -0.29 -0.26 -0.20       0.06        -0.10 -0.09  0.20     0.06          0.14  0.11     0.21     0.00    0.13  0.14      0.04      0.19   0.12 -0.04    0.07    0.15     0.05 -0.02   0.08     0.93         1.00    0.13
YENEUR       -0.41 -0.58 -0.68 -0.50  0.19       0.18        -0.14  0.11  0.19     0.12          0.21  0.09     0.23     0.38    0.29  0.23      0.17      0.14   0.17  0.48    0.46    0.06     0.04 -0.13  -0.01     0.08         0.13    1.00


********************************************************************************
                                 END OF REPORT                                  
********************************************************************************


