
********************************************************************************
                    Risk report produced on 21/03/2024 22:52                    
********************************************************************************


Total risk across all strategies, annualised percentage 16.0
Percentage of capital used for margin 36.1%

========================================
Risk per strategy, annualised percentage
========================================

                  risk
dynamic_TF_carry  15.9


===================
Risk by asset class
===================

Ags       4.1
Bond      4.8
Equity    7.4
FX        3.2
Metals    4.1
OilGas    3.8
Vol       1.8
dtype: float64


=====================================================
Beta loadings of asset class positions on asset class
=====================================================

Bond     -1.30
Metals   -0.14
Vol      -0.05
Ags       0.06
OilGas    0.12
FX        0.22
Equity    0.59
dtype: float64


========================================================
Beta loadings of full portfolio positions on asset class
========================================================

Bond     -2.45
Vol      -0.23
Metals   -0.13
OilGas    0.20
Ags       0.28
FX        0.47
Equity    0.91
dtype: float64


==================================================================================================================================================================================================================================================================
                                                                                                                         Instrument risk                                                                                                                          
==================================================================================================================================================================================================================================================================

              daily_price_stdev  annual_price_stdev     price  daily_perc_stdev  annual_perc_stdev  point_size_base  contract_exposure  daily_risk_per_contract  annual_risk_per_contract  position  capital  exposure_held_perc_capital  annual_risk_perc_capital
GOLD_micro               15.466             247.457   2206.00              0.70               11.2              7.8              17243                      120                      1934       -11   535401                       -35.4                      -4.0
BUND                      0.558               8.931    132.25              0.42                6.8            854.9             113062                      477                      7635        -2   535401                       -42.2                      -2.9
VIX                       0.387               6.187     16.25              2.38               38.1            781.7              12701                      302                      4836        -2   535401                        -4.7                      -1.8
CHF                       0.005               0.083      1.12              0.46                7.4          97706.6             109856                      506                      8105        -1   535401                       -20.5                      -1.5
CHINAA-CON               19.454             311.260   1935.60              1.01               16.1             19.5              37824                      380                      6082        -1   535401                        -7.1                      -1.1
JPY                       0.000               0.001      0.01              0.57                9.2        9770663.0              65292                      374                      5988        -1   535401                       -12.2                      -1.1
CORN                      4.687              74.996    476.75              0.98               15.7             39.1              18632                      183                      2931        -2   535401                        -7.0                      -1.1
US3                       0.207               3.308    104.28              0.20                3.2           1563.3             163023                      323                      5171        -1   535401                       -30.4                      -1.0
DX                        0.345               5.520    103.72              0.33                5.3            781.7              81069                      269                      4314        -1   535401                       -15.1                      -0.8
HANG_mini               261.072            4177.159  16913.00              1.54               24.7              1.0              16905                      260                      4175        -1   535401                        -3.2                      -0.8
BOBL                      0.293               4.683    117.79              0.25                4.0            854.9             100700                      250                      4003        -1   535401                       -18.8                      -0.7
US2                       0.131               2.097    102.29              0.13                2.1           1563.3             159903                      204                      3278        -1   535401                       -29.9                      -0.6
GAS_US_mini               0.104               1.660      1.83              5.67               90.7           1954.1               3576                      202                      3243        -1   535401                        -0.7                      -0.6
BITCOIN                1910.451           30567.222  66500.00              2.87               46.0              0.1               5197                      149                      2389        -1   535401                        -1.0                      -0.4
MILLWHEAT                 2.908              46.530    210.00              1.38               22.2             42.7               8976                      124                      1988        -1   535401                        -1.7                      -0.4
TOPIX                    24.005             384.079   2772.50              0.87               13.9              5.2              14352                      124                      1988         1   535401                         2.7                       0.4
IRON                      2.792              44.669    108.30              2.58               41.2             78.2               8465                      218                      3491         1   535401                         1.6                       0.7
NASDAQ_micro            175.118            2801.886  18584.75              0.94               15.1              1.6              29053                      273                      4380         1   535401                         5.4                       0.8
LIVECOW                   1.234              19.737    184.48              0.67               10.7            312.7              57678                      385                      6171         1   535401                        10.8                       1.2
MXP                       0.000               0.005      0.06              0.49                7.8         390826.5              23039                      112                      1804         4   535401                        17.2                       1.3
YENEUR                    0.806              12.902    163.10              0.49                7.9            647.1             105538                      521                      8348         1   535401                        19.7                       1.6
MIB                     195.945            3135.120  33855.00              0.58                9.3              4.3             144716                      837                     13401         1   535401                        27.0                       2.5
NIKKEI                  411.273            6580.363  40605.00              1.01               16.2              0.5              21019                      212                      3406         4   535401                        15.7                       2.5
AEX                       6.732             107.720    877.55              0.77               12.3            171.0             150046                     1151                     18418         1   535401                        28.0                       3.4
COCOA                   153.693            2459.091   7934.00              1.94               31.0              7.8              62016                     1201                     19221         1   535401                        11.6                       3.6
GASOILINE                 0.038               0.613      2.67              1.43               22.9          32829.4              87753                     1257                     20119         1   535401                        16.4                       3.8

Sum of abs(notional exposure % capital) 386.0
Sum of abs(annualised risk % capital) 40.6
Net sum of annualised risk % capital 3.0 

==============================================================================================================================================================================================================================
                                                                                                         Correlations                                                                                                         
==============================================================================================================================================================================================================================

                DX   VIX  BITCOIN  BOBL  BUND   CHF  GOLD_micro   JPY   US2   US3  CORN  GAS_US_mini  IRON  MILLWHEAT   AEX  CHINAA-CON  HANG_mini   MIB   MXP  NASDAQ_micro  COCOA  GASOILINE  LIVECOW  NIKKEI  TOPIX  YENEUR
DX            1.00  0.23    -0.17 -0.38 -0.42 -0.74       -0.51 -0.61 -0.44 -0.51 -0.11         0.03 -0.08       0.12 -0.31       -0.19      -0.43 -0.31 -0.48         -0.40   0.02      -0.12    -0.03   -0.02   0.03   -0.02
VIX           0.23  1.00     0.05 -0.02 -0.08 -0.20       -0.02 -0.06  0.11  0.01 -0.02        -0.11 -0.03      -0.07 -0.40       -0.26      -0.42 -0.46 -0.38         -0.58  -0.16       0.03    -0.20   -0.35  -0.45   -0.15
BITCOIN      -0.17  0.05     1.00  0.30  0.35  0.19        0.25  0.21  0.20  0.19  0.05        -0.01 -0.04      -0.10  0.24        0.06       0.11  0.03  0.08          0.14   0.04       0.03    -0.19   -0.09  -0.17   -0.07
BOBL         -0.38 -0.02     0.30  1.00  0.97  0.38        0.40  0.42  0.66  0.71  0.05         0.04 -0.00      -0.11  0.32       -0.03       0.04  0.12  0.16          0.28  -0.20      -0.16    -0.14   -0.11  -0.12   -0.22
BUND         -0.42 -0.08     0.35  0.97  1.00  0.42        0.44  0.40  0.62  0.69  0.07         0.06  0.02      -0.12  0.39       -0.01       0.07  0.22  0.25          0.37  -0.16      -0.11    -0.12   -0.01  -0.06   -0.14
CHF          -0.74 -0.20     0.19  0.38  0.42  1.00        0.48  0.62  0.53  0.56  0.13         0.06  0.11       0.00  0.29        0.01       0.34  0.26  0.33          0.35  -0.11      -0.03    -0.12   -0.14  -0.20   -0.09
GOLD_micro   -0.51 -0.02     0.25  0.40  0.44  0.48        1.00  0.40  0.55  0.56  0.04         0.08  0.04      -0.18  0.12        0.19       0.15  0.19  0.24          0.16   0.03       0.16     0.05    0.06   0.01   -0.03
JPY          -0.61 -0.06     0.21  0.42  0.40  0.62        0.40  1.00  0.44  0.48  0.15        -0.22  0.09       0.02  0.11        0.09       0.27  0.07  0.24          0.17  -0.19      -0.12    -0.06   -0.43  -0.43   -0.70
US2          -0.44  0.11     0.20  0.66  0.62  0.53        0.55  0.44  1.00  0.98 -0.04         0.17 -0.09      -0.17  0.09       -0.05      -0.00 -0.04  0.04          0.11  -0.30      -0.16    -0.22   -0.09  -0.14   -0.17
US3          -0.51  0.01     0.19  0.71  0.69  0.56        0.56  0.48  0.98  1.00 -0.03         0.14 -0.08      -0.19  0.16        0.00       0.06  0.03  0.12          0.18  -0.30      -0.16    -0.19   -0.06  -0.10   -0.16
CORN         -0.11 -0.02     0.05  0.05  0.07  0.13        0.04  0.15 -0.04 -0.03  1.00         0.03  0.17       0.59  0.01        0.02       0.05  0.01  0.04          0.06   0.09       0.16    -0.09   -0.11  -0.09   -0.08
GAS_US_mini   0.03 -0.11    -0.01  0.04  0.06  0.06        0.08 -0.22  0.17  0.14  0.03         1.00 -0.10       0.05 -0.03       -0.09      -0.11 -0.01  0.10         -0.03  -0.16       0.02     0.06    0.21   0.28    0.22
IRON         -0.08 -0.03    -0.04 -0.00  0.02  0.11        0.04  0.09 -0.09 -0.08  0.17        -0.10  1.00       0.07  0.10        0.07       0.07 -0.02  0.09          0.14   0.05       0.03    -0.04    0.06   0.04   -0.01
MILLWHEAT     0.12 -0.07    -0.10 -0.11 -0.12  0.00       -0.18  0.02 -0.17 -0.19  0.59         0.05  0.07       1.00 -0.06        0.02      -0.01 -0.01 -0.03         -0.09   0.11       0.09    -0.11   -0.14  -0.03   -0.13
AEX          -0.31 -0.40     0.24  0.32  0.39  0.29        0.12  0.11  0.09  0.16  0.01        -0.03  0.10      -0.06  1.00        0.31       0.44  0.74  0.31          0.69   0.27       0.21     0.15    0.43   0.40    0.14
CHINAA-CON   -0.19 -0.26     0.06 -0.03 -0.01  0.01        0.19  0.09 -0.05  0.00  0.02        -0.09  0.07       0.02  0.31        1.00       0.69  0.37  0.23          0.21   0.30       0.03     0.19    0.25   0.34    0.07
HANG_mini    -0.43 -0.42     0.11  0.04  0.07  0.34        0.15  0.27 -0.00  0.06  0.05        -0.11  0.07      -0.01  0.44        0.69       1.00  0.43  0.39          0.36   0.27       0.04     0.15    0.09   0.11    0.01
MIB          -0.31 -0.46     0.03  0.12  0.22  0.26        0.19  0.07 -0.04  0.03  0.01        -0.01 -0.02      -0.01  0.74        0.37       0.43  1.00  0.44          0.50   0.35       0.17     0.23    0.42   0.46    0.18
MXP          -0.48 -0.38     0.08  0.16  0.25  0.33        0.24  0.24  0.04  0.12  0.04         0.10  0.09      -0.03  0.31        0.23       0.39  0.44  1.00          0.36   0.10       0.12     0.31    0.17   0.22    0.10
NASDAQ_micro -0.40 -0.58     0.14  0.28  0.37  0.35        0.16  0.17  0.11  0.18  0.06        -0.03  0.14      -0.09  0.69        0.21       0.36  0.50  0.36          1.00   0.20       0.11     0.08    0.52   0.40    0.18
COCOA         0.02 -0.16     0.04 -0.20 -0.16 -0.11        0.03 -0.19 -0.30 -0.30  0.09        -0.16  0.05       0.11  0.27        0.30       0.27  0.35  0.10          0.20   1.00       0.46     0.19    0.33   0.33    0.23
GASOILINE    -0.12  0.03     0.03 -0.16 -0.11 -0.03        0.16 -0.12 -0.16 -0.16  0.16         0.02  0.03       0.09  0.21        0.03       0.04  0.17  0.12          0.11   0.46       1.00     0.27    0.33   0.26    0.16
LIVECOW      -0.03 -0.20    -0.19 -0.14 -0.12 -0.12        0.05 -0.06 -0.22 -0.19 -0.09         0.06 -0.04      -0.11  0.15        0.19       0.15  0.23  0.31          0.08   0.19       0.27     1.00    0.13   0.23    0.07
NIKKEI       -0.02 -0.35    -0.09 -0.11 -0.01 -0.14        0.06 -0.43 -0.09 -0.06 -0.11         0.21  0.06      -0.14  0.43        0.25       0.09  0.42  0.17          0.52   0.33       0.33     0.13    1.00   0.88    0.53
TOPIX         0.03 -0.45    -0.17 -0.12 -0.06 -0.20        0.01 -0.43 -0.14 -0.10 -0.09         0.28  0.04      -0.03  0.40        0.34       0.11  0.46  0.22          0.40   0.33       0.26     0.23    0.88   1.00    0.51
YENEUR       -0.02 -0.15    -0.07 -0.22 -0.14 -0.09       -0.03 -0.70 -0.17 -0.16 -0.08         0.22 -0.01      -0.13  0.14        0.07       0.01  0.18  0.10          0.18   0.23       0.16     0.07    0.53   0.51    1.00


********************************************************************************
                                 END OF REPORT                                  
********************************************************************************


