
********************************************************************************
                    Risk report produced on 04/09/2023 22:52                    
********************************************************************************


Total risk across all strategies, annualised percentage 13.5
Percentage of capital used for margin 60.2%

========================================
Risk per strategy, annualised percentage
========================================

                  risk
dynamic_TF_carry  13.5


===================
Risk by asset class
===================

Ags       3.2
Bond      6.1
Equity    1.7
FX        4.9
OilGas    1.1
Sector    3.6
Vol       1.9
dtype: float64


=====================================================
Beta loadings of asset class positions on asset class
=====================================================

Bond     -1.23
FX       -0.50
Vol      -0.04
OilGas   -0.02
Equity    0.08
Ags       0.23
Sector    0.24
dtype: float64


========================================================
Beta loadings of full portfolio positions on asset class
========================================================

Bond     -1.69
FX       -0.68
Vol      -0.13
OilGas    0.01
Equity    0.21
Sector    0.25
Ags       0.39
dtype: float64


==================================================================================================================================================================================================================================================================
                                                                                                                         Instrument risk                                                                                                                          
==================================================================================================================================================================================================================================================================

              daily_price_stdev  annual_price_stdev     price  daily_perc_stdev  annual_perc_stdev  point_size_base  contract_exposure  daily_risk_per_contract  annual_risk_per_contract  position  capital  exposure_held_perc_capital  annual_risk_perc_capital
US3                       0.196               3.130    103.64              0.19                3.0           1586.1             164384                      310                      4964        -2   362056                       -90.8                      -2.7
BUND                      0.724              11.580    131.87              0.55                8.8            855.5             112810                      619                      9905        -1   362056                       -31.2                      -2.7
CHF                       0.005               0.079      1.13              0.44                7.0          99131.6             112261                      490                      7841        -1   362056                       -31.0                      -2.2
VIX                       0.543               8.690     16.20              3.35               53.6            793.1              12847                      430                      6891        -1   362056                        -3.5                      -1.9
JPY                       0.000               0.001      0.01              0.58                9.2        9913160.7              67820                      391                      6263        -1   362056                       -18.7                      -1.7
BOBL                      0.343               5.484    115.60              0.30                4.7            855.5              98891                      293                      4691        -1   362056                       -27.3                      -1.3
GAS_US_mini               0.122               1.958      2.76              4.43               70.9           1982.6               5472                      242                      3881        -1   362056                        -1.5                      -1.1
DAX                     130.598            2089.566  15824.00              0.83               13.2              0.9              13536                      111                      1787        -2   362056                        -7.5                      -1.0
FTSECHINAA              152.509            2440.147  12937.00              1.18               18.9              0.8              10259                      120                      1935         1   362056                         2.8                       0.5
SOYBEAN_mini             18.458             295.331   1368.12              1.35               21.6              7.9              10849                      146                      2342         1   362056                         3.0                       0.6
MXP                       0.000               0.006      0.06              0.65               10.4         396526.4              23030                      149                      2398         1   362056                         6.4                       0.7
KOSDAQ                   27.492             439.878   1442.50              1.91               30.5              6.0               8699                      165                      2652         1   362056                         2.4                       0.7
EU-AUTO                   7.329             117.261    597.50              1.23               19.6             42.8              25557                      313                      5015         1   362056                         7.1                       1.4
NIKKEI                  316.609            5065.740  32865.00              0.96               15.4              0.5              17828                      171                      2748         2   362056                         9.8                       1.5
CNH                       0.020               0.323      7.26              0.28                4.4          10915.5              79219                      220                      3520         2   362056                        43.8                       1.9
EU-OIL                    3.729              59.664    350.30              1.06               17.0             42.8              14983                      159                      2552         4   362056                        16.6                       2.8
LIVECOW                   1.099              17.577    180.02              0.61                9.8            317.2              57107                      348                      5575         2   362056                        31.5                       3.1

Sum of abs(notional exposure % capital) 334.9
Sum of abs(annualised risk % capital) 27.8
Net sum of annualised risk % capital -1.4 

===================================================================================================================================================
                                                                   Correlations                                                                    
===================================================================================================================================================

               DAX  EU-AUTO  EU-OIL  FTSECHINAA  GAS_US_mini  KOSDAQ  LIVECOW   MXP  NIKKEI  SOYBEAN_mini   CHF   JPY  BOBL  BUND   US3   CNH   VIX
DAX           1.00     0.81    0.53        0.21         0.12    0.46     0.29  0.53    0.66          0.09  0.30  0.06 -0.12  0.01 -0.14 -0.23 -0.65
EU-AUTO       0.81     1.00    0.43        0.13         0.08    0.45     0.32  0.52    0.56          0.12  0.08 -0.09 -0.31 -0.20 -0.35 -0.07 -0.56
EU-OIL        0.53     0.43    1.00        0.31         0.37    0.40     0.22  0.49    0.46          0.29  0.08 -0.01 -0.28 -0.22 -0.21 -0.17 -0.51
FTSECHINAA    0.21     0.13    0.31        1.00         0.19    0.15    -0.06  0.12    0.27          0.03  0.14  0.07 -0.03 -0.01  0.12 -0.48 -0.27
GAS_US_mini   0.12     0.08    0.37        0.19         1.00    0.12     0.13  0.05    0.22          0.16  0.06 -0.11 -0.09 -0.02 -0.06 -0.00 -0.22
KOSDAQ        0.46     0.45    0.40        0.15         0.12    1.00     0.32  0.35    0.50          0.35  0.14 -0.05 -0.06  0.02 -0.10 -0.14 -0.32
LIVECOW       0.29     0.32    0.22       -0.06         0.13    0.32     1.00  0.29    0.27          0.04  0.04 -0.10 -0.11 -0.07 -0.16  0.04 -0.39
MXP           0.53     0.52    0.49        0.12         0.05    0.35     0.29  1.00    0.51          0.28  0.19  0.00 -0.34 -0.24 -0.25 -0.06 -0.65
NIKKEI        0.66     0.56    0.46        0.27         0.22    0.50     0.27  0.51    1.00          0.23  0.01 -0.29 -0.14 -0.02 -0.32  0.00 -0.57
SOYBEAN_mini  0.09     0.12    0.29        0.03         0.16    0.35     0.04  0.28    0.23          1.00  0.21  0.04 -0.11 -0.05 -0.11 -0.06 -0.16
CHF           0.30     0.08    0.08        0.14         0.06    0.14     0.04  0.19    0.01          0.21  1.00  0.69  0.22  0.28  0.54 -0.49 -0.16
JPY           0.06    -0.09   -0.01        0.07        -0.11   -0.05    -0.10  0.00   -0.29          0.04  0.69  1.00  0.33  0.33  0.57 -0.57  0.03
BOBL         -0.12    -0.31   -0.28       -0.03        -0.09   -0.06    -0.11 -0.34   -0.14         -0.11  0.22  0.33  1.00  0.96  0.67 -0.28  0.33
BUND          0.01    -0.20   -0.22       -0.01        -0.02    0.02    -0.07 -0.24   -0.02         -0.05  0.28  0.33  0.96  1.00  0.62 -0.29  0.19
US3          -0.14    -0.35   -0.21        0.12        -0.06   -0.10    -0.16 -0.25   -0.32         -0.11  0.54  0.57  0.67  0.62  1.00 -0.47  0.30
CNH          -0.23    -0.07   -0.17       -0.48        -0.00   -0.14     0.04 -0.06    0.00         -0.06 -0.49 -0.57 -0.28 -0.29 -0.47  1.00  0.08
VIX          -0.65    -0.56   -0.51       -0.27        -0.22   -0.32    -0.39 -0.65   -0.57         -0.16 -0.16  0.03  0.33  0.19  0.30  0.08  1.00


********************************************************************************
                                 END OF REPORT                                  
********************************************************************************


