
********************************************************************************
                    Risk report produced on 08/09/2025 22:53                    
********************************************************************************


Total risk across all strategies, annualised percentage 12.0
Percentage of capital used for margin 43.0%

========================================
Risk per strategy, annualised percentage
========================================

                  risk
dynamic_TF_carry  13.0


===================
Risk by asset class
===================

Ags       1.0
Bond      1.1
Equity    9.3
FX        2.8
Metals    2.1
OilGas    3.7
Sector    1.1
dtype: float64


=====================================================
Beta loadings of asset class positions on asset class
=====================================================

OilGas   -0.08
Sector   -0.06
Ags       0.03
Metals    0.11
FX        0.13
Bond      0.18
Equity    0.76
dtype: float64


========================================================
Beta loadings of full portfolio positions on asset class
========================================================

OilGas   -0.09
Ags       0.15
Metals    0.27
Bond      0.28
Sector    0.30
Equity    0.80
FX        0.93
dtype: float64


=================================================================================================================================================================================================================================================================
                                                                                                                         Instrument risk                                                                                                                         
=================================================================================================================================================================================================================================================================

             daily_price_stdev  annual_price_stdev     price  daily_perc_stdev  annual_perc_stdev  point_size_base  contract_exposure  daily_risk_per_contract  annual_risk_per_contract  position  capital  exposure_held_perc_capital  annual_risk_perc_capital
JPY                      0.000               0.001      0.01              0.56                8.9        9244502.3              63371                      352                      5634        -2   573505                       -22.1                      -2.0
GAS_US_mini              0.092               1.468      3.10              2.96               47.4           1848.9               5722                      169                      2713        -4   573505                        -4.0                      -1.9
GAS-PEN                  0.088               1.408      3.09              2.85               45.6           7395.6              22852                      650                     10410        -1   573505                        -4.0                      -1.8
EU-TECH                  9.434             150.951    791.60              1.19               19.1             43.4              34336                      409                      6547        -1   573505                        -6.0                      -1.1
DAX                    195.576            3129.216  23832.00              0.82               13.1              0.9              20674                      169                      2714        -2   573505                        -7.2                      -0.9
WHEAT                    6.241              99.858    524.25              1.19               19.0             37.0              19385                      230                      3692        -1   573505                        -3.4                      -0.6
MUMMY                    8.553             136.852    775.00              1.10               17.7              5.0               3883                       42                       685         1   573505                         0.7                       0.1
KRWUSD_mini              0.004               0.060      0.72              0.52                8.3          18489.0              13354                       69                      1110         1   573505                         2.3                       0.2
CANOLA                   9.719             155.511    626.50              1.55               24.8             10.7               6707                      104                      1664         1   573505                         1.2                       0.3
FTSECHINAA             150.167            2402.677  14810.00              1.01               16.2              0.7              10952                      111                      1776         1   573505                         1.9                       0.3
RUSSELL                 26.632             426.105   2396.90              1.11               17.8              3.7               8863                       98                      1575         2   573505                         3.1                       0.5
LEANHOG                  1.021              16.328     88.12              1.16               18.5            295.8              26069                      301                      4830         1   573505                         4.5                       0.8
BTP                      0.438               7.004    120.33              0.36                5.8            867.5             104389                      379                      6075         1   573505                        18.2                       1.1
MXP                      0.000               0.004      0.05              0.50                7.9         369780.1              19798                       98                      1571         4   573505                        13.8                       1.1
YENEUR                   0.631              10.091    173.32              0.36                5.8            626.4             108573                      395                      6321         1   573505                        18.9                       1.1
SILVER                   0.518               8.292     41.91              1.24               19.8            739.6              30994                      383                      6132         2   573505                        10.8                       2.1
MSCITAIWAN              11.375             182.005   1039.70              1.09               17.5             74.0              76892                      841                     13460         1   573505                        13.4                       2.3
MIB                    349.354            5589.663  41690.00              0.84               13.4              4.3             180836                     1515                     24246         1   573505                        31.5                       4.2
MSCIEAFA                21.941             351.051   2752.80              0.80               12.8             37.0             101793                      811                     12981         2   573505                        35.5                       4.5

Sum of abs(notional exposure % capital) 202.5
Sum of abs(annualised risk % capital) 26.9
Net sum of annualised risk % capital 10.3 

===============================================================================================================================================================================
                                                                                 Correlations                                                                                  
===============================================================================================================================================================================

             CANOLA  GAS-PEN  GAS_US_mini  WHEAT  YENEUR   BTP   JPY  KRWUSD_mini   DAX  EU-TECH   MIB  MSCIEAFA  MSCITAIWAN  RUSSELL  FTSECHINAA  LEANHOG  MUMMY   MXP  SILVER
CANOLA         1.00     0.15         0.11   0.25    0.10  0.03 -0.08        -0.09 -0.06    -0.02 -0.07     -0.09       -0.07    -0.14        0.05     0.10  -0.07  0.07   -0.13
GAS-PEN        0.15     1.00         0.96   0.26    0.03 -0.21 -0.16        -0.17 -0.04     0.09 -0.11     -0.17        0.12    -0.16        0.05    -0.13  -0.06  0.02   -0.01
GAS_US_mini    0.11     0.96         1.00   0.26    0.02 -0.22 -0.17        -0.14 -0.03     0.10 -0.08     -0.17        0.08    -0.13        0.05    -0.05  -0.06  0.03   -0.01
WHEAT          0.25     0.26         0.26   1.00   -0.13 -0.17  0.13        -0.05 -0.09    -0.07 -0.08     -0.01       -0.15    -0.06        0.09     0.11   0.01  0.16    0.20
YENEUR         0.10     0.03         0.02  -0.13    1.00 -0.36 -0.58        -0.06  0.12     0.08  0.05      0.11        0.24    -0.04        0.10    -0.05   0.04  0.20    0.17
BTP            0.03    -0.21        -0.22  -0.17   -0.36  1.00  0.22         0.24  0.02     0.12  0.10      0.14        0.03     0.18       -0.02     0.10   0.09  0.12    0.01
JPY           -0.08    -0.16        -0.17   0.13   -0.58  0.22  1.00         0.50 -0.05    -0.19 -0.11      0.28       -0.19    -0.03        0.00     0.16  -0.08  0.22    0.16
KRWUSD_mini   -0.09    -0.17        -0.14  -0.05   -0.06  0.24  0.50         1.00  0.18     0.07  0.19      0.47        0.05     0.12        0.19     0.27   0.17  0.31    0.23
DAX           -0.06    -0.04        -0.03  -0.09    0.12  0.02 -0.05         0.18  1.00     0.68  0.81      0.75        0.46     0.50        0.27     0.12   0.33  0.25    0.32
EU-TECH       -0.02     0.09         0.10  -0.07    0.08  0.12 -0.19         0.07  0.68     1.00  0.58      0.51        0.61     0.52        0.28     0.17   0.33  0.16    0.28
MIB           -0.07    -0.11        -0.08  -0.08    0.05  0.10 -0.11         0.19  0.81     0.58  1.00      0.73        0.46     0.52        0.26     0.17   0.41  0.24    0.31
MSCIEAFA      -0.09    -0.17        -0.17  -0.01    0.11  0.14  0.28         0.47  0.75     0.51  0.73      1.00        0.45     0.57        0.39     0.26   0.38  0.51    0.50
MSCITAIWAN    -0.07     0.12         0.08  -0.15    0.24  0.03 -0.19         0.05  0.46     0.61  0.46      0.45        1.00     0.44        0.21     0.01   0.22  0.26    0.28
RUSSELL       -0.14    -0.16        -0.13  -0.06   -0.04  0.18 -0.03         0.12  0.50     0.52  0.52      0.57        0.44     1.00        0.26     0.31   0.31  0.21    0.34
FTSECHINAA     0.05     0.05         0.05   0.09    0.10 -0.02  0.00         0.19  0.27     0.28  0.26      0.39        0.21     0.26        1.00     0.14   0.22  0.32    0.30
LEANHOG        0.10    -0.13        -0.05   0.11   -0.05  0.10  0.16         0.27  0.12     0.17  0.17      0.26        0.01     0.31        0.14     1.00   0.31  0.21    0.34
MUMMY         -0.07    -0.06        -0.06   0.01    0.04  0.09 -0.08         0.17  0.33     0.33  0.41      0.38        0.22     0.31        0.22     0.31   1.00  0.09    0.24
MXP            0.07     0.02         0.03   0.16    0.20  0.12  0.22         0.31  0.25     0.16  0.24      0.51        0.26     0.21        0.32     0.21   0.09  1.00    0.34
SILVER        -0.13    -0.01        -0.01   0.20    0.17  0.01  0.16         0.23  0.32     0.28  0.31      0.50        0.28     0.34        0.30     0.34   0.24  0.34    1.00


********************************************************************************
                                 END OF REPORT                                  
********************************************************************************


