
********************************************************************************
                    Risk report produced on 28/01/2026 22:53                    
********************************************************************************


Total risk across all strategies, annualised percentage 17.7
Percentage of capital used for margin 40.2%

========================================
Risk per strategy, annualised percentage
========================================

                  risk
dynamic_TF_carry  17.7


===================
Risk by asset class
===================

Ags        1.4
Bond       1.4
Equity    13.5
FX         4.1
Metals     5.1
OilGas     0.6
dtype: float64


=====================================================
Beta loadings of asset class positions on asset class
=====================================================

Bond     -0.24
OilGas   -0.01
Ags       0.03
Metals    0.06
FX        0.31
Equity    1.23
dtype: float64


========================================================
Beta loadings of full portfolio positions on asset class
========================================================

Bond     -0.77
OilGas    0.04
Metals    0.28
Ags       0.42
Equity    1.36
FX        1.38
dtype: float64


===================================================================================================================================================================================================================================================================
                                                                                                                          Instrument risk                                                                                                                          
===================================================================================================================================================================================================================================================================

               daily_price_stdev  annual_price_stdev     price  daily_perc_stdev  annual_perc_stdev  point_size_base  contract_exposure  daily_risk_per_contract  annual_risk_per_contract  position  capital  exposure_held_perc_capital  annual_risk_perc_capital
BITCOIN                 2186.772           34988.352  89915.00              2.43               38.9              0.1               6512                      158                      2534        -6   704314                        -5.5                      -2.2
JPY                        0.000               0.001      0.01              0.66               10.5        9053378.7              59213                      388                      6213        -2   704314                       -16.8                      -1.8
KR10                       0.402               6.434    111.64              0.36                5.8            507.2              56620                      203                      3262        -3   704314                       -24.1                      -1.4
GAS_US_mini                0.156               2.500      3.76              4.16               66.6           1810.7               6799                      282                      4527        -1   704314                        -1.0                      -0.6
RICE                       0.163               2.602     11.00              1.48               23.7           1448.5              15933                      235                      3768        -1   704314                        -2.3                      -0.5
WHEAT                      6.152              98.437    586.50              1.05               16.8             36.2              21239                      222                      3564        -1   704314                        -3.0                      -0.5
KRWUSD_mini                0.004               0.070      0.70              0.62                9.9          18106.8              12725                       79                      1264        -1   704314                        -1.8                      -0.2
EUR_micro                  0.006               0.089      1.20              0.46                7.4           9053.4              10830                       50                       804        -1   704314                        -1.5                      -0.1
AUD_micro                  0.003               0.054      0.70              0.48                7.7           7242.7               5078                       24                       392         1   704314                         0.7                       0.1
CRUDE_W_micro              1.063              17.015     63.03              1.69               27.0             72.4               4565                       77                      1232         1   704314                         0.6                       0.2
MXP                        0.000               0.004      0.06              0.48                7.7         362135.1              20945                      101                      1616         2   704314                         5.9                       0.5
BRE                        0.001               0.018      0.19              0.59                9.5          72427.0              13829                       82                      1312         3   704314                         5.9                       0.6
TOPIX                     36.305             580.879   3533.00              1.03               16.4              4.7              16763                      172                      2756         2   704314                         4.8                       0.8
CAD                        0.002               0.039      0.74              0.33                5.3          72427.0              53487                      176                      2825         2   704314                        15.2                       0.8
RUSSELL                   26.812             428.994   2671.20              1.00               16.1              3.6               9673                       97                      1553         4   704314                         5.5                       0.9
GBP                        0.006               0.099      1.38              0.45                7.2          45266.9              62432                      280                      4492         2   704314                        17.7                       1.3
LEANHOG                    1.079              17.266     95.25              1.13               18.1            289.7              27594                      312                      5002         2   704314                         7.8                       1.4
SMI                       92.914            1486.623  12943.00              0.72               11.5              9.5             122563                      879                     14077         1   704314                        17.4                       2.0
MSCITAIWAN                13.660             218.558   1430.70              0.95               15.3             72.4             103621                      989                     15829         1   704314                        14.7                       2.2
YENEUR                     0.860              13.758    182.87              0.47                7.5            593.1             108462                      509                      8159         2   704314                        30.8                       2.3
AEX                        8.285             132.564    998.40              0.83               13.3            173.8             173490                     1439                     23035         1   704314                        24.6                       3.3
MIB                      334.240            5347.843  45305.00              0.74               11.8              4.3             196814                     1452                     23232         1   704314                        27.9                       3.3
MSCIEAFA                  22.910             366.556   3047.90              0.75               12.0             36.2             110375                      829                     13274         2   704314                        31.3                       3.8
SILVER                     2.779              44.458    115.32              2.41               38.6            724.3              83522                     2012                     32199         1   704314                        11.9                       4.6

Sum of abs(notional exposure % capital) 278.7
Sum of abs(annualised risk % capital) 35.4
Net sum of annualised risk % capital 20.8 

=======================================================================================================================================================================================================================
                                                                                                     Correlations                                                                                                      
=======================================================================================================================================================================================================================

                CAD  EUR_micro   JPY  KRWUSD_mini  KR10  CRUDE_W_micro  GAS_US_mini  LEANHOG  RICE  SILVER  WHEAT  YENEUR  AUD_micro   BRE   GBP   MXP   AEX  BITCOIN   MIB  MSCIEAFA  MSCITAIWAN  RUSSELL   SMI  TOPIX
CAD            1.00       0.65  0.50         0.56  0.02          -0.03         0.13     0.26  0.01    0.02   0.21    0.02       0.63  0.22  0.59  0.39 -0.04     0.12  0.03      0.29        0.11     0.01 -0.01  -0.00
EUR_micro      0.65       1.00  0.64         0.49  0.04          -0.16         0.04     0.19  0.08    0.12   0.15    0.13       0.62  0.28  0.79  0.40 -0.05    -0.08  0.03      0.35        0.06    -0.12  0.05   0.01
JPY            0.50       0.64  1.00         0.57  0.29          -0.23         0.04     0.15  0.08    0.02   0.06   -0.66       0.39  0.21  0.54  0.10 -0.05    -0.17 -0.11      0.14       -0.13    -0.20 -0.05  -0.30
KRWUSD_mini    0.56       0.49  0.57         1.00  0.20          -0.18         0.08     0.05  0.01   -0.14   0.10   -0.25       0.51  0.24  0.41  0.19  0.03    -0.05  0.04      0.32        0.12    -0.06  0.04  -0.04
KR10           0.02       0.04  0.29         0.20  1.00          -0.21        -0.06    -0.14 -0.06   -0.21  -0.39   -0.33      -0.04 -0.16  0.13 -0.17 -0.13    -0.01 -0.22     -0.10       -0.15     0.13 -0.00  -0.23
CRUDE_W_micro -0.03      -0.16 -0.23        -0.18 -0.21           1.00         0.17     0.24  0.13    0.12   0.20    0.11       0.17  0.21 -0.07  0.15  0.39     0.15  0.37      0.23        0.28     0.16  0.17   0.26
GAS_US_mini    0.13       0.04  0.04         0.08 -0.06           0.17         1.00    -0.06  0.06   -0.05   0.23   -0.03       0.22  0.24  0.09  0.01  0.03    -0.06  0.01      0.14        0.05    -0.01  0.06   0.05
LEANHOG        0.26       0.19  0.15         0.05 -0.14           0.24        -0.06     1.00  0.20    0.32   0.19   -0.00       0.32  0.15  0.24  0.24  0.15     0.10  0.21      0.18        0.20     0.23  0.13   0.11
RICE           0.01       0.08  0.08         0.01 -0.06           0.13         0.06     0.20  1.00    0.22   0.14   -0.05       0.14 -0.08  0.10 -0.03 -0.10     0.10 -0.00      0.05        0.11    -0.10 -0.09  -0.04
SILVER         0.02       0.12  0.02        -0.14 -0.21           0.12        -0.05     0.32  0.22    1.00   0.06    0.12       0.32  0.17  0.23  0.39  0.26    -0.01  0.25      0.25        0.23     0.26  0.28   0.20
WHEAT          0.21       0.15  0.06         0.10 -0.39           0.20         0.23     0.19  0.14    0.06   1.00    0.04       0.22  0.17  0.03  0.18  0.05    -0.07  0.04      0.08        0.03    -0.11 -0.12  -0.03
YENEUR         0.02       0.13 -0.66        -0.25 -0.33           0.11        -0.03    -0.00 -0.05    0.12   0.04    1.00       0.10 -0.03  0.09  0.27  0.02     0.10  0.20      0.16        0.20     0.14  0.15   0.39
AUD_micro      0.63       0.62  0.39         0.51 -0.04           0.17         0.22     0.32  0.14    0.32   0.22    0.10       1.00  0.45  0.74  0.47  0.39     0.26  0.51      0.73        0.49     0.36  0.48   0.43
BRE            0.22       0.28  0.21         0.24 -0.16           0.21         0.24     0.15 -0.08    0.17   0.17   -0.03       0.45  1.00  0.36  0.47  0.40     0.09  0.40      0.41        0.35     0.24  0.28   0.37
GBP            0.59       0.79  0.54         0.41  0.13          -0.07         0.09     0.24  0.10    0.23   0.03    0.09       0.74  0.36  1.00  0.45  0.19     0.17  0.36      0.56        0.34     0.17  0.40   0.28
MXP            0.39       0.40  0.10         0.19 -0.17           0.15         0.01     0.24 -0.03    0.39   0.18    0.27       0.47  0.47  0.45  1.00  0.24     0.14  0.35      0.38        0.38     0.23  0.20   0.35
AEX           -0.04      -0.05 -0.05         0.03 -0.13           0.39         0.03     0.15 -0.10    0.26   0.05    0.02       0.39  0.40  0.19  0.24  1.00     0.32  0.65      0.53        0.56     0.53  0.60   0.56
BITCOIN        0.12      -0.08 -0.17        -0.05 -0.01           0.15        -0.06     0.10  0.10   -0.01  -0.07    0.10       0.26  0.09  0.17  0.14  0.32     1.00  0.37      0.27        0.41     0.54  0.26   0.39
MIB            0.03       0.03 -0.11         0.04 -0.22           0.37         0.01     0.21 -0.00    0.25   0.04    0.20       0.51  0.40  0.36  0.35  0.65     0.37  1.00      0.77        0.63     0.49  0.73   0.72
MSCIEAFA       0.29       0.35  0.14         0.32 -0.10           0.23         0.14     0.18  0.05    0.25   0.08    0.16       0.73  0.41  0.56  0.38  0.53     0.27  0.77      1.00        0.63     0.48  0.72   0.72
MSCITAIWAN     0.11       0.06 -0.13         0.12 -0.15           0.28         0.05     0.20  0.11    0.23   0.03    0.20       0.49  0.35  0.34  0.38  0.56     0.41  0.63      0.63        1.00     0.53  0.50   0.73
RUSSELL        0.01      -0.12 -0.20        -0.06  0.13           0.16        -0.01     0.23 -0.10    0.26  -0.11    0.14       0.36  0.24  0.17  0.23  0.53     0.54  0.49      0.48        0.53     1.00  0.56   0.58
SMI           -0.01       0.05 -0.05         0.04 -0.00           0.17         0.06     0.13 -0.09    0.28  -0.12    0.15       0.48  0.28  0.40  0.20  0.60     0.26  0.73      0.72        0.50     0.56  1.00   0.66
TOPIX         -0.00       0.01 -0.30        -0.04 -0.23           0.26         0.05     0.11 -0.04    0.20  -0.03    0.39       0.43  0.37  0.28  0.35  0.56     0.39  0.72      0.72        0.73     0.58  0.66   1.00


********************************************************************************
                                 END OF REPORT                                  
********************************************************************************


