
********************************************************************************
                    Risk report produced on 28/10/2024 22:52                    
********************************************************************************


Total risk across all strategies, annualised percentage 11.5
Percentage of capital used for margin 70.3%

========================================
Risk per strategy, annualised percentage
========================================

                  risk
dynamic_TF_carry  11.5


===================
Risk by asset class
===================

Ags       2.6
Bond      1.2
Equity    9.1
FX        2.6
Metals    2.6
OilGas    2.0
Sector    1.5
Vol       1.0
dtype: float64


=====================================================
Beta loadings of asset class positions on asset class
=====================================================

FX       -0.19
Bond     -0.19
Sector   -0.08
OilGas   -0.06
Vol      -0.02
Ags       0.04
Metals    0.11
Equity    0.72
dtype: float64


========================================================
Beta loadings of full portfolio positions on asset class
========================================================

Bond     -0.37
Vol      -0.21
OilGas   -0.00
Ags       0.07
Metals    0.22
Sector    0.30
FX        0.57
Equity    0.78
dtype: float64


===================================================================================================================================================================================================================================================================
                                                                                                                          Instrument risk                                                                                                                          
===================================================================================================================================================================================================================================================================

               daily_price_stdev  annual_price_stdev     price  daily_perc_stdev  annual_perc_stdev  point_size_base  contract_exposure  daily_risk_per_contract  annual_risk_per_contract  position  capital  exposure_held_perc_capital  annual_risk_perc_capital
GAS-PEN                    0.088               1.406      3.09              2.84               45.5           7716.9              23876                      678                     10853        -1   589485                        -4.1                      -1.8
BUND                       0.544               8.706    133.06              0.41                6.5            833.0             110838                      453                      7252        -1   589485                       -18.8                      -1.2
CHF                        0.005               0.075      1.16              0.40                6.4          96461.8             111914                      450                      7213        -1   589485                       -19.0                      -1.2
VIX                        0.500               8.005     18.80              2.66               42.6            771.7              14507                      386                      6177        -1   589485                        -2.5                      -1.0
EU-BASIC                   8.652             138.433    557.60              1.55               24.8             41.6              23223                      360                      5765        -1   589485                        -3.9                      -1.0
COTTON2                    0.925              14.799     70.68              1.31               20.9            385.8              27271                      356                      5710        -1   589485                        -4.6                      -1.0
SOYMEAL                    4.345              69.522    306.70              1.42               22.7             77.2              23667                      335                      5364        -1   589485                        -4.0                      -0.9
EU-AUTO                    7.376             118.018    570.90              1.29               20.7             41.6              23777                      307                      4915        -1   589485                        -4.0                      -0.8
NZD                        0.004               0.058      0.60              0.60                9.6          77169.4              46147                      277                      4441        -1   589485                        -7.8                      -0.8
CRUDE_W_micro              1.438              23.010     71.38              2.01               32.2             77.2               5508                      110                      1775        -2   589485                        -1.9                      -0.6
CORN                       4.996              79.944    415.75              1.20               19.2             38.6              16041                      192                      3084        -1   589485                        -2.7                      -0.5
MXP                        0.000               0.006      0.05              0.80               12.7         385847.1              19145                      152                      2440        -1   589485                        -3.2                      -0.4
KOSDAQ                    24.767             396.265   1270.10              1.95               31.2              5.6               7080                      138                      2209        -1   589485                        -1.2                      -0.4
CANOLA                     8.435             134.958    656.50              1.28               20.6             11.1               7295                       93                      1499        -1   589485                        -1.2                      -0.3
MUMMY                     13.405             214.488    592.00              2.26               36.2              5.0               2977                       67                      1078         1   589485                         0.5                       0.2
SUGAR11                    0.324               5.183     20.42              1.59               25.4            864.3              17648                      279                      4479         1   589485                         3.0                       0.8
MSCISING                   2.549              40.783    348.10              0.73               11.7             58.3              20294                      148                      2377         2   589485                         6.9                       0.8
DOW                      269.388            4310.202  42354.00              0.64               10.2              0.4              16342                      103                      1663         3   589485                         8.3                       0.8
LIVECOW                    1.055              16.887    189.82              0.56                8.9            308.7              58594                      325                      5212         1   589485                         9.9                       0.9
RUSSELL                   23.115             369.838   2223.80              1.04               16.6              3.9               8580                       89                      1427         4   589485                         5.8                       1.0
SILVER                     0.631              10.090     33.80              1.87               29.9            771.7              26079                      486                      7786         1   589485                         4.4                       1.3
PLAT                      15.025             240.401   1034.50              1.45               23.2             38.6              39915                      579                      9275         1   589485                         6.8                       1.6
YENEUR                     0.949              15.179    163.79              0.58                9.3            628.8             102984                      596                      9543         1   589485                        17.5                       1.6
SMI                       73.950            1183.198  12206.00              0.61                9.7              8.9             108447                      657                     10512         1   589485                        18.4                       1.8
LEANHOG                    1.104              17.659     79.50              1.39               22.2            308.7              24539                      340                      5450         2   589485                         8.3                       1.8
MIB                      267.513            4280.207  34615.00              0.77               12.4              4.2             144171                     1114                     17827         1   589485                        24.5                       3.0
MSCITAIWAN                11.185             178.952    972.40              1.15               18.4             77.2              75039                      863                     13809         2   589485                        25.5                       4.7

Sum of abs(notional exposure % capital) 218.7
Sum of abs(annualised risk % capital) 32.2
Net sum of annualised risk % capital 8.4 

=======================================================================================================================================================================================================================================
                                                                                                             Correlations                                                                                                              
=======================================================================================================================================================================================================================================

                DOW  EU-AUTO  KOSDAQ   MIB  MSCISING  MSCITAIWAN  MUMMY   MXP  RUSSELL   SMI  BUND   CHF   NZD  CANOLA  CORN  COTTON2  CRUDE_W_micro  EU-BASIC  GAS-PEN  LEANHOG  LIVECOW  PLAT  SILVER  SOYMEAL  SUGAR11  YENEUR   VIX
DOW            1.00     0.44    0.43  0.60      0.55        0.42   0.71  0.40     0.85  0.59  0.24  0.15  0.30   -0.07 -0.00     0.20           0.19      0.35    -0.03     0.14     0.26  0.31    0.30    -0.04     0.29    0.06 -0.65
EU-AUTO        0.44     1.00    0.46  0.77      0.34        0.37   0.48  0.22     0.49  0.46 -0.18  0.08  0.30    0.15  0.03     0.18           0.08      0.39    -0.13     0.22     0.03  0.06    0.23    -0.00     0.17    0.30 -0.34
KOSDAQ         0.43     0.46    1.00  0.49      0.44        0.47   0.45  0.33     0.39  0.38 -0.03 -0.01  0.11    0.04  0.01    -0.02           0.18      0.29    -0.05    -0.04     0.12 -0.09    0.05     0.04     0.23    0.35 -0.40
MIB            0.60     0.77    0.49  1.00      0.50        0.37   0.52  0.35     0.64  0.54 -0.09 -0.05  0.22    0.20 -0.06     0.01           0.12      0.38    -0.05     0.29     0.24  0.19    0.30    -0.01     0.21    0.29 -0.57
MSCISING       0.55     0.34    0.44  0.50      1.00        0.51   0.57  0.36     0.48  0.32 -0.01 -0.14  0.22    0.12  0.03     0.09           0.20      0.38     0.08     0.10     0.15  0.31    0.42    -0.07     0.25    0.25 -0.57
MSCITAIWAN     0.42     0.37    0.47  0.37      0.51        1.00   0.47  0.37     0.35  0.32 -0.03 -0.09  0.15    0.09 -0.04     0.15           0.34      0.42     0.01    -0.02     0.23  0.23    0.40    -0.22     0.29    0.42 -0.42
MUMMY          0.71     0.48    0.45  0.52      0.57        0.47   1.00  0.25     0.70  0.37  0.03 -0.01  0.23   -0.04 -0.03     0.21           0.25      0.32    -0.04     0.16     0.22  0.18    0.19    -0.02     0.40    0.24 -0.54
MXP            0.40     0.22    0.33  0.35      0.36        0.37   0.25  1.00     0.33  0.19  0.05 -0.07  0.09   -0.01  0.06     0.20           0.20      0.37    -0.06     0.08     0.26  0.36    0.29    -0.05     0.13    0.28 -0.39
RUSSELL        0.85     0.49    0.39  0.64      0.48        0.35   0.70  0.33     1.00  0.49  0.15  0.11  0.28    0.06 -0.04     0.21           0.14      0.34    -0.17     0.26     0.21  0.32    0.27    -0.05     0.20   -0.04 -0.52
SMI            0.59     0.46    0.38  0.54      0.32        0.32   0.37  0.19     0.49  1.00  0.24  0.29  0.46   -0.03 -0.06     0.05          -0.03      0.33     0.07     0.15     0.12  0.15    0.16    -0.05     0.21    0.06 -0.41
BUND           0.24    -0.18   -0.03 -0.09     -0.01       -0.03   0.03  0.05     0.15  0.24  1.00  0.31  0.25   -0.30 -0.02    -0.21          -0.30      0.05     0.02     0.00    -0.13  0.28    0.06     0.03    -0.20   -0.41 -0.02
CHF            0.15     0.08   -0.01 -0.05     -0.14       -0.09  -0.01 -0.07     0.11  0.29  0.31  1.00  0.59   -0.04  0.15    -0.12          -0.13      0.05    -0.01     0.07    -0.13  0.12    0.12     0.22     0.14   -0.30  0.13
NZD            0.30     0.30    0.11  0.22      0.22        0.15   0.23  0.09     0.28  0.46  0.25  0.59  1.00    0.02  0.08    -0.00          -0.04      0.44     0.09     0.05    -0.03  0.36    0.42     0.23     0.30   -0.04 -0.12
CANOLA        -0.07     0.15    0.04  0.20      0.12        0.09  -0.04 -0.01     0.06 -0.03 -0.30 -0.04  0.02    1.00  0.42     0.19           0.27      0.16     0.14     0.41     0.27  0.07    0.29     0.45     0.18    0.12  0.03
CORN          -0.00     0.03    0.01 -0.06      0.03       -0.04  -0.03  0.06    -0.04 -0.06 -0.02  0.15  0.08    0.42  1.00     0.10           0.14      0.14     0.26     0.17     0.13  0.10    0.18     0.61     0.01    0.05  0.08
COTTON2        0.20     0.18   -0.02  0.01      0.09        0.15   0.21  0.20     0.21  0.05 -0.21 -0.12 -0.00    0.19  0.10     1.00           0.18      0.19     0.01     0.14     0.13  0.16    0.10     0.11     0.23    0.05 -0.10
CRUDE_W_micro  0.19     0.08    0.18  0.12      0.20        0.34   0.25  0.20     0.14 -0.03 -0.30 -0.13 -0.04    0.27  0.14     0.18           1.00      0.22     0.11     0.08     0.53  0.08    0.22     0.04     0.40    0.20 -0.09
EU-BASIC       0.35     0.39    0.29  0.38      0.38        0.42   0.32  0.37     0.34  0.33  0.05  0.05  0.44    0.16  0.14     0.19           0.22      1.00     0.16     0.14     0.22  0.47    0.47     0.23     0.27    0.22 -0.23
GAS-PEN       -0.03    -0.13   -0.05 -0.05      0.08        0.01  -0.04 -0.06    -0.17  0.07  0.02 -0.01  0.09    0.14  0.26     0.01           0.11      0.16     1.00    -0.04     0.18  0.03    0.13     0.21    -0.02    0.23 -0.13
LEANHOG        0.14     0.22   -0.04  0.29      0.10       -0.02   0.16  0.08     0.26  0.15  0.00  0.07  0.05    0.41  0.17     0.14           0.08      0.14    -0.04     1.00     0.27  0.05    0.12     0.19     0.15   -0.09 -0.02
LIVECOW        0.26     0.03    0.12  0.24      0.15        0.23   0.22  0.26     0.21  0.12 -0.13 -0.13 -0.03    0.27  0.13     0.13           0.53      0.22     0.18     0.27     1.00  0.17    0.22     0.07     0.29    0.17 -0.27
PLAT           0.31     0.06   -0.09  0.19      0.31        0.23   0.18  0.36     0.32  0.15  0.28  0.12  0.36    0.07  0.10     0.16           0.08      0.47     0.03     0.05     0.17  1.00    0.63     0.14     0.12   -0.03 -0.22
SILVER         0.30     0.23    0.05  0.30      0.42        0.40   0.19  0.29     0.27  0.16  0.06  0.12  0.42    0.29  0.18     0.10           0.22      0.47     0.13     0.12     0.22  0.63    1.00     0.15     0.19    0.22 -0.20
SOYMEAL       -0.04    -0.00    0.04 -0.01     -0.07       -0.22  -0.02 -0.05    -0.05 -0.05  0.03  0.22  0.23    0.45  0.61     0.11           0.04      0.23     0.21     0.19     0.07  0.14    0.15     1.00     0.13   -0.04  0.15
SUGAR11        0.29     0.17    0.23  0.21      0.25        0.29   0.40  0.13     0.20  0.21 -0.20  0.14  0.30    0.18  0.01     0.23           0.40      0.27    -0.02     0.15     0.29  0.12    0.19     0.13     1.00    0.19 -0.25
YENEUR         0.06     0.30    0.35  0.29      0.25        0.42   0.24  0.28    -0.04  0.06 -0.41 -0.30 -0.04    0.12  0.05     0.05           0.20      0.22     0.23    -0.09     0.17 -0.03    0.22    -0.04     0.19    1.00 -0.28
VIX           -0.65    -0.34   -0.40 -0.57     -0.57       -0.42  -0.54 -0.39    -0.52 -0.41 -0.02  0.13 -0.12    0.03  0.08    -0.10          -0.09     -0.23    -0.13    -0.02    -0.27 -0.22   -0.20     0.15    -0.25   -0.28  1.00


********************************************************************************
                                 END OF REPORT                                  
********************************************************************************


