
********************************************************************************
                    Risk report produced on 08/02/2024 22:51                    
********************************************************************************


Total risk across all strategies, annualised percentage 9.7
Percentage of capital used for margin 59.7%

========================================
Risk per strategy, annualised percentage
========================================

                  risk
dynamic_TF_carry   9.8


===================
Risk by asset class
===================

Ags       1.8
Bond      1.7
Equity    6.3
FX        5.6
Metals    1.3
OilGas    1.0
Sector    0.7
Vol       1.4
dtype: float64


=====================================================
Beta loadings of asset class positions on asset class
=====================================================

Bond     -0.38
FX       -0.16
Ags      -0.12
Vol      -0.03
OilGas   -0.01
Metals    0.02
Sector    0.04
Equity    0.58
dtype: float64


========================================================
Beta loadings of full portfolio positions on asset class
========================================================

Bond     -1.51
Vol      -0.20
Metals   -0.04
Ags      -0.04
OilGas    0.02
Sector    0.23
FX        0.29
Equity    0.84
dtype: float64


==================================================================================================================================================================================================================================================================
                                                                                                                         Instrument risk                                                                                                                          
==================================================================================================================================================================================================================================================================

              daily_price_stdev  annual_price_stdev     price  daily_perc_stdev  annual_perc_stdev  point_size_base  contract_exposure  daily_risk_per_contract  annual_risk_per_contract  position  capital  exposure_held_perc_capital  annual_risk_perc_capital
CHF                       0.005               0.087      1.15              0.47                7.6          98949.2             113648                      536                      8580        -1   377167                       -30.1                      -2.3
JPY                       0.000               0.001      0.01              0.64               10.2        9894916.0              66627                      425                      6809        -1   377167                       -17.7                      -1.8
LEANHOG                   1.206              19.294     80.45              1.50               24.0            316.6              25473                      381                      6109        -1   377167                        -6.8                      -1.6
VIX                       0.420               6.721     14.50              2.90               46.4            791.6              11478                      332                      5320        -1   377167                        -3.0                      -1.4
BOBL                      0.368               5.885    117.20              0.31                5.0            853.7             100055                      314                      5024        -1   377167                       -26.5                      -1.3
SILVER                    0.342               5.477     22.66              1.51               24.2            791.6              17937                      270                      4335        -1   377167                        -4.8                      -1.1
US2                       0.155               2.475    102.35              0.15                2.4           1583.2             162041                      244                      3918        -1   377167                       -43.0                      -1.0
GAS_US_mini               0.122               1.957      1.92              6.35              101.7           1979.0               3809                      242                      3873        -1   377167                        -1.0                      -1.0
CORN                      4.367              69.867    472.50              0.92               14.8             39.6              18701                      172                      2765        -1   377167                        -5.0                      -0.7
FTSECHINAA              158.937            2542.987  11473.00              1.39               22.2              0.8               9081                      125                      2013        -1   377167                        -2.4                      -0.5
EUR_micro                 0.004               0.072      1.08              0.42                6.7           9894.9              10679                       44                       712        -2   377167                        -5.7                      -0.4
DOW                     227.625            3641.992  38803.00              0.59                9.4              0.4              15358                       90                      1441         1   377167                         4.1                       0.4
TOPIX                    18.968             303.482   2568.50              0.74               11.8              5.3              13670                      100                      1615         1   377167                         3.6                       0.4
EU-OIL                    4.048              64.764    344.70              1.17               18.8             42.7              14713                      172                      2764         1   377167                         3.9                       0.7
IRON                      2.206              35.304    127.20              1.73               27.8             79.2              10069                      174                      2794         1   377167                         2.7                       0.7
BITCOIN                1118.706           17899.295  45845.00              2.44               39.0              0.1               3629                       88                      1416         2   377167                         1.9                       0.8
CNH                       0.018               0.292      7.20              0.25                4.1          10983.6              79070                      200                      3208         1   377167                        21.0                       0.9
MXP                       0.000               0.005      0.06              0.58                9.2         395796.6              22920                      131                      2109         2   377167                        12.2                       1.1
NASDAQ_micro            170.230            2723.677  17872.25              0.95               15.2              1.6              28295                      269                      4312         1   377167                         7.5                       1.1
KR10                      0.485               7.765    113.24              0.43                6.9            596.7              67566                      289                      4632         1   377167                        17.9                       1.2
NIKKEI                  343.285            5492.553  36895.00              0.93               14.9              0.5              19637                      182                      2923         2   377167                        10.4                       1.6
R1000                    12.056             192.891   1639.40              0.74               11.8             39.6              64886                      477                      7634         1   377167                        17.2                       2.0
CAC                      59.068             945.082   7668.00              0.77               12.3              8.5              65462                      504                      8068         1   377167                        17.4                       2.1
YENEUR                    0.914              14.626    160.29              0.57                9.1            665.3             106642                      608                      9731         1   377167                        28.3                       2.6

Sum of abs(notional exposure % capital) 294.1
Sum of abs(annualised risk % capital) 28.7
Net sum of annualised risk % capital 2.5 

======================================================================================================================================================================================================
                                                                                             Correlations                                                                                             
======================================================================================================================================================================================================

               CNH   VIX  CORN  EU-OIL  FTSECHINAA  IRON  BITCOIN  BOBL   CHF  EUR_micro   JPY  KR10  SILVER   US2   CAC   DOW   MXP  NASDAQ_micro  R1000  GAS_US_mini  LEANHOG  NIKKEI  TOPIX  YENEUR
CNH           1.00  0.17 -0.05   -0.07       -0.30 -0.30    -0.10 -0.34 -0.53      -0.56 -0.45 -0.55   -0.47 -0.38 -0.26 -0.33 -0.18         -0.37  -0.35         0.24    -0.09   -0.09   0.03    0.03
VIX           0.17  1.00 -0.01   -0.11       -0.32 -0.13    -0.01 -0.02 -0.09      -0.19  0.02 -0.23   -0.00  0.17 -0.42 -0.56 -0.39         -0.62  -0.55        -0.06    -0.22   -0.53  -0.59   -0.23
CORN         -0.05 -0.01  1.00    0.14       -0.02  0.21     0.04  0.04  0.12       0.06  0.12 -0.06    0.14 -0.05  0.09  0.06  0.02          0.03   0.07         0.08     0.02   -0.08  -0.08   -0.05
EU-OIL       -0.07 -0.11  0.14    1.00        0.20  0.15     0.03  0.02  0.14       0.08 -0.00  0.05    0.33 -0.07  0.47  0.40  0.21          0.13   0.48         0.21     0.13    0.23   0.23    0.03
FTSECHINAA   -0.30 -0.32 -0.02    0.20        1.00  0.20    -0.08 -0.03  0.03       0.10  0.01  0.13    0.05 -0.04  0.28  0.22  0.25          0.24   0.23        -0.03     0.03    0.30   0.40    0.11
IRON         -0.30 -0.13  0.21    0.15        0.20  1.00     0.01 -0.00  0.20       0.16  0.20  0.11    0.20 -0.09  0.14  0.08  0.15          0.16   0.15        -0.15     0.02    0.02   0.01   -0.05
BITCOIN      -0.10 -0.01  0.04    0.03       -0.08  0.01     1.00  0.37  0.29       0.16  0.15  0.25    0.21  0.26  0.29  0.23  0.09          0.14   0.22         0.13    -0.04   -0.13  -0.13   -0.02
BOBL         -0.34 -0.02  0.04    0.02       -0.03 -0.00     0.37  1.00  0.37       0.33  0.41  0.56    0.32  0.64  0.35  0.38  0.11          0.30   0.35        -0.00     0.02   -0.04  -0.05   -0.18
CHF          -0.53 -0.09  0.12    0.14        0.03  0.20     0.29  0.37  1.00       0.74  0.60  0.51    0.54  0.52  0.37  0.39  0.30          0.35   0.40         0.03     0.08   -0.01  -0.12   -0.02
EUR_micro    -0.56 -0.19  0.06    0.08        0.10  0.16     0.16  0.33  0.74       1.00  0.43  0.39    0.61  0.43  0.40  0.46  0.47          0.48   0.47         0.04     0.16    0.20   0.11    0.34
JPY          -0.45  0.02  0.12   -0.00        0.01  0.20     0.15  0.41  0.60       0.43  1.00  0.45    0.31  0.41  0.16  0.15  0.17          0.13   0.17        -0.25    -0.10   -0.34  -0.35   -0.67
KR10         -0.55 -0.23 -0.06    0.05        0.13  0.11     0.25  0.56  0.51       0.39  0.45  1.00    0.25  0.55  0.29  0.41  0.16          0.37   0.37        -0.03     0.06    0.16   0.04   -0.17
SILVER       -0.47 -0.00  0.14    0.33        0.05  0.20     0.21  0.32  0.54       0.61  0.31  0.25    1.00  0.38  0.29  0.34  0.28          0.21   0.34         0.01     0.06    0.14   0.04    0.14
US2          -0.38  0.17 -0.05   -0.07       -0.04 -0.09     0.26  0.64  0.52       0.43  0.41  0.55    0.38  1.00  0.11  0.17 -0.02          0.11   0.15         0.10     0.15   -0.01  -0.09   -0.11
CAC          -0.26 -0.42  0.09    0.47        0.28  0.14     0.29  0.35  0.37       0.40  0.16  0.29    0.29  0.11  1.00  0.78  0.46          0.60   0.77         0.01     0.22    0.43   0.47    0.18
DOW          -0.33 -0.56  0.06    0.40        0.22  0.08     0.23  0.38  0.39       0.46  0.15  0.41    0.34  0.17  0.78  1.00  0.43          0.76   0.94         0.04     0.24    0.56   0.50    0.18
MXP          -0.18 -0.39  0.02    0.21        0.25  0.15     0.09  0.11  0.30       0.47  0.17  0.16    0.28 -0.02  0.46  0.43  1.00          0.38   0.45         0.10     0.21    0.28   0.31    0.19
NASDAQ_micro -0.37 -0.62  0.03    0.13        0.24  0.16     0.14  0.30  0.35       0.48  0.13  0.37    0.21  0.11  0.60  0.76  0.38          1.00   0.72        -0.01     0.08    0.63   0.49    0.24
R1000        -0.35 -0.55  0.07    0.48        0.23  0.15     0.22  0.35  0.40       0.47  0.17  0.37    0.34  0.15  0.77  0.94  0.45          0.72   1.00         0.13     0.27    0.54   0.48    0.16
GAS_US_mini   0.24 -0.06  0.08    0.21       -0.03 -0.15     0.13 -0.00  0.03       0.04 -0.25 -0.03    0.01  0.10  0.01  0.04  0.10         -0.01   0.13         1.00     0.22    0.23   0.27    0.25
LEANHOG      -0.09 -0.22  0.02    0.13        0.03  0.02    -0.04  0.02  0.08       0.16 -0.10  0.06    0.06  0.15  0.22  0.24  0.21          0.08   0.27         0.22     1.00    0.22   0.30    0.20
NIKKEI       -0.09 -0.53 -0.08    0.23        0.30  0.02    -0.13 -0.04 -0.01       0.20 -0.34  0.16    0.14 -0.01  0.43  0.56  0.28          0.63   0.54         0.23     0.22    1.00   0.89    0.49
TOPIX         0.03 -0.59 -0.08    0.23        0.40  0.01    -0.13 -0.05 -0.12       0.11 -0.35  0.04    0.04 -0.09  0.47  0.50  0.31          0.49   0.48         0.27     0.30    0.89   1.00    0.46
YENEUR        0.03 -0.23 -0.05    0.03        0.11 -0.05    -0.02 -0.18 -0.02       0.34 -0.67 -0.17    0.14 -0.11  0.18  0.18  0.19          0.24   0.16         0.25     0.20    0.49   0.46    1.00


********************************************************************************
                                 END OF REPORT                                  
********************************************************************************


