
********************************************************************************
                    Risk report produced on 12/12/2025 22:53                    
********************************************************************************


Total risk across all strategies, annualised percentage 14.0
Percentage of capital used for margin 41.3%

========================================
Risk per strategy, annualised percentage
========================================

                  risk
dynamic_TF_carry  14.3


===================
Risk by asset class
===================

Ags       0.9
Bond      1.6
Equity    8.9
FX        4.0
Metals    4.5
Sector    0.8
dtype: float64


=====================================================
Beta loadings of asset class positions on asset class
=====================================================

Bond     -0.14
Ags      -0.06
Sector    0.04
Metals    0.06
FX        0.36
Equity    0.79
dtype: float64


========================================================
Beta loadings of full portfolio positions on asset class
========================================================

Bond     -0.55
Ags      -0.09
Metals    0.25
Sector    0.43
Equity    0.93
FX        1.09
dtype: float64


================================================================================================================================================================================================================================================================
                                                                                                                        Instrument risk                                                                                                                         
================================================================================================================================================================================================================================================================

            daily_price_stdev  annual_price_stdev     price  daily_perc_stdev  annual_perc_stdev  point_size_base  contract_exposure  daily_risk_per_contract  annual_risk_per_contract  position  capital  exposure_held_perc_capital  annual_risk_perc_capital
BITCOIN              2709.612           43353.794  90300.00              3.00               48.0              0.1               6747                      202                      3239        -5   628638                        -5.4                      -2.6
KR10                    0.360               5.768    112.88              0.32                5.1            504.0              56888                      181                      2906        -4   628638                       -36.2                      -1.8
JPY                     0.000               0.001      0.01              0.51                8.2        9339754.1              59951                      307                      4915        -2   628638                       -19.1                      -1.6
DAX                   189.115            3025.837  24197.00              0.78               12.5              0.9              21221                      165                      2653        -2   628638                        -6.8                      -0.8
WHEAT                   6.408             102.524    574.00              1.12               17.9             37.4              21444                      239                      3830        -1   628638                        -3.4                      -0.6
RICE                    0.155               2.473      9.88              1.57               25.0           1494.4              14756                      230                      3695        -1   628638                        -2.3                      -0.6
AUD_micro               0.003               0.045      0.67              0.42                6.8           7471.8               4971                       20                       335         1   628638                         0.8                       0.1
BRE                     0.001               0.021      0.18              0.72               11.6          74718.0              13755                       99                      1593         1   628638                         2.2                       0.3
FTSECHINAA            143.987            2303.784  15194.00              0.95               15.2              0.7              11352                      107                      1721         2   628638                         3.6                       0.5
US10U                   0.367               5.867    114.56              0.32                5.1            747.2              85598                      273                      4383         1   628638                        13.6                       0.7
MXP                     0.000               0.004      0.06              0.45                7.2         373590.2              20737                       92                      1487         3   628638                         9.9                       0.7
TOPIX                  31.232             499.713   3372.50              0.93               14.8              4.8              16187                      149                      2398         2   628638                         5.2                       0.8
EU-BASIC                7.214             115.429    623.40              1.16               18.5             43.9              27336                      316                      5061         1   628638                         4.3                       0.8
RUSSELL                31.274             500.384   2580.80              1.21               19.4              3.7               9641                      116                      1869         4   628638                         6.1                       1.2
GBP                     0.005               0.082      1.34              0.39                6.2          46698.8              62450                      240                      3850         2   628638                        19.9                       1.2
FTSETAIWAN             26.216             419.462   2310.75              1.13               18.2             29.9              69061                      783                     12536         1   628638                        11.0                       2.0
YENEUR                  0.687              10.991    183.00              0.38                6.0            600.0             109798                      412                      6594         2   628638                        34.9                       2.1
AEX                     6.756             108.097    940.25              0.72               11.5            175.4             164921                     1185                     18960         1   628638                        26.2                       3.0
MIB                   316.811            5068.969  43745.00              0.72               11.6              4.4             191824                     1389                     22227         1   628638                        30.5                       3.5
SILVER                  1.143              18.289     61.81              1.85               29.6            747.2              46183                      854                     13664         2   628638                        14.7                       4.3

Sum of abs(notional exposure % capital) 256.1
Sum of abs(annualised risk % capital) 29.2
Net sum of annualised risk % capital 13.2 

====================================================================================================================================================================
                                                                            Correlations                                                                            
====================================================================================================================================================================

             AEX  BITCOIN   DAX  EU-BASIC  FTSETAIWAN   MIB  RUSSELL  TOPIX  AUD_micro   BRE  FTSECHINAA   GBP   MXP  SILVER  YENEUR   JPY  KR10  US10U  RICE  WHEAT
AEX         1.00     0.47  0.82      0.73        0.78  0.80     0.67   0.61       0.47  0.37        0.44  0.23  0.30    0.40    0.16 -0.23 -0.05   0.01 -0.05  -0.05
BITCOIN     0.47     1.00  0.44      0.42        0.41  0.44     0.51   0.40       0.39  0.30        0.31  0.27  0.29    0.25    0.18 -0.11  0.04  -0.10  0.14  -0.13
DAX         0.82     0.44  1.00      0.71        0.67  0.87     0.68   0.65       0.48  0.30        0.37  0.37  0.35    0.42    0.17 -0.14  0.00   0.06 -0.03  -0.12
EU-BASIC    0.73     0.42  0.71      1.00        0.62  0.71     0.66   0.56       0.59  0.42        0.53  0.39  0.47    0.59    0.29 -0.14 -0.11   0.09 -0.09   0.02
FTSETAIWAN  0.78     0.41  0.67      0.62        1.00  0.73     0.59   0.72       0.57  0.39        0.44  0.31  0.37    0.38    0.30 -0.24 -0.07   0.03 -0.10  -0.04
MIB         0.80     0.44  0.87      0.71        0.73  1.00     0.67   0.70       0.54  0.48        0.46  0.36  0.42    0.43    0.20 -0.15 -0.16   0.05  0.00  -0.00
RUSSELL     0.67     0.51  0.68      0.66        0.59  0.67     1.00   0.57       0.48  0.40        0.37  0.29  0.38    0.41    0.16 -0.15  0.17   0.11 -0.09  -0.17
TOPIX       0.61     0.40  0.65      0.56        0.72  0.70     0.57   1.00       0.42  0.37        0.44  0.33  0.35    0.18    0.43 -0.40 -0.12  -0.06 -0.13  -0.16
AUD_micro   0.47     0.39  0.48      0.59        0.57  0.54     0.48   0.42       1.00  0.52        0.51  0.64  0.52    0.49    0.18  0.24 -0.04   0.13  0.06   0.20
BRE         0.37     0.30  0.30      0.42        0.39  0.48     0.40   0.37       0.52  1.00        0.43  0.33  0.59    0.31    0.27 -0.03 -0.17   0.20 -0.04   0.13
FTSECHINAA  0.44     0.31  0.37      0.53        0.44  0.46     0.37   0.44       0.51  0.43        1.00  0.30  0.41    0.24    0.26 -0.07 -0.18  -0.07 -0.15   0.26
GBP         0.23     0.27  0.37      0.39        0.31  0.36     0.29   0.33       0.64  0.33        0.30  1.00  0.47    0.33    0.22  0.39  0.17   0.31  0.07  -0.05
MXP         0.30     0.29  0.35      0.47        0.37  0.42     0.38   0.35       0.52  0.59        0.41  0.47  1.00    0.45    0.47 -0.06 -0.09  -0.01 -0.08   0.08
SILVER      0.40     0.25  0.42      0.59        0.38  0.43     0.41   0.18       0.49  0.31        0.24  0.33  0.45    1.00    0.24 -0.05 -0.21   0.01  0.07   0.05
YENEUR      0.16     0.18  0.17      0.29        0.30  0.20     0.16   0.43       0.18  0.27        0.26  0.22  0.47    0.24    1.00 -0.68 -0.38  -0.39 -0.09  -0.00
JPY        -0.23    -0.11 -0.14     -0.14       -0.24 -0.15    -0.15  -0.40       0.24 -0.03       -0.07  0.39 -0.06   -0.05   -0.68  1.00  0.43   0.50  0.20   0.15
KR10       -0.05     0.04  0.00     -0.11       -0.07 -0.16     0.17  -0.12      -0.04 -0.17       -0.18  0.17 -0.09   -0.21   -0.38  0.43  1.00   0.53  0.12  -0.26
US10U       0.01    -0.10  0.06      0.09        0.03  0.05     0.11  -0.06       0.13  0.20       -0.07  0.31 -0.01    0.01   -0.39  0.50  0.53   1.00 -0.14  -0.19
RICE       -0.05     0.14 -0.03     -0.09       -0.10  0.00    -0.09  -0.13       0.06 -0.04       -0.15  0.07 -0.08    0.07   -0.09  0.20  0.12  -0.14  1.00   0.07
WHEAT      -0.05    -0.13 -0.12      0.02       -0.04 -0.00    -0.17  -0.16       0.20  0.13        0.26 -0.05  0.08    0.05   -0.00  0.15 -0.26  -0.19  0.07   1.00


********************************************************************************
                                 END OF REPORT                                  
********************************************************************************


