
********************************************************************************
                    Risk report produced on 07/03/2025 22:53                    
********************************************************************************


Total risk across all strategies, annualised percentage 10.5
Percentage of capital used for margin 71.2%

========================================
Risk per strategy, annualised percentage
========================================

                  risk
dynamic_TF_carry  10.5


===================
Risk by asset class
===================

Ags       3.5
Bond      3.3
Equity    6.3
FX        3.1
Metals    1.7
OilGas    2.3
Vol       1.3
dtype: float64


=====================================================
Beta loadings of asset class positions on asset class
=====================================================

Bond     -0.16
OilGas   -0.09
Metals   -0.07
Vol      -0.03
Ags       0.04
Equity    0.35
FX        0.43
dtype: float64


========================================================
Beta loadings of full portfolio positions on asset class
========================================================

Bond     -0.19
OilGas   -0.09
Vol      -0.06
Metals    0.05
Ags       0.08
Equity    0.43
FX        0.67
dtype: float64


==================================================================================================================================================================================================================================================================
                                                                                                                         Instrument risk                                                                                                                          
==================================================================================================================================================================================================================================================================

              daily_price_stdev  annual_price_stdev     price  daily_perc_stdev  annual_perc_stdev  point_size_base  contract_exposure  daily_risk_per_contract  annual_risk_per_contract  position  capital  exposure_held_perc_capital  annual_risk_perc_capital
BUXL                      1.608              25.733    118.72              1.35               21.7            839.3              99645                     1349                     21598        -1   576693                       -17.3                      -3.7
LEANHOG                   1.552              24.827     98.15              1.58               25.3            310.1              30439                      481                      7699        -2   576693                       -10.6                      -2.7
BRENT-LAST                1.058              16.935     69.81              1.52               24.3            775.3              54125                      820                     13130        -1   576693                        -9.4                      -2.3
BITCOIN                2260.910           36174.559  88715.00              2.55               40.8              0.1               6878                      175                      2804        -3   576693                        -3.6                      -1.5
RUSSELL                  23.722             379.555   2085.30              1.14               18.2              3.9               8083                       91                      1471        -5   576693                        -7.0                      -1.3
VIX                       0.586               9.376     20.95              2.80               44.8            775.3              16243                      454                      7269        -1   576693                        -2.8                      -1.3
SP500_micro              47.815             765.036   5768.50              0.83               13.3              3.9              22362                      185                      2965        -2   576693                        -7.8                      -1.0
COPPER-micro              0.074               1.177      4.71              1.56               25.0           1938.3               9131                      142                      2282        -2   576693                        -3.2                      -0.8
MUMMY                     8.590             137.438    622.00              1.38               22.1              5.3               3268                       45                       722         1   576693                         0.6                       0.1
TOPIX                    21.000             335.997   2706.25              0.78               12.4              5.3              14220                      110                      1765         1   576693                         2.5                       0.3
CAD10                     0.579               9.261    123.66              0.47                7.5            542.0              67027                      313                      5019         1   576693                        11.6                       0.9
MSCISING                  3.620              57.924    400.95              0.90               14.4             58.2              23335                      210                      3371         3   576693                        12.1                       1.8
SMI                      89.948            1439.162  13047.00              0.69               11.0              8.8             114778                      791                     12660         1   576693                        19.9                       2.2
FEEDCOW                   2.454              39.262    278.48              0.88               14.1            387.7             107955                      951                     15220         1   576693                        18.7                       2.6
GBP                       0.006               0.093      1.29              0.45                7.2          48458.3              62603                      282                      4521         4   576693                        43.4                       3.1
MIB                     390.000            6239.999  38640.00              1.01               16.1              4.2             162158                     1636                     26187         1   576693                        28.1                       4.5

Sum of abs(notional exposure % capital) 198.6
Sum of abs(annualised risk % capital) 30.1
Net sum of annualised risk % capital 0.9 

====================================================================================================================================================
                                                                    Correlations                                                                    
====================================================================================================================================================

              BUXL  CAD10  BITCOIN  BRENT-LAST  FEEDCOW  LEANHOG   MIB  MUMMY  RUSSELL  SP500_micro  TOPIX  COPPER-micro   GBP  MSCISING   SMI   VIX
BUXL          1.00   0.63    -0.04       -0.11    -0.09     0.20  0.06   0.05     0.31         0.23  -0.07         -0.16 -0.03     -0.09  0.14 -0.18
CAD10         0.63   1.00    -0.07       -0.40    -0.09    -0.10 -0.01  -0.13     0.09         0.01  -0.16         -0.06  0.39     -0.08  0.33 -0.03
BITCOIN      -0.04  -0.07     1.00        0.02     0.05     0.20  0.11   0.23     0.38         0.29   0.19          0.06  0.02      0.29  0.00 -0.23
BRENT-LAST   -0.11  -0.40     0.02        1.00     0.36     0.18  0.11   0.26     0.28         0.27   0.21          0.21 -0.17      0.00 -0.20 -0.19
FEEDCOW      -0.09  -0.09     0.05        0.36     1.00     0.11  0.22   0.20     0.19         0.16   0.28          0.10  0.14      0.07  0.10 -0.17
LEANHOG       0.20  -0.10     0.20        0.18     0.11     1.00  0.26   0.24     0.32         0.14   0.01          0.04 -0.10     -0.11  0.03 -0.20
MIB           0.06  -0.01     0.11        0.11     0.22     0.26  1.00   0.44     0.34         0.36   0.44          0.29  0.33      0.29  0.53 -0.27
MUMMY         0.05  -0.13     0.23        0.26     0.20     0.24  0.44   1.00     0.48         0.49   0.70          0.25  0.25      0.40  0.23 -0.42
RUSSELL       0.31   0.09     0.38        0.28     0.19     0.32  0.34   0.48     1.00         0.75   0.48          0.17  0.24      0.24  0.17 -0.66
SP500_micro   0.23   0.01     0.29        0.27     0.16     0.14  0.36   0.49     0.75         1.00   0.54          0.29  0.21      0.42  0.19 -0.82
TOPIX        -0.07  -0.16     0.19        0.21     0.28     0.01  0.44   0.70     0.48         0.54   1.00          0.26  0.34      0.42  0.21 -0.42
COPPER-micro -0.16  -0.06     0.06        0.21     0.10     0.04  0.29   0.25     0.17         0.29   0.26          1.00  0.41      0.27  0.18 -0.19
GBP          -0.03   0.39     0.02       -0.17     0.14    -0.10  0.33   0.25     0.24         0.21   0.34          0.41  1.00      0.18  0.46 -0.13
MSCISING     -0.09  -0.08     0.29        0.00     0.07    -0.11  0.29   0.40     0.24         0.42   0.42          0.27  0.18      1.00  0.20 -0.24
SMI           0.14   0.33     0.00       -0.20     0.10     0.03  0.53   0.23     0.17         0.19   0.21          0.18  0.46      0.20  1.00 -0.08
VIX          -0.18  -0.03    -0.23       -0.19    -0.17    -0.20 -0.27  -0.42    -0.66        -0.82  -0.42         -0.19 -0.13     -0.24 -0.08  1.00


********************************************************************************
                                 END OF REPORT                                  
********************************************************************************


