
********************************************************************************
                    Risk report produced on 20/02/2025 22:53                    
********************************************************************************


Total risk across all strategies, annualised percentage 12.8
Percentage of capital used for margin 73.3%

========================================
Risk per strategy, annualised percentage
========================================

                  risk
dynamic_TF_carry  12.8


===================
Risk by asset class
===================

Ags       2.5
Bond      0.7
Equity    8.9
FX        3.7
Metals    1.3
Vol       1.9
dtype: float64


=====================================================
Beta loadings of asset class positions on asset class
=====================================================

FX       -0.56
Bond     -0.05
Vol      -0.05
Metals    0.07
Ags       0.09
Equity    0.80
dtype: float64


========================================================
Beta loadings of full portfolio positions on asset class
========================================================

Bond     -0.44
FX       -0.36
Vol      -0.20
Metals    0.23
Ags       0.30
Equity    1.02
dtype: float64


==================================================================================================================================================================================================================================================================
                                                                                                                         Instrument risk                                                                                                                          
==================================================================================================================================================================================================================================================================

              daily_price_stdev  annual_price_stdev     price  daily_perc_stdev  annual_perc_stdev  point_size_base  contract_exposure  daily_risk_per_contract  annual_risk_per_contract  position  capital  exposure_held_perc_capital  annual_risk_perc_capital
CHF                       0.005               0.079      1.12              0.44                7.1          99283.6             110835                      489                      7838        -2   580813                       -38.2                      -2.7
VIX                       0.442               7.067     17.90              2.47               39.5            794.3              14217                      350                      5613        -2   580813                        -4.9                      -1.9
FTSETAIWAN               19.368             309.890   1949.25              0.99               15.9             31.8              61929                      615                      9845        -1   580813                       -10.7                      -1.7
JPY                       0.000               0.001      0.01              0.62               10.0        9928357.0              66460                      415                      6645        -1   580813                       -11.4                      -1.1
BUND                      0.484               7.739    131.61              0.37                5.9            828.1             108980                      400                      6407        -1   580813                       -18.8                      -1.1
COPPER-micro              0.062               0.986      4.66              1.32               21.2           1985.7               9243                      122                      1957        -2   580813                        -3.2                      -0.7
SUGAR11                   0.267               4.266     19.76              1.35               21.6            889.6              17578                      237                      3794        -1   580813                        -3.0                      -0.7
CAD                       0.003               0.040      0.71              0.36                5.7          79426.9              56091                      199                      3199        -1   580813                        -9.7                      -0.6
RUSSELL                  21.684             346.945   2268.70              0.96               15.3              4.0               9009                       86                      1377        -2   580813                        -3.1                      -0.5
EUR_micro                 0.005               0.078      1.06              0.46                7.4           9928.4              10484                       48                       776        -3   580813                        -5.4                      -0.4
MUMMY                     8.858             141.728    670.00              1.32               21.2              5.3               3547                       46                       750         1   580813                         0.6                       0.1
SP500_micro              38.284             612.548   6130.25              0.62               10.0              4.0              24345                      152                      2432         1   580813                         4.2                       0.4
BITCOIN                2207.904           35326.461  99350.00              2.22               35.6              0.1               7891                      175                      2805         1   580813                         1.4                       0.5
GOLD_micro               24.926             398.812   2952.90              0.84               13.5              7.9              23453                      197                      3167         1   580813                         4.0                       0.5
GBP                       0.006               0.091      1.27              0.45                7.2          49641.8              62881                      282                      4525         1   580813                        10.8                       0.8
CAD10                     0.541               8.649    122.87              0.44                7.0            558.3              68602                      301                      4829         1   580813                        11.8                       0.8
HANG_mini               300.353            4805.655  22683.00              1.32               21.2              1.0              23162                      306                      4907         1   580813                         4.0                       0.8
SILVER                    0.464               7.426     33.70              1.38               22.0            794.3              26762                      368                      5897         1   580813                         4.6                       1.0
MSCISING                  2.609              41.737    402.05              0.65               10.4             59.3              23840                      154                      2474         3   580813                        12.3                       1.3
CAC                      58.890             942.238   8139.50              0.72               11.6              8.3              67399                      487                      7802         1   580813                        11.6                       1.3
TOPIX                    22.778             364.454   2730.00              0.83               13.3              5.3              14454                      120                      1929         6   580813                        14.9                       2.0
SMI                      87.665            1402.636  12740.00              0.69               11.0              8.8             112111                      771                     12343         1   580813                        19.3                       2.1
FEEDCOW                   2.390              38.238    265.35              0.90               14.4            397.1             105379                      949                     15185         1   580813                        18.1                       2.6
MSCITAIWAN               13.211             211.374    981.10              1.35               21.5             79.4              77925                     1049                     16788         1   580813                        13.4                       2.9
MIB                     257.195            4115.121  38325.00              0.67               10.7              4.1             158675                     1064                     17037         1   580813                        27.3                       2.9

Sum of abs(notional exposure % capital) 266.7
Sum of abs(annualised risk % capital) 31.4
Net sum of annualised risk % capital 8.6 

==================================================================================================================================================================================================================================
                                                                                                           Correlations                                                                                                           
==================================================================================================================================================================================================================================

              BITCOIN  FEEDCOW   CAC  FTSETAIWAN   MIB  MSCISING  MSCITAIWAN  MUMMY  RUSSELL   SMI  SP500_micro  SUGAR11  TOPIX   CAD  COPPER-micro  EUR_micro   GBP  GOLD_micro  HANG_mini  SILVER  BUND  CAD10   CHF   JPY   VIX
BITCOIN          1.00     0.09  0.16        0.15  0.20      0.35        0.15   0.18     0.44  0.21         0.39     0.05   0.18 -0.08         -0.14      -0.03  0.06        0.01      -0.11    0.11  0.20   0.16 -0.20 -0.05 -0.36
FEEDCOW          0.09     1.00  0.24        0.04  0.28      0.17        0.02   0.23     0.22  0.20         0.22     0.28   0.32 -0.08          0.00      -0.00  0.05       -0.03      -0.04    0.05 -0.28  -0.32 -0.27 -0.34 -0.20
CAC              0.16     0.24  1.00        0.44  0.84      0.49        0.34   0.46     0.38  0.72         0.43     0.28   0.46  0.35          0.37       0.49  0.59        0.35       0.53    0.40  0.06   0.12  0.13  0.07 -0.29
FTSETAIWAN       0.15     0.04  0.44        1.00  0.49      0.53        0.96   0.37     0.36  0.33         0.55     0.21   0.51  0.33          0.31       0.24  0.44        0.24       0.34    0.41  0.09   0.05 -0.12 -0.20 -0.37
MIB              0.20     0.28  0.84        0.49  1.00      0.51        0.44   0.53     0.47  0.62         0.46     0.28   0.53  0.28          0.34       0.36  0.47        0.33       0.45    0.40 -0.04  -0.02 -0.09 -0.10 -0.41
MSCISING         0.35     0.17  0.49        0.53  0.51      1.00        0.48   0.57     0.52  0.43         0.57     0.28   0.58  0.18          0.18       0.09  0.33        0.05       0.27    0.28  0.06   0.07 -0.20 -0.16 -0.51
MSCITAIWAN       0.15     0.02  0.34        0.96  0.44      0.48        1.00   0.33     0.34  0.25         0.51     0.17   0.50  0.27          0.33       0.17  0.37        0.24       0.27    0.42  0.05   0.02 -0.19 -0.25 -0.32
MUMMY            0.18     0.23  0.46        0.37  0.53      0.57        0.33   1.00     0.45  0.42         0.46     0.39   0.68  0.22          0.19       0.03  0.28        0.13       0.29    0.06 -0.05  -0.05 -0.22 -0.17 -0.43
RUSSELL          0.44     0.22  0.38        0.36  0.47      0.52        0.34   0.45     1.00  0.42         0.72     0.21   0.39  0.18          0.10       0.13  0.27        0.17       0.09    0.24  0.21   0.14 -0.07  0.01 -0.55
SMI              0.21     0.20  0.72        0.33  0.62      0.43        0.25   0.42     0.42  1.00         0.51     0.27   0.39  0.24          0.15       0.37  0.48        0.23       0.35    0.23  0.22   0.27  0.09  0.22 -0.33
SP500_micro      0.39     0.22  0.43        0.55  0.46      0.57        0.51   0.46     0.72  0.51         1.00     0.20   0.44  0.23          0.17       0.14  0.30        0.17       0.18    0.34  0.12   0.08 -0.05 -0.17 -0.73
SUGAR11          0.05     0.28  0.28        0.21  0.28      0.28        0.17   0.39     0.21  0.27         0.20     1.00   0.34  0.34          0.20       0.27  0.44        0.17       0.38    0.19  0.02   0.06  0.11  0.01 -0.24
TOPIX            0.18     0.32  0.46        0.51  0.53      0.58        0.50   0.68     0.39  0.39         0.44     0.34   1.00  0.04          0.05       0.04  0.33       -0.00       0.27    0.11 -0.15  -0.15 -0.39 -0.48 -0.45
CAD             -0.08    -0.08  0.35        0.33  0.28      0.18        0.27   0.22     0.18  0.24         0.23     0.34   0.04  1.00          0.49       0.53  0.49        0.25       0.46    0.31  0.15   0.15  0.45  0.33 -0.21
COPPER-micro    -0.14     0.00  0.37        0.31  0.34      0.18        0.33   0.19     0.10  0.15         0.17     0.20   0.05  0.49          1.00       0.43  0.36        0.58       0.47    0.63 -0.11  -0.10  0.16  0.11 -0.10
EUR_micro       -0.03    -0.00  0.49        0.24  0.36      0.09        0.17   0.03     0.13  0.37         0.14     0.27   0.04  0.53          0.43       1.00  0.76        0.35       0.42    0.35  0.07   0.23  0.59  0.39 -0.03
GBP              0.06     0.05  0.59        0.44  0.47      0.33        0.37   0.28     0.27  0.48         0.30     0.44   0.33  0.49          0.36       0.76  1.00        0.42       0.48    0.45  0.16   0.36  0.43  0.26 -0.18
GOLD_micro       0.01    -0.03  0.35        0.24  0.33      0.05        0.24   0.13     0.17  0.23         0.17     0.17  -0.00  0.25          0.58       0.35  0.42        1.00       0.32    0.78  0.24   0.25  0.20  0.20 -0.02
HANG_mini       -0.11    -0.04  0.53        0.34  0.45      0.27        0.27   0.29     0.09  0.35         0.18     0.38   0.27  0.46          0.47       0.42  0.48        0.32       1.00    0.30  0.12   0.20  0.25  0.17 -0.13
SILVER           0.11     0.05  0.40        0.41  0.40      0.28        0.42   0.06     0.24  0.23         0.34     0.19   0.11  0.31          0.63       0.35  0.45        0.78       0.30    1.00  0.16   0.16  0.18  0.02 -0.16
BUND             0.20    -0.28  0.06        0.09 -0.04      0.06        0.05  -0.05     0.21  0.22         0.12     0.02  -0.15  0.15         -0.11       0.07  0.16        0.24       0.12    0.16  1.00   0.77  0.29  0.54  0.02
CAD10            0.16    -0.32  0.12        0.05 -0.02      0.07        0.02  -0.05     0.14  0.27         0.08     0.06  -0.15  0.15         -0.10       0.23  0.36        0.25       0.20    0.16  0.77   1.00  0.45  0.57 -0.01
CHF             -0.20    -0.27  0.13       -0.12 -0.09     -0.20       -0.19  -0.22    -0.07  0.09        -0.05     0.11  -0.39  0.45          0.16       0.59  0.43        0.20       0.25    0.18  0.29   0.45  1.00  0.62  0.20
JPY             -0.05    -0.34  0.07       -0.20 -0.10     -0.16       -0.25  -0.17     0.01  0.22        -0.17     0.01  -0.48  0.33          0.11       0.39  0.26        0.20       0.17    0.02  0.54   0.57  0.62  1.00  0.23
VIX             -0.36    -0.20 -0.29       -0.37 -0.41     -0.51       -0.32  -0.43    -0.55 -0.33        -0.73    -0.24  -0.45 -0.21         -0.10      -0.03 -0.18       -0.02      -0.13   -0.16  0.02  -0.01  0.20  0.23  1.00


********************************************************************************
                                 END OF REPORT                                  
********************************************************************************


