
********************************************************************************
           Risk report report produced on 2023-03-02 23:01:18.398750            
********************************************************************************


Total risk across all strategies, annualised percentage 7.3
Percentage of capital used for margin 23.7%

========================================
Risk per strategy, annualised percentage
========================================

                  risk
dynamic_TF_carry   7.4


===================
Risk by asset class
===================

Ags       2.3
Bond      4.5
Equity    4.9
Metals    1.7
OilGas    1.6
Sector    0.9
Vol       2.2
dtype: float64


============================
Beta loadings by asset class
============================

Bond     -0.56
Metals   -0.09
Vol      -0.05
OilGas   -0.02
Ags       0.03
Sector    0.04
Equity    0.30
dtype: float64


================================================================================================================================================================================================================================================================
                                                                                                                        Instrument risk                                                                                                                         
================================================================================================================================================================================================================================================================

             daily_price_stdev  annual_price_stdev    price  daily_perc_stdev  annual_perc_stdev  point_size_base  contract_exposure  daily_risk_per_contract  annual_risk_per_contract  position  capital  exposure_held_perc_capital  annual_risk_perc_capital
US20                     0.910              14.558   123.16              0.74               11.8            834.4             102767                      759                     12148        -1   363143                       -28.3                      -3.3
VIX                      0.592               9.471    21.25              2.79               44.6            834.4              17731                      493                      7903        -1   363143                        -4.9                      -2.2
LEANHOG                  1.335              21.367   100.70              1.33               21.2            333.8              33611                      445                      7131        -1   363143                        -9.3                      -2.0
GAS_US_mini              0.174               2.782     2.92              5.96               95.4           2086.1               6081                      362                      5803        -1   363143                        -1.7                      -1.6
BOBL                     0.354               5.662   114.62              0.31                4.9            887.8             101760                      314                      5026        -1   363143                       -28.0                      -1.4
SILVER                   0.347               5.558    20.98              1.66               26.5            834.4              17510                      289                      4638        -1   363143                        -4.8                      -1.3
GOLD_micro              15.010             240.162  1843.00              0.81               13.0              8.3              15378                      125                      2004        -1   363143                        -4.2                      -0.6
MUMMY                   10.757             172.106   739.00              1.46               23.3              6.1               4510                       65                      1050         1   363143                         1.2                       0.3
RUSSELL                 22.716             363.460  1903.80              1.19               19.1              4.2               7943                       94                      1516         2   363143                         4.4                       0.8
EU-OIL                   4.418              70.693   364.60              1.21               19.4             44.4              16184                      196                      3138         1   363143                         4.5                       0.9
EUROSTX                 37.988             607.802  4239.00              0.90               14.3              8.9              37634                      337                      5396         1   363143                        10.4                       1.5
SOYMEAL                  5.685              90.954   464.00              1.23               19.6             83.4              38718                      474                      7589         1   363143                        10.7                       2.1
CAC                     65.646            1050.333  7288.50              0.90               14.4              8.9              64707                      582                      9324         1   363143                        17.8                       2.6

Sum of abs(notional exposure % capital) 130.2
Sum of abs(annualised risk % capital) 20.6
Net sum of annualised risk % capital -4.2 

=======================================================================================================================
                                                     Correlations                                                      
=======================================================================================================================

             LEANHOG  SOYMEAL  BOBL  GOLD_micro  SILVER  US20   CAC  EU-OIL  EUROSTX  GAS_US_mini  MUMMY  RUSSELL   VIX
LEANHOG         1.00     0.33 -0.07        0.02    0.19  0.01  0.17    0.06     0.16        -0.05  -0.08     0.14 -0.04
SOYMEAL         0.33     1.00  0.02        0.01    0.14  0.07  0.10    0.18     0.12        -0.08  -0.09     0.05 -0.14
BOBL           -0.07     0.02  1.00        0.37    0.26  0.73  0.36    0.13     0.33         0.09   0.27     0.44 -0.25
GOLD_micro      0.02     0.01  0.37        1.00    0.79  0.51  0.19    0.16     0.21         0.02   0.13     0.26 -0.11
SILVER          0.19     0.14  0.26        0.79    1.00  0.33  0.31    0.28     0.32         0.08   0.11     0.33 -0.20
US20            0.01     0.07  0.73        0.51    0.33  1.00  0.26   -0.02     0.26         0.07   0.25     0.34 -0.24
CAC             0.17     0.10  0.36        0.19    0.31  0.26  1.00    0.48     0.97         0.23   0.47     0.82 -0.69
EU-OIL          0.06     0.18  0.13        0.16    0.28 -0.02  0.48    1.00     0.51         0.37   0.25     0.45 -0.40
EUROSTX         0.16     0.12  0.33        0.21    0.32  0.26  0.97    0.51     1.00         0.28   0.51     0.81 -0.71
GAS_US_mini    -0.05    -0.08  0.09        0.02    0.08  0.07  0.23    0.37     0.28         1.00   0.28     0.24 -0.28
MUMMY          -0.08    -0.09  0.27        0.13    0.11  0.25  0.47    0.25     0.51         0.28   1.00     0.57 -0.43
RUSSELL         0.14     0.05  0.44        0.26    0.33  0.34  0.82    0.45     0.81         0.24   0.57     1.00 -0.70
VIX            -0.04    -0.14 -0.25       -0.11   -0.20 -0.24 -0.69   -0.40    -0.71        -0.28  -0.43    -0.70  1.00


********************************************************************************
                                 END OF REPORT                                  
********************************************************************************


