
********************************************************************************
                    Risk report produced on 15/06/2026 22:51                    
********************************************************************************


Total risk across all strategies, annualised percentage 8.0
Percentage of capital used for margin 31.9%

========================================
Risk per strategy, annualised percentage
========================================

                  risk
dynamic_TF_carry   8.1


===================
Risk by asset class
===================

Ags       2.2
Bond      2.1
Equity    3.2
FX        3.2
Metals    3.1
OilGas    1.5
Sector    1.9
dtype: float64


=====================================================
Beta loadings of asset class positions on asset class
=====================================================

FX       -0.25
Bond     -0.17
Metals   -0.10
Ags       0.00
OilGas    0.02
Sector    0.09
Equity    0.20
dtype: float64


========================================================
Beta loadings of full portfolio positions on asset class
========================================================

FX       -0.22
Bond     -0.19
Metals   -0.04
OilGas    0.01
Ags       0.09
Equity    0.17
Sector    0.17
dtype: float64


===================================================================================================================================================================================================================================================================
                                                                                                                          Instrument risk                                                                                                                          
===================================================================================================================================================================================================================================================================

               daily_price_stdev  annual_price_stdev     price  daily_perc_stdev  annual_perc_stdev  point_size_base  contract_exposure  daily_risk_per_contract  annual_risk_per_contract  position  capital  exposure_held_perc_capital  annual_risk_perc_capital
CHF                        0.006               0.089      1.27              0.44                7.0          92897.8             117794                      517                      8281        -3   693451                       -51.0                      -3.6
BITCOIN                 1888.303           30212.856  63765.00              2.96               47.4              0.1               4738                      140                      2245        -8   693451                        -5.5                      -2.6
KR10                       0.525               8.393    107.46              0.49                7.8            492.9              52964                      258                      4136        -4   693451                       -30.6                      -2.4
LEANHOG                    1.191              19.050     81.20              1.47               23.5            297.3              24138                      353                      5663        -2   693451                        -7.0                      -1.6
GOLD_micro                69.681            1114.894   4236.00              1.64               26.3              7.4              31481                      517                      8285        -1   693451                        -4.5                      -1.2
REDWHEAT                   9.975             159.600    654.25              1.52               24.4             37.2              24311                      370                      5930        -1   693451                        -3.5                      -0.9
JPY                        0.000               0.000      0.01              0.44                7.0        9289777.9              58409                      255                      4094        -1   693451                        -8.4                      -0.6
GAS_US_mini                0.100               1.602      3.12              3.20               51.3           1858.0               5806                      186                      2977        -1   693451                        -0.8                      -0.4
MUMMY                     15.696             251.135    694.00              2.26               36.2              4.6               3222                       72                      1166         1   693451                         0.5                       0.2
AUD_micro                  0.004               0.058      0.70              0.52                8.3           7431.8               5229                       27                       433         7   693451                         5.3                       0.4
CANOLA                    10.028             160.455    765.70              1.31               21.0             10.6               8153                      106                      1708         2   693451                         2.4                       0.5
MSCISING                   4.965              79.443    460.60              1.08               17.2             58.0              26724                      288                      4609         1   693451                         3.9                       0.7
RUSSELL                   39.223             627.572   2970.60              1.32               21.1              3.7              11038                      145                      2332         2   693451                         3.2                       0.7
EU-OIL                     7.010             112.152    519.30              1.35               21.6             43.2              22417                      302                      4841         1   693451                         3.2                       0.7
MXP                        0.000               0.005      0.06              0.52                8.3         371591.1              21422                      110                      1772         3   693451                         9.3                       0.8
ZAR                        0.000               0.007      0.06              0.75               12.1         371591.1              22815                      171                      2750         2   693451                         6.6                       0.8
CAD10                      0.425               6.805    120.51              0.35                5.6            532.4              64163                      226                      3623         2   693451                        18.5                       1.0
NIKKEI                  1253.708           20059.322  69360.00              1.81               28.9              0.5              32207                      582                      9314         1   693451                         4.6                       1.3
CRUDE_W_micro              2.166              34.656     81.38              2.66               42.6             74.3               6048                      160                      2575         4   693451                         3.5                       1.5
LIVECOW                    2.224              35.588    233.70              0.95               15.2            297.3              69472                      661                     10579         1   693451                        10.0                       1.5
CAC                       77.149            1234.390   8347.50              0.92               14.8              8.6              72070                      666                     10657         1   693451                        10.4                       1.5
EU-BASIC                  15.931             254.902    850.50              1.87               30.0             43.2              36715                      687                     11003         1   693451                         5.3                       1.6

Sum of abs(notional exposure % capital) 198.0
Sum of abs(annualised risk % capital) 26.5
Net sum of annualised risk % capital -0.1 

============================================================================================================================================================================================================
                                                                                                Correlations                                                                                                
============================================================================================================================================================================================================

               EU-OIL  LEANHOG  LIVECOW  MUMMY  CANOLA  CRUDE_W_micro  GAS_US_mini  REDWHEAT  BITCOIN   CAC  EU-BASIC  MSCISING  NIKKEI  RUSSELL  CAD10  KR10  AUD_micro   CHF  GOLD_micro   JPY   MXP   ZAR
EU-OIL           1.00     0.22     0.13   0.15    0.15           0.55         0.04      0.15     0.06  0.36      0.34      0.48    0.23     0.04   0.01 -0.22       0.25 -0.18        0.05 -0.16  0.05  0.09
LEANHOG          0.22     1.00     0.08   0.35    0.29           0.19        -0.15      0.06     0.02 -0.07      0.31      0.15    0.28     0.11   0.01  0.01       0.17 -0.00        0.26 -0.11  0.04  0.05
LIVECOW          0.13     0.08     1.00   0.07   -0.17           0.09        -0.35      0.01     0.06  0.25      0.03      0.07   -0.01     0.01  -0.08  0.11      -0.05 -0.01        0.02 -0.01  0.05  0.00
MUMMY            0.15     0.35     0.07   1.00    0.02           0.07        -0.05      0.19     0.19  0.23      0.34      0.30    0.43     0.25   0.08  0.13       0.20  0.00        0.18 -0.15  0.20  0.18
CANOLA           0.15     0.29    -0.17   0.02    1.00           0.40         0.09      0.22    -0.12 -0.23      0.07      0.05    0.25    -0.07  -0.09 -0.01       0.02 -0.13        0.07 -0.22 -0.15 -0.20
CRUDE_W_micro    0.55     0.19     0.09   0.07    0.40           1.00         0.08      0.43    -0.03 -0.16     -0.11      0.11    0.06    -0.25  -0.27 -0.13       0.02 -0.38       -0.11 -0.36 -0.25 -0.36
GAS_US_mini      0.04    -0.15    -0.35  -0.05    0.09           0.08         1.00      0.14     0.07 -0.16     -0.07      0.13   -0.16    -0.19  -0.07 -0.23       0.18  0.00        0.20  0.03  0.00  0.02
REDWHEAT         0.15     0.06     0.01   0.19    0.22           0.43         0.14      1.00     0.09 -0.24     -0.11     -0.08   -0.03    -0.12  -0.27 -0.20       0.22  0.05        0.07 -0.02 -0.08 -0.17
BITCOIN          0.06     0.02     0.06   0.19   -0.12          -0.03         0.07      0.09     1.00  0.16      0.20      0.20    0.08     0.45   0.04  0.10       0.22  0.11        0.24  0.08  0.12  0.25
CAC              0.36    -0.07     0.25   0.23   -0.23          -0.16        -0.16     -0.24     0.16  1.00      0.55      0.46    0.30     0.33   0.43  0.12       0.25  0.13        0.14  0.15  0.27  0.50
EU-BASIC         0.34     0.31     0.03   0.34    0.07          -0.11        -0.07     -0.11     0.20  0.55      1.00      0.61    0.71     0.52   0.31  0.09       0.57  0.24        0.45  0.17  0.49  0.69
MSCISING         0.48     0.15     0.07   0.30    0.05           0.11         0.13     -0.08     0.20  0.46      0.61      1.00    0.53     0.16   0.29  0.10       0.41  0.01        0.32  0.01  0.28  0.44
NIKKEI           0.23     0.28    -0.01   0.43    0.25           0.06        -0.16     -0.03     0.08  0.30      0.71      0.53    1.00     0.41   0.23  0.11       0.39  0.06        0.21 -0.09  0.33  0.41
RUSSELL          0.04     0.11     0.01   0.25   -0.07          -0.25        -0.19     -0.12     0.45  0.33      0.52      0.16    0.41     1.00   0.22  0.02       0.37  0.16        0.19  0.16  0.42  0.45
CAD10            0.01     0.01    -0.08   0.08   -0.09          -0.27        -0.07     -0.27     0.04  0.43      0.31      0.29    0.23     0.22   1.00  0.51       0.19  0.25        0.29  0.37  0.07  0.30
KR10            -0.22     0.01     0.11   0.13   -0.01          -0.13        -0.23     -0.20     0.10  0.12      0.09      0.10    0.11     0.02   0.51  1.00       0.11  0.29        0.36  0.31  0.05  0.21
AUD_micro        0.25     0.17    -0.05   0.20    0.02           0.02         0.18      0.22     0.22  0.25      0.57      0.41    0.39     0.37   0.19  0.11       1.00  0.63        0.61  0.47  0.58  0.69
CHF             -0.18    -0.00    -0.01   0.00   -0.13          -0.38         0.00      0.05     0.11  0.13      0.24      0.01    0.06     0.16   0.25  0.29       0.63  1.00        0.59  0.73  0.51  0.58
GOLD_micro       0.05     0.26     0.02   0.18    0.07          -0.11         0.20      0.07     0.24  0.14      0.45      0.32    0.21     0.19   0.29  0.36       0.61  0.59        1.00  0.41  0.41  0.58
JPY             -0.16    -0.11    -0.01  -0.15   -0.22          -0.36         0.03     -0.02     0.08  0.15      0.17      0.01   -0.09     0.16   0.37  0.31       0.47  0.73        0.41  1.00  0.27  0.45
MXP              0.05     0.04     0.05   0.20   -0.15          -0.25         0.00     -0.08     0.12  0.27      0.49      0.28    0.33     0.42   0.07  0.05       0.58  0.51        0.41  0.27  1.00  0.69
ZAR              0.09     0.05     0.00   0.18   -0.20          -0.36         0.02     -0.17     0.25  0.50      0.69      0.44    0.41     0.45   0.30  0.21       0.69  0.58        0.58  0.45  0.69  1.00


********************************************************************************
                                 END OF REPORT                                  
********************************************************************************


