
********************************************************************************
           Risk report report produced on 2023-02-08 23:00:56.587721            
********************************************************************************


Total risk across all strategies, annualised percentage 7.5
Percentage of capital used for margin 24.1%

========================================
Risk per strategy, annualised percentage
========================================

                  risk
dynamic_TF_carry   7.5


===================
Risk by asset class
===================

Ags       2.3
Bond      3.0
Equity    3.8
FX        0.7
Metals    0.9
OilGas    1.8
Sector    3.3
Vol       2.1
dtype: float64


============================
Beta loadings by asset class
============================

Bond     -0.54
Ags      -0.08
Vol      -0.05
OilGas   -0.01
Metals    0.03
FX        0.04
Sector    0.17
Equity    0.28
dtype: float64


=================================================================================================================================================================================================================================================================
                                                                                                                         Instrument risk                                                                                                                         
=================================================================================================================================================================================================================================================================

             daily_price_stdev  annual_price_stdev     price  daily_perc_stdev  annual_perc_stdev  point_size_base  contract_exposure  daily_risk_per_contract  annual_risk_per_contract  position  capital  exposure_held_perc_capital  annual_risk_perc_capital
LEANHOG                  1.523              24.362     84.02              1.81               29.0            332.1              27903                      505                      8090        -1   358962                        -7.8                      -2.3
VIX                      0.578               9.246     21.30              2.71               43.4            830.2              17683                      479                      7675        -1   358962                        -4.9                      -2.1
GAS_US_mini              0.198               3.163      2.50              7.89              126.3           2075.6               5199                      410                      6564        -1   358962                        -1.4                      -1.8
BOBL                     0.445               7.120    116.92              0.38                6.1            890.5             104121                      396                      6340        -1   358962                       -29.0                      -1.8
US5                      0.378               6.054    108.49              0.35                5.6            830.2              90072                      314                      5026        -1   358962                       -25.1                      -1.4
KOSDAQ                  15.699             251.183   1094.90              1.43               22.9              6.6               7199                      103                      1651        -1   358962                        -2.0                      -0.5
DOW                    293.827            4701.229  33973.00              0.86               13.8              0.4              14102                      121                      1951         1   358962                         3.9                       0.5
FTSECHINAA             168.659            2698.543  13554.00              1.24               19.9              0.8              11252                      140                      2240         1   358962                         3.1                       0.6
BRE                      0.002               0.029      0.19              0.94               15.1          83022.0              15911                      149                      2396         1   358962                         4.4                       0.7
IRON                     2.530              40.479    120.75              2.10               33.5             83.0              10024                      210                      3360         1   358962                         2.8                       0.9
RUSSELL                 27.157             434.516   1948.10              1.39               22.3              4.2               8086                      112                      1803         2   358962                         4.5                       1.0
EU-BASIC                 8.803             140.851    652.40              1.35               21.6             44.5              29049                      391                      6271         1   358962                         8.1                       1.7
EU-OIL                   4.750              76.000    353.20              1.34               21.5             44.5              15726                      211                      3384         2   358962                         8.8                       1.9
CAC                     63.484            1015.738   7136.50              0.89               14.2              8.9              63553                      565                      9045         1   358962                        17.7                       2.5

Sum of abs(notional exposure % capital) 123.5
Sum of abs(annualised risk % capital) 19.7
Net sum of annualised risk % capital -0.1 

==========================================================================================================================
                                                       Correlations                                                       
==========================================================================================================================

             BOBL   CAC   DOW  KOSDAQ  RUSSELL   US5   BRE  EU-BASIC  EU-OIL  FTSECHINAA  IRON  GAS_US_mini  LEANHOG   VIX
BOBL         1.00  0.37  0.48    0.38     0.53  0.77  0.26      0.19    0.09        0.09  0.06        -0.01    -0.03 -0.33
CAC          0.37  1.00  0.80    0.53     0.77  0.30  0.38      0.55    0.34        0.24  0.13         0.10     0.18 -0.68
DOW          0.48  0.80  1.00    0.53     0.88  0.38  0.42      0.52    0.37        0.06  0.13         0.14     0.20 -0.70
KOSDAQ       0.38  0.53  0.53    1.00     0.60  0.24  0.23      0.34    0.06        0.08  0.13         0.04     0.16 -0.40
RUSSELL      0.53  0.77  0.88    0.60     1.00  0.41  0.48      0.52    0.35        0.13  0.13         0.09     0.12 -0.67
US5          0.77  0.30  0.38    0.24     0.41  1.00  0.25      0.25    0.18        0.20  0.13        -0.08    -0.02 -0.28
BRE          0.26  0.38  0.42    0.23     0.48  0.25  1.00      0.53    0.49        0.15  0.19         0.06     0.25 -0.51
EU-BASIC     0.19  0.55  0.52    0.34     0.52  0.25  0.53      1.00    0.66        0.38  0.50         0.23     0.14 -0.41
EU-OIL       0.09  0.34  0.37    0.06     0.35  0.18  0.49      0.66    1.00        0.20  0.19         0.25     0.04 -0.40
FTSECHINAA   0.09  0.24  0.06    0.08     0.13  0.20  0.15      0.38    0.20        1.00  0.37        -0.08     0.00 -0.32
IRON         0.06  0.13  0.13    0.13     0.13  0.13  0.19      0.50    0.19        0.37  1.00         0.01     0.10 -0.06
GAS_US_mini -0.01  0.10  0.14    0.04     0.09 -0.08  0.06      0.23    0.25       -0.08  0.01         1.00    -0.17 -0.09
LEANHOG     -0.03  0.18  0.20    0.16     0.12 -0.02  0.25      0.14    0.04        0.00  0.10        -0.17     1.00 -0.18
VIX         -0.33 -0.68 -0.70   -0.40    -0.67 -0.28 -0.51     -0.41   -0.40       -0.32 -0.06        -0.09    -0.18  1.00


********************************************************************************
                                 END OF REPORT                                  
********************************************************************************


