
********************************************************************************
                    Risk report produced on 09/05/2025 22:53                    
********************************************************************************


Total risk across all strategies, annualised percentage 7.3
Percentage of capital used for margin 40.3%

========================================
Risk per strategy, annualised percentage
========================================

                  risk
dynamic_TF_carry   7.3


===================
Risk by asset class
===================

Ags       1.9
Bond      2.1
Equity    2.8
FX        2.3
Metals    1.6
OilGas    5.0
Vol       0.2
dtype: float64


=====================================================
Beta loadings of asset class positions on asset class
=====================================================

OilGas   -0.15
Metals   -0.04
Ags      -0.01
Vol      -0.00
Equity    0.07
FX        0.27
Bond      0.43
dtype: float64


========================================================
Beta loadings of full portfolio positions on asset class
========================================================

OilGas   -0.16
Ags      -0.13
Metals   -0.04
Vol      -0.03
FX       -0.03
Equity    0.04
Bond      0.35
dtype: float64


====================================================================================================================================================================================================================================================================
                                                                                                                          Instrument risk                                                                                                                           
====================================================================================================================================================================================================================================================================

               daily_price_stdev  annual_price_stdev      price  daily_perc_stdev  annual_perc_stdev  point_size_base  contract_exposure  daily_risk_per_contract  annual_risk_per_contract  position  capital  exposure_held_perc_capital  annual_risk_perc_capital
BRENT-LAST                 1.409              22.550      63.48              2.22               35.5            755.2              47937                     1064                     17028        -1   535302                        -9.0                      -3.2
GAS-PEN                    0.113               1.802       3.78              2.98               47.7           7551.6              28522                      850                     13604        -1   535302                        -5.3                      -2.5
BITCOIN                 2419.769           38716.305  103700.00              2.33               37.3              0.1               7831                      182                      2923        -3   535302                        -4.4                      -1.6
DOW                      570.858            9133.724   41379.00              1.38               22.1              0.4              15623                      215                      3448        -2   535302                        -5.8                      -1.3
DX                         0.545               8.720     100.19              0.54                8.7            755.2              75659                      411                      6584        -1   535302                       -14.1                      -1.2
SP500_micro               86.615            1385.834    5685.75              1.52               24.4              3.8              21468                      327                      5232        -1   535302                        -4.0                      -1.0
WHEAT                      7.466             119.463     557.75              1.34               21.4             37.8              21059                      281                      4510        -1   535302                        -3.9                      -0.8
GAS_US_mini                0.119               1.911       4.10              2.92               46.7           1887.9               7730                      225                      3607        -1   535302                        -1.4                      -0.7
SOYMEAL                    2.902              46.439     298.80              0.97               15.5             75.5              22564                      219                      3506        -1   535302                        -4.2                      -0.7
CRUDE_W_micro              1.418              22.680      60.08              2.36               37.7             75.5               4537                      107                      1712        -1   535302                        -0.8                      -0.3
KRWUSD_mini                0.006               0.090       0.71              0.78               12.5          18879.1              13487                      105                      1691        -1   535302                        -2.5                      -0.3
V2X                        0.690              11.047      21.40              3.23               51.6             84.8               1815                       58                       937        -1   535302                        -0.3                      -0.2
CANOLA                     7.856             125.697     670.00              1.17               18.8             10.9               7272                       85                      1364         1   535302                         1.4                       0.3
MXP                        0.000               0.006       0.05              0.70               11.2         377582.2              19298                      135                      2162         1   535302                         3.6                       0.4
MSCISING                   5.659              90.538     396.35              1.43               22.8             58.1              23043                      328                      5263         1   535302                         4.3                       1.0
NIKKEI                   657.855           10525.679   37415.00              1.76               28.1              0.5              19429                      341                      5466         1   535302                         3.6                       1.0
KR10                       0.348               5.565     120.38              0.29                4.6            540.9              65111                      188                      3009         2   535302                        24.3                       1.1
BTP                        0.466               7.451     120.03              0.39                6.2            848.5             101841                      395                      6321         1   535302                        19.0                       1.2
MUMMY                     13.246             211.940     679.00              1.95               31.2              5.2               3526                       68                      1100         6   535302                         4.0                       1.2
LIVECOW                    1.728              27.647     209.32              0.83               13.2            302.1              63229                      521                      8351         1   535302                        11.8                       1.6
YENEUR                     0.961              15.379     163.26              0.59                9.4            649.1             105977                      623                      9983         1   535302                        19.8                       1.9

Sum of abs(notional exposure % capital) 147.5
Sum of abs(annualised risk % capital) 23.5
Net sum of annualised risk % capital -4.1 

=======================================================================================================================================================================================================
                                                                                             Correlations                                                                                              
=======================================================================================================================================================================================================

               CANOLA  SOYMEAL  WHEAT   BTP  KR10  KRWUSD_mini   MXP  BITCOIN  BRENT-LAST  CRUDE_W_micro   DOW  LIVECOW  MSCISING  MUMMY  NIKKEI  SP500_micro    DX  GAS-PEN  GAS_US_mini  YENEUR   V2X
CANOLA           1.00     0.23   0.31  0.07 -0.10         0.17  0.01     0.11        0.04           0.04  0.02     0.03     -0.02  -0.02   -0.01         0.09 -0.01     0.18         0.14    0.11  0.00
SOYMEAL          0.23     1.00   0.45  0.13  0.01         0.18  0.01    -0.06        0.01          -0.01  0.03     0.08     -0.17  -0.04   -0.07        -0.01 -0.22     0.13         0.11   -0.13  0.08
WHEAT            0.31     0.45   1.00  0.08 -0.08         0.19  0.15    -0.02        0.14           0.13 -0.04     0.10     -0.05   0.01   -0.03        -0.04 -0.07     0.20         0.17   -0.00 -0.02
BTP              0.07     0.13   0.08  1.00  0.65         0.35  0.18     0.11       -0.07          -0.10  0.26     0.07      0.16   0.19    0.19         0.22 -0.19    -0.18        -0.17   -0.41 -0.31
KR10            -0.10     0.01  -0.08  0.65  1.00         0.39  0.12     0.04       -0.30          -0.29  0.08    -0.07      0.03  -0.02   -0.01         0.04 -0.38    -0.25        -0.24   -0.32 -0.13
KRWUSD_mini      0.17     0.18   0.19  0.35  0.39         1.00  0.31     0.08        0.07           0.07  0.08     0.21      0.34   0.31    0.30         0.03 -0.62    -0.05         0.01    0.00 -0.38
MXP              0.01     0.01   0.15  0.18  0.12         0.31  1.00     0.06        0.10           0.10  0.18     0.22      0.20   0.28    0.25         0.23 -0.25    -0.12        -0.08    0.25 -0.23
BITCOIN          0.11    -0.06  -0.02  0.11  0.04         0.08  0.06     1.00        0.11           0.10  0.41     0.11      0.36   0.29    0.26         0.35  0.02     0.10         0.14    0.12 -0.28
BRENT-LAST       0.04     0.01   0.14 -0.07 -0.30         0.07  0.10     0.11        1.00           0.99  0.22     0.52      0.40   0.38    0.39         0.15  0.24     0.13         0.12    0.09 -0.41
CRUDE_W_micro    0.04    -0.01   0.13 -0.10 -0.29         0.07  0.10     0.10        0.99           1.00  0.21     0.54      0.39   0.37    0.38         0.14  0.23     0.14         0.13    0.10 -0.41
DOW              0.02     0.03  -0.04  0.26  0.08         0.08  0.18     0.41        0.22           0.21  1.00     0.21      0.35   0.42    0.43         0.88  0.11     0.16         0.12   -0.10 -0.43
LIVECOW          0.03     0.08   0.10  0.07 -0.07         0.21  0.22     0.11        0.52           0.54  0.21     1.00      0.37   0.36    0.35         0.10 -0.05     0.10         0.10    0.12 -0.40
MSCISING        -0.02    -0.17  -0.05  0.16  0.03         0.34  0.20     0.36        0.40           0.39  0.35     0.37      1.00   0.65    0.72         0.33 -0.04     0.08         0.13    0.17 -0.76
MUMMY           -0.02    -0.04   0.01  0.19 -0.02         0.31  0.28     0.29        0.38           0.37  0.42     0.36      0.65   1.00    0.79         0.37 -0.13    -0.07        -0.04    0.15 -0.65
NIKKEI          -0.01    -0.07  -0.03  0.19 -0.01         0.30  0.25     0.26        0.39           0.38  0.43     0.35      0.72   0.79    1.00         0.45 -0.07     0.00         0.05    0.31 -0.75
SP500_micro      0.09    -0.01  -0.04  0.22  0.04         0.03  0.23     0.35        0.15           0.14  0.88     0.10      0.33   0.37    0.45         1.00  0.22     0.24         0.20    0.04 -0.38
DX              -0.01    -0.22  -0.07 -0.19 -0.38        -0.62 -0.25     0.02        0.24           0.23  0.11    -0.05     -0.04  -0.13   -0.07         0.22  1.00     0.15         0.08   -0.01  0.16
GAS-PEN          0.18     0.13   0.20 -0.18 -0.25        -0.05 -0.12     0.10        0.13           0.14  0.16     0.10      0.08  -0.07    0.00         0.24  0.15     1.00         0.97    0.20  0.03
GAS_US_mini      0.14     0.11   0.17 -0.17 -0.24         0.01 -0.08     0.14        0.12           0.13  0.12     0.10      0.13  -0.04    0.05         0.20  0.08     0.97         1.00    0.24 -0.01
YENEUR           0.11    -0.13  -0.00 -0.41 -0.32         0.00  0.25     0.12        0.09           0.10 -0.10     0.12      0.17   0.15    0.31         0.04 -0.01     0.20         0.24    1.00 -0.14
V2X              0.00     0.08  -0.02 -0.31 -0.13        -0.38 -0.23    -0.28       -0.41          -0.41 -0.43    -0.40     -0.76  -0.65   -0.75        -0.38  0.16     0.03        -0.01   -0.14  1.00


********************************************************************************
                                 END OF REPORT                                  
********************************************************************************


