
********************************************************************************
           Risk report report produced on 2022-07-01 21:00:48.410073            
********************************************************************************


Total risk across all strategies, annualised percentage 6.7
Percentage of capital used for margin 20.1%

========================================
Risk per strategy, annualised percentage
========================================

                  risk
dynamic_TF_carry   6.7


==================================================================================================================================================================================================================================================================
                                                                                                                         Instrument risk                                                                                                                          
==================================================================================================================================================================================================================================================================

              daily_price_stdev  annual_price_stdev     price  daily_perc_stdev  annual_perc_stdev  point_size_base  contract_exposure  daily_risk_per_contract  annual_risk_per_contract  position  capital  exposure_held_perc_capital  annual_risk_perc_capital
US10U                     0.890              14.239    128.56              0.69               11.1            833.1             107110                      741                     11862        -1   372517                       -28.8                      -3.2
SILVER                    0.409               6.543     19.80              2.07               33.1            833.1              16492                      340                      5451        -1   372517                        -4.4                      -1.5
SP500_micro              61.860             989.757   3812.00              1.62               26.0              4.2              15879                      257                      4123        -1   372517                        -4.3                      -1.1
DJSTX-SMALL               5.206              83.296    296.70              1.75               28.1             43.3              12845                      225                      3606        -1   372517                        -3.4                      -1.0
DOW                     410.851            6573.620  30660.00              1.34               21.4              0.4              12772                      171                      2738        -1   372517                        -3.4                      -0.7
DAX                     188.934            3022.947  12805.00              1.48               23.6              0.9              11087                      163                      2617        -1   372517                        -3.0                      -0.7
KOSDAQ                   25.291             404.655   1029.00              2.46               39.3              6.4               6575                      161                      2585        -1   372517                        -1.8                      -0.7
NIKKEI400               203.759            3260.142  16775.00              1.21               19.4              0.6              10344                      125                      2010         1   372517                         2.8                       0.5
TOPIX                    22.543             360.686   1870.25              1.21               19.3              6.2              11533                      139                      2224         1   372517                         3.1                       0.6
BRE                       0.002               0.033      0.19              1.11               17.8          83314.2              15542                      173                      2770         1   372517                         4.2                       0.7
EU-OIL                    5.926              94.812    306.90              1.93               30.9             43.3              13287                      256                      4104         1   372517                         3.6                       1.1
IRON                      4.136              66.173    113.50              3.64               58.3             83.3               9456                      344                      5513         1   372517                         2.5                       1.5
CORN                     12.415             198.644    608.50              2.04               32.6             41.7              25348                      517                      8274         1   372517                         6.8                       2.2
CRUDE_W_mini              2.516              40.264    105.60              2.38               38.1            416.6              43989                     1048                     16772         1   372517                        11.8                       4.5

Sum of abs(notional exposure % capital) 83.9
Sum of abs(annualised risk % capital) 20.0
Net sum of annualised risk % capital 2.2 

===================================================================================================================================
                                                           Correlations                                                            
===================================================================================================================================

               DAX  DJSTX-SMALL   DOW  KOSDAQ  NIKKEI400  SP500_micro  TOPIX   BRE  CRUDE_W_mini  EU-OIL  IRON  SILVER  CORN  US10U
DAX           1.00         0.54  0.54    0.37       0.50         0.51   0.50  0.33          0.20    0.37  0.25    0.22  0.08   0.08
DJSTX-SMALL   0.54         1.00  0.54    0.39       0.48         0.54   0.48  0.29          0.25    0.40  0.23    0.25  0.10   0.20
DOW           0.54         0.54  1.00    0.37       0.51         0.60   0.52  0.34          0.33    0.40  0.38    0.26  0.10   0.15
KOSDAQ        0.37         0.39  0.37    1.00       0.38         0.38   0.39  0.30          0.33    0.35  0.26    0.28  0.13   0.18
NIKKEI400     0.50         0.48  0.51    0.38       1.00         0.50   0.60  0.25          0.29    0.35  0.24    0.17  0.09   0.07
SP500_micro   0.51         0.54  0.60    0.38       0.50         1.00   0.51  0.34          0.35    0.40  0.35    0.29  0.10   0.18
TOPIX         0.50         0.48  0.52    0.39       0.60         0.51   1.00  0.25          0.30    0.36  0.25    0.18  0.09   0.08
BRE           0.33         0.29  0.34    0.30       0.25         0.34   0.25  1.00          0.31    0.32  0.29    0.35  0.22   0.14
CRUDE_W_mini  0.20         0.25  0.33    0.33       0.29         0.35   0.30  0.31          1.00    0.49  0.35    0.31  0.22   0.17
EU-OIL        0.37         0.40  0.40    0.35       0.35         0.40   0.36  0.32          0.49    1.00  0.33    0.26  0.20   0.10
IRON          0.25         0.23  0.38    0.26       0.24         0.35   0.25  0.29          0.35    0.33  1.00    0.24  0.14   0.12
SILVER        0.22         0.25  0.26    0.28       0.17         0.29   0.18  0.35          0.31    0.26  0.24    1.00  0.24   0.19
CORN          0.08         0.10  0.10    0.13       0.09         0.10   0.09  0.22          0.22    0.20  0.14    0.24  1.00   0.00
US10U         0.08         0.20  0.15    0.18       0.07         0.18   0.08  0.14          0.17    0.10  0.12    0.19  0.00   1.00


********************************************************************************
                                 END OF REPORT                                  
********************************************************************************


