
********************************************************************************
                    Risk report produced on 24/03/2025 22:53                    
********************************************************************************


Total risk across all strategies, annualised percentage 8.3
Percentage of capital used for margin 66.6%

========================================
Risk per strategy, annualised percentage
========================================

                  risk
dynamic_TF_carry   8.3


===================
Risk by asset class
===================

Ags       2.6
Bond      2.8
Equity    5.0
FX        3.2
Metals    1.7
dtype: float64


=====================================================
Beta loadings of asset class positions on asset class
=====================================================

Bond     -0.16
Ags      -0.10
Metals   -0.04
Equity    0.20
FX        0.41
dtype: float64


========================================================
Beta loadings of full portfolio positions on asset class
========================================================

Bond     -0.35
Ags      -0.11
Metals    0.06
Equity    0.22
FX        0.56
dtype: float64


==================================================================================================================================================================================================================================================================
                                                                                                                         Instrument risk                                                                                                                          
==================================================================================================================================================================================================================================================================

              daily_price_stdev  annual_price_stdev     price  daily_perc_stdev  annual_perc_stdev  point_size_base  contract_exposure  daily_risk_per_contract  annual_risk_per_contract  position  capital  exposure_held_perc_capital  annual_risk_perc_capital
BUXL                      1.402              22.437    118.36              1.18               19.0            837.5              99132                     1174                     18792        -1   577602                       -17.2                      -3.3
LEANHOG                   1.517              24.270     95.75              1.58               25.3            309.0              29587                      468                      7499        -2   577602                       -10.2                      -2.6
BITCOIN                2728.878           43662.053  88985.00              3.07               49.1              0.1               6874                      210                      3372        -3   577602                        -3.6                      -1.8
CHF                       0.005               0.074      1.14              0.41                6.5          96565.0             110460                      449                      7186        -1   577602                       -19.1                      -1.2
SP500_micro              55.312             884.989   5817.50              0.95               15.2              3.9              22470                      213                      3418        -2   577602                        -7.8                      -1.2
RUSSELL                  26.485             423.757   2125.40              1.25               19.9              3.9               8209                      102                      1636        -2   577602                        -2.8                      -0.6
CAD                       0.003               0.040      0.70              0.36                5.7          77252.0              54184                      193                      3092        -1   577602                        -9.4                      -0.5
DOW                     356.648            5706.369  42933.00              0.83               13.3              0.4              16583                      137                      2204        -1   577602                        -2.9                      -0.4
COPPER-micro              0.068               1.095      5.14              1.33               21.3           1931.3               9926                      132                      2114        -1   577602                        -1.7                      -0.4
MUMMY                     8.306             132.889    658.00              1.26               20.2              5.2               3397                       42                       686         1   577602                         0.6                       0.1
EUR_micro                 0.005               0.088      1.09              0.51                8.1           9656.5              10482                       52                       847         1   577602                         1.8                       0.1
TOPIX                    21.488             343.811   2765.50              0.78               12.4              5.2              14280                      110                      1775         1   577602                         2.5                       0.3
GOLD_micro               23.994             383.905   3042.00              0.79               12.6              7.7              23500                      185                      2965         1   577602                         4.1                       0.5
CAD10                     0.546               8.732    123.58              0.44                7.1            538.9              66591                      294                      4705         1   577602                        11.5                       0.8
YENEUR                    1.034              16.546    162.03              0.64               10.2            645.5             104589                      667                     10680         1   577602                        18.1                       1.8
MSCISING                  3.916              62.655    398.00              0.98               15.7             57.8              22992                      226                      3619         3   577602                        11.9                       1.9
GBP                       0.005               0.084      1.29              0.41                6.5          48282.5              62390                      254                      4066         4   577602                        43.2                       2.8
MIB                     385.723            6171.575  38360.00              1.01               16.1              4.2             160641                     1615                     25844         1   577602                        27.8                       4.5

Sum of abs(notional exposure % capital) 196.2
Sum of abs(annualised risk % capital) 24.8
Net sum of annualised risk % capital 0.8 

====================================================================================================================================================================
                                                                            Correlations                                                                            
====================================================================================================================================================================

               CAD   CHF  COPPER-micro  EUR_micro   GBP  GOLD_micro  YENEUR  BUXL  CAD10  BITCOIN  LEANHOG   DOW   MIB  MSCISING  MUMMY  RUSSELL  SP500_micro  TOPIX
CAD           1.00  0.52          0.46       0.48  0.55        0.33    0.09 -0.06  -0.07     0.16     0.09  0.33  0.27      0.27   0.13     0.33         0.39   0.11
CHF           0.52  1.00          0.25       0.67  0.60        0.27   -0.07 -0.06   0.13     0.03     0.12  0.00  0.04     -0.06  -0.03    -0.02        -0.04  -0.13
COPPER-micro  0.46  0.25          1.00       0.45  0.46        0.57    0.22 -0.19  -0.07    -0.10     0.21  0.16  0.37      0.22   0.11     0.13         0.24   0.20
EUR_micro     0.48  0.67          0.45       1.00  0.77        0.32    0.29 -0.38   0.02     0.09     0.11  0.05  0.15      0.11  -0.09     0.04         0.06   0.09
GBP           0.55  0.60          0.46       0.77  1.00        0.34    0.16 -0.22   0.13     0.05     0.02  0.19  0.32      0.21   0.14     0.21         0.22   0.30
GOLD_micro    0.33  0.27          0.57       0.32  0.34        1.00    0.02  0.06   0.02     0.14     0.21  0.18  0.20     -0.01   0.19     0.18         0.18   0.18
YENEUR        0.09 -0.07          0.22       0.29  0.16        0.02    1.00 -0.52  -0.50    -0.06     0.03 -0.07  0.07      0.10   0.05    -0.16         0.06   0.32
BUXL         -0.06 -0.06         -0.19      -0.38 -0.22        0.06   -0.52  1.00   0.66    -0.04     0.06  0.25  0.08     -0.05   0.19     0.22         0.16   0.01
CAD10        -0.07  0.13         -0.07       0.02  0.13        0.02   -0.50  0.66   1.00    -0.07    -0.03  0.19  0.13     -0.02   0.05     0.12         0.04   0.00
BITCOIN       0.16  0.03         -0.10       0.09  0.05        0.14   -0.06 -0.04  -0.07     1.00     0.19  0.39  0.17      0.39   0.06     0.41         0.38   0.09
LEANHOG       0.09  0.12          0.21       0.11  0.02        0.21    0.03  0.06  -0.03     0.19     1.00  0.26  0.15      0.07   0.18     0.29         0.18   0.11
DOW           0.33  0.00          0.16       0.05  0.19        0.18   -0.07  0.25   0.19     0.39     0.26  1.00  0.48      0.53   0.27     0.84         0.88   0.41
MIB           0.27  0.04          0.37       0.15  0.32        0.20    0.07  0.08   0.13     0.17     0.15  0.48  1.00      0.50   0.23     0.38         0.46   0.38
MSCISING      0.27 -0.06          0.22       0.11  0.21       -0.01    0.10 -0.05  -0.02     0.39     0.07  0.53  0.50      1.00   0.26     0.41         0.59   0.42
MUMMY         0.13 -0.03          0.11      -0.09  0.14        0.19    0.05  0.19   0.05     0.06     0.18  0.27  0.23      0.26   1.00     0.32         0.29   0.59
RUSSELL       0.33 -0.02          0.13       0.04  0.21        0.18   -0.16  0.22   0.12     0.41     0.29  0.84  0.38      0.41   0.32     1.00         0.77   0.34
SP500_micro   0.39 -0.04          0.24       0.06  0.22        0.18    0.06  0.16   0.04     0.38     0.18  0.88  0.46      0.59   0.29     0.77         1.00   0.46
TOPIX         0.11 -0.13          0.20       0.09  0.30        0.18    0.32  0.01   0.00     0.09     0.11  0.41  0.38      0.42   0.59     0.34         0.46   1.00


********************************************************************************
                                 END OF REPORT                                  
********************************************************************************


