
********************************************************************************
                    Risk report produced on 03/07/2023 22:52                    
********************************************************************************


Total risk across all strategies, annualised percentage 11.3
Percentage of capital used for margin 62.1%

========================================
Risk per strategy, annualised percentage
========================================

                  risk
dynamic_TF_carry  11.3


===================
Risk by asset class
===================

Ags       4.7
Bond      1.6
Equity    2.2
FX        6.8
Metals    0.3
OilGas    1.1
Sector    2.5
Vol       1.7
dtype: float64


=====================================================
Beta loadings of asset class positions on asset class
=====================================================

FX       -0.60
Bond     -0.45
Vol      -0.04
OilGas   -0.01
Metals    0.01
Equity    0.15
Sector    0.15
Ags       0.18
dtype: float64


========================================================
Beta loadings of full portfolio positions on asset class
========================================================

Bond     -1.81
FX       -0.16
Vol      -0.13
Metals   -0.03
OilGas    0.02
Sector    0.22
Equity    0.24
Ags       0.27
dtype: float64


==================================================================================================================================================================================================================================================================
                                                                                                                         Instrument risk                                                                                                                          
==================================================================================================================================================================================================================================================================

              daily_price_stdev  annual_price_stdev     price  daily_perc_stdev  annual_perc_stdev  point_size_base  contract_exposure  daily_risk_per_contract  annual_risk_per_contract  position  capital  exposure_held_perc_capital  annual_risk_perc_capital
JPY                       0.000               0.001      0.01              0.56                8.9        9862322.0              68912                      382                      6124        -2   364569                       -37.8                      -3.4
CHF                       0.005               0.082      1.12              0.46                7.3          98623.2             110522                      505                      8084        -1   364569                       -30.3                      -2.2
LEANHOG                   1.582              25.307     91.10              1.74               27.8            315.6              28750                      499                      7986        -1   364569                        -7.9                      -2.2
VIX                       0.484               7.743     17.85              2.71               43.4            789.0              14083                      381                      6108        -1   364569                        -3.9                      -1.7
US3                       0.236               3.776    104.05              0.23                3.6           1578.0             164195                      372                      5958        -1   364569                       -45.0                      -1.6
GAS_US_mini               0.132               2.111      2.69              4.91               78.5           1972.5               5305                      260                      4164        -1   364569                        -1.5                      -1.1
DOW                     253.984            4063.741  34323.00              0.74               11.8              0.4              13540                      100                      1603        -2   364569                        -7.4                      -0.9
BITCOIN                 986.050           15776.798  31070.00              3.17               50.8              0.1               2451                       77                      1244         1   364569                         0.7                       0.3
MXP                       0.000               0.004      0.06              0.48                7.6         394492.9              22714                      108                      1731         1   364569                         6.2                       0.5
BRE                       0.002               0.024      0.21              0.74               11.8          78898.6              16225                      119                      1913         1   364569                         4.5                       0.5
SOYBEAN_mini             22.494             359.909   1278.00              1.76               28.2              7.9              10083                      177                      2839         1   364569                         2.8                       0.8
NIKKEI                  341.142            5458.278  33325.00              1.02               16.4              0.5              18149                      185                      2972         1   364569                         5.0                       0.8
EU-AUTO                   7.845             125.520    638.20              1.23               19.7             42.9              27400                      336                      5389         1   364569                         7.5                       1.5
EU-OIL                    4.254              68.061    325.60              1.31               20.9             42.9              13979                      182                      2922         2   364569                         7.7                       1.6
CAC                      60.206             963.291   7324.00              0.82               13.2              8.6              62890                      516                      8271         1   364569                        17.3                       2.3
CNH                       0.020               0.323      7.25              0.28                4.5          10864.1              78751                      219                      3510         3   364569                        64.8                       2.9
LIVECOW                   1.196              19.137    174.52              0.69               11.0            315.6              55079                      377                      6039         2   364569                        30.2                       3.3
REDWHEAT                 19.628             314.048    801.50              2.45               39.2             39.4              31618                      774                     12388         1   364569                         8.7                       3.4

Sum of abs(notional exposure % capital) 289.2
Sum of abs(annualised risk % capital) 31.0
Net sum of annualised risk % capital 4.8 

===========================================================================================================================================================
                                                                       Correlations                                                                        
===========================================================================================================================================================

               CHF   JPY   US3   BRE   CAC   DOW  EU-AUTO  EU-OIL  LEANHOG  LIVECOW   MXP  NIKKEI  SOYBEAN_mini  BITCOIN  GAS_US_mini  REDWHEAT   CNH   VIX
CHF           1.00  0.40  0.55  0.12  0.31  0.24     0.27    0.11     0.20    -0.13  0.13    0.16          0.10    -0.03         0.02     -0.02 -0.62  0.01
JPY           0.40  1.00  0.56  0.15  0.06  0.10     0.02    0.06     0.01    -0.25  0.11   -0.30          0.07    -0.10        -0.31      0.23 -0.49  0.04
US3           0.55  0.56  1.00  0.05  0.04  0.05    -0.12   -0.05     0.02    -0.20 -0.10   -0.18         -0.12     0.04        -0.12      0.06 -0.49  0.21
BRE           0.12  0.15  0.05  1.00  0.36  0.46     0.22    0.44     0.33     0.20  0.49    0.27          0.44     0.32         0.12      0.31 -0.20 -0.50
CAC           0.31  0.06  0.04  0.36  1.00  0.78     0.80    0.43     0.12     0.16  0.51    0.58          0.28     0.29         0.06     -0.16 -0.23 -0.59
DOW           0.24  0.10  0.05  0.46  0.78  1.00     0.57    0.42     0.17     0.28  0.49    0.56          0.36     0.25         0.06     -0.03 -0.16 -0.70
EU-AUTO       0.27  0.02 -0.12  0.22  0.80  0.57     1.00    0.33     0.19     0.22  0.41    0.54          0.21     0.11        -0.04     -0.18 -0.23 -0.55
EU-OIL        0.11  0.06 -0.05  0.44  0.43  0.42     0.33    1.00     0.11     0.06  0.47    0.30          0.32     0.06         0.17      0.12 -0.10 -0.36
LEANHOG       0.20  0.01  0.02  0.33  0.12  0.17     0.19    0.11     1.00     0.39  0.09    0.06          0.27    -0.19        -0.02     -0.05 -0.18 -0.14
LIVECOW      -0.13 -0.25 -0.20  0.20  0.16  0.28     0.22    0.06     0.39     1.00  0.11    0.25          0.03    -0.02        -0.02     -0.10  0.14 -0.41
MXP           0.13  0.11 -0.10  0.49  0.51  0.49     0.41    0.47     0.09     0.11  1.00    0.33          0.25     0.08         0.03      0.14 -0.06 -0.62
NIKKEI        0.16 -0.30 -0.18  0.27  0.58  0.56     0.54    0.30     0.06     0.25  0.33    1.00          0.16     0.20         0.25     -0.15  0.02 -0.51
SOYBEAN_mini  0.10  0.07 -0.12  0.44  0.28  0.36     0.21    0.32     0.27     0.03  0.25    0.16          1.00     0.03         0.21      0.41 -0.13 -0.28
BITCOIN      -0.03 -0.10  0.04  0.32  0.29  0.25     0.11    0.06    -0.19    -0.02  0.08    0.20          0.03     1.00         0.05      0.04 -0.02 -0.20
GAS_US_mini   0.02 -0.31 -0.12  0.12  0.06  0.06    -0.04    0.17    -0.02    -0.02  0.03    0.25          0.21     0.05         1.00      0.09  0.28 -0.10
REDWHEAT     -0.02  0.23  0.06  0.31 -0.16 -0.03    -0.18    0.12    -0.05    -0.10  0.14   -0.15          0.41     0.04         0.09      1.00 -0.03  0.03
CNH          -0.62 -0.49 -0.49 -0.20 -0.23 -0.16    -0.23   -0.10    -0.18     0.14 -0.06    0.02         -0.13    -0.02         0.28     -0.03  1.00  0.00
VIX           0.01  0.04  0.21 -0.50 -0.59 -0.70    -0.55   -0.36    -0.14    -0.41 -0.62   -0.51         -0.28    -0.20        -0.10      0.03  0.00  1.00


********************************************************************************
                                 END OF REPORT                                  
********************************************************************************


