
********************************************************************************
                    Risk report produced on 29/10/2024 22:52                    
********************************************************************************


Total risk across all strategies, annualised percentage 11.5
Percentage of capital used for margin 69.9%

========================================
Risk per strategy, annualised percentage
========================================

                  risk
dynamic_TF_carry  11.5


===================
Risk by asset class
===================

Ags       2.6
Bond      1.2
Equity    9.6
FX        2.6
Metals    2.6
OilGas    2.3
Sector    1.5
Vol       1.1
dtype: float64


=====================================================
Beta loadings of asset class positions on asset class
=====================================================

Bond     -0.19
FX       -0.19
Sector   -0.08
OilGas   -0.06
Vol      -0.02
Ags       0.04
Metals    0.11
Equity    0.71
dtype: float64


========================================================
Beta loadings of full portfolio positions on asset class
========================================================

Bond     -0.37
Vol      -0.20
OilGas   -0.01
Ags       0.07
Metals    0.22
Sector    0.30
FX        0.58
Equity    0.77
dtype: float64


===================================================================================================================================================================================================================================================================
                                                                                                                          Instrument risk                                                                                                                          
===================================================================================================================================================================================================================================================================

               daily_price_stdev  annual_price_stdev     price  daily_perc_stdev  annual_perc_stdev  point_size_base  contract_exposure  daily_risk_per_contract  annual_risk_per_contract  position  capital  exposure_held_perc_capital  annual_risk_perc_capital
GAS-PEN                    0.098               1.562      2.86              3.42               54.7           7711.1              22038                      752                     12044        -1   591949                        -3.7                      -2.0
BUND                       0.533               8.520    132.48              0.40                6.4            833.7             110447                      443                      7103        -1   591949                       -18.7                      -1.2
CHF                        0.005               0.073      1.16              0.39                6.3          96389.3             111700                      437                      6993        -1   591949                       -18.9                      -1.2
VIX                        0.515               8.235     18.15              2.84               45.4            771.1              13995                      396                      6350        -1   591949                        -2.4                      -1.1
EU-BASIC                   8.293             132.695    561.60              1.48               23.6             41.7              23410                      345                      5531        -1   591949                        -4.0                      -0.9
COTTON2                    0.896              14.335     70.56              1.27               20.3            385.6              27204                      345                      5526        -1   591949                        -4.6                      -0.9
SOYMEAL                    4.201              67.223    303.40              1.38               22.2             77.1              23395                      323                      5183        -1   591949                        -4.0                      -0.9
EU-AUTO                    7.218             115.481    562.10              1.28               20.5             41.7              23430                      300                      4813        -1   591949                        -4.0                      -0.8
NZD                        0.003               0.055      0.60              0.58                9.3          77111.4              46031                      267                      4277        -1   591949                        -7.8                      -0.7
CRUDE_W_micro              1.551              24.819     66.91              2.32               37.1             77.1               5159                      119                      1913        -2   591949                        -1.7                      -0.6
CORN                       4.994              79.911    413.75              1.21               19.3             38.6              15952                      192                      3081        -1   591949                        -2.7                      -0.5
MXP                        0.000               0.006      0.05              0.77               12.3         385557.0              19038                      146                      2348        -1   591949                        -3.2                      -0.4
KOSDAQ                    24.451             391.219   1286.10              1.90               30.4              5.6               7182                      136                      2184        -1   591949                        -1.2                      -0.4
CANOLA                     8.379             134.066    645.90              1.30               20.8             11.1               7171                       93                      1488        -1   591949                        -1.2                      -0.3
MUMMY                     14.015             224.236    614.00              2.28               36.5              5.0               3094                       70                      1130         1   591949                         0.5                       0.2
SUGAR11                    0.314               5.021     20.44              1.54               24.6            863.6              17652                      271                      4336         1   591949                         3.0                       0.7
MSCISING                   2.503              40.056    348.90              0.72               11.5             58.2              20310                      145                      2331         2   591949                         6.9                       0.8
DOW                      271.060            4336.961  42496.00              0.64               10.2              0.4              16384                      104                      1672         3   591949                         8.3                       0.8
LIVECOW                    1.080              17.276    188.48              0.57                9.2            308.4              58134                      333                      5328         1   591949                         9.8                       0.9
RUSSELL                   23.667             378.673   2251.60              1.05               16.8              3.9               8681                       91                      1460         4   591949                         5.9                       1.0
SILVER                     0.616               9.859     34.62              1.78               28.5            771.1              26699                      475                      7602         1   591949                         4.5                       1.3
PLAT                      14.734             235.738   1059.00              1.39               22.3             38.6              40830                      568                      9089         1   591949                         6.9                       1.5
YENEUR                     0.934              14.949    165.23              0.57                9.0            630.0             104089                      588                      9417         1   591949                        17.6                       1.6
SMI                       77.730            1243.674  12129.00              0.64               10.3              8.9             108051                      692                     11079         1   591949                        18.3                       1.9
LEANHOG                    1.139              18.216     82.68              1.38               22.0            308.4              25500                      351                      5618         2   591949                         8.6                       1.9
MIB                      261.500            4183.999  34750.00              0.75               12.0              4.2             144853                     1090                     17440         1   591949                        24.5                       2.9
MSCITAIWAN                11.736             187.776    950.50              1.23               19.8             77.1              73294                      904                     14479         2   591949                        24.8                       4.9

Sum of abs(notional exposure % capital) 217.7
Sum of abs(annualised risk % capital) 32.3
Net sum of annualised risk % capital 8.5 

=======================================================================================================================================================================================================================================
                                                                                                             Correlations                                                                                                              
=======================================================================================================================================================================================================================================

               BUND   CHF  CORN  GAS-PEN   NZD  PLAT  SILVER  SOYMEAL   DOW  EU-AUTO  EU-BASIC  KOSDAQ   MIB  MSCISING  MSCITAIWAN  MUMMY  RUSSELL   SMI  CANOLA  COTTON2  CRUDE_W_micro  LEANHOG  LIVECOW   MXP  SUGAR11  YENEUR   VIX
BUND           1.00  0.38  0.06    -0.09  0.23  0.18    0.20     0.25  0.08    -0.00      0.01   -0.01 -0.15      0.03        0.05   0.00     0.04  0.15   -0.25    -0.17          -0.33    -0.13    -0.14 -0.12    -0.24   -0.54  0.18
CHF            0.38  1.00  0.03     0.03  0.51  0.15    0.10     0.29 -0.02     0.08     -0.00    0.00 -0.06     -0.02       -0.19   0.01    -0.08  0.12   -0.12    -0.14          -0.26    -0.03    -0.26 -0.28    -0.05   -0.48  0.33
CORN           0.06  0.03  1.00     0.23 -0.02  0.06    0.05     0.42 -0.03     0.05      0.32    0.18 -0.01      0.05        0.18  -0.08    -0.05  0.05    0.16    -0.03           0.08    -0.02     0.06  0.10     0.06   -0.02  0.10
GAS-PEN       -0.09  0.03  0.23     1.00  0.13  0.02   -0.05     0.07 -0.06    -0.05      0.21   -0.01 -0.09     -0.03        0.05  -0.01    -0.13  0.01    0.09    -0.03           0.20    -0.10     0.09  0.08     0.12    0.11 -0.06
NZD            0.23  0.51 -0.02     0.13  1.00  0.31    0.34     0.17  0.27     0.40      0.41    0.18  0.31      0.30        0.28   0.33     0.24  0.38    0.02     0.18          -0.12    -0.05    -0.03  0.07     0.13   -0.09 -0.22
PLAT           0.18  0.15  0.06     0.02  0.31  1.00    0.69     0.16  0.17     0.14      0.40   -0.02  0.16      0.35        0.22   0.00     0.19  0.23   -0.06     0.03           0.06    -0.07     0.04  0.41    -0.14   -0.13 -0.05
SILVER         0.20  0.10  0.05    -0.05  0.34  0.69    1.00     0.06  0.24     0.12      0.34    0.05  0.17      0.40        0.23  -0.03     0.15  0.21    0.01     0.08           0.12    -0.02     0.14  0.31     0.00    0.05 -0.08
SOYMEAL        0.25  0.29  0.42     0.07  0.17  0.16    0.06     1.00 -0.05     0.15      0.32    0.04  0.07     -0.03       -0.03   0.07    -0.03  0.05    0.24    -0.11          -0.29    -0.03     0.10 -0.16     0.10   -0.28  0.13
DOW            0.08 -0.02 -0.03    -0.06  0.27  0.17    0.24    -0.05  1.00     0.44      0.34    0.40  0.62      0.55        0.40   0.57     0.80  0.57    0.00     0.13           0.02     0.22     0.24  0.30     0.11    0.18 -0.68
EU-AUTO       -0.00  0.08  0.05    -0.05  0.40  0.14    0.12     0.15  0.44     1.00      0.56    0.37  0.81      0.37        0.39   0.41     0.44  0.62    0.10     0.12          -0.08     0.08     0.09  0.13    -0.07    0.11 -0.35
EU-BASIC       0.01 -0.00  0.32     0.21  0.41  0.40    0.34     0.32  0.34     0.56      1.00    0.40  0.54      0.44        0.42   0.30     0.40  0.53    0.26     0.20           0.21     0.10     0.29  0.37     0.14    0.14 -0.30
KOSDAQ        -0.01  0.00  0.18    -0.01  0.18 -0.02    0.05     0.04  0.40     0.37      0.40    1.00  0.40      0.31        0.46   0.37     0.28  0.42    0.04     0.24           0.11    -0.08     0.11  0.16     0.19    0.15 -0.36
MIB           -0.15 -0.06 -0.01    -0.09  0.31  0.16    0.17     0.07  0.62     0.81      0.54    0.40  1.00      0.46        0.45   0.44     0.57  0.68    0.21     0.17          -0.05     0.14     0.16  0.21     0.03    0.25 -0.55
MSCISING       0.03 -0.02  0.05    -0.03  0.30  0.35    0.40    -0.03  0.55     0.37      0.44    0.31  0.46      1.00        0.43   0.40     0.51  0.50   -0.09     0.15           0.05     0.07     0.16  0.34     0.06    0.17 -0.51
MSCITAIWAN     0.05 -0.19  0.18     0.05  0.28  0.22    0.23    -0.03  0.40     0.39      0.42    0.46  0.45      0.43        1.00   0.34     0.39  0.44    0.05     0.21           0.11    -0.22     0.20  0.28     0.10    0.22 -0.49
MUMMY          0.00  0.01 -0.08    -0.01  0.33  0.00   -0.03     0.07  0.57     0.41      0.30    0.37  0.44      0.40        0.34   1.00     0.56  0.33    0.06     0.16          -0.05     0.05     0.10  0.11     0.25    0.24 -0.49
RUSSELL        0.04 -0.08 -0.05    -0.13  0.24  0.19    0.15    -0.03  0.80     0.44      0.40    0.28  0.57      0.51        0.39   0.56     1.00  0.47    0.09     0.23           0.02     0.24     0.30  0.39    -0.00    0.13 -0.63
SMI            0.15  0.12  0.05     0.01  0.38  0.23    0.21     0.05  0.57     0.62      0.53    0.42  0.68      0.50        0.44   0.33     0.47  1.00   -0.05     0.11          -0.14     0.04     0.05  0.11    -0.04   -0.03 -0.43
CANOLA        -0.25 -0.12  0.16     0.09  0.02 -0.06    0.01     0.24  0.00     0.10      0.26    0.04  0.21     -0.09        0.05   0.06     0.09 -0.05    1.00     0.10           0.16     0.36     0.24 -0.04     0.40    0.39 -0.02
COTTON2       -0.17 -0.14 -0.03    -0.03  0.18  0.03    0.08    -0.11  0.13     0.12      0.20    0.24  0.17      0.15        0.21   0.16     0.23  0.11    0.10     1.00           0.29     0.18     0.20  0.17     0.40    0.16 -0.18
CRUDE_W_micro -0.33 -0.26  0.08     0.20 -0.12  0.06    0.12    -0.29  0.02    -0.08      0.21    0.11 -0.05      0.05        0.11  -0.05     0.02 -0.14    0.16     0.29           1.00     0.15     0.33  0.42     0.22    0.46 -0.06
LEANHOG       -0.13 -0.03 -0.02    -0.10 -0.05 -0.07   -0.02    -0.03  0.22     0.08      0.10   -0.08  0.14      0.07       -0.22   0.05     0.24  0.04    0.36     0.18           0.15     1.00     0.25 -0.04     0.15    0.23  0.01
LIVECOW       -0.14 -0.26  0.06     0.09 -0.03  0.04    0.14     0.10  0.24     0.09      0.29    0.11  0.16      0.16        0.20   0.10     0.30  0.05    0.24     0.20           0.33     0.25     1.00  0.14     0.29    0.32 -0.24
MXP           -0.12 -0.28  0.10     0.08  0.07  0.41    0.31    -0.16  0.30     0.13      0.37    0.16  0.21      0.34        0.28   0.11     0.39  0.11   -0.04     0.17           0.42    -0.04     0.14  1.00    -0.09    0.26 -0.37
SUGAR11       -0.24 -0.05  0.06     0.12  0.13 -0.14    0.00     0.10  0.11    -0.07      0.14    0.19  0.03      0.06        0.10   0.25    -0.00 -0.04    0.40     0.40           0.22     0.15     0.29 -0.09     1.00    0.33 -0.18
YENEUR        -0.54 -0.48 -0.02     0.11 -0.09 -0.13    0.05    -0.28  0.18     0.11      0.14    0.15  0.25      0.17        0.22   0.24     0.13 -0.03    0.39     0.16           0.46     0.23     0.32  0.26     0.33    1.00 -0.34
VIX            0.18  0.33  0.10    -0.06 -0.22 -0.05   -0.08     0.13 -0.68    -0.35     -0.30   -0.36 -0.55     -0.51       -0.49  -0.49    -0.63 -0.43   -0.02    -0.18          -0.06     0.01    -0.24 -0.37    -0.18   -0.34  1.00


********************************************************************************
                                 END OF REPORT                                  
********************************************************************************


