
********************************************************************************
           Risk report report produced on 2022-11-04 21:14:11.804781            
********************************************************************************


Total risk across all strategies, annualised percentage 7.8
Percentage of capital used for margin 22.3%

========================================
Risk per strategy, annualised percentage
========================================

                  risk
dynamic_TF_carry   7.8


===================
Risk by asset class
===================

Ags       1.5
Bond      4.0
Equity    0.8
FX        2.5
Metals    1.3
OilGas    4.0
Sector    1.9
dtype: float64


============================
Beta loadings by asset class
============================

Bond     -0.28
FX       -0.15
Sector   -0.06
Metals   -0.04
Equity   -0.01
OilGas    0.05
Ags       0.08
dtype: float64


==================================================================================================================================================================================================================================================================
                                                                                                                         Instrument risk                                                                                                                          
==================================================================================================================================================================================================================================================================

              daily_price_stdev  annual_price_stdev     price  daily_perc_stdev  annual_perc_stdev  point_size_base  contract_exposure  daily_risk_per_contract  annual_risk_per_contract  position  capital  exposure_held_perc_capital  annual_risk_perc_capital
US20                      1.056              16.888    119.94              0.88               14.1            886.8             106360                      936                     14976        -1   378162                       -28.1                      -4.0
GAS_US_mini               0.266               4.257      6.26              4.25               68.1           2217.0              13867                      589                      9438        -1   378162                        -3.7                      -2.5
AUD                       0.006               0.095      0.63              0.94               15.1          88680.0              55863                      526                      8430        -1   378162                       -14.8                      -2.2
EU-TECH                  10.346             165.538    534.60              1.94               31.0             43.9              23455                      453                      7263        -1   378162                        -6.2                      -1.9
EURCHF                    0.004               0.062      0.99              0.40                6.3         111035.7             109492                      432                      6924        -1   378162                       -29.0                      -1.8
GOLD_micro               15.652             250.437   1632.80              0.96               15.3              8.9              14479                      138                      2220        -2   378162                        -7.7                      -1.2
KOSDAQ                   20.410             326.558    986.50              2.07               33.1              6.3               6204                      128                      2053        -1   378162                        -1.6                      -0.5
KOSPI_mini                3.795              60.727    301.54              1.26               20.1             31.4               9482                      119                      1909        -1   378162                        -2.5                      -0.5
BITCOIN                 907.175           14514.795  20225.00              4.49               71.8              0.1               1793                       80                      1287        -1   378162                        -0.5                      -0.3
MXP                       0.000               0.004      0.05              0.52                8.4         443400.0              22373                      116                      1869         1   378162                         5.9                       0.5
NIKKEI                  303.738            4859.804  27290.00              1.11               17.8              0.6              16432                      182                      2926         1   378162                         4.3                       0.8
BRE                       0.002               0.038      0.19              1.22               19.5          88680.0              17230                      210                      3364         1   378162                         4.6                       0.9
CORN                      7.882             126.118    678.75              1.16               18.6             44.3              30095                      349                      5592         1   378162                         8.0                       1.5
CRUDE_W_mini              1.953              31.252     87.08              2.24               35.9            443.4              38609                      866                     13856         1   378162                        10.2                       3.7

Sum of abs(notional exposure % capital) 127.1
Sum of abs(annualised risk % capital) 22.3
Net sum of annualised risk % capital -7.5 

=======================================================================================================================================
                                                             Correlations                                                              
=======================================================================================================================================

               AUD  BITCOIN   BRE  EU-TECH  GAS_US_mini  KOSDAQ  KOSPI_mini   MXP  NIKKEI  GOLD_micro  US20  CORN  CRUDE_W_mini  EURCHF
AUD           1.00     0.51  0.58     0.65         0.49    0.51        0.49  0.62    0.61        0.46  0.35  0.20          0.36    0.09
BITCOIN       0.51     1.00  0.22     0.59         0.23    0.37        0.32  0.35    0.53        0.12  0.21 -0.03          0.13    0.03
BRE           0.58     0.22  1.00     0.29         0.25    0.25        0.28  0.43    0.32        0.46  0.28  0.27          0.40    0.07
EU-TECH       0.65     0.59  0.29     1.00         0.41    0.46        0.45  0.54    0.73        0.14  0.17  0.00          0.14    0.15
GAS_US_mini   0.49     0.23  0.25     0.41         1.00    0.18        0.25  0.38    0.35        0.06  0.09  0.29          0.18   -0.08
KOSDAQ        0.51     0.37  0.25     0.46         0.18    1.00        0.81  0.26    0.54        0.14  0.21  0.02          0.12    0.04
KOSPI_mini    0.49     0.32  0.28     0.45         0.25    0.81        1.00  0.33    0.60       -0.00  0.15  0.04          0.18    0.13
MXP           0.62     0.35  0.43     0.54         0.38    0.26        0.33  1.00    0.53        0.20  0.20  0.15          0.03    0.14
NIKKEI        0.61     0.53  0.32     0.73         0.35    0.54        0.60  0.53    1.00        0.05  0.13  0.04          0.19    0.22
GOLD_micro    0.46     0.12  0.46     0.14         0.06    0.14       -0.00  0.20    0.05        1.00  0.50  0.12          0.44    0.00
US20          0.35     0.21  0.28     0.17         0.09    0.21        0.15  0.20    0.13        0.50  1.00 -0.17          0.12   -0.18
CORN          0.20    -0.03  0.27     0.00         0.29    0.02        0.04  0.15    0.04        0.12 -0.17  1.00          0.29    0.03
CRUDE_W_mini  0.36     0.13  0.40     0.14         0.18    0.12        0.18  0.03    0.19        0.44  0.12  0.29          1.00    0.04
EURCHF        0.09     0.03  0.07     0.15        -0.08    0.04        0.13  0.14    0.22        0.00 -0.18  0.03          0.04    1.00


********************************************************************************
                                 END OF REPORT                                  
********************************************************************************


