
********************************************************************************
                    Risk report produced on 17/10/2023 22:52                    
********************************************************************************


Total risk across all strategies, annualised percentage 12.0
Percentage of capital used for margin 53.3%

========================================
Risk per strategy, annualised percentage
========================================

                  risk
dynamic_TF_carry  12.0


===================
Risk by asset class
===================

Ags       2.1
Bond      7.3
Equity    2.6
FX        5.4
Metals    0.4
OilGas    1.0
Sector    3.1
dtype: float64


=====================================================
Beta loadings of asset class positions on asset class
=====================================================

FX       -0.98
Bond     -0.85
Equity   -0.09
Metals   -0.02
OilGas   -0.02
Ags       0.06
Sector    0.17
dtype: float64


========================================================
Beta loadings of full portfolio positions on asset class
========================================================

FX       -1.47
Bond     -1.25
Metals   -0.21
Equity   -0.09
OilGas   -0.01
Ags       0.06
Sector    0.16
dtype: float64


==================================================================================================================================================================================================================================================================
                                                                                                                         Instrument risk                                                                                                                          
==================================================================================================================================================================================================================================================================

              daily_price_stdev  annual_price_stdev     price  daily_perc_stdev  annual_perc_stdev  point_size_base  contract_exposure  daily_risk_per_contract  annual_risk_per_contract  position  capital  exposure_held_perc_capital  annual_risk_perc_capital
US20                      1.154              18.457    110.28              1.05               16.7            820.4              90472                      946                     15141        -1   387959                       -23.3                      -3.9
BUND                      0.746              11.942    128.15              0.58                9.3            865.1             110861                      645                     10330        -1   387959                       -28.6                      -2.7
DAX                     141.683            2266.927  15318.00              0.92               14.8              0.9              13251                      122                      1961        -5   387959                       -17.1                      -2.5
CHF                       0.005               0.078      1.12              0.44                7.0         102547.3             114606                      500                      8001        -1   387959                       -29.5                      -2.1
US3                       0.221               3.543    102.51              0.22                3.5           1640.8             168190                      363                      5813        -1   387959                       -43.4                      -1.5
AUD                       0.004               0.071      0.64              0.69               11.1          82037.8              52274                      362                      5802        -1   387959                       -13.5                      -1.5
JPY                       0.000               0.001      0.01              0.49                7.8       10254727.4              69157                      336                      5380        -1   387959                       -17.8                      -1.4
GBP                       0.006               0.100      1.22              0.51                8.2          51273.6              62497                      320                      5130        -1   387959                       -16.1                      -1.3
RUSSELL                  22.952             367.239   1780.40              1.29               20.6              4.1               7303                       94                      1506        -3   387959                        -5.6                      -1.2
GAS_US_mini               0.113               1.815      3.46              3.28               52.5           2050.9               7086                      232                      3721        -1   387959                        -1.8                      -1.0
COPPER-micro              0.043               0.685      3.58              1.20               19.1           2050.9               7334                       87                      1404        -1   387959                        -1.9                      -0.4
CNH                       0.018               0.283      7.31              0.24                3.9          11208.7              81926                      198                      3170         1   387959                        21.1                       0.8
MXP                       0.000               0.007      0.05              0.80               12.8         410189.1              22548                      180                      2881         2   387959                        11.6                       1.5
LEANHOG                   1.516              24.262     72.12              2.10               33.6            328.2              23667                      497                      7961         1   387959                         6.1                       2.1
NIKKEI                  383.335            6133.367  32005.00              1.20               19.2              0.5              17549                      210                      3363         3   387959                        13.6                       2.6
EU-OIL                    4.372              69.955    374.20              1.17               18.7             43.3              16185                      189                      3025         4   387959                        16.7                       3.1

Sum of abs(notional exposure % capital) 267.7
Sum of abs(annualised risk % capital) 29.6
Net sum of annualised risk % capital -9.4 

=====================================================================================================================================
                                                            Correlations                                                             
=====================================================================================================================================

               CNH  GAS_US_mini   DAX  EU-OIL  LEANHOG   MXP  NIKKEI  RUSSELL  BUND  US20   US3   AUD   CHF  COPPER-micro   GBP   JPY
CNH           1.00         0.16 -0.31   -0.12    -0.08 -0.31   -0.07    -0.28 -0.17 -0.22 -0.38 -0.56 -0.48         -0.61 -0.45 -0.60
GAS_US_mini   0.16         1.00  0.03    0.14     0.04 -0.06    0.19     0.09 -0.10 -0.11 -0.16  0.02 -0.12         -0.07  0.02 -0.33
DAX          -0.31         0.03  1.00    0.43     0.29  0.50    0.63     0.68  0.12  0.15  0.02  0.43  0.35          0.37  0.39  0.13
EU-OIL       -0.12         0.14  0.43    1.00     0.10  0.42    0.46     0.34 -0.07  0.05 -0.12  0.19  0.08          0.27  0.05 -0.02
LEANHOG      -0.08         0.04  0.29    0.10     1.00  0.02    0.16     0.33 -0.05 -0.10 -0.08  0.19  0.14          0.17  0.21  0.06
MXP          -0.31        -0.06  0.50    0.42     0.02  1.00    0.37     0.41 -0.07  0.10 -0.14  0.39  0.21          0.43  0.23  0.16
NIKKEI       -0.07         0.19  0.63    0.46     0.16  0.37    1.00     0.56  0.02  0.21 -0.09  0.27  0.21          0.20  0.18 -0.21
RUSSELL      -0.28         0.09  0.68    0.34     0.33  0.41    0.56     1.00  0.08  0.07  0.05  0.53  0.30          0.44  0.41  0.19
BUND         -0.17        -0.10  0.12   -0.07    -0.05 -0.07    0.02     0.08  1.00  0.71  0.70  0.11  0.24         -0.02  0.27  0.28
US20         -0.22        -0.11  0.15    0.05    -0.10  0.10    0.21     0.07  0.71  1.00  0.67  0.11  0.43          0.05  0.24  0.29
US3          -0.38        -0.16  0.02   -0.12    -0.08 -0.14   -0.09     0.05  0.70  0.67  1.00  0.26  0.43          0.14  0.41  0.55
AUD          -0.56         0.02  0.43    0.19     0.19  0.39    0.27     0.53  0.11  0.11  0.26  1.00  0.53          0.57  0.61  0.51
CHF          -0.48        -0.12  0.35    0.08     0.14  0.21    0.21     0.30  0.24  0.43  0.43  0.53  1.00          0.45  0.63  0.55
COPPER-micro -0.61        -0.07  0.37    0.27     0.17  0.43    0.20     0.44 -0.02  0.05  0.14  0.57  0.45          1.00  0.47  0.45
GBP          -0.45         0.02  0.39    0.05     0.21  0.23    0.18     0.41  0.27  0.24  0.41  0.61  0.63          0.47  1.00  0.45
JPY          -0.60        -0.33  0.13   -0.02     0.06  0.16   -0.21     0.19  0.28  0.29  0.55  0.51  0.55          0.45  0.45  1.00


********************************************************************************
                                 END OF REPORT                                  
********************************************************************************


