
********************************************************************************
           Risk report report produced on 2022-05-12 21:01:18.430370            
********************************************************************************


Total risk across all strategies, annualised percentage 11.0
Percentage of capital used for margin 24.0%

========================================
Risk per strategy, annualised percentage
========================================

                  risk
dynamic_TF_carry  10.9


==================================================================================================================================================================================================================================================================
                                                                                                                         Instrument risk                                                                                                                          
==================================================================================================================================================================================================================================================================

              daily_price_stdev  annual_price_stdev     price  daily_perc_stdev  annual_perc_stdev  point_size_base  contract_exposure  daily_risk_per_contract  annual_risk_per_contract  position  capital  exposure_held_perc_capital  annual_risk_perc_capital
BUND                      0.802              12.828    155.05              0.52                8.3            851.5             132029                      682                     10923        -1   387301                       -34.1                      -2.8
GBPEUR                    0.004               0.068      0.85              0.50                8.0         125000.0             106443                      530                      8484        -1   387301                       -27.5                      -2.2
JPY                       0.000               0.001      0.01              0.64               10.3       10224112.5              79799                      511                      8188        -1   387301                       -20.6                      -2.1
GBP                       0.008               0.130      1.22              0.67               10.7          51120.6              62336                      416                      6658        -1   387301                       -16.1                      -1.7
KR10                      0.572               9.144    115.25              0.50                7.9            634.1              73079                      362                      5798        -1   387301                       -18.9                      -1.5
SILVER                    0.431               6.896     20.64              2.09               33.4            817.9              16882                      352                      5640        -1   387301                        -4.4                      -1.5
DJSTX-SMALL               5.074              81.187    318.10              1.60               25.5             42.6              13543                      216                      3456        -1   387301                        -3.5                      -0.9
DAX                     205.176            3282.820  13739.00              1.49               23.9              0.9              11699                      174                      2795        -1   387301                        -3.0                      -0.7
RUSSELL                  34.433             550.922   1707.30              2.02               32.3              4.1               6982                      140                      2253        -1   387301                        -1.8                      -0.6
V2X                       1.136              18.175     32.80              3.46               55.4             85.2               2793                       96                      1547         1   387301                         0.7                       0.4
NIKKEI400               211.508            3384.131  16405.00              1.29               20.6              0.6              10471                      135                      2160         1   387301                         2.7                       0.6
BRE                       0.002               0.039      0.19              1.27               20.3          81792.9              15855                      201                      3225         1   387301                         4.1                       0.8
EU-OIL                    6.856             109.700    318.40              2.15               34.5             42.6              13556                      291                      4670         1   387301                         3.5                       1.2
TOPIX                    22.969             367.498   1820.00              1.26               20.2              6.4              11617                      146                      2345         2   387301                         6.0                       1.2
CORN                      9.110             145.759    748.25              1.22               19.5             40.9              30600                      372                      5961         1   387301                         7.9                       1.5
IRON                      4.637              74.185    125.60              3.69               59.1             81.8              10273                      379                      6067         1   387301                         2.7                       1.6
SOYOIL                    1.250              19.998     77.61              1.61               25.8            490.8              38087                      613                      9814         1   387301                         9.8                       2.5
SOYBEAN                  15.741             251.853   1480.75              1.06               17.0             40.9              60557                      643                     10299         1   387301                        15.6                       2.7
GAS_US_mini               0.319               5.103      7.85              4.06               65.0           2044.8              16051                      652                     10434         1   387301                         4.1                       2.7
CRUDE_W_mini              3.063              49.003    104.82              2.92               46.7            409.0              42869                     1252                     20040         1   387301                        11.1                       5.2

Sum of abs(notional exposure % capital) 198.1
Sum of abs(annualised risk % capital) 34.4
Net sum of annualised risk % capital 6.4 

==============================================================================================================================================================================
                                                                                 Correlations                                                                                 
==============================================================================================================================================================================

              BUND   JPY  KR10  GBPEUR   V2X  CORN  CRUDE_W_mini  GAS_US_mini  IRON  SILVER  SOYBEAN  SOYOIL   DAX  DJSTX-SMALL  NIKKEI400  RUSSELL  TOPIX   BRE  EU-OIL   GBP
BUND          1.00  0.34  0.35    0.07  0.22  0.05          0.05        -0.09 -0.02    0.05    -0.00    0.13 -0.18        -0.08      -0.16    -0.07  -0.14 -0.13   -0.10 -0.10
JPY           0.34  1.00  0.26    0.14  0.22  0.04          0.07        -0.09 -0.05    0.11     0.05    0.09 -0.19        -0.16      -0.21    -0.14  -0.20 -0.02   -0.13 -0.01
KR10          0.35  0.26  1.00    0.11  0.09 -0.07          0.01        -0.18 -0.06   -0.01    -0.02    0.05 -0.02         0.04      -0.03     0.03  -0.02 -0.08   -0.15 -0.03
GBPEUR        0.07  0.14  0.11    1.00  0.14 -0.08         -0.15        -0.14 -0.06   -0.06    -0.12   -0.07 -0.05        -0.13      -0.03    -0.09  -0.05 -0.13   -0.26 -0.26
V2X           0.22  0.22  0.09    0.14  1.00  0.10          0.00        -0.04  0.02    0.07    -0.00    0.04 -0.36        -0.32      -0.30    -0.28  -0.32 -0.10   -0.23 -0.22
CORN          0.05  0.04 -0.07   -0.08  0.10  1.00          0.08         0.15  0.13    0.10     0.37    0.23 -0.02         0.04      -0.03     0.04  -0.03  0.10    0.10  0.06
CRUDE_W_mini  0.05  0.07  0.01   -0.15  0.00  0.08          1.00         0.07  0.20    0.22     0.09    0.13 -0.08         0.00      -0.04     0.14  -0.00  0.17    0.25  0.12
GAS_US_mini  -0.09 -0.09 -0.18   -0.14 -0.04  0.15          0.07         1.00  0.08    0.04     0.10    0.13  0.09         0.14       0.05     0.09   0.06  0.14    0.18  0.13
IRON         -0.02 -0.05 -0.06   -0.06  0.02  0.13          0.20         0.08  1.00    0.18     0.11    0.07 -0.05        -0.02      -0.04     0.09  -0.03  0.14    0.15  0.09
SILVER        0.05  0.11 -0.01   -0.06  0.07  0.10          0.22         0.04  0.18    1.00     0.11    0.14 -0.06         0.03      -0.04     0.14  -0.03  0.20    0.11  0.17
SOYBEAN      -0.00  0.05 -0.02   -0.12 -0.00  0.37          0.09         0.10  0.11    0.11     1.00    0.31  0.07         0.09       0.05     0.09   0.05  0.12    0.12  0.18
SOYOIL        0.13  0.09  0.05   -0.07  0.04  0.23          0.13         0.13  0.07    0.14     0.31    1.00  0.04         0.08       0.01     0.08   0.02  0.04    0.13  0.10
DAX          -0.18 -0.19 -0.02   -0.05 -0.36 -0.02         -0.08         0.09 -0.05   -0.06     0.07    0.04  1.00         0.44       0.43     0.34   0.42  0.13    0.21  0.24
DJSTX-SMALL  -0.08 -0.16  0.04   -0.13 -0.32  0.04          0.00         0.14 -0.02    0.03     0.09    0.08  0.44         1.00       0.40     0.42   0.40  0.14    0.25  0.28
NIKKEI400    -0.16 -0.21 -0.03   -0.03 -0.30 -0.03         -0.04         0.05 -0.04   -0.04     0.05    0.01  0.43         0.40       1.00     0.34   0.48  0.09    0.17  0.23
RUSSELL      -0.07 -0.14  0.03   -0.09 -0.28  0.04          0.14         0.09  0.09    0.14     0.09    0.08  0.34         0.42       0.34     1.00   0.35  0.21    0.26  0.27
TOPIX        -0.14 -0.20 -0.02   -0.05 -0.32 -0.03         -0.00         0.06 -0.03   -0.03     0.05    0.02  0.42         0.40       0.48     0.35   1.00  0.10    0.20  0.24
BRE          -0.13 -0.02 -0.08   -0.13 -0.10  0.10          0.17         0.14  0.14    0.20     0.12    0.04  0.13         0.14       0.09     0.21   0.10  1.00    0.18  0.24
EU-OIL       -0.10 -0.13 -0.15   -0.26 -0.23  0.10          0.25         0.18  0.15    0.11     0.12    0.13  0.21         0.25       0.17     0.26   0.20  0.18    1.00  0.26
GBP          -0.10 -0.01 -0.03   -0.26 -0.22  0.06          0.12         0.13  0.09    0.17     0.18    0.10  0.24         0.28       0.23     0.27   0.24  0.24    0.26  1.00


********************************************************************************
                                 END OF REPORT                                  
********************************************************************************


