
********************************************************************************
                    Risk report produced on 14/12/2023 22:51                    
********************************************************************************


Total risk across all strategies, annualised percentage 8.2
Percentage of capital used for margin 57.0%

========================================
Risk per strategy, annualised percentage
========================================

                  risk
dynamic_TF_carry   8.2


===================
Risk by asset class
===================

Ags       2.6
Bond      1.4
Equity    3.1
FX        3.3
Metals    1.9
OilGas    5.0
Vol       1.5
dtype: float64


=====================================================
Beta loadings of asset class positions on asset class
=====================================================

Ags      -0.14
FX       -0.13
OilGas   -0.06
Vol      -0.03
Bond      0.04
Metals    0.05
Equity    0.28
dtype: float64


========================================================
Beta loadings of full portfolio positions on asset class
========================================================

Bond     -0.16
FX       -0.14
Vol      -0.08
Ags      -0.04
OilGas   -0.03
Metals   -0.01
Equity    0.39
dtype: float64


==================================================================================================================================================================================================================================================================
                                                                                                                         Instrument risk                                                                                                                          
==================================================================================================================================================================================================================================================================

              daily_price_stdev  annual_price_stdev     price  daily_perc_stdev  annual_perc_stdev  point_size_base  contract_exposure  daily_risk_per_contract  annual_risk_per_contract  position  capital  exposure_held_perc_capital  annual_risk_perc_capital
GAS-PEN                   0.120               1.924      2.30              5.23               83.7           7909.5              18183                      950                     15215        -1   372052                        -4.9                      -4.1
LIVECOW                   1.904              30.457    167.75              1.13               18.2            316.4              53072                      602                      9635        -1   372052                       -14.3                      -2.6
JPY                       0.000               0.001      0.01              0.73               11.7        9886815.7              70720                      516                      8265        -1   372052                       -19.0                      -2.2
VIX                       0.431               6.900     15.10              2.86               45.7            790.9              11943                      341                      5457        -1   372052                        -3.2                      -1.5
US2                       0.188               3.011    102.84              0.18                2.9           1581.9             162687                      297                      4762        -1   372052                       -43.7                      -1.3
GAS_US_mini               0.118               1.891      2.34              5.05               80.8           1977.4               4627                      233                      3739        -1   372052                        -1.2                      -1.0
EUR_micro                 0.006               0.089      1.10              0.50                8.0           9886.8              10911                       54                       875        -3   372052                        -8.8                      -0.7
GOLD_micro               19.647             314.356   2050.20              0.96               15.3              7.9              16215                      155                      2486        -1   372052                        -4.4                      -0.7
COPPER-micro              0.049               0.777      3.88              1.25               20.1           1977.4               7666                       96                      1537        -1   372052                        -2.1                      -0.4
DOW                     243.809            3900.939  37588.00              0.65               10.4              0.4              14865                       96                      1542         1   372052                         4.0                       0.4
IRON                      2.080              33.285    133.05              1.56               25.0             79.1              10523                      164                      2632         1   372052                         2.8                       0.7
CNH                       0.021               0.332      7.13              0.29                4.7          11074.1              78964                      229                      3676         1   372052                        21.2                       1.0
MXP                       0.000               0.007      0.06              0.71               11.4         395472.6              22672                      161                      2591         2   372052                        12.2                       1.4
KR10                      0.557               8.910    113.43              0.49                7.9            614.2              69665                      342                      5472         1   372052                        18.7                       1.5
NIKKEI                  324.152            5186.427  32605.00              0.99               15.9              0.6              18219                      181                      2898         2   372052                         9.8                       1.6
FTSETAIWAN               11.582             185.308   1522.50              0.76               12.2             31.6              48168                      366                      5862         1   372052                        12.9                       1.6
BITCOIN                1267.432           20278.916  43175.00              2.94               47.0              0.1               3414                      100                      1603         4   372052                         3.7                       1.7

Sum of abs(notional exposure % capital) 186.9
Sum of abs(annualised risk % capital) 24.4
Net sum of annualised risk % capital -4.6 

=============================================================================================================================================================
                                                                        Correlations                                                                         
=============================================================================================================================================================

               CNH  GAS-PEN  GAS_US_mini   VIX  COPPER-micro  EUR_micro  GOLD_micro  IRON   JPY  KR10   US2   DOW  FTSETAIWAN  LIVECOW   MXP  NIKKEI  BITCOIN
CNH           1.00     0.23         0.27  0.11         -0.64      -0.57       -0.51 -0.37 -0.53 -0.43 -0.51 -0.25       -0.37     0.08 -0.15   -0.11    -0.09
GAS-PEN       0.23     1.00         0.87 -0.02         -0.13      -0.07       -0.05 -0.21 -0.35 -0.02 -0.02 -0.04       -0.05     0.02 -0.13    0.09    -0.01
GAS_US_mini   0.27     0.87         1.00 -0.05         -0.06      -0.14       -0.10 -0.14 -0.33 -0.04 -0.08  0.01        0.02    -0.02 -0.12    0.12    -0.02
VIX           0.11    -0.02        -0.05  1.00         -0.33      -0.23        0.06 -0.18  0.00 -0.29  0.20 -0.72       -0.53    -0.28 -0.59   -0.66    -0.10
COPPER-micro -0.64    -0.13        -0.06 -0.33          1.00       0.46        0.44  0.43  0.36  0.27  0.17  0.38        0.41     0.04  0.32    0.26     0.11
EUR_micro    -0.57    -0.07        -0.14 -0.23          0.46       1.00        0.49  0.14  0.46  0.35  0.41  0.33        0.35    -0.02  0.40    0.18     0.02
GOLD_micro   -0.51    -0.05        -0.10  0.06          0.44       0.49        1.00  0.21  0.47  0.27  0.45  0.14        0.03    -0.10  0.13   -0.01     0.12
IRON         -0.37    -0.21        -0.14 -0.18          0.43       0.14        0.21  1.00  0.22  0.18  0.05  0.18        0.38     0.03  0.25    0.28     0.06
JPY          -0.53    -0.35        -0.33  0.00          0.36       0.46        0.47  0.22  1.00  0.34  0.56  0.14        0.09    -0.01  0.10   -0.28    -0.04
KR10         -0.43    -0.02        -0.04 -0.29          0.27       0.35        0.27  0.18  0.34  1.00  0.50  0.44        0.41     0.01  0.13    0.27     0.12
US2          -0.51    -0.02        -0.08  0.20          0.17       0.41        0.45  0.05  0.56  0.50  1.00  0.03        0.00    -0.23 -0.20   -0.19     0.09
DOW          -0.25    -0.04         0.01 -0.72          0.38       0.33        0.14  0.18  0.14  0.44  0.03  1.00        0.57     0.22  0.45    0.59     0.20
FTSETAIWAN   -0.37    -0.05         0.02 -0.53          0.41       0.35        0.03  0.38  0.09  0.41  0.00  0.57        1.00     0.12  0.37    0.63     0.07
LIVECOW       0.08     0.02        -0.02 -0.28          0.04      -0.02       -0.10  0.03 -0.01  0.01 -0.23  0.22        0.12     1.00  0.28    0.20    -0.17
MXP          -0.15    -0.13        -0.12 -0.59          0.32       0.40        0.13  0.25  0.10  0.13 -0.20  0.45        0.37     0.28  1.00    0.51    -0.01
NIKKEI       -0.11     0.09         0.12 -0.66          0.26       0.18       -0.01  0.28 -0.28  0.27 -0.19  0.59        0.63     0.20  0.51    1.00     0.13
BITCOIN      -0.09    -0.01        -0.02 -0.10          0.11       0.02        0.12  0.06 -0.04  0.12  0.09  0.20        0.07    -0.17 -0.01    0.13     1.00


********************************************************************************
                                 END OF REPORT                                  
********************************************************************************


