
********************************************************************************
                    Risk report produced on 16/01/2026 22:53                    
********************************************************************************


Total risk across all strategies, annualised percentage 20.0
Percentage of capital used for margin 43.5%

========================================
Risk per strategy, annualised percentage
========================================

                  risk
dynamic_TF_carry  20.0


===================
Risk by asset class
===================

Ags        1.6
Bond       0.4
Equity    16.5
FX         3.4
Metals     4.6
OilGas     2.5
dtype: float64


=====================================================
Beta loadings of asset class positions on asset class
=====================================================

Bond     -0.08
OilGas   -0.03
FX        0.02
Ags       0.03
Metals    0.03
Equity    1.64
dtype: float64


========================================================
Beta loadings of full portfolio positions on asset class
========================================================

Bond     -0.81
OilGas    0.01
Metals    0.29
Ags       0.47
FX        1.31
Equity    1.74
dtype: float64


===================================================================================================================================================================================================================================================================
                                                                                                                          Instrument risk                                                                                                                          
===================================================================================================================================================================================================================================================================

               daily_price_stdev  annual_price_stdev     price  daily_perc_stdev  annual_perc_stdev  point_size_base  contract_exposure  daily_risk_per_contract  annual_risk_per_contract  position  capital  exposure_held_perc_capital  annual_risk_perc_capital
GAS-PEN                    0.147               2.354      2.70              5.45               87.2           7473.7              20178                     1099                     17589        -1   698878                        -2.9                      -2.5
BITCOIN                 2352.020           37632.318  94860.00              2.48               39.7              0.1               7089                      175                      2812        -6   698878                        -6.1                      -2.4
JPY                        0.000               0.001      0.01              0.50                8.0        9342127.4              59383                      298                      4768        -2   698878                       -17.0                      -1.4
EUR_micro                  0.003               0.051      1.16              0.27                4.4           9342.1              10863                       29                       475       -12   698878                       -18.7                      -0.8
RICE                       0.173               2.770     10.60              1.63               26.1           1494.7              15844                      258                      4140        -1   698878                        -2.3                      -0.6
WHEAT                      5.580              89.281    573.75              0.97               15.6             37.4              21440                      208                      3336        -1   698878                        -3.1                      -0.5
KR10                       0.373               5.972    111.72              0.33                5.3            506.9              56631                      189                      3027        -1   698878                        -8.1                      -0.4
KRWUSD_mini                0.004               0.063      0.68              0.58                9.2          18684.3              12692                       73                      1173        -2   698878                        -3.6                      -0.3
AUD_micro                  0.003               0.042      0.67              0.39                6.3           7473.7               4995                       19                       314         1   698878                         0.7                       0.0
CRUDE_W_micro              1.043              16.690     59.36              1.76               28.1             74.7               4436                       77                      1247         1   698878                         0.6                       0.2
SP500_micro               43.008             688.129   6986.00              0.62                9.9              3.7              26105                      160                      2571         1   698878                         3.7                       0.4
MXP                        0.000               0.004      0.06              0.41                6.6         373685.1              21060                       86                      1383         2   698878                         6.0                       0.4
FTSECHINAA               124.210            1987.360  15298.00              0.81               13.0              0.7              11433                       92                      1485         2   698878                         3.3                       0.4
BRE                        0.001               0.018      0.19              0.59                9.4          74737.0              13867                       81                      1310         3   698878                         6.0                       0.6
NIKKEI                   644.155           10306.485  54095.00              1.19               19.1              0.5              25524                      303                      4863         1   698878                         3.7                       0.7
GBP                        0.005               0.078      1.34              0.36                5.8          46710.6              62512                      227                      3644         2   698878                        17.9                       1.0
RUSSELL                   25.045             400.726   2694.90              0.93               14.9              3.7              10070                       93                      1497         5   698878                         7.2                       1.1
TOPIX                     32.950             527.197   3666.00              0.90               14.4              4.7              17297                      155                      2487         4   698878                         9.9                       1.4
LEANHOG                    1.114              17.820     95.25              1.17               18.7            298.9              28474                      332                      5327         2   698878                         8.1                       1.5
SMI                       78.158            1250.521  13304.00              0.59                9.4              9.3             123896                      727                     11645         1   698878                        17.7                       1.7
YENEUR                     0.744              11.899    182.95              0.41                6.5            589.8             107905                      438                      7018         2   698878                        30.9                       2.0
MIB                      285.272            4564.359  45760.00              0.62               10.0              4.3             198517                     1237                     19801         1   698878                        28.4                       2.8
MSCIEAFA                  18.518             296.281   3005.20              0.62                9.9             37.4             112299                      691                     11071         2   698878                        32.1                       3.2
AEX                        8.874             141.983   1012.40              0.88               14.0            173.5             175681                     1539                     24638         1   698878                        25.1                       3.5
SILVER                     2.560              40.955     89.00              2.88               46.0            747.4              66515                     1913                     30608         1   698878                         9.5                       4.4
MSCITAIWAN                14.908             238.531   1383.30              1.08               17.2             74.7             103383                     1114                     17827         2   698878                        29.6                       5.1

Sum of abs(notional exposure % capital) 302.2
Sum of abs(annualised risk % capital) 39.3
Net sum of annualised risk % capital 21.5 

==============================================================================================================================================================================================================================================
                                                                                                                 Correlations                                                                                                                 
==============================================================================================================================================================================================================================================

                JPY  KR10  EUR_micro   GBP  KRWUSD_mini  LEANHOG  RICE   AEX  AUD_micro  BITCOIN   BRE  FTSECHINAA   MIB  MSCIEAFA  MSCITAIWAN   MXP  NIKKEI  RUSSELL  SILVER   SMI  SP500_micro  TOPIX  GAS-PEN  WHEAT  CRUDE_W_micro  YENEUR
JPY            1.00  0.30       0.64  0.52         0.45     0.14  0.10 -0.07       0.36    -0.10  0.03       -0.05  0.00      0.22       -0.12 -0.01   -0.32    -0.01    0.03  0.06        -0.18  -0.27    -0.06   0.06          -0.41   -0.65
KR10           0.30  1.00       0.20  0.23         0.20     0.05 -0.09 -0.01      -0.04    -0.08 -0.06        0.00 -0.03      0.07        0.04  0.03   -0.09    -0.01   -0.10  0.02        -0.08  -0.06    -0.30  -0.31          -0.26   -0.18
EUR_micro      0.64  0.20       1.00  0.77         0.47     0.15  0.12 -0.02       0.60     0.01  0.18        0.07  0.07      0.41        0.05  0.36   -0.00    -0.00    0.22  0.14        -0.14   0.03    -0.08   0.02          -0.41    0.14
GBP            0.52  0.23       0.77  1.00         0.54     0.28  0.19  0.28       0.68     0.15  0.24        0.24  0.32      0.61        0.29  0.34    0.22     0.24    0.32  0.43         0.10   0.31    -0.13  -0.09          -0.30    0.07
KRWUSD_mini    0.45  0.20       0.47  0.54         1.00     0.19  0.18  0.23       0.63     0.12  0.19        0.22  0.17      0.34        0.27  0.17    0.21     0.13    0.06  0.16         0.14   0.12    -0.06   0.28          -0.04   -0.15
LEANHOG        0.14  0.05       0.15  0.28         0.19     1.00  0.25  0.31       0.28     0.17  0.07        0.21  0.35      0.23        0.25  0.22    0.16     0.32    0.28  0.27         0.11   0.27    -0.29   0.06           0.25   -0.05
RICE           0.10 -0.09       0.12  0.19         0.18     0.25  1.00  0.04       0.23     0.20 -0.00        0.05 -0.00      0.12        0.10  0.01    0.03     0.21    0.30 -0.03         0.16   0.05    -0.06   0.13           0.05   -0.06
AEX           -0.07 -0.01      -0.02  0.28         0.23     0.31  0.04  1.00       0.39     0.39  0.31        0.38  0.84      0.62        0.75  0.12    0.67     0.36    0.28  0.74         0.41   0.66    -0.08   0.06           0.39    0.03
AUD_micro      0.36 -0.04       0.60  0.68         0.63     0.28  0.23  0.39       1.00     0.27  0.44        0.42  0.39      0.63        0.49  0.37    0.40     0.39    0.32  0.37         0.37   0.39     0.10   0.22          -0.01    0.11
BITCOIN       -0.10 -0.08       0.01  0.15         0.12     0.17  0.20  0.39       0.27     1.00  0.25        0.14  0.32      0.44        0.41  0.12    0.38     0.49    0.20  0.22         0.52   0.34     0.02  -0.02           0.18    0.11
BRE            0.03 -0.06       0.18  0.24         0.19     0.07 -0.00  0.31       0.44     0.25  1.00        0.26  0.30      0.40        0.31  0.39    0.32     0.32    0.09  0.24         0.40   0.30     0.31   0.24           0.24    0.13
FTSECHINAA    -0.05  0.00       0.07  0.24         0.22     0.21  0.05  0.38       0.42     0.14  0.26        1.00  0.37      0.28        0.29  0.22    0.26     0.16    0.09  0.24         0.25   0.25     0.06   0.15           0.07    0.12
MIB            0.00 -0.03       0.07  0.32         0.17     0.35 -0.00  0.84       0.39     0.32  0.30        0.37  1.00      0.62        0.63  0.19    0.54     0.25    0.23  0.80         0.33   0.64    -0.09   0.02           0.28    0.06
MSCIEAFA       0.22  0.07       0.41  0.61         0.34     0.23  0.12  0.62       0.63     0.44  0.40        0.28  0.62      1.00        0.51  0.38    0.59     0.58    0.44  0.65         0.60   0.65    -0.07   0.04           0.01    0.10
MSCITAIWAN    -0.12  0.04       0.05  0.29         0.27     0.25  0.10  0.75       0.49     0.41  0.31        0.29  0.63      0.51        1.00  0.22    0.70     0.41    0.26  0.56         0.44   0.67    -0.09  -0.08           0.33    0.19
MXP           -0.01  0.03       0.36  0.34         0.17     0.22  0.01  0.12       0.37     0.12  0.39        0.22  0.19      0.38        0.22  1.00    0.24     0.26    0.35  0.18         0.23   0.29    -0.13  -0.00           0.06    0.36
NIKKEI        -0.32 -0.09      -0.00  0.22         0.21     0.16  0.03  0.67       0.40     0.38  0.32        0.26  0.54      0.59        0.70  0.24    1.00     0.48    0.24  0.45         0.49   0.91    -0.11   0.11           0.39    0.37
RUSSELL       -0.01 -0.01      -0.00  0.24         0.13     0.32  0.21  0.36       0.39     0.49  0.32        0.16  0.25      0.58        0.41  0.26    0.48     1.00    0.36  0.21         0.78   0.46    -0.20   0.02           0.15   -0.03
SILVER         0.03 -0.10       0.22  0.32         0.06     0.28  0.30  0.28       0.32     0.20  0.09        0.09  0.23      0.44        0.26  0.35    0.24     0.36    1.00  0.37         0.17   0.34    -0.16   0.02           0.12    0.19
SMI            0.06  0.02       0.14  0.43         0.16     0.27 -0.03  0.74       0.37     0.22  0.24        0.24  0.80      0.65        0.56  0.18    0.45     0.21    0.37  1.00         0.21   0.61    -0.03  -0.12           0.14    0.07
SP500_micro   -0.18 -0.08      -0.14  0.10         0.14     0.11  0.16  0.41       0.37     0.52  0.40        0.25  0.33      0.60        0.44  0.23    0.49     0.78    0.17  0.21         1.00   0.45     0.10   0.04           0.17    0.04
TOPIX         -0.27 -0.06       0.03  0.31         0.12     0.27  0.05  0.66       0.39     0.34  0.30        0.25  0.64      0.65        0.67  0.29    0.91     0.46    0.34  0.61         0.45   1.00    -0.10   0.02           0.37    0.36
GAS-PEN       -0.06 -0.30      -0.08 -0.13        -0.06    -0.29 -0.06 -0.08       0.10     0.02  0.31        0.06 -0.09     -0.07       -0.09 -0.13   -0.11    -0.20   -0.16 -0.03         0.10  -0.10     1.00   0.25           0.05   -0.02
WHEAT          0.06 -0.31       0.02 -0.09         0.28     0.06  0.13  0.06       0.22    -0.02  0.24        0.15  0.02      0.04       -0.08 -0.00    0.11     0.02    0.02 -0.12         0.04   0.02     0.25   1.00           0.31   -0.06
CRUDE_W_micro -0.41 -0.26      -0.41 -0.30        -0.04     0.25  0.05  0.39      -0.01     0.18  0.24        0.07  0.28      0.01        0.33  0.06    0.39     0.15    0.12  0.14         0.17   0.37     0.05   0.31           1.00    0.14
YENEUR        -0.65 -0.18       0.14  0.07        -0.15    -0.05 -0.06  0.03       0.11     0.11  0.13        0.12  0.06      0.10        0.19  0.36    0.37    -0.03    0.19  0.07         0.04   0.36    -0.02  -0.06           0.14    1.00


********************************************************************************
                                 END OF REPORT                                  
********************************************************************************


