
********************************************************************************
                    Risk report produced on 19/09/2023 22:52                    
********************************************************************************


Total risk across all strategies, annualised percentage 13.5
Percentage of capital used for margin 57.5%

========================================
Risk per strategy, annualised percentage
========================================

                  risk
dynamic_TF_carry  13.5


===================
Risk by asset class
===================

Ags       3.4
Bond      9.1
Equity    2.9
FX        2.5
OilGas    0.9
Sector    2.7
Vol       1.6
dtype: float64


=====================================================
Beta loadings of asset class positions on asset class
=====================================================

Bond     -1.55
FX       -0.14
Vol      -0.04
OilGas   -0.02
Equity    0.14
Sector    0.17
Ags       0.28
dtype: float64


========================================================
Beta loadings of full portfolio positions on asset class
========================================================

Bond     -1.83
FX       -0.72
Vol      -0.13
OilGas    0.00
Equity    0.25
Sector    0.29
Ags       0.47
dtype: float64


==================================================================================================================================================================================================================================================================
                                                                                                                         Instrument risk                                                                                                                          
==================================================================================================================================================================================================================================================================

              daily_price_stdev  annual_price_stdev     price  daily_perc_stdev  annual_perc_stdev  point_size_base  contract_exposure  daily_risk_per_contract  annual_risk_per_contract  position  capital  exposure_held_perc_capital  annual_risk_perc_capital
US20                      0.826              13.215    118.19              0.70               11.2            807.9              95478                      667                     10675        -1   380414                       -25.1                      -2.8
US3                       0.183               2.924    103.21              0.18                2.8           1615.7             166752                      295                      4723        -2   380414                       -87.7                      -2.5
BUND                      0.674              10.784    129.55              0.52                8.3            862.8             111779                      581                      9304        -1   380414                       -29.4                      -2.4
BOBL                      0.327               5.233    115.80              0.28                4.5            862.8              99915                      282                      4515        -2   380414                       -52.5                      -2.4
CHF                       0.004               0.069      1.12              0.39                6.2         100981.5             113478                      437                      7001        -1   380414                       -29.8                      -1.8
VIX                       0.474               7.578     16.55              2.86               45.8            807.9              13369                      382                      6121        -1   380414                        -3.5                      -1.6
DAX                     131.818            2109.086  15805.00              0.83               13.3              0.9              13636                      113                      1819        -3   380414                       -10.8                      -1.4
NASDAQ_micro            185.242            2963.865  15352.00              1.21               19.3              1.6              24804                      299                      4788        -1   380414                        -6.5                      -1.3
GAS_US_mini               0.111               1.783      3.02              3.68               58.9           2019.6               6109                      225                      3600        -1   380414                        -1.6                      -0.9
TOPIX                    18.240             291.845   2399.00              0.76               12.2              5.5              13112                       99                      1595         2   380414                         6.9                       0.8
CNH                       0.022               0.349      7.30              0.30                4.8          11061.8              80730                      241                      3858         1   380414                        21.2                       1.0
SOYBEAN_mini             17.512             280.197   1315.62              1.33               21.3              8.1              10628                      141                      2263         2   380414                         5.6                       1.2
KOSDAQ                   23.665             378.643   1374.60              1.72               27.5              6.1               8371                      144                      2306         2   380414                         4.4                       1.2
EU-OIL                    3.699              59.190    366.40              1.01               16.2             43.1              15806                      159                      2553         4   380414                        16.6                       2.7
NIKKEI                  307.873            4925.975  32995.00              0.93               14.9              0.5              18034                      168                      2692         4   380414                        19.0                       2.8
LIVECOW                   1.163              18.601    190.70              0.61                9.8            323.1              61622                      375                      6010         2   380414                        32.4                       3.2

Sum of abs(notional exposure % capital) 353.0
Sum of abs(annualised risk % capital) 30.0
Net sum of annualised risk % capital -4.2 

=============================================================================================================================================
                                                                Correlations                                                                 
=============================================================================================================================================

               CHF   DAX  KOSDAQ  NASDAQ_micro  EU-OIL  NIKKEI  TOPIX  GAS_US_mini  LIVECOW  SOYBEAN_mini  BOBL  BUND  US20   US3   CNH   VIX
CHF           1.00  0.34    0.31          0.37    0.07    0.17   0.11        -0.14    -0.03          0.18  0.17  0.22  0.45  0.44 -0.50 -0.09
DAX           0.34  1.00    0.35          0.57    0.46    0.65   0.62         0.05     0.23          0.19  0.02  0.12  0.11  0.01 -0.32 -0.54
KOSDAQ        0.31  0.35    1.00          0.43    0.21    0.29   0.24         0.05     0.11          0.18  0.16  0.21  0.23  0.12 -0.24 -0.22
NASDAQ_micro  0.37  0.57    0.43          1.00    0.06    0.60   0.50         0.04     0.18          0.06  0.22  0.26  0.22  0.23 -0.33 -0.56
EU-OIL        0.07  0.46    0.21          0.06    1.00    0.39   0.50         0.21     0.15          0.21 -0.21 -0.17 -0.17 -0.19 -0.12 -0.31
NIKKEI        0.17  0.65    0.29          0.60    0.39    1.00   0.93         0.27     0.24          0.04 -0.15 -0.07  0.01 -0.16 -0.07 -0.54
TOPIX         0.11  0.62    0.24          0.50    0.50    0.93   1.00         0.30     0.27          0.06 -0.19 -0.11 -0.03 -0.21 -0.03 -0.57
GAS_US_mini  -0.14  0.05    0.05          0.04    0.21    0.27   0.30         1.00    -0.05          0.02 -0.14 -0.08 -0.03 -0.15  0.16 -0.26
LIVECOW      -0.03  0.23    0.11          0.18    0.15    0.24   0.27        -0.05     1.00          0.00 -0.17 -0.11 -0.12 -0.20  0.07 -0.23
SOYBEAN_mini  0.18  0.19    0.18          0.06    0.21    0.04   0.06         0.02     0.00          1.00 -0.08 -0.00  0.03 -0.14 -0.15 -0.11
BOBL          0.17  0.02    0.16          0.22   -0.21   -0.15  -0.19        -0.14    -0.17         -0.08  1.00  0.96  0.67  0.75 -0.19  0.05
BUND          0.22  0.12    0.21          0.26   -0.17   -0.07  -0.11        -0.08    -0.11         -0.00  0.96  1.00  0.74  0.69 -0.17 -0.00
US20          0.45  0.11    0.23          0.22   -0.17    0.01  -0.03        -0.03    -0.12          0.03  0.67  0.74  1.00  0.73 -0.26 -0.02
US3           0.44  0.01    0.12          0.23   -0.19   -0.16  -0.21        -0.15    -0.20         -0.14  0.75  0.69  0.73  1.00 -0.38  0.08
CNH          -0.50 -0.32   -0.24         -0.33   -0.12   -0.07  -0.03         0.16     0.07         -0.15 -0.19 -0.17 -0.26 -0.38  1.00  0.21
VIX          -0.09 -0.54   -0.22         -0.56   -0.31   -0.54  -0.57        -0.26    -0.23         -0.11  0.05 -0.00 -0.02  0.08  0.21  1.00


********************************************************************************
                                 END OF REPORT                                  
********************************************************************************


