
********************************************************************************
               Risk report produced on 2021-10-22 20:56:56.989918               
********************************************************************************


Total risk across all strategies, annualised percentage 24.7

========================================
Risk per strategy, annualised percentage
========================================

                  risk
dynamic_TF_carry  24.8


=================================================================================================================================================================================================================================================================
                                                                                                                         Instrument risk                                                                                                                         
=================================================================================================================================================================================================================================================================

             daily_price_stdev  annual_price_stdev    price  daily_perc_stdev  annual_perc_stdev  point_size_base  contract_exposure  daily_risk_per_contract  annual_risk_per_contract  position   capital  exposure_held_perc_capital  annual_risk_perc_capital
VIX                        0.6                 9.4     22.6               2.6               41.7            726.1            16374.1                    426.3                    6821.4      -2.0  387692.7                        -8.4                      -3.5
BUND                       0.5                 7.5    168.5               0.3                4.4            845.6           142483.2                    395.5                    6327.5      -2.0  387692.7                       -73.5                      -3.3
US20                       0.8                13.4    158.3               0.5                8.5            726.1           114931.8                    608.0                    9727.2      -1.0  387692.7                       -29.6                      -2.5
GAS_US_mini                0.2                 3.9      5.4               4.5               72.2           1815.3             9848.1                    444.7                    7115.2      -1.0  387692.7                        -2.5                      -1.8
BTP                        0.5                 7.8    150.9               0.3                5.2            845.6           127616.7                    413.1                    6610.1      -1.0  387692.7                       -32.9                      -1.7
GBPEUR                     0.0                 0.0      0.8               0.3                5.0         125000.0           105850.0                    328.6                    5257.6      -1.0  387692.7                       -27.3                      -1.4
JPY                        0.0                 0.0      0.0               0.4                5.9        9076551.6            79978.0                    297.4                    4758.3      -1.0  387692.7                       -20.6                      -1.2
LIVECOW                    1.0                15.9    128.3               0.8               12.4            290.4            37264.7                    288.8                    4621.5      -1.0  387692.7                        -9.6                      -1.2
EUR                        0.0                 0.0      1.2               0.3                4.0          90765.5           105642.0                    266.9                    4270.9      -1.0  387692.7                       -27.2                      -1.1
KR10                       0.4                 6.5    122.5               0.3                5.3            617.6            75676.9                    251.3                    4021.4      -1.0  387692.7                       -19.5                      -1.0
BOBL                       0.2                 3.4    134.1               0.2                2.5            845.6           113392.9                    179.4                    2870.6      -1.0  387692.7                       -29.2                      -0.7
BRE                        0.0                 0.0      0.2               0.9               15.0          72612.4            12656.3                    118.8                    1901.2      -1.0  387692.7                        -3.3                      -0.5
US5                        0.2                 2.9    121.6               0.1                2.4            726.1            88314.8                    130.7                    2091.6       1.0  387692.7                        22.8                       0.5
EDOLLAR                    0.0                 0.7     98.4               0.0                0.8           1815.3           178572.1                     84.7                    1355.9       2.0  387692.7                        92.1                       0.7
US10                       0.3                 5.0    130.3               0.2                3.8            726.1            94634.4                    225.3                    3604.7       1.0  387692.7                        24.4                       0.9
EU-OIL                     3.0                47.4    292.5               1.0               16.2             42.3            12367.6                    125.2                    2002.4       2.0  387692.7                         6.4                       1.0
NIKKEI                   400.7              6411.2  28755.0               1.4               22.3              0.6            18381.2                    256.1                    4098.3       1.0  387692.7                         4.7                       1.1
NZD                        0.0                 0.1      0.7               0.6                9.0          72612.4            51841.6                    290.6                    4649.1       1.0  387692.7                        13.4                       1.2
SOYBEAN                   12.1               193.2   1222.5               1.0               15.8             36.3            44384.3                    438.5                    7015.7       1.0  387692.7                        11.4                       1.8
BRENT-LAST                 1.0                16.4     84.3               1.2               19.4            726.1            61219.5                    743.5                   11896.6       1.0  387692.7                        15.8                       3.1
FTSECHINAA               211.9              3390.4  16172.0               1.3               21.0              0.7            11742.9                    153.9                    2461.9       5.0  387692.7                        15.1                       3.2
HEATOIL                    0.0                 0.5      2.5               1.3               20.7          30497.2            76825.5                    996.0                   15936.4       1.0  387692.7                        19.8                       4.1
AEX                        6.7               106.7    810.4               0.8               13.2            169.1           137054.1                   1127.6                   18042.0       1.0  387692.7                        35.4                       4.7
BITCOIN                 2516.8             40268.5  60500.0               4.2               66.6              0.1             4393.1                    182.7                    2924.0       7.0  387692.7                         7.9                       5.3
SP400                     22.8               365.4   2797.3               0.8               13.1             72.6           203118.7                   1658.1                   26530.0       1.0  387692.7                        52.4                       6.8

Sum of abs(notional exposure % capital) 605.6
Sum of abs(annualised risk % capital) 54.4
Net sum of annualised risk % capital 14.4 

==========================================================================================================================================================================================================
                                                                                               Correlations                                                                                               
==========================================================================================================================================================================================================

              AEX  BITCOIN  BOBL   BRE  BRENT-LAST   BTP  BUND  EDOLLAR  EU-OIL   EUR  FTSECHINAA  GAS_US_mini  GBPEUR  HEATOIL   JPY  KR10  LIVECOW  NIKKEI   NZD  SOYBEAN  SP400  US10  US20   US5   VIX
AEX          1.00     0.32 -0.05  0.12        0.25  0.56  0.03    -0.09    0.79  0.06        0.26         0.01   -0.24     0.38 -0.23  0.05     0.44    0.60  0.34     0.12   0.58 -0.07  0.00 -0.13 -0.69
BITCOIN      0.32     1.00 -0.17 -0.06        0.39  0.16 -0.19    -0.20    0.37  0.08        0.09         0.10   -0.30     0.28 -0.02 -0.20     0.38    0.15  0.28     0.19   0.36 -0.25 -0.23 -0.22 -0.20
BOBL        -0.05    -0.17  1.00  0.01       -0.29  0.46  0.90     0.54   -0.19  0.09       -0.15        -0.11   -0.03    -0.27  0.55  0.31    -0.13   -0.21 -0.03     0.02  -0.02  0.68  0.63  0.64  0.08
BRE          0.12    -0.06  0.01  1.00        0.21  0.10 -0.03     0.01    0.13  0.35       -0.03         0.04   -0.10     0.26  0.17  0.04     0.20    0.16  0.23     0.10   0.33  0.02 -0.01  0.03 -0.16
BRENT-LAST   0.25     0.39 -0.29  0.21        1.00 -0.11 -0.33    -0.15    0.59  0.21       -0.00         0.10   -0.34     0.73 -0.16 -0.23     0.21    0.25  0.39     0.14   0.43 -0.23 -0.26 -0.19 -0.28
BTP          0.56     0.16  0.46  0.10       -0.11  1.00  0.55     0.30    0.46  0.12        0.14        -0.10   -0.13     0.09  0.14  0.31     0.40    0.33  0.08     0.15   0.33  0.40  0.45  0.30 -0.42
BUND         0.03    -0.19  0.90 -0.03       -0.33  0.55  1.00     0.52   -0.14  0.07       -0.09        -0.14   -0.01    -0.27  0.52  0.43    -0.07   -0.15 -0.04     0.01  -0.05  0.72  0.72  0.62  0.02
EDOLLAR     -0.09    -0.20  0.54  0.01       -0.15  0.30  0.52     1.00   -0.20  0.30       -0.04         0.11    0.12    -0.21  0.55  0.22    -0.18   -0.17  0.07     0.11  -0.16  0.84  0.66  0.90  0.13
EU-OIL       0.79     0.37 -0.19  0.13        0.59  0.46 -0.14    -0.20    1.00  0.06        0.22         0.02   -0.28     0.51 -0.31 -0.12     0.46    0.50  0.27     0.19   0.60 -0.21 -0.15 -0.25 -0.59
EUR          0.06     0.08  0.09  0.35        0.21  0.12  0.07     0.30    0.06  1.00        0.11         0.11   -0.02     0.16  0.42  0.13    -0.02    0.19  0.65     0.11   0.32  0.28  0.16  0.35 -0.14
FTSECHINAA   0.26     0.09 -0.15 -0.03       -0.00  0.14 -0.09    -0.04    0.22  0.11        1.00         0.20    0.11     0.15 -0.16 -0.06     0.04    0.37  0.12     0.03   0.34 -0.04 -0.02 -0.05 -0.26
GAS_US_mini  0.01     0.10 -0.11  0.04        0.10 -0.10 -0.14     0.11    0.02  0.11        0.20         1.00    0.04     0.10  0.03 -0.10    -0.05    0.03  0.00    -0.09   0.01  0.06  0.04  0.08 -0.01
GBPEUR      -0.24    -0.30 -0.03 -0.10       -0.34 -0.13 -0.01     0.12   -0.28 -0.02        0.11         0.04    1.00    -0.40 -0.03  0.15    -0.27   -0.12 -0.36    -0.18  -0.32  0.09  0.09  0.13  0.17
HEATOIL      0.38     0.28 -0.27  0.26        0.73  0.09 -0.27    -0.21    0.51  0.16        0.15         0.10   -0.40     1.00 -0.24 -0.16     0.33    0.34  0.32     0.20   0.54 -0.30 -0.32 -0.25 -0.39
JPY         -0.23    -0.02  0.55  0.17       -0.16  0.14  0.52     0.55   -0.31  0.42       -0.16         0.03   -0.03    -0.24  1.00  0.20    -0.24   -0.25  0.20     0.03  -0.10  0.65  0.54  0.64  0.21
KR10         0.05    -0.20  0.31  0.04       -0.23  0.31  0.43     0.22   -0.12  0.13       -0.06        -0.10    0.15    -0.16  0.20  1.00    -0.05    0.01 -0.02    -0.13  -0.04  0.36  0.43  0.22 -0.01
LIVECOW      0.44     0.38 -0.13  0.20        0.21  0.40 -0.07    -0.18    0.46 -0.02        0.04        -0.05   -0.27     0.33 -0.24 -0.05     1.00    0.25  0.00     0.09   0.29 -0.18 -0.12 -0.20 -0.29
NIKKEI       0.60     0.15 -0.21  0.16        0.25  0.33 -0.15    -0.17    0.50  0.19        0.37         0.03   -0.12     0.34 -0.25  0.01     0.25    1.00  0.37     0.09   0.59 -0.19 -0.12 -0.19 -0.44
NZD          0.34     0.28 -0.03  0.23        0.39  0.08 -0.04     0.07    0.27  0.65        0.12         0.00   -0.36     0.32  0.20 -0.02     0.00    0.37  1.00     0.16   0.46  0.04 -0.04  0.08 -0.37
SOYBEAN      0.12     0.19  0.02  0.10        0.14  0.15  0.01     0.11    0.19  0.11        0.03        -0.09   -0.18     0.20  0.03 -0.13     0.09    0.09  0.16     1.00   0.20 -0.01 -0.14  0.08  0.03
SP400        0.58     0.36 -0.02  0.33        0.43  0.33 -0.05    -0.16    0.60  0.32        0.34         0.01   -0.32     0.54 -0.10 -0.04     0.29    0.59  0.46     0.20   1.00 -0.24 -0.25 -0.21 -0.56
US10        -0.07    -0.25  0.68  0.02       -0.23  0.40  0.72     0.84   -0.21  0.28       -0.04         0.06    0.09    -0.30  0.65  0.36    -0.18   -0.19  0.04    -0.01  -0.24  1.00  0.90  0.90  0.13
US20         0.00    -0.23  0.63 -0.01       -0.26  0.45  0.72     0.66   -0.15  0.16       -0.02         0.04    0.09    -0.32  0.54  0.43    -0.12   -0.12 -0.04    -0.14  -0.25  0.90  1.00  0.77  0.08
US5         -0.13    -0.22  0.64  0.03       -0.19  0.30  0.62     0.90   -0.25  0.35       -0.05         0.08    0.13    -0.25  0.64  0.22    -0.20   -0.19  0.08     0.08  -0.21  0.90  0.77  1.00  0.17
VIX         -0.69    -0.20  0.08 -0.16       -0.28 -0.42  0.02     0.13   -0.59 -0.14       -0.26        -0.01    0.17    -0.39  0.21 -0.01    -0.29   -0.44 -0.37     0.03  -0.56  0.13  0.08  0.17  1.00


********************************************************************************
                               END OF RISK REPORT                               
********************************************************************************


