
********************************************************************************
           Risk report report produced on 2022-05-13 21:01:17.566145            
********************************************************************************


Total risk across all strategies, annualised percentage 10.9
Percentage of capital used for margin 24.0%

========================================
Risk per strategy, annualised percentage
========================================

                  risk
dynamic_TF_carry  11.0


==================================================================================================================================================================================================================================================================
                                                                                                                         Instrument risk                                                                                                                          
==================================================================================================================================================================================================================================================================

              daily_price_stdev  annual_price_stdev     price  daily_perc_stdev  annual_perc_stdev  point_size_base  contract_exposure  daily_risk_per_contract  annual_risk_per_contract  position  capital  exposure_held_perc_capital  annual_risk_perc_capital
BUND                      0.807              12.911    153.80              0.52                8.4            850.4             130797                      686                     10980        -1   391125                       -33.4                      -2.8
GBPEUR                    0.004               0.066      0.85              0.48                7.7         125000.0             106431                      513                      8214        -1   391125                       -27.2                      -2.1
JPY                       0.000               0.001      0.01              0.64               10.2       10228295.6              79177                      506                      8110        -1   391125                       -20.2                      -2.1
GBP                       0.008               0.129      1.22              0.66               10.6          51141.5              62617                      413                      6620        -1   391125                       -16.0                      -1.7
KR10                      0.565               9.044    114.77              0.49                7.9            638.2              73251                      360                      5772        -1   391125                       -18.7                      -1.5
SILVER                    0.435               6.963     20.98              2.07               33.2            818.3              17167                      356                      5697        -1   391125                        -4.4                      -1.5
DJSTX-SMALL               5.204              83.271    325.20              1.60               25.6             42.5              13828                      221                      3540        -1   391125                        -3.5                      -0.9
DAX                     210.165            3362.638  14036.00              1.50               24.0              0.9              11936                      178                      2859        -1   391125                        -3.1                      -0.7
RUSSELL                  36.107             577.714   1782.30              2.03               32.4              4.1               7291                      147                      2363        -1   391125                        -1.9                      -0.6
V2X                       1.123              17.971     30.70              3.66               58.5             85.0               2610                       95                      1528         1   391125                         0.7                       0.4
NIKKEI400               228.233            3651.733  16880.00              1.35               21.6              0.6              10680                      144                      2310         1   391125                         2.7                       0.6
BRE                       0.002               0.040      0.20              1.26               20.2          81826.4              16050                      202                      3237         1   391125                         4.1                       0.8
EU-OIL                    6.964             111.417    328.60              2.12               33.9             42.5              13972                      296                      4737         1   391125                         3.6                       1.2
TOPIX                    24.489             391.825   1869.00              1.31               21.0              6.3              11825                      154                      2479         2   391125                         6.0                       1.3
CORN                      9.173             146.772    747.25              1.23               19.6             40.9              30572                      375                      6004         1   391125                         7.8                       1.5
IRON                      4.648              74.370    127.55              3.64               58.3             81.8              10436                      380                      6085         1   391125                         2.7                       1.6
SOYOIL                    1.223              19.566     78.01              1.57               25.1            491.0              38299                      600                      9606         1   391125                         9.8                       2.5
GAS_US_mini               0.311               4.970      7.76              4.01               64.1           2045.7              15864                      635                     10167         1   391125                         4.1                       2.6
SOYBEAN                  15.824             253.183   1499.25              1.06               16.9             40.9              61339                      647                     10358         1   391125                        15.7                       2.6
CRUDE_W_mini              3.037              48.591    108.20              2.81               44.9            409.1              44268                     1242                     19879         1   391125                        11.3                       5.1

Sum of abs(notional exposure % capital) 196.9
Sum of abs(annualised risk % capital) 34.1
Net sum of annualised risk % capital 6.3 

==============================================================================================================================================================================
                                                                                 Correlations                                                                                 
==============================================================================================================================================================================

              BUND   JPY  KR10  GBPEUR   V2X   DAX  DJSTX-SMALL  NIKKEI400  RUSSELL  TOPIX  CORN  SOYBEAN  SOYOIL   BRE  CRUDE_W_mini  EU-OIL  GAS_US_mini   GBP  IRON  SILVER
BUND          1.00  0.22  0.26   -0.06  0.15 -0.19        -0.06      -0.13    -0.07  -0.11  0.01    -0.04    0.10 -0.10          0.09    0.02        -0.04 -0.06 -0.04   -0.01
JPY           0.22  1.00  0.18    0.07  0.06 -0.04        -0.04      -0.16    -0.01  -0.14 -0.05     0.03    0.02  0.07          0.02   -0.05         0.03  0.11 -0.01    0.15
KR10          0.26  0.18  1.00    0.22  0.17 -0.09         0.03      -0.07    -0.11  -0.08 -0.13    -0.04   -0.01 -0.16         -0.04   -0.13        -0.15 -0.16 -0.09   -0.06
GBPEUR       -0.06  0.07  0.22    1.00  0.14 -0.01        -0.06      -0.04    -0.07  -0.04 -0.06    -0.06   -0.09 -0.08         -0.06   -0.12        -0.10 -0.28  0.01   -0.09
V2X           0.15  0.06  0.17    0.14  1.00 -0.30        -0.29      -0.26    -0.27  -0.27  0.08     0.02    0.07 -0.09         -0.07   -0.21        -0.06 -0.23  0.04   -0.02
DAX          -0.19 -0.04 -0.09   -0.01 -0.30  1.00         0.39       0.37     0.35   0.36 -0.05     0.05   -0.02  0.16         -0.01    0.17         0.10  0.27  0.06    0.08
DJSTX-SMALL  -0.06 -0.04  0.03   -0.06 -0.29  0.39         1.00       0.34     0.35   0.33 -0.02     0.08    0.03  0.11          0.06    0.22         0.07  0.29  0.01    0.13
NIKKEI400    -0.13 -0.16 -0.07   -0.04 -0.26  0.37         0.34       1.00     0.34   0.48 -0.00     0.07    0.03  0.09          0.12    0.19         0.11  0.22  0.05    0.04
RUSSELL      -0.07 -0.01 -0.11   -0.07 -0.27  0.35         0.35       0.34     1.00   0.35  0.02     0.07    0.05  0.22          0.21    0.23         0.09  0.30  0.16    0.19
TOPIX        -0.11 -0.14 -0.08   -0.04 -0.27  0.36         0.33       0.48     0.35   1.00  0.00     0.08    0.04  0.09          0.14    0.21         0.11  0.23  0.06    0.04
CORN          0.01 -0.05 -0.13   -0.06  0.08 -0.05        -0.02      -0.00     0.02   0.00  1.00     0.37    0.23  0.14          0.13    0.11         0.07  0.04  0.08    0.11
SOYBEAN      -0.04  0.03 -0.04   -0.06  0.02  0.05         0.08       0.07     0.07   0.08  0.37     1.00    0.31  0.15          0.16    0.08         0.04  0.15  0.13    0.15
SOYOIL        0.10  0.02 -0.01   -0.09  0.07 -0.02         0.03       0.03     0.05   0.04  0.23     0.31    1.00  0.07          0.23    0.14         0.16  0.08  0.10    0.11
BRE          -0.10  0.07 -0.16   -0.08 -0.09  0.16         0.11       0.09     0.22   0.09  0.14     0.15    0.07  1.00          0.16    0.15         0.10  0.27  0.15    0.24
CRUDE_W_mini  0.09  0.02 -0.04   -0.06 -0.07 -0.01         0.06       0.12     0.21   0.14  0.13     0.16    0.23  0.16          1.00    0.32         0.08  0.14  0.15    0.19
EU-OIL        0.02 -0.05 -0.13   -0.12 -0.21  0.17         0.22       0.19     0.23   0.21  0.11     0.08    0.14  0.15          0.32    1.00         0.10  0.22  0.12    0.14
GAS_US_mini  -0.04  0.03 -0.15   -0.10 -0.06  0.10         0.07       0.11     0.09   0.11  0.07     0.04    0.16  0.10          0.08    0.10         1.00  0.15  0.04    0.04
GBP          -0.06  0.11 -0.16   -0.28 -0.23  0.27         0.29       0.22     0.30   0.23  0.04     0.15    0.08  0.27          0.14    0.22         0.15  1.00  0.13    0.28
IRON         -0.04 -0.01 -0.09    0.01  0.04  0.06         0.01       0.05     0.16   0.06  0.08     0.13    0.10  0.15          0.15    0.12         0.04  0.13  1.00    0.12
SILVER       -0.01  0.15 -0.06   -0.09 -0.02  0.08         0.13       0.04     0.19   0.04  0.11     0.15    0.11  0.24          0.19    0.14         0.04  0.28  0.12    1.00


********************************************************************************
                                 END OF REPORT                                  
********************************************************************************


