
********************************************************************************
                    Risk report produced on 02/02/2026 22:54                    
********************************************************************************


Total risk across all strategies, annualised percentage 10.5
Percentage of capital used for margin 41.4%

========================================
Risk per strategy, annualised percentage
========================================

                  risk
dynamic_TF_carry  10.3


===================
Risk by asset class
===================

Ags       1.5
Bond      0.9
Equity    9.7
FX        2.8
Metals    2.6
OilGas    1.2
dtype: float64


=====================================================
Beta loadings of asset class positions on asset class
=====================================================

Bond     -0.16
Ags      -0.06
Metals   -0.05
OilGas   -0.01
FX        0.23
Equity    0.86
dtype: float64


========================================================
Beta loadings of full portfolio positions on asset class
========================================================

Bond     -0.51
OilGas    0.01
Metals    0.04
Ags       0.12
FX        0.76
Equity    0.88
dtype: float64


===================================================================================================================================================================================================================================================================
                                                                                                                          Instrument risk                                                                                                                          
===================================================================================================================================================================================================================================================================

               daily_price_stdev  annual_price_stdev     price  daily_perc_stdev  annual_perc_stdev  point_size_base  contract_exposure  daily_risk_per_contract  annual_risk_per_contract  position  capital  exposure_held_perc_capital  annual_risk_perc_capital
BITCOIN                 2509.900           40158.400  78925.00              3.18               50.9              0.1               5771                      183                      2936        -6   677436                        -5.1                      -2.6
JPY                        0.000               0.001      0.01              0.68               10.8        9140634.1              58947                      399                      6389        -2   677436                       -17.4                      -1.9
GAS_US_mini                0.287               4.590      3.27              8.77              140.4           1828.1               5977                      524                      8391        -1   677436                        -0.9                      -1.2
KR10                       0.383               6.136    110.98              0.35                5.5            498.2              55286                      191                      3056        -2   677436                       -16.3                      -0.9
REDWHEAT                   7.550             120.804    558.00              1.35               21.6             36.6              20401                      276                      4416        -1   677436                        -3.0                      -0.7
WHEAT                      6.363             101.801    578.75              1.10               17.6             36.6              21160                      232                      3722        -1   677436                        -3.1                      -0.5
RICE                       0.157               2.517     11.07              1.42               22.7           1462.5              16189                      230                      3681        -1   677436                        -2.4                      -0.5
DAX                      211.766            3388.255  24888.00              0.85               13.6              0.9              21569                      183                      2936        -1   677436                        -3.2                      -0.4
KRWUSD_mini                0.005               0.073      0.69              0.66               10.6          18281.3              12553                       83                      1330        -1   677436                        -1.9                      -0.2
AUD_micro                  0.004               0.061      0.69              0.55                8.8           7312.5               5078                       28                       449         1   677436                         0.7                       0.1
MUMMY                     11.322             181.149    695.00              1.63               26.1              4.7               3286                       53                       856         1   677436                         0.5                       0.1
CRUDE_W_micro              1.302              20.834     61.31              2.12               34.0             73.1               4483                       95                      1523         1   677436                         0.7                       0.2
RUSSELL                   27.630             442.074   2659.40              1.04               16.6              3.7               9723                      101                      1616         1   677436                         1.4                       0.2
MXP                        0.000               0.005      0.06              0.56                9.0         365625.4              20939                      118                      1889         1   677436                         3.1                       0.3
FTSECHINAA               125.446            2007.139  14870.00              0.84               13.5              0.7              10873                       91                      1467         3   677436                         4.8                       0.6
GBP                        0.006               0.103      1.37              0.47                7.6          45703.2              62412                      294                      4715         1   677436                         9.2                       0.7
LEANHOG                    1.040              16.640     96.62              1.08               17.2            292.5              28262                      304                      4867         1   677436                         4.2                       0.7
NIKKEI                   733.674           11738.779  52990.00              1.38               22.2              0.5              25061                      346                      5551         1   677436                         3.7                       0.8
BRE                        0.001               0.020      0.19              0.65               10.3          73125.1              13827                       89                      1431         4   677436                         8.2                       0.8
CAD                        0.003               0.047      0.73              0.40                6.4          73125.1              53523                      214                      3425         2   677436                        15.8                       1.0
HANGTECH                  95.534            1528.540   5529.00              1.73               27.6              4.7              25887                      447                      7156         1   677436                         3.8                       1.1
YENEUR                     0.808              12.925    183.10              0.44                7.1            591.2             108246                      477                      7641         1   677436                        16.0                       1.1
TOPIX                     37.473             599.574   3557.50              1.05               16.9              4.7              16825                      177                      2835         4   677436                         9.9                       1.7
MSCIEAFA                  23.304             372.871   3054.00              0.76               12.2             36.6             111661                      852                     13633         1   677436                        16.5                       2.0
AEX                        7.935             126.955   1008.10              0.79               12.6            173.3             174740                     1375                     22005         1   677436                        25.8                       3.2
MIB                      340.509            5448.148  46135.00              0.74               11.8              4.3             199921                     1475                     23609         1   677436                        29.5                       3.5

Sum of abs(notional exposure % capital) 207.1
Sum of abs(annualised risk % capital) 27.0
Net sum of annualised risk % capital 9.2 

=======================================================================================================================================================================================================================================
                                                                                                             Correlations                                                                                                              
=======================================================================================================================================================================================================================================

                AEX  BITCOIN   DAX   MIB  MUMMY  NIKKEI  RUSSELL  TOPIX  YENEUR  AUD_micro   BRE   CAD  FTSECHINAA   GBP  HANGTECH  LEANHOG  MSCIEAFA   MXP  RICE  CRUDE_W_micro  GAS_US_mini  REDWHEAT  WHEAT   JPY  KR10  KRWUSD_mini
AEX            1.00     0.43  0.63  0.66   0.33    0.49     0.52   0.43    0.02       0.21  0.26  0.01        0.26  0.06      0.26     0.20      0.61  0.27  0.08           0.26        -0.02     -0.06  -0.04 -0.12 -0.21         0.02
BITCOIN        0.43     1.00  0.56  0.38   0.31    0.32     0.54   0.29   -0.03       0.21  0.17  0.06        0.12  0.09      0.31     0.19      0.42  0.04  0.05           0.02        -0.01     -0.13  -0.10 -0.02 -0.09         0.03
DAX            0.63     0.56  1.00  0.75   0.37    0.36     0.54   0.41    0.09       0.20  0.17 -0.01        0.25  0.19      0.27     0.16      0.67  0.17  0.01          -0.14        -0.16     -0.16  -0.17 -0.08 -0.04         0.02
MIB            0.66     0.38  0.75  1.00   0.36    0.33     0.40   0.39    0.01       0.25  0.25  0.01        0.30  0.21      0.23     0.09      0.70  0.22  0.05           0.06        -0.03      0.01  -0.06 -0.02 -0.08         0.07
MUMMY          0.33     0.31  0.37  0.36   1.00    0.45     0.37   0.59    0.18       0.12  0.05  0.01        0.18  0.05      0.20     0.28      0.35  0.09  0.28           0.26        -0.15      0.12   0.05 -0.22  0.09         0.02
NIKKEI         0.49     0.32  0.36  0.33   0.45    1.00     0.49   0.90    0.37       0.20  0.06 -0.01        0.24 -0.02      0.36     0.04      0.46  0.12  0.12           0.09        -0.22     -0.01  -0.01 -0.36 -0.14         0.02
RUSSELL        0.52     0.54  0.54  0.40   0.37    0.49     1.00   0.48   -0.00       0.36  0.26  0.09        0.16  0.21      0.18     0.38      0.59  0.18  0.15           0.09        -0.15     -0.00   0.01 -0.03 -0.01         0.08
TOPIX          0.43     0.29  0.41  0.39   0.59    0.90     0.48   1.00    0.43       0.11  0.02 -0.11        0.25 -0.05      0.31     0.12      0.44  0.13  0.07           0.09        -0.26     -0.01  -0.02 -0.43 -0.14        -0.12
YENEUR         0.02    -0.03  0.09  0.01   0.18    0.37    -0.00   0.43    1.00      -0.05 -0.06  0.03       -0.00 -0.17     -0.03    -0.01     -0.03  0.18 -0.12          -0.01        -0.13     -0.18  -0.13 -0.71 -0.19        -0.22
AUD_micro      0.21     0.21  0.20  0.25   0.12    0.20     0.36   0.11   -0.05       1.00  0.57  0.78        0.32  0.75      0.34     0.21      0.68  0.56  0.32           0.16         0.19      0.31   0.31  0.49  0.02         0.56
BRE            0.26     0.17  0.17  0.25   0.05    0.06     0.26   0.02   -0.06       0.57  1.00  0.38        0.22  0.41      0.23     0.04      0.46  0.50  0.13           0.27         0.44      0.29   0.33  0.26 -0.08         0.21
CAD            0.01     0.06 -0.01  0.01   0.01   -0.01     0.09  -0.11    0.03       0.78  0.38  1.00        0.11  0.66      0.25     0.13      0.44  0.46  0.20           0.08         0.13      0.20   0.26  0.49  0.09         0.58
FTSECHINAA     0.26     0.12  0.25  0.30   0.18    0.24     0.16   0.25   -0.00       0.32  0.22  0.11        1.00  0.19      0.47     0.11      0.36  0.27 -0.04           0.12         0.03      0.16   0.12  0.05  0.03         0.14
GBP            0.06     0.09  0.19  0.21   0.05   -0.02     0.21  -0.05   -0.17       0.75  0.41  0.66        0.19  1.00      0.24     0.13      0.66  0.46  0.25          -0.14         0.02      0.11   0.07  0.70  0.19         0.61
HANGTECH       0.26     0.31  0.27  0.23   0.20    0.36     0.18   0.31   -0.03       0.34  0.23  0.25        0.47  0.24      1.00     0.02      0.42  0.16  0.05          -0.06         0.04      0.01   0.05  0.19 -0.04         0.24
LEANHOG        0.20     0.19  0.16  0.09   0.28    0.04     0.38   0.12   -0.01       0.21  0.04  0.13        0.11  0.13      0.02     1.00      0.21  0.21  0.17           0.22        -0.24      0.04   0.09  0.06 -0.00         0.18
MSCIEAFA       0.61     0.42  0.67  0.70   0.35    0.46     0.59   0.44   -0.03       0.68  0.46  0.44        0.36  0.66      0.42     0.21      1.00  0.50  0.21           0.02        -0.05      0.11   0.08  0.36  0.02         0.40
MXP            0.27     0.04  0.17  0.22   0.09    0.12     0.18   0.13    0.18       0.56  0.50  0.46        0.27  0.46      0.16     0.21      0.50  1.00  0.09           0.14         0.03      0.14   0.18  0.21  0.02         0.22
RICE           0.08     0.05  0.01  0.05   0.28    0.12     0.15   0.07   -0.12       0.32  0.13  0.20       -0.04  0.25      0.05     0.17      0.21  0.09  1.00           0.23         0.05      0.29   0.20  0.20 -0.05         0.34
CRUDE_W_micro  0.26     0.02 -0.14  0.06   0.26    0.09     0.09   0.09   -0.01       0.16  0.27  0.08        0.12 -0.14     -0.06     0.22      0.02  0.14  0.23           1.00         0.35      0.44   0.45 -0.17 -0.16         0.01
GAS_US_mini   -0.02    -0.01 -0.16 -0.03  -0.15   -0.22    -0.15  -0.26   -0.13       0.19  0.44  0.13        0.03  0.02      0.04    -0.24     -0.05  0.03  0.05           0.35         1.00      0.37   0.37  0.08 -0.27         0.01
REDWHEAT      -0.06    -0.13 -0.16  0.01   0.12   -0.01    -0.00  -0.01   -0.18       0.31  0.29  0.20        0.16  0.11      0.01     0.04      0.11  0.14  0.29           0.44         0.37      1.00   0.92  0.19 -0.14         0.06
WHEAT         -0.04    -0.10 -0.17 -0.06   0.05   -0.01     0.01  -0.02   -0.13       0.31  0.33  0.26        0.12  0.07      0.05     0.09      0.08  0.18  0.20           0.45         0.37      0.92   1.00  0.17 -0.19         0.09
JPY           -0.12    -0.02 -0.08 -0.02  -0.22   -0.36    -0.03  -0.43   -0.71       0.49  0.26  0.49        0.05  0.70      0.19     0.06      0.36  0.21  0.20          -0.17         0.08      0.19   0.17  1.00  0.23         0.55
KR10          -0.21    -0.09 -0.04 -0.08   0.09   -0.14    -0.01  -0.14   -0.19       0.02 -0.08  0.09        0.03  0.19     -0.04    -0.00      0.02  0.02 -0.05          -0.16        -0.27     -0.14  -0.19  0.23  1.00         0.37
KRWUSD_mini    0.02     0.03  0.02  0.07   0.02    0.02     0.08  -0.12   -0.22       0.56  0.21  0.58        0.14  0.61      0.24     0.18      0.40  0.22  0.34           0.01         0.01      0.06   0.09  0.55  0.37         1.00


********************************************************************************
                                 END OF REPORT                                  
********************************************************************************


