
********************************************************************************
                    Risk report produced on 22/09/2025 22:53                    
********************************************************************************


Total risk across all strategies, annualised percentage 12.5
Percentage of capital used for margin 43.8%

========================================
Risk per strategy, annualised percentage
========================================

                  risk
dynamic_TF_carry  12.5


===================
Risk by asset class
===================

Ags       4.6
Bond      3.6
Equity    6.1
FX        2.4
Metals    4.4
OilGas    1.8
dtype: float64


=====================================================
Beta loadings of asset class positions on asset class
=====================================================

OilGas   -0.04
Metals    0.24
FX        0.25
Ags       0.27
Equity    0.38
Bond      0.60
dtype: float64


========================================================
Beta loadings of full portfolio positions on asset class
========================================================

OilGas   -0.03
Metals    0.38
Ags       0.43
Bond      0.49
Equity    0.55
FX        1.19
dtype: float64


====================================================================================================================================================================================================================================================================
                                                                                                                          Instrument risk                                                                                                                           
====================================================================================================================================================================================================================================================================

               daily_price_stdev  annual_price_stdev      price  daily_perc_stdev  annual_perc_stdev  point_size_base  contract_exposure  daily_risk_per_contract  annual_risk_per_contract  position  capital  exposure_held_perc_capital  annual_risk_perc_capital
DAX                      192.592            3081.475   23648.00              0.81               13.0              0.9              20611                      167                      2685        -6   590532                       -20.9                      -2.7
GAS-PEN                    0.089               1.421       2.81              3.16               50.6           7410.0              20822                      658                     10530        -1   590532                        -3.5                      -1.8
JPY                        0.000               0.001       0.01              0.51                8.2        9262484.0              63230                      324                      5187        -2   590532                       -21.4                      -1.8
DX                         0.398               6.362      97.00              0.41                6.6            741.0              71873                      294                      4714        -2   590532                       -24.3                      -1.6
WHEAT                      6.419             102.709     510.00              1.26               20.1             37.0              18895                      237                      3805        -1   590532                        -3.2                      -0.6
BITCOIN                 2321.745           37147.925  113460.00              2.05               32.7              0.1               8407                      172                      2752        -1   590532                        -1.4                      -0.5
KRWUSD_mini                0.004               0.059       0.72              0.51                8.2          18525.0              13332                       67                      1087        -2   590532                        -4.5                      -0.4
CRUDE_W_micro              0.994              15.900      61.93              1.60               25.7             74.1               4589                       73                      1178         1   590532                         0.8                       0.2
BRE                        0.001               0.016       0.19              0.53                8.5          74099.9              13856                       73                      1181         1   590532                         2.3                       0.2
FTSECHINAA               147.425            2358.804   15022.00              0.98               15.7              0.7              11131                      109                      1747         1   590532                         1.9                       0.3
CAD10                      0.378               6.041     122.30              0.31                4.9            536.6              65632                      202                      3241         1   590532                        11.1                       0.5
GOLD_micro                29.202             467.233    3782.10              0.77               12.4              7.4              28025                      216                      3462         1   590532                         4.7                       0.6
NIKKEI                   455.157            7282.509   45210.00              1.01               16.1              0.5              22654                      228                      3649         1   590532                         3.8                       0.6
GBP                        0.005               0.084       1.35              0.39                6.3          46312.4              62605                      244                      3913         1   590532                        10.6                       0.7
TOPIX                     26.409             422.537    3134.25              0.84               13.5              5.0              15705                      132                      2117         2   590532                         5.3                       0.7
RUSSELL                   26.652             426.433    2480.70              1.07               17.2              3.7               9190                       98                      1579         3   590532                         4.7                       0.8
OAT                        0.389               6.222     121.16              0.32                5.1            871.6             105603                      338                      5422         1   590532                        17.9                       0.9
BTP                        0.393               6.296     119.81              0.33                5.3            871.6             104426                      342                      5487         1   590532                        17.7                       0.9
YENEUR                     0.641              10.256     173.65              0.37                5.9            626.4             108769                      401                      6424         1   590532                        18.4                       1.1
LEANHOG                    0.915              14.646      88.70              1.03               16.5            296.4              26290                      271                      4341         2   590532                         8.9                       1.5
US30                       0.875              14.001     119.56              0.73               11.7            741.0              88595                      648                     10374         1   590532                        15.0                       1.8
MSCITAIWAN                10.985             175.753    1111.30              0.99               15.8             74.1              82347                      813                     13023         1   590532                        13.9                       2.2
PLAT                      22.701             363.216    1447.20              1.57               25.1             37.0              53618                      841                     13457         1   590532                         9.1                       2.3
SILVER                     0.582               9.311      44.34              1.31               21.0            741.0              32855                      431                      6899         2   590532                        11.1                       2.3
FEEDCOW                    4.041              64.658     360.18              1.12               18.0            370.5             133444                     1497                     23955         1   590532                        22.6                       4.1
AEX                       10.237             163.789     933.10              1.10               17.6            174.3             162657                     1784                     28551         1   590532                        27.5                       4.8

Sum of abs(notional exposure % capital) 286.5
Sum of abs(annualised risk % capital) 35.9
Net sum of annualised risk % capital 17.1 

===================================================================================================================================================================================================================================
                                                                                                           Correlations                                                                                                            
===================================================================================================================================================================================================================================

                BTP  CAD10   OAT  US30   BRE  FEEDCOW  FTSECHINAA   GBP  GOLD_micro   JPY  KRWUSD_mini  LEANHOG  PLAT  SILVER   AEX  BITCOIN   DAX  MSCITAIWAN  NIKKEI  RUSSELL  TOPIX  CRUDE_W_micro  GAS-PEN  WHEAT  YENEUR    DX
BTP            1.00   0.55  0.96  0.49  0.09     0.07        0.03  0.10        0.24  0.24         0.23     0.13  0.06    0.02  0.13     0.05  0.01        0.07    0.11     0.18   0.06          -0.04    -0.23  -0.17   -0.37 -0.07
CAD10          0.55   1.00  0.57  0.85  0.26    -0.09        0.04  0.25        0.04  0.36         0.07     0.06 -0.19   -0.07  0.21    -0.14  0.12        0.07    0.02     0.09   0.01          -0.14    -0.07  -0.06   -0.44 -0.15
OAT            0.96   0.57  1.00  0.49  0.05     0.00       -0.00  0.04        0.24  0.24         0.17     0.07  0.00   -0.05  0.05    -0.04 -0.09       -0.02    0.07     0.08   0.02          -0.06    -0.21  -0.13   -0.40 -0.04
US30           0.49   0.85  0.49  1.00  0.34     0.05        0.15  0.32        0.06  0.41         0.16     0.15 -0.04    0.01  0.22    -0.07  0.17        0.14    0.01     0.15   0.02          -0.11    -0.00  -0.09   -0.40 -0.26
BRE            0.09   0.26  0.05  0.34  1.00     0.14        0.27  0.46        0.23  0.24         0.23     0.13  0.29    0.29  0.28     0.11  0.26        0.26    0.09     0.34   0.07           0.13     0.24   0.24    0.07 -0.43
FEEDCOW        0.07  -0.09  0.00  0.05  0.14     1.00        0.17  0.09        0.25 -0.02         0.17     0.19  0.19    0.21  0.16    -0.08  0.25        0.04    0.02     0.10   0.17           0.14     0.09   0.01    0.10 -0.03
FTSECHINAA     0.03   0.04 -0.00  0.15  0.27     0.17        1.00  0.30        0.14  0.04         0.18     0.17  0.24    0.30  0.31     0.07  0.25        0.25    0.32     0.25   0.32           0.08     0.02   0.09    0.08 -0.16
GBP            0.10   0.25  0.04  0.32  0.46     0.09        0.30  1.00        0.43  0.61         0.58     0.21  0.46    0.41  0.16     0.10  0.34        0.19    0.19     0.20   0.18          -0.31    -0.17  -0.03    0.06 -0.84
GOLD_micro     0.24   0.04  0.24  0.06  0.23     0.25        0.14  0.43        1.00  0.45         0.33     0.31  0.38    0.58 -0.06     0.07 -0.03       -0.02   -0.02     0.01   0.01           0.05     0.01   0.26   -0.04 -0.45
JPY            0.24   0.36  0.24  0.41  0.24    -0.02        0.04  0.61        0.45  1.00         0.49     0.17  0.17    0.17 -0.16     0.01 -0.05       -0.16   -0.26    -0.03  -0.26          -0.33    -0.17   0.13   -0.59 -0.75
KRWUSD_mini    0.23   0.07  0.17  0.16  0.23     0.17        0.18  0.58        0.33  0.49         1.00     0.26  0.32    0.22  0.19     0.08  0.17        0.05    0.10     0.13   0.04          -0.16    -0.17  -0.05   -0.05 -0.59
LEANHOG        0.13   0.06  0.07  0.15  0.13     0.19        0.17  0.21        0.31  0.17         0.26     1.00  0.26    0.34  0.23     0.16  0.12        0.04    0.03     0.29   0.08           0.26    -0.14   0.11   -0.06 -0.16
PLAT           0.06  -0.19  0.00 -0.04  0.29     0.19        0.24  0.46        0.38  0.17         0.32     0.26  1.00    0.63  0.17     0.24  0.23        0.29    0.21     0.24   0.20          -0.06    -0.04  -0.06    0.22 -0.40
SILVER         0.02  -0.07 -0.05  0.01  0.29     0.21        0.30  0.41        0.58  0.17         0.22     0.34  0.63    1.00  0.27     0.20  0.31        0.29    0.26     0.34   0.32           0.12    -0.01   0.20    0.16 -0.31
AEX            0.13   0.21  0.05  0.22  0.28     0.16        0.31  0.16       -0.06 -0.16         0.19     0.23  0.17    0.27  1.00     0.25  0.67        0.45    0.44     0.59   0.39           0.38    -0.03   0.02    0.04  0.08
BITCOIN        0.05  -0.14 -0.04 -0.07  0.11    -0.08        0.07  0.10        0.07  0.01         0.08     0.16  0.24    0.20  0.25     1.00  0.36        0.26    0.19     0.44   0.18           0.01    -0.08  -0.09   -0.01 -0.05
DAX            0.01   0.12 -0.09  0.17  0.26     0.25        0.25  0.34       -0.03 -0.05         0.17     0.12  0.23    0.31  0.67     0.36  1.00        0.42    0.33     0.49   0.38          -0.04    -0.04  -0.10    0.12 -0.12
MSCITAIWAN     0.07   0.07 -0.02  0.14  0.26     0.04        0.25  0.19       -0.02 -0.16         0.05     0.04  0.29    0.29  0.45     0.26  0.42        1.00    0.63     0.44   0.56           0.04     0.09  -0.13    0.23 -0.02
NIKKEI         0.11   0.02  0.07  0.01  0.09     0.02        0.32  0.19       -0.02 -0.26         0.10     0.03  0.21    0.26  0.44     0.19  0.33        0.63    1.00     0.48   0.92           0.08    -0.20  -0.07    0.33 -0.03
RUSSELL        0.18   0.09  0.08  0.15  0.34     0.10        0.25  0.20        0.01 -0.03         0.13     0.29  0.24    0.34  0.59     0.44  0.49        0.44    0.48     1.00   0.44           0.19    -0.16  -0.05   -0.04 -0.04
TOPIX          0.06   0.01  0.02  0.02  0.07     0.17        0.32  0.18        0.01 -0.26         0.04     0.08  0.20    0.32  0.39     0.18  0.38        0.56    0.92     0.44   1.00           0.08    -0.19  -0.03    0.32  0.01
CRUDE_W_micro -0.04  -0.14 -0.06 -0.11  0.13     0.14        0.08 -0.31        0.05 -0.33        -0.16     0.26 -0.06    0.12  0.38     0.01 -0.04        0.04    0.08     0.19   0.08           1.00     0.18   0.36    0.05  0.35
GAS-PEN       -0.23  -0.07 -0.21 -0.00  0.24     0.09        0.02 -0.17        0.01 -0.17        -0.17    -0.14 -0.04   -0.01 -0.03    -0.08 -0.04        0.09   -0.20    -0.16  -0.19           0.18     1.00   0.26    0.04  0.21
WHEAT         -0.17  -0.06 -0.13 -0.09  0.24     0.01        0.09 -0.03        0.26  0.13        -0.05     0.11 -0.06    0.20  0.02    -0.09 -0.10       -0.13   -0.07    -0.05  -0.03           0.36     0.26   1.00   -0.12 -0.04
YENEUR        -0.37  -0.44 -0.40 -0.40  0.07     0.10        0.08  0.06       -0.04 -0.59        -0.05    -0.06  0.22    0.16  0.04    -0.01  0.12        0.23    0.33    -0.04   0.32           0.05     0.04  -0.12    1.00 -0.03
DX            -0.07  -0.15 -0.04 -0.26 -0.43    -0.03       -0.16 -0.84       -0.45 -0.75        -0.59    -0.16 -0.40   -0.31  0.08    -0.05 -0.12       -0.02   -0.03    -0.04   0.01           0.35     0.21  -0.04   -0.03  1.00


********************************************************************************
                                 END OF REPORT                                  
********************************************************************************


