
********************************************************************************
                    Risk report produced on 23/06/2026 22:51                    
********************************************************************************


Total risk across all strategies, annualised percentage 10.1
Percentage of capital used for margin 34.9%

========================================
Risk per strategy, annualised percentage
========================================

                  risk
dynamic_TF_carry  10.1


===================
Risk by asset class
===================

Ags       2.5
Bond      1.5
Equity    6.7
FX        4.5
Metals    2.6
Sector    0.7
dtype: float64


=====================================================
Beta loadings of asset class positions on asset class
=====================================================

FX       -0.52
Metals   -0.06
Sector    0.04
Ags       0.08
Bond      0.08
Equity    0.57
dtype: float64


========================================================
Beta loadings of full portfolio positions on asset class
========================================================

FX       -0.23
Metals    0.02
Ags       0.04
Sector    0.21
Bond      0.25
Equity    0.52
dtype: float64


==================================================================================================================================================================================================================================================================
                                                                                                                         Instrument risk                                                                                                                          
==================================================================================================================================================================================================================================================================

              daily_price_stdev  annual_price_stdev     price  daily_perc_stdev  annual_perc_stdev  point_size_base  contract_exposure  daily_risk_per_contract  annual_risk_per_contract  position  capital  exposure_held_perc_capital  annual_risk_perc_capital
CHF                       0.006               0.094      1.25              0.47                7.6          94396.6             117731                      556                      8906        -3   706107                       -50.0                      -3.8
BITCOIN                1910.502           30568.031  64380.00              2.97               47.5              0.1               4861                      144                      2308        -8   706107                        -5.5                      -2.6
LEANHOG                   1.155              18.484     80.88              1.43               22.9            302.1              24429                      348                      5583        -2   706107                        -6.9                      -1.6
JPY                       0.000               0.000      0.01              0.44                7.1        9439661.7              58832                      259                      4154        -2   706107                       -16.7                      -1.2
KR10                      0.476               7.619    106.24              0.45                7.2            491.7              52238                      234                      3746        -2   706107                       -14.8                      -1.1
REDWHEAT                  9.961             159.374    654.00              1.52               24.4             37.8              24694                      376                      6017        -1   706107                        -3.5                      -0.9
HANGENT_mini            113.400            1814.399   7797.00              1.45               23.3              1.0               7510                      109                      1747        -2   706107                        -2.1                      -0.5
RUSSELL                  38.158             610.522   3023.10              1.26               20.2              3.8              11414                      144                      2305         1   706107                         1.6                       0.3
DOW                     462.104            7393.659  52041.00              0.89               14.2              0.4              19649                      174                      2791         1   706107                         2.8                       0.4
AUD_micro                 0.003               0.056      0.70              0.50                8.0           7551.7               5276                       26                       420         9   706107                         6.7                       0.5
CANOLA                    9.574             153.191    743.70              1.29               20.6             10.7               7924                      102                      1632         3   706107                         3.4                       0.7
EU-BANKS                  3.683              58.922    299.70              1.23               19.7             43.1              12925                      158                      2541         2   706107                         3.7                       0.7
MXP                       0.000               0.005      0.06              0.51                8.1         377586.5              21579                      109                      1757         3   706107                         9.2                       0.7
YENEUR                    0.669              10.699    183.95              0.36                5.8            583.9             107408                      390                      6247         1   706107                        15.2                       0.9
SOYOIL                    0.913              14.615     66.83              1.37               21.9            453.1              30280                      413                      6621         1   706107                         4.3                       0.9
CAD10                     0.388               6.209    120.26              0.32                5.2            532.8              64071                      206                      3308         3   706107                        27.2                       1.4
LIVECOW                   2.348              37.567    241.38              0.97               15.6            302.1              72911                      709                     11347         1   706107                        10.3                       1.6
SMI                      96.418            1542.691  13824.00              0.70               11.2              9.3             129050                      900                     14401         1   706107                        18.3                       2.0
NIKKEI                 1161.846           18589.533  71600.00              1.62               26.0              0.5              33445                      542                      8683         2   706107                         9.5                       2.5
AEX                       8.557             136.913   1087.10              0.79               12.6            172.5             187544                     1476                     23619         1   706107                        26.6                       3.3

Sum of abs(notional exposure % capital) 238.3
Sum of abs(annualised risk % capital) 27.6
Net sum of annualised risk % capital 4.2 

==============================================================================================================================================================================
                                                                                 Correlations                                                                                 
==============================================================================================================================================================================

              LEANHOG  YENEUR   AEX   DOW  EU-BANKS  NIKKEI  RUSSELL   SMI  CAD10  KR10  LIVECOW  CANOLA  REDWHEAT  SOYOIL  AUD_micro  BITCOIN   CHF  HANGENT_mini   JPY   MXP
LEANHOG          1.00    0.18 -0.01  0.18      0.05    0.01     0.22  0.02   0.04 -0.04     0.06    0.19     -0.04    0.16       0.03    -0.06 -0.05         -0.03 -0.16 -0.05
YENEUR           0.18    1.00  0.10  0.07      0.20    0.25     0.02  0.13  -0.29 -0.08    -0.09   -0.01     -0.23   -0.04      -0.09    -0.10 -0.11         -0.04 -0.71  0.15
AEX             -0.01    0.10  1.00  0.51      0.57    0.48     0.53  0.61   0.23  0.05     0.11   -0.20     -0.15   -0.04       0.25     0.30 -0.11          0.22 -0.08  0.37
DOW              0.18    0.07  0.51  1.00      0.49    0.57     0.83  0.47   0.22  0.09     0.12   -0.07     -0.14   -0.06       0.39     0.25  0.07          0.20  0.04  0.29
EU-BANKS         0.05    0.20  0.57  0.49      1.00    0.61     0.42  0.59   0.24  0.22     0.11   -0.38     -0.23   -0.36       0.23     0.10  0.03          0.20 -0.02  0.34
NIKKEI           0.01    0.25  0.48  0.57      0.61    1.00     0.52  0.26   0.25  0.30     0.06   -0.17     -0.16   -0.12       0.35     0.12  0.07          0.27 -0.10  0.33
RUSSELL          0.22    0.02  0.53  0.83      0.42    0.52     1.00  0.43   0.25  0.16     0.18   -0.12     -0.00    0.01       0.40     0.46  0.05          0.16  0.09  0.33
SMI              0.02    0.13  0.61  0.47      0.59    0.26     0.43  1.00   0.36  0.01     0.26   -0.29     -0.19   -0.12       0.09     0.08 -0.11          0.00 -0.04  0.30
CAD10            0.04   -0.29  0.23  0.22      0.24    0.25     0.25  0.36   1.00  0.33    -0.03   -0.14     -0.13   -0.14       0.10    -0.07  0.03          0.02  0.28  0.25
KR10            -0.04   -0.08  0.05  0.09      0.22    0.30     0.16  0.01   0.33  1.00     0.13   -0.23     -0.20   -0.36       0.22     0.09  0.20          0.06  0.20  0.20
LIVECOW          0.06   -0.09  0.11  0.12      0.11    0.06     0.18  0.26  -0.03  0.13     1.00   -0.05     -0.00    0.08       0.07     0.05  0.01         -0.03  0.14  0.19
CANOLA           0.19   -0.01 -0.20 -0.07     -0.38   -0.17    -0.12 -0.29  -0.14 -0.23    -0.05    1.00      0.19    0.73       0.03    -0.08  0.04          0.08 -0.06 -0.12
REDWHEAT        -0.04   -0.23 -0.15 -0.14     -0.23   -0.16    -0.00 -0.19  -0.13 -0.20    -0.00    0.19      1.00    0.23       0.19     0.19  0.08          0.03  0.13 -0.07
SOYOIL           0.16   -0.04 -0.04 -0.06     -0.36   -0.12     0.01 -0.12  -0.14 -0.36     0.08    0.73      0.23    1.00       0.00     0.01 -0.03          0.01 -0.08 -0.09
AUD_micro        0.03   -0.09  0.25  0.39      0.23    0.35     0.40  0.09   0.10  0.22     0.07    0.03      0.19    0.00       1.00     0.30  0.63          0.52  0.54  0.65
BITCOIN         -0.06   -0.10  0.30  0.25      0.10    0.12     0.46  0.08  -0.07  0.09     0.05   -0.08      0.19    0.01       0.30     1.00  0.13          0.27  0.16  0.16
CHF             -0.05   -0.11 -0.11  0.07      0.03    0.07     0.05 -0.11   0.03  0.20     0.01    0.04      0.08   -0.03       0.63     0.13  1.00          0.44  0.68  0.44
HANGENT_mini    -0.03   -0.04  0.22  0.20      0.20    0.27     0.16  0.00   0.02  0.06    -0.03    0.08      0.03    0.01       0.52     0.27  0.44          1.00  0.32  0.39
JPY             -0.16   -0.71 -0.08  0.04     -0.02   -0.10     0.09 -0.04   0.28  0.20     0.14   -0.06      0.13   -0.08       0.54     0.16  0.68          0.32  1.00  0.34
MXP             -0.05    0.15  0.37  0.29      0.34    0.33     0.33  0.30   0.25  0.20     0.19   -0.12     -0.07   -0.09       0.65     0.16  0.44          0.39  0.34  1.00


********************************************************************************
                                 END OF REPORT                                  
********************************************************************************


