
********************************************************************************
                    Risk report produced on 11/06/2026 22:51                    
********************************************************************************


Total risk across all strategies, annualised percentage 12.5
Percentage of capital used for margin 34.6%

========================================
Risk per strategy, annualised percentage
========================================

                  risk
dynamic_TF_carry  12.5


===================
Risk by asset class
===================

Ags       1.0
Bond      1.8
Equity    8.8
FX        1.5
Metals    1.7
OilGas    4.8
Sector    1.8
dtype: float64


=====================================================
Beta loadings of asset class positions on asset class
=====================================================

FX       -0.09
Bond     -0.06
Ags      -0.03
Metals   -0.03
OilGas    0.08
Sector    0.09
Equity    0.38
dtype: float64


========================================================
Beta loadings of full portfolio positions on asset class
========================================================

FX       -0.10
Ags       0.01
Metals    0.01
OilGas    0.06
Bond      0.25
Sector    0.26
Equity    0.37
dtype: float64


==================================================================================================================================================================================================================================================================
                                                                                                                         Instrument risk                                                                                                                          
==================================================================================================================================================================================================================================================================

              daily_price_stdev  annual_price_stdev     price  daily_perc_stdev  annual_perc_stdev  point_size_base  contract_exposure  daily_risk_per_contract  annual_risk_per_contract  position  capital  exposure_held_perc_capital  annual_risk_perc_capital
KR10                      0.465               7.444    105.95              0.44                7.0            489.1              51823                      227                      3640        -4   688653                       -30.1                      -2.1
BITCOIN                1916.122           30657.959  64005.00              2.99               47.9              0.1               4783                      143                      2291        -5   688653                        -3.5                      -1.7
CHF                       0.006               0.092      1.28              0.45                7.2          93414.3             119598                      534                      8557        -1   688653                       -17.4                      -1.2
REDWHEAT                 11.269             180.304    648.00              1.74               27.8             37.4              24212                      421                      6737        -1   688653                        -3.5                      -1.0
KOSDAQ                   65.444            1047.111   1726.50              3.79               60.6              4.9               8444                      320                      5121        -1   688653                        -1.2                      -0.7
JPY                       0.000               0.000      0.01              0.48                7.7        9341429.2              58836                      282                      4520        -1   688653                        -8.5                      -0.7
GAS_US_mini               0.106               1.689      3.37              3.13               50.1           1868.3               6296                      197                      3155        -1   688653                        -0.9                      -0.5
HANGENT_mini            110.037            1760.598   8200.00              1.34               21.5              1.0               7820                      104                      1679        -1   688653                        -1.1                      -0.2
EUR_micro                 0.004               0.059      1.17              0.32                5.1           9341.4              10891                       34                       551        -1   688653                        -1.6                      -0.1
CANOLA                   10.108             161.730    786.30              1.29               20.6             10.7               8428                      108                      1733         1   688653                         1.2                       0.3
RUSSELL                  33.276             532.421   2943.70              1.13               18.1              3.7              10999                      124                      1989         1   688653                         1.6                       0.3
TOPIX                    48.751             780.013   3831.25              1.27               20.4              4.7              17834                      226                      3630         1   688653                         2.6                       0.5
CAD10                     0.452               7.238    120.28              0.38                6.0            536.0              64468                      242                      3879         1   688653                         9.4                       0.6
NZD                       0.004               0.061      0.59              0.65               10.4          74731.4              43994                      284                      4559         1   688653                         6.4                       0.7
MSCISING                  5.054              80.871    450.90              1.12               17.9             58.0              26174                      293                      4694         1   688653                         3.8                       0.7
EU-OIL                    7.115             113.842    526.40              1.35               21.6             43.1              22712                      306                      4911         1   688653                         3.3                       0.7
ZAR                       0.000               0.007      0.06              0.74               11.8         373657.2              22895                      169                      2707         2   688653                         6.6                       0.8
OAT                       0.518               8.293    118.76              0.44                7.0            862.9             102480                      447                      7155         1   688653                        14.9                       1.0
NIKKEI                 1140.246           18243.941  64270.00              1.77               28.4              0.5              29917                      530                      8492         1   688653                         4.3                       1.2
EU-BASIC                 15.215             243.437    870.80              1.75               28.0             43.1              37571                      656                     10503         1   688653                         5.5                       1.5
CAC                      79.804            1276.868   8219.50              0.97               15.5              8.6              70927                      688                     11018         1   688653                        10.3                       1.6
GASOILINE                 0.067               1.071      2.91              2.30               36.8          31387.2              91198                     2100                     33600         1   688653                        13.2                       4.9
MSCITAIWAN               35.867             573.874   1930.30              1.86               29.7             74.7             144254                     2680                     42886         1   688653                        20.9                       6.2

Sum of abs(notional exposure % capital) 171.8
Sum of abs(annualised risk % capital) 29.2
Net sum of annualised risk % capital 12.8 

=================================================================================================================================================================================================================
                                                                                                  Correlations                                                                                                   
=================================================================================================================================================================================================================

              CANOLA  EU-OIL  GASOILINE  GAS_US_mini  REDWHEAT  CAD10   CHF  EUR_micro   JPY  KR10   OAT  BITCOIN  KOSDAQ  HANGENT_mini   NZD   ZAR   CAC  EU-BASIC  MSCISING  MSCITAIWAN  NIKKEI  RUSSELL  TOPIX
CANOLA          1.00    0.07       0.33         0.15      0.14  -0.08 -0.08      -0.12 -0.09 -0.19 -0.08    -0.11   -0.05          0.10 -0.01 -0.17 -0.17     -0.09     -0.07       -0.05   -0.05    -0.13  -0.09
EU-OIL          0.07    1.00       0.65         0.17      0.20  -0.15 -0.36      -0.29 -0.27 -0.21 -0.25     0.24    0.15         -0.01 -0.09  0.08  0.22      0.16      0.38        0.13   -0.06     0.10   0.06
GASOILINE       0.33    0.65       1.00         0.24      0.36  -0.32 -0.29      -0.26 -0.24 -0.27 -0.32     0.28    0.06          0.14 -0.05 -0.08 -0.03     -0.01      0.23        0.13   -0.03    -0.02   0.01
GAS_US_mini     0.15    0.17       0.24         1.00     -0.05  -0.15 -0.03      -0.08  0.00 -0.09 -0.21     0.14   -0.07          0.16 -0.03 -0.10 -0.03     -0.11      0.23       -0.12   -0.13    -0.17  -0.13
REDWHEAT        0.14    0.20       0.36        -0.05      1.00  -0.11  0.07       0.11  0.06 -0.27 -0.08     0.11    0.31          0.10  0.15  0.07 -0.18      0.03     -0.16       -0.01    0.01    -0.14  -0.05
CAD10          -0.08   -0.15      -0.32        -0.15     -0.11   1.00  0.24       0.23  0.33  0.48  0.68    -0.05    0.06          0.18  0.19  0.38  0.35      0.32      0.16        0.27    0.24     0.27   0.11
CHF            -0.08   -0.36      -0.29        -0.03      0.07   0.24  1.00       0.85  0.71  0.33  0.37     0.10    0.33          0.35  0.66  0.42  0.11      0.18      0.02        0.10    0.14     0.10  -0.04
EUR_micro      -0.12   -0.29      -0.26        -0.08      0.11   0.23  0.85       1.00  0.68  0.24  0.23     0.08    0.28          0.37  0.71  0.53  0.18      0.26      0.08        0.16    0.21     0.17   0.09
JPY            -0.09   -0.27      -0.24         0.00      0.06   0.33  0.71       0.68  1.00  0.34  0.34     0.01    0.14          0.18  0.45  0.30 -0.01      0.01     -0.06       -0.06   -0.15    -0.02  -0.28
KR10           -0.19   -0.21      -0.27        -0.09     -0.27   0.48  0.33       0.24  0.34  1.00  0.50     0.19    0.15          0.12  0.11  0.21  0.24      0.14      0.11        0.18    0.14     0.27  -0.05
OAT            -0.08   -0.25      -0.32        -0.21     -0.08   0.68  0.37       0.23  0.34  0.50  1.00     0.02    0.27          0.23  0.27  0.38  0.43      0.42      0.14        0.34    0.35     0.36   0.17
BITCOIN        -0.11    0.24       0.28         0.14      0.11  -0.05  0.10       0.08  0.01  0.19  0.02     1.00    0.25          0.15  0.17  0.17  0.19      0.15      0.29        0.27    0.14     0.39   0.07
KOSDAQ         -0.05    0.15       0.06        -0.07      0.31   0.06  0.33       0.28  0.14  0.15  0.27     0.25    1.00          0.25  0.41  0.36  0.22      0.32      0.11        0.39    0.41     0.25   0.23
HANGENT_mini    0.10   -0.01       0.14         0.16      0.10   0.18  0.35       0.37  0.18  0.12  0.23     0.15    0.25          1.00  0.43  0.43  0.36      0.46      0.40        0.29    0.39     0.21   0.33
NZD            -0.01   -0.09      -0.05        -0.03      0.15   0.19  0.66       0.71  0.45  0.11  0.27     0.17    0.41          0.43  1.00  0.65  0.30      0.50      0.29        0.41    0.44     0.36   0.28
ZAR            -0.17    0.08      -0.08        -0.10      0.07   0.38  0.42       0.53  0.30  0.21  0.38     0.17    0.36          0.43  0.65  1.00  0.64      0.69      0.51        0.40    0.48     0.47   0.37
CAC            -0.17    0.22      -0.03        -0.03     -0.18   0.35  0.11       0.18 -0.01  0.24  0.43     0.19    0.22          0.36  0.30  0.64  1.00      0.68      0.58        0.56    0.64     0.60   0.58
EU-BASIC       -0.09    0.16      -0.01        -0.11      0.03   0.32  0.18       0.26  0.01  0.14  0.42     0.15    0.32          0.46  0.50  0.69  0.68      1.00      0.50        0.59    0.61     0.63   0.48
MSCISING       -0.07    0.38       0.23         0.23     -0.16   0.16  0.02       0.08 -0.06  0.11  0.14     0.29    0.11          0.40  0.29  0.51  0.58      0.50      1.00        0.39    0.36     0.43   0.40
MSCITAIWAN     -0.05    0.13       0.13        -0.12     -0.01   0.27  0.10       0.16 -0.06  0.18  0.34     0.27    0.39          0.29  0.41  0.40  0.56      0.59      0.39        1.00    0.72     0.65   0.54
NIKKEI         -0.05   -0.06      -0.03        -0.13      0.01   0.24  0.14       0.21 -0.15  0.14  0.35     0.14    0.41          0.39  0.44  0.48  0.64      0.61      0.36        0.72    1.00     0.59   0.86
RUSSELL        -0.13    0.10      -0.02        -0.17     -0.14   0.27  0.10       0.17 -0.02  0.27  0.36     0.39    0.25          0.21  0.36  0.47  0.60      0.63      0.43        0.65    0.59     1.00   0.50
TOPIX          -0.09    0.06       0.01        -0.13     -0.05   0.11 -0.04       0.09 -0.28 -0.05  0.17     0.07    0.23          0.33  0.28  0.37  0.58      0.48      0.40        0.54    0.86     0.50   1.00


********************************************************************************
                                 END OF REPORT                                  
********************************************************************************


