
********************************************************************************
                    Risk report produced on 30/01/2026 22:53                    
********************************************************************************


Total risk across all strategies, annualised percentage 23.5
Percentage of capital used for margin 41.5%

========================================
Risk per strategy, annualised percentage
========================================

                  risk
dynamic_TF_carry  22.6


===================
Risk by asset class
===================

Ags        1.5
Bond       1.4
Equity    14.5
FX         4.4
Metals    10.9
OilGas     0.7
dtype: float64


=====================================================
Beta loadings of asset class positions on asset class
=====================================================

Bond     -0.25
OilGas   -0.01
Ags       0.03
Metals    0.05
FX        0.32
Equity    1.28
dtype: float64


========================================================
Beta loadings of full portfolio positions on asset class
========================================================

Bond     -0.73
OilGas    0.02
Metals    0.24
Ags       0.43
Equity    1.40
FX        1.42
dtype: float64


===================================================================================================================================================================================================================================================================
                                                                                                                          Instrument risk                                                                                                                          
===================================================================================================================================================================================================================================================================

               daily_price_stdev  annual_price_stdev     price  daily_perc_stdev  annual_perc_stdev  point_size_base  contract_exposure  daily_risk_per_contract  annual_risk_per_contract  position  capital  exposure_held_perc_capital  annual_risk_perc_capital
BITCOIN                 2316.044           37056.703  83970.00              2.76               44.1              0.1               6106                      168                      2694        -6   680558                        -5.4                      -2.4
JPY                        0.000               0.001      0.01              0.67               10.8        9090049.7              58989                      396                      6342        -2   680558                       -17.3                      -1.9
KR10                       0.392               6.268    111.16              0.35                5.6            502.2              55827                      196                      3148        -3   680558                       -24.6                      -1.4
GAS_US_mini                0.178               2.850      4.36              4.08               65.3           1818.0               7935                      323                      5181        -1   680558                        -1.2                      -0.8
RICE                       0.161               2.574     11.03              1.46               23.3           1454.4              16042                      233                      3743        -1   680558                        -2.4                      -0.6
WHEAT                      6.237              99.790    586.00              1.06               17.0             36.4              21307                      226                      3628        -1   680558                        -3.1                      -0.5
KRWUSD_mini                0.004               0.067      0.70              0.60                9.6          18180.1              12667                       76                      1218        -1   680558                        -1.9                      -0.2
EUR_micro                  0.006               0.092      1.19              0.48                7.7           9090.0              10800                       52                       834        -1   680558                        -1.6                      -0.1
AUD_micro                  0.004               0.061      0.70              0.55                8.8           7272.0               5067                       27                       444         1   680558                         0.7                       0.1
CRUDE_W_micro              1.075              17.207     65.14              1.65               26.4             72.7               4737                       78                      1251         1   680558                         0.7                       0.2
MXP                        0.000               0.005      0.06              0.56                8.9         363602.0              20772                      115                      1847         2   680558                         6.1                       0.5
BRE                        0.001               0.020      0.19              0.66               10.6          72720.4              13755                       91                      1460         3   680558                         6.1                       0.6
TOPIX                     35.093             561.495   3571.50              0.98               15.7              4.7              16873                      165                      2652         2   680558                         5.0                       0.8
CAD                        0.003               0.044      0.74              0.37                5.9          72720.4              53613                      198                      3171         2   680558                        15.8                       0.9
RUSSELL                   27.321             437.143   2624.00              1.04               16.7              3.6               9540                       99                      1589         4   680558                         5.6                       0.9
GBP                        0.007               0.104      1.37              0.48                7.6          45450.2              62212                      295                      4733         2   680558                        18.3                       1.4
LEANHOG                    1.032              16.519     95.25              1.08               17.3            290.9              27706                      300                      4805         2   680558                         8.1                       1.4
SMI                       92.661            1482.576  13097.00              0.71               11.3              9.5             123934                      876                     14029         1   680558                        18.2                       2.1
YENEUR                     0.825              13.205    183.20              0.45                7.2            590.6             108190                      487                      7798         2   680558                        31.8                       2.3
MSCITAIWAN                13.927             222.833   1428.50              0.97               15.6             72.7             103881                     1012                     16204         1   680558                        15.3                       2.4
AEX                        7.985             127.761    999.45              0.80               12.8            173.4             173266                     1384                     22148         1   680558                        25.5                       3.3
MIB                      336.961            5391.374  45690.00              0.74               11.8              4.3             198022                     1460                     23366         1   680558                        29.1                       3.4
MSCIEAFA                  23.138             370.214   3041.10              0.76               12.2             36.4             110575                      841                     13461         2   680558                        32.5                       4.0
SILVER                     6.438             103.010     83.82              7.68              122.9            727.2              60950                     4681                     74908         1   680558                         9.0                      11.0

Sum of abs(notional exposure % capital) 285.3
Sum of abs(annualised risk % capital) 43.2
Net sum of annualised risk % capital 27.4 

=======================================================================================================================================================================================================================
                                                                                                     Correlations                                                                                                      
=======================================================================================================================================================================================================================

                CAD  EUR_micro   JPY  KR10  KRWUSD_mini  CRUDE_W_micro  GAS_US_mini  RICE  WHEAT  YENEUR   AEX  BITCOIN   MIB  MSCITAIWAN  RUSSELL   SMI  TOPIX  AUD_micro   BRE   GBP  LEANHOG  MSCIEAFA   MXP  SILVER
CAD            1.00       0.68  0.49  0.11         0.50           0.20         0.14  0.03   0.32    0.02 -0.06     0.12  0.06        0.02     0.03 -0.06  -0.07       0.67  0.37  0.61     0.24      0.34  0.49    0.40
EUR_micro      0.68       1.00  0.68  0.26         0.53          -0.07        -0.02  0.14   0.21    0.03 -0.11    -0.00  0.05        0.00    -0.02 -0.06  -0.14       0.61  0.31  0.81     0.21      0.41  0.53    0.39
JPY            0.49       0.68  1.00  0.48         0.60          -0.20        -0.05  0.10   0.13   -0.69 -0.18    -0.14 -0.08       -0.17    -0.14 -0.09  -0.44       0.41  0.12  0.54     0.19      0.21  0.12    0.18
KR10           0.11       0.26  0.48  1.00         0.39          -0.20        -0.16  0.00  -0.27   -0.40 -0.02     0.06 -0.03       -0.05     0.11  0.07  -0.14       0.06 -0.04  0.28    -0.06      0.18 -0.03   -0.11
KRWUSD_mini    0.50       0.53  0.60  0.39         1.00           0.01         0.17  0.09   0.20   -0.31  0.09     0.03  0.16        0.13    -0.05  0.12  -0.07       0.56  0.27  0.50     0.11      0.40  0.24    0.09
CRUDE_W_micro  0.20      -0.07 -0.20 -0.20         0.01           1.00         0.36  0.12   0.26    0.20  0.35     0.20  0.36        0.31     0.25  0.16   0.31       0.34  0.42  0.01     0.17      0.31  0.28    0.33
GAS_US_mini    0.14      -0.02 -0.05 -0.16         0.17           0.36         1.00  0.01   0.17    0.02  0.19     0.11  0.19        0.12    -0.06  0.16   0.14       0.22  0.35  0.06    -0.03      0.15  0.08    0.18
RICE           0.03       0.14  0.10  0.00         0.09           0.12         0.01  1.00   0.17   -0.06  0.10     0.18  0.01        0.11     0.02 -0.03   0.01       0.15  0.08  0.13     0.16      0.08 -0.04    0.27
WHEAT          0.32       0.21  0.13 -0.27         0.20           0.26         0.17  0.17   1.00    0.00 -0.01    -0.11 -0.01       -0.02    -0.14 -0.24  -0.13       0.24  0.17 -0.00     0.04     -0.01  0.11    0.15
YENEUR         0.02       0.03 -0.69 -0.40        -0.31           0.20         0.02 -0.06   0.00    1.00  0.12     0.16  0.16        0.22     0.17  0.09   0.45       0.03  0.12  0.05    -0.02      0.11  0.36    0.15
AEX           -0.06      -0.11 -0.18 -0.02         0.09           0.35         0.19  0.10  -0.01    0.12  1.00     0.49  0.78        0.75     0.67  0.68   0.60       0.43  0.39  0.23     0.20      0.73  0.25    0.34
BITCOIN        0.12      -0.00 -0.14  0.06         0.03           0.20         0.11  0.18  -0.11    0.16  0.49     1.00  0.44        0.39     0.51  0.30   0.43       0.32  0.31  0.20     0.14      0.45  0.21    0.14
MIB            0.06       0.05 -0.08 -0.03         0.16           0.36         0.19  0.01  -0.01    0.16  0.78     0.44  1.00        0.62     0.64  0.76   0.65       0.49  0.46  0.36     0.29      0.84  0.37    0.32
MSCITAIWAN     0.02       0.00 -0.17 -0.05         0.13           0.31         0.12  0.11  -0.02    0.22  0.75     0.39  0.62        1.00     0.57  0.47   0.63       0.47  0.36  0.27     0.19      0.58  0.29    0.32
RUSSELL        0.03      -0.02 -0.14  0.11        -0.05           0.25        -0.06  0.02  -0.14    0.17  0.67     0.51  0.64        0.57     1.00  0.57   0.57       0.41  0.37  0.25     0.43      0.65  0.35    0.35
SMI           -0.06      -0.06 -0.09  0.07         0.12           0.16         0.16 -0.03  -0.24    0.09  0.68     0.30  0.76        0.47     0.57  1.00   0.56       0.30  0.26  0.30     0.22      0.73  0.19    0.30
TOPIX         -0.07      -0.14 -0.44 -0.14        -0.07           0.31         0.14  0.01  -0.13    0.45  0.60     0.43  0.65        0.63     0.57  0.56   1.00       0.28  0.30  0.19     0.12      0.59  0.26    0.11
AUD_micro      0.67       0.61  0.41  0.06         0.56           0.34         0.22  0.15   0.24    0.03  0.43     0.32  0.49        0.47     0.41  0.30   0.28       1.00  0.57  0.72     0.31      0.75  0.56    0.59
BRE            0.37       0.31  0.12 -0.04         0.27           0.42         0.35  0.08   0.17    0.12  0.39     0.31  0.46        0.36     0.37  0.26   0.30       0.57  1.00  0.39     0.33      0.52  0.56    0.33
GBP            0.61       0.81  0.54  0.28         0.50           0.01         0.06  0.13  -0.00    0.05  0.23     0.20  0.36        0.27     0.25  0.30   0.19       0.72  0.39  1.00     0.23      0.68  0.53    0.49
LEANHOG        0.24       0.21  0.19 -0.06         0.11           0.17        -0.03  0.16   0.04   -0.02  0.20     0.14  0.29        0.19     0.43  0.22   0.12       0.31  0.33  0.23     1.00      0.33  0.32    0.33
MSCIEAFA       0.34       0.41  0.21  0.18         0.40           0.31         0.15  0.08  -0.01    0.11  0.73     0.45  0.84        0.58     0.65  0.73   0.59       0.75  0.52  0.68     0.33      1.00  0.53    0.50
MXP            0.49       0.53  0.12 -0.03         0.24           0.28         0.08 -0.04   0.11    0.36  0.25     0.21  0.37        0.29     0.35  0.19   0.26       0.56  0.56  0.53     0.32      0.53  1.00    0.54
SILVER         0.40       0.39  0.18 -0.11         0.09           0.33         0.18  0.27   0.15    0.15  0.34     0.14  0.32        0.32     0.35  0.30   0.11       0.59  0.33  0.49     0.33      0.50  0.54    1.00


********************************************************************************
                                 END OF REPORT                                  
********************************************************************************


