
********************************************************************************
           Risk report report produced on 2022-07-06 21:01:05.240435            
********************************************************************************


Total risk across all strategies, annualised percentage 8.0
Percentage of capital used for margin 21.1%

========================================
Risk per strategy, annualised percentage
========================================

                  risk
dynamic_TF_carry   7.9


==================================================================================================================================================================================================================================================================
                                                                                                                         Instrument risk                                                                                                                          
==================================================================================================================================================================================================================================================================

              daily_price_stdev  annual_price_stdev     price  daily_perc_stdev  annual_perc_stdev  point_size_base  contract_exposure  daily_risk_per_contract  annual_risk_per_contract  position  capital  exposure_held_perc_capital  annual_risk_perc_capital
EUR                       0.006               0.097      1.02              0.59                9.5         104934.0             107441                      639                     10224        -1   368728                       -29.1                      -2.8
NASDAQ_micro            247.541            3960.648  11813.75              2.10               33.5              1.7              19834                      415                      6649        -1   368728                        -5.4                      -1.8
KR10                      0.592               9.477    113.88              0.52                8.3            642.1              73123                      380                      6085        -1   368728                       -19.8                      -1.7
SILVER                    0.408               6.524     19.10              2.13               34.1            839.5              16038                      342                      5476        -1   368728                        -4.3                      -1.5
SP500_micro              61.088             977.401   3859.25              1.58               25.3              4.2              16198                      256                      4102        -1   368728                        -4.4                      -1.1
DJSTX-SMALL               5.093              81.494    296.20              1.72               27.5             42.8              12673                      217                      3486        -1   368728                        -3.4                      -0.9
DOW                     408.694            6539.112  30887.00              1.32               21.2              0.4              12964                      171                      2744        -1   368728                        -3.5                      -0.7
KOSDAQ                   25.927             414.834   1052.50              2.46               39.4              6.4               6758                      166                      2663        -1   368728                        -1.8                      -0.7
GOLD_micro               17.678             282.841   1735.40              1.02               16.3              8.4              14568                      148                      2374        -1   368728                        -4.0                      -0.6
RUSSELL                  33.690             539.040   1730.20              1.95               31.2              4.2               7262                      141                      2262        -1   368728                        -2.0                      -0.6
NIKKEI400               191.978            3071.641  16745.00              1.15               18.3              0.6              10363                      118                      1901         1   368728                         2.8                       0.5
BRE                       0.002               0.032      0.18              1.11               17.8          83947.2              15278                      170                      2723         1   368728                         4.1                       0.7
EU-OIL                    6.281             100.495    294.00              2.14               34.2             42.8              12579                      268                      4299         1   368728                         3.4                       1.2
IRON                      3.980              63.679    110.95              3.59               57.4             83.9               9313                      334                      5345         1   368728                         2.5                       1.4
CORN                     12.167             194.673    579.25              2.10               33.6             42.0              24313                      510                      8171         1   368728                         6.6                       2.2
CRUDE_W_mini              2.463              39.404     94.95              2.59               41.5            419.7              39853                     1033                     16539         1   368728                        10.8                       4.5

Sum of abs(notional exposure % capital) 107.9
Sum of abs(annualised risk % capital) 22.9
Net sum of annualised risk % capital -1.9 

==============================================================================================================================================================
                                                                         Correlations                                                                         
==============================================================================================================================================================

               BRE  DJSTX-SMALL   DOW   EUR  KOSDAQ  NASDAQ_micro  NIKKEI400  RUSSELL  SP500_micro  GOLD_micro  SILVER  CORN  CRUDE_W_mini  EU-OIL  IRON  KR10
BRE           1.00         0.34  0.37  0.36    0.29          0.36       0.27     0.38         0.39        0.31    0.33  0.22          0.23    0.32  0.26  0.14
DJSTX-SMALL   0.34         1.00  0.50  0.35    0.31          0.50       0.47     0.50         0.52        0.06    0.22  0.19          0.14    0.37  0.16  0.21
DOW           0.37         0.50  1.00  0.39    0.30          0.55       0.45     0.57         0.58        0.14    0.24  0.10          0.21    0.36  0.24  0.21
EUR           0.36         0.35  0.39  1.00    0.28          0.36       0.36     0.37         0.38        0.22    0.26  0.04         -0.00    0.19  0.10  0.13
KOSDAQ        0.29         0.31  0.30  0.28    1.00          0.36       0.34     0.35         0.34        0.21    0.28  0.16          0.21    0.22  0.22  0.17
NASDAQ_micro  0.36         0.50  0.55  0.36    0.36          1.00       0.46     0.55         0.58        0.10    0.21  0.10          0.19    0.30  0.17  0.21
NIKKEI400     0.27         0.47  0.45  0.36    0.34          0.46       1.00     0.46         0.45        0.02    0.12  0.06          0.09    0.29  0.12  0.15
RUSSELL       0.38         0.50  0.57  0.37    0.35          0.55       0.46     1.00         0.57        0.16    0.27  0.11          0.26    0.37  0.25  0.23
SP500_micro   0.39         0.52  0.58  0.38    0.34          0.58       0.45     0.57         1.00        0.12    0.23  0.09          0.21    0.36  0.22  0.22
GOLD_micro    0.31         0.06  0.14  0.22    0.21          0.10       0.02     0.16         0.12        1.00    0.52  0.21          0.26    0.13  0.22  0.06
SILVER        0.33         0.22  0.24  0.26    0.28          0.21       0.12     0.27         0.23        0.52    1.00  0.28          0.27    0.20  0.26  0.01
CORN          0.22         0.19  0.10  0.04    0.16          0.10       0.06     0.11         0.09        0.21    0.28  1.00          0.27    0.18  0.21 -0.03
CRUDE_W_mini  0.23         0.14  0.21 -0.00    0.21          0.19       0.09     0.26         0.21        0.26    0.27  0.27          1.00    0.40  0.33  0.18
EU-OIL        0.32         0.37  0.36  0.19    0.22          0.30       0.29     0.37         0.36        0.13    0.20  0.18          0.40    1.00  0.28  0.13
IRON          0.26         0.16  0.24  0.10    0.22          0.17       0.12     0.25         0.22        0.22    0.26  0.21          0.33    0.28  1.00  0.13
KR10          0.14         0.21  0.21  0.13    0.17          0.21       0.15     0.23         0.22        0.06    0.01 -0.03          0.18    0.13  0.13  1.00


********************************************************************************
                                 END OF REPORT                                  
********************************************************************************


