
********************************************************************************
                    Risk report produced on 23/08/2024 22:52                    
********************************************************************************


Total risk across all strategies, annualised percentage 6.9
Percentage of capital used for margin 66.0%

========================================
Risk per strategy, annualised percentage
========================================

                  risk
dynamic_TF_carry   6.9


===================
Risk by asset class
===================

Ags       2.5
Bond      1.7
Equity    2.7
FX        1.8
Metals    0.4
OilGas    3.4
Sector    0.7
Vol       2.9
dtype: float64


=====================================================
Beta loadings of asset class positions on asset class
=====================================================

Ags      -0.14
OilGas   -0.10
Vol      -0.04
Sector   -0.03
Metals   -0.01
Equity    0.06
FX        0.17
Bond      0.33
dtype: float64


========================================================
Beta loadings of full portfolio positions on asset class
========================================================

Ags      -0.20
OilGas   -0.12
Vol      -0.08
Metals    0.01
Sector    0.07
Equity    0.13
FX        0.24
Bond      0.31
dtype: float64


================================================================================================================================================================================================================================================================
                                                                                                                        Instrument risk                                                                                                                         
================================================================================================================================================================================================================================================================

            daily_price_stdev  annual_price_stdev     price  daily_perc_stdev  annual_perc_stdev  point_size_base  contract_exposure  daily_risk_per_contract  annual_risk_per_contract  position  capital  exposure_held_perc_capital  annual_risk_perc_capital
VIX                     0.730              11.674     17.75              4.11               65.8            762.8              13539                      556                      8904        -2   608488                        -4.5                      -2.9
BRENT-LAST              1.277              20.430     77.62              1.64               26.3            762.8              59206                      973                     15583        -1   608488                        -9.7                      -2.6
GAS-PEN                 0.092               1.480      2.17              4.26               68.2           7627.7              16552                      705                     11288        -1   608488                        -2.7                      -1.9
CORN                    5.378              86.040    391.25              1.37               22.0             38.1              14921                      205                      3281        -3   608488                        -7.4                      -1.6
COTTON2                 1.041              16.659     70.78              1.47               23.5            381.4              26994                      397                      6353        -1   608488                        -4.4                      -1.0
WHEAT                   9.131             146.104    530.25              1.72               27.6             38.1              20222                      348                      5572        -1   608488                        -3.3                      -0.9
CHINAA-CON             16.089             257.423   1873.00              0.86               13.7             19.1              35716                      306                      4908        -1   608488                        -5.9                      -0.8
EU-AUTO                 6.999             111.987    607.70              1.15               18.4             42.4              25785                      296                      4751        -1   608488                        -4.2                      -0.8
HANG_mini             226.202            3619.233  17526.00              1.29               20.7              1.0              17143                      221                      3540        -1   608488                        -2.8                      -0.6
KOSDAQ                 34.998             559.962   1305.70              2.68               42.9              5.7               7393                      198                      3170        -1   608488                        -1.2                      -0.5
BITCOIN              2047.848           32765.563  63680.00              3.22               51.5              0.1               4857                      156                      2499        -1   608488                        -0.8                      -0.4
EU-BANKS                1.881              30.099    140.55              1.34               21.4             42.4               5963                       79                      1277         1   608488                         1.0                       0.2
MUMMY                  18.364             293.823    635.00              2.89               46.3              5.2               3324                       96                      1538         1   608488                         0.5                       0.3
DOW                   329.894            5278.302  41218.00              0.80               12.8              0.4              15719                      125                      2013         3   608488                         7.8                       1.0
KR10                    0.386               6.175    117.07              0.33                5.3            566.3              66291                      218                      3496         3   608488                        32.7                       1.7
YENEUR                  1.057              16.907    161.05              0.66               10.5            654.5             105408                      691                     11066         1   608488                        17.3                       1.8
MSCIEAFA               23.222             371.555   2452.20              0.95               15.2             38.1              93522                      885                     14170         1   608488                        15.4                       2.3

Sum of abs(notional exposure % capital) 121.6
Sum of abs(annualised risk % capital) 21.3
Net sum of annualised risk % capital -6.7 

===========================================================================================================================================================
                                                                       Correlations                                                                        
===========================================================================================================================================================

            BITCOIN  CHINAA-CON   DOW  EU-AUTO  EU-BANKS  HANG_mini  KOSDAQ  MSCIEAFA  MUMMY  GAS-PEN  YENEUR  BRENT-LAST  CORN  COTTON2  WHEAT  KR10   VIX
BITCOIN        1.00        0.14  0.40     0.29      0.32       0.18    0.16      0.38   0.35    -0.06   -0.08        0.05  0.17     0.19   0.15  0.08 -0.28
CHINAA-CON     0.14        1.00  0.44     0.16      0.32       0.56    0.22      0.43   0.40     0.01    0.09        0.21  0.03     0.21  -0.04  0.03 -0.34
DOW            0.40        0.44  1.00     0.50      0.53       0.43    0.45      0.83   0.73     0.01    0.10        0.21  0.02     0.22   0.01  0.26 -0.70
EU-AUTO        0.29        0.16  0.50     1.00      0.67       0.28    0.44      0.56   0.52    -0.10    0.24        0.05  0.02     0.19   0.05 -0.01 -0.43
EU-BANKS       0.32        0.32  0.53     0.67      1.00       0.33    0.42      0.60   0.49     0.01    0.24        0.21  0.11     0.10   0.20 -0.09 -0.52
HANG_mini      0.18        0.56  0.43     0.28      0.33       1.00    0.30      0.46   0.31     0.05    0.13        0.15  0.15     0.15   0.19  0.27 -0.35
KOSDAQ         0.16        0.22  0.45     0.44      0.42       0.30    1.00      0.52   0.44    -0.09    0.29        0.11  0.01    -0.04   0.10  0.27 -0.48
MSCIEAFA       0.38        0.43  0.83     0.56      0.60       0.46    0.52      1.00   0.69     0.06    0.19        0.13 -0.02     0.15   0.05  0.29 -0.71
MUMMY          0.35        0.40  0.73     0.52      0.49       0.31    0.44      0.69   1.00    -0.02    0.27        0.25  0.03     0.25  -0.09  0.11 -0.58
GAS-PEN       -0.06        0.01  0.01    -0.10      0.01       0.05   -0.09      0.06  -0.02     1.00    0.20        0.13  0.17    -0.09   0.16  0.03 -0.13
YENEUR        -0.08        0.09  0.10     0.24      0.24       0.13    0.29      0.19   0.27     0.20    1.00        0.15 -0.02    -0.01   0.09 -0.14 -0.36
BRENT-LAST     0.05        0.21  0.21     0.05      0.21       0.15    0.11      0.13   0.25     0.13    0.15        1.00  0.10     0.18   0.04 -0.18 -0.16
CORN           0.17        0.03  0.02     0.02      0.11       0.15    0.01     -0.02   0.03     0.17   -0.02        0.10  1.00    -0.00   0.65  0.03  0.01
COTTON2        0.19        0.21  0.22     0.19      0.10       0.15   -0.04      0.15   0.25    -0.09   -0.01        0.18 -0.00     1.00   0.02 -0.04 -0.11
WHEAT          0.15       -0.04  0.01     0.05      0.20       0.19    0.10      0.05  -0.09     0.16    0.09        0.04  0.65     0.02   1.00  0.01 -0.08
KR10           0.08        0.03  0.26    -0.01     -0.09       0.27    0.27      0.29   0.11     0.03   -0.14       -0.18  0.03    -0.04   0.01  1.00 -0.07
VIX           -0.28       -0.34 -0.70    -0.43     -0.52      -0.35   -0.48     -0.71  -0.58    -0.13   -0.36       -0.16  0.01    -0.11  -0.08 -0.07  1.00


********************************************************************************
                                 END OF REPORT                                  
********************************************************************************


