
********************************************************************************
                    Risk report produced on 19/05/2025 22:52                    
********************************************************************************


Total risk across all strategies, annualised percentage 6.8
Percentage of capital used for margin 39.7%

========================================
Risk per strategy, annualised percentage
========================================

                  risk
dynamic_TF_carry   6.8


===================
Risk by asset class
===================

Ags       3.4
Bond      1.5
Equity    2.6
FX        2.3
OilGas    3.4
Vol       0.2
dtype: float64


=====================================================
Beta loadings of asset class positions on asset class
=====================================================

OilGas   -0.08
Vol      -0.00
Ags       0.06
Equity    0.16
FX        0.25
Bond      0.32
dtype: float64


========================================================
Beta loadings of full portfolio positions on asset class
========================================================

Vol      -0.07
OilGas   -0.07
Ags       0.00
Bond      0.07
Equity    0.22
FX        0.24
dtype: float64


===================================================================================================================================================================================================================================================================
                                                                                                                          Instrument risk                                                                                                                          
===================================================================================================================================================================================================================================================================

               daily_price_stdev  annual_price_stdev     price  daily_perc_stdev  annual_perc_stdev  point_size_base  contract_exposure  daily_risk_per_contract  annual_risk_per_contract  position  capital  exposure_held_perc_capital  annual_risk_perc_capital
GAS-PEN                    0.116               1.855      3.10              3.74               59.8           7519.4              23332                      871                     13951        -1   532424                        -4.4                      -2.6
DOW                      531.657            8506.515  42826.00              1.24               19.9              0.4              16101                      199                      3198        -2   532424                        -6.0                      -1.2
DX                         0.487               7.799    100.30              0.49                7.8            751.9              75416                      366                      5864        -1   532424                       -14.2                      -1.1
WHEAT                      7.401             118.419    564.50              1.31               21.0             37.6              21223                      278                      4452        -1   532424                        -4.0                      -0.8
SOYMEAL                    3.235              51.755    297.30              1.09               17.4             75.2              22355                      243                      3891        -1   532424                        -4.2                      -0.7
GAS_US_mini                0.119               1.905      3.45              3.45               55.2           1879.9               6485                      223                      3581        -1   532424                        -1.2                      -0.7
KRWUSD_mini                0.006               0.091      0.72              0.80               12.8          18798.6              13467                      107                      1718        -2   532424                        -5.1                      -0.6
CRUDE_W_micro              1.332              21.318     61.26              2.17               34.8             75.2               4606                      100                      1602        -2   532424                        -1.7                      -0.6
V2X                        0.640              10.245     19.45              3.29               52.7             84.1               1635                       53                       861        -1   532424                        -0.3                      -0.2
MXP                        0.000               0.006      0.05              0.70               11.2         375972.4              19313                      134                      2156         1   532424                         3.6                       0.4
KR10                       0.352               5.627    119.84              0.29                4.7            537.3              64385                      188                      3023         1   532424                        12.1                       0.6
CANOLA                     9.234             147.736    673.70              1.37               21.9             10.8               7253                       99                      1590         2   532424                         2.7                       0.6
TOPIX                     40.779             652.460   2739.25              1.49               23.8              5.2              14186                      211                      3379         1   532424                         2.7                       0.6
NIKKEI                   596.306            9540.893  37495.00              1.59               25.4              0.5              19419                      308                      4941         1   532424                         3.6                       0.9
MSCISING                   5.450              87.195    406.70              1.34               21.4             57.9              23545                      315                      5048         1   532424                         4.4                       0.9
MUMMY                     11.952             191.224    710.00              1.68               26.9              5.2               3677                       61                       990         6   532424                         4.1                       1.1
BTP                        0.449               7.187    120.15              0.37                6.0            841.0             101051                      377                      6044         1   532424                        19.0                       1.1
YENEUR                     0.921              14.734    162.63              0.57                9.1            647.4             105284                      596                      9538         1   532424                        19.8                       1.8
FEEDCOW                    2.704              43.268    296.35              0.91               14.6            376.0             111419                     1016                     16267         1   532424                        20.9                       3.1

Sum of abs(notional exposure % capital) 134.0
Sum of abs(annualised risk % capital) 19.6
Net sum of annualised risk % capital 2.6 

============================================================================================================================================================================
                                                                                Correlations                                                                                
============================================================================================================================================================================

                BTP  KR10  KRWUSD_mini   V2X  CRUDE_W_micro   DOW  FEEDCOW  MSCISING  MUMMY   MXP  NIKKEI  TOPIX  YENEUR  CANOLA  SOYMEAL  WHEAT    DX  GAS-PEN  GAS_US_mini
BTP            1.00  0.58         0.19 -0.17          -0.14  0.26    -0.08      0.15   0.12  0.14    0.08   0.05   -0.35    0.05    -0.02  -0.05 -0.03    -0.21        -0.22
KR10           0.58  1.00         0.22  0.18          -0.33 -0.04    -0.25     -0.14  -0.21 -0.09   -0.31  -0.31   -0.50   -0.08    -0.03  -0.20 -0.18    -0.24        -0.27
KRWUSD_mini    0.19  0.22         1.00  0.10          -0.34  0.06     0.01      0.03   0.09  0.13    0.02  -0.05   -0.10   -0.12     0.18   0.19 -0.52    -0.07        -0.09
V2X           -0.17  0.18         0.10  1.00          -0.33 -0.64    -0.36     -0.65  -0.71 -0.40   -0.83  -0.83   -0.42   -0.05     0.19   0.07 -0.17    -0.21        -0.21
CRUDE_W_micro -0.14 -0.33        -0.34 -0.33           1.00  0.25     0.35      0.45   0.45  0.22    0.42   0.43    0.13    0.07    -0.09  -0.01  0.27     0.16         0.20
DOW            0.26 -0.04         0.06 -0.64           0.25  1.00     0.40      0.74   0.62  0.21    0.72   0.71    0.10    0.05     0.03  -0.05  0.14     0.19         0.18
FEEDCOW       -0.08 -0.25         0.01 -0.36           0.35  0.40     1.00      0.48   0.47  0.34    0.53   0.52    0.33   -0.08    -0.02  -0.12 -0.00     0.11         0.17
MSCISING       0.15 -0.14         0.03 -0.65           0.45  0.74     0.48      1.00   0.76  0.35    0.75   0.80    0.14   -0.04     0.02  -0.01  0.06     0.27         0.30
MUMMY          0.12 -0.21         0.09 -0.71           0.45  0.62     0.47      0.76   1.00  0.35    0.87   0.88    0.28    0.05    -0.03   0.00 -0.04     0.14         0.18
MXP            0.14 -0.09         0.13 -0.40           0.22  0.21     0.34      0.35   0.35  1.00    0.44   0.41    0.38   -0.09     0.10   0.21 -0.18     0.07         0.09
NIKKEI         0.08 -0.31         0.02 -0.83           0.42  0.72     0.53      0.75   0.87  0.44    1.00   0.97    0.46    0.04    -0.07   0.01  0.11     0.17         0.19
TOPIX          0.05 -0.31        -0.05 -0.83           0.43  0.71     0.52      0.80   0.88  0.41    0.97   1.00    0.44    0.07    -0.08  -0.01  0.12     0.21         0.24
YENEUR        -0.35 -0.50        -0.10 -0.42           0.13  0.10     0.33      0.14   0.28  0.38    0.46   0.44    1.00    0.09    -0.09   0.07  0.02     0.08         0.14
CANOLA         0.05 -0.08        -0.12 -0.05           0.07  0.05    -0.08     -0.04   0.05 -0.09    0.04   0.07    0.09    1.00     0.11   0.17  0.05     0.05         0.05
SOYMEAL       -0.02 -0.03         0.18  0.19          -0.09  0.03    -0.02      0.02  -0.03  0.10   -0.07  -0.08   -0.09    0.11     1.00   0.29 -0.14     0.12         0.14
WHEAT         -0.05 -0.20         0.19  0.07          -0.01 -0.05    -0.12     -0.01   0.00  0.21    0.01  -0.01    0.07    0.17     0.29   1.00 -0.19     0.11         0.09
DX            -0.03 -0.18        -0.52 -0.17           0.27  0.14    -0.00      0.06  -0.04 -0.18    0.11   0.12    0.02    0.05    -0.14  -0.19  1.00     0.13         0.16
GAS-PEN       -0.21 -0.24        -0.07 -0.21           0.16  0.19     0.11      0.27   0.14  0.07    0.17   0.21    0.08    0.05     0.12   0.11  0.13     1.00         0.97
GAS_US_mini   -0.22 -0.27        -0.09 -0.21           0.20  0.18     0.17      0.30   0.18  0.09    0.19   0.24    0.14    0.05     0.14   0.09  0.16     0.97         1.00


********************************************************************************
                                 END OF REPORT                                  
********************************************************************************


