
********************************************************************************
                    Risk report produced on 12/12/2024 22:52                    
********************************************************************************


Total risk across all strategies, annualised percentage 9.9
Percentage of capital used for margin 76.2%

========================================
Risk per strategy, annualised percentage
========================================

                  risk
dynamic_TF_carry   9.9


===================
Risk by asset class
===================

Ags       2.5
Bond      2.1
Equity    6.6
FX        0.5
Metals    2.9
OilGas    5.0
Other     0.7
dtype: float64


=====================================================
Beta loadings of asset class positions on asset class
=====================================================

OilGas   -0.16
FX       -0.09
Metals   -0.02
Other     0.03
Ags       0.12
Bond      0.41
Equity    0.46
dtype: float64


========================================================
Beta loadings of full portfolio positions on asset class
========================================================

OilGas   -0.16
Other     0.02
Metals    0.07
Ags       0.10
FX        0.28
Bond      0.38
Equity    0.50
dtype: float64


====================================================================================================================================================================================================================================================================
                                                                                                                          Instrument risk                                                                                                                           
====================================================================================================================================================================================================================================================================

               daily_price_stdev  annual_price_stdev      price  daily_perc_stdev  annual_perc_stdev  point_size_base  contract_exposure  daily_risk_per_contract  annual_risk_per_contract  position  capital  exposure_held_perc_capital  annual_risk_perc_capital
BRENT-LAST                 1.277              20.434      70.72              1.81               28.9            782.9              55369                      999                     15998        -1   587226                        -9.4                      -2.7
GAS-PEN                    0.115               1.833       2.95              3.88               62.1           7829.4              23127                      897                     14353        -1   587226                        -3.9                      -2.4
ALUMINIUM                 40.942             655.078    2573.50              1.59               25.5             19.6              50372                      801                     12822        -1   587226                        -8.6                      -2.2
FTSECHINAH               287.531            4600.498   14370.00              2.00               32.0              1.6              22501                      450                      7203        -1   587226                        -3.8                      -1.2
GAS_US_mini                0.112               1.789       2.93              3.82               61.0           1957.3               5735                      218                      3501        -2   587226                        -2.0                      -1.2
KOSDAQ                    22.455             359.287    1137.30              1.97               31.6              5.5               6240                      123                      1971        -3   587226                        -3.2                      -1.0
CANOLA                    10.721             171.537     617.00              1.74               27.8             11.1               6831                      118                      1899        -2   587226                        -2.3                      -0.6
CRUDE_W_micro              1.294              20.699      66.74              1.94               31.0             78.3               5225                      101                      1620        -2   587226                        -1.8                      -0.6
CAD                        0.003               0.040       0.71              0.36                5.7          78293.8              55318                      197                      3162        -1   587226                        -9.4                      -0.5
IRON                       1.876              30.021     105.15              1.78               28.6             78.3               8232                      146                      2350        -1   587226                        -1.4                      -0.4
MILLWHEAT                  2.537              40.587     228.00              1.11               17.8             41.2               9384                      104                      1670        -1   587226                        -1.6                      -0.3
MUMMY                      9.088             145.408     646.00              1.41               22.5              5.1               3316                       46                       746         1   587226                         0.6                       0.1
DOW                      303.587            4857.385   44709.00              0.68               10.9              0.4              17502                      118                      1901         1   587226                         3.0                       0.3
KR10                       0.387               6.196     119.09              0.33                5.2            548.7              65350                      212                      3400         1   587226                        11.1                       0.6
NIKKEI                   425.512            6808.184   39895.00              1.07               17.1              0.5              20484                      218                      3495         1   587226                         3.5                       0.6
RUBBER                     3.308              52.933     203.90              1.62               26.0             39.1               7982                      129                      2072         2   587226                         2.7                       0.7
CAD10                      0.519               8.309     124.78              0.42                6.7            553.6              69079                      287                      4600         1   587226                        11.8                       0.8
NASDAQ_micro             186.966            2991.453   21647.25              0.86               13.8              1.6              33896                      292                      4684         1   587226                         5.8                       0.8
LEANHOG                    1.124              17.981      87.48              1.28               20.6            313.2              27395                      351                      5631         1   587226                         4.7                       1.0
BTP                        0.441               7.052     122.89              0.36                5.7            823.2             101167                      362                      5805         1   587226                        17.2                       1.0
MSCISING                   2.866              45.856     379.65              0.75               12.1             58.3              22125                      167                      2672         3   587226                        11.3                       1.4
FANG                     144.446            2311.138   13163.80              1.10               17.6              3.9              51532                      565                      9047         1   587226                         8.8                       1.5
BITCOIN                 2442.745           39083.927  102640.00              2.38               38.1              0.1               8036                      191                      3060         3   587226                         4.1                       1.6
FTSETAIWAN                18.588             297.411    1925.50              0.97               15.4             31.3              60301                      582                      9314         1   587226                        10.3                       1.6
FEEDCOW                    1.880              30.083     254.92              0.74               11.8            391.5              99795                      736                     11776         1   587226                        17.0                       2.0
MIB                      286.062            4576.999   34750.00              0.82               13.2              4.1             143037                     1177                     18839         1   587226                        24.4                       3.2

Sum of abs(notional exposure % capital) 183.7
Sum of abs(annualised risk % capital) 30.3
Net sum of annualised risk % capital 4.1 

=======================================================================================================================================================================================================================================================
                                                                                                                     Correlations                                                                                                                      
=======================================================================================================================================================================================================================================================

                BTP  CAD10  KR10  BITCOIN  LEANHOG   DOW  FANG  FTSETAIWAN  KOSDAQ   MIB  MSCISING  MUMMY  NASDAQ_micro  NIKKEI  CANOLA  GAS-PEN  GAS_US_mini  MILLWHEAT  ALUMINIUM  BRENT-LAST   CAD  CRUDE_W_micro  FEEDCOW  FTSECHINAH  IRON  RUBBER
BTP            1.00   0.63  0.63     0.26     0.08  0.33  0.12        0.15    0.09  0.23      0.17   0.16          0.20    0.03   -0.23    -0.08        -0.09       0.01       0.09       -0.23  0.26          -0.26    -0.04        0.11  0.06   -0.09
CAD10          0.63   1.00  0.65     0.13    -0.02  0.15 -0.00       -0.06   -0.01 -0.05     -0.05  -0.04          0.05   -0.25   -0.28    -0.02        -0.05      -0.16      -0.11       -0.35  0.18          -0.34    -0.25        0.03 -0.06   -0.06
KR10           0.63   0.65  1.00     0.14    -0.00  0.27  0.09        0.10    0.13 -0.02      0.07   0.09          0.12   -0.09   -0.35    -0.07        -0.08      -0.06      -0.08       -0.26  0.20          -0.24    -0.13        0.07  0.01   -0.02
BITCOIN        0.26   0.13  0.14     1.00     0.25  0.32  0.18        0.18    0.05  0.28      0.30   0.31          0.18    0.16    0.06    -0.03         0.00       0.01      -0.05       -0.11 -0.04          -0.13     0.06        0.01 -0.05   -0.17
LEANHOG        0.08  -0.02 -0.00     0.25     1.00  0.12 -0.21       -0.05   -0.03  0.27     -0.00   0.16         -0.14    0.07    0.28    -0.07        -0.08       0.09       0.06        0.02  0.00           0.00     0.22        0.19  0.17    0.13
DOW            0.33   0.15  0.27     0.32     0.12  1.00  0.41        0.41    0.44  0.43      0.42   0.65          0.60    0.46   -0.15    -0.08        -0.13      -0.09      -0.04        0.22  0.25           0.22     0.35        0.26 -0.01   -0.06
FANG           0.12  -0.00  0.09     0.18    -0.21  0.41  1.00        0.62    0.37  0.33      0.47   0.46          0.91    0.59    0.03     0.02         0.00      -0.11       0.06        0.09  0.08           0.08     0.13        0.09  0.02   -0.08
FTSETAIWAN     0.15  -0.06  0.10     0.18    -0.05  0.41  0.62        1.00    0.48  0.42      0.48   0.49          0.61    0.59    0.11    -0.04        -0.05      -0.05       0.20        0.37  0.22           0.38     0.26        0.26  0.05    0.09
KOSDAQ         0.09  -0.01  0.13     0.05    -0.03  0.44  0.37        0.48    1.00  0.43      0.24   0.41          0.45    0.49    0.03    -0.09        -0.12       0.05      -0.00        0.22  0.18           0.22     0.16        0.27 -0.06    0.06
MIB            0.23  -0.05 -0.02     0.28     0.27  0.43  0.33        0.42    0.43  1.00      0.38   0.49          0.39    0.58    0.25    -0.10        -0.11       0.12       0.10        0.12  0.26           0.09     0.25        0.19 -0.07   -0.03
MSCISING       0.17  -0.05  0.07     0.30    -0.00  0.42  0.47        0.48    0.24  0.38      1.00   0.51          0.53    0.40    0.12     0.12         0.12       0.04       0.16        0.12  0.20           0.11     0.21        0.20 -0.08   -0.09
MUMMY          0.16  -0.04  0.09     0.31     0.16  0.65  0.46        0.49    0.41  0.49      0.51   1.00          0.55    0.76   -0.03    -0.07        -0.09      -0.09       0.01        0.26  0.21           0.25     0.31        0.22  0.04    0.03
NASDAQ_micro   0.20   0.05  0.12     0.18    -0.14  0.60  0.91        0.61    0.45  0.39      0.53   0.55          1.00    0.61    0.02     0.10         0.05      -0.09       0.04        0.10  0.15           0.09     0.21        0.17 -0.02   -0.08
NIKKEI         0.03  -0.25 -0.09     0.16     0.07  0.46  0.59        0.59    0.49  0.58      0.40   0.76          0.61    1.00    0.05    -0.07        -0.08      -0.06       0.09        0.28  0.10           0.27     0.25        0.16  0.15    0.02
CANOLA        -0.23  -0.28 -0.35     0.06     0.28 -0.15  0.03        0.11    0.03  0.25      0.12  -0.03          0.02    0.05    1.00     0.16         0.12       0.34       0.04        0.16  0.01           0.16    -0.01        0.25  0.10    0.16
GAS-PEN       -0.08  -0.02 -0.07    -0.03    -0.07 -0.08  0.02       -0.04   -0.09 -0.10      0.12  -0.07          0.10   -0.07    0.16     1.00         0.96       0.19      -0.05        0.05  0.11           0.06     0.08        0.29 -0.07    0.21
GAS_US_mini   -0.09  -0.05 -0.08     0.00    -0.08 -0.13  0.00       -0.05   -0.12 -0.11      0.12  -0.09          0.05   -0.08    0.12     0.96         1.00       0.19      -0.02        0.03  0.07           0.04     0.08        0.24 -0.09    0.15
MILLWHEAT      0.01  -0.16 -0.06     0.01     0.09 -0.09 -0.11       -0.05    0.05  0.12      0.04  -0.09         -0.09   -0.06    0.34     0.19         0.19       1.00       0.22        0.07  0.08           0.06     0.04        0.36  0.20    0.14
ALUMINIUM      0.09  -0.11 -0.08    -0.05     0.06 -0.04  0.06        0.20   -0.00  0.10      0.16   0.01          0.04    0.09    0.04    -0.05        -0.02       0.22       1.00        0.24  0.30           0.20     0.09        0.35  0.37    0.50
BRENT-LAST    -0.23  -0.35 -0.26    -0.11     0.02  0.22  0.09        0.37    0.22  0.12      0.12   0.26          0.10    0.28    0.16     0.05         0.03       0.07       0.24        1.00  0.17           0.99     0.49        0.25  0.07    0.31
CAD            0.26   0.18  0.20    -0.04     0.00  0.25  0.08        0.22    0.18  0.26      0.20   0.21          0.15    0.10    0.01     0.11         0.07       0.08       0.30        0.17  1.00           0.16     0.02        0.40  0.13    0.22
CRUDE_W_micro -0.26  -0.34 -0.24    -0.13     0.00  0.22  0.08        0.38    0.22  0.09      0.11   0.25          0.09    0.27    0.16     0.06         0.04       0.06       0.20        0.99  0.16           1.00     0.49        0.25  0.05    0.30
FEEDCOW       -0.04  -0.25 -0.13     0.06     0.22  0.35  0.13        0.26    0.16  0.25      0.21   0.31          0.21    0.25   -0.01     0.08         0.08       0.04       0.09        0.49  0.02           0.49     1.00        0.18  0.13    0.11
FTSECHINAH     0.11   0.03  0.07     0.01     0.19  0.26  0.09        0.26    0.27  0.19      0.20   0.22          0.17    0.16    0.25     0.29         0.24       0.36       0.35        0.25  0.40           0.25     0.18        1.00  0.35    0.49
IRON           0.06  -0.06  0.01    -0.05     0.17 -0.01  0.02        0.05   -0.06 -0.07     -0.08   0.04         -0.02    0.15    0.10    -0.07        -0.09       0.20       0.37        0.07  0.13           0.05     0.13        0.35  1.00    0.36
RUBBER        -0.09  -0.06 -0.02    -0.17     0.13 -0.06 -0.08        0.09    0.06 -0.03     -0.09   0.03         -0.08    0.02    0.16     0.21         0.15       0.14       0.50        0.31  0.22           0.30     0.11        0.49  0.36    1.00


********************************************************************************
                                 END OF REPORT                                  
********************************************************************************


