
********************************************************************************
                    Risk report produced on 16/01/2025 22:53                    
********************************************************************************


Total risk across all strategies, annualised percentage 14.2
Percentage of capital used for margin 66.4%

========================================
Risk per strategy, annualised percentage
========================================

                  risk
dynamic_TF_carry  14.2


===================
Risk by asset class
===================

Ags       2.1
Bond      5.8
Equity    1.8
FX        7.1
Metals    2.1
OilGas    0.5
Vol       1.6
dtype: float64


=====================================================
Beta loadings of asset class positions on asset class
=====================================================

FX       -0.94
Bond     -0.51
Metals   -0.12
Vol      -0.03
OilGas    0.02
Ags       0.07
Equity    0.14
dtype: float64


========================================================
Beta loadings of full portfolio positions on asset class
========================================================

FX       -1.49
Bond     -0.95
Metals   -0.18
Vol      -0.07
OilGas    0.07
Ags       0.17
Equity    0.28
dtype: float64


===================================================================================================================================================================================================================================================================
                                                                                                                          Instrument risk                                                                                                                          
===================================================================================================================================================================================================================================================================

               daily_price_stdev  annual_price_stdev     price  daily_perc_stdev  annual_perc_stdev  point_size_base  contract_exposure  daily_risk_per_contract  annual_risk_per_contract  position  capital  exposure_held_perc_capital  annual_risk_perc_capital
CHF                        0.005               0.074      1.10              0.42                6.7         102336.1             113045                      474                      7596        -3   575769                       -58.9                      -4.0
BUXL                       1.096              17.529    126.72              0.86               13.8            842.3             106735                      922                     14764        -1   575769                       -18.5                      -2.6
US30                       1.055              16.877    117.84              0.90               14.3            818.7              96477                      863                     13817        -1   575769                       -16.8                      -2.4
JPY                        0.000               0.001      0.01              0.60                9.7       10233612.9              66339                      400                      6412        -2   575769                       -23.0                      -2.2
ALUMINIUM                 29.344             469.501   2640.00              1.11               17.8             20.5              54033                      600                      9609        -1   575769                        -9.4                      -1.7
VIX                        0.703              11.252     17.80              3.95               63.2            818.7              14572                      575                      9211        -1   575769                        -2.5                      -1.6
US10U                      0.545               8.724    110.98              0.49                7.9            818.7              90861                      446                      7142        -1   575769                       -15.8                      -1.2
SUGAR11                    0.270               4.322     17.21              1.57               25.1            916.9              15780                      247                      3962        -1   575769                        -2.7                      -0.7
RUSSELL                   27.668             442.689   2280.80              1.21               19.4              4.1               9336                      113                      1812        -2   575769                        -3.2                      -0.6
COPPER-micro               0.048               0.771      4.44              1.09               17.4           2046.7               9078                       98                      1577        -2   575769                        -3.2                      -0.5
CAD                        0.002               0.036      0.70              0.32                5.2          81868.9              56997                      184                      2957        -1   575769                        -9.9                      -0.5
BRE                        0.001               0.023      0.16              0.87               13.9          81868.9              13487                      117                      1875        -1   575769                        -2.3                      -0.3
CANOLA                     9.934             158.946    616.90              1.61               25.8             11.4               7034                      113                      1812        -1   575769                        -1.2                      -0.3
TOPIX                     24.722             395.558   2693.25              0.92               14.7              5.2              14122                      129                      2074         1   575769                         2.5                       0.4
CRUDE_W_micro              1.111              17.775     76.45              1.45               23.3             81.9               6258                       90                      1455         2   575769                         2.2                       0.5
MSCISING                   3.067              49.078    376.80              0.81               13.0             59.8              22541                      183                      2936         1   575769                         3.9                       0.5
NIKKEI                   388.794            6220.706  38540.00              1.01               16.1              0.5              20208                      203                      3261         1   575769                         3.5                       0.6
DAX                      148.675            2378.795  20746.00              0.72               11.5              0.8              17474                      125                      2003         3   575769                         9.1                       1.0
YENEUR                     0.999              15.982    159.28              0.63               10.0            655.4             104398                      654                     10475         1   575769                        18.1                       1.8
FEEDCOW                    1.917              30.669    267.55              0.72               11.5            409.3             109520                      784                     12554         1   575769                        19.0                       2.2

Sum of abs(notional exposure % capital) 225.7
Sum of abs(annualised risk % capital) 25.6
Net sum of annualised risk % capital -11.6 

================================================================================================================================================================================
                                                                                  Correlations                                                                                  
================================================================================================================================================================================

               BUXL   CHF   JPY  US10U  US30   VIX  CANOLA  CRUDE_W_micro  FEEDCOW  NIKKEI  TOPIX  YENEUR   DAX  MSCISING  RUSSELL  SUGAR11  ALUMINIUM   BRE   CAD  COPPER-micro
BUXL           1.00  0.33  0.55   0.74  0.76  0.10   -0.25          -0.29    -0.24   -0.11  -0.16   -0.53  0.09      0.02     0.17    -0.01      -0.04  0.11  0.11         -0.14
CHF            0.33  1.00  0.66   0.60  0.59  0.25   -0.04          -0.20    -0.36   -0.37  -0.45   -0.34 -0.07     -0.25    -0.10     0.08       0.17  0.13  0.47          0.22
JPY            0.55  0.66  1.00   0.67  0.64  0.26   -0.16          -0.19    -0.35   -0.46  -0.50   -0.83 -0.02     -0.21    -0.01    -0.01       0.14  0.02  0.31          0.06
US10U          0.74  0.60  0.67   1.00  0.96  0.03   -0.28          -0.25    -0.28   -0.20  -0.26   -0.48  0.13     -0.02     0.17     0.11       0.04  0.31  0.35          0.06
US30           0.76  0.59  0.64   0.96  1.00  0.02   -0.32          -0.26    -0.30   -0.16  -0.23   -0.46  0.14     -0.01     0.22     0.05       0.04  0.32  0.34          0.06
VIX            0.10  0.25  0.26   0.03  0.02  1.00   -0.23          -0.05    -0.22   -0.38  -0.45   -0.28 -0.43     -0.53    -0.54    -0.28       0.13 -0.34 -0.21         -0.12
CANOLA        -0.25 -0.04 -0.16  -0.28 -0.32 -0.23    1.00           0.07     0.03    0.10   0.12    0.19  0.13      0.05     0.10     0.09       0.05  0.00  0.14          0.15
CRUDE_W_micro -0.29 -0.20 -0.19  -0.25 -0.26 -0.05    0.07           1.00     0.48    0.13   0.09    0.25  0.08     -0.03     0.06     0.26       0.23  0.19  0.29          0.37
FEEDCOW       -0.24 -0.36 -0.35  -0.28 -0.30 -0.22    0.03           0.48     1.00    0.27   0.32    0.25  0.29      0.23     0.27     0.28      -0.02  0.07  0.00          0.11
NIKKEI        -0.11 -0.37 -0.46  -0.20 -0.16 -0.38    0.10           0.13     0.27    1.00   0.95    0.52  0.59      0.55     0.42     0.39       0.06  0.13  0.08          0.12
TOPIX         -0.16 -0.45 -0.50  -0.26 -0.23 -0.45    0.12           0.09     0.32    0.95   1.00    0.53  0.58      0.59     0.40     0.35       0.01  0.06  0.05          0.08
YENEUR        -0.53 -0.34 -0.83  -0.48 -0.46 -0.28    0.19           0.25     0.25    0.52   0.53    1.00  0.16      0.26     0.04     0.16       0.06  0.20  0.03          0.23
DAX            0.09 -0.07 -0.02   0.13  0.14 -0.43    0.13           0.08     0.29    0.59   0.58    0.16  1.00      0.54     0.58     0.37       0.13  0.19  0.19          0.31
MSCISING       0.02 -0.25 -0.21  -0.02 -0.01 -0.53    0.05          -0.03     0.23    0.55   0.59    0.26  0.54      1.00     0.53     0.26       0.08  0.26  0.13          0.15
RUSSELL        0.17 -0.10 -0.01   0.17  0.22 -0.54    0.10           0.06     0.27    0.42   0.40    0.04  0.58      0.53     1.00     0.26      -0.10  0.35  0.18          0.11
SUGAR11       -0.01  0.08 -0.01   0.11  0.05 -0.28    0.09           0.26     0.28    0.39   0.35    0.16  0.37      0.26     0.26     1.00       0.13  0.21  0.34          0.21
ALUMINIUM     -0.04  0.17  0.14   0.04  0.04  0.13    0.05           0.23    -0.02    0.06   0.01    0.06  0.13      0.08    -0.10     0.13       1.00  0.21  0.36          0.62
BRE            0.11  0.13  0.02   0.31  0.32 -0.34    0.00           0.19     0.07    0.13   0.06    0.20  0.19      0.26     0.35     0.21       0.21  1.00  0.48          0.34
CAD            0.11  0.47  0.31   0.35  0.34 -0.21    0.14           0.29     0.00    0.08   0.05    0.03  0.19      0.13     0.18     0.34       0.36  0.48  1.00          0.46
COPPER-micro  -0.14  0.22  0.06   0.06  0.06 -0.12    0.15           0.37     0.11    0.12   0.08    0.23  0.31      0.15     0.11     0.21       0.62  0.34  0.46          1.00


********************************************************************************
                                 END OF REPORT                                  
********************************************************************************


