
********************************************************************************
                    Risk report produced on 17/03/2026 22:53                    
********************************************************************************


Total risk across all strategies, annualised percentage 7.5
Percentage of capital used for margin 30.0%

========================================
Risk per strategy, annualised percentage
========================================

                  risk
dynamic_TF_carry   7.5


===================
Risk by asset class
===================

Ags       1.1
Bond      1.9
Equity    2.3
FX        2.5
Metals    1.9
OilGas    3.7
Sector    0.5
Vol       0.1
dtype: float64


=====================================================
Beta loadings of asset class positions on asset class
=====================================================

Bond     -0.37
Metals   -0.03
FX       -0.02
Vol      -0.00
Sector    0.03
Ags       0.04
OilGas    0.07
Equity    0.08
dtype: float64


========================================================
Beta loadings of full portfolio positions on asset class
========================================================

Bond     -0.78
Vol      -0.06
FX       -0.03
Metals    0.01
OilGas    0.09
Ags       0.14
Equity    0.20
Sector    0.21
dtype: float64


=================================================================================================================================================================================================================================================================
                                                                                                                         Instrument risk                                                                                                                         
=================================================================================================================================================================================================================================================================

             daily_price_stdev  annual_price_stdev     price  daily_perc_stdev  annual_perc_stdev  point_size_base  contract_exposure  daily_risk_per_contract  annual_risk_per_contract  position  capital  exposure_held_perc_capital  annual_risk_perc_capital
JPY                      0.000               0.001      0.01              0.54                8.6        9404471.3              59591                      322                      5153        -3   680356                       -26.3                      -2.3
BITCOIN               2671.741           42747.854  74595.00              3.58               57.3              0.1               5612                      201                      3216        -4   680356                        -3.3                      -1.9
KR10                     0.438               7.011    111.08              0.39                6.3            504.1              55993                      220                      3534        -3   680356                       -24.7                      -1.6
SP500_micro             54.072             865.149   6721.75              0.80               12.9              3.8              25285                      203                      3254        -2   680356                        -7.4                      -1.0
HANG_mini              355.499            5687.987  26090.00              1.36               21.8              1.0              25052                      341                      5461        -1   680356                        -3.7                      -0.8
GAS_US_mini              0.159               2.543      3.01              5.28               84.5           1880.9               5661                      298                      4783        -1   680356                        -0.8                      -0.7
EUR_micro                0.005               0.085      1.16              0.46                7.3           9404.5              10897                       49                       795        -6   680356                        -9.6                      -0.7
US10                     0.334               5.352    112.03              0.30                4.8            752.4              84287                      251                      4026        -1   680356                       -12.4                      -0.6
V2X                      0.575               9.202     24.05              2.39               38.3             86.4               2077                       49                       794        -1   680356                        -0.3                      -0.1
DOW                    394.243            6307.882  47363.00              0.83               13.3              0.4              17816                      148                      2372         0   680356                         0.0                       0.0
MUMMY                   12.987             207.788    728.00              1.78               28.5              4.7               3437                       61                       981         1   680356                         0.5                       0.1
AUD_micro                0.004               0.072      0.71              0.63               10.1           7523.6               5338                       33                       541         4   680356                         3.1                       0.3
EU-OIL                   5.064              81.025    526.20              0.96               15.4             43.2              22729                      218                      3499         1   680356                         3.3                       0.5
ZAR                      0.001               0.010      0.06              1.02               16.3         376178.9              22420                      227                      3644         1   680356                         3.3                       0.5
BRE                      0.002               0.025      0.19              0.80               12.8          75235.8              14426                      115                      1850         2   680356                         4.2                       0.5
NZD                      0.004               0.065      0.59              0.69               11.1          75235.8              44212                      306                      4903         1   680356                         6.5                       0.7
MXP                      0.000               0.007      0.06              0.75               11.9         376178.9              21114                      157                      2521         2   680356                         6.2                       0.7
FTSECHINAA             133.861            2141.774  15044.00              0.89               14.2              0.8              11318                      100                      1611         4   680356                         6.7                       0.9
SOYOIL                   1.072              17.144     65.64              1.63               26.1            451.4              29630                      483                      7739         1   680356                         4.4                       1.1
KOSPI_mini              22.718             363.481    849.74              2.67               42.8             25.2              21416                      572                      9161         1   680356                         3.1                       1.3
EUROSTX                 67.714            1083.430   5706.00              1.19               19.0              8.6              49294                      584                      9359         1   680356                         7.2                       1.4
GASOILINE                0.050               0.807      2.84              1.77               28.4          31599.0              89873                     1593                     25501         1   680356                        13.2                       3.7

Sum of abs(notional exposure % capital) 150.2
Sum of abs(annualised risk % capital) 21.4
Net sum of annualised risk % capital 2.0 

========================================================================================================================================================================================================
                                                                                              Correlations                                                                                              
========================================================================================================================================================================================================

             EU-OIL  MUMMY  BITCOIN  GASOILINE  GAS_US_mini  SOYOIL  AUD_micro   BRE   DOW  EUROSTX  FTSECHINAA  HANG_mini  KOSPI_mini   MXP   NZD  SP500_micro   ZAR  EUR_micro   JPY  KR10  US10   V2X
EU-OIL         1.00   0.39     0.07       0.62         0.12    0.23       0.14  0.19  0.07     0.38        0.21       0.17        0.31  0.12 -0.02         0.18  0.12      -0.30 -0.29 -0.16 -0.10 -0.32
MUMMY          0.39   1.00     0.08       0.23        -0.24    0.02       0.23  0.15  0.27     0.38        0.16       0.26        0.34  0.10  0.12         0.31  0.18      -0.06 -0.19  0.07 -0.09 -0.36
BITCOIN        0.07   0.08     1.00       0.10         0.19    0.01       0.02  0.02  0.10     0.13        0.15       0.32       -0.02 -0.05  0.03         0.22 -0.02      -0.03  0.09 -0.04 -0.17 -0.16
GASOILINE      0.62   0.23     0.10       1.00         0.23    0.47      -0.04  0.02 -0.16    -0.16        0.14      -0.09       -0.17 -0.19 -0.23        -0.02 -0.28      -0.41 -0.32 -0.28 -0.37  0.14
GAS_US_mini    0.12  -0.24     0.19       0.23         1.00    0.04       0.13  0.04 -0.22    -0.16        0.05       0.23       -0.14 -0.15  0.14        -0.00 -0.06       0.02  0.10 -0.15 -0.19  0.09
SOYOIL         0.23   0.02     0.01       0.47         0.04    1.00       0.10  0.11 -0.06    -0.14        0.06       0.03       -0.13  0.00  0.06         0.00 -0.05      -0.03 -0.05 -0.18 -0.16  0.17
AUD_micro      0.14   0.23     0.02      -0.04         0.13    0.10       1.00  0.48  0.46     0.35        0.25       0.48        0.37  0.48  0.89         0.49  0.60       0.62  0.39 -0.05 -0.13 -0.39
BRE            0.19   0.15     0.02       0.02         0.04    0.11       0.48  1.00  0.39     0.49        0.33       0.42        0.43  0.50  0.44         0.42  0.54       0.39  0.20 -0.04  0.08 -0.38
DOW            0.07   0.27     0.10      -0.16        -0.22   -0.06       0.46  0.39  1.00     0.63        0.39       0.31        0.34  0.32  0.35         0.90  0.52       0.17 -0.03  0.03 -0.11 -0.64
EUROSTX        0.38   0.38     0.13      -0.16        -0.16   -0.14       0.35  0.49  0.63     1.00        0.35       0.48        0.70  0.43  0.26         0.62  0.66       0.17 -0.04  0.11  0.05 -0.74
FTSECHINAA     0.21   0.16     0.15       0.14         0.05    0.06       0.25  0.33  0.39     0.35        1.00       0.47        0.14  0.22  0.12         0.40  0.25       0.06 -0.03  0.02 -0.21 -0.27
HANG_mini      0.17   0.26     0.32      -0.09         0.23    0.03       0.48  0.42  0.31     0.48        0.47       1.00        0.36  0.33  0.50         0.41  0.52       0.43  0.24 -0.01 -0.05 -0.38
KOSPI_mini     0.31   0.34    -0.02      -0.17        -0.14   -0.13       0.37  0.43  0.34     0.70        0.14       0.36        1.00  0.38  0.27         0.33  0.58       0.22  0.05  0.22  0.21 -0.44
MXP            0.12   0.10    -0.05      -0.19        -0.15    0.00       0.48  0.50  0.32     0.43        0.22       0.33        0.38  1.00  0.46         0.30  0.59       0.51  0.18 -0.01  0.03 -0.39
NZD           -0.02   0.12     0.03      -0.23         0.14    0.06       0.89  0.44  0.35     0.26        0.12       0.50        0.27  0.46  1.00         0.37  0.58       0.75  0.51  0.03  0.05 -0.34
SP500_micro    0.18   0.31     0.22      -0.02        -0.00    0.00       0.49  0.42  0.90     0.62        0.40       0.41        0.33  0.30  0.37         1.00  0.50       0.11 -0.06  0.08 -0.14 -0.68
ZAR            0.12   0.18    -0.02      -0.28        -0.06   -0.05       0.60  0.54  0.52     0.66        0.25       0.52        0.58  0.59  0.58         0.50  1.00       0.55  0.28  0.05  0.16 -0.57
EUR_micro     -0.30  -0.06    -0.03      -0.41         0.02   -0.03       0.62  0.39  0.17     0.17        0.06       0.43        0.22  0.51  0.75         0.11  0.55       1.00  0.58  0.04  0.09 -0.13
JPY           -0.29  -0.19     0.09      -0.32         0.10   -0.05       0.39  0.20 -0.03    -0.04       -0.03       0.24        0.05  0.18  0.51        -0.06  0.28       0.58  1.00  0.24  0.33  0.07
KR10          -0.16   0.07    -0.04      -0.28        -0.15   -0.18      -0.05 -0.04  0.03     0.11        0.02      -0.01        0.22 -0.01  0.03         0.08  0.05       0.04  0.24  1.00  0.52 -0.08
US10          -0.10  -0.09    -0.17      -0.37        -0.19   -0.16      -0.13  0.08 -0.11     0.05       -0.21      -0.05        0.21  0.03  0.05        -0.14  0.16       0.09  0.33  0.52  1.00 -0.10
V2X           -0.32  -0.36    -0.16       0.14         0.09    0.17      -0.39 -0.38 -0.64    -0.74       -0.27      -0.38       -0.44 -0.39 -0.34        -0.68 -0.57      -0.13  0.07 -0.08 -0.10  1.00


********************************************************************************
                                 END OF REPORT                                  
********************************************************************************


