
********************************************************************************
                    Risk report produced on 16/03/2026 22:54                    
********************************************************************************


Total risk across all strategies, annualised percentage 4.1
Percentage of capital used for margin 32.0%

========================================
Risk per strategy, annualised percentage
========================================

                  risk
dynamic_TF_carry   4.1


===================
Risk by asset class
===================

Ags       1.1
Bond      1.9
Equity    0.9
FX        2.5
Metals    1.2
OilGas    0.7
Vol       0.1
dtype: float64


=====================================================
Beta loadings of asset class positions on asset class
=====================================================

Bond     -0.37
Metals   -0.03
Vol      -0.00
OilGas   -0.00
Equity    0.01
Ags       0.04
FX        0.05
dtype: float64


========================================================
Beta loadings of full portfolio positions on asset class
========================================================

Bond     -0.64
Vol      -0.02
FX        0.01
Metals    0.02
OilGas    0.02
Ags       0.08
Equity    0.11
dtype: float64


===================================================================================================================================================================================================================================================================
                                                                                                                          Instrument risk                                                                                                                          
===================================================================================================================================================================================================================================================================

               daily_price_stdev  annual_price_stdev     price  daily_perc_stdev  annual_perc_stdev  point_size_base  contract_exposure  daily_risk_per_contract  annual_risk_per_contract  position  capital  exposure_held_perc_capital  annual_risk_perc_capital
JPY                        0.000               0.001      0.01              0.55                8.8        9390094.6              59467                      327                      5232        -3   678537                       -26.3                      -2.3
KR10                       0.443               7.087    111.03              0.40                6.4            502.7              55819                      222                      3562        -3   678537                       -24.7                      -1.6
BITCOIN                 2717.319           43477.110  74025.00              3.67               58.7              0.1               5560                      204                      3266        -2   678537                        -1.6                      -1.0
HANG_mini                357.199            5715.177  25770.00              1.39               22.2              1.0              24727                      342                      5483        -1   678537                        -3.6                      -0.8
GAS_US_mini                0.163               2.606      3.01              5.41               86.6           1878.0               5652                      305                      4894        -1   678537                        -0.8                      -0.7
US10                       0.339               5.419    111.88              0.30                4.8            751.2              84041                      254                      4070        -1   678537                       -12.4                      -0.6
EUR_micro                  0.005               0.085      1.16              0.46                7.3           9390.1              10851                       49                       794        -5   678537                        -8.0                      -0.6
COPPER-micro               0.105               1.687      5.84              1.81               28.9           1878.0              10968                      198                      3168        -1   678537                        -1.6                      -0.5
DOW                      399.660            6394.554  47255.00              0.85               13.5              0.4              17749                      150                      2401        -1   678537                        -2.6                      -0.4
V2X                        0.583               9.328     24.30              2.40               38.4             86.2               2095                       50                       804        -1   678537                        -0.3                      -0.1
MUMMY                     12.554             200.865    744.00              1.69               27.0              4.7               3505                       59                       946         1   678537                         0.5                       0.1
AUD_micro                  0.005               0.073      0.71              0.65               10.3           7512.1               5307                       34                       548         3   678537                         2.3                       0.2
CRUDE_W_micro              2.325              37.201     88.55              2.63               42.0             75.1               6651                      174                      2794         1   678537                         1.0                       0.4
ZAR                        0.001               0.010      0.06              1.03               16.5         375603.8              22376                      231                      3701         1   678537                         3.3                       0.5
BRE                        0.002               0.025      0.19              0.82               13.1          75120.8              14302                      116                      1866         2   678537                         4.2                       0.6
MXP                        0.000               0.007      0.06              0.77               12.3         375603.8              21063                      161                      2581         2   678537                         6.2                       0.8
FTSECHINAA               132.740            2123.847  14897.00              0.89               14.3              0.8              11190                       99                      1595         4   678537                         6.6                       0.9
SOYOIL                     1.036              16.574     63.62              1.63               26.1            450.7              28675                      466                      7470         1   678537                         4.2                       1.1
NZD                        0.004               0.067      0.59              0.71               11.3          75120.8              44171                      313                      5012         2   678537                        13.0                       1.5

Sum of abs(notional exposure % capital) 123.2
Sum of abs(annualised risk % capital) 14.7
Net sum of annualised risk % capital -2.5 

==================================================================================================================================================================================
                                                                                   Correlations                                                                                   
==================================================================================================================================================================================

               CRUDE_W_micro  GAS_US_mini  SOYOIL   V2X  AUD_micro   BRE  COPPER-micro  EUR_micro  HANG_mini   JPY   MXP   NZD   ZAR  KR10  US10  BITCOIN   DOW  FTSECHINAA  MUMMY
CRUDE_W_micro           1.00         0.42    0.40  0.31       0.07  0.08          0.07      -0.33      -0.01 -0.20 -0.14 -0.10 -0.16 -0.15 -0.38     0.14 -0.24        0.13   0.26
GAS_US_mini             0.42         1.00    0.11  0.23       0.18  0.35          0.12      -0.00       0.16  0.07 -0.01  0.10  0.04 -0.21 -0.13     0.20 -0.16        0.09  -0.15
SOYOIL                  0.40         0.11    1.00  0.20       0.04  0.17          0.09      -0.19      -0.07 -0.17  0.01 -0.01 -0.12 -0.19 -0.14     0.08 -0.08        0.05   0.13
V2X                     0.31         0.23    0.20  1.00      -0.28 -0.21         -0.24      -0.10      -0.20  0.03 -0.31 -0.31 -0.43 -0.10 -0.22    -0.20 -0.72       -0.20  -0.21
AUD_micro               0.07         0.18    0.04 -0.28       1.00  0.61          0.56       0.68       0.53  0.56  0.62  0.91  0.71  0.04  0.20     0.29  0.38        0.30   0.16
BRE                     0.08         0.35    0.17 -0.21       0.61  1.00          0.33       0.44       0.39  0.29  0.58  0.49  0.58 -0.08  0.26     0.17  0.29        0.20   0.07
COPPER-micro            0.07         0.12    0.09 -0.24       0.56  0.33          1.00       0.43       0.48  0.27  0.45  0.47  0.57 -0.05  0.05     0.32  0.32        0.37   0.20
EUR_micro              -0.33        -0.00   -0.19 -0.10       0.68  0.44          0.43       1.00       0.46  0.72  0.59  0.74  0.59  0.15  0.29     0.13  0.15        0.08  -0.13
HANG_mini              -0.01         0.16   -0.07 -0.20       0.53  0.39          0.48       0.46       1.00  0.35  0.40  0.45  0.62 -0.09  0.05     0.30  0.32        0.54   0.19
JPY                    -0.20         0.07   -0.17  0.03       0.56  0.29          0.27       0.72       0.35  1.00  0.33  0.61  0.41  0.27  0.43     0.17  0.06        0.06  -0.16
MXP                    -0.14        -0.01    0.01 -0.31       0.62  0.58          0.45       0.59       0.40  0.33  1.00  0.56  0.69  0.05  0.24     0.13  0.29        0.24   0.10
NZD                    -0.10         0.10   -0.01 -0.31       0.91  0.49          0.47       0.74       0.45  0.61  0.56  1.00  0.63  0.16  0.28     0.27  0.35        0.18   0.06
ZAR                    -0.16         0.04   -0.12 -0.43       0.71  0.58          0.57       0.59       0.62  0.41  0.69  0.63  1.00  0.03  0.23     0.29  0.44        0.27   0.17
KR10                   -0.15        -0.21   -0.19 -0.10       0.04 -0.08         -0.05       0.15      -0.09  0.27  0.05  0.16  0.03  1.00  0.40     0.14  0.01        0.00   0.08
US10                   -0.38        -0.13   -0.14 -0.22       0.20  0.26          0.05       0.29       0.05  0.43  0.24  0.28  0.23  0.40  1.00    -0.16  0.14        0.06   0.01
BITCOIN                 0.14         0.20    0.08 -0.20       0.29  0.17          0.32       0.13       0.30  0.17  0.13  0.27  0.29  0.14 -0.16     1.00  0.36        0.14   0.22
DOW                    -0.24        -0.16   -0.08 -0.72       0.38  0.29          0.32       0.15       0.32  0.06  0.29  0.35  0.44  0.01  0.14     0.36  1.00        0.23   0.26
FTSECHINAA              0.13         0.09    0.05 -0.20       0.30  0.20          0.37       0.08       0.54  0.06  0.24  0.18  0.27  0.00  0.06     0.14  0.23        1.00   0.18
MUMMY                   0.26        -0.15    0.13 -0.21       0.16  0.07          0.20      -0.13       0.19 -0.16  0.10  0.06  0.17  0.08  0.01     0.22  0.26        0.18   1.00


********************************************************************************
                                 END OF REPORT                                  
********************************************************************************


