
********************************************************************************
                    Risk report produced on 22/08/2023 22:52                    
********************************************************************************


Total risk across all strategies, annualised percentage 12.4
Percentage of capital used for margin 57.0%

========================================
Risk per strategy, annualised percentage
========================================

                  risk
dynamic_TF_carry  12.4


===================
Risk by asset class
===================

Ags       3.3
Bond      6.3
Equity    1.8
FX        5.1
OilGas    1.1
Sector    3.8
Vol       2.0
dtype: float64


=====================================================
Beta loadings of asset class positions on asset class
=====================================================

Bond     -1.24
FX       -0.50
Vol      -0.04
OilGas   -0.01
Equity    0.01
Ags       0.23
Sector    0.24
dtype: float64


========================================================
Beta loadings of full portfolio positions on asset class
========================================================

Bond     -1.69
FX       -0.71
Vol      -0.12
OilGas    0.01
Equity    0.12
Sector    0.19
Ags       0.36
dtype: float64


==================================================================================================================================================================================================================================================================
                                                                                                                         Instrument risk                                                                                                                          
==================================================================================================================================================================================================================================================================

              daily_price_stdev  annual_price_stdev     price  daily_perc_stdev  annual_perc_stdev  point_size_base  contract_exposure  daily_risk_per_contract  annual_risk_per_contract  position  capital  exposure_held_perc_capital  annual_risk_perc_capital
US3                       0.197               3.145    103.30              0.19                3.0           1566.0             161767                      307                      4924        -2   357402                       -90.5                      -2.8
BUND                      0.706              11.303    131.06              0.54                8.6            854.0             111925                      603                      9652        -1   357402                       -31.3                      -2.7
CHF                       0.005               0.080      1.14              0.44                7.0          97878.0             111742                      491                      7861        -1   357402                       -31.3                      -2.2
DAX                     137.728            2203.652  15739.00              0.88               14.0              0.9              13441                      117                      1881        -4   357402                       -15.0                      -2.1
VIX                       0.572               9.147     17.90              3.19               51.1            783.0              14016                      447                      7162        -1   357402                        -3.9                      -2.0
JPY                       0.000               0.001      0.01              0.61                9.7        9787800.5              67266                      406                      6511        -1   357402                       -18.8                      -1.8
BOBL                      0.330               5.277    115.20              0.29                4.6            854.0              98381                      281                      4506        -1   357402                       -27.5                      -1.3
GAS_US_mini               0.129               2.059      2.64              4.87               77.8           1957.6               5177                      251                      4030        -1   357402                        -1.4                      -1.1
FTSECHINAA              161.016            2576.259  12355.00              1.30               20.9              0.8               9674                      126                      2017         1   357402                         2.7                       0.6
MXP                       0.000               0.006      0.06              0.62               10.0         391512.0              22903                      142                      2280         1   357402                         6.4                       0.6
SOYBEAN_mini             19.925             318.804   1362.00              1.46               23.4              7.8              10664                      156                      2496         1   357402                         3.0                       0.7
KOSDAQ                   31.763             508.204   1453.20              2.19               35.0              5.9               8503                      185                      2973         1   357402                         2.4                       0.8
EU-AUTO                   7.157             114.507    611.80              1.17               18.7             42.7              26124                      305                      4889         1   357402                         7.3                       1.4
NIKKEI                  317.684            5082.940  31785.00              1.00               16.0              0.5              17036                      170                      2724         2   357402                         9.5                       1.5
CNH                       0.022               0.351      7.29              0.30                4.8          10738.7              78290                      235                      3767         2   357402                        43.8                       2.1
EU-OIL                    3.927              62.836    341.20              1.15               18.4             42.7              14569                      167                      2683         4   357402                        16.3                       3.0
LIVECOW                   1.120              17.913    180.22              0.62                9.9            313.2              56448                      350                      5610         2   357402                        31.6                       3.1

Sum of abs(notional exposure % capital) 342.7
Sum of abs(annualised risk % capital) 29.8
Net sum of annualised risk % capital -2.2 

===================================================================================================================================================
                                                                   Correlations                                                                    
===================================================================================================================================================

               CNH   VIX  BOBL  BUND   CHF   JPY   US3  GAS_US_mini  KOSDAQ  LIVECOW  SOYBEAN_mini   DAX  EU-AUTO  EU-OIL  FTSECHINAA   MXP  NIKKEI
CNH           1.00  0.21 -0.37 -0.38 -0.52 -0.53 -0.50         0.04   -0.15     0.05         -0.15 -0.33    -0.24   -0.09       -0.52 -0.10   -0.11
VIX           0.21  1.00 -0.02 -0.10 -0.15 -0.14 -0.02        -0.16   -0.20    -0.45         -0.17 -0.51    -0.53   -0.35       -0.25 -0.58   -0.44
BOBL         -0.37 -0.02  1.00  0.97  0.33  0.47  0.77        -0.15   -0.05    -0.05         -0.08  0.20     0.10   -0.16        0.03 -0.05   -0.07
BUND         -0.38 -0.10  0.97  1.00  0.35  0.46  0.73        -0.11   -0.03    -0.01         -0.04  0.31     0.20   -0.12        0.03  0.02    0.04
CHF          -0.52 -0.15  0.33  0.35  1.00  0.67  0.59        -0.14    0.21     0.03          0.22  0.40     0.25    0.13        0.29  0.30    0.13
JPY          -0.53 -0.14  0.47  0.46  0.67  1.00  0.66        -0.33    0.06    -0.03          0.15  0.31     0.21    0.06        0.16  0.24   -0.20
US3          -0.50 -0.02  0.77  0.73  0.59  0.66  1.00        -0.16    0.03    -0.12         -0.08  0.24     0.09   -0.07        0.18  0.06   -0.09
GAS_US_mini   0.04 -0.16 -0.15 -0.11 -0.14 -0.33 -0.16         1.00    0.10     0.08          0.05  0.07     0.07    0.21       -0.05 -0.00    0.31
KOSDAQ       -0.15 -0.20 -0.05 -0.03  0.21  0.06  0.03         0.10    1.00     0.42          0.09  0.29     0.24    0.30       -0.06  0.08    0.27
LIVECOW       0.05 -0.45 -0.05 -0.01  0.03 -0.03 -0.12         0.08    0.42     1.00          0.08  0.28     0.29    0.18       -0.15  0.18    0.16
SOYBEAN_mini -0.15 -0.17 -0.08 -0.04  0.22  0.15 -0.08         0.05    0.09     0.08          1.00  0.08     0.04    0.18        0.00  0.30    0.11
DAX          -0.33 -0.51  0.20  0.31  0.40  0.31  0.24         0.07    0.29     0.28          0.08  1.00     0.85    0.52        0.22  0.59    0.63
EU-AUTO      -0.24 -0.53  0.10  0.20  0.25  0.21  0.09         0.07    0.24     0.29          0.04  0.85     1.00    0.45        0.21  0.54    0.56
EU-OIL       -0.09 -0.35 -0.16 -0.12  0.13  0.06 -0.07         0.21    0.30     0.18          0.18  0.52     0.45    1.00        0.19  0.54    0.43
FTSECHINAA   -0.52 -0.25  0.03  0.03  0.29  0.16  0.18        -0.05   -0.06    -0.15          0.00  0.22     0.21    0.19        1.00  0.15    0.26
MXP          -0.10 -0.58 -0.05  0.02  0.30  0.24  0.06        -0.00    0.08     0.18          0.30  0.59     0.54    0.54        0.15  1.00    0.45
NIKKEI       -0.11 -0.44 -0.07  0.04  0.13 -0.20 -0.09         0.31    0.27     0.16          0.11  0.63     0.56    0.43        0.26  0.45    1.00


********************************************************************************
                                 END OF REPORT                                  
********************************************************************************


