
********************************************************************************
                    Risk report produced on 10/04/2024 22:53                    
********************************************************************************


Total risk across all strategies, annualised percentage 16.6
Percentage of capital used for margin 75.9%

========================================
Risk per strategy, annualised percentage
========================================

                  risk
dynamic_TF_carry  16.6


===================
Risk by asset class
===================

Ags       3.8
Bond      7.9
Equity    7.5
FX        4.9
Metals    2.8
OilGas    4.9
Sector    1.0
Vol       1.5
dtype: float64


=====================================================
Beta loadings of asset class positions on asset class
=====================================================

Bond     -1.29
FX       -0.11
Metals   -0.07
Sector   -0.05
Vol      -0.04
OilGas    0.06
Ags       0.07
Equity    0.61
dtype: float64


========================================================
Beta loadings of full portfolio positions on asset class
========================================================

Bond     -1.80
Vol      -0.19
FX       -0.17
Metals   -0.12
OilGas    0.15
Sector    0.24
Ags       0.26
Equity    0.77
dtype: float64


===================================================================================================================================================================================================================================================================
                                                                                                                          Instrument risk                                                                                                                          
===================================================================================================================================================================================================================================================================

               daily_price_stdev  annual_price_stdev     price  daily_perc_stdev  annual_perc_stdev  point_size_base  contract_exposure  daily_risk_per_contract  annual_risk_per_contract  position  capital  exposure_held_perc_capital  annual_risk_perc_capital
BUND                       0.585               9.353    131.98              0.44                7.1            856.1             112993                      500                      8007        -3   667607                       -50.8                      -3.6
BUXL                       1.348              21.561    132.88              1.01               16.2            856.1             113763                     1153                     18459        -1   667607                       -17.0                      -2.8
CHF                        0.005               0.083      1.10              0.47                7.5          98616.2             108827                      509                      8152        -2   667607                       -32.6                      -2.4
GOLD_micro                17.781             284.503   2346.20              0.76               12.1              7.9              18509                      140                      2244        -7   667607                       -19.4                      -2.4
GAS-PEN                    0.107               1.716      2.06              5.19               83.1           7889.3              16283                      845                     13534        -1   667607                        -2.4                      -2.0
GAS_US_mini                0.092               1.472      2.07              4.44               71.1           1972.3               4082                      181                      2903        -4   667607                        -2.4                      -1.7
CHINAA-CON                17.886             286.173   1918.60              0.93               14.9             19.7              37841                      352                      5644        -2   667607                       -11.3                      -1.7
JPY                        0.000               0.001      0.01              0.51                8.1        9861621.7              65160                      329                      5279        -2   667607                       -19.5                      -1.6
VIX                        0.386               6.173     16.85              2.29               36.6            788.9              13293                      304                      4869        -2   667607                        -4.0                      -1.5
HANG_mini                251.858            4029.735  17194.00              1.46               23.4              1.0              17318                      253                      4058        -2   667607                        -5.2                      -1.2
CORN                       5.500              87.999    470.25              1.17               18.7             39.4              18549                      216                      3471        -2   667607                        -5.6                      -1.0
EU-TECH                    9.459             151.349    857.10              1.10               17.7             42.8              36689                      404                      6478        -1   667607                        -5.5                      -1.0
US3                        0.242               3.871    103.05              0.23                3.8           1577.9             162599                      381                      6107        -1   667607                       -24.4                      -0.9
BITCOIN                 2167.211           34675.370  69670.00              3.11               49.8              0.1               5496                      170                      2735        -2   667607                        -1.6                      -0.8
BOBL                       0.302               4.831    117.46              0.26                4.1            856.1             100562                      258                      4135        -1   667607                       -15.1                      -0.6
US2                        0.153               2.446    101.54              0.15                2.4           1577.9             160208                      241                      3859        -1   667607                       -24.0                      -0.6
MILLWHEAT                  2.954              47.263    217.50              1.36               21.7             42.8               9310                      126                      2023        -1   667607                        -1.4                      -0.3
TOPIX                     22.564             361.018   2746.50              0.82               13.1              5.2              14272                      117                      1876         1   667607                         2.1                       0.3
CRUDE_W_micro              1.103              17.654     84.71              1.30               20.8             78.9               6683                       87                      1392         3   667607                         3.0                       0.6
IRON                       2.783              44.529    106.85              2.60               41.7             78.9               8429                      219                      3513         2   667607                         2.5                       1.1
LIVECOW                    1.488              23.809    172.92              0.86               13.8            315.6              54570                      469                      7513         1   667607                         8.2                       1.1
MXP                        0.000               0.005      0.06              0.48                7.7         394464.9              23738                      113                      1816         5   667607                        17.8                       1.4
SMI                       73.969            1183.508  11400.00              0.65               10.4              8.7              99492                      645                     10328         1   667607                        14.9                       1.5
SPI200                    50.275             804.394   7900.00              0.64               10.2             13.1             103172                      656                     10505         1   667607                        15.5                       1.6
NIKKEI                   393.241            6291.855  39645.00              0.99               15.9              0.5              20602                      204                      3269         4   667607                        12.3                       2.0
MIB                      222.667            3562.666  33510.00              0.66               10.6              4.3             143446                      953                     15250         1   667607                        21.5                       2.3
YENEUR                     0.739              11.820    163.03              0.45                7.2            649.6             105901                      479                      7677         2   667607                        31.7                       2.3
AEX                        5.695              91.126    886.60              0.64               10.3            171.2             151810                      975                     15603         1   667607                        22.7                       2.3
GASOILINE                  0.036               0.575      2.76              1.30               20.8          33135.0              91436                     1191                     19061         1   667607                        13.7                       2.9
COCOA                    176.890            2830.244   9932.00              1.78               28.5              7.9              78356                     1395                     22328         1   667607                        11.7                       3.3

Sum of abs(notional exposure % capital) 419.8
Sum of abs(annualised risk % capital) 48.8
Net sum of annualised risk % capital -3.4 

================================================================================================================================================================================================================================================================
                                                                                                                          Correlations                                                                                                                          
================================================================================================================================================================================================================================================================

                AEX  EU-TECH  LIVECOW   MIB  NIKKEI   SMI  SPI200  TOPIX  CHINAA-CON  COCOA  CRUDE_W_micro  GASOILINE  HANG_mini   MXP  BITCOIN  CORN  GAS-PEN  GAS_US_mini  IRON  MILLWHEAT  YENEUR  BOBL  BUND  BUXL   CHF  GOLD_micro   JPY   US2   US3   VIX
AEX            1.00     0.86     0.22  0.67    0.41  0.62    0.75   0.41        0.36   0.18           0.06       0.22       0.42  0.34     0.09  0.02    -0.05        -0.03  0.35      -0.08   -0.00  0.25  0.31  0.31  0.18        0.05  0.19  0.11  0.20 -0.55
EU-TECH        0.86     1.00     0.22  0.54    0.35  0.51    0.65   0.29        0.32   0.07          -0.08       0.11       0.32  0.24     0.07  0.03    -0.11        -0.08  0.36      -0.20   -0.05  0.28  0.33  0.31  0.23        0.09  0.29  0.21  0.29 -0.49
LIVECOW        0.22     0.22     1.00  0.26    0.27  0.22    0.30   0.27        0.02   0.03           0.21       0.21       0.17  0.16    -0.20 -0.12     0.03         0.03 -0.01      -0.21    0.12 -0.05  0.01  0.00  0.04       -0.04 -0.01  0.00  0.04 -0.23
MIB            0.67     0.54     0.26  1.00    0.48  0.71    0.69   0.54        0.32   0.27           0.15       0.15       0.40  0.57    -0.09  0.01    -0.08        -0.09  0.10      -0.00    0.00  0.06  0.19  0.25  0.19        0.05  0.17 -0.10  0.01 -0.54
NIKKEI         0.41     0.35     0.27  0.48    1.00  0.41    0.55   0.92        0.14   0.18           0.14       0.15       0.15  0.24    -0.07 -0.07     0.21         0.20  0.18      -0.07    0.34 -0.07  0.03  0.10 -0.04       -0.08 -0.29  0.05  0.09 -0.54
SMI            0.62     0.51     0.22  0.71    0.41  1.00    0.70   0.47        0.27   0.01           0.09       0.10       0.43  0.44     0.09  0.06     0.04         0.06  0.12      -0.05    0.01  0.27  0.34  0.36  0.15        0.04  0.18  0.09  0.18 -0.47
SPI200         0.75     0.65     0.30  0.69    0.55  0.70    1.00   0.56        0.26   0.09           0.17       0.16       0.36  0.40    -0.02  0.09     0.06         0.05  0.32      -0.05   -0.01  0.34  0.40  0.39  0.29        0.14  0.21  0.26  0.37 -0.56
TOPIX          0.41     0.29     0.27  0.54    0.92  0.47    0.56   1.00        0.09   0.15           0.17       0.11       0.11  0.31    -0.06 -0.04     0.28         0.27  0.24       0.03    0.29 -0.03  0.06  0.12 -0.06       -0.07 -0.26  0.02  0.06 -0.54
CHINAA-CON     0.36     0.32     0.02  0.32    0.14  0.27    0.26   0.09        1.00   0.24           0.15       0.33       0.65  0.20     0.12 -0.03    -0.05        -0.01  0.14      -0.15    0.07 -0.20 -0.19 -0.19  0.04        0.09  0.07 -0.11 -0.08 -0.25
COCOA          0.18     0.07     0.03  0.27    0.18  0.01    0.09   0.15        0.24   1.00           0.15       0.27       0.11  0.06    -0.02 -0.01    -0.11        -0.15 -0.21       0.24    0.08 -0.10 -0.07 -0.07 -0.18        0.07 -0.13 -0.14 -0.14 -0.24
CRUDE_W_micro  0.06    -0.08     0.21  0.15    0.14  0.09    0.17   0.17        0.15   0.15           1.00       0.78       0.05  0.29    -0.09  0.06     0.11         0.05 -0.04       0.01    0.10 -0.29 -0.24 -0.20  0.00        0.19 -0.07 -0.18 -0.15 -0.05
GASOILINE      0.22     0.11     0.21  0.15    0.15  0.10    0.16   0.11        0.33   0.27           0.78       1.00       0.20  0.28     0.02  0.04     0.04         0.01  0.06       0.03    0.09 -0.31 -0.27 -0.25  0.02        0.12 -0.04 -0.17 -0.17 -0.23
HANG_mini      0.42     0.32     0.17  0.40    0.15  0.43    0.36   0.11        0.65   0.11           0.05       0.20       1.00  0.32     0.05  0.02     0.05         0.09  0.22      -0.09   -0.02 -0.01  0.03  0.03  0.27        0.14  0.25 -0.00  0.06 -0.31
MXP            0.34     0.24     0.16  0.57    0.24  0.44    0.40   0.31        0.20   0.06           0.29       0.28       0.32  1.00     0.03  0.10     0.08         0.08  0.14       0.11    0.04 -0.01  0.08  0.10  0.26        0.25  0.22 -0.01  0.07 -0.33
BITCOIN        0.09     0.07    -0.20 -0.09   -0.07  0.09   -0.02  -0.06        0.12  -0.02          -0.09       0.02       0.05  0.03     1.00  0.12    -0.06        -0.02  0.03      -0.06   -0.08  0.11  0.08  0.08 -0.11        0.14  0.10  0.06  0.02 -0.08
CORN           0.02     0.03    -0.12  0.01   -0.07  0.06    0.09  -0.04       -0.03  -0.01           0.06       0.04       0.02  0.10     0.12  1.00     0.09         0.06  0.06       0.48   -0.00  0.04  0.04  0.02  0.06        0.13  0.07  0.02  0.03  0.04
GAS-PEN       -0.05    -0.11     0.03 -0.08    0.21  0.04    0.06   0.28       -0.05  -0.11           0.11       0.04       0.05  0.08    -0.06  0.09     1.00         0.91  0.01       0.06    0.15 -0.02 -0.02 -0.04  0.00        0.06 -0.16  0.15  0.15 -0.14
GAS_US_mini   -0.03    -0.08     0.03 -0.09    0.20  0.06    0.05   0.27       -0.01  -0.15           0.05       0.01       0.09  0.08    -0.02  0.06     0.91         1.00  0.03       0.02    0.18 -0.03 -0.03 -0.04  0.03        0.02 -0.17  0.12  0.12 -0.15
IRON           0.35     0.36    -0.01  0.10    0.18  0.12    0.32   0.24        0.14  -0.21          -0.04       0.06       0.22  0.14     0.03  0.06     0.01         0.03  1.00       0.07   -0.09  0.15  0.12  0.10  0.15        0.02  0.11  0.12  0.13 -0.20
MILLWHEAT     -0.08    -0.20    -0.21 -0.00   -0.07 -0.05   -0.05   0.03       -0.15   0.24           0.01       0.03      -0.09  0.11    -0.06  0.48     0.06         0.02  0.07       1.00   -0.01  0.02 -0.01 -0.02 -0.07        0.10 -0.09 -0.06 -0.09 -0.04
YENEUR        -0.00    -0.05     0.12  0.00    0.34  0.01   -0.01   0.29        0.07   0.08           0.10       0.09      -0.02  0.04    -0.08 -0.00     0.15         0.18 -0.09      -0.01    1.00 -0.41 -0.32 -0.24 -0.13       -0.24 -0.74 -0.33 -0.31 -0.17
BOBL           0.25     0.28    -0.05  0.06   -0.07  0.27    0.34  -0.03       -0.20  -0.10          -0.29      -0.31      -0.01 -0.01     0.11  0.04    -0.02        -0.03  0.15       0.02   -0.41  1.00  0.96  0.84  0.27        0.35  0.47  0.72  0.76  0.01
BUND           0.31     0.33     0.01  0.19    0.03  0.34    0.40   0.06       -0.19  -0.07          -0.24      -0.27       0.03  0.08     0.08  0.04    -0.02        -0.03  0.12      -0.01   -0.32  0.96  1.00  0.94  0.27        0.37  0.41  0.65  0.71 -0.05
BUXL           0.31     0.31     0.00  0.25    0.10  0.36    0.39   0.12       -0.19  -0.07          -0.20      -0.25       0.03  0.10     0.08  0.02    -0.04        -0.04  0.10      -0.02   -0.24  0.84  0.94  1.00  0.20        0.31  0.33  0.48  0.56 -0.09
CHF            0.18     0.23     0.04  0.19   -0.04  0.15    0.29  -0.06        0.04  -0.18           0.00       0.02       0.27  0.26    -0.11  0.06     0.00         0.03  0.15      -0.07   -0.13  0.27  0.27  0.20  1.00        0.43  0.57  0.44  0.47  0.02
GOLD_micro     0.05     0.09    -0.04  0.05   -0.08  0.04    0.14  -0.07        0.09   0.07           0.19       0.12       0.14  0.25     0.14  0.13     0.06         0.02  0.02       0.10   -0.24  0.35  0.37  0.31  0.43        1.00  0.48  0.48  0.48  0.19
JPY            0.19     0.29    -0.01  0.17   -0.29  0.18    0.21  -0.26        0.07  -0.13          -0.07      -0.04       0.25  0.22     0.10  0.07    -0.16        -0.17  0.11      -0.09   -0.74  0.47  0.41  0.33  0.57        0.48  1.00  0.53  0.55  0.03
US2            0.11     0.21     0.00 -0.10    0.05  0.09    0.26   0.02       -0.11  -0.14          -0.18      -0.17      -0.00 -0.01     0.06  0.02     0.15         0.12  0.12      -0.06   -0.33  0.72  0.65  0.48  0.44        0.48  0.53  1.00  0.98  0.03
US3            0.20     0.29     0.04  0.01    0.09  0.18    0.37   0.06       -0.08  -0.14          -0.15      -0.17       0.06  0.07     0.02  0.03     0.15         0.12  0.13      -0.09   -0.31  0.76  0.71  0.56  0.47        0.48  0.55  0.98  1.00 -0.04
VIX           -0.55    -0.49    -0.23 -0.54   -0.54 -0.47   -0.56  -0.54       -0.25  -0.24          -0.05      -0.23      -0.31 -0.33    -0.08  0.04    -0.14        -0.15 -0.20      -0.04   -0.17  0.01 -0.05 -0.09  0.02        0.19  0.03  0.03 -0.04  1.00


********************************************************************************
                                 END OF REPORT                                  
********************************************************************************


