
********************************************************************************
                    Risk report produced on 20/08/2025 22:53                    
********************************************************************************


Total risk across all strategies, annualised percentage 16.2
Percentage of capital used for margin 44.3%

========================================
Risk per strategy, annualised percentage
========================================

                  risk
dynamic_TF_carry  16.1


===================
Risk by asset class
===================

Ags        4.4
Bond       1.3
Equity    13.3
FX         3.4
Metals     1.8
OilGas     4.3
Sector     1.1
dtype: float64


=====================================================
Beta loadings of asset class positions on asset class
=====================================================

OilGas   -0.11
Sector   -0.06
Metals   -0.04
Ags       0.18
Bond      0.30
FX        0.38
Equity    0.77
dtype: float64


========================================================
Beta loadings of full portfolio positions on asset class
========================================================

OilGas   -0.12
Bond      0.12
Metals    0.18
Ags       0.30
Sector    0.40
FX        0.76
Equity    0.86
dtype: float64


====================================================================================================================================================================================================================================================================
                                                                                                                          Instrument risk                                                                                                                           
====================================================================================================================================================================================================================================================================

               daily_price_stdev  annual_price_stdev      price  daily_perc_stdev  annual_perc_stdev  point_size_base  contract_exposure  daily_risk_per_contract  annual_risk_per_contract  position  capital  exposure_held_perc_capital  annual_risk_perc_capital
GAS_US_mini                0.101               1.619       2.77              3.65               58.5           1852.3               5130                      187                      2999        -4   569062                        -3.6                      -2.1
GAS-PEN                    0.098               1.572       2.75              3.57               57.1           7409.2              20390                      727                     11646        -1   569062                        -3.6                      -2.0
COPPER-micro               0.149               2.379       4.51              3.30               52.8           1852.3               8347                      275                      4406        -2   569062                        -2.9                      -1.5
EU-TECH                    9.200             147.198     795.00              1.16               18.5             43.1              34287                      396                      6348        -1   569062                        -6.0                      -1.1
JPY                        0.000               0.001       0.01              0.60                9.6        9261454.6              63079                      378                      6063        -1   569062                       -11.1                      -1.1
RICE                       0.192               3.078      11.93              1.61               25.8           1481.8              17678                      285                      4561        -1   569062                        -3.1                      -0.8
WHEAT                      6.921             110.732     528.75              1.31               20.9             37.0              19587                      256                      4102        -1   569062                        -3.4                      -0.7
CRUDE_W_micro              1.129              18.071      62.17              1.82               29.1             74.1               4606                       83                      1338        -3   569062                        -2.4                      -0.7
DOW                      311.053            4976.855   45085.00              0.69               11.0              0.4              16702                      115                      1843        -2   569062                        -5.9                      -0.6
GOLD_micro                30.689             491.032    3361.40              0.91               14.6              7.4              24905                      227                      3638        -1   569062                        -4.4                      -0.6
KRWUSD_mini                0.004               0.063       0.72              0.55                8.8          18522.9              13254                       73                      1168        -2   569062                        -4.7                      -0.4
MUMMY                      8.882             142.117     787.00              1.13               18.1              5.0               3954                       44                       714         1   569062                         0.7                       0.1
RUSSELL                   26.875             429.993    2272.70              1.18               18.9              3.7               8419                       99                      1592         1   569062                         1.5                       0.3
CANOLA                    10.333             165.335     647.40              1.60               25.5             10.7               6915                      110                      1766         1   569062                         1.2                       0.3
TOPIX                     29.628             474.054    3095.50              0.96               15.3              5.0              15553                      148                      2381         1   569062                         2.7                       0.4
KR10                       0.290               4.641     118.17              0.25                3.9            529.8              62601                      153                      2458         1   569062                        11.0                       0.4
EUR_micro                  0.006               0.089       1.17              0.47                7.6           9261.5              10875                       51                       822         3   569062                         5.7                       0.4
BITCOIN                 2259.351           36149.617  114550.00              1.97               31.6              0.1               8487                      167                      2678         1   569062                         1.5                       0.5
NIKKEI                   525.433            8406.921   42755.00              1.23               19.7              0.5              21482                      264                      4224         1   569062                         3.8                       0.7
LEANHOG                    1.085              17.357      90.00              1.21               19.3            296.4              26672                      321                      5144         1   569062                         4.7                       0.9
BTP                        0.425               6.805     120.63              0.35                5.6            862.6             104051                      366                      5869         1   569062                        18.3                       1.0
MXP                        0.000               0.005       0.05              0.54                8.7         370458.2              19697                      106                      1708         4   569062                        13.8                       1.2
YENEUR                     0.723              11.560     171.46              0.42                6.7            628.1             107690                      453                      7260         1   569062                        18.9                       1.3
GBP                        0.006               0.089       1.35              0.41                6.6          46307.3              62311                      258                      4132         2   569062                        21.9                       1.5
MSCIEAFA                  22.347             357.552    2753.50              0.81               13.0             37.0             102005                      827                     13245         1   569062                        17.9                       2.3
FEEDCOW                    3.775              60.407     358.80              1.05               16.8            370.5             132920                     1398                     22378         1   569062                        23.4                       3.9
MIB                      361.079            5777.264   42940.00              0.84               13.5              4.3             185194                     1557                     24916         1   569062                        32.5                       4.4
AEX                       15.411             246.577     908.60              1.70               27.1            172.5             156746                     2658                     42537         1   569062                        27.5                       7.5

Sum of abs(notional exposure % capital) 258.1
Sum of abs(annualised risk % capital) 38.7
Net sum of annualised risk % capital 15.5 

==============================================================================================================================================================================================================================================================
                                                                                                                         Correlations                                                                                                                         
==============================================================================================================================================================================================================================================================

                BTP  EUR_micro   JPY  KR10  KRWUSD_mini  CANOLA  GAS-PEN  GAS_US_mini  RICE  WHEAT   GBP  GOLD_micro  LEANHOG   MXP   AEX   DOW  EU-TECH   MIB  MSCIEAFA  MUMMY  NIKKEI  RUSSELL  TOPIX  BITCOIN  COPPER-micro  CRUDE_W_micro  FEEDCOW  YENEUR
BTP            1.00       0.08  0.38  0.52         0.19    0.10    -0.22        -0.23 -0.02  -0.08  0.29        0.37     0.07  0.16  0.20  0.17     0.21  0.08      0.09   0.09    0.02     0.18   0.00     0.18         -0.04          -0.08    -0.11   -0.38
EUR_micro      0.08       1.00  0.56 -0.01         0.49   -0.06    -0.20        -0.18  0.12   0.16  0.76        0.32     0.18  0.37 -0.12 -0.09    -0.09  0.03      0.31   0.09    0.06    -0.17   0.03    -0.08          0.13          -0.19     0.06    0.19
JPY            0.38       0.56  1.00  0.42         0.50   -0.12    -0.26        -0.28  0.13   0.03  0.45        0.32     0.06 -0.03 -0.11 -0.16    -0.25 -0.16      0.09  -0.17   -0.35    -0.25  -0.35    -0.17         -0.06          -0.29    -0.28   -0.67
KR10           0.52      -0.01  0.42  1.00         0.19   -0.05    -0.22        -0.27  0.09  -0.29  0.05       -0.05    -0.10 -0.11 -0.11 -0.03    -0.11 -0.18     -0.09  -0.24   -0.26     0.01  -0.29    -0.13         -0.22          -0.34    -0.16   -0.49
KRWUSD_mini    0.19       0.49  0.50  0.19         1.00   -0.07    -0.19        -0.20  0.08   0.04  0.37        0.21     0.09  0.21  0.03  0.10     0.03  0.06      0.35   0.10    0.08     0.02   0.00    -0.02          0.01          -0.28     0.08   -0.13
CANOLA         0.10      -0.06 -0.12 -0.05        -0.07    1.00     0.09         0.10  0.03   0.10 -0.01        0.00     0.27 -0.03 -0.09 -0.05     0.03  0.02     -0.03   0.04    0.04    -0.10   0.04     0.06         -0.00           0.16    -0.05    0.08
GAS-PEN       -0.22      -0.20 -0.26 -0.22        -0.19    0.09     1.00         0.97  0.07   0.14 -0.14        0.04     0.02  0.00  0.05  0.06     0.12  0.06      0.11   0.09    0.09     0.03   0.13    -0.06          0.14           0.15     0.08    0.12
GAS_US_mini   -0.23      -0.18 -0.28 -0.27        -0.20    0.10     0.97         1.00  0.03   0.12 -0.13        0.07     0.04  0.03  0.06  0.05     0.11  0.10      0.14   0.12    0.10     0.00   0.16    -0.06          0.16           0.19     0.12    0.17
RICE          -0.02       0.12  0.13  0.09         0.08    0.03     0.07         0.03  1.00   0.10  0.11        0.10     0.10 -0.04 -0.11 -0.10     0.00  0.04      0.11   0.06   -0.04    -0.09  -0.02     0.01          0.10           0.05     0.11   -0.06
WHEAT         -0.08       0.16  0.03 -0.29         0.04    0.10     0.14         0.12  0.10   1.00  0.03        0.24     0.32  0.15 -0.02 -0.10     0.04 -0.04     -0.02  -0.03   -0.08    -0.02  -0.08    -0.03          0.27           0.05    -0.21    0.07
GBP            0.29       0.76  0.45  0.05         0.37   -0.01    -0.14        -0.13  0.11   0.03  1.00        0.34     0.20  0.45  0.16  0.24     0.32  0.41      0.58   0.32    0.38     0.18   0.36     0.16          0.25          -0.07     0.16    0.17
GOLD_micro     0.37       0.32  0.32 -0.05         0.21    0.00     0.04         0.07  0.10   0.24  0.34        1.00     0.27  0.24  0.33  0.03     0.13  0.24      0.31   0.37    0.14    -0.01   0.16     0.01          0.27           0.31     0.04   -0.11
LEANHOG        0.07       0.18  0.06 -0.10         0.09    0.27     0.02         0.04  0.10   0.32  0.20        0.27     1.00  0.13  0.18  0.20     0.12  0.24      0.27   0.25    0.17     0.19   0.18    -0.03          0.11           0.30     0.21    0.08
MXP            0.16       0.37 -0.03 -0.11         0.21   -0.03     0.00         0.03 -0.04   0.15  0.45        0.24     0.13  1.00  0.23  0.22     0.44  0.38      0.38   0.32    0.43     0.24   0.40     0.19          0.24           0.21     0.32    0.37
AEX            0.20      -0.12 -0.11 -0.11         0.03   -0.09     0.05         0.06 -0.11  -0.02  0.16        0.33     0.18  0.23  1.00  0.61     0.69  0.67      0.51   0.57    0.54     0.57   0.58     0.30          0.12           0.42     0.24    0.04
DOW            0.17      -0.09 -0.16 -0.03         0.10   -0.05     0.06         0.05 -0.10  -0.10  0.24        0.03     0.20  0.22  0.61  1.00     0.65  0.72      0.67   0.55    0.68     0.86   0.66     0.46          0.34           0.20     0.37    0.12
EU-TECH        0.21      -0.09 -0.25 -0.11         0.03    0.03     0.12         0.11  0.00   0.04  0.32        0.13     0.12  0.44  0.69  0.65     1.00  0.70      0.58   0.50    0.67     0.66   0.63     0.46          0.38           0.28     0.31    0.25
MIB            0.08       0.03 -0.16 -0.18         0.06    0.02     0.06         0.10  0.04  -0.04  0.41        0.24     0.24  0.38  0.67  0.72     0.70  1.00      0.82   0.69    0.76     0.64   0.79     0.38          0.42           0.38     0.47    0.24
MSCIEAFA       0.09       0.31  0.09 -0.09         0.35   -0.03     0.11         0.14  0.11  -0.02  0.58        0.31     0.27  0.38  0.51  0.67     0.58  0.82      1.00   0.69    0.75     0.56   0.76     0.29          0.52           0.23     0.51    0.17
MUMMY          0.09       0.09 -0.17 -0.24         0.10    0.04     0.09         0.12  0.06  -0.03  0.32        0.37     0.25  0.32  0.57  0.55     0.50  0.69      0.69   1.00    0.81     0.51   0.85     0.36          0.38           0.42     0.42    0.27
NIKKEI         0.02       0.06 -0.35 -0.26         0.08    0.04     0.09         0.10 -0.04  -0.08  0.38        0.14     0.17  0.43  0.54  0.68     0.67  0.76      0.75   0.81    1.00     0.64   0.96     0.43          0.36           0.32     0.56    0.45
RUSSELL        0.18      -0.17 -0.25  0.01         0.02   -0.10     0.03         0.00 -0.09  -0.02  0.18       -0.01     0.19  0.24  0.57  0.86     0.66  0.64      0.56   0.51    0.64     1.00   0.59     0.60          0.31           0.22     0.33    0.14
TOPIX          0.00       0.03 -0.35 -0.29         0.00    0.04     0.13         0.16 -0.02  -0.08  0.36        0.16     0.18  0.40  0.58  0.66     0.63  0.79      0.76   0.85    0.96     0.59   1.00     0.40          0.34           0.34     0.53    0.43
BITCOIN        0.18      -0.08 -0.17 -0.13        -0.02    0.06    -0.06        -0.06  0.01  -0.03  0.16        0.01    -0.03  0.19  0.30  0.46     0.46  0.38      0.29   0.36    0.43     0.60   0.40     1.00          0.20           0.14     0.18    0.09
COPPER-micro  -0.04       0.13 -0.06 -0.22         0.01   -0.00     0.14         0.16  0.10   0.27  0.25        0.27     0.11  0.24  0.12  0.34     0.38  0.42      0.52   0.38    0.36     0.31   0.34     0.20          1.00           0.30     0.27    0.20
CRUDE_W_micro -0.08      -0.19 -0.29 -0.34        -0.28    0.16     0.15         0.19  0.05   0.05 -0.07        0.31     0.30  0.21  0.42  0.20     0.28  0.38      0.23   0.42    0.32     0.22   0.34     0.14          0.30           1.00     0.26    0.14
FEEDCOW       -0.11       0.06 -0.28 -0.16         0.08   -0.05     0.08         0.12  0.11  -0.21  0.16        0.04     0.21  0.32  0.24  0.37     0.31  0.47      0.51   0.42    0.56     0.33   0.53     0.18          0.27           0.26     1.00    0.35
YENEUR        -0.38       0.19 -0.67 -0.49        -0.13    0.08     0.12         0.17 -0.06   0.07  0.17       -0.11     0.08  0.37  0.04  0.12     0.25  0.24      0.17   0.27    0.45     0.14   0.43     0.09          0.20           0.14     0.35    1.00


********************************************************************************
                                 END OF REPORT                                  
********************************************************************************


