
********************************************************************************
                    Risk report produced on 02/01/2026 22:53                    
********************************************************************************


Total risk across all strategies, annualised percentage 16.3
Percentage of capital used for margin 41.9%

========================================
Risk per strategy, annualised percentage
========================================

                  risk
dynamic_TF_carry  16.4


===================
Risk by asset class
===================

Ags        1.0
Bond       1.8
Equity    11.6
FX         3.7
Metals     4.6
OilGas     4.3
dtype: float64


=====================================================
Beta loadings of asset class positions on asset class
=====================================================

Bond     -0.26
OilGas   -0.09
Ags      -0.01
Metals    0.02
FX        0.26
Equity    1.19
dtype: float64


========================================================
Beta loadings of full portfolio positions on asset class
========================================================

Bond     -0.49
OilGas   -0.03
Metals    0.25
Ags       0.29
FX        1.19
Equity    1.28
dtype: float64


===================================================================================================================================================================================================================================================================
                                                                                                                          Instrument risk                                                                                                                          
===================================================================================================================================================================================================================================================================

               daily_price_stdev  annual_price_stdev     price  daily_perc_stdev  annual_perc_stdev  point_size_base  contract_exposure  daily_risk_per_contract  annual_risk_per_contract  position  capital  exposure_held_perc_capital  annual_risk_perc_capital
GAS-PEN                    0.152               2.438      3.70              4.12               65.9           7425.3              27473                     1131                     18100        -1   647878                        -4.2                      -2.8
BITCOIN                 2335.066           37361.054  90300.00              2.59               41.4              0.1               6705                      173                      2774        -5   647878                        -5.2                      -2.1
JPY                        0.000               0.001      0.01              0.54                8.7        9281672.8              59532                      323                      5174        -2   647878                       -18.4                      -1.6
BUXL                       0.702              11.234    108.92              0.64               10.3            872.0              94973                      612                      9795        -1   647878                       -14.7                      -1.5
GAS_US_mini                0.155               2.483      3.64              4.27               68.3           1856.3               6747                      288                      4609        -2   647878                        -2.1                      -1.4
RICE                       0.157               2.519      9.72              1.62               25.9           1485.1              14427                      233                      3740        -1   647878                        -2.2                      -0.6
WHEAT                      5.950              95.198    564.50              1.05               16.9             37.1              20958                      220                      3534        -1   647878                        -3.2                      -0.5
CAD10                      0.390               6.245    120.52              0.32                5.2            541.4              65247                      211                      3380        -1   647878                       -10.1                      -0.5
CRUDE_W_micro              0.924              14.782     57.09              1.62               25.9             74.3               4239                       68                      1097        -2   647878                        -1.3                      -0.3
KRWUSD_mini                0.004               0.069      0.69              0.62                9.9          18563.3              12881                       79                      1275        -1   647878                        -2.0                      -0.2
AUD_micro                  0.003               0.044      0.67              0.42                6.6           7425.3               4967                       20                       330         1   647878                         0.8                       0.1
CAD                        0.002               0.033      0.73              0.28                4.6          74253.4              54230                      154                      2468         1   647878                         8.4                       0.4
MXP                        0.000               0.004      0.06              0.41                6.6         371266.9              20583                       84                      1354         2   647878                         6.4                       0.4
FTSECHINAA               127.770            2044.314  15390.00              0.83               13.3              0.7              11427                       94                      1517         2   647878                         3.5                       0.5
TOPIX                     29.639             474.223   3413.50              0.87               13.9              4.7              16147                      140                      2243         2   647878                         5.0                       0.7
LEANHOG                    0.990              15.832     89.02              1.11               17.8            297.0              26441                      293                      4702         1   647878                         4.1                       0.7
RUSSELL                   27.720             443.513   2524.30              1.10               17.6              3.7               9371                      102                      1646         4   647878                         5.8                       1.0
GBP                        0.005               0.077      1.35              0.36                5.7          46408.4              62428                      222                      3565         2   647878                        19.3                       1.1
YENEUR                     0.775              12.395    183.37              0.42                6.8            591.3             108429                      458                      7329         2   647878                        33.5                       2.3
MSCITAIWAN                13.829             221.258   1289.40              1.07               17.2             74.3              95742                     1026                     16429         1   647878                        14.8                       2.5
AEX                        6.569             105.096    966.95              0.68               10.9            174.4             168627                     1145                     18327         1   647878                        26.0                       2.8
MIB                      321.230            5139.678  45435.00              0.71               11.3              4.4             198086                     1400                     22407         1   647878                        30.6                       3.5
MSCIEAFA                  20.598             329.576   2930.60              0.70               11.2             37.1             108803                      764                     12236         2   647878                        33.6                       3.8
SILVER                     2.268              36.284     72.10              3.15               50.3            742.5              53532                     1683                     26942         1   647878                         8.3                       4.2

Sum of abs(notional exposure % capital) 263.5
Sum of abs(annualised risk % capital) 35.5
Net sum of annualised risk % capital 12.5 

============================================================================================================================================================================================================================
                                                                                                        Correlations                                                                                                        
============================================================================================================================================================================================================================

                AEX  AUD_micro  BITCOIN  FTSECHINAA   MIB  MSCIEAFA  MSCITAIWAN   MXP  RUSSELL  SILVER  TOPIX  GAS-PEN  GAS_US_mini  CRUDE_W_micro  LEANHOG  WHEAT  YENEUR  BUXL  CAD10   CAD   GBP   JPY  KRWUSD_mini  RICE
AEX            1.00       0.37     0.31        0.42  0.75      0.63        0.41  0.25     0.65    0.35   0.51     0.07         0.07           0.24     0.21   0.07    0.05 -0.12  -0.01 -0.04  0.19 -0.05         0.07  0.00
AUD_micro      0.37       1.00     0.27        0.40  0.38      0.74        0.32  0.45     0.47    0.51   0.37     0.09         0.13           0.12     0.25   0.26    0.12 -0.18  -0.30  0.65  0.64  0.33         0.57  0.25
BITCOIN        0.31       0.27     1.00        0.16  0.28      0.26        0.32  0.10     0.38    0.04   0.17    -0.05        -0.04          -0.03     0.10  -0.05   -0.06 -0.06   0.02  0.11  0.16  0.15         0.20 -0.02
FTSECHINAA     0.42       0.40     0.16        1.00  0.34      0.43        0.14  0.34     0.40    0.30   0.27     0.10         0.12           0.18     0.13   0.17    0.08 -0.09  -0.14  0.19  0.26  0.07         0.17 -0.07
MIB            0.75       0.38     0.28        0.34  1.00      0.68        0.33  0.25     0.52    0.40   0.61    -0.01         0.00           0.15     0.26   0.01    0.15 -0.26  -0.09 -0.10  0.22 -0.12         0.07  0.12
MSCIEAFA       0.63       0.74     0.26        0.43  0.68      1.00        0.30  0.39     0.66    0.50   0.58    -0.01         0.00           0.05     0.26   0.10    0.17 -0.14  -0.25  0.34  0.55  0.18         0.35  0.18
MSCITAIWAN     0.41       0.32     0.32        0.14  0.33      0.30        1.00  0.19     0.47    0.17   0.47     0.09         0.10           0.20     0.13   0.09    0.07 -0.09  -0.01  0.11  0.14 -0.13         0.11 -0.03
MXP            0.25       0.45     0.10        0.34  0.25      0.39        0.19  1.00     0.28    0.36   0.19    -0.08        -0.06           0.11     0.16   0.11    0.28 -0.21  -0.16  0.33  0.46  0.10         0.21 -0.04
RUSSELL        0.65       0.47     0.38        0.40  0.52      0.66        0.47  0.28     1.00    0.31   0.47    -0.07        -0.08           0.14     0.33   0.11    0.02 -0.00  -0.06  0.15  0.26  0.01         0.16 -0.03
SILVER         0.35       0.51     0.04        0.30  0.40      0.50        0.17  0.36     0.31    1.00   0.16    -0.08        -0.04           0.20     0.30   0.20    0.21 -0.12  -0.27  0.22  0.33  0.04         0.26  0.22
TOPIX          0.51       0.37     0.17        0.27  0.61      0.58        0.47  0.19     0.47    0.16   1.00    -0.05        -0.06           0.14     0.16  -0.10    0.33 -0.18  -0.02 -0.06  0.21 -0.29        -0.07 -0.07
GAS-PEN        0.07       0.09    -0.05        0.10 -0.01     -0.01        0.09 -0.08    -0.07   -0.08  -0.05     1.00         0.97           0.21    -0.13   0.18   -0.07 -0.19  -0.20  0.07 -0.05 -0.02         0.07  0.06
GAS_US_mini    0.07       0.13    -0.04        0.12  0.00      0.00        0.10 -0.06    -0.08   -0.04  -0.06     0.97         1.00           0.20    -0.11   0.16   -0.05 -0.21  -0.25  0.09 -0.01 -0.02         0.09  0.09
CRUDE_W_micro  0.24       0.12    -0.03        0.18  0.15      0.05        0.20  0.11     0.14    0.20   0.14     0.21         0.20           1.00     0.28   0.28    0.12 -0.04  -0.23  0.04 -0.20 -0.25        -0.12 -0.03
LEANHOG        0.21       0.25     0.10        0.13  0.26      0.26        0.13  0.16     0.33    0.30   0.16    -0.13        -0.11           0.28     1.00   0.17    0.18 -0.11  -0.17  0.15  0.19 -0.04         0.11  0.11
WHEAT          0.07       0.26    -0.05        0.17  0.01      0.10        0.09  0.11     0.11    0.20  -0.10     0.18         0.16           0.28     0.17   1.00   -0.01  0.06  -0.18  0.30 -0.07  0.03         0.22  0.10
YENEUR         0.05       0.12    -0.06        0.08  0.15      0.17        0.07  0.28     0.02    0.21   0.33    -0.07        -0.05           0.12     0.18  -0.01    1.00 -0.46  -0.42  0.06  0.08 -0.68        -0.16 -0.01
BUXL          -0.12      -0.18    -0.06       -0.09 -0.26     -0.14       -0.09 -0.21    -0.00   -0.12  -0.18    -0.19        -0.21          -0.04    -0.11   0.06   -0.46  1.00   0.52 -0.05 -0.18  0.19         0.07 -0.11
CAD10         -0.01      -0.30     0.02       -0.14 -0.09     -0.25       -0.01 -0.16    -0.06   -0.27  -0.02    -0.20        -0.25          -0.23    -0.17  -0.18   -0.42  0.52   1.00 -0.35  0.03  0.27         0.00 -0.15
CAD           -0.04       0.65     0.11        0.19 -0.10      0.34        0.11  0.33     0.15    0.22  -0.06     0.07         0.09           0.04     0.15   0.30    0.06 -0.05  -0.35  1.00  0.49  0.40         0.52  0.18
GBP            0.19       0.64     0.16        0.26  0.22      0.55        0.14  0.46     0.26    0.33   0.21    -0.05        -0.01          -0.20     0.19  -0.07    0.08 -0.18   0.03  0.49  1.00  0.55         0.53  0.15
JPY           -0.05       0.33     0.15        0.07 -0.12      0.18       -0.13  0.10     0.01    0.04  -0.29    -0.02        -0.02          -0.25    -0.04   0.03   -0.68  0.19   0.27  0.40  0.55  1.00         0.55  0.14
KRWUSD_mini    0.07       0.57     0.20        0.17  0.07      0.35        0.11  0.21     0.16    0.26  -0.07     0.07         0.09          -0.12     0.11   0.22   -0.16  0.07   0.00  0.52  0.53  0.55         1.00  0.26
RICE           0.00       0.25    -0.02       -0.07  0.12      0.18       -0.03 -0.04    -0.03    0.22  -0.07     0.06         0.09          -0.03     0.11   0.10   -0.01 -0.11  -0.15  0.18  0.15  0.14         0.26  1.00


********************************************************************************
                                 END OF REPORT                                  
********************************************************************************


