
********************************************************************************
                    Risk report produced on 21/01/2026 22:53                    
********************************************************************************


Total risk across all strategies, annualised percentage 18.3
Percentage of capital used for margin 42.5%

========================================
Risk per strategy, annualised percentage
========================================

                  risk
dynamic_TF_carry  18.2


===================
Risk by asset class
===================

Ags        1.5
Bond       1.5
Equity    13.7
FX         4.0
Metals     4.8
OilGas     2.7
dtype: float64


=====================================================
Beta loadings of asset class positions on asset class
=====================================================

Bond     -0.25
OilGas   -0.04
Ags       0.04
Metals    0.05
FX        0.07
Equity    1.36
dtype: float64


========================================================
Beta loadings of full portfolio positions on asset class
========================================================

Bond     -0.87
OilGas    0.00
Metals    0.29
Ags       0.42
FX        1.21
Equity    1.51
dtype: float64


===================================================================================================================================================================================================================================================================
                                                                                                                          Instrument risk                                                                                                                          
===================================================================================================================================================================================================================================================================

               daily_price_stdev  annual_price_stdev     price  daily_perc_stdev  annual_perc_stdev  point_size_base  contract_exposure  daily_risk_per_contract  annual_risk_per_contract  position  capital  exposure_held_perc_capital  annual_risk_perc_capital
GAS-PEN                    0.155               2.474      3.46              4.47               71.5           7442.7              25751                     1151                     18416        -1   684805                        -3.8                      -2.7
JPY                        0.000               0.000      0.01              0.47                7.6        9303398.7              58997                      279                      4476        -3   684805                       -25.8                      -2.0
BITCOIN                 2377.903           38046.447  89965.00              2.64               42.3              0.1               6695                      176                      2831        -4   684805                        -3.9                      -1.7
KR10                       0.417               6.676    110.89              0.38                6.0            505.9              56101                      211                      3377        -3   684805                       -24.6                      -1.5
DOW                      365.744            5851.900  49291.00              0.74               11.9              0.4              18342                      136                      2177        -2   684805                        -5.4                      -0.6
RICE                       0.170               2.717     10.79              1.57               25.2           1488.5              16061                      252                      4044        -1   684805                        -2.3                      -0.6
WHEAT                      5.479              87.662    566.75              0.97               15.5             37.2              21090                      203                      3262        -1   684805                        -3.1                      -0.5
EUR_micro                  0.004               0.061      1.17              0.32                5.2           9303.4              10898                       35                       563        -5   684805                        -8.0                      -0.4
KRWUSD_mini                0.004               0.062      0.68              0.57                9.1          18606.8              12665                       71                      1147        -2   684805                        -3.7                      -0.3
AUD_micro                  0.003               0.042      0.68              0.39                6.3           7442.7               5033                       19                       315         1   684805                         0.7                       0.0
CRUDE_W_micro              1.043              16.685     60.40              1.73               27.6             74.4               4495                       77                      1241         1   684805                         0.7                       0.2
MXP                        0.000               0.004      0.06              0.41                6.5         372135.9              21167                       85                      1371         2   684805                         6.2                       0.4
FTSECHINAA               121.229            1939.656  15117.00              0.80               12.8              0.7              11251                       90                      1443         2   684805                         3.3                       0.4
BRE                        0.001               0.018      0.19              0.59                9.4          74427.2              13951                       81                      1310         3   684805                         6.1                       0.6
RUSSELL                   26.411             422.573   2708.10              0.98               15.6              3.7              10077                       98                      1572         4   684805                         5.9                       0.9
GBP                        0.005               0.075      1.34              0.35                5.6          46517.0              62411                      218                      3500         2   684805                        18.2                       1.0
TOPIX                     34.513             552.207   3588.25              0.96               15.4              4.7              16886                      162                      2598         3   684805                         7.4                       1.1
LEANHOG                    1.086              17.371     95.65              1.14               18.2            297.7              28475                      323                      5171         2   684805                         8.3                       1.5
SMI                       84.100            1345.603  13045.00              0.64               10.3              9.4             122768                      791                     12663         1   684805                        17.9                       1.8
YENEUR                     0.764              12.220    184.76              0.41                6.6            588.3             108689                      449                      7188         2   684805                        31.7                       2.1
MSCITAIWAN                14.753             236.045   1376.20              1.07               17.2             74.4             102426                     1098                     17568         1   684805                        15.0                       2.6
MIB                      310.042            4960.677  44815.00              0.69               11.1              4.4             195513                     1352                     21641         1   684805                        28.6                       3.2
MSCIEAFA                  19.930             318.875   2993.20              0.67               10.7             37.2             111387                      741                     11866         2   684805                        32.5                       3.5
AEX                        9.148             146.361    994.80              0.92               14.7            174.5             173599                     1596                     25541         1   684805                        25.4                       3.7
SILVER                     2.608              41.724     91.92              2.84               45.4            744.3              68409                     1940                     31054         1   684805                        10.0                       4.5

Sum of abs(notional exposure % capital) 298.5
Sum of abs(annualised risk % capital) 37.8
Net sum of annualised risk % capital 17.2 

===============================================================================================================================================================================================================================
                                                                                                         Correlations                                                                                                          
===============================================================================================================================================================================================================================

                JPY  KR10  KRWUSD_mini   AEX  AUD_micro   BRE   DOW   MIB  MSCIEAFA  MSCITAIWAN   MXP  RUSSELL   SMI  TOPIX  EUR_micro   GBP  GAS-PEN  RICE  WHEAT  BITCOIN  CRUDE_W_micro  FTSECHINAA  LEANHOG  SILVER  YENEUR
JPY            1.00  0.28         0.53 -0.07       0.29  0.16 -0.10 -0.09      0.13       -0.14  0.05    -0.21 -0.02  -0.26       0.59  0.48    -0.17  0.02   0.01    -0.13          -0.29       -0.03     0.13   -0.08   -0.66
KR10           0.28  1.00         0.19 -0.13      -0.08 -0.18  0.02 -0.21     -0.11       -0.15 -0.19     0.13  0.00  -0.22       0.01  0.11    -0.05 -0.07  -0.40     0.00          -0.22       -0.08    -0.14   -0.25   -0.33
KRWUSD_mini    0.53  0.19         1.00  0.03       0.47  0.20  0.08  0.06      0.31        0.12  0.16    -0.06  0.07  -0.00       0.45  0.36    -0.04 -0.04   0.07    -0.02          -0.21        0.06     0.04   -0.22   -0.23
AEX           -0.07 -0.13         0.03  1.00       0.41  0.40  0.61  0.66      0.53        0.56  0.24     0.53  0.61   0.58      -0.07  0.18    -0.00 -0.11   0.04     0.32           0.39        0.43     0.14    0.26    0.02
AUD_micro      0.29 -0.08         0.47  0.41       1.00  0.42  0.50  0.58      0.77        0.53  0.45     0.39  0.56   0.54       0.56  0.70     0.02  0.08   0.18     0.35           0.14        0.44     0.32    0.24    0.16
BRE            0.16 -0.18         0.20  0.40       0.42  1.00  0.35  0.43      0.40        0.36  0.45     0.24  0.30   0.42       0.24  0.32     0.11 -0.12   0.14     0.12           0.19        0.29     0.14    0.12   -0.01
DOW           -0.10  0.02         0.08  0.61       0.50  0.35  1.00  0.67      0.66        0.60  0.21     0.82  0.65   0.66      -0.01  0.26     0.03 -0.16  -0.07     0.41           0.19        0.41     0.17    0.17    0.12
MIB           -0.09 -0.21         0.06  0.66       0.58  0.43  0.67  1.00      0.78        0.63  0.36     0.49  0.73   0.72       0.06  0.40    -0.02  0.01   0.05     0.36           0.38        0.53     0.22    0.28    0.20
MSCIEAFA       0.13 -0.11         0.31  0.53       0.77  0.40  0.66  0.78      1.00        0.63  0.38     0.48  0.73   0.75       0.35  0.57     0.09  0.04   0.06     0.29           0.22        0.51     0.17    0.24    0.17
MSCITAIWAN    -0.14 -0.15         0.12  0.56       0.53  0.36  0.60  0.63      0.63        1.00  0.39     0.53  0.50   0.74       0.06  0.36     0.04  0.12   0.03     0.41           0.28        0.41     0.20    0.24    0.20
MXP            0.05 -0.19         0.16  0.24       0.45  0.45  0.21  0.36      0.38        0.39  1.00     0.23  0.22   0.39       0.37  0.43    -0.10 -0.06   0.16     0.17           0.14        0.26     0.23    0.37    0.30
RUSSELL       -0.21  0.13        -0.06  0.53       0.39  0.24  0.82  0.49      0.48        0.53  0.23     1.00  0.56   0.58      -0.12  0.18     0.02 -0.10  -0.10     0.54           0.16        0.30     0.23    0.27    0.14
SMI           -0.02  0.00         0.07  0.61       0.56  0.30  0.65  0.73      0.73        0.50  0.22     0.56  1.00   0.65       0.09  0.46     0.09 -0.08  -0.11     0.25           0.18        0.40     0.14    0.32    0.14
TOPIX         -0.26 -0.22        -0.00  0.58       0.54  0.42  0.66  0.72      0.75        0.74  0.39     0.58  0.65   1.00       0.07  0.36     0.12 -0.01  -0.01     0.38           0.28        0.47     0.13    0.26    0.37
EUR_micro      0.59  0.01         0.45 -0.07       0.56  0.24 -0.01  0.06      0.35        0.06  0.37    -0.12  0.09   0.07       1.00  0.77    -0.16  0.02   0.11    -0.03          -0.21        0.11     0.18    0.03    0.18
GBP            0.48  0.11         0.36  0.18       0.70  0.32  0.26  0.40      0.57        0.36  0.43     0.18  0.46   0.36       0.77  1.00    -0.10  0.05  -0.02     0.24          -0.11        0.26     0.23    0.15    0.14
GAS-PEN       -0.17 -0.05        -0.04 -0.00       0.02  0.11  0.03 -0.02      0.09        0.04 -0.10     0.02  0.09   0.12      -0.16 -0.10     1.00 -0.01   0.20     0.02           0.15        0.10    -0.14   -0.27    0.03
RICE           0.02 -0.07        -0.04 -0.11       0.08 -0.12 -0.16  0.01      0.04        0.12 -0.06    -0.10 -0.08  -0.01       0.02  0.05    -0.01  1.00   0.12     0.13           0.12       -0.09     0.19    0.18   -0.02
WHEAT          0.01 -0.40         0.07  0.04       0.18  0.14 -0.07  0.05      0.06        0.03  0.16    -0.10 -0.11  -0.01       0.11 -0.02     0.20  0.12   1.00    -0.05           0.19        0.20     0.17    0.02    0.06
BITCOIN       -0.13  0.00        -0.02  0.32       0.35  0.12  0.41  0.36      0.29        0.41  0.17     0.54  0.25   0.38      -0.03  0.24     0.02  0.13  -0.05     1.00           0.17        0.23     0.12    0.03    0.08
CRUDE_W_micro -0.29 -0.22        -0.21  0.39       0.14  0.19  0.19  0.38      0.22        0.28  0.14     0.16  0.18   0.28      -0.21 -0.11     0.15  0.12   0.19     0.17           1.00        0.45     0.24    0.09    0.13
FTSECHINAA    -0.03 -0.08         0.06  0.43       0.44  0.29  0.41  0.53      0.51        0.41  0.26     0.30  0.40   0.47       0.11  0.26     0.10 -0.09   0.20     0.23           0.45        1.00     0.20    0.12    0.15
LEANHOG        0.13 -0.14         0.04  0.14       0.32  0.14  0.17  0.22      0.17        0.20  0.23     0.23  0.14   0.13       0.18  0.23    -0.14  0.19   0.17     0.12           0.24        0.20     1.00    0.31    0.01
SILVER        -0.08 -0.25        -0.22  0.26       0.24  0.12  0.17  0.28      0.24        0.24  0.37     0.27  0.32   0.26       0.03  0.15    -0.27  0.18   0.02     0.03           0.09        0.12     0.31    1.00    0.16
YENEUR        -0.66 -0.33        -0.23  0.02       0.16 -0.01  0.12  0.20      0.17        0.20  0.30     0.14  0.14   0.37       0.18  0.14     0.03 -0.02   0.06     0.08           0.13        0.15     0.01    0.16    1.00


********************************************************************************
                                 END OF REPORT                                  
********************************************************************************


