
********************************************************************************
                    Risk report produced on 27/06/2025 22:53                    
********************************************************************************


Total risk across all strategies, annualised percentage 10.7
Percentage of capital used for margin 44.8%

========================================
Risk per strategy, annualised percentage
========================================

                  risk
dynamic_TF_carry  10.7


===================
Risk by asset class
===================

Ags       3.6
Bond      1.5
Equity    3.9
FX        3.9
Metals    3.2
OilGas    3.2
dtype: float64


=====================================================
Beta loadings of asset class positions on asset class
=====================================================

OilGas   -0.07
Metals    0.05
Ags       0.20
Bond      0.24
Equity    0.24
FX        0.55
dtype: float64


========================================================
Beta loadings of full portfolio positions on asset class
========================================================

Bond     -0.14
OilGas   -0.06
Metals    0.20
Ags       0.24
Equity    0.39
FX        0.82
dtype: float64


===================================================================================================================================================================================================================================================================
                                                                                                                          Instrument risk                                                                                                                          
===================================================================================================================================================================================================================================================================

               daily_price_stdev  annual_price_stdev     price  daily_perc_stdev  annual_perc_stdev  point_size_base  contract_exposure  daily_risk_per_contract  annual_risk_per_contract  position  capital  exposure_held_perc_capital  annual_risk_perc_capital
DX                         0.413               6.604     97.04              0.43                6.8            728.5              70702                      300                      4811        -4   537624                       -52.6                      -3.6
GAS-PEN                    0.120               1.927      3.73              3.23               51.7           7285.5              27174                      877                     14037        -1   537624                        -5.1                      -2.6
JPY                        0.000               0.001      0.01              0.64               10.2        9106871.0              63474                      405                      6486        -2   537624                       -23.6                      -2.4
EUROSTX                   49.569             793.100   5338.00              0.93               14.9              8.5              45458                      422                      6754        -1   537624                        -8.5                      -1.3
WHEAT                      9.857             157.706    563.25              1.75               28.0             36.4              20517                      359                      5744        -1   537624                        -3.8                      -1.1
US10U                      0.490               7.833    113.75              0.43                6.9            728.5              82872                      356                      5706        -1   537624                       -15.4                      -1.1
DOW                      386.361            6181.783  43949.00              0.88               14.1              0.4              16009                      140                      2251        -2   537624                        -6.0                      -0.8
RICE                       0.184               2.943     13.49              1.36               21.8           1457.1              19656                      268                      4288        -1   537624                        -3.7                      -0.8
GAS_US_mini                0.121               1.935      3.74              3.24               51.8           1821.4               6802                      220                      3523        -1   537624                        -1.3                      -0.7
IRON                       1.106              17.698     93.80              1.18               18.9             72.9               6833                       80                      1289        -2   537624                        -2.5                      -0.5
COPPER-micro               0.073               1.162      5.10              1.42               22.8           1821.4               9294                      132                      2117        -1   537624                        -1.7                      -0.4
MUMMY                     10.093             161.496    727.00              1.39               22.2              5.0               3667                       50                       814         1   537624                         0.7                       0.2
KOSDAQ                    20.088             321.413   1272.50              1.58               25.3              5.3               6782                      107                      1713         1   537624                         1.3                       0.3
MXP                        0.000               0.005      0.05              0.56                9.0         364274.8              19149                      108                      1728         1   537624                         3.6                       0.3
TOPIX                     28.333             453.326   2842.00              1.00               16.0              5.0              14335                      142                      2286         1   537624                         2.7                       0.4
CAD                        0.003               0.044      0.73              0.38                6.0          72855.0              53333                      200                      3208         1   537624                         9.9                       0.6
CRUDE_W_micro              1.749              27.977     62.70              2.79               44.6             72.9               4568                      127                      2038         2   537624                         1.7                       0.8
LEANHOG                    1.011              16.169     94.48              1.07               17.1            291.4              27531                      294                      4711         1   537624                         5.1                       0.9
CANOLA                     9.901             158.424    698.70              1.42               22.7             10.7               7461                      105                      1691         3   537624                         4.2                       0.9
BTP                        0.389               6.221    120.77              0.32                5.2            851.6             102847                      331                      5298         1   537624                        19.1                       1.0
BUND                       0.402               6.432    130.09              0.31                4.9            851.6             110784                      342                      5477         1   537624                        20.6                       1.0
YENEUR                     0.778              12.454    168.81              0.46                7.4            630.5             106441                      490                      7852         1   537624                        19.8                       1.5
FEEDCOW                    2.715              43.436    307.98              0.88               14.1            364.3             112187                      988                     15822         1   537624                        20.9                       2.9
PLAT                      31.362             501.795   1349.80              2.32               37.2             36.4              49169                     1142                     18279         1   537624                         9.1                       3.4
MIB                      368.103            5889.640  39665.00              0.93               14.8              4.3             168893                     1567                     25078         1   537624                        31.4                       4.7

Sum of abs(notional exposure % capital) 274.3
Sum of abs(annualised risk % capital) 34.2
Net sum of annualised risk % capital 3.6 

=================================================================================================================================================================================================================
                                                                                                  Correlations                                                                                                   
=================================================================================================================================================================================================================

                BTP  BUND   CAD   JPY  US10U  COPPER-micro  CRUDE_W_micro   DOW  EUROSTX  FEEDCOW  IRON  KOSDAQ  LEANHOG   MIB  MUMMY   MXP  PLAT  TOPIX    DX  YENEUR  CANOLA  GAS-PEN  GAS_US_mini  WHEAT  RICE
BTP            1.00  0.87  0.31  0.38   0.61          0.08          -0.09  0.20     0.22     0.07  0.12    0.17     0.20  0.22   0.19  0.15  0.21   0.10 -0.22   -0.41    0.01    -0.17        -0.16   0.08 -0.02
BUND           0.87  1.00  0.37  0.46   0.59         -0.16          -0.17  0.06    -0.12    -0.12 -0.03   -0.06     0.05 -0.13  -0.04 -0.03  0.04  -0.20 -0.16   -0.57   -0.01    -0.10        -0.11   0.13 -0.01
CAD            0.31  0.37  1.00  0.52   0.29          0.16          -0.18  0.02    -0.04    -0.03 -0.06    0.12     0.04 -0.05   0.14  0.16  0.13  -0.03 -0.63   -0.13    0.03     0.04         0.06   0.26  0.09
JPY            0.38  0.46  0.52  1.00   0.55         -0.05          -0.33 -0.13     0.01    -0.07 -0.06   -0.05     0.09  0.01  -0.05 -0.09 -0.02  -0.24 -0.73   -0.67   -0.18    -0.16        -0.12   0.15  0.12
US10U          0.61  0.59  0.29  0.55   1.00          0.10          -0.22  0.17     0.16     0.15 -0.01    0.08     0.01  0.17   0.08 -0.02  0.08   0.05 -0.43   -0.42   -0.23     0.09         0.09  -0.00 -0.08
COPPER-micro   0.08 -0.16  0.16 -0.05   0.10          1.00           0.31  0.21     0.58     0.26  0.37    0.38     0.24  0.53   0.50  0.32  0.44   0.50 -0.20    0.21   -0.07     0.10         0.12   0.17 -0.07
CRUDE_W_micro -0.09 -0.17 -0.18 -0.33  -0.22          0.31           1.00  0.11     0.27     0.33  0.25    0.16     0.33  0.30   0.30  0.09  0.15   0.37  0.36    0.15    0.26     0.23         0.22   0.29  0.13
DOW            0.20  0.06  0.02 -0.13   0.17          0.21           0.11  1.00     0.32     0.26  0.15    0.34     0.12  0.28   0.39  0.22  0.12   0.41  0.10   -0.05   -0.01     0.06         0.03  -0.18 -0.18
EUROSTX        0.22 -0.12 -0.04  0.01   0.16          0.58           0.27  0.32     1.00     0.35  0.35    0.56     0.33  0.94   0.64  0.22  0.29   0.73 -0.17    0.10   -0.03    -0.04         0.03   0.00 -0.19
FEEDCOW        0.07 -0.12 -0.03 -0.07   0.15          0.26           0.33  0.26     0.35     1.00  0.26    0.30     0.27  0.39   0.38  0.31  0.12   0.40 -0.07    0.14   -0.10     0.00         0.03  -0.08  0.04
IRON           0.12 -0.03 -0.06 -0.06  -0.01          0.37           0.25  0.15     0.35     0.26  1.00    0.11     0.37  0.31   0.25  0.10  0.13   0.31  0.08   -0.02    0.07    -0.08        -0.09   0.11  0.03
KOSDAQ         0.17 -0.06  0.12 -0.05   0.08          0.38           0.16  0.34     0.56     0.30  0.11    1.00     0.20  0.53   0.49  0.38  0.26   0.54 -0.23    0.22    0.08    -0.08        -0.06  -0.03 -0.15
LEANHOG        0.20  0.05  0.04  0.09   0.01          0.24           0.33  0.12     0.33     0.27  0.37    0.20     1.00  0.41   0.42  0.15  0.25   0.27 -0.07   -0.10    0.14    -0.19        -0.20   0.19  0.11
MIB            0.22 -0.13 -0.05  0.01   0.17          0.53           0.30  0.28     0.94     0.39  0.31    0.53     0.41  1.00   0.65  0.22  0.30   0.74 -0.14    0.08   -0.00    -0.06         0.01   0.02 -0.15
MUMMY          0.19 -0.04  0.14 -0.05   0.08          0.50           0.30  0.39     0.64     0.38  0.25    0.49     0.42  0.65   1.00  0.29  0.25   0.79 -0.12    0.12   -0.02    -0.08        -0.06   0.00 -0.15
MXP            0.15 -0.03  0.16 -0.09  -0.02          0.32           0.09  0.22     0.22     0.31  0.10    0.38     0.15  0.22   0.29  1.00  0.37   0.26 -0.23    0.28   -0.00    -0.16        -0.11   0.06 -0.14
PLAT           0.21  0.04  0.13 -0.02   0.08          0.44           0.15  0.12     0.29     0.12  0.13    0.26     0.25  0.30   0.25  0.37  1.00   0.25 -0.29    0.28    0.08    -0.10        -0.05   0.07  0.01
TOPIX          0.10 -0.20 -0.03 -0.24   0.05          0.50           0.37  0.41     0.73     0.40  0.31    0.54     0.27  0.74   0.79  0.26  0.25   1.00 -0.01    0.29    0.01     0.03         0.06  -0.04 -0.22
DX            -0.22 -0.16 -0.63 -0.73  -0.43         -0.20           0.36  0.10    -0.17    -0.07  0.08   -0.23    -0.07 -0.14  -0.12 -0.23 -0.29  -0.01  1.00    0.04    0.14     0.17         0.10  -0.02 -0.02
YENEUR        -0.41 -0.57 -0.13 -0.67  -0.42          0.21           0.15 -0.05     0.10     0.14 -0.02    0.22    -0.10  0.08   0.12  0.28  0.28   0.29  0.04    1.00    0.14     0.12         0.14  -0.11 -0.13
CANOLA         0.01 -0.01  0.03 -0.18  -0.23         -0.07           0.26 -0.01    -0.03    -0.10  0.07    0.08     0.14 -0.00  -0.02 -0.00  0.08   0.01  0.14    0.14    1.00     0.24         0.20   0.35 -0.15
GAS-PEN       -0.17 -0.10  0.04 -0.16   0.09          0.10           0.23  0.06    -0.04     0.00 -0.08   -0.08    -0.19 -0.06  -0.08 -0.16 -0.10   0.03  0.17    0.12    0.24     1.00         0.97   0.32 -0.02
GAS_US_mini   -0.16 -0.11  0.06 -0.12   0.09          0.12           0.22  0.03     0.03     0.03 -0.09   -0.06    -0.20  0.01  -0.06 -0.11 -0.05   0.06  0.10    0.14    0.20     0.97         1.00   0.32 -0.02
WHEAT          0.08  0.13  0.26  0.15  -0.00          0.17           0.29 -0.18     0.00    -0.08  0.11   -0.03     0.19  0.02   0.00  0.06  0.07  -0.04 -0.02   -0.11    0.35     0.32         0.32   1.00  0.09
RICE          -0.02 -0.01  0.09  0.12  -0.08         -0.07           0.13 -0.18    -0.19     0.04  0.03   -0.15     0.11 -0.15  -0.15 -0.14  0.01  -0.22 -0.02   -0.13   -0.15    -0.02        -0.02   0.09  1.00


********************************************************************************
                                 END OF REPORT                                  
********************************************************************************


