
********************************************************************************
                    Risk report produced on 11/10/2023 22:52                    
********************************************************************************


Total risk across all strategies, annualised percentage 12.7
Percentage of capital used for margin 60.1%

========================================
Risk per strategy, annualised percentage
========================================

                  risk
dynamic_TF_carry  12.7


===================
Risk by asset class
===================

Ags       2.2
Bond      7.1
Equity    2.8
FX        6.4
Metals    0.4
OilGas    1.0
Sector    3.3
Vol       2.0
dtype: float64


=====================================================
Beta loadings of asset class positions on asset class
=====================================================

FX       -1.23
Bond     -0.88
Equity   -0.19
Vol      -0.04
OilGas   -0.02
Metals   -0.02
Ags       0.06
Sector    0.16
dtype: float64


========================================================
Beta loadings of full portfolio positions on asset class
========================================================

FX       -1.68
Bond     -1.38
Metals   -0.25
Equity   -0.22
OilGas   -0.02
Vol      -0.02
Ags       0.06
Sector    0.13
dtype: float64


==================================================================================================================================================================================================================================================================
                                                                                                                         Instrument risk                                                                                                                          
==================================================================================================================================================================================================================================================================

              daily_price_stdev  annual_price_stdev     price  daily_perc_stdev  annual_perc_stdev  point_size_base  contract_exposure  daily_risk_per_contract  annual_risk_per_contract  position  capital  exposure_held_perc_capital  annual_risk_perc_capital
US20                      1.065              17.042    113.59              0.94               15.0            813.9              92457                      866                     13871        -1   379468                       -24.4                      -3.7
BUND                      0.761              12.170    129.84              0.59                9.4            862.9             112043                      656                     10501        -1   379468                       -29.5                      -2.8
DAX                     143.127            2290.025  15588.00              0.92               14.7              0.9              13451                      123                      1976        -5   379468                       -17.7                      -2.6
CHF                       0.005               0.075      1.12              0.42                6.7         101741.8             113528                      474                      7590        -1   379468                       -29.9                      -2.0
VIX                       0.579               9.272     17.40              3.33               53.3            813.9              14162                      471                      7546        -1   379468                        -3.7                      -2.0
JPY                       0.000               0.001      0.01              0.51                8.1       10174182.0              69174                      351                      5628        -1   379468                       -18.2                      -1.5
US3                       0.212               3.399    103.24              0.21                3.3           1627.9             168064                      345                      5532        -1   379468                       -44.3                      -1.5
AUD                       0.004               0.066      0.64              0.64               10.3          81393.5              52270                      335                      5361        -1   379468                       -13.8                      -1.4
GBP                       0.006               0.092      1.23              0.47                7.5          50870.9              62642                      291                      4668        -1   379468                       -16.5                      -1.2
NZD                       0.003               0.056      0.60              0.58                9.2          81393.5              49006                      282                      4518        -1   379468                       -12.9                      -1.2
RUSSELL                  20.361             325.770   1783.50              1.14               18.3              4.1               7258                       82                      1325        -3   379468                        -5.7                      -1.0
GAS_US_mini               0.115               1.840      3.66              3.14               50.3           2034.8               7447                      233                      3743        -1   379468                        -2.0                      -1.0
DOW                     245.932            3934.912  33934.00              0.72               11.6              0.4              13810                      100                      1601        -1   379468                        -3.6                      -0.4
COPPER-micro              0.046               0.729      3.61              1.26               20.2           2034.8               7342                       92                      1482        -1   379468                        -1.9                      -0.4
MXP                       0.000               0.007      0.06              0.81               13.0         406967.3              22541                      183                      2933         1   379468                         5.9                       0.8
CNH                       0.019               0.298      7.29              0.26                4.1          11159.6              81347                      207                      3327         1   379468                        21.4                       0.9
NIKKEI                  359.703            5755.245  31975.00              1.12               18.0              0.5              17475                      196                      3145         2   379468                         9.2                       1.7
LEANHOG                   1.618              25.884     69.97              2.31               37.0            325.6              22782                      526                      8427         1   379468                         6.0                       2.2
EU-OIL                    4.517              72.277    361.90              1.25               20.0             43.1              15614                      194                      3118         4   379468                        16.5                       3.3

Sum of abs(notional exposure % capital) 283.1
Sum of abs(annualised risk % capital) 31.6
Net sum of annualised risk % capital -13.8 

=======================================================================================================================================================
                                                                     Correlations                                                                      
=======================================================================================================================================================

               CNH   VIX  BUND  US20   US3   AUD   CHF  COPPER-micro   GBP   JPY   NZD   DAX   DOW  EU-OIL  LEANHOG   MXP  NIKKEI  RUSSELL  GAS_US_mini
CNH           1.00  0.20 -0.16 -0.23 -0.38 -0.57 -0.48         -0.61 -0.45 -0.60 -0.54 -0.31 -0.23   -0.12    -0.08 -0.31   -0.07    -0.29         0.16
VIX           0.20  1.00 -0.03 -0.10  0.06 -0.40 -0.14         -0.34 -0.25 -0.05 -0.23 -0.57 -0.66   -0.32    -0.21 -0.47   -0.58    -0.72        -0.23
BUND         -0.16 -0.03  1.00  0.70  0.69  0.13  0.22         -0.00  0.29  0.28  0.18  0.13  0.21   -0.14    -0.01 -0.08   -0.03     0.11        -0.09
US20         -0.23 -0.10  0.70  1.00  0.68  0.17  0.41          0.08  0.29  0.30  0.19  0.17  0.16   -0.06    -0.03  0.10    0.14     0.11        -0.10
US3          -0.38  0.06  0.69  0.68  1.00  0.28  0.43          0.15  0.42  0.55  0.38  0.03  0.14   -0.16    -0.06 -0.14   -0.12     0.07        -0.16
AUD          -0.57 -0.40  0.13  0.17  0.28  1.00  0.55          0.56  0.61  0.52  0.85  0.43  0.49    0.25     0.17  0.40    0.32     0.52         0.02
CHF          -0.48 -0.14  0.22  0.41  0.43  0.55  1.00          0.46  0.65  0.55  0.53  0.35  0.37    0.05     0.17  0.20    0.19     0.32        -0.12
COPPER-micro -0.61 -0.34 -0.00  0.08  0.15  0.56  0.46          1.00  0.47  0.45  0.48  0.37  0.34    0.31     0.16  0.43    0.23     0.44        -0.08
GBP          -0.45 -0.25  0.29  0.29  0.42  0.61  0.65          0.47  1.00  0.45  0.66  0.38  0.44    0.09     0.20  0.23    0.22     0.40         0.02
JPY          -0.60 -0.05  0.28  0.30  0.55  0.52  0.55          0.45  0.45  1.00  0.52  0.14  0.15   -0.03     0.07  0.16   -0.22     0.20        -0.33
NZD          -0.54 -0.23  0.18  0.19  0.38  0.85  0.53          0.48  0.66  0.52  1.00  0.35  0.35    0.11     0.21  0.23    0.19     0.36         0.05
DAX          -0.31 -0.57  0.13  0.17  0.03  0.43  0.35          0.37  0.38  0.14  0.35  1.00  0.69    0.46     0.29  0.50    0.67     0.68         0.03
DOW          -0.23 -0.66  0.21  0.16  0.14  0.49  0.37          0.34  0.44  0.15  0.35  0.69  1.00    0.44     0.32  0.36    0.59     0.83         0.16
EU-OIL       -0.12 -0.32 -0.14 -0.06 -0.16  0.25  0.05          0.31  0.09 -0.03  0.11  0.46  0.44    1.00     0.17  0.43    0.42     0.39         0.15
LEANHOG      -0.08 -0.21 -0.01 -0.03 -0.06  0.17  0.17          0.16  0.20  0.07  0.21  0.29  0.32    0.17     1.00  0.02    0.23     0.31         0.04
MXP          -0.31 -0.47 -0.08  0.10 -0.14  0.40  0.20          0.43  0.23  0.16  0.23  0.50  0.36    0.43     0.02  1.00    0.38     0.42        -0.06
NIKKEI       -0.07 -0.58 -0.03  0.14 -0.12  0.32  0.19          0.23  0.22 -0.22  0.19  0.67  0.59    0.42     0.23  0.38    1.00     0.61         0.21
RUSSELL      -0.29 -0.72  0.11  0.11  0.07  0.52  0.32          0.44  0.40  0.20  0.36  0.68  0.83    0.39     0.31  0.42    0.61     1.00         0.09
GAS_US_mini   0.16 -0.23 -0.09 -0.10 -0.16  0.02 -0.12         -0.08  0.02 -0.33  0.05  0.03  0.16    0.15     0.04 -0.06    0.21     0.09         1.00


********************************************************************************
                                 END OF REPORT                                  
********************************************************************************


