
********************************************************************************
                    Risk report produced on 08/11/2023 22:52                    
********************************************************************************


Total risk across all strategies, annualised percentage 9.2
Percentage of capital used for margin 54.4%

========================================
Risk per strategy, annualised percentage
========================================

                  risk
dynamic_TF_carry   9.2


===================
Risk by asset class
===================

Ags       1.9
Bond      4.0
Equity    3.6
FX        5.2
Metals    0.6
OilGas    1.1
Sector    3.4
dtype: float64


=====================================================
Beta loadings of asset class positions on asset class
=====================================================

FX       -0.65
Bond     -0.27
Equity   -0.21
OilGas   -0.02
Metals    0.01
Ags       0.06
Sector    0.16
dtype: float64


========================================================
Beta loadings of full portfolio positions on asset class
========================================================

FX       -0.93
Bond     -0.49
Equity   -0.15
Metals   -0.12
OilGas   -0.00
Ags       0.06
Sector    0.09
dtype: float64


==================================================================================================================================================================================================================================================================
                                                                                                                         Instrument risk                                                                                                                          
==================================================================================================================================================================================================================================================================

              daily_price_stdev  annual_price_stdev     price  daily_perc_stdev  annual_perc_stdev  point_size_base  contract_exposure  daily_risk_per_contract  annual_risk_per_contract  position  capital  exposure_held_perc_capital  annual_risk_perc_capital
US20                      1.181              18.893    115.00              1.03               16.4            814.8              93701                      962                     15393        -1   379070                       -24.7                      -4.1
DAX                     133.667            2138.673  15289.00              0.87               14.0              0.9              13307                      116                      1861        -6   379070                       -21.1                      -2.9
BUND                      0.661              10.571    130.62              0.51                8.1            870.4             113687                      575                      9200        -1   379070                       -30.0                      -2.4
CHF                       0.005               0.081      1.12              0.45                7.2         101849.6             113628                      514                      8224        -1   379070                       -30.0                      -2.2
RUSSELL                  24.767             396.273   1717.80              1.44               23.1              4.1               6998                      100                      1614        -4   379070                        -7.4                      -1.7
JPY                       0.000               0.001      0.01              0.58                9.3       10184958.9              67862                      395                      6333        -1   379070                       -17.9                      -1.7
AUD                       0.004               0.071      0.64              0.69               11.1          81479.7              52199                      362                      5801        -1   379070                       -13.8                      -1.5
NZD                       0.004               0.065      0.59              0.69               11.0          81479.7              48162                      332                      5314        -1   379070                       -12.7                      -1.4
GAS_US_mini               0.133               2.129      3.40              3.92               62.7           2037.0               6915                      270                      4335        -1   379070                        -1.8                      -1.1
EURO600                   3.721              59.536    445.10              0.84               13.4             43.5              19369                      161                      2590        -1   379070                        -5.1                      -0.7
COPPER-micro              0.041               0.650      3.64              1.12               17.9           2037.0               7406                       82                      1324        -1   379070                        -2.0                      -0.3
BITCOIN                 818.220           13091.518  35940.00              2.28               36.4              0.1               2928                       66                      1066         2   379070                         1.5                       0.6
MXP                       0.000               0.007      0.06              0.75               12.0         407398.4              23075                      172                      2761         2   379070                        12.2                       1.5
LEANHOG                   1.373              21.973     75.10              1.83               29.3            325.9              24476                      447                      7161         1   379070                         6.5                       1.9
OAT                       0.670              10.721    125.33              0.53                8.6            870.4             109082                      583                      9331         1   379070                        28.8                       2.5
NIKKEI                  381.890            6110.246  32230.00              1.18               19.0              0.5              17427                      206                      3303         3   379070                        13.8                       2.6
EU-OIL                    4.671              74.735    349.50              1.34               21.4             43.5              15209                      203                      3252         4   379070                        16.0                       3.4

Sum of abs(notional exposure % capital) 245.3
Sum of abs(annualised risk % capital) 32.5
Net sum of annualised risk % capital -7.5 

=================================================================================================================================================
                                                                  Correlations                                                                   
=================================================================================================================================================

              BITCOIN  GAS_US_mini   DAX  EURO600   MXP  NIKKEI  RUSSELL  EU-OIL  LEANHOG  BUND   OAT  US20   AUD   CHF  COPPER-micro   JPY   NZD
BITCOIN          1.00         0.07 -0.01    -0.01  0.02   -0.01     0.16   -0.18    -0.09  0.17  0.14 -0.01  0.23 -0.06          0.19 -0.02  0.22
GAS_US_mini      0.07         1.00  0.05     0.10 -0.02    0.19     0.09    0.13     0.10 -0.06 -0.06 -0.02  0.03 -0.16         -0.05 -0.32  0.07
DAX             -0.01         0.05  1.00     0.93  0.54    0.67     0.71    0.40     0.33  0.19  0.25  0.26  0.46  0.31          0.36  0.13  0.41
EURO600         -0.01         0.10  0.93     1.00  0.58    0.73     0.75    0.52     0.28  0.25  0.31  0.35  0.47  0.31          0.38  0.11  0.40
MXP              0.02        -0.02  0.54     0.58  1.00    0.46     0.49    0.35     0.11  0.04  0.09  0.25  0.46  0.17          0.43  0.17  0.32
NIKKEI          -0.01         0.19  0.67     0.73  0.46    1.00     0.65    0.40     0.22  0.13  0.19  0.36  0.34  0.18          0.19 -0.18  0.26
RUSSELL          0.16         0.09  0.71     0.75  0.49    0.65     1.00    0.29     0.34  0.17  0.22  0.22  0.57  0.29          0.40  0.19  0.47
EU-OIL          -0.18         0.13  0.40     0.52  0.35    0.40     0.29    1.00     0.08 -0.08 -0.05  0.02  0.14  0.08          0.25 -0.03  0.02
LEANHOG         -0.09         0.10  0.33     0.28  0.11    0.22     0.34    0.08     1.00  0.03  0.06  0.07  0.23  0.07          0.20  0.08  0.29
BUND             0.17        -0.06  0.19     0.25  0.04    0.13     0.17   -0.08     0.03  1.00  0.99  0.73  0.17  0.20          0.01  0.28  0.21
OAT              0.14        -0.06  0.25     0.31  0.09    0.19     0.22   -0.05     0.06  0.99  1.00  0.75  0.20  0.22          0.04  0.26  0.23
US20            -0.01        -0.02  0.26     0.35  0.25    0.36     0.22    0.02     0.07  0.73  0.75  1.00  0.20  0.29          0.09  0.27  0.25
AUD              0.23         0.03  0.46     0.47  0.46    0.34     0.57    0.14     0.23  0.17  0.20  0.20  1.00  0.49          0.56  0.50  0.86
CHF             -0.06        -0.16  0.31     0.31  0.17    0.18     0.29    0.08     0.07  0.20  0.22  0.29  0.49  1.00          0.40  0.53  0.46
COPPER-micro     0.19        -0.05  0.36     0.38  0.43    0.19     0.40    0.25     0.20  0.01  0.04  0.09  0.56  0.40          1.00  0.46  0.47
JPY             -0.02        -0.32  0.13     0.11  0.17   -0.18     0.19   -0.03     0.08  0.28  0.26  0.27  0.50  0.53          0.46  1.00  0.49
NZD              0.22         0.07  0.41     0.40  0.32    0.26     0.47    0.02     0.29  0.21  0.23  0.25  0.86  0.46          0.47  0.49  1.00


********************************************************************************
                                 END OF REPORT                                  
********************************************************************************


