
********************************************************************************
                    Risk report produced on 21/05/2025 22:52                    
********************************************************************************


Total risk across all strategies, annualised percentage 6.5
Percentage of capital used for margin 38.4%

========================================
Risk per strategy, annualised percentage
========================================

                  risk
dynamic_TF_carry   6.5


===================
Risk by asset class
===================

Ags       3.3
Bond      1.5
Equity    2.5
FX        2.2
OilGas    3.7
Vol       0.2
dtype: float64


=====================================================
Beta loadings of asset class positions on asset class
=====================================================

OilGas   -0.09
Vol      -0.00
Ags       0.06
Equity    0.16
FX        0.25
Bond      0.32
dtype: float64


========================================================
Beta loadings of full portfolio positions on asset class
========================================================

OilGas   -0.08
Vol      -0.07
Ags      -0.00
Bond      0.08
Equity    0.22
FX        0.24
dtype: float64


===================================================================================================================================================================================================================================================================
                                                                                                                          Instrument risk                                                                                                                          
===================================================================================================================================================================================================================================================================

               daily_price_stdev  annual_price_stdev     price  daily_perc_stdev  annual_perc_stdev  point_size_base  contract_exposure  daily_risk_per_contract  annual_risk_per_contract  position  capital  exposure_held_perc_capital  annual_risk_perc_capital
GAS-PEN                    0.127               2.027      3.35              3.78               60.5           7433.9              24903                      941                     15065        -1   529739                        -4.7                      -2.8
DOW                      538.182            8610.912  41902.00              1.28               20.6              0.4              15574                      200                      3200        -2   529739                        -5.9                      -1.2
DX                         0.489               7.817     99.41              0.49                7.9            743.4              73900                      363                      5810        -1   529739                       -14.0                      -1.1
WHEAT                      8.003             128.053    584.00              1.37               21.9             37.2              21707                      297                      4759        -1   529739                        -4.1                      -0.9
GAS_US_mini                0.128               2.048      3.72              3.44               55.1           1858.5               6913                      237                      3806        -1   529739                        -1.3                      -0.7
SOYMEAL                    3.168              50.682    300.30              1.05               16.9             74.3              22324                      235                      3767        -1   529739                        -4.2                      -0.7
KRWUSD_mini                0.006               0.090      0.72              0.78               12.4          18584.9              13446                      104                      1671        -2   529739                        -5.1                      -0.6
CRUDE_W_micro              1.283              20.534     60.92              2.11               33.7             74.3               4528                       95                      1526        -2   529739                        -1.7                      -0.6
V2X                        0.613               9.805     19.70              3.11               49.8             84.3               1659                       51                       826        -1   529739                        -0.3                      -0.2
MXP                        0.000               0.006      0.05              0.70               11.2         371697.5              19094                      133                      2132         1   529739                         3.6                       0.4
CANOLA                     9.036             144.569    684.00              1.32               21.1             10.7               7323                       96                      1547         2   529739                         2.8                       0.6
KR10                       0.377               6.026    119.24              0.32                5.1            536.2              63933                      201                      3231         1   529739                        12.1                       0.6
TOPIX                     39.140             626.238   2741.25              1.43               22.8              5.2              14194                      202                      3242         1   529739                         2.7                       0.6
NIKKEI                   575.260            9204.153  37440.00              1.54               24.6              0.5              19387                      297                      4766         1   529739                         3.7                       0.9
MSCISING                   5.273              84.370    406.10              1.30               20.8             57.6              23388                      303                      4859         1   529739                         4.4                       0.9
MUMMY                     11.587             185.394    716.00              1.62               25.9              5.2               3707                       60                       960         6   529739                         4.2                       1.1
BTP                        0.437               6.985    119.83              0.36                5.8            842.5             100959                      367                      5885         1   529739                        19.1                       1.1
YENEUR                     0.885              14.163    162.58              0.54                8.7            647.3             105235                      572                      9167         1   529739                        19.9                       1.7
FEEDCOW                    2.602              41.637    295.10              0.88               14.1            371.7             109687                      967                     15476         1   529739                        20.7                       2.9

Sum of abs(notional exposure % capital) 134.5
Sum of abs(annualised risk % capital) 19.6
Net sum of annualised risk % capital 2.0 

============================================================================================================================================================================
                                                                                Correlations                                                                                
============================================================================================================================================================================

               CRUDE_W_micro   DOW  FEEDCOW  MSCISING  MUMMY   MXP  NIKKEI  TOPIX  YENEUR   BTP  KR10  KRWUSD_mini  CANOLA  SOYMEAL  WHEAT    DX  GAS-PEN  GAS_US_mini   V2X
CRUDE_W_micro           1.00  0.26     0.33      0.46   0.45  0.22    0.42   0.43    0.13 -0.13 -0.33        -0.32    0.07    -0.09  -0.01  0.27     0.15         0.18 -0.33
DOW                     0.26  1.00     0.37      0.74   0.63  0.22    0.72   0.71    0.09  0.26 -0.04         0.07    0.05     0.02  -0.04  0.14     0.16         0.16 -0.64
FEEDCOW                 0.33  0.37     1.00      0.45   0.42  0.30    0.51   0.51    0.36 -0.11 -0.20        -0.05   -0.07     0.01  -0.16 -0.02     0.20         0.25 -0.31
MSCISING                0.46  0.74     0.45      1.00   0.76  0.35    0.75   0.80    0.13  0.15 -0.14         0.03   -0.04     0.02  -0.00  0.06     0.24         0.27 -0.65
MUMMY                   0.45  0.63     0.42      0.76   1.00  0.35    0.86   0.87    0.27  0.13 -0.22         0.11    0.04    -0.05   0.02 -0.03     0.09         0.13 -0.71
MXP                     0.22  0.22     0.30      0.35   0.35  1.00    0.44   0.41    0.37  0.15 -0.10         0.15   -0.10     0.09   0.22 -0.17     0.02         0.05 -0.41
NIKKEI                  0.42  0.72     0.51      0.75   0.86  0.44    1.00   0.97    0.46  0.07 -0.30         0.01    0.04    -0.07   0.01  0.11     0.17         0.19 -0.82
TOPIX                   0.43  0.71     0.51      0.80   0.87  0.41    0.97   1.00    0.44  0.04 -0.31        -0.05    0.07    -0.08  -0.01  0.12     0.20         0.23 -0.82
YENEUR                  0.13  0.09     0.36      0.13   0.27  0.37    0.46   0.44    1.00 -0.36 -0.47        -0.12    0.09    -0.07   0.05  0.01     0.12         0.18 -0.39
BTP                    -0.13  0.26    -0.11      0.15   0.13  0.15    0.07   0.04   -0.36  1.00  0.56         0.21    0.04    -0.03  -0.03 -0.03    -0.23        -0.25 -0.18
KR10                   -0.33 -0.04    -0.20     -0.14  -0.22 -0.10   -0.30  -0.31   -0.47  0.56  1.00         0.19   -0.07    -0.01  -0.21 -0.18    -0.17        -0.21  0.19
KRWUSD_mini            -0.32  0.07    -0.05      0.03   0.11  0.15    0.01  -0.05   -0.12  0.21  0.19         1.00   -0.13     0.15   0.21 -0.50    -0.15        -0.16  0.07
CANOLA                  0.07  0.05    -0.07     -0.04   0.04 -0.10    0.04   0.07    0.09  0.04 -0.07        -0.13    1.00     0.11   0.16  0.05     0.06         0.06 -0.05
SOYMEAL                -0.09  0.02     0.01      0.02  -0.05  0.09   -0.07  -0.08   -0.07 -0.03 -0.01         0.15    0.11     1.00   0.27 -0.14     0.16         0.17  0.21
WHEAT                  -0.01 -0.04    -0.16     -0.00   0.02  0.22    0.01  -0.01    0.05 -0.03 -0.21         0.21    0.16     0.27   1.00 -0.18     0.04         0.03  0.05
DX                      0.27  0.14    -0.02      0.06  -0.03 -0.17    0.11   0.12    0.01 -0.03 -0.18        -0.50    0.05    -0.14  -0.18  1.00     0.11         0.13 -0.17
GAS-PEN                 0.15  0.16     0.20      0.24   0.09  0.02    0.17   0.20    0.12 -0.23 -0.17        -0.15    0.06     0.16   0.04  0.11     1.00         0.97 -0.16
GAS_US_mini             0.18  0.16     0.25      0.27   0.13  0.05    0.19   0.23    0.18 -0.25 -0.21        -0.16    0.06     0.17   0.03  0.13     0.97         1.00 -0.16
V2X                    -0.33 -0.64    -0.31     -0.65  -0.71 -0.41   -0.82  -0.82   -0.39 -0.18  0.19         0.07   -0.05     0.21   0.05 -0.17    -0.16        -0.16  1.00


********************************************************************************
                                 END OF REPORT                                  
********************************************************************************


