
********************************************************************************
                    Risk report produced on 29/01/2024 22:51                    
********************************************************************************


Total risk across all strategies, annualised percentage 8.5
Percentage of capital used for margin 59.5%

========================================
Risk per strategy, annualised percentage
========================================

                  risk
dynamic_TF_carry   8.5


===================
Risk by asset class
===================

Ags       1.7
Bond      2.6
Equity    5.1
FX        4.2
Metals    1.1
Vol       1.5
dtype: float64


=====================================================
Beta loadings of asset class positions on asset class
=====================================================

Bond     -0.52
FX       -0.28
Ags      -0.07
Vol      -0.03
Metals    0.04
Equity    0.39
dtype: float64


========================================================
Beta loadings of full portfolio positions on asset class
========================================================

Bond     -1.35
Vol      -0.17
FX       -0.09
Ags      -0.00
Metals    0.06
Equity    0.63
dtype: float64


==================================================================================================================================================================================================================================================================
                                                                                                                         Instrument risk                                                                                                                          
==================================================================================================================================================================================================================================================================

              daily_price_stdev  annual_price_stdev     price  daily_perc_stdev  annual_perc_stdev  point_size_base  contract_exposure  daily_risk_per_contract  annual_risk_per_contract  position  capital  exposure_held_perc_capital  annual_risk_perc_capital
JPY                       0.000               0.001      0.01              0.62                9.9        9838917.2              67253                      414                      6627        -2   367936                       -36.6                      -3.6
BOBL                      0.322               5.148    118.09              0.27                4.4            852.2             100638                      274                      4387        -2   367936                       -54.7                      -2.4
LEANHOG                   1.236              19.773     83.42              1.48               23.7            314.8              26265                      389                      6225        -1   367936                        -7.1                      -1.7
VIX                       0.435               6.968     15.20              2.86               45.8            787.1              11964                      342                      5484        -1   367936                        -3.3                      -1.5
US2                       0.146               2.335    102.68              0.14                2.3           1574.2             161647                      229                      3675        -1   367936                       -43.9                      -1.0
KOSDAQ                   25.443             407.095   1264.00              2.01               32.2              5.9               7468                      150                      2405        -1   367936                        -2.0                      -0.7
RUSSELL                  24.559             392.950   2012.40              1.22               19.5              3.9               7919                       96                      1546        -1   367936                        -2.2                      -0.4
EUR_micro                 0.005               0.073      1.09              0.42                6.7           9838.9              10679                       44                       718        -2   367936                        -5.8                      -0.4
COPPER-micro              0.045               0.712      3.88              1.15               18.3           1967.8               7644                       87                      1401        -1   367936                        -2.1                      -0.4
IRON                      2.208              35.328    135.50              1.63               26.1             78.7              10665                      173                      2780         1   367936                         2.9                       0.8
BITCOIN                1232.006           19712.104  43430.00              2.84               45.4              0.1               3418                       96                      1551         2   367936                         1.9                       0.8
TOPIX                    19.127             306.039   2523.00              0.76               12.1              5.3              13435                      101                      1629         2   367936                         7.3                       0.9
CNH                       0.019               0.301      7.17              0.26                4.2          10944.0              78446                      205                      3294         1   367936                        21.3                       0.9
MXP                       0.000               0.006      0.06              0.64               10.2         393556.7              22692                      144                      2307         2   367936                        12.3                       1.3
NIKKEI                  332.076            5313.211  35950.00              0.92               14.8              0.5              19144                      176                      2829         2   367936                        10.4                       1.5
R1000                    11.692             187.067   1638.10              0.71               11.4             39.4              64468                      460                      7362         1   367936                        17.5                       2.0
CAC                      64.273            1028.373   7655.00              0.84               13.4              8.5              65237                      547                      8763         1   367936                        17.7                       2.4
KR10                      0.468               7.487    112.84              0.41                6.6            590.8              66668                      276                      4423         2   367936                        36.2                       2.4

Sum of abs(notional exposure % capital) 285.2
Sum of abs(annualised risk % capital) 25.1
Net sum of annualised risk % capital 0.9 

====================================================================================================================================================
                                                                    Correlations                                                                    
====================================================================================================================================================

               CNH   VIX  BITCOIN  BOBL   JPY   US2  LEANHOG  NIKKEI  TOPIX   CAC  COPPER-micro  EUR_micro  KOSDAQ  KR10   MXP  R1000  RUSSELL  IRON
CNH           1.00  0.33    -0.19 -0.35 -0.49 -0.43     0.03   -0.18  -0.10 -0.37         -0.54      -0.55   -0.21 -0.42 -0.24  -0.38    -0.39 -0.20
VIX           0.33  1.00    -0.12 -0.13 -0.15 -0.12    -0.37   -0.51  -0.53 -0.55         -0.34      -0.25   -0.31 -0.47 -0.50  -0.65    -0.63 -0.24
BITCOIN      -0.19 -0.12     1.00  0.28  0.18  0.26    -0.15   -0.14  -0.11  0.08          0.15       0.15    0.04  0.21 -0.01   0.13     0.15  0.11
BOBL         -0.35 -0.13     0.28  1.00  0.54  0.70    -0.15   -0.08  -0.15  0.30          0.14       0.23    0.09  0.59  0.10   0.25     0.29  0.07
JPY          -0.49 -0.15     0.18  0.54  1.00  0.58    -0.06   -0.24  -0.27  0.28          0.40       0.54    0.11  0.33  0.20   0.26     0.33  0.15
US2          -0.43 -0.12     0.26  0.70  0.58  1.00    -0.02   -0.05  -0.11  0.15          0.27       0.48    0.06  0.47  0.02   0.24     0.25 -0.07
LEANHOG       0.03 -0.37    -0.15 -0.15 -0.06 -0.02     1.00    0.33   0.36  0.26          0.18       0.13    0.05  0.05  0.24   0.36     0.29  0.18
NIKKEI       -0.18 -0.51    -0.14 -0.08 -0.24 -0.05     0.33    1.00   0.93  0.47          0.24       0.20    0.39  0.28  0.44   0.47     0.37  0.08
TOPIX        -0.10 -0.53    -0.11 -0.15 -0.27 -0.11     0.36    0.93   1.00  0.49          0.21       0.10    0.30  0.25  0.45   0.49     0.37  0.12
CAC          -0.37 -0.55     0.08  0.30  0.28  0.15     0.26    0.47   0.49  1.00          0.41       0.38    0.31  0.49  0.55   0.71     0.67  0.27
COPPER-micro -0.54 -0.34     0.15  0.14  0.40  0.27     0.18    0.24   0.21  0.41          1.00       0.53    0.25  0.16  0.41   0.54     0.53  0.39
EUR_micro    -0.55 -0.25     0.15  0.23  0.54  0.48     0.13    0.20   0.10  0.38          0.53       1.00    0.34  0.28  0.43   0.45     0.40  0.10
KOSDAQ       -0.21 -0.31     0.04  0.09  0.11  0.06     0.05    0.39   0.30  0.31          0.25       0.34    1.00  0.36  0.23   0.36     0.33  0.08
KR10         -0.42 -0.47     0.21  0.59  0.33  0.47     0.05    0.28   0.25  0.49          0.16       0.28    0.36  1.00  0.26   0.39     0.32  0.19
MXP          -0.24 -0.50    -0.01  0.10  0.20  0.02     0.24    0.44   0.45  0.55          0.41       0.43    0.23  0.26  1.00   0.52     0.47  0.29
R1000        -0.38 -0.65     0.13  0.25  0.26  0.24     0.36    0.47   0.49  0.71          0.54       0.45    0.36  0.39  0.52   1.00     0.91  0.36
RUSSELL      -0.39 -0.63     0.15  0.29  0.33  0.25     0.29    0.37   0.37  0.67          0.53       0.40    0.33  0.32  0.47   0.91     1.00  0.36
IRON         -0.20 -0.24     0.11  0.07  0.15 -0.07     0.18    0.08   0.12  0.27          0.39       0.10    0.08  0.19  0.29   0.36     0.36  1.00


********************************************************************************
                                 END OF REPORT                                  
********************************************************************************


