
********************************************************************************
           Risk report report produced on 2022-06-23 21:01:00.435383            
********************************************************************************


Total risk across all strategies, annualised percentage 10.2
Percentage of capital used for margin 22.4%

========================================
Risk per strategy, annualised percentage
========================================

                  risk
dynamic_TF_carry  10.1


==================================================================================================================================================================================================================================================================
                                                                                                                         Instrument risk                                                                                                                          
==================================================================================================================================================================================================================================================================

              daily_price_stdev  annual_price_stdev     price  daily_perc_stdev  annual_perc_stdev  point_size_base  contract_exposure  daily_risk_per_contract  annual_risk_per_contract  position  capital  exposure_held_perc_capital  annual_risk_perc_capital
US10U                     0.917              14.671    126.20              0.73               11.6            814.8             102825                      747                     11953        -1   375239                       -27.4                      -3.2
SILVER                    0.433               6.933     20.95              2.07               33.1            814.8              17069                      353                      5648        -1   375239                        -4.5                      -1.5
DJSTX-SMALL               5.523              88.368    296.00              1.87               29.9             42.9              12693                      236                      3789        -1   375239                        -3.4                      -1.0
DAX                     205.854            3293.662  12825.00              1.61               25.7              0.9              10999                      176                      2824        -1   375239                        -2.9                      -0.8
DOW                     412.016            6592.262  30291.00              1.36               21.8              0.4              12340                      167                      2685        -1   375239                        -3.3                      -0.7
KOSDAQ                   23.538             376.604   1031.40              2.28               36.5              6.3               6458                      147                      2358        -1   375239                        -1.7                      -0.6
RUSSELL                  35.239             563.829   1689.20              2.09               33.4              4.1               6881                      143                      2296        -1   375239                        -1.8                      -0.6
NIKKEI400               214.062            3424.987  16555.00              1.29               20.7              0.6              10024                      129                      2073         1   375239                         2.7                       0.6
TOPIX                    23.524             376.392   1846.50              1.27               20.4              6.1              11180                      142                      2279         1   375239                         3.0                       0.6
BRE                       0.002               0.034      0.19              1.12               18.0          81476.4              15476                      173                      2778         1   375239                         4.1                       0.7
EU-OIL                    6.248              99.963    296.90              2.10               33.7             42.9              12732                      267                      4286         1   375239                         3.4                       1.1
IRON                      4.169              66.700    116.55              3.58               57.2             81.5               9496                      339                      5434         1   375239                         2.5                       1.4
SOYOIL                    1.412              22.598     63.88              2.21               35.4            488.9              31228                      690                     11047         1   375239                         8.3                       2.9
WHEAT                    19.766             316.260    945.00              2.09               33.5             40.7              38497                      805                     12883         1   375239                        10.3                       3.4
SOYBEAN                  20.874             333.984   1416.00              1.47               23.6             40.7              57685                      850                     13605         1   375239                        15.4                       3.6
CRUDE_W_mini              2.551              40.808    101.20              2.52               40.3            407.4              41227                     1039                     16624         1   375239                        11.0                       4.4

Sum of abs(notional exposure % capital) 105.7
Sum of abs(annualised risk % capital) 27.1
Net sum of annualised risk % capital 10.3 

=================================================================================================================================================
                                                                  Correlations                                                                   
=================================================================================================================================================

               DAX  DJSTX-SMALL   DOW  NIKKEI400  RUSSELL  TOPIX   BRE  EU-OIL  KOSDAQ  SOYBEAN  SOYOIL  WHEAT  CRUDE_W_mini  IRON  SILVER  US10U
DAX           1.00         0.57  0.55       0.53     0.50   0.53  0.30    0.39    0.28     0.25    0.22   0.07          0.10  0.13    0.13   0.10
DJSTX-SMALL   0.57         1.00  0.56       0.49     0.54   0.50  0.33    0.41    0.34     0.26    0.23   0.11          0.16  0.14    0.22   0.22
DOW           0.55         0.56  1.00       0.47     0.57   0.48  0.33    0.42    0.36     0.28    0.23   0.12          0.21  0.25    0.22   0.14
NIKKEI400     0.53         0.49  0.47       1.00     0.46   0.58  0.23    0.32    0.33     0.19    0.16   0.05          0.10  0.11    0.12   0.04
RUSSELL       0.50         0.54  0.57       0.46     1.00   0.47  0.34    0.42    0.38     0.26    0.26   0.15          0.29  0.26    0.28   0.14
TOPIX         0.53         0.50  0.48       0.58     0.47   1.00  0.24    0.34    0.34     0.20    0.17   0.04          0.13  0.13    0.13   0.06
BRE           0.30         0.33  0.33       0.23     0.34   0.24  1.00    0.34    0.26     0.25    0.16   0.15          0.28  0.24    0.33   0.17
EU-OIL        0.39         0.41  0.42       0.32     0.42   0.34  0.34    1.00    0.29     0.27    0.29   0.18          0.38  0.30    0.25   0.08
KOSDAQ        0.28         0.34  0.36       0.33     0.38   0.34  0.26    0.29    1.00     0.12    0.11   0.14          0.25  0.21    0.24   0.17
SOYBEAN       0.25         0.26  0.28       0.19     0.26   0.20  0.25    0.27    0.12     1.00    0.42   0.36          0.23  0.22    0.24   0.13
SOYOIL        0.22         0.23  0.23       0.16     0.26   0.17  0.16    0.29    0.11     0.42    1.00   0.33          0.27  0.24    0.24   0.16
WHEAT         0.07         0.11  0.12       0.05     0.15   0.04  0.15    0.18    0.14     0.36    0.33   1.00          0.26  0.22    0.26   0.15
CRUDE_W_mini  0.10         0.16  0.21       0.10     0.29   0.13  0.28    0.38    0.25     0.23    0.27   0.26          1.00  0.33    0.31   0.14
IRON          0.13         0.14  0.25       0.11     0.26   0.13  0.24    0.30    0.21     0.22    0.24   0.22          0.33  1.00    0.27   0.09
SILVER        0.13         0.22  0.22       0.12     0.28   0.13  0.33    0.25    0.24     0.24    0.24   0.26          0.31  0.27    1.00   0.25
US10U         0.10         0.22  0.14       0.04     0.14   0.06  0.17    0.08    0.17     0.13    0.16   0.15          0.14  0.09    0.25   1.00


********************************************************************************
                                 END OF REPORT                                  
********************************************************************************


