
********************************************************************************
                    Risk report produced on 01/08/2024 22:52                    
********************************************************************************


Total risk across all strategies, annualised percentage 10.0
Percentage of capital used for margin 71.6%

========================================
Risk per strategy, annualised percentage
========================================

                  risk
dynamic_TF_carry  10.0


===================
Risk by asset class
===================

Ags       1.8
Bond      1.6
Equity    8.5
FX        1.7
Metals    3.3
OilGas    2.0
Sector    1.5
Vol       2.9
dtype: float64


=====================================================
Beta loadings of asset class positions on asset class
=====================================================

Metals   -0.16
Sector   -0.08
Vol      -0.07
OilGas   -0.04
Ags      -0.03
FX        0.15
Bond      0.32
Equity    0.63
dtype: float64


========================================================
Beta loadings of full portfolio positions on asset class
========================================================

Vol      -0.14
Metals   -0.06
OilGas   -0.04
Ags      -0.01
Sector    0.17
Bond      0.39
FX        0.59
Equity    0.60
dtype: float64


===================================================================================================================================================================================================================================================================
                                                                                                                          Instrument risk                                                                                                                          
===================================================================================================================================================================================================================================================================

               daily_price_stdev  annual_price_stdev     price  daily_perc_stdev  annual_perc_stdev  point_size_base  contract_exposure  daily_risk_per_contract  annual_risk_per_contract  position  capital  exposure_held_perc_capital  annual_risk_perc_capital
VIX                        0.477               7.633     18.50              2.58               41.3            778.4              14400                      371                      5941        -3   617019                        -7.0                      -2.9
GAS-PEN                    0.099               1.581      2.16              4.57               73.1           7784.2              16829                      769                     12304        -1   617019                        -2.7                      -2.0
BITCOIN                 1789.512           28632.191  67440.00              2.65               42.5              0.1               5249                      139                      2228        -5   617019                        -4.3                      -1.8
ALUMINIUM                 33.572             537.157   2189.75              1.53               24.5             19.5              42613                      653                     10453        -1   617019                        -6.9                      -1.7
EU-AUTO                    7.087             113.387    589.60              1.20               19.2             42.1              24843                      298                      4777        -2   617019                        -8.1                      -1.5
PLAT                      15.043             240.686    969.90              1.55               24.8             38.9              37749                      585                      9367        -1   617019                        -6.1                      -1.5
CORN                       6.168              98.683    399.75              1.54               24.7             38.9              15558                      240                      3840        -2   617019                        -5.0                      -1.2
KOSDAQ                    19.926             318.814   1361.10              1.46               23.4              5.7               7772                      113                      1820        -4   617019                        -5.0                      -1.2
COTTON2                    1.068              17.083     68.04              1.57               25.1            389.2              26481                      415                      6648        -1   617019                        -4.3                      -1.1
FTSECHINAA                97.991            1567.855  11711.00              0.84               13.4              0.8               9116                       76                      1220        -3   617019                        -4.4                      -0.6
CAD                        0.002               0.033      0.72              0.28                4.5          77841.6              56162                      158                      2543        -1   617019                        -9.1                      -0.4
CRUDE_W_micro              1.338              21.415     75.80              1.77               28.3             77.8               5900                      104                      1666         0   617019                         0.0                       0.0
CAD10                      0.473               7.561    123.80              0.38                6.1            563.7              69782                      266                      4262         1   617019                        11.3                       0.7
DAX                      161.901            2590.416  18181.00              0.89               14.2              0.8              15321                      136                      2182         2   617019                         5.0                       0.7
MSCISING                   2.548              40.772    318.60              0.80               12.8             58.3              18565                      148                      2375         2   617019                         6.0                       0.8
KR10                       0.370               5.914    117.23              0.32                5.0            571.1              66946                      211                      3377         2   617019                        21.7                       1.1
LIVECOW                    1.397              22.350    183.52              0.76               12.2            311.4              57143                      434                      6959         1   617019                         9.3                       1.1
NIKKEI                   515.834            8253.348  38085.00              1.35               21.7              0.5              19799                      268                      4290         2   617019                         6.4                       1.4
DOW                      323.906            5182.504  40377.00              0.80               12.8              0.4              15715                      126                      2017         5   617019                        12.7                       1.6
YENEUR                     1.032              16.512    160.63              0.64               10.3            649.9             104385                      670                     10730         1   617019                        16.9                       1.7
SPI200                    62.832            1005.310   8092.00              0.78               12.4             12.7             102890                      798                     12782         1   617019                        16.7                       2.1
MSCITAIWAN                12.583             201.327    902.20              1.39               22.3             77.8              70228                      979                     15671         1   617019                        11.4                       2.5
MIB                      342.512            5480.188  33025.00              1.04               16.6              4.2             139153                     1443                     23091         1   617019                        22.6                       3.7

Sum of abs(notional exposure % capital) 202.9
Sum of abs(annualised risk % capital) 33.3
Net sum of annualised risk % capital 1.5 

=============================================================================================================================================================================================================
                                                                                                Correlations                                                                                                 
=============================================================================================================================================================================================================

               BITCOIN  CAD10  KR10   CAD   DAX   DOW  EU-AUTO  KOSDAQ   MIB  MSCISING  MSCITAIWAN  NIKKEI  SPI200  ALUMINIUM  CORN  COTTON2  CRUDE_W_micro  FTSECHINAA  GAS-PEN  LIVECOW  PLAT  YENEUR   VIX
BITCOIN           1.00   0.15  0.12  0.03  0.25  0.25     0.19    0.03  0.18     -0.02        0.08   -0.06    0.33      -0.05  0.20     0.18          -0.03       -0.07    -0.06    -0.13  0.07   -0.19 -0.07
CAD10             0.15   1.00  0.55  0.18  0.15  0.31    -0.07    0.12 -0.03      0.03        0.14   -0.17    0.33      -0.18 -0.08    -0.34          -0.23        0.00    -0.06    -0.16  0.07   -0.38 -0.05
KR10              0.12   0.55  1.00  0.31  0.23  0.37     0.04    0.30  0.05      0.21        0.29   -0.00    0.41      -0.13  0.02    -0.02          -0.14       -0.02     0.00    -0.13  0.04   -0.16 -0.09
CAD               0.03   0.18  0.31  1.00  0.40  0.49     0.34    0.28  0.47      0.39        0.32    0.26    0.28       0.27  0.14    -0.06           0.28        0.12     0.05     0.18  0.42    0.15 -0.33
DAX               0.25   0.15  0.23  0.40  1.00  0.62     0.69    0.38  0.82      0.30        0.28    0.38    0.52       0.04  0.06     0.11          -0.01        0.09     0.01    -0.04  0.19    0.08 -0.64
DOW               0.25   0.31  0.37  0.49  0.62  1.00     0.38    0.33  0.49      0.33        0.34    0.35    0.75      -0.12  0.05     0.19           0.17        0.25     0.02     0.17  0.26   -0.05 -0.58
EU-AUTO           0.19  -0.07  0.04  0.34  0.69  0.38     1.00    0.43  0.80      0.26        0.26    0.39    0.29       0.05  0.05     0.10           0.03        0.02    -0.08    -0.02  0.01    0.21 -0.44
KOSDAQ            0.03   0.12  0.30  0.28  0.38  0.33     0.43    1.00  0.42      0.46        0.32    0.38    0.33      -0.07  0.02    -0.03           0.01        0.05    -0.11    -0.14 -0.15    0.21 -0.35
MIB               0.18  -0.03  0.05  0.47  0.82  0.49     0.80    0.42  1.00      0.38        0.19    0.44    0.37       0.07  0.03     0.00           0.02        0.13     0.07     0.09  0.14    0.25 -0.53
MSCISING         -0.02   0.03  0.21  0.39  0.30  0.33     0.26    0.46  0.38      1.00        0.48    0.41    0.37       0.21  0.08    -0.00           0.24        0.39     0.08     0.03  0.13    0.18 -0.33
MSCITAIWAN        0.08   0.14  0.29  0.32  0.28  0.34     0.26    0.32  0.19      0.48        1.00    0.39    0.37       0.14  0.13     0.21           0.29        0.23     0.03     0.03  0.22    0.24 -0.29
NIKKEI           -0.06  -0.17 -0.00  0.26  0.38  0.35     0.39    0.38  0.44      0.41        0.39    1.00    0.32       0.05 -0.10     0.19           0.23        0.12     0.17     0.01 -0.01    0.53 -0.44
SPI200            0.33   0.33  0.41  0.28  0.52  0.75     0.29    0.33  0.37      0.37        0.37    0.32    1.00      -0.11  0.15     0.30           0.17        0.25     0.06     0.18  0.23   -0.19 -0.41
ALUMINIUM        -0.05  -0.18 -0.13  0.27  0.04 -0.12     0.05   -0.07  0.07      0.21        0.14    0.05   -0.11       1.00  0.12     0.08           0.22        0.24    -0.11     0.04  0.40    0.19 -0.02
CORN              0.20  -0.08  0.02  0.14  0.06  0.05     0.05    0.02  0.03      0.08        0.13   -0.10    0.15       0.12  1.00     0.00           0.12        0.09     0.16     0.09  0.11   -0.01 -0.01
COTTON2           0.18  -0.34 -0.02 -0.06  0.11  0.19     0.10   -0.03  0.00     -0.00        0.21    0.19    0.30       0.08  0.00     1.00           0.25        0.21    -0.07     0.20  0.06   -0.02 -0.16
CRUDE_W_micro    -0.03  -0.23 -0.14  0.28 -0.01  0.17     0.03    0.01  0.02      0.24        0.29    0.23    0.17       0.22  0.12     0.25           1.00        0.16     0.13     0.39  0.23    0.07  0.01
FTSECHINAA       -0.07   0.00 -0.02  0.12  0.09  0.25     0.02    0.05  0.13      0.39        0.23    0.12    0.25       0.24  0.09     0.21           0.16        1.00     0.01     0.29  0.15    0.15 -0.20
GAS-PEN          -0.06  -0.06  0.00  0.05  0.01  0.02    -0.08   -0.11  0.07      0.08        0.03    0.17    0.06      -0.11  0.16    -0.07           0.13        0.01     1.00     0.17 -0.07    0.20 -0.13
LIVECOW          -0.13  -0.16 -0.13  0.18 -0.04  0.17    -0.02   -0.14  0.09      0.03        0.03    0.01    0.18       0.04  0.09     0.20           0.39        0.29     0.17     1.00  0.25    0.01 -0.11
PLAT              0.07   0.07  0.04  0.42  0.19  0.26     0.01   -0.15  0.14      0.13        0.22   -0.01    0.23       0.40  0.11     0.06           0.23        0.15    -0.07     0.25  1.00   -0.05 -0.10
YENEUR           -0.19  -0.38 -0.16  0.15  0.08 -0.05     0.21    0.21  0.25      0.18        0.24    0.53   -0.19       0.19 -0.01    -0.02           0.07        0.15     0.20     0.01 -0.05    1.00 -0.27
VIX              -0.07  -0.05 -0.09 -0.33 -0.64 -0.58    -0.44   -0.35 -0.53     -0.33       -0.29   -0.44   -0.41      -0.02 -0.01    -0.16           0.01       -0.20    -0.13    -0.11 -0.10   -0.27  1.00


********************************************************************************
                                 END OF REPORT                                  
********************************************************************************


