
********************************************************************************
                    Risk report produced on 01/09/2025 22:53                    
********************************************************************************


Total risk across all strategies, annualised percentage 14.2
Percentage of capital used for margin 44.7%

========================================
Risk per strategy, annualised percentage
========================================

                  risk
dynamic_TF_carry  14.2


===================
Risk by asset class
===================

Ags        3.8
Bond       1.0
Equity    11.3
FX         3.3
Metals     1.3
OilGas     2.0
Sector     1.0
dtype: float64


=====================================================
Beta loadings of asset class positions on asset class
=====================================================

Sector   -0.06
OilGas   -0.05
Metals    0.01
Bond      0.18
Ags       0.21
FX        0.62
Equity    0.63
dtype: float64


========================================================
Beta loadings of full portfolio positions on asset class
========================================================

OilGas   -0.07
Metals    0.21
Ags       0.34
Sector    0.38
Bond      0.43
Equity    0.70
FX        1.29
dtype: float64


====================================================================================================================================================================================================================================================================
                                                                                                                          Instrument risk                                                                                                                           
====================================================================================================================================================================================================================================================================

               daily_price_stdev  annual_price_stdev      price  daily_perc_stdev  annual_perc_stdev  point_size_base  contract_exposure  daily_risk_per_contract  annual_risk_per_contract  position  capital  exposure_held_perc_capital  annual_risk_perc_capital
GAS_US_mini                0.096               1.531       3.02              3.17               50.7           1846.9               5577                      176                      2828        -4   573324                        -3.9                      -2.0
DX                         0.431               6.894      97.28              0.44                7.1            738.8              71871                      318                      5092        -2   573324                       -25.1                      -1.8
COPPER-micro               0.127               2.031       4.59              2.77               44.3           1846.9               8469                      234                      3750        -2   573324                        -3.0                      -1.3
EU-TECH                    8.671             138.744     786.90              1.10               17.6             43.3              34108                      375                      6013        -1   573324                        -5.9                      -1.0
WHEAT                      6.469             103.498     533.75              1.21               19.4             36.9              19715                      238                      3823        -1   573324                        -3.4                      -0.7
NZD                        0.003               0.051       0.59              0.54                8.6          73877.1              43594                      234                      3744        -1   573324                        -7.6                      -0.7
KRWUSD_mini                0.004               0.063       0.72              0.55                8.8          18469.3              13273                       73                      1171        -3   573324                        -6.9                      -0.6
GOLD_micro                29.192             467.079    3487.80              0.84               13.4              7.4              25766                      215                      3450        -1   573324                        -4.5                      -0.6
CRUDE_W_micro              1.042              16.666      63.03              1.65               26.4             73.9               4656                       76                      1231        -1   573324                        -0.8                      -0.2
MUMMY                      8.100             129.599     778.00              1.04               16.7              5.0               3910                       40                       651         1   573324                         0.7                       0.1
RUSSELL                   28.729             459.669    2371.00              1.21               19.4              3.7               8758                      106                      1697         1   573324                         1.5                       0.3
CANOLA                     9.918             158.685     626.40              1.58               25.3             10.8               6736                      106                      1706         1   573324                         1.2                       0.3
BITCOIN                 2686.298           42980.761  108315.00              2.48               39.7              0.1               8001                      198                      3175         1   573324                         1.4                       0.6
NIKKEI                   477.229            7635.661   42310.00              1.13               18.0              0.5              21266                      239                      3837         1   573324                         3.7                       0.7
TOPIX                     28.149             450.386    3072.00              0.92               14.7              5.0              15440                      141                      2263         2   573324                         5.4                       0.8
LEANHOG                    1.058              16.927      95.00              1.11               17.8            295.5              28073                      312                      5002         1   573324                         4.9                       0.9
BTP                        0.414               6.630     120.00              0.35                5.5            866.9             104027                      359                      5747         1   573324                        18.1                       1.0
SILVER                     0.543               8.696      40.74              1.33               21.3            738.8              30101                      401                      6424         1   573324                         5.3                       1.1
YENEUR                     0.657              10.513     171.72              0.38                6.1            628.3             107890                      412                      6605         1   573324                        18.8                       1.2
MXP                        0.000               0.005       0.05              0.53                8.4         369385.3              19769                      104                      1668         4   573324                        13.8                       1.2
GBP                        0.006               0.088       1.35              0.41                6.6          46173.2              62361                      255                      4085         2   573324                        21.8                       1.4
FEEDCOW                    3.432              54.906     365.48              0.94               15.0            369.4             135001                     1267                     20281         1   573324                        23.5                       3.5
MIB                      345.288            5524.604   42390.00              0.81               13.0              4.3             183738                     1496                     23946         1   573324                        32.0                       4.2
AEX                       12.671             202.735     895.90              1.41               22.6            173.4             155330                     2196                     35150         1   573324                        27.1                       6.1

Sum of abs(notional exposure % capital) 240.3
Sum of abs(annualised risk % capital) 32.3
Net sum of annualised risk % capital 14.5 

============================================================================================================================================================================================================================
                                                                                                        Correlations                                                                                                        
============================================================================================================================================================================================================================

                AEX  EU-TECH   MIB  MUMMY  NIKKEI  TOPIX  COPPER-micro   GBP  GOLD_micro  KRWUSD_mini   MXP   NZD  SILVER  BITCOIN   BTP  LEANHOG  RUSSELL  CANOLA  CRUDE_W_micro  FEEDCOW  GAS_US_mini  WHEAT  YENEUR    DX
AEX            1.00     0.89  0.89   0.59    0.69   0.67          0.36  0.34        0.17         0.35  0.14  0.35    0.42     0.23  0.20     0.31     0.28   -0.04           0.38     0.31        -0.10   0.03    0.06 -0.04
EU-TECH        0.89     1.00  0.76   0.51    0.61   0.56          0.31  0.23        0.03         0.23  0.21  0.26    0.35     0.27  0.17     0.22     0.30   -0.01           0.29     0.24         0.01  -0.02    0.12  0.05
MIB            0.89     0.76  1.00   0.61    0.69   0.72          0.29  0.38        0.20         0.33  0.17  0.34    0.42     0.22  0.19     0.34     0.25   -0.03           0.33     0.38        -0.12   0.04    0.05 -0.07
MUMMY          0.59     0.51  0.61   1.00    0.67   0.73          0.31  0.36        0.23         0.25  0.28  0.29    0.35     0.21  0.21     0.42     0.31   -0.06           0.20     0.32        -0.10  -0.05    0.14 -0.10
NIKKEI         0.69     0.61  0.69   0.67    1.00   0.95          0.37  0.39        0.16         0.28  0.28  0.35    0.45     0.29  0.16     0.20     0.50    0.06           0.28     0.31        -0.10  -0.03    0.35 -0.09
TOPIX          0.67     0.56  0.72   0.73    0.95   1.00          0.34  0.39        0.19         0.25  0.28  0.32    0.47     0.27  0.14     0.22     0.43    0.01           0.28     0.37        -0.06  -0.02    0.29 -0.10
COPPER-micro   0.36     0.31  0.29   0.31    0.37   0.34          1.00  0.51        0.38         0.23  0.36  0.52    0.60     0.14  0.15     0.17     0.30   -0.08           0.04     0.07        -0.01   0.25    0.29 -0.40
GBP            0.34     0.23  0.38   0.36    0.39   0.39          0.51  1.00        0.54         0.59  0.33  0.78    0.51     0.09  0.29     0.24     0.19   -0.07          -0.33     0.10        -0.20  -0.00    0.19 -0.82
GOLD_micro     0.17     0.03  0.20   0.23    0.16   0.19          0.38  0.54        1.00         0.49  0.19  0.59    0.65     0.04  0.46     0.25    -0.05    0.11          -0.09     0.09         0.14   0.26    0.05 -0.60
KRWUSD_mini    0.35     0.23  0.33   0.25    0.28   0.25          0.23  0.59        0.49         1.00  0.28  0.70    0.30     0.11  0.38     0.24     0.11    0.15          -0.08     0.06        -0.08   0.17   -0.03 -0.61
MXP            0.14     0.21  0.17   0.28    0.28   0.28          0.36  0.33        0.19         0.28  1.00  0.30    0.36     0.08  0.20     0.21     0.32   -0.02          -0.00     0.25        -0.13   0.07    0.34 -0.34
NZD            0.35     0.26  0.34   0.29    0.35   0.32          0.52  0.78        0.59         0.70  0.30  1.00    0.54     0.12  0.42     0.28     0.26    0.03          -0.11     0.05        -0.07   0.18    0.08 -0.77
SILVER         0.42     0.35  0.42   0.35    0.45   0.47          0.60  0.51        0.65         0.30  0.36  0.54    1.00     0.26  0.26     0.32     0.25    0.14           0.20     0.25         0.11   0.18    0.29 -0.37
BITCOIN        0.23     0.27  0.22   0.21    0.29   0.27          0.14  0.09        0.04         0.11  0.08  0.12    0.26     1.00  0.07     0.07     0.42    0.05           0.02     0.03         0.05  -0.09    0.16  0.03
BTP            0.20     0.17  0.19   0.21    0.16   0.14          0.15  0.29        0.46         0.38  0.20  0.42    0.26     0.07  1.00     0.24     0.21    0.04          -0.15     0.01        -0.17   0.06   -0.33 -0.30
LEANHOG        0.31     0.22  0.34   0.42    0.20   0.22          0.17  0.24        0.25         0.24  0.21  0.28    0.32     0.07  0.24     1.00     0.23    0.17           0.21     0.17        -0.22   0.14   -0.07 -0.17
RUSSELL        0.28     0.30  0.25   0.31    0.50   0.43          0.30  0.19       -0.05         0.11  0.32  0.26    0.25     0.42  0.21     0.23     1.00   -0.01           0.14     0.22        -0.16  -0.03   -0.02 -0.05
CANOLA        -0.04    -0.01 -0.03  -0.06    0.06   0.01         -0.08 -0.07        0.11         0.15 -0.02  0.03    0.14     0.05  0.04     0.17    -0.01    1.00           0.26    -0.14         0.17   0.32    0.08  0.05
CRUDE_W_micro  0.38     0.29  0.33   0.20    0.28   0.28          0.04 -0.33       -0.09        -0.08 -0.00 -0.11    0.20     0.02 -0.15     0.21     0.14    0.26           1.00     0.33         0.11   0.29    0.04  0.43
FEEDCOW        0.31     0.24  0.38   0.32    0.31   0.37          0.07  0.10        0.09         0.06  0.25  0.05    0.25     0.03  0.01     0.17     0.22   -0.14           0.33     1.00        -0.03  -0.08    0.09  0.03
GAS_US_mini   -0.10     0.01 -0.12  -0.10   -0.10  -0.06         -0.01 -0.20        0.14        -0.08 -0.13 -0.07    0.11     0.05 -0.17    -0.22    -0.16    0.17           0.11    -0.03         1.00   0.25    0.12  0.11
WHEAT          0.03    -0.02  0.04  -0.05   -0.03  -0.02          0.25 -0.00        0.26         0.17  0.07  0.18    0.18    -0.09  0.06     0.14    -0.03    0.32           0.29    -0.08         0.25   1.00   -0.08 -0.08
YENEUR         0.06     0.12  0.05   0.14    0.35   0.29          0.29  0.19        0.05        -0.03  0.34  0.08    0.29     0.16 -0.33    -0.07    -0.02    0.08           0.04     0.09         0.12  -0.08    1.00 -0.07
DX            -0.04     0.05 -0.07  -0.10   -0.09  -0.10         -0.40 -0.82       -0.60        -0.61 -0.34 -0.77   -0.37     0.03 -0.30    -0.17    -0.05    0.05           0.43     0.03         0.11  -0.08   -0.07  1.00


********************************************************************************
                                 END OF REPORT                                  
********************************************************************************


