
********************************************************************************
                    Risk report produced on 08/10/2024 22:52                    
********************************************************************************


Total risk across all strategies, annualised percentage 12.0
Percentage of capital used for margin 69.4%

========================================
Risk per strategy, annualised percentage
========================================

                  risk
dynamic_TF_carry  12.0


===================
Risk by asset class
===================

Ags        2.6
Bond       1.4
Equity    10.5
FX         3.5
Metals     1.4
OilGas     2.0
Sector     1.1
dtype: float64


=====================================================
Beta loadings of asset class positions on asset class
=====================================================

Sector   -0.04
OilGas   -0.04
Metals   -0.00
Ags       0.03
FX        0.07
Bond      0.23
Equity    0.68
dtype: float64


========================================================
Beta loadings of full portfolio positions on asset class
========================================================

OilGas    0.01
Ags       0.08
Metals    0.12
Bond      0.16
Sector    0.29
Equity    0.71
FX        0.92
dtype: float64


===================================================================================================================================================================================================================================================================
                                                                                                                          Instrument risk                                                                                                                          
===================================================================================================================================================================================================================================================================

               daily_price_stdev  annual_price_stdev     price  daily_perc_stdev  annual_perc_stdev  point_size_base  contract_exposure  daily_risk_per_contract  annual_risk_per_contract  position  capital  exposure_held_perc_capital  annual_risk_perc_capital
GAS-PEN                    0.090               1.443      2.74              3.29               52.6           7638.4              20944                      689                     11025        -1   568006                        -3.7                      -1.9
JPY                        0.000               0.001      0.01              0.82               13.1        9547961.3              64935                      531                      8511        -1   568006                       -11.4                      -1.5
SOYMEAL                    5.231              83.695    322.00              1.62               26.0             76.4              24595                      399                      6392        -1   568006                        -4.3                      -1.1
COTTON2                    1.017              16.269     72.27              1.41               22.5            381.9              27601                      388                      6213        -1   568006                        -4.9                      -1.1
EU-AUTO                    9.235             147.763    557.70              1.66               26.5             42.0              23396                      387                      6198        -1   568006                        -4.1                      -1.1
BITCOIN                 1650.718           26411.482  62095.00              2.66               42.5              0.1               4743                      126                      2017        -2   568006                        -1.7                      -0.7
CORN                       5.012              80.199    420.75              1.19               19.1             38.2              16069                      191                      3062        -1   568006                        -2.8                      -0.5
IRON                       2.408              38.526    107.10              2.25               36.0             76.4               8180                      183                      2942        -1   568006                        -1.4                      -0.5
CANOLA                    10.103             161.642    625.50              1.62               25.8             11.2               7012                      113                      1812        -1   568006                        -1.2                      -0.3
MUMMY                     14.415             230.634    624.00              2.31               37.0              5.2               3220                       74                      1190         1   568006                         0.6                       0.2
DOW                      264.419            4230.710  42365.00              0.62               10.0              0.4              16179                      100                      1615         1   568006                         2.8                       0.3
BRE                        0.001               0.022      0.18              0.77               12.3          76383.7              13775                      106                      1696         1   568006                         2.4                       0.3
CRUDE_W_micro              1.549              24.778     72.86              2.13               34.0             76.4               5565                      118                      1892         1   568006                         1.0                       0.3
SUGAR11                    0.346               5.536     20.90              1.66               26.5            855.5              17879                      295                      4735         1   568006                         3.1                       0.8
MSCISING                   2.838              45.400    341.35              0.83               13.3             58.6              19998                      166                      2659         2   568006                         7.0                       0.9
LIVECOW                    1.170              18.720    188.92              0.62                9.9            305.5              57723                      357                      5719         1   568006                        10.2                       1.0
SILVER                     0.573               9.165     30.70              1.87               29.8            763.8              23453                      437                      7000         1   568006                         4.1                       1.2
KR10                       0.435               6.963    116.13              0.37                6.0            573.5              66594                      249                      3993         2   568006                        23.4                       1.4
LEANHOG                    0.980              15.678     77.12              1.27               20.3            305.5              23564                      299                      4790         2   568006                         8.3                       1.7
YENEUR                     1.149              18.390    161.77              0.71               11.4            645.2             104372                      741                     11864         1   568006                        18.4                       2.1
MSCITAIWAN                13.166             210.659    930.40              1.42               22.6             76.4              71067                     1005                     16090         1   568006                        12.5                       2.8
MIB                      308.918            4942.692  33590.00              0.92               14.7              4.2             140914                     1295                     20735         1   568006                        24.8                       3.7
MSCIEAFA                  21.690             347.037   2432.20              0.89               14.3             38.2              92890                      828                     13254         2   568006                        32.7                       4.7

Sum of abs(notional exposure % capital) 186.8
Sum of abs(annualised risk % capital) 30.1
Net sum of annualised risk % capital 12.7 

=============================================================================================================================================================================================================
                                                                                                Correlations                                                                                                 
=============================================================================================================================================================================================================

                JPY  KR10  CORN  GAS-PEN  IRON  SOYMEAL  CANOLA  CRUDE_W_micro  LEANHOG  LIVECOW  SUGAR11  YENEUR   DOW  EU-AUTO   MIB  MSCIEAFA  MSCISING  MSCITAIWAN  MUMMY  BITCOIN   BRE  COTTON2  SILVER
JPY            1.00  0.40  0.01    -0.05 -0.05     0.29   -0.33          -0.45    -0.18    -0.33    -0.25   -0.88 -0.08     0.06 -0.10      0.03     -0.02       -0.16  -0.21     0.12  0.06    -0.09    0.13
KR10           0.40  1.00  0.03     0.09 -0.08     0.00   -0.35          -0.28    -0.05    -0.17    -0.16   -0.34  0.19    -0.02 -0.06      0.14      0.15        0.14  -0.05    -0.02 -0.05    -0.07    0.11
CORN           0.01  0.03  1.00     0.12  0.24     0.46    0.13          -0.01    -0.04     0.04     0.04   -0.06  0.06     0.05  0.05      0.08      0.08        0.26  -0.03     0.07  0.16    -0.05    0.09
GAS-PEN       -0.05  0.09  0.12     1.00  0.01     0.08    0.06           0.04    -0.14     0.06     0.10    0.07  0.08    -0.04  0.03      0.12      0.02        0.18   0.08    -0.03  0.28    -0.07    0.03
IRON          -0.05 -0.08  0.24     0.01  1.00     0.37    0.22           0.00    -0.01     0.18     0.01   -0.01  0.00     0.20  0.18      0.21      0.08        0.24   0.12     0.07  0.16     0.19    0.13
SOYMEAL        0.29  0.00  0.46     0.08  0.37     1.00    0.27          -0.29    -0.00     0.11     0.07   -0.28 -0.08     0.16  0.09      0.03     -0.03        0.01   0.01     0.05  0.08    -0.13    0.03
CANOLA        -0.33 -0.35  0.13     0.06  0.22     0.27    1.00           0.20     0.36     0.22     0.42    0.38  0.09     0.09  0.24      0.14     -0.09        0.07   0.19     0.01  0.08     0.13   -0.02
CRUDE_W_micro -0.45 -0.28 -0.01     0.04  0.00    -0.29    0.20           1.00     0.14     0.33     0.24    0.45  0.12    -0.06  0.04      0.06      0.09        0.18  -0.01    -0.11  0.28     0.29    0.26
LEANHOG       -0.18 -0.05 -0.04    -0.14 -0.01    -0.00    0.36           0.14     1.00     0.24     0.16    0.23  0.28     0.08  0.15      0.13      0.08       -0.23   0.11     0.13 -0.21     0.18   -0.01
LIVECOW       -0.33 -0.17  0.04     0.06  0.18     0.11    0.22           0.33     0.24     1.00     0.29    0.32  0.30     0.08  0.18      0.16      0.17        0.22   0.15    -0.03  0.03     0.19    0.14
SUGAR11       -0.25 -0.16  0.04     0.10  0.01     0.07    0.42           0.24     0.16     0.29     1.00    0.33  0.13    -0.06  0.07      0.13      0.07        0.16   0.27    -0.14  0.10     0.40    0.00
YENEUR        -0.88 -0.34 -0.06     0.07 -0.01    -0.28    0.38           0.45     0.23     0.32     0.33    1.00  0.25     0.11  0.29      0.24      0.18        0.25   0.32    -0.08  0.09     0.15    0.06
DOW           -0.08  0.19  0.06     0.08  0.00    -0.08    0.09           0.12     0.28     0.30     0.13    0.25  1.00     0.49  0.61      0.74      0.56        0.39   0.52     0.11  0.17     0.15    0.24
EU-AUTO        0.06 -0.02  0.05    -0.04  0.20     0.16    0.09          -0.06     0.08     0.08    -0.06    0.11  0.49     1.00  0.83      0.69      0.37        0.40   0.48     0.15  0.22     0.13    0.12
MIB           -0.10 -0.06  0.05     0.03  0.18     0.09    0.24           0.04     0.15     0.18     0.07    0.29  0.61     0.83  1.00      0.78      0.46        0.42   0.46     0.14  0.26     0.21    0.16
MSCIEAFA       0.03  0.14  0.08     0.12  0.21     0.03    0.14           0.06     0.13     0.16     0.13    0.24  0.74     0.69  0.78      1.00      0.62        0.54   0.55     0.17  0.41     0.27    0.26
MSCISING      -0.02  0.15  0.08     0.02  0.08    -0.03   -0.09           0.09     0.08     0.17     0.07    0.18  0.56     0.37  0.46      0.62      1.00        0.43   0.42     0.10  0.27     0.16    0.40
MSCITAIWAN    -0.16  0.14  0.26     0.18  0.24     0.01    0.07           0.18    -0.23     0.22     0.16    0.25  0.39     0.40  0.42      0.54      0.43        1.00   0.38     0.07  0.24     0.25    0.23
MUMMY         -0.21 -0.05 -0.03     0.08  0.12     0.01    0.19          -0.01     0.11     0.15     0.27    0.32  0.52     0.48  0.46      0.55      0.42        0.38   1.00     0.08  0.04     0.16   -0.03
BITCOIN        0.12 -0.02  0.07    -0.03  0.07     0.05    0.01          -0.11     0.13    -0.03    -0.14   -0.08  0.11     0.15  0.14      0.17      0.10        0.07   0.08     1.00  0.11     0.30    0.13
BRE            0.06 -0.05  0.16     0.28  0.16     0.08    0.08           0.28    -0.21     0.03     0.10    0.09  0.17     0.22  0.26      0.41      0.27        0.24   0.04     0.11  1.00     0.12    0.28
COTTON2       -0.09 -0.07 -0.05    -0.07  0.19    -0.13    0.13           0.29     0.18     0.19     0.40    0.15  0.15     0.13  0.21      0.27      0.16        0.25   0.16     0.30  0.12     1.00    0.12
SILVER         0.13  0.11  0.09     0.03  0.13     0.03   -0.02           0.26    -0.01     0.14     0.00    0.06  0.24     0.12  0.16      0.26      0.40        0.23  -0.03     0.13  0.28     0.12    1.00


********************************************************************************
                                 END OF REPORT                                  
********************************************************************************


