
********************************************************************************
                    Risk report produced on 14/11/2025 22:53                    
********************************************************************************


Total risk across all strategies, annualised percentage 13.8
Percentage of capital used for margin 44.2%

========================================
Risk per strategy, annualised percentage
========================================

                  risk
dynamic_TF_carry  13.8


===================
Risk by asset class
===================

Ags        1.0
Bond       1.5
Equity    10.6
FX         3.1
Metals     2.6
OilGas     2.3
dtype: float64


=====================================================
Beta loadings of asset class positions on asset class
=====================================================

OilGas    0.00
Metals    0.01
Ags       0.02
FX        0.19
Bond      0.35
Equity    0.87
dtype: float64


========================================================
Beta loadings of full portfolio positions on asset class
========================================================

Bond      0.01
OilGas    0.05
Metals    0.17
Ags       0.17
FX        0.64
Equity    0.96
dtype: float64


===================================================================================================================================================================================================================================================================
                                                                                                                          Instrument risk                                                                                                                          
===================================================================================================================================================================================================================================================================

               daily_price_stdev  annual_price_stdev     price  daily_perc_stdev  annual_perc_stdev  point_size_base  contract_exposure  daily_risk_per_contract  annual_risk_per_contract  position  capital  exposure_held_perc_capital  annual_risk_perc_capital
GAS-PEN                    0.107               1.719      4.54              2.37               37.9           7607.0              34497                      817                     13073        -1   622118                        -5.5                      -2.1
JPY                        0.000               0.001      0.01              0.54                8.6        9508776.6              61721                      330                      5283        -2   622118                       -19.8                      -1.7
BITCOIN                 2806.990           44911.834  95965.00              2.93               46.8              0.1               7300                      213                      3416        -3   622118                        -3.5                      -1.6
CRUDE_W_micro              1.046              16.737     59.71              1.75               28.0             76.1               4542                       79                      1273        -5   622118                        -3.7                      -1.0
KR10                       0.359               5.741    113.97              0.31                5.0            518.6              59105                      186                      2977        -2   622118                       -19.0                      -1.0
RICE                       0.150               2.406     10.50              1.43               22.9           1521.4              15967                      228                      3659        -1   622118                        -2.6                      -0.6
SP500_micro               57.177             914.825   6785.00              0.84               13.5              3.8              25806                      217                      3479        -1   622118                        -4.1                      -0.6
DAX                      218.149            3490.387  23874.00              0.91               14.6              0.9              21137                      193                      3090        -1   622118                        -3.4                      -0.5
KRWUSD_mini                0.004               0.060      0.69              0.54                8.7          19017.6              13089                       70                      1135        -2   622118                        -4.2                      -0.4
AUD_micro                  0.003               0.046      0.65              0.44                7.1           7607.0               4974                       21                       350         4   622118                         3.2                       0.2
DOW                      373.193            5971.084  47243.00              0.79               12.6              0.4              17968                      141                      2271         1   622118                         2.9                       0.4
MXP                        0.000               0.004      0.05              0.48                7.8         380351.1              20713                      100                      1606         2   622118                         6.7                       0.5
CAD10                      0.384               6.136    121.91              0.31                5.0            542.2              66100                      207                      3327         1   622118                        10.6                       0.5
FTSECHINAA               174.688            2795.002  15466.00              1.13               18.1              0.8              11765                      132                      2126         2   622118                         3.8                       0.7
TOPIX                     32.883             526.122   3350.50              0.98               15.7              4.9              16486                      161                      2588         2   622118                         5.3                       0.8
BRE                        0.001               0.018      0.19              0.59                9.4          76070.2              14316                       83                      1342         4   622118                         9.2                       0.9
NIKKEI                   702.852           11245.630  50420.00              1.39               22.3              0.5              24810                      345                      5533         1   622118                         4.0                       0.9
LEANHOG                    1.178              18.844     78.22              1.51               24.1            304.3              23802                      358                      5733         1   622118                         3.8                       0.9
YENEUR                     0.728              11.644    179.31              0.41                6.5            615.1             110291                      447                      7162         1   622118                        17.7                       1.2
OAT                        0.324               5.178    122.42              0.26                4.2            885.4             108386                      286                      4584         2   622118                        34.8                       1.5
SILVER                     1.090              17.447     50.42              2.16               34.6            760.7              38354                      829                     13272         1   622118                         6.2                       2.1
FTSETAIWAN                28.543             456.693   2240.75              1.27               20.4             30.4              68181                      868                     13896         1   622118                        11.0                       2.2
GASOILINE                  0.028               0.454      1.93              1.47               23.5          31949.5              61790                      907                     14520         1   622118                         9.9                       2.3
AEX                        7.952             127.239    950.25              0.84               13.4            177.1             168263                     1408                     22530         1   622118                        27.0                       3.6
MIB                      384.372            6149.960  43650.00              0.88               14.1              4.4             193231                     1701                     27224         1   622118                        31.1                       4.4

Sum of abs(notional exposure % capital) 253.0
Sum of abs(annualised risk % capital) 32.6
Net sum of annualised risk % capital 13.6 

=================================================================================================================================================================================================================================
                                                                                                          Correlations                                                                                                           
=================================================================================================================================================================================================================================

               CRUDE_W_micro  GASOILINE  YENEUR   AEX  BITCOIN   BRE   DAX   DOW  FTSECHINAA  FTSETAIWAN   MIB   MXP  NIKKEI  SP500_micro  TOPIX  GAS-PEN  RICE  CAD10   JPY  KR10   OAT  AUD_micro  KRWUSD_mini  LEANHOG  SILVER
CRUDE_W_micro           1.00       0.96    0.11  0.39     0.10  0.27  0.20  0.16        0.14        0.35  0.35  0.01    0.31         0.18   0.31     0.12 -0.05  -0.18 -0.38 -0.21 -0.27      -0.01        -0.07     0.24   -0.03
GASOILINE               0.96       1.00    0.12  0.42     0.11  0.32  0.25  0.21        0.15        0.36  0.41  0.03    0.34         0.20   0.35     0.15 -0.03  -0.15 -0.39 -0.23 -0.21       0.01        -0.11     0.21    0.03
YENEUR                  0.11       0.12    1.00  0.08     0.19  0.23  0.10  0.04        0.16        0.25  0.11  0.32    0.43         0.12   0.39     0.05  0.01  -0.31 -0.65 -0.21 -0.38       0.14        -0.17    -0.05    0.18
AEX                     0.39       0.42    0.08  1.00     0.26  0.28  0.83  0.33        0.42        0.78  0.85  0.12    0.67         0.34   0.64    -0.09 -0.17   0.18 -0.11 -0.01  0.04       0.37         0.25     0.27    0.26
BITCOIN                 0.10       0.11    0.19  0.26     1.00  0.22  0.34  0.41        0.15        0.31  0.28  0.12    0.29         0.46   0.27     0.02  0.05  -0.05 -0.15 -0.02 -0.11       0.23         0.15     0.13    0.10
BRE                     0.27       0.32    0.23  0.28     0.22  1.00  0.21  0.48        0.31        0.35  0.32  0.51    0.36         0.45   0.36     0.28 -0.08   0.13 -0.02 -0.10  0.03       0.55         0.22     0.15    0.27
DAX                     0.20       0.25    0.10  0.83     0.34  0.21  1.00  0.32        0.32        0.68  0.90  0.19    0.57         0.27   0.65    -0.09 -0.10   0.25 -0.01 -0.02  0.02       0.40         0.24     0.26    0.35
DOW                     0.16       0.21    0.04  0.33     0.41  0.48  0.32  1.00        0.26        0.30  0.33  0.27    0.42         0.87   0.41     0.01 -0.12   0.11 -0.08 -0.06  0.05       0.34         0.05     0.07    0.16
FTSECHINAA              0.14       0.15    0.16  0.42     0.15  0.31  0.32  0.26        1.00        0.32  0.39  0.26    0.27         0.24   0.27     0.01 -0.07   0.02 -0.08 -0.01 -0.06       0.39         0.19     0.22    0.14
FTSETAIWAN              0.35       0.36    0.25  0.78     0.31  0.35  0.68  0.30        0.32        1.00  0.73  0.28    0.75         0.35   0.73    -0.06 -0.17   0.21 -0.17  0.06  0.01       0.49         0.27     0.24    0.30
MIB                     0.35       0.41    0.11  0.85     0.28  0.32  0.90  0.33        0.39        0.73  1.00  0.19    0.61         0.29   0.69    -0.07 -0.08   0.20 -0.07 -0.13 -0.02       0.40         0.21     0.32    0.29
MXP                     0.01       0.03    0.32  0.12     0.12  0.51  0.19  0.27        0.26        0.28  0.19  1.00    0.23         0.27   0.28    -0.08  0.02  -0.06  0.01  0.04  0.13       0.41         0.20     0.19    0.30
NIKKEI                  0.31       0.34    0.43  0.67     0.29  0.36  0.57  0.42        0.27        0.75  0.61  0.23    1.00         0.47   0.92    -0.13 -0.21   0.12 -0.33  0.01  0.02       0.38         0.17     0.14    0.18
SP500_micro             0.18       0.20    0.12  0.34     0.46  0.45  0.27  0.87        0.24        0.35  0.29  0.27    0.47         1.00   0.41     0.05 -0.11   0.02 -0.27 -0.08 -0.02       0.25         0.04     0.01    0.09
TOPIX                   0.31       0.35    0.39  0.64     0.27  0.36  0.65  0.41        0.27        0.73  0.69  0.28    0.92         0.41   1.00    -0.05 -0.16   0.16 -0.28 -0.03  0.00       0.38         0.11     0.21    0.26
GAS-PEN                 0.12       0.15    0.05 -0.09     0.02  0.28 -0.09  0.01        0.01       -0.06 -0.07 -0.08   -0.13         0.05  -0.05     1.00 -0.04  -0.07 -0.11 -0.29 -0.14       0.06        -0.16    -0.19    0.01
RICE                   -0.05      -0.03    0.01 -0.17     0.05 -0.08 -0.10 -0.12       -0.07       -0.17 -0.08  0.02   -0.21        -0.11  -0.16    -0.04  1.00  -0.12  0.12 -0.07 -0.01       0.08         0.06     0.17    0.15
CAD10                  -0.18      -0.15   -0.31  0.18    -0.05  0.13  0.25  0.11        0.02        0.21  0.20 -0.06    0.12         0.02   0.16    -0.07 -0.12   1.00  0.42  0.48  0.54       0.33         0.28     0.01    0.04
JPY                    -0.38      -0.39   -0.65 -0.11    -0.15 -0.02 -0.01 -0.08       -0.08       -0.17 -0.07  0.01   -0.33        -0.27  -0.28    -0.11  0.12   0.42  1.00  0.30  0.43       0.38         0.51     0.13    0.10
KR10                   -0.21      -0.23   -0.21 -0.01    -0.02 -0.10 -0.02 -0.06       -0.01        0.06 -0.13  0.04    0.01        -0.08  -0.03    -0.29 -0.07   0.48  0.30  1.00  0.50       0.05         0.33     0.03   -0.13
OAT                    -0.27      -0.21   -0.38  0.04    -0.11  0.03  0.02  0.05       -0.06        0.01 -0.02  0.13    0.02        -0.02   0.00    -0.14 -0.01   0.54  0.43  0.50  1.00       0.22         0.27     0.05    0.21
AUD_micro              -0.01       0.01    0.14  0.37     0.23  0.55  0.40  0.34        0.39        0.49  0.40  0.41    0.38         0.25   0.38     0.06  0.08   0.33  0.38  0.05  0.22       1.00         0.61     0.24    0.39
KRWUSD_mini            -0.07      -0.11   -0.17  0.25     0.15  0.22  0.24  0.05        0.19        0.27  0.21  0.20    0.17         0.04   0.11    -0.16  0.06   0.28  0.51  0.33  0.27       0.61         1.00     0.20    0.08
LEANHOG                 0.24       0.21   -0.05  0.27     0.13  0.15  0.26  0.07        0.22        0.24  0.32  0.19    0.14         0.01   0.21    -0.19  0.17   0.01  0.13  0.03  0.05       0.24         0.20     1.00    0.19
SILVER                 -0.03       0.03    0.18  0.26     0.10  0.27  0.35  0.16        0.14        0.30  0.29  0.30    0.18         0.09   0.26     0.01  0.15   0.04  0.10 -0.13  0.21       0.39         0.08     0.19    1.00


********************************************************************************
                                 END OF REPORT                                  
********************************************************************************


