
********************************************************************************
                    Risk report produced on 03/04/2025 22:53                    
********************************************************************************


Total risk across all strategies, annualised percentage 10.7
Percentage of capital used for margin 65.2%

========================================
Risk per strategy, annualised percentage
========================================

                  risk
dynamic_TF_carry  10.7


===================
Risk by asset class
===================

Ags       3.0
Bond      2.5
Equity    6.3
FX        3.7
Metals    2.2
OilGas    0.5
dtype: float64


=====================================================
Beta loadings of asset class positions on asset class
=====================================================

Bond     -0.17
Metals   -0.07
OilGas    0.02
Ags       0.04
Equity    0.26
FX        0.36
dtype: float64


========================================================
Beta loadings of full portfolio positions on asset class
========================================================

Bond     -0.38
OilGas    0.05
Metals    0.06
Ags       0.10
Equity    0.31
FX        0.46
dtype: float64


===================================================================================================================================================================================================================================================================
                                                                                                                          Instrument risk                                                                                                                          
===================================================================================================================================================================================================================================================================

               daily_price_stdev  annual_price_stdev     price  daily_perc_stdev  annual_perc_stdev  point_size_base  contract_exposure  daily_risk_per_contract  annual_risk_per_contract  position  capital  exposure_held_perc_capital  annual_risk_perc_capital
BUXL                       1.256              20.092    120.42              1.04               16.7            836.1             100680                     1049                     16798        -1   577599                       -17.4                      -2.9
LEANHOG                    1.347              21.549     95.48              1.41               22.6            305.6              29179                      411                      6585        -2   577599                       -10.1                      -2.3
BITCOIN                 2617.556           41880.901  82550.00              3.17               50.7              0.1               6307                      199                      3199        -4   577599                        -4.4                      -2.2
CHF                        0.007               0.111      1.17              0.59                9.5          95508.1             112007                      662                     10597        -1   577599                       -19.4                      -1.8
KOSDAQ                    23.746             379.939   1131.00              2.10               33.6              5.2               5905                      123                      1983        -3   577599                        -3.1                      -1.0
CAD                        0.003               0.051      0.71              0.45                7.1          76406.5              54443                      243                      3892        -1   577599                        -9.4                      -0.7
SP500_micro               58.821             941.129   5472.25              1.07               17.2              3.8              20905                      224                      3595        -1   577599                        -3.6                      -0.6
RUSSELL                   26.544             424.697   1939.40              1.37               21.9              3.8               7409                      101                      1622        -2   577599                        -2.6                      -0.6
COPPER-micro               0.077               1.236      4.86              1.59               25.5           1910.2               9275                      147                      2361        -1   577599                        -1.6                      -0.4
MUMMY                      8.566             137.063    631.00              1.36               21.7              5.2               3279                       44                       712         1   577599                         0.6                       0.1
TOPIX                     31.715             507.439   2558.50              1.24               19.8              5.2              13299                      164                      2637         1   577599                         2.3                       0.5
CRUDE_W_micro              1.276              20.420     65.81              1.94               31.0             76.4               5028                       97                      1560         2   577599                         1.7                       0.5
DAX                      275.878            4414.054  21944.00              1.26               20.1              0.8              18346                      230                      3690         1   577599                         3.2                       0.6
NIKKEI                   492.908            7886.534  34645.00              1.42               22.8              0.5              18008                      256                      4099         1   577599                         3.1                       0.7
CAD10                      0.518               8.285    124.99              0.41                6.6            537.5              67182                      278                      4453         1   577599                        11.6                       0.8
MSCISING                   3.816              61.053    393.70              0.97               15.5             56.9              22400                      217                      3473         2   577599                         7.8                       1.2
YENEUR                     1.026              16.413    160.94              0.64               10.2            649.8             104570                      666                     10664         1   577599                        18.1                       1.8
FEEDCOW                    2.246              35.937    289.35              0.78               12.4            382.0             110541                      858                     13729         1   577599                        19.1                       2.4
GBP                        0.005               0.086      1.31              0.41                6.6          47754.0              62510                      257                      4112         4   577599                        43.3                       2.8
MIB                      452.078            7233.241  36370.00              1.24               19.9              4.2             152040                     1889                     30237         1   577599                        26.3                       5.2

Sum of abs(notional exposure % capital) 208.7
Sum of abs(annualised risk % capital) 29.1
Net sum of annualised risk % capital 4.1 

======================================================================================================================================================================================
                                                                                     Correlations                                                                                     
======================================================================================================================================================================================

               BUXL  CAD10   CHF   DAX  KOSDAQ   MIB  MSCISING  MUMMY  NIKKEI  RUSSELL  SP500_micro  TOPIX  BITCOIN   CAD  COPPER-micro   GBP  CRUDE_W_micro  FEEDCOW  LEANHOG  YENEUR
BUXL           1.00   0.64  0.19  0.08    0.01 -0.00      0.13  -0.06   -0.06     0.24         0.26  -0.11     0.17  0.17         -0.19 -0.02          -0.10    -0.30    -0.14   -0.56
CAD10          0.64   1.00  0.43  0.01   -0.08 -0.11     -0.02  -0.14   -0.22    -0.00        -0.05  -0.20     0.10  0.06         -0.18  0.33          -0.32    -0.29    -0.26   -0.48
CHF            0.19   0.43  1.00  0.03    0.02 -0.04     -0.22  -0.22   -0.32    -0.15        -0.16  -0.38    -0.26  0.38          0.18  0.47          -0.28    -0.18     0.01   -0.22
DAX            0.08   0.01  0.03  1.00    0.49  0.86      0.60   0.57    0.61     0.53         0.50   0.57     0.23  0.34          0.33  0.47           0.01     0.22     0.10    0.17
KOSDAQ         0.01  -0.08  0.02  0.49    1.00  0.50      0.41   0.37    0.50     0.28         0.34   0.43    -0.00  0.27          0.22  0.27           0.13     0.05    -0.07    0.24
MIB           -0.00  -0.11 -0.04  0.86    0.50  1.00      0.55   0.58    0.56     0.48         0.44   0.53     0.18  0.35          0.40  0.39           0.09     0.28     0.05    0.25
MSCISING       0.13  -0.02 -0.22  0.60    0.41  0.55      1.00   0.60    0.60     0.60         0.63   0.62     0.39  0.28          0.20  0.22           0.00     0.09     0.01    0.19
MUMMY         -0.06  -0.14 -0.22  0.57    0.37  0.58      0.60   1.00    0.68     0.50         0.48   0.69     0.22  0.29          0.27  0.24           0.10     0.20     0.14    0.20
NIKKEI        -0.06  -0.22 -0.32  0.61    0.50  0.56      0.60   0.68    1.00     0.52         0.57   0.94     0.24  0.18          0.20  0.28           0.11     0.16    -0.00    0.44
RUSSELL        0.24  -0.00 -0.15  0.53    0.28  0.48      0.60   0.50    0.52     1.00         0.78   0.47     0.51  0.28          0.14  0.14           0.14     0.08     0.25    0.00
SP500_micro    0.26  -0.05 -0.16  0.50    0.34  0.44      0.63   0.48    0.57     0.78         1.00   0.49     0.47  0.30          0.18  0.07           0.19     0.02     0.15    0.10
TOPIX         -0.11  -0.20 -0.38  0.57    0.43  0.53      0.62   0.69    0.94     0.47         0.49   1.00     0.24  0.10          0.11  0.28           0.05     0.22    -0.02    0.47
BITCOIN        0.17   0.10 -0.26  0.23   -0.00  0.18      0.39   0.22    0.24     0.51         0.47   0.24     1.00 -0.03         -0.11 -0.01          -0.01     0.00     0.08   -0.01
CAD            0.17   0.06  0.38  0.34    0.27  0.35      0.28   0.29    0.18     0.28         0.30   0.10    -0.03  1.00          0.46  0.41           0.29    -0.07     0.12    0.02
COPPER-micro  -0.19  -0.18  0.18  0.33    0.22  0.40      0.20   0.27    0.20     0.14         0.18   0.11    -0.11  0.46          1.00  0.34           0.30     0.07     0.11    0.16
GBP           -0.02   0.33  0.47  0.47    0.27  0.39      0.22   0.24    0.28     0.14         0.07   0.28    -0.01  0.41          0.34  1.00          -0.05     0.10    -0.10    0.25
CRUDE_W_micro -0.10  -0.32 -0.28  0.01    0.13  0.09      0.00   0.10    0.11     0.14         0.19   0.05    -0.01  0.29          0.30 -0.05           1.00     0.29     0.01    0.15
FEEDCOW       -0.30  -0.29 -0.18  0.22    0.05  0.28      0.09   0.20    0.16     0.08         0.02   0.22     0.00 -0.07          0.07  0.10           0.29     1.00     0.16    0.31
LEANHOG       -0.14  -0.26  0.01  0.10   -0.07  0.05      0.01   0.14   -0.00     0.25         0.15  -0.02     0.08  0.12          0.11 -0.10           0.01     0.16     1.00    0.01
YENEUR        -0.56  -0.48 -0.22  0.17    0.24  0.25      0.19   0.20    0.44     0.00         0.10   0.47    -0.01  0.02          0.16  0.25           0.15     0.31     0.01    1.00


********************************************************************************
                                 END OF REPORT                                  
********************************************************************************


