
********************************************************************************
                    Risk report produced on 11/09/2023 22:52                    
********************************************************************************


Total risk across all strategies, annualised percentage 10.2
Percentage of capital used for margin 57.4%

========================================
Risk per strategy, annualised percentage
========================================

                  risk
dynamic_TF_carry  10.3


===================
Risk by asset class
===================

Ags       3.5
Bond      6.3
Equity    2.1
FX        2.0
OilGas    1.0
Sector    2.6
Vol       1.7
dtype: float64


=====================================================
Beta loadings of asset class positions on asset class
=====================================================

Bond     -1.12
Vol      -0.04
OilGas   -0.02
FX        0.05
Equity    0.06
Sector    0.17
Ags       0.28
dtype: float64


========================================================
Beta loadings of full portfolio positions on asset class
========================================================

Bond     -1.34
FX       -0.46
Vol      -0.11
OilGas   -0.01
Equity    0.17
Sector    0.24
Ags       0.42
dtype: float64


==================================================================================================================================================================================================================================================================
                                                                                                                         Instrument risk                                                                                                                          
==================================================================================================================================================================================================================================================================

              daily_price_stdev  annual_price_stdev     price  daily_perc_stdev  annual_perc_stdev  point_size_base  contract_exposure  daily_risk_per_contract  annual_risk_per_contract  position  capital  exposure_held_perc_capital  annual_risk_perc_capital
US20                      0.870              13.924    119.19              0.73               11.7            798.5              95174                      694                     11118        -1   371486                       -25.6                      -3.0
US3                       0.191               3.062    103.66              0.18                3.0           1597.1             165557                      305                      4890        -2   371486                       -89.1                      -2.6
CHF                       0.005               0.075      1.12              0.42                6.7          99816.3             112093                      469                      7518        -1   371486                       -30.2                      -2.0
VIX                       0.508               8.132     16.65              3.05               48.8            798.5              13295                      405                      6493        -1   371486                        -3.6                      -1.7
NASDAQ_micro            192.347            3077.546  15681.50              1.23               19.6              1.6              25044                      307                      4915        -1   371486                        -6.7                      -1.3
BOBL                      0.328               5.255    116.52              0.28                4.5            856.9              99841                      281                      4503        -1   371486                       -26.9                      -1.2
GAS_US_mini               0.117               1.872      2.95              3.97               63.5           1996.3               5889                      233                      3738        -1   371486                        -1.6                      -1.0
DAX                     120.832            1933.317  15813.00              0.76               12.2              0.9              13549                      103                      1656        -2   371486                        -7.3                      -0.9
TOPIX                    18.742             299.873   2345.00              0.80               12.8              5.5              12819                      102                      1639         1   371486                         3.5                       0.4
KOSDAQ                   25.579             409.269   1410.20              1.81               29.0              6.0               8496                      154                      2465         1   371486                         2.3                       0.7
MXP                       0.000               0.007      0.06              0.73               11.6         399265.4              23025                      166                      2671         1   371486                         6.2                       0.7
CNH                       0.025               0.397      7.29              0.34                5.4          10934.8              79767                      271                      4340         1   371486                        21.5                       1.2
SOYBEAN_mini             17.347             277.554   1370.00              1.27               20.3              8.0              10939                      138                      2216         2   371486                         5.9                       1.2
JPY                       0.000               0.001      0.01              0.59                9.4        9981633.8              68164                      401                      6425         1   371486                        18.3                       1.7
NIKKEI                  307.667            4922.666  32310.00              0.95               15.2              0.5              17663                      168                      2691         3   371486                        14.3                       2.2
EU-OIL                    3.541              56.654    357.70              0.99               15.8             42.8              15325                      151                      2427         4   371486                        16.5                       2.6
LIVECOW                   1.143              18.288    184.32              0.62                9.9            319.4              58875                      365                      5841         2   371486                        31.7                       3.1

Sum of abs(notional exposure % capital) 311.2
Sum of abs(annualised risk % capital) 27.5
Net sum of annualised risk % capital 0.1 

===================================================================================================================================================
                                                                   Correlations                                                                    
===================================================================================================================================================

               CNH   VIX  BOBL   CHF   JPY  US20   US3  GAS_US_mini  KOSDAQ  LIVECOW  SOYBEAN_mini   DAX  NASDAQ_micro  EU-OIL   MXP  NIKKEI  TOPIX
CNH           1.00  0.21 -0.39 -0.50 -0.53 -0.44 -0.49         0.05   -0.18     0.04         -0.17 -0.33         -0.41   -0.07 -0.15   -0.12  -0.03
VIX           0.21  1.00 -0.07 -0.13 -0.15 -0.18 -0.08        -0.20   -0.22    -0.37         -0.15 -0.52         -0.57   -0.35 -0.43   -0.42  -0.42
BOBL         -0.39 -0.07  1.00  0.31  0.48  0.71  0.75        -0.15    0.01    -0.05         -0.05  0.21          0.33   -0.17  0.02   -0.05  -0.16
CHF          -0.50 -0.13  0.31  1.00  0.67  0.51  0.57        -0.12    0.23    -0.01          0.20  0.41          0.38    0.11  0.31    0.11  -0.01
JPY          -0.53 -0.15  0.48  0.67  1.00  0.56  0.65        -0.32    0.09    -0.05          0.15  0.32          0.29    0.05  0.25   -0.20  -0.29
US20         -0.44 -0.18  0.71  0.51  0.56  1.00  0.79        -0.05    0.02    -0.02          0.13  0.32          0.41   -0.11  0.12    0.06  -0.02
US3          -0.49 -0.08  0.75  0.57  0.65  0.79  1.00        -0.14    0.04    -0.13         -0.09  0.26          0.36   -0.05  0.03   -0.08  -0.16
GAS_US_mini   0.05 -0.20 -0.15 -0.12 -0.32 -0.05 -0.14         1.00    0.11     0.06          0.04  0.10          0.18    0.21 -0.02    0.30   0.33
KOSDAQ       -0.18 -0.22  0.01  0.23  0.09  0.02  0.04         0.11    1.00     0.36          0.11  0.31          0.39    0.26  0.18    0.24   0.18
LIVECOW       0.04 -0.37 -0.05 -0.01 -0.05 -0.02 -0.13         0.06    0.36     1.00          0.08  0.23          0.27    0.19  0.12    0.17   0.17
SOYBEAN_mini -0.17 -0.15 -0.05  0.20  0.15  0.13 -0.09         0.04    0.11     0.08          1.00  0.08          0.08    0.17  0.31    0.11   0.12
DAX          -0.33 -0.52  0.21  0.41  0.32  0.32  0.26         0.10    0.31     0.23          0.08  1.00          0.61    0.50  0.53    0.61   0.55
NASDAQ_micro -0.41 -0.57  0.33  0.38  0.29  0.41  0.36         0.18    0.39     0.27          0.08  0.61          1.00    0.11  0.29    0.54   0.43
EU-OIL       -0.07 -0.35 -0.17  0.11  0.05 -0.11 -0.05         0.21    0.26     0.19          0.17  0.50          0.11    1.00  0.42    0.44   0.49
MXP          -0.15 -0.43  0.02  0.31  0.25  0.12  0.03        -0.02    0.18     0.12          0.31  0.53          0.29    0.42  1.00    0.37   0.30
NIKKEI       -0.12 -0.42 -0.05  0.11 -0.20  0.06 -0.08         0.30    0.24     0.17          0.11  0.61          0.54    0.44  0.37    1.00   0.94
TOPIX        -0.03 -0.42 -0.16 -0.01 -0.29 -0.02 -0.16         0.33    0.18     0.17          0.12  0.55          0.43    0.49  0.30    0.94   1.00


********************************************************************************
                                 END OF REPORT                                  
********************************************************************************


