
********************************************************************************
                    Risk report produced on 14/02/2025 22:53                    
********************************************************************************


Total risk across all strategies, annualised percentage 11.4
Percentage of capital used for margin 70.8%

========================================
Risk per strategy, annualised percentage
========================================

                  risk
dynamic_TF_carry  11.4


===================
Risk by asset class
===================

Ags       2.6
Bond      0.7
Equity    8.3
FX        3.5
Metals    1.4
Vol       2.0
dtype: float64


=====================================================
Beta loadings of asset class positions on asset class
=====================================================

FX       -0.53
Vol      -0.05
Bond     -0.05
Metals    0.07
Ags       0.09
Equity    0.85
dtype: float64


========================================================
Beta loadings of full portfolio positions on asset class
========================================================

Bond     -0.43
FX       -0.31
Vol      -0.20
Metals    0.24
Ags       0.30
Equity    1.08
dtype: float64


==================================================================================================================================================================================================================================================================
                                                                                                                         Instrument risk                                                                                                                          
==================================================================================================================================================================================================================================================================

              daily_price_stdev  annual_price_stdev     price  daily_perc_stdev  annual_perc_stdev  point_size_base  contract_exposure  daily_risk_per_contract  annual_risk_per_contract  position  capital  exposure_held_perc_capital  annual_risk_perc_capital
CHF                       0.005               0.081      1.12              0.45                7.2          99519.9             111029                      501                      8020        -2   580350                       -38.3                      -2.8
VIX                       0.465               7.440     17.90              2.60               41.6            796.2              14251                      370                      5923        -2   580350                        -4.9                      -2.0
FTSETAIWAN               20.927             334.829   1923.75              1.09               17.4             31.8              61264                      666                     10663        -1   580350                       -10.6                      -1.8
JPY                       0.000               0.001      0.01              0.64               10.2        9951991.6              65568                      417                      6685        -1   580350                       -11.3                      -1.2
BUND                      0.489               7.816    132.86              0.37                5.9            832.8             110640                      406                      6509        -1   580350                       -19.1                      -1.1
COPPER-micro              0.066               1.049      4.70              1.40               22.3           1990.4               9349                      130                      2087        -2   580350                        -3.2                      -0.7
SUGAR11                   0.266               4.257     19.15              1.39               22.2            891.7              17076                      237                      3795        -1   580350                        -2.9                      -0.7
CAD                       0.003               0.042      0.71              0.38                6.0          79615.9              56288                      211                      3383        -1   580350                        -9.7                      -0.6
RUSSELL                  22.309             356.950   2287.60              0.98               15.6              4.0               9106                       88                      1420        -2   580350                        -3.1                      -0.5
EUR_micro                 0.005               0.079      1.06              0.47                7.5           9952.0              10513                       49                       789        -1   580350                        -1.8                      -0.1
SP500_micro              39.642             634.270   6135.50              0.65               10.3              4.0              24424                      157                      2524         1   580350                         4.2                       0.4
BITCOIN                2292.245           36675.918  99045.00              2.31               37.0              0.1               7885                      182                      2919         1   580350                         1.4                       0.5
GOLD_micro               26.037             416.592   2894.50              0.90               14.4              8.0              23044                      207                      3316         1   580350                         4.0                       0.6
HANG_mini               284.624            4553.988  22391.00              1.27               20.3              1.0              22900                      291                      4657         1   580350                         3.9                       0.8
GBP                       0.006               0.096      1.26              0.47                7.6          49760.0              62642                      297                      4758         1   580350                        10.8                       0.8
CAD10                     0.566               9.062    123.83              0.46                7.3            561.4              69519                      317                      5087         1   580350                        12.0                       0.9
SILVER                    0.477               7.637     33.06              1.44               23.1            796.2              26317                      380                      6080         1   580350                         4.5                       1.0
MSCISING                  2.522              40.358    396.80              0.64               10.2             59.3              23514                      149                      2391         3   580350                        12.2                       1.2
CAC                      59.048             944.767   8208.00              0.72               11.5              8.3              68353                      491                      7867         1   580350                        11.8                       1.4
TOPIX                    23.187             370.996   2763.25              0.84               13.4              5.2              14427                      121                      1937         6   580350                        14.9                       2.0
SMI                      89.164            1426.630  12797.00              0.70               11.1              8.8             112722                      785                     12566         1   580350                        19.4                       2.2
FEEDCOW                   2.485              39.754    265.55              0.94               15.0            398.1             105710                      989                     15825         1   580350                        18.2                       2.7
MIB                     259.596            4153.542  38075.00              0.68               10.9              4.2             158537                     1080                     17294         1   580350                        27.3                       3.0
MSCITAIWAN               13.957             223.314    967.00              1.44               23.1             79.6              76988                     1111                     17779         1   580350                        13.3                       3.1

Sum of abs(notional exposure % capital) 262.8
Sum of abs(annualised risk % capital) 32.1
Net sum of annualised risk % capital 9.1 

===========================================================================================================================================================================================================================
                                                                                                       Correlations                                                                                                        
===========================================================================================================================================================================================================================

               CAD  COPPER-micro  EUR_micro   GBP  GOLD_micro  HANG_mini  SILVER  SUGAR11  BITCOIN  FEEDCOW   CAC  FTSETAIWAN   MIB  MSCISING  MSCITAIWAN  RUSSELL   SMI  SP500_micro  TOPIX  BUND  CAD10   CHF   JPY   VIX
CAD           1.00          0.50       0.44  0.49        0.40       0.36    0.41     0.26    -0.10    -0.02  0.25        0.17  0.23      0.12        0.12     0.27  0.26         0.30   0.15  0.28   0.22  0.44  0.27 -0.26
COPPER-micro  0.50          1.00       0.36  0.40        0.60       0.52    0.70     0.22    -0.01     0.10  0.38        0.23  0.41      0.29        0.20     0.23  0.21         0.38   0.26 -0.01  -0.06  0.12  0.04 -0.26
EUR_micro     0.44          0.36       1.00  0.68        0.46       0.23    0.36     0.30     0.05     0.02  0.42        0.14  0.30      0.01        0.11     0.23  0.41         0.26   0.11  0.09   0.23  0.60  0.34 -0.18
GBP           0.49          0.40       0.68  1.00        0.52       0.34    0.50     0.45     0.05     0.08  0.42        0.23  0.36      0.20        0.19     0.37  0.45         0.35   0.36  0.18   0.37  0.56  0.34 -0.22
GOLD_micro    0.40          0.60       0.46  0.52        1.00       0.33    0.81     0.31     0.17     0.11  0.31        0.16  0.30      0.06        0.13     0.25  0.18         0.30   0.25  0.26   0.24  0.36  0.23 -0.17
HANG_mini     0.36          0.52       0.23  0.34        0.33       1.00    0.28     0.35     0.01     0.12  0.40        0.23  0.27      0.22        0.19     0.16  0.32         0.22   0.19  0.05   0.02  0.15 -0.04 -0.13
SILVER        0.41          0.70       0.36  0.50        0.81       0.28    1.00     0.24     0.14     0.14  0.31        0.27  0.38      0.21        0.24     0.24  0.16         0.41   0.30  0.10   0.08  0.24  0.07 -0.22
SUGAR11       0.26          0.22       0.30  0.45        0.31       0.35    0.24     1.00    -0.01     0.24  0.25        0.24  0.21      0.20        0.18     0.19  0.29         0.22   0.35 -0.05   0.04  0.19  0.05 -0.22
BITCOIN      -0.10         -0.01       0.05  0.05        0.17       0.01    0.14    -0.01     1.00     0.10  0.20        0.12  0.25      0.22        0.09     0.36  0.08         0.28   0.16  0.07   0.04 -0.08  0.05 -0.25
FEEDCOW      -0.02          0.10       0.02  0.08        0.11       0.12    0.14     0.24     0.10     1.00  0.17        0.12  0.24      0.11        0.12     0.27  0.08         0.25   0.30 -0.06  -0.15 -0.09 -0.09 -0.22
CAC           0.25          0.38       0.42  0.42        0.31       0.40    0.31     0.25     0.20     0.17  1.00        0.34  0.76      0.26        0.30     0.28  0.69         0.32   0.42  0.03   0.01  0.14  0.04 -0.15
FTSETAIWAN    0.17          0.23       0.14  0.23        0.16       0.23    0.27     0.24     0.12     0.12  0.34        1.00  0.31      0.51        0.97     0.22  0.35         0.48   0.46  0.04  -0.03 -0.02 -0.28 -0.22
MIB           0.23          0.41       0.30  0.36        0.30       0.27    0.38     0.21     0.25     0.24  0.76        0.31  1.00      0.38        0.25     0.39  0.55         0.39   0.51 -0.11  -0.11 -0.04 -0.06 -0.29
MSCISING      0.12          0.29       0.01  0.20        0.06       0.22    0.21     0.20     0.22     0.11  0.26        0.51  0.38      1.00        0.44     0.20  0.27         0.39   0.43 -0.06  -0.04 -0.19 -0.18 -0.25
MSCITAIWAN    0.12          0.20       0.11  0.19        0.13       0.19    0.24     0.18     0.09     0.12  0.30        0.97  0.25      0.44        1.00     0.19  0.29         0.42   0.42  0.02  -0.04 -0.02 -0.29 -0.15
RUSSELL       0.27          0.23       0.23  0.37        0.25       0.16    0.24     0.19     0.36     0.27  0.28        0.22  0.39      0.20        0.19     1.00  0.25         0.72   0.50  0.23   0.15  0.16  0.29 -0.64
SMI           0.26          0.21       0.41  0.45        0.18       0.32    0.16     0.29     0.08     0.08  0.69        0.35  0.55      0.27        0.29     0.25  1.00         0.28   0.25  0.15   0.26  0.28  0.22 -0.14
SP500_micro   0.30          0.38       0.26  0.35        0.30       0.22    0.41     0.22     0.28     0.25  0.32        0.48  0.39      0.39        0.42     0.72  0.28         1.00   0.57  0.14   0.08  0.07 -0.00 -0.81
TOPIX         0.15          0.26       0.11  0.36        0.25       0.19    0.30     0.35     0.16     0.30  0.42        0.46  0.51      0.43        0.42     0.50  0.25         0.57   1.00 -0.12  -0.17 -0.19 -0.33 -0.44
BUND          0.28         -0.01       0.09  0.18        0.26       0.05    0.10    -0.05     0.07    -0.06  0.03        0.04 -0.11     -0.06        0.02     0.23  0.15         0.14  -0.12  1.00   0.76  0.33  0.56 -0.05
CAD10         0.22         -0.06       0.23  0.37        0.24       0.02    0.08     0.04     0.04    -0.15  0.01       -0.03 -0.11     -0.04       -0.04     0.15  0.26         0.08  -0.17  0.76   1.00  0.48  0.61 -0.04
CHF           0.44          0.12       0.60  0.56        0.36       0.15    0.24     0.19    -0.08    -0.09  0.14       -0.02 -0.04     -0.19       -0.02     0.16  0.28         0.07  -0.19  0.33   0.48  1.00  0.57  0.06
JPY           0.27          0.04       0.34  0.34        0.23      -0.04    0.07     0.05     0.05    -0.09  0.04       -0.28 -0.06     -0.18       -0.29     0.29  0.22        -0.00  -0.33  0.56   0.61  0.57  1.00  0.00
VIX          -0.26         -0.26      -0.18 -0.22       -0.17      -0.13   -0.22    -0.22    -0.25    -0.22 -0.15       -0.22 -0.29     -0.25       -0.15    -0.64 -0.14        -0.81  -0.44 -0.05  -0.04  0.06  0.00  1.00


********************************************************************************
                                 END OF REPORT                                  
********************************************************************************


