
********************************************************************************
                    Risk report produced on 09/06/2026 22:51                    
********************************************************************************


Total risk across all strategies, annualised percentage 12.1
Percentage of capital used for margin 34.3%

========================================
Risk per strategy, annualised percentage
========================================

                  risk
dynamic_TF_carry  12.1


===================
Risk by asset class
===================

Ags       1.0
Bond      1.9
Equity    8.5
FX        1.5
Metals    1.6
OilGas    4.7
Sector    1.8
dtype: float64


=====================================================
Beta loadings of asset class positions on asset class
=====================================================

FX       -0.09
Bond     -0.06
Metals   -0.03
Ags      -0.03
OilGas    0.08
Sector    0.09
Equity    0.39
dtype: float64


========================================================
Beta loadings of full portfolio positions on asset class
========================================================

FX       -0.10
Metals    0.01
Ags       0.01
OilGas    0.06
Bond      0.25
Sector    0.26
Equity    0.37
dtype: float64


==================================================================================================================================================================================================================================================================
                                                                                                                         Instrument risk                                                                                                                          
==================================================================================================================================================================================================================================================================

              daily_price_stdev  annual_price_stdev     price  daily_perc_stdev  annual_perc_stdev  point_size_base  contract_exposure  daily_risk_per_contract  annual_risk_per_contract  position  capital  exposure_held_perc_capital  annual_risk_perc_capital
KR10                      0.483               7.726    105.85              0.46                7.3            495.7              52472                      239                      3830        -4   695375                       -30.2                      -2.2
BITCOIN                1916.122           30657.959  64005.00              2.99               47.9              0.1               4790                      143                      2294        -5   695375                        -3.4                      -1.6
CHF                       0.006               0.092      1.28              0.45                7.2          93558.0             119782                      535                      8570        -1   695375                       -17.2                      -1.2
REDWHEAT                 11.269             180.304    648.00              1.74               27.8             37.4              24250                      421                      6747        -1   695375                        -3.5                      -1.0
KOSDAQ                   69.142            1106.265   1717.20              4.03               64.4              5.0               8512                      342                      5484        -1   695375                        -1.2                      -0.8
JPY                       0.000               0.000      0.01              0.48                7.7        9355797.2              58927                      282                      4526        -1   695375                        -8.5                      -0.7
GAS_US_mini               0.106               1.689      3.37              3.13               50.1           1871.2               6305                      197                      3159        -1   695375                        -0.9                      -0.5
HANGENT_mini            113.030            1808.480   8315.00              1.36               21.7              1.0               7942                      107                      1727        -1   695375                        -1.1                      -0.2
EUR_micro                 0.004               0.059      1.17              0.32                5.1           9355.8              10907                       34                       552        -1   695375                        -1.6                      -0.1
CANOLA                   10.108             161.730    786.30              1.29               20.6             10.7               8445                      108                      1737         1   695375                         1.2                       0.2
RUSSELL                  33.276             532.421   2943.70              1.13               18.1              3.7              11016                      124                      1992         1   695375                         1.6                       0.3
TOPIX                    48.575             777.203   3897.25              1.25               19.9              4.7              18214                      227                      3632         1   695375                         2.6                       0.5
CAD10                     0.452               7.238    120.28              0.38                6.0            537.0              64595                      242                      3886         1   695375                         9.3                       0.6
NZD                       0.004               0.061      0.59              0.65               10.4          74846.4              44062                      285                      4566         1   695375                         6.3                       0.7
MSCISING                  5.014              80.216    456.40              1.10               17.6             58.2              26571                      291                      4670         1   695375                         3.8                       0.7
EU-OIL                    7.115             113.842    526.40              1.35               21.6             43.2              22741                      307                      4918         1   695375                         3.3                       0.7
ZAR                       0.000               0.007      0.06              0.74               11.8         374231.9              22931                      169                      2711         2   695375                         6.6                       0.8
OAT                       0.518               8.293    118.76              0.44                7.0            864.0             102614                      447                      7165         1   695375                        14.8                       1.0
NIKKEI                 1135.186           18162.977  65280.00              1.74               27.8              0.5              30509                      530                      8488         1   695375                         4.4                       1.2
EU-BASIC                 15.215             243.437    870.80              1.75               28.0             43.2              37620                      657                     10517         1   695375                         5.4                       1.5
CAC                      79.804            1276.868   8219.50              0.97               15.5              8.6              71020                      689                     11032         1   695375                        10.2                       1.6
GASOILINE                 0.067               1.071      2.91              2.30               36.8          31435.5              91338                     2103                     33652         1   695375                        13.1                       4.8
MSCITAIWAN               34.578             553.255   2002.10              1.73               27.6             74.8             149849                     2588                     41409         1   695375                        21.5                       6.0

Sum of abs(notional exposure % capital) 171.7
Sum of abs(annualised risk % capital) 28.9
Net sum of annualised risk % capital 12.3 

=================================================================================================================================================================================================================
                                                                                                  Correlations                                                                                                   
=================================================================================================================================================================================================================

              CANOLA  EU-OIL  GASOILINE  GAS_US_mini  REDWHEAT  CAD10   CHF  EUR_micro   JPY  KR10   OAT  BITCOIN  KOSDAQ  HANGENT_mini   NZD   ZAR   CAC  EU-BASIC  MSCISING  MSCITAIWAN  NIKKEI  RUSSELL  TOPIX
CANOLA          1.00    0.07       0.34         0.14      0.14  -0.08 -0.08      -0.12 -0.09 -0.19 -0.08    -0.10   -0.04          0.11 -0.01 -0.17 -0.17     -0.09     -0.06       -0.04   -0.05    -0.13  -0.09
EU-OIL          0.07    1.00       0.66         0.17      0.20  -0.15 -0.36      -0.29 -0.27 -0.21 -0.25     0.24    0.16         -0.01 -0.09  0.08  0.22      0.16      0.39        0.13   -0.06     0.10   0.06
GASOILINE       0.34    0.66       1.00         0.28      0.35  -0.33 -0.30      -0.27 -0.24 -0.28 -0.35     0.26   -0.00          0.09 -0.08 -0.09 -0.03     -0.04      0.19        0.10   -0.05    -0.02   0.00
GAS_US_mini     0.14    0.17       0.28         1.00     -0.03  -0.15 -0.02      -0.08  0.00 -0.08 -0.19     0.16   -0.01          0.22 -0.01 -0.09 -0.03     -0.08      0.28       -0.09   -0.11    -0.17  -0.12
REDWHEAT        0.14    0.20       0.35        -0.03      1.00  -0.12  0.07       0.11  0.06 -0.28 -0.10     0.10    0.29          0.07  0.14  0.07 -0.19      0.00     -0.19       -0.03   -0.01    -0.14  -0.06
CAD10          -0.08   -0.15      -0.33        -0.15     -0.12   1.00  0.24       0.23  0.33  0.48  0.69    -0.05    0.06          0.19  0.19  0.38  0.35      0.33      0.16        0.27    0.23     0.27   0.10
CHF            -0.08   -0.36      -0.30        -0.02      0.07   0.24  1.00       0.85  0.71  0.32  0.37     0.10    0.34          0.36  0.66  0.41  0.11      0.17      0.01        0.09    0.14     0.10  -0.05
EUR_micro      -0.12   -0.29      -0.27        -0.08      0.11   0.23  0.85       1.00  0.68  0.24  0.23     0.08    0.29          0.38  0.71  0.53  0.18      0.26      0.08        0.16    0.21     0.17   0.08
JPY            -0.09   -0.27      -0.24         0.00      0.06   0.33  0.71       0.68  1.00  0.34  0.34     0.01    0.15          0.19  0.46  0.30 -0.01      0.01     -0.06       -0.06   -0.15    -0.02  -0.28
KR10           -0.19   -0.21      -0.28        -0.08     -0.28   0.48  0.32       0.24  0.34  1.00  0.50     0.19    0.14          0.12  0.11  0.21  0.24      0.13      0.10        0.18    0.13     0.26  -0.06
OAT            -0.08   -0.25      -0.35        -0.19     -0.10   0.69  0.37       0.23  0.34  0.50  1.00     0.00    0.24          0.21  0.26  0.38  0.44      0.40      0.11        0.33    0.34     0.37   0.16
BITCOIN        -0.10    0.24       0.26         0.16      0.10  -0.05  0.10       0.08  0.01  0.19  0.00     1.00    0.22          0.12  0.16  0.17  0.19      0.13      0.27        0.26    0.13     0.39   0.06
KOSDAQ         -0.04    0.16      -0.00        -0.01      0.29   0.06  0.34       0.29  0.15  0.14  0.24     0.22    1.00          0.17  0.39  0.36  0.24      0.28      0.03        0.36    0.39     0.27   0.22
HANGENT_mini    0.11   -0.01       0.09         0.22      0.07   0.19  0.36       0.38  0.19  0.12  0.21     0.12    0.17          1.00  0.41  0.43  0.38      0.43      0.36        0.26    0.37     0.21   0.32
NZD            -0.01   -0.09      -0.08        -0.01      0.14   0.19  0.66       0.71  0.46  0.11  0.26     0.16    0.39          0.41  1.00  0.65  0.30      0.48      0.27        0.40    0.43     0.36   0.27
ZAR            -0.17    0.08      -0.09        -0.09      0.07   0.38  0.41       0.53  0.30  0.21  0.38     0.17    0.36          0.43  0.65  1.00  0.64      0.69      0.51        0.40    0.48     0.48   0.37
CAC            -0.17    0.22      -0.03        -0.03     -0.19   0.35  0.11       0.18 -0.01  0.24  0.44     0.19    0.24          0.38  0.30  0.64  1.00      0.69      0.60        0.57    0.65     0.60   0.58
EU-BASIC       -0.09    0.16      -0.04        -0.08      0.00   0.33  0.17       0.26  0.01  0.13  0.40     0.13    0.28          0.43  0.48  0.69  0.69      1.00      0.48        0.57    0.60     0.64   0.47
MSCISING       -0.06    0.39       0.19         0.28     -0.19   0.16  0.01       0.08 -0.06  0.10  0.11     0.27    0.03          0.36  0.27  0.51  0.60      0.48      1.00        0.37    0.34     0.44   0.40
MSCITAIWAN     -0.04    0.13       0.10        -0.09     -0.03   0.27  0.09       0.16 -0.06  0.18  0.33     0.26    0.36          0.26  0.40  0.40  0.57      0.57      0.37        1.00    0.72     0.66   0.54
NIKKEI         -0.05   -0.06      -0.05        -0.11     -0.01   0.23  0.14       0.21 -0.15  0.13  0.34     0.13    0.39          0.37  0.43  0.48  0.65      0.60      0.34        0.72    1.00     0.59   0.86
RUSSELL        -0.13    0.10      -0.02        -0.17     -0.14   0.27  0.10       0.17 -0.02  0.26  0.37     0.39    0.27          0.21  0.36  0.48  0.60      0.64      0.44        0.66    0.59     1.00   0.50
TOPIX          -0.09    0.06       0.00        -0.12     -0.06   0.10 -0.05       0.08 -0.28 -0.06  0.16     0.06    0.22          0.32  0.27  0.37  0.58      0.47      0.40        0.54    0.86     0.50   1.00


********************************************************************************
                                 END OF REPORT                                  
********************************************************************************


