
********************************************************************************
                    Risk report produced on 30/05/2024 22:53                    
********************************************************************************


Total risk across all strategies, annualised percentage 10.9
Percentage of capital used for margin 71.5%

========================================
Risk per strategy, annualised percentage
========================================

                  risk
dynamic_TF_carry  10.9


===================
Risk by asset class
===================

Ags       2.4
Bond      2.5
Equity    4.7
FX        5.5
Metals    3.0
OilGas    1.2
Sector    0.3
Vol       2.1
dtype: float64


=====================================================
Beta loadings of asset class positions on asset class
=====================================================

Bond     -0.65
Metals   -0.07
FX       -0.05
Vol      -0.05
OilGas    0.00
Sector    0.02
Ags       0.08
Equity    0.36
dtype: float64


========================================================
Beta loadings of full portfolio positions on asset class
========================================================

Bond     -1.06
Vol      -0.12
Metals   -0.09
OilGas    0.02
FX        0.06
Ags       0.11
Sector    0.27
Equity    0.51
dtype: float64


===================================================================================================================================================================================================================================================================
                                                                                                                          Instrument risk                                                                                                                          
===================================================================================================================================================================================================================================================================

               daily_price_stdev  annual_price_stdev     price  daily_perc_stdev  annual_perc_stdev  point_size_base  contract_exposure  daily_risk_per_contract  annual_risk_per_contract  position  capital  exposure_held_perc_capital  annual_risk_perc_capital
CHF                        0.005               0.077      1.11              0.44                7.0          98520.2             109254                      476                      7631        -2   661288                       -33.0                      -2.3
VIX                        0.373               5.968     14.90              2.50               40.1            788.2              11743                      293                      4703        -3   661288                        -5.3                      -2.1
ALUMINIUM                 43.025             688.399   2673.50              1.61               25.7             19.7              52678                      847                     13564        -1   661288                        -8.0                      -2.1
JPY                        0.000               0.001      0.01              0.62                9.9        9852022.6              62983                      390                      6243        -2   661288                       -19.0                      -1.9
GOLD_micro                23.062             368.988   2363.00              0.98               15.6              7.9              18624                      181                      2908        -4   661288                       -11.3                      -1.8
COTTON2                    1.624              25.990     78.08              2.08               33.3            394.1              30769                      640                     10242        -1   661288                        -4.7                      -1.5
BITCOIN                 1806.804           28908.861  69250.00              2.61               41.7              0.1               5458                      142                      2278        -4   661288                        -3.3                      -1.4
BUND                       0.610               9.763    129.83              0.47                7.5            850.5             110421                      518                      8303        -1   661288                       -16.7                      -1.3
KOSDAQ                    21.654             346.470   1329.30              1.63               26.1              5.8               7688                      125                      2004        -4   661288                        -4.7                      -1.2
GAS_US_mini                0.112               1.797      2.57              4.37               69.9           1970.4               5063                      221                      3540        -2   661288                        -1.5                      -1.1
US3                        0.188               3.010    103.06              0.18                2.9           1576.3             162453                      296                      4744        -1   661288                       -24.6                      -0.7
CORN                       5.634              90.141    470.75              1.20               19.1             39.4              18551                      222                      3552        -1   661288                        -2.8                      -0.5
KR10                       0.381               6.104    111.77              0.34                5.5            578.4              64649                      220                      3530        -1   661288                        -9.8                      -0.5
US2                        0.114               1.831    101.44              0.11                1.8           1576.3             159904                      180                      2885        -1   661288                       -24.2                      -0.4
EU-BANKS                   1.340              21.441    146.80              0.91               14.6             42.5               6242                       56                       911         2   661288                         1.9                       0.3
TOPIX                     22.235             355.764   2730.75              0.81               13.0              5.0              13712                      111                      1786         2   661288                         4.1                       0.5
GBP                        0.005               0.078      1.27              0.38                6.1          49260.1              62742                      240                      3852         1   661288                         9.5                       0.6
CRUDE_W_micro              1.078              17.250     78.01              1.38               22.1             78.8               6148                       84                      1359         3   661288                         2.8                       0.6
NASDAQ_micro             171.593            2745.489  18645.00              0.92               14.7              1.6              29390                      270                      4327         1   661288                         4.4                       0.7
DX                         0.368               5.890    104.69              0.35                5.6            788.2              82512                      290                      4642         1   661288                        12.5                       0.7
SOYMEAL                    5.330              85.274    357.80              1.49               23.8             78.8              28200                      420                      6720         1   661288                         4.3                       1.0
LIVECOW                    1.383              22.125    179.75              0.77               12.3            315.3              56668                      435                      6975         1   661288                         8.6                       1.1
SILVER                     0.605               9.680     31.70              1.91               30.5            788.2              24984                      476                      7629         1   661288                         3.8                       1.2
WHEAT                     12.483             199.723    725.25              1.72               27.5             39.4              28580                      491                      7870         1   661288                         4.3                       1.2
IRON                       2.136              34.172    115.90              1.84               29.5             78.8               9134                      168                      2693         3   661288                         4.1                       1.2
FTSETAIWAN                16.803             268.853   1821.50              0.92               14.8             31.5              57425                      529                      8475         1   661288                         8.7                       1.3
MXP                        0.000               0.005      0.06              0.54                8.6         394080.9              23164                      124                      1999         5   661288                        17.5                       1.5
NIKKEI                   378.622            6057.960  38085.00              0.99               15.9              0.5              19124                      190                      3042         4   661288                        11.6                       1.8
MIB                      256.290            4100.646  34500.00              0.74               11.9              4.3             146712                     1089                     17438         1   661288                        22.2                       2.6
YENEUR                     0.871              13.938    169.62              0.51                8.2            627.7             106471                      546                      8749         2   661288                        32.2                       2.6

Sum of abs(notional exposure % capital) 321.4
Sum of abs(annualised risk % capital) 37.7
Net sum of annualised risk % capital 0.1 

====================================================================================================================================================================================================================================================================
                                                                                                                            Correlations                                                                                                                            
====================================================================================================================================================================================================================================================================

               BITCOIN  BUND   CHF  GOLD_micro   JPY  KR10  SILVER   US2   US3  ALUMINIUM  CORN  IRON  SOYMEAL  WHEAT  EU-BANKS  FTSETAIWAN   GBP  KOSDAQ   MIB   MXP  NASDAQ_micro    DX   VIX  COTTON2  CRUDE_W_micro  GAS_US_mini  LIVECOW  NIKKEI  TOPIX  YENEUR
BITCOIN           1.00  0.39  0.18        0.23  0.33  0.24    0.24  0.28  0.29       0.10  0.06 -0.07     0.07   0.09      0.21        0.03  0.20    0.11  0.15  0.24          0.18 -0.27 -0.07     0.10          -0.14         0.11    -0.10   -0.05  -0.15   -0.15
BUND              0.39  1.00  0.38        0.40  0.46  0.52    0.35  0.63  0.69       0.20  0.11  0.03     0.23   0.07      0.10        0.16  0.40    0.08  0.20  0.32          0.41 -0.41 -0.13    -0.21          -0.19         0.10    -0.09    0.04  -0.05   -0.21
CHF               0.18  0.38  1.00        0.34  0.63  0.47    0.38  0.51  0.53       0.10  0.20  0.10     0.29   0.17      0.19        0.18  0.60    0.18  0.27  0.30          0.38 -0.73 -0.21    -0.05          -0.06         0.11     0.01   -0.13  -0.19   -0.12
GOLD_micro        0.23  0.40  0.34        1.00  0.34  0.17    0.83  0.43  0.44       0.41  0.01  0.10     0.04  -0.02     -0.01        0.04  0.35   -0.11  0.05  0.27          0.17 -0.33  0.04    -0.23           0.23         0.10     0.07    0.02  -0.07   -0.09
JPY               0.33  0.46  0.63        0.34  1.00  0.41    0.30  0.51  0.54       0.17  0.21  0.07     0.29   0.12      0.13        0.17  0.36    0.13  0.15  0.35          0.30 -0.62 -0.17     0.06          -0.11        -0.08     0.05   -0.28  -0.34   -0.70
KR10              0.24  0.52  0.47        0.17  0.41  1.00    0.06  0.50  0.53       0.11 -0.02  0.05     0.08   0.06      0.03        0.26  0.37    0.29  0.23  0.16          0.42 -0.40 -0.24    -0.03          -0.18        -0.07    -0.18    0.11  -0.02   -0.20
SILVER            0.24  0.35  0.38        0.83  0.30  0.06    1.00  0.33  0.35       0.41  0.07  0.13     0.10   0.09      0.16        0.07  0.45   -0.11  0.14  0.36          0.20 -0.43 -0.00    -0.17           0.27         0.16     0.23    0.08  -0.01    0.05
US2               0.28  0.63  0.51        0.43  0.51  0.50    0.33  1.00  0.98       0.09  0.03 -0.11     0.14   0.06      0.01       -0.01  0.40   -0.04  0.11  0.18          0.21 -0.47 -0.03    -0.14          -0.14         0.23    -0.14   -0.03  -0.12   -0.22
US3               0.29  0.69  0.53        0.44  0.54  0.53    0.35  0.98  1.00       0.12  0.05 -0.10     0.20   0.07      0.08        0.07  0.45   -0.00  0.17  0.26          0.30 -0.54 -0.14    -0.13          -0.15         0.22    -0.12    0.02  -0.07   -0.20
ALUMINIUM         0.10  0.20  0.10        0.41  0.17  0.11    0.41  0.09  0.12       1.00  0.14  0.33     0.10   0.10      0.01        0.06  0.20    0.04 -0.12  0.09          0.01 -0.18  0.07    -0.10           0.22        -0.01     0.01   -0.04  -0.06   -0.06
CORN              0.06  0.11  0.20        0.01  0.21 -0.02    0.07  0.03  0.05       0.14  1.00  0.14     0.41   0.73      0.19        0.14  0.09    0.08  0.08  0.03          0.08 -0.16 -0.06    -0.05           0.08         0.08    -0.02   -0.16  -0.15   -0.11
IRON             -0.07  0.03  0.10        0.10  0.07  0.05    0.13 -0.11 -0.10       0.33  0.14  1.00     0.20   0.17     -0.02        0.08  0.06    0.01 -0.14  0.04          0.06 -0.05  0.00    -0.03          -0.13        -0.09    -0.01    0.02   0.03   -0.03
SOYMEAL           0.07  0.23  0.29        0.04  0.29  0.08    0.10  0.14  0.20       0.10  0.41  0.20     1.00   0.32      0.19        0.16  0.09    0.21  0.11  0.20          0.14 -0.27 -0.14    -0.15          -0.14        -0.03    -0.12   -0.11  -0.09   -0.07
WHEAT             0.09  0.07  0.17       -0.02  0.12  0.06    0.09  0.06  0.07       0.10  0.73  0.17     0.32   1.00      0.28        0.06  0.15    0.02  0.13  0.10          0.06 -0.15 -0.17    -0.10           0.04         0.22    -0.01   -0.13  -0.08   -0.05
EU-BANKS          0.21  0.10  0.19       -0.01  0.13  0.03    0.16  0.01  0.08       0.01  0.19 -0.02     0.19   0.28      1.00        0.29  0.25    0.30  0.77  0.43          0.27 -0.38 -0.47     0.13           0.08         0.19     0.19    0.15   0.19    0.16
FTSETAIWAN        0.03  0.16  0.18        0.04  0.17  0.26    0.07 -0.01  0.07       0.06  0.14  0.08     0.16   0.06      0.29        1.00  0.38    0.37  0.25  0.40          0.56 -0.39 -0.31     0.23           0.03        -0.16     0.01    0.41   0.32    0.11
GBP               0.20  0.40  0.60        0.35  0.36  0.37    0.45  0.40  0.45       0.20  0.09  0.06     0.09   0.15      0.25        0.38  1.00    0.08  0.26  0.40          0.50 -0.75 -0.29    -0.00           0.08         0.14     0.05    0.22   0.16    0.27
KOSDAQ            0.11  0.08  0.18       -0.11  0.13  0.29   -0.11 -0.04 -0.00       0.04  0.08  0.01     0.21   0.02      0.30        0.37  0.08    1.00  0.33  0.21          0.33 -0.17 -0.27     0.08          -0.01        -0.18    -0.21    0.24   0.16   -0.05
MIB               0.15  0.20  0.27        0.05  0.15  0.23    0.14  0.11  0.17      -0.12  0.08 -0.14     0.11   0.13      0.77        0.25  0.26    0.33  1.00  0.42          0.43 -0.36 -0.50     0.13           0.08         0.11     0.22    0.23   0.24    0.14
MXP               0.24  0.32  0.30        0.27  0.35  0.16    0.36  0.18  0.26       0.09  0.03  0.04     0.20   0.10      0.43        0.40  0.40    0.21  0.42  1.00          0.41 -0.55 -0.44    -0.02           0.05         0.17     0.24    0.24   0.23    0.04
NASDAQ_micro      0.18  0.41  0.38        0.17  0.30  0.42    0.20  0.21  0.30       0.01  0.08  0.06     0.14   0.06      0.27        0.56  0.50    0.33  0.43  0.41          1.00 -0.47 -0.57     0.15          -0.02         0.02     0.09    0.51   0.36    0.07
DX               -0.27 -0.41 -0.73       -0.33 -0.62 -0.40   -0.43 -0.47 -0.54      -0.18 -0.16 -0.05    -0.27  -0.15     -0.38       -0.39 -0.75   -0.17 -0.36 -0.55         -0.47  1.00  0.34    -0.09          -0.05        -0.10    -0.09   -0.09  -0.05   -0.03
VIX              -0.07 -0.13 -0.21        0.04 -0.17 -0.24   -0.00 -0.03 -0.14       0.07 -0.06  0.00    -0.14  -0.17     -0.47       -0.31 -0.29   -0.27 -0.50 -0.44         -0.57  0.34  1.00    -0.22           0.10        -0.21    -0.20   -0.32  -0.38   -0.11
COTTON2           0.10 -0.21 -0.05       -0.23  0.06 -0.03   -0.17 -0.14 -0.13      -0.10 -0.05 -0.03    -0.15  -0.10      0.13        0.23 -0.00    0.08  0.13 -0.02          0.15 -0.09 -0.22     1.00           0.10        -0.07     0.15    0.27   0.25   -0.03
CRUDE_W_micro    -0.14 -0.19 -0.06        0.23 -0.11 -0.18    0.27 -0.14 -0.15       0.22  0.08 -0.13    -0.14   0.04      0.08        0.03  0.08   -0.01  0.08  0.05         -0.02 -0.05  0.10     0.10           1.00         0.11     0.31    0.19   0.15    0.09
GAS_US_mini       0.11  0.10  0.11        0.10 -0.08 -0.07    0.16  0.23  0.22      -0.01  0.08 -0.09    -0.03   0.22      0.19       -0.16  0.14   -0.18  0.11  0.17          0.02 -0.10 -0.21    -0.07           0.11         1.00     0.19    0.12   0.16    0.16
LIVECOW          -0.10 -0.09  0.01        0.07  0.05 -0.18    0.23 -0.14 -0.12       0.01 -0.02 -0.01    -0.12  -0.01      0.19        0.01  0.05   -0.21  0.22  0.24          0.09 -0.09 -0.20     0.15           0.31         0.19     1.00    0.04   0.06   -0.01
NIKKEI           -0.05  0.04 -0.13        0.02 -0.28  0.11    0.08 -0.03  0.02      -0.04 -0.16  0.02    -0.11  -0.13      0.15        0.41  0.22    0.24  0.23  0.24          0.51 -0.09 -0.32     0.27           0.19         0.12     0.04    1.00   0.87    0.40
TOPIX            -0.15 -0.05 -0.19       -0.07 -0.34 -0.02   -0.01 -0.12 -0.07      -0.06 -0.15  0.03    -0.09  -0.08      0.19        0.32  0.16    0.16  0.24  0.23          0.36 -0.05 -0.38     0.25           0.15         0.16     0.06    0.87   1.00    0.45
YENEUR           -0.15 -0.21 -0.12       -0.09 -0.70 -0.20    0.05 -0.22 -0.20      -0.06 -0.11 -0.03    -0.07  -0.05      0.16        0.11  0.27   -0.05  0.14  0.04          0.07 -0.03 -0.11    -0.03           0.09         0.16    -0.01    0.40   0.45    1.00


********************************************************************************
                                 END OF REPORT                                  
********************************************************************************


