
********************************************************************************
                    Risk report produced on 22/05/2025 22:53                    
********************************************************************************


Total risk across all strategies, annualised percentage 6.3
Percentage of capital used for margin 38.4%

========================================
Risk per strategy, annualised percentage
========================================

                  risk
dynamic_TF_carry   6.3


===================
Risk by asset class
===================

Ags       3.4
Bond      1.5
Equity    2.3
FX        2.2
OilGas    3.7
Vol       0.2
dtype: float64


=====================================================
Beta loadings of asset class positions on asset class
=====================================================

OilGas   -0.09
Vol      -0.00
Ags       0.08
Equity    0.15
FX        0.25
Bond      0.32
dtype: float64


========================================================
Beta loadings of full portfolio positions on asset class
========================================================

OilGas   -0.08
Vol      -0.07
Ags       0.00
Bond      0.07
Equity    0.21
FX        0.22
dtype: float64


===================================================================================================================================================================================================================================================================
                                                                                                                          Instrument risk                                                                                                                          
===================================================================================================================================================================================================================================================================

               daily_price_stdev  annual_price_stdev     price  daily_perc_stdev  annual_perc_stdev  point_size_base  contract_exposure  daily_risk_per_contract  annual_risk_per_contract  position  capital  exposure_held_perc_capital  annual_risk_perc_capital
GAS-PEN                    0.125               1.993      3.28              3.80               60.8           7447.6              24390                      927                     14841        -1   527589                        -4.6                      -2.8
DOW                      527.991            8447.853  42113.00              1.25               20.1              0.4              15682                      196                      3145        -3   527589                        -8.9                      -1.8
DX                         0.486               7.781     99.85              0.49                7.8            744.8              74364                      362                      5794        -1   527589                       -14.1                      -1.1
WHEAT                      7.851             125.617    583.75              1.34               21.5             37.2              21737                      292                      4677        -1   527589                        -4.1                      -0.9
CRUDE_W_micro              1.259              20.149     60.66              2.08               33.2             74.5               4517                       93                      1500        -3   527589                        -2.6                      -0.9
SOYMEAL                    3.292              52.672    305.10              1.08               17.3             74.5              22722                      245                      3922        -1   527589                        -4.3                      -0.7
GAS_US_mini                0.126               2.012      3.66              3.43               54.9           1861.9               6823                      234                      3746        -1   527589                        -1.3                      -0.7
KRWUSD_mini                0.006               0.092      0.73              0.79               12.6          18619.1              13502                      106                      1707        -2   527589                        -5.1                      -0.6
V2X                        0.610               9.755     20.20              3.02               48.3             84.4               1704                       51                       823        -1   527589                        -0.3                      -0.2
MXP                        0.000               0.006      0.05              0.70               11.2         372381.2              19129                      133                      2136         1   527589                         3.6                       0.4
KR10                       0.366               5.854    119.06              0.31                4.9            540.5              64353                      197                      3164         1   527589                        12.2                       0.6
TOPIX                     38.496             615.941   2716.00              1.42               22.7              5.2              14111                      200                      3200         1   527589                         2.7                       0.6
CANOLA                     8.868             141.887    685.90              1.29               20.7             10.8               7376                       95                      1525         3   527589                         4.2                       0.9
NIKKEI                   570.121            9121.940  36935.00              1.54               24.7              0.5              19189                      296                      4739         1   527589                         3.6                       0.9
MSCISING                   5.151              82.422    406.20              1.27               20.3             57.8              23468                      297                      4761         1   527589                         4.4                       0.9
MUMMY                     11.419             182.701    712.00              1.60               25.7              5.2               3699                       59                       949         6   527589                         4.2                       1.1
BTP                        0.429               6.868    119.69              0.36                5.7            844.0             101012                      362                      5796         1   527589                        19.1                       1.1
YENEUR                     0.869              13.899    162.39              0.53                8.6            649.4             105462                      564                      9026         1   527589                        20.0                       1.7
FEEDCOW                    2.634              42.141    298.73              0.88               14.1            372.4             111239                      980                     15692         1   527589                        21.1                       3.0

Sum of abs(notional exposure % capital) 140.4
Sum of abs(annualised risk % capital) 20.9
Net sum of annualised risk % capital 1.5 

============================================================================================================================================================================
                                                                                Correlations                                                                                
============================================================================================================================================================================

               CRUDE_W_micro   DOW  FEEDCOW  MSCISING  MUMMY   MXP  NIKKEI  TOPIX  YENEUR   BTP  KR10  KRWUSD_mini  CANOLA  SOYMEAL  WHEAT    DX  GAS-PEN  GAS_US_mini   V2X
CRUDE_W_micro           1.00  0.26     0.33      0.46   0.45  0.22    0.42   0.43    0.13 -0.13 -0.33        -0.32    0.07    -0.09  -0.01  0.27     0.15         0.18 -0.33
DOW                     0.26  1.00     0.37      0.74   0.63  0.22    0.72   0.71    0.09  0.26 -0.04         0.07    0.05     0.02  -0.04  0.14     0.16         0.16 -0.64
FEEDCOW                 0.33  0.37     1.00      0.45   0.42  0.30    0.51   0.51    0.36 -0.11 -0.20        -0.05   -0.07     0.01  -0.16 -0.02     0.20         0.25 -0.31
MSCISING                0.46  0.74     0.45      1.00   0.76  0.35    0.75   0.80    0.13  0.15 -0.14         0.03   -0.04     0.02  -0.00  0.06     0.24         0.27 -0.65
MUMMY                   0.45  0.63     0.42      0.76   1.00  0.35    0.86   0.87    0.27  0.13 -0.22         0.11    0.04    -0.05   0.02 -0.03     0.09         0.13 -0.71
MXP                     0.22  0.22     0.30      0.35   0.35  1.00    0.44   0.41    0.37  0.15 -0.10         0.15   -0.10     0.09   0.22 -0.17     0.02         0.05 -0.41
NIKKEI                  0.42  0.72     0.51      0.75   0.86  0.44    1.00   0.97    0.46  0.07 -0.30         0.01    0.04    -0.07   0.01  0.11     0.17         0.19 -0.82
TOPIX                   0.43  0.71     0.51      0.80   0.87  0.41    0.97   1.00    0.44  0.04 -0.31        -0.05    0.07    -0.08  -0.01  0.12     0.20         0.23 -0.82
YENEUR                  0.13  0.09     0.36      0.13   0.27  0.37    0.46   0.44    1.00 -0.36 -0.47        -0.12    0.09    -0.07   0.05  0.01     0.12         0.18 -0.39
BTP                    -0.13  0.26    -0.11      0.15   0.13  0.15    0.07   0.04   -0.36  1.00  0.56         0.21    0.04    -0.03  -0.03 -0.03    -0.23        -0.25 -0.18
KR10                   -0.33 -0.04    -0.20     -0.14  -0.22 -0.10   -0.30  -0.31   -0.47  0.56  1.00         0.19   -0.07    -0.01  -0.21 -0.18    -0.17        -0.21  0.19
KRWUSD_mini            -0.32  0.07    -0.05      0.03   0.11  0.15    0.01  -0.05   -0.12  0.21  0.19         1.00   -0.13     0.15   0.21 -0.50    -0.15        -0.16  0.07
CANOLA                  0.07  0.05    -0.07     -0.04   0.04 -0.10    0.04   0.07    0.09  0.04 -0.07        -0.13    1.00     0.11   0.16  0.05     0.06         0.06 -0.05
SOYMEAL                -0.09  0.02     0.01      0.02  -0.05  0.09   -0.07  -0.08   -0.07 -0.03 -0.01         0.15    0.11     1.00   0.27 -0.14     0.16         0.17  0.21
WHEAT                  -0.01 -0.04    -0.16     -0.00   0.02  0.22    0.01  -0.01    0.05 -0.03 -0.21         0.21    0.16     0.27   1.00 -0.18     0.04         0.03  0.05
DX                      0.27  0.14    -0.02      0.06  -0.03 -0.17    0.11   0.12    0.01 -0.03 -0.18        -0.50    0.05    -0.14  -0.18  1.00     0.11         0.13 -0.17
GAS-PEN                 0.15  0.16     0.20      0.24   0.09  0.02    0.17   0.20    0.12 -0.23 -0.17        -0.15    0.06     0.16   0.04  0.11     1.00         0.97 -0.16
GAS_US_mini             0.18  0.16     0.25      0.27   0.13  0.05    0.19   0.23    0.18 -0.25 -0.21        -0.16    0.06     0.17   0.03  0.13     0.97         1.00 -0.16
V2X                    -0.33 -0.64    -0.31     -0.65  -0.71 -0.41   -0.82  -0.82   -0.39 -0.18  0.19         0.07   -0.05     0.21   0.05 -0.17    -0.16        -0.16  1.00


********************************************************************************
                                 END OF REPORT                                  
********************************************************************************


