
********************************************************************************
                    Risk report produced on 07/06/2024 22:52                    
********************************************************************************


Total risk across all strategies, annualised percentage 12.0
Percentage of capital used for margin 69.8%

========================================
Risk per strategy, annualised percentage
========================================

                  risk
dynamic_TF_carry  12.0


===================
Risk by asset class
===================

Ags       1.8
Bond      3.2
Equity    8.5
FX        4.4
Metals    1.4
OilGas    1.2
Sector    0.3
Vol       3.3
dtype: float64


=====================================================
Beta loadings of asset class positions on asset class
=====================================================

Bond     -0.73
Vol      -0.09
Ags      -0.04
OilGas   -0.04
Sector    0.02
FX        0.03
Metals    0.05
Equity    0.77
dtype: float64


========================================================
Beta loadings of full portfolio positions on asset class
========================================================

Bond     -0.48
Vol      -0.25
OilGas   -0.01
Ags       0.09
Metals    0.14
Sector    0.40
FX        0.72
Equity    0.94
dtype: float64


===================================================================================================================================================================================================================================================================
                                                                                                                          Instrument risk                                                                                                                          
===================================================================================================================================================================================================================================================================

               daily_price_stdev  annual_price_stdev     price  daily_perc_stdev  annual_perc_stdev  point_size_base  contract_exposure  daily_risk_per_contract  annual_risk_per_contract  position  capital  exposure_held_perc_capital  annual_risk_perc_capital
VIX                        0.342               5.473     14.20              2.41               38.5            782.3              11108                      267                      4281        -5   643790                        -8.6                      -3.3
BUND                       0.609               9.736    130.24              0.47                7.5            851.9             110947                      518                      8294        -2   643790                       -34.5                      -2.6
COTTON2                    1.606              25.703     73.85              2.18               34.8            391.1              28884                      628                     10053        -1   643790                        -4.5                      -1.6
CHF                        0.005               0.083      1.12              0.46                7.4          97782.3             109164                      506                      8104        -1   643790                       -17.0                      -1.3
KOSDAQ                    21.187             338.994   1407.30              1.51               24.1              5.7               8083                      121                      1947        -4   643790                        -5.0                      -1.2
JPY                        0.000               0.001      0.01              0.64               10.3        9778229.7              62512                      401                      6425        -1   643790                        -9.7                      -1.0
CRUDE_W_micro              1.259              20.150     75.31              1.67               26.8             78.2               5891                       98                      1576        -4   643790                        -3.7                      -1.0
KR10                       0.401               6.410    113.52              0.35                5.6            574.4              65202                      230                      3681        -1   643790                       -10.1                      -0.6
GAS_US_mini                0.117               1.869      2.92              4.00               64.0           1955.6               5710                      228                      3655        -1   643790                        -0.9                      -0.6
CORN                       5.629              90.067    467.50              1.20               19.3             39.1              18285                      220                      3522        -1   643790                        -2.8                      -0.5
GOLD_micro                26.951             431.209   2315.00              1.16               18.6              7.8              18109                      210                      3373        -1   643790                        -2.8                      -0.5
US2                        0.113               1.814    101.90              0.11                1.8           1564.5             159421                      177                      2838        -1   643790                       -24.8                      -0.4
MSCISING                   2.029              32.465    311.65              0.65               10.4             58.2              18128                      118                      1888         1   643790                         2.8                       0.3
EU-BANKS                   1.486              23.782    145.60              1.02               16.3             42.6               6201                       63                      1012         2   643790                         1.9                       0.3
SP500_micro               36.406             582.502   5368.25              0.68               10.9              3.9              20996                      142                      2278         1   643790                         3.3                       0.4
TOPIX                     23.004             368.064   2752.50              0.84               13.4              5.0              13843                      115                      1851         2   643790                         4.3                       0.6
GBP                        0.005               0.079      1.27              0.39                6.2          48891.1              62213                      240                      3847         1   643790                         9.7                       0.6
BITCOIN                 1759.553           28152.840  67680.00              2.60               41.6              0.1               5294                      137                      2202         2   643790                         1.6                       0.7
MXP                        0.001               0.012      0.05              1.36               21.8         391129.2              21175                      288                      4608         1   643790                         3.3                       0.7
NIKKEI                   364.784            5836.547  38650.00              0.94               15.1              0.5              19439                      183                      2935         2   643790                         6.0                       0.9
LIVECOW                    1.251              20.013    177.40              0.71               11.3            312.9              55509                      391                      6262         1   643790                         8.6                       1.0
IRON                       2.150              34.396    109.90              1.96               31.3             78.2               8597                      168                      2690         3   643790                         4.0                       1.3
FTSETAIWAN                17.057             272.919   1816.25              0.94               15.0             31.3              56831                      533                      8539         1   643790                         8.8                       1.3
NASDAQ_micro             170.609            2729.737  19026.50              0.90               14.3              1.6              29767                      266                      4270         2   643790                         9.2                       1.3
MSCIEAFA                  18.224             291.584   2370.60              0.77               12.3             39.1              92721                      712                     11404         1   643790                        14.4                       1.8
AEX                        5.648              90.370    925.05              0.61                9.8            170.4             157604                      962                     15396         1   643790                        24.5                       2.4
MIB                      254.380            4070.084  34795.00              0.73               11.7              4.3             148204                     1083                     17335         1   643790                        23.0                       2.7
YENEUR                     0.906              14.503    169.09              0.54                8.6            628.7             106306                      569                      9118         2   643790                        33.0                       2.8

Sum of abs(notional exposure % capital) 282.8
Sum of abs(annualised risk % capital) 33.7
Net sum of annualised risk % capital 4.5 

============================================================================================================================================================================================================================================================
                                                                                                                        Correlations                                                                                                                        
============================================================================================================================================================================================================================================================

               NIKKEI  TOPIX  YENEUR  CORN  COTTON2  CRUDE_W_micro  GAS_US_mini  IRON  LIVECOW  BITCOIN  BUND   CHF  GOLD_micro   JPY  KR10   US2   AEX  EU-BANKS  FTSETAIWAN   GBP  KOSDAQ   MIB  MSCIEAFA  MSCISING   MXP  NASDAQ_micro  SP500_micro   VIX
NIKKEI           1.00   0.87    0.40 -0.13     0.27           0.19         0.13  0.04     0.05    -0.04  0.04 -0.14        0.03 -0.28  0.10 -0.04  0.39      0.16        0.41  0.22    0.24  0.24      0.35      0.19  0.22          0.51         0.51 -0.32
TOPIX            0.87   1.00    0.44 -0.14     0.24           0.14         0.16  0.04     0.06    -0.15 -0.05 -0.18       -0.06 -0.33 -0.02 -0.12  0.32      0.19        0.31  0.16    0.16  0.24      0.32      0.25  0.19          0.36         0.38 -0.38
YENEUR           0.40   0.44    1.00 -0.04     0.08           0.19         0.19  0.05     0.04    -0.13 -0.22 -0.20       -0.05 -0.72 -0.19 -0.25  0.13      0.20        0.16  0.26   -0.05  0.17      0.05      0.06  0.18          0.10         0.10 -0.11
CORN            -0.13  -0.14   -0.04  1.00     0.08           0.21         0.12  0.24     0.04     0.07  0.09  0.07        0.05  0.13 -0.01 -0.03  0.10      0.23        0.20  0.08    0.08  0.13      0.12      0.05  0.21          0.11         0.15 -0.07
COTTON2          0.27   0.24    0.08  0.08     1.00           0.31         0.01  0.16     0.22     0.11 -0.21 -0.22       -0.12 -0.06 -0.02 -0.21  0.20      0.20        0.32 -0.02    0.07  0.20      0.15      0.08  0.30          0.20         0.17 -0.21
CRUDE_W_micro    0.19   0.14    0.19  0.21     0.31           1.00         0.17  0.05     0.37    -0.10 -0.20 -0.22        0.28 -0.20 -0.16 -0.22  0.09      0.16        0.14  0.07   -0.01  0.14      0.04      0.03  0.33          0.04         0.11  0.07
GAS_US_mini      0.13   0.16    0.19  0.12     0.01           0.17         1.00 -0.03     0.22     0.12  0.09  0.04        0.12 -0.11 -0.06  0.19 -0.02      0.22       -0.11  0.14   -0.17  0.14      0.16      0.02  0.23          0.04         0.13 -0.21
IRON             0.04   0.04    0.05  0.24     0.16           0.05        -0.03  1.00     0.07    -0.05  0.00 -0.05        0.15 -0.02  0.04 -0.18  0.07      0.06        0.17  0.05    0.02 -0.07     -0.03     -0.01  0.25          0.10         0.01 -0.01
LIVECOW          0.05   0.06    0.04  0.04     0.22           0.37         0.22  0.07     1.00    -0.09 -0.09 -0.07        0.10 -0.00 -0.17 -0.18  0.12      0.22        0.06  0.05   -0.21  0.25      0.14      0.04  0.32          0.12         0.20 -0.20
BITCOIN         -0.04  -0.15   -0.13  0.07     0.11          -0.10         0.12 -0.05    -0.09     1.00  0.39  0.15        0.23  0.31  0.24  0.27  0.19      0.21        0.04  0.20    0.11  0.16      0.27      0.15  0.22          0.19         0.25 -0.07
BUND             0.04  -0.05   -0.22  0.09    -0.21          -0.20         0.09  0.00    -0.09     0.39  1.00  0.37        0.39  0.46  0.52  0.62  0.38      0.09        0.14  0.40    0.08  0.18      0.42      0.15  0.20          0.40         0.45 -0.13
CHF             -0.14  -0.18   -0.20  0.07    -0.22          -0.22         0.04 -0.05    -0.07     0.15  0.37  1.00        0.25  0.65  0.44  0.53  0.17      0.10        0.07  0.56    0.17  0.19      0.49      0.09 -0.03          0.30         0.38 -0.18
GOLD_micro       0.03  -0.06   -0.05  0.05    -0.12           0.28         0.12  0.15     0.10     0.23  0.39  0.25        1.00  0.29  0.17  0.38  0.14      0.02        0.08  0.34   -0.11  0.08      0.23     -0.01  0.31          0.19         0.23  0.03
JPY             -0.28  -0.33   -0.72  0.13    -0.06          -0.20        -0.11 -0.02    -0.00     0.31  0.46  0.65        0.29  1.00  0.40  0.53  0.11      0.08        0.10  0.35    0.13  0.10      0.43      0.13  0.11          0.25         0.30 -0.16
KR10             0.10  -0.02   -0.19 -0.01    -0.02          -0.16        -0.06  0.04    -0.17     0.24  0.52  0.44        0.17  0.40  1.00  0.49  0.39      0.03        0.26  0.37    0.30  0.23      0.42      0.23  0.12          0.42         0.44 -0.24
US2             -0.04  -0.12   -0.25 -0.03    -0.21          -0.22         0.19 -0.18    -0.18     0.27  0.62  0.53        0.38  0.53  0.49  1.00  0.11     -0.03       -0.06  0.40   -0.04  0.07      0.36      0.12 -0.00          0.18         0.25 -0.03
AEX              0.39   0.32    0.13  0.10     0.20           0.09        -0.02  0.07     0.12     0.19  0.38  0.17        0.14  0.11  0.39  0.11  1.00      0.47        0.53  0.35    0.27  0.63      0.66      0.41  0.35          0.66         0.73 -0.38
EU-BANKS         0.16   0.19    0.20  0.23     0.20           0.16         0.22  0.06     0.22     0.21  0.09  0.10        0.02  0.08  0.03 -0.03  0.47      1.00        0.32  0.24    0.29  0.78      0.58      0.40  0.45          0.29         0.50 -0.47
FTSETAIWAN       0.41   0.31    0.16  0.20     0.32           0.14        -0.11  0.17     0.06     0.04  0.14  0.07        0.08  0.10  0.26 -0.06  0.53      0.32        1.00  0.36    0.36  0.28      0.49      0.36  0.46          0.57         0.56 -0.31
GBP              0.22   0.16    0.26  0.08    -0.02           0.07         0.14  0.05     0.05     0.20  0.40  0.56        0.34  0.35  0.37  0.40  0.35      0.24        0.36  1.00    0.08  0.26      0.55      0.12  0.29          0.50         0.56 -0.29
KOSDAQ           0.24   0.16   -0.05  0.08     0.07          -0.01        -0.17  0.02    -0.21     0.11  0.08  0.17       -0.11  0.13  0.30 -0.04  0.27      0.29        0.36  0.08    1.00  0.33      0.35      0.38  0.16          0.33         0.37 -0.27
MIB              0.24   0.24    0.17  0.13     0.20           0.14         0.14 -0.07     0.25     0.16  0.18  0.19        0.08  0.10  0.23  0.07  0.63      0.78        0.28  0.26    0.33  1.00      0.68      0.40  0.42          0.44         0.63 -0.49
MSCIEAFA         0.35   0.32    0.05  0.12     0.15           0.04         0.16 -0.03     0.14     0.27  0.42  0.49        0.23  0.43  0.42  0.36  0.66      0.58        0.49  0.55    0.35  0.68      1.00      0.50  0.48          0.64         0.81 -0.61
MSCISING         0.19   0.25    0.06  0.05     0.08           0.03         0.02 -0.01     0.04     0.15  0.15  0.09       -0.01  0.13  0.23  0.12  0.41      0.40        0.36  0.12    0.38  0.40      0.50      1.00  0.27          0.24         0.35 -0.27
MXP              0.22   0.19    0.18  0.21     0.30           0.33         0.23  0.25     0.32     0.22  0.20 -0.03        0.31  0.11  0.12 -0.00  0.35      0.45        0.46  0.29    0.16  0.42      0.48      0.27  1.00          0.40         0.45 -0.36
NASDAQ_micro     0.51   0.36    0.10  0.11     0.20           0.04         0.04  0.10     0.12     0.19  0.40  0.30        0.19  0.25  0.42  0.18  0.66      0.29        0.57  0.50    0.33  0.44      0.64      0.24  0.40          1.00         0.92 -0.56
SP500_micro      0.51   0.38    0.10  0.15     0.17           0.11         0.13  0.01     0.20     0.25  0.45  0.38        0.23  0.30  0.44  0.25  0.73      0.50        0.56  0.56    0.37  0.63      0.81      0.35  0.45          0.92         1.00 -0.64
VIX             -0.32  -0.38   -0.11 -0.07    -0.21           0.07        -0.21 -0.01    -0.20    -0.07 -0.13 -0.18        0.03 -0.16 -0.24 -0.03 -0.38     -0.47       -0.31 -0.29   -0.27 -0.49     -0.61     -0.27 -0.36         -0.56        -0.64  1.00


********************************************************************************
                                 END OF REPORT                                  
********************************************************************************


