
********************************************************************************
                    Risk report produced on 25/06/2026 22:51                    
********************************************************************************


Total risk across all strategies, annualised percentage 9.0
Percentage of capital used for margin 35.2%

========================================
Risk per strategy, annualised percentage
========================================

                  risk
dynamic_TF_carry   9.0


===================
Risk by asset class
===================

Ags       2.4
Bond      1.6
Equity    5.8
FX        4.4
Metals    2.0
Sector    0.7
dtype: float64


=====================================================
Beta loadings of asset class positions on asset class
=====================================================

FX       -0.60
Metals   -0.06
Sector    0.04
Ags       0.08
Bond      0.16
Equity    0.38
dtype: float64


========================================================
Beta loadings of full portfolio positions on asset class
========================================================

FX       -0.45
Metals   -0.00
Ags       0.04
Sector    0.18
Bond      0.21
Equity    0.35
dtype: float64


==================================================================================================================================================================================================================================================================
                                                                                                                         Instrument risk                                                                                                                          
==================================================================================================================================================================================================================================================================

              daily_price_stdev  annual_price_stdev     price  daily_perc_stdev  annual_perc_stdev  point_size_base  contract_exposure  daily_risk_per_contract  annual_risk_per_contract  position  capital  exposure_held_perc_capital  annual_risk_perc_capital
CHF                       0.006               0.091      1.25              0.46                7.3          94866.6             118194                      538                      8609        -3   709813                       -50.0                      -3.6
LEANHOG                   1.083              17.322     80.97              1.34               21.4            303.6              24581                      328                      5258        -2   709813                        -6.9                      -1.5
BITCOIN                1885.009           30160.150  59140.00              3.19               51.0              0.1               4488                      143                      2288        -4   709813                        -2.5                      -1.3
GOLD_micro               73.183            1170.934   4056.70              1.80               28.9              7.6              30787                      555                      8886        -1   709813                        -4.3                      -1.3
JPY                       0.000               0.000      0.01              0.42                6.7        9486658.0              59007                      247                      3956        -2   709813                       -16.6                      -1.1
KR10                      0.471               7.528    106.92              0.44                7.0            492.2              52625                      231                      3705        -2   709813                       -14.8                      -1.0
HANGTECH                 94.498            1511.972   4404.00              2.15               34.3              4.8              21317                      457                      7318        -1   709813                        -3.0                      -1.0
REDWHEAT                  9.712             155.388    644.75              1.51               24.1             37.9              24466                      368                      5896        -1   709813                        -3.4                      -0.8
TOPIX                    52.186             834.972   4023.00              1.30               20.8              4.7              18869                      244                      3916        -1   709813                        -2.7                      -0.6
HANGENT_mini            113.442            1815.071   7586.00              1.50               23.9              1.0               7343                      109                      1757        -2   709813                        -2.1                      -0.5
EUR_micro                 0.004               0.064      1.14              0.35                5.6           9486.7              10823                       38                       609        -1   709813                        -1.5                      -0.1
AUD_micro                 0.004               0.061      0.69              0.55                8.8           7589.3               5240                       28                       459         3   709813                         2.2                       0.2
RUSSELL                  36.059             576.944   3018.40              1.19               19.1              3.8              11453                      136                      2189         1   709813                         1.6                       0.3
DOW                     431.591            6905.458  52395.00              0.82               13.2              0.4              19882                      163                      2620         1   709813                         2.8                       0.4
CANOLA                    9.137             146.198    748.40              1.22               19.5             10.7               7977                       97                      1558         3   709813                         3.4                       0.7
EU-BANKS                  3.704              59.265    293.05              1.26               20.2             43.1              12634                      159                      2555         2   709813                         3.6                       0.7
MXP                       0.000               0.005      0.06              0.58                9.3         379466.3              21534                      125                      2012         3   709813                         9.1                       0.9
YENEUR                    0.645              10.326    183.48              0.35                5.6            586.3             107571                      378                      6053         1   709813                        15.2                       0.9
SOYOIL                    0.924              14.789     67.15              1.38               22.0            455.4              30577                      420                      6734         1   709813                         4.3                       0.9
NIKKEI                 1303.023           20848.365  72115.00              1.81               28.9              0.5              33823                      611                      9778         1   709813                         4.8                       1.4
LIVECOW                   2.210              35.362    240.62              0.92               14.7            303.6              73047                      670                     10734         1   709813                        10.3                       1.5
CAD10                     0.395               6.315    121.01              0.33                5.2            533.0              64496                      210                      3365         4   709813                        36.3                       1.9
SMI                      99.043            1584.686  14247.00              0.70               11.1              9.4             133227                      926                     14818         1   709813                        18.8                       2.1
AEX                       8.874             141.989   1069.60              0.83               13.3            172.5             184461                     1530                     24487         1   709813                        26.0                       3.4

Sum of abs(notional exposure % capital) 246.2
Sum of abs(annualised risk % capital) 28.1
Net sum of annualised risk % capital 2.5 

======================================================================================================================================================================================================================
                                                                                                     Correlations                                                                                                     
======================================================================================================================================================================================================================

               AEX   DOW  EU-BANKS  NIKKEI  RUSSELL   SMI  TOPIX  AUD_micro  GOLD_micro  HANGENT_mini  HANGTECH   MXP  CAD10   CHF  EUR_micro   JPY  KR10  CANOLA  REDWHEAT  SOYOIL  BITCOIN  LEANHOG  LIVECOW  YENEUR
AEX           1.00  0.64      0.66    0.60     0.62  0.64   0.51       0.43        0.30          0.36      0.33  0.39   0.22  0.11       0.09 -0.08  0.21   -0.18     -0.15    0.01     0.37     0.10     0.16    0.19
DOW           0.64  1.00      0.62    0.66     0.84  0.58   0.57       0.54        0.31          0.33      0.28  0.41   0.40  0.16       0.21  0.04  0.25   -0.10     -0.14    0.02     0.31     0.24     0.13    0.18
EU-BANKS      0.66  0.62      1.00    0.59     0.60  0.62   0.54       0.41        0.27          0.26      0.22  0.52   0.23  0.15       0.27  0.01  0.13   -0.23     -0.06   -0.16     0.21     0.19     0.24    0.28
NIKKEI        0.60  0.66      0.59    1.00     0.62  0.44   0.86       0.47        0.23          0.35      0.33  0.45   0.28  0.18       0.23 -0.13  0.18   -0.06      0.00   -0.05     0.19    -0.03     0.02    0.42
RUSSELL       0.62  0.84      0.60    0.62     1.00  0.47   0.52       0.47        0.28          0.22      0.22  0.43   0.30  0.14       0.19 -0.03  0.29   -0.11     -0.11    0.05     0.41     0.26     0.08    0.23
SMI           0.64  0.58      0.62    0.44     0.47  1.00   0.48       0.21        0.30          0.12      0.04  0.27   0.33 -0.06       0.02 -0.05  0.18   -0.35     -0.11   -0.23     0.14     0.08     0.36    0.10
TOPIX         0.51  0.57      0.54    0.86     0.52  0.48   1.00       0.37        0.13          0.31      0.26  0.41   0.13 -0.01       0.11 -0.27 -0.02   -0.09     -0.05   -0.06     0.10     0.05     0.03    0.47
AUD_micro     0.43  0.54      0.41    0.47     0.47  0.21   0.37       1.00        0.56          0.56      0.50  0.66   0.20  0.59       0.63  0.37  0.19   -0.01      0.23    0.21     0.37     0.22     0.08    0.19
GOLD_micro    0.30  0.31      0.27    0.23     0.28  0.30   0.13       0.56        1.00          0.42      0.37  0.46   0.37  0.49       0.47  0.28  0.30   -0.01      0.19    0.12     0.21     0.34     0.07    0.14
HANGENT_mini  0.36  0.33      0.26    0.35     0.22  0.12   0.31       0.56        0.42          1.00      0.93  0.47   0.19  0.43       0.45  0.21  0.09    0.17      0.10    0.31     0.21     0.19    -0.11    0.21
HANGTECH      0.33  0.28      0.22    0.33     0.22  0.04   0.26       0.50        0.37          0.93      1.00  0.40   0.18  0.39       0.39  0.20  0.10    0.17      0.05    0.27     0.20     0.26    -0.16    0.16
MXP           0.39  0.41      0.52    0.45     0.43  0.27   0.41       0.66        0.46          0.47      0.40  1.00   0.15  0.55       0.69  0.24  0.11   -0.10      0.07    0.03     0.26     0.13     0.18    0.44
CAD10         0.22  0.40      0.23    0.28     0.30  0.33   0.13       0.20        0.37          0.19      0.18  0.15   1.00  0.26       0.25  0.32  0.50   -0.08     -0.09   -0.15     0.01    -0.05    -0.14   -0.16
CHF           0.11  0.16      0.15    0.18     0.14 -0.06  -0.01       0.59        0.49          0.43      0.39  0.55   0.26  1.00       0.86  0.70  0.32   -0.04      0.10    0.01     0.19     0.02    -0.11    0.02
EUR_micro     0.09  0.21      0.27    0.23     0.19  0.02   0.11       0.63        0.47          0.45      0.39  0.69   0.25  0.86       1.00  0.67  0.25   -0.09      0.13   -0.04     0.17     0.05     0.04    0.20
JPY          -0.08  0.04      0.01   -0.13    -0.03 -0.05  -0.27       0.37        0.28          0.21      0.20  0.24   0.32  0.70       0.67  1.00  0.33   -0.08      0.07   -0.09     0.03     0.01    -0.05   -0.58
KR10          0.21  0.25      0.13    0.18     0.29  0.18  -0.02       0.19        0.30          0.09      0.10  0.11   0.50  0.32       0.25  0.33  1.00   -0.20     -0.26   -0.23     0.23    -0.09    -0.04   -0.17
CANOLA       -0.18 -0.10     -0.23   -0.06    -0.11 -0.35  -0.09      -0.01       -0.01          0.17      0.17 -0.10  -0.08 -0.04      -0.09 -0.08 -0.20    1.00      0.15    0.76    -0.08     0.18    -0.13   -0.01
REDWHEAT     -0.15 -0.14     -0.06    0.00    -0.11 -0.11  -0.05       0.23        0.19          0.10      0.05  0.07  -0.09  0.10       0.13  0.07 -0.26    0.15      1.00    0.16     0.13     0.02    -0.10    0.02
SOYOIL        0.01  0.02     -0.16   -0.05     0.05 -0.23  -0.06       0.21        0.12          0.31      0.27  0.03  -0.15  0.01      -0.04 -0.09 -0.23    0.76      0.16    1.00     0.10     0.19    -0.02    0.05
BITCOIN       0.37  0.31      0.21    0.19     0.41  0.14   0.10       0.37        0.21          0.21      0.20  0.26   0.01  0.19       0.17  0.03  0.23   -0.08      0.13    0.10     1.00     0.01     0.20    0.13
LEANHOG       0.10  0.24      0.19   -0.03     0.26  0.08   0.05       0.22        0.34          0.19      0.26  0.13  -0.05  0.02       0.05  0.01 -0.09    0.18      0.02    0.19     0.01     1.00     0.10    0.06
LIVECOW       0.16  0.13      0.24    0.02     0.08  0.36   0.03       0.08        0.07         -0.11     -0.16  0.18  -0.14 -0.11       0.04 -0.05 -0.04   -0.13     -0.10   -0.02     0.20     0.10     1.00    0.12
YENEUR        0.19  0.18      0.28    0.42     0.23  0.10   0.47       0.19        0.14          0.21      0.16  0.44  -0.16  0.02       0.20 -0.58 -0.17   -0.01      0.02    0.05     0.13     0.06     0.12    1.00


********************************************************************************
                                 END OF REPORT                                  
********************************************************************************


