
********************************************************************************
                    Risk report produced on 04/04/2025 22:53                    
********************************************************************************


Total risk across all strategies, annualised percentage 8.1
Percentage of capital used for margin 64.4%

========================================
Risk per strategy, annualised percentage
========================================

                  risk
dynamic_TF_carry   8.1


===================
Risk by asset class
===================

Ags       4.0
Bond      0.8
Equity    2.3
FX        3.7
Metals    2.8
Sector    1.5
dtype: float64


=====================================================
Beta loadings of asset class positions on asset class
=====================================================

Metals   -0.13
Equity   -0.01
Sector    0.05
Bond      0.12
Ags       0.19
FX        0.58
dtype: float64


========================================================
Beta loadings of full portfolio positions on asset class
========================================================

Metals   -0.05
Bond      0.01
Equity    0.04
Sector    0.08
Ags       0.17
FX        0.53
dtype: float64


==================================================================================================================================================================================================================================================================
                                                                                                                         Instrument risk                                                                                                                          
==================================================================================================================================================================================================================================================================

              daily_price_stdev  annual_price_stdev     price  daily_perc_stdev  annual_perc_stdev  point_size_base  contract_exposure  daily_risk_per_contract  annual_risk_per_contract  position  capital  exposure_held_perc_capital  annual_risk_perc_capital
LEANHOG                   1.347              21.549     95.48              1.41               22.6            305.4              29156                      411                      6580        -2   564120                       -10.3                      -2.3
BITCOIN                2617.556           41880.901  82550.00              3.17               50.7              0.1               6302                      199                      3197        -4   564120                        -4.5                      -2.3
ALUMINIUM                28.274             452.384   2360.00              1.20               19.2             19.1              45044                      539                      8634        -1   564120                        -8.0                      -1.5
RUSSELL                  26.544             424.697   1939.40              1.37               21.9              3.8               7403                      101                      1621        -4   564120                        -5.2                      -1.1
KOSDAQ                   23.263             372.209   1129.20              2.06               33.0              5.3               6022                      124                      1985        -3   564120                        -3.2                      -1.1
CAD                       0.003               0.051      0.71              0.45                7.1          76347.0              54401                      243                      3889        -1   564120                        -9.6                      -0.7
SP500_micro              58.821             941.129   5472.25              1.07               17.2              3.8              20889                      224                      3592        -1   564120                        -3.7                      -0.6
DOW                     400.726            6411.613  40914.00              0.98               15.7              0.4              15618                      152                      2447        -1   564120                        -2.8                      -0.4
COPPER-micro              0.077               1.236      4.86              1.59               25.5           1908.7               9268                      147                      2359        -1   564120                        -1.6                      -0.4
CAD10                     0.518               8.285    124.99              0.41                6.6            541.9              67733                      280                      4489         1   564120                        12.0                       0.8
MUMMY                    11.873             189.974    584.00              2.03               32.5              5.2               3057                       62                       994         6   564120                         3.3                       1.1
LIVECOW                   1.668              26.693    201.18              0.83               13.3            305.4              61436                      509                      8151         1   564120                        10.9                       1.4
EU-BANKS                  3.140              50.236    175.95              1.78               28.6             42.3               7443                      132                      2125         4   564120                         5.3                       1.5
YENEUR                    1.026              16.413    160.94              0.64               10.2            654.4             105322                      671                     10740         1   564120                        18.7                       1.9
MSCISING                  4.928              78.848    373.75              1.32               21.1             57.3              21416                      282                      4518         3   564120                        11.4                       2.4
FEEDCOW                   2.246              35.937    289.35              0.78               12.4            381.7             110454                      857                     13718         1   564120                        19.6                       2.4
GBP                       0.005               0.086      1.31              0.41                6.6          47716.8              62461                      256                      4109         4   564120                        44.3                       2.9

Sum of abs(notional exposure % capital) 174.4
Sum of abs(annualised risk % capital) 24.8
Net sum of annualised risk % capital 4.0 

===================================================================================================================================================================
                                                                           Correlations                                                                            
===================================================================================================================================================================

              BITCOIN   DOW  MSCISING  MUMMY  RUSSELL  SP500_micro  FEEDCOW  LIVECOW  YENEUR   CAD  COPPER-micro  EU-BANKS   GBP  KOSDAQ  ALUMINIUM  LEANHOG  CAD10
BITCOIN          1.00  0.44      0.39   0.22     0.51         0.47     0.00     0.02   -0.01 -0.03         -0.11      0.11 -0.01   -0.00      -0.07     0.08   0.10
DOW              0.44  1.00      0.57   0.49     0.87         0.85     0.11     0.10   -0.07  0.25          0.12      0.25  0.01    0.23      -0.08     0.24   0.02
MSCISING         0.39  0.57      1.00   0.60     0.60         0.63     0.09     0.01    0.19  0.28          0.20      0.48  0.22    0.41       0.07     0.01  -0.02
MUMMY            0.22  0.49      0.60   1.00     0.50         0.48     0.20     0.19    0.20  0.29          0.27      0.54  0.24    0.37       0.03     0.14  -0.14
RUSSELL          0.51  0.87      0.60   0.50     1.00         0.78     0.08     0.05    0.00  0.28          0.14      0.36  0.14    0.28       0.00     0.25  -0.00
SP500_micro      0.47  0.85      0.63   0.48     0.78         1.00     0.02     0.01    0.10  0.30          0.18      0.27  0.07    0.34      -0.00     0.15  -0.05
FEEDCOW          0.00  0.11      0.09   0.20     0.08         0.02     1.00     0.87    0.31 -0.07          0.07      0.31  0.10    0.05      -0.11     0.16  -0.29
LIVECOW          0.02  0.10      0.01   0.19     0.05         0.01     0.87     1.00    0.27 -0.03          0.08      0.26  0.14   -0.04      -0.19     0.23  -0.24
YENEUR          -0.01 -0.07      0.19   0.20     0.00         0.10     0.31     0.27    1.00  0.02          0.16      0.32  0.25    0.24       0.09     0.01  -0.48
CAD             -0.03  0.25      0.28   0.29     0.28         0.30    -0.07    -0.03    0.02  1.00          0.46      0.34  0.41    0.27       0.30     0.12   0.06
COPPER-micro    -0.11  0.12      0.20   0.27     0.14         0.18     0.07     0.08    0.16  0.46          1.00      0.51  0.34    0.22       0.55     0.11  -0.18
EU-BANKS         0.11  0.25      0.48   0.54     0.36         0.27     0.31     0.26    0.32  0.34          0.51      1.00  0.42    0.46       0.19     0.08  -0.19
GBP             -0.01  0.01      0.22   0.24     0.14         0.07     0.10     0.14    0.25  0.41          0.34      0.42  1.00    0.27       0.20    -0.10   0.33
KOSDAQ          -0.00  0.23      0.41   0.37     0.28         0.34     0.05    -0.04    0.24  0.27          0.22      0.46  0.27    1.00       0.15    -0.07  -0.08
ALUMINIUM       -0.07 -0.08      0.07   0.03     0.00        -0.00    -0.11    -0.19    0.09  0.30          0.55      0.19  0.20    0.15       1.00     0.12  -0.07
LEANHOG          0.08  0.24      0.01   0.14     0.25         0.15     0.16     0.23    0.01  0.12          0.11      0.08 -0.10   -0.07       0.12     1.00  -0.26
CAD10            0.10  0.02     -0.02  -0.14    -0.00        -0.05    -0.29    -0.24   -0.48  0.06         -0.18     -0.19  0.33   -0.08      -0.07    -0.26   1.00


********************************************************************************
                                 END OF REPORT                                  
********************************************************************************


