
********************************************************************************
                    Risk report produced on 31/03/2026 22:54                    
********************************************************************************


Total risk across all strategies, annualised percentage 9.5
Percentage of capital used for margin 35.6%

========================================
Risk per strategy, annualised percentage
========================================

                  risk
dynamic_TF_carry   9.5


===================
Risk by asset class
===================

Ags       1.9
Bond      1.5
Equity    3.9
FX        2.7
Metals    4.4
OilGas    4.7
Sector    1.5
Vol       0.1
dtype: float64


=====================================================
Beta loadings of asset class positions on asset class
=====================================================

Bond     -0.28
Equity   -0.21
FX       -0.17
Metals   -0.11
Vol      -0.00
Sector    0.06
OilGas    0.07
Ags       0.11
dtype: float64


========================================================
Beta loadings of full portfolio positions on asset class
========================================================

Bond     -0.66
FX       -0.46
Equity   -0.11
Metals   -0.05
Vol       0.02
Sector    0.03
OilGas    0.10
Ags       0.16
dtype: float64


==================================================================================================================================================================================================================================================================
                                                                                                                         Instrument risk                                                                                                                          
==================================================================================================================================================================================================================================================================

              daily_price_stdev  annual_price_stdev     price  daily_perc_stdev  annual_perc_stdev  point_size_base  contract_exposure  daily_risk_per_contract  annual_risk_per_contract  position  capital  exposure_held_perc_capital  annual_risk_perc_capital
ALUMINIUM                71.841            1149.462   3369.50              2.13               34.1             18.9              63816                     1360                     21770        -1   691471                        -9.2                      -3.1
SPI200                   87.678            1402.840   8567.00              1.02               16.4             13.0             111153                     1137                     18201        -1   691471                       -16.1                      -2.6
BITCOIN                2418.567           38697.068  66550.00              3.63               58.1              0.1               5041                      183                      2931        -5   691471                        -3.6                      -2.1
CHF                       0.007               0.105      1.26              0.52                8.3          94697.3             119361                      621                      9942        -1   691471                       -17.3                      -1.4
KR10                      0.472               7.558    108.63              0.43                7.0            491.4              53379                      232                      3713        -2   691471                       -15.4                      -1.1
NASDAQ_micro            280.655            4490.472  23103.50              1.21               19.4              1.5              35005                      425                      6803        -1   691471                        -5.1                      -1.0
JPY                       0.000               0.001      0.01              0.59                9.5        9469732.8              59687                      353                      5656        -1   691471                        -8.6                      -0.8
LEANHOG                   1.059              16.936    108.68              0.97               15.6            303.0              32931                      320                      5132        -1   691471                        -4.8                      -0.7
US10                      0.396               6.343    110.80              0.36                5.7            757.6              83937                      300                      4805        -1   691471                       -12.1                      -0.7
GAS_US_mini               0.143               2.286      2.88              4.95               79.3           1893.9               5464                      270                      4330        -1   691471                        -0.8                      -0.6
HANGENT_mini            127.257            2036.109   8333.00              1.53               24.4              1.0               8054                      123                      1968        -2   691471                        -2.3                      -0.6
SP500_micro              59.494             951.908   6384.75              0.93               14.9              3.8              24184                      225                      3605        -1   691471                        -3.5                      -0.5
EUR_micro                 0.005               0.085      1.15              0.46                7.4           9469.7              10887                       50                       803        -4   691471                        -6.3                      -0.5
EU-BANKS                  4.126              66.016    230.65              1.79               28.6             43.4              10015                      179                      2866        -1   691471                        -1.4                      -0.4
DOW                     413.053            6608.841  45358.00              0.91               14.6              0.4              17181                      156                      2503        -1   691471                        -2.5                      -0.4
V2X                       0.537               8.598     26.05              2.06               33.0             86.8               2262                       46                       746        -1   691471                        -0.3                      -0.1
MUMMY                    14.834             237.347    676.00              2.19               35.1              4.7               3208                       70                      1126         1   691471                         0.5                       0.2
BRE                       0.002               0.025      0.19              0.81               13.0          75757.9              14409                      116                      1871         1   691471                         2.1                       0.3
AUD_micro                 0.004               0.068      0.68              0.62                9.9           7575.8               5184                       32                       514         5   691471                         3.7                       0.4
FTSECHINAA              144.252            2308.029  14561.00              0.99               15.9              0.8              11031                      109                      1748         2   691471                         3.2                       0.5
EU-OIL                    5.722              91.558    545.90              1.05               16.8             43.4              23705                      248                      3975         1   691471                         3.4                       0.6
MXP                       0.000               0.006      0.05              0.74               11.8         378789.3              20750                      153                      2449         2   691471                         6.0                       0.7
SOYOIL                    0.930              14.884     68.43              1.36               21.8            454.5              31104                      422                      6765         1   691471                         4.5                       1.0
YENEUR                    0.773              12.365    182.43              0.42                6.8            593.3             108233                      458                      7335         1   691471                        15.7                       1.1
EU-BASIC                 14.577             233.233    722.00              2.02               32.3             43.4              31352                      633                     10128         1   691471                         4.5                       1.5
LIVECOW                   2.129              34.059    240.40              0.89               14.2            303.0              72848                      645                     10320         1   691471                        10.5                       1.5
GASOILINE                 0.066               1.062      3.00              2.21               35.3          31818.3              95578                     2111                     33779         1   691471                        13.8                       4.9

Sum of abs(notional exposure % capital) 177.2
Sum of abs(annualised risk % capital) 29.3
Net sum of annualised risk % capital -3.9 

================================================================================================================================================================================================================================================================
                                                                                                                          Correlations                                                                                                                          
================================================================================================================================================================================================================================================================

              ALUMINIUM  AUD_micro  BITCOIN   BRE   DOW  EU-BANKS  EU-BASIC  FTSECHINAA  HANGENT_mini  MUMMY   MXP  NASDAQ_micro  SP500_micro  SPI200   CHF  EUR_micro   JPY  KR10  LIVECOW  US10  LEANHOG  YENEUR  EU-OIL  GASOILINE  GAS_US_mini  SOYOIL   V2X
ALUMINIUM          1.00       0.44     0.40  0.31  0.18      0.08      0.61        0.31          0.36   0.27  0.20          0.38         0.32    0.08  0.14       0.13  0.08 -0.08    -0.05 -0.07     0.06   -0.01    0.21       0.29         0.27    0.25 -0.12
AUD_micro          0.44       1.00     0.28  0.58  0.36      0.21      0.50        0.33          0.54   0.24  0.62          0.47         0.46    0.19  0.60       0.66  0.56  0.19     0.03  0.27    -0.00   -0.16    0.24       0.05         0.21   -0.03 -0.25
BITCOIN            0.40       0.28     1.00  0.17  0.35      0.09      0.22        0.15          0.32   0.22  0.13          0.59         0.52    0.34  0.10       0.13  0.17  0.15     0.12 -0.15    -0.06   -0.14    0.14       0.14         0.20    0.06 -0.20
BRE                0.31       0.58     0.17  1.00  0.29      0.29      0.41        0.20          0.35   0.06  0.56          0.30         0.31    0.10  0.18       0.43  0.28 -0.07    -0.00  0.25    -0.02   -0.03    0.34       0.11         0.35    0.16 -0.21
DOW                0.18       0.36     0.35  0.29  1.00      0.52      0.53        0.24          0.27   0.26  0.27          0.74         0.88    0.60  0.06       0.14  0.04  0.01     0.07  0.15     0.19    0.05    0.04      -0.17        -0.14   -0.06 -0.72
EU-BANKS           0.08       0.21     0.09  0.29  0.52      1.00      0.56        0.15          0.35   0.19  0.37          0.26         0.39    0.32  0.05       0.21  0.01 -0.15     0.06  0.15     0.16    0.19    0.14      -0.28        -0.16   -0.20 -0.57
EU-BASIC           0.61       0.50     0.22  0.41  0.53      0.56      1.00        0.37          0.46   0.29  0.45          0.44         0.51    0.43  0.15       0.22  0.12 -0.20     0.15  0.11     0.14    0.04    0.29      -0.10        -0.05    0.10 -0.51
FTSECHINAA         0.31       0.33     0.15  0.20  0.24      0.15      0.37        1.00          0.54   0.21  0.27          0.29         0.30    0.08  0.04       0.09  0.07  0.06     0.10  0.09     0.07   -0.03    0.21       0.14         0.11    0.03 -0.20
HANGENT_mini       0.36       0.54     0.32  0.35  0.27      0.35      0.46        0.54          1.00   0.27  0.38          0.41         0.38    0.15  0.44       0.44  0.36  0.04    -0.04  0.07    -0.13   -0.10    0.17       0.00         0.20   -0.09 -0.15
MUMMY              0.27       0.24     0.22  0.06  0.26      0.19      0.29        0.21          0.27   1.00  0.13          0.28         0.32    0.31 -0.08      -0.12 -0.13  0.17     0.17  0.08     0.14    0.07    0.27       0.32        -0.11    0.09 -0.22
MXP                0.20       0.62     0.13  0.56  0.27      0.37      0.45        0.27          0.38   0.13  1.00          0.26         0.29    0.25  0.41       0.60  0.35  0.13     0.22  0.27     0.02    0.08    0.26      -0.12        -0.00   -0.04 -0.29
NASDAQ_micro       0.38       0.47     0.59  0.30  0.74      0.26      0.44        0.29          0.41   0.28  0.26          1.00         0.95    0.47  0.09       0.12  0.07  0.17     0.01 -0.04     0.08    0.00    0.16       0.09         0.15   -0.00 -0.57
SP500_micro        0.32       0.46     0.52  0.31  0.88      0.39      0.51        0.30          0.38   0.32  0.29          0.95         1.00    0.57  0.06       0.11  0.06  0.14     0.05  0.09     0.16    0.01    0.18       0.02         0.06   -0.01 -0.68
SPI200             0.08       0.19     0.34  0.10  0.60      0.32      0.43        0.08          0.15   0.31  0.25          0.47         0.57    1.00  0.11       0.12  0.13  0.22     0.26  0.24     0.17   -0.08    0.07      -0.22        -0.23    0.08 -0.53
CHF                0.14       0.60     0.10  0.18  0.06      0.05      0.15        0.04          0.44  -0.08  0.41          0.09         0.06    0.11  1.00       0.84  0.70  0.28     0.02  0.18    -0.11   -0.17   -0.23      -0.29         0.03   -0.17  0.07
EUR_micro          0.13       0.66     0.13  0.43  0.14      0.21      0.22        0.09          0.44  -0.12  0.60          0.12         0.11    0.12  0.84       1.00  0.72  0.17     0.10  0.29    -0.04   -0.07   -0.15      -0.37        -0.00   -0.21 -0.08
JPY                0.08       0.56     0.17  0.28  0.04      0.01      0.12        0.07          0.36  -0.13  0.35          0.07         0.06    0.13  0.70       0.72  1.00  0.31     0.08  0.44    -0.16   -0.72   -0.10      -0.21         0.07   -0.22  0.06
KR10              -0.08       0.19     0.15 -0.07  0.01     -0.15     -0.20        0.06          0.04   0.17  0.13          0.17         0.14    0.22  0.28       0.17  0.31  1.00     0.12  0.45    -0.05   -0.27   -0.21      -0.07        -0.14   -0.26 -0.07
LIVECOW           -0.05       0.03     0.12 -0.00  0.07      0.06      0.15        0.10         -0.04   0.17  0.22          0.01         0.05    0.26  0.02       0.10  0.08  0.12     1.00  0.08     0.07   -0.00    0.13      -0.06        -0.18    0.09 -0.10
US10              -0.07       0.27    -0.15  0.25  0.15      0.15      0.11        0.09          0.07   0.08  0.27         -0.04         0.09    0.24  0.18       0.29  0.44  0.45     0.08  1.00     0.06   -0.36   -0.10      -0.34        -0.09   -0.18 -0.21
LEANHOG            0.06      -0.00    -0.06 -0.02  0.19      0.16      0.14        0.07         -0.13   0.14  0.02          0.08         0.16    0.17 -0.11      -0.04 -0.16 -0.05     0.07  0.06     1.00    0.21   -0.04       0.02        -0.17    0.11 -0.24
YENEUR            -0.01      -0.16    -0.14 -0.03  0.05      0.19      0.04       -0.03         -0.10   0.07  0.08          0.00         0.01   -0.08 -0.17      -0.07 -0.72 -0.27    -0.00 -0.36     0.21    1.00   -0.03      -0.07        -0.11    0.07 -0.17
EU-OIL             0.21       0.24     0.14  0.34  0.04      0.14      0.29        0.21          0.17   0.27  0.26          0.16         0.18    0.07 -0.23      -0.15 -0.10 -0.21     0.13 -0.10    -0.04   -0.03    1.00       0.63         0.24    0.28 -0.07
GASOILINE          0.29       0.05     0.14  0.11 -0.17     -0.28     -0.10        0.14          0.00   0.32 -0.12          0.09         0.02   -0.22 -0.29      -0.37 -0.21 -0.07    -0.06 -0.34     0.02   -0.07    0.63       1.00         0.39    0.39  0.28
GAS_US_mini        0.27       0.21     0.20  0.35 -0.14     -0.16     -0.05        0.11          0.20  -0.11 -0.00          0.15         0.06   -0.23  0.03      -0.00  0.07 -0.14    -0.18 -0.09    -0.17   -0.11    0.24       0.39         1.00    0.10  0.21
SOYOIL             0.25      -0.03     0.06  0.16 -0.06     -0.20      0.10        0.03         -0.09   0.09 -0.04         -0.00        -0.01    0.08 -0.17      -0.21 -0.22 -0.26     0.09 -0.18     0.11    0.07    0.28       0.39         0.10    1.00  0.17
V2X               -0.12      -0.25    -0.20 -0.21 -0.72     -0.57     -0.51       -0.20         -0.15  -0.22 -0.29         -0.57        -0.68   -0.53  0.07      -0.08  0.06 -0.07    -0.10 -0.21    -0.24   -0.17   -0.07       0.28         0.21    0.17  1.00


********************************************************************************
                                 END OF REPORT                                  
********************************************************************************


