
********************************************************************************
                    Risk report produced on 11/06/2025 22:53                    
********************************************************************************


Total risk across all strategies, annualised percentage 10.1
Percentage of capital used for margin 41.1%

========================================
Risk per strategy, annualised percentage
========================================

                  risk
dynamic_TF_carry  10.1


===================
Risk by asset class
===================

Ags       2.9
Bond      1.0
Equity    6.2
FX        3.8
Metals    2.1
OilGas    3.2
Vol       0.1
dtype: float64


=====================================================
Beta loadings of asset class positions on asset class
=====================================================

OilGas   -0.06
Bond      0.00
Vol      -0.00
Metals    0.07
Ags       0.16
FX        0.29
Equity    0.41
dtype: float64


========================================================
Beta loadings of full portfolio positions on asset class
========================================================

Vol      -0.14
OilGas   -0.06
Bond     -0.01
Metals    0.22
Ags       0.29
Equity    0.53
FX        0.69
dtype: float64


=================================================================================================================================================================================================================================================================
                                                                                                                         Instrument risk                                                                                                                         
=================================================================================================================================================================================================================================================================

             daily_price_stdev  annual_price_stdev     price  daily_perc_stdev  annual_perc_stdev  point_size_base  contract_exposure  daily_risk_per_contract  annual_risk_per_contract  position  capital  exposure_held_perc_capital  annual_risk_perc_capital
DX                       0.428               6.851     98.14              0.44                7.0            741.3              72751                      317                      5078        -3   541365                       -40.3                      -2.8
GAS-PEN                  0.119               1.903      3.63              3.28               52.4           7412.7              26915                      881                     14106        -1   541365                        -5.0                      -2.6
US10U                    0.552               8.827    112.58              0.49                7.8            741.3              83450                      408                      6543        -1   541365                       -15.4                      -1.2
WHEAT                    7.503             120.050    570.50              1.32               21.0             37.1              21144                      278                      4449        -1   541365                        -3.9                      -0.8
GAS_US_mini              0.121               1.933      3.62              3.34               53.5           1853.2               6699                      223                      3582        -1   541365                        -1.2                      -0.7
DOW                    409.139            6546.218  43214.00              0.95               15.1              0.4              16016                      151                      2426        -1   541365                        -3.0                      -0.4
IRON                     1.205              19.272     94.10              1.28               20.5             74.1               6975                       89                      1428        -1   541365                        -1.3                      -0.3
V2X                      0.478               7.654     19.50              2.45               39.3             84.7               1651                       40                       648        -1   541365                        -0.3                      -0.1
MUMMY                   10.347             165.548    757.00              1.37               21.9              5.1               3870                       52                       846         1   541365                         0.7                       0.2
IBEX_mini              119.215            1907.434  14155.00              0.84               13.5              0.8              11985                      100                      1615         1   541365                         2.2                       0.3
MXP                      0.000               0.005      0.05              0.59                9.5         370632.6              19384                      115                      1845         1   541365                         3.6                       0.3
TOPIX                   31.271             500.342   2786.25              1.12               18.0              5.1              14245                      159                      2558         1   541365                         2.6                       0.5
CAD                      0.003               0.042      0.74              0.36                5.7          74126.5              54505                      195                      3129         1   541365                        10.1                       0.6
MSCISING                 4.214              67.425    406.30              1.04               16.6             57.6              23415                      242                      3885         1   541365                         4.3                       0.7
NIKKEI                 476.083            7617.324  38350.00              1.24               19.9              0.5              19607                      243                      3894         1   541365                         3.6                       0.7
CANOLA                   8.614             137.828    695.10              1.24               19.8             10.8               7534                       93                      1494         3   541365                         4.2                       0.8
BTP                      0.396               6.332    121.27              0.33                5.2            846.8             102685                      335                      5361         1   541365                        19.0                       1.0
YENEUR                   0.790              12.638    165.99              0.48                7.6            639.1             106083                      504                      8076         1   541365                        19.6                       1.5
PLAT                    19.803             316.850   1245.10              1.59               25.4             37.1              46147                      733                     11743         1   541365                         8.5                       2.2
FEEDCOW                  2.504              40.057    310.70              0.81               12.9            370.6             115155                      927                     14846         1   541365                        21.3                       2.7
MIB                    370.756            5932.091  40225.00              0.92               14.7              4.2             170302                     1569                     25115         1   541365                        31.5                       4.6

Sum of abs(notional exposure % capital) 201.6
Sum of abs(annualised risk % capital) 25.0
Net sum of annualised risk % capital 7.2 

=========================================================================================================================================================================
                                                                              Correlations                                                                               
=========================================================================================================================================================================

              BTP    DX  US10U   DOW  IBEX_mini   MIB  MSCISING  MUMMY  NIKKEI  TOPIX  FEEDCOW  IRON   MXP  PLAT   CAD  CANOLA  GAS-PEN  GAS_US_mini  WHEAT  YENEUR   V2X
BTP          1.00  0.10   0.58  0.14       0.28  0.13      0.09   0.05    0.07   0.04    -0.13  0.03 -0.01 -0.03 -0.03   -0.06    -0.29        -0.30  -0.12   -0.48 -0.20
DX           0.10  1.00  -0.01  0.11       0.04  0.14      0.13  -0.01    0.08   0.10     0.01  0.02 -0.29 -0.17 -0.70   -0.15    -0.04        -0.08  -0.20   -0.06 -0.23
US10U        0.58 -0.01   1.00 -0.16       0.11 -0.02     -0.05  -0.22   -0.05  -0.06    -0.18 -0.07 -0.08 -0.18 -0.18   -0.27    -0.08        -0.14  -0.24   -0.49 -0.04
DOW          0.14  0.11  -0.16  1.00       0.49  0.51      0.70   0.38    0.48   0.50     0.24  0.12  0.07  0.15  0.09    0.05     0.00        -0.01   0.08    0.12 -0.55
IBEX_mini    0.28  0.04   0.11  0.49       1.00  0.85      0.70   0.48    0.50   0.58     0.24  0.11  0.16  0.19 -0.06    0.09    -0.12        -0.11   0.01    0.02 -0.70
MIB          0.13  0.14  -0.02  0.51       0.85  1.00      0.73   0.51    0.64   0.69     0.32  0.21  0.19  0.26 -0.15    0.03     0.03         0.05  -0.02    0.11 -0.75
MSCISING     0.09  0.13  -0.05  0.70       0.70  0.73      1.00   0.47    0.60   0.68     0.35  0.17  0.20  0.31 -0.05   -0.03     0.05         0.07   0.04    0.10 -0.71
MUMMY        0.05 -0.01  -0.22  0.38       0.48  0.51      0.47   1.00    0.68   0.67     0.25  0.15  0.16  0.19  0.19   -0.03    -0.13        -0.10   0.02    0.16 -0.45
NIKKEI       0.07  0.08  -0.05  0.48       0.50  0.64      0.60   0.68    1.00   0.94     0.31  0.26  0.23  0.13  0.04    0.02     0.06         0.08  -0.02    0.28 -0.63
TOPIX        0.04  0.10  -0.06  0.50       0.58  0.69      0.68   0.67    0.94   1.00     0.33  0.22  0.21  0.18 -0.01    0.03     0.02         0.05  -0.05    0.29 -0.63
FEEDCOW     -0.13  0.01  -0.18  0.24       0.24  0.32      0.35   0.25    0.31   0.33     1.00  0.15  0.30  0.40  0.04   -0.06     0.16         0.22   0.02    0.41 -0.24
IRON         0.03  0.02  -0.07  0.12       0.11  0.21      0.17   0.15    0.26   0.22     0.15  1.00  0.11  0.16  0.10    0.04     0.10         0.08   0.25   -0.09 -0.17
MXP         -0.01 -0.29  -0.08  0.07       0.16  0.19      0.20   0.16    0.23   0.21     0.30  0.11  1.00  0.38  0.30    0.01     0.09         0.13   0.18    0.31 -0.26
PLAT        -0.03 -0.17  -0.18  0.15       0.19  0.26      0.31   0.19    0.13   0.18     0.40  0.16  0.38  1.00  0.25   -0.04     0.14         0.17   0.30    0.10 -0.12
CAD         -0.03 -0.70  -0.18  0.09      -0.06 -0.15     -0.05   0.19    0.04  -0.01     0.04  0.10  0.30  0.25  1.00    0.25     0.16         0.18   0.39    0.11  0.13
CANOLA      -0.06 -0.15  -0.27  0.05       0.09  0.03     -0.03  -0.03    0.02   0.03    -0.06  0.04  0.01 -0.04  0.25    1.00     0.08         0.07   0.09    0.19  0.05
GAS-PEN     -0.29 -0.04  -0.08  0.00      -0.12  0.03      0.05  -0.13    0.06   0.02     0.16  0.10  0.09  0.14  0.16    0.08     1.00         0.97   0.10    0.11  0.04
GAS_US_mini -0.30 -0.08  -0.14 -0.01      -0.11  0.05      0.07  -0.10    0.08   0.05     0.22  0.08  0.13  0.17  0.18    0.07     0.97         1.00   0.05    0.19  0.05
WHEAT       -0.12 -0.20  -0.24  0.08       0.01 -0.02      0.04   0.02   -0.02  -0.05     0.02  0.25  0.18  0.30  0.39    0.09     0.10         0.05   1.00    0.05  0.00
YENEUR      -0.48 -0.06  -0.49  0.12       0.02  0.11      0.10   0.16    0.28   0.29     0.41 -0.09  0.31  0.10  0.11    0.19     0.11         0.19   0.05    1.00 -0.15
V2X         -0.20 -0.23  -0.04 -0.55      -0.70 -0.75     -0.71  -0.45   -0.63  -0.63    -0.24 -0.17 -0.26 -0.12  0.13    0.05     0.04         0.05   0.00   -0.15  1.00


********************************************************************************
                                 END OF REPORT                                  
********************************************************************************


