
********************************************************************************
                    Risk report produced on 15/03/2024 22:51                    
********************************************************************************


Total risk across all strategies, annualised percentage 11.1
Percentage of capital used for margin 53.1%

========================================
Risk per strategy, annualised percentage
========================================

                  risk
dynamic_TF_carry  11.1


===================
Risk by asset class
===================

Ags       2.4
Bond      3.0
Equity    7.7
FX        4.1
Metals    1.8
OilGas    0.9
Sector    0.6
dtype: float64


=====================================================
Beta loadings of asset class positions on asset class
=====================================================

Bond     -1.03
FX       -0.22
Ags      -0.01
OilGas   -0.01
Metals    0.04
Sector    0.04
Equity    0.82
dtype: float64


========================================================
Beta loadings of full portfolio positions on asset class
========================================================

Bond     -1.96
OilGas    0.01
Metals    0.05
FX        0.06
Ags       0.16
Sector    0.25
Equity    0.99
dtype: float64


==================================================================================================================================================================================================================================================================
                                                                                                                         Instrument risk                                                                                                                          
==================================================================================================================================================================================================================================================================

              daily_price_stdev  annual_price_stdev     price  daily_perc_stdev  annual_perc_stdev  point_size_base  contract_exposure  daily_risk_per_contract  annual_risk_per_contract  position  capital  exposure_held_perc_capital  annual_risk_perc_capital
CHF                       0.005               0.075      1.13              0.42                6.6          98113.9             111050                      461                      7381        -1   395919                       -28.0                      -1.9
CORN                      4.993              79.894    468.25              1.07               17.1             39.2              18376                      195                      3135        -2   395919                        -9.3                      -1.6
JPY                       0.000               0.001      0.01              0.53                8.4        9811385.9              67144                      352                      5641        -1   395919                       -17.0                      -1.4
US3                       0.213               3.408    104.16              0.20                3.3           1569.8             163512                      334                      5349        -1   395919                       -41.3                      -1.4
BOBL                      0.308               4.929    117.57              0.26                4.2            854.0             100404                      263                      4209        -1   395919                       -25.4                      -1.1
GAS_US_mini               0.108               1.731      1.86              5.82               93.0           1962.3               3649                      212                      3396        -1   395919                        -0.9                      -0.9
US2                       0.133               2.129    102.22              0.13                2.1           1569.8             160465                      208                      3342        -1   395919                       -40.5                      -0.8
NASDAQ_micro            176.579            2825.256  18263.50              0.97               15.5              1.6              28670                      277                      4435         0   395919                         0.0                       0.0
MXP                       0.000               0.004      0.06              0.44                7.0         392455.4              23170                      102                      1632         1   395919                         5.9                       0.4
TOPIX                    23.068             369.081   2644.00              0.87               14.0              5.3              14002                      122                      1954         1   395919                         3.5                       0.5
EU-OIL                    3.247              51.949    355.10              0.91               14.6             42.7              15162                      138                      2218         1   395919                         3.8                       0.6
EUROSTX                  32.615             521.834   4995.00              0.65               10.4              8.5              42657                      278                      4456         1   395919                        10.8                       1.1
FTSETAIWAN               10.692             171.074   1692.50              0.63               10.1             31.4              53138                      335                      5371         1   395919                        13.4                       1.4
CAC                      46.071             737.137   8163.00              0.56                9.0              8.5              69711                      393                      6295         1   395919                        17.6                       1.6
LIVECOW                   1.318              21.080    183.60              0.72               11.5            314.0              57643                      413                      6618         1   395919                        14.6                       1.7
BITCOIN                1843.758           29500.120  70730.00              2.61               41.7              0.1               5551                      144                      2315         3   395919                         4.2                       1.8
R1000                    11.230             179.685   1705.90              0.66               10.5             39.2              66948                      440                      7051         1   395919                        16.9                       1.8
YENEUR                    0.762              12.193    161.33              0.47                7.6            662.0             106797                      504                      8071         1   395919                        27.0                       2.0
NIKKEI                  412.284            6596.536  38410.00              1.07               17.2              0.5              20341                      218                      3493         4   395919                        20.6                       3.5

Sum of abs(notional exposure % capital) 300.7
Sum of abs(annualised risk % capital) 25.5
Net sum of annualised risk % capital 7.3 

====================================================================================================================================================================
                                                                            Correlations                                                                            
====================================================================================================================================================================

              BOBL   CHF   JPY   US2   US3  BITCOIN  CORN   CAC  EUROSTX  FTSETAIWAN   MXP  NASDAQ_micro  R1000  NIKKEI  TOPIX  YENEUR  EU-OIL  GAS_US_mini  LIVECOW
BOBL          1.00  0.37  0.41  0.66  0.71     0.28  0.05  0.36     0.30        0.08  0.15          0.28   0.35   -0.09  -0.08   -0.20    0.03         0.05    -0.14
CHF           0.37  1.00  0.62  0.52  0.55     0.17  0.14  0.39     0.38        0.21  0.32          0.34   0.40   -0.13  -0.18   -0.07    0.15         0.07    -0.11
JPY           0.41  0.62  1.00  0.43  0.46     0.14  0.16  0.22     0.19        0.17  0.24          0.15   0.22   -0.40  -0.38   -0.69    0.03        -0.21    -0.05
US2           0.66  0.52  0.43  1.00  0.98     0.16 -0.03  0.12     0.06       -0.10  0.04          0.10   0.17   -0.08  -0.12   -0.15   -0.06         0.19    -0.21
US3           0.71  0.55  0.46  0.98  1.00     0.15 -0.03  0.19     0.13       -0.01  0.12          0.16   0.24   -0.04  -0.07   -0.13   -0.05         0.16    -0.18
BITCOIN       0.28  0.17  0.14  0.16  0.15     1.00  0.06  0.26     0.27        0.10  0.07          0.13   0.24   -0.04  -0.09   -0.01    0.04         0.02    -0.19
CORN          0.05  0.14  0.16 -0.03 -0.03     0.06  1.00  0.12     0.08        0.15  0.04          0.05   0.09   -0.12  -0.11   -0.09    0.15         0.03    -0.09
CAC           0.36  0.39  0.22  0.12  0.19     0.26  0.12  1.00     0.93        0.47  0.45          0.57   0.77    0.31   0.38    0.11    0.51        -0.03     0.11
EUROSTX       0.30  0.38  0.19  0.06  0.13     0.27  0.08  0.93     1.00        0.54  0.44          0.65   0.76    0.38   0.41    0.15    0.48        -0.02     0.13
FTSETAIWAN    0.08  0.21  0.17 -0.10 -0.01     0.10  0.15  0.47     0.54        1.00  0.38          0.64   0.55    0.39   0.31    0.08    0.32        -0.19     0.08
MXP           0.15  0.32  0.24  0.04  0.12     0.07  0.04  0.45     0.44        0.38  1.00          0.35   0.46    0.17   0.24    0.12    0.23         0.10     0.31
NASDAQ_micro  0.28  0.34  0.15  0.10  0.16     0.13  0.05  0.57     0.65        0.64  0.35          1.00   0.70    0.55   0.45    0.21    0.16        -0.02     0.08
R1000         0.35  0.40  0.22  0.17  0.24     0.24  0.09  0.77     0.76        0.55  0.46          0.70   1.00    0.45   0.43    0.12    0.50         0.11     0.21
NIKKEI       -0.09 -0.13 -0.40 -0.08 -0.04    -0.04 -0.12  0.31     0.38        0.39  0.17          0.55   0.45    1.00   0.89    0.52    0.18         0.19     0.12
TOPIX        -0.08 -0.18 -0.38 -0.12 -0.07    -0.09 -0.11  0.38     0.41        0.31  0.24          0.45   0.43    0.89   1.00    0.48    0.23         0.25     0.21
YENEUR       -0.20 -0.07 -0.69 -0.15 -0.13    -0.01 -0.09  0.11     0.15        0.08  0.12          0.21   0.12    0.52   0.48    1.00    0.02         0.20     0.07
EU-OIL        0.03  0.15  0.03 -0.06 -0.05     0.04  0.15  0.51     0.48        0.32  0.23          0.16   0.50    0.18   0.23    0.02    1.00         0.18     0.21
GAS_US_mini   0.05  0.07 -0.21  0.19  0.16     0.02  0.03 -0.03    -0.02       -0.19  0.10         -0.02   0.11    0.19   0.25    0.20    0.18         1.00     0.06
LIVECOW      -0.14 -0.11 -0.05 -0.21 -0.18    -0.19 -0.09  0.11     0.13        0.08  0.31          0.08   0.21    0.12   0.21    0.07    0.21         0.06     1.00


********************************************************************************
                                 END OF REPORT                                  
********************************************************************************


