
********************************************************************************
                    Risk report produced on 08/09/2023 22:52                    
********************************************************************************


Total risk across all strategies, annualised percentage 13.2
Percentage of capital used for margin 57.4%

========================================
Risk per strategy, annualised percentage
========================================

                  risk
dynamic_TF_carry  13.1


===================
Risk by asset class
===================

Ags       3.5
Bond      5.5
Equity    2.2
FX        4.0
OilGas    1.0
Sector    3.4
Vol       1.8
dtype: float64


=====================================================
Beta loadings of asset class positions on asset class
=====================================================

Bond     -0.82
FX       -0.52
Vol      -0.04
OilGas   -0.02
Equity    0.06
Sector    0.23
Ags       0.28
dtype: float64


========================================================
Beta loadings of full portfolio positions on asset class
========================================================

Bond     -1.33
FX       -0.90
Vol      -0.12
OilGas    0.00
Equity    0.25
Sector    0.26
Ags       0.44
dtype: float64


==================================================================================================================================================================================================================================================================
                                                                                                                         Instrument risk                                                                                                                          
==================================================================================================================================================================================================================================================================

              daily_price_stdev  annual_price_stdev     price  daily_perc_stdev  annual_perc_stdev  point_size_base  contract_exposure  daily_risk_per_contract  annual_risk_per_contract  position  capital  exposure_held_perc_capital  annual_risk_perc_capital
US20                      0.887              14.195    119.62              0.74               11.9            799.8              95680                      709                     11353        -1   369944                       -25.9                      -3.1
US3                       0.194               3.109    103.66              0.19                3.0           1599.7             165823                      310                      4973        -2   369944                       -89.6                      -2.7
CHF                       0.005               0.076      1.12              0.42                6.8          99980.0             111977                      474                      7584        -1   369944                       -30.3                      -2.1
VIX                       0.517               8.265     16.95              3.05               48.8            799.8              13557                      413                      6610        -1   369944                        -3.7                      -1.8
JPY                       0.000               0.001      0.01              0.57                9.1        9998000.4              67706                      385                      6174        -1   369944                       -18.3                      -1.7
NASDAQ_micro            192.955            3087.285  15466.00              1.25               20.0              1.6              24740                      308                      4938        -1   369944                        -6.7                      -1.3
GAS_US_mini               0.119               1.897      2.96              4.00               64.0           1999.6               5928                      237                      3793        -1   369944                        -1.6                      -1.0
DAX                     121.985            1951.759  15751.00              0.77               12.4              0.9              13509                      104                      1674        -2   369944                        -7.3                      -0.9
TOPIX                    19.234             307.744   2338.50              0.82               13.2              5.4              12710                      104                      1672         1   369944                         3.4                       0.5
MXP                       0.000               0.006      0.06              0.68               10.8         399920.0              22679                      153                      2455         1   369944                         6.1                       0.7
KOSDAQ                   25.583             409.320   1398.10              1.83               29.3              6.0               8395                      153                      2458         1   369944                         2.3                       0.7
CNH                       0.021               0.333      7.35              0.28                4.5          10876.4              79893                      226                      3618         1   369944                        21.6                       1.0
SOYBEAN_mini             17.670             282.713   1363.50              1.30               20.7              8.0              10905                      141                      2261         2   369944                         5.9                       1.2
EU-AUTO                   7.011             112.183    596.60              1.18               18.8             42.9              25585                      300                      4811         1   369944                         6.9                       1.3
NIKKEI                  318.671            5098.737  32310.00              0.99               15.8              0.5              17561                      173                      2771         3   369944                        14.2                       2.2
EU-OIL                    3.566              57.051    354.80              1.00               16.1             42.9              15215                      152                      2446         4   369944                        16.5                       2.6
LIVECOW                   1.161              18.574    183.40              0.63               10.1            319.9              58676                      371                      5942         2   369944                        31.7                       3.2

Sum of abs(notional exposure % capital) 292.0
Sum of abs(annualised risk % capital) 28.0
Net sum of annualised risk % capital -1.2 

======================================================================================================================================================
                                                                     Correlations                                                                     
======================================================================================================================================================

              GAS_US_mini  SOYBEAN_mini   DAX  EU-AUTO  EU-OIL  KOSDAQ  LIVECOW   MXP  NASDAQ_micro  NIKKEI  TOPIX   CHF   JPY  US20   US3   CNH   VIX
GAS_US_mini          1.00          0.17  0.13     0.08    0.36    0.12     0.12  0.08          0.12    0.21   0.23  0.08 -0.10  0.03 -0.06 -0.00 -0.23
SOYBEAN_mini         0.17          1.00  0.10     0.12    0.28    0.36     0.03  0.26          0.09    0.22   0.18  0.21  0.05  0.10 -0.10 -0.06 -0.16
DAX                  0.13          0.10  1.00     0.81    0.51    0.47     0.27  0.49          0.60    0.63   0.61  0.31  0.07  0.00 -0.14 -0.23 -0.64
EU-AUTO              0.08          0.12  0.81     1.00    0.41    0.46     0.31  0.49          0.45    0.53   0.51  0.10 -0.08 -0.20 -0.35 -0.07 -0.56
EU-OIL               0.36          0.28  0.51     0.41    1.00    0.36     0.24  0.34          0.20    0.47   0.51  0.05 -0.01 -0.19 -0.21 -0.17 -0.50
KOSDAQ               0.12          0.36  0.47     0.46    0.36    1.00     0.29  0.39          0.41    0.45   0.40  0.18 -0.03  0.09 -0.09 -0.13 -0.32
LIVECOW              0.12          0.03  0.27     0.31    0.24    0.29     1.00  0.16          0.26    0.29   0.33  0.01 -0.12 -0.11 -0.17  0.04 -0.38
MXP                  0.08          0.26  0.49     0.49    0.34    0.39     0.16  1.00          0.34    0.32   0.32  0.28  0.04 -0.09 -0.19 -0.05 -0.55
NASDAQ_micro         0.12          0.09  0.60     0.45    0.20    0.41     0.26  0.34          1.00    0.57   0.47  0.35  0.16  0.24  0.08 -0.26 -0.48
NIKKEI               0.21          0.22  0.63     0.53    0.47    0.45     0.29  0.32          0.57    1.00   0.95 -0.04 -0.31 -0.10 -0.32  0.00 -0.56
TOPIX                0.23          0.18  0.61     0.51    0.51    0.40     0.33  0.32          0.47    0.95   1.00 -0.07 -0.34 -0.17 -0.36  0.02 -0.60
CHF                  0.08          0.21  0.31     0.10    0.05    0.18     0.01  0.28          0.35   -0.04  -0.07  1.00  0.69  0.59  0.53 -0.48 -0.16
JPY                 -0.10          0.05  0.07    -0.08   -0.01   -0.03    -0.12  0.04          0.16   -0.31  -0.34  0.69  1.00  0.57  0.58 -0.57  0.04
US20                 0.03          0.10  0.00    -0.20   -0.19    0.09    -0.11 -0.09          0.24   -0.10  -0.17  0.59  0.57  1.00  0.81 -0.43  0.11
US3                 -0.06         -0.10 -0.14    -0.35   -0.21   -0.09    -0.17 -0.19          0.08   -0.32  -0.36  0.53  0.58  0.81  1.00 -0.47  0.30
CNH                 -0.00         -0.06 -0.23    -0.07   -0.17   -0.13     0.04 -0.05         -0.26    0.00   0.02 -0.48 -0.57 -0.43 -0.47  1.00  0.08
VIX                 -0.23         -0.16 -0.64    -0.56   -0.50   -0.32    -0.38 -0.55         -0.48   -0.56  -0.60 -0.16  0.04  0.11  0.30  0.08  1.00


********************************************************************************
                                 END OF REPORT                                  
********************************************************************************


