
********************************************************************************
                    Risk report produced on 30/01/2024 22:51                    
********************************************************************************


Total risk across all strategies, annualised percentage 8.7
Percentage of capital used for margin 59.0%

========================================
Risk per strategy, annualised percentage
========================================

                  risk
dynamic_TF_carry   8.7


===================
Risk by asset class
===================

Ags       1.7
Bond      2.5
Equity    5.1
FX        4.1
Metals    1.1
Vol       1.5
dtype: float64


=====================================================
Beta loadings of asset class positions on asset class
=====================================================

Bond     -0.51
FX       -0.28
Ags      -0.07
Vol      -0.03
Metals    0.04
Equity    0.39
dtype: float64


========================================================
Beta loadings of full portfolio positions on asset class
========================================================

Bond     -1.35
Vol      -0.17
FX       -0.09
Ags      -0.00
Metals    0.06
Equity    0.63
dtype: float64


==================================================================================================================================================================================================================================================================
                                                                                                                         Instrument risk                                                                                                                          
==================================================================================================================================================================================================================================================================

              daily_price_stdev  annual_price_stdev     price  daily_perc_stdev  annual_perc_stdev  point_size_base  contract_exposure  daily_risk_per_contract  annual_risk_per_contract  position  capital  exposure_held_perc_capital  annual_risk_perc_capital
JPY                       0.000               0.001      0.01              0.60                9.7        9848219.2              67204                      405                      6486        -2   367891                       -36.5                      -3.5
BOBL                      0.322               5.154    117.81              0.27                4.4            852.0             100377                      274                      4390        -2   367891                       -54.6                      -2.4
LEANHOG                   1.216              19.456     84.40              1.44               23.1            315.1              26598                      383                      6131        -1   367891                        -7.2                      -1.7
VIX                       0.427               6.836     15.05              2.84               45.4            787.9              11857                      336                      5385        -1   367891                        -3.2                      -1.5
US2                       0.144               2.300    102.59              0.14                2.2           1575.7             161646                      226                      3624        -1   367891                       -43.9                      -1.0
KOSDAQ                   24.148             386.362   1267.00              1.91               30.5              5.9               7490                      142                      2284        -1   367891                        -2.0                      -0.6
RUSSELL                  24.547             392.745   2006.30              1.22               19.6              3.9               7903                       96                      1547        -1   367891                        -2.1                      -0.4
EUR_micro                 0.005               0.073      1.09              0.42                6.7           9848.2              10700                       44                       719        -2   367891                        -5.8                      -0.4
COPPER-micro              0.044               0.704      3.92              1.12               18.0           1969.6               7711                       86                      1386        -1   367891                        -2.1                      -0.4
IRON                      2.167              34.680    134.65              1.61               25.8             78.8              10608                      170                      2732         1   367891                         2.9                       0.7
BITCOIN                1209.005           19344.076  43870.00              2.76               44.1              0.1               3456                       95                      1524         2   367891                         1.9                       0.8
CNH                       0.018               0.296      7.17              0.26                4.1          10962.8              78568                      202                      3243         1   367891                        21.4                       0.9
TOPIX                    19.047             304.746   2531.00              0.75               12.0              5.3              13528                      101                      1628         2   367891                         7.4                       0.9
MXP                       0.000               0.006      0.06              0.63               10.1         393928.8              22780                      144                      2306         2   367891                        12.4                       1.3
NIKKEI                  332.386            5318.174  36115.00              0.92               14.7              0.5              19303                      177                      2842         2   367891                        10.5                       1.5
R1000                    11.505             184.082   1647.10              0.70               11.2             39.4              64884                      453                      7251         1   367891                        17.6                       2.0
CAC                      63.137            1010.197   7692.50              0.82               13.1              8.5              65541                      537                      8607         1   367891                        17.8                       2.3
KR10                      0.478               7.645    113.49              0.42                6.7            591.2              67093                      282                      4519         2   367891                        36.5                       2.5

Sum of abs(notional exposure % capital) 285.8
Sum of abs(annualised risk % capital) 24.8
Net sum of annualised risk % capital 1.0 

====================================================================================================================================================
                                                                    Correlations                                                                    
====================================================================================================================================================

               CNH   VIX  BOBL   JPY  KR10   US2  BITCOIN   CAC   MXP  NIKKEI  R1000  RUSSELL  TOPIX  COPPER-micro  EUR_micro  IRON  KOSDAQ  LEANHOG
CNH           1.00  0.24 -0.23 -0.57 -0.30 -0.40     0.02 -0.33 -0.36   -0.10  -0.38    -0.39  -0.02         -0.63      -0.54 -0.34   -0.27    -0.06
VIX           0.24  1.00 -0.02 -0.06 -0.28  0.06    -0.15 -0.61 -0.47   -0.53  -0.68    -0.63  -0.58         -0.29      -0.25 -0.21   -0.23    -0.30
BOBL         -0.23 -0.02  1.00  0.49  0.61  0.71     0.22  0.21 -0.01   -0.08   0.25     0.29  -0.10          0.10       0.16  0.06    0.29     0.05
JPY          -0.57 -0.06  0.49  1.00  0.38  0.57     0.02  0.19  0.19   -0.20   0.26     0.33  -0.20          0.44       0.44  0.19    0.21     0.02
KR10         -0.30 -0.28  0.61  0.38  1.00  0.49     0.13  0.37  0.01    0.17   0.32     0.31   0.15          0.13       0.30  0.04    0.36     0.09
US2          -0.40  0.06  0.71  0.57  0.49  1.00     0.07  0.05  0.00    0.03   0.22     0.23  -0.06          0.20       0.40 -0.04    0.17     0.04
BITCOIN       0.02 -0.15  0.22  0.02  0.13  0.07     1.00  0.10 -0.02   -0.11   0.03     0.05  -0.03          0.11       0.04  0.18    0.04    -0.14
CAC          -0.33 -0.61  0.21  0.19  0.37  0.05     0.10  1.00  0.49    0.47   0.69     0.67   0.52          0.36       0.40  0.25    0.32     0.31
MXP          -0.36 -0.47 -0.01  0.19  0.01  0.00    -0.02  0.49  1.00    0.40   0.49     0.46   0.46          0.43       0.42  0.25    0.15     0.08
NIKKEI       -0.10 -0.53 -0.08 -0.20  0.17  0.03    -0.11  0.47  0.40    1.00   0.54     0.47   0.91          0.13       0.24  0.08    0.24     0.21
R1000        -0.38 -0.68  0.25  0.26  0.32  0.22     0.03  0.69  0.49    0.54   1.00     0.90   0.55          0.42       0.49  0.21    0.46     0.32
RUSSELL      -0.39 -0.63  0.29  0.33  0.31  0.23     0.05  0.67  0.46    0.47   0.90     1.00   0.47          0.47       0.49  0.20    0.37     0.30
TOPIX        -0.02 -0.58 -0.10 -0.20  0.15 -0.06    -0.03  0.52  0.46    0.91   0.55     0.47   1.00          0.11       0.20  0.15    0.16     0.25
COPPER-micro -0.63 -0.29  0.10  0.44  0.13  0.20     0.11  0.36  0.43    0.13   0.42     0.47   0.11          1.00       0.44  0.47    0.23     0.17
EUR_micro    -0.54 -0.25  0.16  0.44  0.30  0.40     0.04  0.40  0.42    0.24   0.49     0.49   0.20          0.44       1.00  0.14    0.20     0.16
IRON         -0.34 -0.21  0.06  0.19  0.04 -0.04     0.18  0.25  0.25    0.08   0.21     0.20   0.15          0.47       0.14  1.00    0.18     0.20
KOSDAQ       -0.27 -0.23  0.29  0.21  0.36  0.17     0.04  0.32  0.15    0.24   0.46     0.37   0.16          0.23       0.20  0.18    1.00     0.07
LEANHOG      -0.06 -0.30  0.05  0.02  0.09  0.04    -0.14  0.31  0.08    0.21   0.32     0.30   0.25          0.17       0.16  0.20    0.07     1.00


********************************************************************************
                                 END OF REPORT                                  
********************************************************************************


