
********************************************************************************
           Risk report report produced on 2022-06-30 21:00:43.900724            
********************************************************************************


Total risk across all strategies, annualised percentage 6.3
Percentage of capital used for margin 19.4%

========================================
Risk per strategy, annualised percentage
========================================

                  risk
dynamic_TF_carry   6.5


==================================================================================================================================================================================================================================================================
                                                                                                                         Instrument risk                                                                                                                          
==================================================================================================================================================================================================================================================================

              daily_price_stdev  annual_price_stdev     price  daily_perc_stdev  annual_perc_stdev  point_size_base  contract_exposure  daily_risk_per_contract  annual_risk_per_contract  position  capital  exposure_held_perc_capital  annual_risk_perc_capital
US10U                     0.875              13.998    127.33              0.69               11.0            823.6             104868                      720                     11528        -1   387526                       -27.1                      -3.0
SILVER                    0.406               6.495     20.32              2.00               32.0            823.6              16735                      334                      5349        -1   387526                        -4.3                      -1.4
SP500_micro              62.569            1001.096   3803.75              1.64               26.3              4.1              15663                      257                      4122        -1   387526                        -4.0                      -1.1
DJSTX-SMALL               5.303              84.845    295.60              1.79               28.7             43.1              12727                      228                      3652        -1   387526                        -3.3                      -0.9
DOW                     418.820            6701.126  30844.00              1.36               21.7              0.4              12701                      172                      2759        -1   387526                        -3.3                      -0.7
DAX                     192.848            3085.562  12794.00              1.51               24.1              0.9              11016                      166                      2656        -1   387526                        -2.8                      -0.7
KOSDAQ                   25.703             411.247   1050.20              2.45               39.2              6.3               6653                      162                      2605        -1   387526                        -1.7                      -0.7
NIKKEI400               207.842            3325.467  16800.00              1.24               19.8              0.6              10187                      126                      2016         1   387526                         2.6                       0.5
TOPIX                    23.003             368.055   1869.00              1.23               19.7              6.1              11333                      139                      2231         1   387526                         2.9                       0.6
BRE                       0.002               0.033      0.19              1.08               17.2          82360.5              15706                      169                      2708         1   387526                         4.1                       0.7
EU-OIL                    6.027              96.426    309.20              1.95               31.2             43.1              13312                      259                      4151         1   387526                         3.4                       1.1
IRON                      4.206              67.290    115.30              3.65               58.4             82.4               9496                      346                      5542         1   387526                         2.5                       1.4
CORN                     12.096             193.537    629.25              1.92               30.8             41.2              25912                      498                      7969         1   387526                         6.7                       2.1
CRUDE_W_mini              2.473              39.563    104.48              2.37               37.9            411.8              43023                     1018                     16291         1   387526                        11.1                       4.2

Sum of abs(notional exposure % capital) 79.8
Sum of abs(annualised risk % capital) 19.1
Net sum of annualised risk % capital 2.1 

===================================================================================================================================
                                                           Correlations                                                            
===================================================================================================================================

               DAX  DJSTX-SMALL   DOW  NIKKEI400  SP500_micro  TOPIX   BRE  EU-OIL  KOSDAQ  CORN  CRUDE_W_mini  IRON  SILVER  US10U
DAX           1.00         0.57  0.55       0.54         0.54   0.54  0.30    0.40    0.29  0.15          0.11  0.13    0.14   0.11
DJSTX-SMALL   0.57         1.00  0.57       0.50         0.58   0.51  0.33    0.42    0.35  0.17          0.17  0.15    0.22   0.23
DOW           0.55         0.57  1.00       0.48         0.59   0.49  0.32    0.42    0.36  0.17          0.22  0.26    0.21   0.15
NIKKEI400     0.54         0.50  0.48       1.00         0.48   0.59  0.23    0.33    0.33  0.08          0.11  0.13    0.12   0.06
SP500_micro   0.54         0.58  0.59       0.48         1.00   0.49  0.33    0.41    0.39  0.15          0.23  0.25    0.21   0.17
TOPIX         0.54         0.51  0.49       0.59         0.49   1.00  0.24    0.35    0.34  0.09          0.14  0.14    0.13   0.08
BRE           0.30         0.33  0.32       0.23         0.33   0.24  1.00    0.35    0.27  0.23          0.29  0.23    0.34   0.17
EU-OIL        0.40         0.42  0.42       0.33         0.41   0.35  0.35    1.00    0.30  0.21          0.39  0.30    0.25   0.08
KOSDAQ        0.29         0.35  0.36       0.33         0.39   0.34  0.27    0.30    1.00  0.13          0.26  0.21    0.25   0.18
CORN          0.15         0.17  0.17       0.08         0.15   0.09  0.23    0.21    0.13  1.00          0.21  0.17    0.23   0.05
CRUDE_W_mini  0.11         0.17  0.22       0.11         0.23   0.14  0.29    0.39    0.26  0.21          1.00  0.33    0.31   0.15
IRON          0.13         0.15  0.26       0.13         0.25   0.14  0.23    0.30    0.21  0.17          0.33  1.00    0.26   0.11
SILVER        0.14         0.22  0.21       0.12         0.21   0.13  0.34    0.25    0.25  0.23          0.31  0.26    1.00   0.24
US10U         0.11         0.23  0.15       0.06         0.17   0.08  0.17    0.08    0.18  0.05          0.15  0.11    0.24   1.00


********************************************************************************
                                 END OF REPORT                                  
********************************************************************************


