
********************************************************************************
                    Risk report produced on 06/12/2023 22:50                    
********************************************************************************


Total risk across all strategies, annualised percentage 7.7
Percentage of capital used for margin 57.1%

========================================
Risk per strategy, annualised percentage
========================================

                  risk
dynamic_TF_carry   7.7


===================
Risk by asset class
===================

Ags       2.7
Bond      1.3
Equity    2.7
FX        2.9
Metals    1.7
OilGas    5.0
Sector    1.7
Vol       1.6
dtype: float64


=====================================================
Beta loadings of asset class positions on asset class
=====================================================

Ags      -0.14
OilGas   -0.07
Vol      -0.04
Bond      0.03
Metals    0.07
Sector    0.08
Equity    0.19
FX        0.62
dtype: float64


========================================================
Beta loadings of full portfolio positions on asset class
========================================================

Bond     -0.14
Vol      -0.10
OilGas   -0.04
Ags      -0.03
Metals    0.07
Sector    0.16
Equity    0.32
FX        0.81
dtype: float64


=================================================================================================================================================================================================================================================================
                                                                                                                         Instrument risk                                                                                                                         
=================================================================================================================================================================================================================================================================

             daily_price_stdev  annual_price_stdev     price  daily_perc_stdev  annual_perc_stdev  point_size_base  contract_exposure  daily_risk_per_contract  annual_risk_per_contract  position  capital  exposure_held_perc_capital  annual_risk_perc_capital
GAS-PEN                  0.119               1.897      2.69              4.40               70.4           7938.2              21377                      941                     15059        -1   370133                        -5.8                      -4.1
LIVECOW                  1.976              31.613    163.43              1.21               19.3            317.5              51892                      627                     10038        -1   370133                       -14.0                      -2.7
VIX                      0.471               7.531     16.40              2.87               45.9            793.8              13018                      373                      5978        -1   370133                        -3.5                      -1.6
US2                      0.157               2.510    102.43              0.15                2.5           1587.6             162616                      249                      3985        -1   370133                       -43.9                      -1.1
GAS_US_mini              0.119               1.904      2.57              4.63               74.1           1984.6               5100                      236                      3778        -1   370133                        -1.4                      -1.0
EUR_micro                0.005               0.084      1.08              0.49                7.8           9922.8              10727                       52                       835        -4   370133                       -11.6                      -0.9
FTSECHINAA             120.282            1924.507  11338.00              1.06               17.0              0.8               9000                       95                      1527        -1   370133                        -2.4                      -0.4
IRON                     2.190              35.040    129.65              1.69               27.0             79.4              10291                      173                      2781         1   370133                         2.8                       0.8
CNH                      0.020               0.320      7.15              0.28                4.5          11078.0              79172                      221                      3549         1   370133                        21.4                       1.0
KR10                     0.539               8.629    112.15              0.48                7.7            604.0              67739                      325                      5211         1   370133                        18.3                       1.4
MXP                      0.000               0.007      0.06              0.73               11.8         396912.0              22901                      168                      2692         2   370133                        12.4                       1.5
BITCOIN               1083.717           17339.465  44480.00              2.44               39.0              0.1               3530                       86                      1376         4   370133                         3.8                       1.5
NIKKEI                 322.461            5159.370  33315.00              0.97               15.5              0.5              17969                      173                      2782         2   370133                         9.7                       1.5
FTSETAIWAN              11.810             188.957   1494.50              0.79               12.6             31.8              47454                      374                      5999         1   370133                        12.8                       1.6
EU-OIL                   4.463              71.414    351.40              1.27               20.3             42.8              15044                      191                      3057         2   370133                         8.1                       1.7
YENEUR                   0.814              13.031    158.45              0.51                8.2            674.2             106833                      549                      8785         1   370133                        28.9                       2.4

Sum of abs(notional exposure % capital) 200.8
Sum of abs(annualised risk % capital) 25.2
Net sum of annualised risk % capital 1.6 

==================================================================================================================================================
                                                                   Correlations                                                                   
==================================================================================================================================================

              CNH   VIX  BITCOIN  KR10   US2  EUR_micro  FTSECHINAA  FTSETAIWAN  IRON   MXP  NIKKEI  EU-OIL  LIVECOW  GAS-PEN  GAS_US_mini  YENEUR
CNH          1.00  0.24    -0.05 -0.28 -0.38      -0.54       -0.48       -0.39 -0.37 -0.38   -0.14   -0.11     0.02     0.13         0.15    0.20
VIX          0.24  1.00    -0.19 -0.28  0.06      -0.32       -0.33       -0.57 -0.24 -0.53   -0.62   -0.19    -0.21    -0.21        -0.18   -0.21
BITCOIN     -0.05 -0.19     1.00  0.14  0.16       0.12       -0.03        0.13  0.12 -0.01   -0.02   -0.19    -0.18    -0.02         0.01    0.14
KR10        -0.28 -0.28     0.14  1.00  0.48       0.30        0.03        0.26  0.06 -0.00    0.23   -0.04    -0.13     0.01         0.03   -0.06
US2         -0.38  0.06     0.16  0.48  1.00       0.32        0.04        0.07  0.01 -0.07   -0.09   -0.15    -0.09    -0.11        -0.14   -0.37
EUR_micro   -0.54 -0.32     0.12  0.30  0.32       1.00        0.26        0.41  0.16  0.39    0.26    0.01     0.21    -0.07        -0.11    0.32
FTSECHINAA  -0.48 -0.33    -0.03  0.03  0.04       0.26        1.00        0.37  0.30  0.35    0.24    0.06     0.05     0.16         0.11   -0.02
FTSETAIWAN  -0.39 -0.57     0.13  0.26  0.07       0.41        0.37        1.00  0.30  0.35    0.60    0.16     0.09     0.05         0.07    0.08
IRON        -0.37 -0.24     0.12  0.06  0.01       0.16        0.30        0.30  1.00  0.26    0.25    0.17    -0.08     0.03         0.04   -0.08
MXP         -0.38 -0.53    -0.01 -0.00 -0.07       0.39        0.35        0.35  0.26  1.00    0.46    0.35     0.26     0.02         0.02    0.10
NIKKEI      -0.14 -0.62    -0.02  0.23 -0.09       0.26        0.24        0.60  0.25  0.46    1.00    0.39     0.29     0.18         0.18    0.39
EU-OIL      -0.11 -0.19    -0.19 -0.04 -0.15       0.01        0.06        0.16  0.17  0.35    0.39    1.00     0.19     0.14         0.15    0.01
LIVECOW      0.02 -0.21    -0.18 -0.13 -0.09       0.21        0.05        0.09 -0.08  0.26    0.29    0.19     1.00     0.10         0.08    0.16
GAS-PEN      0.13 -0.21    -0.02  0.01 -0.11      -0.07        0.16        0.05  0.03  0.02    0.18    0.14     0.10     1.00         0.90    0.26
GAS_US_mini  0.15 -0.18     0.01  0.03 -0.14      -0.11        0.11        0.07  0.04  0.02    0.18    0.15     0.08     0.90         1.00    0.23
YENEUR       0.20 -0.21     0.14 -0.06 -0.37       0.32       -0.02        0.08 -0.08  0.10    0.39    0.01     0.16     0.26         0.23    1.00


********************************************************************************
                                 END OF REPORT                                  
********************************************************************************


