
********************************************************************************
                    Risk report produced on 05/12/2023 22:51                    
********************************************************************************


Total risk across all strategies, annualised percentage 7.8
Percentage of capital used for margin 56.9%

========================================
Risk per strategy, annualised percentage
========================================

                  risk
dynamic_TF_carry   7.8


===================
Risk by asset class
===================

Ags       2.5
Bond      1.3
Equity    2.7
FX        3.0
Metals    1.8
OilGas    5.0
Sector    1.7
Vol       1.7
dtype: float64


=====================================================
Beta loadings of asset class positions on asset class
=====================================================

Ags      -0.15
OilGas   -0.07
Vol      -0.04
Bond      0.03
Metals    0.07
Sector    0.08
Equity    0.19
FX        0.62
dtype: float64


========================================================
Beta loadings of full portfolio positions on asset class
========================================================

Bond     -0.15
Vol      -0.10
OilGas   -0.04
Ags      -0.02
Metals    0.07
Sector    0.16
Equity    0.32
FX        0.81
dtype: float64


=================================================================================================================================================================================================================================================================
                                                                                                                         Instrument risk                                                                                                                         
=================================================================================================================================================================================================================================================================

             daily_price_stdev  annual_price_stdev     price  daily_perc_stdev  annual_perc_stdev  point_size_base  contract_exposure  daily_risk_per_contract  annual_risk_per_contract  position  capital  exposure_held_perc_capital  annual_risk_perc_capital
GAS-PEN                  0.119               1.897      2.69              4.40               70.4           7917.5              21321                      938                     15020        -1   367635                        -5.8                      -4.1
LIVECOW                  1.805              28.884    168.62              1.07               17.1            316.7              53403                      571                      9147        -1   367635                       -14.5                      -2.5
VIX                      0.479               7.665     16.35              2.93               46.9            791.7              12945                      379                      6068        -1   367635                        -3.5                      -1.7
US2                      0.159               2.537    102.49              0.15                2.5           1583.5             162296                      251                      4017        -1   367635                       -44.1                      -1.1
GAS_US_mini              0.119               1.902      2.72              4.38               70.1           1979.4               5374                      235                      3765        -1   367635                        -1.5                      -1.0
EUR_micro                0.005               0.085      1.08              0.49                7.9           9896.9              10727                       52                       844        -4   367635                       -11.7                      -0.9
FTSECHINAA             114.983            1839.733  11495.00              1.00               16.0              0.8               9101                       91                      1456        -1   367635                        -2.5                      -0.4
IRON                     2.194              35.104    126.55              1.73               27.7             79.2              10019                      173                      2779         1   367635                         2.7                       0.8
CNH                      0.019               0.312      7.13              0.27                4.4          11072.1              78938                      215                      3450         1   367635                        21.5                       0.9
KR10                     0.543               8.680    111.44              0.49                7.8            605.5              67475                      328                      5255         1   367635                        18.4                       1.4
MXP                      0.000               0.007      0.06              0.75               12.0         395875.0              22743                      170                      2732         2   367635                        12.4                       1.5
NIKKEI                 318.032            5088.517  32760.00              0.97               15.5              0.5              17655                      171                      2742         2   367635                         9.6                       1.5
BITCOIN               1089.733           17435.736  44125.00              2.47               39.5              0.1               3493                       86                      1380         4   367635                         3.8                       1.5
FTSETAIWAN              12.092             193.469   1487.25              0.81               13.0             31.7              47101                      382                      6127         1   367635                        12.8                       1.7
EU-OIL                   4.476              71.623    355.70              1.26               20.1             42.9              15251                      191                      3071         2   367635                         8.3                       1.7
YENEUR                   0.829              13.270    158.57              0.52                8.4            673.7             106825                      558                      8939         1   367635                        29.1                       2.4

Sum of abs(notional exposure % capital) 202.2
Sum of abs(annualised risk % capital) 25.1
Net sum of annualised risk % capital 1.7 

==================================================================================================================================================
                                                                   Correlations                                                                   
==================================================================================================================================================

              CNH   VIX  BITCOIN  KR10   US2  EUR_micro  FTSECHINAA  FTSETAIWAN  IRON   MXP  NIKKEI  EU-OIL  LIVECOW  GAS-PEN  GAS_US_mini  YENEUR
CNH          1.00  0.24    -0.05 -0.28 -0.38      -0.54       -0.48       -0.39 -0.37 -0.38   -0.14   -0.11     0.02     0.13         0.15    0.20
VIX          0.24  1.00    -0.19 -0.28  0.06      -0.32       -0.33       -0.57 -0.24 -0.53   -0.62   -0.19    -0.21    -0.21        -0.18   -0.21
BITCOIN     -0.05 -0.19     1.00  0.14  0.16       0.12       -0.03        0.13  0.12 -0.01   -0.02   -0.19    -0.18    -0.02         0.01    0.14
KR10        -0.28 -0.28     0.14  1.00  0.48       0.30        0.03        0.26  0.06 -0.00    0.23   -0.04    -0.13     0.01         0.03   -0.06
US2         -0.38  0.06     0.16  0.48  1.00       0.32        0.04        0.07  0.01 -0.07   -0.09   -0.15    -0.09    -0.11        -0.14   -0.37
EUR_micro   -0.54 -0.32     0.12  0.30  0.32       1.00        0.26        0.41  0.16  0.39    0.26    0.01     0.21    -0.07        -0.11    0.32
FTSECHINAA  -0.48 -0.33    -0.03  0.03  0.04       0.26        1.00        0.37  0.30  0.35    0.24    0.06     0.05     0.16         0.11   -0.02
FTSETAIWAN  -0.39 -0.57     0.13  0.26  0.07       0.41        0.37        1.00  0.30  0.35    0.60    0.16     0.09     0.05         0.07    0.08
IRON        -0.37 -0.24     0.12  0.06  0.01       0.16        0.30        0.30  1.00  0.26    0.25    0.17    -0.08     0.03         0.04   -0.08
MXP         -0.38 -0.53    -0.01 -0.00 -0.07       0.39        0.35        0.35  0.26  1.00    0.46    0.35     0.26     0.02         0.02    0.10
NIKKEI      -0.14 -0.62    -0.02  0.23 -0.09       0.26        0.24        0.60  0.25  0.46    1.00    0.39     0.29     0.18         0.18    0.39
EU-OIL      -0.11 -0.19    -0.19 -0.04 -0.15       0.01        0.06        0.16  0.17  0.35    0.39    1.00     0.19     0.14         0.15    0.01
LIVECOW      0.02 -0.21    -0.18 -0.13 -0.09       0.21        0.05        0.09 -0.08  0.26    0.29    0.19     1.00     0.10         0.08    0.16
GAS-PEN      0.13 -0.21    -0.02  0.01 -0.11      -0.07        0.16        0.05  0.03  0.02    0.18    0.14     0.10     1.00         0.90    0.26
GAS_US_mini  0.15 -0.18     0.01  0.03 -0.14      -0.11        0.11        0.07  0.04  0.02    0.18    0.15     0.08     0.90         1.00    0.23
YENEUR       0.20 -0.21     0.14 -0.06 -0.37       0.32       -0.02        0.08 -0.08  0.10    0.39    0.01     0.16     0.26         0.23    1.00


********************************************************************************
                                 END OF REPORT                                  
********************************************************************************


