
********************************************************************************
               Risk report produced on 2021-10-12 20:56:46.642463               
********************************************************************************


Total risk across all strategies, annualised percentage 13.7

========================================
Risk per strategy, annualised percentage
========================================

                  risk
dynamic_TF_carry  13.7


==================================================================================================================================================================================================================================================================
                                                                                                                         Instrument risk                                                                                                                          
==================================================================================================================================================================================================================================================================

              daily_price_stdev  annual_price_stdev    price  daily_perc_stdev  annual_perc_stdev  point_size_base  contract_exposure  daily_risk_per_contract  annual_risk_per_contract  position   capital  exposure_held_perc_capital  annual_risk_perc_capital
BUXL                        1.2                18.5    199.4               0.6                9.3            849.1           169289.7                    982.5                   15719.2      -1.0  378860.1                       -44.7                      -4.1
US20                        0.9                14.3    158.6               0.6                9.0            735.2           116567.4                    658.4                   10533.7      -1.0  378860.1                       -30.8                      -2.8
KR10                        0.4                 6.4    122.0               0.3                5.3            613.9            74876.9                    246.1                    3937.1      -2.0  378860.1                       -39.5                      -2.1
CHF                         0.0                 0.1      1.1               0.4                5.8          91893.9            98905.4                    358.4                    5735.1      -1.0  378860.1                       -26.1                      -1.5
JPY                         0.0                 0.0      0.0               0.4                6.1        9189385.9            80903.4                    307.8                    4925.1      -1.0  378860.1                       -21.4                      -1.3
LIVECOW                     1.0                16.7    129.4               0.8               12.9            294.1            38058.8                    306.4                    4902.5      -1.0  378860.1                       -10.0                      -1.3
KRWUSD                      0.0                 0.0      0.0               0.4                6.0       91893858.9            76694.6                    288.9                    4622.6      -1.0  378860.1                       -20.2                      -1.2
GBP                         0.0                 0.1      1.4               0.4                7.0          45946.9            62428.1                    271.9                    4351.1      -1.0  378860.1                       -16.5                      -1.1
KOSDAQ                     18.7               299.5   1361.2               1.4               22.0              6.1             8357.0                    114.9                    1838.5      -2.0  378860.1                        -4.4                      -1.0
BOBL                        0.1                 2.1    134.4               0.1                1.6            849.1           114108.0                    113.3                    1813.5      -2.0  378860.1                       -60.2                      -1.0
EU-RETAIL                   4.8                77.0    421.8               1.1               18.3             42.5            17907.1                    204.3                    3269.1      -1.0  378860.1                        -4.7                      -0.9
MXP                         0.0                 0.0      0.0               0.5                7.5         367575.4            17533.3                     82.4                    1318.0      -2.0  378860.1                        -9.3                      -0.7
TOPIX                      23.1               369.9   1990.2               1.2               18.6              6.5            12879.6                    149.6                    2393.8      -1.0  378860.1                        -3.4                      -0.6
MUMMY                      24.7               394.6   1083.0               2.3               36.4              6.5             7008.5                    159.6                    2553.6       1.0  378860.1                         1.8                       0.7
EU-TRAVEL                   4.0                63.8    256.3               1.6               24.9             42.5            10881.0                    169.4                    2710.5       1.0  378860.1                         2.9                       0.7
NIFTY                     116.7              1867.5  18031.5               0.6               10.4              1.5            26511.7                    171.6                    2745.7       1.0  378860.1                         7.0                       0.7
EU-BANKS                    1.5                24.2    101.6               1.5               23.8             42.5             4315.5                     64.2                    1026.7       3.0  378860.1                         3.4                       0.8
RUR                         0.0                 0.0      0.0               0.5                7.9        1837877.2            25289.2                    124.4                    1989.9       2.0  378860.1                        13.4                       1.1
NIKKEI                    394.1              6305.7  28280.0               1.4               22.3              0.6            18301.0                    255.0                    4080.7       1.0  378860.1                         4.8                       1.1
EDOLLAR                     0.0                 0.6     98.5               0.0                0.6           1837.9           180994.1                     71.2                    1138.9       4.0  378860.1                       191.1                       1.2
EU-OIL                      3.6                56.9    286.3               1.2               19.9             42.5            12154.6                    151.1                    2417.5       2.0  378860.1                         6.4                       1.3
FTSECHINAA                209.3              3348.3  15859.0               1.3               21.1              0.7            11658.8                    153.8                    2461.5       2.0  378860.1                         6.2                       1.3
NASDAQ_micro              133.5              2136.3  14638.5               0.9               14.6              1.5            21523.0                    196.3                    3140.9       2.0  378860.1                        11.4                       1.7
WHEAT                      11.0               175.3    734.8               1.5               23.9             36.8            27007.6                    402.7                    6443.6       1.0  378860.1                         7.1                       1.7
BITCOIN                  2531.8             40509.2  56720.0               4.5               71.4              0.1             4169.8                    186.1                    2978.0       4.0  378860.1                         4.4                       3.1
BRENT-LAST                  1.0                16.6     82.8               1.3               20.1            735.2            60892.5                    764.0                   12224.6       1.0  378860.1                        16.1                       3.2
HEATOIL                     0.0                 0.5      2.5               1.2               19.9          30876.3            76591.8                    952.9                   15246.4       1.0  378860.1                        20.2                       4.0

Sum of abs(notional exposure % capital) 587.4
Sum of abs(annualised risk % capital) 42.2
Net sum of annualised risk % capital 3 

========================================================================================================================================================================================================================================
                                                                                                              Correlations                                                                                                              
========================================================================================================================================================================================================================================

              BITCOIN  BOBL  BRENT-LAST  BUXL   CHF  EDOLLAR  EU-BANKS  EU-OIL  EU-RETAIL  EU-TRAVEL  FTSECHINAA   GBP  HEATOIL   JPY  KOSDAQ  KR10  KRWUSD  LIVECOW  MUMMY   MXP  NASDAQ_micro  NIFTY  NIKKEI   RUR  TOPIX  US20  WHEAT
BITCOIN          1.00 -0.06       -0.09  0.31  0.09    -0.13      0.25   -0.14       0.12      -0.32       -0.03 -0.20     0.41 -0.05    0.64 -0.10   -0.10    -0.10   0.08 -0.24         -0.16  -0.19    0.71  0.57  -0.21  0.00  -0.21
BOBL            -0.06  1.00       -0.05  0.08  0.14     0.48      0.02    0.09       0.12       0.23        0.95  0.37    -0.09  0.69   -0.06  0.50    0.21     0.24  -0.12  0.29          0.40   0.30   -0.05 -0.01   0.22  0.02   0.37
BRENT-LAST      -0.09 -0.05        1.00 -0.13 -0.02     0.09      0.04    0.22      -0.07      -0.03       -0.10 -0.16    -0.03  0.09   -0.11  0.11    0.05    -0.11   0.00  0.03          0.11  -0.08   -0.06  0.01   0.00  0.25   0.16
BUXL             0.31  0.08       -0.13  1.00  0.59     0.14      0.27   -0.20       0.45       0.17        0.15  0.28    -0.05  0.04    0.43 -0.01    0.07     0.20  -0.06  0.18          0.06   0.24    0.13  0.09   0.11 -0.01   0.12
CHF              0.09  0.14       -0.02  0.59  1.00     0.26      0.41    0.08       0.26       0.36        0.17  0.35    -0.25  0.09    0.35  0.18    0.10     0.28   0.06  0.36          0.21   0.33   -0.11 -0.07   0.31  0.02   0.18
EDOLLAR         -0.13  0.48        0.09  0.14  0.26     1.00      0.08    0.16       0.13       0.34        0.46  0.33    -0.12  0.29   -0.05  0.31    0.13     0.33   0.09  0.33          0.50   0.29   -0.06 -0.10   0.21  0.09   0.34
EU-BANKS         0.25  0.02        0.04  0.27  0.41     0.08      1.00    0.26       0.03       0.16        0.04 -0.03    -0.03  0.04    0.37 -0.06   -0.06     0.33  -0.05  0.10          0.18   0.03    0.04  0.11   0.14  0.08  -0.06
EU-OIL          -0.14  0.09        0.22 -0.20  0.08     0.16      0.26    1.00      -0.08       0.21        0.10  0.09    -0.08  0.08   -0.11  0.12   -0.03     0.13  -0.08  0.14          0.32   0.00   -0.13 -0.07   0.12  0.05   0.13
EU-RETAIL        0.12  0.12       -0.07  0.45  0.26     0.13      0.03   -0.08       1.00       0.04        0.13  0.30     0.05  0.18    0.22  0.05    0.09     0.08   0.03  0.15         -0.03   0.32    0.17  0.14  -0.00  0.05   0.10
EU-TRAVEL       -0.32  0.23       -0.03  0.17  0.36     0.34      0.16    0.21       0.04       1.00        0.24  0.29    -0.34  0.17   -0.24  0.10    0.15     0.37   0.03  0.51          0.26   0.32   -0.39 -0.22   0.80  0.03   0.32
FTSECHINAA      -0.03  0.95       -0.10  0.15  0.17     0.46      0.04    0.10       0.13       0.24        1.00  0.43    -0.11  0.63   -0.06  0.43    0.17     0.24  -0.17  0.27          0.30   0.29   -0.05 -0.02   0.25 -0.05   0.41
GBP             -0.20  0.37       -0.16  0.28  0.35     0.33     -0.03    0.09       0.30       0.29        0.43  1.00    -0.16  0.28   -0.15  0.23    0.20     0.21   0.12  0.53          0.15   0.64   -0.17 -0.05   0.24 -0.06   0.16
HEATOIL          0.41 -0.09       -0.03 -0.05 -0.25    -0.12     -0.03   -0.08       0.05      -0.34       -0.11 -0.16     1.00  0.00    0.28 -0.00   -0.16    -0.13   0.14 -0.28         -0.06  -0.07    0.64  0.82  -0.31  0.05  -0.13
JPY             -0.05  0.69        0.09  0.04  0.09     0.29      0.04    0.08       0.18       0.17        0.63  0.28     0.00  1.00   -0.13  0.41    0.16     0.20   0.04  0.16          0.45   0.25   -0.01  0.05   0.18  0.09   0.15
KOSDAQ           0.64 -0.06       -0.11  0.43  0.35    -0.05      0.37   -0.11       0.22      -0.24       -0.06 -0.15     0.28 -0.13    1.00  0.00   -0.12     0.01   0.00 -0.22         -0.07  -0.12    0.56  0.35  -0.23  0.05  -0.21
KR10            -0.10  0.50        0.11 -0.01  0.18     0.31     -0.06    0.12       0.05       0.10        0.43  0.23    -0.00  0.41    0.00  1.00    0.27     0.23   0.10  0.09          0.47   0.18    0.01 -0.05   0.16  0.15   0.02
KRWUSD          -0.10  0.21        0.05  0.07  0.10     0.13     -0.06   -0.03       0.09       0.15        0.17  0.20    -0.16  0.16   -0.12  0.27    1.00     0.20  -0.12  0.15          0.22   0.11   -0.10 -0.12   0.13  0.11   0.16
LIVECOW         -0.10  0.24       -0.11  0.20  0.28     0.33      0.33    0.13       0.08       0.37        0.24  0.21    -0.13  0.20    0.01  0.23    0.20     1.00  -0.14  0.29          0.41   0.19   -0.11 -0.09   0.38  0.07   0.19
MUMMY            0.08 -0.12        0.00 -0.06  0.06     0.09     -0.05   -0.08       0.03       0.03       -0.17  0.12     0.14  0.04    0.00  0.10   -0.12    -0.14   1.00  0.02         -0.13   0.00    0.10  0.09  -0.06  0.08  -0.25
MXP             -0.24  0.29        0.03  0.18  0.36     0.33      0.10    0.14       0.15       0.51        0.27  0.53    -0.28  0.16   -0.22  0.09    0.15     0.29   0.02  1.00          0.13   0.58   -0.29 -0.17   0.46 -0.02   0.20
NASDAQ_micro    -0.16  0.40        0.11  0.06  0.21     0.50      0.18    0.32      -0.03       0.26        0.30  0.15    -0.06  0.45   -0.07  0.47    0.22     0.41  -0.13  0.13          1.00   0.17   -0.20 -0.12   0.21  0.21   0.16
NIFTY           -0.19  0.30       -0.08  0.24  0.33     0.29      0.03    0.00       0.32       0.32        0.29  0.64    -0.07  0.25   -0.12  0.18    0.11     0.19   0.00  0.58          0.17   1.00   -0.14 -0.02   0.35  0.03   0.14
NIKKEI           0.71 -0.05       -0.06  0.13 -0.11    -0.06      0.04   -0.13       0.17      -0.39       -0.05 -0.17     0.64 -0.01    0.56  0.01   -0.10    -0.11   0.10 -0.29         -0.20  -0.14    1.00  0.66  -0.34  0.08  -0.17
RUR              0.57 -0.01        0.01  0.09 -0.07    -0.10      0.11   -0.07       0.14      -0.22       -0.02 -0.05     0.82  0.05    0.35 -0.05   -0.12    -0.09   0.09 -0.17         -0.12  -0.02    0.66  1.00  -0.17 -0.01  -0.07
TOPIX           -0.21  0.22        0.00  0.11  0.31     0.21      0.14    0.12      -0.00       0.80        0.25  0.24    -0.31  0.18   -0.23  0.16    0.13     0.38  -0.06  0.46          0.21   0.35   -0.34 -0.17   1.00 -0.01   0.33
US20             0.00  0.02        0.25 -0.01  0.02     0.09      0.08    0.05       0.05       0.03       -0.05 -0.06     0.05  0.09    0.05  0.15    0.11     0.07   0.08 -0.02          0.21   0.03    0.08 -0.01  -0.01  1.00  -0.03
WHEAT           -0.21  0.37        0.16  0.12  0.18     0.34     -0.06    0.13       0.10       0.32        0.41  0.16    -0.13  0.15   -0.21  0.02    0.16     0.19  -0.25  0.20          0.16   0.14   -0.17 -0.07   0.33 -0.03   1.00


********************************************************************************
                               END OF RISK REPORT                               
********************************************************************************


