
********************************************************************************
                    Risk report produced on 03/07/2025 22:53                    
********************************************************************************


Total risk across all strategies, annualised percentage 12.2
Percentage of capital used for margin 43.6%

========================================
Risk per strategy, annualised percentage
========================================

                  risk
dynamic_TF_carry  12.2


===================
Risk by asset class
===================

Ags       3.9
Bond      2.0
Equity    4.7
FX        4.5
Metals    3.2
OilGas    3.2
dtype: float64


=====================================================
Beta loadings of asset class positions on asset class
=====================================================

OilGas   -0.07
Metals    0.06
Ags       0.20
Equity    0.27
Bond      0.40
FX        0.80
dtype: float64


========================================================
Beta loadings of full portfolio positions on asset class
========================================================

OilGas   -0.07
Bond      0.08
Metals    0.25
Ags       0.26
Equity    0.41
FX        1.37
dtype: float64


===================================================================================================================================================================================================================================================================
                                                                                                                          Instrument risk                                                                                                                          
===================================================================================================================================================================================================================================================================

               daily_price_stdev  annual_price_stdev     price  daily_perc_stdev  annual_perc_stdev  point_size_base  contract_exposure  daily_risk_per_contract  annual_risk_per_contract  position  capital  exposure_held_perc_capital  annual_risk_perc_capital
DX                         0.392               6.275     96.81              0.41                6.5            733.1              70976                      287                      4600        -4   544245                       -52.2                      -3.4
GAS-PEN                    0.123               1.971      3.41              3.61               57.8           7331.5              25000                      903                     14449        -1   544245                        -4.6                      -2.7
JPY                        0.000               0.001      0.01              0.63               10.1        9164357.2              63692                      400                      6410        -1   544245                       -11.7                      -1.2
WHEAT                      9.695             155.126    583.50              1.66               26.6             36.7              21389                      355                      5686        -1   544245                        -3.9                      -1.0
RICE                       0.183               2.929     12.96              1.41               22.6           1466.3              19010                      268                      4294        -1   544245                        -3.5                      -0.8
GOLD_micro                34.704             555.271   3344.10              1.04               16.6              7.3              24517                      254                      4070        -1   544245                        -4.5                      -0.7
GAS_US_mini                0.125               1.998      3.44              3.62               58.0           1832.9               6314                      228                      3661        -1   544245                        -1.2                      -0.7
IRON                       1.162              18.598     94.95              1.22               19.6             73.3               6961                       85                      1363        -2   544245                        -2.6                      -0.5
DOW                      371.954            5951.268  45110.00              0.82               13.2              0.4              16536                      136                      2181        -1   544245                        -3.0                      -0.4
MUMMY                     10.576             169.211    703.00              1.50               24.1              5.1               3582                       53                       862         1   544245                         0.7                       0.2
KOSDAQ                    19.024             304.377   1299.20              1.46               23.4              5.4               6992                      102                      1638         1   544245                         1.3                       0.3
MXP                        0.000               0.005      0.05              0.55                8.8         366574.3              19512                      106                      1708         1   544245                         3.6                       0.3
CRUDE_W_micro              1.620              25.925     64.15              2.53               40.4             73.3               4703                      118                      1900         1   544245                         0.9                       0.3
TOPIX                     27.346             437.528   2825.25              0.97               15.5              5.1              14397                      139                      2229         1   544245                         2.6                       0.4
CAD                        0.003               0.044      0.74              0.37                5.9          73314.9              54260                      201                      3219         1   544245                        10.0                       0.6
GBP                        0.006               0.098      1.37              0.45                7.2          45821.8              62583                      280                      4493         1   544245                        11.5                       0.8
LEANHOG                    1.083              17.333     91.72              1.18               18.9            293.3              26899                      317                      5083         1   544245                         4.9                       0.9
BTP                        0.402               6.428    121.10              0.33                5.3            864.9             104736                      347                      5559         1   544245                        19.2                       1.0
BUND                       0.405               6.479    130.32              0.31                5.0            864.9             112710                      350                      5603         1   544245                        20.7                       1.0
CANOLA                    10.845             173.515    718.70              1.51               24.1             10.8               7749                      116                      1870         3   544245                         4.3                       1.0
YENEUR                     0.755              12.073    169.92              0.44                7.1            637.0             108242                      480                      7690         1   544245                        19.9                       1.4
FEEDCOW                    2.777              44.438    308.55              0.90               14.4            366.6             113106                     1018                     16289         1   544245                        20.8                       3.0
PLAT                      32.662             522.593   1380.80              2.37               37.8             36.7              50616                     1197                     19156         1   544245                         9.3                       3.5
MIB                      348.600            5577.592  39915.00              0.87               14.0              4.3             172607                     1507                     24119         1   544245                        31.7                       4.4

Sum of abs(notional exposure % capital) 248.6
Sum of abs(annualised risk % capital) 30.5
Net sum of annualised risk % capital 7.7 

=====================================================================================================================================================================================================
                                                                                            Correlations                                                                                             
=====================================================================================================================================================================================================

               CRUDE_W_micro   DOW  FEEDCOW  IRON  LEANHOG   MIB  MUMMY  TOPIX  YENEUR   CAD   GBP  GOLD_micro  KOSDAQ   MXP  PLAT  CANOLA  RICE  WHEAT   BTP  BUND   JPY    DX  GAS-PEN  GAS_US_mini
CRUDE_W_micro           1.00  0.35     0.29  0.28     0.35  0.38   0.31   0.32    0.23  0.17 -0.04        0.36    0.14  0.29  0.15    0.27 -0.08   0.06 -0.04 -0.12 -0.30  0.16     0.14         0.30
DOW                     0.35  1.00     0.43  0.31     0.41  0.77   0.55   0.63    0.08  0.07  0.31        0.27    0.33  0.31  0.38   -0.03 -0.17  -0.10  0.28  0.07 -0.14  0.06    -0.00         0.13
FEEDCOW                 0.29  0.43     1.00  0.23     0.31  0.48   0.34   0.44    0.39 -0.01  0.23        0.13    0.27  0.37  0.24   -0.01  0.01  -0.20 -0.05 -0.27 -0.30  0.02    -0.07         0.06
IRON                    0.28  0.31     0.23  1.00     0.21  0.32   0.09   0.17   -0.06  0.03  0.16        0.24    0.09  0.11  0.25    0.05  0.06   0.18  0.12  0.03  0.09 -0.08    -0.13        -0.05
LEANHOG                 0.35  0.41     0.31  0.21     1.00  0.35   0.38   0.20    0.09  0.14  0.04        0.18    0.12  0.22  0.21    0.30  0.14   0.25 -0.05 -0.14 -0.05 -0.04     0.02         0.14
MIB                     0.38  0.77     0.48  0.32     0.35  1.00   0.63   0.69    0.22  0.07  0.43        0.35    0.46  0.45  0.44   -0.07 -0.09   0.05  0.19 -0.07 -0.19 -0.00    -0.01         0.19
MUMMY                   0.31  0.55     0.34  0.09     0.38  0.63   1.00   0.69    0.20  0.27  0.34        0.31    0.46  0.34  0.27   -0.00  0.04  -0.04  0.15  0.00 -0.16 -0.03     0.04         0.16
TOPIX                   0.32  0.63     0.44  0.17     0.20  0.69   0.69   1.00    0.46  0.03  0.34        0.12    0.48  0.40  0.25   -0.01 -0.23  -0.15  0.08 -0.15 -0.48  0.16     0.09         0.18
YENEUR                  0.23  0.08     0.39 -0.06     0.09  0.22   0.20   0.46    1.00  0.00  0.20       -0.01    0.28  0.48  0.20    0.12 -0.17  -0.08 -0.40 -0.58 -0.71  0.06     0.09         0.14
CAD                     0.17  0.07    -0.01  0.03     0.14  0.07   0.27   0.03    0.00  1.00  0.43        0.50    0.25  0.31  0.16    0.13  0.03   0.30  0.29  0.30  0.37 -0.62    -0.12        -0.08
GBP                    -0.04  0.31     0.23  0.16     0.04  0.43   0.34   0.34    0.20  0.43  1.00        0.44    0.41  0.41  0.40   -0.14  0.00   0.02  0.27  0.09  0.34 -0.75    -0.25        -0.15
GOLD_micro              0.36  0.27     0.13  0.24     0.18  0.35   0.31   0.12   -0.01  0.50  0.44        1.00    0.17  0.28  0.40    0.04  0.12   0.22  0.38  0.31  0.26 -0.41    -0.05         0.07
KOSDAQ                  0.14  0.33     0.27  0.09     0.12  0.46   0.46   0.48    0.28  0.25  0.41        0.17    1.00  0.38  0.25   -0.02  0.01   0.01  0.11 -0.03 -0.12 -0.18     0.03         0.12
MXP                     0.29  0.31     0.37  0.11     0.22  0.45   0.34   0.40    0.48  0.31  0.41        0.28    0.38  1.00  0.44    0.04 -0.17   0.12  0.13 -0.10 -0.16 -0.32    -0.09        -0.00
PLAT                    0.15  0.38     0.24  0.25     0.21  0.44   0.27   0.25    0.20  0.16  0.40        0.40    0.25  0.44  1.00   -0.03  0.16   0.14  0.22  0.05  0.00 -0.27    -0.15        -0.07
CANOLA                  0.27 -0.03    -0.01  0.05     0.30 -0.07  -0.00  -0.01    0.12  0.13 -0.14        0.04   -0.02  0.04 -0.03    1.00 -0.03   0.23 -0.06 -0.07 -0.15  0.10     0.12         0.13
RICE                   -0.08 -0.17     0.01  0.06     0.14 -0.09   0.04  -0.23   -0.17  0.03  0.00        0.12    0.01 -0.17  0.16   -0.03  1.00   0.14  0.04  0.05  0.23 -0.12     0.02         0.02
WHEAT                   0.06 -0.10    -0.20  0.18     0.25  0.05  -0.04  -0.15   -0.08  0.30  0.02        0.22    0.01  0.12  0.14    0.23  0.14   1.00 -0.03 -0.03  0.21 -0.21     0.02         0.09
BTP                    -0.04  0.28    -0.05  0.12    -0.05  0.19   0.15   0.08   -0.40  0.29  0.27        0.38    0.11  0.13  0.22   -0.06  0.04  -0.03  1.00  0.90  0.31 -0.21    -0.15        -0.14
BUND                   -0.12  0.07    -0.27  0.03    -0.14 -0.07   0.00  -0.15   -0.58  0.30  0.09        0.31   -0.03 -0.10  0.05   -0.07  0.05  -0.03  0.90  1.00  0.41 -0.16    -0.11        -0.14
JPY                    -0.30 -0.14    -0.30  0.09    -0.05 -0.19  -0.16  -0.48   -0.71  0.37  0.34        0.26   -0.12 -0.16  0.00   -0.15  0.23   0.21  0.31  0.41  1.00 -0.70    -0.25        -0.27
DX                      0.16  0.06     0.02 -0.08    -0.04 -0.00  -0.03   0.16    0.06 -0.62 -0.75       -0.41   -0.18 -0.32 -0.27    0.10 -0.12  -0.21 -0.21 -0.16 -0.70  1.00     0.29         0.27
GAS-PEN                 0.14 -0.00    -0.07 -0.13     0.02 -0.01   0.04   0.09    0.09 -0.12 -0.25       -0.05    0.03 -0.09 -0.15    0.12  0.02   0.02 -0.15 -0.11 -0.25  0.29     1.00         0.93
GAS_US_mini             0.30  0.13     0.06 -0.05     0.14  0.19   0.16   0.18    0.14 -0.08 -0.15        0.07    0.12 -0.00 -0.07    0.13  0.02   0.09 -0.14 -0.14 -0.27  0.27     0.93         1.00


********************************************************************************
                                 END OF REPORT                                  
********************************************************************************


