
********************************************************************************
                    Risk report produced on 16/06/2025 22:53                    
********************************************************************************


Total risk across all strategies, annualised percentage 10.1
Percentage of capital used for margin 38.1%

========================================
Risk per strategy, annualised percentage
========================================

                  risk
dynamic_TF_carry  10.2


===================
Risk by asset class
===================

Ags       3.5
Bond      1.0
Equity    1.9
FX        3.5
Metals    2.7
OilGas    4.8
Vol       0.1
dtype: float64


=====================================================
Beta loadings of asset class positions on asset class
=====================================================

OilGas   -0.06
Vol      -0.00
Bond      0.00
Metals    0.06
Equity    0.11
Ags       0.21
FX        0.30
dtype: float64


========================================================
Beta loadings of full portfolio positions on asset class
========================================================

Bond     -0.12
Vol      -0.08
OilGas   -0.05
Metals    0.21
Ags       0.26
Equity    0.29
FX        0.60
dtype: float64


==================================================================================================================================================================================================================================================================
                                                                                                                         Instrument risk                                                                                                                          
==================================================================================================================================================================================================================================================================

              daily_price_stdev  annual_price_stdev     price  daily_perc_stdev  annual_perc_stdev  point_size_base  contract_exposure  daily_risk_per_contract  annual_risk_per_contract  position  capital  exposure_held_perc_capital  annual_risk_perc_capital
DX                        0.428               6.850     97.54              0.44                7.0            737.0              71893                      315                      5048        -3   539157                       -40.0                      -2.8
GAS-PEN                   0.115               1.837      3.83              3.00               47.9           7370.3              28243                      845                     13535        -1   539157                        -5.2                      -2.5
GAS_US_mini               0.117               1.875      3.84              3.06               48.9           1842.6               7066                      215                      3454        -2   539157                        -2.6                      -1.3
US10U                     0.538               8.613    112.22              0.48                7.7            737.0              82708                      396                      6348        -1   539157                       -15.3                      -1.2
DOW                     416.859            6669.744  42818.00              0.97               15.6              0.4              15779                      153                      2457        -2   539157                        -5.9                      -0.9
WHEAT                     8.116             129.857    573.75              1.41               22.6             36.9              21143                      299                      4785        -1   539157                        -3.9                      -0.9
RICE                      0.183               2.927     13.56              1.35               21.6           1474.1              19995                      269                      4314        -1   539157                        -3.7                      -0.8
COPPER-micro              0.077               1.227      4.88              1.57               25.1           1842.6               8997                      141                      2261        -1   539157                        -1.7                      -0.4
RUSSELL                  27.393             438.293   2137.80              1.28               20.5              3.7               7878                      100                      1615        -1   539157                        -1.5                      -0.3
IRON                      1.162              18.589     93.50              1.24               19.9             73.7               6891                       85                      1370        -1   539157                        -1.3                      -0.3
V2X                       0.512               8.186     19.95              2.56               41.0             85.1               1698                       43                       696        -1   539157                        -0.3                      -0.1
MUMMY                    10.105             161.682    758.00              1.33               21.3              5.1               3877                       51                       827         1   539157                         0.7                       0.2
IBEX_mini               127.160            2034.561  14115.00              0.90               14.4              0.9              12014                      108                      1731         1   539157                         2.2                       0.3
MXP                       0.000               0.005      0.05              0.57                9.1         368515.5              19299                      110                      1761         1   539157                         3.6                       0.3
TOPIX                    30.490             487.838   2777.75              1.10               17.6              5.1              14208                      155                      2495         1   539157                         2.6                       0.5
CAD                       0.003               0.041      0.74              0.34                5.5          73703.1              54595                      187                      2999         1   539157                        10.1                       0.6
MSCISING                  3.991              63.852    403.35              0.99               15.8             57.5              23191                      229                      3671         1   539157                         4.3                       0.7
NIKKEI                  471.372            7541.945  38270.00              1.23               19.7              0.5              19575                      241                      3857         1   539157                         3.6                       0.7
LEANHOG                   0.999              15.984     96.38              1.04               16.6            294.8              28412                      294                      4712         1   539157                         5.3                       0.9
CANOLA                    9.061             144.979    735.30              1.23               19.7             10.8               7976                       98                      1572         3   539157                         4.4                       0.9
BTP                       0.416               6.658    121.03              0.34                5.5            851.2             103018                      354                      5667         1   539157                        19.1                       1.1
YENEUR                    0.762              12.187    166.15              0.46                7.3            639.4             106234                      487                      7792         1   539157                        19.7                       1.4
PLAT                     26.461             423.377   1247.30              2.12               33.9             36.9              45964                      975                     15602         1   539157                         8.5                       2.9
FEEDCOW                   2.704              43.264    310.10              0.87               14.0            368.5             114276                      996                     15943         1   539157                        21.2                       3.0
BRENT-LAST                1.419              22.711     71.03              2.00               32.0            737.0              52351                     1046                     16738         1   539157                         9.7                       3.1

Sum of abs(notional exposure % capital) 196.4
Sum of abs(annualised risk % capital) 28.1
Net sum of annualised risk % capital 5.1 

======================================================================================================================================================================================================================
                                                                                                     Correlations                                                                                                     
======================================================================================================================================================================================================================

               BTP   CAD  US10U  WHEAT  BRENT-LAST  COPPER-micro   DOW  FEEDCOW  IBEX_mini  IRON  LEANHOG  MSCISING  MUMMY   MXP  NIKKEI  PLAT  RUSSELL  TOPIX  CANOLA  GAS-PEN  GAS_US_mini  YENEUR    DX  RICE   V2X
BTP           1.00  0.30   0.62   0.11       -0.10          0.08  0.20     0.06       0.31  0.12     0.20      0.14   0.19  0.16    0.14  0.25     0.23   0.11    0.01    -0.18        -0.17   -0.40 -0.24 -0.02 -0.22
CAD           0.30  1.00   0.31   0.30       -0.23          0.17  0.02    -0.05       0.07 -0.07     0.04     -0.05   0.14  0.16   -0.05  0.18     0.03  -0.04    0.05     0.04         0.07   -0.12 -0.66  0.09  0.07
US10U         0.62  0.31   1.00   0.03       -0.22          0.09  0.17     0.16       0.23 -0.01     0.01      0.07   0.08 -0.02   -0.01  0.05     0.07   0.05   -0.23     0.11         0.11   -0.43 -0.43 -0.07 -0.12
WHEAT         0.11  0.30   0.03   1.00        0.04          0.20 -0.07    -0.00       0.09  0.20     0.18     -0.04   0.01  0.13   -0.08  0.10    -0.04  -0.06    0.23     0.17         0.16   -0.08 -0.15  0.09  0.01
BRENT-LAST   -0.10 -0.23  -0.22   0.04        1.00          0.42  0.27     0.46       0.30  0.37     0.37      0.34   0.36  0.18    0.43  0.28     0.30   0.40    0.14     0.05         0.04    0.20  0.30  0.11 -0.46
COPPER-micro  0.08  0.17   0.09   0.20        0.42          1.00  0.21     0.28       0.55  0.37     0.24      0.58   0.51  0.32    0.46  0.44     0.19   0.51   -0.07     0.11         0.13    0.21 -0.19 -0.06 -0.48
DOW           0.20  0.02   0.17  -0.07        0.27          0.21  1.00     0.24       0.28  0.13     0.13      0.33   0.40  0.20    0.44  0.12     0.88   0.43    0.06     0.15         0.11   -0.06  0.14 -0.16 -0.46
FEEDCOW       0.06 -0.05   0.16  -0.00        0.46          0.28  0.24     1.00       0.28  0.24     0.29      0.28   0.38  0.30    0.39  0.18     0.23   0.42   -0.05     0.07         0.09    0.14 -0.06  0.05 -0.38
IBEX_mini     0.31  0.07   0.23   0.09        0.30          0.55  0.28     0.28       1.00  0.28     0.40      0.74   0.64  0.20    0.62  0.37     0.23   0.63    0.05    -0.10        -0.02   -0.03 -0.25 -0.21 -0.77
IRON          0.12 -0.07  -0.01   0.20        0.37          0.37  0.13     0.24       0.28  1.00     0.37      0.24   0.25  0.09    0.32  0.15     0.13   0.32    0.11    -0.05        -0.06   -0.02  0.09  0.04 -0.32
LEANHOG       0.20  0.04   0.01   0.18        0.37          0.24  0.13     0.29       0.40  0.37     1.00      0.22   0.42  0.16    0.25  0.27     0.24   0.27    0.13    -0.23        -0.24   -0.09 -0.08  0.10 -0.37
MSCISING      0.14 -0.05   0.07  -0.04        0.34          0.58  0.33     0.28       0.74  0.24     0.22      1.00   0.64  0.18    0.70  0.28     0.25   0.76   -0.02     0.07         0.12    0.14 -0.03 -0.16 -0.72
MUMMY         0.19  0.14   0.08   0.01        0.36          0.51  0.40     0.38       0.64  0.25     0.42      0.64   1.00  0.29    0.77  0.28     0.42   0.80   -0.02    -0.08        -0.06    0.13 -0.12 -0.14 -0.63
MXP           0.16  0.16  -0.02   0.13        0.18          0.32  0.20     0.30       0.20  0.09     0.16      0.18   0.29  1.00    0.27  0.39     0.25   0.27    0.04    -0.13        -0.08    0.28 -0.22 -0.13 -0.26
NIKKEI        0.14 -0.05  -0.01  -0.08        0.43          0.46  0.44     0.39       0.62  0.32     0.25      0.70   0.77  0.27    1.00  0.27     0.47   0.96    0.04    -0.01         0.02    0.35  0.02 -0.24 -0.75
PLAT          0.25  0.18   0.05   0.10        0.28          0.44  0.12     0.18       0.37  0.15     0.27      0.28   0.28  0.39    0.27  1.00     0.14   0.27    0.08    -0.10        -0.05    0.27 -0.27  0.02 -0.27
RUSSELL       0.23  0.03   0.07  -0.04        0.30          0.19  0.88     0.23       0.23  0.13     0.24      0.25   0.42  0.25    0.47  0.14     1.00   0.44    0.08    -0.00        -0.03   -0.10  0.11 -0.12 -0.42
TOPIX         0.11 -0.04   0.05  -0.06        0.40          0.51  0.43     0.42       0.63  0.32     0.27      0.76   0.80  0.27    0.96  0.27     0.44   1.00   -0.01     0.01         0.04    0.30 -0.02 -0.22 -0.73
CANOLA        0.01  0.05  -0.23   0.23        0.14         -0.07  0.06    -0.05       0.05  0.11     0.13     -0.02  -0.02  0.04    0.04  0.08     0.08  -0.01    1.00     0.14         0.10    0.15  0.09 -0.17 -0.05
GAS-PEN      -0.18  0.04   0.11   0.17        0.05          0.11  0.15     0.07      -0.10 -0.05    -0.23      0.07  -0.08 -0.13   -0.01 -0.10    -0.00   0.01    0.14     1.00         0.97    0.14  0.11 -0.04  0.04
GAS_US_mini  -0.17  0.07   0.11   0.16        0.04          0.13  0.11     0.09      -0.02 -0.06    -0.24      0.12  -0.06 -0.08    0.02 -0.05    -0.03   0.04    0.10     0.97         1.00    0.17  0.04 -0.04  0.00
YENEUR       -0.40 -0.12  -0.43  -0.08        0.20          0.21 -0.06     0.14      -0.03 -0.02    -0.09      0.14   0.13  0.28    0.35  0.27    -0.10   0.30    0.15     0.14         0.17    1.00  0.06 -0.12 -0.16
DX           -0.24 -0.66  -0.43  -0.15        0.30         -0.19  0.14    -0.06      -0.25  0.09    -0.08     -0.03  -0.12 -0.22    0.02 -0.27     0.11  -0.02    0.09     0.11         0.04    0.06  1.00 -0.03  0.07
RICE         -0.02  0.09  -0.07   0.09        0.11         -0.06 -0.16     0.05      -0.21  0.04     0.10     -0.16  -0.14 -0.13   -0.24  0.02    -0.12  -0.22   -0.17    -0.04        -0.04   -0.12 -0.03  1.00  0.22
V2X          -0.22  0.07  -0.12   0.01       -0.46         -0.48 -0.46    -0.38      -0.77 -0.32    -0.37     -0.72  -0.63 -0.26   -0.75 -0.27    -0.42  -0.73   -0.05     0.04         0.00   -0.16  0.07  0.22  1.00


********************************************************************************
                                 END OF REPORT                                  
********************************************************************************


