
********************************************************************************
                    Risk report produced on 12/06/2023 22:52                    
********************************************************************************


Total risk across all strategies, annualised percentage 9.1
Percentage of capital used for margin 61.5%

========================================
Risk per strategy, annualised percentage
========================================

                  risk
dynamic_TF_carry   9.1


===================
Risk by asset class
===================

Ags       2.6
Equity    1.2
FX        6.7
Metals    0.6
OilGas    1.1
Sector    2.4
Vol       2.7
dtype: float64


=====================================================
Beta loadings of asset class positions on asset class
=====================================================

FX       -0.86
Ags      -0.11
Vol      -0.05
Metals   -0.01
OilGas   -0.01
Equity    0.06
Sector    0.13
dtype: float64


========================================================
Beta loadings of full portfolio positions on asset class
========================================================

FX       -0.84
Metals   -0.16
Vol      -0.10
Ags      -0.04
OilGas    0.00
Sector    0.13
Equity    0.13
dtype: float64


=================================================================================================================================================================================================================================================================
                                                                                                                         Instrument risk                                                                                                                         
=================================================================================================================================================================================================================================================================

             daily_price_stdev  annual_price_stdev     price  daily_perc_stdev  annual_perc_stdev  point_size_base  contract_exposure  daily_risk_per_contract  annual_risk_per_contract  position  capital  exposure_held_perc_capital  annual_risk_perc_capital
JPY                      0.000               0.001      0.01              0.60                9.5        9925755.3              71162                      423                      6783        -2   354476                       -40.2                      -3.8
CHF                      0.006               0.089      1.10              0.50                8.1          99257.6             109193                      549                      8793        -1   354476                       -30.8                      -2.5
LEANHOG                  1.607              25.716     91.05              1.77               28.2            317.6              28919                      510                      8168        -1   354476                        -8.2                      -2.3
VIX                      0.545               8.724     18.30              2.98               47.7            794.1              14531                      432                      6927        -1   354476                        -4.1                      -2.0
CORN                     8.097             129.559    549.25              1.47               23.6             39.7              21806                      321                      5143        -1   354476                        -6.2                      -1.5
GAS_US_mini              0.125               2.007      2.34              5.37               85.9           1985.2               4635                      248                      3983        -1   354476                        -1.3                      -1.1
V2X                      0.619               9.898     15.70              3.94               63.0             85.6               1343                       52                       847        -4   354476                        -1.5                      -1.0
GOLD_micro              17.122             273.956   1970.10              0.87               13.9              7.9              15643                      135                      2175        -1   354476                        -4.4                      -0.6
RUSSELL                 27.225             435.593   1877.60              1.45               23.2              4.0               7454                      108                      1729        -1   354476                        -2.1                      -0.5
REDWHEAT                17.349             277.578    794.25              2.18               34.9             39.7              31534                      688                     11020         0   354476                         0.0                       0.0
EU-BANKS                 1.517              24.273    103.50              1.47               23.5             42.8               4429                       64                      1038         1   354476                         1.2                       0.3
BITCOIN                953.094           15249.509  25905.00              3.68               58.9              0.1               2057                       75                      1210         1   354476                         0.6                       0.3
BRE                      0.002               0.026      0.20              0.79               12.6          79406.0              16258                      128                      2049         1   354476                         4.6                       0.6
MSCISING                 3.118              49.886    291.50              1.07               17.1             59.2              17255                      184                      2952         1   354476                         4.9                       0.8
NIKKEI                 335.673            5370.763  32510.00              1.03               16.5              0.6              18532                      191                      3061         1   354476                         5.2                       0.9
EU-OIL                   4.494              71.898    333.50              1.35               21.6             42.8              14274                      192                      3077         1   354476                         4.0                       0.9
EU-AUTO                  8.558             136.928    633.90              1.35               21.6             42.8              27132                      366                      5860         1   354476                         7.7                       1.7
LIVECOW                  1.267              20.270    172.95              0.73               11.7            317.6              54933                      402                      6438         1   354476                        15.5                       1.8
CNH                      0.018               0.292      7.13              0.26                4.1          11103.3              79140                      202                      3239         2   354476                        44.7                       1.8

Sum of abs(notional exposure % capital) 187.2
Sum of abs(annualised risk % capital) 24.4
Net sum of annualised risk % capital -6.2 

=========================================================================================================================================================================
                                                                              Correlations                                                                               
=========================================================================================================================================================================

              V2X   VIX   CNH   BRE  EU-AUTO  EU-BANKS  EU-OIL  LEANHOG  LIVECOW  MSCISING  NIKKEI  RUSSELL   CHF  GOLD_micro   JPY  BITCOIN  CORN  GAS_US_mini  REDWHEAT
V2X          1.00  0.72  0.10 -0.37    -0.69     -0.67   -0.51    -0.29    -0.36     -0.37   -0.60    -0.63 -0.15        0.02 -0.04    -0.01  0.16        -0.05     -0.01
VIX          0.72  1.00  0.10 -0.53    -0.51     -0.50   -0.36    -0.24    -0.46     -0.31   -0.46    -0.74 -0.01        0.04 -0.01    -0.25 -0.01        -0.19     -0.09
CNH          0.10  0.10  1.00 -0.09    -0.16      0.03    0.01     0.07     0.15     -0.28   -0.07    -0.28 -0.47       -0.65 -0.46    -0.20  0.07         0.01      0.04
BRE         -0.37 -0.53 -0.09  1.00     0.26      0.26    0.40     0.31     0.23      0.15    0.21     0.40  0.01        0.13  0.16     0.23  0.15        -0.08      0.11
EU-AUTO     -0.69 -0.51 -0.16  0.26     1.00      0.69    0.45     0.32     0.37      0.40    0.54     0.62  0.19        0.02  0.11    -0.01 -0.22         0.10     -0.06
EU-BANKS    -0.67 -0.50  0.03  0.26     0.69      1.00    0.61     0.41     0.43      0.48    0.42     0.47  0.04       -0.27 -0.06    -0.08 -0.14         0.05     -0.09
EU-OIL      -0.51 -0.36  0.01  0.40     0.45      0.61    1.00     0.28     0.20      0.33    0.45     0.40  0.03       -0.06 -0.05     0.04 -0.00         0.21      0.11
LEANHOG     -0.29 -0.24  0.07  0.31     0.32      0.41    0.28     1.00     0.38      0.20    0.13     0.28  0.04       -0.12  0.02    -0.05  0.03         0.10      0.08
LIVECOW     -0.36 -0.46  0.15  0.23     0.37      0.43    0.20     0.38     1.00      0.16    0.25     0.40  0.00       -0.18 -0.04     0.07  0.14         0.01      0.05
MSCISING    -0.37 -0.31 -0.28  0.15     0.40      0.48    0.33     0.20     0.16      1.00    0.35     0.32  0.30        0.14  0.15     0.18 -0.09         0.06      0.00
NIKKEI      -0.60 -0.46 -0.07  0.21     0.54      0.42    0.45     0.13     0.25      0.35    1.00     0.57  0.15        0.01 -0.28     0.12 -0.20         0.29     -0.07
RUSSELL     -0.63 -0.74 -0.28  0.40     0.62      0.47    0.40     0.28     0.40      0.32    0.57     1.00  0.25        0.17  0.11     0.33 -0.07         0.26      0.11
CHF         -0.15 -0.01 -0.47  0.01     0.19      0.04    0.03     0.04     0.00      0.30    0.15     0.25  1.00        0.63  0.58     0.07 -0.13        -0.13     -0.05
GOLD_micro   0.02  0.04 -0.65  0.13     0.02     -0.27   -0.06    -0.12    -0.18      0.14    0.01     0.17  0.63        1.00  0.66     0.21  0.03        -0.17      0.06
JPY         -0.04 -0.01 -0.46  0.16     0.11     -0.06   -0.05     0.02    -0.04      0.15   -0.28     0.11  0.58        0.66  1.00     0.06  0.02        -0.30      0.02
BITCOIN     -0.01 -0.25 -0.20  0.23    -0.01     -0.08    0.04    -0.05     0.07      0.18    0.12     0.33  0.07        0.21  0.06     1.00  0.04         0.04      0.13
CORN         0.16 -0.01  0.07  0.15    -0.22     -0.14   -0.00     0.03     0.14     -0.09   -0.20    -0.07 -0.13        0.03  0.02     0.04  1.00        -0.02      0.47
GAS_US_mini -0.05 -0.19  0.01 -0.08     0.10      0.05    0.21     0.10     0.01      0.06    0.29     0.26 -0.13       -0.17 -0.30     0.04 -0.02         1.00      0.11
REDWHEAT    -0.01 -0.09  0.04  0.11    -0.06     -0.09    0.11     0.08     0.05      0.00   -0.07     0.11 -0.05        0.06  0.02     0.13  0.47         0.11      1.00


********************************************************************************
                                 END OF REPORT                                  
********************************************************************************


