
********************************************************************************
                    Risk report produced on 08/11/2024 22:52                    
********************************************************************************


Total risk across all strategies, annualised percentage 11.1
Percentage of capital used for margin 69.3%

========================================
Risk per strategy, annualised percentage
========================================

                  risk
dynamic_TF_carry  11.0


===================
Risk by asset class
===================

Ags       2.4
Bond      2.9
Equity    7.6
FX        4.3
Metals    0.8
OilGas    2.9
Sector    0.9
Vol       1.2
dtype: float64


=====================================================
Beta loadings of asset class positions on asset class
=====================================================

FX       -0.53
Bond     -0.19
OilGas   -0.08
Ags      -0.07
Sector   -0.04
Vol      -0.02
Metals    0.02
Equity    0.59
dtype: float64


========================================================
Beta loadings of full portfolio positions on asset class
========================================================

Bond     -0.33
FX       -0.28
Vol      -0.17
Ags      -0.12
OilGas   -0.05
Metals    0.07
Sector    0.18
Equity    0.65
dtype: float64


===================================================================================================================================================================================================================================================================
                                                                                                                          Instrument risk                                                                                                                          
===================================================================================================================================================================================================================================================================

               daily_price_stdev  annual_price_stdev     price  daily_perc_stdev  annual_perc_stdev  point_size_base  contract_exposure  daily_risk_per_contract  annual_risk_per_contract  position  capital  exposure_held_perc_capital  annual_risk_perc_capital
BUXL                       1.306              20.889    132.18              0.99               15.8            831.1             109855                     1085                     17361        -1   591054                       -18.6                      -2.9
GAS-PEN                    0.093               1.481      2.68              3.46               55.3           7710.0              20647                      713                     11416        -1   591054                        -3.5                      -1.9
CHF                        0.006               0.091      1.15              0.50                8.0          96374.4             110425                      550                      8815        -1   591054                       -18.7                      -1.5
JPY                        0.000               0.001      0.01              0.78               12.4        9637439.5              63390                      492                      7884        -1   591054                       -10.7                      -1.3
VIX                        0.598               9.568     15.95              3.75               60.0            771.0              12297                      461                      7377        -1   591054                        -2.1                      -1.2
GAS_US_mini                0.087               1.397      2.92              3.00               47.9           1927.5               5618                      168                      2693        -2   591054                        -1.9                      -0.9
COTTON2                    0.853              13.651     70.96              1.20               19.2            385.5              27354                      328                      5262        -1   591054                        -4.6                      -0.9
EU-AUTO                    7.703             123.242    533.70              1.44               23.1             41.6              22177                      320                      5121        -1   591054                        -3.8                      -0.9
NZD                        0.004               0.064      0.60              0.67               10.7          77099.5              45966                      306                      4906        -1   591054                        -7.8                      -0.8
SOYMEAL                    3.886              62.170    298.50              1.30               20.8             77.1              23014                      299                      4793        -1   591054                        -3.9                      -0.8
CAD                        0.003               0.041      0.72              0.35                5.6          77099.5              55461                      195                      3128        -1   591054                        -9.4                      -0.5
CORN                       4.692              75.078    431.25              1.09               17.4             38.5              16624                      180                      2894        -1   591054                        -2.8                      -0.5
MXP                        0.000               0.007      0.05              0.87               14.0         385497.6              18981                      166                      2657        -1   591054                        -3.2                      -0.4
CRUDE_W_micro              1.476              23.621     70.22              2.10               33.6             77.1               5413                      113                      1821        -1   591054                        -0.9                      -0.3
MILLWHEAT                  2.450              39.203    226.75              1.08               17.3             41.6               9422                      101                      1629        -1   591054                        -1.6                      -0.3
CANOLA                     8.950             143.195    663.00              1.35               21.6             11.1               7364                       99                      1590        -1   591054                        -1.2                      -0.3
MUMMY                     12.789             204.624    617.00              2.07               33.2              5.0               3114                       64                      1032         1   591054                         0.5                       0.2
DOW                      378.479            6055.659  44208.00              0.86               13.7              0.4              17042                      145                      2334         1   591054                         2.9                       0.4
RUSSELL                   32.026             512.412   2414.40              1.33               21.2              3.9               9307                      123                      1975         2   591054                         3.1                       0.7
BITCOIN                 2027.765           32444.242  78000.00              2.60               41.6              0.1               6013                      156                      2501         2   591054                         2.0                       0.8
MSCISING                   2.735              43.753    357.45              0.77               12.2             58.3              20849                      159                      2551         2   591054                         7.1                       0.9
NASDAQ_micro             217.147            3474.357  21219.25              1.02               16.4              1.5              32719                      334                      5357         1   591054                         5.5                       0.9
YENEUR                     0.915              14.643    163.11              0.56                9.0            630.9             102905                      577                      9238         1   591054                        17.4                       1.6
FTSETAIWAN                19.760             316.154   1967.50              1.00               16.1             30.8              60677                      609                      9750         1   591054                        10.3                       1.6
LEANHOG                    1.172              18.754     80.60              1.45               23.3            308.4              24856                      361                      5783         2   591054                         8.4                       2.0
MSCITAIWAN                10.123             161.961    989.60              1.02               16.4             77.1              76297                      780                     12487         1   591054                        12.9                       2.1
MIB                      273.606            4377.690  33530.00              0.82               13.1              4.2             139334                     1136                     18191         1   591054                        23.6                       3.1

Sum of abs(notional exposure % capital) 188.4
Sum of abs(annualised risk % capital) 29.7
Net sum of annualised risk % capital -1.1 

======================================================================================================================================================================================================================================================
                                                                                                                     Correlations                                                                                                                     
======================================================================================================================================================================================================================================================

               BITCOIN   DOW  EU-AUTO  FTSETAIWAN   MIB  MSCISING  MSCITAIWAN  MUMMY   MXP  NASDAQ_micro  RUSSELL  CANOLA  CORN  LEANHOG  MILLWHEAT  SOYMEAL  COTTON2  CRUDE_W_micro  GAS-PEN  GAS_US_mini  YENEUR  BUXL   CAD   CHF   JPY   NZD   VIX
BITCOIN           1.00  0.38     0.24        0.27  0.34      0.21        0.25   0.32  0.13          0.21     0.47    0.08  0.04     0.29       0.02    -0.06     0.17          -0.06    -0.09        -0.08   -0.01  0.18 -0.00 -0.04  0.12  0.08 -0.29
DOW               0.38  1.00     0.32        0.48  0.51      0.57        0.44   0.69  0.41          0.63     0.86   -0.07  0.08     0.06       0.01    -0.04     0.21           0.25    -0.03        -0.05    0.02  0.26  0.29  0.07  0.10  0.27 -0.69
EU-AUTO           0.24  0.32     1.00        0.40  0.78      0.28        0.33   0.42  0.21          0.31     0.35    0.14 -0.02     0.21      -0.03     0.03     0.19           0.04    -0.10        -0.10    0.28 -0.12  0.31  0.13 -0.11  0.31 -0.22
FTSETAIWAN        0.27  0.48     0.40        1.00  0.40      0.57        0.96   0.51  0.44          0.62     0.39    0.07 -0.03    -0.03      -0.10    -0.17     0.21           0.36     0.03         0.01    0.38  0.03  0.21 -0.08 -0.27  0.19 -0.50
MIB               0.34  0.51     0.78        0.40  1.00      0.46        0.34   0.49  0.34          0.39     0.54    0.20 -0.09     0.28       0.09     0.01     0.02           0.09    -0.04        -0.06    0.28 -0.07  0.31 -0.01 -0.11  0.23 -0.47
MSCISING          0.21  0.57     0.28        0.57  0.46      1.00        0.51   0.57  0.37          0.61     0.50    0.11  0.06     0.07       0.06    -0.07     0.09           0.22     0.08         0.06    0.23  0.00  0.24 -0.16 -0.11  0.21 -0.58
MSCITAIWAN        0.25  0.44     0.33        0.96  0.34      0.51        1.00   0.46  0.39          0.60     0.36    0.08  0.01    -0.08      -0.12    -0.20     0.18           0.38     0.01         0.01    0.37  0.00  0.15 -0.11 -0.30  0.14 -0.44
MUMMY             0.32  0.69     0.42        0.51  0.49      0.57        0.46   1.00  0.25          0.57     0.69   -0.04 -0.01     0.16      -0.12    -0.04     0.20           0.26    -0.04        -0.07    0.24  0.09  0.23 -0.03 -0.11  0.21 -0.53
MXP               0.13  0.41     0.21        0.44  0.34      0.37        0.39   0.25  1.00          0.32     0.32   -0.02  0.08     0.05       0.09    -0.04     0.22           0.22    -0.05        -0.06    0.25  0.10  0.13 -0.08 -0.13  0.09 -0.39
NASDAQ_micro      0.21  0.63     0.31        0.62  0.39      0.61        0.60   0.57  0.32          1.00     0.48   -0.05  0.02    -0.17      -0.06    -0.12     0.15           0.13     0.16         0.13    0.35  0.11  0.20 -0.13 -0.18  0.18 -0.70
RUSSELL           0.47  0.86     0.35        0.39  0.54      0.50        0.36   0.69  0.32          0.48     1.00    0.06  0.04     0.19      -0.04    -0.07     0.20           0.19    -0.18        -0.19   -0.06  0.19  0.21  0.03  0.15  0.24 -0.57
CANOLA            0.08 -0.07     0.14        0.07  0.20      0.11        0.08  -0.04 -0.02         -0.05     0.06    1.00  0.40     0.40       0.38     0.44     0.17           0.25     0.15         0.11    0.12 -0.35  0.04 -0.04 -0.08  0.02  0.03
CORN              0.04  0.08    -0.02       -0.03 -0.09      0.06        0.01  -0.01  0.08          0.02     0.04    0.40  1.00     0.10       0.49     0.58     0.11           0.19     0.25         0.21    0.01 -0.04  0.11  0.10 -0.01  0.07  0.00
LEANHOG           0.29  0.06     0.21       -0.03  0.28      0.07       -0.08   0.16  0.05         -0.17     0.19    0.40  0.10     1.00       0.15     0.15     0.09           0.01    -0.05        -0.04   -0.04 -0.00  0.02  0.10  0.04  0.05  0.03
MILLWHEAT         0.02  0.01    -0.03       -0.10  0.09      0.06       -0.12  -0.12  0.09         -0.06    -0.04    0.38  0.49     0.15       1.00     0.53     0.07           0.01     0.22         0.16   -0.01 -0.04  0.06 -0.13 -0.07 -0.05  0.01
SOYMEAL          -0.06 -0.04     0.03       -0.17  0.01     -0.07       -0.20  -0.04 -0.04         -0.12    -0.07    0.44  0.58     0.15       0.53     1.00     0.13           0.05     0.23         0.17   -0.06 -0.00  0.23  0.23  0.12  0.24  0.15
COTTON2           0.17  0.21     0.19        0.21  0.02      0.09        0.18   0.20  0.22          0.15     0.20    0.17  0.11     0.09       0.07     0.13     1.00           0.19     0.03         0.03    0.02 -0.22 -0.00 -0.12 -0.07  0.01 -0.10
CRUDE_W_micro    -0.06  0.25     0.04        0.36  0.09      0.22        0.38   0.26  0.22          0.13     0.19    0.25  0.19     0.01       0.01     0.05     0.19           1.00     0.13         0.10    0.16 -0.31  0.14 -0.16 -0.22 -0.04 -0.15
GAS-PEN          -0.09 -0.03    -0.10        0.03 -0.04      0.08        0.01  -0.04 -0.05          0.16    -0.18    0.15  0.25    -0.05       0.22     0.23     0.03           0.13     1.00         0.97    0.22 -0.05  0.14 -0.01 -0.16  0.09 -0.12
GAS_US_mini      -0.08 -0.05    -0.10        0.01 -0.06      0.06        0.01  -0.07 -0.06          0.13    -0.19    0.11  0.21    -0.04       0.16     0.17     0.03           0.10     0.97         1.00    0.24 -0.07  0.08 -0.01 -0.19  0.05 -0.08
YENEUR           -0.01  0.02     0.28        0.38  0.28      0.23        0.37   0.24  0.25          0.35    -0.06    0.12  0.01    -0.04      -0.01    -0.06     0.02           0.16     0.22         0.24    1.00 -0.34  0.08 -0.28 -0.78 -0.04 -0.23
BUXL              0.18  0.26    -0.12        0.03 -0.07      0.00        0.00   0.09  0.10          0.11     0.19   -0.35 -0.04    -0.00      -0.04    -0.00    -0.22          -0.31    -0.05        -0.07   -0.34  1.00  0.21  0.30  0.39  0.23 -0.03
CAD              -0.00  0.29     0.31        0.21  0.31      0.24        0.15   0.23  0.13          0.20     0.21    0.04  0.11     0.02       0.06     0.23    -0.00           0.14     0.14         0.08    0.08  0.21  1.00  0.46  0.26  0.77 -0.17
CHF              -0.04  0.07     0.13       -0.08 -0.01     -0.16       -0.11  -0.03 -0.08         -0.13     0.03   -0.04  0.10     0.10      -0.13     0.23    -0.12          -0.16    -0.01        -0.01   -0.28  0.30  0.46  1.00  0.64  0.59  0.19
JPY               0.12  0.10    -0.11       -0.27 -0.11     -0.11       -0.30  -0.11 -0.13         -0.18     0.15   -0.08 -0.01     0.04      -0.07     0.12    -0.07          -0.22    -0.16        -0.19   -0.78  0.39  0.26  0.64  1.00  0.43  0.11
NZD               0.08  0.27     0.31        0.19  0.23      0.21        0.14   0.21  0.09          0.18     0.24    0.02  0.07     0.05      -0.05     0.24     0.01          -0.04     0.09         0.05   -0.04  0.23  0.77  0.59  0.43  1.00 -0.09
VIX              -0.29 -0.69    -0.22       -0.50 -0.47     -0.58       -0.44  -0.53 -0.39         -0.70    -0.57    0.03  0.00     0.03       0.01     0.15    -0.10          -0.15    -0.12        -0.08   -0.23 -0.03 -0.17  0.19  0.11 -0.09  1.00


********************************************************************************
                                 END OF REPORT                                  
********************************************************************************


