
********************************************************************************
                    Risk report produced on 17/07/2024 22:52                    
********************************************************************************


Total risk across all strategies, annualised percentage 14.1
Percentage of capital used for margin 78.7%

========================================
Risk per strategy, annualised percentage
========================================

                  risk
dynamic_TF_carry  14.0


===================
Risk by asset class
===================

Ags        1.8
Bond       0.9
Equity    11.8
FX         3.5
Metals     2.4
OilGas     3.0
Sector     1.4
Vol        1.8
dtype: float64


=====================================================
Beta loadings of asset class positions on asset class
=====================================================

Metals   -0.08
Sector   -0.08
Vol      -0.06
Ags      -0.04
Bond      0.02
FX        0.07
OilGas    0.08
Equity    1.24
dtype: float64


========================================================
Beta loadings of full portfolio positions on asset class
========================================================

Vol      -0.37
Metals    0.03
OilGas    0.11
Ags       0.14
Bond      0.15
Sector    0.33
FX        0.96
Equity    1.30
dtype: float64


===================================================================================================================================================================================================================================================================
                                                                                                                          Instrument risk                                                                                                                          
===================================================================================================================================================================================================================================================================

               daily_price_stdev  annual_price_stdev     price  daily_perc_stdev  annual_perc_stdev  point_size_base  contract_exposure  daily_risk_per_contract  annual_risk_per_contract  position  capital  exposure_held_perc_capital  annual_risk_perc_capital
GAS_US_mini                0.096               1.544      2.20              4.39               70.2           1925.7               4236                      185                      2972        -4   664361                        -2.6                      -1.8
BITCOIN                 1912.656           30602.504  65210.00              2.93               46.9              0.1               5022                      147                      2357        -5   664361                        -3.8                      -1.8
VIX                        0.297               4.752     17.55              1.69               27.1            770.3              13518                      228                      3660        -3   664361                        -6.1                      -1.7
ALUMINIUM                 31.800             508.800   2351.75              1.35               21.6             19.3              45287                      612                      9797        -1   664361                        -6.8                      -1.5
EU-AUTO                    6.777             108.426    634.30              1.07               17.1             42.0              26640                      284                      4553        -2   664361                        -8.0                      -1.4
BUND                       0.598               9.573    132.40              0.45                7.2            840.0             111216                      502                      8041        -1   664361                       -16.7                      -1.2
CORN                       6.491             103.862    409.25              1.59               25.4             38.5              15761                      250                      4000        -2   664361                        -4.7                      -1.2
COTTON2                    1.206              19.291     71.30              1.69               27.1            385.1              27460                      464                      7429        -1   664361                        -4.1                      -1.1
CHF                        0.004               0.069      1.13              0.38                6.1          96284.6             108479                      416                      6671        -1   664361                       -16.3                      -1.0
JPY                        0.000               0.001      0.01              0.60                9.7        9628457.1              61362                      370                      5933        -1   664361                        -9.2                      -0.9
DX                         0.350               5.594    103.96              0.34                5.4            770.3              80074                      269                      4308        -1   664361                       -12.1                      -0.6
FTSECHINAA                99.482            1591.706  12220.00              0.81               13.0              0.8               9412                       76                      1226        -3   664361                        -4.3                      -0.6
V2X                        0.342               5.470     15.65              2.18               35.0             84.0               1314                       28                       459        -2   664361                        -0.4                      -0.1
CRUDE_W_micro              1.091              17.455     78.82              1.38               22.1             77.0               6071                       84                      1344         0   664361                         0.0                       0.0
IRON                       2.073              33.162    106.50              1.95               31.1             77.0               8203                      159                      2554         1   664361                         1.2                       0.4
MXP                        0.000               0.008      0.06              0.87               14.0         385138.3              21610                      189                      3025         1   664361                         3.3                       0.5
KR10                       0.360               5.761    116.04              0.31                5.0            558.1              64757                      200                      3214         1   664361                         9.7                       0.5
MSCISING                   2.524              40.391    326.15              0.77               12.4             57.4              18714                      144                      2317         2   664361                         5.6                       0.7
CAD10                      0.517               8.279    121.67              0.43                6.8            563.2              68519                      291                      4662         1   664361                        10.3                       0.7
LIVECOW                    1.235              19.767    184.58              0.67               10.7            308.1              56869                      380                      6090         1   664361                         8.6                       0.9
TOPIX                     20.486             327.777   2915.75              0.70               11.2              4.9              14223                       99                      1598         4   664361                         8.6                       1.0
DOW                      261.788            4188.605  41250.00              0.63               10.2              0.4              15886                      100                      1613         5   664361                        12.0                       1.2
FANG                     137.451            2199.214  11943.00              1.15               18.4              3.9              45997                      529                      8470         1   664361                         6.9                       1.3
NIKKEI                   394.623            6313.960  41175.00              0.96               15.3              0.5              20085                      192                      3080         3   664361                         9.1                       1.4
MSCIEAFA                  18.163             290.603   2420.40              0.75               12.0             38.5              93218                      699                     11192         1   664361                        14.0                       1.7
SPI200                    54.182             866.912   8058.00              0.67               10.8             13.0             104515                      702                     11244         1   664361                        15.7                       1.7
MSCITAIWAN                11.123             177.969    971.30              1.15               18.3             77.0              74816                      856                     13708         1   664361                        11.3                       2.1
AEX                        5.552              88.836    935.50              0.59                9.5            168.0             157164                      932                     14924         1   664361                        23.7                       2.2
GASOILINE                  0.030               0.487      2.26              1.35               21.6          32351.6              72969                      985                     15765         1   664361                        11.0                       2.4
YENEUR                     0.832              13.312    171.51              0.49                7.8            609.8             104580                      507                      8117         2   664361                        31.5                       2.4
MIB                      306.580            4905.273  34555.00              0.89               14.2              4.2             145131                     1287                     20602         1   664361                        21.8                       3.1

Sum of abs(notional exposure % capital) 299.4
Sum of abs(annualised risk % capital) 39.1
Net sum of annualised risk % capital 9.3 

=========================================================================================================================================================================================================================================================================
                                                                                                                              Correlations                                                                                                                               
=========================================================================================================================================================================================================================================================================

                 DX   V2X   VIX  BUND  CAD10   CHF   JPY  KR10   AEX   DOW  EU-AUTO  FANG   MIB  MSCIEAFA  MSCISING  MSCITAIWAN  NIKKEI  SPI200  TOPIX  CRUDE_W_micro  GASOILINE  LIVECOW  YENEUR  ALUMINIUM  BITCOIN  CORN  COTTON2  FTSECHINAA  GAS_US_mini  IRON   MXP
DX             1.00  0.28  0.21 -0.25  -0.26 -0.71 -0.63 -0.35 -0.23 -0.44    -0.19 -0.12 -0.27     -0.61     -0.35       -0.22   -0.08   -0.41  -0.05           0.02       0.02    -0.09    0.08      -0.28    -0.06 -0.07     0.00       -0.30         0.01 -0.03 -0.38
V2X            0.28  1.00  0.76  0.06  -0.00 -0.02  0.01 -0.16 -0.64 -0.57    -0.55 -0.29 -0.75     -0.71     -0.42       -0.22   -0.44   -0.61  -0.44          -0.05      -0.15    -0.14   -0.31      -0.21     0.04 -0.06    -0.20       -0.31        -0.11 -0.18 -0.32
VIX            0.21  0.76  1.00  0.03  -0.01  0.03  0.05 -0.14 -0.58 -0.62    -0.38 -0.43 -0.52     -0.65     -0.45       -0.33   -0.52   -0.54  -0.51          -0.06      -0.21    -0.19   -0.26      -0.05    -0.06  0.02    -0.20       -0.33        -0.17 -0.10 -0.23
BUND          -0.25  0.06  0.03  1.00   0.69  0.25  0.37  0.62  0.25  0.27     0.09  0.23 -0.08      0.15      0.17        0.29    0.08    0.31   0.07          -0.13      -0.19     0.05   -0.36      -0.12     0.06  0.11    -0.15       -0.17         0.03  0.07  0.07
CAD10         -0.26 -0.00 -0.01  0.69   1.00  0.30  0.50  0.65  0.12  0.15    -0.01  0.20 -0.11      0.16      0.11        0.18    0.03    0.24   0.01          -0.27      -0.32    -0.10   -0.45      -0.20     0.07  0.12    -0.26       -0.17         0.15 -0.07 -0.12
CHF           -0.71 -0.02  0.03  0.25   0.30  1.00  0.54  0.34  0.11  0.28     0.07  0.01  0.05      0.33      0.19        0.09   -0.07    0.23  -0.09          -0.07      -0.07    -0.01   -0.21       0.09    -0.13  0.07    -0.20        0.09         0.03 -0.03  0.04
JPY           -0.63  0.01  0.05  0.37   0.50  0.54  1.00  0.40  0.10  0.18     0.10 -0.04  0.01      0.27      0.15        0.15   -0.17    0.27  -0.16          -0.21      -0.18    -0.15   -0.78       0.14     0.12  0.05    -0.04        0.16        -0.06  0.01  0.15
KR10          -0.35 -0.16 -0.14  0.62   0.65  0.34  0.40  1.00  0.30  0.33     0.14  0.19  0.11      0.35      0.20        0.29    0.12    0.42   0.10          -0.26      -0.27    -0.10   -0.26      -0.06     0.02  0.04     0.01       -0.12         0.18  0.00 -0.06
AEX           -0.23 -0.64 -0.58  0.25   0.12  0.11  0.10  0.30  1.00  0.56     0.56  0.48  0.57      0.63      0.48        0.62    0.44    0.73   0.39           0.07       0.21     0.10    0.07       0.10     0.07  0.12     0.22        0.28         0.06  0.20  0.18
DOW           -0.44 -0.57 -0.62  0.27   0.15  0.28  0.18  0.33  0.56  1.00     0.52  0.28  0.59      0.73      0.43        0.25    0.42    0.74   0.38           0.12       0.15     0.18    0.10       0.05    -0.02  0.01     0.07        0.22         0.05 -0.05  0.30
EU-AUTO       -0.19 -0.55 -0.38  0.09  -0.01  0.07  0.10  0.14  0.56  0.52     1.00  0.17  0.78      0.59      0.37        0.19    0.37    0.61   0.37           0.11       0.15     0.11    0.09       0.15     0.07 -0.05     0.17        0.20        -0.14 -0.00  0.33
FANG          -0.12 -0.29 -0.43  0.23   0.20  0.01 -0.04  0.19  0.48  0.28     0.17  1.00 -0.00      0.32      0.19        0.56    0.57    0.26   0.47           0.05       0.12     0.19    0.13      -0.07    -0.02  0.14     0.14       -0.05         0.05  0.15  0.02
MIB           -0.27 -0.75 -0.52 -0.08  -0.11  0.05  0.01  0.11  0.57  0.59     0.78 -0.00  1.00      0.74      0.46        0.20    0.32    0.65   0.33           0.13       0.18     0.05    0.25       0.20     0.03 -0.03     0.23        0.32        -0.04  0.03  0.36
MSCIEAFA      -0.61 -0.71 -0.65  0.15   0.16  0.33  0.27  0.35  0.63  0.73     0.59  0.32  0.74      1.00      0.56        0.32    0.51    0.77   0.53           0.07       0.10     0.09    0.12       0.18     0.08  0.03     0.20        0.32         0.06  0.11  0.42
MSCISING      -0.35 -0.42 -0.45  0.17   0.11  0.19  0.15  0.20  0.48  0.43     0.37  0.19  0.46      0.56      1.00        0.27    0.31    0.55   0.34           0.08       0.08     0.17    0.06       0.24     0.07  0.03     0.07        0.45         0.01  0.15  0.29
MSCITAIWAN    -0.22 -0.22 -0.33  0.29   0.18  0.09  0.15  0.29  0.62  0.25     0.19  0.56  0.20      0.32      0.27        1.00    0.38    0.45   0.28           0.13       0.24     0.12   -0.06      -0.04     0.02  0.25     0.27        0.09         0.16  0.14  0.16
NIKKEI        -0.08 -0.44 -0.52  0.08   0.03 -0.07 -0.17  0.12  0.44  0.42     0.37  0.57  0.32      0.51      0.31        0.38    1.00    0.51   0.92           0.20       0.21     0.14    0.23      -0.10    -0.09 -0.08     0.25        0.07         0.13  0.14  0.21
SPI200        -0.41 -0.61 -0.54  0.31   0.24  0.23  0.27  0.42  0.73  0.74     0.61  0.26  0.65      0.77      0.55        0.45    0.51    1.00   0.46           0.13       0.14     0.06   -0.04       0.16     0.07  0.05     0.18        0.25         0.14  0.14  0.33
TOPIX         -0.05 -0.44 -0.51  0.07   0.01 -0.09 -0.16  0.10  0.39  0.38     0.37  0.47  0.33      0.53      0.34        0.28    0.92    0.46   1.00           0.19       0.15     0.13    0.20      -0.08    -0.11 -0.09     0.23        0.03         0.12  0.20  0.27
CRUDE_W_micro  0.02 -0.05 -0.06 -0.13  -0.27 -0.07 -0.21 -0.26  0.07  0.12     0.11  0.05  0.13      0.07      0.08        0.13    0.20    0.13   0.19           1.00       0.81     0.30    0.24       0.28    -0.09  0.02     0.22        0.06         0.00 -0.04  0.26
GASOILINE      0.02 -0.15 -0.21 -0.19  -0.32 -0.07 -0.18 -0.27  0.21  0.15     0.15  0.12  0.18      0.10      0.08        0.24    0.21    0.14   0.15           0.81       1.00     0.26    0.22       0.29     0.02 -0.01     0.20        0.17        -0.02  0.06  0.23
LIVECOW       -0.09 -0.14 -0.19  0.05  -0.10 -0.01 -0.15 -0.10  0.10  0.18     0.11  0.19  0.05      0.09      0.17        0.12    0.14    0.06   0.13           0.30       0.26     1.00    0.23       0.16    -0.19 -0.08     0.18        0.08         0.04  0.10  0.05
YENEUR         0.08 -0.31 -0.26 -0.36  -0.45 -0.21 -0.78 -0.26  0.07  0.10     0.09  0.13  0.25      0.12      0.06       -0.06    0.23   -0.04   0.20           0.24       0.22     0.23    1.00       0.05    -0.10 -0.02     0.02        0.03         0.06 -0.03  0.07
ALUMINIUM     -0.28 -0.21 -0.05 -0.12  -0.20  0.09  0.14 -0.06  0.10  0.05     0.15 -0.07  0.20      0.18      0.24       -0.04   -0.10    0.16  -0.08           0.28       0.29     0.16    0.05       1.00     0.09  0.04     0.15        0.33        -0.05  0.33  0.26
BITCOIN       -0.06  0.04 -0.06  0.06   0.07 -0.13  0.12  0.02  0.07 -0.02     0.07 -0.02  0.03      0.08      0.07        0.02   -0.09    0.07  -0.11          -0.09       0.02    -0.19   -0.10       0.09     1.00  0.14     0.19        0.05         0.05 -0.05  0.06
CORN          -0.07 -0.06  0.02  0.11   0.12  0.07  0.05  0.04  0.12  0.01    -0.05  0.14 -0.03      0.03      0.03        0.25   -0.08    0.05  -0.09           0.02      -0.01    -0.08   -0.02       0.04     0.14  1.00     0.00       -0.05         0.15  0.07  0.08
COTTON2        0.00 -0.20 -0.20 -0.15  -0.26 -0.20 -0.04  0.01  0.22  0.07     0.17  0.14  0.23      0.20      0.07        0.27    0.25    0.18   0.23           0.22       0.20     0.18    0.02       0.15     0.19  0.00     1.00        0.13         0.00  0.14  0.18
FTSECHINAA    -0.30 -0.31 -0.33 -0.17  -0.17  0.09  0.16 -0.12  0.28  0.22     0.20 -0.05  0.32      0.32      0.45        0.09    0.07    0.25   0.03           0.06       0.17     0.08    0.03       0.33     0.05 -0.05     0.13        1.00         0.04  0.12  0.19
GAS_US_mini    0.01 -0.11 -0.17  0.03   0.15  0.03 -0.06  0.18  0.06  0.05    -0.14  0.05 -0.04      0.06      0.01        0.16    0.13    0.14   0.12           0.00      -0.02     0.04    0.06      -0.05     0.05  0.15     0.00        0.04         1.00  0.00 -0.08
IRON          -0.03 -0.18 -0.10  0.07  -0.07 -0.03  0.01  0.00  0.20 -0.05    -0.00  0.15  0.03      0.11      0.15        0.14    0.14    0.14   0.20          -0.04       0.06     0.10   -0.03       0.33    -0.05  0.07     0.14        0.12         0.00  1.00  0.12
MXP           -0.38 -0.32 -0.23  0.07  -0.12  0.04  0.15 -0.06  0.18  0.30     0.33  0.02  0.36      0.42      0.29        0.16    0.21    0.33   0.27           0.26       0.23     0.05    0.07       0.26     0.06  0.08     0.18        0.19        -0.08  0.12  1.00


********************************************************************************
                                 END OF REPORT                                  
********************************************************************************


