
********************************************************************************
                    Risk report produced on 15/04/2025 22:53                    
********************************************************************************


Total risk across all strategies, annualised percentage 9.4
Percentage of capital used for margin 39.2%

========================================
Risk per strategy, annualised percentage
========================================

                  risk
dynamic_TF_carry   9.4


===================
Risk by asset class
===================

Ags       2.9
Bond      1.2
Equity    1.9
FX        3.4
Metals    4.8
OilGas    5.1
Sector    0.5
dtype: float64


=====================================================
Beta loadings of asset class positions on asset class
=====================================================

Metals   -0.16
Ags      -0.15
OilGas   -0.12
Bond     -0.09
Equity    0.00
Sector    0.01
FX        0.38
dtype: float64


========================================================
Beta loadings of full portfolio positions on asset class
========================================================

Ags      -0.20
Metals   -0.18
OilGas   -0.16
Equity   -0.12
Bond     -0.00
Sector    0.01
FX        0.11
dtype: float64


=================================================================================================================================================================================================================================================================
                                                                                                                         Instrument risk                                                                                                                         
=================================================================================================================================================================================================================================================================

             daily_price_stdev  annual_price_stdev     price  daily_perc_stdev  annual_perc_stdev  point_size_base  contract_exposure  daily_risk_per_contract  annual_risk_per_contract  position  capital  exposure_held_perc_capital  annual_risk_perc_capital
BRENT-LAST               1.600              25.608     64.00              2.50               40.0            757.7              48489                     1212                     19401        -1   542508                        -8.9                      -3.6
GAS-PEN                  0.129               2.057      3.48              3.69               59.0           7576.5              26388                      973                     15582        -1   542508                        -4.9                      -2.9
LEANHOG                  1.478              23.640     95.35              1.55               24.8            303.1              28896                      447                      7164        -2   542508                       -10.7                      -2.6
BITCOIN               2839.139           45426.219  84315.00              3.37               53.9              0.1               6388                      215                      3441        -4   542508                        -4.7                      -2.5
ALUMINIUM               42.346             677.533   2294.75              1.85               29.5             18.9              43465                      802                     12833        -1   542508                        -8.0                      -2.4
SILVER                   0.801              12.809     32.64              2.45               39.2            757.7              24725                      606                      9704        -1   542508                        -4.6                      -1.8
US10U                    0.634              10.147    113.34              0.56                9.0            757.7              85874                      480                      7687        -1   542508                       -15.8                      -1.4
SP500_micro            117.709            1883.343   5437.50              2.16               34.6              3.8              20598                      445                      7134        -1   542508                        -3.8                      -1.3
WHEAT                    7.763             124.203    592.75              1.31               21.0             37.9              22454                      294                      4705        -1   542508                        -4.1                      -0.9
RUSSELL                 44.774             716.390   1890.60              2.37               37.9              3.8               7162                      169                      2713        -1   542508                        -1.3                      -0.5
MXP                      0.000               0.007      0.05              0.94               15.1         378825.2              18702                      176                      2822         1   542508                         3.4                       0.5
EU-BANKS                 4.322              69.157    173.00              2.50               40.0             43.0               7438                      185                      2973         1   542508                         1.4                       0.5
KR10                     0.358               5.721    120.44              0.30                4.7            532.9              64184                      190                      3048         1   542508                        11.8                       0.6
YENEUR                   0.982              15.712    160.93              0.61                9.8            661.9             106522                      649                     10399         1   542508                        19.6                       1.9
MUMMY                   18.463             295.409    632.00              2.92               46.7              5.3               3346                       97                      1564         7   542508                         4.3                       2.0
GBP                      0.007               0.120      1.32              0.57                9.1          47353.1              62634                      355                      5681         2   542508                        23.1                       2.1

Sum of abs(notional exposure % capital) 130.4
Sum of abs(annualised risk % capital) 27.5
Net sum of annualised risk % capital -12.3 

====================================================================================================================================================
                                                                    Correlations                                                                    
====================================================================================================================================================

             KR10  US10U  ALUMINIUM  BRENT-LAST  EU-BANKS  MUMMY  RUSSELL  SILVER  SP500_micro   GBP  LEANHOG   MXP  YENEUR  GAS-PEN  WHEAT  BITCOIN
KR10         1.00   0.58      -0.26       -0.27     -0.27  -0.16     0.03   -0.18        -0.02  0.00    -0.14 -0.05   -0.40    -0.16  -0.19    -0.10
US10U        0.58   1.00      -0.29       -0.25     -0.27  -0.26    -0.05   -0.28        -0.24  0.04    -0.32 -0.14   -0.54    -0.04  -0.20    -0.07
ALUMINIUM   -0.26  -0.29       1.00        0.40      0.52   0.18     0.45    0.60         0.56  0.19     0.20  0.27    0.11     0.28   0.25     0.20
BRENT-LAST  -0.27  -0.25       0.40        1.00      0.25   0.24     0.39    0.36         0.42 -0.15     0.13  0.19    0.28     0.23   0.10    -0.06
EU-BANKS    -0.27  -0.27       0.52        0.25      1.00   0.45     0.48    0.49         0.53  0.27     0.33  0.16    0.25     0.10   0.04     0.04
MUMMY       -0.16  -0.26       0.18        0.24      0.45   1.00     0.48    0.31         0.49  0.18     0.23  0.11    0.17    -0.07   0.02    -0.03
RUSSELL      0.03  -0.05       0.45        0.39      0.48   0.48     1.00    0.37         0.82  0.22     0.30  0.15   -0.00    -0.08   0.06     0.29
SILVER      -0.18  -0.28       0.60        0.36      0.49   0.31     0.37    1.00         0.54  0.30     0.29  0.26    0.20     0.08   0.19     0.06
SP500_micro -0.02  -0.24       0.56        0.42      0.53   0.49     0.82    0.54         1.00  0.25     0.25  0.19    0.14     0.03   0.20     0.16
GBP          0.00   0.04       0.19       -0.15      0.27   0.18     0.22    0.30         0.25  1.00     0.19  0.33    0.26     0.03   0.03    -0.00
LEANHOG     -0.14  -0.32       0.20        0.13      0.33   0.23     0.30    0.29         0.25  0.19     1.00  0.05    0.26    -0.01   0.19     0.16
MXP         -0.05  -0.14       0.27        0.19      0.16   0.11     0.15    0.26         0.19  0.33     0.05  1.00    0.35     0.13   0.19    -0.01
YENEUR      -0.40  -0.54       0.11        0.28      0.25   0.17    -0.00    0.20         0.14  0.26     0.26  0.35    1.00     0.10   0.05    -0.04
GAS-PEN     -0.16  -0.04       0.28        0.23      0.10  -0.07    -0.08    0.08         0.03  0.03    -0.01  0.13    0.10     1.00   0.11     0.01
WHEAT       -0.19  -0.20       0.25        0.10      0.04   0.02     0.06    0.19         0.20  0.03     0.19  0.19    0.05     0.11   1.00     0.01
BITCOIN     -0.10  -0.07       0.20       -0.06      0.04  -0.03     0.29    0.06         0.16 -0.00     0.16 -0.01   -0.04     0.01   0.01     1.00


********************************************************************************
                                 END OF REPORT                                  
********************************************************************************


