
********************************************************************************
                    Risk report produced on 14/11/2023 22:52                    
********************************************************************************


Total risk across all strategies, annualised percentage 12.2
Percentage of capital used for margin 54.2%

========================================
Risk per strategy, annualised percentage
========================================

                  risk
dynamic_TF_carry  12.2


===================
Risk by asset class
===================

Ags       2.6
Bond      4.4
Equity    2.4
FX        7.0
Metals    3.0
OilGas    1.1
Sector    1.6
dtype: float64


=====================================================
Beta loadings of asset class positions on asset class
=====================================================

FX       -0.79
Bond     -0.44
Metals   -0.10
Equity   -0.08
OilGas   -0.02
Ags       0.01
Sector    0.08
dtype: float64


========================================================
Beta loadings of full portfolio positions on asset class
========================================================

FX       -1.28
Bond     -0.77
Metals   -0.30
Equity   -0.09
OilGas    0.01
Sector    0.05
Ags       0.06
dtype: float64


==================================================================================================================================================================================================================================================================
                                                                                                                         Instrument risk                                                                                                                          
==================================================================================================================================================================================================================================================================

              daily_price_stdev  annual_price_stdev     price  daily_perc_stdev  annual_perc_stdev  point_size_base  contract_exposure  daily_risk_per_contract  annual_risk_per_contract  position  capital  exposure_held_perc_capital  annual_risk_perc_capital
US20                      1.253              20.049    115.47              1.09               17.4            814.1              94006                     1020                     16322        -1   383861                       -24.5                      -4.3
JPY                       0.000               0.001      0.01              0.58                9.3       10176666.9              68051                      394                      6315        -2   383861                       -35.5                      -3.3
PLAT                     16.682             266.912    893.10              1.87               29.9             40.7              36355                      679                     10865        -1   383861                        -9.5                      -2.8
CHF                       0.006               0.091      1.13              0.51                8.1         101766.7             114920                      581                      9300        -1   383861                       -29.9                      -2.4
LIVECOW                   1.769              28.302    176.60              1.00               16.0            325.7              57510                      576                      9216        -1   383861                       -15.0                      -2.4
DAX                     139.603            2233.654  15656.00              0.89               14.3              0.9              13638                      121                      1945        -4   383861                       -14.2                      -2.0
AUD                       0.005               0.079      0.65              0.76               12.2          81413.3              53036                      404                      6471        -1   383861                       -13.8                      -1.7
NZD                       0.005               0.075      0.60              0.77               12.4          81413.3              48941                      379                      6068        -1   383861                       -12.7                      -1.6
BOBL                      0.331               5.301    116.69              0.28                4.5            871.1             101651                      288                      4617        -1   383861                       -26.5                      -1.2
GAS_US_mini               0.134               2.142      3.30              4.05               64.8           2035.3               6726                      272                      4359        -1   383861                        -1.8                      -1.1
RUSSELL                  29.511             472.180   1800.10              1.64               26.2              4.1               7327                      120                      1922        -2   383861                        -3.8                      -1.0
EURO600                   3.893              62.289    453.80              0.86               13.7             43.6              19765                      169                      2713        -1   383861                        -5.1                      -0.7
COPPER-micro              0.042               0.670      3.68              1.14               18.2           2035.3               7494                       85                      1364        -1   383861                        -2.0                      -0.4
BITCOIN                 883.410           14134.564  35290.00              2.50               40.1              0.1               2873                       71                      1150         0   383861                         0.0                       0.0
KOSDAQ                   31.044             496.698   1264.30              2.46               39.3              6.2               7823                      192                      3073         1   383861                         2.0                       0.8
KR10                      0.580               9.285    108.18              0.54                8.6            618.8              66944                      359                      5745         1   383861                        17.4                       1.5
MXP                       0.000               0.007      0.06              0.78               12.5         407066.7              23304                      182                      2912         2   383861                        12.1                       1.5
EU-OIL                    4.501              72.008    357.60              1.26               20.1             43.6              15575                      196                      3136         2   383861                         8.1                       1.6
LEANHOG                   1.351              21.610     75.95              1.78               28.5            325.7              24733                      439                      7037         1   383861                         6.4                       1.8
NIKKEI                  358.679            5738.866  32775.00              1.09               17.5              0.5              17589                      192                      3079         3   383861                        13.7                       2.4

Sum of abs(notional exposure % capital) 254.0
Sum of abs(annualised risk % capital) 34.5
Net sum of annualised risk % capital -15.3 

========================================================================================================================================================================
                                                                              Correlations                                                                              
========================================================================================================================================================================

               DAX  EU-OIL  EURO600  KOSDAQ   MXP  NIKKEI  RUSSELL   AUD   CHF  COPPER-micro   JPY   NZD  PLAT  GAS_US_mini  LEANHOG  LIVECOW  BOBL  KR10  US20  BITCOIN
DAX           1.00    0.40     0.93    0.40  0.53    0.67     0.69  0.44  0.31          0.36  0.13  0.40  0.24         0.05     0.33     0.25  0.07  0.30  0.26    -0.01
EU-OIL        0.40    1.00     0.52    0.24  0.35    0.39     0.30  0.16  0.08          0.26 -0.02  0.03  0.19         0.16     0.07     0.20 -0.15 -0.06  0.02    -0.19
EURO600       0.93    0.52     1.00    0.44  0.58    0.73     0.74  0.46  0.31          0.38  0.11  0.40  0.28         0.11     0.28     0.28  0.14  0.35  0.35    -0.01
KOSDAQ        0.40    0.24     0.44    1.00  0.13    0.42     0.38  0.17  0.28          0.22  0.07  0.15  0.05         0.03     0.10     0.11  0.17  0.33  0.35     0.05
MXP           0.53    0.35     0.58    0.13  1.00    0.45     0.51  0.48  0.18          0.44  0.19  0.34  0.39         0.02     0.11     0.24 -0.05 -0.06  0.25     0.01
NIKKEI        0.67    0.39     0.73    0.42  0.45    1.00     0.63  0.31  0.18          0.18 -0.18  0.25  0.17         0.17     0.22     0.28 -0.02  0.22  0.36    -0.01
RUSSELL       0.69    0.30     0.74    0.38  0.51    0.63     1.00  0.59  0.30          0.41  0.21  0.49  0.36         0.13     0.33     0.43  0.12  0.23  0.22     0.12
AUD           0.44    0.16     0.46    0.17  0.48    0.31     0.59  1.00  0.49          0.56  0.52  0.86  0.58         0.08     0.22     0.20  0.16  0.11  0.20     0.17
CHF           0.31    0.08     0.31    0.28  0.18    0.18     0.30  0.49  1.00          0.40  0.53  0.46  0.42        -0.14     0.07     0.08  0.16  0.20  0.29    -0.07
COPPER-micro  0.36    0.26     0.38    0.22  0.44    0.18     0.41  0.56  0.40          1.00  0.46  0.48  0.48        -0.02     0.20     0.00  0.02  0.08  0.09     0.17
JPY           0.13   -0.02     0.11    0.07  0.19   -0.18     0.21  0.52  0.53          0.46  1.00  0.50  0.47        -0.26     0.07     0.03  0.34  0.23  0.27    -0.04
NZD           0.40    0.03     0.40    0.15  0.34    0.25     0.49  0.86  0.46          0.48  0.50  1.00  0.45         0.11     0.28     0.18  0.22  0.15  0.24     0.18
PLAT          0.24    0.19     0.28    0.05  0.39    0.17     0.36  0.58  0.42          0.48  0.47  0.45  1.00         0.12     0.06     0.32  0.10 -0.02  0.15    -0.09
GAS_US_mini   0.05    0.16     0.11    0.03  0.02    0.17     0.13  0.08 -0.14         -0.02 -0.26  0.11  0.12         1.00     0.09     0.07 -0.07  0.06 -0.01     0.01
LEANHOG       0.33    0.07     0.28    0.10  0.11    0.22     0.33  0.22  0.07          0.20  0.07  0.28  0.06         0.09     1.00     0.24 -0.01  0.07  0.07    -0.08
LIVECOW       0.25    0.20     0.28    0.11  0.24    0.28     0.43  0.20  0.08          0.00  0.03  0.18  0.32         0.07     0.24     1.00 -0.06 -0.16  0.06    -0.16
BOBL          0.07   -0.15     0.14    0.17 -0.05   -0.02     0.12  0.16  0.16          0.02  0.34  0.22  0.10        -0.07    -0.01    -0.06  1.00  0.60  0.61     0.20
KR10          0.30   -0.06     0.35    0.33 -0.06    0.22     0.23  0.11  0.20          0.08  0.23  0.15 -0.02         0.06     0.07    -0.16  0.60  1.00  0.53     0.16
US20          0.26    0.02     0.35    0.35  0.25    0.36     0.22  0.20  0.29          0.09  0.27  0.24  0.15        -0.01     0.07     0.06  0.61  0.53  1.00    -0.01
BITCOIN      -0.01   -0.19    -0.01    0.05  0.01   -0.01     0.12  0.17 -0.07          0.17 -0.04  0.18 -0.09         0.01    -0.08    -0.16  0.20  0.16 -0.01     1.00


********************************************************************************
                                 END OF REPORT                                  
********************************************************************************


