
********************************************************************************
                    Risk report produced on 26/01/2026 22:53                    
********************************************************************************


Total risk across all strategies, annualised percentage 17.2
Percentage of capital used for margin 41.4%

========================================
Risk per strategy, annualised percentage
========================================

                  risk
dynamic_TF_carry  17.2


===================
Risk by asset class
===================

Ags        1.4
Bond       1.4
Equity    12.4
FX         4.5
Metals     4.9
OilGas     3.2
dtype: float64


=====================================================
Beta loadings of asset class positions on asset class
=====================================================

Bond     -0.24
OilGas   -0.06
Ags       0.04
Metals    0.06
FX        0.20
Equity    1.30
dtype: float64


========================================================
Beta loadings of full portfolio positions on asset class
========================================================

Bond     -0.81
OilGas   -0.04
Metals    0.29
Ags       0.43
FX        1.30
Equity    1.45
dtype: float64


===================================================================================================================================================================================================================================================================
                                                                                                                          Instrument risk                                                                                                                          
===================================================================================================================================================================================================================================================================

               daily_price_stdev  annual_price_stdev     price  daily_perc_stdev  annual_perc_stdev  point_size_base  contract_exposure  daily_risk_per_contract  annual_risk_per_contract  position  capital  exposure_held_perc_capital  annual_risk_perc_capital
GAS-PEN                    0.155               2.476      3.86              4.01               64.2           7321.6              28246                     1132                     18127        -1   694390                        -4.1                      -2.6
JPY                        0.000               0.001      0.01              0.61                9.7        9151944.2              59675                      363                      5812        -3   694390                       -25.8                      -2.5
BITCOIN                 2254.036           36064.575  88395.00              2.55               40.8              0.1               6471                      165                      2640        -5   694390                        -4.7                      -1.9
KR10                       0.413               6.611    111.32              0.37                5.9            504.6              56176                      208                      3336        -3   694390                       -24.3                      -1.4
GAS_US_mini                0.161               2.576      3.78              4.25               68.1           1830.4               6928                      294                      4715        -1   694390                        -1.0                      -0.7
RICE                       0.170               2.715     10.92              1.55               24.9           1464.3              15990                      248                      3976        -1   694390                        -2.3                      -0.6
WHEAT                      6.012              96.187    579.75              1.04               16.6             36.6              21223                      220                      3521        -1   694390                        -3.1                      -0.5
DOW                      359.126            5746.017  49642.00              0.72               11.6              0.4              18172                      131                      2103        -1   694390                        -2.6                      -0.3
EUR_micro                  0.004               0.066      1.19              0.35                5.6           9151.9              10899                       38                       608        -2   694390                        -3.1                      -0.2
AUD_micro                  0.003               0.049      0.69              0.45                7.1           7321.6               5065                       22                       360         1   694390                         0.7                       0.1
CRUDE_W_micro              1.059              16.947     60.50              1.75               28.0             73.2               4429                       77                      1240         2   694390                         1.3                       0.4
CAD                        0.002               0.034      0.73              0.29                4.7          73215.6              53498                      155                      2492         1   694390                         7.7                       0.4
MXP                        0.000               0.004      0.06              0.40                6.4         366077.8              20987                       83                      1338         2   694390                         6.0                       0.4
BRE                        0.001               0.017      0.19              0.56                9.0          73215.6              13768                       77                      1243         3   694390                         5.9                       0.5
RUSSELL                   27.923             446.772   2672.80              1.04               16.7              3.7               9784                      102                      1635         4   694390                         5.6                       0.9
GBP                        0.005               0.086      1.37              0.39                6.3          45759.7              62613                      246                      3949         2   694390                        18.0                       1.1
TOPIX                     37.708             603.332   3553.00              1.06               17.0              4.7              16863                      178                      2863         3   694390                         7.3                       1.2
LEANHOG                    1.017              16.277     96.68              1.05               16.8            292.9              28312                      297                      4766         2   694390                         8.2                       1.4
SMI                       86.194            1379.099  13062.00              0.66               10.6              9.4             122962                      811                     12982         1   694390                        17.7                       1.9
MSCITAIWAN                14.020             224.315   1403.80              1.00               16.0             73.2             102779                     1026                     16423         1   694390                        14.8                       2.4
YENEUR                     0.915              14.639    182.57              0.50                8.0            593.3             108316                      542                      8684         2   694390                        31.2                       2.5
MSCIEAFA                  19.089             305.420   3034.00              0.63               10.1             36.6             111067                      698                     11180         2   694390                        32.0                       3.2
MIB                      326.963            5231.402  45115.00              0.72               11.6              4.3             195738                     1418                     22697         1   694390                        28.2                       3.3
AEX                        8.597             137.548   1000.05              0.86               13.8            173.5             173555                     1491                     23870         1   694390                        25.0                       3.4
SILVER                     2.739              43.831    109.11              2.51               40.2            732.2              79885                     2005                     32090         1   694390                        11.5                       4.6

Sum of abs(notional exposure % capital) 292.1
Sum of abs(annualised risk % capital) 38.4
Net sum of annualised risk % capital 17.0 

=========================================================================================================================================================================================================================
                                                                                                      Correlations                                                                                                       
=========================================================================================================================================================================================================================

               CRUDE_W_micro  GAS-PEN  GAS_US_mini  WHEAT  KR10  YENEUR  EUR_micro   GBP   JPY  AUD_micro   BRE   CAD  MSCIEAFA   MXP   AEX  BITCOIN   DOW  LEANHOG   MIB  MSCITAIWAN  RICE  RUSSELL  SILVER   SMI  TOPIX
CRUDE_W_micro           1.00     0.21         0.28   0.41 -0.20    0.13      -0.40 -0.33 -0.39       0.01  0.21 -0.11     -0.04  0.08  0.30     0.09  0.10     0.28  0.09        0.11  0.12     0.17   -0.06 -0.03   0.19
GAS-PEN                 0.21     1.00         0.96   0.32 -0.26   -0.00      -0.05 -0.06 -0.05       0.13  0.40  0.04     -0.11 -0.00 -0.05    -0.02 -0.06    -0.27 -0.04       -0.03 -0.08    -0.13   -0.25 -0.06  -0.21
GAS_US_mini             0.28     0.96         1.00   0.32 -0.30   -0.05      -0.10 -0.09 -0.05       0.10  0.41  0.00     -0.10 -0.02 -0.00     0.03 -0.06    -0.22 -0.02       -0.05 -0.04    -0.11   -0.25 -0.04  -0.22
WHEAT                   0.41     0.32         0.32   1.00 -0.21   -0.06       0.07 -0.01  0.08       0.25  0.29  0.18      0.04  0.15 -0.03    -0.07  0.00     0.11 -0.06       -0.03  0.13     0.05    0.11 -0.15   0.03
KR10                   -0.20    -0.26        -0.30  -0.21  1.00   -0.18       0.13  0.18  0.22       0.00 -0.09  0.08      0.01  0.01 -0.21    -0.08 -0.03     0.00 -0.08       -0.02 -0.07     0.00   -0.24 -0.05  -0.13
YENEUR                  0.13    -0.00        -0.05  -0.06 -0.18    1.00       0.06 -0.06 -0.67       0.08  0.00  0.21      0.02  0.25  0.01    -0.08  0.02    -0.04 -0.00        0.19 -0.02    -0.06    0.16  0.01   0.39
EUR_micro              -0.40    -0.05        -0.10   0.07  0.13    0.06       1.00  0.81  0.67       0.61  0.30  0.68      0.45  0.44 -0.13     0.04  0.02     0.12 -0.03        0.02  0.09     0.05    0.24  0.05  -0.12
GBP                    -0.33    -0.06        -0.09  -0.01  0.18   -0.06       0.81  1.00  0.65       0.71  0.37  0.60      0.66  0.43  0.09     0.16  0.20     0.18  0.24        0.13  0.15     0.30    0.27  0.36   0.03
JPY                    -0.39    -0.05        -0.05   0.08  0.22   -0.67       0.67  0.65  1.00       0.40  0.19  0.36      0.32  0.14 -0.11     0.06 -0.02     0.12 -0.00       -0.15  0.08     0.05    0.07  0.06  -0.38
AUD_micro               0.01     0.13         0.10   0.25  0.00    0.08       0.61  0.71  0.40       1.00  0.54  0.74      0.68  0.54  0.25     0.30  0.44     0.27  0.29        0.31  0.22     0.47    0.30  0.26   0.21
BRE                     0.21     0.40         0.41   0.29 -0.09    0.00       0.30  0.37  0.19       0.54  1.00  0.33      0.44  0.48  0.28     0.21  0.27     0.07  0.27        0.25  0.07     0.31   -0.01  0.24   0.06
CAD                    -0.11     0.04         0.00   0.18  0.08    0.21       0.68  0.60  0.36       0.74  0.33  1.00      0.41  0.43  0.04     0.15  0.22     0.19  0.03        0.08  0.06     0.19    0.20  0.04  -0.01
MSCIEAFA               -0.04    -0.11        -0.10   0.04  0.01    0.02       0.45  0.66  0.32       0.68  0.44  0.41      1.00  0.48  0.63     0.46  0.68     0.24  0.71        0.38  0.17     0.64    0.40  0.68   0.49
MXP                     0.08    -0.00        -0.02   0.15  0.01    0.25       0.44  0.43  0.14       0.54  0.48  0.43      0.48  1.00  0.28     0.07  0.15     0.23  0.23        0.22  0.03     0.22    0.37  0.29   0.18
AEX                     0.30    -0.05        -0.00  -0.03 -0.21    0.01      -0.13  0.09 -0.11       0.25  0.28  0.04      0.63  0.28  1.00     0.43  0.52     0.20  0.66        0.34  0.10     0.52    0.29  0.59   0.43
BITCOIN                 0.09    -0.02         0.03  -0.07 -0.08   -0.08       0.04  0.16  0.06       0.30  0.21  0.15      0.46  0.07  0.43     1.00  0.53     0.18  0.38        0.21  0.11     0.53    0.08  0.26   0.27
DOW                     0.10    -0.06        -0.06   0.00 -0.03    0.02       0.02  0.20 -0.02       0.44  0.27  0.22      0.68  0.15  0.52     0.53  1.00     0.21  0.55        0.43  0.12     0.85    0.26  0.44   0.49
LEANHOG                 0.28    -0.27        -0.22   0.11  0.00   -0.04       0.12  0.18  0.12       0.27  0.07  0.19      0.24  0.23  0.20     0.18  0.21     1.00  0.09        0.11  0.22     0.37    0.32  0.08   0.11
MIB                     0.09    -0.04        -0.02  -0.06 -0.08   -0.00      -0.03  0.24 -0.00       0.29  0.27  0.03      0.71  0.23  0.66     0.38  0.55     0.09  1.00        0.31  0.06     0.40    0.16  0.72   0.39
MSCITAIWAN              0.11    -0.03        -0.05  -0.03 -0.02    0.19       0.02  0.13 -0.15       0.31  0.25  0.08      0.38  0.22  0.34     0.21  0.43     0.11  0.31        1.00  0.16     0.39    0.23  0.18   0.51
RICE                    0.12    -0.08        -0.04   0.13 -0.07   -0.02       0.09  0.15  0.08       0.22  0.07  0.06      0.17  0.03  0.10     0.11  0.12     0.22  0.06        0.16  1.00     0.22    0.38  0.03   0.16
RUSSELL                 0.17    -0.13        -0.11   0.05  0.00   -0.06       0.05  0.30  0.05       0.47  0.31  0.19      0.64  0.22  0.52     0.53  0.85     0.37  0.40        0.39  0.22     1.00    0.34  0.39   0.46
SILVER                 -0.06    -0.25        -0.25   0.11 -0.24    0.16       0.24  0.27  0.07       0.30 -0.01  0.20      0.40  0.37  0.29     0.08  0.26     0.32  0.16        0.23  0.38     0.34    1.00  0.32   0.32
SMI                    -0.03    -0.06        -0.04  -0.15 -0.05    0.01       0.05  0.36  0.06       0.26  0.24  0.04      0.68  0.29  0.59     0.26  0.44     0.08  0.72        0.18  0.03     0.39    0.32  1.00   0.32
TOPIX                   0.19    -0.21        -0.22   0.03 -0.13    0.39      -0.12  0.03 -0.38       0.21  0.06 -0.01      0.49  0.18  0.43     0.27  0.49     0.11  0.39        0.51  0.16     0.46    0.32  0.32   1.00


********************************************************************************
                                 END OF REPORT                                  
********************************************************************************


