
********************************************************************************
                    Risk report produced on 31/01/2024 22:51                    
********************************************************************************


Total risk across all strategies, annualised percentage 11.8
Percentage of capital used for margin 58.5%

========================================
Risk per strategy, annualised percentage
========================================

                  risk
dynamic_TF_carry  11.8


===================
Risk by asset class
===================

Ags       1.6
Bond      2.6
Equity    6.6
FX        5.7
Metals    1.2
Sector    0.7
Vol       1.5
dtype: float64


=====================================================
Beta loadings of asset class positions on asset class
=====================================================

Bond     -0.52
FX       -0.19
Ags      -0.07
Vol      -0.03
Sector    0.04
Metals    0.05
Equity    0.59
dtype: float64


========================================================
Beta loadings of full portfolio positions on asset class
========================================================

Bond     -1.58
Vol      -0.23
Ags       0.00
Metals    0.06
Sector    0.28
FX        0.43
Equity    0.93
dtype: float64


==================================================================================================================================================================================================================================================================
                                                                                                                         Instrument risk                                                                                                                          
==================================================================================================================================================================================================================================================================

              daily_price_stdev  annual_price_stdev     price  daily_perc_stdev  annual_perc_stdev  point_size_base  contract_exposure  daily_risk_per_contract  annual_risk_per_contract  position  capital  exposure_held_perc_capital  annual_risk_perc_capital
BOBL                      0.350               5.602    118.54              0.30                4.7            853.7             101193                      298                      4782        -2   369243                       -54.8                      -2.6
CHF                       0.005               0.081      1.16              0.43                6.9          98661.8             114837                      496                      7949        -1   369243                       -31.1                      -2.2
JPY                       0.000               0.001      0.01              0.60                9.6        9866175.2              67657                      405                      6487        -1   369243                       -18.3                      -1.8
LEANHOG                   1.191              19.060     84.98              1.40               22.4            315.7              26828                      376                      6017        -1   369243                        -7.3                      -1.6
VIX                       0.442               7.071     15.65              2.82               45.2            789.3              12352                      348                      5581        -1   369243                        -3.3                      -1.5
US2                       0.143               2.283    102.77              0.14                2.2           1578.6             162236                      225                      3604        -1   369243                       -43.9                      -1.0
EUR_micro                 0.005               0.072      1.08              0.42                6.7           9866.2              10690                       44                       713        -2   369243                        -5.8                      -0.4
DOW                     218.812            3500.988  38411.00              0.57                9.1              0.4              15158                       86                      1381         1   369243                         4.1                       0.4
TOPIX                    19.696             315.140   2539.00              0.78               12.4              5.3              13550                      105                      1681         1   369243                         3.7                       0.5
EU-OIL                    3.724              59.581    349.30              1.07               17.1             42.7              14909                      158                      2543         1   369243                         4.0                       0.7
IRON                      2.264              36.232    131.25              1.73               27.6             78.9              10359                      178                      2859         1   369243                         2.8                       0.8
BITCOIN                1189.747           19035.959  43225.00              2.75               44.0              0.1               3411                       93                      1502         2   369243                         1.8                       0.8
CNH                       0.018               0.291      7.17              0.25                4.1          10978.6              78698                      199                      3192         1   369243                        21.3                       0.9
NASDAQ_micro            168.660            2698.558  17328.25              0.97               15.6              1.6              27354                      266                      4259         1   369243                         7.4                       1.2
MXP                       0.000               0.006      0.06              0.62               10.0         394647.0              22790                      142                      2277         2   369243                        12.3                       1.2
NIKKEI                  347.888            5566.210  36075.00              0.96               15.4              0.5              19252                      185                      2970         2   369243                        10.4                       1.6
R1000                    11.360             181.763   1648.40              0.69               11.0             39.5              65053                      448                      7173         1   369243                        17.6                       1.9
CAC                      62.172             994.748   7675.00              0.81               13.0              8.5              65518                      530                      8491         1   369243                        17.7                       2.3
KR10                      0.467               7.475    113.72              0.41                6.6            588.2              66892                      274                      4397         2   369243                        36.2                       2.4
YENEUR                    0.907              14.516    157.96              0.57                9.2            667.1             105374                      605                      9683         1   369243                        28.5                       2.6

Sum of abs(notional exposure % capital) 332.3
Sum of abs(annualised risk % capital) 28.4
Net sum of annualised risk % capital 6.2 

===============================================================================================================================================================
                                                                         Correlations                                                                          
===============================================================================================================================================================

               CNH   VIX  BITCOIN  BOBL   CHF  EUR_micro  IRON   JPY  KR10  LEANHOG   US2  NIKKEI  TOPIX  YENEUR   CAC   DOW  EU-OIL   MXP  NASDAQ_micro  R1000
CNH           1.00  0.08    -0.12 -0.32 -0.59      -0.56 -0.37 -0.55 -0.44    -0.15 -0.50   -0.05   0.06    0.15 -0.27 -0.27   -0.09 -0.15         -0.29  -0.30
VIX           0.08  1.00    -0.02  0.06  0.02      -0.16 -0.14  0.06 -0.25    -0.13  0.25   -0.59  -0.63   -0.24 -0.58 -0.68   -0.22 -0.50         -0.63  -0.68
BITCOIN      -0.12 -0.02     1.00  0.29  0.12       0.05  0.15  0.05  0.09     0.03  0.10   -0.03  -0.04   -0.03  0.19  0.16    0.07  0.06          0.12   0.21
BOBL         -0.32  0.06     0.29  1.00  0.28       0.18  0.15  0.43  0.58     0.11  0.64   -0.15  -0.17   -0.36  0.15  0.26   -0.05 -0.10          0.24   0.26
CHF          -0.59  0.02     0.12  0.28  1.00       0.76  0.17  0.55  0.35     0.11  0.53   -0.02  -0.10   -0.02  0.23  0.24    0.11  0.23          0.25   0.30
EUR_micro    -0.56 -0.16     0.05  0.18  0.76       1.00  0.12  0.48  0.38     0.07  0.44    0.14   0.04    0.24  0.28  0.32    0.08  0.44          0.36   0.37
IRON         -0.37 -0.14     0.15  0.15  0.17       0.12  1.00  0.22  0.11     0.09  0.00    0.15   0.15   -0.13  0.31  0.17    0.27  0.23          0.28   0.22
JPY          -0.55  0.06     0.05  0.43  0.55       0.48  0.22  1.00  0.39     0.04  0.56   -0.33  -0.33   -0.72  0.10  0.17    0.06  0.14          0.15   0.19
KR10         -0.44 -0.25     0.09  0.58  0.35       0.38  0.11  0.39  1.00     0.11  0.53    0.23   0.15   -0.14  0.35  0.42    0.01  0.15          0.34   0.40
LEANHOG      -0.15 -0.13     0.03  0.11  0.11       0.07  0.09  0.04  0.11     1.00  0.14    0.08   0.08    0.01  0.17  0.25    0.14  0.01          0.08   0.25
US2          -0.50  0.25     0.10  0.64  0.53       0.44  0.00  0.56  0.53     0.14  1.00   -0.11  -0.17   -0.31 -0.06  0.04   -0.09 -0.12          0.06   0.06
NIKKEI       -0.05 -0.59    -0.03 -0.15 -0.02       0.14  0.15 -0.33  0.23     0.08 -0.11    1.00   0.93    0.44  0.48  0.48    0.19  0.41          0.58   0.48
TOPIX         0.06 -0.63    -0.04 -0.17 -0.10       0.04  0.15 -0.33  0.15     0.08 -0.17    0.93   1.00    0.37  0.50  0.45    0.23  0.41          0.47   0.45
YENEUR        0.15 -0.24    -0.03 -0.36 -0.02       0.24 -0.13 -0.72 -0.14     0.01 -0.31    0.44   0.37    1.00  0.13  0.09   -0.01  0.16          0.14   0.09
CAC          -0.27 -0.58     0.19  0.15  0.23       0.28  0.31  0.10  0.35     0.17 -0.06    0.48   0.50    0.13  1.00  0.75    0.49  0.46          0.66   0.75
DOW          -0.27 -0.68     0.16  0.26  0.24       0.32  0.17  0.17  0.42     0.25  0.04    0.48   0.45    0.09  0.75  1.00    0.39  0.40          0.75   0.96
EU-OIL       -0.09 -0.22     0.07 -0.05  0.11       0.08  0.27  0.06  0.01     0.14 -0.09    0.19   0.23   -0.01  0.49  0.39    1.00  0.36          0.15   0.44
MXP          -0.15 -0.50     0.06 -0.10  0.23       0.44  0.23  0.14  0.15     0.01 -0.12    0.41   0.41    0.16  0.46  0.40    0.36  1.00          0.37   0.47
NASDAQ_micro -0.29 -0.63     0.12  0.24  0.25       0.36  0.28  0.15  0.34     0.08  0.06    0.58   0.47    0.14  0.66  0.75    0.15  0.37          1.00   0.73
R1000        -0.30 -0.68     0.21  0.26  0.30       0.37  0.22  0.19  0.40     0.25  0.06    0.48   0.45    0.09  0.75  0.96    0.44  0.47          0.73   1.00


********************************************************************************
                                 END OF REPORT                                  
********************************************************************************


