
********************************************************************************
                    Risk report produced on 14/01/2025 22:53                    
********************************************************************************


Total risk across all strategies, annualised percentage 12.5
Percentage of capital used for margin 67.5%

========================================
Risk per strategy, annualised percentage
========================================

                  risk
dynamic_TF_carry  12.4


===================
Risk by asset class
===================

Ags       2.5
Bond      5.3
Equity    1.5
FX        6.7
Metals    2.1
OilGas    0.5
dtype: float64


=====================================================
Beta loadings of asset class positions on asset class
=====================================================

FX       -1.03
Bond     -0.50
Metals   -0.12
Ags       0.01
OilGas    0.02
Equity    0.13
dtype: float64


========================================================
Beta loadings of full portfolio positions on asset class
========================================================

FX       -1.69
Bond     -0.96
Metals   -0.22
Ags      -0.08
OilGas    0.07
Equity    0.22
dtype: float64


===================================================================================================================================================================================================================================================================
                                                                                                                          Instrument risk                                                                                                                          
===================================================================================================================================================================================================================================================================

               daily_price_stdev  annual_price_stdev     price  daily_perc_stdev  annual_perc_stdev  point_size_base  contract_exposure  daily_risk_per_contract  annual_risk_per_contract  position  capital  exposure_held_perc_capital  annual_risk_perc_capital
CHF                        0.005               0.077      1.10              0.44                7.0         102303.0             112870                      491                      7861        -3   578488                       -58.5                      -4.1
JPY                        0.000               0.001      0.01              0.58                9.2       10230304.6              65248                      376                      6021        -3   578488                       -33.8                      -3.1
BUXL                       1.009              16.138    125.32              0.80               12.9            839.4             105194                      846                     13546        -1   578488                       -18.2                      -2.3
US30                       0.957              15.318    115.31              0.83               13.3            818.4              94374                      783                     12536        -1   578488                       -16.3                      -2.2
ALUMINIUM                 30.304             484.871   2598.75              1.17               18.7             20.5              53172                      620                      9920        -1   578488                        -9.2                      -1.7
SOYMEAL                    4.981              79.697    313.20              1.59               25.4             81.8              25633                      407                      6522        -1   578488                        -4.4                      -1.1
US10U                      0.464               7.422    109.41              0.42                6.8            818.4              89540                      379                      6074        -1   578488                       -15.5                      -1.1
RUSSELL                   27.015             432.246   2219.80              1.22               19.5              4.1               9083                      110                      1768        -3   578488                        -4.7                      -0.9
SUGAR11                    0.272               4.357     17.37              1.57               25.1            916.6              15921                      249                      3994        -1   578488                        -2.8                      -0.7
COPPER-micro               0.049               0.787      4.34              1.13               18.1           2046.1               8888                      100                      1609        -2   578488                        -3.1                      -0.6
CAD                        0.002               0.036      0.70              0.32                5.2          81842.4              57101                      185                      2961        -1   578488                        -9.9                      -0.5
EURO600                    3.278              52.444    509.00              0.64               10.3             42.0              21362                      137                      2201        -1   578488                        -3.7                      -0.4
BRE                        0.001               0.023      0.16              0.87               14.0          81842.4              13487                      117                      1886        -1   578488                        -2.3                      -0.3
CANOLA                     8.702             139.227    650.90              1.34               21.4             11.4               7410                       99                      1585        -1   578488                        -1.3                      -0.3
CRUDE_W_micro              1.042              16.665     75.26              1.38               22.1             81.8               6159                       85                      1363         2   578488                         2.1                       0.5
MSCISING                   3.088              49.411    372.75              0.83               13.3             59.8              22287                      184                      2954         1   578488                         3.9                       0.5
NIKKEI                   416.132            6658.118  38395.00              1.08               17.3              0.5              19948                      216                      3459         1   578488                         3.4                       0.6
DAX                      135.957            2175.309  20380.00              0.67               10.7              0.8              17107                      114                      1825         2   578488                         5.9                       0.6
TOPIX                     26.418             422.690   2677.25              0.99               15.8              5.2              13909                      137                      2196         2   578488                         4.8                       0.8
FEEDCOW                    1.904              30.469    267.82              0.71               11.4            409.2             109597                      779                     12468         1   578488                        18.9                       2.2

Sum of abs(notional exposure % capital) 222.7
Sum of abs(annualised risk % capital) 24.5
Net sum of annualised risk % capital -14.1 

====================================================================================================================================================================================
                                                                                    Correlations                                                                                    
====================================================================================================================================================================================

               BUXL   CHF   JPY  US10U  US30  SOYMEAL  CANOLA  CRUDE_W_micro  FEEDCOW  SUGAR11   DAX  EURO600  MSCISING  NIKKEI  RUSSELL  TOPIX  ALUMINIUM   BRE   CAD  COPPER-micro
BUXL           1.00  0.38  0.55   0.78  0.80     0.25   -0.33          -0.32    -0.11    -0.09 -0.04     0.02      0.04   -0.08     0.11  -0.06      -0.17 -0.10  0.09         -0.07
CHF            0.38  1.00  0.67   0.59  0.54     0.34   -0.12          -0.33    -0.27     0.02 -0.02     0.01     -0.15   -0.11    -0.04  -0.17      -0.08 -0.09  0.24          0.11
JPY            0.55  0.67  1.00   0.71  0.65     0.27   -0.32          -0.44    -0.28    -0.08  0.03     0.06     -0.01   -0.20     0.15  -0.25      -0.02 -0.05  0.16          0.09
US10U          0.78  0.59  0.71   1.00  0.96     0.24   -0.30          -0.29    -0.16     0.02  0.08     0.15      0.15    0.04     0.24  -0.01      -0.07  0.04  0.27          0.11
US30           0.80  0.54  0.65   0.96  1.00     0.22   -0.30          -0.28    -0.19     0.02  0.08     0.16      0.14    0.06     0.25   0.03      -0.08  0.03  0.26          0.10
SOYMEAL        0.25  0.34  0.27   0.24  0.22     1.00    0.10          -0.21    -0.00     0.02  0.08     0.09     -0.07    0.04     0.00   0.06       0.13  0.13  0.13          0.15
CANOLA        -0.33 -0.12 -0.32  -0.30 -0.30     0.10    1.00           0.09    -0.01     0.34  0.19     0.10     -0.09    0.15    -0.00   0.17       0.18  0.13 -0.04          0.11
CRUDE_W_micro -0.32 -0.33 -0.44  -0.29 -0.28    -0.21    0.09           1.00     0.32     0.12 -0.03     0.02      0.09    0.17     0.11   0.12       0.30  0.33  0.24          0.28
FEEDCOW       -0.11 -0.27 -0.28  -0.16 -0.19    -0.00   -0.01           0.32     1.00     0.12  0.23     0.25      0.25    0.20     0.22   0.19       0.26  0.01  0.09          0.24
SUGAR11       -0.09  0.02 -0.08   0.02  0.02     0.02    0.34           0.12     0.12     1.00  0.20     0.19      0.10    0.26     0.12   0.24       0.09  0.05  0.14          0.09
DAX           -0.04 -0.02  0.03   0.08  0.08     0.08    0.19          -0.03     0.23     0.20  1.00     0.93      0.44    0.51     0.47   0.46       0.31  0.19  0.21          0.37
EURO600        0.02  0.01  0.06   0.15  0.16     0.09    0.10           0.02     0.25     0.19  0.93     1.00      0.47    0.52     0.49   0.47       0.32  0.25  0.31          0.38
MSCISING       0.04 -0.15 -0.01   0.15  0.14    -0.07   -0.09           0.09     0.25     0.10  0.44     0.47      1.00    0.44     0.55   0.46       0.34  0.26  0.21          0.33
NIKKEI        -0.08 -0.11 -0.20   0.04  0.06     0.04    0.15           0.17     0.20     0.26  0.51     0.52      0.44    1.00     0.41   0.95       0.21  0.19  0.20          0.27
RUSSELL        0.11 -0.04  0.15   0.24  0.25     0.00   -0.00           0.11     0.22     0.12  0.47     0.49      0.55    0.41     1.00   0.43       0.23  0.17  0.45          0.13
TOPIX         -0.06 -0.17 -0.25  -0.01  0.03     0.06    0.17           0.12     0.19     0.24  0.46     0.47      0.46    0.95     0.43   1.00       0.17  0.14  0.19          0.20
ALUMINIUM     -0.17 -0.08 -0.02  -0.07 -0.08     0.13    0.18           0.30     0.26     0.09  0.31     0.32      0.34    0.21     0.23   0.17       1.00  0.43  0.35          0.55
BRE           -0.10 -0.09 -0.05   0.04  0.03     0.13    0.13           0.33     0.01     0.05  0.19     0.25      0.26    0.19     0.17   0.14       0.43  1.00  0.47          0.35
CAD            0.09  0.24  0.16   0.27  0.26     0.13   -0.04           0.24     0.09     0.14  0.21     0.31      0.21    0.20     0.45   0.19       0.35  0.47  1.00          0.34
COPPER-micro  -0.07  0.11  0.09   0.11  0.10     0.15    0.11           0.28     0.24     0.09  0.37     0.38      0.33    0.27     0.13   0.20       0.55  0.35  0.34          1.00


********************************************************************************
                                 END OF REPORT                                  
********************************************************************************


