
********************************************************************************
                    Risk report produced on 06/11/2024 22:52                    
********************************************************************************


Total risk across all strategies, annualised percentage 9.4
Percentage of capital used for margin 69.8%

========================================
Risk per strategy, annualised percentage
========================================

                  risk
dynamic_TF_carry   9.5


===================
Risk by asset class
===================

Ags       2.4
Bond      2.8
Equity    5.6
FX        3.8
Metals    2.0
OilGas    2.7
Sector    1.5
Vol       1.2
dtype: float64


=====================================================
Beta loadings of asset class positions on asset class
=====================================================

FX       -0.49
Bond     -0.19
Sector   -0.08
Ags      -0.07
OilGas   -0.07
Vol      -0.02
Metals    0.09
Equity    0.40
dtype: float64


========================================================
Beta loadings of full portfolio positions on asset class
========================================================

Bond     -0.32
FX       -0.29
Vol      -0.14
Ags      -0.14
OilGas   -0.05
Metals    0.15
Sector    0.16
Equity    0.46
dtype: float64


===================================================================================================================================================================================================================================================================
                                                                                                                          Instrument risk                                                                                                                          
===================================================================================================================================================================================================================================================================

               daily_price_stdev  annual_price_stdev     price  daily_perc_stdev  annual_perc_stdev  point_size_base  contract_exposure  daily_risk_per_contract  annual_risk_per_contract  position  capital  exposure_held_perc_capital  annual_risk_perc_capital
BUXL                       1.247              19.954    132.24              0.94               15.1            833.9             110277                     1039                     16639        -1   593996                       -18.6                      -2.8
GAS-PEN                    0.096               1.532      2.67              3.58               57.3           7773.2              20770                      744                     11904        -1   593996                        -3.5                      -2.0
CHF                        0.005               0.076      1.16              0.41                6.6          97165.1             113037                      463                      7420        -1   593996                       -19.0                      -1.2
JPY                        0.000               0.001      0.01              0.69               11.0        9716511.1              64488                      444                      7113        -1   593996                       -10.9                      -1.2
VIX                        0.557               8.910     18.00              3.09               49.5            777.3              13991                      432                      6926        -1   593996                        -2.4                      -1.2
EU-BASIC                   7.995             127.923    553.60              1.44               23.1             41.7              23082                      333                      5333        -1   593996                        -3.9                      -0.9
COTTON2                    0.840              13.444     69.96              1.20               19.2            388.7              27190                      326                      5225        -1   593996                        -4.6                      -0.9
SOYMEAL                    4.025              64.405    300.60              1.34               21.4             77.7              23366                      312                      5006        -1   593996                        -3.9                      -0.8
EU-AUTO                    6.962             111.384    544.40              1.28               20.5             41.7              22699                      290                      4644        -1   593996                        -3.8                      -0.8
NZD                        0.003               0.052      0.60              0.54                8.6          77732.1              46612                      251                      4016        -1   593996                        -7.8                      -0.7
CRUDE_W_micro              1.535              24.568     71.79              2.14               34.2             77.7               5580                      119                      1909        -2   593996                        -1.9                      -0.6
CORN                       4.656              74.497    418.50              1.11               17.8             38.9              16265                      180                      2895        -1   593996                        -2.7                      -0.5
GAS_US_mini                0.092               1.475      2.94              3.14               50.2           1943.3               5713                      179                      2866        -1   593996                        -1.0                      -0.5
HANGENT_mini             169.023            2704.373   7340.00              2.30               36.8              1.0               7337                      168                      2703        -1   593996                        -1.2                      -0.5
MXP                        0.000               0.006      0.05              0.77               12.3         388660.4              19215                      148                      2372        -1   593996                        -3.2                      -0.4
MILLWHEAT                  2.543              40.695    224.75              1.13               18.1             41.7               9371                      106                      1696        -1   593996                        -1.6                      -0.3
CANOLA                     8.694             139.112    632.10              1.38               22.0             11.2               7056                       97                      1552        -1   593996                        -1.2                      -0.3
MUMMY                     13.114             209.824    614.00              2.14               34.2              5.0               3099                       66                      1059         1   593996                         0.5                       0.2
BITCOIN                 1756.327           28101.226  70360.00              2.50               39.9              0.1               5469                      136                      2184         1   593996                         0.9                       0.4
GOLD_micro                19.990             319.844   2751.20              0.73               11.6              7.8              21385                      155                      2486         1   593996                         3.6                       0.4
RUSSELL                   23.904             382.470   2264.00              1.06               16.9              3.9               8799                       92                      1486         2   593996                         3.0                       0.5
MSCISING                   2.273              36.369    342.70              0.66               10.6             58.4              19997                      132                      2122         2   593996                         6.7                       0.7
NIKKEI                   549.057            8784.909  39250.00              1.40               22.4              0.5              19813                      277                      4434         1   593996                         3.3                       0.7
YENEUR                     0.898              14.371    164.93              0.54                8.7            631.0             104070                      566                      9068         1   593996                        17.5                       1.5
PLAT                      16.247             259.948   1005.70              1.62               25.8             38.9              39087                      631                     10103         1   593996                         6.6                       1.7
LEANHOG                    1.198              19.162     81.12              1.48               23.6            310.9              25224                      372                      5958         2   593996                         8.5                       2.0
MSCITAIWAN                10.444             167.110    974.50              1.07               17.1             77.7              75749                      811                     12989         1   593996                        12.8                       2.2
MIB                      267.785            4284.561  34250.00              0.78               12.5              4.2             142808                     1116                     17864         1   593996                        24.0                       3.0

Sum of abs(notional exposure % capital) 178.6
Sum of abs(annualised risk % capital) 28.9
Net sum of annualised risk % capital -2.3 

==================================================================================================================================================================================================================================================================
                                                                                                                           Correlations                                                                                                                           
==================================================================================================================================================================================================================================================================

               BITCOIN  CANOLA  CORN  COTTON2  GAS-PEN  GAS_US_mini  LEANHOG  MILLWHEAT  SOYMEAL  EU-AUTO  EU-BASIC  HANGENT_mini   MIB  MSCISING  MSCITAIWAN  MUMMY  NIKKEI  RUSSELL  CRUDE_W_micro   MXP  YENEUR  BUXL   CHF  GOLD_micro   JPY   NZD  PLAT   VIX
BITCOIN           1.00    0.01  0.01     0.29    -0.13        -0.09     0.13      -0.09     0.05     0.17      0.07          0.03  0.19      0.13        0.12   0.12    0.09     0.31          -0.20  0.01   -0.10  0.07 -0.01        0.18  0.15  0.12  0.09 -0.09
CANOLA            0.01    1.00  0.16     0.10     0.09         0.12     0.35       0.16     0.24     0.10      0.26          0.16  0.21     -0.09        0.05   0.05    0.12     0.10           0.16 -0.04    0.39 -0.26 -0.11       -0.03 -0.36  0.02 -0.06 -0.02
CORN              0.01    0.16  1.00    -0.03     0.21         0.19    -0.02       0.40     0.42     0.04      0.32          0.24 -0.01      0.05        0.17  -0.07   -0.03    -0.05           0.08  0.10   -0.02  0.07  0.03        0.03 -0.01 -0.02  0.06  0.10
COTTON2           0.29    0.10 -0.03     1.00    -0.02         0.04     0.17      -0.04    -0.11     0.12      0.20          0.15  0.17      0.15        0.21   0.14    0.26     0.23           0.29  0.17    0.16 -0.17 -0.14       -0.04 -0.10  0.19  0.03 -0.18
GAS-PEN          -0.13    0.09  0.21    -0.02     1.00         0.97    -0.18      -0.04     0.12    -0.01      0.22          0.28 -0.07     -0.05        0.11  -0.13    0.09    -0.12           0.25  0.11    0.08 -0.06  0.05        0.04 -0.07  0.13  0.07 -0.09
GAS_US_mini      -0.09    0.12  0.19     0.04     0.97         1.00    -0.17      -0.06     0.11    -0.02      0.19          0.29 -0.07     -0.06        0.14  -0.15    0.07    -0.13           0.22  0.07    0.11 -0.03  0.01        0.04 -0.09  0.13  0.06 -0.10
LEANHOG           0.13    0.35 -0.02     0.17    -0.18        -0.17     1.00      -0.15    -0.07     0.05      0.08         -0.07  0.13      0.09       -0.26   0.15   -0.00     0.23           0.10 -0.06    0.25 -0.16 -0.04       -0.08 -0.20 -0.05 -0.11  0.04
MILLWHEAT        -0.09    0.16  0.40    -0.04    -0.04        -0.06    -0.15       1.00     0.19    -0.13      0.11          0.08  0.03      0.06        0.05  -0.08   -0.01    -0.09           0.03  0.19    0.08 -0.03 -0.19       -0.05 -0.17 -0.13 -0.03 -0.09
SOYMEAL           0.05    0.24  0.42    -0.11     0.12         0.11    -0.07       0.19     1.00     0.16      0.33          0.29  0.08     -0.04        0.00   0.00    0.05    -0.03          -0.26 -0.14   -0.29  0.25  0.30        0.05  0.31  0.17  0.18  0.11
EU-AUTO           0.17    0.10  0.04     0.12    -0.01        -0.02     0.05      -0.13     0.16     1.00      0.57          0.42  0.81      0.36        0.40   0.34    0.58     0.44          -0.06  0.14    0.10 -0.01  0.09        0.07  0.04  0.40  0.16 -0.36
EU-BASIC          0.07    0.26  0.32     0.20     0.22         0.19     0.08       0.11     0.33     0.57      1.00          0.70  0.55      0.44        0.43   0.25    0.46     0.40           0.22  0.37    0.14 -0.04  0.00        0.20 -0.05  0.40  0.41 -0.30
HANGENT_mini      0.03    0.16  0.24     0.15     0.28         0.29    -0.07       0.08     0.29     0.42      0.70          1.00  0.35      0.34        0.31   0.28    0.37     0.17           0.07  0.12    0.11  0.05  0.09        0.13  0.01  0.44  0.22 -0.24
MIB               0.19    0.21 -0.01     0.17    -0.07        -0.07     0.13       0.03     0.08     0.81      0.55          0.35  1.00      0.46        0.45   0.38    0.55     0.57          -0.04  0.22    0.25 -0.17 -0.06        0.08 -0.09  0.31  0.16 -0.55
MSCISING          0.13   -0.09  0.05     0.15    -0.05        -0.06     0.09       0.06    -0.04     0.36      0.44          0.34  0.46      1.00        0.41   0.40    0.44     0.51           0.04  0.33    0.17 -0.00 -0.02        0.25 -0.01  0.30  0.33 -0.50
MSCITAIWAN        0.12    0.05  0.17     0.21     0.11         0.14    -0.26       0.05     0.00     0.40      0.43          0.31  0.45      0.41        1.00   0.24    0.57     0.39           0.14  0.29    0.20  0.05 -0.18        0.16 -0.16  0.28  0.24 -0.50
MUMMY             0.12    0.05 -0.07     0.14    -0.13        -0.15     0.15      -0.08     0.00     0.34      0.25          0.28  0.38      0.40        0.24   1.00    0.67     0.51          -0.11  0.06    0.25 -0.06 -0.02       -0.12 -0.13  0.29 -0.06 -0.41
NIKKEI            0.09    0.12 -0.03     0.26     0.09         0.07    -0.00      -0.01     0.05     0.58      0.46          0.37  0.55      0.44        0.57   0.67    1.00     0.40           0.10  0.19    0.35 -0.08 -0.07        0.03 -0.23  0.34  0.08 -0.45
RUSSELL           0.31    0.10 -0.05     0.23    -0.12        -0.13     0.23      -0.09    -0.03     0.44      0.40          0.17  0.57      0.51        0.39   0.51    0.40     1.00           0.02  0.39    0.13 -0.01 -0.08        0.08  0.03  0.24  0.19 -0.63
CRUDE_W_micro    -0.20    0.16  0.08     0.29     0.25         0.22     0.10       0.03    -0.26    -0.06      0.22          0.07 -0.04      0.04        0.14  -0.11    0.10     0.02           1.00  0.43    0.43 -0.26 -0.25        0.09 -0.43 -0.11  0.08 -0.08
MXP               0.01   -0.04  0.10     0.17     0.11         0.07    -0.06       0.19    -0.14     0.14      0.37          0.12  0.22      0.33        0.29   0.06    0.19     0.39           0.43  1.00    0.25 -0.09 -0.27        0.18 -0.15  0.07  0.42 -0.38
YENEUR           -0.10    0.39 -0.02     0.16     0.08         0.11     0.25       0.08    -0.29     0.10      0.14          0.11  0.25      0.17        0.20   0.25    0.35     0.13           0.43  0.25    1.00 -0.48 -0.48       -0.12 -0.88 -0.09 -0.14 -0.33
BUXL              0.07   -0.26  0.07    -0.17    -0.06        -0.03    -0.16      -0.03     0.25    -0.01     -0.04          0.05 -0.17     -0.00        0.05  -0.06   -0.08    -0.01          -0.26 -0.09   -0.48  1.00  0.31        0.32  0.45  0.16  0.16  0.17
CHF              -0.01   -0.11  0.03    -0.14     0.05         0.01    -0.04      -0.19     0.30     0.09      0.00          0.09 -0.06     -0.02       -0.18  -0.02   -0.07    -0.08          -0.25 -0.27   -0.48  0.31  1.00        0.21  0.69  0.51  0.16  0.32
GOLD_micro        0.18   -0.03  0.03    -0.04     0.04         0.04    -0.08      -0.05     0.05     0.07      0.20          0.13  0.08      0.25        0.16  -0.12    0.03     0.08           0.09  0.18   -0.12  0.32  0.21        1.00  0.22  0.25  0.51  0.06
JPY               0.15   -0.36 -0.01    -0.10    -0.07        -0.09    -0.20      -0.17     0.31     0.04     -0.05          0.01 -0.09     -0.01       -0.16  -0.13   -0.23     0.03          -0.43 -0.15   -0.88  0.45  0.69        0.22  1.00  0.39  0.25  0.20
NZD               0.12    0.02 -0.02     0.19     0.13         0.13    -0.05      -0.13     0.17     0.40      0.40          0.44  0.31      0.30        0.28   0.29    0.34     0.24          -0.11  0.07   -0.09  0.16  0.51        0.25  0.39  1.00  0.31 -0.22
PLAT              0.09   -0.06  0.06     0.03     0.07         0.06    -0.11      -0.03     0.18     0.16      0.41          0.22  0.16      0.33        0.24  -0.06    0.08     0.19           0.08  0.42   -0.14  0.16  0.16        0.51  0.25  0.31  1.00 -0.07
VIX              -0.09   -0.02  0.10    -0.18    -0.09        -0.10     0.04      -0.09     0.11    -0.36     -0.30         -0.24 -0.55     -0.50       -0.50  -0.41   -0.45    -0.63          -0.08 -0.38   -0.33  0.17  0.32        0.06  0.20 -0.22 -0.07  1.00


********************************************************************************
                                 END OF REPORT                                  
********************************************************************************


