
********************************************************************************
                    Risk report produced on 06/05/2026 22:53                    
********************************************************************************


Total risk across all strategies, annualised percentage 10.3
Percentage of capital used for margin 37.6%

========================================
Risk per strategy, annualised percentage
========================================

                  risk
dynamic_TF_carry  10.3


===================
Risk by asset class
===================

Ags       2.0
Bond      2.1
Equity    6.6
FX        2.6
Metals    1.6
OilGas    5.7
Other     0.2
Sector    1.7
Vol       0.1
dtype: float64


=====================================================
Beta loadings of asset class positions on asset class
=====================================================

Bond     -0.30
Metals   -0.04
Vol      -0.00
Other     0.01
Ags       0.07
Sector    0.09
FX        0.09
OilGas    0.09
Equity    0.38
dtype: float64


========================================================
Beta loadings of full portfolio positions on asset class
========================================================

Vol      -0.11
Bond     -0.03
Metals    0.04
OilGas    0.06
Other     0.11
FX        0.17
Equity    0.31
Ags       0.32
Sector    0.33
dtype: float64


===================================================================================================================================================================================================================================================================
                                                                                                                          Instrument risk                                                                                                                          
===================================================================================================================================================================================================================================================================

               daily_price_stdev  annual_price_stdev     price  daily_perc_stdev  annual_perc_stdev  point_size_base  contract_exposure  daily_risk_per_contract  annual_risk_per_contract  position  capital  exposure_held_perc_capital  annual_risk_perc_capital
DAX                      295.211            4723.381  25027.00              1.18               18.9              0.9              21612                      254                      4078        -3   696167                        -9.3                      -1.8
GAS-PEN                    0.096               1.536      2.79              3.44               55.1           7360.0              20519                      706                     11307        -1   696167                        -2.9                      -1.6
BITCOIN                 1840.594           29449.507  81455.00              2.26               36.2              0.1               5995                      135                      2167        -5   696167                        -4.3                      -1.6
LEANHOG                    1.125              17.998    102.25              1.10               17.6            294.4              30102                      331                      5298        -2   696167                        -8.6                      -1.5
CHF                        0.006               0.101      1.29              0.49                7.8          92000.0             118675                      579                      9270        -1   696167                       -17.0                      -1.3
BTP                        0.629              10.058    118.09              0.53                8.5            863.6             101979                      542                      8685        -1   696167                       -14.6                      -1.2
KR10                       0.482               7.713    108.28              0.45                7.1            500.4              54182                      241                      3859        -2   696167                       -15.6                      -1.1
JPY                        0.000               0.001      0.01              0.65               10.5        9200004.4              59031                      385                      6174        -1   696167                        -8.5                      -0.9
DOW                      459.948            7359.175  50102.00              0.92               14.7              0.4              18437                      169                      2708        -2   696167                        -5.3                      -0.8
EUR_micro                  0.004               0.070      1.18              0.37                5.9           9200.0              10833                       40                       644        -4   696167                        -6.2                      -0.4
V2X                        0.590               9.441     21.40              2.76               44.1             86.4               1848                       50                       815        -1   696167                        -0.3                      -0.1
RUBBER                     2.340              37.434    218.50              1.07               17.1             36.8               8040                       86                      1377         1   696167                         1.2                       0.2
MUMMY                     12.173             194.763    759.00              1.60               25.7              4.7               3573                       57                       916         2   696167                         1.0                       0.3
AUD_micro                  0.004               0.063      0.72              0.55                8.8           7360.0               5324                       29                       466         5   696167                         3.8                       0.3
CAD                        0.002               0.035      0.73              0.30                4.7          73600.0              54081                      160                      2566         1   696167                         7.8                       0.4
CORN                       4.432              70.908    489.25              0.91               14.5             36.8              18004                      163                      2609         1   696167                         2.6                       0.4
CANOLA                     8.718             139.486    743.30              1.17               18.8             10.8               8051                       94                      1510         2   696167                         2.3                       0.4
CRUDE_W_micro              2.672              42.748     87.40              3.06               48.9             73.6               6432                      196                      3146         1   696167                         0.9                       0.5
MXP                        0.000               0.005      0.06              0.58                9.3         368000.2              21288                      124                      1989         2   696167                         6.1                       0.6
NZD                        0.004               0.062      0.60              0.65               10.4          73600.0              43917                      285                      4574         1   696167                         6.3                       0.7
EU-OIL                     7.595             121.520    538.40              1.41               22.6             43.2              23247                      327                      5247         1   696167                         3.3                       0.8
GBP                        0.006               0.091      1.36              0.42                6.7          46000.0              62532                      262                      4197         2   696167                        18.0                       1.2
YENEUR                     0.910              14.561    183.53              0.50                7.9            588.5             108008                      535                      8569         1   696167                        15.5                       1.2
LIVECOW                    2.001              32.020    253.48              0.79               12.6            294.4              74623                      589                      9426         1   696167                        10.7                       1.4
EU-BASIC                  13.841             221.454    825.40              1.68               26.8             43.2              35639                      597                      9562         1   696167                         5.1                       1.4
RUSSELL                   32.573             521.175   2891.10              1.13               18.0              3.7              10639                      119                      1917         5   696167                         7.6                       1.4
MSCIEMASIA                17.023             272.371   1142.20              1.49               23.8             73.6              84065                     1252                     20046         1   696167                        12.1                       2.9
MIB                      539.038            8624.604  49100.00              1.10               17.6              4.3             212006                     2327                     37239         1   696167                        30.5                       5.3
GASOILINE                  0.076               1.208      3.30              2.29               36.6          30912.0             102158                     2334                     37353         1   696167                        14.7                       5.4

Sum of abs(notional exposure % capital) 242.1
Sum of abs(annualised risk % capital) 37.1
Net sum of annualised risk % capital 12.5 

=====================================================================================================================================================================================================================================================
                                                                                                                    Correlations                                                                                                                     
=====================================================================================================================================================================================================================================================

               CANOLA  CORN  CRUDE_W_micro  EU-OIL  GAS-PEN  GASOILINE   V2X  AUD_micro   CAD   CHF  EUR_micro   GBP   JPY  MSCIEMASIA   MXP   NZD  BITCOIN  LEANHOG  LIVECOW  RUBBER  YENEUR   BTP   DAX   DOW  EU-BASIC  KR10   MIB  MUMMY  RUSSELL
CANOLA           1.00  0.43           0.44    0.16     0.05       0.47  0.30      -0.05  0.08 -0.04      -0.12 -0.07 -0.10       -0.16 -0.16 -0.03     0.02     0.23    -0.15    0.04   -0.02 -0.22 -0.26 -0.10     -0.18 -0.27 -0.21  -0.04    -0.12
CORN             0.43  1.00           0.46    0.04     0.20       0.47  0.22       0.13  0.27  0.09      -0.06 -0.01  0.11       -0.03 -0.18  0.09     0.00     0.04    -0.10    0.06   -0.19 -0.28 -0.21 -0.07     -0.16 -0.26 -0.22  -0.14    -0.08
CRUDE_W_micro    0.44  0.46           1.00    0.54     0.30       0.91  0.30      -0.10  0.02 -0.32      -0.43 -0.28 -0.23       -0.34 -0.33 -0.22     0.08     0.18    -0.02    0.04   -0.12 -0.53 -0.40 -0.27     -0.27 -0.30 -0.27   0.01    -0.21
EU-OIL           0.16  0.04           0.54    1.00     0.10       0.62 -0.03      -0.02 -0.24 -0.37      -0.29 -0.22 -0.26       -0.01  0.05 -0.08    -0.02     0.19     0.06    0.24    0.03 -0.19  0.03 -0.08      0.21 -0.16  0.22   0.16    -0.01
GAS-PEN          0.05  0.20           0.30    0.10     1.00       0.20  0.10       0.09  0.28  0.05      -0.00  0.08  0.11       -0.04 -0.17  0.11     0.11    -0.12    -0.04    0.04   -0.14 -0.25 -0.19 -0.21     -0.11 -0.18 -0.13  -0.23    -0.23
GASOILINE        0.47  0.47           0.91    0.62     0.20       1.00  0.30      -0.08 -0.00 -0.30      -0.38 -0.26 -0.22       -0.26 -0.25 -0.19     0.06     0.14    -0.03    0.05   -0.09 -0.47 -0.37 -0.23     -0.30 -0.28 -0.24  -0.01    -0.15
V2X              0.30  0.22           0.30   -0.03     0.10       0.30  1.00      -0.47 -0.11 -0.05      -0.22 -0.32 -0.03       -0.66 -0.46 -0.37    -0.25    -0.03    -0.16   -0.18   -0.18 -0.50 -0.78 -0.69     -0.66 -0.22 -0.76  -0.50    -0.70
AUD_micro       -0.05  0.13          -0.10   -0.02     0.09      -0.08 -0.47       1.00  0.67  0.58       0.63  0.67  0.41        0.64  0.52  0.88     0.14    -0.00     0.10    0.16    0.10  0.22  0.39  0.51      0.51  0.15  0.35   0.31     0.44
CAD              0.08  0.27           0.02   -0.24     0.28      -0.00 -0.11       0.67  1.00  0.66       0.54  0.59  0.47        0.22  0.27  0.69     0.12    -0.05     0.07    0.03   -0.01  0.02 -0.05  0.13      0.05  0.07 -0.13   0.01     0.08
CHF             -0.04  0.09          -0.32   -0.37     0.05      -0.30 -0.05       0.58  0.66  1.00       0.83  0.70  0.64        0.29  0.33  0.72    -0.01    -0.11    -0.01    0.09    0.03  0.21  0.04  0.13      0.13  0.19 -0.05  -0.04     0.00
EUR_micro       -0.12 -0.06          -0.43   -0.29    -0.00      -0.38 -0.22       0.63  0.54  0.83       1.00  0.82  0.57        0.43  0.55  0.76     0.03    -0.03     0.12    0.11    0.25  0.16  0.21  0.19      0.27  0.13  0.13   0.00     0.14
GBP             -0.07 -0.01          -0.28   -0.22     0.08      -0.26 -0.32       0.67  0.59  0.70       0.82  1.00  0.57        0.43  0.49  0.81     0.10     0.01     0.17    0.16    0.12  0.14  0.21  0.21      0.26  0.14  0.14   0.01     0.23
JPY             -0.10  0.11          -0.23   -0.26     0.11      -0.22 -0.03       0.41  0.47  0.64       0.57  0.57  1.00        0.22  0.18  0.50     0.13    -0.28     0.04    0.09   -0.64  0.26  0.03  0.02      0.09  0.22 -0.03  -0.12     0.02
MSCIEMASIA      -0.16 -0.03          -0.34   -0.01    -0.04      -0.26 -0.66       0.64  0.22  0.29       0.43  0.43  0.22        1.00  0.54  0.52     0.21    -0.06    -0.00    0.19    0.12  0.49  0.72  0.68      0.69  0.18  0.67   0.36     0.68
MXP             -0.16 -0.18          -0.33    0.05    -0.17      -0.25 -0.46       0.52  0.27  0.33       0.55  0.49  0.18        0.54  1.00  0.49     0.03     0.03     0.14    0.04    0.30  0.36  0.44  0.36      0.49  0.18  0.39   0.20     0.40
NZD             -0.03  0.09          -0.22   -0.08     0.11      -0.19 -0.37       0.88  0.69  0.72       0.76  0.81  0.50        0.52  0.49  1.00     0.11     0.06     0.09    0.16    0.13  0.20  0.27  0.35      0.39  0.12  0.22   0.14     0.30
BITCOIN          0.02  0.00           0.08   -0.02     0.11       0.06 -0.25       0.14  0.12 -0.01       0.03  0.10  0.13        0.21  0.03  0.11     1.00    -0.08     0.03   -0.07   -0.13  0.07  0.27  0.20      0.11  0.07  0.19   0.16     0.29
LEANHOG          0.23  0.04           0.18    0.19    -0.12       0.14 -0.03      -0.00 -0.05 -0.11      -0.03  0.01 -0.28       -0.06  0.03  0.06    -0.08     1.00     0.02    0.10    0.29 -0.20  0.04  0.16      0.15 -0.27  0.07   0.10     0.21
LIVECOW         -0.15 -0.10          -0.02    0.06    -0.04      -0.03 -0.16       0.10  0.07 -0.01       0.12  0.17  0.04       -0.00  0.14  0.09     0.03     0.02     1.00    0.06    0.05 -0.14  0.17  0.06      0.13 -0.00  0.12   0.03     0.11
RUBBER           0.04  0.06           0.04    0.24     0.04       0.05 -0.18       0.16  0.03  0.09       0.11  0.16  0.09        0.19  0.04  0.16    -0.07     0.10     0.06    1.00   -0.01  0.08  0.28  0.22      0.42 -0.03  0.26   0.16     0.26
YENEUR          -0.02 -0.19          -0.12    0.03    -0.14      -0.09 -0.18       0.10 -0.01  0.03       0.25  0.12 -0.64        0.12  0.30  0.13    -0.13     0.29     0.05   -0.01    1.00 -0.16  0.15  0.14      0.15 -0.12  0.16   0.14     0.09
BTP             -0.22 -0.28          -0.53   -0.19    -0.25      -0.47 -0.50       0.22  0.02  0.21       0.16  0.14  0.26        0.49  0.36  0.20     0.07    -0.20    -0.14    0.08   -0.16  1.00  0.55  0.42      0.43  0.55  0.49   0.35     0.42
DAX             -0.26 -0.21          -0.40    0.03    -0.19      -0.37 -0.78       0.39 -0.05  0.04       0.21  0.21  0.03        0.72  0.44  0.27     0.27     0.04     0.17    0.28    0.15  0.55  1.00  0.67      0.80  0.22  0.88   0.57     0.65
DOW             -0.10 -0.07          -0.27   -0.08    -0.21      -0.23 -0.69       0.51  0.13  0.13       0.19  0.21  0.02        0.68  0.36  0.35     0.20     0.16     0.06    0.22    0.14  0.42  0.67  1.00      0.59  0.16  0.62   0.41     0.89
EU-BASIC        -0.18 -0.16          -0.27    0.21    -0.11      -0.30 -0.66       0.51  0.05  0.13       0.27  0.26  0.09        0.69  0.49  0.39     0.11     0.15     0.13    0.42    0.15  0.43  0.80  0.59      1.00  0.09  0.77   0.45     0.59
KR10            -0.27 -0.26          -0.30   -0.16    -0.18      -0.28 -0.22       0.15  0.07  0.19       0.13  0.14  0.22        0.18  0.18  0.12     0.07    -0.27    -0.00   -0.03   -0.12  0.55  0.22  0.16      0.09  1.00  0.14   0.23     0.12
MIB             -0.21 -0.22          -0.27    0.22    -0.13      -0.24 -0.76       0.35 -0.13 -0.05       0.13  0.14 -0.03        0.67  0.39  0.22     0.19     0.07     0.12    0.26    0.16  0.49  0.88  0.62      0.77  0.14  1.00   0.56     0.58
MUMMY           -0.04 -0.14           0.01    0.16    -0.23      -0.01 -0.50       0.31  0.01 -0.04       0.00  0.01 -0.12        0.36  0.20  0.14     0.16     0.10     0.03    0.16    0.14  0.35  0.57  0.41      0.45  0.23  0.56   1.00     0.43
RUSSELL         -0.12 -0.08          -0.21   -0.01    -0.23      -0.15 -0.70       0.44  0.08  0.00       0.14  0.23  0.02        0.68  0.40  0.30     0.29     0.21     0.11    0.26    0.09  0.42  0.65  0.89      0.59  0.12  0.58   0.43     1.00


********************************************************************************
                                 END OF REPORT                                  
********************************************************************************


