
********************************************************************************
                    Risk report produced on 27/06/2024 22:51                    
********************************************************************************


Total risk across all strategies, annualised percentage 10.8
Percentage of capital used for margin 78.3%

========================================
Risk per strategy, annualised percentage
========================================

                  risk
dynamic_TF_carry  10.8


===================
Risk by asset class
===================

Ags       1.1
Bond      1.3
Equity    7.2
FX        3.7
Metals    0.7
OilGas    0.2
Vol       3.1
dtype: float64


=====================================================
Beta loadings of asset class positions on asset class
=====================================================

Bond     -0.17
Vol      -0.10
Metals   -0.02
OilGas    0.01
Ags       0.04
FX        0.13
Equity    0.67
dtype: float64


========================================================
Beta loadings of full portfolio positions on asset class
========================================================

Vol      -0.29
Bond     -0.19
OilGas    0.02
Metals    0.02
Ags       0.13
Equity    0.86
FX        0.89
dtype: float64


===================================================================================================================================================================================================================================================================
                                                                                                                          Instrument risk                                                                                                                          
===================================================================================================================================================================================================================================================================

               daily_price_stdev  annual_price_stdev     price  daily_perc_stdev  annual_perc_stdev  point_size_base  contract_exposure  daily_risk_per_contract  annual_risk_per_contract  position  capital  exposure_held_perc_capital  annual_risk_perc_capital
VIX                        0.305               4.886     14.85              2.06               32.9            791.2              11749                      241                      3865        -5   653518                        -9.0                      -3.0
EUROSTX                   42.706             683.304   4944.00              0.86               13.8              8.5              41835                      361                      5782        -2   653518                       -12.8                      -1.8
JPY                        0.000               0.001      0.01              0.55                8.8        9890296.8              62249                      341                      5459        -2   653518                       -19.1                      -1.7
BUND                       0.622               9.949    132.03              0.47                7.5            846.2             111722                      526                      8418        -1   653518                       -17.1                      -1.3
CHINAA-CON                16.005             256.080   1928.60              0.83               13.3             19.8              38148                      316                      5065        -1   653518                        -5.8                      -0.8
BITCOIN                 1692.552           27080.831  62030.00              2.73               43.7              0.1               4907                      133                      2142        -2   653518                        -1.5                      -0.7
CORN                       5.456              87.302    433.75              1.26               20.1             39.6              17159                      215                      3453        -1   653518                        -2.6                      -0.5
FTSECHINAA               101.270            1620.314  11904.00              0.85               13.6              0.8               9418                       80                      1282        -2   653518                        -2.9                      -0.4
DAX                      142.197            2275.157  18365.00              0.77               12.4              0.8              15540                      120                      1925        -1   653518                        -2.4                      -0.3
RUSSELL                   20.918             334.685   2051.70              1.02               16.3              4.0               8116                       82                      1324        -1   653518                        -1.2                      -0.2
V2X                        0.377               6.040     16.95              2.23               35.6             84.6               1434                       31                       511        -2   653518                        -0.4                      -0.2
CRUDE_W_micro              1.224              19.579     80.04              1.53               24.5             79.1               6332                       96                      1549         1   653518                         1.0                       0.2
SP500_micro               34.594             553.511   5432.50              0.63               10.1              4.0              21491                      136                      2189         1   653518                         3.3                       0.3
TOPIX                     23.052             368.834   2790.25              0.83               13.2              4.9              13762                      113                      1819         3   653518                         6.3                       0.8
LIVECOW                    1.337              21.389    185.98              0.72               11.5            316.5              58859                      423                      6769         1   653518                         9.0                       1.0
DOW                      246.942            3951.075  39495.00              0.63               10.0              0.4              15624                       97                      1563         5   653518                        12.0                       1.2
NIKKEI                   352.944            5647.109  39265.00              0.90               14.4              0.5              19367                      174                      2785         3   653518                         8.9                       1.3
NASDAQ_micro             165.873            2653.963  20047.50              0.83               13.2              1.6              31724                      262                      4199         2   653518                         9.7                       1.3
FTSETAIWAN                16.644             266.311   1913.50              0.87               13.9             31.6              60560                      526                      8428         1   653518                         9.3                       1.3
YENEUR                     0.776              12.409    170.72              0.45                7.3            616.5             105257                      478                      7650         2   653518                        32.2                       2.3
AEX                        5.719              91.497    927.90              0.62                9.9            169.2             157035                      967                     15484         1   653518                        24.0                       2.4
MIB                      344.444            5511.098  33550.00              1.03               16.4              4.2             141948                     1457                     23317         1   653518                        21.7                       3.6

Sum of abs(notional exposure % capital) 212.2
Sum of abs(annualised risk % capital) 26.6
Net sum of annualised risk % capital 4.8 

============================================================================================================================================================================================================
                                                                                                Correlations                                                                                                
============================================================================================================================================================================================================

                V2X   VIX  BITCOIN  BUND  CORN   JPY  CHINAA-CON  CRUDE_W_micro  FTSECHINAA  FTSETAIWAN  LIVECOW   AEX   DAX   DOW  EUROSTX   MIB  NASDAQ_micro  RUSSELL  SP500_micro  NIKKEI  TOPIX  YENEUR
V2X            1.00  0.80    -0.11  0.07 -0.09 -0.10       -0.12           0.02       -0.13       -0.28    -0.06 -0.61 -0.76 -0.58    -0.74 -0.69         -0.44    -0.59        -0.59   -0.42  -0.41   -0.23
VIX            0.80  1.00    -0.12  0.06 -0.08 -0.14       -0.24           0.09       -0.22       -0.29    -0.13 -0.49 -0.64 -0.64    -0.64 -0.59         -0.56    -0.60        -0.70   -0.38  -0.43   -0.22
BITCOIN       -0.11 -0.12     1.00  0.16  0.15  0.21       -0.06          -0.04       -0.15        0.19    -0.19  0.21  0.28  0.22     0.30  0.22          0.08     0.28         0.18    0.03  -0.05   -0.10
BUND           0.07  0.06     0.16  1.00  0.01  0.39       -0.04          -0.23       -0.08        0.28    -0.11  0.28  0.21  0.32     0.24  0.05          0.26     0.20         0.25   -0.06  -0.10   -0.31
CORN          -0.09 -0.08     0.15  0.01  1.00  0.14        0.05           0.19        0.03        0.22     0.03  0.03  0.09  0.13     0.03  0.00          0.13     0.10         0.14    0.00  -0.02    0.00
JPY           -0.10 -0.14     0.21  0.39  0.14  1.00        0.08          -0.01        0.03        0.20    -0.00  0.21  0.27  0.31     0.28  0.15          0.30     0.27         0.31   -0.32  -0.32   -0.67
CHINAA-CON    -0.12 -0.24    -0.06 -0.04  0.05  0.08        1.00           0.17        0.94        0.39     0.33  0.25  0.12  0.27     0.16  0.14          0.28     0.19         0.32    0.12   0.13    0.14
CRUDE_W_micro  0.02  0.09    -0.04 -0.23  0.19 -0.01        0.17           1.00        0.13        0.25     0.40  0.07 -0.05  0.08    -0.05  0.04          0.01     0.13         0.07    0.17   0.17   -0.00
FTSECHINAA    -0.13 -0.22    -0.15 -0.08  0.03  0.03        0.94           0.13        1.00        0.29     0.28  0.23  0.09  0.18     0.13  0.11          0.19     0.14         0.23    0.13   0.18    0.15
FTSETAIWAN    -0.28 -0.29     0.19  0.28  0.22  0.20        0.39           0.25        0.29        1.00     0.14  0.53  0.34  0.44     0.33  0.22          0.57     0.46         0.54    0.28   0.20   -0.01
LIVECOW       -0.06 -0.13    -0.19 -0.11  0.03 -0.00        0.33           0.40        0.28        0.14     1.00  0.06 -0.04  0.20     0.03  0.11          0.24     0.14         0.23    0.09   0.09    0.08
AEX           -0.61 -0.49     0.21  0.28  0.03  0.21        0.25           0.07        0.23        0.53     0.06  1.00  0.77  0.65     0.82  0.64          0.58     0.68         0.70    0.43   0.35    0.02
DAX           -0.76 -0.64     0.28  0.21  0.09  0.27        0.12          -0.05        0.09        0.34    -0.04  0.77  1.00  0.70     0.96  0.85          0.50     0.71         0.68    0.39   0.34    0.06
DOW           -0.58 -0.64     0.22  0.32  0.13  0.31        0.27           0.08        0.18        0.44     0.20  0.65  0.70  1.00     0.72  0.66          0.67     0.76         0.86    0.36   0.34    0.03
EUROSTX       -0.74 -0.64     0.30  0.24  0.03  0.28        0.16          -0.05        0.13        0.33     0.03  0.82  0.96  0.72     1.00  0.86          0.49     0.71         0.69    0.38   0.33    0.05
MIB           -0.69 -0.59     0.22  0.05  0.00  0.15        0.14           0.04        0.11        0.22     0.11  0.64  0.85  0.66     0.86  1.00          0.34     0.68         0.59    0.48   0.47    0.20
NASDAQ_micro  -0.44 -0.56     0.08  0.26  0.13  0.30        0.28           0.01        0.19        0.57     0.24  0.58  0.50  0.67     0.49  0.34          1.00     0.62         0.92    0.41   0.30    0.05
RUSSELL       -0.59 -0.60     0.28  0.20  0.10  0.27        0.19           0.13        0.14        0.46     0.14  0.68  0.71  0.76     0.71  0.68          0.62     1.00         0.78    0.47   0.42    0.03
SP500_micro   -0.59 -0.70     0.18  0.25  0.14  0.31        0.32           0.07        0.23        0.54     0.23  0.70  0.68  0.86     0.69  0.59          0.92     0.78         1.00    0.47   0.40    0.09
NIKKEI        -0.42 -0.38     0.03 -0.06  0.00 -0.32        0.12           0.17        0.13        0.28     0.09  0.43  0.39  0.36     0.38  0.48          0.41     0.47         0.47    1.00   0.93    0.45
TOPIX         -0.41 -0.43    -0.05 -0.10 -0.02 -0.32        0.13           0.17        0.18        0.20     0.09  0.35  0.34  0.34     0.33  0.47          0.30     0.42         0.40    0.93   1.00    0.44
YENEUR        -0.23 -0.22    -0.10 -0.31  0.00 -0.67        0.14          -0.00        0.15       -0.01     0.08  0.02  0.06  0.03     0.05  0.20          0.05     0.03         0.09    0.45   0.44    1.00


********************************************************************************
                                 END OF REPORT                                  
********************************************************************************


