
********************************************************************************
                    Risk report produced on 24/02/2026 22:53                    
********************************************************************************


Total risk across all strategies, annualised percentage 13.0
Percentage of capital used for margin 37.6%

========================================
Risk per strategy, annualised percentage
========================================

                  risk
dynamic_TF_carry  13.0


===================
Risk by asset class
===================

Ags        3.5
Bond       2.7
Equity    10.5
FX         2.0
Metals     1.9
OilGas     2.1
Sector     1.3
dtype: float64


=====================================================
Beta loadings of asset class positions on asset class
=====================================================

Metals   -0.05
Ags       0.01
Sector    0.05
OilGas    0.07
FX        0.29
Bond      0.83
Equity    0.83
dtype: float64


========================================================
Beta loadings of full portfolio positions on asset class
========================================================

OilGas    0.09
Metals    0.16
Ags       0.19
Sector    0.37
Bond      0.44
Equity    0.91
FX        1.12
dtype: float64


==================================================================================================================================================================================================================================================================
                                                                                                                         Instrument risk                                                                                                                          
==================================================================================================================================================================================================================================================================

              daily_price_stdev  annual_price_stdev     price  daily_perc_stdev  annual_perc_stdev  point_size_base  contract_exposure  daily_risk_per_contract  annual_risk_per_contract  position  capital  exposure_held_perc_capital  annual_risk_perc_capital
COCOA                   192.690            3083.032   3145.00              6.13               98.0              7.4              23320                     1428                     22861        -1   700369                        -3.3                      -3.3
BITCOIN                2858.591           45737.453  64800.00              4.41               70.6              0.1               4805                      211                      3391        -3   700369                        -2.1                      -1.5
KR10                      0.404               6.470    111.53              0.36                5.8            509.7              56847                      206                      3297        -3   700369                       -24.4                      -1.4
SP500_micro              53.345             853.520   6901.25              0.77               12.4              3.7              25587                      197                      3164        -3   700369                       -11.0                      -1.4
COPPER-micro              0.122               1.947      5.97              2.04               32.6           1853.8              11065                      225                      3608        -2   700369                        -3.2                      -1.0
JPY                       0.000               0.001      0.01              0.64               10.2        9269077.6              59604                      379                      6074        -1   700369                        -8.5                      -0.9
DX                        0.388               6.206     97.48              0.40                6.4            741.5              72283                      287                      4602        -1   700369                       -10.3                      -0.7
KRWUSD_mini               0.004               0.064      0.69              0.58                9.3          18538.2              12824                       74                      1190        -3   700369                        -5.5                      -0.5
EUR_micro                 0.005               0.078      1.18              0.41                6.6           9269.1              10974                       45                       721        -1   700369                        -1.6                      -0.1
MUMMY                    11.132             178.119    721.00              1.54               24.7              4.8               3449                       53                       852         1   700369                         0.5                       0.1
CANOLA                    5.936              94.977    691.70              0.86               13.7             10.8               7487                       64                      1028         1   700369                         1.1                       0.1
BRE                       0.001               0.017      0.19              0.56                8.9          74152.6              14244                       79                      1270         1   700369                         2.0                       0.2
AUD_micro                 0.004               0.065      0.71              0.58                9.3           7415.3               5234                       30                       484         4   700369                         3.0                       0.3
TOPIX                    42.136             674.177   3818.75              1.10               17.7              4.8              18270                      201                      3225         1   700369                         2.6                       0.5
BTP                       0.247               3.944    122.52              0.20                3.2            873.4             107010                      215                      3445         1   700369                        15.3                       0.5
NZD                       0.004               0.057      0.60              0.60                9.6          74152.6              44287                      266                      4260         1   700369                         6.3                       0.6
GBP                       0.006               0.094      1.35              0.43                7.0          46345.4              62557                      272                      4352         1   700369                         8.9                       0.6
MXP                       0.000               0.006      0.06              0.60                9.6         370763.1              21545                      128                      2059         3   700369                         9.2                       0.9
BUND                      0.261               4.175    129.65              0.20                3.2            873.4             113237                      227                      3646         2   700369                        32.3                       1.0
LIVECOW                   1.845              29.517    235.62              0.78               12.5            296.6              69888                      547                      8755         1   700369                        10.0                       1.3
RUSSELL                  30.879             494.058   2654.10              1.16               18.6              3.7               9840                      114                      1831         5   700369                         7.0                       1.3
EU-BASIC                 13.113             209.812    810.60              1.62               25.9             43.7              35399                      572                      9162         1   700369                         5.1                       1.3
CAD10                     0.299               4.780    123.29              0.24                3.9            541.3              66731                      161                      2587         5   700369                        47.6                       1.8
BRENT-LAST                1.240              19.845     70.38              1.76               28.2            741.5              52188                      919                     14715         1   700369                         7.5                       2.1
AEX                       8.339             133.427   1022.65              0.82               13.0            174.7             178638                     1456                     23307         1   700369                        25.5                       3.3
MIB                     416.905            6670.478  46695.00              0.89               14.3              4.4             203919                     1820                     29130         1   700369                        29.1                       4.2
MSCIEAFA                 24.735             395.767   3148.90              0.79               12.6             37.1             116749                      917                     14673         2   700369                        33.3                       4.2

Sum of abs(notional exposure % capital) 316.2
Sum of abs(annualised risk % capital) 35.1
Net sum of annualised risk % capital 13.5 

===========================================================================================================================================================================================================================================
                                                                                                               Correlations                                                                                                                
===========================================================================================================================================================================================================================================

               BTP  BUND  CAD10  KR10    DX  AUD_micro   BRE  EUR_micro   GBP   JPY  KRWUSD_mini   MXP   NZD   AEX  COPPER-micro  EU-BASIC   MIB  MSCIEAFA  MUMMY  RUSSELL  SP500_micro  TOPIX  BITCOIN  BRENT-LAST  CANOLA  COCOA  LIVECOW
BTP           1.00  0.88   0.64  0.39  0.13      -0.13 -0.00      -0.27 -0.06  0.21         0.02 -0.06 -0.06  0.15         -0.12     -0.01  0.03     -0.00   0.05     0.17         0.10   0.06     0.05       -0.07    0.10  -0.13    -0.23
BUND          0.88  1.00   0.58  0.38  0.19      -0.22 -0.13      -0.31 -0.19  0.23        -0.00 -0.23 -0.15 -0.06         -0.22     -0.21 -0.25     -0.18   0.00     0.00        -0.06  -0.09    -0.08       -0.01    0.12  -0.16    -0.28
CAD10         0.64  0.58   1.00  0.43  0.07      -0.27  0.02      -0.14 -0.01  0.27        -0.01 -0.15 -0.13  0.02         -0.26     -0.14 -0.09     -0.21   0.01    -0.03        -0.13   0.04     0.01       -0.19   -0.02  -0.07    -0.32
KR10          0.39  0.38   0.43  1.00 -0.02      -0.12 -0.17      -0.09  0.03  0.24         0.10 -0.12 -0.07  0.01         -0.05     -0.12 -0.10     -0.07   0.02     0.03         0.05  -0.12     0.02       -0.14   -0.21   0.07     0.09
DX            0.13  0.19   0.07 -0.02  1.00      -0.61 -0.29      -0.92 -0.85 -0.68        -0.67 -0.43 -0.74  0.08         -0.22     -0.18  0.08     -0.36   0.06    -0.01        -0.04   0.16    -0.08        0.18   -0.08   0.07    -0.08
AUD_micro    -0.13 -0.22  -0.27 -0.12 -0.61       1.00  0.45       0.61  0.67  0.37         0.59  0.45  0.90  0.25          0.47      0.58  0.25      0.68   0.21     0.36         0.46   0.24     0.07        0.15    0.09  -0.12     0.18
BRE          -0.00 -0.13   0.02 -0.17 -0.29       0.45  1.00       0.30  0.34  0.16         0.31  0.43  0.38  0.34          0.17      0.31  0.29      0.39   0.11     0.35         0.38   0.20     0.09        0.22    0.23  -0.01    -0.03
EUR_micro    -0.27 -0.31  -0.14 -0.09 -0.92       0.61  0.30       1.00  0.81  0.57         0.59  0.42  0.72 -0.13          0.25      0.15 -0.10      0.35  -0.10    -0.03         0.01  -0.15     0.07       -0.15    0.07  -0.09     0.12
GBP          -0.06 -0.19  -0.01  0.03 -0.85       0.67  0.34       0.81  1.00  0.56         0.56  0.44  0.77  0.07          0.30      0.31  0.10      0.47   0.00     0.15         0.17   0.04     0.11       -0.15    0.03  -0.07     0.19
JPY           0.21  0.23   0.27  0.24 -0.68       0.37  0.16       0.57  0.56  1.00         0.56  0.11  0.48 -0.10          0.03      0.04 -0.19      0.12  -0.19    -0.09        -0.12  -0.34     0.14       -0.18   -0.06  -0.18    -0.07
KRWUSD_mini   0.02 -0.00  -0.01  0.10 -0.67       0.59  0.31       0.59  0.56  0.56         1.00  0.21  0.60 -0.00          0.15      0.16 -0.00      0.29   0.00     0.06         0.18  -0.21     0.14       -0.07    0.12  -0.10     0.11
MXP          -0.06 -0.23  -0.15 -0.12 -0.43       0.45  0.43       0.42  0.44  0.11         0.21  1.00  0.41  0.22          0.26      0.38  0.17      0.37   0.06     0.28         0.22   0.15     0.02        0.08    0.08  -0.06     0.14
NZD          -0.06 -0.15  -0.13 -0.07 -0.74       0.90  0.38       0.72  0.77  0.48         0.60  0.41  1.00  0.13          0.40      0.45  0.15      0.55   0.13     0.22         0.32   0.12     0.11        0.03    0.11  -0.08     0.13
AEX           0.15 -0.06   0.02  0.01  0.08       0.25  0.34      -0.13  0.07 -0.10        -0.00  0.22  0.13  1.00          0.48      0.68  0.73      0.59   0.37     0.62         0.62   0.44     0.33        0.29   -0.02   0.04     0.12
COPPER-micro -0.12 -0.22  -0.26 -0.05 -0.22       0.47  0.17       0.25  0.30  0.03         0.15  0.26  0.40  0.48          1.00      0.59  0.42      0.56   0.20     0.39         0.45   0.20     0.15        0.12   -0.02  -0.14     0.13
EU-BASIC     -0.01 -0.21  -0.14 -0.12 -0.18       0.58  0.31       0.15  0.31  0.04         0.16  0.38  0.45  0.68          0.59      1.00  0.64      0.70   0.32     0.52         0.56   0.51     0.19        0.18    0.04  -0.10     0.21
MIB           0.03 -0.25  -0.09 -0.10  0.08       0.25  0.29      -0.10  0.10 -0.19        -0.00  0.17  0.15  0.73          0.42      0.64  1.00      0.65   0.40     0.47         0.57   0.55     0.23        0.17    0.03   0.13     0.14
MSCIEAFA     -0.00 -0.18  -0.21 -0.07 -0.36       0.68  0.39       0.35  0.47  0.12         0.29  0.37  0.55  0.59          0.56      0.70  0.65      1.00   0.40     0.65         0.75   0.56     0.12        0.05    0.10   0.01     0.16
MUMMY         0.05  0.00   0.01  0.02  0.06       0.21  0.11      -0.10  0.00 -0.19         0.00  0.06  0.13  0.37          0.20      0.32  0.40      0.40   1.00     0.35         0.34   0.57     0.08        0.29    0.12   0.05     0.05
RUSSELL       0.17  0.00  -0.03  0.03 -0.01       0.36  0.35      -0.03  0.15 -0.09         0.06  0.28  0.22  0.62          0.39      0.52  0.47      0.65   0.35     1.00         0.81   0.49     0.28        0.09    0.03   0.15     0.09
SP500_micro   0.10 -0.06  -0.13  0.05 -0.04       0.46  0.38       0.01  0.17 -0.12         0.18  0.22  0.32  0.62          0.45      0.56  0.57      0.75   0.34     0.81         1.00   0.46     0.28        0.15    0.07   0.20     0.00
TOPIX         0.06 -0.09   0.04 -0.12  0.16       0.24  0.20      -0.15  0.04 -0.34        -0.21  0.15  0.12  0.44          0.20      0.51  0.55      0.56   0.57     0.49         0.46   1.00    -0.06        0.08    0.09   0.12     0.08
BITCOIN       0.05 -0.08   0.01  0.02 -0.08       0.07  0.09       0.07  0.11  0.14         0.14  0.02  0.11  0.33          0.15      0.19  0.23      0.12   0.08     0.28         0.28  -0.06     1.00       -0.01    0.01   0.16     0.04
BRENT-LAST   -0.07 -0.01  -0.19 -0.14  0.18       0.15  0.22      -0.15 -0.15 -0.18        -0.07  0.08  0.03  0.29          0.12      0.18  0.17      0.05   0.29     0.09         0.15   0.08    -0.01        1.00    0.26  -0.11    -0.02
CANOLA        0.10  0.12  -0.02 -0.21 -0.08       0.09  0.23       0.07  0.03 -0.06         0.12  0.08  0.11 -0.02         -0.02      0.04  0.03      0.10   0.12     0.03         0.07   0.09     0.01        0.26    1.00  -0.16    -0.21
COCOA        -0.13 -0.16  -0.07  0.07  0.07      -0.12 -0.01      -0.09 -0.07 -0.18        -0.10 -0.06 -0.08  0.04         -0.14     -0.10  0.13      0.01   0.05     0.15         0.20   0.12     0.16       -0.11   -0.16   1.00    -0.01
LIVECOW      -0.23 -0.28  -0.32  0.09 -0.08       0.18 -0.03       0.12  0.19 -0.07         0.11  0.14  0.13  0.12          0.13      0.21  0.14      0.16   0.05     0.09         0.00   0.08     0.04       -0.02   -0.21  -0.01     1.00


********************************************************************************
                                 END OF REPORT                                  
********************************************************************************


