
********************************************************************************
                    Risk report produced on 17/09/2024 22:52                    
********************************************************************************


Total risk across all strategies, annualised percentage 8.9
Percentage of capital used for margin 69.2%

========================================
Risk per strategy, annualised percentage
========================================

                  risk
dynamic_TF_carry   8.8


===================
Risk by asset class
===================

Ags       2.6
Bond      3.5
Equity    3.4
FX        0.7
Metals    1.9
OilGas    3.5
Sector    0.5
Vol       1.3
dtype: float64


=====================================================
Beta loadings of asset class positions on asset class
=====================================================

Ags      -0.12
OilGas   -0.10
Vol      -0.02
Sector   -0.02
Metals   -0.00
FX        0.11
Equity    0.13
Bond      0.53
dtype: float64


========================================================
Beta loadings of full portfolio positions on asset class
========================================================

Ags      -0.20
OilGas   -0.11
Vol      -0.07
Sector   -0.07
Metals    0.06
Equity    0.16
FX        0.60
Bond      0.67
dtype: float64


==================================================================================================================================================================================================================================================================
                                                                                                                         Instrument risk                                                                                                                          
==================================================================================================================================================================================================================================================================

              daily_price_stdev  annual_price_stdev     price  daily_perc_stdev  annual_perc_stdev  point_size_base  contract_exposure  daily_risk_per_contract  annual_risk_per_contract  position  capital  exposure_held_perc_capital  annual_risk_perc_capital
BRENT-LAST                1.260              20.157     73.20              1.72               27.5            757.2              55428                      953                     15263        -1   588843                        -9.4                      -2.6
ALUMINIUM                35.291             564.661   2430.25              1.45               23.2             18.9              46005                      668                     10689        -1   588843                        -7.8                      -1.8
GAS-PEN                   0.087               1.396      2.42              3.60               57.7           7572.1              18332                      660                     10572        -1   588843                        -3.1                      -1.8
VIX                       0.613               9.806     18.75              3.27               52.3            757.2              14197                      464                      7424        -1   588843                        -2.4                      -1.3
COTTON2                   1.173              18.770     72.17              1.63               26.0            378.6              27324                      444                      7106        -1   588843                        -4.6                      -1.2
WHEAT                     9.625             154.005    576.50              1.67               26.7             37.9              21826                      364                      5830        -1   588843                        -3.7                      -1.0
SOYMEAL                   4.523              72.375    324.10              1.40               22.3             75.7              24541                      342                      5480        -1   588843                        -4.2                      -0.9
CHINAA-CON               16.654             266.462   1787.80              0.93               14.9             18.9              33843                      315                      5044        -1   588843                        -5.7                      -0.9
CORN                      4.934              78.937    412.25              1.20               19.1             37.9              15608                      186                      2988        -1   588843                        -2.7                      -0.5
EU-OIL                    4.052              64.827    343.50              1.18               18.9             42.1              14471                      170                      2731        -1   588843                        -2.5                      -0.5
GAS_US_mini               0.079               1.259      2.60              3.02               48.3           1893.0               4931                      148                      2383        -1   588843                        -0.8                      -0.4
BITCOIN                1910.434           30566.947  60630.00              3.15               50.4              0.1               4590                      144                      2314        -1   588843                        -0.8                      -0.4
IRON                      1.892              30.276     92.65              2.04               32.7             75.7               7015                      143                      2292        -1   588843                        -1.2                      -0.4
FTSECHINAA               92.708            1483.328  11206.00              0.83               13.2              0.8               8485                       70                      1123        -2   588843                        -2.9                      -0.4
CANOLA                   11.814             189.017    587.30              2.01               32.2             11.1               6542                      131                      2105        -1   588843                        -1.1                      -0.4
HANGENT_mini             79.192            1267.066   6184.00              1.28               20.5              1.0               6009                       76                      1231        -1   588843                        -1.0                      -0.2
MUMMY                    16.050             256.802    623.00              2.58               41.2              5.4               3352                       86                      1381         1   588843                         0.6                       0.2
GOLD_micro               20.451             327.212   2597.80              0.79               12.6              7.6              19670                      154                      2477         1   588843                         3.3                       0.4
SP500_micro              48.234             771.750   5687.75              0.85               13.6              3.8              21534                      182                      2921         1   588843                         3.7                       0.5
GBP                       0.006               0.090      1.32              0.43                6.9          47325.9              62314                      266                      4270         1   588843                        10.6                       0.7
LEANHOG                   1.076              17.219     73.78              1.46               23.3            302.9              22345                      325                      5215         1   588843                         3.8                       0.9
US10U                     0.477               7.632    119.91              0.40                6.4            757.2              90794                      361                      5779         1   588843                        15.4                       1.0
SILVER                    0.544               8.708     31.06              1.75               28.0            757.2              23515                      412                      6593         1   588843                         4.0                       1.1
KR10                      0.411               6.582    118.00              0.35                5.6            578.2              68230                      237                      3805         2   588843                        23.2                       1.3
MSCISING                  3.131              50.095    335.05              0.93               15.0             58.5              19596                      183                      2929         3   588843                        10.0                       1.5
US20                      0.738              11.812    126.88              0.58                9.3            757.2              96071                      559                      8944         1   588843                        16.3                       1.5
MSCIEAFA                 20.206             323.296   2414.10              0.84               13.4             37.9              91399                      765                     12240         1   588843                        15.5                       2.1

Sum of abs(notional exposure % capital) 160.3
Sum of abs(annualised risk % capital) 25.9
Net sum of annualised risk % capital -3.5 

=================================================================================================================================================================================================================================================================
                                                                                                                          Correlations                                                                                                                           
=================================================================================================================================================================================================================================================================

              ALUMINIUM  BITCOIN  BRENT-LAST  CANOLA  CORN  COTTON2  EU-OIL  IRON  LEANHOG  SOYMEAL  WHEAT  CHINAA-CON  FTSECHINAA   GBP  GOLD_micro  HANGENT_mini  MSCIEAFA  MSCISING  MUMMY  SILVER  SP500_micro  GAS-PEN  GAS_US_mini  KR10  US10U  US20   VIX
ALUMINIUM          1.00     0.02        0.16    0.08  0.09     0.14    0.27  0.36    -0.01     0.17   0.16        0.16        0.26  0.21        0.28          0.12      0.18      0.28   0.04    0.45         0.12    -0.08        -0.08 -0.15  -0.05 -0.03 -0.09
BITCOIN            0.02     1.00        0.04    0.06  0.16     0.19    0.10 -0.07     0.24     0.02   0.13        0.15        0.02  0.23        0.30          0.15      0.38      0.19   0.32    0.22         0.30    -0.05        -0.03  0.09   0.11  0.15 -0.27
BRENT-LAST         0.16     0.04        1.00    0.26  0.08     0.15    0.66  0.06     0.09     0.05   0.02        0.22        0.18  0.02        0.18          0.20      0.14      0.21   0.27    0.27         0.20     0.08         0.04 -0.23  -0.22 -0.23 -0.14
CANOLA             0.08     0.06        0.26    1.00  0.39     0.10    0.24  0.21     0.37     0.47   0.45        0.12        0.16  0.07       -0.07          0.18      0.01      0.08  -0.02    0.16        -0.05     0.06         0.01 -0.24  -0.29 -0.31  0.03
CORN               0.09     0.16        0.08    0.39  1.00     0.02    0.02  0.03     0.12     0.58   0.66        0.02        0.05  0.08        0.06          0.10     -0.06      0.03  -0.01    0.12         0.03     0.18         0.13  0.01  -0.03 -0.03  0.02
COTTON2            0.14     0.19        0.15    0.10  0.02     1.00    0.03  0.18     0.10     0.05   0.04        0.18        0.21 -0.10       -0.10          0.12      0.10      0.07   0.21    0.04         0.18    -0.08        -0.07 -0.07  -0.20 -0.18 -0.10
EU-OIL             0.27     0.10        0.66    0.24  0.02     0.03    1.00  0.17     0.12     0.13   0.03        0.30        0.26  0.09        0.22          0.28      0.39      0.29   0.31    0.30         0.27    -0.03        -0.05 -0.20  -0.15 -0.13 -0.25
IRON               0.36    -0.07        0.06    0.21  0.03     0.18    0.17  1.00     0.11     0.21   0.18        0.14        0.25  0.00        0.09          0.18     -0.02     -0.02   0.01    0.22        -0.06    -0.14        -0.14 -0.09  -0.11 -0.09  0.04
LEANHOG           -0.01     0.24        0.09    0.37  0.12     0.10    0.12  0.11     1.00     0.16   0.16        0.12        0.12  0.06        0.04          0.19      0.12      0.07   0.21    0.03        -0.01    -0.08        -0.08 -0.07  -0.03 -0.02 -0.04
SOYMEAL            0.17     0.02        0.05    0.47  0.58     0.05    0.13  0.21     0.16     1.00   0.54        0.05        0.09 -0.02       -0.01          0.07     -0.04     -0.07  -0.03    0.09        -0.09     0.09         0.05 -0.02  -0.05 -0.05  0.15
WHEAT              0.16     0.13        0.02    0.45  0.66     0.04    0.03  0.18     0.16     0.54   1.00       -0.06       -0.00 -0.01       -0.05          0.14      0.01      0.11  -0.11    0.11        -0.00     0.16         0.10 -0.00  -0.07 -0.07 -0.07
CHINAA-CON         0.16     0.15        0.22    0.12  0.02     0.18    0.30  0.14     0.12     0.05  -0.06        1.00        0.88  0.33        0.37          0.60      0.44      0.43   0.39    0.34         0.43    -0.01        -0.01 -0.01  -0.02 -0.01 -0.31
FTSECHINAA         0.26     0.02        0.18    0.16  0.05     0.21    0.26  0.25     0.12     0.09  -0.00        0.88        1.00  0.34        0.31          0.59      0.34      0.36   0.30    0.27         0.27    -0.03        -0.02 -0.08  -0.06 -0.05 -0.20
GBP                0.21     0.23        0.02    0.07  0.08    -0.10    0.09  0.00     0.06    -0.02  -0.01        0.33        0.34  1.00        0.53          0.29      0.63      0.38   0.43    0.52         0.50     0.01         0.03  0.16   0.35  0.33 -0.32
GOLD_micro         0.28     0.30        0.18   -0.07  0.06    -0.10    0.22  0.09     0.04    -0.01  -0.05        0.37        0.31  0.53        1.00          0.23      0.46      0.34   0.26    0.76         0.36    -0.03        -0.02  0.14   0.41  0.40 -0.18
HANGENT_mini       0.12     0.15        0.20    0.18  0.10     0.12    0.28  0.18     0.19     0.07   0.14        0.60        0.59  0.29        0.23          1.00      0.43      0.50   0.33    0.21         0.39     0.00        -0.00  0.17  -0.01  0.03 -0.33
MSCIEAFA           0.18     0.38        0.14    0.01 -0.06     0.10    0.39 -0.02     0.12    -0.04   0.01        0.44        0.34  0.63        0.46          0.43      1.00      0.65   0.69    0.46         0.81     0.02         0.02  0.23   0.37  0.40 -0.70
MSCISING           0.28     0.19        0.21    0.08  0.03     0.07    0.29 -0.02     0.07    -0.07   0.11        0.43        0.36  0.38        0.34          0.50      0.65      1.00   0.57    0.41         0.65     0.07         0.05  0.12   0.08  0.12 -0.57
MUMMY              0.04     0.32        0.27   -0.02 -0.01     0.21    0.31  0.01     0.21    -0.03  -0.11        0.39        0.30  0.43        0.26          0.33      0.69      0.57   1.00    0.24         0.67    -0.07        -0.07  0.06   0.09  0.14 -0.55
SILVER             0.45     0.22        0.27    0.16  0.12     0.04    0.30  0.22     0.03     0.09   0.11        0.34        0.27  0.52        0.76          0.21      0.46      0.41   0.24    1.00         0.45     0.05         0.03 -0.04   0.12  0.12 -0.22
SP500_micro        0.12     0.30        0.20   -0.05  0.03     0.18    0.27 -0.06    -0.01    -0.09  -0.00        0.43        0.27  0.50        0.36          0.39      0.81      0.65   0.67    0.45         1.00     0.11         0.08  0.21   0.23  0.28 -0.78
GAS-PEN           -0.08    -0.05        0.08    0.06  0.18    -0.08   -0.03 -0.14    -0.08     0.09   0.16       -0.01       -0.03  0.01       -0.03          0.00      0.02      0.07  -0.07    0.05         0.11     1.00         0.98  0.05   0.06  0.05 -0.15
GAS_US_mini       -0.08    -0.03        0.04    0.01  0.13    -0.07   -0.05 -0.14    -0.08     0.05   0.10       -0.01       -0.02  0.03       -0.02         -0.00      0.02      0.05  -0.07    0.03         0.08     0.98         1.00  0.07   0.06  0.06 -0.12
KR10              -0.15     0.09       -0.23   -0.24  0.01    -0.07   -0.20 -0.09    -0.07    -0.02  -0.00       -0.01       -0.08  0.16        0.14          0.17      0.23      0.12   0.06   -0.04         0.21     0.05         0.07  1.00   0.63  0.65 -0.08
US10U             -0.05     0.11       -0.22   -0.29 -0.03    -0.20   -0.15 -0.11    -0.03    -0.05  -0.07       -0.02       -0.06  0.35        0.41         -0.01      0.37      0.08   0.09    0.12         0.23     0.06         0.06  0.63   1.00  0.98 -0.10
US20              -0.03     0.15       -0.23   -0.31 -0.03    -0.18   -0.13 -0.09    -0.02    -0.05  -0.07       -0.01       -0.05  0.33        0.40          0.03      0.40      0.12   0.14    0.12         0.28     0.05         0.06  0.65   0.98  1.00 -0.15
VIX               -0.09    -0.27       -0.14    0.03  0.02    -0.10   -0.25  0.04    -0.04     0.15  -0.07       -0.31       -0.20 -0.32       -0.18         -0.33     -0.70     -0.57  -0.55   -0.22        -0.78    -0.15        -0.12 -0.08  -0.10 -0.15  1.00


********************************************************************************
                                 END OF REPORT                                  
********************************************************************************


