
********************************************************************************
           Risk report report produced on 2022-06-20 21:01:01.686319            
********************************************************************************


Total risk across all strategies, annualised percentage 9.3
Percentage of capital used for margin 23.6%

========================================
Risk per strategy, annualised percentage
========================================

                  risk
dynamic_TF_carry   9.3


==================================================================================================================================================================================================================================================================
                                                                                                                         Instrument risk                                                                                                                          
==================================================================================================================================================================================================================================================================

              daily_price_stdev  annual_price_stdev     price  daily_perc_stdev  annual_perc_stdev  point_size_base  contract_exposure  daily_risk_per_contract  annual_risk_per_contract  position  capital  exposure_held_perc_capital  annual_risk_perc_capital
US10U                     0.900              14.399    124.41              0.72               11.6            816.1             101527                      734                     11750        -1   385520                       -26.3                      -3.0
SILVER                    0.433               6.936     21.64              2.00               32.1            816.1              17656                      353                      5660        -1   385520                        -4.6                      -1.5
KR10                      0.546               8.742    110.02              0.50                7.9            631.0              69418                      344                      5515        -1   385520                       -18.0                      -1.4
DJSTX-SMALL               5.899              94.383    302.60              1.95               31.2             43.0              13006                      253                      4056        -1   385520                        -3.4                      -1.1
DAX                     214.515            3432.246  13240.00              1.62               25.9              0.9              11381                      184                      2950        -1   385520                        -3.0                      -0.8
DOW                     433.222            6931.556  29869.00              1.45               23.2              0.4              12187                      176                      2828        -1   385520                        -3.2                      -0.7
RUSSELL                  36.987             591.795   1665.10              2.22               35.5              4.1               6794                      150                      2414        -1   385520                        -1.8                      -0.6
KOSDAQ                   22.209             355.345   1098.10              2.02               32.4              6.3               6928                      140                      2242        -1   385520                        -1.8                      -0.6
NIKKEI400               214.071            3425.142  16460.00              1.30               20.8              0.6               9950                      129                      2070         1   385520                         2.6                       0.5
TOPIX                    23.452             375.224   1833.00              1.28               20.5              6.0              11080                      141                      2268         1   385520                         2.9                       0.6
BRE                       0.002               0.036      0.19              1.16               18.6          81609.3              15673                      182                      2920         1   385520                         4.1                       0.8
EU-OIL                    6.146              98.342    311.10              1.98               31.6             43.0              13371                      264                      4226         1   385520                         3.5                       1.1
IRON                      4.138              66.201    111.55              3.71               59.3             81.6               9103                      337                      5402         1   385520                         2.4                       1.4
SOYOIL                    1.159              18.551     71.21              1.63               26.1            489.7              34868                      567                      9083         1   385520                         9.0                       2.4
SOYBEAN                  16.021             256.332   1537.50              1.04               16.7             40.8              62737                      653                     10459         1   385520                        16.3                       2.7
WHEAT                    19.449             311.192   1039.25              1.87               29.9             40.8              42406                      793                     12698         1   385520                        11.0                       3.3
CRUDE_W_mini              2.450              39.205    105.78              2.32               37.1            408.0              43161                      999                     15997         1   385520                        11.2                       4.1

Sum of abs(notional exposure % capital) 125.1
Sum of abs(annualised risk % capital) 26.6
Net sum of annualised risk % capital 7.2 

=======================================================================================================================================================
                                                                     Correlations                                                                      
=======================================================================================================================================================

               DAX  DJSTX-SMALL   DOW  KOSDAQ  NIKKEI400  RUSSELL  TOPIX  KR10  US10U  SOYBEAN  SOYOIL  WHEAT  CRUDE_W_mini  EU-OIL   BRE  IRON  SILVER
DAX           1.00         0.52  0.52    0.33       0.49     0.48   0.48  0.12   0.09     0.21    0.14   0.03          0.15    0.33  0.30  0.21    0.20
DJSTX-SMALL   0.52         1.00  0.51    0.36       0.46     0.48   0.46  0.25   0.20     0.25    0.22   0.09          0.22    0.38  0.26  0.19    0.23
DOW           0.52         0.51  1.00    0.33       0.49     0.56   0.50  0.14   0.15     0.26    0.22   0.06          0.28    0.36  0.31  0.33    0.25
KOSDAQ        0.33         0.36  0.33    1.00       0.36     0.33   0.37  0.21   0.20     0.15    0.12   0.23          0.28    0.30  0.26  0.19    0.26
NIKKEI400     0.49         0.46  0.49    0.36       1.00     0.47   0.58  0.13   0.04     0.22    0.18   0.06          0.26    0.33  0.22  0.20    0.16
RUSSELL       0.48         0.48  0.56    0.33       0.47     1.00   0.48  0.11   0.13     0.24    0.21   0.13          0.34    0.37  0.33  0.30    0.29
TOPIX         0.48         0.46  0.50    0.37       0.58     0.48   1.00  0.13   0.05     0.23    0.19   0.06          0.28    0.34  0.22  0.22    0.16
KR10          0.12         0.25  0.14    0.21       0.13     0.11   0.13  1.00   0.44     0.13    0.18   0.08          0.14    0.12  0.03  0.12    0.08
US10U         0.09         0.20  0.15    0.20       0.04     0.13   0.05  0.44   1.00     0.13    0.15   0.09          0.20    0.12  0.14  0.14    0.19
SOYBEAN       0.21         0.25  0.26    0.15       0.22     0.24   0.23  0.13   0.13     1.00    0.42   0.35          0.29    0.24  0.26  0.26    0.26
SOYOIL        0.14         0.22  0.22    0.12       0.18     0.21   0.19  0.18   0.15     0.42    1.00   0.28          0.34    0.28  0.16  0.25    0.21
WHEAT         0.03         0.09  0.06    0.23       0.06     0.13   0.06  0.08   0.09     0.35    0.28   1.00          0.29    0.21  0.20  0.16    0.25
CRUDE_W_mini  0.15         0.22  0.28    0.28       0.26     0.34   0.28  0.14   0.20     0.29    0.34   0.29          1.00    0.44  0.27  0.28    0.29
EU-OIL        0.33         0.38  0.36    0.30       0.33     0.37   0.34  0.12   0.12     0.24    0.28   0.21          0.44    1.00  0.27  0.25    0.25
BRE           0.30         0.26  0.31    0.26       0.22     0.33   0.22  0.03   0.14     0.26    0.16   0.20          0.27    0.27  1.00  0.24    0.33
IRON          0.21         0.19  0.33    0.19       0.20     0.30   0.22  0.12   0.14     0.26    0.25   0.16          0.28    0.25  0.24  1.00    0.24
SILVER        0.20         0.23  0.25    0.26       0.16     0.29   0.16  0.08   0.19     0.26    0.21   0.25          0.29    0.25  0.33  0.24    1.00


********************************************************************************
                                 END OF REPORT                                  
********************************************************************************


