
********************************************************************************
               Risk report produced on 2021-10-11 09:21:08.914168               
********************************************************************************


Total risk across all strategies, annualised percentage 9.3

========================================
Risk per strategy, annualised percentage
========================================

                  risk
dynamic_TF_carry   9.3


==================================================================================================================================================================================================================================================================
                                                                                                                         Instrument risk                                                                                                                          
==================================================================================================================================================================================================================================================================

              daily_price_stdev  annual_price_stdev    price  daily_perc_stdev  annual_perc_stdev  point_size_base  contract_exposure  daily_risk_per_contract  annual_risk_per_contract  position   capital  exposure_held_perc_capital  annual_risk_perc_capital
JPY                         0.0                 0.0      0.0               0.3                5.3        9166104.5            81711.2                    271.9                    4350.2      -2.0  373992.5                       -43.7                      -2.3
CAC                        62.5               999.4   6554.0               1.0               15.2              8.5            55623.1                    530.1                    8481.8      -1.0  373992.5                       -14.9                      -2.3
KOSDAQ                     18.5               295.7   1383.9               1.3               21.4              6.1             8492.6                    113.4                    1814.9      -4.0  373992.5                        -9.1                      -1.9
BTP                         0.5                 8.5    151.9               0.4                5.6            848.7           128907.5                    452.9                    7247.2      -1.0  373992.5                       -34.5                      -1.9
OAT                         0.5                 7.8    165.5               0.3                4.7            848.7           140458.1                    414.0                    6624.2      -1.0  373992.5                       -37.6                      -1.8
BUND                        0.4                 6.9    169.3               0.3                4.1            848.7           143674.7                    368.0                    5887.3      -1.0  373992.5                       -38.4                      -1.6
LIVECOW                     1.1                16.9    130.2               0.8               13.0            293.3            38182.3                    309.8                    4956.2      -1.0  373992.5                       -10.2                      -1.3
SILVER                      0.4                 6.3     22.6               1.7               27.7            733.3            16601.6                    287.9                    4605.6      -1.0  373992.5                        -4.4                      -1.2
GBP                         0.0                 0.1      1.4               0.4                6.9          45830.5            62439.5                    270.8                    4332.8      -1.0  373992.5                       -16.7                      -1.2
KR10                        0.4                 6.3    122.8               0.3                5.1            613.7            75346.9                    240.4                    3846.2      -1.0  373992.5                       -20.1                      -1.0
CAD                         0.0                 0.1      0.8               0.4                6.3          73328.8            58813.4                    233.2                    3730.7      -1.0  373992.5                       -15.7                      -1.0
BOBL                        0.1                 2.2    134.8               0.1                1.6            848.7           114437.3                    114.1                    1825.9      -2.0  373992.5                       -61.2                      -1.0
EU-RETAIL                   4.8                77.0    427.0               1.1               18.0             42.4            18119.5                    204.3                    3268.1      -1.0  373992.5                        -4.8                      -0.9
FTSECHINAA                213.8              3420.4  15846.0               1.3               21.6              0.7            11619.7                    156.8                    2508.1      -1.0  373992.5                        -3.1                      -0.7
DOW                       296.7              4747.5  34687.0               0.9               13.7              0.4            12717.8                    108.8                    1740.6      -1.0  373992.5                        -3.4                      -0.5
MXP                         0.0                 0.0      0.0               0.4                7.1         366644.2            17521.9                     78.2                    1250.6      -1.0  373992.5                        -4.7                      -0.3
EU-BANKS                    1.5                24.2    101.5               1.5               23.9             42.4             4307.1                     64.3                    1028.0       1.0  373992.5                         1.2                       0.3
NASDAQ_micro              136.9              2190.6  14811.2               0.9               14.8              1.5            21721.8                    200.8                    3212.7       1.0  373992.5                         5.8                       0.9
CORN                        6.5               104.3    530.0               1.2               19.7             36.7            19432.1                    239.0                    3824.4       1.0  373992.5                         5.2                       1.0
EDOLLAR                     0.0                 0.6     98.5               0.0                0.7           1833.2           180618.1                     73.6                    1178.3       4.0  373992.5                       193.2                       1.3
EU-OIL                      3.6                56.8    281.7               1.3               20.2             42.4            11953.8                    150.7                    2410.4       2.0  373992.5                         6.4                       1.3
BITCOIN                  2546.5             40744.6  54665.0               4.7               74.5              0.1             4008.5                    186.7                    2987.8       2.0  373992.5                         2.1                       1.6
US10                        0.3                 4.8    131.1               0.2                3.7            733.3            96129.5                    221.3                    3541.2       2.0  373992.5                        51.4                       1.9
LEANHOG                     1.6                25.9     81.5               2.0               31.7            293.3            23905.2                    474.0                    7583.4       1.0  373992.5                         6.4                       2.0
CRUDE_W_mini                1.1                17.2     78.7               1.4               21.9            366.6            28845.7                    394.8                    6316.6       2.0  373992.5                        15.4                       3.4
GASOILINE                   0.0                 0.5      2.3               1.3               20.5          30798.1            71245.3                    911.0                   14576.2       1.0  373992.5                        19.0                       3.9

Sum of abs(notional exposure % capital) 628.7
Sum of abs(annualised risk % capital) 38.4
Net sum of annualised risk % capital -3 

==============================================================================================================================================================================================================================
                                                                                                         Correlations                                                                                                         
==============================================================================================================================================================================================================================

              BITCOIN  BOBL   BTP  BUND   CAC   CAD  CORN  CRUDE_W_mini   DOW  EDOLLAR  EU-BANKS  EU-OIL  EU-RETAIL  FTSECHINAA  GASOILINE   GBP   JPY  KOSDAQ  KR10  LEANHOG  LIVECOW   MXP  NASDAQ_micro   OAT  SILVER  US10
BITCOIN          1.00  0.03  0.04  0.14  0.36  0.16 -0.06          0.20  0.09    -0.04      0.17    0.01       0.45       -0.00       0.20  0.11  0.20    0.50 -0.11     0.25     0.08  0.29          0.13  0.05   -0.09  0.16
BOBL             0.03  1.00  0.16  0.43  0.40 -0.01 -0.00         -0.16  0.48     0.04     -0.17   -0.08       0.20        0.22      -0.12  0.31 -0.15    0.28  0.05     0.37     0.13  0.27         -0.13  0.73    0.10 -0.10
BTP              0.04  0.16  1.00  0.09  0.07 -0.01  0.11         -0.05  0.13     0.18     -0.02    0.11      -0.01        0.16      -0.03  0.02  0.00    0.05 -0.05     0.18     0.27  0.23         -0.10  0.09    0.12 -0.06
BUND             0.14  0.43  0.09  1.00  0.40  0.01  0.03         -0.27  0.44     0.02     -0.24    0.04       0.19        0.28      -0.16  0.19 -0.20    0.65  0.05     0.36     0.16  0.54         -0.24  0.48    0.13 -0.19
CAC              0.36  0.40  0.07  0.40  1.00  0.06  0.06         -0.15  0.56     0.01     -0.10   -0.09       0.30        0.26      -0.05  0.45 -0.13    0.49  0.16     0.33     0.15  0.32         -0.12  0.46    0.18 -0.01
CAD              0.16 -0.01 -0.01  0.01  0.06  1.00  0.07          0.36 -0.07     0.09      0.72    0.07       0.08        0.06       0.83  0.05  0.09    0.16 -0.02     0.03    -0.03  0.12          0.24 -0.07    0.07  0.71
CORN            -0.06 -0.00  0.11  0.03  0.06  0.07  1.00         -0.09  0.13     0.12      0.03   -0.00      -0.13        0.08       0.03  0.16 -0.11   -0.02  0.13    -0.02     0.04 -0.16         -0.08 -0.02    0.22  0.03
CRUDE_W_mini     0.20 -0.16 -0.05 -0.27 -0.15  0.36 -0.09          1.00 -0.24     0.07      0.74    0.06       0.27        0.07       0.67 -0.18  0.65   -0.17  0.01     0.01    -0.10 -0.17          0.90 -0.33   -0.12  0.69
DOW              0.09  0.48  0.13  0.44  0.56 -0.07  0.13         -0.24  1.00     0.02     -0.24   -0.11       0.28        0.51      -0.20  0.37 -0.09    0.32  0.10     0.49     0.21  0.33         -0.15  0.47    0.20 -0.14
EDOLLAR         -0.04  0.04  0.18  0.02  0.01  0.09  0.12          0.07  0.02     1.00      0.09    0.13      -0.04        0.19       0.06 -0.02  0.05   -0.03  0.24     0.04     0.02 -0.04          0.02  0.04    0.11  0.03
EU-BANKS         0.17 -0.17 -0.02 -0.24 -0.10  0.72  0.03          0.74 -0.24     0.09      1.00    0.08       0.10        0.02       0.94 -0.07  0.38   -0.14 -0.03    -0.12    -0.13 -0.13          0.59 -0.30   -0.11  0.95
EU-OIL           0.01 -0.08  0.11  0.04 -0.09  0.07 -0.00          0.06 -0.11     0.13      0.08    1.00      -0.06       -0.04       0.03 -0.26  0.01    0.11 -0.06     0.07    -0.12  0.12          0.07  0.06   -0.08  0.06
EU-RETAIL        0.45  0.20 -0.01  0.19  0.30  0.08 -0.13          0.27  0.28    -0.04      0.10   -0.06       1.00        0.27       0.15  0.11  0.43    0.38 -0.07     0.59     0.07  0.29          0.31  0.18   -0.20  0.10
FTSECHINAA      -0.00  0.22  0.16  0.28  0.26  0.06  0.08          0.07  0.51     0.19      0.02   -0.04       0.27        1.00       0.02  0.08  0.19    0.09  0.08     0.39     0.16  0.09          0.09  0.30    0.14  0.01
GASOILINE        0.20 -0.12 -0.03 -0.16 -0.05  0.83  0.03          0.67 -0.20     0.06      0.94    0.03       0.15        0.02       1.00 -0.08  0.33   -0.04 -0.05    -0.04    -0.08 -0.05          0.53 -0.26   -0.10  0.91
GBP              0.11  0.31  0.02  0.19  0.45  0.05  0.16         -0.18  0.37    -0.02     -0.07   -0.26       0.11        0.08      -0.08  1.00 -0.22    0.28  0.17     0.17     0.16  0.15         -0.21  0.33    0.13 -0.06
JPY              0.20 -0.15  0.00 -0.20 -0.13  0.09 -0.11          0.65 -0.09     0.05      0.38    0.01       0.43        0.19       0.33 -0.22  1.00   -0.16  0.04     0.35    -0.12 -0.16          0.64 -0.20   -0.12  0.31
KOSDAQ           0.50  0.28  0.05  0.65  0.49  0.16 -0.02         -0.17  0.32    -0.03     -0.14    0.11       0.38        0.09      -0.04  0.28 -0.16    1.00 -0.03     0.39     0.17  0.74         -0.22  0.30    0.02 -0.09
KR10            -0.11  0.05 -0.05  0.05  0.16 -0.02  0.13          0.01  0.10     0.24     -0.03   -0.06      -0.07        0.08      -0.05  0.17  0.04   -0.03  1.00     0.08     0.07  0.01          0.07 -0.02    0.09  0.02
LEANHOG          0.25  0.37  0.18  0.36  0.33  0.03 -0.02          0.01  0.49     0.04     -0.12    0.07       0.59        0.39      -0.04  0.17  0.35    0.39  0.08     1.00     0.10  0.35          0.08  0.35    0.08 -0.09
LIVECOW          0.08  0.13  0.27  0.16  0.15 -0.03  0.04         -0.10  0.21     0.02     -0.13   -0.12       0.07        0.16      -0.08  0.16 -0.12    0.17  0.07     0.10     1.00  0.20         -0.10  0.14   -0.03 -0.13
MXP              0.29  0.27  0.23  0.54  0.32  0.12 -0.16         -0.17  0.33    -0.04     -0.13    0.12       0.29        0.09      -0.05  0.15 -0.16    0.74  0.01     0.35     0.20  1.00         -0.20  0.25    0.08 -0.07
NASDAQ_micro     0.13 -0.13 -0.10 -0.24 -0.12  0.24 -0.08          0.90 -0.15     0.02      0.59    0.07       0.31        0.09       0.53 -0.21  0.64   -0.22  0.07     0.08    -0.10 -0.20          1.00 -0.30   -0.14  0.58
OAT              0.05  0.73  0.09  0.48  0.46 -0.07 -0.02         -0.33  0.47     0.04     -0.30    0.06       0.18        0.30      -0.26  0.33 -0.20    0.30 -0.02     0.35     0.14  0.25         -0.30  1.00    0.15 -0.24
SILVER          -0.09  0.10  0.12  0.13  0.18  0.07  0.22         -0.12  0.20     0.11     -0.11   -0.08      -0.20        0.14      -0.10  0.13 -0.12    0.02  0.09     0.08    -0.03  0.08         -0.14  0.15    1.00 -0.08
US10             0.16 -0.10 -0.06 -0.19 -0.01  0.71  0.03          0.69 -0.14     0.03      0.95    0.06       0.10        0.01       0.91 -0.06  0.31   -0.09  0.02    -0.09    -0.13 -0.07          0.58 -0.24   -0.08  1.00


********************************************************************************
                               END OF RISK REPORT                               
********************************************************************************


