
********************************************************************************
                    Risk report produced on 13/10/2023 22:52                    
********************************************************************************


Total risk across all strategies, annualised percentage 13.1
Percentage of capital used for margin 52.6%

========================================
Risk per strategy, annualised percentage
========================================

                  risk
dynamic_TF_carry  13.0


===================
Risk by asset class
===================

Ags       2.1
Bond      7.3
Equity    2.4
FX        5.6
Metals    0.4
OilGas    1.0
Sector    3.2
dtype: float64


=====================================================
Beta loadings of asset class positions on asset class
=====================================================

FX       -0.99
Bond     -0.86
Equity   -0.09
Metals   -0.02
OilGas   -0.02
Ags       0.06
Sector    0.17
dtype: float64


========================================================
Beta loadings of full portfolio positions on asset class
========================================================

FX       -1.48
Bond     -1.27
Metals   -0.21
Equity   -0.10
OilGas   -0.01
Ags       0.06
Sector    0.16
dtype: float64


==================================================================================================================================================================================================================================================================
                                                                                                                         Instrument risk                                                                                                                          
==================================================================================================================================================================================================================================================================

              daily_price_stdev  annual_price_stdev     price  daily_perc_stdev  annual_perc_stdev  point_size_base  contract_exposure  daily_risk_per_contract  annual_risk_per_contract  position  capital  exposure_held_perc_capital  annual_risk_perc_capital
US20                      1.147              18.356    112.78              1.02               16.3            819.3              92401                      939                     15039        -1   385817                       -23.9                      -3.9
BUND                      0.746              11.933    129.55              0.58                9.2            864.2             111957                      644                     10312        -1   385817                       -29.0                      -2.7
DAX                     145.112            2321.799  15307.00              0.95               15.2              0.9              13228                      125                      2006        -5   385817                       -17.1                      -2.6
CHF                       0.005               0.083      1.12              0.46                7.4         102412.8             114461                      530                      8483        -1   385817                       -29.7                      -2.2
AUD                       0.004               0.071      0.63              0.70               11.2          81930.3              51722                      363                      5809        -1   385817                       -13.4                      -1.5
US3                       0.216               3.460    102.98              0.21                3.4           1638.6             168744                      354                      5669        -1   385817                       -43.7                      -1.5
JPY                       0.000               0.001      0.01              0.50                8.0       10241284.7              69205                      346                      5550        -1   385817                       -17.9                      -1.4
GBP                       0.006               0.099      1.21              0.51                8.2          51206.4              62179                      317                      5081        -1   385817                       -16.1                      -1.3
RUSSELL                  21.801             348.808   1730.50              1.26               20.2              4.1               7089                       89                      1428        -3   385817                        -5.5                      -1.1
GAS_US_mini               0.114               1.823      3.56              3.20               51.1           2048.3               7302                      233                      3733        -1   385817                        -1.9                      -1.0
COPPER-micro              0.044               0.705      3.57              1.23               19.7           2048.3               7318                       90                      1445        -1   385817                        -1.9                      -0.4
CNH                       0.018               0.290      7.31              0.25                4.0          11216.6              81961                      203                      3251         1   385817                        21.2                       0.8
MXP                       0.000               0.007      0.05              0.81               13.0         409651.4              22428                      182                      2918         2   385817                        11.6                       1.5
LEANHOG                   1.559              24.942     69.53              2.24               35.9            327.7              22784                      510                      8174         1   385817                         5.9                       2.1
NIKKEI                  375.943            6015.081  32315.00              1.16               18.6              0.5              17684                      205                      3291         3   385817                        13.8                       2.6
EU-OIL                    4.506              72.100    369.70              1.22               19.5             43.2              15974                      194                      3115         4   385817                        16.6                       3.2

Sum of abs(notional exposure % capital) 269.2
Sum of abs(annualised risk % capital) 29.8
Net sum of annualised risk % capital -9.4 

=====================================================================================================================================
                                                            Correlations                                                             
=====================================================================================================================================

               AUD   CHF  COPPER-micro   GBP  BUND   JPY  US20   US3   DAX  EU-OIL   MXP  NIKKEI  RUSSELL  GAS_US_mini  LEANHOG   CNH
AUD           1.00  0.65          0.62  0.69  0.42  0.39  0.49  0.41  0.55    0.37  0.43    0.36     0.55         0.23     0.26 -0.55
CHF           0.65  1.00          0.41  0.71  0.44  0.55  0.64  0.60  0.37    0.02  0.31    0.09     0.33         0.09     0.20 -0.61
COPPER-micro  0.62  0.41          1.00  0.52  0.21  0.27  0.24  0.20  0.36    0.30  0.26    0.25     0.45        -0.00     0.18 -0.61
GBP           0.69  0.71          0.52  1.00  0.49  0.36  0.50  0.51  0.52    0.24  0.33    0.28     0.48         0.18     0.21 -0.52
BUND          0.42  0.44          0.21  0.49  1.00  0.33  0.73  0.66  0.28    0.01  0.18    0.11     0.30         0.10     0.03 -0.37
JPY           0.39  0.55          0.27  0.36  0.33  1.00  0.39  0.50  0.03   -0.11  0.09   -0.31     0.09        -0.14     0.01 -0.44
US20          0.49  0.64          0.24  0.50  0.73  0.39  1.00  0.75  0.28    0.05  0.26    0.21     0.30         0.06     0.22 -0.47
US3           0.41  0.60          0.20  0.51  0.66  0.50  0.75  1.00  0.09   -0.08  0.00   -0.08     0.13        -0.02     0.16 -0.51
DAX           0.55  0.37          0.36  0.52  0.28  0.03  0.28  0.09  1.00    0.49  0.47    0.70     0.74         0.21     0.14 -0.31
EU-OIL        0.37  0.02          0.30  0.24  0.01 -0.11  0.05 -0.08  0.49    1.00  0.22    0.47     0.45         0.33     0.23 -0.07
MXP           0.43  0.31          0.26  0.33  0.18  0.09  0.26  0.00  0.47    0.22  1.00    0.36     0.38         0.15     0.18 -0.08
NIKKEI        0.36  0.09          0.25  0.28  0.11 -0.31  0.21 -0.08  0.70    0.47  0.36    1.00     0.65         0.25     0.20 -0.08
RUSSELL       0.55  0.33          0.45  0.48  0.30  0.09  0.30  0.13  0.74    0.45  0.38    0.65     1.00         0.22     0.20 -0.28
GAS_US_mini   0.23  0.09         -0.00  0.18  0.10 -0.14  0.06 -0.02  0.21    0.33  0.15    0.25     0.22         1.00     0.08  0.16
LEANHOG       0.26  0.20          0.18  0.21  0.03  0.01  0.22  0.16  0.14    0.23  0.18    0.20     0.20         0.08     1.00 -0.18
CNH          -0.55 -0.61         -0.61 -0.52 -0.37 -0.44 -0.47 -0.51 -0.31   -0.07 -0.08   -0.08    -0.28         0.16    -0.18  1.00


********************************************************************************
                                 END OF REPORT                                  
********************************************************************************


