
********************************************************************************
                    Risk report produced on 20/03/2026 22:53                    
********************************************************************************


Total risk across all strategies, annualised percentage 7.5
Percentage of capital used for margin 32.4%

========================================
Risk per strategy, annualised percentage
========================================

                  risk
dynamic_TF_carry   7.5


===================
Risk by asset class
===================

Ags       1.1
Bond      1.0
Equity    1.8
FX        3.4
Metals    2.3
OilGas    3.8
Sector    0.5
Vol       0.1
dtype: float64


=====================================================
Beta loadings of asset class positions on asset class
=====================================================

Bond     -0.20
FX       -0.14
Metals   -0.04
Equity   -0.03
Vol      -0.00
Sector    0.03
Ags       0.04
OilGas    0.07
dtype: float64


========================================================
Beta loadings of full portfolio positions on asset class
========================================================

Bond     -0.65
FX       -0.25
Vol      -0.03
Metals   -0.01
OilGas    0.10
Equity    0.10
Ags       0.13
Sector    0.18
dtype: float64


=================================================================================================================================================================================================================================================================
                                                                                                                         Instrument risk                                                                                                                         
=================================================================================================================================================================================================================================================================

             daily_price_stdev  annual_price_stdev     price  daily_perc_stdev  annual_perc_stdev  point_size_base  contract_exposure  daily_risk_per_contract  annual_risk_per_contract  position  capital  exposure_held_perc_capital  annual_risk_perc_capital
JPY                      0.000               0.001      0.01              0.61                9.8        9326235.4              59585                      364                      5831        -3   682803                       -26.2                      -2.6
BITCOIN               2650.872           42413.955  70320.00              3.77               60.3              0.1               5246                      197                      3164        -5   682803                        -3.8                      -2.3
SP500_micro             54.651             874.418   6608.00              0.83               13.2              3.7              24651                      203                      3262        -4   682803                       -14.4                      -1.9
CHF                      0.007               0.117      1.28              0.57                9.2          93262.4             119441                      684                     10953        -1   682803                       -17.5                      -1.6
EUR_micro                0.006               0.090      1.16              0.48                7.7           9326.2              10846                       52                       838        -6   682803                        -9.5                      -0.7
GAS_US_mini              0.155               2.482      3.10              5.00               80.1           1865.2               5782                      289                      4629        -1   682803                        -0.8                      -0.7
US10                     0.332               5.309    111.42              0.30                4.8            746.1              83131                      247                      3960        -1   682803                       -12.2                      -0.6
KR10                     0.438               7.013    111.07              0.39                6.3            497.5              55253                      218                      3488        -1   682803                        -8.1                      -0.5
V2X                      0.567               9.069     25.30              2.24               35.8             86.2               2181                       48                       782        -1   682803                        -0.3                      -0.1
DOW                    402.489            6439.826  46430.00              0.87               13.9              0.4              17320                      150                      2402         0   682803                         0.0                       0.0
MUMMY                   12.436             198.969    720.00              1.73               27.6              4.7               3390                       58                       937         1   682803                         0.5                       0.1
AUD_micro                0.004               0.071      0.71              0.63               10.1           7461.0               5279                       33                       533         5   682803                         3.9                       0.4
EU-OIL                   4.869              77.898    536.20              0.91               14.5             43.1              23120                      209                      3358         1   682803                         3.4                       0.5
BRE                      0.001               0.024      0.19              0.78               12.4          74609.9              14246                      110                      1769         2   682803                         4.2                       0.5
ZAR                      0.001               0.010      0.06              1.03               16.5         373049.4              22103                      227                      3636         1   682803                         3.2                       0.5
MXP                      0.000               0.007      0.06              0.76               12.1         373049.4              20853                      158                      2531         2   682803                         6.1                       0.7
GBP                      0.007               0.112      1.34              0.52                8.3          46631.2              62611                      325                      5200         1   682803                         9.2                       0.8
NZD                      0.004               0.070      0.59              0.74               11.9          74609.9              43948                      326                      5217         1   682803                         6.4                       0.8
FTSECHINAA             131.510            2104.167  14875.00              0.88               14.1              0.7              11098                       98                      1569         4   682803                         6.5                       0.9
SOYOIL                   1.034              16.544     65.01              1.59               25.4            447.7              29102                      462                      7406         1   682803                         4.3                       1.1
KOSPI_mini              21.156             338.503    861.08              2.46               39.3             24.9              21417                      526                      8419         1   682803                         3.1                       1.2
GASOILINE                0.053               0.842      2.90              1.81               29.0          31336.2              90953                     1648                     26373         1   682803                        13.3                       3.9

Sum of abs(notional exposure % capital) 156.9
Sum of abs(annualised risk % capital) 22.4
Net sum of annualised risk % capital 0.4 

================================================================================================================================================================================================
                                                                                          Correlations                                                                                          
================================================================================================================================================================================================

             AUD_micro   CHF  EUR_micro   GBP   JPY   NZD   BRE   DOW  FTSECHINAA  KOSPI_mini   MXP  SP500_micro   ZAR  BITCOIN  EU-OIL  GASOILINE  GAS_US_mini  MUMMY  SOYOIL  KR10  US10   V2X
AUD_micro         1.00  0.53       0.62  0.66  0.39  0.89  0.48  0.46        0.25        0.37  0.48         0.49  0.60     0.02    0.14      -0.04         0.13   0.23    0.10 -0.05 -0.13 -0.39
CHF               0.53  1.00       0.84  0.68  0.64  0.70  0.20  0.07       -0.05        0.06  0.28         0.02  0.36    -0.10   -0.34      -0.35         0.04  -0.12    0.01  0.09  0.15  0.07
EUR_micro         0.62  0.84       1.00  0.81  0.58  0.75  0.39  0.17        0.06        0.22  0.51         0.11  0.55    -0.03   -0.30      -0.41         0.02  -0.06   -0.03  0.04  0.09 -0.13
GBP               0.66  0.68       0.81  1.00  0.58  0.79  0.36  0.20        0.12        0.06  0.45         0.23  0.55     0.04   -0.22      -0.32         0.14  -0.03    0.01  0.08  0.14 -0.28
JPY               0.39  0.64       0.58  0.58  1.00  0.51  0.20 -0.03       -0.03        0.05  0.18        -0.06  0.28     0.09   -0.29      -0.32         0.10  -0.19   -0.05  0.24  0.33  0.07
NZD               0.89  0.70       0.75  0.79  0.51  1.00  0.44  0.35        0.12        0.27  0.46         0.37  0.58     0.03   -0.02      -0.23         0.14   0.12    0.06  0.03  0.05 -0.34
BRE               0.48  0.20       0.39  0.36  0.20  0.44  1.00  0.39        0.33        0.43  0.50         0.42  0.54     0.02    0.19       0.02         0.04   0.15    0.11 -0.04  0.08 -0.38
DOW               0.46  0.07       0.17  0.20 -0.03  0.35  0.39  1.00        0.39        0.34  0.32         0.90  0.52     0.10    0.07      -0.16        -0.22   0.27   -0.06  0.03 -0.11 -0.64
FTSECHINAA        0.25 -0.05       0.06  0.12 -0.03  0.12  0.33  0.39        1.00        0.14  0.22         0.40  0.25     0.15    0.21       0.14         0.05   0.16    0.06  0.02 -0.21 -0.27
KOSPI_mini        0.37  0.06       0.22  0.06  0.05  0.27  0.43  0.34        0.14        1.00  0.38         0.33  0.58    -0.02    0.31      -0.17        -0.14   0.34   -0.13  0.22  0.21 -0.44
MXP               0.48  0.28       0.51  0.45  0.18  0.46  0.50  0.32        0.22        0.38  1.00         0.30  0.59    -0.05    0.12      -0.19        -0.15   0.10    0.00 -0.01  0.03 -0.39
SP500_micro       0.49  0.02       0.11  0.23 -0.06  0.37  0.42  0.90        0.40        0.33  0.30         1.00  0.50     0.22    0.18      -0.02        -0.00   0.31    0.00  0.08 -0.14 -0.68
ZAR               0.60  0.36       0.55  0.55  0.28  0.58  0.54  0.52        0.25        0.58  0.59         0.50  1.00    -0.02    0.12      -0.28        -0.06   0.18   -0.05  0.05  0.16 -0.57
BITCOIN           0.02 -0.10      -0.03  0.04  0.09  0.03  0.02  0.10        0.15       -0.02 -0.05         0.22 -0.02     1.00    0.07       0.10         0.19   0.08    0.01 -0.04 -0.17 -0.16
EU-OIL            0.14 -0.34      -0.30 -0.22 -0.29 -0.02  0.19  0.07        0.21        0.31  0.12         0.18  0.12     0.07    1.00       0.62         0.12   0.39    0.23 -0.16 -0.10 -0.32
GASOILINE        -0.04 -0.35      -0.41 -0.32 -0.32 -0.23  0.02 -0.16        0.14       -0.17 -0.19        -0.02 -0.28     0.10    0.62       1.00         0.23   0.23    0.47 -0.28 -0.37  0.14
GAS_US_mini       0.13  0.04       0.02  0.14  0.10  0.14  0.04 -0.22        0.05       -0.14 -0.15        -0.00 -0.06     0.19    0.12       0.23         1.00  -0.24    0.04 -0.15 -0.19  0.09
MUMMY             0.23 -0.12      -0.06 -0.03 -0.19  0.12  0.15  0.27        0.16        0.34  0.10         0.31  0.18     0.08    0.39       0.23        -0.24   1.00    0.02  0.07 -0.09 -0.36
SOYOIL            0.10  0.01      -0.03  0.01 -0.05  0.06  0.11 -0.06        0.06       -0.13  0.00         0.00 -0.05     0.01    0.23       0.47         0.04   0.02    1.00 -0.18 -0.16  0.17
KR10             -0.05  0.09       0.04  0.08  0.24  0.03 -0.04  0.03        0.02        0.22 -0.01         0.08  0.05    -0.04   -0.16      -0.28        -0.15   0.07   -0.18  1.00  0.52 -0.08
US10             -0.13  0.15       0.09  0.14  0.33  0.05  0.08 -0.11       -0.21        0.21  0.03        -0.14  0.16    -0.17   -0.10      -0.37        -0.19  -0.09   -0.16  0.52  1.00 -0.10
V2X              -0.39  0.07      -0.13 -0.28  0.07 -0.34 -0.38 -0.64       -0.27       -0.44 -0.39        -0.68 -0.57    -0.16   -0.32       0.14         0.09  -0.36    0.17 -0.08 -0.10  1.00


********************************************************************************
                                 END OF REPORT                                  
********************************************************************************


