
********************************************************************************
                    Risk report produced on 29/08/2024 22:51                    
********************************************************************************


Total risk across all strategies, annualised percentage 8.4
Percentage of capital used for margin 65.5%

========================================
Risk per strategy, annualised percentage
========================================

                  risk
dynamic_TF_carry   8.4


===================
Risk by asset class
===================

Ags       2.5
Bond      1.9
Equity    6.7
FX        0.8
Metals    0.5
OilGas    1.7
Sector    0.6
Vol       1.4
dtype: float64


=====================================================
Beta loadings of asset class positions on asset class
=====================================================

Ags      -0.14
Sector   -0.03
OilGas   -0.03
Metals   -0.02
Vol      -0.02
FX        0.02
Equity    0.28
Bond      0.33
dtype: float64


========================================================
Beta loadings of full portfolio positions on asset class
========================================================

Ags      -0.18
Vol      -0.11
OilGas   -0.03
Metals    0.01
Sector    0.14
Equity    0.30
Bond      0.36
FX        0.38
dtype: float64


==================================================================================================================================================================================================================================================================
                                                                                                                         Instrument risk                                                                                                                          
==================================================================================================================================================================================================================================================================

              daily_price_stdev  annual_price_stdev     price  daily_perc_stdev  annual_perc_stdev  point_size_base  contract_exposure  daily_risk_per_contract  annual_risk_per_contract  position  capital  exposure_held_perc_capital  annual_risk_perc_capital
GAS-PEN                   0.086               1.379      2.05              4.20               67.3           7567.2              15512                      652                     10432        -1   605005                        -2.6                      -1.7
CORN                      5.380              86.082    395.50              1.36               21.8             37.8              14964                      203                      3256        -3   605005                        -7.4                      -1.6
VIX                       0.676              10.822     17.55              3.85               61.7            756.7              13280                      511                      8189        -1   605005                        -2.2                      -1.4
COTTON2                   1.069              17.105     69.89              1.53               24.5            378.4              26443                      404                      6471        -1   605005                        -4.4                      -1.1
WHEAT                     9.210             147.367    548.00              1.68               26.9             37.8              20734                      348                      5575        -1   605005                        -3.4                      -0.9
CHINAA-CON               15.695             251.124   1835.20              0.86               13.7             18.9              34718                      296                      4750        -1   605005                        -5.7                      -0.8
EU-AUTO                   6.551             104.810    610.50              1.07               17.2             42.1              25720                      275                      4415        -1   605005                        -4.3                      -0.7
MXP                       0.001               0.009      0.05              1.09               17.4         378360.8              19039                      207                      3317        -1   605005                        -3.1                      -0.5
BITCOIN                1963.331           31413.292  59720.00              3.29               52.6              0.1               4519                      148                      2377        -1   605005                        -0.7                      -0.4
IRON                      1.835              29.359    102.50              1.79               28.6             75.7               7756                      138                      2221        -1   605005                        -1.3                      -0.4
HANGENT_mini             82.982            1327.712   6153.00              1.35               21.6              1.0               5971                       80                      1288        -1   605005                        -1.0                      -0.2
FTSECHINAA               94.996            1519.936  11618.00              0.82               13.1              0.8               8791                       71                      1150        -1   605005                        -1.5                      -0.2
EU-BANKS                  1.745              27.916    142.45              1.22               19.6             42.1               6001                       73                      1176         1   605005                         1.0                       0.2
MUMMY                    17.827             285.234    661.00              2.70               43.2              5.2               3458                       93                      1492         1   605005                         0.6                       0.2
GBP                       0.006               0.094      1.32              0.44                7.1          47295.1              62301                      277                      4435         1   605005                        10.3                       0.7
DOW                     306.188            4899.001  41441.00              0.74               11.8              0.4              15679                      115                      1853         3   605005                         7.8                       0.9
KR10                      0.423               6.769    116.26              0.36                5.8            564.7              65652                      238                      3822         3   605005                        32.6                       1.9
FTSETAIWAN               31.139             498.230   1861.00              1.67               26.8             30.3              56330                      942                     15080         1   605005                         9.3                       2.5
MSCIEAFA                 21.894             350.308   2453.20              0.89               14.3             37.8              92819                      828                     13254         2   605005                        30.7                       4.4

Sum of abs(notional exposure % capital) 129.9
Sum of abs(annualised risk % capital) 20.7
Net sum of annualised risk % capital 0.9 

==============================================================================================================================================================================
                                                                                 Correlations                                                                                 
==============================================================================================================================================================================

              CHINAA-CON   DOW  EU-AUTO  EU-BANKS  FTSECHINAA  FTSETAIWAN   GBP  HANGENT_mini  MSCIEAFA  MUMMY   MXP  CORN  IRON  WHEAT  BITCOIN  COTTON2  KR10  GAS-PEN   VIX
CHINAA-CON          1.00  0.36     0.30      0.34        0.93        0.39  0.19          0.63      0.43   0.39  0.25  0.02  0.05  -0.06     0.17     0.16  0.11    -0.07 -0.34
DOW                 0.36  1.00     0.62      0.65        0.31        0.50  0.56          0.39      0.84   0.65  0.47  0.10 -0.11  -0.02     0.38     0.19  0.27     0.08 -0.59
EU-AUTO             0.30  0.62     1.00      0.67        0.28        0.48  0.36          0.42      0.67   0.61  0.39  0.14 -0.12   0.01     0.28     0.33  0.01     0.01 -0.46
EU-BANKS            0.34  0.65     0.67      1.00        0.29        0.48  0.37          0.34      0.69   0.64  0.47  0.11 -0.10   0.09     0.38     0.23 -0.10     0.12 -0.62
FTSECHINAA          0.93  0.31     0.28      0.29        1.00        0.40  0.19          0.65      0.41   0.36  0.30 -0.01  0.16  -0.02     0.12     0.19  0.06    -0.10 -0.34
FTSETAIWAN          0.39  0.50     0.48      0.48        0.40        1.00  0.41          0.44      0.63   0.60  0.63  0.05  0.01  -0.11     0.13     0.31  0.21     0.02 -0.54
GBP                 0.19  0.56     0.36      0.37        0.19        0.41  1.00          0.28      0.66   0.48  0.32  0.04  0.01  -0.03     0.27     0.07  0.24     0.06 -0.39
HANGENT_mini        0.63  0.39     0.42      0.34        0.65        0.44  0.28          1.00      0.57   0.40  0.33  0.08  0.02   0.05     0.10     0.26  0.22     0.01 -0.50
MSCIEAFA            0.43  0.84     0.67      0.69        0.41        0.63  0.66          0.57      1.00   0.72  0.55  0.04 -0.11  -0.03     0.37     0.23  0.24     0.12 -0.71
MUMMY               0.39  0.65     0.61      0.64        0.36        0.60  0.48          0.40      0.72   1.00  0.34 -0.07 -0.21  -0.26     0.27     0.21  0.09     0.08 -0.58
MXP                 0.25  0.47     0.39      0.47        0.30        0.63  0.32          0.33      0.55   0.34  1.00  0.09  0.04   0.06     0.23     0.30  0.13     0.15 -0.49
CORN                0.02  0.10     0.14      0.11       -0.01        0.05  0.04          0.08      0.04  -0.07  0.09  1.00  0.10   0.56     0.10     0.06 -0.01     0.14  0.02
IRON                0.05 -0.11    -0.12     -0.10        0.16        0.01  0.01          0.02     -0.11  -0.21  0.04  0.10  1.00   0.22    -0.10     0.09  0.00    -0.24  0.08
WHEAT              -0.06 -0.02     0.01      0.09       -0.02       -0.11 -0.03          0.05     -0.03  -0.26  0.06  0.56  0.22   1.00     0.01    -0.10 -0.05     0.12 -0.03
BITCOIN             0.17  0.38     0.28      0.38        0.12        0.13  0.27          0.10      0.37   0.27  0.23  0.10 -0.10   0.01     1.00     0.14  0.12     0.03 -0.23
COTTON2             0.16  0.19     0.33      0.23        0.19        0.31  0.07          0.26      0.23   0.21  0.30  0.06  0.09  -0.10     0.14     1.00  0.00    -0.10 -0.23
KR10                0.11  0.27     0.01     -0.10        0.06        0.21  0.24          0.22      0.24   0.09  0.13 -0.01  0.00  -0.05     0.12     0.00  1.00    -0.09 -0.05
GAS-PEN            -0.07  0.08     0.01      0.12       -0.10        0.02  0.06          0.01      0.12   0.08  0.15  0.14 -0.24   0.12     0.03    -0.10 -0.09     1.00 -0.23
VIX                -0.34 -0.59    -0.46     -0.62       -0.34       -0.54 -0.39         -0.50     -0.71  -0.58 -0.49  0.02  0.08  -0.03    -0.23    -0.23 -0.05    -0.23  1.00


********************************************************************************
                                 END OF REPORT                                  
********************************************************************************


