
********************************************************************************
                    Risk report produced on 16/10/2023 22:52                    
********************************************************************************


Total risk across all strategies, annualised percentage 13.7
Percentage of capital used for margin 53.3%

========================================
Risk per strategy, annualised percentage
========================================

                  risk
dynamic_TF_carry  13.7


===================
Risk by asset class
===================

Ags       2.1
Bond      7.3
Equity    2.7
FX        5.7
Metals    0.4
OilGas    1.0
Sector    3.2
dtype: float64


=====================================================
Beta loadings of asset class positions on asset class
=====================================================

FX       -0.98
Bond     -0.85
Equity   -0.09
Metals   -0.02
OilGas   -0.02
Ags       0.06
Sector    0.17
dtype: float64


========================================================
Beta loadings of full portfolio positions on asset class
========================================================

FX       -1.47
Bond     -1.26
Metals   -0.21
Equity   -0.09
OilGas   -0.01
Ags       0.07
Sector    0.16
dtype: float64


==================================================================================================================================================================================================================================================================
                                                                                                                         Instrument risk                                                                                                                          
==================================================================================================================================================================================================================================================================

              daily_price_stdev  annual_price_stdev     price  daily_perc_stdev  annual_perc_stdev  point_size_base  contract_exposure  daily_risk_per_contract  annual_risk_per_contract  position  capital  exposure_held_perc_capital  annual_risk_perc_capital
US20                      1.165              18.641    111.41              1.05               16.7            822.2              91594                      957                     15325        -1   388227                       -23.6                      -3.9
BUND                      0.736              11.782    129.10              0.57                9.1            865.7             111767                      637                     10199        -1   388227                       -28.8                      -2.6
DAX                     144.926            2318.822  15358.00              0.94               15.1              0.9              13296                      125                      2007        -5   388227                       -17.1                      -2.6
CHF                       0.005               0.080      1.12              0.44                7.1         102770.7             114923                      510                      8172        -1   388227                       -29.6                      -2.1
AUD                       0.004               0.072      0.64              0.70               11.3          82216.6              52252                      368                      5891        -1   388227                       -13.5                      -1.5
US3                       0.211               3.383    102.92              0.21                3.3           1644.3             169231                      347                      5562        -1   388227                       -43.6                      -1.4
JPY                       0.000               0.001      0.01              0.49                7.9       10277069.8              69411                      342                      5473        -1   388227                       -17.9                      -1.4
GBP                       0.006               0.101      1.22              0.52                8.3          51385.3              62792                      325                      5214        -1   388227                       -16.2                      -1.3
RUSSELL                  22.906             366.497   1760.00              1.30               20.8              4.1               7235                       94                      1506        -3   388227                        -5.6                      -1.2
GAS_US_mini               0.114               1.832      3.48              3.29               52.6           2055.4               7163                      235                      3764        -1   388227                        -1.8                      -1.0
COPPER-micro              0.043               0.696      3.58              1.21               19.4           2055.4               7356                       89                      1429        -1   388227                        -1.9                      -0.4
CNH                       0.018               0.288      7.31              0.25                3.9          11239.0              82142                      202                      3232         1   388227                        21.2                       0.8
MXP                       0.000               0.007      0.06              0.81               13.0         411082.8              22695                      184                      2946         2   388227                        11.7                       1.5
LEANHOG                   1.538              24.602     73.22              2.10               33.6            328.9              24081                      505                      8090         1   388227                         6.2                       2.1
NIKKEI                  390.766            6252.254  31595.00              1.24               19.8              0.5              17369                      214                      3437         3   388227                        13.4                       2.7
EU-OIL                    4.451              71.223    372.70              1.19               19.1             43.3              16133                      192                      3083         4   388227                        16.6                       3.2

Sum of abs(notional exposure % capital) 268.7
Sum of abs(annualised risk % capital) 29.7
Net sum of annualised risk % capital -9.1 

=====================================================================================================================================
                                                            Correlations                                                             
=====================================================================================================================================

               AUD  COPPER-micro  BUND   CHF   GBP   JPY  US20   US3   DAX  EU-OIL   MXP  NIKKEI  RUSSELL  GAS_US_mini  LEANHOG   CNH
AUD           1.00          0.66  0.26  0.67  0.72  0.57  0.39  0.43  0.52    0.25  0.45    0.30     0.58         0.04     0.23 -0.60
COPPER-micro  0.66          1.00  0.09  0.49  0.59  0.41  0.22  0.29  0.44    0.41  0.37    0.31     0.53        -0.04     0.15 -0.52
BUND          0.26          0.09  1.00  0.38  0.39  0.46  0.73  0.67  0.34   -0.11  0.13    0.11     0.20        -0.09    -0.22 -0.40
CHF           0.67          0.49  0.38  1.00  0.77  0.66  0.53  0.57  0.43    0.09  0.29    0.15     0.34        -0.12     0.01 -0.47
GBP           0.72          0.59  0.39  0.77  1.00  0.60  0.50  0.56  0.46    0.12  0.31    0.19     0.37         0.02     0.09 -0.43
JPY           0.57          0.41  0.46  0.66  0.60  1.00  0.51  0.63  0.30   -0.01  0.21   -0.21     0.19        -0.32     0.01 -0.50
US20          0.39          0.22  0.73  0.53  0.50  0.51  1.00  0.75  0.37    0.00  0.23    0.17     0.28        -0.07    -0.10 -0.42
US3           0.43          0.29  0.67  0.57  0.56  0.63  0.75  1.00  0.25   -0.05  0.00   -0.07     0.22        -0.13    -0.18 -0.48
DAX           0.52          0.44  0.34  0.43  0.46  0.30  0.37  0.25  1.00    0.52  0.55    0.65     0.66         0.09     0.28 -0.34
EU-OIL        0.25          0.41 -0.11  0.09  0.12 -0.01  0.00 -0.05  0.52    1.00  0.48    0.52     0.44         0.17     0.28 -0.12
MXP           0.45          0.37  0.13  0.29  0.31  0.21  0.23  0.00  0.55    0.48  1.00    0.44     0.42        -0.06     0.18 -0.17
NIKKEI        0.30          0.31  0.11  0.15  0.19 -0.21  0.17 -0.07  0.65    0.52  0.44    1.00     0.49         0.26     0.16 -0.15
RUSSELL       0.58          0.53  0.20  0.34  0.37  0.19  0.28  0.22  0.66    0.44  0.42    0.49     1.00         0.22     0.34 -0.34
GAS_US_mini   0.04         -0.04 -0.09 -0.12  0.02 -0.32 -0.07 -0.13  0.09    0.17 -0.06    0.26     0.22         1.00     0.09  0.03
LEANHOG       0.23          0.15 -0.22  0.01  0.09  0.01 -0.10 -0.18  0.28    0.28  0.18    0.16     0.34         0.09     1.00  0.08
CNH          -0.60         -0.52 -0.40 -0.47 -0.43 -0.50 -0.42 -0.48 -0.34   -0.12 -0.17   -0.15    -0.34         0.03     0.08  1.00


********************************************************************************
                                 END OF REPORT                                  
********************************************************************************


