
********************************************************************************
                    Risk report produced on 18/08/2025 22:54                    
********************************************************************************


Total risk across all strategies, annualised percentage 13.8
Percentage of capital used for margin 46.6%

========================================
Risk per strategy, annualised percentage
========================================

                  risk
dynamic_TF_carry  13.8


===================
Risk by asset class
===================

Ags        4.2
Bond       1.3
Equity    10.9
FX         2.9
Metals     1.9
OilGas     3.7
Sector     1.1
dtype: float64


=====================================================
Beta loadings of asset class positions on asset class
=====================================================

OilGas   -0.09
Sector   -0.06
Metals   -0.04
Ags       0.18
Bond      0.30
FX        0.33
Equity    0.53
dtype: float64


========================================================
Beta loadings of full portfolio positions on asset class
========================================================

OilGas   -0.09
Bond      0.10
Metals    0.15
Sector    0.25
Ags       0.26
FX        0.60
Equity    0.61
dtype: float64


====================================================================================================================================================================================================================================================================
                                                                                                                          Instrument risk                                                                                                                           
====================================================================================================================================================================================================================================================================

               daily_price_stdev  annual_price_stdev      price  daily_perc_stdev  annual_perc_stdev  point_size_base  contract_exposure  daily_risk_per_contract  annual_risk_per_contract  position  capital  exposure_held_perc_capital  annual_risk_perc_capital
GAS-PEN                    0.100               1.604       2.88              3.48               55.7           7373.5              21228                      739                     11829        -1   568261                        -3.7                      -2.1
COPPER-micro               0.156               2.497       4.54              3.44               55.0           1843.4               8370                      287                      4602        -2   568261                        -2.9                      -1.6
GAS_US_mini                0.102               1.625       2.89              3.52               56.2           1843.4               5327                      187                      2996        -3   568261                        -2.8                      -1.6
EU-TECH                    9.385             150.164     797.60              1.18               18.8             43.2              34422                      405                      6480        -1   568261                        -6.1                      -1.1
JPY                        0.000               0.001       0.01              0.62               10.0        9216861.7              62522                      389                      6235        -1   568261                       -11.0                      -1.1
WHEAT                      6.883             110.127     524.50              1.31               21.0             36.9              19336                      253                      4060        -1   568261                        -3.4                      -0.7
DOW                      323.773            5180.373   44987.00              0.72               11.5              0.4              16585                      119                      1909        -2   568261                        -5.8                      -0.7
RICE                       0.159               2.548      12.60              1.26               20.2           1474.7              18581                      234                      3757        -1   568261                        -3.3                      -0.7
GOLD_micro                31.194             499.099    3350.10              0.93               14.9              7.4              24701                      230                      3680        -1   568261                        -4.3                      -0.6
KRWUSD_mini                0.004               0.064       0.72              0.55                8.8          18433.7              13344                       73                      1170        -2   568261                        -4.7                      -0.4
CRUDE_W_micro              1.152              18.431      61.66              1.87               29.9             73.7               4546                       84                      1359        -1   568261                        -0.8                      -0.2
MUMMY                      8.551             136.812     801.00              1.07               17.1              5.0               4007                       42                       684         1   568261                         0.7                       0.1
EUR_micro                  0.006               0.093       1.17              0.49                7.9           9216.9              10825                       53                       854         1   568261                         1.9                       0.2
RUSSELL                   27.532             440.511    2302.30              1.20               19.1              3.7               8487                      101                      1624         1   568261                         1.5                       0.3
CANOLA                    10.734             171.746     652.70              1.64               26.3             10.7               6973                      114                      1834         1   568261                         1.2                       0.3
TOPIX                     29.824             477.177    3129.25              0.95               15.2              5.0              15655                      149                      2387         1   568261                         2.8                       0.4
KR10                       0.297               4.755     118.37              0.25                4.0            531.9              62962                      158                      2529         1   568261                        11.1                       0.4
BITCOIN                 2262.962           36207.390  117550.00              1.93               30.8              0.1               8667                      166                      2669         1   568261                         1.5                       0.5
NIKKEI                   507.564            8121.030   43775.00              1.16               18.6              0.5              21900                      253                      4063         1   568261                         3.9                       0.7
HANG_mini                278.315            4453.032   25419.00              1.09               17.5              0.9              23946                      262                      4195         1   568261                         4.2                       0.7
MSCISING                   4.841              77.455     434.75              1.11               17.8             57.5              25005                      278                      4454         1   568261                         4.4                       0.8
LEANHOG                    1.129              18.061      90.30              1.25               20.0            294.9              26633                      332                      5326         1   568261                         4.7                       0.9
BTP                        0.437               6.999     120.27              0.36                5.8            863.2             103812                      377                      6040         1   568261                        18.3                       1.1
MXP                        0.000               0.005       0.05              0.55                8.9         368674.5              19591                      108                      1736         4   568261                        13.8                       1.2
YENEUR                     0.738              11.804     172.28              0.43                6.9            625.4             107740                      461                      7382         1   568261                        19.0                       1.3
GBP                        0.006               0.091       1.35              0.42                6.7          46084.3              62282                      262                      4202         2   568261                        21.9                       1.5
MSCIEAFA                  23.248             371.971    2741.40              0.85               13.6             36.9             101068                      857                     13713         1   568261                        17.8                       2.4
FEEDCOW                    3.823              61.168     350.42              1.09               17.5            368.7             129192                     1409                     22551         1   568261                        22.7                       4.0
AEX                       16.230             259.674     896.55              1.81               29.0            172.6             154773                     2801                     44828         1   568261                        27.2                       7.9

Sum of abs(notional exposure % capital) 227.4
Sum of abs(annualised risk % capital) 35.5
Net sum of annualised risk % capital 13.9 

=============================================================================================================================================================================================================================================================================
                                                                                                                                Correlations                                                                                                                                 
=============================================================================================================================================================================================================================================================================

                AEX  BITCOIN  COPPER-micro   DOW  EU-TECH  FEEDCOW  HANG_mini  LEANHOG  MSCIEAFA  MSCISING  MUMMY   MXP  NIKKEI  RUSSELL  TOPIX  CANOLA  CRUDE_W_micro  GAS-PEN  GAS_US_mini  WHEAT  YENEUR  EUR_micro   GBP  GOLD_micro   JPY  KRWUSD_mini   BTP  KR10  RICE
AEX            1.00     0.26          0.37  0.60     0.79     0.21       0.24     0.29      0.68      0.66   0.42  0.25    0.44     0.62   0.41   -0.11           0.37    -0.04         0.01  -0.01    0.02      -0.17  0.20       -0.05 -0.15         0.20  0.18 -0.04  0.04
BITCOIN        0.26     1.00          0.12  0.43     0.28    -0.01       0.05     0.19      0.27      0.39   0.11  0.01    0.16     0.46   0.17    0.02          -0.01    -0.05         0.01  -0.09   -0.02       0.01  0.07        0.08 -0.00         0.04  0.00 -0.16 -0.08
COPPER-micro   0.37     0.12          1.00  0.29     0.23     0.19       0.40     0.23      0.59      0.41   0.23  0.38    0.24     0.33   0.22   -0.15           0.01     0.04         0.03   0.24    0.13       0.45  0.53        0.33  0.27         0.32 -0.08 -0.14  0.20
DOW            0.60     0.43          0.29  1.00     0.57     0.10       0.26     0.15      0.59      0.53   0.22  0.13    0.52     0.88   0.49   -0.09           0.08    -0.12        -0.15  -0.16    0.05      -0.08  0.12       -0.13 -0.13         0.08  0.16  0.01 -0.10
EU-TECH        0.79     0.28          0.23  0.57     1.00     0.14       0.28     0.16      0.51      0.51   0.33  0.16    0.39     0.53   0.34   -0.02           0.14     0.12         0.12  -0.07    0.09      -0.17  0.07       -0.12 -0.21         0.04  0.11 -0.10 -0.06
FEEDCOW        0.21    -0.01          0.19  0.10     0.14     1.00       0.12     0.21      0.34      0.17   0.31  0.36    0.10     0.17   0.21   -0.11           0.13     0.08         0.11  -0.00    0.12       0.14  0.19        0.32  0.01         0.25  0.15  0.12  0.16
HANG_mini      0.24     0.05          0.40  0.26     0.28     0.12       1.00     0.07      0.50      0.22   0.21  0.21    0.36     0.18   0.35    0.11          -0.16    -0.03        -0.07  -0.00    0.09       0.33  0.42        0.20  0.20         0.34 -0.02 -0.00 -0.10
LEANHOG        0.29     0.19          0.23  0.15     0.16     0.21       0.07     1.00      0.28      0.13   0.35  0.20    0.01     0.26   0.06    0.16           0.28    -0.13        -0.07   0.11   -0.03       0.14  0.18        0.26  0.13         0.25  0.09 -0.04  0.16
MSCIEAFA       0.68     0.27          0.59  0.59     0.51     0.34       0.50     0.28      1.00      0.59   0.37  0.51    0.50     0.59   0.52   -0.10          -0.03    -0.16        -0.16  -0.01    0.11       0.44  0.70        0.28  0.29         0.48  0.15  0.09  0.03
MSCISING       0.66     0.39          0.41  0.53     0.51     0.17       0.22     0.13      0.59      1.00   0.37  0.19    0.46     0.53   0.47   -0.10           0.14     0.06         0.10  -0.08    0.09      -0.10  0.25       -0.13 -0.15         0.14 -0.01 -0.13 -0.07
MUMMY          0.42     0.11          0.23  0.22     0.33     0.31       0.21     0.35      0.37      0.37   1.00  0.09    0.41     0.35   0.49   -0.11           0.17    -0.05        -0.04   0.01    0.03      -0.09  0.19        0.14 -0.08         0.18  0.09 -0.01  0.18
MXP            0.25     0.01          0.38  0.13     0.16     0.36       0.21     0.20      0.51      0.19   0.09  1.00    0.12     0.20   0.13    0.08           0.11     0.02         0.03   0.15    0.20       0.45  0.46        0.30  0.22         0.31  0.14  0.16 -0.01
NIKKEI         0.44     0.16          0.24  0.52     0.39     0.10       0.36     0.01      0.50      0.46   0.41  0.12    1.00     0.48   0.93   -0.07           0.08    -0.18        -0.20  -0.09    0.34      -0.02  0.17       -0.04 -0.29         0.09  0.08 -0.03 -0.06
RUSSELL        0.62     0.46          0.33  0.88     0.53     0.17       0.18     0.26      0.59      0.53   0.35  0.20    0.48     1.00   0.46   -0.08           0.19    -0.16        -0.16  -0.06   -0.03      -0.08  0.18       -0.04 -0.06         0.09  0.16 -0.03  0.04
TOPIX          0.41     0.17          0.22  0.49     0.34     0.21       0.35     0.06      0.52      0.47   0.49  0.13    0.93     0.46   1.00   -0.09           0.08    -0.17        -0.20  -0.05    0.34      -0.02  0.17        0.01 -0.28         0.04  0.05 -0.06 -0.08
CANOLA        -0.11     0.02         -0.15 -0.09    -0.02    -0.11       0.11     0.16     -0.10     -0.10  -0.11  0.08   -0.07    -0.08  -0.09    1.00           0.21     0.17         0.16   0.26    0.10       0.02 -0.02        0.12 -0.06        -0.07  0.05 -0.16 -0.18
CRUDE_W_micro  0.37    -0.01          0.01  0.08     0.14     0.13      -0.16     0.28     -0.03      0.14   0.17  0.11    0.08     0.19   0.08    0.21           1.00     0.20         0.28   0.35    0.05      -0.38 -0.31        0.06 -0.34        -0.19 -0.04 -0.34  0.08
GAS-PEN       -0.04    -0.05          0.04 -0.12     0.12     0.08      -0.03    -0.13     -0.16      0.06  -0.05  0.02   -0.18    -0.16  -0.17    0.17           0.20     1.00         0.96   0.27    0.03      -0.16 -0.16        0.02 -0.16        -0.16 -0.20 -0.18 -0.03
GAS_US_mini    0.01     0.01          0.03 -0.15     0.12     0.11      -0.07    -0.07     -0.16      0.10  -0.04  0.03   -0.20    -0.16  -0.20    0.16           0.28     0.96         1.00   0.27    0.03      -0.20 -0.19        0.03 -0.18        -0.15 -0.22 -0.23 -0.01
WHEAT         -0.01    -0.09          0.24 -0.16    -0.07    -0.00      -0.00     0.11     -0.01     -0.08   0.01  0.15   -0.09    -0.06  -0.05    0.26           0.35     0.27         0.27   1.00   -0.12       0.05 -0.02        0.26  0.14        -0.05 -0.17 -0.25  0.11
YENEUR         0.02    -0.02          0.13  0.05     0.09     0.12       0.09    -0.03      0.11      0.09   0.03  0.20    0.34    -0.03   0.34    0.10           0.05     0.03         0.03  -0.12    1.00       0.18  0.07       -0.02 -0.58        -0.06 -0.36 -0.32 -0.09
EUR_micro     -0.17     0.01          0.45 -0.08    -0.17     0.14       0.33     0.14      0.44     -0.10  -0.09  0.45   -0.02    -0.08  -0.02    0.02          -0.38    -0.16        -0.20   0.05    0.18       1.00  0.79        0.48  0.67         0.54 -0.06  0.10  0.12
GBP            0.20     0.07          0.53  0.12     0.07     0.19       0.42     0.18      0.70      0.25   0.19  0.46    0.17     0.18   0.17   -0.02          -0.31    -0.16        -0.19  -0.02    0.07       0.79  1.00        0.41  0.60         0.58  0.06  0.12  0.11
GOLD_micro    -0.05     0.08          0.33 -0.13    -0.12     0.32       0.20     0.26      0.28     -0.13   0.14  0.30   -0.04    -0.04   0.01    0.12           0.06     0.02         0.03   0.26   -0.02       0.48  0.41        1.00  0.43         0.32  0.23 -0.02  0.20
JPY           -0.15    -0.00          0.27 -0.13    -0.21     0.01       0.20     0.13      0.29     -0.15  -0.08  0.22   -0.29    -0.06  -0.28   -0.06          -0.34    -0.16        -0.18   0.14   -0.58       0.67  0.60        0.43  1.00         0.50  0.22  0.30  0.17
KRWUSD_mini    0.20     0.04          0.32  0.08     0.04     0.25       0.34     0.25      0.48      0.14   0.18  0.31    0.09     0.09   0.04   -0.07          -0.19    -0.16        -0.15  -0.05   -0.06       0.54  0.58        0.32  0.50         1.00  0.22  0.34  0.31
BTP            0.18     0.00         -0.08  0.16     0.11     0.15      -0.02     0.09      0.15     -0.01   0.09  0.14    0.08     0.16   0.05    0.05          -0.04    -0.20        -0.22  -0.17   -0.36      -0.06  0.06        0.23  0.22         0.22  1.00  0.51  0.07
KR10          -0.04    -0.16         -0.14  0.01    -0.10     0.12      -0.00    -0.04      0.09     -0.13  -0.01  0.16   -0.03    -0.03  -0.06   -0.16          -0.34    -0.18        -0.23  -0.25   -0.32       0.10  0.12       -0.02  0.30         0.34  0.51  1.00  0.09
RICE           0.04    -0.08          0.20 -0.10    -0.06     0.16      -0.10     0.16      0.03     -0.07   0.18 -0.01   -0.06     0.04  -0.08   -0.18           0.08    -0.03        -0.01   0.11   -0.09       0.12  0.11        0.20  0.17         0.31  0.07  0.09  1.00


********************************************************************************
                                 END OF REPORT                                  
********************************************************************************


