
********************************************************************************
                    Risk report produced on 01/02/2024 22:51                    
********************************************************************************


Total risk across all strategies, annualised percentage 10.5
Percentage of capital used for margin 61.9%

========================================
Risk per strategy, annualised percentage
========================================

                  risk
dynamic_TF_carry  10.5


===================
Risk by asset class
===================

Ags       1.7
Bond      2.7
Equity    6.8
FX        5.6
Metals    1.1
Sector    0.7
Vol       1.5
dtype: float64


=====================================================
Beta loadings of asset class positions on asset class
=====================================================

Bond     -0.52
FX       -0.20
Ags      -0.07
Vol      -0.03
Sector    0.04
Metals    0.05
Equity    0.60
dtype: float64


========================================================
Beta loadings of full portfolio positions on asset class
========================================================

Bond     -1.61
Vol      -0.23
Ags       0.00
Metals    0.06
Sector    0.29
FX        0.42
Equity    0.95
dtype: float64


==================================================================================================================================================================================================================================================================
                                                                                                                         Instrument risk                                                                                                                          
==================================================================================================================================================================================================================================================================

              daily_price_stdev  annual_price_stdev     price  daily_perc_stdev  annual_perc_stdev  point_size_base  contract_exposure  daily_risk_per_contract  annual_risk_per_contract  position  capital  exposure_held_perc_capital  annual_risk_perc_capital
BOBL                      0.343               5.481    118.60              0.29                4.6            852.5             101106                      292                      4672        -2   365479                       -55.3                      -2.6
CHF                       0.005               0.080      1.17              0.43                6.8          98724.9             115656                      493                      7903        -1   365479                       -31.6                      -2.2
JPY                       0.000               0.001      0.01              0.59                9.5        9872487.0              67947                      402                      6435        -1   365479                       -18.6                      -1.8
LEANHOG                   1.212              19.396     83.98              1.44               23.1            315.9              26529                      382                      6127        -1   365479                        -7.3                      -1.7
VIX                       0.446               7.142     15.40              2.90               46.4            789.8              12162                      352                      5640        -1   365479                        -3.3                      -1.5
US2                       0.145               2.314    102.88              0.14                2.2           1579.6             162507                      228                      3655        -1   365479                       -44.5                      -1.0
EUR_micro                 0.004               0.071      1.09              0.41                6.6           9872.5              10754                       44                       704        -2   365479                        -5.9                      -0.4
DOW                     230.338            3685.407  38577.00              0.60                9.6              0.4              15234                       90                      1455         1   365479                         4.2                       0.4
TOPIX                    19.023             304.371   2532.00              0.75               12.0              5.4              13615                      102                      1636         1   365479                         3.7                       0.4
EU-OIL                    3.698              59.165    351.10              1.05               16.9             42.6              14965                      157                      2521         1   365479                         4.1                       0.7
IRON                      2.238              35.807    130.50              1.71               27.4             79.0              10306                      176                      2828         1   365479                         2.8                       0.8
BITCOIN                1178.640           18858.248  43330.00              2.72               43.5              0.1               3422                       93                      1489         2   365479                         1.9                       0.8
CNH                       0.018               0.286      7.17              0.25                4.0          10981.8              78697                      196                      3141         1   365479                        21.5                       0.9
NASDAQ_micro            171.539            2744.618  17430.25              0.98               15.7              1.6              27532                      270                      4335         1   365479                         7.5                       1.2
MXP                       0.000               0.006      0.06              0.61                9.8         394899.5              22947                      140                      2248         2   365479                        12.6                       1.2
NIKKEI                  337.444            5399.108  35950.00              0.94               15.0              0.5              19331                      181                      2903         2   365479                        10.6                       1.6
R1000                    11.906             190.492   1641.90              0.73               11.6             39.5              64838                      470                      7522         1   365479                        17.7                       2.1
KR10                      0.460               7.361    113.93              0.40                6.5            588.9              67092                      270                      4335         2   365479                        36.7                       2.4
CAC                      63.736            1019.769   7594.50              0.84               13.4              8.5              64743                      543                      8693         1   365479                        17.7                       2.4
YENEUR                    0.906              14.501    158.27              0.57                9.2            672.2             106384                      609                      9747         1   365479                        29.1                       2.7

Sum of abs(notional exposure % capital) 336.6
Sum of abs(annualised risk % capital) 28.8
Net sum of annualised risk % capital 6.4 

===============================================================================================================================================================
                                                                         Correlations                                                                          
===============================================================================================================================================================

               CNH   VIX  BITCOIN  BOBL   CHF  EUR_micro   JPY  KR10   US2   CAC   DOW   MXP  NASDAQ_micro  R1000  NIKKEI  TOPIX  YENEUR  EU-OIL  IRON  LEANHOG
CNH           1.00  0.17    -0.10 -0.34 -0.54      -0.56 -0.45 -0.55 -0.38 -0.25 -0.33 -0.19         -0.37  -0.35   -0.09   0.03    0.03   -0.07 -0.30    -0.09
VIX           0.17  1.00    -0.01 -0.01 -0.10      -0.21  0.03 -0.23  0.17 -0.43 -0.57 -0.40         -0.61  -0.56   -0.53  -0.59   -0.24   -0.11 -0.14    -0.23
BITCOIN      -0.10 -0.01     1.00  0.37  0.28       0.15  0.15  0.25  0.26  0.27  0.22  0.09          0.14   0.21   -0.13  -0.13   -0.03    0.03  0.01    -0.05
BOBL         -0.34 -0.01     0.37  1.00  0.37       0.31  0.40  0.56  0.64  0.32  0.37  0.11          0.30   0.34   -0.04  -0.06   -0.19    0.02 -0.01     0.01
CHF          -0.54 -0.10     0.28  0.37  1.00       0.74  0.60  0.51  0.51  0.36  0.39  0.31          0.36   0.39   -0.01  -0.11   -0.04    0.14  0.18     0.06
EUR_micro    -0.56 -0.21     0.15  0.31  0.74       1.00  0.43  0.38  0.42  0.40  0.46  0.48          0.48   0.46    0.21   0.12    0.34    0.08  0.13     0.15
JPY          -0.45  0.03     0.15  0.40  0.60       0.43  1.00  0.45  0.41  0.16  0.15  0.17          0.13   0.17   -0.34  -0.35   -0.68   -0.00  0.20    -0.10
KR10         -0.55 -0.23     0.25  0.56  0.51       0.38  0.45  1.00  0.55  0.29  0.41  0.16          0.37   0.37    0.16   0.04   -0.17    0.05  0.10     0.05
US2          -0.38  0.17     0.26  0.64  0.51       0.42  0.41  0.55  1.00  0.10  0.16 -0.02          0.12   0.14   -0.01  -0.09   -0.12   -0.07 -0.11     0.14
CAC          -0.25 -0.43     0.27  0.32  0.36       0.40  0.16  0.29  0.10  1.00  0.77  0.47          0.60   0.76    0.43   0.47    0.18    0.47  0.12     0.22
DOW          -0.33 -0.57     0.22  0.37  0.39       0.46  0.15  0.41  0.16  0.77  1.00  0.44          0.76   0.95    0.56   0.50    0.18    0.40  0.07     0.24
MXP          -0.19 -0.40     0.09  0.11  0.31       0.48  0.17  0.16 -0.02  0.47  0.44  1.00          0.38   0.46    0.28   0.31    0.20    0.21  0.15     0.23
NASDAQ_micro -0.37 -0.61     0.14  0.30  0.36       0.48  0.13  0.37  0.12  0.60  0.76  0.38          1.00   0.73    0.63   0.49    0.24    0.13  0.17     0.09
R1000        -0.35 -0.56     0.21  0.34  0.39       0.46  0.17  0.37  0.14  0.76  0.95  0.46          0.73   1.00    0.54   0.49    0.15    0.49  0.14     0.26
NIKKEI       -0.09 -0.53    -0.13 -0.04 -0.01       0.21 -0.34  0.16 -0.01  0.43  0.56  0.28          0.63   0.54    1.00   0.89    0.49    0.23  0.02     0.23
TOPIX         0.03 -0.59    -0.13 -0.06 -0.11       0.12 -0.35  0.04 -0.09  0.47  0.50  0.31          0.49   0.49    0.89   1.00    0.47    0.23  0.01     0.31
YENEUR        0.03 -0.24    -0.03 -0.19 -0.04       0.34 -0.68 -0.17 -0.12  0.18  0.18  0.20          0.24   0.15    0.49   0.47    1.00    0.03 -0.08     0.19
EU-OIL       -0.07 -0.11     0.03  0.02  0.14       0.08 -0.00  0.05 -0.07  0.47  0.40  0.21          0.13   0.49    0.23   0.23    0.03    1.00  0.16     0.13
IRON         -0.30 -0.14     0.01 -0.01  0.18       0.13  0.20  0.10 -0.11  0.12  0.07  0.15          0.17   0.14    0.02   0.01   -0.08    0.16  1.00    -0.01
LEANHOG      -0.09 -0.23    -0.05  0.01  0.06       0.15 -0.10  0.05  0.14  0.22  0.24  0.23          0.09   0.26    0.23   0.31    0.19    0.13 -0.01     1.00


********************************************************************************
                                 END OF REPORT                                  
********************************************************************************


