
********************************************************************************
                    Risk report produced on 17/04/2024 22:53                    
********************************************************************************


Total risk across all strategies, annualised percentage 17.6
Percentage of capital used for margin 75.8%

========================================
Risk per strategy, annualised percentage
========================================

                  risk
dynamic_TF_carry  17.5


===================
Risk by asset class
===================

Ags       4.6
Bond      9.8
Equity    4.3
FX        5.6
Metals    3.2
OilGas    5.1
Sector    1.5
Vol       1.8
dtype: float64


=====================================================
Beta loadings of asset class positions on asset class
=====================================================

Bond     -1.11
FX       -0.30
Sector   -0.09
Metals   -0.05
Vol      -0.04
Ags       0.01
OilGas    0.06
Equity    0.13
dtype: float64


========================================================
Beta loadings of full portfolio positions on asset class
========================================================

Bond     -1.46
FX       -0.73
Metals   -0.18
Vol      -0.10
Sector   -0.00
OilGas    0.14
Equity    0.20
Ags       0.21
dtype: float64


===================================================================================================================================================================================================================================================================
                                                                                                                          Instrument risk                                                                                                                          
===================================================================================================================================================================================================================================================================

               daily_price_stdev  annual_price_stdev     price  daily_perc_stdev  annual_perc_stdev  point_size_base  contract_exposure  daily_risk_per_contract  annual_risk_per_contract  position  capital  exposure_held_perc_capital  annual_risk_perc_capital
BUND                       0.663              10.614    131.43              0.50                8.1            852.9             112090                      565                      9052        -3   678168                       -49.6                      -4.0
CHF                        0.005               0.079      1.11              0.45                7.2         100461.7             111100                      497                      7961        -3   678168                       -49.1                      -3.5
BUXL                       1.496              23.944    131.50              1.14               18.2            852.9             112149                     1276                     20420        -1   678168                       -16.5                      -3.0
GOLD_micro                19.605             313.678   2383.90              0.82               13.2              8.0              19159                      157                      2521        -7   678168                       -19.8                      -2.6
US30                       1.239              19.826    121.28              1.02               16.3            803.7              97472                      995                     15933        -1   678168                       -14.4                      -2.3
GAS-PEN                    0.105               1.676      1.99              5.27               84.3           8036.9              15977                      841                     13466        -1   678168                        -2.4                      -2.0
HANG_mini                247.417            3958.667  16240.00              1.52               24.4              1.0              16665                      253                      4062        -3   678168                        -7.4                      -1.8
VIX                        0.462               7.394     17.55              2.63               42.1            803.7              14104                      371                      5942        -2   678168                        -4.2                      -1.8
GAS_US_mini                0.091               1.460      1.95              4.68               74.9           2009.2               3918                      183                      2933        -4   678168                        -2.3                      -1.7
CHINAA-CON                18.194             291.104   1926.60              0.94               15.1             20.1              38709                      365                      5848        -2   678168                       -11.4                      -1.7
JPY                        0.000               0.001      0.01              0.49                7.9       10046172.2              65681                      322                      5166        -2   678168                       -19.4                      -1.5
COTTON2                    1.408              22.523     81.34              1.73               27.7            401.8              32686                      565                      9050        -1   678168                        -4.8                      -1.3
EU-TECH                    9.536             152.572    824.60              1.16               18.5             42.6              35163                      406                      6506        -1   678168                        -5.2                      -1.0
US3                        0.236               3.777    103.11              0.23                3.7           1607.4             165743                      379                      6071        -1   678168                       -24.4                      -0.9
SOYOIL                     0.784              12.538     45.69              1.72               27.4            482.2              22032                      377                      6045        -1   678168                        -3.2                      -0.9
EU-BASIC                   8.428             134.840    582.00              1.45               23.2             42.6              24817                      359                      5749        -1   678168                        -3.7                      -0.8
BITCOIN                 2140.715           34251.435  61375.00              3.49               55.8              0.1               4932                      172                      2752        -2   678168                        -1.5                      -0.8
US2                        0.147               2.353    101.59              0.14                2.3           1607.4             163294                      236                      3781        -1   678168                       -24.1                      -0.6
CORN                       5.323              85.160    464.75              1.15               18.3             40.2              18675                      213                      3422        -1   678168                        -2.8                      -0.5
SP500_micro               40.955             655.274   5067.00              0.81               12.9              4.0              20361                      164                      2633        -1   678168                        -3.0                      -0.4
MILLWHEAT                  2.871              45.940    215.75              1.33               21.3             42.6               9200                      122                      1958        -1   678168                        -1.4                      -0.3
CRUDE_W_micro              1.188              19.005     81.70              1.45               23.3             80.4               6566                       95                      1527         3   678168                         2.9                       0.7
LIVECOW                    1.551              24.819    172.78              0.90               14.4            321.5              55543                      498                      7978         1   678168                         8.2                       1.2
NIKKEI                   393.985            6303.760  38405.00              1.03               16.4              0.5              19960                      204                      3276         3   678168                         8.8                       1.4
IRON                       2.572              41.152    111.80              2.30               36.8             80.4               8985                      206                      3307         3   678168                         4.0                       1.5
SPI200                    58.012             928.191   7653.00              0.76               12.1             12.9              98549                      747                     11952         1   678168                        14.5                       1.8
MXP                        0.000               0.006      0.06              0.65               10.3         401846.9              23439                      151                      2424         5   678168                        17.3                       1.8
MIB                      227.824            3645.180  33020.00              0.69               11.0              4.3             140805                      971                     15543         1   678168                        20.8                       2.3
YENEUR                     0.759              12.140    163.50              0.46                7.4            649.7             106220                      492                      7887         2   678168                        31.3                       2.3
GASOILINE                  0.039               0.619      2.70              1.43               22.9          33755.1              91216                     1306                     20906         1   678168                        13.5                       3.1
COCOA                    229.286            3668.570  10143.00              2.26               36.2              8.0              81518                     1842                     29484         1   678168                        12.0                       4.3

Sum of abs(notional exposure % capital) 403.9
Sum of abs(annualised risk % capital) 53.8
Net sum of annualised risk % capital -13.0 

=====================================================================================================================================================================================================================================================================================
                                                                                                                                    Correlations                                                                                                                                     
=====================================================================================================================================================================================================================================================================================

               CHINAA-CON  COCOA  COTTON2  CRUDE_W_micro  GASOILINE  HANG_mini  LIVECOW  NIKKEI  SOYOIL  BITCOIN  CORN  GAS-PEN  GAS_US_mini  IRON  MILLWHEAT  YENEUR  EU-BASIC  EU-TECH   MIB   MXP  SP500_micro  SPI200  BUND  BUXL   CHF  GOLD_micro   JPY   US2   US3  US30   VIX
CHINAA-CON           1.00   0.19     0.31           0.15       0.33       0.64     0.03    0.13    0.25     0.13 -0.03    -0.06        -0.02  0.07      -0.15    0.09      0.32     0.33  0.34  0.22         0.18    0.27 -0.20 -0.20  0.07        0.09  0.09 -0.09 -0.05 -0.05 -0.27
COCOA                0.19   1.00     0.04           0.14       0.26       0.11     0.01    0.19    0.16    -0.04 -0.01    -0.08        -0.12 -0.07       0.24    0.04      0.14     0.04  0.20  0.01         0.16    0.05 -0.06 -0.04 -0.24        0.07 -0.16 -0.18 -0.19 -0.10 -0.18
COTTON2              0.31   0.04     1.00           0.17       0.15       0.24     0.21    0.21    0.08     0.15 -0.08     0.09         0.05  0.10      -0.13   -0.09      0.15     0.17  0.31  0.03         0.15    0.21 -0.20 -0.18 -0.03       -0.06  0.07 -0.10 -0.08  0.03 -0.23
CRUDE_W_micro        0.15   0.14     0.17           1.00       0.78       0.06     0.22    0.14    0.23    -0.08  0.06     0.10         0.04 -0.05       0.00    0.10      0.29    -0.07  0.16  0.29         0.11    0.17 -0.24 -0.20  0.02        0.20 -0.06 -0.17 -0.14 -0.16 -0.06
GASOILINE            0.33   0.26     0.15           0.78       1.00       0.21     0.21    0.16    0.42     0.02  0.04     0.03         0.01  0.07       0.02    0.09      0.27     0.12  0.14  0.28         0.18    0.16 -0.27 -0.24  0.02        0.12 -0.04 -0.17 -0.17 -0.18 -0.23
HANG_mini            0.64   0.11     0.24           0.06       0.21       1.00     0.17    0.15    0.13     0.04  0.01     0.06         0.10  0.21      -0.08   -0.02      0.50     0.32  0.39  0.32         0.19    0.35  0.03  0.02  0.25        0.14  0.24 -0.01  0.05  0.13 -0.30
LIVECOW              0.03   0.01     0.21           0.22       0.21       0.17     1.00    0.26    0.03    -0.19 -0.13     0.03         0.03 -0.04      -0.22    0.13      0.14     0.22  0.27  0.17         0.32    0.31  0.00 -0.00  0.05       -0.04 -0.00  0.01  0.05  0.11 -0.23
NIKKEI               0.13   0.19     0.21           0.14       0.16       0.15     0.26    1.00   -0.02    -0.08 -0.07     0.21         0.20  0.19      -0.07    0.33      0.27     0.34  0.46  0.22         0.59    0.54  0.03  0.10 -0.05       -0.08 -0.29  0.04  0.08  0.28 -0.52
SOYOIL               0.25   0.16     0.08           0.23       0.42       0.13     0.03   -0.02    1.00     0.06  0.23    -0.00        -0.03 -0.12       0.15    0.07      0.18     0.14  0.24  0.29         0.19    0.10 -0.18 -0.14  0.14        0.12  0.11 -0.11 -0.11 -0.11 -0.16
BITCOIN              0.13  -0.04     0.15          -0.08       0.02       0.04    -0.19   -0.08    0.06     1.00  0.11    -0.05        -0.02 -0.00      -0.05   -0.07     -0.05     0.07 -0.08  0.05         0.07   -0.01  0.07  0.07 -0.10        0.14  0.11  0.07  0.03 -0.02 -0.09
CORN                -0.03  -0.01    -0.08           0.06       0.04       0.01    -0.13   -0.07    0.23     0.11  1.00     0.09         0.07  0.06       0.49   -0.00      0.18     0.03  0.01  0.10         0.07    0.08  0.04  0.02  0.05        0.13  0.07  0.02  0.03  0.04  0.04
GAS-PEN             -0.06  -0.08     0.09           0.10       0.03       0.06     0.03    0.21   -0.00    -0.05  0.09     1.00         0.91  0.03       0.06    0.14      0.10    -0.11 -0.09  0.06         0.05    0.05 -0.01 -0.03 -0.00        0.06 -0.16  0.14  0.14  0.02 -0.13
GAS_US_mini         -0.02  -0.12     0.05           0.04       0.01       0.10     0.03    0.20   -0.03    -0.02  0.07     0.91         1.00  0.07       0.02    0.17      0.09    -0.08 -0.11  0.06         0.04    0.04 -0.02 -0.03  0.02        0.02 -0.18  0.11  0.10  0.02 -0.14
IRON                 0.07  -0.07     0.10          -0.05       0.07       0.21    -0.04    0.19   -0.12    -0.00  0.06     0.03         0.07  1.00       0.08   -0.13      0.46     0.29  0.02  0.06         0.07    0.23  0.13  0.13  0.04        0.02  0.05  0.05  0.04  0.08 -0.11
MILLWHEAT           -0.15   0.24    -0.13           0.00       0.02      -0.08    -0.22   -0.07    0.15    -0.05  0.49     0.06         0.02  0.08       1.00   -0.02      0.06    -0.20 -0.01  0.10         0.00   -0.05 -0.01 -0.01 -0.07        0.10 -0.10 -0.07 -0.09 -0.06 -0.04
YENEUR               0.09   0.04    -0.09           0.10       0.09      -0.02     0.13    0.33    0.07    -0.07 -0.00     0.14         0.17 -0.13      -0.02    1.00     -0.11    -0.03  0.03  0.06         0.13    0.01 -0.32 -0.25 -0.10       -0.24 -0.71 -0.30 -0.28 -0.21 -0.19
EU-BASIC             0.32   0.14     0.15           0.29       0.27       0.50     0.14    0.27    0.18    -0.05  0.18     0.10         0.09  0.46       0.06   -0.11      1.00     0.43  0.54  0.50         0.31    0.58  0.18  0.13  0.25        0.25  0.25  0.11  0.16  0.18 -0.25
EU-TECH              0.33   0.04     0.17          -0.07       0.12       0.32     0.22    0.34    0.14     0.07  0.03    -0.11        -0.08  0.29      -0.20   -0.03      0.43     1.00  0.54  0.25         0.69    0.66  0.32  0.29  0.24        0.09  0.30  0.22  0.30  0.37 -0.50
MIB                  0.34   0.20     0.31           0.16       0.14       0.39     0.27    0.46    0.24    -0.08  0.01    -0.09        -0.11  0.02      -0.01    0.03      0.54     0.54  1.00  0.58         0.63    0.70  0.17  0.23  0.23        0.05  0.19 -0.07  0.05  0.37 -0.56
MXP                  0.22   0.01     0.03           0.29       0.28       0.32     0.17    0.22    0.29     0.05  0.10     0.06         0.06  0.06       0.10    0.06      0.50     0.25  0.58  1.00         0.35    0.42  0.07  0.08  0.29        0.25  0.24  0.02  0.10  0.22 -0.35
SP500_micro          0.18   0.16     0.15           0.11       0.18       0.19     0.32    0.59    0.19     0.07  0.07     0.05         0.04  0.07       0.00    0.13      0.31     0.69  0.63  0.35         1.00    0.75  0.30  0.31  0.28        0.09  0.18  0.25  0.31  0.42 -0.70
SPI200               0.27   0.05     0.21           0.17       0.16       0.35     0.31    0.54    0.10    -0.01  0.08     0.05         0.04  0.23      -0.05    0.01      0.58     0.66  0.70  0.42         0.75    1.00  0.39  0.37  0.31        0.14  0.23  0.28  0.38  0.54 -0.57
BUND                -0.20  -0.06    -0.20          -0.24      -0.27       0.03     0.00    0.03   -0.18     0.07  0.04    -0.01        -0.02  0.13      -0.01   -0.32      0.18     0.32  0.17  0.07         0.30    0.39  1.00  0.94  0.25        0.37  0.40  0.63  0.69  0.72 -0.04
BUXL                -0.20  -0.04    -0.18          -0.20      -0.24       0.02    -0.00    0.10   -0.14     0.07  0.02    -0.03        -0.03  0.13      -0.01   -0.25      0.13     0.29  0.23  0.08         0.31    0.37  0.94  1.00  0.18        0.31  0.31  0.46  0.53  0.75 -0.07
CHF                  0.07  -0.24    -0.03           0.02       0.02       0.25     0.05   -0.05    0.14    -0.10  0.05    -0.00         0.02  0.04      -0.07   -0.10      0.25     0.24  0.23  0.29         0.28    0.31  0.25  0.18  1.00        0.42  0.58  0.46  0.49  0.28 -0.02
GOLD_micro           0.09   0.07    -0.06           0.20       0.12       0.14    -0.04   -0.08    0.12     0.14  0.13     0.06         0.02  0.02       0.10   -0.24      0.25     0.09  0.05  0.25         0.09    0.14  0.37  0.31  0.42        1.00  0.48  0.47  0.47  0.33  0.19
JPY                  0.09  -0.16     0.07          -0.06      -0.04       0.24    -0.00   -0.29    0.11     0.11  0.07    -0.16        -0.18  0.05      -0.10   -0.71      0.25     0.30  0.19  0.24         0.18    0.23  0.40  0.31  0.58        0.48  1.00  0.54  0.56  0.37  0.01
US2                 -0.09  -0.18    -0.10          -0.17      -0.17      -0.01     0.01    0.04   -0.11     0.07  0.02     0.14         0.11  0.05      -0.07   -0.30      0.11     0.22 -0.07  0.02         0.25    0.28  0.63  0.46  0.46        0.47  0.54  1.00  0.98  0.54  0.00
US3                 -0.05  -0.19    -0.08          -0.14      -0.17       0.05     0.05    0.08   -0.11     0.03  0.03     0.14         0.10  0.04      -0.09   -0.28      0.16     0.30  0.05  0.10         0.31    0.38  0.69  0.53  0.49        0.47  0.56  0.98  1.00  0.65 -0.07
US30                -0.05  -0.10     0.03          -0.16      -0.18       0.13     0.11    0.28   -0.11    -0.02  0.04     0.02         0.02  0.08      -0.06   -0.21      0.18     0.37  0.37  0.22         0.42    0.54  0.72  0.75  0.28        0.33  0.37  0.54  0.65  1.00 -0.28
VIX                 -0.27  -0.18    -0.23          -0.06      -0.23      -0.30    -0.23   -0.52   -0.16    -0.09  0.04    -0.13        -0.14 -0.11      -0.04   -0.19     -0.25    -0.50 -0.56 -0.35        -0.70   -0.57 -0.04 -0.07 -0.02        0.19  0.01  0.00 -0.07 -0.28  1.00


********************************************************************************
                                 END OF REPORT                                  
********************************************************************************


