
********************************************************************************
                    Risk report produced on 12/11/2025 22:53                    
********************************************************************************


Total risk across all strategies, annualised percentage 10.6
Percentage of capital used for margin 41.8%

========================================
Risk per strategy, annualised percentage
========================================

                  risk
dynamic_TF_carry  10.6


===================
Risk by asset class
===================

Ags       1.0
Bond      2.0
Equity    8.7
FX        3.6
Metals    2.0
OilGas    2.2
dtype: float64


=====================================================
Beta loadings of asset class positions on asset class
=====================================================

OilGas   -0.08
Metals   -0.00
Ags       0.02
FX        0.03
Bond      0.48
Equity    0.78
dtype: float64


========================================================
Beta loadings of full portfolio positions on asset class
========================================================

OilGas   -0.05
Ags       0.11
Metals    0.11
Bond      0.12
FX        0.36
Equity    0.83
dtype: float64


====================================================================================================================================================================================================================================================================
                                                                                                                          Instrument risk                                                                                                                           
====================================================================================================================================================================================================================================================================

               daily_price_stdev  annual_price_stdev      price  daily_perc_stdev  annual_perc_stdev  point_size_base  contract_exposure  daily_risk_per_contract  annual_risk_per_contract  position  capital  exposure_held_perc_capital  annual_risk_perc_capital
JPY                        0.000               0.001       0.01              0.55                8.8        9511381.3              61681                      339                      5433        -3   624935                       -29.6                      -2.6
GAS-PEN                    0.111               1.770       4.54              2.44               39.0           7609.1              34545                      841                     13464        -1   624935                        -5.5                      -2.2
DAX                      210.274            3364.379   24428.00              0.86               13.8              0.9              21530                      185                      2965        -4   624935                       -13.8                      -1.9
BITCOIN                 2852.665           45642.641  101620.00              2.81               44.9              0.1               7732                      217                      3472        -3   624935                        -3.7                      -1.7
GOLD_micro                57.477             919.638    4200.30              1.37               21.9              7.6              31960                      437                      6997        -1   624935                        -5.1                      -1.1
KR10                       0.376               6.011     114.44              0.33                5.3            516.3              59082                      193                      3103        -2   624935                       -18.9                      -1.0
RICE                       0.149               2.391      10.55              1.42               22.7           1521.8              16055                      227                      3639        -1   624935                        -2.6                      -0.6
CRUDE_W_micro              1.059              16.946      58.29              1.82               29.1             76.1               4435                       80                      1289        -2   624935                        -1.4                      -0.4
EUR_micro                  0.004               0.062       1.16              0.34                5.4           9511.4              11042                       37                       593        -1   624935                        -1.8                      -0.1
AUD_micro                  0.003               0.048       0.65              0.45                7.3           7609.1               4980                       22                       362         4   624935                         3.2                       0.2
MXP                        0.000               0.004       0.05              0.50                8.0         380455.3              20715                      103                      1662         1   624935                         3.3                       0.3
DOW                      339.729            5435.658   48401.00              0.70               11.2              0.4              18414                      129                      2068         1   624935                         2.9                       0.3
BRE                        0.001               0.018       0.19              0.61                9.7          76091.1              14324                       86                      1388         2   624935                         4.6                       0.4
FTSECHINAA               179.481            2871.689   15386.00              1.17               18.7              0.8              11707                      136                      2185         2   624935                         3.7                       0.7
LEANHOG                    1.144              18.297      80.53              1.42               22.7            304.4              24508                      348                      5568         1   624935                         3.9                       0.9
CAD10                      0.382               6.120     122.61              0.31                5.0            543.3              66609                      207                      3324         2   624935                        21.3                       1.1
YENEUR                     0.741              11.856     179.00              0.41                6.6            615.2             110120                      455                      7293         1   624935                        17.6                       1.2
TOPIX                     32.113             513.801    3351.25              0.96               15.3              4.9              16493                      158                      2528         3   624935                         7.9                       1.2
OAT                        0.318               5.082     123.01              0.26                4.1            881.4             108418                      279                      4479         2   624935                        34.7                       1.4
SILVER                     1.055              16.877      53.37              1.98               31.6            760.9              40609                      802                     12841         1   624935                         6.5                       2.1
FTSETAIWAN                28.160             450.559    2286.50              1.23               19.7             30.4              69592                      857                     13713         1   624935                        11.1                       2.2
AEX                        7.794             124.711     967.25              0.81               12.9            176.3             170503                     1373                     21983         1   624935                        27.3                       3.5
MIB                      363.929            5822.867   44560.00              0.82               13.1              4.4             196371                     1603                     25660         1   624935                        31.4                       4.1

Sum of abs(notional exposure % capital) 261.8
Sum of abs(annualised risk % capital) 31.2
Net sum of annualised risk % capital 8.0 

===========================================================================================================================================================================================================
                                                                                               Correlations                                                                                                
===========================================================================================================================================================================================================

                AEX  AUD_micro  BITCOIN   BRE   DAX   DOW  FTSETAIWAN   MIB   MXP  TOPIX  CRUDE_W_micro  FTSECHINAA  LEANHOG  YENEUR  CAD10   JPY  KR10   OAT  GAS-PEN  RICE  EUR_micro  GOLD_micro  SILVER
AEX            1.00       0.41     0.33  0.38  0.65  0.61        0.57  0.64  0.24   0.58           0.39        0.41     0.11    0.07   0.05 -0.11 -0.10  0.07     0.07 -0.17      -0.09        0.19    0.29
AUD_micro      0.41       1.00     0.35  0.52  0.59  0.49        0.55  0.59  0.46   0.54           0.14        0.43     0.30    0.18  -0.04  0.29 -0.09  0.04     0.04  0.12       0.57        0.25    0.33
BITCOIN        0.33       0.35     1.00  0.20  0.42  0.44        0.41  0.39  0.21   0.41           0.16        0.21    -0.02    0.17  -0.06 -0.16 -0.07 -0.03     0.01  0.07       0.01       -0.10    0.07
BRE            0.38       0.52     0.20  1.00  0.34  0.37        0.43  0.47  0.54   0.45           0.23        0.33     0.20    0.15   0.08  0.06 -0.17  0.10     0.19 -0.12       0.27        0.19    0.28
DAX            0.65       0.59     0.42  0.34  1.00  0.69        0.65  0.85  0.35   0.71           0.18        0.42     0.16    0.22  -0.04 -0.10 -0.05  0.02     0.07  0.01       0.07        0.16    0.39
DOW            0.61       0.49     0.44  0.37  0.69  1.00        0.64  0.68  0.22   0.67           0.21        0.39     0.17    0.14  -0.01 -0.13 -0.04 -0.02     0.09 -0.11      -0.04       -0.03    0.20
FTSETAIWAN     0.57       0.55     0.41  0.43  0.65  0.64        1.00  0.67  0.43   0.80           0.27        0.41     0.09    0.35  -0.13 -0.24 -0.16 -0.04     0.09 -0.02       0.08        0.06    0.28
MIB            0.64       0.59     0.39  0.47  0.85  0.68        0.67  1.00  0.39   0.76           0.40        0.52     0.22    0.22  -0.15 -0.15 -0.21 -0.13     0.08  0.02       0.02        0.09    0.36
MXP            0.24       0.46     0.21  0.54  0.35  0.22        0.43  0.39  1.00   0.40           0.20        0.31     0.16    0.34  -0.10  0.01 -0.09  0.04     0.03 -0.06       0.37        0.17    0.33
TOPIX          0.58       0.54     0.41  0.45  0.71  0.67        0.80  0.76  0.40   1.00           0.29        0.49     0.11    0.41  -0.14 -0.29 -0.26 -0.11     0.20 -0.04       0.08        0.10    0.27
CRUDE_W_micro  0.39       0.14     0.16  0.23  0.18  0.21        0.27  0.40  0.20   0.29           1.00        0.45     0.31    0.16  -0.31 -0.29 -0.33 -0.25     0.13  0.06      -0.19       -0.08    0.14
FTSECHINAA     0.41       0.43     0.21  0.33  0.42  0.39        0.41  0.52  0.31   0.49           0.45        1.00     0.23    0.18  -0.17 -0.06 -0.14 -0.10     0.07 -0.09       0.10        0.01    0.23
LEANHOG        0.11       0.30    -0.02  0.20  0.16  0.17        0.09  0.22  0.16   0.11           0.31        0.23     1.00    0.06  -0.17  0.11 -0.12 -0.05     0.02  0.15       0.21        0.15    0.24
YENEUR         0.07       0.18     0.17  0.15  0.22  0.14        0.35  0.22  0.34   0.41           0.16        0.18     0.06    1.00  -0.41 -0.66 -0.43 -0.41     0.13 -0.05       0.18       -0.20    0.06
CAD10          0.05      -0.04    -0.06  0.08 -0.04 -0.01       -0.13 -0.15 -0.10  -0.14          -0.31       -0.17    -0.17   -0.41   1.00  0.38  0.49  0.63     0.01 -0.12       0.05        0.14   -0.00
JPY           -0.11       0.29    -0.16  0.06 -0.10 -0.13       -0.24 -0.15  0.01  -0.29          -0.29       -0.06     0.11   -0.66   0.38  1.00  0.41  0.36    -0.21  0.12       0.59        0.31   -0.00
KR10          -0.10      -0.09    -0.07 -0.17 -0.05 -0.04       -0.16 -0.21 -0.09  -0.26          -0.33       -0.14    -0.12   -0.43   0.49  0.41  1.00  0.41    -0.28  0.07       0.07        0.06   -0.13
OAT            0.07       0.04    -0.03  0.10  0.02 -0.02       -0.04 -0.13  0.04  -0.11          -0.25       -0.10    -0.05   -0.41   0.63  0.36  0.41  1.00    -0.18 -0.17       0.03        0.37    0.12
GAS-PEN        0.07       0.04     0.01  0.19  0.07  0.09        0.09  0.08  0.03   0.20           0.13        0.07     0.02    0.13   0.01 -0.21 -0.28 -0.18     1.00  0.08      -0.13        0.03    0.06
RICE          -0.17       0.12     0.07 -0.12  0.01 -0.11       -0.02  0.02 -0.06  -0.04           0.06       -0.09     0.15   -0.05  -0.12  0.12  0.07 -0.17     0.08  1.00       0.12       -0.03    0.07
EUR_micro     -0.09       0.57     0.01  0.27  0.07 -0.04        0.08  0.02  0.37   0.08          -0.19        0.10     0.21    0.18   0.05  0.59  0.07  0.03    -0.13  0.12       1.00        0.21    0.05
GOLD_micro     0.19       0.25    -0.10  0.19  0.16 -0.03        0.06  0.09  0.17   0.10          -0.08        0.01     0.15   -0.20   0.14  0.31  0.06  0.37     0.03 -0.03       0.21        1.00    0.71
SILVER         0.29       0.33     0.07  0.28  0.39  0.20        0.28  0.36  0.33   0.27           0.14        0.23     0.24    0.06  -0.00 -0.00 -0.13  0.12     0.06  0.07       0.05        0.71    1.00


********************************************************************************
                                 END OF REPORT                                  
********************************************************************************


