
********************************************************************************
                    Risk report produced on 28/08/2023 22:52                    
********************************************************************************


Total risk across all strategies, annualised percentage 13.7
Percentage of capital used for margin 60.3%

========================================
Risk per strategy, annualised percentage
========================================

                  risk
dynamic_TF_carry  13.8


===================
Risk by asset class
===================

Ags       3.4
Bond      6.3
Equity    1.8
FX        5.2
OilGas    1.1
Sector    3.7
Vol       2.0
dtype: float64


=====================================================
Beta loadings of asset class positions on asset class
=====================================================

Bond     -1.25
FX       -0.50
Vol      -0.04
OilGas   -0.01
Equity    0.02
Sector    0.23
Ags       0.24
dtype: float64


========================================================
Beta loadings of full portfolio positions on asset class
========================================================

Bond     -1.71
FX       -0.73
Vol      -0.13
OilGas    0.01
Equity    0.14
Sector    0.19
Ags       0.37
dtype: float64


==================================================================================================================================================================================================================================================================
                                                                                                                         Instrument risk                                                                                                                          
==================================================================================================================================================================================================================================================================

              daily_price_stdev  annual_price_stdev     price  daily_perc_stdev  annual_perc_stdev  point_size_base  contract_exposure  daily_risk_per_contract  annual_risk_per_contract  position  capital  exposure_held_perc_capital  annual_risk_perc_capital
BUND                      0.741              11.857    131.97              0.56                9.0            857.9             113222                      635                     10172        -1   359289                       -31.5                      -2.8
US3                       0.197               3.154    103.18              0.19                3.1           1590.4             164102                      313                      5016        -2   359289                       -91.3                      -2.8
CHF                       0.005               0.081      1.13              0.44                7.1          99399.6             112739                      500                      8007        -1   359289                       -31.4                      -2.2
VIX                       0.578               9.256     18.00              3.21               51.4            795.2              14313                      460                      7360        -1   359289                        -4.0                      -2.0
DAX                     132.279            2116.464  15635.00              0.85               13.5              0.9              13413                      113                      1815        -4   359289                       -14.9                      -2.0
JPY                       0.000               0.001      0.01              0.61                9.7        9939962.6              68158                      414                      6626        -1   359289                       -19.0                      -1.8
BOBL                      0.353               5.641    115.53              0.31                4.9            857.9              99117                      302                      4839        -1   359289                       -27.6                      -1.3
GAS_US_mini               0.125               2.006      2.67              4.70               75.1           1988.0               5307                      249                      3988        -1   359289                        -1.5                      -1.1
FTSECHINAA              158.571            2537.141  12467.00              1.27               20.4              0.8               9913                      126                      2017         1   359289                         2.8                       0.6
MXP                       0.000               0.006      0.06              0.59                9.5         397598.5              23653                      140                      2245         1   359289                         6.6                       0.6
SOYBEAN_mini             19.174             306.790   1386.12              1.38               22.1              8.0              11022                      152                      2439         1   359289                         3.1                       0.7
KOSDAQ                   30.912             494.593   1449.60              2.13               34.1              6.0               8729                      186                      2978         1   359289                         2.4                       0.8
EU-AUTO                   6.865             109.841    600.70              1.14               18.3             42.9              25768                      294                      4711         1   359289                         7.2                       1.3
NIKKEI                  328.010            5248.156  31665.00              1.04               16.6              0.5              17234                      178                      2856         2   359289                         9.6                       1.6
CNH                       0.021               0.336      7.29              0.29                4.6          10913.4              79510                      229                      3665         2   359289                        44.3                       2.0
EU-OIL                    3.818              61.089    339.80              1.12               18.0             42.9              14576                      163                      2620         4   359289                        16.2                       2.9
LIVECOW                   1.151              18.418    181.05              0.64               10.2            318.1              57588                      366                      5858         2   359289                        32.1                       3.3

Sum of abs(notional exposure % capital) 345.5
Sum of abs(annualised risk % capital) 29.8
Net sum of annualised risk % capital -2.2 

===================================================================================================================================================
                                                                   Correlations                                                                    
===================================================================================================================================================

               DAX  EU-AUTO  EU-OIL  FTSECHINAA  GAS_US_mini  KOSDAQ  LIVECOW   MXP  NIKKEI  SOYBEAN_mini   CHF   JPY  BOBL  BUND   US3   CNH   VIX
DAX           1.00     0.81    0.53        0.20         0.11    0.45     0.29  0.53    0.66          0.09  0.30  0.07 -0.12  0.01 -0.15 -0.23 -0.65
EU-AUTO       0.81     1.00    0.43        0.13         0.08    0.44     0.32  0.52    0.56          0.12  0.08 -0.09 -0.31 -0.20 -0.35 -0.07 -0.57
EU-OIL        0.53     0.43    1.00        0.30         0.36    0.38     0.21  0.49    0.46          0.29  0.08  0.00 -0.28 -0.22 -0.22 -0.17 -0.50
FTSECHINAA    0.20     0.13    0.30        1.00         0.16    0.12    -0.07  0.13    0.27          0.01  0.14  0.09 -0.02 -0.01  0.10 -0.48 -0.24
GAS_US_mini   0.11     0.08    0.36        0.16         1.00    0.08     0.12  0.05    0.22          0.15  0.07 -0.10 -0.08 -0.02 -0.08  0.00 -0.19
KOSDAQ        0.45     0.44    0.38        0.12         0.08    1.00     0.32  0.36    0.50          0.35  0.15 -0.03 -0.06  0.02 -0.12 -0.13 -0.30
LIVECOW       0.29     0.32    0.21       -0.07         0.12    0.32     1.00  0.30    0.27          0.04  0.05 -0.10 -0.11 -0.07 -0.17  0.04 -0.39
MXP           0.53     0.52    0.49        0.13         0.05    0.36     0.30  1.00    0.51          0.28  0.19  0.00 -0.34 -0.24 -0.25 -0.06 -0.67
NIKKEI        0.66     0.56    0.46        0.27         0.22    0.50     0.27  0.51    1.00          0.23  0.01 -0.29 -0.14 -0.02 -0.33  0.00 -0.58
SOYBEAN_mini  0.09     0.12    0.29        0.01         0.15    0.35     0.04  0.28    0.23          1.00  0.21  0.05 -0.11 -0.05 -0.11 -0.06 -0.15
CHF           0.30     0.08    0.08        0.14         0.07    0.15     0.05  0.19    0.01          0.21  1.00  0.69  0.22  0.28  0.54 -0.49 -0.18
JPY           0.07    -0.09    0.00        0.09        -0.10   -0.03    -0.10  0.00   -0.29          0.05  0.69  1.00  0.33  0.33  0.59 -0.58  0.02
BOBL         -0.12    -0.31   -0.28       -0.02        -0.08   -0.06    -0.11 -0.34   -0.14         -0.11  0.22  0.33  1.00  0.96  0.68 -0.28  0.33
BUND          0.01    -0.20   -0.22       -0.01        -0.02    0.02    -0.07 -0.24   -0.02         -0.05  0.28  0.33  0.96  1.00  0.62 -0.29  0.19
US3          -0.15    -0.35   -0.22        0.10        -0.08   -0.12    -0.17 -0.25   -0.33         -0.11  0.54  0.59  0.68  0.62  1.00 -0.47  0.33
CNH          -0.23    -0.07   -0.17       -0.48         0.00   -0.13     0.04 -0.06    0.00         -0.06 -0.49 -0.58 -0.28 -0.29 -0.47  1.00  0.08
VIX          -0.65    -0.57   -0.50       -0.24        -0.19   -0.30    -0.39 -0.67   -0.58         -0.15 -0.18  0.02  0.33  0.19  0.33  0.08  1.00


********************************************************************************
                                 END OF REPORT                                  
********************************************************************************


