
********************************************************************************
           Risk report report produced on 2023-05-23 22:53:33.959999            
********************************************************************************


Total risk across all strategies, annualised percentage 10.2
Percentage of capital used for margin 62.5%

========================================
Risk per strategy, annualised percentage
========================================

                  risk
dynamic_TF_carry  10.2


===================
Risk by asset class
===================

Ags       2.6
Equity    3.9
FX        6.0
Metals    1.2
Sector    1.8
Vol       3.0
dtype: float64


=====================================================
Beta loadings of asset class positions on asset class
=====================================================

FX       -0.68
Ags      -0.10
Vol      -0.07
Metals   -0.01
Sector    0.09
Equity    0.28
dtype: float64


========================================================
Beta loadings of full portfolio positions on asset class
========================================================

FX       -0.46
Vol      -0.17
Metals   -0.03
Ags      -0.02
Sector    0.21
Equity    0.36
dtype: float64


================================================================================================================================================================================================================================================================
                                                                                                                        Instrument risk                                                                                                                         
================================================================================================================================================================================================================================================================

            daily_price_stdev  annual_price_stdev     price  daily_perc_stdev  annual_perc_stdev  point_size_base  contract_exposure  daily_risk_per_contract  annual_risk_per_contract  position  capital  exposure_held_perc_capital  annual_risk_perc_capital
JPY                     0.000               0.001      0.01              0.65               10.4       10100193.9              73186                      475                      7602        -2   350064                       -41.8                      -4.3
LEANHOG                 1.521              24.342     80.42              1.89               30.3            323.2              25993                      491                      7867        -1   350064                        -7.4                      -2.2
VIX                     0.594               9.507     22.45              2.65               42.3            808.0              18139                      480                      7681        -1   350064                        -5.2                      -2.2
AUD                     0.004               0.072      0.66              0.68               10.9          80801.6              53466                      362                      5806        -1   350064                       -15.3                      -1.7
CORN                    6.953             111.255    517.75              1.34               21.5             40.4              20917                      280                      4494        -1   350064                        -6.0                      -1.3
IRON                    3.049              48.788     97.15              3.14               50.2             80.8               7849                      246                      3942        -1   350064                        -2.2                      -1.1
V2X                     0.583               9.327     18.55              3.14               50.3             87.0               1614                       50                       811        -4   350064                        -1.8                      -0.9
RUSSELL                23.623             377.968   1795.20              1.32               21.1              4.0               7252                       95                      1527        -2   350064                        -4.1                      -0.9
FTSECHINAA            153.369            2453.905  12887.00              1.19               19.0              0.8              10412                      123                      1982        -1   350064                        -3.0                      -0.6
REDWHEAT               19.056             304.893    834.25              2.28               36.5             40.4              33704                      769                     12317         0   350064                         0.0                       0.0
EU-BANKS                1.609              25.748    103.95              1.55               24.8             43.5               4524                       70                      1120         1   350064                         1.3                       0.3
BITCOIN               986.640           15786.233  27140.00              3.64               58.2              0.1               2192                       79                      1275         1   350064                         0.6                       0.4
KOSDAQ                 20.477             327.636   1306.40              1.57               25.1              6.1               8004                      125                      2007         1   350064                         2.3                       0.6
BRE                     0.002               0.027      0.20              0.85               13.7          80801.6              16208                      138                      2215         1   350064                         4.6                       0.6
NIKKEI                262.475            4199.603  30640.00              0.86               13.7              0.6              17863                      153                      2448         1   350064                         5.1                       0.7
NIFTY                 112.408            1798.529  18360.00              0.61                9.8              1.6              29670                      181                      2906         1   350064                         8.5                       0.8
CNH                     0.020               0.320      7.06              0.28                4.5          11427.6              80652                      228                      3654         1   350064                        23.0                       1.0
LIVECOW                 0.915              14.636    162.57              0.56                9.0            323.2              52545                      295                      4730         1   350064                        15.0                       1.4
EU-AUTO                 7.858             125.721    616.70              1.27               20.4             43.5              26839                      341                      5471         1   350064                         7.7                       1.6
SMI                    81.261            1300.177  11497.00              0.71               11.3              9.0             103018                      728                     11650         1   350064                        29.4                       3.3

Sum of abs(notional exposure % capital) 184.3
Sum of abs(annualised risk % capital) 25.9
Net sum of annualised risk % capital -4.5 

====================================================================================================================================================================
                                                                            Correlations                                                                            
====================================================================================================================================================================

             V2X   VIX   CNH   AUD  BITCOIN   BRE  CORN  FTSECHINAA  IRON   JPY  KOSDAQ  REDWHEAT  EU-AUTO  EU-BANKS  NIFTY  NIKKEI  RUSSELL   SMI  LEANHOG  LIVECOW
V2X         1.00  0.75  0.18 -0.39    -0.08 -0.29  0.09       -0.27 -0.06 -0.02   -0.22      0.13    -0.77     -0.75  -0.52   -0.53    -0.64 -0.62    -0.07    -0.31
VIX         0.75  1.00  0.23 -0.44    -0.30 -0.34  0.00       -0.36 -0.00 -0.04   -0.27      0.03    -0.56     -0.55  -0.49   -0.44    -0.72 -0.60    -0.03    -0.32
CNH         0.18  0.23  1.00 -0.56    -0.10 -0.25 -0.04       -0.50 -0.34 -0.60   -0.22     -0.04    -0.21     -0.06  -0.20    0.04    -0.26 -0.17    -0.03     0.12
AUD        -0.39 -0.44 -0.56  1.00     0.35  0.30  0.14        0.36  0.31  0.49    0.33      0.24     0.33      0.21   0.36    0.27     0.53  0.39    -0.05    -0.06
BITCOIN    -0.08 -0.30 -0.10  0.35     1.00  0.34  0.15        0.08  0.09 -0.00    0.30      0.14     0.07     -0.07   0.27    0.17     0.33  0.27    -0.13     0.03
BRE        -0.29 -0.34 -0.25  0.30     0.34  1.00  0.31        0.22  0.30  0.13    0.08      0.30     0.19      0.28   0.31    0.10     0.23  0.18     0.23     0.09
CORN        0.09  0.00 -0.04  0.14     0.15  0.31  1.00       -0.03  0.09  0.05    0.08      0.58    -0.04     -0.01  -0.05   -0.16     0.04 -0.09     0.01    -0.20
FTSECHINAA -0.27 -0.36 -0.50  0.36     0.08  0.22 -0.03        1.00  0.35  0.15    0.03     -0.06     0.19      0.16   0.17    0.13     0.09  0.12    -0.14    -0.10
IRON       -0.06 -0.00 -0.34  0.31     0.09  0.30  0.09        0.35  1.00  0.20    0.09      0.20     0.07      0.03   0.07    0.07     0.12 -0.03     0.11    -0.05
JPY        -0.02 -0.04 -0.60  0.49    -0.00  0.13  0.05        0.15  0.20  1.00    0.10      0.21     0.03     -0.08   0.05   -0.23     0.15  0.06    -0.06    -0.27
KOSDAQ     -0.22 -0.27 -0.22  0.33     0.30  0.08  0.08        0.03  0.09  0.10    1.00      0.05     0.34      0.14   0.31    0.38     0.38  0.31     0.03     0.16
REDWHEAT    0.13  0.03 -0.04  0.24     0.14  0.30  0.58       -0.06  0.20  0.21    0.05      1.00    -0.16     -0.13  -0.16   -0.17     0.02 -0.05    -0.11    -0.21
EU-AUTO    -0.77 -0.56 -0.21  0.33     0.07  0.19 -0.04        0.19  0.07  0.03    0.34     -0.16     1.00      0.74   0.55    0.57     0.60  0.59     0.19     0.30
EU-BANKS   -0.75 -0.55 -0.06  0.21    -0.07  0.28 -0.01        0.16  0.03 -0.08    0.14     -0.13     0.74      1.00   0.50    0.41     0.49  0.52     0.26     0.41
NIFTY      -0.52 -0.49 -0.20  0.36     0.27  0.31 -0.05        0.17  0.07  0.05    0.31     -0.16     0.55      0.50   1.00    0.54     0.51  0.61     0.24     0.25
NIKKEI     -0.53 -0.44  0.04  0.27     0.17  0.10 -0.16        0.13  0.07 -0.23    0.38     -0.17     0.57      0.41   0.54    1.00     0.58  0.52     0.10     0.31
RUSSELL    -0.64 -0.72 -0.26  0.53     0.33  0.23  0.04        0.09  0.12  0.15    0.38      0.02     0.60      0.49   0.51    0.58     1.00  0.67     0.17     0.34
SMI        -0.62 -0.60 -0.17  0.39     0.27  0.18 -0.09        0.12 -0.03  0.06    0.31     -0.05     0.59      0.52   0.61    0.52     0.67  1.00    -0.02     0.29
LEANHOG    -0.07 -0.03 -0.03 -0.05    -0.13  0.23  0.01       -0.14  0.11 -0.06    0.03     -0.11     0.19      0.26   0.24    0.10     0.17 -0.02     1.00     0.44
LIVECOW    -0.31 -0.32  0.12 -0.06     0.03  0.09 -0.20       -0.10 -0.05 -0.27    0.16     -0.21     0.30      0.41   0.25    0.31     0.34  0.29     0.44     1.00


********************************************************************************
                                 END OF REPORT                                  
********************************************************************************


