
********************************************************************************
                    Risk report produced on 01/07/2024 22:52                    
********************************************************************************


Total risk across all strategies, annualised percentage 10.7
Percentage of capital used for margin 79.8%

========================================
Risk per strategy, annualised percentage
========================================

                  risk
dynamic_TF_carry  10.7


===================
Risk by asset class
===================

Ags       1.1
Bond      2.7
Equity    6.5
FX        3.5
Metals    1.8
OilGas    2.8
Vol       1.9
dtype: float64


=====================================================
Beta loadings of asset class positions on asset class
=====================================================

Bond     -0.33
Metals   -0.06
Vol      -0.06
Ags       0.05
OilGas    0.11
FX        0.13
Equity    0.58
dtype: float64


========================================================
Beta loadings of full portfolio positions on asset class
========================================================

Bond     -0.43
Vol      -0.23
Metals   -0.01
OilGas    0.14
Ags       0.16
FX        0.61
Equity    0.67
dtype: float64


===================================================================================================================================================================================================================================================================
                                                                                                                          Instrument risk                                                                                                                          
===================================================================================================================================================================================================================================================================

               daily_price_stdev  annual_price_stdev     price  daily_perc_stdev  annual_perc_stdev  point_size_base  contract_exposure  daily_risk_per_contract  annual_risk_per_contract  position  capital  exposure_held_perc_capital  annual_risk_perc_capital
BUND                       0.654              10.464    130.41              0.50                8.0            848.5             110658                      554                      8879        -2   663587                       -33.4                      -2.7
VIX                        0.314               5.018     14.50              2.16               34.6            789.1              11442                      247                      3959        -3   663587                        -5.2                      -1.8
EUROSTX                   41.900             670.398   4967.00              0.84               13.5              8.5              42147                      355                      5688        -2   663587                       -12.7                      -1.7
ALUMINIUM                 34.972             559.549   2479.50              1.41               22.6             19.7              48914                      689                     11038        -1   663587                        -7.4                      -1.7
JPY                        0.000               0.001      0.01              0.54                8.6        9863839.6              61787                      331                      5308        -2   663587                       -18.6                      -1.6
CHINAA-CON                15.558             248.925   1934.80              0.80               12.9             19.7              38169                      306                      4910        -1   663587                        -5.8                      -0.7
BITCOIN                 1777.713           28443.405  63865.00              2.78               44.5              0.1               5039                      140                      2244        -2   663587                        -1.5                      -0.7
CORN                       5.782              92.520    421.50              1.37               22.0             39.5              16630                      228                      3650        -1   663587                        -2.5                      -0.6
GAS_US_mini                0.109               1.751      2.50              4.39               70.2           1972.8               4922                      215                      3455        -1   663587                        -0.7                      -0.5
FTSECHINAA                97.913            1566.603  11923.00              0.82               13.1              0.8               9408                       77                      1236        -2   663587                        -2.8                      -0.4
DAX                      137.850            2205.599  18491.00              0.75               11.9              0.8              15690                      116                      1871        -1   663587                        -2.4                      -0.3
KOSDAQ                    18.029             288.467   1393.20              1.29               20.7              5.7               7882                      102                      1632        -1   663587                        -1.2                      -0.2
RUSSELL                   20.985             335.756   2050.40              1.02               16.4              3.9               8089                       82                      1324        -1   663587                        -1.2                      -0.2
V2X                        0.391               6.262     16.15              2.42               38.8             84.9               1370                       33                       531        -2   663587                        -0.4                      -0.2
CRUDE_W_micro              1.227              19.639     81.41              1.51               24.1             78.9               6424                       96                      1549         0   663587                         0.0                       0.0
MSCISING                   1.969              31.498    314.45              0.63               10.0             58.2              18306                      114                      1833         1   663587                         2.8                       0.3
SP500_micro               34.594             553.511   5432.50              0.63               10.1              3.9              21434                      136                      2183         1   663587                         3.2                       0.3
NASDAQ_micro             162.024            2592.378  20021.25              0.81               12.9              1.6              31597                      255                      4091         1   663587                         4.8                       0.6
TOPIX                     22.373             357.963   2827.25              0.79               12.7              4.9              13846                      109                      1753         3   663587                         6.3                       0.8
LIVECOW                    1.318              21.095    184.15              0.72               11.5            315.6              58125                      416                      6658         1   663587                         8.8                       1.0
DOW                      236.724            3787.585  39488.00              0.60                9.6              0.4              15580                       93                      1494         5   663587                        11.7                       1.1
NIKKEI                   335.027            5360.429  39655.00              0.84               13.5              0.5              19420                      164                      2625         3   663587                         8.8                       1.2
FTSETAIWAN                15.844             253.503   1926.00              0.82               13.2             31.6              60792                      500                      8001         1   663587                         9.2                       1.2
AEX                        5.506              88.098    925.75              0.59                9.5            169.7             157107                      934                     14951         1   663587                        23.7                       2.3
YENEUR                     0.770              12.314    171.96              0.45                7.2            612.2             105271                      471                      7538         2   663587                        31.7                       2.3
GASOILINE                  0.035               0.555      2.34              1.48               23.7          33142.5              77556                     1149                     18390         1   663587                        11.7                       2.8
MIB                      351.379            5622.064  33925.00              1.04               16.6              4.2             143934                     1490                     23852         1   663587                        21.7                       3.6

Sum of abs(notional exposure % capital) 240.2
Sum of abs(annualised risk % capital) 30.8
Net sum of annualised risk % capital 4.2 

=================================================================================================================================================================================================================================================================
                                                                                                                          Correlations                                                                                                                           
=================================================================================================================================================================================================================================================================

                V2X   VIX  GAS_US_mini  YENEUR  ALUMINIUM  CHINAA-CON  CORN  CRUDE_W_micro  FTSECHINAA  GASOILINE  LIVECOW  BITCOIN  BUND   JPY   AEX   DAX   DOW  EUROSTX  FTSETAIWAN  KOSDAQ   MIB  MSCISING  NASDAQ_micro  NIKKEI  RUSSELL  SP500_micro  TOPIX
V2X            1.00  0.80        -0.17   -0.23      -0.00       -0.12 -0.09           0.02       -0.13      -0.04    -0.06    -0.11  0.07 -0.10 -0.61 -0.76 -0.58    -0.74       -0.28   -0.32 -0.69     -0.30         -0.44   -0.42    -0.59        -0.59  -0.41
VIX            0.80  1.00        -0.15   -0.22       0.07       -0.24 -0.08           0.09       -0.22       0.01    -0.13    -0.12  0.06 -0.14 -0.49 -0.64 -0.64    -0.64       -0.29   -0.34 -0.59     -0.30         -0.56   -0.38    -0.60        -0.70  -0.43
GAS_US_mini   -0.17 -0.15         1.00    0.20      -0.17        0.10  0.10           0.17        0.08       0.08     0.17     0.01 -0.03 -0.10  0.02 -0.00  0.17    -0.01       -0.01   -0.15  0.02      0.09          0.12    0.20     0.05         0.16   0.22
YENEUR        -0.23 -0.22         0.20    1.00       0.02        0.14  0.00          -0.00        0.15       0.02     0.08    -0.10 -0.31 -0.67  0.02  0.06  0.03     0.05       -0.01    0.09  0.20      0.01          0.05    0.45     0.03         0.09   0.44
ALUMINIUM     -0.00  0.07        -0.17    0.02       1.00        0.18  0.15           0.17        0.26       0.14     0.03    -0.02 -0.02  0.12 -0.03  0.02 -0.13     0.04        0.11   -0.12  0.07      0.19         -0.13   -0.05     0.06        -0.10  -0.04
CHINAA-CON    -0.12 -0.24         0.10    0.14       0.18        1.00  0.05           0.17        0.94       0.22     0.33    -0.06 -0.04  0.08  0.25  0.12  0.27     0.16        0.39    0.16  0.14      0.39          0.28    0.12     0.19         0.32   0.13
CORN          -0.09 -0.08         0.10    0.00       0.15        0.05  1.00           0.19        0.03       0.16     0.03     0.15  0.01  0.14  0.03  0.09  0.13     0.03        0.22    0.09  0.00      0.17          0.13    0.00     0.10         0.14  -0.02
CRUDE_W_micro  0.02  0.09         0.17   -0.00       0.17        0.17  0.19           1.00        0.13       0.91     0.40    -0.04 -0.23 -0.01  0.07 -0.05  0.08    -0.05        0.25   -0.01  0.04      0.20          0.01    0.17     0.13         0.07   0.17
FTSECHINAA    -0.13 -0.22         0.08    0.15       0.26        0.94  0.03           0.13        1.00       0.17     0.28    -0.15 -0.08  0.03  0.23  0.09  0.18     0.13        0.29    0.09  0.11      0.39          0.19    0.13     0.14         0.23   0.18
GASOILINE     -0.04  0.01         0.08    0.02       0.14        0.22  0.16           0.91        0.17       1.00     0.43    -0.02 -0.14  0.02  0.14  0.03  0.20     0.06        0.26    0.03  0.14      0.18          0.07    0.20     0.21         0.16   0.19
LIVECOW       -0.06 -0.13         0.17    0.08       0.03        0.33  0.03           0.40        0.28       0.43     1.00    -0.19 -0.11 -0.00  0.06 -0.04  0.20     0.03        0.14   -0.08  0.11      0.09          0.24    0.09     0.14         0.23   0.09
BITCOIN       -0.11 -0.12         0.01   -0.10      -0.02       -0.06  0.15          -0.04       -0.15      -0.02    -0.19     1.00  0.16  0.21  0.21  0.28  0.22     0.30        0.19    0.13  0.22      0.04          0.08    0.03     0.28         0.18  -0.05
BUND           0.07  0.06        -0.03   -0.31      -0.02       -0.04  0.01          -0.23       -0.08      -0.14    -0.11     0.16  1.00  0.39  0.28  0.21  0.32     0.24        0.28    0.11  0.05      0.09          0.26   -0.06     0.20         0.25  -0.10
JPY           -0.10 -0.14        -0.10   -0.67       0.12        0.08  0.14          -0.01        0.03       0.02    -0.00     0.21  0.39  1.00  0.21  0.27  0.31     0.28        0.20    0.11  0.15      0.20          0.30   -0.32     0.27         0.31  -0.32
AEX           -0.61 -0.49         0.02    0.02      -0.03        0.25  0.03           0.07        0.23       0.14     0.06     0.21  0.28  0.21  1.00  0.77  0.65     0.82        0.53    0.34  0.64      0.40          0.58    0.43     0.68         0.70   0.35
DAX           -0.76 -0.64        -0.00    0.06       0.02        0.12  0.09          -0.05        0.09       0.03    -0.04     0.28  0.21  0.27  0.77  1.00  0.70     0.96        0.34    0.39  0.85      0.29          0.50    0.39     0.71         0.68   0.34
DOW           -0.58 -0.64         0.17    0.03      -0.13        0.27  0.13           0.08        0.18       0.20     0.20     0.22  0.32  0.31  0.65  0.70  1.00     0.72        0.44    0.47  0.66      0.36          0.67    0.36     0.76         0.86   0.34
EUROSTX       -0.74 -0.64        -0.01    0.05       0.04        0.16  0.03          -0.05        0.13       0.06     0.03     0.30  0.24  0.28  0.82  0.96  0.72     1.00        0.33    0.38  0.86      0.29          0.49    0.38     0.71         0.69   0.33
FTSETAIWAN    -0.28 -0.29        -0.01   -0.01       0.11        0.39  0.22           0.25        0.29       0.26     0.14     0.19  0.28  0.20  0.53  0.34  0.44     0.33        1.00    0.33  0.22      0.50          0.57    0.28     0.46         0.54   0.20
KOSDAQ        -0.32 -0.34        -0.15    0.09      -0.12        0.16  0.09          -0.01        0.09       0.03    -0.08     0.13  0.11  0.11  0.34  0.39  0.47     0.38        0.33    1.00  0.42      0.43          0.36    0.32     0.48         0.47   0.27
MIB           -0.69 -0.59         0.02    0.20       0.07        0.14  0.00           0.04        0.11       0.14     0.11     0.22  0.05  0.15  0.64  0.85  0.66     0.86        0.22    0.42  1.00      0.38          0.34    0.48     0.68         0.59   0.47
MSCISING      -0.30 -0.30         0.09    0.01       0.19        0.39  0.17           0.20        0.39       0.18     0.09     0.04  0.09  0.20  0.40  0.29  0.36     0.29        0.50    0.43  0.38      1.00          0.27    0.32     0.37         0.36   0.35
NASDAQ_micro  -0.44 -0.56         0.12    0.05      -0.13        0.28  0.13           0.01        0.19       0.07     0.24     0.08  0.26  0.30  0.58  0.50  0.67     0.49        0.57    0.36  0.34      0.27          1.00    0.41     0.62         0.92   0.30
NIKKEI        -0.42 -0.38         0.20    0.45      -0.05        0.12  0.00           0.17        0.13       0.20     0.09     0.03 -0.06 -0.32  0.43  0.39  0.36     0.38        0.28    0.32  0.48      0.32          0.41    1.00     0.47         0.47   0.93
RUSSELL       -0.59 -0.60         0.05    0.03       0.06        0.19  0.10           0.13        0.14       0.21     0.14     0.28  0.20  0.27  0.68  0.71  0.76     0.71        0.46    0.48  0.68      0.37          0.62    0.47     1.00         0.78   0.42
SP500_micro   -0.59 -0.70         0.16    0.09      -0.10        0.32  0.14           0.07        0.23       0.16     0.23     0.18  0.25  0.31  0.70  0.68  0.86     0.69        0.54    0.47  0.59      0.36          0.92    0.47     0.78         1.00   0.40
TOPIX         -0.41 -0.43         0.22    0.44      -0.04        0.13 -0.02           0.17        0.18       0.19     0.09    -0.05 -0.10 -0.32  0.35  0.34  0.34     0.33        0.20    0.27  0.47      0.35          0.30    0.93     0.42         0.40   1.00


********************************************************************************
                                 END OF REPORT                                  
********************************************************************************


