
********************************************************************************
                    Risk report produced on 24/02/2025 22:53                    
********************************************************************************


Total risk across all strategies, annualised percentage 12.8
Percentage of capital used for margin 72.9%

========================================
Risk per strategy, annualised percentage
========================================

                  risk
dynamic_TF_carry  12.8


===================
Risk by asset class
===================

Ags       3.0
Bond      3.3
Equity    9.5
FX        3.0
Metals    1.0
Vol       2.0
dtype: float64


=====================================================
Beta loadings of asset class positions on asset class
=====================================================

FX       -0.46
Bond     -0.35
Vol      -0.05
Metals    0.04
Ags       0.19
Equity    0.78
dtype: float64


========================================================
Beta loadings of full portfolio positions on asset class
========================================================

Bond     -0.55
Vol      -0.21
FX        0.01
Metals    0.22
Ags       0.36
Equity    0.95
dtype: float64


==================================================================================================================================================================================================================================================================
                                                                                                                         Instrument risk                                                                                                                          
==================================================================================================================================================================================================================================================================

              daily_price_stdev  annual_price_stdev     price  daily_perc_stdev  annual_perc_stdev  point_size_base  contract_exposure  daily_risk_per_contract  annual_risk_per_contract  position  capital  exposure_held_perc_capital  annual_risk_perc_capital
BUXL                      1.201              19.212    128.30              0.94               15.0            829.8             106458                      996                     15941        -1   574540                       -18.5                      -2.8
CHF                       0.005               0.076      1.12              0.42                6.8          98695.6             110321                      468                      7490        -2   574540                       -38.4                      -2.6
VIX                       0.458               7.322     18.50              2.47               39.6            789.6              14606                      361                      5781        -2   574540                        -5.1                      -2.0
BUND                      0.493               7.895    132.34              0.37                6.0            829.8             109811                      409                      6551        -1   574540                       -19.1                      -1.1
COPPER-micro              0.062               0.991      4.56              1.36               21.7           1973.9               9001                      122                      1955        -2   574540                        -3.1                      -0.7
EUR_micro                 0.005               0.076      1.05              0.45                7.3           9869.6              10399                       47                       754        -5   574540                        -9.1                      -0.7
CAD                       0.002               0.040      0.70              0.35                5.7          78956.5              55545                      196                      3149        -1   574540                        -9.7                      -0.5
RUSSELL                  24.530             392.485   2196.00              1.12               17.9              3.9               8669                       96                      1549        -2   574540                        -3.0                      -0.5
MUMMY                     8.877             142.026    655.00              1.36               21.7              5.3               3460                       46                       750         1   574540                         0.6                       0.1
BITCOIN                2182.322           34917.146  94570.00              2.31               36.9              0.1               7466                      172                      2756         1   574540                         1.3                       0.5
GBP                       0.006               0.089      1.26              0.44                7.0          49347.8              62311                      273                      4381         1   574540                        10.8                       0.8
CAD10                     0.549               8.785    123.88              0.44                7.1            556.3              68915                      305                      4887         1   574540                        12.0                       0.9
HANG_mini               333.171            5330.743  23288.00              1.43               22.9              1.0              23657                      338                      5415         1   574540                         4.1                       0.9
SILVER                    0.465               7.444     33.00              1.41               22.6            789.6              26055                      367                      5877         1   574540                         4.5                       1.0
REDWHEAT                  9.906             158.492    622.50              1.59               25.5             39.5              24575                      391                      6256         1   574540                         4.3                       1.1
TOPIX                    22.558             360.931   2695.00              0.84               13.4              5.3              14239                      119                      1907         5   574540                        12.4                       1.7
SMI                      86.312            1380.987  12891.00              0.67               10.7              8.8             113514                      760                     12160         1   574540                        19.8                       2.1
MSCIEAFA                 21.691             347.059   2436.10              0.89               14.2             39.5              96172                      856                     13701         1   574540                        16.7                       2.4
FEEDCOW                   2.470              39.520    270.45              0.91               14.6            394.8             106768                      975                     15601         1   574540                        18.6                       2.7
MSCITAIWAN               12.881             206.104    979.90              1.31               21.0             79.0              77369                     1017                     16273         1   574540                        13.5                       2.8
MIB                     247.652            3962.430  38495.00              0.64               10.3              4.1             159709                     1027                     16439         1   574540                        27.8                       2.9

Sum of abs(notional exposure % capital) 252.4
Sum of abs(annualised risk % capital) 30.8
Net sum of annualised risk % capital 9.0 

========================================================================================================================================================================================
                                                                                      Correlations                                                                                      
========================================================================================================================================================================================

              BITCOIN  BUND  BUXL  CAD10   CHF  FEEDCOW  REDWHEAT   CAD  COPPER-micro  EUR_micro   GBP  HANG_mini   MIB  MSCIEAFA  MSCITAIWAN  MUMMY  RUSSELL  SILVER   SMI  TOPIX   VIX
BITCOIN          1.00  0.13  0.11   0.07 -0.04    -0.05     -0.14 -0.13         -0.16      -0.03 -0.01      -0.07  0.13      0.05        0.02   0.08     0.30    0.07  0.03   0.08 -0.20
BUND             0.13  1.00  0.94   0.72  0.22    -0.09     -0.03  0.20         -0.07       0.07  0.11       0.01  0.05      0.15        0.03   0.10     0.24    0.12  0.22  -0.03 -0.12
BUXL             0.11  0.94  1.00   0.72  0.21    -0.13     -0.05  0.15         -0.12       0.06  0.04      -0.06  0.04      0.14        0.04   0.11     0.15    0.08  0.15   0.00 -0.05
CAD10            0.07  0.72  0.72   1.00  0.21    -0.28     -0.06  0.06         -0.04       0.21  0.24       0.00  0.11      0.30       -0.00   0.06     0.18    0.12  0.30   0.01 -0.22
CHF             -0.04  0.22  0.21   0.21  1.00    -0.26     -0.04  0.53          0.20       0.64  0.54       0.19  0.05      0.34        0.03   0.03     0.04    0.20  0.07  -0.12  0.18
FEEDCOW         -0.05 -0.09 -0.13  -0.28 -0.26     1.00      0.03 -0.03          0.19       0.02  0.01       0.11  0.11      0.15        0.21   0.20     0.23    0.09  0.15   0.34 -0.21
REDWHEAT        -0.14 -0.03 -0.05  -0.06 -0.04     0.03      1.00  0.17          0.26      -0.00  0.04       0.36  0.05      0.12       -0.06   0.00    -0.06    0.21  0.06   0.02 -0.03
CAD             -0.13  0.20  0.15   0.06  0.53    -0.03      0.17  1.00          0.46       0.46  0.57       0.36  0.26      0.49        0.20   0.16     0.24    0.25  0.27   0.11 -0.15
COPPER-micro    -0.16 -0.07 -0.12  -0.04  0.20     0.19      0.26  0.46          1.00       0.43  0.43       0.55  0.41      0.50        0.35   0.10     0.15    0.62  0.37   0.22 -0.25
EUR_micro       -0.03  0.07  0.06   0.21  0.64     0.02     -0.00  0.46          0.43       1.00  0.73       0.30  0.27      0.62        0.14   0.01     0.21    0.37  0.34   0.14 -0.17
GBP             -0.01  0.11  0.04   0.24  0.54     0.01      0.04  0.57          0.43       0.73  1.00       0.41  0.41      0.71        0.28   0.22     0.34    0.35  0.48   0.34 -0.32
HANG_mini       -0.07  0.01 -0.06   0.00  0.19     0.11      0.36  0.36          0.55       0.30  0.41       1.00  0.20      0.47        0.29   0.29     0.12    0.37  0.30   0.34 -0.23
MIB              0.13  0.05  0.04   0.11  0.05     0.11      0.05  0.26          0.41       0.27  0.41       0.20  1.00      0.66        0.42   0.26     0.35    0.40  0.60   0.40 -0.39
MSCIEAFA         0.05  0.15  0.14   0.30  0.34     0.15      0.12  0.49          0.50       0.62  0.71       0.47  0.66      1.00        0.46   0.36     0.50    0.45  0.73   0.56 -0.49
MSCITAIWAN       0.02  0.03  0.04  -0.00  0.03     0.21     -0.06  0.20          0.35       0.14  0.28       0.29  0.42      0.46        1.00   0.21     0.26    0.30  0.36   0.59 -0.33
MUMMY            0.08  0.10  0.11   0.06  0.03     0.20      0.00  0.16          0.10       0.01  0.22       0.29  0.26      0.36        0.21   1.00     0.29    0.03  0.23   0.61 -0.20
RUSSELL          0.30  0.24  0.15   0.18  0.04     0.23     -0.06  0.24          0.15       0.21  0.34       0.12  0.35      0.50        0.26   0.29     1.00    0.14  0.38   0.36 -0.68
SILVER           0.07  0.12  0.08   0.12  0.20     0.09      0.21  0.25          0.62       0.37  0.35       0.37  0.40      0.45        0.30   0.03     0.14    1.00  0.39   0.22 -0.22
SMI              0.03  0.22  0.15   0.30  0.07     0.15      0.06  0.27          0.37       0.34  0.48       0.30  0.60      0.73        0.36   0.23     0.38    0.39  1.00   0.41 -0.45
TOPIX            0.08 -0.03  0.00   0.01 -0.12     0.34      0.02  0.11          0.22       0.14  0.34       0.34  0.40      0.56        0.59   0.61     0.36    0.22  0.41   1.00 -0.41
VIX             -0.20 -0.12 -0.05  -0.22  0.18    -0.21     -0.03 -0.15         -0.25      -0.17 -0.32      -0.23 -0.39     -0.49       -0.33  -0.20    -0.68   -0.22 -0.45  -0.41  1.00


********************************************************************************
                                 END OF REPORT                                  
********************************************************************************


