
********************************************************************************
                    Risk report produced on 02/04/2024 22:53                    
********************************************************************************


Total risk across all strategies, annualised percentage 15.0
Percentage of capital used for margin 71.7%

========================================
Risk per strategy, annualised percentage
========================================

                  risk
dynamic_TF_carry  15.0


===================
Risk by asset class
===================

Ags       3.5
Bond      6.2
Equity    8.6
FX        4.2
Metals    2.7
OilGas    3.1
Vol       1.4
dtype: float64


=====================================================
Beta loadings of asset class positions on asset class
=====================================================

Bond     -1.07
Metals   -0.09
FX       -0.09
Vol      -0.04
Ags       0.02
OilGas    0.09
Equity    0.84
dtype: float64


========================================================
Beta loadings of full portfolio positions on asset class
========================================================

Bond     -1.55
Vol      -0.24
Metals   -0.09
Ags       0.10
FX        0.18
OilGas    0.18
Equity    1.00
dtype: float64


==================================================================================================================================================================================================================================================================
                                                                                                                         Instrument risk                                                                                                                          
==================================================================================================================================================================================================================================================================

              daily_price_stdev  annual_price_stdev     price  daily_perc_stdev  annual_perc_stdev  point_size_base  contract_exposure  daily_risk_per_contract  annual_risk_per_contract  position  capital  exposure_held_perc_capital  annual_risk_perc_capital
BUXL                      1.295              20.716    132.12              0.98               15.7            855.6             113036                     1107                     17723        -1   682507                       -16.6                      -2.6
GOLD_micro               16.323             261.172   2295.30              0.71               11.4              8.0              18290                      130                      2081        -8   682507                       -21.4                      -2.4
CHF                       0.005               0.079      1.11              0.44                7.1          99609.9             110547                      489                      7833        -2   682507                       -32.4                      -2.3
BUND                      0.569               9.099    132.13              0.43                6.9            855.6             113045                      486                      7784        -2   682507                       -33.1                      -2.3
CHINAA-CON               18.854             301.667   1952.00              0.97               15.5             19.9              38887                      375                      6009        -2   682507                       -11.4                      -1.8
VIX                       0.373               5.970     16.55              2.25               36.1            796.9              13188                      297                      4757        -2   682507                        -3.9                      -1.4
CORN                      5.925              94.798    469.25              1.26               20.2             39.8              18696                      236                      3777        -2   682507                        -5.5                      -1.1
GAS_US_mini               0.098               1.564      1.86              5.27               84.3           1992.2               3695                      194                      3116        -2   682507                        -1.1                      -0.9
BITCOIN                2241.757           35868.117  66450.00              3.37               54.0              0.1               5295                      178                      2858        -2   682507                        -1.6                      -0.8
JPY                       0.000               0.001      0.01              0.52                8.4        9960992.8              66474                      346                      5550        -1   682507                        -9.7                      -0.8
US3                       0.190               3.048    103.93              0.18                2.9           1593.8             165638                      303                      4857        -1   682507                       -24.3                      -0.7
HANG_mini               257.249            4115.979  16956.00              1.52               24.3              1.0              17263                      261                      4190        -1   682507                        -2.5                      -0.6
BOBL                      0.297               4.758    117.84              0.25                4.0            855.6             100819                      254                      4071        -1   682507                       -14.8                      -0.6
US2                       0.122               1.957    102.08              0.12                1.9           1593.8             162687                      194                      3119        -1   682507                       -23.8                      -0.5
MILLWHEAT                 3.135              50.154    216.50              1.45               23.2             42.8               9261                      134                      2145        -1   682507                        -1.4                      -0.3
TOPIX                    23.193             371.082   2720.50              0.85               13.6              5.3              14292                      121                      1949         1   682507                         2.1                       0.3
IRON                      2.488              39.800    102.25              2.43               38.9             79.7               8148                      198                      3171         1   682507                         1.2                       0.5
DOW                     259.922            4158.755  39469.00              0.66               10.5              0.4              15726                      103                      1657         4   682507                         9.2                       1.0
MXP                       0.000               0.005      0.06              0.48                7.7         398439.7              23766                      114                      1830         4   682507                        13.9                       1.1
NASDAQ_micro            163.250            2612.007  18305.75              0.89               14.3              1.6              29174                      260                      4162         2   682507                         8.5                       1.2
SMI                      62.462             999.385  11500.00              0.54                8.7              8.8             100944                      548                      8772         1   682507                        14.8                       1.3
MSCIEAFA                 15.738             251.814   2326.10              0.68               10.8             39.8              92681                      627                     10033         1   682507                        13.6                       1.5
NIKKEI                  379.282            6068.511  39950.00              0.95               15.2              0.5              20987                      199                      3188         4   682507                        12.3                       1.9
MIB                     187.898            3006.361  33840.00              0.56                8.9              4.3             144761                      803                     12860         1   682507                        21.2                       1.9
YENEUR                    0.776              12.417    161.81              0.48                7.7            656.7             106259                      509                      8154         2   682507                        31.1                       2.4
AEX                       6.109              97.739    883.40              0.69               11.1            171.1             151160                     1045                     16724         1   682507                        22.1                       2.5
GASOILINE                 0.037               0.598      2.73              1.37               21.9          33468.9              91450                     1251                     20024         1   682507                        13.4                       2.9
COCOA                   176.178            2818.851   9380.00              1.88               30.1              8.0              74747                     1403                     22462         1   682507                        11.0                       3.3

Sum of abs(notional exposure % capital) 377.9
Sum of abs(annualised risk % capital) 40.9
Net sum of annualised risk % capital 2.7 

===========================================================================================================================================================================================================================================
                                                                                                               Correlations                                                                                                                
===========================================================================================================================================================================================================================================

               AEX   DOW   MIB  MSCIEAFA   MXP  NASDAQ_micro  NIKKEI   SMI  TOPIX  COCOA  GASOILINE  YENEUR  BITCOIN  CHINAA-CON  CORN  GAS_US_mini  HANG_mini  IRON  MILLWHEAT  BOBL  BUND  BUXL   CHF  GOLD_micro   JPY   US2   US3   VIX
AEX           1.00  0.63  0.67      0.66  0.35          0.60    0.42  0.62   0.41   0.18       0.23    0.01     0.08        0.37  0.01        -0.03       0.42  0.34      -0.08  0.24  0.31  0.31  0.19        0.06  0.19  0.11  0.20 -0.55
DOW           0.63  1.00  0.62      0.74  0.34          0.74    0.52  0.60   0.52   0.19       0.21    0.11    -0.02        0.07  0.04         0.02       0.17  0.11       0.06  0.28  0.36  0.39  0.28        0.16  0.16  0.23  0.31 -0.63
MIB           0.67  0.62  1.00      0.73  0.60          0.37    0.45  0.70   0.52   0.26       0.16    0.02    -0.12        0.34  0.01        -0.10       0.40  0.08       0.01  0.06  0.19  0.26  0.21        0.10  0.18 -0.11  0.01 -0.53
MSCIEAFA      0.66  0.74  0.73      1.00  0.54          0.62    0.53  0.66   0.58   0.08       0.15    0.04     0.11        0.25  0.05         0.09       0.37  0.29      -0.03  0.27  0.34  0.34  0.44        0.26  0.33  0.27  0.36 -0.58
MXP           0.35  0.34  0.60      0.54  1.00          0.20    0.28  0.46   0.34   0.07       0.28    0.04     0.05        0.19  0.10         0.08       0.33  0.15       0.10 -0.01  0.08  0.09  0.26        0.24  0.22 -0.00  0.07 -0.37
NASDAQ_micro  0.60  0.74  0.37      0.62  0.20          1.00    0.59  0.41   0.50   0.16       0.08    0.11     0.08        0.14  0.10         0.03       0.11  0.18      -0.02  0.22  0.28  0.28  0.19        0.08  0.14  0.26  0.31 -0.62
NIKKEI        0.42  0.52  0.45      0.53  0.28          0.59    1.00  0.39   0.91   0.16       0.18    0.39    -0.12        0.16 -0.08         0.20       0.14  0.15      -0.05 -0.08  0.03  0.11 -0.03       -0.01 -0.29  0.05  0.09 -0.51
SMI           0.62  0.60  0.70      0.66  0.46          0.41    0.39  1.00   0.46   0.00       0.11    0.02     0.08        0.27  0.06         0.05       0.42  0.11      -0.04  0.26  0.35  0.37  0.16        0.08  0.18  0.08  0.18 -0.46
TOPIX         0.41  0.52  0.52      0.58  0.34          0.50    0.91  0.46   1.00   0.14       0.14    0.33    -0.09        0.10 -0.04         0.27       0.10  0.22       0.05 -0.03  0.06  0.13 -0.05       -0.01 -0.26  0.01  0.06 -0.51
COCOA         0.18  0.19  0.26      0.08  0.07          0.16    0.16  0.00   0.14   1.00       0.27    0.10    -0.03        0.25 -0.01        -0.16       0.11 -0.23       0.24 -0.10 -0.07 -0.07 -0.18        0.10 -0.13 -0.14 -0.15 -0.23
GASOILINE     0.23  0.21  0.16      0.15  0.28          0.08    0.18  0.11   0.14   0.27       1.00    0.08     0.02        0.33  0.04         0.02       0.21  0.07       0.03 -0.31 -0.27 -0.25  0.01        0.11 -0.05 -0.17 -0.17 -0.25
YENEUR        0.01  0.11  0.02      0.04  0.04          0.11    0.39  0.02   0.33   0.10       0.08    1.00    -0.07        0.07 -0.00         0.18      -0.01 -0.07      -0.03 -0.41 -0.32 -0.25 -0.13       -0.28 -0.75 -0.33 -0.31 -0.20
BITCOIN       0.08 -0.02 -0.12      0.11  0.05          0.08   -0.12  0.08  -0.09  -0.03       0.02   -0.07     1.00        0.13  0.11        -0.02       0.04  0.01      -0.05  0.11  0.08  0.09 -0.10        0.18  0.11  0.05  0.02 -0.06
CHINAA-CON    0.37  0.07  0.34      0.25  0.19          0.14    0.16  0.27   0.10   0.25       0.33    0.07     0.13        1.00 -0.03        -0.01       0.65  0.15      -0.15 -0.20 -0.19 -0.19  0.04        0.08  0.07 -0.11 -0.08 -0.27
CORN          0.01  0.04  0.01      0.05  0.10          0.10   -0.08  0.06  -0.04  -0.01       0.04   -0.00     0.11       -0.03  1.00         0.07       0.02  0.06       0.49  0.04  0.04  0.02  0.06        0.13  0.07  0.02  0.03  0.05
GAS_US_mini  -0.03  0.02 -0.10      0.09  0.08          0.03    0.20  0.05   0.27  -0.16       0.02    0.18    -0.02       -0.01  0.07         1.00       0.09  0.03       0.03 -0.03 -0.03 -0.04  0.03        0.02 -0.17  0.12  0.12 -0.15
HANG_mini     0.42  0.17  0.40      0.37  0.33          0.11    0.14  0.42   0.10   0.11       0.21   -0.01     0.04        0.65  0.02         0.09       1.00  0.21      -0.09 -0.01  0.03  0.03  0.27        0.16  0.25 -0.00  0.06 -0.31
IRON          0.34  0.11  0.08      0.29  0.15          0.18    0.15  0.11   0.22  -0.23       0.07   -0.07     0.01        0.15  0.06         0.03       0.21  1.00       0.08  0.15  0.12  0.10  0.15        0.05  0.12  0.12  0.13 -0.17
MILLWHEAT    -0.08  0.06  0.01     -0.03  0.10         -0.02   -0.05 -0.04   0.05   0.24       0.03   -0.03    -0.05       -0.15  0.49         0.03      -0.09  0.08       1.00  0.03 -0.01 -0.02 -0.08        0.08 -0.10 -0.06 -0.09 -0.06
BOBL          0.24  0.28  0.06      0.27 -0.01          0.22   -0.08  0.26  -0.03  -0.10      -0.31   -0.41     0.11       -0.20  0.04        -0.03      -0.01  0.15       0.03  1.00  0.96  0.84  0.27        0.36  0.47  0.72  0.76  0.01
BUND          0.31  0.36  0.19      0.34  0.08          0.28    0.03  0.35   0.06  -0.07      -0.27   -0.32     0.08       -0.19  0.04        -0.03       0.03  0.12      -0.01  0.96  1.00  0.94  0.27        0.38  0.41  0.65  0.71 -0.05
BUXL          0.31  0.39  0.26      0.34  0.09          0.28    0.11  0.37   0.13  -0.07      -0.25   -0.25     0.09       -0.19  0.02        -0.04       0.03  0.10      -0.02  0.84  0.94  1.00  0.20        0.31  0.33  0.48  0.57 -0.10
CHF           0.19  0.28  0.21      0.44  0.26          0.19   -0.03  0.16  -0.05  -0.18       0.01   -0.13    -0.10        0.04  0.06         0.03       0.27  0.15      -0.08  0.27  0.27  0.20  1.00        0.44  0.57  0.44  0.47  0.00
GOLD_micro    0.06  0.16  0.10      0.26  0.24          0.08   -0.01  0.08  -0.01   0.10       0.11   -0.28     0.18        0.08  0.13         0.02       0.16  0.05       0.08  0.36  0.38  0.31  0.44        1.00  0.49  0.50  0.50  0.14
JPY           0.19  0.16  0.18      0.33  0.22          0.14   -0.29  0.18  -0.26  -0.13      -0.05   -0.75     0.11        0.07  0.07        -0.17       0.25  0.12      -0.10  0.47  0.41  0.33  0.57        0.49  1.00  0.53  0.55  0.02
US2           0.11  0.23 -0.11      0.27 -0.00          0.26    0.05  0.08   0.01  -0.14      -0.17   -0.33     0.05       -0.11  0.02         0.12      -0.00  0.12      -0.06  0.72  0.65  0.48  0.44        0.50  0.53  1.00  0.98  0.04
US3           0.20  0.31  0.01      0.36  0.07          0.31    0.09  0.18   0.06  -0.15      -0.17   -0.31     0.02       -0.08  0.03         0.12       0.06  0.13      -0.09  0.76  0.71  0.57  0.47        0.50  0.55  0.98  1.00 -0.04
VIX          -0.55 -0.63 -0.53     -0.58 -0.37         -0.62   -0.51 -0.46  -0.51  -0.23      -0.25   -0.20    -0.06       -0.27  0.05        -0.15      -0.31 -0.17      -0.06  0.01 -0.05 -0.10  0.00        0.14  0.02  0.04 -0.04  1.00


********************************************************************************
                                 END OF REPORT                                  
********************************************************************************


