
********************************************************************************
                    Risk report produced on 28/11/2025 22:53                    
********************************************************************************


Total risk across all strategies, annualised percentage 9.6
Percentage of capital used for margin 40.5%

========================================
Risk per strategy, annualised percentage
========================================

                  risk
dynamic_TF_carry   9.6


===================
Risk by asset class
===================

Ags       1.0
Bond      2.0
Equity    6.5
FX        4.1
Metals    3.1
OilGas    0.8
Sector    0.9
dtype: float64


=====================================================
Beta loadings of asset class positions on asset class
=====================================================

Ags      -0.06
OilGas   -0.04
Metals   -0.01
FX        0.01
Sector    0.04
Equity    0.46
Bond      0.55
dtype: float64


========================================================
Beta loadings of full portfolio positions on asset class
========================================================

Ags      -0.10
OilGas   -0.02
Metals    0.10
Bond      0.15
Sector    0.27
FX        0.42
Equity    0.53
dtype: float64


===================================================================================================================================================================================================================================================================
                                                                                                                          Instrument risk                                                                                                                          
===================================================================================================================================================================================================================================================================

               daily_price_stdev  annual_price_stdev     price  daily_perc_stdev  annual_perc_stdev  point_size_base  contract_exposure  daily_risk_per_contract  annual_risk_per_contract  position  capital  exposure_held_perc_capital  annual_risk_perc_capital
BITCOIN                 2781.261           44500.181  91105.00              3.05               48.8              0.1               6892                      210                      3366        -5   611102                        -5.6                      -2.8
JPY                        0.000               0.001      0.01              0.55                8.7        9457445.3              60626                      330                      5291        -2   611102                       -19.8                      -1.7
KR10                       0.344               5.507    113.80              0.30                4.8            511.8              58247                      176                      2818        -3   611102                       -28.6                      -1.4
DAX                      211.216            3379.464  23886.00              0.88               14.1              0.9              20935                      185                      2961        -2   611102                        -6.9                      -1.0
WHEAT                      7.593             121.484    584.25              1.30               20.8             37.8              22102                      287                      4595        -1   611102                        -3.6                      -0.8
KRWUSD_mini                0.004               0.058      0.68              0.53                8.5          18914.9              12911                       68                      1102        -4   611102                        -8.5                      -0.7
RICE                       0.159               2.543     10.10              1.57               25.2           1513.2              15283                      240                      3848        -1   611102                        -2.5                      -0.6
CRUDE_W_micro              0.979              15.672     59.15              1.66               26.5             75.7               4475                       74                      1185        -3   611102                        -2.2                      -0.6
GAS_US_mini                0.111               1.783      4.77              2.34               37.4           1891.5               9022                      210                      3373        -1   611102                        -1.5                      -0.6
EUR_micro                  0.004               0.061      1.17              0.33                5.3           9457.4              11034                       36                       580        -3   611102                        -5.4                      -0.3
AUD_micro                  0.003               0.048      0.66              0.46                7.3           7566.0               4957                       22                       362         4   611102                         3.2                       0.2
FTSECHINAA               161.897            2590.347  15080.00              1.07               17.2              0.8              11409                      122                      1959         1   611102                         1.9                       0.3
TOPIX                     34.842             557.474   3377.25              1.03               16.5              4.8              16340                      168                      2697         1   611102                         2.7                       0.4
MXP                        0.000               0.004      0.05              0.49                7.8         378297.8              20643                      100                      1610         2   611102                         6.8                       0.5
GBP                        0.005               0.081      1.32              0.38                6.1          47287.2              62589                      240                      3841         1   611102                        10.2                       0.6
KOSPI_mini                10.328             165.243    555.78              1.86               29.7             25.6              14223                      264                      4228         1   611102                         2.3                       0.7
EU-BASIC                   7.724             123.586    605.00              1.28               20.4             43.8              26512                      338                      5415         1   611102                         4.3                       0.9
OAT                        0.295               4.725    122.82              0.24                3.8            876.5             107646                      258                      4141         2   611102                        35.2                       1.4
CAD10                      0.339               5.424    122.94              0.28                4.4            538.9              66257                      182                      2923         3   611102                        32.5                       1.4
SILVER                     1.027              16.438     57.08              1.80               28.8            756.6              43190                      777                     12436         1   611102                         7.1                       2.0
YENEUR                     0.755              12.076    181.13              0.42                6.7            604.8             109548                      456                      7303         2   611102                        35.9                       2.4
FTSETAIWAN                30.719             491.502   2281.25              1.35               21.5             30.3              69039                      929                     14874         1   611102                        11.3                       2.4
MIB                      376.558            6024.930  43380.00              0.87               13.9              4.4             190103                     1650                     26402         1   611102                        31.1                       4.3

Sum of abs(notional exposure % capital) 269.1
Sum of abs(annualised risk % capital) 28.0
Net sum of annualised risk % capital 7.0 

========================================================================================================================================================================================================================
                                                                                                      Correlations                                                                                                      
========================================================================================================================================================================================================================

               CAD10   JPY  KR10   OAT  AUD_micro  EUR_micro   GBP  KRWUSD_mini   MXP  SILVER  BITCOIN   DAX  EU-BASIC  FTSECHINAA  FTSETAIWAN  KOSPI_mini   MIB  TOPIX  CRUDE_W_micro  YENEUR  GAS_US_mini  RICE  WHEAT
CAD10           1.00  0.45  0.50  0.56       0.35       0.25  0.43         0.27 -0.05    0.10     0.03  0.31      0.19        0.02        0.26        0.11  0.26   0.19          -0.20   -0.33        -0.09 -0.06  -0.17
JPY             0.45  1.00  0.33  0.46       0.40       0.64  0.53         0.50  0.02    0.14    -0.07  0.06     -0.03       -0.07       -0.11       -0.24 -0.01  -0.24          -0.39   -0.65        -0.07  0.16   0.07
KR10            0.50  0.33  1.00  0.51       0.08       0.23  0.33         0.32  0.04   -0.08     0.04  0.05     -0.04       -0.01        0.11       -0.02 -0.06   0.00          -0.23   -0.22        -0.35 -0.02  -0.32
OAT             0.56  0.46  0.51  1.00       0.24       0.21  0.29         0.26  0.13    0.25    -0.05  0.09      0.10       -0.06        0.06       -0.02  0.03   0.03          -0.29   -0.39        -0.14  0.03  -0.04
AUD_micro       0.35  0.40  0.08  0.24       1.00       0.63  0.68         0.59  0.41    0.42     0.27  0.44      0.56        0.39        0.51        0.34  0.43   0.40          -0.03    0.12         0.07  0.12   0.17
EUR_micro       0.25  0.64  0.23  0.21       0.63       1.00  0.77         0.50  0.36    0.32     0.04  0.13      0.11        0.07        0.07       -0.09  0.07   0.06          -0.43    0.14        -0.05  0.21   0.02
GBP             0.43  0.53  0.33  0.29       0.68       0.77  1.00         0.52  0.35    0.41     0.15  0.40      0.31        0.23        0.30        0.05  0.32   0.33          -0.34    0.07        -0.14  0.20  -0.13
KRWUSD_mini     0.27  0.50  0.32  0.26       0.59       0.50  0.52         1.00  0.20    0.07     0.13  0.21      0.22        0.18        0.25        0.20  0.19   0.11          -0.07   -0.16        -0.13  0.05   0.21
MXP            -0.05  0.02  0.04  0.13       0.41       0.36  0.35         0.20  1.00    0.31     0.13  0.19      0.29        0.26        0.28        0.27  0.20   0.28           0.01    0.31        -0.05  0.03   0.01
SILVER          0.10  0.14 -0.08  0.25       0.42       0.32  0.41         0.07  0.31    1.00     0.17  0.40      0.53        0.14        0.35        0.11  0.34   0.29          -0.04    0.14         0.06  0.20  -0.06
BITCOIN         0.03 -0.07  0.04 -0.05       0.27       0.04  0.15         0.13  0.13    0.17     1.00  0.43      0.34        0.17        0.37        0.21  0.36   0.30           0.07    0.13         0.00  0.13  -0.08
DAX             0.31  0.06  0.05  0.09       0.44       0.13  0.40         0.21  0.19    0.40     0.43  1.00      0.70        0.32        0.71        0.47  0.91   0.66           0.15    0.04        -0.06  0.00  -0.06
EU-BASIC        0.19 -0.03 -0.04  0.10       0.56       0.11  0.31         0.22  0.29    0.53     0.34  0.70      1.00        0.47        0.70        0.50  0.71   0.66           0.30    0.15        -0.10 -0.09   0.07
FTSECHINAA      0.02 -0.07 -0.01 -0.06       0.39       0.07  0.23         0.18  0.26    0.14     0.17  0.32      0.47        1.00        0.32        0.36  0.38   0.27           0.14    0.14        -0.05 -0.05   0.12
FTSETAIWAN      0.26 -0.11  0.11  0.06       0.51       0.07  0.30         0.25  0.28    0.35     0.37  0.71      0.70        0.32        1.00        0.70  0.75   0.74           0.31    0.20        -0.07 -0.09  -0.10
KOSPI_mini      0.11 -0.24 -0.02 -0.02       0.34      -0.09  0.05         0.20  0.27    0.11     0.21  0.47      0.50        0.36        0.70        1.00  0.55   0.59           0.34    0.19        -0.06 -0.14   0.08
MIB             0.26 -0.01 -0.06  0.03       0.43       0.07  0.32         0.19  0.20    0.34     0.36  0.91      0.71        0.38        0.75        0.55  1.00   0.69           0.31    0.06        -0.06  0.01   0.03
TOPIX           0.19 -0.24  0.00  0.03       0.40       0.06  0.33         0.11  0.28    0.29     0.30  0.66      0.66        0.27        0.74        0.59  0.69   1.00           0.30    0.37        -0.06 -0.12  -0.03
CRUDE_W_micro  -0.20 -0.39 -0.23 -0.29      -0.03      -0.43 -0.34        -0.07  0.01   -0.04     0.07  0.15      0.30        0.14        0.31        0.34  0.31   0.30           1.00    0.12         0.07 -0.07   0.32
YENEUR         -0.33 -0.65 -0.22 -0.39       0.12       0.14  0.07        -0.16  0.31    0.14     0.13  0.04      0.15        0.14        0.20        0.19  0.06   0.37           0.12    1.00         0.06 -0.02  -0.05
GAS_US_mini    -0.09 -0.07 -0.35 -0.14       0.07      -0.05 -0.14        -0.13 -0.05    0.06     0.00 -0.06     -0.10       -0.05       -0.07       -0.06 -0.06  -0.06           0.07    0.06         1.00 -0.03   0.22
RICE           -0.06  0.16 -0.02  0.03       0.12       0.21  0.20         0.05  0.03    0.20     0.13  0.00     -0.09       -0.05       -0.09       -0.14  0.01  -0.12          -0.07   -0.02        -0.03  1.00  -0.02
WHEAT          -0.17  0.07 -0.32 -0.04       0.17       0.02 -0.13         0.21  0.01   -0.06    -0.08 -0.06      0.07        0.12       -0.10        0.08  0.03  -0.03           0.32   -0.05         0.22 -0.02   1.00


********************************************************************************
                                 END OF REPORT                                  
********************************************************************************


