
********************************************************************************
                    Risk report produced on 26/11/2025 22:53                    
********************************************************************************


Total risk across all strategies, annualised percentage 8.3
Percentage of capital used for margin 40.2%

========================================
Risk per strategy, annualised percentage
========================================

                  risk
dynamic_TF_carry   8.3


===================
Risk by asset class
===================

Ags       0.6
Bond      1.7
Equity    5.1
FX        5.0
Metals    2.2
OilGas    0.8
Sector    0.9
dtype: float64


=====================================================
Beta loadings of asset class positions on asset class
=====================================================

FX       -0.16
Metals   -0.04
OilGas   -0.04
Ags      -0.03
Sector    0.04
Bond      0.29
Equity    0.37
dtype: float64


========================================================
Beta loadings of full portfolio positions on asset class
========================================================

Bond     -0.18
Ags      -0.07
OilGas   -0.02
Metals   -0.00
FX        0.01
Sector    0.17
Equity    0.41
dtype: float64


===================================================================================================================================================================================================================================================================
                                                                                                                          Instrument risk                                                                                                                          
===================================================================================================================================================================================================================================================================

               daily_price_stdev  annual_price_stdev     price  daily_perc_stdev  annual_perc_stdev  point_size_base  contract_exposure  daily_risk_per_contract  annual_risk_per_contract  position  capital  exposure_held_perc_capital  annual_risk_perc_capital
JPY                        0.000               0.001      0.01              0.55                8.8        9474721.4              60676                      332                      5315        -3   608986                       -29.9                      -2.6
BITCOIN                 2744.926           43918.812  90065.00              3.05               48.8              0.1               6826                      208                      3328        -4   608986                        -4.5                      -2.2
DAX                      218.691            3499.057  23740.00              0.92               14.7              0.9              20852                      192                      3073        -3   608986                       -10.3                      -1.5
KR10                       0.341               5.454    114.67              0.30                4.8            511.8              58690                      174                      2791        -3   608986                       -28.9                      -1.4
SP500_micro               60.283             964.523   6838.75              0.88               14.1              3.8              25918                      228                      3655        -2   608986                        -8.5                      -1.2
KRWUSD_mini                0.004               0.059      0.68              0.54                8.6          18949.4              12931                       69                      1110        -4   608986                        -8.5                      -0.7
RICE                       0.159               2.541     10.14              1.57               25.0           1516.0              15379                      240                      3851        -1   608986                        -2.5                      -0.6
CRUDE_W_micro              0.984              15.749     58.46              1.68               26.9             75.8               4431                       74                      1193        -3   608986                        -2.2                      -0.6
GAS_US_mini                0.111               1.771      4.60              2.41               38.5           1894.9               8716                      209                      3356        -1   608986                        -1.4                      -0.6
EUR_micro                  0.004               0.062      1.17              0.33                5.3           9474.7              11048                       36                       583        -3   608986                        -5.4                      -0.3
AUD_micro                  0.003               0.048      0.65              0.46                7.3           7579.8               4940                       22                       362         4   608986                         3.2                       0.2
FTSECHINAA               168.995            2703.926  15066.00              1.12               17.9              0.8              11419                      128                      2049         1   608986                         1.9                       0.3
CAD10                      0.349               5.580    123.11              0.28                4.5            538.6              66302                      187                      3004         1   608986                        10.9                       0.5
MXP                        0.000               0.004      0.05              0.49                7.8         378988.9              20632                      100                      1612         2   608986                         6.8                       0.5
TOPIX                     35.383             566.136   3354.50              1.05               16.9              4.9              16279                      171                      2747         2   608986                         5.3                       0.9
EU-BASIC                   7.905             126.475    599.50              1.32               21.1             43.9              26329                      347                      5554         1   608986                         4.3                       0.9
NIKKEI                   761.898           12190.365  49600.00              1.54               24.6              0.5              24071                      369                      5916         1   608986                         4.0                       1.0
KOSPI_mini                10.364             165.818    556.30              1.86               29.8             25.6              14236                      265                      4243         2   608986                         4.7                       1.4
OAT                        0.305               4.876    122.91              0.25                4.0            878.4             107961                      267                      4282         2   608986                        35.5                       1.4
YENEUR                     0.751              12.022    181.25              0.41                6.6            606.6             109952                      455                      7293         2   608986                        36.1                       2.4
MIB                      391.028            6256.445  43175.00              0.91               14.5              4.4             189619                     1717                     27477         1   608986                        31.1                       4.5

Sum of abs(notional exposure % capital) 245.9
Sum of abs(annualised risk % capital) 25.7
Net sum of annualised risk % capital 2.3 

============================================================================================================================================================================================================
                                                                                                Correlations                                                                                                
============================================================================================================================================================================================================

               CAD10   JPY  KR10   OAT  EUR_micro  KRWUSD_mini  RICE  AUD_micro  BITCOIN   DAX  EU-BASIC  FTSECHINAA  KOSPI_mini   MIB   MXP  NIKKEI  SP500_micro  TOPIX  CRUDE_W_micro  GAS_US_mini  YENEUR
CAD10           1.00  0.37  0.50  0.62       0.03        -0.05 -0.13      -0.03    -0.01 -0.03     -0.13       -0.16       -0.16 -0.15 -0.10   -0.14         0.03  -0.13          -0.32        -0.02   -0.41
JPY             0.37  1.00  0.36  0.35       0.58         0.50  0.11       0.30    -0.10 -0.07     -0.18       -0.03       -0.23 -0.12  0.02   -0.27        -0.18  -0.28          -0.28        -0.19   -0.66
KR10            0.50  0.36  1.00  0.38       0.02         0.15  0.04      -0.08     0.03 -0.03     -0.22       -0.13       -0.28 -0.22 -0.09   -0.20         0.01  -0.23          -0.32        -0.30   -0.41
OAT             0.62  0.35  0.38  1.00       0.02         0.13 -0.18       0.03    -0.02  0.03     -0.04       -0.10       -0.07 -0.13  0.04   -0.09         0.02  -0.11          -0.26        -0.17   -0.40
EUR_micro       0.03  0.58  0.02  0.02       1.00         0.46  0.12       0.57     0.00  0.07     -0.03        0.11        0.12  0.04  0.37    0.07        -0.05   0.09          -0.18        -0.12    0.18
KRWUSD_mini    -0.05  0.50  0.15  0.13       0.46         1.00  0.08       0.49     0.00  0.15     -0.08        0.05        0.13  0.07  0.19    0.11         0.07   0.02          -0.24        -0.17   -0.17
RICE           -0.13  0.11  0.04 -0.18       0.12         0.08  1.00       0.10     0.03 -0.01      0.03       -0.09       -0.11  0.01 -0.07   -0.07        -0.10  -0.04           0.05         0.07   -0.03
AUD_micro      -0.03  0.30 -0.08  0.03       0.57         0.49  0.10       1.00     0.36  0.60      0.51        0.44        0.47  0.59  0.47    0.54         0.55   0.55           0.14         0.07    0.16
BITCOIN        -0.01 -0.10  0.03 -0.02       0.00         0.00  0.03       0.36     1.00  0.45      0.30        0.24        0.34  0.39  0.22    0.44         0.55   0.40           0.16        -0.01    0.10
DAX            -0.03 -0.07 -0.03  0.03       0.07         0.15 -0.01       0.60     0.45  1.00      0.72        0.44        0.45  0.85  0.36    0.66         0.72   0.70           0.19         0.09    0.19
EU-BASIC       -0.13 -0.18 -0.22 -0.04      -0.03        -0.08  0.03       0.51     0.30  0.72      1.00        0.60        0.45  0.69  0.38    0.53         0.54   0.58           0.36         0.16    0.20
FTSECHINAA     -0.16 -0.03 -0.13 -0.10       0.11         0.05 -0.09       0.44     0.24  0.44      0.60        1.00        0.30  0.53  0.32    0.41         0.40   0.48           0.45         0.06    0.15
KOSPI_mini     -0.16 -0.23 -0.28 -0.07       0.12         0.13 -0.11       0.47     0.34  0.45      0.45        0.30        1.00  0.50  0.37    0.78         0.56   0.65           0.27         0.11    0.33
MIB            -0.15 -0.12 -0.22 -0.13       0.04         0.07  0.01       0.59     0.39  0.85      0.69        0.53        0.50  1.00  0.40    0.67         0.70   0.75           0.41         0.11    0.20
MXP            -0.10  0.02 -0.09  0.04       0.37         0.19 -0.07       0.47     0.22  0.36      0.38        0.32        0.37  0.40  1.00    0.39         0.32   0.40           0.20         0.06    0.33
NIKKEI         -0.14 -0.27 -0.20 -0.09       0.07         0.11 -0.07       0.54     0.44  0.66      0.53        0.41        0.78  0.67  0.39    1.00         0.73   0.92           0.23         0.19    0.37
SP500_micro     0.03 -0.18  0.01  0.02      -0.05         0.07 -0.10       0.55     0.55  0.72      0.54        0.40        0.56  0.70  0.32    0.73         1.00   0.71           0.27         0.03    0.17
TOPIX          -0.13 -0.28 -0.23 -0.11       0.09         0.02 -0.04       0.55     0.40  0.70      0.58        0.48        0.65  0.75  0.40    0.92         0.71   1.00           0.29         0.22    0.40
CRUDE_W_micro  -0.32 -0.28 -0.32 -0.26      -0.18        -0.24  0.05       0.14     0.16  0.19      0.36        0.45        0.27  0.41  0.20    0.23         0.27   0.29           1.00         0.11    0.15
GAS_US_mini    -0.02 -0.19 -0.30 -0.17      -0.12        -0.17  0.07       0.07    -0.01  0.09      0.16        0.06        0.11  0.11  0.06    0.19         0.03   0.22           0.11         1.00    0.13
YENEUR         -0.41 -0.66 -0.41 -0.40       0.18        -0.17 -0.03       0.16     0.10  0.19      0.20        0.15        0.33  0.20  0.33    0.37         0.17   0.40           0.15         0.13    1.00


********************************************************************************
                                 END OF REPORT                                  
********************************************************************************


