
********************************************************************************
                    Risk report produced on 12/09/2023 22:52                    
********************************************************************************


Total risk across all strategies, annualised percentage 8.6
Percentage of capital used for margin 57.2%

========================================
Risk per strategy, annualised percentage
========================================

                  risk
dynamic_TF_carry   8.6


===================
Risk by asset class
===================

Ags       3.3
Bond      6.1
Equity    2.5
FX        1.5
OilGas    1.0
Vol       1.7
dtype: float64


=====================================================
Beta loadings of asset class positions on asset class
=====================================================

Bond     -1.12
Vol      -0.04
OilGas   -0.02
Equity    0.12
Ags       0.28
FX        0.41
dtype: float64


========================================================
Beta loadings of full portfolio positions on asset class
========================================================

Bond     -1.11
Vol      -0.09
OilGas   -0.01
FX        0.04
Equity    0.18
Ags       0.40
dtype: float64


==================================================================================================================================================================================================================================================================
                                                                                                                         Instrument risk                                                                                                                          
==================================================================================================================================================================================================================================================================

              daily_price_stdev  annual_price_stdev     price  daily_perc_stdev  annual_perc_stdev  point_size_base  contract_exposure  daily_risk_per_contract  annual_risk_per_contract  position  capital  exposure_held_perc_capital  annual_risk_perc_capital
US20                      0.862              13.797    119.44              0.72               11.6            798.8              95408                      688                     11021        -1   372061                       -25.6                      -3.0
US3                       0.188               3.002    103.59              0.18                2.9           1597.6             165498                      299                      4795        -2   372061                       -89.0                      -2.6
VIX                       0.499               7.992     16.70              2.99               47.9            798.8              13340                      399                      6384        -1   372061                        -3.6                      -1.7
NASDAQ_micro            192.108            3073.723  15492.00              1.24               19.8              1.6              24750                      306                      4910        -1   372061                        -6.7                      -1.3
BOBL                      0.323               5.173    116.45              0.28                4.4            857.7              99882                      277                      4436        -1   372061                       -26.8                      -1.2
GAS_US_mini               0.117               1.875      3.02              3.87               62.0           1997.0               6041                      234                      3745        -1   372061                        -1.6                      -1.0
DAX                     120.127            1922.027  15735.00              0.76               12.2              0.9              13496                      103                      1648        -2   372061                        -7.3                      -0.9
TOPIX                    18.449             295.187   2354.75              0.78               12.5              5.4              12811                      100                      1606         1   372061                         3.4                       0.4
KOSDAQ                   25.075             401.207   1400.90              1.79               28.6              6.0               8438                      151                      2416         1   372061                         2.3                       0.6
MXP                       0.000               0.007      0.06              0.73               11.6         399408.9              23141                      168                      2695         1   372061                         6.2                       0.7
CNH                       0.023               0.375      7.30              0.32                5.1          10931.6              79773                      255                      4094         1   372061                        21.4                       1.1
SOYBEAN_mini             17.884             286.145   1344.25              1.33               21.3              8.0              10738                      142                      2285         2   372061                         5.8                       1.2
JPY                       0.000               0.001      0.01              0.58                9.3        9985221.9              67934                      396                      6346         1   372061                        18.3                       1.7
NIKKEI                  305.680            4890.884  32520.00              0.94               15.0              0.5              17693                      166                      2661         4   372061                        19.0                       2.9
LIVECOW                   1.118              17.889    188.35              0.59                9.5            319.5              60182                      357                      5716         2   372061                        32.4                       3.1

Sum of abs(notional exposure % capital) 269.4
Sum of abs(annualised risk % capital) 23.4
Net sum of annualised risk % capital -0.0 

=====================================================================================================================================
                                                            Correlations                                                             
=====================================================================================================================================

               CNH   VIX  BOBL   JPY  US20   US3   DAX  KOSDAQ  NASDAQ_micro  NIKKEI  TOPIX  GAS_US_mini  LIVECOW   MXP  SOYBEAN_mini
CNH           1.00  0.21 -0.22 -0.61 -0.29 -0.40 -0.31   -0.29         -0.36   -0.03   0.02         0.16     0.13 -0.30         -0.19
VIX           0.21  1.00  0.05 -0.04 -0.03  0.08 -0.54   -0.22         -0.56   -0.54  -0.57        -0.26    -0.24 -0.49         -0.12
BOBL         -0.22  0.05  1.00  0.33  0.66  0.75  0.03    0.15          0.21   -0.14  -0.18        -0.14    -0.16 -0.17         -0.09
JPY          -0.61 -0.04  0.33  1.00  0.33  0.56  0.13    0.11          0.25   -0.25  -0.27        -0.34    -0.10  0.19          0.09
US20         -0.29 -0.03  0.66  0.33  1.00  0.73  0.12    0.22          0.22    0.03  -0.02        -0.03    -0.10 -0.10          0.02
US3          -0.40  0.08  0.75  0.56  0.73  1.00  0.02    0.12          0.23   -0.15  -0.21        -0.15    -0.19 -0.18         -0.15
DAX          -0.31 -0.54  0.03  0.13  0.12  0.02  1.00    0.37          0.58    0.64   0.61         0.05     0.21  0.50          0.20
KOSDAQ       -0.29 -0.22  0.15  0.11  0.22  0.12  0.37    1.00          0.42    0.32   0.27         0.05     0.15  0.17          0.16
NASDAQ_micro -0.36 -0.56  0.21  0.25  0.22  0.23  0.58    0.42          1.00    0.62   0.52         0.04     0.20  0.33          0.06
NIKKEI       -0.03 -0.54 -0.14 -0.25  0.03 -0.15  0.64    0.32          0.62    1.00   0.93         0.28     0.20  0.27          0.07
TOPIX         0.02 -0.57 -0.18 -0.27 -0.02 -0.21  0.61    0.27          0.52    0.93   1.00         0.30     0.23  0.29          0.09
GAS_US_mini   0.16 -0.26 -0.14 -0.34 -0.03 -0.15  0.05    0.05          0.04    0.28   0.30         1.00    -0.05  0.03          0.02
LIVECOW       0.13 -0.24 -0.16 -0.10 -0.10 -0.19  0.21    0.15          0.20    0.20   0.23        -0.05     1.00  0.02          0.03
MXP          -0.30 -0.49 -0.17  0.19 -0.10 -0.18  0.50    0.17          0.33    0.27   0.29         0.03     0.02  1.00          0.27
SOYBEAN_mini -0.19 -0.12 -0.09  0.09  0.02 -0.15  0.20    0.16          0.06    0.07   0.09         0.02     0.03  0.27          1.00


********************************************************************************
                                 END OF REPORT                                  
********************************************************************************


