
********************************************************************************
           Risk report report produced on 2022-07-18 21:00:22.075268            
********************************************************************************


Total risk across all strategies, annualised percentage 4.5
Percentage of capital used for margin 17.1%

========================================
Risk per strategy, annualised percentage
========================================

                  risk
dynamic_TF_carry   4.5


=================================================================================================================================================================================================================================================================
                                                                                                                         Instrument risk                                                                                                                         
=================================================================================================================================================================================================================================================================

             daily_price_stdev  annual_price_stdev     price  daily_perc_stdev  annual_perc_stdev  point_size_base  contract_exposure  daily_risk_per_contract  annual_risk_per_contract  position  capital  exposure_held_perc_capital  annual_risk_perc_capital
EUR                      0.006               0.100      1.02              0.61                9.8         103954.4             106205                      648                     10374        -1   370508                       -28.7                      -2.8
KR10                     0.521               8.331    114.26              0.46                7.3            632.7              72297                      329                      5271        -1   370508                       -19.5                      -1.4
SP500_micro             53.632             858.104   3854.75              1.39               22.3              4.2              16028                      223                      3568        -1   370508                        -4.3                      -1.0
DJSTX-SMALL              4.889              78.219    304.30              1.61               25.7             42.4              12901                      207                      3316        -1   370508                        -3.5                      -0.9
DOW                    372.352            5957.627  31331.00              1.19               19.0              0.4              13027                      154                      2477        -1   370508                        -3.5                      -0.7
KOSDAQ                  23.994             383.905   1111.00              2.16               34.6              6.3               7029                      151                      2429        -1   370508                        -1.9                      -0.7
GOLD_micro              15.866             253.857   1709.60              0.93               14.8              8.3              14217                      131                      2111        -1   370508                        -3.8                      -0.6
RUSSELL                 30.584             489.351   1751.80              1.75               27.9              4.2               7284                      127                      2034        -1   370508                        -2.0                      -0.5
BRE                      0.002               0.034      0.19              1.15               18.3          83163.5              15426                      176                      2829         1   370508                         4.2                       0.8
EU-OIL                   6.181              98.889    303.90              2.03               32.5             42.4              12884                      262                      4192         1   370508                         3.5                       1.1
IRON                     3.970              63.520    102.45              3.88               62.0             83.2               8520                      330                      5282         1   370508                         2.3                       1.4

Sum of abs(notional exposure % capital) 77.2
Sum of abs(annualised risk % capital) 11.9
Net sum of annualised risk % capital -5.3 

========================================================================================================
                                              Correlations                                              
========================================================================================================

             DJSTX-SMALL   DOW  EU-OIL  KOSDAQ  RUSSELL  SP500_micro   BRE   EUR  GOLD_micro  IRON  KR10
DJSTX-SMALL         1.00  0.57    0.41    0.45     0.55         0.56  0.37  0.36        0.20  0.27  0.28
DOW                 0.57  1.00    0.39    0.42     0.58         0.62  0.38  0.34        0.22  0.37  0.28
EU-OIL              0.41  0.39    1.00    0.41     0.40         0.36  0.40  0.32        0.21  0.34  0.12
KOSDAQ              0.45  0.42    0.41    1.00     0.42         0.43  0.34  0.29        0.26  0.28  0.19
RUSSELL             0.55  0.58    0.40    0.42     1.00         0.59  0.42  0.35        0.26  0.35  0.24
SP500_micro         0.56  0.62    0.36    0.43     0.59         1.00  0.37  0.34        0.22  0.35  0.28
BRE                 0.37  0.38    0.40    0.34     0.42         0.37  1.00  0.39        0.38  0.35  0.10
EUR                 0.36  0.34    0.32    0.29     0.35         0.34  0.39  1.00        0.36  0.29  0.00
GOLD_micro          0.20  0.22    0.21    0.26     0.26         0.22  0.38  0.36        1.00  0.25  0.06
IRON                0.27  0.37    0.34    0.28     0.35         0.35  0.35  0.29        0.25  1.00  0.08
KR10                0.28  0.28    0.12    0.19     0.24         0.28  0.10  0.00        0.06  0.08  1.00


********************************************************************************
                                 END OF REPORT                                  
********************************************************************************


