
********************************************************************************
                    Risk report produced on 07/02/2025 22:53                    
********************************************************************************


Total risk across all strategies, annualised percentage 10.0
Percentage of capital used for margin 77.2%

========================================
Risk per strategy, annualised percentage
========================================

                  risk
dynamic_TF_carry  10.0


===================
Risk by asset class
===================

Ags       5.3
Bond      1.7
Equity    6.5
FX        2.2
Metals    0.8
Vol       2.3
dtype: float64


=====================================================
Beta loadings of asset class positions on asset class
=====================================================

FX       -0.63
Bond     -0.15
Vol      -0.05
Metals    0.02
Ags       0.38
Equity    0.61
dtype: float64


========================================================
Beta loadings of full portfolio positions on asset class
========================================================

FX       -0.50
Bond     -0.28
Vol      -0.17
Metals    0.21
Ags       0.51
Equity    0.86
dtype: float64


==================================================================================================================================================================================================================================================================
                                                                                                                         Instrument risk                                                                                                                          
==================================================================================================================================================================================================================================================================

              daily_price_stdev  annual_price_stdev     price  daily_perc_stdev  annual_perc_stdev  point_size_base  contract_exposure  daily_risk_per_contract  annual_risk_per_contract  position  capital  exposure_held_perc_capital  annual_risk_perc_capital
CHF                       0.005               0.074      1.10              0.42                6.7         100591.1             111077                      463                      7411        -2   572192                       -38.8                      -2.6
VIX                       0.517               8.275     18.30              2.83               45.2            804.7              14726                      416                      6658        -2   572192                        -5.1                      -2.3
US30                      1.022              16.350    120.75              0.85               13.5            804.7              97170                      822                     13157        -1   572192                       -17.0                      -2.3
FTSETAIWAN               22.704             363.272   1928.75              1.18               18.8             32.2              62084                      730                     11693        -1   572192                       -10.9                      -2.0
DX                        0.569               9.097    107.92              0.53                8.4            804.7              86850                      457                      7320        -1   572192                       -15.2                      -1.3
CAD                       0.003               0.042      0.70              0.38                6.0          80472.9              56419                      213                      3412        -2   572192                       -19.7                      -1.2
RUSSELL                  23.436             374.982   2287.70              1.02               16.4              4.0               9204                       94                      1508        -3   572192                        -4.8                      -0.8
SUGAR11                   0.254               4.063     17.80              1.43               22.8            901.3              16043                      228                      3662        -1   572192                        -2.8                      -0.6
COPPER-micro              0.052               0.836      4.59              1.14               18.2           2011.8               9232                      105                      1681        -2   572192                        -3.2                      -0.6
DOW                     290.034            4640.543  44401.00              0.65               10.5              0.4              17865                      116                      1867         1   572192                         3.1                       0.3
MSCISING                  2.555              40.877    388.25              0.66               10.5             59.5              23119                      152                      2434         1   572192                         4.0                       0.4
GOLD_micro               22.205             355.284   2887.30              0.77               12.3              8.0              23234                      178                      2859         1   572192                         4.1                       0.5
BITCOIN                2424.416           38790.656  97630.00              2.48               39.7              0.1               7856                      195                      3121         1   572192                         1.4                       0.5
HANG_mini               268.140            4290.245  21225.00              1.26               20.2              1.0              21932                      277                      4433         1   572192                         3.8                       0.8
GBP                       0.006               0.094      1.24              0.47                7.6          50295.5              62416                      295                      4724         1   572192                        10.9                       0.8
CAD10                     0.563               9.010    124.21              0.45                7.3            561.9              69798                      316                      5063         1   572192                        12.2                       0.9
TOPIX                    24.398             390.371   2740.75              0.89               14.2              5.3              14527                      129                      2069         5   572192                        12.7                       1.8
SMI                      76.932            1230.914  12575.00              0.61                9.8              8.9             111610                      682                     10925         1   572192                        19.5                       1.9
FEEDCOW                   2.597              41.553    263.77              0.98               15.8            402.4             106133                     1044                     16719         1   572192                        18.5                       2.9
MIB                     272.805            4364.884  37220.00              0.73               11.7              4.2             155382                     1138                     18222         1   572192                        27.2                       3.2
MSCITAIWAN               15.095             241.522    988.40              1.53               24.4             80.5              79539                     1214                     19435         1   572192                        13.9                       3.4
COFFEE                    5.085              81.367    402.45              1.26               20.2            301.8             121448                     1534                     24554         1   572192                        21.2                       4.3

Sum of abs(notional exposure % capital) 270.0
Sum of abs(annualised risk % capital) 35.4
Net sum of annualised risk % capital 8.0 

===================================================================================================================================================================================================
                                                                                           Correlations                                                                                            
===================================================================================================================================================================================================

                DX   VIX  BITCOIN   DOW  FEEDCOW  FTSETAIWAN   MIB  MSCISING  MSCITAIWAN  RUSSELL  TOPIX   CAD  COPPER-micro   GBP  GOLD_micro  HANG_mini   SMI  SUGAR11  CAD10   CHF  COFFEE  US30
DX            1.00  0.14    -0.05 -0.35     0.09       -0.10 -0.21     -0.04       -0.07    -0.36  -0.02 -0.55         -0.36 -0.76       -0.50      -0.28 -0.48    -0.29  -0.45 -0.74   -0.19 -0.51
VIX           0.14  1.00    -0.24 -0.75    -0.22       -0.23 -0.31     -0.26       -0.15    -0.64  -0.44 -0.25         -0.28 -0.21       -0.17      -0.15 -0.15    -0.22  -0.03  0.07    0.10 -0.18
BITCOIN      -0.05 -0.24     1.00  0.30     0.10        0.12  0.25      0.22        0.09     0.37   0.16 -0.10         -0.01  0.05        0.18       0.02  0.08    -0.01   0.04 -0.09    0.03  0.12
DOW          -0.35 -0.75     0.30  1.00     0.30        0.23  0.39      0.27        0.17     0.87   0.47  0.32          0.33  0.35        0.26       0.27  0.39     0.28   0.15  0.15    0.01  0.39
FEEDCOW       0.09 -0.22     0.10  0.30     1.00        0.14  0.29      0.15        0.12     0.24   0.31 -0.02          0.16  0.06        0.12       0.18  0.10     0.25  -0.21 -0.14    0.07 -0.08
FTSETAIWAN   -0.10 -0.23     0.12  0.23     0.14        1.00  0.31      0.51        0.97     0.23   0.47  0.17          0.22  0.24        0.16       0.23  0.34     0.24  -0.02 -0.00   -0.09 -0.04
MIB          -0.21 -0.31     0.25  0.39     0.29        0.31  1.00      0.36        0.26     0.44   0.53  0.22          0.36  0.39        0.28       0.22  0.54     0.21  -0.05  0.01   -0.03  0.04
MSCISING     -0.04 -0.26     0.22  0.27     0.15        0.51  0.36      1.00        0.45     0.22   0.44  0.12          0.26  0.21        0.05       0.18  0.26     0.19   0.00 -0.16    0.04 -0.04
MSCITAIWAN   -0.07 -0.15     0.09  0.17     0.12        0.97  0.26      0.45        1.00     0.19   0.42  0.12          0.21  0.19        0.13       0.20  0.30     0.18  -0.05 -0.02   -0.09 -0.09
RUSSELL      -0.36 -0.64     0.37  0.87     0.24        0.23  0.44      0.22        0.19     1.00   0.50  0.28          0.29  0.36        0.27       0.23  0.27     0.21   0.11  0.13    0.01  0.31
TOPIX        -0.02 -0.44     0.16  0.47     0.31        0.47  0.53      0.44        0.42     0.50   1.00  0.15          0.28  0.35        0.25       0.20  0.25     0.35  -0.18 -0.20   -0.20 -0.05
CAD          -0.55 -0.25    -0.10  0.32    -0.02        0.17  0.22      0.12        0.12     0.28   0.15  1.00          0.52  0.50        0.41       0.38  0.26     0.26   0.23  0.45    0.11  0.37
COPPER-micro -0.36 -0.28    -0.01  0.33     0.16        0.22  0.36      0.26        0.21     0.29   0.28  0.52          1.00  0.46        0.61       0.47  0.19     0.22   0.03  0.20    0.09  0.16
GBP          -0.76 -0.21     0.05  0.35     0.06        0.24  0.39      0.21        0.19     0.36   0.35  0.50          0.46  1.00        0.53       0.39  0.46     0.45   0.36  0.55    0.12  0.33
GOLD_micro   -0.50 -0.17     0.18  0.26     0.12        0.16  0.28      0.05        0.13     0.27   0.25  0.41          0.61  0.53        1.00       0.32  0.17     0.31   0.28  0.40    0.18  0.34
HANG_mini    -0.28 -0.15     0.02  0.27     0.18        0.23  0.22      0.18        0.20     0.23   0.20  0.38          0.47  0.39        0.32       1.00  0.31     0.35   0.13  0.24   -0.01  0.09
SMI          -0.48 -0.15     0.08  0.39     0.10        0.34  0.54      0.26        0.30     0.27   0.25  0.26          0.19  0.46        0.17       0.31  1.00     0.29   0.31  0.31    0.02  0.30
SUGAR11      -0.29 -0.22    -0.01  0.28     0.25        0.24  0.21      0.19        0.18     0.21   0.35  0.26          0.22  0.45        0.31       0.35  0.29     1.00   0.06  0.21    0.07  0.07
CAD10        -0.45 -0.03     0.04  0.15    -0.21       -0.02 -0.05      0.00       -0.05     0.11  -0.18  0.23          0.03  0.36        0.28       0.13  0.31     0.06   1.00  0.44    0.23  0.79
CHF          -0.74  0.07    -0.09  0.15    -0.14       -0.00  0.01     -0.16       -0.02     0.13  -0.20  0.45          0.20  0.55        0.40       0.24  0.31     0.21   0.44  1.00    0.18  0.44
COFFEE       -0.19  0.10     0.03  0.01     0.07       -0.09 -0.03      0.04       -0.09     0.01  -0.20  0.11          0.09  0.12        0.18      -0.01  0.02     0.07   0.23  0.18    1.00  0.19
US30         -0.51 -0.18     0.12  0.39    -0.08       -0.04  0.04     -0.04       -0.09     0.31  -0.05  0.37          0.16  0.33        0.34       0.09  0.30     0.07   0.79  0.44    0.19  1.00


********************************************************************************
                                 END OF REPORT                                  
********************************************************************************


