
********************************************************************************
                    Risk report produced on 18/12/2023 22:51                    
********************************************************************************


Total risk across all strategies, annualised percentage 9.4
Percentage of capital used for margin 57.3%

========================================
Risk per strategy, annualised percentage
========================================

                  risk
dynamic_TF_carry   9.4


===================
Risk by asset class
===================

Ags       2.5
Bond      1.6
Equity    4.9
FX        3.3
Metals    1.9
OilGas    5.1
Vol       1.5
dtype: float64


=====================================================
Beta loadings of asset class positions on asset class
=====================================================

Ags      -0.15
FX       -0.09
OilGas   -0.06
Vol      -0.03
Bond      0.04
Metals    0.07
Equity    0.49
dtype: float64


========================================================
Beta loadings of full portfolio positions on asset class
========================================================

Bond     -0.12
Vol      -0.12
OilGas   -0.03
Ags      -0.01
Metals    0.08
FX        0.09
Equity    0.63
dtype: float64


=================================================================================================================================================================================================================================================================
                                                                                                                         Instrument risk                                                                                                                         
=================================================================================================================================================================================================================================================================

             daily_price_stdev  annual_price_stdev     price  daily_perc_stdev  annual_perc_stdev  point_size_base  contract_exposure  daily_risk_per_contract  annual_risk_per_contract  position  capital  exposure_held_perc_capital  annual_risk_perc_capital
GAS-PEN                  0.122               1.949      2.42              5.02               80.4           7880.0              19108                      959                     15358        -1   367704                        -5.2                      -4.2
LIVECOW                  1.855              29.674    169.58              1.09               17.5            315.2              53449                      584                      9353        -1   367704                       -14.5                      -2.5
JPY                      0.000               0.001      0.01              0.73               11.6        9849965.3              69929                      508                      8137        -1   367704                       -19.0                      -2.2
VIX                      0.448               7.175     15.75              2.85               45.6            788.0              12410                      353                      5654        -1   367704                        -3.4                      -1.5
US2                      0.183               2.928    102.69              0.18                2.9           1576.0             161834                      288                      4615        -1   367704                       -44.0                      -1.3
GAS_US_mini              0.117               1.879      2.42              4.84               77.5           1970.0               4777                      231                      3700        -1   367704                        -1.3                      -1.0
EUR_micro                0.006               0.091      1.10              0.52                8.3           9850.0              10795                       56                       896        -2   367704                        -5.9                      -0.5
IRON                     2.128              34.049    131.00              1.62               26.0             78.8              10322                      167                      2683         1   367704                         2.8                       0.7
DOW                    236.186            3778.974  37699.00              0.63               10.0              0.4              14853                       93                      1488         2   367704                         8.1                       0.8
CNH                      0.020               0.324      7.12              0.28                4.6          11044.3              78645                      223                      3581         1   367704                        21.4                       1.0
MXP                      0.000               0.006      0.06              0.69               11.0         393998.6              22623                      155                      2492         2   367704                        12.3                       1.4
NIKKEI                 308.688            4939.008  32780.00              0.94               15.1              0.6              18156                      170                      2735         2   367704                         9.9                       1.5
FTSETAIWAN              11.352             181.628   1524.00              0.74               11.9             31.5              48036                      357                      5724         1   367704                        13.1                       1.6
KR10                     0.594               9.506    113.83              0.52                8.4            607.5              69156                      360                      5775         1   367704                        18.8                       1.6
BITCOIN               1238.681           19818.901  41835.00              2.96               47.4              0.1               3296                       97                      1561         4   367704                         3.6                       1.7
CAC                     52.747             843.947   7585.50              0.70               11.1              8.6              65301                      454                      7265         1   367704                        17.8                       2.0

Sum of abs(notional exposure % capital) 201.1
Sum of abs(annualised risk % capital) 25.5
Net sum of annualised risk % capital -0.9 

========================================================================================================================================
                                                              Correlations                                                              
========================================================================================================================================

              CNH   VIX  BITCOIN  EUR_micro  IRON   JPY  KR10   US2   CAC   DOW  FTSETAIWAN   MXP  NIKKEI  GAS-PEN  GAS_US_mini  LIVECOW
CNH          1.00  0.14    -0.06      -0.56 -0.30 -0.58 -0.39 -0.42 -0.24 -0.29       -0.34 -0.10   -0.02     0.07         0.06     0.05
VIX          0.14  1.00    -0.07      -0.39 -0.26 -0.07 -0.20  0.20 -0.64 -0.67       -0.51 -0.65   -0.53    -0.21        -0.18    -0.27
BITCOIN     -0.06 -0.07     1.00       0.17  0.09  0.05  0.19  0.14  0.24  0.26        0.07  0.05   -0.00     0.06         0.09    -0.29
EUR_micro   -0.56 -0.39     0.17       1.00  0.11  0.53  0.32  0.37  0.41  0.46        0.41  0.42    0.18     0.10         0.09     0.20
IRON        -0.30 -0.26     0.09       0.11  1.00  0.14  0.14  0.05  0.21  0.27        0.21  0.26    0.19    -0.06        -0.05     0.01
JPY         -0.58 -0.07     0.05       0.53  0.14  1.00  0.23  0.53  0.13  0.16        0.09  0.06   -0.27    -0.21        -0.18    -0.00
KR10        -0.39 -0.20     0.19       0.32  0.14  0.23  1.00  0.40  0.34  0.37        0.38  0.16    0.19    -0.03        -0.04    -0.17
US2         -0.42  0.20     0.14       0.37  0.05  0.53  0.40  1.00 -0.08  0.01       -0.09 -0.15   -0.35    -0.09        -0.09    -0.13
CAC         -0.24 -0.64     0.24       0.41  0.21  0.13  0.34 -0.08  1.00  0.78        0.56  0.58    0.54     0.12         0.14     0.13
DOW         -0.29 -0.67     0.26       0.46  0.27  0.16  0.37  0.01  0.78  1.00        0.61  0.48    0.58     0.14         0.14     0.23
FTSETAIWAN  -0.34 -0.51     0.07       0.41  0.21  0.09  0.38 -0.09  0.56  0.61        1.00  0.40    0.60     0.11         0.16     0.07
MXP         -0.10 -0.65     0.05       0.42  0.26  0.06  0.16 -0.15  0.58  0.48        0.40  1.00    0.41     0.06         0.09     0.20
NIKKEI      -0.02 -0.53    -0.00       0.18  0.19 -0.27  0.19 -0.35  0.54  0.58        0.60  0.41    1.00     0.21         0.20     0.29
GAS-PEN      0.07 -0.21     0.06       0.10 -0.06 -0.21 -0.03 -0.09  0.12  0.14        0.11  0.06    0.21     1.00         0.91     0.26
GAS_US_mini  0.06 -0.18     0.09       0.09 -0.05 -0.18 -0.04 -0.09  0.14  0.14        0.16  0.09    0.20     0.91         1.00     0.19
LIVECOW      0.05 -0.27    -0.29       0.20  0.01 -0.00 -0.17 -0.13  0.13  0.23        0.07  0.20    0.29     0.26         0.19     1.00


********************************************************************************
                                 END OF REPORT                                  
********************************************************************************


