
********************************************************************************
               Risk report produced on 2021-10-25 20:57:10.069105               
********************************************************************************


Total risk across all strategies, annualised percentage 26.9

========================================
Risk per strategy, annualised percentage
========================================

                  risk
dynamic_TF_carry  27.0


=================================================================================================================================================================================================================================================================
                                                                                                                         Instrument risk                                                                                                                         
=================================================================================================================================================================================================================================================================

             daily_price_stdev  annual_price_stdev    price  daily_perc_stdev  annual_perc_stdev  point_size_base  contract_exposure  daily_risk_per_contract  annual_risk_per_contract  position   capital  exposure_held_perc_capital  annual_risk_perc_capital
VIX                        0.6                 9.5     22.2               2.7               42.7            726.3            16122.9                    430.3                    6884.1      -2.0  386090.3                        -8.4                      -3.6
BUND                       0.5                 7.3    168.6               0.3                4.3            843.4           142185.3                    383.9                    6142.9      -2.0  386090.3                       -73.7                      -3.2
US20                       0.8                13.4    158.5               0.5                8.5            726.3           115111.6                    610.0                    9759.5      -1.0  386090.3                       -29.8                      -2.5
GAS_US_mini                0.3                 4.4      6.1               4.5               72.0           1815.6            10993.7                    494.9                    7918.7      -1.0  386090.3                        -2.8                      -2.1
BTP                        0.5                 7.8    151.3               0.3                5.2            843.4           127603.3                    411.3                    6580.5      -1.0  386090.3                       -33.1                      -1.7
GBPEUR                     0.0                 0.0      0.8               0.3                5.1         125000.0           105525.0                    334.3                    5349.5      -1.0  386090.3                       -27.3                      -1.4
LIVECOW                    1.0                16.3    129.6               0.8               12.5            290.5            37656.4                    295.2                    4723.7      -1.0  386090.3                        -9.8                      -1.2
JPY                        0.0                 0.0      0.0               0.4                5.8        9078199.6            79879.1                    291.3                    4660.2      -1.0  386090.3                       -20.7                      -1.2
EUR                        0.0                 0.0      1.2               0.3                4.2          90782.0           105470.5                    275.4                    4407.2      -1.0  386090.3                       -27.3                      -1.1
KR10                       0.4                 6.4    122.2               0.3                5.2            622.0            76033.5                    247.0                    3952.8      -1.0  386090.3                       -19.7                      -1.0
BOBL                       0.2                 3.4    134.3               0.2                2.5            843.4           113249.0                    179.9                    2878.1      -1.0  386090.3                       -29.3                      -0.7
BRE                        0.0                 0.0      0.2               0.9               14.3          72625.6            12949.1                    115.6                    1849.5      -1.0  386090.3                        -3.4                      -0.5
US5                        0.2                 3.0    121.8               0.2                2.4            726.3            88467.1                    133.9                    2143.0       1.0  386090.3                        22.9                       0.6
EDOLLAR                    0.0                 0.7     98.4               0.0                0.7           1815.6           178640.8                     82.8                    1325.3       2.0  386090.3                        92.5                       0.7
GOLD_micro                14.4               231.1   1807.5               0.8               12.8              7.3            13127.1                    104.9                    1678.0       2.0  386090.3                         6.8                       0.9
US10                       0.3                 5.1    130.6               0.2                3.9            726.3            94844.5                    231.3                    3700.8       1.0  386090.3                        24.6                       1.0
EU-OIL                     2.9                46.2    294.6               1.0               15.7             42.2            12423.0                    121.8                    1948.9       2.0  386090.3                         6.4                       1.0
NZD                        0.0                 0.1      0.7               0.5                8.6          72625.6            52014.5                    281.1                    4497.7       1.0  386090.3                        13.5                       1.2
DAX                      120.4              1926.7  15614.0               0.8               12.3              0.8            13168.5                    101.6                    1624.9       4.0  386090.3                        13.6                       1.7
SOYBEAN                   12.0               192.8   1233.0               1.0               15.6             36.3            44773.7                    437.6                    7000.9       1.0  386090.3                        11.6                       1.8
NIKKEI                   388.9              6223.0  28850.0               1.3               21.6              0.6            18439.8                    248.6                    3977.5       2.0  386090.3                         9.6                       2.1
BRENT-LAST                 1.0                16.0     85.2               1.2               18.8            726.3            61855.2                    727.9                   11646.1       1.0  386090.3                        16.0                       3.0
FTSECHINAA               205.3              3285.1  16156.0               1.3               20.3              0.7            11733.4                    149.1                    2385.8       6.0  386090.3                        18.2                       3.7
HEATOIL                    0.0                 0.5      2.5               1.2               19.9          30502.8            77571.5                    962.7                   15402.7       1.0  386090.3                        20.1                       4.0
BITCOIN                 2456.4             39302.5  63705.0               3.9               61.7              0.1             4626.6                    178.4                    2854.4       6.0  386090.3                         7.2                       4.4
AEX                        6.5               104.1    811.2               0.8               12.8            168.7           136838.3                   1097.8                   17565.5       1.0  386090.3                        35.4                       4.5
SP400                     23.1               369.7   2810.3               0.8               13.2             72.6           204099.7                   1677.9                   26846.8       1.0  386090.3                        52.9                       7.0

Sum of abs(notional exposure % capital) 636.5
Sum of abs(annualised risk % capital) 57.7
Net sum of annualised risk % capital 17.2 

============================================================================================================================================================================================================================
                                                                                                        Correlations                                                                                                        
============================================================================================================================================================================================================================

              AEX  BITCOIN  BOBL   BRE  BRENT-LAST   BTP  BUND   DAX  EDOLLAR  EU-OIL   EUR  FTSECHINAA  GAS_US_mini  GBPEUR  GOLD_micro  HEATOIL   JPY  KR10  LIVECOW  NIKKEI   NZD  SOYBEAN  SP400  US10  US20   US5   VIX
AEX          1.00     0.35 -0.18  0.26        0.31  0.51 -0.14  0.79    -0.21    0.70  0.21        0.17        -0.17   -0.29        0.06     0.44 -0.29  0.17     0.41    0.53  0.31     0.10   0.64 -0.12 -0.08 -0.22 -0.61
BITCOIN      0.35     1.00 -0.10  0.00        0.36  0.20 -0.11  0.27    -0.17    0.29  0.06        0.12        -0.18   -0.15       -0.06     0.27 -0.13 -0.21     0.27    0.14  0.18     0.10   0.33 -0.22 -0.23 -0.21 -0.22
BOBL        -0.18    -0.10  1.00 -0.00       -0.21  0.39  0.90 -0.10     0.62   -0.22  0.06       -0.03         0.13   -0.06        0.26    -0.15  0.40  0.38    -0.03   -0.14  0.00     0.04  -0.08  0.74  0.69  0.71 -0.07
BRE          0.26     0.00 -0.00  1.00        0.28  0.12 -0.09  0.44    -0.11    0.27  0.41        0.19        -0.06   -0.19        0.22     0.34 -0.01 -0.05     0.14    0.45  0.39     0.13   0.51 -0.02 -0.02 -0.05 -0.39
BRENT-LAST   0.31     0.36 -0.21  0.28        1.00 -0.12 -0.28  0.40    -0.21    0.62  0.24        0.11         0.13   -0.16       -0.09     0.75 -0.22 -0.22     0.10    0.21  0.42     0.22   0.48 -0.21 -0.24 -0.19 -0.44
BTP          0.51     0.20  0.39  0.12       -0.12  1.00  0.45  0.39     0.27    0.25  0.11        0.12        -0.05    0.05        0.17     0.14 -0.08  0.34     0.31    0.20  0.01     0.07   0.26  0.37  0.36  0.30 -0.29
BUND        -0.14    -0.11  0.90 -0.09       -0.28  0.45  1.00 -0.08     0.61   -0.24  0.04       -0.02         0.06   -0.07        0.27    -0.22  0.43  0.51    -0.02   -0.16  0.01     0.02  -0.12  0.78  0.77  0.70 -0.06
DAX          0.79     0.27 -0.10  0.44        0.40  0.39 -0.08  1.00    -0.19    0.68  0.33        0.30        -0.12   -0.41        0.16     0.52 -0.23  0.13     0.37    0.60  0.45     0.17   0.80 -0.10 -0.09 -0.18 -0.68
EDOLLAR     -0.21    -0.17  0.62 -0.11       -0.21  0.27  0.61 -0.19     1.00   -0.27  0.20        0.05         0.26    0.18        0.42    -0.12  0.48  0.31    -0.27   -0.16 -0.04     0.14  -0.20  0.85  0.65  0.90  0.16
EU-OIL       0.70     0.29 -0.22  0.27        0.62  0.25 -0.24  0.68    -0.27    1.00  0.18        0.18        -0.02   -0.31       -0.01     0.58 -0.37 -0.04     0.26    0.48  0.31     0.09   0.61 -0.22 -0.20 -0.29 -0.54
EUR          0.21     0.06  0.06  0.41        0.24  0.11  0.04  0.33     0.20    0.18  1.00        0.23        -0.07   -0.08        0.63     0.28  0.37  0.29     0.00    0.32  0.76     0.26   0.49  0.25  0.20  0.25 -0.34
FTSECHINAA   0.17     0.12 -0.03  0.19        0.11  0.12 -0.02  0.30     0.05    0.18  0.23        1.00         0.05   -0.13        0.32     0.20 -0.09  0.00     0.06    0.37  0.34     0.16   0.35  0.08  0.06  0.06 -0.38
GAS_US_mini -0.17    -0.18  0.13 -0.06        0.13 -0.05  0.06 -0.12     0.26   -0.02 -0.07        0.05         1.00    0.08       -0.00     0.19 -0.05 -0.07    -0.06    0.04 -0.09    -0.05  -0.09  0.21  0.13  0.25  0.04
GBPEUR      -0.29    -0.15 -0.06 -0.19       -0.16  0.05 -0.07 -0.41     0.18   -0.31 -0.08       -0.13         0.08    1.00       -0.03    -0.28 -0.07 -0.00    -0.16   -0.28 -0.37    -0.16  -0.44  0.02 -0.03  0.13  0.33
GOLD_micro   0.06    -0.06  0.26  0.22       -0.09  0.17  0.27  0.16     0.42   -0.01  0.63        0.32        -0.00   -0.03        1.00     0.09  0.32  0.28    -0.03    0.15  0.44     0.32   0.23  0.48  0.40  0.44 -0.27
HEATOIL      0.44     0.27 -0.15  0.34        0.75  0.14 -0.22  0.52    -0.12    0.58  0.28        0.20         0.19   -0.28        0.09     1.00 -0.23 -0.03     0.32    0.39  0.38     0.16   0.58 -0.15 -0.21 -0.14 -0.45
JPY         -0.29    -0.13  0.40 -0.01       -0.22 -0.08  0.43 -0.23     0.48   -0.37  0.37       -0.09        -0.05   -0.07        0.32    -0.23  1.00  0.25    -0.27   -0.10  0.21     0.14  -0.10  0.51  0.46  0.52  0.18
KR10         0.17    -0.21  0.38 -0.05       -0.22  0.34  0.51  0.13     0.31   -0.04  0.29        0.00        -0.07   -0.00        0.28    -0.03  0.25  1.00     0.00    0.10  0.24    -0.06   0.08  0.52  0.59  0.39 -0.23
LIVECOW      0.41     0.27 -0.03  0.14        0.10  0.31 -0.02  0.37    -0.27    0.26  0.00        0.06        -0.06   -0.16       -0.03     0.32 -0.27  0.00     1.00    0.12 -0.01    -0.03   0.33 -0.17 -0.14 -0.23 -0.36
NIKKEI       0.53     0.14 -0.14  0.45        0.21  0.20 -0.16  0.60    -0.16    0.48  0.32        0.37         0.04   -0.28        0.15     0.39 -0.10  0.10     0.12    1.00  0.46     0.07   0.65 -0.08 -0.03 -0.15 -0.50
NZD          0.31     0.18  0.00  0.39        0.42  0.01  0.01  0.45    -0.04    0.31  0.76        0.34        -0.09   -0.37        0.44     0.38  0.21  0.24    -0.01    0.46  1.00     0.24   0.62  0.09  0.10  0.03 -0.56
SOYBEAN      0.10     0.10  0.04  0.13        0.22  0.07  0.02  0.17     0.14    0.09  0.26        0.16        -0.05   -0.16        0.32     0.16  0.14 -0.06    -0.03    0.07  0.24     1.00   0.18  0.10 -0.04  0.15 -0.14
SP400        0.64     0.33 -0.08  0.51        0.48  0.26 -0.12  0.80    -0.20    0.61  0.49        0.35        -0.09   -0.44        0.23     0.58 -0.10  0.08     0.33    0.65  0.62     0.18   1.00 -0.14 -0.15 -0.19 -0.69
US10        -0.12    -0.22  0.74 -0.02       -0.21  0.37  0.78 -0.10     0.85   -0.22  0.25        0.08         0.21    0.02        0.48    -0.15  0.51  0.52    -0.17   -0.08  0.09     0.10  -0.14  1.00  0.90  0.90 -0.01
US20        -0.08    -0.23  0.69 -0.02       -0.24  0.36  0.77 -0.09     0.65   -0.20  0.20        0.06         0.13   -0.03        0.40    -0.21  0.46  0.59    -0.14   -0.03  0.10    -0.04  -0.15  0.90  1.00  0.79 -0.02
US5         -0.22    -0.21  0.71 -0.05       -0.19  0.30  0.70 -0.18     0.90   -0.29  0.25        0.06         0.25    0.13        0.44    -0.14  0.52  0.39    -0.23   -0.15  0.03     0.15  -0.19  0.90  0.79  1.00  0.09
VIX         -0.61    -0.22 -0.07 -0.39       -0.44 -0.29 -0.06 -0.68     0.16   -0.54 -0.34       -0.38         0.04    0.33       -0.27    -0.45  0.18 -0.23    -0.36   -0.50 -0.56    -0.14  -0.69 -0.01 -0.02  0.09  1.00


********************************************************************************
                               END OF RISK REPORT                               
********************************************************************************


