
********************************************************************************
                    Risk report produced on 11/10/2024 22:52                    
********************************************************************************


Total risk across all strategies, annualised percentage 12.8
Percentage of capital used for margin 69.2%

========================================
Risk per strategy, annualised percentage
========================================

                  risk
dynamic_TF_carry  12.8


===================
Risk by asset class
===================

Ags        2.7
Bond       0.7
Equity    10.2
FX         2.0
Metals     1.2
OilGas     1.9
Sector     1.0
Vol        1.2
dtype: float64


=====================================================
Beta loadings of asset class positions on asset class
=====================================================

OilGas   -0.04
Sector   -0.04
Vol      -0.03
Metals   -0.00
Ags       0.04
Bond      0.12
FX        0.18
Equity    0.69
dtype: float64


========================================================
Beta loadings of full portfolio positions on asset class
========================================================

Vol      -0.20
Bond     -0.00
OilGas    0.02
Ags       0.08
Metals    0.13
Sector    0.28
FX        0.47
Equity    0.76
dtype: float64


===================================================================================================================================================================================================================================================================
                                                                                                                          Instrument risk                                                                                                                          
===================================================================================================================================================================================================================================================================

               daily_price_stdev  annual_price_stdev     price  daily_perc_stdev  annual_perc_stdev  point_size_base  contract_exposure  daily_risk_per_contract  annual_risk_per_contract  position  capital  exposure_held_perc_capital  annual_risk_perc_capital
GAS-PEN                    0.088               1.405      2.64              3.32               53.1           7664.3              20264                      673                     10770        -1   575904                        -3.5                      -1.9
VIX                        0.541               8.653     18.95              2.85               45.7            766.4              14523                      414                      6631        -1   575904                        -2.5                      -1.2
SOYMEAL                    4.997              79.956    314.20              1.59               25.4             76.6              24081                      383                      6128        -1   575904                        -4.2                      -1.1
COTTON2                    0.970              15.517     72.12              1.34               21.5            383.2              27637                      371                      5946        -1   575904                        -4.8                      -1.0
EU-AUTO                    8.802             140.837    561.60              1.57               25.1             41.9              23529                      368                      5900        -1   575904                        -4.1                      -1.0
BITCOIN                 1734.573           27753.162  63430.00              2.73               43.8              0.1               4861                      132                      2127        -2   575904                        -1.7                      -0.7
IRON                       2.430              38.879    106.05              2.29               36.7             76.6               8128                      186                      2979        -1   575904                        -1.4                      -0.5
CORN                       4.796              76.737    416.50              1.15               18.4             38.3              15960                      183                      2940        -1   575904                        -2.8                      -0.5
CANOLA                     9.329             149.268    625.80              1.49               23.9             11.1               6972                      103                      1663        -1   575904                        -1.2                      -0.3
MUMMY                     13.265             212.235    623.00              2.13               34.1              5.2               3211                       68                      1093         1   575904                         0.6                       0.2
CRUDE_W_micro              1.519              24.310     74.10              2.05               32.8             76.6               5679                      116                      1863         1   575904                         1.0                       0.3
TOPIX                     41.179             658.872   2715.75              1.52               24.3              5.2              13998                      212                      3396         1   575904                         2.4                       0.6
KR10                       0.430               6.876    116.60              0.37                5.9            569.0              66342                      244                      3912         1   575904                        11.5                       0.7
SUGAR11                    0.339               5.430     20.56              1.65               26.4            858.4              17648                      291                      4661         1   575904                         3.1                       0.8
DOW                      270.671            4330.734  43156.00              0.63               10.0              0.4              16538                      103                      1659         3   575904                         8.6                       0.9
MSCISING                   2.708              43.336    343.00              0.79               12.6             58.7              20127                      158                      2542         2   575904                         7.0                       0.9
LIVECOW                    1.152              18.433    187.98              0.61                9.8            306.6              57628                      353                      5651         1   575904                        10.0                       1.0
SILVER                     0.544               8.710     31.84              1.71               27.4            766.4              24403                      417                      6675         1   575904                         4.2                       1.2
LEANHOG                    1.013              16.209     77.55              1.31               20.9            306.6              23774                      310                      4969         2   575904                         8.3                       1.7
FTSETAIWAN                23.050             368.792   1917.50              1.20               19.2             30.7              58785                      706                     11306         1   575904                        10.2                       2.0
YENEUR                     1.101              17.620    162.19              0.68               10.9            644.3             104501                      709                     11353         1   575904                        18.1                       2.0
MSCIEAFA                  20.478             327.647   2446.70              0.84               13.4             38.3              93761                      784                     12555         1   575904                        16.3                       2.2
MSCITAIWAN                12.350             197.607    956.70              1.29               20.7             76.6              73324                      946                     15145         1   575904                        12.7                       2.6
MIB                      295.469            4727.501  34145.00              0.87               13.8              4.2             143060                     1237                     19807         1   575904                        24.8                       3.4

Sum of abs(notional exposure % capital) 165.0
Sum of abs(annualised risk % capital) 28.7
Net sum of annualised risk % capital 12.3 

==========================================================================================================================================================================================================================
                                                                                                       Correlations                                                                                                       
==========================================================================================================================================================================================================================

               CRUDE_W_micro  LIVECOW  SUGAR11  YENEUR  BITCOIN   DOW  EU-AUTO  FTSETAIWAN   MIB  MSCIEAFA  MSCISING  MSCITAIWAN  MUMMY  SILVER  TOPIX  CANOLA  CORN  COTTON2  GAS-PEN  IRON  LEANHOG  SOYMEAL  KR10   VIX
CRUDE_W_micro           1.00     0.52     0.40    0.19     0.02  0.22     0.08        0.34  0.15      0.10      0.20        0.35   0.26    0.23   0.30    0.27  0.10     0.15     0.08  0.07     0.09     0.01 -0.23 -0.10
LIVECOW                 0.52     1.00     0.29    0.15     0.03  0.29     0.03        0.25  0.26      0.16      0.15        0.22   0.23    0.22   0.28    0.26  0.10     0.11     0.17  0.15     0.28     0.06 -0.17 -0.28
SUGAR11                 0.40     0.29     1.00    0.19     0.05  0.31     0.17        0.32  0.23      0.34      0.25        0.29   0.42    0.19   0.31    0.18 -0.01     0.23    -0.03  0.00     0.16     0.13 -0.08 -0.25
YENEUR                  0.19     0.15     0.19    1.00    -0.02  0.10     0.28        0.42  0.31      0.19      0.24        0.41   0.27    0.20   0.51    0.07 -0.01     0.03     0.21  0.07    -0.11    -0.06 -0.20 -0.30
BITCOIN                 0.02     0.03     0.05   -0.02     1.00  0.39     0.31        0.30  0.33      0.39      0.22        0.27   0.34    0.25   0.23    0.10  0.14     0.21    -0.01 -0.08     0.24     0.02  0.09 -0.29
DOW                     0.22     0.29     0.31    0.10     0.39  1.00     0.47        0.50  0.60      0.81      0.57        0.44   0.72    0.35   0.59   -0.02  0.06     0.23    -0.00 -0.04     0.16    -0.02  0.22 -0.65
EU-AUTO                 0.08     0.03     0.17    0.28     0.31  0.47     1.00        0.42  0.79      0.57      0.34        0.37   0.51    0.22   0.53    0.12  0.01     0.17    -0.14 -0.05     0.21    -0.01 -0.07 -0.35
FTSETAIWAN              0.34     0.25     0.32    0.42     0.30  0.50     0.42        1.00  0.42      0.58      0.58        0.97   0.55    0.40   0.56    0.06 -0.06     0.19     0.03  0.09     0.01    -0.19  0.14 -0.51
MIB                     0.15     0.26     0.23    0.31     0.33  0.60     0.79        0.42  1.00      0.69      0.50        0.37   0.55    0.30   0.62    0.22 -0.02     0.03    -0.02 -0.09     0.28     0.01 -0.06 -0.56
MSCIEAFA                0.10     0.16     0.34    0.19     0.39  0.81     0.57        0.58  0.69      1.00      0.66        0.50   0.69    0.47   0.62    0.04 -0.03     0.13     0.07  0.02     0.14     0.01  0.25 -0.68
MSCISING                0.20     0.15     0.25    0.24     0.22  0.57     0.34        0.58  0.50      0.66      1.00        0.51   0.59    0.42   0.56    0.11  0.03     0.09     0.09 -0.03     0.09    -0.07  0.10 -0.57
MSCITAIWAN              0.35     0.22     0.29    0.41     0.27  0.44     0.37        0.97  0.37      0.50      0.51        1.00   0.50    0.40   0.52    0.07 -0.04     0.16     0.02  0.14    -0.03    -0.22  0.12 -0.42
MUMMY                   0.26     0.23     0.42    0.27     0.34  0.72     0.51        0.55  0.55      0.69      0.59        0.50   1.00    0.25   0.80    0.02 -0.01     0.23    -0.04 -0.01     0.21    -0.02  0.05 -0.54
SILVER                  0.23     0.22     0.19    0.20     0.25  0.35     0.22        0.40  0.30      0.47      0.42        0.40   0.25    1.00   0.34    0.24  0.17     0.10     0.15  0.24     0.07     0.17 -0.01 -0.21
TOPIX                   0.30     0.28     0.31    0.51     0.23  0.59     0.53        0.56  0.62      0.62      0.56        0.52   0.80    0.34   1.00    0.04 -0.09     0.17     0.02  0.10     0.12    -0.11 -0.19 -0.51
CANOLA                  0.27     0.26     0.18    0.07     0.10 -0.02     0.12        0.06  0.22      0.04      0.11        0.07   0.02    0.24   0.04    1.00  0.39     0.16     0.14  0.23     0.38     0.46 -0.24  0.02
CORN                    0.10     0.10    -0.01   -0.01     0.14  0.06     0.01       -0.06 -0.02     -0.03      0.03       -0.04  -0.01    0.17  -0.09    0.39  1.00     0.06     0.22  0.14     0.17     0.60  0.02  0.06
COTTON2                 0.15     0.11     0.23    0.03     0.21  0.23     0.17        0.19  0.03      0.13      0.09        0.16   0.23    0.10   0.17    0.16  0.06     1.00    -0.01  0.19     0.14     0.09 -0.07 -0.10
GAS-PEN                 0.08     0.17    -0.03    0.21    -0.01 -0.00    -0.14        0.03 -0.02      0.07      0.09        0.02  -0.04    0.15   0.02    0.14  0.22    -0.01     1.00 -0.01    -0.02     0.19  0.07 -0.15
IRON                    0.07     0.15     0.00    0.07    -0.08 -0.04    -0.05        0.09 -0.09      0.02     -0.03        0.14  -0.01    0.24   0.10    0.23  0.14     0.19    -0.01  1.00     0.16     0.30 -0.07  0.08
LEANHOG                 0.09     0.28     0.16   -0.11     0.24  0.16     0.21        0.01  0.28      0.14      0.09       -0.03   0.21    0.07   0.12    0.38  0.17     0.14    -0.02  0.16     1.00     0.20 -0.05 -0.02
SOYMEAL                 0.01     0.06     0.13   -0.06     0.02 -0.02    -0.01       -0.19  0.01      0.01     -0.07       -0.22  -0.02    0.17  -0.11    0.46  0.60     0.09     0.19  0.30     0.20     1.00  0.02  0.14
KR10                   -0.23    -0.17    -0.08   -0.20     0.09  0.22    -0.07        0.14 -0.06      0.25      0.10        0.12   0.05   -0.01  -0.19   -0.24  0.02    -0.07     0.07 -0.07    -0.05     0.02  1.00 -0.10
VIX                    -0.10    -0.28    -0.25   -0.30    -0.29 -0.65    -0.35       -0.51 -0.56     -0.68     -0.57       -0.42  -0.54   -0.21  -0.51    0.02  0.06    -0.10    -0.15  0.08    -0.02     0.14 -0.10  1.00


********************************************************************************
                                 END OF REPORT                                  
********************************************************************************


