
********************************************************************************
                    Risk report produced on 18/07/2025 22:53                    
********************************************************************************


Total risk across all strategies, annualised percentage 12.5
Percentage of capital used for margin 43.6%

========================================
Risk per strategy, annualised percentage
========================================

                  risk
dynamic_TF_carry  12.5


===================
Risk by asset class
===================

Ags       3.6
Bond      1.8
Equity    6.5
FX        3.7
Metals    3.1
OilGas    2.9
dtype: float64


=====================================================
Beta loadings of asset class positions on asset class
=====================================================

Bond     -0.26
OilGas   -0.07
Metals    0.09
Ags       0.19
FX        0.26
Equity    0.44
dtype: float64


========================================================
Beta loadings of full portfolio positions on asset class
========================================================

Bond     -0.71
OilGas   -0.02
Metals    0.28
Ags       0.44
Equity    0.69
FX        1.24
dtype: float64


===================================================================================================================================================================================================================================================================
                                                                                                                          Instrument risk                                                                                                                          
===================================================================================================================================================================================================================================================================

               daily_price_stdev  annual_price_stdev     price  daily_perc_stdev  annual_perc_stdev  point_size_base  contract_exposure  daily_risk_per_contract  annual_risk_per_contract  position  capital  exposure_held_perc_capital  annual_risk_perc_capital
JPY                        0.000               0.001      0.01              0.60                9.6        9317788.8              63011                      377                      6032        -3   559118                       -33.8                      -3.2
GAS-PEN                    0.113               1.804      3.55              3.17               50.8           7454.2              26492                      840                     13448        -1   559118                        -4.7                      -2.4
DX                         0.385               6.162     98.18              0.39                6.3            745.4              73185                      287                      4592        -2   559118                       -26.2                      -1.6
CAD10                      0.433               6.922    119.46              0.36                5.8            542.6              64817                      234                      3755        -2   559118                       -23.2                      -1.3
US10U                      0.443               7.087    112.48              0.39                6.3            745.4              83848                      330                      5282        -1   559118                       -15.0                      -0.9
WHEAT                      8.779             140.470    567.50              1.55               24.8             37.3              21151                      327                      5235        -1   559118                        -3.8                      -0.9
DOW                      342.974            5487.588  44528.00              0.77               12.3              0.4              16596                      127                      2045        -2   559118                        -5.9                      -0.7
RICE                       0.167               2.667     12.37              1.35               21.6           1490.8              18441                      248                      3975        -1   559118                        -3.3                      -0.7
GOLD_micro                30.384             486.141   3358.40              0.90               14.5              7.5              25034                      226                      3623        -1   559118                        -4.5                      -0.6
GAS_US_mini                0.111               1.784      3.62              3.08               49.3           1863.6               6746                      207                      3323        -1   559118                        -1.2                      -0.6
KRWUSD_mini                0.005               0.074      0.72              0.64               10.2          18635.6              13408                       85                      1371        -1   559118                        -2.4                      -0.2
MUMMY                     10.585             169.357    733.00              1.44               23.1              5.0               3672                       53                       848         1   559118                         0.7                       0.2
KOSDAQ                    19.159             306.541   1376.60              1.39               22.3              5.3               7348                      102                      1636         1   559118                         1.3                       0.3
CRUDE_W_micro              1.380              22.087     65.13              2.12               33.9             74.5               4854                      102                      1646         1   559118                         0.9                       0.3
MXP                        0.000               0.004      0.05              0.52                8.4         372711.6              19772                      103                      1657         1   559118                         3.5                       0.3
RUSSELL                   26.747             427.956   2250.40              1.19               19.0              3.7               8387                       99                      1595         2   559118                         3.0                       0.6
CANOLA                    11.577             185.238    698.90              1.66               26.5             10.9               7584                      125                      2010         2   559118                         2.7                       0.7
GBP                        0.006               0.089      1.34              0.41                6.6          46588.9              62503                      258                      4133         1   559118                        11.2                       0.7
NASDAQ_micro             195.940            3135.040  23203.25              0.84               13.5              1.5              34592                      292                      4673         1   559118                         6.2                       0.8
BTP                        0.369               5.903    120.24              0.31                4.9            866.0             104125                      319                      5112         1   559118                        18.6                       0.9
LEANHOG                    1.276              20.422     90.62              1.41               22.5            298.2              27021                      380                      6089         1   559118                         4.8                       1.1
YENEUR                     0.713              11.410    172.47              0.41                6.6            626.3             108025                      446                      7146         1   559118                        19.3                       1.3
MSCIEAFA                  21.989             351.830   2639.90              0.83               13.3             37.3              98392                      819                     13113         1   559118                        17.6                       2.3
FEEDCOW                    2.934              46.946    323.70              0.91               14.5            372.7             120646                     1093                     17497         1   559118                        21.6                       3.1
PLAT                      31.307             500.912   1458.80              2.15               34.3             37.3              54371                     1166                     18669         1   559118                         9.7                       3.3
MIB                      340.593            5449.490  40310.00              0.84               13.5              4.3             174537                     1474                     23595         1   559118                        31.2                       4.2

Sum of abs(notional exposure % capital) 276.3
Sum of abs(annualised risk % capital) 33.2
Net sum of annualised risk % capital 7.0 

========================================================================================================================================================================================================================================
                                                                                                              Correlations                                                                                                              
========================================================================================================================================================================================================================================

               CANOLA  CRUDE_W_micro  GAS-PEN  GAS_US_mini  RICE  WHEAT  YENEUR    DX   BTP  CAD10   GBP  GOLD_micro   JPY  KRWUSD_mini  US10U   DOW  NASDAQ_micro  RUSSELL  FEEDCOW  KOSDAQ  LEANHOG   MIB  MSCIEAFA  MUMMY   MXP  PLAT
CANOLA           1.00           0.24     0.26         0.22 -0.17   0.32    0.09  0.07  0.02  -0.16 -0.09        0.12 -0.12         0.12  -0.21 -0.05          0.08    -0.02    -0.15    0.05     0.16 -0.04     -0.08  -0.06 -0.03  0.12
CRUDE_W_micro    0.24           1.00     0.19         0.18  0.09   0.32    0.14  0.31 -0.09  -0.21 -0.24        0.02 -0.29        -0.06  -0.21  0.14          0.07     0.22     0.33    0.12     0.31  0.31      0.07   0.26  0.11  0.16
GAS-PEN          0.26           0.19     1.00         0.97 -0.08   0.29    0.10  0.18 -0.17  -0.08 -0.22        0.07 -0.17        -0.08   0.04  0.01          0.13    -0.09    -0.00   -0.03    -0.22 -0.10     -0.01  -0.09 -0.18 -0.04
GAS_US_mini      0.22           0.18     0.97         1.00 -0.08   0.28    0.13  0.12 -0.16  -0.08 -0.18        0.14 -0.14        -0.02   0.04 -0.02          0.09    -0.11     0.03   -0.00    -0.24 -0.04      0.03  -0.07 -0.14  0.00
RICE            -0.17           0.09    -0.08        -0.08  1.00   0.03   -0.11  0.01  0.00  -0.16 -0.03       -0.03  0.07        -0.02  -0.03 -0.20         -0.15    -0.13    -0.00   -0.15     0.21 -0.09     -0.23  -0.01 -0.12 -0.10
WHEAT            0.32           0.32     0.29         0.28  0.03   1.00   -0.11 -0.05  0.07  -0.08 -0.06        0.27  0.17         0.17  -0.01 -0.12         -0.12    -0.05    -0.06   -0.05     0.16  0.03      0.03  -0.05  0.07  0.09
YENEUR           0.09           0.14     0.10         0.13 -0.11  -0.11    1.00  0.07 -0.42  -0.39  0.09       -0.02 -0.67        -0.07  -0.42 -0.04          0.16    -0.08     0.15    0.23    -0.10  0.09      0.11   0.12  0.28  0.25
DX               0.07           0.31     0.18         0.12  0.01  -0.05    0.07  1.00 -0.22  -0.39 -0.80       -0.54 -0.74        -0.67  -0.43  0.05          0.26     0.07    -0.04   -0.16    -0.11 -0.15     -0.41  -0.06 -0.23 -0.29
BTP              0.02          -0.09    -0.17        -0.16  0.00   0.07   -0.42 -0.22  1.00   0.59  0.23        0.43  0.37         0.35   0.61  0.18          0.03     0.21     0.05    0.15     0.21  0.22      0.31   0.19  0.15  0.20
CAD10           -0.16          -0.21    -0.08        -0.08 -0.16  -0.08   -0.39 -0.39  0.59   1.00  0.47        0.30  0.50         0.30   0.82  0.15         -0.08     0.05     0.00    0.07     0.01  0.27      0.40   0.06 -0.08  0.01
GBP             -0.09          -0.24    -0.22        -0.18 -0.03  -0.06    0.09 -0.80  0.23   0.47  1.00        0.52  0.47         0.59   0.44  0.07         -0.11     0.03     0.21    0.31     0.20  0.48      0.58   0.38  0.24  0.29
GOLD_micro       0.12           0.02     0.07         0.14 -0.03   0.27   -0.02 -0.54  0.43   0.30  0.52        1.00  0.45         0.51   0.35 -0.09         -0.30    -0.12     0.13    0.08     0.19  0.28      0.36   0.23  0.09  0.41
JPY             -0.12          -0.29    -0.17        -0.14  0.07   0.17   -0.67 -0.74  0.37   0.50  0.47        0.45  1.00         0.48   0.54 -0.09         -0.37    -0.09    -0.08   -0.10     0.11  0.02      0.16  -0.09 -0.08  0.01
KRWUSD_mini      0.12          -0.06    -0.08        -0.02 -0.02   0.17   -0.07 -0.67  0.35   0.30  0.59        0.51  0.48         1.00   0.30  0.06         -0.08     0.04     0.12    0.37     0.24  0.34      0.47   0.26  0.26  0.34
US10U           -0.21          -0.21     0.04         0.04 -0.03  -0.01   -0.42 -0.43  0.61   0.82  0.44        0.35  0.54         0.30   1.00  0.18         -0.11     0.08     0.13    0.04     0.06  0.19      0.35   0.08 -0.01  0.06
DOW             -0.05           0.14     0.01        -0.02 -0.20  -0.12   -0.04  0.05  0.18   0.15  0.07       -0.09 -0.09         0.06   0.18  1.00          0.73     0.89     0.28    0.29     0.08  0.29      0.60   0.30  0.24  0.13
NASDAQ_micro     0.08           0.07     0.13         0.09 -0.15  -0.12    0.16  0.26  0.03  -0.08 -0.11       -0.30 -0.37        -0.08  -0.11  0.73          1.00     0.69     0.07    0.28    -0.06  0.14      0.42   0.25  0.27  0.05
RUSSELL         -0.02           0.22    -0.09        -0.11 -0.13  -0.05   -0.08  0.07  0.21   0.05  0.03       -0.12 -0.09         0.04   0.08  0.89          0.69     1.00     0.27    0.33     0.19  0.28      0.53   0.35  0.28  0.12
FEEDCOW         -0.15           0.33    -0.00         0.03 -0.00  -0.06    0.15 -0.04  0.05   0.00  0.21        0.13 -0.08         0.12   0.13  0.28          0.07     0.27     1.00    0.31     0.18  0.38      0.30   0.33  0.31  0.12
KOSDAQ           0.05           0.12    -0.03        -0.00 -0.15  -0.05    0.23 -0.16  0.15   0.07  0.31        0.08 -0.10         0.37   0.04  0.29          0.28     0.33     0.31    1.00     0.12  0.48      0.48   0.47  0.35  0.25
LEANHOG          0.16           0.31    -0.22        -0.24  0.21   0.16   -0.10 -0.11  0.21   0.01  0.20        0.19  0.11         0.24   0.06  0.08         -0.06     0.19     0.18    0.12     1.00  0.41      0.15   0.43  0.14  0.18
MIB             -0.04           0.31    -0.10        -0.04 -0.09   0.03    0.09 -0.15  0.22   0.27  0.48        0.28  0.02         0.34   0.19  0.29          0.14     0.28     0.38    0.48     0.41  1.00      0.66   0.63  0.24  0.25
MSCIEAFA        -0.08           0.07    -0.01         0.03 -0.23   0.03    0.11 -0.41  0.31   0.40  0.58        0.36  0.16         0.47   0.35  0.60          0.42     0.53     0.30    0.48     0.15  0.66      1.00   0.57  0.35  0.34
MUMMY           -0.06           0.26    -0.09        -0.07 -0.01  -0.05    0.12 -0.06  0.19   0.06  0.38        0.23 -0.09         0.26   0.08  0.30          0.25     0.35     0.33    0.47     0.43  0.63      0.57   1.00  0.26  0.16
MXP             -0.03           0.11    -0.18        -0.14 -0.12   0.07    0.28 -0.23  0.15  -0.08  0.24        0.09 -0.08         0.26  -0.01  0.24          0.27     0.28     0.31    0.35     0.14  0.24      0.35   0.26  1.00  0.35
PLAT             0.12           0.16    -0.04         0.00 -0.10   0.09    0.25 -0.29  0.20   0.01  0.29        0.41  0.01         0.34   0.06  0.13          0.05     0.12     0.12    0.25     0.18  0.25      0.34   0.16  0.35  1.00


********************************************************************************
                                 END OF REPORT                                  
********************************************************************************


