
********************************************************************************
                    Risk report produced on 19/03/2025 22:52                    
********************************************************************************


Total risk across all strategies, annualised percentage 10.2
Percentage of capital used for margin 66.5%

========================================
Risk per strategy, annualised percentage
========================================

                  risk
dynamic_TF_carry  10.2


===================
Risk by asset class
===================

Ags       3.2
Bond      3.0
Equity    5.2
FX        3.7
Metals    1.7
OilGas    2.1
dtype: float64


=====================================================
Beta loadings of asset class positions on asset class
=====================================================

Bond     -0.17
OilGas   -0.09
Metals   -0.06
Ags       0.04
Equity    0.20
FX        0.43
dtype: float64


========================================================
Beta loadings of full portfolio positions on asset class
========================================================

Bond     -0.34
OilGas   -0.08
Metals    0.03
Ags       0.06
Equity    0.25
FX        0.57
dtype: float64


==================================================================================================================================================================================================================================================================
                                                                                                                         Instrument risk                                                                                                                          
==================================================================================================================================================================================================================================================================

              daily_price_stdev  annual_price_stdev     price  daily_perc_stdev  annual_perc_stdev  point_size_base  contract_exposure  daily_risk_per_contract  annual_risk_per_contract  position  capital  exposure_held_perc_capital  annual_risk_perc_capital
BUXL                      1.486              23.778    119.04              1.25               20.0            841.6             100182                     1250                     20011        -1   583276                       -17.2                      -3.4
LEANHOG                   1.563              25.002     96.52              1.62               25.9            308.2              29753                      481                      7706        -2   583276                       -10.2                      -2.6
BRENT-LAST                1.006              16.088     70.41              1.43               22.8            770.6              54259                      774                     12398        -1   583276                        -9.3                      -2.1
BITCOIN                2763.353           44213.646  86425.00              3.20               51.2              0.1               6660                      212                      3407        -3   583276                        -3.4                      -1.8
CHF                       0.005               0.076      1.15              0.41                6.6          96328.0             110878                      454                      7278        -1   583276                       -19.0                      -1.2
SP500_micro              55.147             882.355   5681.75              0.97               15.5              3.9              21892                      212                      3399        -2   583276                        -7.5                      -1.2
CAD                       0.003               0.042      0.70              0.38                6.0          77062.4              54036                      203                      3250        -1   583276                        -9.3                      -0.6
RUSSELL                  25.797             412.757   2085.50              1.24               19.8              3.9               8035                       99                      1590        -2   583276                        -2.8                      -0.5
COPPER-micro              0.072               1.157      5.12              1.41               22.6           1926.6               9866                      139                      2228        -1   583276                        -1.7                      -0.4
DOW                     356.911            5710.577  42335.00              0.84               13.5              0.4              16312                      137                      2200        -1   583276                        -2.8                      -0.4
MUMMY                     8.621             137.934    660.00              1.31               20.9              5.2               3399                       44                       710         1   583276                         0.6                       0.1
EUR_micro                 0.006               0.090      1.10              0.51                8.2           9632.8              10553                       54                       865         2   583276                         3.6                       0.3
TOPIX                    24.177             386.833   2697.50              0.90               14.3              5.2              13894                      124                      1992         1   583276                         2.4                       0.3
CAD10                     0.558               8.925    124.13              0.45                7.2            538.3              66820                      300                      4804         1   583276                        11.5                       0.8
YENEUR                    1.057              16.904    161.40              0.65               10.5            643.8             103916                      680                     10883         1   583276                        17.8                       1.9
MSCISING                  4.035              64.554    393.55              1.03               16.4             57.8              22756                      233                      3732         3   583276                        11.7                       1.9
FEEDCOW                   2.153              34.443    287.30              0.75               12.0            385.3             110700                      829                     13271         1   583276                        19.0                       2.3
GBP                       0.005               0.086      1.30              0.41                6.6          48164.0              62622                      257                      4125         4   583276                        42.9                       2.8
MIB                     391.908            6270.524  39715.00              0.99               15.8              4.2             167118                     1649                     26385         1   583276                        28.7                       4.5

Sum of abs(notional exposure % capital) 221.4
Sum of abs(annualised risk % capital) 29.1
Net sum of annualised risk % capital 0.7 

=============================================================================================================================================================================
                                                                                Correlations                                                                                 
=============================================================================================================================================================================

              BITCOIN   DOW   MIB  MSCISING  MUMMY  RUSSELL  SP500_micro  TOPIX  BRENT-LAST  FEEDCOW  LEANHOG  YENEUR  BUXL  CAD10   CAD  COPPER-micro  EUR_micro   GBP   CHF
BITCOIN          1.00  0.41  0.18      0.38   0.19     0.48         0.43   0.21        0.00     0.02     0.09    0.00  0.19   0.12 -0.03         -0.18      -0.14 -0.00 -0.25
DOW              0.41  1.00  0.39      0.56   0.46     0.87         0.84   0.39        0.08     0.14     0.27   -0.06  0.31   0.06  0.25          0.05      -0.21  0.02 -0.12
MIB              0.18  0.39  1.00      0.54   0.57     0.47         0.44   0.50        0.13     0.30     0.06    0.24  0.04  -0.08  0.35          0.40       0.21  0.38 -0.06
MSCISING         0.38  0.56  0.54      1.00   0.59     0.58         0.62   0.60        0.03     0.11     0.02    0.19  0.17   0.01  0.28          0.16      -0.09  0.22 -0.23
MUMMY            0.19  0.46  0.57      0.59   1.00     0.47         0.45   0.67        0.12     0.23     0.16    0.20 -0.03  -0.11  0.28          0.22      -0.01  0.24 -0.22
RUSSELL          0.48  0.87  0.47      0.58   0.47     1.00         0.76   0.43        0.16     0.12     0.27    0.01  0.29   0.05  0.28          0.07      -0.09  0.14 -0.15
SP500_micro      0.43  0.84  0.44      0.62   0.45     0.76         1.00   0.45        0.19     0.06     0.18    0.12  0.32   0.01  0.30          0.08      -0.21  0.09 -0.15
TOPIX            0.21  0.39  0.50      0.60   0.67     0.43         0.45   1.00        0.10     0.27    -0.00    0.48 -0.06  -0.17  0.09          0.03      -0.06  0.28 -0.41
BRENT-LAST       0.00  0.08  0.13      0.03   0.12     0.16         0.19   0.10        1.00     0.29     0.06    0.18 -0.14  -0.36  0.32          0.36      -0.00 -0.03 -0.26
FEEDCOW          0.02  0.14  0.30      0.11   0.23     0.12         0.06   0.27        0.29     1.00     0.15    0.31 -0.32  -0.31 -0.07          0.11       0.13  0.10 -0.18
LEANHOG          0.09  0.27  0.06      0.02   0.16     0.27         0.18  -0.00        0.06     0.15     1.00    0.01 -0.14  -0.27  0.12          0.13       0.04 -0.10  0.00
YENEUR           0.00 -0.06  0.24      0.19   0.20     0.01         0.12   0.48        0.18     0.31     0.01    1.00 -0.56  -0.49  0.02          0.18       0.25  0.24 -0.24
BUXL             0.19  0.31  0.04      0.17  -0.03     0.29         0.32  -0.06       -0.14    -0.32    -0.14   -0.56  1.00   0.64  0.17         -0.16      -0.22 -0.00  0.20
CAD10            0.12  0.06 -0.08      0.01  -0.11     0.05         0.01  -0.17       -0.36    -0.31    -0.27   -0.49  0.64   1.00  0.06         -0.15       0.16  0.34  0.44
CAD             -0.03  0.25  0.35      0.28   0.28     0.28         0.30   0.09        0.32    -0.07     0.12    0.02  0.17   0.06  1.00          0.48       0.33  0.41  0.38
COPPER-micro    -0.18  0.05  0.40      0.16   0.22     0.07         0.08   0.03        0.36     0.11     0.13    0.18 -0.16  -0.15  0.48          1.00       0.45  0.37  0.20
EUR_micro       -0.14 -0.21  0.21     -0.09  -0.01    -0.09        -0.21  -0.06       -0.00     0.13     0.04    0.25 -0.22   0.16  0.33          0.45       1.00  0.74  0.56
GBP             -0.00  0.02  0.38      0.22   0.24     0.14         0.09   0.28       -0.03     0.10    -0.10    0.24 -0.00   0.34  0.41          0.37       0.74  1.00  0.46
CHF             -0.25 -0.12 -0.06     -0.23  -0.22    -0.15        -0.15  -0.41       -0.26    -0.18     0.00   -0.24  0.20   0.44  0.38          0.20       0.56  0.46  1.00


********************************************************************************
                                 END OF REPORT                                  
********************************************************************************


