
********************************************************************************
                    Risk report produced on 21/11/2024 22:52                    
********************************************************************************


Total risk across all strategies, annualised percentage 11.1
Percentage of capital used for margin 72.5%

========================================
Risk per strategy, annualised percentage
========================================

                  risk
dynamic_TF_carry  11.0


===================
Risk by asset class
===================

Ags       1.8
Bond      2.6
Equity    5.1
FX        4.0
Metals    2.9
OilGas    3.7
Other     0.8
Vol       2.3
dtype: float64


=====================================================
Beta loadings of asset class positions on asset class
=====================================================

FX       -0.57
Bond     -0.16
OilGas   -0.11
Ags      -0.10
Vol      -0.05
Metals   -0.05
Other     0.03
Equity    0.32
dtype: float64


========================================================
Beta loadings of full portfolio positions on asset class
========================================================

FX       -0.90
Bond     -0.37
Ags      -0.19
Vol      -0.15
OilGas   -0.10
Metals   -0.02
Other     0.01
Equity    0.43
dtype: float64


===================================================================================================================================================================================================================================================================
                                                                                                                          Instrument risk                                                                                                                          
===================================================================================================================================================================================================================================================================

               daily_price_stdev  annual_price_stdev     price  daily_perc_stdev  annual_perc_stdev  point_size_base  contract_exposure  daily_risk_per_contract  annual_risk_per_contract  position  capital  exposure_held_perc_capital  annual_risk_perc_capital
US30                       1.204              19.270    122.28              0.98               15.8            790.3              96640                      951                     15229        -1   586111                       -16.5                      -2.6
JPY                        0.000               0.001      0.01              0.73               11.7        9878884.9              64113                      470                      7529        -2   586111                       -21.9                      -2.6
ALUMINIUM                 47.566             761.059   2597.25              1.83               29.3             19.8              51315                      939                     15036        -1   586111                        -8.8                      -2.6
GAS-PEN                    0.114               1.817      3.48              3.26               52.2           7903.1              27534                      897                     14362        -1   586111                        -4.7                      -2.5
VIX                        0.526               8.418     17.30              3.04               48.7            790.3              13672                      415                      6653        -2   586111                        -4.7                      -2.3
CHF                        0.005               0.084      1.13              0.46                7.4          98788.8             111690                      518                      8301        -1   586111                       -19.1                      -1.4
EURO600                    3.853              61.655    503.80              0.76               12.2             41.7              20995                      160                      2569        -3   586111                       -10.7                      -1.3
GAS_US_mini                0.101               1.613      3.51              2.87               46.0           1975.8               6934                      199                      3187        -2   586111                        -2.4                      -1.1
COTTON2                    0.913              14.606     68.60              1.33               21.3            395.2              27107                      360                      5771        -1   586111                        -4.6                      -1.0
CRUDE_W_micro              1.385              22.167     69.79              1.99               31.8             79.0               5515                      109                      1751        -3   586111                        -2.8                      -0.9
SOYMEAL                    3.545              56.717    289.70              1.22               19.6             79.0              22895                      280                      4482        -1   586111                        -3.9                      -0.8
CAD                        0.002               0.039      0.72              0.34                5.4          79031.1              56629                      192                      3080        -1   586111                        -9.7                      -0.5
CORN                       4.667              74.676    427.00              1.09               17.5             39.5              16873                      184                      2950        -1   586111                        -2.9                      -0.5
IRON                       2.194              35.105    101.05              2.17               34.7             79.0               7986                      173                      2774        -1   586111                        -1.4                      -0.5
HANGENT_mini             143.414            2294.629   7080.00              2.03               32.4              1.0               7189                      145                      2330        -1   586111                        -1.2                      -0.4
KOSDAQ                    24.036             384.573   1173.00              2.05               32.8              5.6               6616                      135                      2169        -1   586111                        -1.1                      -0.4
CANOLA                    11.521             184.331    607.30              1.90               30.4             11.3               6872                      130                      2085        -1   586111                        -1.2                      -0.4
MILLWHEAT                  2.552              40.840    231.50              1.10               17.6             41.7               9647                      106                      1701        -1   586111                        -1.6                      -0.3
MUMMY                     11.230             179.684    629.00              1.79               28.6              5.1               3212                       57                       917         1   586111                         0.5                       0.2
DOW                      341.847            5469.544  44071.00              0.78               12.4              0.4              17414                      135                      2161         1   586111                         3.0                       0.4
TOPIX                     29.214             467.418   2685.25              1.09               17.4              5.1              13713                      149                      2387         1   586111                         2.3                       0.4
BITCOIN                 2454.363           39269.814  99660.00              2.46               39.4              0.1               7876                      193                      3103         1   586111                         1.3                       0.5
NIKKEI                   490.984            7855.748  38030.00              1.29               20.7              0.5              19421                      250                      4011         1   586111                         3.3                       0.7
RUBBER                     3.491              55.850    192.30              1.82               29.0             39.5               7598                      137                      2206         2   586111                         2.6                       0.8
NASDAQ_micro             208.071            3329.138  20867.00              1.00               16.0              1.6              32982                      328                      5262         1   586111                         5.6                       0.9
SP500_micro               43.519             696.306   5982.00              0.73               11.6              4.0              23638                      171                      2751         2   586111                         8.1                       0.9
LEANHOG                    1.109              17.746     84.65              1.31               21.0            316.1              26759                      350                      5609         1   586111                         4.6                       1.0
MSCISING                   3.044              48.708    373.95              0.81               13.0             58.9              22024                      179                      2868         2   586111                         7.5                       1.0
MIB                      308.878            4942.043  33345.00              0.93               14.8              4.2             138962                     1287                     20595         1   586111                        23.7                       3.5

Sum of abs(notional exposure % capital) 181.7
Sum of abs(annualised risk % capital) 32.4
Net sum of annualised risk % capital -11.8 

============================================================================================================================================================================================================================================================================
                                                                                                                                Correlations                                                                                                                                
============================================================================================================================================================================================================================================================================

                DOW  EURO600  KOSDAQ   MIB  MSCISING  MUMMY  NASDAQ_micro  NIKKEI  SP500_micro  TOPIX  BITCOIN   CAD  CANOLA  COTTON2  CRUDE_W_micro  GAS-PEN  GAS_US_mini  HANGENT_mini  LEANHOG   CHF   JPY  US30  ALUMINIUM  CORN  IRON  MILLWHEAT  RUBBER  SOYMEAL   VIX
DOW            1.00     0.67    0.26  0.53      0.63   0.61          0.63    0.49         0.83   0.49     0.46  0.29    0.24     0.25           0.04     0.14         0.14          0.21     0.13 -0.11 -0.12  0.18      -0.09  0.11 -0.15      -0.11   -0.02    -0.03 -0.63
EURO600        0.67     1.00    0.47  0.87      0.53   0.65          0.48    0.53         0.64   0.55     0.24  0.38    0.08     0.30           0.15     0.13         0.14          0.48     0.10 -0.06 -0.17  0.18       0.14  0.06 -0.07       0.02    0.10     0.04 -0.49
KOSDAQ         0.26     0.47    1.00  0.45      0.37   0.40          0.35    0.55         0.36   0.46     0.01  0.25    0.00     0.19           0.22     0.01        -0.01          0.38    -0.09 -0.02 -0.18  0.06       0.15 -0.06  0.05      -0.00    0.05    -0.01 -0.25
MIB            0.53     0.87    0.45  1.00      0.48   0.61          0.38    0.55         0.52   0.58     0.21  0.26    0.17     0.30           0.16     0.05         0.07          0.39     0.10 -0.19 -0.30 -0.01       0.07 -0.04 -0.08       0.03    0.04    -0.05 -0.49
MSCISING       0.63     0.53    0.37  0.48      1.00   0.67          0.52    0.55         0.62   0.60     0.37  0.18    0.12     0.20           0.00     0.18         0.19          0.26     0.05 -0.29 -0.32 -0.05       0.11  0.01 -0.22      -0.08   -0.07    -0.10 -0.56
MUMMY          0.61     0.65    0.40  0.61      0.67   1.00          0.47    0.73         0.59   0.77     0.28  0.25    0.05     0.20           0.05     0.13         0.12          0.37     0.03 -0.17 -0.29  0.03       0.02 -0.06 -0.11      -0.23   -0.01    -0.09 -0.53
NASDAQ_micro   0.63     0.48    0.35  0.38      0.52   0.47          1.00    0.56         0.93   0.50     0.29  0.21    0.29     0.29           0.15     0.23         0.23          0.19     0.05 -0.19 -0.36  0.05       0.04  0.11 -0.07      -0.09    0.01    -0.11 -0.65
NIKKEI         0.49     0.53    0.55  0.55      0.55   0.73          0.56    1.00         0.58   0.94     0.17  0.08    0.13     0.29           0.13     0.17         0.17          0.27     0.01 -0.40 -0.57 -0.18       0.07 -0.14  0.07      -0.09    0.02    -0.15 -0.44
SP500_micro    0.83     0.64    0.36  0.52      0.62   0.59          0.93    0.58         1.00   0.54     0.37  0.30    0.29     0.31           0.15     0.22         0.21          0.25     0.12 -0.13 -0.28  0.16      -0.00  0.12 -0.12      -0.11    0.02    -0.09 -0.70
TOPIX          0.49     0.55    0.46  0.58      0.60   0.77          0.50    0.94         0.54   1.00     0.20  0.03    0.14     0.26           0.10     0.17         0.18          0.27     0.04 -0.48 -0.62 -0.26       0.01 -0.08  0.01      -0.04   -0.03    -0.14 -0.52
BITCOIN        0.46     0.24    0.01  0.21      0.37   0.28          0.29    0.17         0.37   0.20     1.00 -0.02    0.19     0.10          -0.15     0.13         0.18         -0.09     0.14 -0.21 -0.12 -0.03      -0.11  0.05 -0.15      -0.11   -0.22    -0.13 -0.38
CAD            0.29     0.38    0.25  0.26      0.18   0.25          0.21    0.08         0.30   0.03    -0.02  1.00    0.08     0.23           0.29    -0.02         0.02          0.46     0.12  0.50  0.36  0.43       0.33  0.08  0.18      -0.02    0.34     0.21 -0.22
CANOLA         0.24     0.08    0.00  0.17      0.12   0.05          0.29    0.13         0.29   0.14     0.19  0.08    1.00     0.15           0.09     0.06         0.10          0.08     0.45 -0.12 -0.10 -0.34      -0.01  0.42  0.05       0.38    0.09     0.37 -0.28
COTTON2        0.25     0.30    0.19  0.30      0.20   0.20          0.29    0.29         0.31   0.26     0.10  0.23    0.15     1.00           0.37    -0.03         0.07          0.27     0.17 -0.18 -0.13 -0.15       0.14  0.16  0.01      -0.08    0.32     0.10 -0.24
CRUDE_W_micro  0.04     0.15    0.22  0.16      0.00   0.05          0.15    0.13         0.15   0.10    -0.15  0.29    0.09     0.37           1.00     0.03         0.10          0.16    -0.04 -0.16 -0.23 -0.23       0.21  0.11  0.14      -0.05    0.29    -0.10 -0.09
GAS-PEN        0.14     0.13    0.01  0.05      0.18   0.13          0.23    0.17         0.22   0.17     0.13 -0.02    0.06    -0.03           0.03     1.00         0.95          0.07     0.04 -0.11 -0.16  0.07      -0.06  0.20 -0.16       0.14    0.11     0.06 -0.23
GAS_US_mini    0.14     0.14   -0.01  0.07      0.19   0.12          0.23    0.17         0.21   0.18     0.18  0.02    0.10     0.07           0.10     0.95         1.00          0.07     0.08 -0.16 -0.22 -0.00      -0.04  0.21 -0.16       0.15    0.09     0.06 -0.25
HANGENT_mini   0.21     0.48    0.38  0.39      0.26   0.37          0.19    0.27         0.25   0.27    -0.09  0.46    0.08     0.27           0.16     0.07         0.07          1.00     0.01  0.14  0.10  0.16       0.44  0.18  0.27       0.07    0.51     0.32 -0.23
LEANHOG        0.13     0.10   -0.09  0.10      0.05   0.03          0.05    0.01         0.12   0.04     0.14  0.12    0.45     0.17          -0.04     0.04         0.08          0.01     1.00  0.12  0.02 -0.06       0.08  0.21 -0.02       0.08   -0.10     0.20 -0.02
CHF           -0.11    -0.06   -0.02 -0.19     -0.29  -0.17         -0.19   -0.40        -0.13  -0.48    -0.21  0.50   -0.12    -0.18          -0.16    -0.11        -0.16          0.14     0.12  1.00  0.77  0.64       0.17  0.01  0.13      -0.11    0.27     0.30  0.32
JPY           -0.12    -0.17   -0.18 -0.30     -0.32  -0.29         -0.36   -0.57        -0.28  -0.62    -0.12  0.36   -0.10    -0.13          -0.23    -0.16        -0.22          0.10     0.02  0.77  1.00  0.63       0.13  0.07  0.08      -0.02    0.29     0.37  0.32
US30           0.18     0.18    0.06 -0.01     -0.05   0.03          0.05   -0.18         0.16  -0.26    -0.03  0.43   -0.34    -0.15          -0.23     0.07        -0.00          0.16    -0.06  0.64  0.63  1.00       0.07 -0.01  0.03      -0.20    0.15     0.20  0.07
ALUMINIUM     -0.09     0.14    0.15  0.07      0.11   0.02          0.04    0.07        -0.00   0.01    -0.11  0.33   -0.01     0.14           0.21    -0.06        -0.04          0.44     0.08  0.17  0.13  0.07       1.00  0.10  0.47       0.11    0.43     0.22  0.15
CORN           0.11     0.06   -0.06 -0.04      0.01  -0.06          0.11   -0.14         0.12  -0.08     0.05  0.08    0.42     0.16           0.11     0.20         0.21          0.18     0.21  0.01  0.07 -0.01       0.10  1.00  0.10       0.42    0.14     0.51  0.01
IRON          -0.15    -0.07    0.05 -0.08     -0.22  -0.11         -0.07    0.07        -0.12   0.01    -0.15  0.18    0.05     0.01           0.14    -0.16        -0.16          0.27    -0.02  0.13  0.08  0.03       0.47  0.10  1.00       0.12    0.34     0.27  0.22
MILLWHEAT     -0.11     0.02   -0.00  0.03     -0.08  -0.23         -0.09   -0.09        -0.11  -0.04    -0.11 -0.02    0.38    -0.08          -0.05     0.14         0.15          0.07     0.08 -0.11 -0.02 -0.20       0.11  0.42  0.12       1.00    0.08     0.30  0.00
RUBBER        -0.02     0.10    0.05  0.04     -0.07  -0.01          0.01    0.02         0.02  -0.03    -0.22  0.34    0.09     0.32           0.29     0.11         0.09          0.51    -0.10  0.27  0.29  0.15       0.43  0.14  0.34       0.08    1.00     0.36  0.05
SOYMEAL       -0.03     0.04   -0.01 -0.05     -0.10  -0.09         -0.11   -0.15        -0.09  -0.14    -0.13  0.21    0.37     0.10          -0.10     0.06         0.06          0.32     0.20  0.30  0.37  0.20       0.22  0.51  0.27       0.30    0.36     1.00  0.20
VIX           -0.63    -0.49   -0.25 -0.49     -0.56  -0.53         -0.65   -0.44        -0.70  -0.52    -0.38 -0.22   -0.28    -0.24          -0.09    -0.23        -0.25         -0.23    -0.02  0.32  0.32  0.07       0.15  0.01  0.22       0.00    0.05     0.20  1.00


********************************************************************************
                                 END OF REPORT                                  
********************************************************************************


