
********************************************************************************
                    Risk report produced on 03/07/2024 22:52                    
********************************************************************************


Total risk across all strategies, annualised percentage 10.4
Percentage of capital used for margin 73.6%

========================================
Risk per strategy, annualised percentage
========================================

                  risk
dynamic_TF_carry  10.4


===================
Risk by asset class
===================

Ags       1.1
Bond      2.6
Equity    6.4
FX        3.4
Metals    1.7
OilGas    2.6
Vol       1.9
dtype: float64


=====================================================
Beta loadings of asset class positions on asset class
=====================================================

Bond     -0.33
Metals   -0.06
Vol      -0.06
Ags       0.05
OilGas    0.11
FX        0.13
Equity    0.58
dtype: float64


========================================================
Beta loadings of full portfolio positions on asset class
========================================================

Bond     -0.43
Vol      -0.22
Metals   -0.01
OilGas    0.14
Ags       0.16
FX        0.61
Equity    0.67
dtype: float64


===================================================================================================================================================================================================================================================================
                                                                                                                          Instrument risk                                                                                                                          
===================================================================================================================================================================================================================================================================

               daily_price_stdev  annual_price_stdev     price  daily_perc_stdev  annual_perc_stdev  point_size_base  contract_exposure  daily_risk_per_contract  annual_risk_per_contract  position  capital  exposure_held_perc_capital  annual_risk_perc_capital
BUND                       0.643              10.289    130.96              0.49                7.9            846.8             110895                      544                      8712        -2   670663                       -33.1                      -2.6
VIX                        0.312               4.993     14.30              2.18               34.9            788.5              11275                      246                      3937        -3   670663                        -5.0                      -1.8
EUROSTX                   42.463             679.414   4999.00              0.85               13.6              8.5              42331                      359                      5753        -2   670663                       -12.6                      -1.7
ALUMINIUM                 34.503             552.054   2512.50              1.37               22.0             19.7              49529                      680                     10882        -1   670663                        -7.4                      -1.6
JPY                        0.000               0.001      0.01              0.52                8.3        9856567.2              61707                      321                      5144        -2   670663                       -18.4                      -1.5
CHINAA-CON                15.138             242.215   1940.20              0.78               12.5             19.7              38247                      298                      4774        -1   670663                        -5.7                      -0.7
BITCOIN                 1719.455           27511.277  60755.00              2.83               45.3              0.1               4790                      135                      2169        -2   670663                        -1.4                      -0.6
CORN                       5.558              88.930    420.75              1.32               21.1             39.4              16588                      219                      3506        -1   670663                        -2.5                      -0.5
GAS_US_mini                0.105               1.683      2.48              4.25               68.0           1971.3               4879                      207                      3318        -1   670663                        -0.7                      -0.5
FTSECHINAA               100.027            1600.433  12022.00              0.83               13.3              0.8               9479                       78                      1261        -2   670663                        -2.8                      -0.4
DAX                      142.959            2287.340  18529.00              0.77               12.3              0.8              15690                      121                      1936        -1   670663                        -2.3                      -0.3
KOSDAQ                    19.768             316.285   1381.60              1.43               22.9              5.7               7816                      111                      1789        -1   670663                        -1.2                      -0.3
RUSSELL                   20.216             323.453   2054.00              0.98               15.7              3.9               8098                       79                      1275        -1   670663                        -1.2                      -0.2
V2X                        0.389               6.223     15.75              2.47               39.5             84.7               1333                       32                       526        -2   670663                        -0.4                      -0.2
CRUDE_W_micro              1.177              18.826     81.43              1.44               23.1             78.9               6420                       92                      1484         0   670663                         0.0                       0.0
MSCISING                   2.317              37.074    321.95              0.72               11.5             58.1              18699                      134                      2153         1   670663                         2.8                       0.3
SP500_micro               34.594             553.511   5432.50              0.63               10.1              3.9              21418                      136                      2182         1   670663                         3.2                       0.3
NASDAQ_micro             160.772            2572.352  20419.00              0.79               12.6              1.6              32201                      253                      4056         1   670663                         4.8                       0.6
TOPIX                     22.006             352.093   2864.50              0.77               12.3              4.9              13954                      107                      1715         3   670663                         6.2                       0.8
LIVECOW                    1.294              20.705    186.58              0.69               11.1            315.4              58847                      408                      6530         1   670663                         8.8                       1.0
DOW                      229.442            3671.070  39631.00              0.58                9.3              0.4              15625                       90                      1447         5   670663                        11.6                       1.1
NIKKEI                   334.980            5359.678  40465.00              0.83               13.2              0.5              19712                      163                      2610         3   670663                         8.8                       1.2
FTSETAIWAN                15.835             253.354   1939.25              0.82               13.1             31.5              61165                      499                      7991         1   670663                         9.1                       1.2
YENEUR                     0.751              12.023    173.03              0.43                6.9            608.9             105363                      457                      7321         2   670663                        31.4                       2.2
AEX                        5.440              87.033    933.00              0.58                9.3            169.4             158010                      921                     14739         1   670663                        23.6                       2.2
GASOILINE                  0.033               0.531      2.34              1.42               22.7          33118.1              77492                     1099                     17594         1   670663                        11.6                       2.6
MIB                      346.514            5544.228  34040.00              1.02               16.3              4.2             144123                     1467                     23473         1   670663                        21.5                       3.5

Sum of abs(notional exposure % capital) 238.1
Sum of abs(annualised risk % capital) 29.9
Net sum of annualised risk % capital 4.1 

=================================================================================================================================================================================================================================================================
                                                                                                                          Correlations                                                                                                                           
=================================================================================================================================================================================================================================================================

                V2X   VIX  GAS_US_mini  YENEUR  ALUMINIUM  CHINAA-CON  CORN  CRUDE_W_micro  FTSECHINAA  GASOILINE  LIVECOW  BITCOIN  BUND   JPY   AEX   DAX   DOW  EUROSTX  FTSETAIWAN  KOSDAQ   MIB  MSCISING  NASDAQ_micro  NIKKEI  RUSSELL  SP500_micro  TOPIX
V2X            1.00  0.80        -0.17   -0.23      -0.00       -0.12 -0.09           0.02       -0.13      -0.04    -0.06    -0.11  0.07 -0.10 -0.61 -0.76 -0.58    -0.74       -0.28   -0.32 -0.69     -0.30         -0.44   -0.42    -0.59        -0.59  -0.41
VIX            0.80  1.00        -0.15   -0.22       0.07       -0.24 -0.08           0.09       -0.22       0.01    -0.13    -0.12  0.06 -0.14 -0.49 -0.64 -0.64    -0.64       -0.29   -0.34 -0.59     -0.30         -0.56   -0.38    -0.60        -0.70  -0.43
GAS_US_mini   -0.17 -0.15         1.00    0.20      -0.17        0.10  0.10           0.17        0.08       0.08     0.17     0.01 -0.03 -0.10  0.02 -0.00  0.17    -0.01       -0.01   -0.15  0.02      0.09          0.12    0.20     0.05         0.16   0.22
YENEUR        -0.23 -0.22         0.20    1.00       0.02        0.14  0.00          -0.00        0.15       0.02     0.08    -0.10 -0.31 -0.67  0.02  0.06  0.03     0.05       -0.01    0.09  0.20      0.01          0.05    0.45     0.03         0.09   0.44
ALUMINIUM     -0.00  0.07        -0.17    0.02       1.00        0.18  0.15           0.17        0.26       0.14     0.03    -0.02 -0.02  0.12 -0.03  0.02 -0.13     0.04        0.11   -0.12  0.07      0.19         -0.13   -0.05     0.06        -0.10  -0.04
CHINAA-CON    -0.12 -0.24         0.10    0.14       0.18        1.00  0.05           0.17        0.94       0.22     0.33    -0.06 -0.04  0.08  0.25  0.12  0.27     0.16        0.39    0.16  0.14      0.39          0.28    0.12     0.19         0.32   0.13
CORN          -0.09 -0.08         0.10    0.00       0.15        0.05  1.00           0.19        0.03       0.16     0.03     0.15  0.01  0.14  0.03  0.09  0.13     0.03        0.22    0.09  0.00      0.17          0.13    0.00     0.10         0.14  -0.02
CRUDE_W_micro  0.02  0.09         0.17   -0.00       0.17        0.17  0.19           1.00        0.13       0.91     0.40    -0.04 -0.23 -0.01  0.07 -0.05  0.08    -0.05        0.25   -0.01  0.04      0.20          0.01    0.17     0.13         0.07   0.17
FTSECHINAA    -0.13 -0.22         0.08    0.15       0.26        0.94  0.03           0.13        1.00       0.17     0.28    -0.15 -0.08  0.03  0.23  0.09  0.18     0.13        0.29    0.09  0.11      0.39          0.19    0.13     0.14         0.23   0.18
GASOILINE     -0.04  0.01         0.08    0.02       0.14        0.22  0.16           0.91        0.17       1.00     0.43    -0.02 -0.14  0.02  0.14  0.03  0.20     0.06        0.26    0.03  0.14      0.18          0.07    0.20     0.21         0.16   0.19
LIVECOW       -0.06 -0.13         0.17    0.08       0.03        0.33  0.03           0.40        0.28       0.43     1.00    -0.19 -0.11 -0.00  0.06 -0.04  0.20     0.03        0.14   -0.08  0.11      0.09          0.24    0.09     0.14         0.23   0.09
BITCOIN       -0.11 -0.12         0.01   -0.10      -0.02       -0.06  0.15          -0.04       -0.15      -0.02    -0.19     1.00  0.16  0.21  0.21  0.28  0.22     0.30        0.19    0.13  0.22      0.04          0.08    0.03     0.28         0.18  -0.05
BUND           0.07  0.06        -0.03   -0.31      -0.02       -0.04  0.01          -0.23       -0.08      -0.14    -0.11     0.16  1.00  0.39  0.28  0.21  0.32     0.24        0.28    0.11  0.05      0.09          0.26   -0.06     0.20         0.25  -0.10
JPY           -0.10 -0.14        -0.10   -0.67       0.12        0.08  0.14          -0.01        0.03       0.02    -0.00     0.21  0.39  1.00  0.21  0.27  0.31     0.28        0.20    0.11  0.15      0.20          0.30   -0.32     0.27         0.31  -0.32
AEX           -0.61 -0.49         0.02    0.02      -0.03        0.25  0.03           0.07        0.23       0.14     0.06     0.21  0.28  0.21  1.00  0.77  0.65     0.82        0.53    0.34  0.64      0.40          0.58    0.43     0.68         0.70   0.35
DAX           -0.76 -0.64        -0.00    0.06       0.02        0.12  0.09          -0.05        0.09       0.03    -0.04     0.28  0.21  0.27  0.77  1.00  0.70     0.96        0.34    0.39  0.85      0.29          0.50    0.39     0.71         0.68   0.34
DOW           -0.58 -0.64         0.17    0.03      -0.13        0.27  0.13           0.08        0.18       0.20     0.20     0.22  0.32  0.31  0.65  0.70  1.00     0.72        0.44    0.47  0.66      0.36          0.67    0.36     0.76         0.86   0.34
EUROSTX       -0.74 -0.64        -0.01    0.05       0.04        0.16  0.03          -0.05        0.13       0.06     0.03     0.30  0.24  0.28  0.82  0.96  0.72     1.00        0.33    0.38  0.86      0.29          0.49    0.38     0.71         0.69   0.33
FTSETAIWAN    -0.28 -0.29        -0.01   -0.01       0.11        0.39  0.22           0.25        0.29       0.26     0.14     0.19  0.28  0.20  0.53  0.34  0.44     0.33        1.00    0.33  0.22      0.50          0.57    0.28     0.46         0.54   0.20
KOSDAQ        -0.32 -0.34        -0.15    0.09      -0.12        0.16  0.09          -0.01        0.09       0.03    -0.08     0.13  0.11  0.11  0.34  0.39  0.47     0.38        0.33    1.00  0.42      0.43          0.36    0.32     0.48         0.47   0.27
MIB           -0.69 -0.59         0.02    0.20       0.07        0.14  0.00           0.04        0.11       0.14     0.11     0.22  0.05  0.15  0.64  0.85  0.66     0.86        0.22    0.42  1.00      0.38          0.34    0.48     0.68         0.59   0.47
MSCISING      -0.30 -0.30         0.09    0.01       0.19        0.39  0.17           0.20        0.39       0.18     0.09     0.04  0.09  0.20  0.40  0.29  0.36     0.29        0.50    0.43  0.38      1.00          0.27    0.32     0.37         0.36   0.35
NASDAQ_micro  -0.44 -0.56         0.12    0.05      -0.13        0.28  0.13           0.01        0.19       0.07     0.24     0.08  0.26  0.30  0.58  0.50  0.67     0.49        0.57    0.36  0.34      0.27          1.00    0.41     0.62         0.92   0.30
NIKKEI        -0.42 -0.38         0.20    0.45      -0.05        0.12  0.00           0.17        0.13       0.20     0.09     0.03 -0.06 -0.32  0.43  0.39  0.36     0.38        0.28    0.32  0.48      0.32          0.41    1.00     0.47         0.47   0.93
RUSSELL       -0.59 -0.60         0.05    0.03       0.06        0.19  0.10           0.13        0.14       0.21     0.14     0.28  0.20  0.27  0.68  0.71  0.76     0.71        0.46    0.48  0.68      0.37          0.62    0.47     1.00         0.78   0.42
SP500_micro   -0.59 -0.70         0.16    0.09      -0.10        0.32  0.14           0.07        0.23       0.16     0.23     0.18  0.25  0.31  0.70  0.68  0.86     0.69        0.54    0.47  0.59      0.36          0.92    0.47     0.78         1.00   0.40
TOPIX         -0.41 -0.43         0.22    0.44      -0.04        0.13 -0.02           0.17        0.18       0.19     0.09    -0.05 -0.10 -0.32  0.35  0.34  0.34     0.33        0.20    0.27  0.47      0.35          0.30    0.93     0.42         0.40   1.00


********************************************************************************
                                 END OF REPORT                                  
********************************************************************************


