
********************************************************************************
                    Risk report produced on 05/05/2026 22:53                    
********************************************************************************


Total risk across all strategies, annualised percentage 10.0
Percentage of capital used for margin 37.1%

========================================
Risk per strategy, annualised percentage
========================================

                  risk
dynamic_TF_carry  10.0


===================
Risk by asset class
===================

Ags       2.1
Bond      2.0
Equity    6.1
FX        2.4
Metals    1.6
OilGas    5.0
Other     0.2
Sector    1.6
Vol       0.1
dtype: float64


=====================================================
Beta loadings of asset class positions on asset class
=====================================================

Bond     -0.31
Metals   -0.04
Vol      -0.00
Other     0.01
Ags       0.07
Sector    0.09
FX        0.10
OilGas    0.10
Equity    0.38
dtype: float64


========================================================
Beta loadings of full portfolio positions on asset class
========================================================

Vol      -0.11
Bond     -0.08
Metals    0.03
OilGas    0.08
Other     0.11
FX        0.16
Equity    0.30
Sector    0.33
Ags       0.33
dtype: float64


===================================================================================================================================================================================================================================================================
                                                                                                                          Instrument risk                                                                                                                          
===================================================================================================================================================================================================================================================================

               daily_price_stdev  annual_price_stdev     price  daily_perc_stdev  annual_perc_stdev  point_size_base  contract_exposure  daily_risk_per_contract  annual_risk_per_contract  position  capital  exposure_held_perc_capital  annual_risk_perc_capital
DAX                      283.408            4534.532  24448.00              1.16               18.5              0.9              21127                      244                      3918        -3   690056                        -9.2                      -1.7
GAS-PEN                    0.096               1.539      2.87              3.35               53.6           7396.9              21236                      711                     11384        -1   690056                        -3.1                      -1.6
BITCOIN                 1857.701           29723.209  81770.00              2.27               36.3              0.1               6048                      137                      2198        -5   690056                        -4.4                      -1.6
LEANHOG                    1.124              17.987    103.48              1.09               17.4            295.9              30615                      332                      5321        -2   690056                        -8.9                      -1.5
CHF                        0.006               0.100      1.28              0.49                7.8          92461.4             118604                      578                      9255        -1   690056                       -17.2                      -1.3
BTP                        0.594               9.502    116.82              0.51                8.1            864.2             100954                      513                      8211        -1   690056                       -14.6                      -1.2
KR10                       0.482               7.708    108.44              0.44                7.1            502.9              54534                      242                      3876        -2   690056                       -15.8                      -1.1
JPY                        0.000               0.001      0.01              0.64               10.3        9246143.4              58763                      378                      6058        -1   690056                        -8.5                      -0.9
DOW                      452.524            7240.391  49440.00              0.92               14.6              0.4              18285                      167                      2677        -2   690056                        -5.3                      -0.8
EUR_micro                  0.004               0.069      1.17              0.37                5.9           9246.1              10837                       39                       635        -4   690056                        -6.3                      -0.4
V2X                        0.578               9.246     22.30              2.59               41.5             86.4               1927                       49                       798        -1   690056                        -0.3                      -0.1
RUBBER                     2.377              38.039    217.10              1.10               17.5             37.0               8029                       87                      1406         1   690056                         1.2                       0.2
MUMMY                     13.021             208.335    748.00              1.74               27.9              4.7               3518                       61                       979         2   690056                         1.0                       0.3
CORN                       3.837              61.388    500.00              0.77               12.3             37.0              18492                      141                      2270         1   690056                         2.7                       0.3
AUD_micro                  0.004               0.062      0.72              0.54                8.7           7396.9               5310                       28                       461         5   690056                         3.8                       0.3
CAD                        0.002               0.035      0.74              0.30                4.8          73969.1              54408                      163                      2620         1   690056                         7.9                       0.4
CRUDE_W_micro              2.370              37.917     93.73              2.53               40.5             74.0               6933                      175                      2804         1   690056                         1.0                       0.4
CANOLA                     8.314             133.025    757.60              1.10               17.6             10.9               8225                       90                      1444         2   690056                         2.4                       0.4
MXP                        0.000               0.005      0.06              0.58                9.2         369845.7              21214                      122                      1960         2   690056                         6.1                       0.6
NZD                        0.004               0.059      0.59              0.63               10.0          73969.1              43615                      273                      4381         1   690056                         6.3                       0.6
EU-OIL                     7.014             112.218    551.30              1.27               20.4             43.2              23821                      303                      4848         1   690056                         3.5                       0.7
GBP                        0.006               0.092      1.35              0.42                6.8          46230.7              62628                      265                      4243         2   690056                        18.2                       1.2
YENEUR                     0.917              14.677    184.42              0.50                8.0            587.9             108421                      539                      8628         1   690056                        15.7                       1.3
EU-BASIC                  12.516             200.262    789.00              1.59               25.4             43.2              34092                      540                      8653         1   690056                         4.9                       1.3
LIVECOW                    2.038              32.603    252.92              0.81               12.9            295.9              74834                      602                      9646         1   690056                        10.8                       1.4
RUSSELL                   32.881             526.097   2854.90              1.15               18.4              3.7              10558                      121                      1945         5   690056                         7.7                       1.4
MSCIEMASIA                16.444             263.111   1106.50              1.49               23.8             74.0              81846                     1216                     19462         1   690056                        11.9                       2.8
GASOILINE                  0.068               1.085      3.46              1.96               31.3          31067.0             107631                     2106                     33704         1   690056                        15.6                       4.9
MIB                      504.876            8078.017  47810.00              1.06               16.9              4.3             206583                     2181                     34904         1   690056                        29.9                       5.1

Sum of abs(notional exposure % capital) 244.2
Sum of abs(annualised risk % capital) 35.8
Net sum of annualised risk % capital 11.4 

=====================================================================================================================================================================================================================================================
                                                                                                                    Correlations                                                                                                                     
=====================================================================================================================================================================================================================================================

               AUD_micro   CAD   CHF  EUR_micro   GBP   JPY   NZD  BITCOIN   BTP   DAX   DOW  EU-BASIC  KR10  LIVECOW   MIB  MSCIEMASIA  MUMMY   MXP  RUBBER  RUSSELL  LEANHOG  YENEUR  CANOLA  CORN  CRUDE_W_micro  EU-OIL  GAS-PEN  GASOILINE   V2X
AUD_micro           1.00  0.78  0.62       0.68  0.77  0.56  0.91     0.30  0.28  0.34  0.41      0.47  0.23     0.07  0.33        0.66   0.29  0.65    0.33     0.40    -0.10   -0.12   -0.01  0.12           0.07    0.20     0.17       0.00 -0.36
CAD                 0.78  1.00  0.74       0.67  0.70  0.53  0.76     0.29  0.10  0.09  0.20      0.25  0.15     0.09  0.04        0.40   0.09  0.46    0.27     0.18    -0.08   -0.08    0.05  0.22           0.12    0.01     0.20       0.02 -0.14
CHF                 0.62  0.74  1.00       0.84  0.73  0.68  0.69     0.12  0.23 -0.00  0.09      0.12  0.26     0.02 -0.02        0.35  -0.05  0.42    0.11     0.05    -0.16   -0.14   -0.06  0.13          -0.21   -0.25     0.03      -0.27 -0.02
EUR_micro           0.68  0.67  0.84       1.00  0.84  0.70  0.75     0.14  0.23  0.20  0.18      0.22  0.23     0.12  0.17        0.51  -0.02  0.63    0.14     0.18    -0.12   -0.03   -0.16  0.01          -0.33   -0.17    -0.02      -0.37 -0.20
GBP                 0.77  0.70  0.73       0.84  1.00  0.72  0.83     0.27  0.24  0.24  0.24      0.25  0.24     0.15  0.21        0.60   0.09  0.56    0.22     0.32    -0.12   -0.18   -0.13  0.08          -0.14   -0.02     0.05      -0.19 -0.29
JPY                 0.56  0.53  0.68       0.70  0.72  1.00  0.62     0.17  0.29  0.02  0.08      0.08  0.24     0.15  0.03        0.33  -0.11  0.34    0.13     0.11    -0.19   -0.71   -0.12  0.15          -0.14   -0.08     0.03      -0.14  0.00
NZD                 0.91  0.76  0.69       0.75  0.83  0.62  1.00     0.28  0.32  0.26  0.38      0.34  0.26     0.07  0.24        0.61   0.15  0.60    0.25     0.40    -0.04   -0.12   -0.02  0.10          -0.09    0.06     0.10      -0.15 -0.36
BITCOIN             0.30  0.29  0.12       0.14  0.27  0.17  0.28     1.00  0.06  0.27  0.37      0.23  0.15     0.06  0.12        0.34   0.23  0.14    0.14     0.49    -0.08   -0.11    0.01  0.01           0.13    0.11     0.09       0.13 -0.22
BTP                 0.28  0.10  0.23       0.23  0.24  0.29  0.32     0.06  1.00  0.40  0.39      0.29  0.51     0.10  0.40        0.41   0.28  0.41    0.03     0.36    -0.01   -0.17   -0.12 -0.26          -0.34   -0.06    -0.25      -0.30 -0.37
DAX                 0.34  0.09 -0.00       0.20  0.24  0.02  0.26     0.27  0.40  1.00  0.69      0.66  0.08     0.23  0.83        0.60   0.45  0.40    0.27     0.57     0.06    0.15   -0.15 -0.21          -0.29    0.02    -0.21      -0.26 -0.67
DOW                 0.41  0.20  0.09       0.18  0.24  0.08  0.38     0.37  0.39  0.69  1.00      0.53  0.06     0.10  0.62        0.62   0.30  0.31    0.29     0.85     0.11    0.04   -0.10 -0.08          -0.21    0.02    -0.15      -0.14 -0.72
EU-BASIC            0.47  0.25  0.12       0.22  0.25  0.08  0.34     0.23  0.29  0.66  0.53      1.00 -0.04     0.15  0.65        0.51   0.38  0.46    0.54     0.47     0.11    0.10   -0.15 -0.19          -0.07    0.24    -0.12      -0.12 -0.51
KR10                0.23  0.15  0.26       0.23  0.24  0.24  0.26     0.15  0.51  0.08  0.06     -0.04  1.00     0.12  0.03        0.09   0.29  0.24   -0.13     0.13    -0.09   -0.10   -0.18 -0.18          -0.18   -0.21    -0.17      -0.21 -0.21
LIVECOW             0.07  0.09  0.02       0.12  0.15  0.15  0.07     0.06  0.10  0.23  0.10      0.15  0.12     1.00  0.16        0.08   0.20  0.21    0.09     0.16     0.02   -0.10   -0.04 -0.04          -0.00    0.15    -0.22       0.03 -0.15
MIB                 0.33  0.04 -0.02       0.17  0.21  0.03  0.24     0.12  0.40  0.83  0.62      0.65  0.03     0.16  1.00        0.55   0.40  0.40    0.33     0.44     0.04    0.12   -0.17 -0.18          -0.22    0.22    -0.16      -0.15 -0.67
MSCIEMASIA          0.66  0.40  0.35       0.51  0.60  0.33  0.61     0.34  0.41  0.60  0.62      0.51  0.09     0.08  0.55        1.00   0.26  0.62    0.31     0.59    -0.14    0.00   -0.10 -0.02          -0.16    0.22    -0.07      -0.13 -0.60
MUMMY               0.29  0.09 -0.05      -0.02  0.09 -0.11  0.15     0.23  0.28  0.45  0.30      0.38  0.29     0.20  0.40        0.26   1.00  0.22    0.05     0.35     0.05    0.14    0.05 -0.11           0.19    0.20    -0.13       0.20 -0.35
MXP                 0.65  0.46  0.42       0.63  0.56  0.34  0.60     0.14  0.41  0.40  0.31      0.46  0.24     0.21  0.40        0.62   0.22  1.00    0.20     0.33    -0.06    0.15   -0.12 -0.09          -0.18    0.21    -0.03      -0.20 -0.39
RUBBER              0.33  0.27  0.11       0.14  0.22  0.13  0.25     0.14  0.03  0.27  0.29      0.54 -0.13     0.09  0.33        0.31   0.05  0.20    1.00     0.22     0.09   -0.06    0.08  0.06           0.19    0.23     0.05       0.11 -0.16
RUSSELL             0.40  0.18  0.05       0.18  0.32  0.11  0.40     0.49  0.36  0.57  0.85      0.47  0.13     0.16  0.44        0.59   0.35  0.33    0.22     1.00     0.18    0.00   -0.10 -0.08          -0.13    0.08    -0.18      -0.03 -0.67
LEANHOG            -0.10 -0.08 -0.16      -0.12 -0.12 -0.19 -0.04    -0.08 -0.01  0.06  0.11      0.11 -0.09     0.02  0.04       -0.14   0.05 -0.06    0.09     0.18     1.00    0.15    0.15 -0.03           0.05   -0.01    -0.18       0.04 -0.07
YENEUR             -0.12 -0.08 -0.14      -0.03 -0.18 -0.71 -0.12    -0.11 -0.17  0.15  0.04      0.10 -0.10    -0.10  0.12        0.00   0.14  0.15   -0.06     0.00     0.15    1.00   -0.02 -0.20          -0.15   -0.07    -0.08      -0.19 -0.20
CANOLA             -0.01  0.05 -0.06      -0.16 -0.13 -0.12 -0.02     0.01 -0.12 -0.15 -0.10     -0.15 -0.18    -0.04 -0.17       -0.10   0.05 -0.12    0.08    -0.10     0.15   -0.02    1.00  0.43           0.38    0.08     0.15       0.42  0.26
CORN                0.12  0.22  0.13       0.01  0.08  0.15  0.10     0.01 -0.26 -0.21 -0.08     -0.19 -0.18    -0.04 -0.18       -0.02  -0.11 -0.09    0.06    -0.08    -0.03   -0.20    0.43  1.00           0.39    0.10     0.34       0.46  0.25
CRUDE_W_micro       0.07  0.12 -0.21      -0.33 -0.14 -0.14 -0.09     0.13 -0.34 -0.29 -0.21     -0.07 -0.18    -0.00 -0.22       -0.16   0.19 -0.18    0.19    -0.13     0.05   -0.15    0.38  0.39           1.00    0.57     0.36       0.92  0.30
EU-OIL              0.20  0.01 -0.25      -0.17 -0.02 -0.08  0.06     0.11 -0.06  0.02  0.02      0.24 -0.21     0.15  0.22        0.22   0.20  0.21    0.23     0.08    -0.01   -0.07    0.08  0.10           0.57    1.00     0.20       0.56 -0.01
GAS-PEN             0.17  0.20  0.03      -0.02  0.05  0.03  0.10     0.09 -0.25 -0.21 -0.15     -0.12 -0.17    -0.22 -0.16       -0.07  -0.13 -0.03    0.05    -0.18    -0.18   -0.08    0.15  0.34           0.36    0.20     1.00       0.32  0.20
GASOILINE           0.00  0.02 -0.27      -0.37 -0.19 -0.14 -0.15     0.13 -0.30 -0.26 -0.14     -0.12 -0.21     0.03 -0.15       -0.13   0.20 -0.20    0.11    -0.03     0.04   -0.19    0.42  0.46           0.92    0.56     0.32       1.00  0.27
V2X                -0.36 -0.14 -0.02      -0.20 -0.29  0.00 -0.36    -0.22 -0.37 -0.67 -0.72     -0.51 -0.21    -0.15 -0.67       -0.60  -0.35 -0.39   -0.16    -0.67    -0.07   -0.20    0.26  0.25           0.30   -0.01     0.20       0.27  1.00


********************************************************************************
                                 END OF REPORT                                  
********************************************************************************


