
********************************************************************************
                    Risk report produced on 14/01/2026 22:53                    
********************************************************************************


Total risk across all strategies, annualised percentage 18.9
Percentage of capital used for margin 42.2%

========================================
Risk per strategy, annualised percentage
========================================

                  risk
dynamic_TF_carry  18.9


===================
Risk by asset class
===================

Ags        1.6
Bond       1.4
Equity    15.1
FX         3.5
Metals     5.0
OilGas     2.6
dtype: float64


=====================================================
Beta loadings of asset class positions on asset class
=====================================================

Bond     -0.14
OilGas   -0.03
Metals    0.03
Ags       0.03
FX        0.04
Equity    1.44
dtype: float64


========================================================
Beta loadings of full portfolio positions on asset class
========================================================

Bond     -0.32
OilGas   -0.04
Metals    0.29
Ags       0.43
FX        1.24
Equity    1.54
dtype: float64


==================================================================================================================================================================================================================================================================
                                                                                                                         Instrument risk                                                                                                                          
==================================================================================================================================================================================================================================================================

              daily_price_stdev  annual_price_stdev     price  daily_perc_stdev  annual_perc_stdev  point_size_base  contract_exposure  daily_risk_per_contract  annual_risk_per_contract  position  capital  exposure_held_perc_capital  annual_risk_perc_capital
GAS-PEN                   0.152               2.438      2.67              5.70               91.2           7436.4              19869                     1133                     18130        -1   688653                        -2.9                      -2.6
BITCOIN                2396.490           38343.834  97965.00              2.45               39.1              0.1               7285                      178                      2851        -6   688653                        -6.3                      -2.5
BUXL                      0.705              11.272    111.22              0.63               10.1            866.3              96350                      610                      9765        -1   688653                       -14.0                      -1.4
JPY                       0.000               0.001      0.01              0.51                8.2        9295442.6              58947                      302                      4846        -2   688653                       -17.1                      -1.4
EUR_micro                 0.003               0.051      1.17              0.27                4.4           9295.4              10854                       29                       473       -11   688653                       -17.3                      -0.8
RICE                      0.181               2.900     10.56              1.72               27.4           1487.3              15713                      269                      4312        -1   688653                        -2.3                      -0.6
WHEAT                     5.479              87.665    569.25              0.96               15.4             37.2              21165                      203                      3259        -1   688653                        -3.1                      -0.5
KRWUSD_mini               0.004               0.062      0.68              0.57                9.1          18590.9              12589                       71                      1148        -2   688653                        -3.7                      -0.3
AUD_micro                 0.003               0.043      0.67              0.40                6.4           7436.4               4966                       19                       318         1   688653                         0.7                       0.0
MXP                       0.000               0.003      0.06              0.39                6.2         371817.7              20758                       80                      1290         2   688653                         6.0                       0.4
FTSECHINAA              126.608            2025.725  15394.00              0.82               13.2              0.7              11447                       94                      1506         2   688653                         3.3                       0.4
BRE                       0.001               0.018      0.18              0.61                9.8          74363.5              13727                       84                      1345         3   688653                         6.0                       0.6
NIKKEI                  673.025           10768.402  54275.00              1.24               19.8              0.5              25362                      314                      5031         1   688653                         3.7                       0.7
NASDAQ_micro            237.568            3801.092  25554.50              0.93               14.9              1.5              38006                      353                      5653         1   688653                         5.5                       0.8
RUSSELL                  25.855             413.685   2660.70              0.97               15.5              3.7               9892                       96                      1538         4   688653                         5.7                       0.9
GBP                       0.005               0.078      1.34              0.36                5.8          46477.2              62442                      226                      3624         2   688653                        18.1                       1.1
TOPIX                    34.356             549.703   3636.25              0.94               15.1              4.7              16991                      160                      2568         4   688653                         9.9                       1.5
LEANHOG                   1.081              17.298     92.70              1.17               18.7            297.5              27574                      321                      5145         2   688653                         8.0                       1.5
SMI                      74.110            1185.757  13355.00              0.55                8.9              9.3             124027                      688                     11012         1   688653                        18.0                       1.6
YENEUR                    0.737              11.794    184.15              0.40                6.4            584.1             107564                      430                      6888         2   688653                        31.2                       2.0
MSCITAIWAN               14.924             238.779   1359.20              1.10               17.6             74.4             101074                     1109                     17756         1   688653                        14.7                       2.6
MIB                     292.855            4685.673  45745.00              0.64               10.2              4.3             198146                     1268                     20296         1   688653                        28.8                       2.9
MSCIEAFA                 19.121             305.937   2996.80              0.64               10.2             37.2             111426                      710                     11375         2   688653                        32.4                       3.3
AEX                       8.928             142.845    996.70              0.90               14.3            173.3             172690                     1546                     24749         1   688653                        25.1                       3.6
SILVER                    2.553              40.844     93.13              2.74               43.9            743.6              69254                     1898                     30373         1   688653                        10.1                       4.4

Sum of abs(notional exposure % capital) 293.9
Sum of abs(annualised risk % capital) 38.4
Net sum of annualised risk % capital 18.2 

===============================================================================================================================================================================================================================
                                                                                                         Correlations                                                                                                          
===============================================================================================================================================================================================================================

              BUXL   JPY  KRWUSD_mini   AEX  AUD_micro  BITCOIN   BRE  FTSECHINAA   MIB  MSCIEAFA  MSCITAIWAN   MXP  NASDAQ_micro  NIKKEI  RUSSELL   SMI  TOPIX  EUR_micro   GBP  GAS-PEN  RICE  WHEAT  LEANHOG  SILVER  YENEUR
BUXL          1.00  0.35         0.12  0.07      -0.04    -0.07  0.10       -0.07 -0.24     -0.17       -0.09 -0.08         -0.01   -0.18    -0.04 -0.07  -0.18      -0.07 -0.01    -0.12 -0.10   0.02     0.06    0.03   -0.48
JPY           0.35  1.00         0.53 -0.07       0.29    -0.13  0.16       -0.03 -0.09      0.13       -0.15  0.05         -0.22   -0.29    -0.22 -0.02  -0.26       0.59  0.48    -0.17  0.01   0.01     0.13   -0.09   -0.67
KRWUSD_mini   0.12  0.53         1.00  0.03       0.47    -0.01  0.20        0.06  0.05      0.31        0.13  0.18          0.06    0.05    -0.06  0.06  -0.00       0.45  0.36    -0.04 -0.03   0.07     0.05   -0.22   -0.23
AEX           0.07 -0.07         0.03  1.00       0.41     0.33  0.40        0.43  0.66      0.53        0.57  0.25          0.58    0.55     0.54  0.61   0.58      -0.07  0.18    -0.01 -0.10   0.04     0.15    0.28    0.03
AUD_micro    -0.04  0.29         0.47  0.41       1.00     0.35  0.42        0.45  0.58      0.77        0.54  0.46          0.50    0.53     0.39  0.56   0.54       0.56  0.70     0.02  0.08   0.17     0.33    0.25    0.17
BITCOIN      -0.07 -0.13        -0.01  0.33       0.35     1.00  0.13        0.24  0.37      0.29        0.41  0.16          0.55    0.45     0.54  0.25   0.38      -0.02  0.25     0.02  0.12  -0.06     0.10    0.01    0.09
BRE           0.10  0.16         0.20  0.40       0.42     0.13  1.00        0.30  0.43      0.40        0.36  0.47          0.31    0.39     0.24  0.31   0.42       0.24  0.33     0.11 -0.13   0.14     0.14    0.13   -0.00
FTSECHINAA   -0.07 -0.03         0.06  0.43       0.45     0.24  0.30        1.00  0.53      0.51        0.44  0.30          0.35    0.41     0.31  0.39   0.47       0.11  0.26     0.08 -0.06   0.21     0.25    0.17    0.14
MIB          -0.24 -0.09         0.05  0.66       0.58     0.37  0.43        0.53  1.00      0.78        0.66  0.40          0.58    0.64     0.49  0.73   0.73       0.06  0.40    -0.03  0.04   0.06     0.25    0.33    0.19
MSCIEAFA     -0.17  0.13         0.31  0.53       0.77     0.29  0.40        0.51  0.78      1.00        0.65  0.40          0.56    0.68     0.48  0.73   0.75       0.35  0.57     0.09  0.05   0.07     0.19    0.27    0.17
MSCITAIWAN   -0.09 -0.15         0.13  0.57       0.54     0.41  0.36        0.44  0.66      0.65        1.00  0.37          0.73    0.77     0.54  0.52   0.75       0.06  0.37     0.05  0.09   0.02     0.17    0.21    0.21
MXP          -0.08  0.05         0.18  0.25       0.46     0.16  0.47        0.30  0.40      0.40        0.37  1.00          0.31    0.35     0.23  0.26   0.39       0.40  0.47    -0.07 -0.13   0.14     0.18    0.32    0.33
NASDAQ_micro -0.01 -0.22         0.06  0.58       0.50     0.55  0.31        0.35  0.58      0.56        0.73  0.31          1.00    0.73     0.76  0.50   0.64      -0.07  0.25     0.10 -0.04   0.03     0.15    0.16    0.19
NIKKEI       -0.18 -0.29         0.05  0.55       0.53     0.45  0.39        0.41  0.64      0.68        0.77  0.35          0.73    1.00     0.61  0.56   0.91       0.04  0.32     0.11  0.01   0.02     0.08    0.23    0.36
RUSSELL      -0.04 -0.22        -0.06  0.54       0.39     0.54  0.24        0.31  0.49      0.48        0.54  0.23          0.76    0.61     1.00  0.57   0.58      -0.12  0.19     0.01 -0.10  -0.11     0.23    0.28    0.15
SMI          -0.07 -0.02         0.06  0.61       0.56     0.25  0.31        0.39  0.73      0.73        0.52  0.26          0.50    0.56     0.57  1.00   0.66       0.09  0.45     0.08 -0.05  -0.10     0.18    0.38    0.14
TOPIX        -0.18 -0.26        -0.00  0.58       0.54     0.38  0.42        0.47  0.73      0.75        0.75  0.39          0.64    0.91     0.58  0.66   1.00       0.07  0.36     0.12 -0.02  -0.01     0.13    0.27    0.38
EUR_micro    -0.07  0.59         0.45 -0.07       0.56    -0.02  0.24        0.11  0.06      0.35        0.06  0.40         -0.07    0.04    -0.12  0.09   0.07       1.00  0.77    -0.17  0.03   0.11     0.20    0.04    0.18
GBP          -0.01  0.48         0.36  0.18       0.70     0.25  0.33        0.26  0.40      0.57        0.37  0.47          0.25    0.32     0.19  0.45   0.36       0.77  1.00    -0.11  0.07  -0.02     0.26    0.18    0.14
GAS-PEN      -0.12 -0.17        -0.04 -0.01       0.02     0.02  0.11        0.08 -0.03      0.09        0.05 -0.07          0.10    0.11     0.01  0.08   0.12      -0.17 -0.11     1.00  0.02   0.21    -0.11   -0.25    0.02
RICE         -0.10  0.01        -0.03 -0.10       0.08     0.12 -0.13       -0.06  0.04      0.05        0.09 -0.13         -0.04    0.01    -0.10 -0.05  -0.02       0.03  0.07     0.02  1.00   0.10     0.13    0.11   -0.01
WHEAT         0.02  0.01         0.07  0.04       0.17    -0.06  0.14        0.21  0.06      0.07        0.02  0.14          0.03    0.02    -0.11 -0.10  -0.01       0.11 -0.02     0.21  0.10   1.00     0.16   -0.00    0.06
LEANHOG       0.06  0.13         0.05  0.15       0.33     0.10  0.14        0.25  0.25      0.19        0.17  0.18          0.15    0.08     0.23  0.18   0.13       0.20  0.26    -0.11  0.13   0.16     1.00    0.26    0.03
SILVER        0.03 -0.09        -0.22  0.28       0.25     0.01  0.13        0.17  0.33      0.27        0.21  0.32          0.16    0.23     0.28  0.38   0.27       0.04  0.18    -0.25  0.11  -0.00     0.26    1.00    0.19
YENEUR       -0.48 -0.67        -0.23  0.03       0.17     0.09 -0.00        0.14  0.19      0.17        0.21  0.33          0.19    0.36     0.15  0.14   0.38       0.18  0.14     0.02 -0.01   0.06     0.03    0.19    1.00


********************************************************************************
                                 END OF REPORT                                  
********************************************************************************


