
********************************************************************************
                    Risk report produced on 28/12/2023 22:51                    
********************************************************************************


Total risk across all strategies, annualised percentage 10.4
Percentage of capital used for margin 58.1%

========================================
Risk per strategy, annualised percentage
========================================

                  risk
dynamic_TF_carry  10.4


===================
Risk by asset class
===================

Ags       1.7
Bond      1.4
Equity    6.0
FX        3.0
Metals    1.9
OilGas    4.9
Sector    0.8
Vol       1.6
dtype: float64


=====================================================
Beta loadings of asset class positions on asset class
=====================================================

FX       -0.08
Ags      -0.06
OilGas   -0.06
Vol      -0.03
Sector    0.04
Metals    0.08
Bond      0.19
Equity    0.58
dtype: float64


========================================================
Beta loadings of full portfolio positions on asset class
========================================================

Vol      -0.14
OilGas   -0.03
Ags      -0.02
Metals    0.11
Sector    0.19
FX        0.30
Bond      0.32
Equity    0.75
dtype: float64


=================================================================================================================================================================================================================================================================
                                                                                                                         Instrument risk                                                                                                                         
=================================================================================================================================================================================================================================================================

             daily_price_stdev  annual_price_stdev     price  daily_perc_stdev  annual_perc_stdev  point_size_base  contract_exposure  daily_risk_per_contract  annual_risk_per_contract  position  capital  exposure_held_perc_capital  annual_risk_perc_capital
GAS-PEN                  0.118               1.892      2.44              4.85               77.6           7808.3              19028                      923                     14771        -1   368780                        -5.2                      -4.0
JPY                      0.000               0.001      0.01              0.68               10.8        9760401.7              69850                      471                      7550        -1   368780                       -18.9                      -2.0
LEANHOG                  1.283              20.531     75.05              1.71               27.4            312.3              23440                      400                      6412        -1   368780                        -6.4                      -1.7
VIX                      0.459               7.341     15.30              3.00               48.0            780.8              11946                      358                      5731        -1   368780                        -3.2                      -1.6
GAS_US_mini              0.120               1.916      2.57              4.66               74.5           1952.1               5016                      233                      3740        -1   368780                        -1.4                      -1.0
EUR_micro                0.005               0.087      1.11              0.49                7.8           9760.4              10833                       53                       849        -2   368780                        -5.9                      -0.5
EU-OIL                   4.054              64.863    356.00              1.14               18.2             43.4              15447                      175                      2814         1   368780                         4.2                       0.8
CNH                      0.020               0.314      7.11              0.28                4.4          10979.9              78069                      215                      3451         1   368780                        21.2                       0.9
BITCOIN               1156.381           18502.097  43005.00              2.69               43.0              0.1               3357                       90                      1444         3   368780                         2.7                       1.2
MXP                      0.000               0.006      0.06              0.62                9.9         390416.1              22741                      140                      2246         2   368780                        12.3                       1.2
NIKKEI                 294.506            4712.099  33510.00              0.88               14.1              0.6              18539                      162                      2606         2   368780                        10.1                       1.4
IRON                     2.095              33.527    136.80              1.53               24.5             78.1              10681                      163                      2617         2   368780                         5.8                       1.4
KR10                     0.545               8.727    115.22              0.47                7.6            606.4              69870                      330                      5291         1   368780                        18.9                       1.4
FTSETAIWAN              10.721             171.536   1550.50              0.69               11.1             31.2              48427                      334                      5357         1   368780                        13.1                       1.5
CAC                     50.238             803.809   7548.00              0.67               10.6              8.7              65503                      435                      6975         1   368780                        17.8                       1.9
R1000                   13.569             217.108   1648.40              0.82               13.2             39.0              64356                      529                      8476         1   368780                        17.5                       2.3

Sum of abs(notional exposure % capital) 164.6
Sum of abs(annualised risk % capital) 24.8
Net sum of annualised risk % capital 3.2 

===========================================================================================================================================
                                                               Correlations                                                                
===========================================================================================================================================

              CNH  GAS-PEN  GAS_US_mini   VIX  EUR_micro   JPY  KR10   CAC  FTSETAIWAN   MXP  NIKKEI  R1000  BITCOIN  EU-OIL  IRON  LEANHOG
CNH          1.00     0.20         0.25  0.09      -0.58 -0.54 -0.44 -0.25       -0.38 -0.17   -0.10  -0.29    -0.10   -0.04 -0.35    -0.20
GAS-PEN      0.20     1.00         0.87  0.00      -0.02 -0.29  0.01 -0.11       -0.03 -0.10    0.08   0.03     0.00    0.16 -0.20     0.11
GAS_US_mini  0.25     0.87         1.00 -0.03      -0.10 -0.29 -0.02 -0.06        0.03 -0.10    0.12   0.08    -0.00    0.19 -0.14     0.07
VIX          0.09     0.00        -0.03  1.00      -0.18  0.03 -0.27 -0.65       -0.51 -0.55   -0.63  -0.70    -0.09   -0.32 -0.15    -0.14
EUR_micro   -0.58    -0.02        -0.10 -0.18       1.00  0.49  0.38  0.31        0.36  0.42    0.17   0.40     0.04    0.09  0.13     0.12
JPY         -0.54    -0.29        -0.29  0.03       0.49  1.00  0.38  0.06        0.12  0.13   -0.28   0.19    -0.02   -0.04  0.18     0.11
KR10        -0.44     0.01        -0.02 -0.27       0.38  0.38  1.00  0.39        0.42  0.15    0.23   0.44     0.12    0.01  0.14     0.18
CAC         -0.25    -0.11        -0.06 -0.65       0.31  0.06  0.39  1.00        0.59  0.51    0.63   0.76     0.17    0.45  0.26     0.13
FTSETAIWAN  -0.38    -0.03         0.03 -0.51       0.36  0.12  0.42  0.59        1.00  0.37    0.61   0.55     0.08    0.20  0.37     0.20
MXP         -0.17    -0.10        -0.10 -0.55       0.42  0.13  0.15  0.51        0.37  1.00    0.50   0.50     0.00    0.37  0.24     0.00
NIKKEI      -0.10     0.08         0.12 -0.63       0.17 -0.28  0.23  0.63        0.61  0.50    1.00   0.59     0.12    0.36  0.30     0.06
R1000       -0.29     0.03         0.08 -0.70       0.40  0.19  0.44  0.76        0.55  0.50    0.59   1.00     0.20    0.46  0.18     0.25
BITCOIN     -0.10     0.00        -0.00 -0.09       0.04 -0.02  0.12  0.17        0.08  0.00    0.12   0.20     1.00   -0.02  0.06    -0.04
EU-OIL      -0.04     0.16         0.19 -0.32       0.09 -0.04  0.01  0.45        0.20  0.37    0.36   0.46    -0.02    1.00  0.19     0.11
IRON        -0.35    -0.20        -0.14 -0.15       0.13  0.18  0.14  0.26        0.37  0.24    0.30   0.18     0.06    0.19  1.00     0.09
LEANHOG     -0.20     0.11         0.07 -0.14       0.12  0.11  0.18  0.13        0.20  0.00    0.06   0.25    -0.04    0.11  0.09     1.00


********************************************************************************
                                 END OF REPORT                                  
********************************************************************************


