
********************************************************************************
                    Risk report produced on 19/02/2024 22:50                    
********************************************************************************


Total risk across all strategies, annualised percentage 9.6
Percentage of capital used for margin 50.7%

========================================
Risk per strategy, annualised percentage
========================================

                  risk
dynamic_TF_carry   9.6


===================
Risk by asset class
===================

Ags       0.8
Bond      3.2
Equity    4.4
FX        5.4
Metals    1.1
Sector    0.6
dtype: float64


=====================================================
Beta loadings of asset class positions on asset class
=====================================================

Bond     -0.97
FX       -0.17
Ags      -0.05
Sector    0.04
Metals    0.05
Equity    0.38
dtype: float64


========================================================
Beta loadings of full portfolio positions on asset class
========================================================

Bond     -2.03
Ags      -0.02
Metals    0.04
FX        0.19
Sector    0.20
Equity    0.57
dtype: float64


=================================================================================================================================================================================================================================================================
                                                                                                                         Instrument risk                                                                                                                         
=================================================================================================================================================================================================================================================================

             daily_price_stdev  annual_price_stdev     price  daily_perc_stdev  annual_perc_stdev  point_size_base  contract_exposure  daily_risk_per_contract  annual_risk_per_contract  position  capital  exposure_held_perc_capital  annual_risk_perc_capital
BOBL                     0.338               5.402    116.56              0.29                4.6            854.5              99595                      288                      4615        -2   384682                       -51.8                      -2.4
CHF                      0.006               0.090      1.14              0.50                7.9          99015.0             112515                      557                      8920        -1   384682                       -29.2                      -2.3
JPY                      0.000               0.001      0.01              0.60                9.6        9901499.9              66241                      395                      6334        -1   384682                       -17.2                      -1.6
US2                      0.158               2.535    101.97              0.16                2.5           1584.2             161542                      250                      4015        -1   384682                       -42.0                      -1.0
CORN                     4.574              73.186    458.00              1.00               16.0             39.6              18139                      181                      2898        -1   384682                        -4.7                      -0.8
EUR_micro                0.004               0.069      1.08              0.40                6.4           9901.5              10683                       42                       680        -2   384682                        -5.6                      -0.4
SP500_micro             38.666             618.657   5014.50              0.77               12.3              4.0              19860                      153                      2450         1   384682                         5.2                       0.6
EU-OIL                   3.605              57.674    346.90              1.04               16.6             42.7              14820                      154                      2464         1   384682                         3.9                       0.6
IRON                     2.179              34.867    127.25              1.71               27.4             79.2              10079                      172                      2761         1   384682                         2.6                       0.7
BITCOIN               1164.046           18624.741  51930.00              2.24               35.9              0.1               4113                       92                      1475         2   384682                         2.1                       0.8
CNH                      0.017               0.272      7.20              0.24                3.8          10985.1              79080                      186                      2988         1   384682                        20.6                       0.8
MXP                      0.000               0.005      0.06              0.55                8.8         396060.0              23129                      126                      2030         2   384682                        12.0                       1.1
R1000                   13.341             213.459   1661.90              0.80               12.8             39.6              65821                      528                      8454         1   384682                        17.1                       2.2
NIKKEI                 333.541            5336.658  38435.00              0.87               13.9              0.5              20298                      176                      2818         3   384682                        15.8                       2.2
YENEUR                   0.804              12.858    161.31              0.50                8.0            660.2             106491                      530                      8488         1   384682                        27.7                       2.2

Sum of abs(notional exposure % capital) 257.5
Sum of abs(annualised risk % capital) 19.7
Net sum of annualised risk % capital 2.7 

===========================================================================================================================
                                                       Correlations                                                        
===========================================================================================================================

             NIKKEI  YENEUR   CNH  BOBL   JPY   US2   CHF  EUR_micro   MXP  R1000  SP500_micro  BITCOIN  CORN  EU-OIL  IRON
NIKKEI         1.00    0.52 -0.01 -0.19 -0.34 -0.37 -0.05       0.16  0.34   0.52         0.56     0.09  0.10    0.36  0.11
YENEUR         0.52    1.00  0.14 -0.38 -0.64 -0.30 -0.08       0.28  0.26   0.19         0.25     0.14  0.05    0.02 -0.13
CNH           -0.01    0.14  1.00 -0.27 -0.58 -0.38 -0.45      -0.56 -0.12  -0.35        -0.37    -0.02 -0.07   -0.11 -0.36
BOBL          -0.19   -0.38 -0.27  1.00  0.41  0.70  0.32       0.17 -0.02   0.09         0.07     0.11  0.02   -0.10  0.13
JPY           -0.34   -0.64 -0.58  0.41  1.00  0.52  0.64       0.52  0.10   0.20         0.19     0.00  0.09    0.02  0.22
US2           -0.37   -0.30 -0.38  0.70  0.52  1.00  0.42       0.36 -0.14  -0.05        -0.04     0.07 -0.01   -0.25  0.04
CHF           -0.05   -0.08 -0.45  0.32  0.64  0.42  1.00       0.76  0.30   0.35         0.32     0.11  0.18    0.14  0.21
EUR_micro      0.16    0.28 -0.56  0.17  0.52  0.36  0.76       1.00  0.43   0.45         0.49     0.17  0.16    0.10  0.13
MXP            0.34    0.26 -0.12 -0.02  0.10 -0.14  0.30       0.43  1.00   0.51         0.50     0.09  0.09    0.26  0.26
R1000          0.52    0.19 -0.35  0.09  0.20 -0.05  0.35       0.45  0.51   1.00         0.89     0.20  0.08    0.46  0.33
SP500_micro    0.56    0.25 -0.37  0.07  0.19 -0.04  0.32       0.49  0.50   0.89         1.00     0.14  0.08    0.26  0.29
BITCOIN        0.09    0.14 -0.02  0.11  0.00  0.07  0.11       0.17  0.09   0.20         0.14     1.00  0.05   -0.02  0.01
CORN           0.10    0.05 -0.07  0.02  0.09 -0.01  0.18       0.16  0.09   0.08         0.08     0.05  1.00    0.15  0.14
EU-OIL         0.36    0.02 -0.11 -0.10  0.02 -0.25  0.14       0.10  0.26   0.46         0.26    -0.02  0.15    1.00  0.14
IRON           0.11   -0.13 -0.36  0.13  0.22  0.04  0.21       0.13  0.26   0.33         0.29     0.01  0.14    0.14  1.00


********************************************************************************
                                 END OF REPORT                                  
********************************************************************************


