
********************************************************************************
                    Risk report produced on 13/04/2026 22:53                    
********************************************************************************


Total risk across all strategies, annualised percentage 8.3
Percentage of capital used for margin 33.8%

========================================
Risk per strategy, annualised percentage
========================================

                  risk
dynamic_TF_carry   8.3


===================
Risk by asset class
===================

Ags       1.7
Bond      1.7
Equity    2.4
FX        2.0
Metals    2.3
OilGas    5.3
Sector    2.0
Vol       0.1
dtype: float64


=====================================================
Beta loadings of asset class positions on asset class
=====================================================

Bond     -0.29
FX       -0.13
Equity   -0.13
Metals   -0.05
Vol      -0.00
Ags       0.03
OilGas    0.04
Sector    0.09
dtype: float64


========================================================
Beta loadings of full portfolio positions on asset class
========================================================

Bond     -0.63
FX       -0.34
Equity   -0.11
Metals   -0.04
Vol       0.03
OilGas    0.06
Sector    0.12
Ags       0.15
dtype: float64


==================================================================================================================================================================================================================================================================
                                                                                                                         Instrument risk                                                                                                                          
==================================================================================================================================================================================================================================================================

              daily_price_stdev  annual_price_stdev     price  daily_perc_stdev  annual_perc_stdev  point_size_base  contract_exposure  daily_risk_per_contract  annual_risk_per_contract  position  capital  exposure_held_perc_capital  annual_risk_perc_capital
BITCOIN                2171.250           34740.005  72510.00              2.99               47.9              0.1               5408                      161                      2591        -6   687000                        -4.7                      -2.3
GAS-PEN                   0.112               1.786      2.81              3.98               63.6           7458.7              20929                      832                     13319        -1   687000                        -3.0                      -1.9
CHF                       0.006               0.104      1.28              0.51                8.1          93234.2             119745                      604                      9678        -1   687000                       -17.4                      -1.4
KR10                      0.568               9.095    110.27              0.52                8.2            499.7              55105                      284                      4545        -2   687000                       -16.0                      -1.3
NASDAQ_micro            306.938            4911.015  25438.50              1.21               19.3              1.5              37947                      457                      7325        -1   687000                        -5.5                      -1.1
REDWHEAT                  9.801             156.819    628.75              1.56               24.9             37.3              23448                      365                      5848        -1   687000                        -3.4                      -0.9
DOW                     474.014            7584.217  48273.00              0.98               15.7              0.4              18002                      176                      2828        -2   687000                        -5.2                      -0.8
LEANHOG                   1.022              16.350    106.02              0.96               15.4            298.3              31632                      304                      4878        -1   687000                        -4.6                      -0.7
US10                      0.352               5.638    111.20              0.32                5.1            745.9              82943                      262                      4205        -1   687000                       -12.1                      -0.6
SP500_micro              67.631            1082.091   6895.25              0.98               15.7              3.7              25714                      252                      4035        -1   687000                        -3.7                      -0.6
HANGENT_mini            120.919            1934.711   8594.00              1.41               22.5              1.0               8184                      115                      1842        -2   687000                        -2.4                      -0.5
CAD                       0.002               0.035      0.73              0.30                4.8          74587.3              54228                      163                      2614        -1   687000                        -7.9                      -0.4
V2X                       0.668              10.684     22.40              2.98               47.7             87.2               1952                       58                       931        -1   687000                        -0.3                      -0.1
EUR_micro                 0.005               0.082      1.18              0.44                7.0           9323.4              10995                       47                       765        -1   687000                        -1.6                      -0.1
CANOLA                    9.231             147.689    717.60              1.29               20.6             10.8               7723                       99                      1589         1   687000                         1.1                       0.2
MUMMY                    15.812             252.996    733.00              2.16               34.5              4.7               3423                       73                      1181         2   687000                         1.0                       0.3
AUD_micro                 0.004               0.067      0.71              0.59                9.5           7458.7               5289                       31                       500         5   687000                         3.8                       0.4
FTSECHINAA              162.117            2593.880  15060.00              1.08               17.2              0.7              11232                      120                      1934         2   687000                         3.3                       0.6
MXP                       0.000               0.006      0.06              0.70               11.1         372936.7              21440                      149                      2386         2   687000                         6.2                       0.7
EU-OIL                    6.892             110.265    546.40              1.26               20.2             43.6              23817                      300                      4806         1   687000                         3.5                       0.7
YENEUR                    0.735              11.768    186.91              0.39                6.3            583.9             109131                      429                      6870         1   687000                        15.9                       1.0
LIVECOW                   1.932              30.918    248.70              0.78               12.4            298.3              74199                      576                      9224         1   687000                        10.8                       1.3
EU-BASIC                 15.199             243.187    796.80              1.91               30.5             43.6              34733                      662                     10600         1   687000                         5.1                       1.5
GASOILINE                 0.070               1.125      2.92              2.41               38.6          31326.7              91358                     2202                     35245         1   687000                        13.3                       5.1

Sum of abs(notional exposure % capital) 151.8
Sum of abs(annualised risk % capital) 24.5
Net sum of annualised risk % capital -0.9 

===================================================================================================================================================================================================================================
                                                                                                           Correlations                                                                                                            
===================================================================================================================================================================================================================================

              AUD_micro   CAD   CHF  EUR_micro  KR10  US10  LEANHOG  LIVECOW  MUMMY  YENEUR  BITCOIN   DOW  EU-BASIC  FTSECHINAA  HANGENT_mini   MXP  NASDAQ_micro  SP500_micro  CANOLA  EU-OIL  GAS-PEN  GASOILINE  REDWHEAT   V2X
AUD_micro          1.00  0.75  0.58       0.61  0.09  0.23     0.14    -0.04   0.14   -0.01     0.12  0.33      0.50        0.29          0.48  0.48          0.43         0.43    0.00    0.26     0.21       0.04      0.27 -0.36
CAD                0.75  1.00  0.71       0.62  0.12  0.15     0.07    -0.03  -0.02   -0.02     0.10  0.18      0.14        0.09          0.37  0.41          0.27         0.25   -0.02   -0.06     0.20      -0.08      0.21 -0.08
CHF                0.58  0.71  1.00       0.84  0.30  0.37     0.01     0.00  -0.10   -0.14    -0.03  0.08      0.11        0.00          0.34  0.40          0.01         0.02   -0.10   -0.21     0.03      -0.39      0.08 -0.06
EUR_micro          0.61  0.62  0.84       1.00  0.18  0.31     0.03     0.07  -0.09    0.07     0.06  0.14      0.25        0.04          0.38  0.52          0.05         0.07   -0.17   -0.13    -0.01      -0.44     -0.04 -0.22
KR10               0.09  0.12  0.30       0.18  1.00  0.51    -0.05     0.23   0.06   -0.30     0.14  0.02      0.00        0.00          0.13  0.00          0.06         0.05   -0.04   -0.23    -0.22      -0.07     -0.15 -0.13
US10               0.23  0.15  0.37       0.31  0.51  1.00     0.05     0.13   0.10   -0.31    -0.07  0.24      0.14        0.00          0.10  0.07         -0.02         0.12   -0.17   -0.07    -0.03      -0.25     -0.16 -0.23
LEANHOG            0.14  0.07  0.01       0.03 -0.05  0.05     1.00     0.18   0.26    0.09     0.04  0.13      0.22        0.14          0.02  0.09         -0.05         0.05    0.16    0.22    -0.19       0.11     -0.05 -0.22
LIVECOW           -0.04 -0.03  0.00       0.07  0.23  0.13     0.18     1.00   0.18    0.03     0.09  0.16      0.29        0.15          0.07  0.13         -0.09         0.03   -0.19    0.18    -0.24       0.08     -0.29 -0.23
MUMMY              0.14 -0.02 -0.10      -0.09  0.06  0.10     0.26     0.18   1.00    0.16     0.05  0.20      0.26        0.28          0.13  0.16          0.11         0.18    0.09    0.35    -0.08       0.24      0.03 -0.31
YENEUR            -0.01 -0.02 -0.14       0.07 -0.30 -0.31     0.09     0.03   0.16    1.00     0.06  0.00      0.15        0.16          0.02  0.28          0.02         0.04    0.06    0.09    -0.02      -0.02     -0.15 -0.04
BITCOIN            0.12  0.10 -0.03       0.06  0.14 -0.07     0.04     0.09   0.05    0.06     1.00  0.28      0.16        0.08          0.28  0.03          0.50         0.44    0.01    0.08     0.08       0.13     -0.03 -0.24
DOW                0.33  0.18  0.08       0.14  0.02  0.24     0.13     0.16   0.20    0.00     0.28  1.00      0.55        0.22          0.20  0.34          0.66         0.85   -0.09    0.08    -0.08      -0.15     -0.17 -0.63
EU-BASIC           0.50  0.14  0.11       0.25  0.00  0.14     0.22     0.29   0.26    0.15     0.16  0.55      1.00        0.37          0.36  0.43          0.37         0.49   -0.02    0.47    -0.14       0.02     -0.04 -0.65
FTSECHINAA         0.29  0.09  0.00       0.04  0.00  0.00     0.14     0.15   0.28    0.16     0.08  0.22      0.37        1.00          0.54  0.18          0.20         0.23    0.03    0.26     0.03       0.12      0.20 -0.26
HANGENT_mini       0.48  0.37  0.34       0.38  0.13  0.10     0.02     0.07   0.13    0.02     0.28  0.20      0.36        0.54          1.00  0.45          0.36         0.34    0.08    0.15     0.10       0.04      0.17 -0.13
MXP                0.48  0.41  0.40       0.52  0.00  0.07     0.09     0.13   0.16    0.28     0.03  0.34      0.43        0.18          0.45  1.00          0.29         0.34   -0.10    0.07    -0.04      -0.19     -0.05 -0.34
NASDAQ_micro       0.43  0.27  0.01       0.05  0.06 -0.02    -0.05    -0.09   0.11    0.02     0.50  0.66      0.37        0.20          0.36  0.29          1.00         0.94    0.05    0.08     0.16       0.03      0.11 -0.46
SP500_micro        0.43  0.25  0.02       0.07  0.05  0.12     0.05     0.03   0.18    0.04     0.44  0.85      0.49        0.23          0.34  0.34          0.94         1.00    0.00    0.12     0.08      -0.02     -0.02 -0.57
CANOLA             0.00 -0.02 -0.10      -0.17 -0.04 -0.17     0.16    -0.19   0.09    0.06     0.01 -0.09     -0.02        0.03          0.08 -0.10          0.05         0.00    1.00    0.12     0.19       0.31      0.34  0.14
EU-OIL             0.26 -0.06 -0.21      -0.13 -0.23 -0.07     0.22     0.18   0.35    0.09     0.08  0.08      0.47        0.26          0.15  0.07          0.08         0.12    0.12    1.00     0.02       0.63      0.26 -0.34
GAS-PEN            0.21  0.20  0.03      -0.01 -0.22 -0.03    -0.19    -0.24  -0.08   -0.02     0.08 -0.08     -0.14        0.03          0.10 -0.04          0.16         0.08    0.19    0.02     1.00       0.12      0.32  0.16
GASOILINE          0.04 -0.08 -0.39      -0.44 -0.07 -0.25     0.11     0.08   0.24   -0.02     0.13 -0.15      0.02        0.12          0.04 -0.19          0.03        -0.02    0.31    0.63     0.12       1.00      0.44  0.11
REDWHEAT           0.27  0.21  0.08      -0.04 -0.15 -0.16    -0.05    -0.29   0.03   -0.15    -0.03 -0.17     -0.04        0.20          0.17 -0.05          0.11        -0.02    0.34    0.26     0.32       0.44      1.00  0.24
V2X               -0.36 -0.08 -0.06      -0.22 -0.13 -0.23    -0.22    -0.23  -0.31   -0.04    -0.24 -0.63     -0.65       -0.26         -0.13 -0.34         -0.46        -0.57    0.14   -0.34     0.16       0.11      0.24  1.00


********************************************************************************
                                 END OF REPORT                                  
********************************************************************************


