
********************************************************************************
                    Risk report produced on 17/09/2025 22:53                    
********************************************************************************


Total risk across all strategies, annualised percentage 15.9
Percentage of capital used for margin 47.1%

========================================
Risk per strategy, annualised percentage
========================================

                  risk
dynamic_TF_carry  15.9


===================
Risk by asset class
===================

Ags        4.5
Bond       4.4
Equity    10.7
FX         1.5
Metals     4.4
OilGas     3.1
Sector     1.1
dtype: float64


=====================================================
Beta loadings of asset class positions on asset class
=====================================================

FX       -0.28
OilGas   -0.07
Sector   -0.06
Metals    0.23
Ags       0.26
Bond      0.75
Equity    0.81
dtype: float64


========================================================
Beta loadings of full portfolio positions on asset class
========================================================

OilGas   -0.09
Sector    0.35
Metals    0.48
Ags       0.60
Bond      0.74
Equity    0.94
FX        1.04
dtype: float64


==================================================================================================================================================================================================================================================================
                                                                                                                         Instrument risk                                                                                                                          
==================================================================================================================================================================================================================================================================

             daily_price_stdev  annual_price_stdev      price  daily_perc_stdev  annual_perc_stdev  point_size_base  contract_exposure  daily_risk_per_contract  annual_risk_per_contract  position  capital  exposure_held_perc_capital  annual_risk_perc_capital
GAS-PEN                  0.088               1.404       3.08              2.85               45.6           7325.3              22532                      642                     10283        -1   583569                        -3.9                      -1.8
JPY                      0.000               0.001       0.01              0.51                8.1        9156603.6              62979                      320                      5122        -2   583569                       -21.6                      -1.8
GAS_US_mini              0.088               1.416       3.08              2.88               46.0           1831.3               5631                      162                      2592        -3   583569                        -2.9                      -1.3
EU-TECH                  9.185             146.953     794.40              1.16               18.5             43.4              34500                      398                      6382        -1   583569                        -5.9                      -1.1
DAX                    189.555            3032.879   23325.00              0.81               13.0              0.9              20259                      164                      2634        -2   583569                        -6.9                      -0.9
DX                       0.398               6.368      96.56              0.41                6.6            732.5              70732                      291                      4664        -1   583569                       -12.1                      -0.8
WHEAT                    6.172              98.751     528.50              1.17               18.7             36.6              19357                      226                      3616        -1   583569                        -3.3                      -0.6
BITCOIN               2301.478           36823.649  116820.00              1.97               31.5              0.1               8557                      168                      2697        -1   583569                        -1.5                      -0.5
KRWUSD_mini              0.003               0.055       0.73              0.47                7.6          18313.2              13291                       63                      1009        -2   583569                        -4.6                      -0.3
FTSECHINAA             149.114            2385.817   15188.00              0.98               15.7              0.7              11125                      109                      1747         1   583569                         1.9                       0.3
TOPIX                   26.724             427.586    3129.00              0.85               13.7              5.0              15642                      133                      2137         1   583569                         2.7                       0.4
GOLD_micro              27.340             437.441    3695.10              0.74               11.8              7.3              27067                      200                      3204         1   583569                         4.6                       0.5
CAD10                    0.391               6.256     122.27              0.32                5.1            532.7              65130                      208                      3332         1   583569                        11.2                       0.6
NIKKEI                 442.558            7080.931   44710.00              0.99               15.8              0.5              22351                      221                      3539         1   583569                         3.8                       0.6
GBP                      0.005               0.077       1.36              0.35                5.7          45783.0              62475                      221                      3544         1   583569                        10.7                       0.6
OAT                      0.397               6.359     121.77              0.33                5.2            868.6             105767                      345                      5523         1   583569                        18.1                       0.9
RUSSELL                 25.182             402.911    2416.20              1.04               16.7              3.7               8849                       92                      1475         4   583569                         6.1                       1.0
LEANHOG                  0.943              15.083      87.70              1.07               17.2            293.0              25697                      276                      4419         2   583569                         8.8                       1.5
US30                     0.871              13.930     121.62              0.72               11.5            732.5              89093                      637                     10204         1   583569                        15.3                       1.7
BTP                      0.403               6.455     120.29              0.34                5.4            868.6             104482                      350                      5606         2   583569                        35.8                       1.9
SILVER                   0.539               8.621      41.99              1.28               20.5            732.5              30758                      394                      6315         2   583569                        10.5                       2.2
MSCITAIWAN              11.357             181.705    1094.80              1.04               16.6             73.3              80197                      831                     13310         1   583569                        13.7                       2.3
PLAT                    23.163             370.601    1387.70              1.67               26.7             36.6              50826                      848                     13573         1   583569                         8.7                       2.3
FEEDCOW                  3.857              61.715     344.92              1.12               17.9            366.3             126333                     1412                     22603         1   583569                        21.6                       3.9
MSCIEAFA                20.296             324.744    2764.80              0.73               11.7             36.6             101264                      743                     11894         2   583569                        34.7                       4.1
MIB                    363.114            5809.830   41985.00              0.86               13.8              4.3             182337                     1576                     25231         1   583569                        31.2                       4.3

Sum of abs(notional exposure % capital) 302.1
Sum of abs(annualised risk % capital) 38.2
Net sum of annualised risk % capital 20.0 

====================================================================================================================================================================================================================================
                                                                                                            Correlations                                                                                                            
====================================================================================================================================================================================================================================

              GBP  GOLD_micro  PLAT  SILVER  BITCOIN   DAX  EU-TECH  FEEDCOW  FTSECHINAA   MIB  MSCIEAFA  MSCITAIWAN  NIKKEI  RUSSELL  TOPIX   BTP  CAD10   JPY  KRWUSD_mini   OAT  US30  GAS-PEN  GAS_US_mini  LEANHOG  WHEAT    DX
GBP          1.00        0.35  0.26    0.35     0.17  0.47     0.31     0.10        0.21  0.37      0.58        0.37    0.40     0.18   0.37  0.31   0.21  0.45         0.37  0.22  0.13    -0.11        -0.09     0.19   0.02 -0.62
GOLD_micro   0.35        1.00  0.35    0.63    -0.01  0.21     0.12     0.01        0.22  0.19      0.29        0.13    0.14     0.01   0.15  0.37   0.08  0.33         0.19  0.33 -0.04     0.06         0.11     0.29   0.25 -0.22
PLAT         0.26        0.35  1.00    0.70     0.15  0.38     0.36     0.24        0.25  0.33      0.31        0.39    0.29     0.28   0.26  0.11  -0.14 -0.05         0.04  0.02 -0.06     0.02         0.05     0.22   0.25 -0.12
SILVER       0.35        0.63  0.70    1.00     0.19  0.47     0.42     0.27        0.44  0.48      0.47        0.44    0.39     0.32   0.40  0.18  -0.03 -0.02         0.02  0.06 -0.09     0.10         0.14     0.27   0.23 -0.08
BITCOIN      0.17       -0.01  0.15    0.19     1.00  0.39     0.45     0.11        0.15  0.37      0.30        0.41    0.44     0.57   0.40  0.18  -0.04 -0.17        -0.01  0.07 -0.18    -0.05        -0.04    -0.05  -0.05  0.06
DAX          0.47        0.21  0.38    0.47     0.39  1.00     0.78     0.37        0.45  0.88      0.79        0.70    0.71     0.64   0.74  0.19  -0.04 -0.08         0.16  0.05 -0.01     0.05         0.08     0.20  -0.03 -0.00
EU-TECH      0.31        0.12  0.36    0.42     0.45  0.78     1.00     0.29        0.39  0.68      0.58        0.73    0.66     0.65   0.63  0.21  -0.03 -0.25         0.04  0.08 -0.03     0.11         0.09     0.10   0.04  0.16
FEEDCOW      0.10        0.01  0.24    0.27     0.11  0.37     0.29     1.00        0.34  0.41      0.43        0.32    0.43     0.31   0.46 -0.15  -0.38 -0.27         0.06 -0.30 -0.25     0.05         0.07     0.21  -0.17 -0.03
FTSECHINAA   0.21        0.22  0.25    0.44     0.15  0.45     0.39     0.34        1.00  0.51      0.50        0.42    0.45     0.33   0.48  0.02  -0.18 -0.07         0.05 -0.08 -0.09     0.03         0.06     0.23   0.13 -0.06
MIB          0.37        0.19  0.33    0.48     0.37  0.88     0.68     0.41        0.51  1.00      0.80        0.71    0.72     0.60   0.76  0.04  -0.14 -0.17         0.06 -0.10 -0.08     0.01         0.05     0.21  -0.03  0.03
MSCIEAFA     0.58        0.29  0.31    0.47     0.30  0.79     0.58     0.43        0.50  0.80      1.00        0.70    0.75     0.55   0.75  0.08  -0.12  0.09         0.35 -0.07 -0.07     0.11         0.13     0.25  -0.03 -0.37
MSCITAIWAN   0.37        0.13  0.39    0.44     0.41  0.70     0.73     0.32        0.42  0.71      0.70        1.00    0.84     0.61   0.82  0.13  -0.12 -0.27         0.06 -0.02 -0.08     0.08         0.09     0.15  -0.05  0.03
NIKKEI       0.40        0.14  0.29    0.39     0.44  0.71     0.66     0.43        0.45  0.72      0.75        0.84    1.00     0.62   0.96  0.06  -0.18 -0.34         0.09 -0.08 -0.19     0.09         0.11     0.14  -0.09  0.01
RUSSELL      0.18        0.01  0.28    0.32     0.57  0.64     0.65     0.31        0.33  0.60      0.55        0.61    0.62     1.00   0.59  0.19  -0.02 -0.24         0.02  0.05  0.08     0.04         0.01     0.19  -0.01  0.13
TOPIX        0.37        0.15  0.26    0.40     0.40  0.74     0.63     0.46        0.48  0.76      0.75        0.82    0.96     0.59   1.00  0.03  -0.15 -0.34         0.01 -0.10 -0.19     0.14         0.16     0.16  -0.09  0.07
BTP          0.31        0.37  0.11    0.18     0.18  0.19     0.21    -0.15        0.02  0.04      0.08        0.13    0.06     0.19   0.03  1.00   0.58  0.38         0.19  0.95  0.43    -0.19        -0.20     0.04  -0.09 -0.01
CAD10        0.21        0.08 -0.14   -0.03    -0.04 -0.04    -0.03    -0.38       -0.18 -0.14     -0.12       -0.12   -0.18    -0.02  -0.15  0.58   1.00  0.36        -0.06  0.63  0.71     0.01        -0.02    -0.16  -0.18  0.06
JPY          0.45        0.33 -0.05   -0.02    -0.17 -0.08    -0.25    -0.27       -0.07 -0.17      0.09       -0.27   -0.34    -0.24  -0.34  0.38   0.36  1.00         0.49  0.39  0.36    -0.25        -0.25     0.07   0.03 -0.59
KRWUSD_mini  0.37        0.19  0.04    0.02    -0.01  0.16     0.04     0.06        0.05  0.06      0.35        0.06    0.09     0.02   0.01  0.19  -0.06  0.49         1.00  0.16 -0.02    -0.20        -0.20     0.07   0.03 -0.49
OAT          0.22        0.33  0.02    0.06     0.07  0.05     0.08    -0.30       -0.08 -0.10     -0.07       -0.02   -0.08     0.05  -0.10  0.95   0.63  0.39         0.16  1.00  0.47    -0.21        -0.21     0.01  -0.03  0.04
US30         0.13       -0.04 -0.06   -0.09    -0.18 -0.01    -0.03    -0.25       -0.09 -0.08     -0.07       -0.08   -0.19     0.08  -0.19  0.43   0.71  0.36        -0.02  0.47  1.00    -0.02        -0.04    -0.05  -0.27  0.02
GAS-PEN     -0.11        0.06  0.02    0.10    -0.05  0.05     0.11     0.05        0.03  0.01      0.11        0.08    0.09     0.04   0.14 -0.19   0.01 -0.25        -0.20 -0.21 -0.02     1.00         0.97     0.03   0.13  0.06
GAS_US_mini -0.09        0.11  0.05    0.14    -0.04  0.08     0.09     0.07        0.06  0.05      0.13        0.09    0.11     0.01   0.16 -0.20  -0.02 -0.25        -0.20 -0.21 -0.04     0.97         1.00     0.06   0.11  0.06
LEANHOG      0.19        0.29  0.22    0.27    -0.05  0.20     0.10     0.21        0.23  0.21      0.25        0.15    0.14     0.19   0.16  0.04  -0.16  0.07         0.07  0.01 -0.05     0.03         0.06     1.00   0.33 -0.18
WHEAT        0.02        0.25  0.25    0.23    -0.05 -0.03     0.04    -0.17        0.13 -0.03     -0.03       -0.05   -0.09    -0.01  -0.09 -0.09  -0.18  0.03         0.03 -0.03 -0.27     0.13         0.11     0.33   1.00 -0.14
DX          -0.62       -0.22 -0.12   -0.08     0.06 -0.00     0.16    -0.03       -0.06  0.03     -0.37        0.03    0.01     0.13   0.07 -0.01   0.06 -0.59        -0.49  0.04  0.02     0.06         0.06    -0.18  -0.14  1.00


********************************************************************************
                                 END OF REPORT                                  
********************************************************************************


