
********************************************************************************
                    Risk report produced on 18/02/2025 22:53                    
********************************************************************************


Total risk across all strategies, annualised percentage 11.6
Percentage of capital used for margin 73.2%

========================================
Risk per strategy, annualised percentage
========================================

                  risk
dynamic_TF_carry  11.6


===================
Risk by asset class
===================

Ags       2.7
Bond      0.8
Equity    8.4
FX        3.3
Metals    1.4
Vol       2.0
dtype: float64


=====================================================
Beta loadings of asset class positions on asset class
=====================================================

FX       -0.52
Vol      -0.05
Bond     -0.05
Metals    0.07
Ags       0.09
Equity    0.85
dtype: float64


========================================================
Beta loadings of full portfolio positions on asset class
========================================================

Bond     -0.44
FX       -0.30
Vol      -0.20
Metals    0.23
Ags       0.30
Equity    1.07
dtype: float64


==================================================================================================================================================================================================================================================================
                                                                                                                         Instrument risk                                                                                                                          
==================================================================================================================================================================================================================================================================

              daily_price_stdev  annual_price_stdev     price  daily_perc_stdev  annual_perc_stdev  point_size_base  contract_exposure  daily_risk_per_contract  annual_risk_per_contract  position  capital  exposure_held_perc_capital  annual_risk_perc_capital
CHF                       0.005               0.078      1.11              0.44                7.1          99167.0             110050                      485                      7769        -2   584856                       -37.6                      -2.7
VIX                       0.463               7.415     17.90              2.59               41.4            793.3              14200                      367                      5882        -2   584856                        -4.9                      -2.0
FTSETAIWAN               20.084             321.336   1955.50              1.03               16.4             31.7              62054                      637                     10197        -1   584856                       -10.6                      -1.7
JPY                       0.000               0.001      0.01              0.62                9.9        9916699.7              65455                      406                      6507        -1   584856                       -11.2                      -1.1
BUND                      0.488               7.807    132.10              0.37                5.9            830.0             109638                      404                      6479        -1   584856                       -18.7                      -1.1
COPPER-micro              0.064               1.030      4.63              1.39               22.2           1983.3               9182                      127                      2042        -2   584856                        -3.1                      -0.7
SUGAR11                   0.266               4.263     19.13              1.39               22.3            888.5              16997                      236                      3787        -1   584856                        -2.9                      -0.6
CAD                       0.003               0.041      0.71              0.36                5.8          79333.6              55977                      201                      3228        -1   584856                        -9.6                      -0.6
RUSSELL                  22.295             356.714   2292.90              0.97               15.6              4.0               9095                       88                      1414        -2   584856                        -3.1                      -0.5
EUR_micro                 0.005               0.079      1.05              0.47                7.5           9916.7              10423                       48                       778        -1   584856                        -1.8                      -0.1
SP500_micro              39.630             634.078   6132.25              0.65               10.3              4.0              24324                      157                      2515         1   584856                         4.2                       0.4
BITCOIN                2242.289           35876.618  94650.00              2.37               37.9              0.1               7508                      177                      2846         1   584856                         1.3                       0.5
GOLD_micro               26.129             418.058   2955.10              0.88               14.1              7.9              23443                      207                      3316         1   584856                         4.0                       0.6
GBP                       0.006               0.092      1.26              0.46                7.3          49583.5              62470                      284                      4554         1   584856                        10.7                       0.8
HANG_mini               303.917            4862.673  23113.00              1.31               21.0              1.0              23570                      309                      4958         1   584856                         4.0                       0.8
CAD10                     0.565               9.034    123.01              0.46                7.3            558.8              68737                      315                      5048         1   584856                        11.8                       0.9
SILVER                    0.479               7.668     33.74              1.42               22.7            793.3              26767                      380                      6083         1   584856                         4.6                       1.0
MSCISING                  2.458              39.320    401.80              0.61                9.8             59.1              23733                      145                      2322         3   584856                        12.2                       1.2
CAC                      56.789             908.618   8247.00              0.69               11.0              8.3              68447                      471                      7541         1   584856                        11.7                       1.3
TOPIX                    22.765             364.238   2784.75              0.82               13.1              5.2              14538                      118                      1901         6   584856                        14.9                       2.0
SMI                      86.735            1387.762  12866.00              0.67               10.8              8.8             113089                      762                     12198         1   584856                        19.3                       2.1
FEEDCOW                   2.485              39.767    267.27              0.93               14.9            396.7             106019                      985                     15774         1   584856                        18.1                       2.7
MIB                     254.320            4069.127  38655.00              0.66               10.5              4.1             160412                     1055                     16886         1   584856                        27.4                       2.9
MSCITAIWAN               13.749             219.987    986.50              1.39               22.3             79.3              78262                     1090                     17452         1   584856                        13.4                       3.0

Sum of abs(notional exposure % capital) 261.1
Sum of abs(annualised risk % capital) 31.3
Net sum of annualised risk % capital 9.1 

===========================================================================================================================================================================================================================
                                                                                                       Correlations                                                                                                        
===========================================================================================================================================================================================================================

              COPPER-micro  FEEDCOW  GOLD_micro  SILVER  SUGAR11  BITCOIN   CAC  FTSETAIWAN   MIB  MSCISING  MSCITAIWAN  RUSSELL   SMI  SP500_micro  TOPIX   CAD  EUR_micro   GBP  HANG_mini  BUND  CAD10   CHF   JPY   VIX
COPPER-micro          1.00     0.07        0.50    0.61     0.06    -0.15  0.37        0.28  0.35      0.31        0.26     0.12  0.31         0.25   0.17  0.42       0.22  0.26       0.47  0.00  -0.05  0.12  0.18 -0.06
FEEDCOW               0.07     1.00        0.06    0.18     0.18     0.09  0.16        0.19  0.16      0.22        0.09     0.18  0.20         0.24   0.22  0.01       0.06  0.03       0.00 -0.15  -0.28 -0.20 -0.34 -0.10
GOLD_micro            0.50     0.06        1.00    0.73     0.03    -0.02  0.12        0.21  0.10      0.13        0.20     0.16  0.28         0.16   0.01  0.35       0.10  0.16       0.13  0.22  -0.06  0.11  0.14  0.12
SILVER                0.61     0.18        0.73    1.00     0.10     0.05  0.22        0.24  0.24      0.30        0.19     0.10  0.33         0.23   0.01  0.21       0.14  0.21       0.17  0.19   0.01  0.07  0.08  0.03
SUGAR11               0.06     0.18        0.03    0.10     1.00    -0.13  0.13        0.16  0.10      0.10        0.08     0.03  0.16         0.18   0.27  0.21       0.28  0.35       0.31 -0.13  -0.04  0.10 -0.10 -0.15
BITCOIN              -0.15     0.09       -0.02    0.05    -0.13     1.00  0.18        0.16  0.15      0.29        0.07     0.32  0.09         0.21   0.10 -0.12      -0.02 -0.03      -0.08  0.11   0.08 -0.12  0.04 -0.24
CAC                   0.37     0.16        0.12    0.22     0.13     0.18  1.00        0.44  0.87      0.37        0.34     0.38  0.71         0.45   0.38  0.23       0.32  0.30       0.45 -0.10  -0.00  0.08  0.06 -0.37
FTSETAIWAN            0.28     0.19        0.21    0.24     0.16     0.16  0.44        1.00  0.36      0.43        0.85     0.52  0.41         0.78   0.59  0.34       0.12  0.35       0.38 -0.03  -0.09 -0.10 -0.16 -0.57
MIB                   0.35     0.16        0.10    0.24     0.10     0.15  0.87        0.36  1.00      0.36        0.30     0.32  0.64         0.35   0.37  0.15       0.21  0.20       0.31 -0.15  -0.05 -0.05 -0.02 -0.32
MSCISING              0.31     0.22        0.13    0.30     0.10     0.29  0.37        0.43  0.36      1.00        0.30     0.54  0.38         0.62   0.41  0.13       0.01  0.21       0.28  0.08   0.08 -0.13 -0.00 -0.57
MSCITAIWAN            0.26     0.09        0.20    0.19     0.08     0.07  0.34        0.85  0.30      0.30        1.00     0.40  0.30         0.66   0.56  0.23       0.01  0.24       0.25 -0.03  -0.10 -0.16 -0.12 -0.47
RUSSELL               0.12     0.18        0.16    0.10     0.03     0.32  0.38        0.52  0.32      0.54        0.40     1.00  0.34         0.75   0.39  0.33       0.17  0.34       0.17  0.17   0.06 -0.02  0.15 -0.73
SMI                   0.31     0.20        0.28    0.33     0.16     0.09  0.71        0.41  0.64      0.38        0.30     0.34  1.00         0.43   0.31  0.23       0.26  0.35       0.42  0.17   0.17  0.14  0.21 -0.27
SP500_micro           0.25     0.24        0.16    0.23     0.18     0.21  0.45        0.78  0.35      0.62        0.66     0.75  0.43         1.00   0.56  0.33       0.19  0.40       0.32  0.17   0.11 -0.02 -0.02 -0.80
TOPIX                 0.17     0.22        0.01    0.01     0.27     0.10  0.38        0.59  0.37      0.41        0.56     0.39  0.31         0.56   1.00  0.24       0.12  0.35       0.37 -0.11  -0.09 -0.11 -0.24 -0.45
CAD                   0.42     0.01        0.35    0.21     0.21    -0.12  0.23        0.34  0.15      0.13        0.23     0.33  0.23         0.33   0.24  1.00       0.42  0.53       0.41  0.09  -0.10  0.31  0.20 -0.24
EUR_micro             0.22     0.06        0.10    0.14     0.28    -0.02  0.32        0.12  0.21      0.01        0.01     0.17  0.26         0.19   0.12  0.42       1.00  0.81       0.31  0.01   0.26  0.62  0.33 -0.10
GBP                   0.26     0.03        0.16    0.21     0.35    -0.03  0.30        0.35  0.20      0.21        0.24     0.34  0.35         0.40   0.35  0.53       0.81  1.00       0.42  0.15   0.33  0.58  0.35 -0.27
HANG_mini             0.47     0.00        0.13    0.17     0.31    -0.08  0.45        0.38  0.31      0.28        0.25     0.17  0.42         0.32   0.37  0.41       0.31  0.42       1.00  0.10   0.06  0.19  0.08 -0.21
BUND                  0.00    -0.15        0.22    0.19    -0.13     0.11 -0.10       -0.03 -0.15      0.08       -0.03     0.17  0.17         0.17  -0.11  0.09       0.01  0.15       0.10  1.00   0.68  0.35  0.59 -0.02
CAD10                -0.05    -0.28       -0.06    0.01    -0.04     0.08 -0.00       -0.09 -0.05      0.08       -0.10     0.06  0.17         0.11  -0.09 -0.10       0.26  0.33       0.06  0.68   1.00  0.47  0.69 -0.09
CHF                   0.12    -0.20        0.11    0.07     0.10    -0.12  0.08       -0.10 -0.05     -0.13       -0.16    -0.02  0.14        -0.02  -0.11  0.31       0.62  0.58       0.19  0.35   0.47  1.00  0.61  0.20
JPY                   0.18    -0.34        0.14    0.08    -0.10     0.04  0.06       -0.16 -0.02     -0.00       -0.12     0.15  0.21        -0.02  -0.24  0.20       0.33  0.35       0.08  0.59   0.69  0.61  1.00  0.02
VIX                  -0.06    -0.10        0.12    0.03    -0.15    -0.24 -0.37       -0.57 -0.32     -0.57       -0.47    -0.73 -0.27        -0.80  -0.45 -0.24      -0.10 -0.27      -0.21 -0.02  -0.09  0.20  0.02  1.00


********************************************************************************
                                 END OF REPORT                                  
********************************************************************************


