
********************************************************************************
                    Risk report produced on 12/03/2026 22:54                    
********************************************************************************


Total risk across all strategies, annualised percentage 9.4
Percentage of capital used for margin 35.9%

========================================
Risk per strategy, annualised percentage
========================================

                  risk
dynamic_TF_carry   9.4


===================
Risk by asset class
===================

Ags       3.3
Bond      1.7
Equity    4.7
FX        2.1
Metals    1.9
OilGas    4.4
dtype: float64


=====================================================
Beta loadings of asset class positions on asset class
=====================================================

Bond     -0.22
Metals   -0.05
Ags      -0.02
OilGas    0.10
FX        0.15
Equity    0.23
dtype: float64


========================================================
Beta loadings of full portfolio positions on asset class
========================================================

Bond     -0.57
Metals    0.03
Ags       0.07
OilGas    0.10
FX        0.16
Equity    0.29
dtype: float64


===================================================================================================================================================================================================================================================================
                                                                                                                          Instrument risk                                                                                                                          
===================================================================================================================================================================================================================================================================

               daily_price_stdev  annual_price_stdev     price  daily_perc_stdev  annual_perc_stdev  point_size_base  contract_exposure  daily_risk_per_contract  annual_risk_per_contract  position  capital  exposure_held_perc_capital  annual_risk_perc_capital
COCOA                    178.018            2848.295   3407.00              5.23               83.6              7.4              25333                     1323                     21179        -1   680614                        -3.7                      -3.1
KR10                       0.453               7.251    110.86              0.41                6.5            504.3              55909                      228                      3656        -3   680614                       -24.6                      -1.6
JPY                        0.000               0.001      0.01              0.57                9.1        9294613.2              58314                      330                      5294        -2   680614                       -17.1                      -1.6
BITCOIN                 2773.274           44372.386  70680.00              3.92               62.8              0.1               5255                      206                      3299        -3   680614                        -2.3                      -1.5
COPPER-micro               0.102               1.634      5.81              1.76               28.1           1858.9              10802                      189                      3037        -2   680614                        -3.2                      -0.9
HANG_mini                360.188            5763.002  25595.00              1.41               22.5              0.9              24313                      342                      5474        -1   680614                        -3.6                      -0.8
GAS_US_mini                0.167               2.678      3.23              5.18               82.9           1858.9               6004                      311                      4978        -1   680614                        -0.9                      -0.7
DOW                      402.957            6447.314  47039.00              0.86               13.7              0.4              17488                      149                      2397        -2   680614                        -5.1                      -0.7
DAX                      296.802            4748.824  23521.00              1.26               20.2              0.9              20345                      256                      4107        -1   680614                        -3.0                      -0.6
US10                       0.331               5.290    111.47              0.30                4.7            743.6              82884                      245                      3933        -1   680614                       -12.2                      -0.6
SP500_micro               54.311             868.978   6678.00              0.81               13.0              3.7              24827                      201                      3230        -1   680614                        -3.6                      -0.5
EUR_micro                  0.005               0.081      1.16              0.44                7.0           9294.6              10749                       47                       753        -1   680614                        -1.6                      -0.1
AUD_micro                  0.004               0.069      0.71              0.61                9.7           7435.7               5262                       32                       512         1   680614                         0.8                       0.1
MUMMY                     12.620             201.918    762.00              1.66               26.5              4.7               3586                       59                       950         1   680614                         0.5                       0.1
RUSSELL                   32.452             519.232   2491.70              1.30               20.8              3.7               9263                      120                      1930         1   680614                         1.4                       0.3
MXP                        0.000               0.006      0.06              0.72               11.4         371784.5              20831                      148                      2383         1   680614                         3.1                       0.4
BRE                        0.002               0.024      0.19              0.79               12.7          74356.9              14105                      111                      1788         2   680614                         4.1                       0.5
GBP                        0.005               0.086      1.33              0.40                6.5          46473.1              62018                      250                      4007         1   680614                         9.1                       0.6
CAD10                      0.475               7.597    119.30              0.40                6.4            548.1              65387                      260                      4163         1   680614                         9.6                       0.6
SOYOIL                     0.729              11.658     66.94              1.09               17.4            446.1              29864                      325                      5201         1   680614                         4.4                       0.8
CRUDE_W_micro              2.214              35.428     91.10              2.43               38.9             74.4               6773                      164                      2634         2   680614                         2.0                       0.8
FTSECHINAA               137.155            2194.481  14714.00              0.93               14.9              0.7              10940                      101                      1631         4   680614                         6.4                       1.0
NZD                        0.004               0.058      0.59              0.62                9.9          74356.9              43539                      268                      4301         2   680614                        12.8                       1.3
BRENT-LAST                 2.187              34.995     97.50              2.24               35.9            743.6              72497                     1626                     26021         1   680614                        10.7                       3.8
MIB                      569.038            9104.616  44340.00              1.28               20.5              4.3             191772                     2461                     39377         1   680614                        28.2                       5.8

Sum of abs(notional exposure % capital) 174.0
Sum of abs(annualised risk % capital) 28.8
Net sum of annualised risk % capital 3.4 

========================================================================================================================================================================================================================================
                                                                                                              Correlations                                                                                                              
========================================================================================================================================================================================================================================

               COPPER-micro   DAX   DOW  FTSECHINAA   MIB  RUSSELL  SP500_micro  BRENT-LAST  CRUDE_W_micro  GAS_US_mini  SOYOIL  BITCOIN  COCOA  MUMMY  CAD10   JPY  KR10  US10  AUD_micro   BRE  EUR_micro   GBP  HANG_mini   MXP   NZD
COPPER-micro           1.00  0.44  0.43        0.40  0.50     0.39         0.49        0.32           0.33         0.05    0.23     0.26  -0.06   0.11  -0.05 -0.09 -0.14 -0.13       0.47  0.29       0.13  0.31       0.35  0.30  0.37
DAX                    0.44  1.00  0.66        0.34  0.84     0.62         0.68        0.04           0.08         0.03   -0.01     0.29   0.07   0.52   0.14 -0.04 -0.02  0.04       0.38  0.37       0.11  0.36       0.49  0.41  0.28
DOW                    0.43  0.66  1.00        0.44  0.71     0.85         0.89        0.10           0.12         0.03    0.07     0.30   0.07   0.36   0.24  0.01  0.08  0.14       0.47  0.36       0.07  0.28       0.33  0.29  0.30
FTSECHINAA             0.40  0.34  0.44        1.00  0.40     0.35         0.47        0.26           0.26         0.08    0.22     0.26   0.07   0.31  -0.04 -0.13 -0.17 -0.10       0.38  0.32       0.10  0.19       0.56  0.22  0.25
MIB                    0.50  0.84  0.71        0.40  1.00     0.60         0.74        0.20           0.24         0.03    0.13     0.20   0.16   0.49   0.08 -0.09 -0.20 -0.00       0.47  0.51       0.10  0.34       0.53  0.44  0.34
RUSSELL                0.39  0.62  0.85        0.35  0.60     1.00         0.82        0.10           0.11        -0.06    0.09     0.38   0.05   0.34   0.17 -0.10  0.09  0.04       0.38  0.34       0.04  0.25       0.21  0.35  0.24
SP500_micro            0.49  0.68  0.89        0.47  0.74     0.82         1.00        0.28           0.30         0.21    0.19     0.47   0.13   0.40   0.17 -0.08  0.07  0.04       0.55  0.48       0.08  0.34       0.39  0.37  0.37
BRENT-LAST             0.32  0.04  0.10        0.26  0.20     0.10         0.28        1.00           0.99         0.29    0.62     0.19   0.05   0.36  -0.23 -0.27 -0.20 -0.25       0.29  0.34      -0.18 -0.09       0.09  0.07  0.11
CRUDE_W_micro          0.33  0.08  0.12        0.26  0.24     0.11         0.30        0.99           1.00         0.29    0.61     0.18   0.08   0.39  -0.23 -0.27 -0.22 -0.24       0.31  0.37      -0.16 -0.06       0.12  0.10  0.13
GAS_US_mini            0.05  0.03  0.03        0.08  0.03    -0.06         0.21        0.29           0.29         1.00    0.24     0.31   0.03   0.11  -0.05  0.04 -0.00 -0.01       0.19  0.27       0.05  0.11       0.22  0.03  0.12
SOYOIL                 0.23 -0.01  0.07        0.22  0.13     0.09         0.19        0.62           0.61         0.24    1.00     0.16  -0.12   0.18  -0.15 -0.16 -0.20 -0.07       0.27  0.40      -0.01  0.00       0.17  0.13  0.18
BITCOIN                0.26  0.29  0.30        0.26  0.20     0.38         0.47        0.19           0.18         0.31    0.16     1.00   0.31   0.29  -0.03 -0.04  0.14 -0.19       0.25  0.21       0.07  0.26       0.15  0.13  0.21
COCOA                 -0.06  0.07  0.07        0.07  0.16     0.05         0.13        0.05           0.08         0.03   -0.12     0.31   1.00   0.21  -0.21  0.00 -0.12 -0.30       0.07  0.05      -0.05  0.08      -0.04 -0.03  0.08
MUMMY                  0.11  0.52  0.36        0.31  0.49     0.34         0.40        0.36           0.39         0.11    0.18     0.29   0.21   1.00  -0.07 -0.09 -0.16 -0.12       0.30  0.35      -0.00  0.19       0.34  0.22  0.24
CAD10                 -0.05  0.14  0.24       -0.04  0.08     0.17         0.17       -0.23          -0.23        -0.05   -0.15    -0.03  -0.21  -0.07   1.00  0.40  0.47  0.76       0.09  0.13       0.20  0.27       0.19  0.00  0.11
JPY                   -0.09 -0.04  0.01       -0.13 -0.09    -0.10        -0.08       -0.27          -0.27         0.04   -0.16    -0.04   0.00  -0.09   0.40  1.00  0.44  0.46       0.39  0.13       0.70  0.56       0.21  0.18  0.48
KR10                  -0.14 -0.02  0.08       -0.17 -0.20     0.09         0.07       -0.20          -0.22        -0.00   -0.20     0.14  -0.12  -0.16   0.47  0.44  1.00  0.55      -0.01 -0.14       0.18  0.22      -0.06 -0.11 -0.02
US10                  -0.13  0.04  0.14       -0.10 -0.00     0.04         0.04       -0.25          -0.24        -0.01   -0.07    -0.19  -0.30  -0.12   0.76  0.46  0.55  1.00       0.04  0.13       0.26  0.24       0.12 -0.03  0.08
AUD_micro              0.47  0.38  0.47        0.38  0.47     0.38         0.55        0.29           0.31         0.19    0.27     0.25   0.07   0.30   0.09  0.39 -0.01  0.04       1.00  0.56       0.57  0.70       0.49  0.54  0.90
BRE                    0.29  0.37  0.36        0.32  0.51     0.34         0.48        0.34           0.37         0.27    0.40     0.21   0.05   0.35   0.13  0.13 -0.14  0.13       0.56  1.00       0.34  0.40       0.45  0.58  0.45
EUR_micro              0.13  0.11  0.07        0.10  0.10     0.04         0.08       -0.18          -0.16         0.05   -0.01     0.07  -0.05  -0.00   0.20  0.70  0.18  0.26       0.57  0.34       1.00  0.81       0.43  0.57  0.69
GBP                    0.31  0.36  0.28        0.19  0.34     0.25         0.34       -0.09          -0.06         0.11    0.00     0.26   0.08   0.19   0.27  0.56  0.22  0.24       0.70  0.40       0.81  1.00       0.46  0.56  0.78
HANG_mini              0.35  0.49  0.33        0.56  0.53     0.21         0.39        0.09           0.12         0.22    0.17     0.15  -0.04   0.34   0.19  0.21 -0.06  0.12       0.49  0.45       0.43  0.46       1.00  0.42  0.44
MXP                    0.30  0.41  0.29        0.22  0.44     0.35         0.37        0.07           0.10         0.03    0.13     0.13  -0.03   0.22   0.00  0.18 -0.11 -0.03       0.54  0.58       0.57  0.56       0.42  1.00  0.55
NZD                    0.37  0.28  0.30        0.25  0.34     0.24         0.37        0.11           0.13         0.12    0.18     0.21   0.08   0.24   0.11  0.48 -0.02  0.08       0.90  0.45       0.69  0.78       0.44  0.55  1.00


********************************************************************************
                                 END OF REPORT                                  
********************************************************************************


