
********************************************************************************
                    Risk report produced on 27/02/2026 22:53                    
********************************************************************************


Total risk across all strategies, annualised percentage 14.1
Percentage of capital used for margin 36.3%

========================================
Risk per strategy, annualised percentage
========================================

                  risk
dynamic_TF_carry  14.1


===================
Risk by asset class
===================

Ags        3.4
Bond       2.1
Equity    10.4
FX         2.1
Metals     1.9
OilGas     2.0
Sector     1.4
dtype: float64


=====================================================
Beta loadings of asset class positions on asset class
=====================================================

Metals   -0.05
Ags       0.01
Sector    0.05
OilGas    0.08
FX        0.35
Bond      0.73
Equity    0.86
dtype: float64


========================================================
Beta loadings of full portfolio positions on asset class
========================================================

OilGas    0.11
Metals    0.17
Ags       0.20
Bond      0.35
Sector    0.37
Equity    0.94
FX        1.22
dtype: float64


==================================================================================================================================================================================================================================================================
                                                                                                                         Instrument risk                                                                                                                          
==================================================================================================================================================================================================================================================================

              daily_price_stdev  annual_price_stdev     price  daily_perc_stdev  annual_perc_stdev  point_size_base  contract_exposure  daily_risk_per_contract  annual_risk_per_contract  position  capital  exposure_held_perc_capital  annual_risk_perc_capital
COCOA                   185.151            2962.422   2949.00              6.28              100.5              7.4              21896                     1374                     21996        -1   708246                        -3.1                      -3.1
BITCOIN                2898.386           46374.175  65850.00              4.40               70.4              0.1               4889                      215                      3443        -3   708246                        -2.1                      -1.5
KR10                      0.400               6.393    112.81              0.35                5.7            512.6              57828                      204                      3277        -3   708246                       -24.5                      -1.4
COPPER-micro              0.114               1.825      6.05              1.88               30.2           1856.3              11231                      211                      3387        -2   708246                        -3.2                      -1.0
SP500_micro              53.470             855.518   6859.00              0.78               12.5              3.7              25464                      198                      3176        -2   708246                        -7.2                      -0.9
JPY                       0.000               0.001      0.01              0.61                9.7        9281466.0              59568                      361                      5789        -1   708246                        -8.4                      -0.8
DX                        0.369               5.902     97.27              0.38                6.1            742.5              72224                      273                      4382        -1   708246                       -10.2                      -0.6
EUR_micro                 0.005               0.074      1.19              0.39                6.2           9281.5              11027                       42                       685        -1   708246                        -1.6                      -0.1
MUMMY                    11.028             176.443    762.00              1.45               23.2              4.8               3629                       52                       840         1   708246                         0.5                       0.1
CANOLA                    5.851              93.611    688.10              0.85               13.6             10.9               7475                       63                      1016         1   708246                         1.1                       0.1
BRE                       0.001               0.016      0.19              0.53                8.5          74251.7              14356                       76                      1223         1   708246                         2.0                       0.2
AUD_micro                 0.004               0.064      0.71              0.56                9.0           7425.2               5283                       29                       477         4   708246                         3.0                       0.3
TOPIX                    41.337             661.400   3931.00              1.05               16.8              4.8              18722                      196                      3150         1   708246                         2.6                       0.4
BTP                       0.237               3.794    122.82              0.19                3.1            876.4             107643                      207                      3325         1   708246                        15.2                       0.5
NZD                       0.003               0.055      0.60              0.58                9.2          74251.7              44562                      257                      4116         1   708246                         6.3                       0.6
GBP                       0.006               0.094      1.35              0.43                7.0          46407.3              62580                      271                      4349         1   708246                         8.8                       0.6
MXP                       0.000               0.005      0.06              0.56                9.0         371258.6              21529                      121                      1944         3   708246                         9.1                       0.8
BUND                      0.270               4.317    130.28              0.21                3.3            876.4             114181                      236                      3783         2   708246                        32.2                       1.1
RUSSELL                  31.527             504.435   2622.70              1.20               19.2              3.7               9737                      117                      1872         5   708246                         6.9                       1.3
EU-BASIC                 13.815             221.037    814.00              1.70               27.2             43.8              35670                      605                      9686         1   708246                         5.0                       1.4
LIVECOW                   2.064              33.020    229.05              0.90               14.4            297.0              68029                      612                      9807         1   708246                         9.6                       1.4
CAD10                     0.291               4.655    122.82              0.24                3.8            543.2              66715                      158                      2528         4   708246                        37.7                       1.4
BRENT-LAST                1.194              19.100     72.34              1.65               26.4            742.5              53713                      886                     14181         1   708246                         7.6                       2.0
AEX                       8.177             130.839   1027.45              0.80               12.7            175.3             180098                     1433                     22934         1   708246                        25.4                       3.2
MIB                     403.441            6455.062  47345.00              0.85               13.6              4.4             207473                     1767                     28287         1   708246                        29.3                       4.0
MSCIEAFA                 23.982             383.704   3166.80              0.76               12.1             37.1             117570                      890                     14245         2   708246                        33.2                       4.0

Sum of abs(notional exposure % capital) 295.8
Sum of abs(annualised risk % capital) 32.8
Net sum of annualised risk % capital 14.0 

==============================================================================================================================================================================================================================
                                                                                                         Correlations                                                                                                         
==============================================================================================================================================================================================================================

               BTP  BUND  CAD10  KR10  AUD_micro  EUR_micro   GBP   JPY   NZD   AEX  BITCOIN   BRE  COPPER-micro  EU-BASIC   MIB  MSCIEAFA  MUMMY   MXP  RUSSELL  SP500_micro  TOPIX  BRENT-LAST  CANOLA  COCOA  LIVECOW    DX
BTP           1.00  0.90   0.63  0.55       0.23       0.18  0.29  0.36  0.31  0.25     0.08  0.16          0.16      0.19  0.16      0.38   0.17  0.14     0.20         0.15   0.17       -0.08    0.13  -0.10     0.02 -0.28
BUND          0.90  1.00   0.57  0.53       0.10       0.10  0.13  0.37  0.17  0.03    -0.06  0.04          0.04     -0.02 -0.11      0.19   0.05 -0.01     0.13         0.03  -0.04       -0.15    0.13  -0.15    -0.04 -0.19
CAD10         0.63  0.57   1.00  0.50       0.17       0.17  0.29  0.34  0.25  0.26     0.03  0.20          0.06      0.16  0.23      0.35   0.09 -0.08     0.11         0.12   0.19       -0.12   -0.06  -0.11    -0.07 -0.24
KR10          0.55  0.53   0.50  1.00       0.06       0.26  0.31  0.38  0.16  0.05     0.14 -0.02         -0.03     -0.06 -0.04      0.11  -0.00  0.05    -0.03         0.01  -0.12       -0.17   -0.04  -0.07     0.14 -0.34
AUD_micro     0.23  0.10   0.17  0.06       1.00       0.67  0.71  0.52  0.91  0.36     0.16  0.54          0.47      0.51  0.30      0.61   0.03  0.47     0.28         0.38   0.24        0.10    0.02  -0.03     0.06 -0.72
EUR_micro     0.18  0.10   0.17  0.26       0.67       1.00  0.80  0.69  0.72  0.01     0.10  0.28          0.36      0.13  0.04      0.42  -0.11  0.44    -0.01        -0.03  -0.07       -0.31   -0.11  -0.04     0.07 -0.94
GBP           0.29  0.13   0.29  0.31       0.71       0.80  1.00  0.57  0.79  0.26     0.24  0.31          0.42      0.31  0.27      0.56   0.09  0.40     0.16         0.17   0.11       -0.19   -0.10   0.05     0.18 -0.83
JPY           0.36  0.37   0.34  0.38       0.52       0.69  0.57  1.00  0.57 -0.01    -0.01  0.15          0.07      0.01 -0.05      0.28  -0.19  0.16    -0.01        -0.06  -0.26       -0.26   -0.16   0.05    -0.03 -0.80
NZD           0.31  0.17   0.25  0.16       0.91       0.72  0.79  0.57  1.00  0.27     0.17  0.45          0.41      0.41  0.23      0.56   0.02  0.43     0.25         0.27   0.16        0.01    0.04   0.02     0.03 -0.79
AEX           0.25  0.03   0.26  0.05       0.36       0.01  0.26 -0.01  0.27  1.00     0.33  0.34          0.40      0.75  0.78      0.62   0.46  0.13     0.35         0.42   0.62        0.40    0.05   0.06     0.18 -0.06
BITCOIN       0.08 -0.06   0.03  0.14       0.16       0.10  0.24 -0.01  0.17  0.33     1.00  0.20          0.25      0.25  0.20      0.29   0.11  0.10     0.40         0.50   0.11        0.12    0.01   0.17     0.12 -0.11
BRE           0.16  0.04   0.20 -0.02       0.54       0.28  0.31  0.15  0.45  0.34     0.20  1.00          0.25      0.45  0.26      0.44   0.06  0.45     0.30         0.42   0.26        0.27    0.26  -0.14    -0.02 -0.33
COPPER-micro  0.16  0.04   0.06 -0.03       0.47       0.36  0.42  0.07  0.41  0.40     0.25  0.25          1.00      0.56  0.32      0.55   0.12  0.32     0.30         0.29   0.32        0.14   -0.09  -0.14     0.09 -0.34
EU-BASIC      0.19 -0.02   0.16 -0.06       0.51       0.13  0.31  0.01  0.41  0.75     0.25  0.45          0.56      1.00  0.66      0.68   0.26  0.31     0.44         0.42   0.62        0.38    0.08  -0.17     0.26 -0.18
MIB           0.16 -0.11   0.23 -0.04       0.30       0.04  0.27 -0.05  0.23  0.78     0.20  0.26          0.32      0.66  1.00      0.59   0.43  0.12     0.20         0.31   0.59        0.30   -0.02   0.13     0.28 -0.06
MSCIEAFA      0.38  0.19   0.35  0.11       0.61       0.42  0.56  0.28  0.56  0.62     0.29  0.44          0.55      0.68  0.59      1.00   0.38  0.38     0.53         0.60   0.63        0.09    0.01  -0.01     0.21 -0.49
MUMMY         0.17  0.05   0.09 -0.00       0.03      -0.11  0.09 -0.19  0.02  0.46     0.11  0.06          0.12      0.26  0.43      0.38   1.00  0.16     0.30         0.17   0.67        0.20    0.10   0.12     0.26  0.13
MXP           0.14 -0.01  -0.08  0.05       0.47       0.44  0.40  0.16  0.43  0.13     0.10  0.45          0.32      0.31  0.12      0.38   0.16  1.00     0.25         0.25   0.20        0.08    0.01  -0.24     0.15 -0.44
RUSSELL       0.20  0.13   0.11 -0.03       0.28      -0.01  0.16 -0.01  0.25  0.35     0.40  0.30          0.30      0.44  0.20      0.53   0.30  0.25     1.00         0.74   0.44        0.14    0.05   0.08     0.13 -0.06
SP500_micro   0.15  0.03   0.12  0.01       0.38      -0.03  0.17 -0.06  0.27  0.42     0.50  0.42          0.29      0.42  0.31      0.60   0.17  0.25     0.74         1.00   0.37        0.19    0.08   0.11     0.05 -0.07
TOPIX         0.17 -0.04   0.19 -0.12       0.24      -0.07  0.11 -0.26  0.16  0.62     0.11  0.26          0.32      0.62  0.59      0.63   0.67  0.20     0.44         0.37   1.00        0.33    0.13   0.00     0.16  0.07
BRENT-LAST   -0.08 -0.15  -0.12 -0.17       0.10      -0.31 -0.19 -0.26  0.01  0.40     0.12  0.27          0.14      0.38  0.30      0.09   0.20  0.08     0.14         0.19   0.33        1.00    0.28  -0.18     0.16  0.28
CANOLA        0.13  0.13  -0.06 -0.04       0.02      -0.11 -0.10 -0.16  0.04  0.05     0.01  0.26         -0.09      0.08 -0.02      0.01   0.10  0.01     0.05         0.08   0.13        0.28    1.00  -0.13    -0.17  0.09
COCOA        -0.10 -0.15  -0.11 -0.07      -0.03      -0.04  0.05  0.05  0.02  0.06     0.17 -0.14         -0.14     -0.17  0.13     -0.01   0.12 -0.24     0.08         0.11   0.00       -0.18   -0.13   1.00    -0.02  0.01
LIVECOW       0.02 -0.04  -0.07  0.14       0.06       0.07  0.18 -0.03  0.03  0.18     0.12 -0.02          0.09      0.26  0.28      0.21   0.26  0.15     0.13         0.05   0.16        0.16   -0.17  -0.02     1.00 -0.06
DX           -0.28 -0.19  -0.24 -0.34      -0.72      -0.94 -0.83 -0.80 -0.79 -0.06    -0.11 -0.33         -0.34     -0.18 -0.06     -0.49   0.13 -0.44    -0.06        -0.07   0.07        0.28    0.09   0.01    -0.06  1.00


********************************************************************************
                                 END OF REPORT                                  
********************************************************************************


