
********************************************************************************
                    Risk report produced on 22/06/2026 22:51                    
********************************************************************************


Total risk across all strategies, annualised percentage 7.9
Percentage of capital used for margin 34.1%

========================================
Risk per strategy, annualised percentage
========================================

                  risk
dynamic_TF_carry   8.0


===================
Risk by asset class
===================

Ags       2.5
Bond      1.3
Equity    4.2
FX        4.5
Metals    2.8
OilGas    0.5
Sector    0.4
dtype: float64


=====================================================
Beta loadings of asset class positions on asset class
=====================================================

FX       -0.53
Metals   -0.08
OilGas   -0.00
Sector    0.02
Ags       0.07
Bond      0.16
Equity    0.33
dtype: float64


========================================================
Beta loadings of full portfolio positions on asset class
========================================================

FX       -0.47
OilGas   -0.02
Metals   -0.00
Ags       0.06
Bond      0.08
Sector    0.11
Equity    0.29
dtype: float64


===================================================================================================================================================================================================================================================================
                                                                                                                          Instrument risk                                                                                                                          
===================================================================================================================================================================================================================================================================

               daily_price_stdev  annual_price_stdev     price  daily_perc_stdev  annual_perc_stdev  point_size_base  contract_exposure  daily_risk_per_contract  annual_risk_per_contract  position  capital  exposure_held_perc_capital  annual_risk_perc_capital
CHF                        0.006               0.094      1.25              0.47                7.6          94651.1             118048                      558                      8930        -3   706335                       -50.1                      -3.8
BITCOIN                 1910.502           30568.031  64380.00              2.97               47.5              0.1               4874                      144                      2314        -8   706335                        -5.5                      -2.6
LEANHOG                    1.155              18.484     80.88              1.43               22.9            302.9              24495                      349                      5598        -2   706335                        -6.9                      -1.6
JPY                        0.000               0.000      0.01              0.44                7.1        9465107.8              58991                      260                      4165        -2   706335                       -16.7                      -1.2
REDWHEAT                   9.961             159.374    654.00              1.52               24.4             37.9              24760                      377                      6033        -1   706335                        -3.5                      -0.9
KR10                       0.493               7.885    105.88              0.47                7.4            492.6              52156                      242                      3883        -1   706335                        -7.4                      -0.5
COPPER-micro               0.108               1.720      6.43              1.67               26.8           1893.0              12170                      203                      3256        -1   706335                        -1.7                      -0.5
DAX                      232.281            3716.500  25283.00              0.92               14.7              0.9              21926                      201                      3223        -1   706335                        -3.1                      -0.5
GAS_US_mini                0.099               1.585      3.26              3.04               48.7           1893.0               6161                      187                      3000        -1   706335                        -0.9                      -0.4
HANGENT_mini             115.223            1843.569   7871.00              1.46               23.4              1.0               7603                      111                      1780        -1   706335                        -1.1                      -0.3
EU-BANKS                   3.683              58.922    299.70              1.23               19.7             43.4              12995                      159                      2554         1   706335                         1.8                       0.4
CRUDE_W_micro              2.136              34.179     73.18              2.92               46.7             75.7               5541                      161                      2588         1   706335                         0.8                       0.4
CANOLA                     9.574             153.191    743.70              1.29               20.6             10.7               7938                      102                      1635         2   706335                         2.2                       0.5
AUD_micro                  0.003               0.056      0.70              0.50                8.0           7572.1               5290                       26                       421         9   706335                         6.7                       0.5
MXP                        0.000               0.005      0.06              0.51                8.1         378604.3              21637                      110                      1762         3   706335                         9.2                       0.7
DOW                      462.104            7393.659  52041.00              0.89               14.2              0.4              19702                      174                      2799         2   706335                         5.6                       0.8
YENEUR                     0.669              10.699    183.95              0.36                5.8            585.4             107677                      391                      6262         1   706335                        15.2                       0.9
SOYOIL                     0.913              14.615     66.83              1.37               21.9            454.3              30362                      414                      6639         1   706335                         4.3                       0.9
NIKKEI                  1146.182           18338.919  72880.00              1.57               25.2              0.5              34129                      536                      8587         1   706335                         4.8                       1.2
CAD10                      0.388               6.209    120.26              0.32                5.2            533.7              64183                      207                      3313         3   706335                        27.3                       1.4
LIVECOW                    2.348              37.567    241.38              0.97               15.6            302.9              73108                      711                     11378         1   706335                        10.4                       1.6
AEX                        8.557             136.913   1087.10              0.79               12.6            173.4             188557                     1484                     23747         1   706335                        26.7                       3.4

Sum of abs(notional exposure % capital) 211.9
Sum of abs(annualised risk % capital) 25.0
Net sum of annualised risk % capital 0.4 

================================================================================================================================================================================================================
                                                                                                  Correlations                                                                                                  
================================================================================================================================================================================================================

                AEX   DAX   DOW  EU-BANKS  NIKKEI  LEANHOG  YENEUR  CANOLA  CRUDE_W_micro  GAS_US_mini  REDWHEAT  SOYOIL  AUD_micro  BITCOIN  COPPER-micro  HANGENT_mini   MXP  CAD10   CHF   JPY  KR10  LIVECOW
AEX            1.00  0.64  0.51      0.57    0.48    -0.01    0.10   -0.20          -0.04         0.00     -0.15   -0.04       0.25     0.30          0.38          0.22  0.37   0.23 -0.11 -0.08  0.05     0.11
DAX            0.64  1.00  0.65      0.78    0.62     0.11    0.15   -0.21          -0.37        -0.09     -0.26   -0.16       0.33     0.24          0.38          0.22  0.35   0.28  0.01 -0.01  0.21     0.19
DOW            0.51  0.65  1.00      0.49    0.57     0.18    0.07   -0.07          -0.19        -0.08     -0.14   -0.06       0.39     0.25          0.37          0.20  0.29   0.22  0.07  0.04  0.09     0.12
EU-BANKS       0.57  0.78  0.49      1.00    0.61     0.05    0.20   -0.38          -0.49        -0.03     -0.23   -0.36       0.23     0.10          0.25          0.20  0.34   0.24  0.03 -0.02  0.22     0.11
NIKKEI         0.48  0.62  0.57      0.61    1.00     0.01    0.25   -0.17          -0.35        -0.07     -0.16   -0.12       0.35     0.12          0.35          0.27  0.33   0.25  0.07 -0.10  0.30     0.06
LEANHOG       -0.01  0.11  0.18      0.05    0.01     1.00    0.18    0.19           0.08        -0.07     -0.04    0.16       0.03    -0.06          0.20         -0.03 -0.05   0.04 -0.05 -0.16 -0.04     0.06
YENEUR         0.10  0.15  0.07      0.20    0.25     0.18    1.00   -0.01          -0.12        -0.09     -0.23   -0.04      -0.09    -0.10          0.11         -0.04  0.15  -0.29 -0.11 -0.71 -0.08    -0.09
CANOLA        -0.20 -0.21 -0.07     -0.38   -0.17     0.19   -0.01    1.00           0.48         0.07      0.19    0.73       0.03    -0.08         -0.12          0.08 -0.12  -0.14  0.04 -0.06 -0.23    -0.05
CRUDE_W_micro -0.04 -0.37 -0.19     -0.49   -0.35     0.08   -0.12    0.48           1.00         0.31      0.42    0.51       0.11     0.09          0.05          0.13 -0.14  -0.35 -0.10 -0.08 -0.30    -0.03
GAS_US_mini    0.00 -0.09 -0.08     -0.03   -0.07    -0.07   -0.09    0.07           0.31         1.00      0.26    0.09       0.18     0.13          0.17          0.15 -0.01  -0.13  0.03  0.03 -0.12    -0.15
REDWHEAT      -0.15 -0.26 -0.14     -0.23   -0.16    -0.04   -0.23    0.19           0.42         0.26      1.00    0.23       0.19     0.19          0.13          0.03 -0.07  -0.13  0.08  0.13 -0.20    -0.00
SOYOIL        -0.04 -0.16 -0.06     -0.36   -0.12     0.16   -0.04    0.73           0.51         0.09      0.23    1.00       0.00     0.01          0.07          0.01 -0.09  -0.14 -0.03 -0.08 -0.36     0.08
AUD_micro      0.25  0.33  0.39      0.23    0.35     0.03   -0.09    0.03           0.11         0.18      0.19    0.00       1.00     0.30          0.53          0.52  0.65   0.10  0.63  0.54  0.22     0.07
BITCOIN        0.30  0.24  0.25      0.10    0.12    -0.06   -0.10   -0.08           0.09         0.13      0.19    0.01       0.30     1.00          0.30          0.27  0.16  -0.07  0.13  0.16  0.09     0.05
COPPER-micro   0.38  0.38  0.37      0.25    0.35     0.20    0.11   -0.12           0.05         0.17      0.13    0.07       0.53     0.30          1.00          0.47  0.45   0.04  0.28  0.19  0.02     0.14
HANGENT_mini   0.22  0.22  0.20      0.20    0.27    -0.03   -0.04    0.08           0.13         0.15      0.03    0.01       0.52     0.27          0.47          1.00  0.39   0.02  0.44  0.32  0.06    -0.03
MXP            0.37  0.35  0.29      0.34    0.33    -0.05    0.15   -0.12          -0.14        -0.01     -0.07   -0.09       0.65     0.16          0.45          0.39  1.00   0.25  0.44  0.34  0.20     0.19
CAD10          0.23  0.28  0.22      0.24    0.25     0.04   -0.29   -0.14          -0.35        -0.13     -0.13   -0.14       0.10    -0.07          0.04          0.02  0.25   1.00  0.03  0.28  0.33    -0.03
CHF           -0.11  0.01  0.07      0.03    0.07    -0.05   -0.11    0.04          -0.10         0.03      0.08   -0.03       0.63     0.13          0.28          0.44  0.44   0.03  1.00  0.68  0.20     0.01
JPY           -0.08 -0.01  0.04     -0.02   -0.10    -0.16   -0.71   -0.06          -0.08         0.03      0.13   -0.08       0.54     0.16          0.19          0.32  0.34   0.28  0.68  1.00  0.20     0.14
KR10           0.05  0.21  0.09      0.22    0.30    -0.04   -0.08   -0.23          -0.30        -0.12     -0.20   -0.36       0.22     0.09          0.02          0.06  0.20   0.33  0.20  0.20  1.00     0.13
LIVECOW        0.11  0.19  0.12      0.11    0.06     0.06   -0.09   -0.05          -0.03        -0.15     -0.00    0.08       0.07     0.05          0.14         -0.03  0.19  -0.03  0.01  0.14  0.13     1.00


********************************************************************************
                                 END OF REPORT                                  
********************************************************************************


