
********************************************************************************
                    Risk report produced on 02/10/2024 22:52                    
********************************************************************************


Total risk across all strategies, annualised percentage 11.6
Percentage of capital used for margin 72.6%

========================================
Risk per strategy, annualised percentage
========================================

                  risk
dynamic_TF_carry  11.6


===================
Risk by asset class
===================

Ags        2.4
Bond       3.5
Equity    11.4
FX         0.8
Metals     1.6
OilGas     1.9
Sector     1.1
dtype: float64


=====================================================
Beta loadings of asset class positions on asset class
=====================================================

Ags      -0.06
OilGas   -0.04
Sector   -0.04
Metals    0.04
FX        0.11
Bond      0.54
Equity    0.80
dtype: float64


========================================================
Beta loadings of full portfolio positions on asset class
========================================================

Ags      -0.09
OilGas   -0.04
Metals    0.22
Sector    0.29
Bond      0.74
Equity    0.81
FX        0.98
dtype: float64


==================================================================================================================================================================================================================================================================
                                                                                                                         Instrument risk                                                                                                                          
==================================================================================================================================================================================================================================================================

              daily_price_stdev  annual_price_stdev     price  daily_perc_stdev  annual_perc_stdev  point_size_base  contract_exposure  daily_risk_per_contract  annual_risk_per_contract  position  capital  exposure_held_perc_capital  annual_risk_perc_capital
CHINAA-CON               37.376             598.009   2379.00              1.57               25.1             18.8              44812                      704                     11264        -1   568535                        -7.9                      -2.0
GAS-PEN                   0.090               1.434      2.97              3.02               48.3           7534.7              22355                      675                     10805        -1   568535                        -3.9                      -1.9
EU-AUTO                   9.580             153.277    565.20              1.69               27.1             41.7              23552                      399                      6387        -1   568535                        -4.1                      -1.1
SOYMEAL                   5.270              84.320    339.10              1.55               24.9             75.3              25550                      397                      6353        -1   568535                        -4.5                      -1.1
COTTON2                   1.039              16.625     73.42              1.42               22.6            376.7              27659                      391                      6263        -1   568535                        -4.9                      -1.1
BITCOIN                1745.303           27924.854  60930.00              2.86               45.8              0.1               4590                      131                      2104        -2   568535                        -1.6                      -0.7
CORN                      5.066              81.060    431.75              1.17               18.8             37.7              16265                      190                      3053        -1   568535                        -2.9                      -0.5
IRON                      2.429              38.866    109.05              2.23               35.6             75.3               8216                      183                      2928        -1   568535                        -1.4                      -0.5
CANOLA                   10.434             166.951    629.70              1.66               26.5             11.2               7035                      116                      1865        -1   568535                        -1.2                      -0.3
MUMMY                    15.228             243.653    637.00              2.39               38.3              5.2               3339                       79                      1277         1   568535                         0.6                       0.2
GOLD_micro               20.061             320.969   2677.90              0.75               12.0              7.5              20177                      151                      2418         1   568535                         3.5                       0.4
GBP                       0.006               0.095      1.33              0.45                7.1          47091.8              62439                      278                      4450         1   568535                        11.0                       0.8
NASDAQ_micro            214.695            3435.116  20042.50              1.07               17.1              1.5              30202                      323                      5176         1   568535                         5.3                       0.9
US10U                     0.469               7.501    118.47              0.40                6.3            753.5              89262                      353                      5651         1   568535                        15.7                       1.0
SILVER                    0.545               8.724     31.98              1.70               27.3            753.5              24099                      410                      6573         1   568535                         4.2                       1.2
KR10                      0.369               5.911    117.83              0.31                5.0            572.3              67429                      211                      3382         2   568535                        23.7                       1.2
US20                      0.722              11.554    124.34              0.58                9.3            753.5              93689                      544                      8705         1   568535                        16.5                       1.5
LEANHOG                   1.043              16.687     76.70              1.36               21.8            301.4              23116                      314                      5029         2   568535                         8.1                       1.8
SPI200                   54.279             868.458   8251.00              0.66               10.5             13.0             106950                      703                     11257         1   568535                        18.8                       2.0
MSCITAIWAN               13.415             214.633    906.80              1.48               23.7             75.3              68324                     1010                     16171         1   568535                        12.0                       2.8
MIB                     304.443            4871.089  33545.00              0.91               14.5              4.2             139786                     1268                     20298         1   568535                        24.6                       3.6
MSCIEAFA                 22.637             362.195   2465.70              0.92               14.7             37.7              92891                      852                     13645         2   568535                        32.7                       4.8

Sum of abs(notional exposure % capital) 209.1
Sum of abs(annualised risk % capital) 31.4
Net sum of annualised risk % capital 13.0 

========================================================================================================================================================================================================
                                                                                              Correlations                                                                                              
========================================================================================================================================================================================================

               GBP  GOLD_micro  SILVER  BITCOIN  CHINAA-CON  COTTON2  EU-AUTO   MIB  MSCIEAFA  MSCITAIWAN  MUMMY  NASDAQ_micro  SPI200  KR10  US10U  US20  CANOLA  GAS-PEN  LEANHOG  CORN  IRON  SOYMEAL
GBP           1.00        0.38    0.46     0.21        0.30     0.10     0.29  0.27      0.59        0.31   0.28          0.43    0.36  0.17   0.27  0.24    0.04     0.08     0.17 -0.12  0.03    -0.04
GOLD_micro    0.38        1.00    0.76     0.25        0.26     0.05    -0.01  0.01      0.26        0.18   0.05          0.15    0.30  0.12   0.22  0.18   -0.13     0.17    -0.01 -0.04  0.03    -0.13
SILVER        0.46        0.76    1.00     0.19        0.29     0.11     0.12  0.15      0.41        0.32   0.17          0.34    0.33  0.06   0.06  0.05   -0.02     0.18     0.06 -0.07  0.17    -0.05
BITCOIN       0.21        0.25    0.19     1.00        0.34     0.10     0.19  0.25      0.32        0.24   0.36          0.15    0.32 -0.16  -0.21 -0.23    0.07     0.03     0.13 -0.01  0.05    -0.14
CHINAA-CON    0.30        0.26    0.29     0.34        1.00     0.25     0.33  0.36      0.45        0.31   0.31          0.26    0.46  0.03  -0.08 -0.09    0.14     0.00     0.15 -0.09  0.17    -0.00
COTTON2       0.10        0.05    0.11     0.10        0.25     1.00     0.20  0.24      0.23        0.32   0.18          0.24    0.27  0.01  -0.19 -0.17    0.05    -0.08     0.01  0.02  0.11    -0.14
EU-AUTO       0.29       -0.01    0.12     0.19        0.33     0.20     1.00  0.79      0.62        0.41   0.44          0.46    0.48 -0.10  -0.24 -0.19    0.22    -0.07     0.14 -0.00  0.02    -0.04
MIB           0.27        0.01    0.15     0.25        0.36     0.24     0.79  1.00      0.69        0.51   0.57          0.43    0.62 -0.15  -0.30 -0.25    0.39     0.12     0.08  0.07  0.03    -0.01
MSCIEAFA      0.59        0.26    0.41     0.32        0.45     0.23     0.62  0.69      1.00        0.64   0.61          0.63    0.76  0.04  -0.04 -0.03    0.11     0.15     0.10 -0.01  0.15    -0.14
MSCITAIWAN    0.31        0.18    0.32     0.24        0.31     0.32     0.41  0.51      0.64        1.00   0.75          0.69    0.61 -0.10  -0.30 -0.29    0.04     0.15    -0.18 -0.02  0.02    -0.34
MUMMY         0.28        0.05    0.17     0.36        0.31     0.18     0.44  0.57      0.61        0.75   1.00          0.51    0.62 -0.15  -0.36 -0.37    0.13     0.16    -0.01 -0.09 -0.07    -0.34
NASDAQ_micro  0.43        0.15    0.34     0.15        0.26     0.24     0.46  0.43      0.63        0.69   0.51          1.00    0.58  0.10  -0.05 -0.02    0.04     0.16    -0.03 -0.02  0.04    -0.12
SPI200        0.36        0.30    0.33     0.32        0.46     0.27     0.48  0.62      0.76        0.61   0.62          0.58    1.00  0.11  -0.02 -0.02    0.06     0.09     0.01 -0.01  0.15    -0.11
KR10          0.17        0.12    0.06    -0.16        0.03     0.01    -0.10 -0.15      0.04       -0.10  -0.15          0.10    0.11  1.00   0.70  0.70   -0.24    -0.08    -0.04 -0.02  0.05     0.09
US10U         0.27        0.22    0.06    -0.21       -0.08    -0.19    -0.24 -0.30     -0.04       -0.30  -0.36         -0.05   -0.02  0.70   1.00  0.98   -0.29    -0.01     0.01  0.00 -0.02     0.11
US20          0.24        0.18    0.05    -0.23       -0.09    -0.17    -0.19 -0.25     -0.03       -0.29  -0.37         -0.02   -0.02  0.70   0.98  1.00   -0.30    -0.02     0.00  0.04 -0.04     0.15
CANOLA        0.04       -0.13   -0.02     0.07        0.14     0.05     0.22  0.39      0.11        0.04   0.13          0.04    0.06 -0.24  -0.29 -0.30    1.00     0.14     0.24  0.32  0.16     0.34
GAS-PEN       0.08        0.17    0.18     0.03        0.00    -0.08    -0.07  0.12      0.15        0.15   0.16          0.16    0.09 -0.08  -0.01 -0.02    0.14     1.00     0.10  0.24 -0.24     0.04
LEANHOG       0.17       -0.01    0.06     0.13        0.15     0.01     0.14  0.08      0.10       -0.18  -0.01         -0.03    0.01 -0.04   0.01  0.00    0.24     0.10     1.00 -0.02 -0.06     0.12
CORN         -0.12       -0.04   -0.07    -0.01       -0.09     0.02    -0.00  0.07     -0.01       -0.02  -0.09         -0.02   -0.01 -0.02   0.00  0.04    0.32     0.24    -0.02  1.00  0.04     0.48
IRON          0.03        0.03    0.17     0.05        0.17     0.11     0.02  0.03      0.15        0.02  -0.07          0.04    0.15  0.05  -0.02 -0.04    0.16    -0.24    -0.06  0.04  1.00     0.26
SOYMEAL      -0.04       -0.13   -0.05    -0.14       -0.00    -0.14    -0.04 -0.01     -0.14       -0.34  -0.34         -0.12   -0.11  0.09   0.11  0.15    0.34     0.04     0.12  0.48  0.26     1.00


********************************************************************************
                                 END OF REPORT                                  
********************************************************************************


