
********************************************************************************
                    Risk report produced on 08/04/2025 22:53                    
********************************************************************************


Total risk across all strategies, annualised percentage 8.7
Percentage of capital used for margin 39.3%

========================================
Risk per strategy, annualised percentage
========================================

                  risk
dynamic_TF_carry   8.7


===================
Risk by asset class
===================

Ags       1.9
Bond      0.9
Equity    3.5
FX        2.6
Metals    4.9
OilGas    3.3
Sector    1.0
dtype: float64


=====================================================
Beta loadings of asset class positions on asset class
=====================================================

Metals   -0.16
Equity   -0.09
OilGas   -0.09
Sector    0.02
Ags       0.11
Bond      0.12
FX        0.19
dtype: float64


========================================================
Beta loadings of full portfolio positions on asset class
========================================================

Metals   -0.17
Equity   -0.15
FX       -0.15
OilGas   -0.11
Sector   -0.01
Bond     -0.01
Ags       0.03
dtype: float64


===================================================================================================================================================================================================================================================================
                                                                                                                          Instrument risk                                                                                                                          
===================================================================================================================================================================================================================================================================

               daily_price_stdev  annual_price_stdev     price  daily_perc_stdev  annual_perc_stdev  point_size_base  contract_exposure  daily_risk_per_contract  annual_risk_per_contract  position  capital  exposure_held_perc_capital  annual_risk_perc_capital
GAS-PEN                    0.132               2.106      3.81              3.45               55.2           7826.2              29849                     1030                     16483        -1   552901                        -5.4                      -3.0
NASDAQ_micro             327.414            5238.627  17328.25              1.89               30.2              1.6              27122                      512                      8199        -2   552901                        -9.8                      -3.0
BITCOIN                 2727.369           43637.910  77175.00              3.53               56.5              0.1               6039                      213                      3415        -4   552901                        -4.4                      -2.5
ALUMINIUM                 34.222             547.550   2213.50              1.55               24.7             19.6              43308                      669                     10713        -1   552901                        -7.8                      -1.9
SILVER                     0.828              13.240     29.98              2.76               44.2            782.6              23462                      647                     10362        -1   552901                        -4.2                      -1.9
RUSSELL                   30.620             489.917   1774.80              1.73               27.6              3.9               6944                      119                      1917        -5   552901                        -6.3                      -1.7
NZD                        0.005               0.086      0.56              0.96               15.4          78262.0              43521                      418                      6702        -1   552901                        -7.9                      -1.2
CRUDE_W_micro              1.466              23.460     58.08              2.52               40.4             78.3               4545                      114                      1835        -3   552901                        -2.5                      -1.0
KOSDAQ                    26.646             426.332   1099.50              2.42               38.8              5.3               5859                      142                      2272        -2   552901                        -2.1                      -0.8
CAD                        0.003               0.054      0.70              0.48                7.7          78262.0              55147                      265                      4242        -1   552901                       -10.0                      -0.8
DOW                      541.278            8660.442  37844.00              1.43               22.9              0.4              14808                      211                      3388        -1   552901                        -2.7                      -0.6
COPPER-micro               0.107               1.715      4.16              2.57               41.2           1956.5               8148                      209                      3355        -1   552901                        -1.5                      -0.6
CAD10                      0.593               9.481    123.50              0.48                7.7            552.4              68216                      327                      5236         1   552901                        12.3                       0.9
EU-BANKS                   4.167              66.679    157.90              2.64               42.2             42.9               6773                      178                      2860         2   552901                         2.5                       1.0
MUMMY                     17.148             274.373    576.00              2.98               47.6              5.3               3055                       90                      1455         6   552901                         3.3                       1.6
LIVECOW                    2.121              33.943    190.48              1.11               17.8            313.0              59627                      664                     10625         1   552901                        10.8                       1.9
YENEUR                     1.029              16.471    159.73              0.64               10.3            663.0             105907                      682                     10921         1   552901                        19.2                       2.0
GBP                        0.007               0.113      1.28              0.55                8.9          48913.7              62604                      346                      5549         2   552901                        22.6                       2.0
MSCISING                   7.906             126.489    338.75              2.33               37.3             58.1              19670                      459                      7344         2   552901                         7.1                       2.7

Sum of abs(notional exposure % capital) 142.4
Sum of abs(annualised risk % capital) 31.1
Net sum of annualised risk % capital -6.9 

=========================================================================================================================================================================================
                                                                                      Correlations                                                                                       
=========================================================================================================================================================================================

               ALUMINIUM  COPPER-micro  CRUDE_W_micro   DOW  EU-BANKS  MSCISING  MUMMY  NASDAQ_micro  RUSSELL  SILVER   CAD   GBP  KOSDAQ   NZD  GAS-PEN  LIVECOW  YENEUR  BITCOIN  CAD10
ALUMINIUM           1.00          0.66           0.41  0.45      0.52      0.55   0.15          0.54     0.45    0.58  0.17  0.16    0.27  0.43     0.31     0.29    0.09     0.21  -0.30
COPPER-micro        0.66          1.00           0.46  0.48      0.64      0.62   0.41          0.51     0.41    0.76  0.22  0.28    0.15  0.48     0.26     0.36    0.11    -0.09  -0.24
CRUDE_W_micro       0.41          0.46           1.00  0.40      0.25      0.41   0.24          0.49     0.40    0.40  0.02 -0.15    0.21  0.01     0.23     0.40    0.31    -0.07  -0.47
DOW                 0.45          0.48           0.40  1.00      0.59      0.78   0.44          0.77     0.89    0.41  0.04  0.16    0.28  0.29     0.01     0.20    0.03     0.20  -0.04
EU-BANKS            0.52          0.64           0.25  0.59      1.00      0.68   0.45          0.48     0.48    0.50 -0.03  0.26    0.18  0.31     0.11     0.32    0.25     0.04  -0.23
MSCISING            0.55          0.62           0.41  0.78      0.68      1.00   0.46          0.73     0.69    0.57 -0.01  0.19    0.19  0.32     0.09     0.28    0.10     0.22  -0.16
MUMMY               0.15          0.41           0.24  0.44      0.45      0.46   1.00          0.43     0.47    0.28  0.18  0.14    0.28  0.29    -0.05     0.17    0.15    -0.03  -0.20
NASDAQ_micro        0.54          0.51           0.49  0.77      0.48      0.73   0.43          1.00     0.75    0.45  0.13  0.20    0.41  0.37     0.17     0.21    0.16     0.20  -0.14
RUSSELL             0.45          0.41           0.40  0.89      0.48      0.69   0.47          0.75     1.00    0.36  0.17  0.20    0.33  0.32    -0.06     0.22   -0.01     0.30  -0.08
SILVER              0.58          0.76           0.40  0.41      0.50      0.57   0.28          0.45     0.36    1.00  0.13  0.25    0.02  0.42     0.14     0.40    0.17     0.07  -0.25
CAD                 0.17          0.22           0.02  0.04     -0.03     -0.01   0.18          0.13     0.17    0.13  1.00  0.51    0.27  0.62     0.31     0.11    0.10     0.01  -0.15
GBP                 0.16          0.28          -0.15  0.16      0.26      0.19   0.14          0.20     0.20    0.25  0.51  1.00    0.13  0.77     0.06     0.20    0.24     0.01   0.18
KOSDAQ              0.27          0.15           0.21  0.28      0.18      0.19   0.28          0.41     0.33    0.02  0.27  0.13    1.00  0.24     0.07    -0.01   -0.02     0.03   0.00
NZD                 0.43          0.48           0.01  0.29      0.31      0.32   0.29          0.37     0.32    0.42  0.62  0.77    0.24  1.00     0.20     0.24    0.09     0.12   0.05
GAS-PEN             0.31          0.26           0.23  0.01      0.11      0.09  -0.05          0.17    -0.06    0.14  0.31  0.06    0.07  0.20     1.00     0.20    0.12     0.01  -0.30
LIVECOW             0.29          0.36           0.40  0.20      0.32      0.28   0.17          0.21     0.22    0.40  0.11  0.20   -0.01  0.24     0.20     1.00    0.42     0.01  -0.42
YENEUR              0.09          0.11           0.31  0.03      0.25      0.10   0.15          0.16    -0.01    0.17  0.10  0.24   -0.02  0.09     0.12     0.42    1.00    -0.04  -0.58
BITCOIN             0.21         -0.09          -0.07  0.20      0.04      0.22  -0.03          0.20     0.30    0.07  0.01  0.01    0.03  0.12     0.01     0.01   -0.04     1.00  -0.02
CAD10              -0.30         -0.24          -0.47 -0.04     -0.23     -0.16  -0.20         -0.14    -0.08   -0.25 -0.15  0.18    0.00  0.05    -0.30    -0.42   -0.58    -0.02   1.00


********************************************************************************
                                 END OF REPORT                                  
********************************************************************************


