
********************************************************************************
                    Risk report produced on 26/06/2023 22:52                    
********************************************************************************


Total risk across all strategies, annualised percentage 11.0
Percentage of capital used for margin 65.0%

========================================
Risk per strategy, annualised percentage
========================================

                  risk
dynamic_TF_carry  11.0


===================
Risk by asset class
===================

Ags       3.6
Bond      1.6
Equity    3.5
FX        5.0
Metals    0.6
OilGas    1.2
Sector    2.8
Vol       2.4
dtype: float64


=====================================================
Beta loadings of asset class positions on asset class
=====================================================

Bond     -0.47
FX       -0.26
Vol      -0.05
OilGas   -0.02
Metals    0.02
Ags       0.05
Sector    0.16
Equity    0.20
dtype: float64


========================================================
Beta loadings of full portfolio positions on asset class
========================================================

Bond     -1.41
Vol      -0.20
Metals    0.01
OilGas    0.02
FX        0.14
Ags       0.21
Sector    0.29
Equity    0.36
dtype: float64


==================================================================================================================================================================================================================================================================
                                                                                                                         Instrument risk                                                                                                                          
==================================================================================================================================================================================================================================================================

              daily_price_stdev  annual_price_stdev     price  daily_perc_stdev  annual_perc_stdev  point_size_base  contract_exposure  daily_risk_per_contract  annual_risk_per_contract  position  capital  exposure_held_perc_capital  annual_risk_perc_capital
CHF                       0.005               0.084      1.13              0.47                7.5          98081.5             110567                      517                      8283        -1   350397                       -31.6                      -2.4
LEANHOG                   1.641              26.262     93.28              1.76               28.2            313.9              29275                      515                      8242        -1   350397                        -8.4                      -2.4
JPY                       0.000               0.001      0.01              0.58                9.3        9808152.5              69245                      400                      6412        -1   350397                       -19.8                      -1.8
VIX                       0.491               7.855     17.20              2.85               45.7            784.7              13496                      385                      6163        -1   350397                        -3.9                      -1.8
US3                       0.223               3.573    104.62              0.21                3.4           1569.3             164188                      350                      5607        -1   350397                       -46.9                      -1.6
GAS_US_mini               0.128               2.055      2.90              4.42               70.7           1961.6               5698                      251                      4030        -1   350397                        -1.6                      -1.2
DOW                     264.468            4231.489  34047.00              0.78               12.4              0.4              13357                      103                      1660        -2   350397                        -7.6                      -0.9
V2X                       0.558               8.921     16.80              3.32               53.1             85.6               1437                       47                       763        -4   350397                        -1.6                      -0.9
RUSSELL                  25.487             407.793   1848.90              1.38               22.1              3.9               7253                       99                      1599        -1   350397                        -2.1                      -0.5
REDWHEAT                 18.185             290.954    867.75              2.10               33.5             39.2              34044                      713                     11414         0   350397                         0.0                       0.0
BITCOIN                1014.809           16236.949  30265.00              3.35               53.6              0.1               2374                       79                      1274         1   350397                         0.7                       0.4
COPPER-micro              0.051               0.808      3.81              1.33               21.2           1961.6               7468                       99                      1585         1   350397                         2.1                       0.5
MXP                       0.000               0.005      0.06              0.50                8.0         392326.1              22531                      113                      1809         1   350397                         6.4                       0.5
BRE                       0.001               0.024      0.21              0.70               11.2          78465.2              16458                      115                      1844         1   350397                         4.7                       0.5
SOYBEAN_mini             22.165             354.642   1334.12              1.66               26.6              7.8              10468                      173                      2782         1   350397                         3.0                       0.8
NIKKEI                  346.783            5548.536  32555.00              1.07               17.0              0.5              17839                      190                      3040         1   350397                         5.1                       0.9
GBP                       0.006               0.098      1.27              0.48                7.7          49040.8              62399                      300                      4813         1   350397                        17.8                       1.4
EU-AUTO                   7.907             126.516    623.00              1.27               20.3             42.8              26650                      338                      5412         1   350397                         7.6                       1.5
EU-OIL                    4.449              71.182    326.50              1.36               21.8             42.8              13966                      190                      3044         2   350397                         8.0                       1.7
FTSETAIWAN               12.587             201.389   1467.00              0.86               13.7             31.4              46043                      395                      6320         1   350397                        13.1                       1.8
CAC                      61.908             990.526   7206.50              0.86               13.7              8.6              61654                      529                      8474         1   350397                        17.6                       2.4
CNH                       0.020               0.316      7.23              0.27                4.4          10840.7              78336                      213                      3423         3   350397                        67.1                       2.9
LIVECOW                   1.217              19.469    170.70              0.71               11.4            313.9              53576                      381                      6110         2   350397                        30.6                       3.5

Sum of abs(notional exposure % capital) 307.3
Sum of abs(annualised risk % capital) 32.3
Net sum of annualised risk % capital 5.3 

==========================================================================================================================================================================================================
                                                                                               Correlations                                                                                               
==========================================================================================================================================================================================================

               V2X   VIX   CNH   CAC   DOW  EU-AUTO  EU-OIL  FTSETAIWAN   MXP  NIKKEI  RUSSELL  BITCOIN   BRE  GAS_US_mini  LEANHOG  LIVECOW  REDWHEAT  SOYBEAN_mini   CHF  COPPER-micro   GBP   JPY   US3
V2X           1.00  0.68  0.09 -0.66 -0.56    -0.69   -0.51       -0.55 -0.59   -0.62    -0.63     0.03 -0.37        -0.07    -0.31    -0.32      0.02         -0.17 -0.17         -0.44 -0.25 -0.04  0.06
VIX           0.68  1.00  0.09 -0.54 -0.65    -0.46   -0.34       -0.39 -0.57   -0.41    -0.72    -0.28 -0.52        -0.20    -0.22    -0.47     -0.13         -0.25 -0.01         -0.36 -0.26  0.01  0.09
CNH           0.09  0.09  1.00 -0.22 -0.27    -0.16    0.01       -0.25 -0.03   -0.05    -0.28    -0.18 -0.08         0.03     0.08     0.15      0.05         -0.09 -0.47         -0.45 -0.49 -0.46 -0.49
CAC          -0.66 -0.54 -0.22  1.00  0.73     0.76    0.54        0.53  0.52    0.56     0.69     0.16  0.31         0.11     0.34     0.31     -0.09          0.11  0.26          0.46  0.39  0.11  0.10
DOW          -0.56 -0.65 -0.27  0.73  1.00     0.54    0.40        0.45  0.47    0.51     0.83     0.27  0.34         0.24     0.27     0.36     -0.00          0.19  0.30          0.55  0.55  0.19  0.23
EU-AUTO      -0.69 -0.46 -0.16  0.76  0.54     1.00    0.45        0.51  0.54    0.54     0.62    -0.08  0.25         0.09     0.34     0.32     -0.12          0.08  0.21          0.33  0.33  0.14  0.04
EU-OIL       -0.51 -0.34  0.01  0.54  0.40     0.45    1.00        0.40  0.52    0.42     0.40     0.01  0.39         0.19     0.29     0.18      0.07          0.19  0.04          0.41  0.14 -0.03 -0.18
FTSETAIWAN   -0.55 -0.39 -0.25  0.53  0.45     0.51    0.40        1.00  0.40    0.67     0.49     0.14  0.22         0.18     0.22     0.16     -0.02          0.06  0.35          0.43  0.41  0.11  0.07
MXP          -0.59 -0.57 -0.03  0.52  0.47     0.54    0.52        0.40  1.00    0.45     0.54    -0.05  0.53        -0.02     0.25     0.24      0.10          0.31  0.19          0.42  0.32  0.11 -0.05
NIKKEI       -0.62 -0.41 -0.05  0.56  0.51     0.54    0.42        0.67  0.45    1.00     0.54     0.05  0.24         0.32     0.18     0.18     -0.08          0.14  0.18          0.34  0.29 -0.27 -0.12
RUSSELL      -0.63 -0.72 -0.28  0.69  0.83     0.62    0.40        0.49  0.54    0.54     1.00     0.29  0.39         0.25     0.29     0.37      0.08          0.20  0.26          0.49  0.39  0.13  0.09
BITCOIN       0.03 -0.28 -0.18  0.16  0.27    -0.08    0.01        0.14 -0.05    0.05     0.29     1.00  0.22         0.07    -0.09     0.11      0.22         -0.00  0.03          0.23  0.18 -0.00  0.20
BRE          -0.37 -0.52 -0.08  0.31  0.34     0.25    0.39        0.22  0.53    0.24     0.39     0.22  1.00        -0.04     0.32     0.21      0.12          0.45  0.02          0.30  0.17  0.14 -0.02
GAS_US_mini  -0.07 -0.20  0.03  0.11  0.24     0.09    0.19        0.18 -0.02    0.32     0.25     0.07 -0.04         1.00     0.10     0.01      0.16          0.05 -0.12          0.01  0.06 -0.33 -0.17
LEANHOG      -0.31 -0.22  0.08  0.34  0.27     0.34    0.29        0.22  0.25    0.18     0.29    -0.09  0.32         0.10     1.00     0.34      0.04          0.22  0.06          0.13  0.11  0.03 -0.22
LIVECOW      -0.32 -0.47  0.15  0.31  0.36     0.32    0.18        0.16  0.24    0.18     0.37     0.11  0.21         0.01     0.34     1.00      0.08          0.13 -0.01          0.13  0.15 -0.04 -0.22
REDWHEAT      0.02 -0.13  0.05 -0.09 -0.00    -0.12    0.07       -0.02  0.10   -0.08     0.08     0.22  0.12         0.16     0.04     0.08      1.00          0.30 -0.07          0.13  0.02 -0.05 -0.05
SOYBEAN_mini -0.17 -0.25 -0.09  0.11  0.19     0.08    0.19        0.06  0.31    0.14     0.20    -0.00  0.45         0.05     0.22     0.13      0.30          1.00  0.17          0.32  0.23  0.02 -0.09
CHF          -0.17 -0.01 -0.47  0.26  0.30     0.21    0.04        0.35  0.19    0.18     0.26     0.03  0.02        -0.12     0.06    -0.01     -0.07          0.17  1.00          0.46  0.71  0.57  0.51
COPPER-micro -0.44 -0.36 -0.45  0.46  0.55     0.33    0.41        0.43  0.42    0.34     0.49     0.23  0.30         0.01     0.13     0.13      0.13          0.32  0.46          1.00  0.60  0.34  0.21
GBP          -0.25 -0.26 -0.49  0.39  0.55     0.33    0.14        0.41  0.32    0.29     0.39     0.18  0.17         0.06     0.11     0.15      0.02          0.23  0.71          0.60  1.00  0.53  0.53
JPY          -0.04  0.01 -0.46  0.11  0.19     0.14   -0.03        0.11  0.11   -0.27     0.13    -0.00  0.14        -0.33     0.03    -0.04     -0.05          0.02  0.57          0.34  0.53  1.00  0.66
US3           0.06  0.09 -0.49  0.10  0.23     0.04   -0.18        0.07 -0.05   -0.12     0.09     0.20 -0.02        -0.17    -0.22    -0.22     -0.05         -0.09  0.51          0.21  0.53  0.66  1.00


********************************************************************************
                                 END OF REPORT                                  
********************************************************************************


