
********************************************************************************
                    Risk report produced on 10/07/2024 22:52                    
********************************************************************************


Total risk across all strategies, annualised percentage 12.3
Percentage of capital used for margin 68.2%

========================================
Risk per strategy, annualised percentage
========================================

                  risk
dynamic_TF_carry  12.3


===================
Risk by asset class
===================

Ags       2.2
Bond      3.0
Equity    9.9
FX        3.8
Metals    2.5
OilGas    2.9
Sector    1.4
Vol       0.1
dtype: float64


=====================================================
Beta loadings of asset class positions on asset class
=====================================================

Bond     -0.16
FX       -0.13
Metals   -0.08
Sector   -0.08
Vol      -0.00
Ags       0.03
OilGas    0.09
Equity    1.06
dtype: float64


========================================================
Beta loadings of full portfolio positions on asset class
========================================================

Vol      -0.26
Bond     -0.17
Metals    0.01
OilGas    0.14
Ags       0.21
Sector    0.27
FX        0.28
Equity    0.99
dtype: float64


===================================================================================================================================================================================================================================================================
                                                                                                                          Instrument risk                                                                                                                          
===================================================================================================================================================================================================================================================================

               daily_price_stdev  annual_price_stdev     price  daily_perc_stdev  annual_perc_stdev  point_size_base  contract_exposure  daily_risk_per_contract  annual_risk_per_contract  position  capital  exposure_held_perc_capital  annual_risk_perc_capital
BUXL                       1.477              23.633    129.88              1.14               18.2            845.7             109834                     1249                     19985        -1   675611                       -16.3                      -3.0
BITCOIN                 1638.590           26217.448  57655.00              2.84               45.5              0.1               4507                      128                      2049        -6   675611                        -4.0                      -1.8
ALUMINIUM                 33.224             531.592   2428.25              1.37               21.9             19.5              47461                      649                     10390        -1   675611                        -7.0                      -1.5
JPY                        0.000               0.000      0.01              0.50                7.9        9772840.1              61026                      303                      4849        -2   675611                       -18.1                      -1.4
EU-AUTO                    6.961             111.384    637.30              1.09               17.5             42.3              26947                      294                      4709        -2   675611                        -8.0                      -1.4
GAS_US_mini                0.099               1.577      2.35              4.20               67.3           1954.6               4583                      192                      3083        -3   675611                        -2.0                      -1.4
COTTON2                    1.248              19.960     71.02              1.76               28.1            390.9              27762                      487                      7802        -1   675611                        -4.1                      -1.2
CHF                        0.005               0.072      1.12              0.40                6.5          97728.4             109499                      442                      7083        -1   675611                       -16.2                      -1.0
CHINAA-CON                15.658             250.536   1943.00              0.81               12.9             19.5              37977                      306                      4896        -1   675611                        -5.6                      -0.7
FTSECHINAA               102.419            1638.705  11941.00              0.86               13.7              0.8               9335                       80                      1281        -3   675611                        -4.1                      -0.6
CORN                       6.065              97.042    407.50              1.49               23.8             39.1              15929                      237                      3793        -1   675611                        -2.4                      -0.6
RUSSELL                   19.696             315.129   2062.00              0.96               15.3              3.9               8060                       76                      1231        -1   675611                        -1.2                      -0.2
V2X                        0.362               5.786     15.50              2.33               37.3             84.6               1310                       30                       489        -2   675611                        -0.4                      -0.1
CRUDE_W_micro              1.156              18.498     80.27              1.44               23.0             78.2               6275                       90                      1446         0   675611                         0.0                       0.0
IRON                       2.058              32.929    106.55              1.93               30.9             78.2               8330                      160                      2574         1   675611                         1.2                       0.4
MXP                        0.001               0.008      0.06              0.93               14.9         390913.6              21715                      201                      3228         1   675611                         3.2                       0.5
MSCISING                   2.522              40.359    326.90              0.77               12.3             57.9              18930                      146                      2337         2   675611                         5.6                       0.7
TOPIX                     21.047             336.752   2891.00              0.73               11.6              4.8              13995                      101                      1630         4   675611                         8.3                       1.0
DOW                      224.325            3589.193  39879.00              0.56                9.0              0.4              15589                       87                      1403         5   675611                        11.5                       1.0
FANG                     115.271            1844.335  12403.00              0.93               14.9              3.9              48485                      450                      7209         1   675611                         7.2                       1.1
NIKKEI                   338.936            5422.983  41590.00              0.81               13.0              0.5              20134                      164                      2625         3   675611                         8.9                       1.2
FTSETAIWAN                16.056             256.892   2003.75              0.80               12.8             31.3              62663                      502                      8033         1   675611                         9.3                       1.2
MSCIEAFA                  18.037             288.584   2399.90              0.75               12.0             39.1              93815                      705                     11281         1   675611                        13.9                       1.7
MSCITAIWAN                 9.678             154.842    980.00              0.99               15.8             78.2              76619                      756                     12105         1   675611                        11.3                       1.8
LIVECOW                    1.335              21.366    183.22              0.73               11.7            312.7              57300                      417                      6681         2   675611                        17.0                       2.0
YENEUR                     0.702              11.237    173.87              0.40                6.5            605.2             105217                      425                      6800         2   675611                        31.1                       2.0
AEX                        5.238              83.812    939.65              0.56                8.9            169.1             158925                      885                     14175         1   675611                        23.5                       2.1
GASOILINE                  0.032               0.517      2.29              1.41               22.6          32836.7              75186                     1060                     16974         1   675611                        11.1                       2.5
MIB                      323.927            5182.827  34410.00              0.94               15.1              4.2             145496                     1369                     21914         1   675611                        21.5                       3.2

Sum of abs(notional exposure % capital) 274.0
Sum of abs(annualised risk % capital) 37.3
Net sum of annualised risk % capital 7.5 

=========================================================================================================================================================================================================================================================================
                                                                                                                              Correlations                                                                                                                               
=========================================================================================================================================================================================================================================================================

                AEX  CHINAA-CON   DOW  EU-AUTO  FANG  FTSECHINAA  FTSETAIWAN   MIB  MSCIEAFA  MSCISING  MSCITAIWAN   MXP  RUSSELL  COTTON2  CRUDE_W_micro  GASOILINE  LIVECOW  NIKKEI  TOPIX  YENEUR  CORN  GAS_US_mini  ALUMINIUM  BITCOIN  BUXL   CHF  IRON   JPY   V2X
AEX            1.00        0.33  0.58     0.55  0.46        0.37        0.55  0.50      0.56      0.46        0.58  0.29     0.55     0.18           0.19       0.26     0.04    0.45   0.37    0.13  0.02        -0.05       0.08     0.11  0.23  0.04  0.18 -0.02 -0.54
CHINAA-CON     0.33        1.00  0.21     0.20  0.05        0.95        0.35  0.26      0.34      0.47        0.31  0.15     0.32     0.24           0.14       0.21     0.22    0.20   0.19   -0.07 -0.09        -0.03       0.37     0.22 -0.03  0.07  0.19  0.17 -0.23
DOW            0.58        0.21  1.00     0.42  0.30        0.21        0.28  0.59      0.61      0.37        0.23  0.33     0.78     0.11           0.15       0.22     0.22    0.32   0.23    0.12  0.15         0.11       0.06     0.13  0.26  0.18 -0.02  0.13 -0.58
EU-AUTO        0.55        0.20  0.42     1.00  0.18        0.24        0.34  0.77      0.52      0.30        0.30  0.37     0.44     0.21           0.11       0.17     0.09    0.40   0.37    0.18  0.02        -0.14       0.10     0.03  0.02  0.06  0.03 -0.03 -0.54
FANG           0.46        0.05  0.30     0.18  1.00        0.08        0.54 -0.05      0.33      0.14        0.56  0.13     0.38     0.13           0.11       0.20     0.06    0.34   0.20    0.13 -0.08        -0.19      -0.09     0.00  0.27  0.05  0.19  0.02 -0.27
FTSECHINAA     0.37        0.95  0.21     0.24  0.08        1.00        0.36  0.32      0.39      0.49        0.31  0.19     0.32     0.24           0.13       0.19     0.17    0.24   0.24   -0.03 -0.10        -0.04       0.37     0.13 -0.06  0.05  0.24  0.15 -0.32
FTSETAIWAN     0.55        0.35  0.28     0.34  0.54        0.36        1.00  0.21      0.46      0.41        0.96  0.40     0.43     0.32           0.21       0.26     0.10    0.40   0.26    0.11  0.02        -0.13       0.09    -0.08  0.32  0.13  0.15  0.09 -0.34
MIB            0.50        0.26  0.59     0.77 -0.05        0.32        0.21  1.00      0.59      0.39        0.18  0.45     0.49     0.21           0.05       0.11     0.12    0.43   0.43    0.23  0.00         0.03       0.12     0.03 -0.08 -0.01  0.01 -0.02 -0.72
MSCIEAFA       0.56        0.34  0.61     0.52  0.33        0.39        0.46  0.59      1.00      0.51        0.40  0.38     0.66     0.06           0.09       0.11     0.04    0.48   0.44    0.12 -0.03         0.07       0.17     0.18  0.18  0.40  0.10  0.29 -0.63
MSCISING       0.46        0.47  0.37     0.30  0.14        0.49        0.41  0.39      0.51      1.00        0.34  0.26     0.40     0.02           0.05       0.08     0.17    0.33   0.33    0.05 -0.08         0.03       0.38     0.06  0.12  0.14  0.20  0.12 -0.43
MSCITAIWAN     0.58        0.31  0.23     0.30  0.56        0.31        0.96  0.18      0.40      0.34        1.00  0.32     0.38     0.30           0.21       0.30     0.08    0.40   0.24    0.10 -0.01        -0.16       0.02    -0.08  0.29  0.10  0.14  0.07 -0.30
MXP            0.29        0.15  0.33     0.37  0.13        0.19        0.40  0.45      0.38      0.26        0.32  1.00     0.34     0.26           0.25       0.24     0.12    0.33   0.28    0.17  0.18         0.13       0.23    -0.03  0.13 -0.03  0.16  0.10 -0.46
RUSSELL        0.55        0.32  0.78     0.44  0.38        0.32        0.43  0.49      0.66      0.40        0.38  0.34     1.00     0.09           0.07       0.21     0.16    0.36   0.25    0.05  0.03        -0.08       0.22     0.26  0.26  0.21  0.09  0.26 -0.57
COTTON2        0.18        0.24  0.11     0.21  0.13        0.24        0.32  0.21      0.06      0.02        0.30  0.26     0.09     1.00           0.35       0.30     0.24    0.18   0.14    0.05  0.05        -0.11       0.03     0.00 -0.07 -0.22  0.08 -0.09 -0.08
CRUDE_W_micro  0.19        0.14  0.15     0.11  0.11        0.13        0.21  0.05      0.09      0.05        0.21  0.25     0.07     0.35           1.00       0.85     0.21    0.23   0.19    0.21  0.15         0.08       0.11    -0.04 -0.20 -0.18  0.00 -0.22 -0.10
GASOILINE      0.26        0.21  0.22     0.17  0.20        0.19        0.26  0.11      0.11      0.08        0.30  0.24     0.21     0.30           0.85       1.00     0.22    0.30   0.22    0.18  0.12        -0.06       0.14     0.02 -0.18 -0.16  0.09 -0.17 -0.21
LIVECOW        0.04        0.22  0.22     0.09  0.06        0.17        0.10  0.12      0.04      0.17        0.08  0.12     0.16     0.24           0.21       0.22     1.00    0.04  -0.01   -0.01 -0.12         0.03       0.17    -0.07 -0.04 -0.13  0.05 -0.02 -0.16
NIKKEI         0.45        0.20  0.32     0.40  0.34        0.24        0.40  0.43      0.48      0.33        0.40  0.33     0.36     0.18           0.23       0.30     0.04    1.00   0.92    0.43 -0.20         0.11      -0.04    -0.05 -0.11 -0.17  0.10 -0.34 -0.62
TOPIX          0.37        0.19  0.23     0.37  0.20        0.24        0.26  0.43      0.44      0.33        0.24  0.28     0.25     0.14           0.19       0.22    -0.01    0.92   1.00    0.38 -0.22         0.09      -0.01    -0.07 -0.22 -0.24  0.16 -0.34 -0.58
YENEUR         0.13       -0.07  0.12     0.18  0.13       -0.03        0.11  0.23      0.12      0.05        0.10  0.17     0.05     0.05           0.21       0.18    -0.01    0.43   0.38    1.00 -0.12         0.16      -0.07    -0.05 -0.18 -0.15 -0.01 -0.71 -0.32
CORN           0.02       -0.09  0.15     0.02 -0.08       -0.10        0.02  0.00     -0.03     -0.08       -0.01  0.18     0.03     0.05           0.15       0.12    -0.12   -0.20  -0.22   -0.12  1.00         0.22       0.04     0.04  0.10 -0.02  0.02  0.06  0.02
GAS_US_mini   -0.05       -0.03  0.11    -0.14 -0.19       -0.04       -0.13  0.03      0.07      0.03       -0.16  0.13    -0.08    -0.11           0.08      -0.06     0.03    0.11   0.09    0.16  0.22         1.00      -0.06    -0.02 -0.06  0.08 -0.21 -0.17 -0.14
ALUMINIUM      0.08        0.37  0.06     0.10 -0.09        0.37        0.09  0.12      0.17      0.38        0.02  0.23     0.22     0.03           0.11       0.14     0.17   -0.04  -0.01   -0.07  0.04        -0.06       1.00     0.18  0.05  0.07  0.40  0.24 -0.13
BITCOIN        0.11        0.22  0.13     0.03  0.00        0.13       -0.08  0.03      0.18      0.06       -0.08 -0.03     0.26     0.00          -0.04       0.02    -0.07   -0.05  -0.07   -0.05  0.04        -0.02       0.18     1.00  0.06 -0.04  0.13  0.12  0.04
BUXL           0.23       -0.03  0.26     0.02  0.27       -0.06        0.32 -0.08      0.18      0.12        0.29  0.13     0.26    -0.07          -0.20      -0.18    -0.04   -0.11  -0.22   -0.18  0.10        -0.06       0.05     0.06  1.00  0.29  0.08  0.29  0.08
CHF            0.04        0.07  0.18     0.06  0.05        0.05        0.13 -0.01      0.40      0.14        0.10 -0.03     0.21    -0.22          -0.18      -0.16    -0.13   -0.17  -0.24   -0.15 -0.02         0.08       0.07    -0.04  0.29  1.00 -0.06  0.59  0.05
IRON           0.18        0.19 -0.02     0.03  0.19        0.24        0.15  0.01      0.10      0.20        0.14  0.16     0.09     0.08           0.00       0.09     0.05    0.10   0.16   -0.01  0.02        -0.21       0.40     0.13  0.08 -0.06  1.00  0.03 -0.21
JPY           -0.02        0.17  0.13    -0.03  0.02        0.15        0.09 -0.02      0.29      0.12        0.07  0.10     0.26    -0.09          -0.22      -0.17    -0.02   -0.34  -0.34   -0.71  0.06        -0.17       0.24     0.12  0.29  0.59  0.03  1.00  0.06
V2X           -0.54       -0.23 -0.58    -0.54 -0.27       -0.32       -0.34 -0.72     -0.63     -0.43       -0.30 -0.46    -0.57    -0.08          -0.10      -0.21    -0.16   -0.62  -0.58   -0.32  0.02        -0.14      -0.13     0.04  0.08  0.05 -0.21  0.06  1.00


********************************************************************************
                                 END OF REPORT                                  
********************************************************************************


