
********************************************************************************
           Risk report report produced on 2022-06-18 10:08:02.797240            
********************************************************************************


Total risk across all strategies, annualised percentage 10.7
Percentage of capital used for margin 22.7%

========================================
Risk per strategy, annualised percentage
========================================

                  risk
dynamic_TF_carry  10.7


==================================================================================================================================================================================================================================================================
                                                                                                                         Instrument risk                                                                                                                          
==================================================================================================================================================================================================================================================================

              daily_price_stdev  annual_price_stdev     price  daily_perc_stdev  annual_perc_stdev  point_size_base  contract_exposure  daily_risk_per_contract  annual_risk_per_contract  position  capital  exposure_held_perc_capital  annual_risk_perc_capital
US10U                     0.899              14.387    124.50              0.72               11.6            820.9             102206                      738                     11811        -1   392285                       -26.1                      -3.0
JPY                       0.000               0.001      0.01              0.76               12.1       10261672.7              76500                      577                      9243        -1   392285                       -19.5                      -2.4
SILVER                    0.438               7.007     21.93              2.00               32.0            820.9              18001                      359                      5752        -1   392285                        -4.6                      -1.5
KR10                      0.540               8.644    109.45              0.49                7.9            632.9              69266                      341                      5470        -1   392285                       -17.7                      -1.4
DJSTX-SMALL               5.874              93.990    297.00              1.98               31.6             42.9              12750                      252                      4034        -1   392285                        -3.3                      -1.0
DAX                     216.335            3461.353  13107.00              1.65               26.4              0.9              11253                      185                      2971        -1   392285                        -2.9                      -0.8
NIKKEI400               219.414            3510.625  16515.00              1.33               21.3              0.6              10019                      133                      2129         1   392285                         2.6                       0.5
TOPIX                    24.221             387.538   1838.50              1.32               21.1              6.1              11153                      146                      2351         1   392285                         2.8                       0.6
BRE                       0.002               0.036      0.19              1.19               19.0          82093.4              15794                      187                      2994         1   392285                         4.0                       0.8
EU-OIL                    6.143              98.288    305.40              2.01               32.2             42.9              13110                      263                      4219         1   392285                         3.3                       1.1
IRON                      4.078              65.244    117.75              3.46               55.4             82.1               9666                      334                      5356         1   392285                         2.5                       1.4
SOYOIL                    1.166              18.659     71.10              1.64               26.2            492.6              35021                      574                      9190         1   392285                         8.9                       2.3
SOYBEAN                  16.046             256.736   1536.50              1.04               16.7             41.0              63068                      658                     10538         1   392285                        16.1                       2.7
GAS_US_mini               0.387               6.193      6.95              5.57               89.1           2052.3              14263                      794                     12710         1   392285                         3.6                       3.2
WHEAT                    19.713             315.411   1035.50              1.90               30.5             41.0              42503                      809                     12946         1   392285                        10.8                       3.3
CRUDE_W_mini              2.469              39.501    105.58              2.34               37.4            410.5              43335                     1013                     16214         1   392285                        11.0                       4.1

Sum of abs(notional exposure % capital) 139.7
Sum of abs(annualised risk % capital) 30.1
Net sum of annualised risk % capital 9.9 

===================================================================================================================================================
                                                                   Correlations                                                                    
===================================================================================================================================================

               JPY  KR10  US10U   DAX  DJSTX-SMALL  NIKKEI400  TOPIX  SOYBEAN  SOYOIL  WHEAT   BRE  EU-OIL  GAS_US_mini  CRUDE_W_mini  IRON  SILVER
JPY           1.00  0.33   0.46 -0.02         0.05      -0.09  -0.08     0.10    0.12   0.13  0.16    0.03         0.07          0.12  0.01    0.17
KR10          0.33  1.00   0.39  0.12         0.18       0.08   0.09     0.10    0.14   0.10  0.08    0.02         0.05          0.11  0.04    0.11
US10U         0.46  0.39   1.00  0.06         0.16      -0.01   0.01     0.09    0.17   0.13  0.13    0.06         0.15          0.14  0.10    0.20
DAX          -0.02  0.12   0.06  1.00         0.53       0.49   0.49     0.21    0.18   0.03  0.26    0.35         0.28          0.06  0.09    0.09
DJSTX-SMALL   0.05  0.18   0.16  0.53         1.00       0.45   0.46     0.22    0.21   0.07  0.29    0.39         0.33          0.14  0.12    0.17
NIKKEI400    -0.09  0.08  -0.01  0.49         0.45       1.00   0.54     0.15    0.12   0.01  0.19    0.28         0.21          0.06  0.07    0.08
TOPIX        -0.08  0.09   0.01  0.49         0.46       0.54   1.00     0.16    0.13  -0.00  0.20    0.31         0.22          0.10  0.09    0.09
SOYBEAN       0.10  0.10   0.09  0.21         0.22       0.15   0.16     1.00    0.39   0.32  0.21    0.23         0.22          0.20  0.19    0.20
SOYOIL        0.12  0.14   0.17  0.18         0.21       0.12   0.13     0.39    1.00   0.28  0.12    0.23         0.25          0.21  0.16    0.22
WHEAT         0.13  0.10   0.13  0.03         0.07       0.01  -0.00     0.32    0.28   1.00  0.11    0.13         0.18          0.21  0.17    0.23
BRE           0.16  0.08   0.13  0.26         0.29       0.19   0.20     0.21    0.12   0.11  1.00    0.30         0.27          0.25  0.21    0.29
EU-OIL        0.03  0.02   0.06  0.35         0.39       0.28   0.31     0.23    0.23   0.13  0.30    1.00         0.32          0.33  0.24    0.22
GAS_US_mini   0.07  0.05   0.15  0.28         0.33       0.21   0.22     0.22    0.25   0.18  0.27    0.32         1.00          0.17  0.20    0.19
CRUDE_W_mini  0.12  0.11   0.14  0.06         0.14       0.06   0.10     0.20    0.21   0.21  0.25    0.33         0.17          1.00  0.27    0.29
IRON          0.01  0.04   0.10  0.09         0.12       0.07   0.09     0.19    0.16   0.17  0.21    0.24         0.20          0.27  1.00    0.27
SILVER        0.17  0.11   0.20  0.09         0.17       0.08   0.09     0.20    0.22   0.23  0.29    0.22         0.19          0.29  0.27    1.00


********************************************************************************
                                 END OF REPORT                                  
********************************************************************************


