
********************************************************************************
           Risk report report produced on 2022-06-24 21:00:57.919630            
********************************************************************************


Total risk across all strategies, annualised percentage 7.3
Percentage of capital used for margin 22.3%

========================================
Risk per strategy, annualised percentage
========================================

                  risk
dynamic_TF_carry   7.3


==================================================================================================================================================================================================================================================================
                                                                                                                         Instrument risk                                                                                                                          
==================================================================================================================================================================================================================================================================

              daily_price_stdev  annual_price_stdev     price  daily_perc_stdev  annual_perc_stdev  point_size_base  contract_exposure  daily_risk_per_contract  annual_risk_per_contract  position  capital  exposure_held_perc_capital  annual_risk_perc_capital
US10U                     0.891              14.249    125.70              0.71               11.3            813.7             102280                      724                     11593        -1   370515                       -27.6                      -3.1
SILVER                    0.425               6.796     21.15              2.01               32.1            813.7              17209                      345                      5529        -1   370515                        -4.6                      -1.5
SP500_micro              65.986            1055.774   3894.00              1.69               27.1              4.1              15842                      268                      4295        -1   370515                        -4.3                      -1.2
DJSTX-SMALL               5.662              90.586    303.70              1.86               29.8             42.9              13029                      242                      3886        -1   370515                        -3.5                      -1.0
DOW                     441.329            7061.268  31338.00              1.41               22.5              0.4              12749                      179                      2872        -1   370515                        -3.4                      -0.8
DAX                     203.160            3250.563  13123.00              1.55               24.8              0.9              11259                      174                      2789        -1   370515                        -3.0                      -0.8
KOSDAQ                   26.970             431.514   1093.70              2.47               39.5              6.3               6876                      169                      2713        -1   370515                        -1.9                      -0.7
RUSSELL                  36.582             585.314   1753.80              2.09               33.4              4.1               7135                      148                      2381        -1   370515                        -1.9                      -0.6
NIKKEI400               219.325            3509.200  16950.00              1.29               20.7              0.6              10200                      131                      2111         1   370515                         2.8                       0.6
TOPIX                    24.148             386.364   1885.25              1.28               20.5              6.0              11345                      145                      2325         1   370515                         3.1                       0.6
BRE                       0.002               0.034      0.19              1.12               17.9          81367.0              15386                      172                      2752         1   370515                         4.2                       0.7
EU-OIL                    6.237              99.792    305.60              2.04               32.7             42.9              13110                      267                      4281         1   370515                         3.5                       1.2
IRON                      4.003              64.041    115.90              3.45               55.3             81.4               9430                      325                      5210         1   370515                         2.5                       1.4
WHEAT                    19.346             309.543    933.00              2.07               33.2             40.7              37957                      787                     12593         1   370515                        10.2                       3.4
CRUDE_W_mini              2.542              40.672    103.62              2.45               39.2            406.8              42158                     1034                     16546         1   370515                        11.4                       4.5

Sum of abs(notional exposure % capital) 87.9
Sum of abs(annualised risk % capital) 22.1
Net sum of annualised risk % capital 2.7 

=============================================================================================================================================
                                                                Correlations                                                                 
=============================================================================================================================================

              US10U  WHEAT   DAX  DJSTX-SMALL   DOW  NIKKEI400  RUSSELL  SP500_micro  TOPIX  CRUDE_W_mini  EU-OIL  KOSDAQ   BRE  IRON  SILVER
US10U          1.00   0.12  0.10         0.22  0.16       0.08     0.14         0.19   0.09          0.18    0.10    0.19  0.15  0.12    0.22
WHEAT          0.12   1.00  0.09         0.14  0.11       0.11     0.18         0.13   0.10          0.34    0.27    0.28  0.26  0.22    0.29
DAX            0.10   0.09  1.00         0.56  0.56       0.52     0.53         0.54   0.52          0.22    0.39    0.39  0.35  0.28    0.24
DJSTX-SMALL    0.22   0.14  0.56         1.00  0.56       0.50     0.53         0.56   0.50          0.27    0.42    0.41  0.31  0.24    0.27
DOW            0.16   0.11  0.56         0.56  1.00       0.53     0.60         0.62   0.54          0.35    0.41    0.39  0.36  0.39    0.29
NIKKEI400      0.08   0.11  0.52         0.50  0.53       1.00     0.50         0.51   0.62          0.30    0.37    0.40  0.27  0.25    0.20
RUSSELL        0.14   0.18  0.53         0.53  0.60       0.50     1.00         0.61   0.51          0.39    0.43    0.39  0.38  0.36    0.33
SP500_micro    0.19   0.13  0.54         0.56  0.62       0.51     0.61         1.00   0.52          0.36    0.41    0.40  0.36  0.37    0.32
TOPIX          0.09   0.10  0.52         0.50  0.54       0.62     0.51         0.52   1.00          0.31    0.38    0.41  0.27  0.26    0.21
CRUDE_W_mini   0.18   0.34  0.22         0.27  0.35       0.30     0.39         0.36   0.31          1.00    0.50    0.35  0.33  0.37    0.33
EU-OIL         0.10   0.27  0.39         0.42  0.41       0.37     0.43         0.41   0.38          0.50    1.00    0.37  0.34  0.34    0.29
KOSDAQ         0.19   0.28  0.39         0.41  0.39       0.40     0.39         0.40   0.41          0.35    0.37    1.00  0.32  0.27    0.30
BRE            0.15   0.26  0.35         0.31  0.36       0.27     0.38         0.36   0.27          0.33    0.34    0.32  1.00  0.31    0.38
IRON           0.12   0.22  0.28         0.24  0.39       0.25     0.36         0.37   0.26          0.37    0.34    0.27  0.31  1.00    0.28
SILVER         0.22   0.29  0.24         0.27  0.29       0.20     0.33         0.32   0.21          0.33    0.29    0.30  0.38  0.28    1.00


********************************************************************************
                                 END OF REPORT                                  
********************************************************************************


