
********************************************************************************
                    Risk report produced on 26/10/2023 22:52                    
********************************************************************************


Total risk across all strategies, annualised percentage 12.8
Percentage of capital used for margin 53.1%

========================================
Risk per strategy, annualised percentage
========================================

                  risk
dynamic_TF_carry  12.7


===================
Risk by asset class
===================

Ags       2.0
Bond      7.2
Equity    2.4
FX        5.3
Metals    0.3
OilGas    1.0
Sector    3.1
dtype: float64


=====================================================
Beta loadings of asset class positions on asset class
=====================================================

FX       -0.98
Bond     -0.84
Equity   -0.09
Metals   -0.02
OilGas   -0.02
Ags       0.06
Sector    0.16
dtype: float64


========================================================
Beta loadings of full portfolio positions on asset class
========================================================

FX       -1.44
Bond     -1.22
Metals   -0.20
Equity   -0.06
OilGas   -0.00
Ags       0.06
Sector    0.16
dtype: float64


==================================================================================================================================================================================================================================================================
                                                                                                                         Instrument risk                                                                                                                          
==================================================================================================================================================================================================================================================================

              daily_price_stdev  annual_price_stdev     price  daily_perc_stdev  annual_perc_stdev  point_size_base  contract_exposure  daily_risk_per_contract  annual_risk_per_contract  position  capital  exposure_held_perc_capital  annual_risk_perc_capital
US20                      1.132              18.118    108.47              1.04               16.7            825.2              89506                      934                     14950        -1   390448                       -22.9                      -3.8
BUND                      0.722              11.544    127.96              0.56                9.0            872.5             111640                      629                     10072        -1   390448                       -28.6                      -2.6
DAX                     141.230            2259.685  14940.00              0.95               15.1              0.9              13034                      123                      1971        -5   390448                       -16.7                      -2.5
CHF                       0.005               0.080      1.13              0.44                7.1         103148.1             116335                      514                      8225        -1   390448                       -29.8                      -2.1
US3                       0.221               3.539    102.74              0.22                3.4           1650.4             169562                      365                      5840        -1   390448                       -43.4                      -1.5
AUD                       0.004               0.068      0.63              0.67               10.7          82518.5              52209                      349                      5587        -1   390448                       -13.4                      -1.4
JPY                       0.000               0.001      0.01              0.47                7.6       10314807.9              69496                      328                      5259        -1   390448                       -17.8                      -1.3
GBP                       0.006               0.096      1.22              0.49                7.9          51574.0              62714                      307                      4926        -1   390448                       -16.1                      -1.3
RUSSELL                  23.520             376.315   1694.20              1.39               22.2              4.1               6990                       97                      1552        -3   390448                        -5.4                      -1.2
GAS_US_mini               0.117               1.867      3.27              3.57               57.1           2063.0               6745                      240                      3851        -1   390448                        -1.7                      -1.0
COPPER-micro              0.041               0.658      3.56              1.16               18.5           2063.0               7336                       84                      1357        -1   390448                        -1.9                      -0.3
CNH                       0.017               0.277      7.33              0.24                3.8          11244.7              82424                      194                      3112         1   390448                        21.1                       0.8
MXP                       0.000               0.007      0.05              0.79               12.7         412592.3              22383                      177                      2839         2   390448                        11.5                       1.5
LEANHOG                   1.464              23.425     70.58              2.07               33.2            330.1              23294                      483                      7732         1   390448                         6.0                       2.0
NIKKEI                  379.544            6072.700  31370.00              1.21               19.4              0.6              17273                      208                      3343         3   390448                        13.3                       2.6
EU-OIL                    4.324              69.184    366.60              1.18               18.9             43.6              15992                      188                      3018         4   390448                        16.4                       3.1

Sum of abs(notional exposure % capital) 266.0
Sum of abs(annualised risk % capital) 29.0
Net sum of annualised risk % capital -9.0 

=====================================================================================================================================
                                                            Correlations                                                             
=====================================================================================================================================

               AUD   CHF  COPPER-micro   GBP  BUND   JPY  US20   US3   DAX   MXP  NIKKEI  RUSSELL  EU-OIL  GAS_US_mini  LEANHOG   CNH
AUD           1.00  0.64          0.62  0.69  0.43  0.39  0.50  0.42  0.55  0.43    0.36     0.55    0.34         0.24     0.28 -0.55
CHF           0.64  1.00          0.41  0.70  0.43  0.54  0.62  0.57  0.36  0.31    0.10     0.32    0.03         0.08     0.18 -0.60
COPPER-micro  0.62  0.41          1.00  0.52  0.21  0.28  0.25  0.20  0.36  0.26    0.25     0.45    0.29         0.00     0.18 -0.61
GBP           0.69  0.70          0.52  1.00  0.49  0.37  0.51  0.52  0.53  0.34    0.28     0.48    0.21         0.19     0.23 -0.52
BUND          0.43  0.43          0.21  0.49  1.00  0.34  0.74  0.66  0.28  0.18    0.10     0.31   -0.00         0.11     0.05 -0.37
JPY           0.39  0.54          0.28  0.37  0.34  1.00  0.40  0.51  0.04  0.08   -0.31     0.09   -0.12        -0.13     0.02 -0.44
US20          0.50  0.62          0.25  0.51  0.74  0.40  1.00  0.75  0.29  0.25    0.20     0.30    0.03         0.07     0.24 -0.47
US3           0.42  0.57          0.20  0.52  0.66  0.51  0.75  1.00  0.11  0.01   -0.09     0.14   -0.11         0.01     0.20 -0.50
DAX           0.55  0.36          0.36  0.53  0.28  0.04  0.29  0.11  1.00  0.47    0.70     0.74    0.46         0.22     0.15 -0.31
MXP           0.43  0.31          0.26  0.34  0.18  0.08  0.25  0.01  0.47  1.00    0.36     0.38    0.22         0.15     0.18 -0.08
NIKKEI        0.36  0.10          0.25  0.28  0.10 -0.31  0.20 -0.09  0.70  0.36    1.00     0.65    0.48         0.24     0.19 -0.08
RUSSELL       0.55  0.32          0.45  0.48  0.31  0.09  0.30  0.14  0.74  0.38    0.65     1.00    0.43         0.23     0.20 -0.28
EU-OIL        0.34  0.03          0.29  0.21 -0.00 -0.12  0.03 -0.11  0.46  0.22    0.48     0.43    1.00         0.30     0.19 -0.07
GAS_US_mini   0.24  0.08          0.00  0.19  0.11 -0.13  0.07  0.01  0.22  0.15    0.24     0.23    0.30         1.00     0.10  0.16
LEANHOG       0.28  0.18          0.18  0.23  0.05  0.02  0.24  0.20  0.15  0.18    0.19     0.20    0.19         0.10     1.00 -0.18
CNH          -0.55 -0.60         -0.61 -0.52 -0.37 -0.44 -0.47 -0.50 -0.31 -0.08   -0.08    -0.28   -0.07         0.16    -0.18  1.00


********************************************************************************
                                 END OF REPORT                                  
********************************************************************************


