
********************************************************************************
                    Risk report produced on 26/07/2023 22:52                    
********************************************************************************


Total risk across all strategies, annualised percentage 11.8
Percentage of capital used for margin 58.9%

========================================
Risk per strategy, annualised percentage
========================================

                  risk
dynamic_TF_carry  11.8


===================
Risk by asset class
===================

Ags       5.1
Bond      1.6
Equity    4.3
FX        4.1
Metals    0.3
OilGas    1.1
Sector    2.6
Vol       1.5
dtype: float64


=====================================================
Beta loadings of asset class positions on asset class
=====================================================

Bond     -0.46
FX       -0.35
Vol      -0.04
OilGas   -0.01
Metals    0.01
Sector    0.16
Ags       0.29
Equity    0.30
dtype: float64


========================================================
Beta loadings of full portfolio positions on asset class
========================================================

Bond     -1.14
Vol      -0.19
FX       -0.00
OilGas    0.02
Metals    0.02
Sector    0.34
Ags       0.45
Equity    0.47
dtype: float64


==================================================================================================================================================================================================================================================================
                                                                                                                         Instrument risk                                                                                                                          
==================================================================================================================================================================================================================================================================

              daily_price_stdev  annual_price_stdev     price  daily_perc_stdev  annual_perc_stdev  point_size_base  contract_exposure  daily_risk_per_contract  annual_risk_per_contract  position  capital  exposure_held_perc_capital  annual_risk_perc_capital
CHF                       0.006               0.095      1.17              0.51                8.2          96903.0             113235                      576                      9231        -1   352120                       -32.2                      -2.6
JPY                       0.000               0.001      0.01              0.63               10.0        9690298.1              69678                      436                      6982        -1   352120                       -19.8                      -2.0
US3                       0.232               3.704    104.03              0.22                3.6           1550.4             161295                      358                      5743        -1   352120                       -45.8                      -1.6
VIX                       0.428               6.849     16.50              2.59               41.5            775.2              12791                      331                      5309        -1   352120                        -3.6                      -1.5
GAS_US_mini               0.119               1.910      2.69              4.44               71.0           1938.1               5213                      231                      3702        -1   352120                        -1.5                      -1.1
BITCOIN                 839.457           13431.315  29365.00              2.86               45.7              0.1               2276                       65                      1041         1   352120                         0.6                       0.3
MXP                       0.000               0.005      0.06              0.56                8.9         387611.9              22741                      126                      2026         1   352120                         6.5                       0.6
KOSDAQ                   27.033             432.522   1656.80              1.63               26.1              6.1              10060                      164                      2626         1   352120                         2.9                       0.7
SOYBEAN_mini             21.523             344.369   1420.62              1.52               24.2              7.8              11013                      166                      2669         1   352120                         3.1                       0.8
RUSSELL                  21.820             349.123   1988.40              1.10               17.6              3.9               7707                       84                      1353         3   352120                         6.6                       1.2
CNH                       0.025               0.398      7.12              0.35                5.6          10829.3              77100                      269                      4306         1   352120                        21.9                       1.2
EU-AUTO                   6.858             109.731    640.20              1.07               17.1             42.9              27446                      294                      4704         1   352120                         7.8                       1.3
GBP                       0.007               0.106      1.29              0.51                8.2          48451.5              62710                      319                      5114         1   352120                        17.8                       1.5
NIKKEI                  330.137            5282.193  32620.00              1.01               16.2              0.5              17940                      181                      2905         2   352120                        10.2                       1.7
EU-OIL                    4.334              69.338    340.70              1.27               20.4             42.9              14606                      185                      2972         2   352120                         8.3                       1.7
FTSETAIWAN               12.886             206.183   1490.75              0.86               13.8             31.0              46226                      399                      6393         1   352120                        13.1                       1.8
SOYOIL                    1.316              21.062     64.10              2.05               32.9            465.1              29815                      612                      9796         1   352120                         8.5                       2.8
LIVECOW                   1.247              19.956    179.70              0.69               11.1            310.1              55723                      386                      6188         2   352120                        31.6                       3.5

Sum of abs(notional exposure % capital) 241.8
Sum of abs(annualised risk % capital) 27.9
Net sum of annualised risk % capital 10.3 

=================================================================================================================================================================
                                                                          Correlations                                                                           
=================================================================================================================================================================

               CNH   VIX   JPY   US3  BITCOIN  GAS_US_mini   CHF  FTSETAIWAN   GBP  KOSDAQ  EU-AUTO  EU-OIL  LIVECOW   MXP  NIKKEI  RUSSELL  SOYBEAN_mini  SOYOIL
CNH           1.00  0.15 -0.60 -0.42    -0.03         0.17 -0.55       -0.36 -0.51   -0.24    -0.21   -0.10     0.11 -0.24    0.04    -0.25         -0.19    0.00
VIX           0.15  1.00 -0.06  0.12    -0.26        -0.21 -0.09       -0.46 -0.28   -0.24    -0.54   -0.29    -0.39 -0.60   -0.43    -0.72         -0.18   -0.23
JPY          -0.60 -0.06  1.00  0.56    -0.03        -0.33  0.56        0.28  0.44    0.08     0.04   -0.02    -0.11  0.20   -0.28     0.17          0.07    0.03
US3          -0.42  0.12  0.56  1.00     0.18        -0.16  0.45        0.11  0.43    0.12    -0.13   -0.23    -0.24 -0.12   -0.20    -0.01         -0.12   -0.16
BITCOIN      -0.03 -0.26 -0.03  0.18     1.00         0.01 -0.07        0.18  0.17    0.19    -0.01   -0.13     0.03  0.05    0.05     0.24         -0.05    0.06
GAS_US_mini   0.17 -0.21 -0.33 -0.16     0.01         1.00 -0.15        0.07  0.02    0.06    -0.01    0.19    -0.05  0.05    0.24     0.10          0.06    0.14
CHF          -0.55 -0.09  0.56  0.45    -0.07        -0.15  1.00        0.48  0.64    0.27     0.24    0.10    -0.02  0.28    0.17     0.30          0.18    0.08
FTSETAIWAN   -0.36 -0.46  0.28  0.11     0.18         0.07  0.48        1.00  0.47    0.50     0.54    0.22     0.13  0.45    0.55     0.56          0.10    0.17
GBP          -0.51 -0.28  0.44  0.43     0.17         0.02  0.64        0.47  1.00    0.26     0.27    0.14     0.05  0.35    0.25     0.40          0.18    0.15
KOSDAQ       -0.24 -0.24  0.08  0.12     0.19         0.06  0.27        0.50  0.26    1.00     0.33    0.25     0.12  0.11    0.34     0.42          0.14    0.16
EU-AUTO      -0.21 -0.54  0.04 -0.13    -0.01        -0.01  0.24        0.54  0.27    0.33     1.00    0.44     0.29  0.51    0.61     0.61          0.21    0.24
EU-OIL       -0.10 -0.29 -0.02 -0.23    -0.13         0.19  0.10        0.22  0.14    0.25     0.44    1.00     0.11  0.49    0.33     0.37          0.30    0.34
LIVECOW       0.11 -0.39 -0.11 -0.24     0.03        -0.05 -0.02        0.13  0.05    0.12     0.29    0.11     1.00  0.14    0.24     0.41          0.07    0.07
MXP          -0.24 -0.60  0.20 -0.12     0.05         0.05  0.28        0.45  0.35    0.11     0.51    0.49     0.14  1.00    0.33     0.53          0.24    0.31
NIKKEI        0.04 -0.43 -0.28 -0.20     0.05         0.24  0.17        0.55  0.25    0.34     0.61    0.33     0.24  0.33    1.00     0.56          0.13    0.19
RUSSELL      -0.25 -0.72  0.17 -0.01     0.24         0.10  0.30        0.56  0.40    0.42     0.61    0.37     0.41  0.53    0.56     1.00          0.21    0.34
SOYBEAN_mini -0.19 -0.18  0.07 -0.12    -0.05         0.06  0.18        0.10  0.18    0.14     0.21    0.30     0.07  0.24    0.13     0.21          1.00    0.74
SOYOIL        0.00 -0.23  0.03 -0.16     0.06         0.14  0.08        0.17  0.15    0.16     0.24    0.34     0.07  0.31    0.19     0.34          0.74    1.00


********************************************************************************
                                 END OF REPORT                                  
********************************************************************************


