
********************************************************************************
                    Risk report produced on 11/05/2026 22:53                    
********************************************************************************


Total risk across all strategies, annualised percentage 10.2
Percentage of capital used for margin 37.2%

========================================
Risk per strategy, annualised percentage
========================================

                  risk
dynamic_TF_carry  10.2


===================
Risk by asset class
===================

Ags       2.1
Bond      1.9
Equity    6.6
FX        2.3
Metals    1.5
OilGas    5.4
Other     0.2
Sector    1.6
Vol       0.1
dtype: float64


=====================================================
Beta loadings of asset class positions on asset class
=====================================================

Bond     -0.30
Metals   -0.04
Vol      -0.00
Other     0.01
Ags       0.07
Sector    0.09
OilGas    0.14
FX        0.16
Equity    0.44
dtype: float64


========================================================
Beta loadings of full portfolio positions on asset class
========================================================

Vol      -0.11
Bond      0.01
Metals    0.04
OilGas    0.10
Other     0.11
Ags       0.29
FX        0.30
Sector    0.33
Equity    0.34
dtype: float64


===================================================================================================================================================================================================================================================================
                                                                                                                          Instrument risk                                                                                                                          
===================================================================================================================================================================================================================================================================

               daily_price_stdev  annual_price_stdev     price  daily_perc_stdev  annual_perc_stdev  point_size_base  contract_exposure  daily_risk_per_contract  annual_risk_per_contract  position  capital  exposure_held_perc_capital  annual_risk_perc_capital
BITCOIN                 1819.618           29113.894  82155.00              2.21               35.4              0.1               6046                      133                      2142        -5   699206                        -4.3                      -1.5
LEANHOG                    1.118              17.892    104.50              1.07               17.1            294.4              30766                      329                      5267        -2   699206                        -8.8                      -1.5
CHF                        0.006               0.098      1.29              0.48                7.6          92004.8             118672                      565                      9046        -1   699206                       -17.0                      -1.3
DAX                      297.669            4762.708  24349.00              1.22               19.6              0.9              21060                      257                      4119        -2   699206                        -6.0                      -1.2
BTP                        0.590               9.447    117.62              0.50                8.0            865.0             101736                      510                      8171        -1   699206                       -14.6                      -1.2
KR10                       0.457               7.306    108.65              0.42                6.7            500.4              54370                      228                      3656        -2   699206                       -15.6                      -1.0
JPY                        0.000               0.001      0.01              0.63               10.1        9200478.4              58689                      368                      5901        -1   699206                        -8.4                      -0.8
DOW                      435.541            6968.654  49722.00              0.88               14.0              0.4              18298                      160                      2564        -1   699206                        -2.6                      -0.4
HANGENT_mini             103.386            1654.179   8848.00              1.17               18.7              0.9               8317                       97                      1555        -1   699206                        -1.2                      -0.2
V2X                        0.575               9.193     21.90              2.62               42.0             86.5               1894                       49                       795        -1   699206                        -0.3                      -0.1
EUR_micro                  0.004               0.069      1.18              0.36                5.8           9200.5              10850                       39                       632        -1   699206                        -1.6                      -0.1
RUBBER                     2.432              38.912    219.70              1.11               17.7             36.8               8085                       89                      1432         1   699206                         1.2                       0.2
MUMMY                     13.419             214.703    832.00              1.61               25.8              4.7               3897                       62                      1005         2   699206                         1.1                       0.3
AUD_micro                  0.004               0.061      0.72              0.52                8.4           7360.4               5332                       27                       447         5   699206                         3.8                       0.3
CAD                        0.002               0.033      0.73              0.29                4.6          73603.8              53914                      153                      2458         1   699206                         7.7                       0.4
CORN                       4.201              67.209    497.25              0.84               13.5             36.8              18299                      154                      2473         1   699206                         2.6                       0.4
CRUDE_W_micro              2.551              40.810     90.93              2.81               44.9             73.6               6692                      187                      3003         1   699206                         1.0                       0.4
CANOLA                     8.934             142.936    743.20              1.20               19.2             10.8               7990                       96                      1536         2   699206                         2.3                       0.4
MXP                        0.000               0.005      0.06              0.57                9.0         368019.1              21334                      120                      1930         2   699206                         6.1                       0.6
NZD                        0.004               0.059      0.60              0.61                9.8          73603.8              43926                      269                      4317         1   699206                         6.3                       0.6
EU-OIL                     7.632             122.113    531.90              1.43               23.0             43.2              23003                      330                      5281         1   699206                         3.3                       0.8
RUSSELL                   32.627             522.034   2886.40              1.13               18.1              3.7              10622                      120                      1921         4   699206                         6.1                       1.1
YENEUR                     0.877              14.028    184.87              0.47                7.6            585.6             108257                      513                      8214         1   699206                        15.5                       1.2
GBP                        0.006               0.090      1.36              0.41                6.6          46002.4              62692                      259                      4149         2   699206                        17.9                       1.2
EU-BASIC                  13.501             216.019    844.00              1.60               25.6             43.2              36501                      583                      9342         1   699206                         5.2                       1.3
LIVECOW                    2.039              32.622    249.65              0.82               13.1            294.4              73500                      600                      9604         1   699206                        10.5                       1.4
MSCIEMASIA                16.821             269.136   1154.80              1.46               23.3             73.6              84997                     1238                     19809         1   699206                        12.2                       2.8
GASOILINE                  0.070               1.121      3.44              2.04               32.6          30913.6             106367                     2166                     34661         1   699206                        15.2                       5.0
MIB                      518.467            8295.469  48900.00              1.06               17.0              4.3             211483                     2242                     35876         1   699206                        30.2                       5.1

Sum of abs(notional exposure % capital) 228.6
Sum of abs(annualised risk % capital) 32.8
Net sum of annualised risk % capital 14.2 

==========================================================================================================================================================================================================================================================
                                                                                                                       Correlations                                                                                                                       
==========================================================================================================================================================================================================================================================

               AUD_micro   CAD   CHF  EUR_micro   GBP   JPY   NZD  BITCOIN   BTP   DAX   DOW  EU-BASIC  HANGENT_mini  KR10  LIVECOW   MIB  MSCIEMASIA  MUMMY   MXP  RUBBER  RUSSELL  LEANHOG  YENEUR  CANOLA  CORN  CRUDE_W_micro  EU-OIL  GASOILINE   V2X
AUD_micro           1.00  0.77  0.62       0.68  0.77  0.56  0.91     0.30  0.27  0.34  0.41      0.45          0.50  0.23     0.07  0.32        0.64   0.29  0.65    0.33     0.40    -0.10   -0.12   -0.01  0.12           0.07    0.19       0.01 -0.35
CAD                 0.77  1.00  0.74       0.66  0.70  0.53  0.74     0.26  0.05  0.06  0.21      0.20          0.40  0.13     0.11  0.00        0.35   0.07  0.44    0.24     0.17    -0.06   -0.08    0.09  0.24           0.15    0.06       0.04 -0.11
CHF                 0.62  0.74  1.00       0.84  0.72  0.68  0.69     0.12  0.22 -0.00  0.09      0.12          0.43  0.26     0.02 -0.02        0.34  -0.05  0.42    0.11     0.05    -0.16   -0.14   -0.06  0.14          -0.21   -0.23      -0.27 -0.02
EUR_micro           0.68  0.66  0.84       1.00  0.84  0.70  0.75     0.14  0.22  0.19  0.18      0.21          0.43  0.22     0.12  0.16        0.49  -0.03  0.63    0.13     0.18    -0.12   -0.03   -0.15  0.01          -0.32   -0.15      -0.36 -0.19
GBP                 0.77  0.70  0.72       0.84  1.00  0.72  0.82     0.26  0.21  0.22  0.25      0.22          0.44  0.23     0.16  0.19        0.56   0.08  0.55    0.20     0.31    -0.10   -0.18   -0.10  0.08          -0.12    0.01      -0.17 -0.26
JPY                 0.56  0.53  0.68       0.70  0.72  1.00  0.61     0.16  0.27  0.02  0.08      0.07          0.33  0.24     0.16  0.03        0.32  -0.12  0.33    0.12     0.11    -0.19   -0.71   -0.11  0.15          -0.13   -0.07      -0.13  0.01
NZD                 0.91  0.74  0.69       0.75  0.82  0.61  1.00     0.28  0.32  0.27  0.37      0.34          0.40  0.27     0.06  0.25        0.61   0.16  0.61    0.25     0.40    -0.05   -0.12   -0.03  0.10          -0.10    0.04      -0.16 -0.37
BITCOIN             0.30  0.26  0.12       0.14  0.26  0.16  0.28     1.00  0.10  0.29  0.36      0.25          0.32  0.16     0.04  0.14        0.36   0.24  0.16    0.16     0.49    -0.09   -0.11   -0.02  0.00           0.10    0.06       0.11 -0.24
BTP                 0.27  0.05  0.22       0.22  0.21  0.27  0.32     0.10  1.00  0.43  0.35      0.34          0.18  0.52     0.05  0.44        0.45   0.31  0.43    0.08     0.36    -0.05   -0.16   -0.18 -0.29          -0.38   -0.16      -0.33 -0.41
DAX                 0.34  0.06 -0.00       0.19  0.22  0.02  0.27     0.29  0.43  1.00  0.66      0.67          0.31  0.10     0.19  0.83        0.62   0.46  0.41    0.30     0.57     0.03    0.15   -0.19 -0.23          -0.32   -0.05      -0.28 -0.68
DOW                 0.41  0.21  0.09       0.18  0.25  0.08  0.37     0.36  0.35  0.66  1.00      0.49          0.22  0.05     0.11  0.58        0.59   0.29  0.29    0.28     0.85     0.12    0.04   -0.09 -0.08          -0.19    0.04      -0.13 -0.69
EU-BASIC            0.45  0.20  0.12       0.21  0.22  0.07  0.34     0.25  0.34  0.67  0.49      1.00          0.44 -0.01     0.10  0.67        0.54   0.40  0.47    0.56     0.46     0.07    0.10   -0.20 -0.21          -0.12    0.13      -0.16 -0.53
HANGENT_mini        0.50  0.40  0.43       0.43  0.44  0.33  0.40     0.32  0.18  0.31  0.22      0.44          1.00  0.06    -0.03  0.28        0.50   0.30  0.37    0.12     0.17    -0.16   -0.07   -0.02  0.02           0.02    0.09      -0.01 -0.18
KR10                0.23  0.13  0.26       0.22  0.23  0.24  0.27     0.16  0.52  0.10  0.05     -0.01          0.06  1.00     0.09  0.06        0.12   0.31  0.25   -0.11     0.14    -0.11   -0.10   -0.20 -0.20          -0.20   -0.24      -0.23 -0.22
LIVECOW             0.07  0.11  0.02       0.12  0.16  0.16  0.06     0.04  0.05  0.19  0.11      0.10         -0.03  0.09     1.00  0.12        0.04   0.18  0.19    0.07     0.15     0.04   -0.09   -0.00 -0.02           0.03    0.19       0.05 -0.12
MIB                 0.32  0.00 -0.02       0.16  0.19  0.03  0.25     0.14  0.44  0.83  0.58      0.67          0.28  0.06     0.12  1.00        0.58   0.42  0.41    0.36     0.44     0.01    0.12   -0.21 -0.20          -0.26    0.11      -0.19 -0.68
MSCIEMASIA          0.64  0.35  0.34       0.49  0.56  0.32  0.61     0.36  0.45  0.62  0.59      0.54          0.50  0.12     0.04  0.58        1.00   0.28  0.62    0.34     0.59    -0.17    0.00   -0.15 -0.04          -0.20    0.12      -0.16 -0.62
MUMMY               0.29  0.07 -0.05      -0.03  0.08 -0.12  0.16     0.24  0.31  0.46  0.29      0.40          0.30  0.31     0.18  0.42        0.28   1.00  0.23    0.08     0.35     0.03    0.14    0.02 -0.12           0.15    0.14       0.17 -0.37
MXP                 0.65  0.44  0.42       0.63  0.55  0.33  0.61     0.16  0.43  0.41  0.29      0.47          0.37  0.25     0.19  0.41        0.62   0.23  1.00    0.22     0.34    -0.07    0.15   -0.14 -0.10          -0.20    0.16      -0.21 -0.40
RUBBER              0.33  0.24  0.11       0.13  0.20  0.12  0.25     0.16  0.08  0.30  0.28      0.56          0.12 -0.11     0.07  0.36        0.34   0.08  0.22    1.00     0.22     0.07   -0.06    0.05  0.05           0.15    0.17       0.08 -0.19
RUSSELL             0.40  0.17  0.05       0.18  0.31  0.11  0.40     0.49  0.36  0.57  0.85      0.46          0.17  0.14     0.15  0.44        0.59   0.35  0.34    0.22     1.00     0.17    0.00   -0.11 -0.09          -0.13    0.06      -0.04 -0.66
LEANHOG            -0.10 -0.06 -0.16      -0.12 -0.10 -0.19 -0.05    -0.09 -0.05  0.03  0.12      0.07         -0.16 -0.11     0.04  0.01       -0.17   0.03 -0.07    0.07     0.17     1.00    0.15    0.17 -0.02           0.08    0.04       0.06 -0.04
YENEUR             -0.12 -0.08 -0.14      -0.03 -0.18 -0.71 -0.12    -0.11 -0.16  0.15  0.04      0.10         -0.07 -0.10    -0.09  0.12        0.00   0.14  0.15   -0.06     0.00     0.15    1.00   -0.02 -0.20          -0.15   -0.07      -0.19 -0.20
CANOLA             -0.01  0.09 -0.06      -0.15 -0.10 -0.11 -0.03    -0.02 -0.18 -0.19 -0.09     -0.20         -0.02 -0.20    -0.00 -0.21       -0.15   0.02 -0.14    0.05    -0.11     0.17   -0.02    1.00  0.44           0.41    0.16       0.45  0.30
CORN                0.12  0.24  0.14       0.01  0.08  0.15  0.10     0.00 -0.29 -0.23 -0.08     -0.21          0.02 -0.20    -0.02 -0.20       -0.04  -0.12 -0.10    0.05    -0.09    -0.02   -0.20    0.44  1.00           0.40    0.13       0.46  0.27
CRUDE_W_micro       0.07  0.15 -0.21      -0.32 -0.12 -0.13 -0.10     0.10 -0.38 -0.32 -0.19     -0.12          0.02 -0.20     0.03 -0.26       -0.20   0.15 -0.20    0.15    -0.13     0.08   -0.15    0.41  0.40           1.00    0.59       0.93  0.33
EU-OIL              0.19  0.06 -0.23      -0.15  0.01 -0.07  0.04     0.06 -0.16 -0.05  0.04      0.13          0.09 -0.24     0.19  0.11        0.12   0.14  0.16    0.17     0.06     0.04   -0.07    0.16  0.13           0.59    1.00       0.58  0.06
GASOILINE           0.01  0.04 -0.27      -0.36 -0.17 -0.13 -0.16     0.11 -0.33 -0.28 -0.13     -0.16         -0.01 -0.23     0.05 -0.19       -0.16   0.17 -0.21    0.08    -0.04     0.06   -0.19    0.45  0.46           0.93    0.58       1.00  0.30
V2X                -0.35 -0.11 -0.02      -0.19 -0.26  0.01 -0.37    -0.24 -0.41 -0.68 -0.69     -0.53         -0.18 -0.22    -0.12 -0.68       -0.62  -0.37 -0.40   -0.19    -0.66    -0.04   -0.20    0.30  0.27           0.33    0.06       0.30  1.00


********************************************************************************
                                 END OF REPORT                                  
********************************************************************************


