
********************************************************************************
                    Risk report produced on 26/02/2024 22:51                    
********************************************************************************


Total risk across all strategies, annualised percentage 9.1
Percentage of capital used for margin 53.0%

========================================
Risk per strategy, annualised percentage
========================================

                  risk
dynamic_TF_carry   9.1


===================
Risk by asset class
===================

Ags       0.8
Bond      2.3
Equity    6.3
FX        5.0
Metals    1.6
OilGas    0.9
Sector    0.6
dtype: float64


=====================================================
Beta loadings of asset class positions on asset class
=====================================================

Bond     -0.51
FX       -0.21
Ags      -0.05
OilGas   -0.01
Sector    0.04
Metals    0.06
Equity    0.59
dtype: float64


========================================================
Beta loadings of full portfolio positions on asset class
========================================================

Bond     -1.22
Ags      -0.02
OilGas    0.02
Metals    0.07
Sector    0.24
FX        0.38
Equity    0.79
dtype: float64


=================================================================================================================================================================================================================================================================
                                                                                                                         Instrument risk                                                                                                                         
=================================================================================================================================================================================================================================================================

             daily_price_stdev  annual_price_stdev     price  daily_perc_stdev  annual_perc_stdev  point_size_base  contract_exposure  daily_risk_per_contract  annual_risk_per_contract  position  capital  exposure_held_perc_capital  annual_risk_perc_capital
BOBL                     0.330               5.276    116.18              0.28                4.5            854.9              99323                      281                      4510        -2   388157                       -51.2                      -2.3
CHF                      0.005               0.083      1.14              0.45                7.2          98604.9             112256                      508                      8136        -1   388157                       -28.9                      -2.1
JPY                      0.000               0.001      0.01              0.55                8.8        9860493.7              65646                      362                      5795        -1   388157                       -16.9                      -1.5
GAS_US_mini              0.115               1.848      1.88              6.16               98.5           1972.1               3697                      227                      3643        -1   388157                        -1.0                      -0.9
CORN                     4.970              79.516    456.50              1.09               17.4             39.4              18005                      196                      3136        -1   388157                        -4.6                      -0.8
EUR_micro                0.004               0.064      1.09              0.37                5.9           9860.5              10709                       39                       633        -3   388157                        -8.3                      -0.5
EU-OIL                   3.435              54.964    342.70              1.00               16.0             42.7              14648                      146                      2349         1   388157                         3.8                       0.6
CNH                      0.016               0.256      7.20              0.22                3.6          10943.8              78771                      174                      2797         1   388157                        20.3                       0.7
IRON                     2.506              40.095    115.65              2.17               34.7             78.9               9122                      197                      3162         1   388157                         2.4                       0.8
MXP                      0.000               0.005      0.06              0.51                8.1         394419.7              23006                      116                      1864         2   388157                        11.9                       1.0
EUROSTX                 33.966             543.448   4876.00              0.70               11.1              8.5              41685                      290                      4645         1   388157                        10.7                       1.2
SP500_micro             38.378             614.040   5089.75              0.75               12.1              3.9              20074                      151                      2421         2   388157                        10.3                       1.2
BITCOIN               1288.401           20614.413  55235.00              2.33               37.3              0.1               4357                      101                      1626         3   388157                         3.4                       1.3
YENEUR                   0.749              11.992    163.13              0.46                7.4            654.6             106777                      490                      7849         1   388157                        27.5                       2.0
R1000                   12.578             201.248   1677.70              0.75               12.0             39.4              66171                      496                      7937         1   388157                        17.0                       2.0
NIKKEI                 341.196            5459.139  39305.00              0.87               13.9              0.5              20581                      178                      2858         4   388157                        21.2                       2.9

Sum of abs(notional exposure % capital) 239.4
Sum of abs(annualised risk % capital) 21.8
Net sum of annualised risk % capital 5.6 

===========================================================================================================================================
                                                               Correlations                                                                
===========================================================================================================================================

             GAS_US_mini  YENEUR   CNH  EUROSTX   MXP  NIKKEI  R1000  SP500_micro  BOBL   CHF  EUR_micro   JPY  BITCOIN  CORN  EU-OIL  IRON
GAS_US_mini         1.00    0.31  0.09    -0.07  0.01    0.20   0.06         0.09 -0.16 -0.10      -0.06 -0.34    -0.09  0.09    0.09  0.00
YENEUR              0.31    1.00  0.08    -0.02  0.08    0.43   0.09         0.10 -0.48 -0.15       0.19 -0.69    -0.09 -0.03    0.02 -0.11
CNH                 0.09    0.08  1.00    -0.43 -0.24   -0.17  -0.38        -0.43 -0.34 -0.43      -0.57 -0.49    -0.17 -0.06   -0.12 -0.17
EUROSTX            -0.07   -0.02 -0.43     1.00  0.49    0.50   0.71         0.73  0.26  0.23       0.38  0.30     0.06 -0.03    0.45  0.24
MXP                 0.01    0.08 -0.24     0.49  1.00    0.42   0.52         0.45  0.12  0.25       0.42  0.22     0.01  0.05    0.42  0.31
NIKKEI              0.20    0.43 -0.17     0.50  0.42    1.00   0.48         0.59 -0.12 -0.04       0.17 -0.26    -0.04 -0.04    0.25  0.06
R1000               0.06    0.09 -0.38     0.71  0.52    0.48   1.00         0.89  0.24  0.29       0.46  0.27     0.15 -0.01    0.44  0.33
SP500_micro         0.09    0.10 -0.43     0.73  0.45    0.59   0.89         1.00  0.26  0.26       0.43  0.23     0.10  0.04    0.26  0.30
BOBL               -0.16   -0.48 -0.34     0.26  0.12   -0.12   0.24         0.26  1.00  0.37       0.26  0.57     0.23 -0.02   -0.08  0.09
CHF                -0.10   -0.15 -0.43     0.23  0.25   -0.04   0.29         0.26  0.37  1.00       0.75  0.63     0.05  0.05    0.19  0.14
EUR_micro          -0.06    0.19 -0.57     0.38  0.42    0.17   0.46         0.43  0.26  0.75       1.00  0.56     0.13  0.02    0.13  0.09
JPY                -0.34   -0.69 -0.49     0.30  0.22   -0.26   0.27         0.23  0.57  0.63       0.56  1.00     0.14  0.04    0.06  0.15
BITCOIN            -0.09   -0.09 -0.17     0.06  0.01   -0.04   0.15         0.10  0.23  0.05       0.13  0.14     1.00 -0.03   -0.06  0.08
CORN                0.09   -0.03 -0.06    -0.03  0.05   -0.04  -0.01         0.04 -0.02  0.05       0.02  0.04    -0.03  1.00    0.11  0.24
EU-OIL              0.09    0.02 -0.12     0.45  0.42    0.25   0.44         0.26 -0.08  0.19       0.13  0.06    -0.06  0.11    1.00  0.19
IRON                0.00   -0.11 -0.17     0.24  0.31    0.06   0.33         0.30  0.09  0.14       0.09  0.15     0.08  0.24    0.19  1.00


********************************************************************************
                                 END OF REPORT                                  
********************************************************************************


