
********************************************************************************
                    Risk report produced on 21/12/2023 22:50                    
********************************************************************************


Total risk across all strategies, annualised percentage 8.3
Percentage of capital used for margin 55.2%

========================================
Risk per strategy, annualised percentage
========================================

                  risk
dynamic_TF_carry   8.3


===================
Risk by asset class
===================

Ags       2.4
Bond      1.2
Equity    3.8
FX        3.1
Metals    0.8
OilGas    5.0
Vol       1.6
dtype: float64


=====================================================
Beta loadings of asset class positions on asset class
=====================================================

Bond     -0.44
Ags      -0.14
FX       -0.08
OilGas   -0.06
Vol      -0.04
Metals    0.04
Equity    0.36
dtype: float64


========================================================
Beta loadings of full portfolio positions on asset class
========================================================

Bond     -1.35
Vol      -0.10
OilGas   -0.04
Ags      -0.03
Metals    0.03
FX        0.09
Equity    0.49
dtype: float64


=================================================================================================================================================================================================================================================================
                                                                                                                         Instrument risk                                                                                                                         
=================================================================================================================================================================================================================================================================

             daily_price_stdev  annual_price_stdev     price  daily_perc_stdev  annual_perc_stdev  point_size_base  contract_exposure  daily_risk_per_contract  annual_risk_per_contract  position  capital  exposure_held_perc_capital  annual_risk_perc_capital
GAS-PEN                  0.117               1.876      2.35              5.00               79.9           7915.3              18577                      928                     14849        -1   369231                        -5.0                      -4.0
LIVECOW                  1.782              28.518    168.78              1.06               16.9            316.6              53436                      564                      9029        -1   369231                       -14.5                      -2.4
JPY                      0.000               0.001      0.01              0.71               11.4        9894093.6              70510                      501                      8030        -1   369231                       -19.1                      -2.2
VIX                      0.471               7.531     16.50              2.85               45.6            791.5              13060                      372                      5961        -1   369231                        -3.5                      -1.6
US2                      0.176               2.815    102.88              0.17                2.7           1583.1             162856                      278                      4456        -1   369231                       -44.1                      -1.2
GAS_US_mini              0.121               1.936      2.48              4.89               78.2           1978.8               4897                      239                      3831        -1   369231                        -1.3                      -1.0
EUR_micro                0.006               0.089      1.10              0.51                8.1           9894.1              10919                       55                       883        -2   369231                        -5.9                      -0.5
BITCOIN               1164.855           18637.678  43765.00              2.66               42.6              0.1               3464                       92                      1475         1   369231                         0.9                       0.4
IRON                     2.043              32.688    133.50              1.53               24.5             79.2              10566                      161                      2587         1   369231                         2.9                       0.7
DOW                    254.290            4068.644  37597.00              0.68               10.8              0.4              14879                      100                      1610         2   369231                         8.1                       0.9
CNH                      0.021               0.330      7.14              0.29                4.6          11076.6              79056                      228                      3653         1   369231                        21.4                       1.0
MXP                      0.000               0.006      0.06              0.66               10.5         395763.7              22902                      150                      2411         2   369231                        12.4                       1.3
NIKKEI                 320.782            5132.508  33025.00              0.97               15.5              0.6              18265                      177                      2838         2   369231                         9.9                       1.5
CAC                     50.717             811.476   7579.00              0.67               10.7              8.7              65651                      439                      7029         1   369231                        17.8                       1.9

Sum of abs(notional exposure % capital) 166.8
Sum of abs(annualised risk % capital) 20.6
Net sum of annualised risk % capital -5.2 

======================================================================================================================
                                                     Correlations                                                     
======================================================================================================================

              CNH  GAS-PEN  GAS_US_mini   VIX  EUR_micro   JPY   US2  BITCOIN   CAC   DOW  IRON  LIVECOW   MXP  NIKKEI
CNH          1.00     0.20         0.25  0.10      -0.58 -0.54 -0.52    -0.10 -0.25 -0.27 -0.35     0.07 -0.16   -0.10
GAS-PEN      0.20     1.00         0.87 -0.02      -0.04 -0.29  0.01    -0.00 -0.11 -0.01 -0.22     0.04 -0.12    0.07
GAS_US_mini  0.25     0.87         1.00 -0.04      -0.11 -0.29 -0.05    -0.01 -0.06  0.03 -0.15    -0.00 -0.11    0.11
VIX          0.10    -0.02        -0.04  1.00      -0.21  0.02  0.21    -0.09 -0.65 -0.69 -0.18    -0.28 -0.58   -0.66
EUR_micro   -0.58    -0.04        -0.11 -0.21       1.00  0.49  0.44     0.04  0.32  0.36  0.12     0.00  0.41    0.16
JPY         -0.54    -0.29        -0.29  0.02       0.49  1.00  0.59    -0.02  0.06  0.19  0.18     0.02  0.13   -0.29
US2         -0.52     0.01        -0.05  0.21       0.44  0.59  1.00     0.11 -0.07  0.08  0.03    -0.20 -0.16   -0.21
BITCOIN     -0.10    -0.00        -0.01 -0.09       0.04 -0.02  0.11     1.00  0.17  0.20  0.06    -0.17 -0.00    0.12
CAC         -0.25    -0.11        -0.06 -0.65       0.32  0.06 -0.07     0.17  1.00  0.77  0.26     0.16  0.51    0.64
DOW         -0.27    -0.01         0.03 -0.69       0.36  0.19  0.08     0.20  0.77  1.00  0.15     0.23  0.46    0.56
IRON        -0.35    -0.22        -0.15 -0.18       0.12  0.18  0.03     0.06  0.26  0.15  1.00     0.02  0.23    0.29
LIVECOW      0.07     0.04        -0.00 -0.28       0.00  0.02 -0.20    -0.17  0.16  0.23  0.02     1.00  0.29    0.19
MXP         -0.16    -0.12        -0.11 -0.58       0.41  0.13 -0.16    -0.00  0.51  0.46  0.23     0.29  1.00    0.50
NIKKEI      -0.10     0.07         0.11 -0.66       0.16 -0.29 -0.21     0.12  0.64  0.56  0.29     0.19  0.50    1.00


********************************************************************************
                                 END OF REPORT                                  
********************************************************************************


