
********************************************************************************
           Risk report report produced on 2022-07-04 21:01:14.451784            
********************************************************************************


Total risk across all strategies, annualised percentage 7.1
Percentage of capital used for margin 20.4%

========================================
Risk per strategy, annualised percentage
========================================

                  risk
dynamic_TF_carry   7.1


==================================================================================================================================================================================================================================================================
                                                                                                                         Instrument risk                                                                                                                          
==================================================================================================================================================================================================================================================================

              daily_price_stdev  annual_price_stdev     price  daily_perc_stdev  annual_perc_stdev  point_size_base  contract_exposure  daily_risk_per_contract  annual_risk_per_contract  position  capital  exposure_held_perc_capital  annual_risk_perc_capital
EUR                       0.006               0.088      1.05              0.53                8.4         103156.6             108066                      569                      9119        -1   371921                       -29.1                      -2.5
NASDAQ_micro            254.022            4064.349  11611.25              2.19               35.0              1.7              19164                      419                      6708        -1   371921                        -5.2                      -1.8
KR10                      0.570               9.116    111.98              0.51                8.1            636.3              71249                      362                      5800        -1   371921                       -19.2                      -1.6
SILVER                    0.417               6.669     19.62              2.12               34.0            825.3              16191                      343                      5503        -1   371921                        -4.4                      -1.5
SP500_micro              62.333             997.321   3827.25              1.63               26.1              4.1              15792                      257                      4115        -1   371921                        -4.2                      -1.1
DJSTX-SMALL               5.094              81.509    295.40              1.72               27.6             43.0              12706                      219                      3506        -1   371921                        -3.4                      -0.9
DOW                     419.516            6712.255  31061.00              1.35               21.6              0.4              12816                      173                      2769        -1   371921                        -3.4                      -0.7
KOSDAQ                   24.718             395.488   1025.20              2.41               38.6              6.4               6523                      157                      2516        -1   371921                        -1.8                      -0.7
RUSSELL                  34.518             552.288   1728.50              2.00               32.0              4.1               7132                      142                      2278        -1   371921                        -1.9                      -0.6
GOLD_micro               17.111             273.783   1801.50              0.95               15.2              8.3              14866                      141                      2259        -1   371921                        -4.0                      -0.6
NIKKEI400               199.817            3197.080  16830.00              1.19               19.0              0.6              10230                      121                      1943         1   371921                         2.8                       0.5
BRE                       0.002               0.033      0.19              1.11               17.8          82525.3              15444                      172                      2754         1   371921                         4.2                       0.7
EU-OIL                    5.934              94.939    316.00              1.88               30.0             43.0              13592                      255                      4083         1   371921                         3.7                       1.1
IRON                      4.059              64.945    111.75              3.63               58.1             82.5               9222                      334                      5359         1   371921                         2.5                       1.4
CORN                     12.450             199.192    607.50              2.05               32.8             41.3              25067                      513                      8219         1   371921                         6.7                       2.2
CRUDE_W_mini              2.508              40.135    105.39              2.38               38.1            412.6              43485                     1035                     16560         1   371921                        11.7                       4.5

Sum of abs(notional exposure % capital) 108.2
Sum of abs(annualised risk % capital) 22.4
Net sum of annualised risk % capital -1.6 

==============================================================================================================================================================
                                                                         Correlations                                                                         
==============================================================================================================================================================

              DJSTX-SMALL   DOW  NASDAQ_micro  NIKKEI400  RUSSELL  SP500_micro  CRUDE_W_mini  EU-OIL  IRON  KOSDAQ   BRE   EUR  GOLD_micro  SILVER  CORN  KR10
DJSTX-SMALL          1.00  0.54          0.50       0.48     0.51         0.54          0.25    0.40  0.23    0.39  0.29  0.39        0.19    0.25  0.10  0.26
DOW                  0.54  1.00          0.57       0.51     0.59         0.60          0.33    0.40  0.38    0.37  0.34  0.40        0.18    0.26  0.11  0.15
NASDAQ_micro         0.50  0.57          1.00       0.47     0.57         0.60          0.33    0.35  0.31    0.39  0.31  0.37        0.21    0.29  0.08  0.13
NIKKEI400            0.48  0.51          0.47       1.00     0.49         0.50          0.29    0.35  0.24    0.38  0.25  0.35        0.07    0.17  0.09  0.16
RUSSELL              0.51  0.59          0.57       0.49     1.00         0.59          0.38    0.41  0.35    0.37  0.37  0.37        0.19    0.30  0.11  0.12
SP500_micro          0.54  0.60          0.60       0.50     0.59         1.00          0.35    0.40  0.36    0.38  0.34  0.39        0.21    0.29  0.10  0.16
CRUDE_W_mini         0.25  0.33          0.33       0.29     0.38         0.35          1.00    0.49  0.36    0.33  0.31  0.21        0.26    0.31  0.22  0.13
EU-OIL               0.40  0.40          0.35       0.35     0.41         0.40          0.49    1.00  0.33    0.35  0.32  0.24        0.20    0.26  0.20  0.11
IRON                 0.23  0.38          0.31       0.24     0.35         0.36          0.36    0.33  1.00    0.26  0.29  0.23        0.18    0.24  0.14  0.12
KOSDAQ               0.39  0.37          0.39       0.38     0.37         0.38          0.33    0.35  0.26    1.00  0.30  0.26        0.22    0.28  0.13  0.21
BRE                  0.29  0.34          0.31       0.25     0.37         0.34          0.31    0.32  0.29    0.30  1.00  0.34        0.35    0.35  0.22  0.04
EUR                  0.39  0.40          0.37       0.35     0.37         0.39          0.21    0.24  0.23    0.26  0.34  1.00        0.34    0.35  0.09  0.26
GOLD_micro           0.19  0.18          0.21       0.07     0.19         0.21          0.26    0.20  0.18    0.22  0.35  0.34        1.00    0.55  0.22  0.15
SILVER               0.25  0.26          0.29       0.17     0.30         0.29          0.31    0.26  0.24    0.28  0.35  0.35        0.55    1.00  0.24  0.08
CORN                 0.10  0.11          0.08       0.09     0.11         0.10          0.22    0.20  0.14    0.13  0.22  0.09        0.22    0.24  1.00  0.02
KR10                 0.26  0.15          0.13       0.16     0.12         0.16          0.13    0.11  0.12    0.21  0.04  0.26        0.15    0.08  0.02  1.00


********************************************************************************
                                 END OF REPORT                                  
********************************************************************************


