
********************************************************************************
                    Risk report produced on 20/01/2026 22:53                    
********************************************************************************


Total risk across all strategies, annualised percentage 18.9
Percentage of capital used for margin 38.3%

========================================
Risk per strategy, annualised percentage
========================================

                  risk
dynamic_TF_carry  19.0


===================
Risk by asset class
===================

Ags        1.5
Bond       0.9
Equity    14.6
FX         3.9
Metals     4.6
OilGas     2.5
dtype: float64


=====================================================
Beta loadings of asset class positions on asset class
=====================================================

Bond     -0.16
FX       -0.08
OilGas   -0.04
Ags       0.04
Metals    0.07
Equity    1.42
dtype: float64


========================================================
Beta loadings of full portfolio positions on asset class
========================================================

Bond     -0.84
OilGas    0.01
Metals    0.31
Ags       0.44
FX        1.15
Equity    1.53
dtype: float64


===================================================================================================================================================================================================================================================================
                                                                                                                          Instrument risk                                                                                                                          
===================================================================================================================================================================================================================================================================

               daily_price_stdev  annual_price_stdev     price  daily_perc_stdev  annual_perc_stdev  point_size_base  contract_exposure  daily_risk_per_contract  annual_risk_per_contract  position  capital  exposure_held_perc_capital  annual_risk_perc_capital
GAS-PEN                    0.147               2.357      3.22              4.58               73.2           7445.5              23967                     1096                     17548        -1   694423                        -3.5                      -2.5
JPY                        0.000               0.000      0.01              0.48                7.7        9306862.1              59098                      285                      4560        -3   694423                       -25.5                      -2.0
BITCOIN                 2425.649           38810.385  89505.00              2.71               43.4              0.1               6664                      180                      2889        -3   694423                        -2.9                      -1.2
EUR_micro                  0.004               0.058      1.17              0.31                5.0           9306.9              10931                       33                       543       -12   694423                       -18.9                      -0.9
KR10                       0.381               6.091    110.90              0.34                5.5            501.4              55601                      190                      3054        -2   694423                       -16.0                      -0.9
RICE                       0.173               2.767     10.67              1.62               25.9           1489.1              15888                      257                      4120        -1   694423                        -2.3                      -0.6
WHEAT                      5.578              89.240    568.50              0.98               15.7             37.2              21163                      207                      3322        -1   694423                        -3.0                      -0.5
KRWUSD_mini                0.004               0.061      0.68              0.56                8.9          18613.7              12618                       70                      1126        -2   694423                        -3.6                      -0.3
AUD_micro                  0.003               0.042      0.67              0.39                6.3           7445.5               5013                       19                       314         1   694423                         0.7                       0.0
CRUDE_W_micro              1.045              16.716     59.64              1.75               28.0             74.5               4440                       77                      1244         1   694423                         0.6                       0.2
BRE                        0.001               0.017      0.19              0.57                9.1          74454.9              13807                       78                      1255         2   694423                         4.0                       0.4
MXP                        0.000               0.004      0.06              0.40                6.4         372274.5              21040                       83                      1340         2   694423                         6.1                       0.4
FTSECHINAA               121.945            1951.125  15100.00              0.81               12.9              0.7              11242                       90                      1452         2   694423                         3.2                       0.4
NIKKEI                   644.284           10308.545  52995.00              1.22               19.5              0.5              24901                      302                      4843         1   694423                         3.6                       0.7
RUSSELL                   25.176             402.818   2658.30              0.95               15.2              3.7               9896                       93                      1499         4   694423                         5.7                       0.9
GBP                        0.005               0.076      1.34              0.35                5.7          46534.3              62490                      221                      3546         2   694423                        18.0                       1.0
TOPIX                     32.296             516.734   3629.25              0.89               14.2              4.7              17053                      151                      2428         3   694423                         7.4                       1.0
CAC                       59.380             950.087   8072.50              0.74               11.8              8.7              70118                      515                      8252         1   694423                        10.1                       1.2
LEANHOG                    1.113              17.811     95.20              1.17               18.7            297.8              28352                      331                      5304         2   694423                         8.2                       1.5
SMI                       85.881            1374.096  13069.00              0.66               10.5              9.4             122226                      803                     12851         1   694423                        17.6                       1.9
YENEUR                     0.769              12.308    185.01              0.42                6.7            587.4             108665                      451                      7229         2   694423                        31.3                       2.1
MSCITAIWAN                14.280             228.476   1393.70              1.02               16.4             74.5             103767                     1063                     17011         1   694423                        14.9                       2.4
MIB                      313.541            5016.653  44915.00              0.70               11.2              4.3             195067                     1361                     21787         1   694423                        28.1                       3.1
MSCIEAFA                  19.279             308.463   2957.60              0.65               10.4             37.2             110103                      717                     11483         2   694423                        31.7                       3.3
AEX                        9.352             149.633    991.55              0.94               15.1            173.7             172253                     1624                     25994         1   694423                        24.8                       3.7
SILVER                     2.610              41.756     93.82              2.78               44.5            744.5              69853                     1943                     31089         1   694423                        10.1                       4.5

Sum of abs(notional exposure % capital) 301.8
Sum of abs(annualised risk % capital) 37.6
Net sum of annualised risk % capital 19.8 

=======================================================================================================================================================================================================================================
                                                                                                             Correlations                                                                                                              
=======================================================================================================================================================================================================================================

               EUR_micro   GBP   JPY  KRWUSD_mini  KR10   AEX  AUD_micro  BITCOIN   BRE   CAC  FTSECHINAA   MIB  MSCIEAFA  MSCITAIWAN   MXP  NIKKEI  RUSSELL   SMI  TOPIX  CRUDE_W_micro  GAS-PEN  WHEAT  LEANHOG  RICE  SILVER  YENEUR
EUR_micro           1.00  0.78  0.55         0.56 -0.05 -0.07       0.56     0.12  0.29  0.08        0.19 -0.02      0.39       -0.13  0.41   -0.10     0.01 -0.02  -0.07          -0.21    -0.02   0.08     0.10  0.09    0.16    0.22
GBP                 0.78  1.00  0.55         0.54  0.09  0.15       0.64     0.15  0.33  0.29        0.26  0.21      0.53        0.11  0.44    0.12     0.22  0.31   0.17          -0.22    -0.01  -0.08     0.15  0.08    0.24    0.09
JPY                 0.55  0.55  1.00         0.55  0.19 -0.06       0.33     0.15  0.18 -0.04        0.07 -0.12      0.17       -0.14  0.10   -0.28    -0.02  0.02  -0.30          -0.26     0.01   0.01    -0.06  0.09    0.00   -0.67
KRWUSD_mini         0.56  0.54  0.55         1.00  0.13  0.01       0.56     0.16  0.29  0.13        0.19  0.06      0.32        0.05  0.18    0.02     0.11  0.05  -0.11          -0.15     0.11   0.20     0.05  0.14    0.14   -0.14
KR10               -0.05  0.09  0.19         0.13  1.00 -0.02      -0.07    -0.05 -0.14  0.03        0.07 -0.12     -0.06       -0.01 -0.09   -0.03     0.07  0.00  -0.14          -0.18    -0.16  -0.20    -0.14  0.06   -0.16   -0.25
AEX                -0.07  0.15 -0.06         0.01 -0.02  1.00       0.35     0.33  0.36  0.80        0.37  0.73      0.62        0.44  0.27    0.49     0.66  0.65   0.53           0.27     0.02   0.09     0.27  0.10    0.36    0.03
AUD_micro           0.56  0.64  0.33         0.56 -0.07  0.35       1.00     0.26  0.42  0.38        0.40  0.37      0.74        0.29  0.43    0.36     0.45  0.31   0.35           0.11     0.10   0.26     0.23  0.22    0.43    0.12
BITCOIN             0.12  0.15  0.15         0.16 -0.05  0.33       0.26     1.00  0.20  0.25        0.12  0.27      0.25        0.33  0.14    0.23     0.38  0.11   0.16          -0.02    -0.04  -0.05     0.14  0.02    0.08   -0.08
BRE                 0.29  0.33  0.18         0.29 -0.14  0.36       0.42     0.20  1.00  0.41        0.40  0.31      0.39        0.36  0.42    0.19     0.37  0.23   0.24           0.17     0.14   0.25     0.11  0.11    0.17    0.01
CAC                 0.08  0.29 -0.04         0.13  0.03  0.80       0.38     0.25  0.41  1.00        0.41  0.84      0.69        0.37  0.25    0.46     0.58  0.72   0.51           0.06    -0.03   0.05     0.12  0.11    0.32    0.14
FTSECHINAA          0.19  0.26  0.07         0.19  0.07  0.37       0.40     0.12  0.40  0.41        1.00  0.34      0.43        0.11  0.28    0.19     0.36  0.25   0.26           0.17     0.09   0.17     0.10 -0.10    0.20    0.09
MIB                -0.02  0.21 -0.12         0.06 -0.12  0.73       0.37     0.27  0.31  0.84        0.34  1.00      0.68        0.33  0.23    0.50     0.49  0.66   0.58           0.15    -0.03   0.00     0.25  0.10    0.29    0.15
MSCIEAFA            0.39  0.53  0.17         0.32 -0.06  0.62       0.74     0.25  0.39  0.69        0.43  0.68      1.00        0.30  0.37    0.49     0.66  0.60   0.58           0.06    -0.03   0.12     0.27  0.20    0.45    0.17
MSCITAIWAN         -0.13  0.11 -0.14         0.05 -0.01  0.44       0.29     0.33  0.36  0.37        0.11  0.33      0.30        1.00  0.20    0.59     0.49  0.22   0.49           0.23     0.02   0.11     0.19  0.07    0.19    0.04
MXP                 0.41  0.44  0.10         0.18 -0.09  0.27       0.43     0.14  0.42  0.25        0.28  0.23      0.37        0.20  1.00    0.08     0.28  0.11   0.16           0.11    -0.02   0.11     0.19 -0.00    0.37    0.26
NIKKEI             -0.10  0.12 -0.28         0.02 -0.03  0.49       0.36     0.23  0.19  0.46        0.19  0.50      0.49        0.59  0.08    1.00     0.45  0.31   0.86           0.13    -0.05   0.03     0.11  0.08    0.16    0.24
RUSSELL             0.01  0.22 -0.02         0.11  0.07  0.66       0.45     0.38  0.37  0.58        0.36  0.49      0.66        0.49  0.28    0.45     1.00  0.47   0.51           0.16    -0.13   0.15     0.37  0.10    0.40    0.01
SMI                -0.02  0.31  0.02         0.05  0.00  0.65       0.31     0.11  0.23  0.72        0.25  0.66      0.60        0.22  0.11    0.31     0.47  1.00   0.44          -0.01     0.05  -0.09     0.08  0.03    0.32    0.01
TOPIX              -0.07  0.17 -0.30        -0.11 -0.14  0.53       0.35     0.16  0.24  0.51        0.26  0.58      0.58        0.49  0.16    0.86     0.51  0.44   1.00           0.17    -0.15  -0.04     0.21  0.07    0.25    0.30
CRUDE_W_micro      -0.21 -0.22 -0.26        -0.15 -0.18  0.27       0.11    -0.02  0.17  0.06        0.17  0.15      0.06        0.23  0.11    0.13     0.16 -0.01   0.17           1.00     0.15   0.29     0.30  0.03    0.18    0.11
GAS-PEN            -0.02 -0.01  0.01         0.11 -0.16  0.02       0.10    -0.04  0.14 -0.03        0.09 -0.03     -0.03        0.02 -0.02   -0.05    -0.13  0.05  -0.15           0.15     1.00   0.14    -0.17 -0.05   -0.10   -0.05
WHEAT               0.08 -0.08  0.01         0.20 -0.20  0.09       0.26    -0.05  0.25  0.05        0.17  0.00      0.12        0.11  0.11    0.03     0.15 -0.09  -0.04           0.29     0.14   1.00     0.19  0.14    0.25   -0.01
LEANHOG             0.10  0.15 -0.06         0.05 -0.14  0.27       0.23     0.14  0.11  0.12        0.10  0.25      0.27        0.19  0.19    0.11     0.37  0.08   0.21           0.30    -0.17   0.19     1.00  0.22    0.34    0.15
RICE                0.09  0.08  0.09         0.14  0.06  0.10       0.22     0.02  0.11  0.11       -0.10  0.10      0.20        0.07 -0.00    0.08     0.10  0.03   0.07           0.03    -0.05   0.14     0.22  1.00    0.35   -0.04
SILVER              0.16  0.24  0.00         0.14 -0.16  0.36       0.43     0.08  0.17  0.32        0.20  0.29      0.45        0.19  0.37    0.16     0.40  0.32   0.25           0.18    -0.10   0.25     0.34  0.35    1.00    0.16
YENEUR              0.22  0.09 -0.67        -0.14 -0.25  0.03       0.12    -0.08  0.01  0.14        0.09  0.15      0.17        0.04  0.26    0.24     0.01  0.01   0.30           0.11    -0.05  -0.01     0.15 -0.04    0.16    1.00


********************************************************************************
                                 END OF REPORT                                  
********************************************************************************


