
********************************************************************************
                    Risk report produced on 07/03/2024 22:51                    
********************************************************************************


Total risk across all strategies, annualised percentage 11.2
Percentage of capital used for margin 53.5%

========================================
Risk per strategy, annualised percentage
========================================

                  risk
dynamic_TF_carry  11.2


===================
Risk by asset class
===================

Ags       2.4
Bond      3.1
Equity    7.8
FX        4.2
Metals    1.7
OilGas    0.9
Sector    0.6
dtype: float64


=====================================================
Beta loadings of asset class positions on asset class
=====================================================

Bond     -1.04
FX       -0.21
Ags      -0.01
OilGas   -0.01
Sector    0.04
Metals    0.04
Equity    0.84
dtype: float64


========================================================
Beta loadings of full portfolio positions on asset class
========================================================

Bond     -2.32
Metals    0.02
OilGas    0.02
Ags       0.18
FX        0.22
Sector    0.32
Equity    1.11
dtype: float64


==================================================================================================================================================================================================================================================================
                                                                                                                         Instrument risk                                                                                                                          
==================================================================================================================================================================================================================================================================

              daily_price_stdev  annual_price_stdev     price  daily_perc_stdev  annual_perc_stdev  point_size_base  contract_exposure  daily_risk_per_contract  annual_risk_per_contract  position  capital  exposure_held_perc_capital  annual_risk_perc_capital
CHF                       0.005               0.079      1.14              0.43                6.9          98109.6             111884                      481                      7708        -1   392506                       -28.5                      -2.0
CORN                      5.285              84.555    468.50              1.13               18.0             39.2              18385                      207                      3318        -2   392506                        -9.4                      -1.7
JPY                       0.000               0.001      0.01              0.53                8.5        9810962.4              67303                      359                      5750        -1   392506                       -17.1                      -1.5
US3                       0.218               3.494    104.80              0.21                3.3           1569.8             164517                      342                      5484        -1   392506                       -41.9                      -1.4
BOBL                      0.305               4.885    118.22              0.26                4.1            855.5             101139                      261                      4178        -1   392506                       -25.8                      -1.1
GAS_US_mini               0.113               1.810      1.94              5.82               93.0           1962.2               3816                      221                      3551        -1   392506                        -1.0                      -0.9
US2                       0.138               2.201    102.62              0.13                2.1           1569.8             161089                      215                      3454        -1   392506                       -41.0                      -0.9
NASDAQ_micro            181.140            2898.246  18554.00              0.98               15.6              1.6              29125                      284                      4549         0   392506                         0.0                       0.0
MXP                       0.000               0.004      0.06              0.46                7.3         392438.5              22906                      105                      1682         1   392506                         5.8                       0.4
TOPIX                    20.027             320.425   2699.50              0.74               11.9              5.3              14296                      106                      1696         1   392506                         3.6                       0.4
EU-OIL                    3.364              53.827    348.30              0.97               15.5             42.8              14898                      143                      2302         1   392506                         3.8                       0.6
EUROSTX                  32.115             513.846   4980.00              0.64               10.3              8.6              42604                      274                      4396         1   392506                        10.9                       1.1
FTSETAIWAN               11.241             179.850   1679.75              0.67               10.7             31.4              52735                      352                      5646         1   392506                        13.4                       1.4
LIVECOW                   1.201              19.217    184.60              0.65               10.4            314.0              57955                      377                      6033         1   392506                        14.8                       1.5
CAC                      48.005             768.076   8034.00              0.60                9.6              8.6              68732                      410                      6571         1   392506                        17.5                       1.7
BITCOIN                1758.396           28134.330  68350.00              2.57               41.2              0.1               5364                      138                      2208         3   392506                         4.1                       1.7
R1000                    11.186             178.974   1710.00              0.65               10.5             39.2              67106                      438                      7023         1   392506                        17.1                       1.8
YENEUR                    0.760              12.160    161.85              0.47                7.5            662.0             107143                      503                      8049         1   392506                        27.3                       2.1
NIKKEI                  390.896            6254.342  39500.00              0.99               15.8              0.5              20919                      207                      3312         4   392506                        21.3                       3.4

Sum of abs(notional exposure % capital) 304.3
Sum of abs(annualised risk % capital) 25.6
Net sum of annualised risk % capital 6.6 

====================================================================================================================================================================
                                                                            Correlations                                                                            
====================================================================================================================================================================

               CAC  EUROSTX  FTSETAIWAN   MXP  NASDAQ_micro  R1000  NIKKEI  TOPIX  YENEUR  EU-OIL  LIVECOW  BOBL   CHF   JPY   US2   US3  BITCOIN  CORN  GAS_US_mini
CAC           1.00     0.93        0.45  0.44          0.57   0.76    0.36   0.42    0.14    0.49     0.11  0.36  0.38  0.19  0.13  0.20     0.23  0.08         0.00
EUROSTX       0.93     1.00        0.53  0.44          0.65   0.76    0.41   0.44    0.18    0.46     0.13  0.30  0.37  0.17  0.06  0.13     0.25  0.04         0.00
FTSETAIWAN    0.45     0.53        1.00  0.37          0.65   0.54    0.46   0.36    0.11    0.30     0.08  0.08  0.19  0.13 -0.09 -0.00     0.05  0.11        -0.14
MXP           0.44     0.44        0.37  1.00          0.35   0.45    0.19   0.25    0.13    0.22     0.31  0.15  0.32  0.22  0.04  0.12     0.05  0.02         0.13
NASDAQ_micro  0.57     0.65        0.65  0.35          1.00   0.70    0.57   0.47    0.22    0.14     0.08  0.28  0.34  0.14  0.10  0.17     0.12  0.03        -0.01
R1000         0.76     0.76        0.54  0.45          0.70   1.00    0.49   0.47    0.14    0.48     0.22  0.36  0.40  0.20  0.17  0.25     0.21  0.05         0.15
NIKKEI        0.36     0.41        0.46  0.19          0.57   0.49    1.00   0.89    0.50    0.20     0.13 -0.09 -0.11 -0.37 -0.09 -0.05     0.01 -0.10         0.14
TOPIX         0.42     0.44        0.36  0.25          0.47   0.47    0.89   1.00    0.47    0.24     0.23 -0.09 -0.17 -0.36 -0.13 -0.08    -0.05 -0.09         0.22
YENEUR        0.14     0.18        0.11  0.13          0.22   0.14    0.50   0.47    1.00    0.03     0.07 -0.21 -0.06 -0.68 -0.16 -0.14     0.03 -0.07         0.17
EU-OIL        0.49     0.46        0.30  0.22          0.14   0.48    0.20   0.24    0.03    1.00     0.19  0.03  0.15  0.00 -0.06 -0.05     0.01  0.14         0.22
LIVECOW       0.11     0.13        0.08  0.31          0.08   0.22    0.13   0.23    0.07    0.19     1.00 -0.14 -0.12 -0.06 -0.20 -0.18    -0.20 -0.10         0.06
BOBL          0.36     0.30        0.08  0.15          0.28   0.36   -0.09  -0.09   -0.21    0.03    -0.14  1.00  0.37  0.42  0.66  0.71     0.29  0.05         0.05
CHF           0.38     0.37        0.19  0.32          0.34   0.40   -0.11  -0.17   -0.06    0.15    -0.12  0.37  1.00  0.62  0.52  0.56     0.15  0.12         0.09
JPY           0.19     0.17        0.13  0.22          0.14   0.20   -0.37  -0.36   -0.68    0.00    -0.06  0.42  0.62  1.00  0.45  0.48     0.09  0.12        -0.16
US2           0.13     0.06       -0.09  0.04          0.10   0.17   -0.09  -0.13   -0.16   -0.06    -0.20  0.66  0.52  0.45  1.00  0.98     0.18 -0.03         0.18
US3           0.20     0.13       -0.00  0.12          0.17   0.25   -0.05  -0.08   -0.14   -0.05    -0.18  0.71  0.56  0.48  0.98  1.00     0.16 -0.02         0.15
BITCOIN       0.23     0.25        0.05  0.05          0.12   0.21    0.01  -0.05    0.03    0.01    -0.20  0.29  0.15  0.09  0.18  0.16     1.00  0.01         0.08
CORN          0.08     0.04        0.11  0.02          0.03   0.05   -0.10  -0.09   -0.07    0.14    -0.10  0.05  0.12  0.12 -0.03 -0.02     0.01  1.00         0.09
GAS_US_mini   0.00     0.00       -0.14  0.13         -0.01   0.15    0.14   0.22    0.17    0.22     0.06  0.05  0.09 -0.16  0.18  0.15     0.08  0.09         1.00


********************************************************************************
                                 END OF REPORT                                  
********************************************************************************


