
********************************************************************************
                    Risk report produced on 25/01/2024 22:51                    
********************************************************************************


Total risk across all strategies, annualised percentage 7.5
Percentage of capital used for margin 58.7%

========================================
Risk per strategy, annualised percentage
========================================

                  risk
dynamic_TF_carry   7.5


===================
Risk by asset class
===================

Ags       1.8
Bond      2.0
Equity    4.0
FX        4.3
Metals    2.7
OilGas    1.2
Vol       1.5
dtype: float64


=====================================================
Beta loadings of asset class positions on asset class
=====================================================

FX       -0.29
Ags      -0.07
Vol      -0.03
OilGas   -0.01
Metals   -0.01
Bond      0.20
Equity    0.29
dtype: float64


========================================================
Beta loadings of full portfolio positions on asset class
========================================================

FX       -0.29
Bond     -0.18
Vol      -0.12
Metals   -0.02
Ags      -0.01
OilGas    0.01
Equity    0.45
dtype: float64


==================================================================================================================================================================================================================================================================
                                                                                                                         Instrument risk                                                                                                                          
==================================================================================================================================================================================================================================================================

              daily_price_stdev  annual_price_stdev     price  daily_perc_stdev  annual_perc_stdev  point_size_base  contract_exposure  daily_risk_per_contract  annual_risk_per_contract  position  capital  exposure_held_perc_capital  annual_risk_perc_capital
JPY                       0.000               0.001      0.01              0.63               10.0        9824842.7              67010                      420                      6733        -2   366778                       -36.5                      -3.7
PLAT                     14.311             228.977    897.90              1.59               25.5             39.3              35286                      562                      8998        -1   366778                        -9.6                      -2.5
LEANHOG                   1.287              20.596     82.48              1.56               25.0            314.4              25929                      404                      6475        -1   366778                        -7.1                      -1.8
VIX                       0.450               7.194     15.25              2.95               47.2            786.0              11986                      353                      5654        -1   366778                        -3.3                      -1.5
BOBL                      0.322               5.152    117.83              0.27                4.4            855.6             100812                      275                      4408        -1   366778                       -27.5                      -1.2
GAS_US_mini               0.140               2.242      2.18              6.41              102.6           1965.0               4293                      275                      4404        -1   366778                        -1.2                      -1.2
RUSSELL                  24.820             397.115   1982.70              1.25               20.0              3.9               7791                       97                      1560        -2   366778                        -4.2                      -0.9
KOSDAQ                   21.038             336.608   1268.20              1.66               26.5              5.9               7459                      123                      1979        -1   366778                        -2.0                      -0.5
EUR_micro                 0.005               0.075      1.09              0.43                6.9           9824.8              10665                       46                       737        -2   366778                        -5.8                      -0.4
COPPER-micro              0.046               0.733      3.87              1.18               19.0           1965.0               7602                       90                      1441        -1   366778                        -2.1                      -0.4
TOPIX                    19.368             309.896   2529.00              0.77               12.3              5.3              13454                      103                      1648         1   366778                         3.7                       0.4
BITCOIN                1167.425           18678.805  40215.00              2.90               46.4              0.1               3160                       91                      1468         2   366778                         1.7                       0.8
CNH                       0.019               0.305      7.14              0.27                4.3          10968.3              78336                      208                      3343         1   366778                        21.4                       0.9
MXP                       0.000               0.006      0.06              0.65               10.4         392993.7              22644                      147                      2363         2   366778                        12.3                       1.3
IRON                      2.212              35.388    136.15              1.62               26.0             78.6              10701                      173                      2781         2   366778                         5.8                       1.5
NIKKEI                  337.296            5396.732  36245.00              0.93               14.9              0.5              19282                      179                      2871         2   366778                        10.5                       1.6
FTSETAIWAN               13.218             211.481   1547.75              0.85               13.7             31.4              48660                      415                      6648         1   366778                        13.3                       1.8
R1000                    11.978             191.655   1635.50              0.73               11.7             39.3              64274                      470                      7531         1   366778                        17.5                       2.1
KR10                      0.476               7.615    112.82              0.42                6.7            588.2              66362                      279                      4479         2   366778                        36.2                       2.4

Sum of abs(notional exposure % capital) 221.7
Sum of abs(annualised risk % capital) 26.9
Net sum of annualised risk % capital -1.3 

=======================================================================================================================================================================
                                                                             Correlations                                                                              
=======================================================================================================================================================================

               CNH   VIX  BITCOIN  BOBL  COPPER-micro  EUR_micro  IRON   JPY  KR10  PLAT  GAS_US_mini  LEANHOG  FTSETAIWAN  KOSDAQ   MXP  NIKKEI  R1000  RUSSELL  TOPIX
CNH           1.00  0.17    -0.12 -0.34         -0.65      -0.56 -0.30 -0.45 -0.55 -0.41         0.24    -0.10       -0.40   -0.22 -0.19   -0.08  -0.36    -0.33   0.04
VIX           0.17  1.00    -0.04 -0.02         -0.29      -0.21 -0.14  0.02 -0.23 -0.14        -0.05    -0.26       -0.53   -0.35 -0.41   -0.52  -0.58    -0.50  -0.58
BITCOIN      -0.12 -0.04     1.00  0.36          0.15       0.16  0.02  0.13  0.26  0.02         0.16    -0.12       -0.01    0.12  0.07   -0.08   0.20     0.15  -0.10
BOBL         -0.34 -0.02     0.36  1.00          0.22       0.32 -0.01  0.40  0.57  0.24         0.00    -0.01        0.08    0.07  0.10   -0.02   0.34     0.34  -0.05
COPPER-micro -0.65 -0.29     0.15  0.22          1.00       0.46  0.44  0.33  0.30  0.50        -0.09     0.08        0.45    0.34  0.28    0.18   0.46     0.41   0.09
EUR_micro    -0.56 -0.21     0.16  0.32          0.46       1.00  0.14  0.43  0.38  0.44         0.03     0.15        0.37    0.17  0.48    0.21   0.47     0.39   0.12
IRON         -0.30 -0.14     0.02 -0.01          0.44       0.14  1.00  0.20  0.10  0.28        -0.17    -0.01        0.31    0.23  0.16    0.02   0.15     0.13   0.01
JPY          -0.45  0.02     0.13  0.40          0.33       0.43  0.20  1.00  0.45  0.34        -0.24    -0.12        0.15    0.17  0.16   -0.33   0.16     0.19  -0.34
KR10         -0.55 -0.23     0.26  0.57          0.30       0.38  0.10  0.45  1.00  0.21        -0.04     0.06        0.32    0.30  0.17    0.16   0.37     0.33   0.04
PLAT         -0.41 -0.14     0.02  0.24          0.50       0.44  0.28  0.34  0.21  1.00         0.02    -0.03        0.16    0.03  0.28    0.08   0.31     0.23   0.12
GAS_US_mini   0.24 -0.05     0.16  0.00         -0.09       0.03 -0.17 -0.24 -0.04  0.02         1.00     0.24       -0.13   -0.08  0.11    0.22   0.14     0.03   0.26
LEANHOG      -0.10 -0.26    -0.12 -0.01          0.08       0.15 -0.01 -0.12  0.06 -0.03         0.24     1.00       -0.01   -0.06  0.21    0.28   0.24     0.21   0.34
FTSETAIWAN   -0.40 -0.53    -0.01  0.08          0.45       0.37  0.31  0.15  0.32  0.16        -0.13    -0.01        1.00    0.50  0.41    0.49   0.58     0.59   0.38
KOSDAQ       -0.22 -0.35     0.12  0.07          0.34       0.17  0.23  0.17  0.30  0.03        -0.08    -0.06        0.50    1.00  0.30    0.23   0.44     0.40   0.10
MXP          -0.19 -0.41     0.07  0.10          0.28       0.48  0.16  0.16  0.17  0.28         0.11     0.21        0.41    0.30  1.00    0.31   0.45     0.37   0.33
NIKKEI       -0.08 -0.52    -0.08 -0.02          0.18       0.21  0.02 -0.33  0.16  0.08         0.22     0.28        0.49    0.23  0.31    1.00   0.58     0.53   0.89
R1000        -0.36 -0.58     0.20  0.34          0.46       0.47  0.15  0.16  0.37  0.31         0.14     0.24        0.58    0.44  0.45    0.58   1.00     0.89   0.51
RUSSELL      -0.33 -0.50     0.15  0.34          0.41       0.39  0.13  0.19  0.33  0.23         0.03     0.21        0.59    0.40  0.37    0.53   0.89     1.00   0.40
TOPIX         0.04 -0.58    -0.10 -0.05          0.09       0.12  0.01 -0.34  0.04  0.12         0.26     0.34        0.38    0.10  0.33    0.89   0.51     0.40   1.00


********************************************************************************
                                 END OF REPORT                                  
********************************************************************************


