
********************************************************************************
                    Risk report produced on 19/02/2026 22:53                    
********************************************************************************


Total risk across all strategies, annualised percentage 13.6
Percentage of capital used for margin 38.4%

========================================
Risk per strategy, annualised percentage
========================================

                  risk
dynamic_TF_carry  13.6


===================
Risk by asset class
===================

Ags        2.0
Bond       2.4
Equity    10.7
FX         2.9
Metals     2.5
OilGas     2.2
Sector     1.4
dtype: float64


=====================================================
Beta loadings of asset class positions on asset class
=====================================================

Metals   -0.06
Ags      -0.04
Sector    0.05
OilGas    0.08
FX        0.52
Bond      0.59
Equity    0.76
dtype: float64


========================================================
Beta loadings of full portfolio positions on asset class
========================================================

OilGas    0.09
Ags       0.15
Metals    0.21
Sector    0.35
Bond      0.38
Equity    0.88
FX        1.41
dtype: float64


==================================================================================================================================================================================================================================================================
                                                                                                                         Instrument risk                                                                                                                          
==================================================================================================================================================================================================================================================================

              daily_price_stdev  annual_price_stdev     price  daily_perc_stdev  annual_perc_stdev  point_size_base  contract_exposure  daily_risk_per_contract  annual_risk_per_contract  position  capital  exposure_held_perc_capital  annual_risk_perc_capital
KR10                      0.430               6.873    111.68              0.38                6.2            511.2              57090                      219                      3513        -4   694744                       -32.9                      -2.0
GOLD_micro              114.091            1825.448   5009.00              2.28               36.4              7.4              37109                      845                     13524        -1   694744                        -5.3                      -1.9
HANGTECH                 85.901            1374.410   5387.00              1.59               25.5              4.7              25535                      407                      6514        -2   694744                        -7.4                      -1.9
SP500_micro              52.800             844.800   6860.00              0.77               12.3              3.7              25411                      195                      3129        -3   694744                       -11.0                      -1.4
REDWHEAT                  8.094             129.509    589.50              1.37               22.0             37.0              21836                      299                      4797        -1   694744                        -3.1                      -0.7
DX                        0.389               6.222     97.52              0.40                6.4            740.9              72252                      288                      4609        -1   694744                       -10.4                      -0.7
WHEAT                     7.086             113.368    605.25              1.17               18.7             37.0              22420                      262                      4199        -1   694744                        -3.2                      -0.6
RICE                      0.174               2.777     10.18              1.71               27.3           1481.7              15083                      257                      4115        -1   694744                        -2.2                      -0.6
COPPER-micro              0.126               2.024      5.81              2.18               34.8           1852.2              10765                      234                      3748        -1   694744                        -1.5                      -0.5
KRWUSD_mini               0.004               0.066      0.69              0.60                9.6          18521.5              12770                       76                      1230        -3   694744                        -5.5                      -0.5
BITCOIN                2990.522           47848.348  67350.00              4.44               71.0              0.1               4989                      221                      3544        -1   694744                        -0.7                      -0.5
MUMMY                    10.854             173.663    747.00              1.45               23.2              4.8               3568                       51                       829         1   694744                         0.5                       0.1
CANOLA                    6.267             100.272    685.50              0.91               14.6             10.8               7419                       67                      1085         1   694744                         1.1                       0.2
BTP                       0.257               4.111    122.15              0.21                3.4            874.0             106753                      224                      3592         1   694744                        15.4                       0.5
NZD                       0.004               0.061      0.60              0.64               10.2          74086.1              44259                      282                      4520         1   694744                         6.4                       0.7
GBP                       0.006               0.101      1.35              0.47                7.5          46303.8              62297                      291                      4668         1   694744                         9.0                       0.7
MXP                       0.000               0.005      0.06              0.59                9.4         370430.7              21403                      126                      2021         3   694744                         9.2                       0.9
CAD                       0.003               0.044      0.73              0.37                6.0          74086.1              54138                      202                      3242         2   694744                        15.6                       0.9
TOPIX                    44.756             716.090   3856.50              1.16               18.6              4.8              18422                      213                      3420         2   694744                         5.3                       1.0
BUND                      0.269               4.305    129.24              0.21                3.3            874.0             112949                      235                      3761         2   694744                        32.5                       1.1
CAD10                     0.308               4.923    122.90              0.25                4.0            541.2              66510                      166                      2664         3   694744                        28.7                       1.2
LIVECOW                   1.883              30.128    238.98              0.79               12.6            296.3              70818                      558                      8928         1   694744                        10.2                       1.3
EU-BASIC                 13.793             220.693    783.00              1.76               28.2             43.7              34215                      602                      9643         1   694744                         4.9                       1.4
RUSSELL                  31.049             496.777   2659.30              1.17               18.7              3.7               9850                      115                      1840         6   694744                         8.5                       1.6
BRENT-LAST                1.309              20.946     70.79              1.85               29.6            740.9              52445                      969                     15517         1   694744                         7.5                       2.2
AEX                       8.672             138.758   1006.70              0.86               13.8            174.8             175961                     1515                     24253         1   694744                        25.3                       3.5
MIB                     425.345            6805.522  45820.00              0.93               14.9              4.4             200222                     1858                     29738         1   694744                        28.8                       4.3
MSCIEAFA                 25.895             414.315   3127.50              0.83               13.2             37.0             115852                      959                     15347         2   694744                        33.4                       4.4

Sum of abs(notional exposure % capital) 325.5
Sum of abs(annualised risk % capital) 37.3
Net sum of annualised risk % capital 14.7 

=====================================================================================================================================================================================================================================================
                                                                                                                    Correlations                                                                                                                     
=====================================================================================================================================================================================================================================================

              BITCOIN   CAD  COPPER-micro  EU-BASIC   GBP  GOLD_micro  HANGTECH  KRWUSD_mini  MSCIEAFA   MXP   NZD   BTP  BUND  CAD10  KR10  LIVECOW  RICE   AEX   MIB  MUMMY  RUSSELL  SP500_micro  TOPIX  BRENT-LAST  CANOLA  REDWHEAT  WHEAT    DX
BITCOIN          1.00  0.29          0.34      0.32  0.31        0.34      0.47         0.30      0.43  0.22  0.32  0.08 -0.01  -0.02  0.11     0.12 -0.02  0.41  0.21   0.22     0.53         0.57   0.16        0.11   -0.02     -0.03  -0.01 -0.23
CAD              0.29  1.00          0.47      0.30  0.71        0.53      0.35         0.64      0.48  0.52  0.78  0.07  0.02  -0.08  0.19     0.13  0.15  0.06 -0.02   0.03     0.16         0.27  -0.08        0.11    0.03      0.23   0.29 -0.78
COPPER-micro     0.34  0.47          1.00      0.62  0.50        0.41      0.41         0.35      0.57  0.45  0.47 -0.00 -0.08  -0.04 -0.06     0.18  0.23  0.37  0.25   0.19     0.33         0.39   0.17        0.17   -0.12      0.21   0.27 -0.44
EU-BASIC         0.32  0.30          0.62      1.00  0.36        0.34      0.43         0.21      0.71  0.45  0.42  0.04 -0.09   0.10 -0.17     0.26  0.20  0.64  0.53   0.32     0.49         0.52   0.52        0.22   -0.07      0.18   0.18 -0.25
GBP              0.31  0.71          0.50      0.36  1.00        0.59      0.34         0.66      0.66  0.51  0.80  0.18  0.06   0.21  0.27     0.19  0.20  0.10  0.15   0.06     0.27         0.25  -0.05       -0.08   -0.08      0.14   0.11 -0.88
GOLD_micro       0.34  0.53          0.41      0.34  0.59        1.00      0.26         0.47      0.36  0.44  0.56  0.29  0.24   0.08  0.19     0.25  0.24  0.05 -0.11   0.04     0.19         0.14  -0.06        0.13    0.02      0.31   0.25 -0.55
HANGTECH         0.47  0.35          0.41      0.43  0.34        0.26      1.00         0.34      0.43  0.24  0.33 -0.00 -0.05  -0.01  0.06    -0.03  0.02  0.29  0.17   0.16     0.23         0.41   0.22       -0.00    0.03      0.03   0.07 -0.38
KRWUSD_mini      0.30  0.64          0.35      0.21  0.66        0.47      0.34         1.00      0.47  0.34  0.63  0.23  0.16   0.13  0.44     0.15  0.26  0.07  0.04   0.07     0.16         0.23  -0.02        0.05   -0.08      0.13   0.14 -0.67
MSCIEAFA         0.43  0.48          0.57      0.71  0.66        0.36      0.43         0.47      1.00  0.54  0.66  0.25  0.07   0.26  0.09     0.29  0.18  0.60  0.65   0.38     0.60         0.64   0.47        0.05   -0.01      0.16   0.12 -0.59
MXP              0.22  0.52          0.45      0.45  0.51        0.44      0.24         0.34      0.54  1.00  0.54  0.16  0.04   0.10  0.11     0.27  0.06  0.29  0.19   0.12     0.23         0.24   0.16        0.16    0.07      0.19   0.22 -0.50
NZD              0.32  0.78          0.47      0.42  0.80        0.56      0.33         0.63      0.66  0.54  1.00  0.19  0.08   0.17  0.20     0.09  0.23  0.15  0.14   0.09     0.35         0.36   0.06        0.08    0.08      0.29   0.28 -0.79
BTP              0.08  0.07         -0.00      0.04  0.18        0.29     -0.00         0.23      0.25  0.16  0.19  1.00  0.92   0.58  0.41     0.11  0.18  0.16  0.09   0.13     0.19         0.13   0.10       -0.04    0.07     -0.03  -0.12 -0.14
BUND            -0.01  0.02         -0.08     -0.09  0.06        0.24     -0.05         0.16      0.07  0.04  0.08  0.92  1.00   0.55  0.38     0.10  0.17  0.04 -0.12   0.14     0.08        -0.01   0.02        0.02    0.12      0.01  -0.05 -0.04
CAD10           -0.02 -0.08         -0.04      0.10  0.21        0.08     -0.01         0.13      0.26  0.10  0.17  0.58  0.55   1.00  0.38    -0.05  0.05  0.19  0.15   0.20     0.15         0.08   0.11       -0.09   -0.06      0.03  -0.03 -0.11
KR10             0.11  0.19         -0.06     -0.17  0.27        0.19      0.06         0.44      0.09  0.11  0.20  0.41  0.38   0.38  1.00     0.15 -0.07 -0.17 -0.10   0.10     0.05         0.03  -0.10       -0.13   -0.11     -0.09  -0.15 -0.26
LIVECOW          0.12  0.13          0.18      0.26  0.19        0.25     -0.03         0.15      0.29  0.27  0.09  0.11  0.10  -0.05  0.15     1.00  0.10  0.22  0.19   0.25     0.14         0.05   0.13        0.07   -0.06     -0.06  -0.10 -0.12
RICE            -0.02  0.15          0.23      0.20  0.20        0.24      0.02         0.26      0.18  0.06  0.23  0.18  0.17   0.05 -0.07     0.10  1.00  0.07  0.06   0.27     0.13         0.14   0.07        0.24    0.04      0.28   0.18 -0.16
AEX              0.41  0.06          0.37      0.64  0.10        0.05      0.29         0.07      0.60  0.29  0.15  0.16  0.04   0.19 -0.17     0.22  0.07  1.00  0.63   0.32     0.53         0.57   0.38        0.27   -0.06     -0.04  -0.02  0.01
MIB              0.21 -0.02          0.25      0.53  0.15       -0.11      0.17         0.04      0.65  0.19  0.14  0.09 -0.12   0.15 -0.10     0.19  0.06  0.63  1.00   0.37     0.37         0.48   0.38        0.06   -0.05      0.01  -0.06 -0.02
MUMMY            0.22  0.03          0.19      0.32  0.06        0.04      0.16         0.07      0.38  0.12  0.09  0.13  0.14   0.20  0.10     0.25  0.27  0.32  0.37   1.00     0.36         0.34   0.61        0.25    0.13      0.15   0.07  0.11
RUSSELL          0.53  0.16          0.33      0.49  0.27        0.19      0.23         0.16      0.60  0.23  0.35  0.19  0.08   0.15  0.05     0.14  0.13  0.53  0.37   0.36     1.00         0.81   0.43        0.13   -0.02      0.02   0.03 -0.13
SP500_micro      0.57  0.27          0.39      0.52  0.25        0.14      0.41         0.23      0.64  0.24  0.36  0.13 -0.01   0.08  0.03     0.05  0.14  0.57  0.48   0.34     0.81         1.00   0.43        0.22    0.01      0.05   0.04 -0.14
TOPIX            0.16 -0.08          0.17      0.52 -0.05       -0.06      0.22        -0.02      0.47  0.16  0.06  0.10  0.02   0.11 -0.10     0.13  0.07  0.38  0.38   0.61     0.43         0.43   1.00        0.08    0.08      0.05   0.03  0.13
BRENT-LAST       0.11  0.11          0.17      0.22 -0.08        0.13     -0.00         0.05      0.05  0.16  0.08 -0.04  0.02  -0.09 -0.13     0.07  0.24  0.27  0.06   0.25     0.13         0.22   0.08        1.00    0.25      0.48   0.48  0.16
CANOLA          -0.02  0.03         -0.12     -0.07 -0.08        0.02      0.03        -0.08     -0.01  0.07  0.08  0.07  0.12  -0.06 -0.11    -0.06  0.04 -0.06 -0.05   0.13    -0.02         0.01   0.08        0.25    1.00      0.28   0.30  0.02
REDWHEAT        -0.03  0.23          0.21      0.18  0.14        0.31      0.03         0.13      0.16  0.19  0.29 -0.03  0.01   0.03 -0.09    -0.06  0.28 -0.04  0.01   0.15     0.02         0.05   0.05        0.48    0.28      1.00   0.92 -0.15
WHEAT           -0.01  0.29          0.27      0.18  0.11        0.25      0.07         0.14      0.12  0.22  0.28 -0.12 -0.05  -0.03 -0.15    -0.10  0.18 -0.02 -0.06   0.07     0.03         0.04   0.03        0.48    0.30      0.92   1.00 -0.16
DX              -0.23 -0.78         -0.44     -0.25 -0.88       -0.55     -0.38        -0.67     -0.59 -0.50 -0.79 -0.14 -0.04  -0.11 -0.26    -0.12 -0.16  0.01 -0.02   0.11    -0.13        -0.14   0.13        0.16    0.02     -0.15  -0.16  1.00


********************************************************************************
                                 END OF REPORT                                  
********************************************************************************


