
********************************************************************************
           Risk report report produced on 2022-07-14 21:00:39.957753            
********************************************************************************


Total risk across all strategies, annualised percentage 6.4
Percentage of capital used for margin 19.0%

========================================
Risk per strategy, annualised percentage
========================================

                  risk
dynamic_TF_carry   6.4


==================================================================================================================================================================================================================================================================
                                                                                                                         Instrument risk                                                                                                                          
==================================================================================================================================================================================================================================================================

              daily_price_stdev  annual_price_stdev     price  daily_perc_stdev  annual_perc_stdev  point_size_base  contract_exposure  daily_risk_per_contract  annual_risk_per_contract  position  capital  exposure_held_perc_capital  annual_risk_perc_capital
EUR                       0.006               0.096      1.01              0.60                9.5         106067.0             106676                      634                     10159        -1   373705                       -28.5                      -2.7
SILVER                    0.407               6.513     18.28              2.23               35.6            848.5              15511                      345                      5526        -1   373705                        -4.2                      -1.5
KR10                      0.536               8.574    114.21              0.47                7.5            639.9              73085                      342                      5486        -1   373705                       -19.6                      -1.5
DJSTX-SMALL               4.914              78.619    295.70              1.66               26.6             42.4              12541                      208                      3334        -1   373705                        -3.4                      -0.9
KOSDAQ                   24.760             396.154   1093.80              2.26               36.2              6.4               6999                      158                      2535        -1   373705                        -1.9                      -0.7
DOW                     369.499            5911.989  30296.00              1.22               19.5              0.4              12853                      156                      2508        -1   373705                        -3.4                      -0.7
GOLD_micro               16.541             264.649   1707.50              0.97               15.5              8.5              14488                      140                      2245        -1   373705                        -3.9                      -0.6
RUSSELL                  30.868             493.893   1707.20              1.81               28.9              4.2               7243                      130                      2095        -1   373705                        -1.9                      -0.6
BRE                       0.002               0.035      0.18              1.19               19.1          84853.6              15532                      185                      2965         1   373705                         4.2                       0.8
EU-OIL                    6.037              96.591    291.40              2.07               33.1             42.4              12359                      256                      4096         1   373705                         3.3                       1.1
IRON                      3.939              63.027    100.50              3.92               62.7             84.9               8527                      334                      5348         1   373705                         2.3                       1.4
CRUDE_W_mini              2.739              43.818     92.08              2.97               47.6            424.3              39064                     1161                     18590         1   373705                        10.5                       5.0

Sum of abs(notional exposure % capital) 87.1
Sum of abs(annualised risk % capital) 17.5
Net sum of annualised risk % capital -0.9 

==================================================================================================================
                                                   Correlations                                                   
==================================================================================================================

               BRE   EUR  DJSTX-SMALL   DOW  EU-OIL  KOSDAQ  RUSSELL  CRUDE_W_mini  GOLD_micro  IRON  SILVER  KR10
BRE           1.00  0.31         0.32  0.31    0.35    0.27     0.33          0.29        0.32  0.24    0.34  0.06
EUR           0.31  1.00         0.32  0.31    0.23    0.23     0.29          0.12        0.25  0.16    0.28  0.08
DJSTX-SMALL   0.32  0.32         1.00  0.54    0.40    0.34     0.52          0.15        0.07  0.16    0.22  0.16
DOW           0.31  0.31         0.54  1.00    0.40    0.35     0.57          0.20        0.08  0.24    0.20  0.18
EU-OIL        0.35  0.23         0.40  0.40    1.00    0.30     0.41          0.38        0.17  0.31    0.27  0.03
KOSDAQ        0.27  0.23         0.34  0.35    0.30    1.00     0.37          0.26        0.19  0.21    0.25  0.19
RUSSELL       0.33  0.29         0.52  0.57    0.41    0.37     1.00          0.28        0.12  0.26    0.26  0.18
CRUDE_W_mini  0.29  0.12         0.15  0.20    0.38    0.26     0.28          1.00        0.35  0.33    0.32  0.12
GOLD_micro    0.32  0.25         0.07  0.08    0.17    0.19     0.12          0.35        1.00  0.24    0.50  0.11
IRON          0.24  0.16         0.16  0.24    0.31    0.21     0.26          0.33        0.24  1.00    0.28  0.07
SILVER        0.34  0.28         0.22  0.20    0.27    0.25     0.26          0.32        0.50  0.28    1.00  0.05
KR10          0.06  0.08         0.16  0.18    0.03    0.19     0.18          0.12        0.11  0.07    0.05  1.00


********************************************************************************
                                 END OF REPORT                                  
********************************************************************************


