
********************************************************************************
                    Risk report produced on 21/05/2026 22:51                    
********************************************************************************


Total risk across all strategies, annualised percentage 10.7
Percentage of capital used for margin 35.4%

========================================
Risk per strategy, annualised percentage
========================================

                  risk
dynamic_TF_carry  10.7


===================
Risk by asset class
===================

Ags       1.7
Bond      3.6
Equity    4.8
FX        2.2
Metals    1.2
OilGas    5.7
Other     0.3
Sector    1.9
Vol       0.1
dtype: float64


=====================================================
Beta loadings of asset class positions on asset class
=====================================================

Bond     -0.50
FX       -0.10
Metals   -0.03
Vol      -0.00
Other     0.01
Sector    0.09
OilGas    0.10
Ags       0.11
Equity    0.22
dtype: float64


========================================================
Beta loadings of full portfolio positions on asset class
========================================================

Bond     -0.62
FX       -0.08
Vol      -0.03
Metals    0.03
OilGas    0.09
Other     0.09
Equity    0.14
Sector    0.25
Ags       0.34
dtype: float64


===================================================================================================================================================================================================================================================================
                                                                                                                          Instrument risk                                                                                                                          
===================================================================================================================================================================================================================================================================

               daily_price_stdev  annual_price_stdev     price  daily_perc_stdev  annual_perc_stdev  point_size_base  contract_exposure  daily_risk_per_contract  annual_risk_per_contract  position  capital  exposure_held_perc_capital  annual_risk_perc_capital
KR10                       0.456               7.295    106.10              0.43                6.9            494.4              52451                      225                      3606        -4   699838                       -30.0                      -2.1
BUXL                       0.811              12.975    107.38              0.76               12.1            865.1              92899                      701                     11225        -1   699838                       -13.3                      -1.6
JPY                        0.000               0.001      0.01              0.55                8.8        9304922.3              58616                      324                      5185        -2   699838                       -16.8                      -1.5
BITCOIN                 1812.950           29007.203  77545.00              2.34               37.4              0.1               5772                      134                      2159        -4   699838                        -3.3                      -1.2
CHF                        0.006               0.091      1.27              0.45                7.2          93049.2             118577                      530                      8491        -1   699838                       -16.9                      -1.2
LEANHOG                    1.204              19.266    100.15              1.20               19.2            297.8              29820                      358                      5736        -1   699838                        -4.3                      -0.8
CAD10                      0.547               8.747    119.36              0.46                7.3            540.9              64556                      295                      4731        -1   699838                        -9.2                      -0.7
DAX                      292.832            4685.313  24741.00              1.18               18.9              0.9              21404                      253                      4053        -1   699838                        -3.1                      -0.6
KOSDAQ                    43.704             699.262   1762.10              2.48               39.7              4.9               8711                      216                      3456        -1   699838                        -1.2                      -0.5
GAS_US_mini                0.099               1.583      3.14              3.15               50.4           1861.0               5843                      184                      2945        -1   699838                        -0.8                      -0.4
HANGENT_mini              99.564            1593.017   8555.00              1.16               18.6              1.0               8131                       94                      1514        -1   699838                        -1.2                      -0.2
V2X                        0.552               8.830     21.90              2.52               40.3             86.5               1894                       47                       763        -1   699838                        -0.3                      -0.1
EUR_micro                  0.004               0.066      1.17              0.36                5.7           9304.9              10858                       38                       617        -1   699838                        -1.6                      -0.1
GAS-PEN                    0.094               1.507      3.00              3.14               50.3           7443.9              22316                      701                     11216         0   699838                         0.0                       0.0
RUBBER                     3.161              50.575    218.70              1.45               23.1             37.2               8139                      117                      1882         1   699838                         1.2                       0.3
AUD_micro                  0.004               0.063      0.72              0.55                8.8           7443.9               5323                       29                       466         5   699838                         3.8                       0.3
MUMMY                     16.331             261.290    782.00              2.09               33.4              4.7               3660                       76                      1223         2   699838                         1.0                       0.3
CANOLA                     8.658             138.520    750.60              1.15               18.5             10.8               8119                       93                      1498         2   699838                         2.3                       0.4
ZAR                        0.001               0.008      0.06              0.83               13.4         372196.9              22583                      188                      3016         1   699838                         3.2                       0.4
CORN                       5.752              92.029    485.75              1.18               18.9             37.2              18079                      214                      3425         1   699838                         2.6                       0.5
TOPIX                     46.873             749.972   3794.75              1.24               19.8              4.7              17764                      219                      3510         1   699838                         2.5                       0.5
MXP                        0.000               0.005      0.06              0.54                8.7         372196.9              21479                      116                      1867         2   699838                         6.1                       0.5
NZD                        0.004               0.058      0.59              0.62                9.9          74439.4              43770                      271                      4347         1   699838                         6.3                       0.6
EU-OIL                     6.712             107.391    546.30              1.23               19.7             43.3              23631                      290                      4645         1   699838                         3.4                       0.7
CRUDE_W_micro              2.345              37.519     90.53              2.59               41.4             74.4               6738                      174                      2792         2   699838                         1.9                       0.8
NIKKEI                   948.477           15175.624  59910.00              1.58               25.3              0.5              28046                      444                      7104         1   699838                         4.0                       1.0
RUSSELL                   35.176             562.823   2843.10              1.24               19.8              3.7              10581                      130                      2094         4   699838                         6.0                       1.2
LIVECOW                    2.143              34.283    249.95              0.86               13.7            297.8              74424                      638                     10208         1   699838                        10.6                       1.5
EU-BASIC                  16.754             268.062    831.10              2.02               32.3             43.3              35951                      724                     11595         1   699838                         5.1                       1.7
MSCIEMASIA                18.284             292.537   1118.30              1.63               26.2             74.4              83245                     1361                     21776         1   699838                        11.9                       3.1
GASOILINE                  0.070               1.125      3.32              2.12               33.9          31264.5             103773                     2198                     35172         1   699838                        14.8                       5.0

Sum of abs(notional exposure % capital) 188.7
Sum of abs(annualised risk % capital) 29.8
Net sum of annualised risk % capital 7.8 

====================================================================================================================================================================================================================================================================================
                                                                                                                                    Correlations                                                                                                                                    
====================================================================================================================================================================================================================================================================================

               AUD_micro   DAX  EU-BASIC  MSCIEMASIA  MUMMY   MXP  NIKKEI   NZD  RUSSELL  TOPIX   ZAR   CHF  EUR_micro   JPY  BITCOIN  BUXL  CAD10  HANGENT_mini  KOSDAQ  KR10  LEANHOG  LIVECOW  RUBBER  CANOLA  CORN  CRUDE_W_micro  EU-OIL  GAS-PEN  GASOILINE  GAS_US_mini   V2X
AUD_micro           1.00  0.54      0.53        0.69   0.43  0.62    0.58  0.90     0.53   0.48  0.75  0.55       0.66  0.31     0.27 -0.03   0.04          0.34    0.43  0.17     0.16     0.08    0.29   -0.09  0.04          -0.12    0.03     0.05      -0.13         0.08 -0.54
DAX                 0.54  1.00      0.74        0.68   0.56  0.45    0.69  0.37     0.65   0.71  0.68  0.05       0.23 -0.01     0.37  0.00   0.17          0.45    0.14  0.30     0.08     0.27    0.43   -0.25 -0.23          -0.13    0.16    -0.04      -0.08         0.02 -0.72
EU-BASIC            0.53  0.74      1.00        0.66   0.51  0.54    0.62  0.39     0.57   0.62  0.70  0.10       0.27 -0.02     0.24  0.03   0.24          0.46    0.24  0.26     0.23     0.15    0.52   -0.19 -0.15          -0.12    0.21     0.05      -0.08         0.09 -0.66
MSCIEMASIA          0.69  0.68      0.66        1.00   0.57  0.56    0.78  0.55     0.71   0.63  0.72  0.25       0.39  0.09     0.41  0.13   0.20          0.53    0.36  0.32     0.07     0.07    0.35   -0.10  0.02          -0.22   -0.02     0.03      -0.10         0.07 -0.64
MUMMY               0.43  0.56      0.51        0.57   1.00  0.35    0.63  0.31     0.51   0.72  0.42  0.02       0.13 -0.04     0.39  0.11   0.13          0.41    0.17  0.27     0.15     0.04    0.29   -0.01 -0.13           0.03    0.15     0.02       0.04         0.05 -0.53
MXP                 0.62  0.45      0.54        0.56   0.35  1.00    0.49  0.58     0.46   0.48  0.68  0.41       0.58  0.14     0.17 -0.08   0.15          0.26    0.21  0.16     0.11     0.09    0.06   -0.22 -0.12          -0.30   -0.04    -0.08      -0.30        -0.05 -0.57
NIKKEI              0.58  0.69      0.62        0.78   0.63  0.49    1.00  0.45     0.69   0.89  0.58  0.04       0.23 -0.21     0.37 -0.05   0.13          0.35    0.38  0.17     0.05     0.15    0.35   -0.13 -0.15          -0.11    0.15    -0.04      -0.04        -0.01 -0.68
NZD                 0.90  0.37      0.39        0.55   0.31  0.58    0.45  1.00     0.39   0.33  0.65  0.67       0.75  0.44     0.19 -0.02   0.07          0.25    0.46  0.10     0.14     0.06    0.18   -0.07  0.05          -0.23   -0.10     0.02      -0.26         0.03 -0.41
RUSSELL             0.53  0.65      0.57        0.71   0.51  0.46    0.69  0.39     1.00   0.61  0.56  0.07       0.23 -0.07     0.49  0.07   0.17          0.23    0.23  0.34     0.11     0.06    0.28   -0.22 -0.16          -0.26   -0.06    -0.05      -0.20        -0.04 -0.71
TOPIX               0.48  0.71      0.62        0.63   0.72  0.48    0.89  0.33     0.61   1.00  0.56 -0.02       0.18 -0.24     0.26 -0.08   0.11          0.36    0.21  0.09     0.12     0.13    0.40   -0.10 -0.17          -0.06    0.29    -0.03       0.00        -0.01 -0.68
ZAR                 0.75  0.68      0.70        0.72   0.42  0.68    0.58  0.65     0.56   0.56  1.00  0.43       0.61  0.23     0.19  0.05   0.29          0.36    0.28  0.24     0.21     0.16    0.35   -0.29 -0.15          -0.33    0.02    -0.04      -0.32         0.01 -0.61
CHF                 0.55  0.05      0.10        0.25   0.02  0.41    0.04  0.67     0.07  -0.02  0.43  1.00       0.83  0.65    -0.09  0.11   0.15          0.19    0.22  0.12    -0.04    -0.08   -0.04   -0.02  0.09          -0.38   -0.41    -0.02      -0.41        -0.02 -0.11
EUR_micro           0.66  0.23      0.27        0.39   0.13  0.58    0.23  0.75     0.23   0.18  0.61  0.83       1.00  0.56     0.01 -0.02   0.18          0.22    0.24  0.19     0.06     0.04   -0.03   -0.20 -0.04          -0.42   -0.31    -0.06      -0.40        -0.01 -0.33
JPY                 0.31 -0.01     -0.02        0.09  -0.04  0.14   -0.21  0.44    -0.07  -0.24  0.23  0.65       0.56  1.00    -0.09  0.36   0.30          0.10    0.01  0.23    -0.05     0.05    0.02   -0.06  0.17          -0.27   -0.30     0.05      -0.26         0.09  0.07
BITCOIN             0.27  0.37      0.24        0.41   0.39  0.17    0.37  0.19     0.49   0.26  0.19 -0.09       0.01 -0.09     1.00 -0.03  -0.04          0.19    0.06  0.22     0.00     0.02    0.14   -0.06  0.06           0.05    0.04     0.03       0.06         0.09 -0.39
BUXL               -0.03  0.00      0.03        0.13   0.11 -0.08   -0.05 -0.02     0.07  -0.08  0.05  0.11      -0.02  0.36    -0.03  1.00   0.57          0.01   -0.01  0.39     0.01    -0.22    0.13    0.14  0.09          -0.19   -0.17    -0.06      -0.09        -0.05  0.07
CAD10               0.04  0.17      0.24        0.20   0.13  0.15    0.13  0.07     0.17   0.11  0.29  0.15       0.18  0.30    -0.04  0.57   1.00          0.09   -0.02  0.57    -0.07    -0.22    0.09   -0.23 -0.32          -0.44   -0.24    -0.05      -0.38        -0.02 -0.14
HANGENT_mini        0.34  0.45      0.46        0.53   0.41  0.26    0.35  0.25     0.23   0.36  0.36  0.19       0.22  0.10     0.19  0.01   0.09          1.00    0.22  0.18     0.21     0.05    0.26    0.10  0.11           0.04    0.02     0.04       0.05         0.06 -0.33
KOSDAQ              0.43  0.14      0.24        0.36   0.17  0.21    0.38  0.46     0.23   0.21  0.28  0.22       0.24  0.01     0.06 -0.01  -0.02          0.22    1.00 -0.10     0.14    -0.06    0.11    0.13  0.18          -0.01    0.08     0.03      -0.02        -0.03 -0.28
KR10                0.17  0.30      0.26        0.32   0.27  0.16    0.17  0.10     0.34   0.09  0.24  0.12       0.19  0.23     0.22  0.39   0.57          0.18   -0.10  1.00    -0.12    -0.07    0.10   -0.23 -0.28          -0.33   -0.25    -0.04      -0.32         0.01 -0.22
LEANHOG             0.16  0.08      0.23        0.07   0.15  0.11    0.05  0.14     0.11   0.12  0.21 -0.04       0.06 -0.05     0.00  0.01  -0.07          0.21    0.14 -0.12     1.00     0.05    0.15    0.12  0.03           0.14    0.13    -0.07       0.09        -0.05  0.02
LIVECOW             0.08  0.27      0.15        0.07   0.04  0.09    0.15  0.06     0.06   0.13  0.16 -0.08       0.04  0.05     0.02 -0.22  -0.22          0.05   -0.06 -0.07     0.05     1.00    0.06   -0.20 -0.03           0.03    0.20    -0.15       0.08        -0.06 -0.12
RUBBER              0.29  0.43      0.52        0.35   0.29  0.06    0.35  0.18     0.28   0.40  0.35 -0.04      -0.03  0.02     0.14  0.13   0.09          0.26    0.11  0.10     0.15     0.06    1.00    0.05  0.15           0.24    0.39     0.11       0.28         0.13 -0.27
CANOLA             -0.09 -0.25     -0.19       -0.10  -0.01 -0.22   -0.13 -0.07    -0.22  -0.10 -0.29 -0.02      -0.20 -0.06    -0.06  0.14  -0.23          0.10    0.13 -0.23     0.12    -0.20    0.05    1.00  0.40           0.32    0.14     0.11       0.34         0.08  0.20
CORN                0.04 -0.23     -0.15        0.02  -0.13 -0.12   -0.15  0.05    -0.16  -0.17 -0.15  0.09      -0.04  0.17     0.06  0.09  -0.32          0.11    0.18 -0.28     0.03    -0.03    0.15    0.40  1.00           0.28    0.18     0.25       0.34         0.24  0.22
CRUDE_W_micro      -0.12 -0.13     -0.12       -0.22   0.03 -0.30   -0.11 -0.23    -0.26  -0.06 -0.33 -0.38      -0.42 -0.27     0.05 -0.19  -0.44          0.04   -0.01 -0.33     0.14     0.03    0.24    0.32  0.28           1.00    0.68     0.14       0.92         0.11  0.15
EU-OIL              0.03  0.16      0.21       -0.02   0.15 -0.04    0.15 -0.10    -0.06   0.29  0.02 -0.41      -0.31 -0.30     0.04 -0.17  -0.24          0.02    0.08 -0.25     0.13     0.20    0.39    0.14  0.18           0.68    1.00     0.10       0.69         0.10 -0.10
GAS-PEN             0.05 -0.04      0.05        0.03   0.02 -0.08   -0.04  0.02    -0.05  -0.03 -0.04 -0.02      -0.06  0.05     0.03 -0.06  -0.05          0.04    0.03 -0.04    -0.07    -0.15    0.11    0.11  0.25           0.14    0.10     1.00       0.10         0.96 -0.02
GASOILINE          -0.13 -0.08     -0.08       -0.10   0.04 -0.30   -0.04 -0.26    -0.20   0.00 -0.32 -0.41      -0.40 -0.26     0.06 -0.09  -0.38          0.05   -0.02 -0.32     0.09     0.08    0.28    0.34  0.34           0.92    0.69     0.10       1.00         0.10  0.13
GAS_US_mini         0.08  0.02      0.09        0.07   0.05 -0.05   -0.01  0.03    -0.04  -0.01  0.01 -0.02      -0.01  0.09     0.09 -0.05  -0.02          0.06   -0.03  0.01    -0.05    -0.06    0.13    0.08  0.24           0.11    0.10     0.96       0.10         1.00 -0.03
V2X                -0.54 -0.72     -0.66       -0.64  -0.53 -0.57   -0.68 -0.41    -0.71  -0.68 -0.61 -0.11      -0.33  0.07    -0.39  0.07  -0.14         -0.33   -0.28 -0.22     0.02    -0.12   -0.27    0.20  0.22           0.15   -0.10    -0.02       0.13        -0.03  1.00


********************************************************************************
                                 END OF REPORT                                  
********************************************************************************


