
********************************************************************************
                    Risk report produced on 12/04/2024 22:53                    
********************************************************************************


Total risk across all strategies, annualised percentage 16.7
Percentage of capital used for margin 74.2%

========================================
Risk per strategy, annualised percentage
========================================

                  risk
dynamic_TF_carry  16.7


===================
Risk by asset class
===================

Ags       3.6
Bond      8.4
Equity    6.7
FX        4.9
Metals    3.0
OilGas    4.8
Sector    0.9
Vol       1.7
dtype: float64


=====================================================
Beta loadings of asset class positions on asset class
=====================================================

Bond     -1.27
FX       -0.10
Metals   -0.07
Sector   -0.05
Vol      -0.04
OilGas    0.06
Ags       0.07
Equity    0.59
dtype: float64


========================================================
Beta loadings of full portfolio positions on asset class
========================================================

Bond     -1.75
Vol      -0.18
FX       -0.12
Metals   -0.10
OilGas    0.15
Sector    0.24
Ags       0.25
Equity    0.74
dtype: float64


===================================================================================================================================================================================================================================================================
                                                                                                                          Instrument risk                                                                                                                          
===================================================================================================================================================================================================================================================================

               daily_price_stdev  annual_price_stdev     price  daily_perc_stdev  annual_perc_stdev  point_size_base  contract_exposure  daily_risk_per_contract  annual_risk_per_contract  position  capital  exposure_held_perc_capital  annual_risk_perc_capital
BUND                       0.657              10.518    132.71              0.50                7.9            854.1             113341                      561                      8982        -3   683308                       -49.8                      -3.9
BUXL                       1.465              23.441    134.48              1.09               17.4            854.1             114852                     1251                     20020        -1   683308                       -16.8                      -2.9
GOLD_micro                19.848             317.576   2353.40              0.84               13.5              8.0              18764                      158                      2532        -7   683308                       -19.2                      -2.6
CHF                        0.005               0.083      1.10              0.47                7.5          99665.1             109870                      517                      8273        -2   683308                       -32.2                      -2.4
GAS-PEN                    0.106               1.688      2.00              5.28               84.4           7973.2              15946                      841                     13460        -1   683308                        -2.3                      -2.0
VIX                        0.468               7.491     17.75              2.64               42.2            797.3              14152                      373                      5972        -2   683308                        -4.1                      -1.7
GAS_US_mini                0.091               1.449      2.03              4.46               71.4           1993.3               4046                      180                      2888        -4   683308                        -2.4                      -1.7
CHINAA-CON                17.373             277.964   1907.60              0.91               14.6             19.9              38024                      346                      5540        -2   683308                       -11.1                      -1.6
JPY                        0.000               0.001      0.01              0.49                7.9        9966512.5              65699                      322                      5162        -2   683308                       -19.2                      -1.5
HANG_mini                251.066            4017.060  16803.00              1.49               23.9              1.0              17095                      255                      4087        -2   683308                        -5.0                      -1.2
CORN                       5.499              87.985    471.00              1.17               18.7             39.9              18776                      219                      3507        -2   683308                        -5.5                      -1.0
EU-TECH                    9.245             147.914    846.60              1.09               17.5             42.7              36151                      394                      6316        -1   683308                        -5.3                      -0.9
US3                        0.244               3.901    103.28              0.24                3.8           1594.6             164696                      388                      6221        -1   683308                       -24.1                      -0.9
BITCOIN                 2211.929           35390.869  66755.00              3.31               53.0              0.1               5322                      176                      2821        -2   683308                        -1.6                      -0.8
BOBL                       0.340               5.448    117.94              0.29                4.6            854.1             100726                      290                      4652        -1   683308                       -14.7                      -0.7
US2                        0.153               2.456    101.68              0.15                2.4           1594.6             162142                      244                      3915        -1   683308                       -23.7                      -0.6
MILLWHEAT                  3.040              48.637    217.50              1.40               22.4             42.7               9287                      129                      2076        -1   683308                        -1.4                      -0.3
TOPIX                     21.861             349.775   2761.00              0.79               12.7              5.2              14367                      113                      1820         1   683308                         2.1                       0.3
CRUDE_W_micro              1.074              17.181     84.21              1.28               20.4             79.7               6714                       85                      1369         3   683308                         2.9                       0.6
IRON                       2.688              43.005    108.90              2.47               39.5             79.7               8682                      214                      3428         2   683308                         2.5                       1.0
LIVECOW                    1.524              24.384    168.82              0.90               14.4            318.9              53843                      486                      7776         1   683308                         7.9                       1.1
SMI                       72.474            1159.579  11297.00              0.64               10.3              8.7              98839                      634                     10145         1   683308                        14.5                       1.5
SPI200                    49.868             797.896   7817.00              0.64               10.2             13.0             101648                      648                     10375         1   683308                        14.9                       1.5
MXP                        0.000               0.005      0.06              0.57                9.1         398660.5              23656                      135                      2161         5   683308                        17.3                       1.6
NIKKEI                   381.678            6106.846  39630.00              0.96               15.4              0.5              20622                      198                      3177         4   683308                        12.1                       1.9
MIB                      216.879            3470.068  33165.00              0.65               10.5              4.3             141622                      926                     14818         1   683308                        20.7                       2.2
AEX                        5.564              89.029    882.50              0.63               10.1            170.8             150739                      950                     15207         1   683308                        22.1                       2.2
YENEUR                     0.779              12.472    161.81              0.48                7.7            650.5             105253                      507                      8112         2   683308                        30.8                       2.4
GASOILINE                  0.035               0.555      2.77              1.25               20.0          33487.5              92713                     1161                     18577         1   683308                        13.6                       2.7
COCOA                    178.919            2862.707  10377.00              1.72               27.6              8.0              82738                     1426                     22824         1   683308                        12.1                       3.3

Sum of abs(notional exposure % capital) 411.9
Sum of abs(annualised risk % capital) 49.0
Net sum of annualised risk % capital -4.4 

================================================================================================================================================================================================================================================================
                                                                                                                          Correlations                                                                                                                          
================================================================================================================================================================================================================================================================

                AEX  CHINAA-CON  EU-TECH  HANG_mini   MIB   MXP   SMI  SPI200  COCOA  CRUDE_W_micro  GASOILINE  LIVECOW  NIKKEI  TOPIX  YENEUR  BITCOIN  BOBL  BUND  BUXL   CHF  GOLD_micro   JPY   US2   US3  CORN  GAS-PEN  GAS_US_mini  IRON  MILLWHEAT   VIX
AEX            1.00        0.31     0.84       0.43  0.73  0.31  0.66    0.65   0.31           0.09       0.19     0.08    0.42   0.37    0.12     0.25  0.34  0.41  0.43  0.23        0.10  0.11  0.12  0.19  0.00    -0.13        -0.05  0.06      -0.04 -0.39
CHINAA-CON     0.31        1.00     0.20       0.68  0.38  0.21  0.31    0.35   0.24           0.03       0.04     0.19    0.24   0.29    0.05     0.04 -0.03 -0.01 -0.01 -0.01        0.16  0.09 -0.04  0.01  0.02    -0.09        -0.09  0.04       0.03 -0.25
EU-TECH        0.84        0.20     1.00       0.38  0.59  0.29  0.51    0.51   0.26          -0.08       0.03     0.02    0.35   0.26    0.07     0.17  0.31  0.37  0.39  0.27        0.06  0.19  0.11  0.17  0.00    -0.21        -0.12  0.17      -0.10 -0.46
HANG_mini      0.43        0.68     0.38       1.00  0.42  0.39  0.42    0.41   0.23           0.03       0.03     0.12    0.08   0.10   -0.00     0.11  0.05  0.08  0.07  0.32        0.14  0.28  0.01  0.08  0.05    -0.14        -0.12  0.06      -0.01 -0.41
MIB            0.73        0.38     0.59       0.42  1.00  0.41  0.62    0.58   0.31           0.12       0.16     0.19    0.43   0.43    0.16     0.03  0.11  0.20  0.24  0.21        0.11  0.07 -0.03  0.04  0.00    -0.02        -0.03 -0.06      -0.01 -0.46
MXP            0.31        0.21     0.29       0.39  0.41  1.00  0.45    0.36   0.15           0.08       0.11     0.23    0.15   0.20    0.10     0.09  0.17  0.27  0.29  0.28        0.26  0.24  0.05  0.13  0.04     0.04         0.09  0.09       0.00 -0.37
SMI            0.66        0.31     0.51       0.42  0.62  0.45  1.00    0.59   0.02           0.02       0.03     0.13    0.22   0.27    0.00     0.23  0.40  0.43  0.43  0.27        0.12  0.26  0.23  0.30  0.05    -0.02        -0.00 -0.12       0.01 -0.40
SPI200         0.65        0.35     0.51       0.41  0.58  0.36  0.59    1.00   0.09           0.25       0.23     0.09    0.35   0.31   -0.02    -0.05  0.32  0.37  0.38  0.28        0.26  0.21  0.16  0.25  0.08    -0.03        -0.05 -0.03      -0.04 -0.43
COCOA          0.31        0.24     0.26       0.23  0.31  0.15  0.02    0.09   1.00           0.18       0.29    -0.09    0.27   0.26    0.17     0.11 -0.10 -0.06 -0.03 -0.26        0.06 -0.17 -0.19 -0.18  0.04    -0.21        -0.17 -0.01       0.16 -0.15
CRUDE_W_micro  0.09        0.03    -0.08       0.03  0.12  0.08  0.02    0.25   0.18           1.00       0.81     0.35    0.23   0.19    0.10    -0.14 -0.20 -0.18 -0.22 -0.04        0.21 -0.09 -0.12 -0.12  0.16     0.15         0.19 -0.08       0.12  0.03
GASOILINE      0.19        0.04     0.03       0.03  0.16  0.11  0.03    0.23   0.29           0.81       1.00     0.31    0.30   0.20    0.14    -0.01 -0.15 -0.11 -0.12 -0.00        0.17 -0.10 -0.16 -0.16  0.17    -0.05         0.02  0.02       0.09  0.05
LIVECOW        0.08        0.19     0.02       0.12  0.19  0.23  0.13    0.09  -0.09           0.35       0.31     1.00    0.10   0.14    0.05    -0.25 -0.15 -0.14 -0.19 -0.01        0.04 -0.04 -0.22 -0.20 -0.06     0.08         0.08 -0.04      -0.12 -0.14
NIKKEI         0.42        0.24     0.35       0.08  0.43  0.15  0.22    0.35   0.27           0.23       0.30     0.10    1.00   0.87    0.51    -0.08 -0.11 -0.01  0.05 -0.14       -0.00 -0.42 -0.08 -0.04 -0.12     0.10         0.19  0.04      -0.15 -0.35
TOPIX          0.37        0.29     0.26       0.10  0.43  0.20  0.27    0.31   0.26           0.19       0.20     0.14    0.87   1.00    0.50    -0.13 -0.12 -0.06 -0.03 -0.18       -0.05 -0.42 -0.13 -0.08 -0.10     0.19         0.26  0.06      -0.05 -0.45
YENEUR         0.12        0.05     0.07      -0.00  0.16  0.10  0.00   -0.02   0.17           0.10       0.14     0.05    0.51   0.50    1.00    -0.06 -0.22 -0.13 -0.09 -0.08       -0.02 -0.70 -0.17 -0.15 -0.08     0.15         0.22  0.00      -0.13 -0.14
BITCOIN        0.25        0.04     0.17       0.11  0.03  0.09  0.23   -0.05   0.11          -0.14      -0.01    -0.25   -0.08  -0.13   -0.06     1.00  0.30  0.35  0.36  0.14        0.21  0.20  0.20  0.20  0.04    -0.09        -0.01 -0.03      -0.09  0.03
BOBL           0.34       -0.03     0.31       0.05  0.11  0.17  0.40    0.32  -0.10          -0.20      -0.15    -0.15   -0.11  -0.12   -0.22     0.30  1.00  0.97  0.85  0.34        0.40  0.42  0.66  0.71  0.05     0.04         0.04 -0.00      -0.09 -0.02
BUND           0.41       -0.01     0.37       0.08  0.20  0.27  0.43    0.37  -0.06          -0.18      -0.11    -0.14   -0.01  -0.06   -0.13     0.35  0.97  1.00  0.94  0.37        0.45  0.39  0.62  0.68  0.07     0.06         0.06  0.03      -0.10 -0.09
BUXL           0.43       -0.01     0.39       0.07  0.24  0.29  0.43    0.38  -0.03          -0.22      -0.12    -0.19    0.05  -0.03   -0.09     0.36  0.85  0.94  1.00  0.34        0.41  0.34  0.49  0.56  0.07     0.02         0.03  0.08      -0.07 -0.13
CHF            0.23       -0.01     0.27       0.32  0.21  0.28  0.27    0.28  -0.26          -0.04      -0.00    -0.01   -0.14  -0.18   -0.08     0.14  0.34  0.37  0.34  1.00        0.41  0.60  0.48  0.51  0.14     0.05         0.08  0.14      -0.03 -0.17
GOLD_micro     0.10        0.16     0.06       0.14  0.11  0.26  0.12    0.26   0.06           0.21       0.17     0.04   -0.00  -0.05   -0.02     0.21  0.40  0.45  0.41  0.41        1.00  0.38  0.49  0.51  0.06     0.09         0.09  0.07      -0.11  0.03
JPY            0.11        0.09     0.19       0.28  0.07  0.24  0.26    0.21  -0.17          -0.09      -0.10    -0.04   -0.42  -0.42   -0.70     0.20  0.42  0.39  0.34  0.60        0.38  1.00  0.43  0.47  0.16    -0.19        -0.21  0.10       0.02 -0.06
US2            0.12       -0.04     0.11       0.01 -0.03  0.05  0.23    0.16  -0.19          -0.12      -0.16    -0.22   -0.08  -0.13   -0.17     0.20  0.66  0.62  0.49  0.48        0.49  0.43  1.00  0.98 -0.05     0.18         0.17 -0.10      -0.16  0.09
US3            0.19        0.01     0.17       0.08  0.04  0.13  0.30    0.25  -0.18          -0.12      -0.16    -0.20   -0.04  -0.08   -0.15     0.20  0.71  0.68  0.56  0.51        0.51  0.47  0.98  1.00 -0.04     0.16         0.14 -0.09      -0.18 -0.01
CORN           0.00        0.02     0.00       0.05  0.00  0.04  0.05    0.08   0.04           0.16       0.17    -0.06   -0.12  -0.10   -0.08     0.04  0.05  0.07  0.07  0.14        0.06  0.16 -0.05 -0.04  1.00     0.02         0.03  0.17       0.59 -0.01
GAS-PEN       -0.13       -0.09    -0.21      -0.14 -0.02  0.04 -0.02   -0.03  -0.21           0.15      -0.05     0.08    0.10   0.19    0.15    -0.09  0.04  0.06  0.02  0.05        0.09 -0.19  0.18  0.16  0.02     1.00         0.92 -0.10       0.01 -0.08
GAS_US_mini   -0.05       -0.09    -0.12      -0.12 -0.03  0.09 -0.00   -0.05  -0.17           0.19       0.02     0.08    0.19   0.26    0.22    -0.01  0.04  0.06  0.03  0.08        0.09 -0.21  0.17  0.14  0.03     0.92         1.00 -0.09       0.04 -0.10
IRON           0.06        0.04     0.17       0.06 -0.06  0.09 -0.12   -0.03  -0.01          -0.08       0.02    -0.04    0.04   0.06    0.00    -0.03 -0.00  0.03  0.08  0.14        0.07  0.10 -0.10 -0.09  0.17    -0.10        -0.09  1.00       0.06 -0.02
MILLWHEAT     -0.04        0.03    -0.10      -0.01 -0.01  0.00  0.01   -0.04   0.16           0.12       0.09    -0.12   -0.15  -0.05   -0.13    -0.09 -0.09 -0.10 -0.07 -0.03       -0.11  0.02 -0.16 -0.18  0.59     0.01         0.04  0.06       1.00 -0.07
VIX           -0.39       -0.25    -0.46      -0.41 -0.46 -0.37 -0.40   -0.43  -0.15           0.03       0.05    -0.14   -0.35  -0.45   -0.14     0.03 -0.02 -0.09 -0.13 -0.17        0.03 -0.06  0.09 -0.01 -0.01    -0.08        -0.10 -0.02      -0.07  1.00


********************************************************************************
                                 END OF REPORT                                  
********************************************************************************


