
********************************************************************************
                    Risk report produced on 02/10/2023 22:52                    
********************************************************************************


Total risk across all strategies, annualised percentage 17.6
Percentage of capital used for margin 59.7%

========================================
Risk per strategy, annualised percentage
========================================

                  risk
dynamic_TF_carry  17.7


===================
Risk by asset class
===================

Ags        5.2
Bond      10.0
Equity     2.8
FX         6.7
Sector     2.8
Vol        1.8
dtype: float64


=====================================================
Beta loadings of asset class positions on asset class
=====================================================

Bond     -1.25
FX       -1.23
Equity   -0.09
Vol      -0.04
Sector    0.16
Ags       0.30
dtype: float64


========================================================
Beta loadings of full portfolio positions on asset class
========================================================

FX       -1.93
Bond     -1.75
Equity   -0.19
Vol      -0.07
Sector    0.19
Ags       0.39
dtype: float64


==================================================================================================================================================================================================================================================================
                                                                                                                         Instrument risk                                                                                                                          
==================================================================================================================================================================================================================================================================

              daily_price_stdev  annual_price_stdev     price  daily_perc_stdev  annual_perc_stdev  point_size_base  contract_exposure  daily_risk_per_contract  annual_risk_per_contract  position  capital  exposure_held_perc_capital  annual_risk_perc_capital
US20                      0.920              14.720    112.41              0.82               13.1            820.0              92177                      754                     12071        -1   390163                       -23.6                      -3.1
DAX                     134.335            2149.360  15349.00              0.88               14.0              0.9              13309                      116                      1863        -6   390163                       -20.5                      -2.9
BTP                       0.786              12.572    109.36              0.72               11.5            867.1              94827                      681                     10901        -1   390163                       -24.3                      -2.8
BUND                      0.763              12.205    127.77              0.60                9.6            867.1             110790                      661                     10583        -1   390163                       -28.4                      -2.7
US3                       0.185               2.964    102.89              0.18                2.9           1640.1             168755                      303                      4861        -2   390163                       -86.5                      -2.5
CHF                       0.005               0.073      1.10              0.42                6.7         102505.2             112719                      468                      7499        -1   390163                       -28.9                      -1.9
VIX                       0.545               8.723     18.35              2.97               47.5            820.0              15047                      447                      7153        -1   390163                        -3.9                      -1.8
JPY                       0.000               0.001      0.01              0.50                8.0       10250522.8              69314                      345                      5527        -1   390163                       -17.8                      -1.4
AUD                       0.004               0.067      0.64              0.66               10.5          82004.2              52335                      343                      5500        -1   390163                       -13.4                      -1.4
NASDAQ_micro            176.768            2828.291  14925.75              1.18               18.9              1.6              24479                      289                      4638        -1   390163                        -6.3                      -1.2
GBP                       0.006               0.090      1.21              0.46                7.4          51252.6              62051                      288                      4616        -1   390163                       -15.9                      -1.2
NZD                       0.003               0.055      0.59              0.58                9.2          82004.2              48763                      281                      4510        -1   390163                       -12.5                      -1.2
CNH                       0.019               0.310      7.30              0.27                4.3          11233.7              81984                      217                      3487         1   390163                        21.0                       0.9
SOYBEAN_mini             16.194             259.101   1277.12              1.27               20.3              8.2              10472                      132                      2124         2   390163                         5.4                       1.1
LEANHOG                   1.685              26.965     69.75              2.42               38.7            328.0              22879                      552                      8845         1   390163                         5.9                       2.3
NIKKEI                  290.503            4648.045  31870.00              0.91               14.6              0.5              17452                      159                      2545         4   390163                        17.9                       2.6
EU-OIL                    3.970              63.519    357.30              1.11               17.8             43.4              15490                      172                      2753         4   390163                        15.9                       2.8
LIVECOW                   1.345              21.525    188.50              0.71               11.4            328.0              61831                      441                      7060         2   390163                        31.7                       3.6

Sum of abs(notional exposure % capital) 379.8
Sum of abs(annualised risk % capital) 37.4
Net sum of annualised risk % capital -10.8 

==================================================================================================================================================
                                                                   Correlations                                                                   
==================================================================================================================================================

               CNH   VIX  EU-OIL  LEANHOG  LIVECOW  NIKKEI  SOYBEAN_mini   BTP  BUND  US20   US3   DAX  NASDAQ_micro   AUD   CHF   GBP   JPY   NZD
CNH           1.00  0.23   -0.10     0.07     0.01   -0.12         -0.18 -0.35 -0.40 -0.42 -0.48 -0.33         -0.40 -0.62 -0.47 -0.43 -0.52 -0.59
VIX           0.23  1.00   -0.35    -0.28    -0.39   -0.45         -0.24 -0.27 -0.20 -0.25 -0.11 -0.53         -0.62 -0.46 -0.17 -0.27 -0.14 -0.35
EU-OIL       -0.10 -0.35    1.00     0.27     0.22    0.42          0.18 -0.01 -0.12 -0.10 -0.04  0.49          0.13  0.28  0.10  0.13  0.05  0.21
LEANHOG       0.07 -0.28    0.27     1.00     0.37    0.18          0.18 -0.11 -0.19 -0.14 -0.18  0.29          0.16  0.21  0.03  0.08  0.02  0.18
LIVECOW       0.01 -0.39    0.22     0.37     1.00    0.19          0.11  0.05  0.01  0.01 -0.12  0.24          0.30  0.08 -0.00  0.03 -0.05 -0.01
NIKKEI       -0.12 -0.45    0.42     0.18     0.19    1.00          0.15  0.23  0.11  0.12 -0.07  0.63          0.56  0.34  0.15  0.21 -0.18  0.26
SOYBEAN_mini -0.18 -0.24    0.18     0.18     0.11    0.15          1.00  0.10  0.03  0.19 -0.04  0.11          0.17  0.38  0.23  0.26  0.13  0.32
BTP          -0.35 -0.27   -0.01    -0.11     0.05    0.23          0.10  1.00  0.92  0.72  0.57  0.48          0.41  0.34  0.43  0.46  0.48  0.34
BUND         -0.40 -0.20   -0.12    -0.19     0.01    0.11          0.03  0.92  1.00  0.77  0.68  0.35          0.39  0.28  0.37  0.40  0.47  0.29
US20         -0.42 -0.25   -0.10    -0.14     0.01    0.12          0.19  0.72  0.77  1.00  0.77  0.36          0.45  0.39  0.54  0.51  0.54  0.43
US3          -0.48 -0.11   -0.04    -0.18    -0.12   -0.07         -0.04  0.57  0.68  0.77  1.00  0.26          0.38  0.43  0.57  0.56  0.63  0.51
DAX          -0.33 -0.53    0.49     0.29     0.24    0.63          0.11  0.48  0.35  0.36  0.26  1.00          0.61  0.54  0.43  0.47  0.33  0.46
NASDAQ_micro -0.40 -0.62    0.13     0.16     0.30    0.56          0.17  0.41  0.39  0.45  0.38  0.61          1.00  0.58  0.39  0.51  0.27  0.52
AUD          -0.62 -0.46    0.28     0.21     0.08    0.34          0.38  0.34  0.28  0.39  0.43  0.54          0.58  1.00  0.68  0.72  0.58  0.90
CHF          -0.47 -0.17    0.10     0.03    -0.00    0.15          0.23  0.43  0.37  0.54  0.57  0.43          0.39  0.68  1.00  0.77  0.67  0.69
GBP          -0.43 -0.27    0.13     0.08     0.03    0.21          0.26  0.46  0.40  0.51  0.56  0.47          0.51  0.72  0.77  1.00  0.60  0.76
JPY          -0.52 -0.14    0.05     0.02    -0.05   -0.18          0.13  0.48  0.47  0.54  0.63  0.33          0.27  0.58  0.67  0.60  1.00  0.59
NZD          -0.59 -0.35    0.21     0.18    -0.01    0.26          0.32  0.34  0.29  0.43  0.51  0.46          0.52  0.90  0.69  0.76  0.59  1.00


********************************************************************************
                                 END OF REPORT                                  
********************************************************************************


