
********************************************************************************
               Risk report produced on 2021-10-15 20:56:52.583570               
********************************************************************************


Total risk across all strategies, annualised percentage 16.8

========================================
Risk per strategy, annualised percentage
========================================

                  risk
dynamic_TF_carry  16.9


=================================================================================================================================================================================================================================================================
                                                                                                                         Instrument risk                                                                                                                         
=================================================================================================================================================================================================================================================================

             daily_price_stdev  annual_price_stdev    price  daily_perc_stdev  annual_perc_stdev  point_size_base  contract_exposure  daily_risk_per_contract  annual_risk_per_contract  position   capital  exposure_held_perc_capital  annual_risk_perc_capital
US20                       0.9                15.0    159.3               0.6                9.4            726.3           115736.1                    680.5                   10887.6      -1.0  375151.6                       -30.9                      -2.9
GAS_US_mini                0.3                 4.5      5.7               4.9               78.8           1815.8            10295.7                    507.3                    8116.8      -1.0  375151.6                        -2.7                      -2.2
BTP                        0.5                 8.4    151.9               0.3                5.6            843.0           128047.3                    445.1                    7122.1      -1.0  375151.6                       -34.1                      -1.9
BUND                       0.5                 7.4    169.4               0.3                4.4            843.0           142790.9                    389.0                    6224.3      -1.0  375151.6                       -38.1                      -1.7
GBPEUR                     0.0                 0.0      0.8               0.3                5.6         125000.0           105468.8                    368.9                    5902.3      -1.0  375151.6                       -28.1                      -1.6
EU-HEALTH                  8.7               138.5   1013.0               0.9               13.7             42.1            42696.5                    364.8                    5836.5      -1.0  375151.6                       -11.4                      -1.6
JPY                        0.0                 0.0      0.0               0.4                6.3        9079122.7            79487.7                    314.2                    5027.3      -1.0  375151.6                       -21.2                      -1.3
KRWUSD                     0.0                 0.0      0.0               0.4                6.3       90791227.4            76664.1                    302.5                    4839.3      -1.0  375151.6                       -20.4                      -1.3
LIVECOW                    1.0                16.5    130.9               0.8               12.6            290.5            38037.9                    300.2                    4803.6      -1.0  375151.6                       -10.1                      -1.3
KR10                       0.4                 7.2    123.0               0.4                5.8            614.3            75576.5                    275.4                    4406.6      -1.0  375151.6                       -20.1                      -1.2
BRE                        0.0                 0.0      0.2               1.0               15.7          72633.0            13310.0                    130.3                    2084.4      -2.0  375151.6                        -7.1                      -1.1
BOBL                       0.2                 2.5    134.7               0.1                1.8            843.0           113548.2                    130.8                    2093.0      -1.0  375151.6                       -30.3                      -0.6
MXP                        0.0                 0.0      0.0               0.5                8.5         363164.9            17678.9                     94.2                    1507.8      -1.0  375151.6                        -4.7                      -0.4
US5                        0.2                 2.5    122.1               0.1                2.0            726.3            88691.7                    112.2                    1795.1       1.0  375151.6                        23.6                       0.5
MUMMY                     25.1               402.2   1118.0               2.2               36.0              6.4             7117.7                    160.0                    2560.3       1.0  375151.6                         1.9                       0.7
EURO600                    4.0                63.8    468.0               0.9               13.6             42.1            19725.5                    168.1                    2689.5       1.0  375151.6                         5.3                       0.7
RUSSELL                   26.0               415.2   2281.8               1.1               18.2              3.6             8286.7                     94.2                    1507.9       2.0  375151.6                         4.4                       0.8
EU-BANKS                   1.5                24.7    102.6               1.5               24.1             42.1             4324.4                     65.0                    1040.1       3.0  375151.6                         3.5                       0.8
EDOLLAR                    0.0                 0.6     98.5               0.0                0.6           1815.8           178795.2                     72.4                    1159.2       3.0  375151.6                       143.0                       0.9
FTSETAIWAN                16.3               260.1   1464.2               1.1               17.8             29.1            42541.1                    472.2                    7555.7       1.0  375151.6                        11.3                       2.0
LEANHOG                    1.7                26.6     80.7               2.1               32.9            290.5            23438.7                    482.7                    7722.5       1.0  375151.6                         6.2                       2.1
EU-OIL                     3.5                55.7    293.0               1.2               19.0             42.1            12349.5                    146.9                    2349.7       4.0  375151.6                        13.2                       2.5
FTSECHINAA               213.0              3407.4  15966.0               1.3               21.3              0.7            11596.6                    154.7                    2474.9       4.0  375151.6                        12.4                       2.6
BRENT-LAST                 1.0                16.2     84.0               1.2               19.3            726.3            60997.2                    735.5                   11768.2       1.0  375151.6                        16.3                       3.1
HEATOIL                    0.0                 0.5      2.6               1.2               18.7          30505.9            77866.2                    910.0                   14560.5       1.0  375151.6                        20.8                       3.9
BITCOIN                 2585.1             41361.3  60775.0               4.3               68.1              0.1             4414.3                    187.8                    3004.2       5.0  375151.6                         5.9                       4.0
AEX                        7.7               123.5    797.4               1.0               15.5            168.6           134445.5                   1301.2                   20818.6       1.0  375151.6                        35.8                       5.5

Sum of abs(notional exposure % capital) 562.8
Sum of abs(annualised risk % capital) 49.1
Net sum of annualised risk % capital 11.3 

===========================================================================================================================================================================================================================================
                                                                                                               Correlations                                                                                                                
===========================================================================================================================================================================================================================================

              AEX  BITCOIN  BOBL   BRE  BRENT-LAST   BTP  BUND  EDOLLAR  EU-BANKS  EU-HEALTH  EU-OIL  EURO600  FTSECHINAA  FTSETAIWAN  GAS_US_mini  GBPEUR  HEATOIL   JPY  KR10  KRWUSD  LEANHOG  LIVECOW  MUMMY   MXP  RUSSELL  US20   US5
AEX          1.00     0.15  0.18  0.09        0.03 -0.07 -0.05    -0.02     -0.04      -0.14    0.05    -0.04        0.09        0.15         0.08   -0.15     0.03 -0.01 -0.01    0.14    -0.26    -0.12   0.29  0.11    -0.11  0.16  0.01
BITCOIN      0.15     1.00  0.77 -0.07       -0.38 -0.09 -0.14     0.59     -0.33      -0.20   -0.00     0.15        0.71        0.39         0.76    0.04    -0.28  0.01 -0.26   -0.04    -0.19    -0.07   0.11 -0.08    -0.08  0.64 -0.07
BOBL         0.18     0.77  1.00 -0.03       -0.28 -0.11 -0.10     0.43     -0.23      -0.13    0.07     0.13        0.60        0.72         0.63    0.08    -0.20 -0.01 -0.13    0.06    -0.11    -0.10   0.21  0.00    -0.01  0.95 -0.02
BRE          0.09    -0.07 -0.03  1.00        0.11 -0.18 -0.05     0.09      0.11      -0.03   -0.12    -0.00       -0.05       -0.05        -0.05    0.01     0.14 -0.11  0.06    0.05     0.07     0.08  -0.09  0.03     0.09 -0.04 -0.06
BRENT-LAST   0.03    -0.38 -0.28  0.11        1.00  0.14  0.22    -0.24      0.81       0.26    0.17     0.16       -0.31       -0.08        -0.25    0.10     0.51 -0.17  0.52    0.43     0.33     0.15   0.00  0.23     0.01 -0.20 -0.04
BTP         -0.07    -0.09 -0.11 -0.18        0.14  1.00  0.14     0.03      0.24       0.22    0.19     0.18       -0.08       -0.08        -0.07    0.26     0.15 -0.07  0.36    0.38     0.28     0.19  -0.09  0.18     0.04 -0.08  0.11
BUND        -0.05    -0.14 -0.10 -0.05        0.22  0.14  1.00    -0.12      0.13       0.32    0.10    -0.18       -0.14        0.09        -0.14    0.07     0.15 -0.02  0.14    0.18     0.14    -0.04   0.02  0.01     0.09 -0.05  0.22
EDOLLAR     -0.02     0.59  0.43  0.09       -0.24  0.03 -0.12     1.00     -0.23      -0.08   -0.15     0.42        0.64        0.13         0.65    0.09    -0.22  0.04 -0.25   -0.10    -0.24    -0.12   0.02 -0.04     0.04  0.35 -0.13
EU-BANKS    -0.04    -0.33 -0.23  0.11        0.81  0.24  0.13    -0.23      1.00       0.21    0.19     0.12       -0.21       -0.08        -0.18    0.19     0.48 -0.25  0.42    0.37     0.33     0.13   0.02  0.23     0.06 -0.15 -0.00
EU-HEALTH   -0.14    -0.20 -0.13 -0.03        0.26  0.22  0.32    -0.08      0.21       1.00    0.45     0.06       -0.16        0.03        -0.13    0.54     0.14 -0.01  0.28    0.28     0.16     0.22  -0.03  0.11     0.07 -0.12  0.12
EU-OIL       0.05    -0.00  0.07 -0.12        0.17  0.19  0.10    -0.15      0.19       0.45    1.00     0.05       -0.05        0.13        -0.03    0.53     0.17 -0.08  0.36    0.36     0.17     0.15   0.04  0.20     0.11  0.11  0.12
EURO600     -0.04     0.15  0.13 -0.00        0.16  0.18 -0.18     0.42      0.12       0.06    0.05     1.00        0.30        0.08         0.34    0.16     0.18 -0.09  0.22    0.22     0.12     0.08   0.09  0.42    -0.05  0.11 -0.11
FTSECHINAA   0.09     0.71  0.60 -0.05       -0.31 -0.08 -0.14     0.64     -0.21      -0.16   -0.05     0.30        1.00        0.25         0.96   -0.01    -0.23  0.12 -0.23   -0.15    -0.22    -0.10   0.01 -0.17     0.08  0.58 -0.10
FTSETAIWAN   0.15     0.39  0.72 -0.05       -0.08 -0.08  0.09     0.13     -0.08       0.03    0.13     0.08        0.25        1.00         0.30    0.12     0.03 -0.13  0.10    0.17     0.03    -0.01   0.34  0.27     0.01  0.70  0.04
GAS_US_mini  0.08     0.76  0.63 -0.05       -0.25 -0.07 -0.14     0.65     -0.18      -0.13   -0.03     0.34        0.96        0.30         1.00    0.03    -0.18  0.09 -0.16   -0.10    -0.18    -0.09   0.05 -0.08     0.09  0.60 -0.13
GBPEUR      -0.15     0.04  0.08  0.01        0.10  0.26  0.07     0.09      0.19       0.54    0.53     0.16       -0.01        0.12         0.03    1.00     0.19 -0.08  0.34    0.48     0.32     0.20   0.04  0.31     0.13  0.08  0.15
HEATOIL      0.03    -0.28 -0.20  0.14        0.51  0.15  0.15    -0.22      0.48       0.14    0.17     0.18       -0.23        0.03        -0.18    0.19     1.00 -0.17  0.54    0.39     0.22     0.16   0.24  0.54     0.06 -0.14  0.05
JPY         -0.01     0.01 -0.01 -0.11       -0.17 -0.07 -0.02     0.04     -0.25      -0.01   -0.08    -0.09        0.12       -0.13         0.09   -0.08    -0.17  1.00 -0.10   -0.19    -0.32    -0.06  -0.06 -0.13     0.07 -0.01 -0.07
KR10        -0.01    -0.26 -0.13  0.06        0.52  0.36  0.14    -0.25      0.42       0.28    0.36     0.22       -0.23        0.10        -0.16    0.34     0.54 -0.10  1.00    0.61     0.36     0.25   0.12  0.47     0.16 -0.02  0.02
KRWUSD       0.14    -0.04  0.06  0.05        0.43  0.38  0.18    -0.10      0.37       0.28    0.36     0.22       -0.15        0.17        -0.10    0.48     0.39 -0.19  0.61    1.00     0.59     0.18   0.25  0.43     0.17  0.08  0.11
LEANHOG     -0.26    -0.19 -0.11  0.07        0.33  0.28  0.14    -0.24      0.33       0.16    0.17     0.12       -0.22        0.03        -0.18    0.32     0.22 -0.32  0.36    0.59     1.00     0.15   0.06  0.26     0.17 -0.08  0.16
LIVECOW     -0.12    -0.07 -0.10  0.08        0.15  0.19 -0.04    -0.12      0.13       0.22    0.15     0.08       -0.10       -0.01        -0.09    0.20     0.16 -0.06  0.25    0.18     0.15     1.00   0.05  0.20     0.05 -0.11  0.05
MUMMY        0.29     0.11  0.21 -0.09        0.00 -0.09  0.02     0.02      0.02      -0.03    0.04     0.09        0.01        0.34         0.05    0.04     0.24 -0.06  0.12    0.25     0.06     0.05   1.00  0.52    -0.03  0.21 -0.01
MXP          0.11    -0.08  0.00  0.03        0.23  0.18  0.01    -0.04      0.23       0.11    0.20     0.42       -0.17        0.27        -0.08    0.31     0.54 -0.13  0.47    0.43     0.26     0.20   0.52  1.00    -0.05  0.04  0.02
RUSSELL     -0.11    -0.08 -0.01  0.09        0.01  0.04  0.09     0.04      0.06       0.07    0.11    -0.05        0.08        0.01         0.09    0.13     0.06  0.07  0.16    0.17     0.17     0.05  -0.03 -0.05     1.00  0.07  0.09
US20         0.16     0.64  0.95 -0.04       -0.20 -0.08 -0.05     0.35     -0.15      -0.12    0.11     0.11        0.58        0.70         0.60    0.08    -0.14 -0.01 -0.02    0.08    -0.08    -0.11   0.21  0.04     0.07  1.00 -0.02
US5          0.01    -0.07 -0.02 -0.06       -0.04  0.11  0.22    -0.13     -0.00       0.12    0.12    -0.11       -0.10        0.04        -0.13    0.15     0.05 -0.07  0.02    0.11     0.16     0.05  -0.01  0.02     0.09 -0.02  1.00


********************************************************************************
                               END OF RISK REPORT                               
********************************************************************************


