
********************************************************************************
                    Risk report produced on 16/01/2024 22:51                    
********************************************************************************


Total risk across all strategies, annualised percentage 8.7
Percentage of capital used for margin 59.4%

========================================
Risk per strategy, annualised percentage
========================================

                  risk
dynamic_TF_carry   8.7


===================
Risk by asset class
===================

Ags       1.8
Bond      2.1
Equity    5.2
FX        4.3
Metals    2.2
OilGas    1.2
Vol       1.5
dtype: float64


=====================================================
Beta loadings of asset class positions on asset class
=====================================================

FX       -0.25
Ags      -0.07
Vol      -0.03
OilGas   -0.02
Metals    0.05
Bond      0.21
Equity    0.45
dtype: float64


========================================================
Beta loadings of full portfolio positions on asset class
========================================================

Bond     -0.16
Vol      -0.15
FX       -0.13
Ags       0.01
OilGas    0.01
Metals    0.03
Equity    0.69
dtype: float64


==================================================================================================================================================================================================================================================================
                                                                                                                         Instrument risk                                                                                                                          
==================================================================================================================================================================================================================================================================

              daily_price_stdev  annual_price_stdev     price  daily_perc_stdev  annual_perc_stdev  point_size_base  contract_exposure  daily_risk_per_contract  annual_risk_per_contract  position  capital  exposure_held_perc_capital  annual_risk_perc_capital
JPY                       0.000               0.001      0.01              0.69               11.0        9866136.3              67676                      467                      7477        -2   365333                       -37.0                      -4.1
LEANHOG                   1.277              20.434     77.55              1.65               26.3            315.7              24483                      403                      6451        -1   365333                        -6.7                      -1.8
VIX                       0.432               6.914     15.10              2.86               45.8            789.3              11918                      341                      5457        -1   365333                        -3.3                      -1.5
BOBL                      0.327               5.226    118.08              0.28                4.4            861.6             101733                      281                      4502        -1   365333                       -27.8                      -1.2
GAS_US_mini               0.134               2.151      2.86              4.69               75.1           1973.2               5653                      265                      4244        -1   365333                        -1.5                      -1.2
GOLD_micro               15.991             255.852   2052.70              0.78               12.5              7.9              16201                      126                      2019        -2   365333                        -8.9                      -1.1
RUSSELL                  26.299             420.790   1938.30              1.36               21.7              3.9               7649                      103                      1660        -2   365333                        -4.2                      -0.9
EUR_micro                 0.005               0.079      1.09              0.45                7.3           9866.1              10755                       48                       782        -2   365333                        -5.9                      -0.4
FTSECHINAA              112.065            1793.046  10970.00              1.02               16.3              0.8               8658                       88                      1415        -1   365333                        -2.4                      -0.4
COPPER-micro              0.045               0.716      3.77              1.19               19.0           1973.2               7434                       88                      1412        -1   365333                        -2.0                      -0.4
BITCOIN                1255.022           20080.348  43370.00              2.89               46.3              0.1               3423                       99                      1584         3   365333                         2.8                       1.3
MXP                       0.000               0.007      0.06              0.72               11.6         394645.5              22680                      163                      2619         2   365333                        12.4                       1.4
IRON                      2.128              34.048    126.50              1.68               26.9             78.9               9984                      167                      2687         2   365333                         5.5                       1.5
FTSETAIWAN               10.970             175.520   1499.75              0.73               11.7             31.6              47349                      346                      5541         1   365333                        13.0                       1.5
NIKKEI                  329.633            5274.135  35650.00              0.92               14.8              0.5              19260                      178                      2849         2   365333                        10.5                       1.6
CAC                      54.563             873.006   7391.50              0.74               11.8              8.6              63682                      470                      7521         1   365333                        17.4                       2.1
R1000                    12.446             199.130   1613.40              0.77               12.3             39.5              63672                      491                      7858         1   365333                        17.4                       2.2
KR10                      0.502               8.037    113.95              0.44                7.1            592.8              67544                      297                      4764         2   365333                        37.0                       2.6

Sum of abs(notional exposure % capital) 215.7
Sum of abs(annualised risk % capital) 27.2
Net sum of annualised risk % capital 1.2 

==========================================================================================================================================================================
                                                                               Correlations                                                                               
==========================================================================================================================================================================

              GAS_US_mini  LEANHOG   CAC  COPPER-micro  EUR_micro  FTSECHINAA  FTSETAIWAN  IRON   MXP  NIKKEI  R1000  RUSSELL  BOBL  GOLD_micro   JPY  KR10  BITCOIN   VIX
GAS_US_mini          1.00     0.18 -0.01         -0.08      -0.06        0.13        0.03 -0.05  0.05    0.30   0.07    -0.01 -0.17       -0.03 -0.33  0.01    -0.07 -0.16
LEANHOG              0.18     1.00  0.26          0.15       0.20        0.09        0.14  0.14  0.11    0.25   0.30     0.29  0.05       -0.12  0.04  0.10    -0.15 -0.29
CAC                 -0.01     0.26  1.00          0.35       0.42        0.24        0.53  0.20  0.51    0.55   0.71     0.68  0.18       -0.03  0.16  0.37     0.08 -0.63
COPPER-micro        -0.08     0.15  0.35          1.00       0.46        0.43        0.46  0.45  0.45    0.14   0.41     0.46  0.10        0.38  0.47  0.14     0.11 -0.29
EUR_micro           -0.06     0.20  0.42          0.46       1.00        0.25        0.40  0.15  0.41    0.25   0.51     0.51  0.15        0.35  0.43  0.29     0.03 -0.26
FTSECHINAA           0.13     0.09  0.24          0.43       0.25        1.00        0.37  0.31  0.35    0.21   0.16     0.17 -0.07        0.19  0.17  0.00    -0.04 -0.29
FTSETAIWAN           0.03     0.14  0.53          0.46       0.40        0.37        1.00  0.31  0.33    0.50   0.60     0.56  0.10        0.11  0.29  0.28     0.09 -0.54
IRON                -0.05     0.14  0.20          0.45       0.15        0.31        0.31  1.00  0.25    0.13   0.20     0.19  0.04        0.22  0.18  0.02     0.18 -0.20
MXP                  0.05     0.11  0.51          0.45       0.41        0.35        0.33  0.25  1.00    0.43   0.51     0.48 -0.05        0.19  0.15 -0.02    -0.05 -0.48
NIKKEI               0.30     0.25  0.55          0.14       0.25        0.21        0.50  0.13  0.43    1.00   0.56     0.49 -0.05        0.08 -0.18  0.21    -0.09 -0.55
R1000                0.07     0.30  0.71          0.41       0.51        0.16        0.60  0.20  0.51    0.56   1.00     0.90  0.25        0.19  0.27  0.32     0.04 -0.68
RUSSELL             -0.01     0.29  0.68          0.46       0.51        0.17        0.56  0.19  0.48    0.49   0.90     1.00  0.30        0.16  0.35  0.32     0.06 -0.63
BOBL                -0.17     0.05  0.18          0.10       0.15       -0.07        0.10  0.04 -0.05   -0.05   0.25     0.30  1.00        0.33  0.46  0.60     0.20 -0.02
GOLD_micro          -0.03    -0.12 -0.03          0.38       0.35        0.19        0.11  0.22  0.19    0.08   0.19     0.16  0.33        1.00  0.45  0.13     0.04  0.10
JPY                 -0.33     0.04  0.16          0.47       0.43        0.17        0.29  0.18  0.15   -0.18   0.27     0.35  0.46        0.45  1.00  0.35    -0.02 -0.08
KR10                 0.01     0.10  0.37          0.14       0.29        0.00        0.28  0.02 -0.02    0.21   0.32     0.32  0.60        0.13  0.35  1.00     0.10 -0.30
BITCOIN             -0.07    -0.15  0.08          0.11       0.03       -0.04        0.09  0.18 -0.05   -0.09   0.04     0.06  0.20        0.04 -0.02  0.10     1.00 -0.15
VIX                 -0.16    -0.29 -0.63         -0.29      -0.26       -0.29       -0.54 -0.20 -0.48   -0.55  -0.68    -0.63 -0.02        0.10 -0.08 -0.30    -0.15  1.00


********************************************************************************
                                 END OF REPORT                                  
********************************************************************************


