
********************************************************************************
                    Risk report produced on 05/08/2025 22:54                    
********************************************************************************


Total risk across all strategies, annualised percentage 10.7
Percentage of capital used for margin 49.7%

========================================
Risk per strategy, annualised percentage
========================================

                  risk
dynamic_TF_carry  10.7


===================
Risk by asset class
===================

Ags       3.8
Bond      2.4
Equity    6.4
FX        2.7
OilGas    2.9
dtype: float64


=====================================================
Beta loadings of asset class positions on asset class
=====================================================

OilGas   -0.05
FX        0.08
Ags       0.18
Equity    0.48
Bond      0.54
dtype: float64


========================================================
Beta loadings of full portfolio positions on asset class
========================================================

OilGas   -0.06
Bond      0.07
Ags       0.21
FX        0.40
Equity    0.55
dtype: float64


=================================================================================================================================================================================================================================================================
                                                                                                                         Instrument risk                                                                                                                         
=================================================================================================================================================================================================================================================================

             daily_price_stdev  annual_price_stdev     price  daily_perc_stdev  annual_perc_stdev  point_size_base  contract_exposure  daily_risk_per_contract  annual_risk_per_contract  position  capital  exposure_held_perc_capital  annual_risk_perc_capital
GAS-PEN                  0.107               1.719      2.92              3.68               58.9           7533.5              21990                      809                     12949        -1   555498                        -4.0                      -2.3
DAX                    226.271            3620.336  23810.00              0.95               15.2              0.9              20710                      196                      3149        -3   555498                       -11.2                      -1.7
JPY                      0.000               0.001      0.01              0.73               11.7        9416905.2              64388                      469                      7510        -1   555498                       -11.6                      -1.4
DOW                    345.385            5526.157  44301.00              0.78               12.5              0.4              16687                      130                      2081        -3   555498                        -9.0                      -1.1
WHEAT                    7.503             120.051    536.75              1.40               22.4             37.7              20218                      282                      4522        -1   555498                        -3.6                      -0.8
RICE                     0.147               2.347     12.31              1.19               19.1           1506.7              18547                      220                      3535        -1   555498                        -3.3                      -0.6
GAS_US_mini              0.110               1.768      2.94              3.76               60.1           1883.4               5537                      208                      3329        -1   555498                        -1.0                      -0.6
KRWUSD_mini              0.004               0.068      0.72              0.59                9.5          18833.8              13562                       80                      1282        -2   555498                        -4.9                      -0.5
MUMMY                    9.014             144.224    764.00              1.18               18.9              5.1               3911                       46                       738         1   555498                         0.7                       0.1
MXP                      0.000               0.005      0.05              0.54                8.7         376676.2              19809                      107                      1725         1   555498                         3.6                       0.3
CANOLA                   9.985             159.766    682.50              1.46               23.4             10.9               7457                      109                      1745         1   555498                         1.3                       0.3
KOSDAQ                  22.415             358.640   1341.90              1.67               26.7              5.4               7224                      120                      1930         1   555498                         1.3                       0.3
KR10                     0.329               5.268    118.90              0.28                4.4            538.4              64011                      177                      2836         1   555498                        11.5                       0.5
MSCISING                 4.002              64.038    423.40              0.95               15.1             58.5              24760                      234                      3745         1   555498                         4.5                       0.7
NIKKEI                 469.664            7514.628  40590.00              1.16               18.5              0.5              20780                      240                      3847         1   555498                         3.7                       0.7
NZD                      0.003               0.052      0.59              0.55                8.8          75335.2              44519                      244                      3907         1   555498                         8.0                       0.7
HANG_mini              266.213            4259.403  24761.00              1.08               17.2              1.0              23762                      255                      4087         1   555498                         4.3                       0.7
LEANHOG                  1.126              18.020     90.85              1.24               19.8            301.3              27376                      339                      5430         1   555498                         4.9                       1.0
BUND                     0.422               6.760    130.27              0.32                5.2            869.8             113310                      367                      5879         1   555498                        20.4                       1.1
BTP                      0.425               6.806    121.32              0.35                5.6            869.8             105525                      370                      5920         1   555498                        19.0                       1.1
YENEUR                   0.855              13.672    169.67              0.50                8.1            639.9             108580                      546                      8749         1   555498                        19.5                       1.6
SPI200                  55.197             883.155   8715.00              0.63               10.1             12.2             106013                      671                     10743         1   555498                        19.1                       1.9
FEEDCOW                  3.136              50.173    334.02              0.94               15.0            376.7             125819                     1181                     18899         1   555498                        22.6                       3.4
MIB                    415.670            6650.715  40790.00              1.02               16.3              4.3             177397                     1807                     28924         1   555498                        31.9                       5.2

Sum of abs(notional exposure % capital) 224.9
Sum of abs(annualised risk % capital) 28.6
Net sum of annualised risk % capital 10.6 

=======================================================================================================================================================================================================
                                                                                             Correlations                                                                                              
=======================================================================================================================================================================================================

             CANOLA  GAS-PEN  GAS_US_mini  WHEAT  YENEUR  RICE   BTP  BUND   JPY  KR10   DAX   DOW  FEEDCOW  HANG_mini  KOSDAQ  KRWUSD_mini  LEANHOG   MIB  MSCISING  MUMMY   MXP  NIKKEI   NZD  SPI200
CANOLA         1.00     0.21         0.17   0.31    0.09 -0.18  0.04  0.03 -0.09 -0.08 -0.14 -0.03    -0.13       0.20    0.06         0.14     0.18 -0.02     -0.03  -0.04 -0.01    0.08  0.01    0.04
GAS-PEN        0.21     1.00         0.97   0.27    0.10 -0.07 -0.21 -0.13 -0.18 -0.27 -0.13 -0.02    -0.04      -0.01   -0.05        -0.11    -0.25 -0.14      0.05  -0.12 -0.19   -0.07 -0.13   -0.14
GAS_US_mini    0.17     0.97         1.00   0.27    0.13 -0.07 -0.19 -0.14 -0.15 -0.27 -0.06 -0.05    -0.03       0.00   -0.03        -0.07    -0.26 -0.08      0.10  -0.10 -0.15   -0.04 -0.08   -0.10
WHEAT          0.31     0.27         0.27   1.00   -0.07  0.04  0.08  0.13  0.20 -0.22 -0.01 -0.10    -0.08       0.12   -0.04         0.17     0.17  0.02     -0.06  -0.04  0.10   -0.03  0.21   -0.07
YENEUR         0.09     0.10         0.13  -0.07    1.00 -0.09 -0.36 -0.51 -0.57 -0.30  0.06 -0.02     0.12       0.13    0.24        -0.04    -0.08  0.07      0.15   0.13  0.32    0.34  0.04   -0.04
RICE          -0.18    -0.07        -0.07   0.04   -0.09  1.00  0.00  0.02  0.08  0.02 -0.09 -0.20    -0.02      -0.08   -0.15        -0.02     0.20 -0.10     -0.16  -0.01 -0.10   -0.24 -0.03   -0.15
BTP            0.04    -0.21        -0.19   0.08   -0.36  0.00  1.00  0.88  0.40  0.60  0.24  0.20     0.04       0.18    0.17         0.37     0.23  0.22      0.14   0.20  0.19    0.17  0.41    0.39
BUND           0.03    -0.13        -0.14   0.13   -0.51  0.02  0.88  1.00  0.47  0.58 -0.09  0.07    -0.13       0.06   -0.03         0.23     0.10 -0.12     -0.15  -0.01  0.01   -0.11  0.28    0.15
JPY           -0.09    -0.18        -0.15   0.20   -0.57  0.08  0.40  0.47  1.00  0.35  0.10 -0.05    -0.11       0.11   -0.07         0.49     0.14  0.01     -0.14  -0.07 -0.01   -0.22  0.58    0.11
KR10          -0.08    -0.27        -0.27  -0.22   -0.30  0.02  0.60  0.58  0.35  1.00  0.10  0.01    -0.06       0.10    0.14         0.35    -0.02  0.02      0.01  -0.06  0.04   -0.04  0.25    0.19
DAX           -0.14    -0.13        -0.06  -0.01    0.06 -0.09  0.24 -0.09  0.10  0.10  1.00  0.34     0.34       0.29    0.48         0.39     0.32  0.92      0.76   0.63  0.23    0.67  0.47    0.70
DOW           -0.03    -0.02        -0.05  -0.10   -0.02 -0.20  0.20  0.07 -0.05  0.01  0.34  1.00     0.27       0.17    0.30         0.08     0.10  0.29      0.31   0.31  0.27    0.45  0.15    0.52
FEEDCOW       -0.13    -0.04        -0.03  -0.08    0.12 -0.02  0.04 -0.13 -0.11 -0.06  0.34  0.27     1.00       0.22    0.30         0.12     0.17  0.40      0.28   0.32  0.27    0.36  0.14    0.31
HANG_mini      0.20    -0.01         0.00   0.12    0.13 -0.08  0.18  0.06  0.11  0.10  0.29  0.17     0.22       1.00    0.50         0.38     0.20  0.28      0.16   0.30  0.41    0.22  0.44    0.26
KOSDAQ         0.06    -0.05        -0.03  -0.04    0.24 -0.15  0.17 -0.03 -0.07  0.14  0.48  0.30     0.30       0.50    1.00         0.38     0.13  0.47      0.46   0.48  0.36    0.56  0.37    0.49
KRWUSD_mini    0.14    -0.11        -0.07   0.17   -0.04 -0.02  0.37  0.23  0.49  0.35  0.39  0.08     0.12       0.38    0.38         1.00     0.26  0.34      0.30   0.27  0.28    0.26  0.69    0.49
LEANHOG        0.18    -0.25        -0.26   0.17   -0.08  0.20  0.23  0.10  0.14 -0.02  0.32  0.10     0.17       0.20    0.13         0.26     1.00  0.41      0.18   0.44  0.17    0.25  0.28    0.34
MIB           -0.02    -0.14        -0.08   0.02    0.07 -0.10  0.22 -0.12  0.01  0.02  0.92  0.29     0.40       0.28    0.47         0.34     0.41  1.00      0.76   0.62  0.22    0.70  0.40    0.67
MSCISING      -0.03     0.05         0.10  -0.06    0.15 -0.16  0.14 -0.15 -0.14  0.01  0.76  0.31     0.28       0.16    0.46         0.30     0.18  0.76      1.00   0.62  0.18    0.68  0.32    0.72
MUMMY         -0.04    -0.12        -0.10  -0.04    0.13 -0.01  0.20 -0.01 -0.07 -0.06  0.63  0.31     0.32       0.30    0.48         0.27     0.44  0.62      0.62   1.00  0.27    0.70  0.32    0.64
MXP           -0.01    -0.19        -0.15   0.10    0.32 -0.10  0.19  0.01 -0.01  0.04  0.23  0.27     0.27       0.41    0.36         0.28     0.17  0.22      0.18   0.27  1.00    0.30  0.28    0.30
NIKKEI         0.08    -0.07        -0.04  -0.03    0.34 -0.24  0.17 -0.11 -0.22 -0.04  0.67  0.45     0.36       0.22    0.56         0.26     0.25  0.70      0.68   0.70  0.30    1.00  0.34    0.68
NZD            0.01    -0.13        -0.08   0.21    0.04 -0.03  0.41  0.28  0.58  0.25  0.47  0.15     0.14       0.44    0.37         0.69     0.28  0.40      0.32   0.32  0.28    0.34  1.00    0.42
SPI200         0.04    -0.14        -0.10  -0.07   -0.04 -0.15  0.39  0.15  0.11  0.19  0.70  0.52     0.31       0.26    0.49         0.49     0.34  0.67      0.72   0.64  0.30    0.68  0.42    1.00


********************************************************************************
                                 END OF REPORT                                  
********************************************************************************


