
********************************************************************************
                    Risk report produced on 21/06/2023 22:52                    
********************************************************************************


Total risk across all strategies, annualised percentage 13.1
Percentage of capital used for margin 65.9%

========================================
Risk per strategy, annualised percentage
========================================

                  risk
dynamic_TF_carry  13.1


===================
Risk by asset class
===================

Ags       3.6
Bond      1.6
Equity    4.1
FX        5.2
Metals    0.4
OilGas    6.0
Sector    3.0
Vol       2.6
dtype: float64


=====================================================
Beta loadings of asset class positions on asset class
=====================================================

Bond     -0.47
FX       -0.26
OilGas   -0.07
Vol      -0.05
Metals    0.01
Ags       0.02
Sector    0.17
Equity    0.25
dtype: float64


========================================================
Beta loadings of full portfolio positions on asset class
========================================================

Bond     -1.45
Vol      -0.20
OilGas   -0.02
Metals   -0.01
FX        0.08
Ags       0.16
Sector    0.32
Equity    0.36
dtype: float64


=================================================================================================================================================================================================================================================================
                                                                                                                         Instrument risk                                                                                                                         
=================================================================================================================================================================================================================================================================

             daily_price_stdev  annual_price_stdev     price  daily_perc_stdev  annual_perc_stdev  point_size_base  contract_exposure  daily_risk_per_contract  annual_risk_per_contract  position  capital  exposure_held_perc_capital  annual_risk_perc_capital
GAS-PEN                  0.141               2.260      2.57              5.50               87.9           7830.2              20123                     1106                     17696        -1   350346                        -5.7                      -5.1
CHF                      0.006               0.088      1.13              0.49                7.8          97878.0             110597                      540                      8652        -1   350346                       -31.6                      -2.5
LEANHOG                  1.567              25.073     94.80              1.65               26.4            313.2              29692                      490                      7852        -1   350346                        -8.5                      -2.2
JPY                      0.000               0.001      0.01              0.58                9.2        9787800.5              69997                      402                      6446        -1   350346                       -20.0                      -1.8
VIX                      0.509               8.145     17.55              2.90               46.4            783.0              13742                      398                      6377        -1   350346                        -3.9                      -1.8
US3                      0.230               3.678    104.69              0.22                3.5           1566.0             163951                      359                      5759        -1   350346                       -46.8                      -1.6
GAS_US_mini              0.130               2.087      2.66              4.91               78.6           1957.6               5197                      255                      4084        -1   350346                        -1.5                      -1.2
DOW                    271.138            4338.201  34314.00              0.79               12.6              0.4              13434                      106                      1698        -2   350346                        -7.7                      -1.0
V2X                      0.577               9.228     16.30              3.54               56.6             85.5               1392                       49                       788        -4   350346                        -1.6                      -0.9
RUSSELL                 25.582             409.318   1886.80              1.36               21.7              3.9               7387                      100                      1602        -1   350346                        -2.1                      -0.5
REDWHEAT                19.123             305.966    872.00              2.19               35.1             39.2              34139                      748                     11978         0   350346                         0.0                       0.0
EU-BANKS                 1.439              23.031    104.45              1.38               22.0             42.7               4462                       61                       984         1   350346                         1.3                       0.3
BITCOIN               1031.621           16505.943  30230.00              3.41               54.6              0.1               2367                       80                      1292         1   350346                         0.7                       0.4
MXP                      0.000               0.005      0.06              0.52                8.3         391512.0              22472                      116                      1869         1   350346                         6.4                       0.5
BRE                      0.002               0.024      0.21              0.73               11.6          78302.4              16404                      118                      1903         1   350346                         4.7                       0.5
GBP                      0.006               0.102      1.28              0.50                8.0          48939.0              62573                      311                      4989         1   350346                        17.9                       1.4
EU-AUTO                  8.095             129.515    633.90              1.28               20.4             42.7              27085                      345                      5533         1   350346                         7.7                       1.6
NIKKEI                 328.418            5254.689  33435.00              0.98               15.7              0.6              18468                      181                      2902         2   350346                        10.5                       1.7
EU-OIL                   4.258              68.131    335.20              1.27               20.3             42.7              14322                      181                      2911         2   350346                         8.2                       1.7
FTSETAIWAN              12.815             205.045   1482.50              0.86               13.8             31.3              46433                      401                      6422         1   350346                        13.3                       1.8
CAC                     63.315            1013.033   7383.00              0.86               13.7              8.5              63091                      541                      8656         1   350346                        18.0                       2.5
CNH                      0.019               0.311      7.18              0.27                4.3          10879.2              78160                      211                      3380         3   350346                        66.9                       2.9
LIVECOW                  1.281              20.494    169.62              0.76               12.1            313.2              53128                      401                      6419         2   350346                        30.3                       3.7

Sum of abs(notional exposure % capital) 315.3
Sum of abs(annualised risk % capital) 37.6
Net sum of annualised risk % capital 0.4 

================================================================================================================================================================================================
                                                                                          Correlations                                                                                          
================================================================================================================================================================================================

              CAC   DOW  EU-AUTO  EU-BANKS  EU-OIL  FTSETAIWAN   MXP  NIKKEI  RUSSELL  BITCOIN   BRE   CHF  GAS-PEN  GAS_US_mini   GBP  LEANHOG  LIVECOW   CNH  REDWHEAT   V2X   VIX   JPY   US3
CAC          1.00  0.78     0.68      0.70    0.56        0.53  0.48    0.66     0.70     0.30  0.32  0.33     0.25         0.23  0.47     0.23     0.35 -0.26     -0.10 -0.63 -0.64  0.05 -0.10
DOW          0.78  1.00     0.52      0.51    0.49        0.56  0.44    0.63     0.82     0.44  0.24  0.30     0.27         0.24  0.48     0.16     0.43 -0.24     -0.01 -0.60 -0.69  0.03 -0.04
EU-AUTO      0.68  0.52     1.00      0.77    0.49        0.49  0.56    0.58     0.57     0.05  0.28  0.13     0.13         0.19  0.18     0.16     0.36 -0.04     -0.09 -0.67 -0.64 -0.13 -0.37
EU-BANKS     0.70  0.51     0.77      1.00    0.57        0.43  0.60    0.57     0.58     0.05  0.37  0.18     0.20         0.20  0.18     0.20     0.41 -0.09     -0.09 -0.74 -0.72 -0.10 -0.46
EU-OIL       0.56  0.49     0.49      0.57    1.00        0.46  0.54    0.54     0.55     0.14  0.47  0.03     0.26         0.32  0.16     0.00     0.31 -0.11      0.11 -0.56 -0.52 -0.12 -0.28
FTSETAIWAN   0.53  0.56     0.49      0.43    0.46        1.00  0.47    0.66     0.55     0.23  0.34  0.27     0.20         0.26  0.45     0.03     0.23 -0.32      0.07 -0.54 -0.51  0.08 -0.09
MXP          0.48  0.44     0.56      0.60    0.54        0.47  1.00    0.54     0.52     0.14  0.46  0.14     0.07         0.09  0.23     0.04     0.29 -0.03      0.15 -0.67 -0.71 -0.13 -0.33
NIKKEI       0.66  0.63     0.58      0.57    0.54        0.66  0.54    1.00     0.62     0.19  0.31  0.11     0.31         0.31  0.33     0.13     0.28 -0.03     -0.07 -0.70 -0.71 -0.27 -0.35
RUSSELL      0.70  0.82     0.57      0.58    0.55        0.55  0.52    0.62     1.00     0.46  0.28  0.18     0.32         0.30  0.33     0.17     0.49 -0.26      0.11 -0.64 -0.74 -0.04 -0.22
BITCOIN      0.30  0.44     0.05      0.05    0.14        0.23  0.14    0.19     0.46     1.00  0.03  0.27     0.00         0.04  0.43    -0.12     0.14 -0.19      0.09 -0.10 -0.25  0.22  0.18
BRE          0.32  0.24     0.28      0.37    0.47        0.34  0.46    0.31     0.28     0.03  1.00  0.11    -0.04         0.01  0.19     0.12     0.23 -0.17      0.02 -0.40 -0.38 -0.01 -0.07
CHF          0.33  0.30     0.13      0.18    0.03        0.27  0.14    0.11     0.18     0.27  0.11  1.00     0.03         0.01  0.68     0.14    -0.03 -0.52     -0.03 -0.20 -0.11  0.63  0.54
GAS-PEN      0.25  0.27     0.13      0.20    0.26        0.20  0.07    0.31     0.32     0.00 -0.04  0.03     1.00         0.82  0.14     0.05     0.17  0.03     -0.09 -0.19 -0.21 -0.16 -0.19
GAS_US_mini  0.23  0.24     0.19      0.20    0.32        0.26  0.09    0.31     0.30     0.04  0.01  0.01     0.82         1.00  0.14     0.06     0.08  0.03     -0.00 -0.17 -0.16 -0.15 -0.17
GBP          0.47  0.48     0.18      0.18    0.16        0.45  0.23    0.33     0.33     0.43  0.19  0.68     0.14         0.14  1.00     0.09     0.10 -0.62      0.01 -0.25 -0.24  0.50  0.45
LEANHOG      0.23  0.16     0.16      0.20    0.00        0.03  0.04    0.13     0.17    -0.12  0.12  0.14     0.05         0.06  0.09     1.00     0.32 -0.04      0.03 -0.14 -0.05 -0.07 -0.10
LIVECOW      0.35  0.43     0.36      0.41    0.31        0.23  0.29    0.28     0.49     0.14  0.23 -0.03     0.17         0.08  0.10     0.32     1.00  0.00     -0.02 -0.39 -0.46 -0.16 -0.28
CNH         -0.26 -0.24    -0.04     -0.09   -0.11       -0.32 -0.03   -0.03    -0.26    -0.19 -0.17 -0.52     0.03         0.03 -0.62    -0.04     0.00  1.00      0.00  0.03  0.02 -0.54 -0.50
REDWHEAT    -0.10 -0.01    -0.09     -0.09    0.11        0.07  0.15   -0.07     0.11     0.09  0.02 -0.03    -0.09        -0.00  0.01     0.03    -0.02  0.00      1.00  0.04  0.04  0.02 -0.05
V2X         -0.63 -0.60    -0.67     -0.74   -0.56       -0.54 -0.67   -0.70    -0.64    -0.10 -0.40 -0.20    -0.19        -0.17 -0.25    -0.14    -0.39  0.03      0.04  1.00  0.87  0.10  0.37
VIX         -0.64 -0.69    -0.64     -0.72   -0.52       -0.51 -0.71   -0.71    -0.74    -0.25 -0.38 -0.11    -0.21        -0.16 -0.24    -0.05    -0.46  0.02      0.04  0.87  1.00  0.12  0.41
JPY          0.05  0.03    -0.13     -0.10   -0.12        0.08 -0.13   -0.27    -0.04     0.22 -0.01  0.63    -0.16        -0.15  0.50    -0.07    -0.16 -0.54      0.02  0.10  0.12  1.00  0.61
US3         -0.10 -0.04    -0.37     -0.46   -0.28       -0.09 -0.33   -0.35    -0.22     0.18 -0.07  0.54    -0.19        -0.17  0.45    -0.10    -0.28 -0.50     -0.05  0.37  0.41  0.61  1.00


********************************************************************************
                                 END OF REPORT                                  
********************************************************************************


