
********************************************************************************
                    Risk report produced on 09/04/2024 22:53                    
********************************************************************************


Total risk across all strategies, annualised percentage 15.7
Percentage of capital used for margin 74.9%

========================================
Risk per strategy, annualised percentage
========================================

                  risk
dynamic_TF_carry  15.7


===================
Risk by asset class
===================

Ags       3.6
Bond      7.6
Equity    7.3
FX        4.8
Metals    2.7
OilGas    4.9
Sector    1.0
Vol       1.4
dtype: float64


=====================================================
Beta loadings of asset class positions on asset class
=====================================================

Bond     -1.29
FX       -0.11
Metals   -0.07
Sector   -0.05
Vol      -0.04
OilGas    0.06
Ags       0.07
Equity    0.61
dtype: float64


========================================================
Beta loadings of full portfolio positions on asset class
========================================================

Bond     -1.78
Vol      -0.19
FX       -0.12
Metals   -0.11
OilGas    0.15
Sector    0.24
Ags       0.25
Equity    0.75
dtype: float64


===================================================================================================================================================================================================================================================================
                                                                                                                          Instrument risk                                                                                                                          
===================================================================================================================================================================================================================================================================

               daily_price_stdev  annual_price_stdev     price  daily_perc_stdev  annual_perc_stdev  point_size_base  contract_exposure  daily_risk_per_contract  annual_risk_per_contract  position  capital  exposure_held_perc_capital  annual_risk_perc_capital
BUND                       0.577               9.239    132.57              0.44                7.0            857.8             113720                      495                      7925        -3   673182                       -50.7                      -3.5
BUXL                       1.332              21.319    133.88              1.00               15.9            857.8             114844                     1142                     18287        -1   673182                       -17.1                      -2.7
CHF                        0.005               0.076      1.12              0.42                6.8          98754.5             110150                      466                      7471        -2   673182                       -32.7                      -2.2
GOLD_micro                16.642             266.275   2365.60              0.70               11.3              7.9              18689                      131                      2103        -7   673182                       -19.4                      -2.2
GAS-PEN                    0.108               1.735      2.05              5.29               84.6           7900.4              16203                      856                     13708        -1   673182                        -2.4                      -2.0
GAS_US_mini                0.093               1.486      2.07              4.49               71.8           1975.1               4088                      183                      2935        -4   673182                        -2.4                      -1.7
CHINAA-CON                18.203             291.244   1921.20              0.95               15.2             19.8              37945                      359                      5752        -2   673182                       -11.3                      -1.7
JPY                        0.000               0.001      0.01              0.48                7.7        9875450.8              65760                      318                      5092        -2   673182                       -19.5                      -1.5
VIX                        0.381               6.099     16.50              2.31               37.0            790.0              13035                      301                      4818        -2   673182                        -3.9                      -1.4
HANG_mini                245.236            3923.777  16878.00              1.45               23.2              1.0              17028                      247                      3958        -2   673182                        -5.1                      -1.2
CORN                       5.588              89.414    468.25              1.19               19.1             39.5              18496                      220                      3532        -2   673182                        -5.5                      -1.0
EU-TECH                    9.667             154.673    854.40              1.13               18.1             42.9              36645                      414                      6634        -1   673182                        -5.4                      -1.0
BITCOIN                 2238.967           35823.474  69080.00              3.24               51.9              0.1               5457                      176                      2830        -2   673182                        -1.6                      -0.8
US3                        0.192               3.080    103.79              0.19                3.0           1580.1             163988                      304                      4866        -1   673182                       -24.4                      -0.7
BOBL                       0.297               4.749    117.85              0.25                4.0            857.8             101093                      254                      4073        -1   673182                       -15.0                      -0.6
US2                        0.124               1.982    101.99              0.12                1.9           1580.1             161148                      195                      3132        -1   673182                       -23.9                      -0.5
MILLWHEAT                  2.964              47.416    214.50              1.38               22.1             42.9               9200                      127                      2033        -1   673182                        -1.4                      -0.3
TOPIX                     22.496             359.932   2743.50              0.82               13.1              5.2              14269                      117                      1872         1   673182                         2.1                       0.3
CRUDE_W_micro              1.112              17.790     83.67              1.33               21.3             79.0               6610                       87                      1405         3   673182                         2.9                       0.6
IRON                       2.820              45.122    107.00              2.64               42.2             79.0               8453                      222                      3564         2   673182                         2.5                       1.1
LIVECOW                    1.476              23.614    174.80              0.84               13.5            316.0              55239                      466                      7462         1   673182                         8.2                       1.1
MXP                        0.000               0.005      0.06              0.48                7.7         395018.0              23811                      114                      1836         5   673182                        17.7                       1.4
SMI                       75.810            1212.959  11410.00              0.66               10.6              8.7              99661                      662                     10594         1   673182                        14.8                       1.6
SPI200                    51.030             816.473   7868.00              0.65               10.4             13.0             102672                      665                     10654         1   673182                        15.3                       1.6
NIKKEI                   396.322            6341.153  39630.00              1.00               16.0              0.5              20612                      206                      3298         4   673182                        12.2                       2.0
YENEUR                     0.745              11.926    163.37              0.46                7.3            650.1             106214                      484                      7753         2   673182                        31.6                       2.3
MIB                      228.956            3663.293  33300.00              0.69               11.0              4.3             142826                      982                     15712         1   673182                        21.2                       2.3
AEX                        5.751              92.012    881.35              0.65               10.4            171.6             151207                      986                     15785         1   673182                        22.5                       2.3
GASOILINE                  0.036               0.577      2.73              1.32               21.1          33181.5              90612                     1196                     19139         1   673182                        13.5                       2.8
COCOA                    177.180            2834.883   9534.00              1.86               29.7              7.9              75322                     1399                     22396         1   673182                        11.2                       3.3

Sum of abs(notional exposure % capital) 417.4
Sum of abs(annualised risk % capital) 47.7
Net sum of annualised risk % capital -2.3 

================================================================================================================================================================================================================================================================
                                                                                                                          Correlations                                                                                                                          
================================================================================================================================================================================================================================================================

                AEX  EU-TECH   MIB   MXP  NIKKEI   SMI  SPI200  TOPIX  BITCOIN  CORN  IRON  MILLWHEAT  CHINAA-CON  COCOA  CRUDE_W_micro  GAS-PEN  GASOILINE  GAS_US_mini  HANG_mini  LIVECOW  YENEUR  BOBL  BUND  BUXL   CHF  GOLD_micro   JPY   US2   US3   VIX
AEX            1.00     0.88  0.71  0.32    0.50  0.61    0.67   0.49     0.04 -0.02  0.27      -0.19        0.45   0.24           0.18    -0.02       0.27        -0.08       0.44     0.23    0.03  0.26  0.35  0.36  0.16        0.19  0.19  0.15  0.24 -0.44
EU-TECH        0.88     1.00  0.57  0.27    0.47  0.50    0.54   0.42    -0.01 -0.03  0.31      -0.28        0.39   0.08           0.01    -0.03       0.14        -0.08       0.39     0.21    0.03  0.32  0.40  0.39  0.20        0.20  0.24  0.28  0.36 -0.45
MIB            0.71     0.57  1.00  0.58    0.47  0.64    0.55   0.49    -0.08 -0.01  0.10      -0.13        0.27   0.31           0.22    -0.05       0.21        -0.12       0.37     0.20   -0.05  0.14  0.27  0.30  0.15        0.18  0.24 -0.02  0.09 -0.47
MXP            0.32     0.27  0.58  1.00    0.30  0.46    0.40   0.31     0.05  0.06  0.21      -0.01        0.10   0.14           0.23     0.02       0.27        -0.01       0.27     0.27    0.04  0.13  0.21  0.22  0.24        0.20  0.25  0.04  0.14 -0.39
NIKKEI         0.50     0.47  0.47  0.30    1.00  0.38    0.38   0.94    -0.13 -0.00  0.19      -0.13        0.26   0.17           0.12     0.20       0.14         0.20       0.21     0.31    0.48 -0.08  0.02  0.10 -0.07       -0.05 -0.32 -0.03  0.02 -0.41
SMI            0.61     0.50  0.64  0.46    0.38  1.00    0.46   0.44     0.04  0.00  0.09      -0.02        0.32   0.07           0.15     0.09       0.15         0.06       0.33     0.19    0.01  0.28  0.35  0.38  0.05        0.10  0.18  0.12  0.20 -0.44
SPI200         0.67     0.54  0.55  0.40    0.38  0.46    1.00   0.43     0.05  0.21  0.30       0.01        0.18   0.24           0.10    -0.03       0.11        -0.08       0.31     0.21   -0.09  0.31  0.40  0.45  0.15        0.12  0.22  0.10  0.21 -0.46
TOPIX          0.49     0.42  0.49  0.31    0.94  0.44    0.43   1.00    -0.13  0.04  0.22      -0.04        0.23   0.15           0.14     0.29       0.13         0.26       0.17     0.31    0.44 -0.10 -0.00  0.08 -0.10       -0.03 -0.32 -0.04  0.02 -0.43
BITCOIN        0.04    -0.01 -0.08  0.05   -0.13  0.04    0.05  -0.13     1.00  0.02  0.00      -0.07       -0.00   0.09          -0.08    -0.13      -0.01        -0.07      -0.05    -0.27   -0.18  0.22  0.23  0.23  0.05        0.15  0.21  0.19  0.17 -0.09
CORN          -0.02    -0.03 -0.01  0.06   -0.00  0.00    0.21   0.04     0.02  1.00  0.20       0.63       -0.07   0.09          -0.01     0.10       0.03         0.08      -0.02     0.03   -0.01  0.00  0.03  0.08  0.02        0.09  0.04 -0.03 -0.03 -0.03
IRON           0.27     0.31  0.10  0.21    0.19  0.09    0.30   0.22     0.00  0.20  1.00       0.10       -0.03  -0.10          -0.04     0.08       0.04         0.04       0.17     0.07   -0.04  0.10  0.12  0.14  0.16        0.00  0.08  0.04  0.05 -0.21
MILLWHEAT     -0.19    -0.28 -0.13 -0.01   -0.13 -0.02    0.01  -0.04    -0.07  0.63  0.10       1.00       -0.11   0.12          -0.02     0.05       0.00         0.09      -0.05    -0.15   -0.05 -0.06 -0.06  0.00 -0.12       -0.02 -0.11 -0.22 -0.22  0.06
CHINAA-CON     0.45     0.39  0.27  0.10    0.26  0.32    0.18   0.23    -0.00 -0.07 -0.03      -0.11        1.00   0.18           0.14     0.04       0.24         0.02       0.75     0.12    0.23 -0.17 -0.12 -0.11 -0.04        0.01 -0.06 -0.11 -0.07 -0.31
COCOA          0.24     0.08  0.31  0.14    0.17  0.07    0.24   0.15     0.09  0.09 -0.10       0.12        0.18   1.00           0.15    -0.13       0.22        -0.15       0.09    -0.02    0.07 -0.02 -0.01 -0.02 -0.17        0.24 -0.13 -0.11 -0.10 -0.18
CRUDE_W_micro  0.18     0.01  0.22  0.23    0.12  0.15    0.10   0.14    -0.08 -0.01 -0.04      -0.02        0.14   0.15           1.00     0.11       0.86         0.10       0.04     0.48    0.10 -0.26 -0.24 -0.23  0.08        0.27  0.01 -0.11 -0.10 -0.06
GAS-PEN       -0.02    -0.03 -0.05  0.02    0.20  0.09   -0.03   0.29    -0.13  0.10  0.08       0.05        0.04  -0.13           0.11     1.00       0.03         0.90       0.06     0.12    0.26 -0.10 -0.09 -0.10 -0.06       -0.06 -0.30  0.01  0.00 -0.17
GASOILINE      0.27     0.14  0.21  0.27    0.14  0.15    0.11   0.13    -0.01  0.03  0.04       0.00        0.24   0.22           0.86     0.03       1.00         0.03       0.14     0.42    0.09 -0.25 -0.22 -0.21  0.02        0.20 -0.01 -0.14 -0.15 -0.18
GAS_US_mini   -0.08    -0.08 -0.12 -0.01    0.20  0.06   -0.08   0.26    -0.07  0.08  0.04       0.09        0.02  -0.15           0.10     0.90       0.03         1.00       0.05     0.11    0.30 -0.16 -0.16 -0.15 -0.09       -0.16 -0.32 -0.05 -0.06 -0.16
HANG_mini      0.44     0.39  0.37  0.27    0.21  0.33    0.31   0.17    -0.05 -0.02  0.17      -0.05        0.75   0.09           0.04     0.06       0.14         0.05       1.00     0.08    0.11 -0.05 -0.01  0.01  0.18       -0.03  0.10 -0.11 -0.05 -0.38
LIVECOW        0.23     0.21  0.20  0.27    0.31  0.19    0.21   0.31    -0.27  0.03  0.07      -0.15        0.12  -0.02           0.48     0.12       0.42         0.11       0.08     1.00    0.28 -0.11 -0.10 -0.11 -0.01        0.09 -0.11 -0.04 -0.02 -0.22
YENEUR         0.03     0.03 -0.05  0.04    0.48  0.01   -0.09   0.44    -0.18 -0.01 -0.04      -0.05        0.23   0.07           0.10     0.26       0.09         0.30       0.11     0.28    1.00 -0.44 -0.41 -0.36 -0.16       -0.14 -0.69 -0.23 -0.24 -0.12
BOBL           0.26     0.32  0.14  0.13   -0.08  0.28    0.31  -0.10     0.22  0.00  0.10      -0.06       -0.17  -0.02          -0.26    -0.10      -0.25        -0.16      -0.05    -0.11   -0.44  1.00  0.97  0.87  0.36        0.39  0.54  0.72  0.75 -0.05
BUND           0.35     0.40  0.27  0.21    0.02  0.35    0.40  -0.00     0.23  0.03  0.12      -0.06       -0.12  -0.01          -0.24    -0.09      -0.22        -0.16      -0.01    -0.10   -0.41  0.97  1.00  0.95  0.37        0.40  0.53  0.65  0.70 -0.09
BUXL           0.36     0.39  0.30  0.22    0.10  0.38    0.45   0.08     0.23  0.08  0.14       0.00       -0.11  -0.02          -0.23    -0.10      -0.21        -0.15       0.01    -0.11   -0.36  0.87  0.95  1.00  0.35        0.39  0.48  0.52  0.58 -0.09
CHF            0.16     0.20  0.15  0.24   -0.07  0.05    0.15  -0.10     0.05  0.02  0.16      -0.12       -0.04  -0.17           0.08    -0.06       0.02        -0.09       0.18    -0.01   -0.16  0.36  0.37  0.35  1.00        0.50  0.64  0.49  0.53  0.08
GOLD_micro     0.19     0.20  0.18  0.20   -0.05  0.10    0.12  -0.03     0.15  0.09  0.00      -0.02        0.01   0.24           0.27    -0.06       0.20        -0.16      -0.03     0.09   -0.14  0.39  0.40  0.39  0.50        1.00  0.48  0.49  0.49  0.15
JPY            0.19     0.24  0.24  0.25   -0.32  0.18    0.22  -0.32     0.21  0.04  0.08      -0.11       -0.06  -0.13           0.01    -0.30      -0.01        -0.32       0.10    -0.11   -0.69  0.54  0.53  0.48  0.64        0.48  1.00  0.56  0.60 -0.04
US2            0.15     0.28 -0.02  0.04   -0.03  0.12    0.10  -0.04     0.19 -0.03  0.04      -0.22       -0.11  -0.11          -0.11     0.01      -0.14        -0.05      -0.11    -0.04   -0.23  0.72  0.65  0.52  0.49        0.49  0.56  1.00  0.98 -0.06
US3            0.24     0.36  0.09  0.14    0.02  0.20    0.21   0.02     0.17 -0.03  0.05      -0.22       -0.07  -0.10          -0.10     0.00      -0.15        -0.06      -0.05    -0.02   -0.24  0.75  0.70  0.58  0.53        0.49  0.60  0.98  1.00 -0.13
VIX           -0.44    -0.45 -0.47 -0.39   -0.41 -0.44   -0.46  -0.43    -0.09 -0.03 -0.21       0.06       -0.31  -0.18          -0.06    -0.17      -0.18        -0.16      -0.38    -0.22   -0.12 -0.05 -0.09 -0.09  0.08        0.15 -0.04 -0.06 -0.13  1.00


********************************************************************************
                                 END OF REPORT                                  
********************************************************************************


