
********************************************************************************
           Risk report report produced on 2023-05-25 22:53:34.720329            
********************************************************************************


Total risk across all strategies, annualised percentage 9.5
Percentage of capital used for margin 63.6%

========================================
Risk per strategy, annualised percentage
========================================

                  risk
dynamic_TF_carry   9.6


===================
Risk by asset class
===================

Ags       2.6
Equity    1.8
FX        5.4
Metals    0.7
OilGas    1.3
Sector    2.4
Vol       3.0
dtype: float64


=====================================================
Beta loadings of asset class positions on asset class
=====================================================

FX       -0.17
Ags      -0.10
Vol      -0.07
OilGas   -0.01
Metals   -0.01
Sector    0.13
Equity    0.13
dtype: float64


========================================================
Beta loadings of full portfolio positions on asset class
========================================================

FX       -0.21
Vol      -0.13
Metals   -0.09
Ags      -0.00
OilGas    0.00
Sector    0.18
Equity    0.23
dtype: float64


=================================================================================================================================================================================================================================================================
                                                                                                                         Instrument risk                                                                                                                         
=================================================================================================================================================================================================================================================================

             daily_price_stdev  annual_price_stdev     price  daily_perc_stdev  annual_perc_stdev  point_size_base  contract_exposure  daily_risk_per_contract  annual_risk_per_contract  position  capital  exposure_held_perc_capital  annual_risk_perc_capital
JPY                      0.000               0.001      0.01              0.64               10.3       10124326.7              72550                      464                      7436        -2   351741                       -41.3                      -4.2
LEANHOG                  1.510              24.165     77.42              1.95               31.2            324.0              25084                      489                      7829        -1   351741                        -7.1                      -2.2
VIX                      0.581               9.295     22.30              2.60               41.7            809.9              18061                      470                      7528        -1   351741                        -5.1                      -2.1
GAS_US_mini              0.140               2.245      2.54              5.51               88.2           2024.9               5153                      284                      4545        -1   351741                        -1.5                      -1.3
CORN                     6.722             107.546    516.00              1.30               20.8             40.5              20896                      272                      4355        -1   351741                        -5.9                      -1.2
V2X                      0.623               9.966     19.35              3.22               51.5             87.0               1683                       54                       866        -4   351741                        -1.9                      -1.0
RUSSELL                 23.468             375.487   1757.50              1.34               21.4              4.0               7117                       95                      1520        -2   351741                        -4.0                      -0.9
GOLD_micro              17.517             280.270   1960.00              0.89               14.3              8.1              15874                      141                      2270        -1   351741                        -4.5                      -0.6
REDWHEAT                19.027             304.439    813.75              2.34               37.4             40.5              32954                      770                     12328         0   351741                         0.0                       0.0
EU-BANKS                 1.632              26.108    102.15              1.60               25.6             43.5               4442                       70                      1135         1   351741                         1.3                       0.3
BITCOIN                970.103           15521.655  26420.00              3.67               58.7              0.1               2139                       78                      1257         1   351741                         0.6                       0.4
KOSDAQ                  20.231             323.692   1278.70              1.58               25.3              6.1               7824                      123                      1980         1   351741                         2.2                       0.6
BRE                      0.002               0.028      0.20              0.90               14.3          80994.6              15980                      143                      2291         1   351741                         4.5                       0.7
NIKKEI                 251.094            4017.498  30830.00              0.81               13.0              0.6              17893                      145                      2331         1   351741                         5.1                       0.7
NIFTY                  111.011            1776.169  18250.00              0.61                9.7              1.6              29563                      179                      2877         1   351741                         8.4                       0.8
EU-OIL                   4.518              72.292    335.00              1.35               21.6             43.5              14569                      196                      3144         1   351741                         4.1                       0.9
MSCISING                 3.399              54.390    290.65              1.17               18.7             59.9              17404                      203                      3257         1   351741                         4.9                       0.9
LIVECOW                  0.931              14.900    164.75              0.57                9.0            324.0              53375                      301                      4827         1   351741                        15.2                       1.4
EU-AUTO                  8.369             133.910    601.70              1.39               22.3             43.5              26169                      364                      5824         1   351741                         7.4                       1.7
CNH                      0.020               0.322      7.07              0.28                4.5          11436.9              80876                      229                      3678         2   351741                        46.0                       2.1

Sum of abs(notional exposure % capital) 171.0
Sum of abs(annualised risk % capital) 24.0
Net sum of annualised risk % capital -3.0 

==================================================================================================================================================================================
                                                                                   Correlations                                                                                   
==================================================================================================================================================================================

             BITCOIN   BRE  EU-AUTO  EU-BANKS  EU-OIL  GAS_US_mini  KOSDAQ  LIVECOW  MSCISING  NIFTY  NIKKEI  RUSSELL  GOLD_micro   JPY  CORN  LEANHOG  REDWHEAT   V2X   VIX   CNH
BITCOIN         1.00  0.27     0.23      0.20    0.10         0.01    0.32     0.03      0.37   0.25    0.28     0.51        0.25  0.10  0.00    -0.13     -0.03 -0.20 -0.32 -0.23
BRE             0.27  1.00     0.25      0.36    0.46         0.08    0.15     0.12      0.33   0.36    0.26     0.38        0.24  0.10  0.24     0.11      0.24 -0.41 -0.43 -0.24
EU-AUTO         0.23  0.25     1.00      0.72    0.42         0.16    0.40     0.29      0.49   0.57    0.62     0.66       -0.08 -0.08  0.09     0.06     -0.05 -0.72 -0.61 -0.18
EU-BANKS        0.20  0.36     0.72      1.00    0.44         0.24    0.30     0.43      0.40   0.53    0.54     0.61       -0.09 -0.16  0.03     0.11     -0.11 -0.72 -0.66 -0.07
EU-OIL          0.10  0.46     0.42      0.44    1.00         0.37    0.25     0.18      0.27   0.46    0.45     0.48        0.05 -0.14  0.27     0.05      0.13 -0.53 -0.42 -0.04
GAS_US_mini     0.01  0.08     0.16      0.24    0.37         1.00   -0.03     0.22      0.09   0.12    0.33     0.26       -0.06 -0.15  0.16    -0.04      0.10 -0.29 -0.26  0.18
KOSDAQ          0.32  0.15     0.40      0.30    0.25        -0.03    1.00     0.08      0.28   0.38    0.37     0.46        0.07 -0.10  0.09    -0.08     -0.08 -0.28 -0.40 -0.13
LIVECOW         0.03  0.12     0.29      0.43    0.18         0.22    0.08     1.00      0.21   0.16    0.25     0.26       -0.16 -0.19  0.09     0.22      0.01 -0.39 -0.36  0.13
MSCISING        0.37  0.33     0.49      0.40    0.27         0.09    0.28     0.21      1.00   0.58    0.56     0.50        0.09  0.09  0.06     0.04      0.09 -0.58 -0.54 -0.33
NIFTY           0.25  0.36     0.57      0.53    0.46         0.12    0.38     0.16      0.58   1.00    0.54     0.52       -0.04 -0.06  0.02     0.11     -0.13 -0.51 -0.54 -0.07
NIKKEI          0.28  0.26     0.62      0.54    0.45         0.33    0.37     0.25      0.56   0.54    1.00     0.65       -0.01 -0.32 -0.03     0.01     -0.13 -0.69 -0.63 -0.07
RUSSELL         0.51  0.38     0.66      0.61    0.48         0.26    0.46     0.26      0.50   0.52    0.65     1.00        0.12 -0.03  0.09    -0.01      0.04 -0.69 -0.70 -0.27
GOLD_micro      0.25  0.24    -0.08     -0.09    0.05        -0.06    0.07    -0.16      0.09  -0.04   -0.01     0.12        1.00  0.49 -0.02    -0.02      0.11 -0.01  0.06 -0.65
JPY             0.10  0.10    -0.08     -0.16   -0.14        -0.15   -0.10    -0.19      0.09  -0.06   -0.32    -0.03        0.49  1.00  0.00    -0.05      0.23  0.03  0.16 -0.43
CORN            0.00  0.24     0.09      0.03    0.27         0.16    0.09     0.09      0.06   0.02   -0.03     0.09       -0.02  0.00  1.00     0.01      0.57  0.02  0.03  0.02
LEANHOG        -0.13  0.11     0.06      0.11    0.05        -0.04   -0.08     0.22      0.04   0.11    0.01    -0.01       -0.02 -0.05  0.01     1.00      0.02 -0.06  0.07 -0.16
REDWHEAT       -0.03  0.24    -0.05     -0.11    0.13         0.10   -0.08     0.01      0.09  -0.13   -0.13     0.04        0.11  0.23  0.57     0.02      1.00 -0.06  0.15 -0.11
V2X            -0.20 -0.41    -0.72     -0.72   -0.53        -0.29   -0.28    -0.39     -0.58  -0.51   -0.69    -0.69       -0.01  0.03  0.02    -0.06     -0.06  1.00  0.78  0.19
VIX            -0.32 -0.43    -0.61     -0.66   -0.42        -0.26   -0.40    -0.36     -0.54  -0.54   -0.63    -0.70        0.06  0.16  0.03     0.07      0.15  0.78  1.00  0.07
CNH            -0.23 -0.24    -0.18     -0.07   -0.04         0.18   -0.13     0.13     -0.33  -0.07   -0.07    -0.27       -0.65 -0.43  0.02    -0.16     -0.11  0.19  0.07  1.00


********************************************************************************
                                 END OF REPORT                                  
********************************************************************************


