
********************************************************************************
                    Risk report produced on 22/06/2023 22:52                    
********************************************************************************


Total risk across all strategies, annualised percentage 11.9
Percentage of capital used for margin 66.5%

========================================
Risk per strategy, annualised percentage
========================================

                  risk
dynamic_TF_carry  11.8


===================
Risk by asset class
===================

Ags       3.5
Bond      1.7
Equity    3.5
FX        5.4
Metals    0.6
OilGas    1.2
Sector    2.7
Vol       2.6
dtype: float64


=====================================================
Beta loadings of asset class positions on asset class
=====================================================

Bond     -0.47
FX       -0.26
Vol      -0.05
OilGas   -0.02
Metals    0.02
Ags       0.05
Sector    0.16
Equity    0.21
dtype: float64


========================================================
Beta loadings of full portfolio positions on asset class
========================================================

Bond     -1.42
Vol      -0.20
Metals    0.01
OilGas    0.02
FX        0.15
Ags       0.22
Sector    0.30
Equity    0.36
dtype: float64


==================================================================================================================================================================================================================================================================
                                                                                                                         Instrument risk                                                                                                                          
==================================================================================================================================================================================================================================================================

              daily_price_stdev  annual_price_stdev     price  daily_perc_stdev  annual_perc_stdev  point_size_base  contract_exposure  daily_risk_per_contract  annual_risk_per_contract  position  capital  exposure_held_perc_capital  annual_risk_perc_capital
CHF                       0.005               0.087      1.13              0.49                7.8          98008.5             110382                      535                      8575        -1   348651                       -31.7                      -2.5
LEANHOG                   1.650              26.396     91.88              1.80               28.7            313.6              28814                      517                      8278        -1   348651                        -8.3                      -2.4
JPY                       0.000               0.001      0.01              0.59                9.5        9800846.8              69409                      410                      6569        -1   348651                       -19.9                      -1.9
VIX                       0.500               7.994     17.25              2.90               46.3            784.1              13525                      391                      6267        -1   348651                        -3.9                      -1.8
US3                       0.230               3.675    104.67              0.22                3.5           1568.1             164139                      360                      5762        -1   348651                       -47.1                      -1.7
GAS_US_mini               0.129               2.061      2.70              4.77               76.4           1960.2               5292                      252                      4040        -1   348651                        -1.5                      -1.2
DOW                     267.004            4272.059  34212.00              0.78               12.5              0.4              13412                      104                      1674        -2   348651                        -7.7                      -1.0
V2X                       0.573               9.165     16.55              3.46               55.4             86.1               1425                       49                       789        -4   348651                        -1.6                      -0.9
RUSSELL                  25.332             405.311   1866.70              1.36               21.7              3.9               7318                       99                      1588        -1   348651                        -2.1                      -0.5
REDWHEAT                 18.711             299.368    873.00              2.14               34.3             39.2              34224                      733                     11736         0   348651                         0.0                       0.0
BITCOIN                1010.397           16166.360  30295.00              3.34               53.4              0.1               2375                       79                      1267         1   348651                         0.7                       0.4
COPPER-micro              0.049               0.782      3.90              1.25               20.0           1960.2               7648                       95                      1533         1   348651                         2.2                       0.4
MXP                       0.000               0.005      0.06              0.51                8.2         392033.9              22459                      115                      1848         1   348651                         6.4                       0.5
BRE                       0.002               0.024      0.21              0.72               11.5          78406.8              16394                      117                      1886         1   348651                         4.7                       0.5
SOYBEAN_mini             22.386             358.182   1346.00              1.66               26.6              7.8              10553                      175                      2808         1   348651                         3.0                       0.8
NIKKEI                  325.233            5203.735  33475.00              0.97               15.5              0.6              18505                      179                      2876         1   348651                         5.3                       0.8
GBP                       0.006               0.101      1.27              0.50                7.9          49004.2              62480                      309                      4951         1   348651                        17.9                       1.4
EU-AUTO                   8.197             131.145    623.90              1.31               21.0             43.1              26871                      353                      5648         1   348651                         7.7                       1.6
EU-OIL                    4.296              68.737    331.40              1.30               20.7             43.1              14273                      185                      2960         2   348651                         8.2                       1.7
FTSETAIWAN               12.703             203.254   1478.00              0.86               13.8             31.4              46354                      398                      6374         1   348651                        13.3                       1.8
CAC                      63.972            1023.546   7212.50              0.89               14.2              8.6              62129                      551                      8816         1   348651                        17.8                       2.5
CNH                       0.020               0.315      7.16              0.27                4.4          10914.0              78157                      214                      3437         3   348651                        67.3                       3.0
LIVECOW                   1.277              20.430    171.30              0.75               11.9            313.6              53724                      400                      6407         2   348651                        30.8                       3.7

Sum of abs(notional exposure % capital) 309.1
Sum of abs(annualised risk % capital) 33.0
Net sum of annualised risk % capital 5.2 

==========================================================================================================================================================================================================
                                                                                               Correlations                                                                                               
==========================================================================================================================================================================================================

               V2X   VIX   CNH  BITCOIN   BRE   CAC   DOW  EU-AUTO  EU-OIL  FTSETAIWAN   MXP  NIKKEI  RUSSELL  SOYBEAN_mini   CHF  COPPER-micro   GBP   JPY   US3  GAS_US_mini  LEANHOG  LIVECOW  REDWHEAT
V2X           1.00  0.79  0.14    -0.22 -0.40 -0.72 -0.65    -0.76   -0.40       -0.54 -0.48   -0.58    -0.72         -0.30 -0.20         -0.29 -0.29 -0.05  0.12        -0.06    -0.11    -0.29      0.01
VIX           0.79  1.00  0.01    -0.20 -0.51 -0.60 -0.71    -0.57   -0.38       -0.46 -0.62   -0.53    -0.71         -0.28  0.01         -0.30 -0.25  0.04  0.21        -0.09    -0.14    -0.40      0.04
CNH           0.14  0.01  1.00    -0.07 -0.20 -0.22 -0.15    -0.20   -0.07       -0.28 -0.05    0.06    -0.15         -0.12 -0.63         -0.57 -0.45 -0.48 -0.50         0.25    -0.17     0.14     -0.05
BITCOIN      -0.22 -0.20 -0.07     1.00  0.33  0.33  0.28     0.16    0.11        0.13  0.11    0.27     0.33          0.05 -0.02          0.14  0.20 -0.08  0.05        -0.00    -0.18    -0.03      0.00
BRE          -0.40 -0.51 -0.20     0.33  1.00  0.36  0.47     0.23    0.45        0.16  0.50    0.28     0.48          0.44  0.12          0.39  0.38  0.15  0.05         0.13     0.33     0.20      0.31
CAC          -0.72 -0.60 -0.22     0.33  0.36  1.00  0.78     0.80    0.43        0.56  0.50    0.57     0.75          0.28  0.31          0.32  0.45  0.05  0.04         0.08     0.12     0.16     -0.15
DOW          -0.65 -0.71 -0.15     0.28  0.47  0.78  1.00     0.56    0.42        0.49  0.49    0.55     0.86          0.35  0.24          0.40  0.47  0.09  0.04         0.08     0.17     0.29     -0.03
EU-AUTO      -0.76 -0.57 -0.20     0.16  0.23  0.80  0.56     1.00    0.31        0.62  0.40    0.53     0.63          0.20  0.27          0.28  0.26  0.00 -0.13         0.00     0.18     0.23     -0.16
EU-OIL       -0.40 -0.38 -0.07     0.11  0.45  0.43  0.42     0.31    1.00        0.17  0.47    0.28     0.36          0.30  0.11          0.33  0.31  0.04 -0.05         0.21     0.10     0.07      0.14
FTSETAIWAN   -0.54 -0.46 -0.28     0.13  0.16  0.56  0.49     0.62    0.17        1.00  0.33    0.57     0.51          0.11  0.35          0.43  0.32  0.05 -0.08         0.08     0.09     0.15     -0.20
MXP          -0.48 -0.62 -0.05     0.11  0.50  0.50  0.49     0.40    0.47        0.33  1.00    0.33     0.46          0.24  0.13          0.30  0.29  0.10 -0.10         0.04     0.08     0.12      0.15
NIKKEI       -0.58 -0.53  0.06     0.27  0.28  0.57  0.55     0.53    0.28        0.57  0.33    1.00     0.58          0.14  0.16          0.18  0.27 -0.33 -0.18         0.31     0.05     0.27     -0.13
RUSSELL      -0.72 -0.71 -0.15     0.33  0.48  0.75  0.86     0.63    0.36        0.51  0.46    0.58     1.00          0.24  0.21          0.37  0.41  0.07 -0.02         0.09     0.11     0.22     -0.00
SOYBEAN_mini -0.30 -0.28 -0.12     0.05  0.44  0.28  0.35     0.20    0.30        0.11  0.24    0.14     0.24          1.00  0.10          0.36  0.25  0.06 -0.12         0.23     0.26     0.03      0.42
CHF          -0.20  0.01 -0.63    -0.02  0.12  0.31  0.24     0.27    0.11        0.35  0.13    0.16     0.21          0.10  1.00          0.46  0.60  0.40  0.55         0.02     0.20    -0.13     -0.02
COPPER-micro -0.29 -0.30 -0.57     0.14  0.39  0.32  0.40     0.28    0.33        0.43  0.30    0.18     0.37          0.36  0.46          1.00  0.45  0.28  0.12         0.01     0.20     0.03      0.22
GBP          -0.29 -0.25 -0.45     0.20  0.38  0.45  0.47     0.26    0.31        0.32  0.29    0.27     0.41          0.25  0.60          0.45  1.00  0.27  0.55         0.11     0.18    -0.01      0.00
JPY          -0.05  0.04 -0.48    -0.08  0.15  0.05  0.09     0.00    0.04        0.05  0.10   -0.33     0.07          0.06  0.40          0.28  0.27  1.00  0.56        -0.30     0.00    -0.25      0.25
US3           0.12  0.21 -0.50     0.05  0.05  0.04  0.04    -0.13   -0.05       -0.08 -0.10   -0.18    -0.02         -0.12  0.55          0.12  0.55  0.56  1.00        -0.12     0.02    -0.20      0.06
GAS_US_mini  -0.06 -0.09  0.25    -0.00  0.13  0.08  0.08     0.00    0.21        0.08  0.04    0.31     0.09          0.23  0.02          0.01  0.11 -0.30 -0.12         1.00    -0.00    -0.03      0.06
LEANHOG      -0.11 -0.14 -0.17    -0.18  0.33  0.12  0.17     0.18    0.10        0.09  0.08    0.05     0.11          0.26  0.20          0.20  0.18  0.00  0.02        -0.00     1.00     0.39     -0.04
LIVECOW      -0.29 -0.40  0.14    -0.03  0.20  0.16  0.29     0.23    0.07        0.15  0.12    0.27     0.22          0.03 -0.13          0.03 -0.01 -0.25 -0.20        -0.03     0.39     1.00     -0.11
REDWHEAT      0.01  0.04 -0.05     0.00  0.31 -0.15 -0.03    -0.16    0.14       -0.20  0.15   -0.13    -0.00          0.42 -0.02          0.22  0.00  0.25  0.06         0.06    -0.04    -0.11      1.00


********************************************************************************
                                 END OF REPORT                                  
********************************************************************************


