
********************************************************************************
                    Risk report produced on 06/02/2026 22:54                    
********************************************************************************


Total risk across all strategies, annualised percentage 14.9
Percentage of capital used for margin 40.5%

========================================
Risk per strategy, annualised percentage
========================================

                  risk
dynamic_TF_carry  14.9


===================
Risk by asset class
===================

Ags        2.6
Bond       1.6
Equity    10.8
FX         4.0
Metals     4.1
OilGas     2.2
Sector     1.3
dtype: float64


=====================================================
Beta loadings of asset class positions on asset class
=====================================================

Bond     -0.15
Metals   -0.05
Sector    0.05
Ags       0.06
OilGas    0.07
FX        0.48
Equity    0.85
dtype: float64


========================================================
Beta loadings of full portfolio positions on asset class
========================================================

Bond     -0.96
Metals    0.07
OilGas    0.15
Sector    0.42
Ags       0.51
Equity    1.06
FX        1.31
dtype: float64


=================================================================================================================================================================================================================================================================
                                                                                                                         Instrument risk                                                                                                                         
=================================================================================================================================================================================================================================================================

             daily_price_stdev  annual_price_stdev     price  daily_perc_stdev  annual_perc_stdev  point_size_base  contract_exposure  daily_risk_per_contract  annual_risk_per_contract  position  capital  exposure_held_perc_capital  annual_risk_perc_capital
BITCOIN               3380.578           54089.250  70745.00              4.78               76.5              0.1               5212                      249                      3985        -7   681831                        -5.4                      -4.1
KR10                     0.381               6.098    110.58              0.34                5.5            502.5              55570                      191                      3064        -4   681831                       -32.6                      -1.8
HANGTECH                90.568            1449.090   5386.00              1.68               26.9              4.7              25405                      427                      6835        -1   681831                        -3.7                      -1.0
JPY                      0.000               0.001      0.01              0.65               10.3        9210647.5              58809                      380                      6080        -1   681831                        -8.6                      -0.9
REDWHEAT                 7.256             116.103    558.00              1.30               20.8             36.8              20558                      267                      4277        -1   681831                        -3.0                      -0.6
WHEAT                    6.186              98.982    580.00              1.07               17.1             36.8              21368                      227                      3646        -1   681831                        -3.1                      -0.5
RICE                     0.148               2.375     11.20              1.32               21.2           1473.7              16512                      218                      3499        -1   681831                        -2.4                      -0.5
SP500_micro             52.781             844.497   6934.25              0.76               12.2              3.7              25547                      194                      3111        -1   681831                        -3.7                      -0.5
DAX                    207.674            3322.777  24798.00              0.84               13.4              0.9              21554                      180                      2888        -1   681831                        -3.2                      -0.4
KRWUSD_mini              0.004               0.071      0.68              0.65               10.4          18421.3              12552                       81                      1303        -2   681831                        -3.7                      -0.4
MUMMY                   10.539             168.628    692.00              1.52               24.4              4.7               3252                       49                       792         1   681831                         0.5                       0.1
BUND                     0.288               4.612    128.21              0.22                3.6            869.2             111442                      250                      4008         1   681831                        16.3                       0.6
NZD                      0.004               0.061      0.60              0.63               10.1          73685.2              44406                      279                      4467         1   681831                         6.5                       0.7
FTSECHINAA             129.482            2071.709  14841.00              0.87               14.0              0.7              10935                       95                      1526         3   681831                         4.8                       0.7
GBP                      0.007               0.108      1.36              0.49                7.9          46053.2              62701                      309                      4958         1   681831                         9.2                       0.7
BRE                      0.001               0.019      0.19              0.61                9.7          73685.2              14055                       85                      1368         4   681831                         8.2                       0.8
TOPIX                   36.415             582.640   3686.00              0.99               15.8              4.7              17323                      171                      2738         2   681831                         5.1                       0.8
RUSSELL                 32.711             523.379   2676.20              1.22               19.6              3.7               9859                      120                      1928         3   681831                         4.3                       0.8
CAD                      0.003               0.045      0.73              0.38                6.1          73685.2              54040                      206                      3301         2   681831                        15.9                       1.0
MXP                      0.000               0.006      0.06              0.66               10.5         368425.9              21272                      139                      2237         3   681831                         9.4                       1.0
EU-BASIC                12.304             196.865    757.80              1.62               26.0             43.5              32934                      534                      8555         1   681831                         4.8                       1.3
LEANHOG                  1.015              16.234     97.98              1.04               16.6            294.7              28877                      299                      4784         2   681831                         8.5                       1.4
LIVECOW                  2.125              34.002    234.25              0.91               14.5            294.7              69043                      626                     10021         1   681831                        10.1                       1.5
BRENT-LAST               1.247              19.951     66.94              1.86               29.8            736.9              49324                      918                     14701         1   681831                         7.2                       2.2
YENEUR                   0.797              12.744    185.44              0.43                6.9            587.5             108941                      467                      7486         2   681831                        32.0                       2.2
AEX                      8.325             133.197    993.80              0.84               13.4            173.8             172765                     1447                     23155         1   681831                        25.3                       3.4
MIB                    370.841            5933.453  46065.00              0.81               12.9              4.3             200202                     1611                     25787         1   681831                        29.4                       3.8
MSCIEAFA                26.528             424.443   3088.00              0.86               13.7             36.8             113769                      977                     15637         2   681831                        33.4                       4.6

Sum of abs(notional exposure % capital) 300.3
Sum of abs(annualised risk % capital) 38.3
Net sum of annualised risk % capital 16.9 

==============================================================================================================================================================================================================================================
                                                                                                                 Correlations                                                                                                                 
==============================================================================================================================================================================================================================================

             REDWHEAT  WHEAT  BUND   CAD   GBP   JPY  KR10  KRWUSD_mini   NZD  BRENT-LAST  MUMMY  TOPIX  YENEUR   AEX   DAX  EU-BASIC   MIB  MSCIEAFA  BITCOIN   BRE  FTSECHINAA  HANGTECH  LEANHOG  LIVECOW   MXP  RICE  RUSSELL  SP500_micro
REDWHEAT         1.00   0.93  0.07  0.25  0.04  0.16 -0.18         0.35  0.28        0.32  -0.10  -0.05   -0.15  0.06 -0.01      0.12  0.02      0.08     0.01  0.26        0.16      0.16     0.05    -0.21  0.08  0.29     0.04         0.12
WHEAT            0.93   1.00  0.03  0.28  0.04  0.17 -0.20         0.35  0.27        0.36  -0.13  -0.05   -0.11  0.06 -0.02      0.11  0.01      0.07     0.01  0.29        0.12      0.15     0.04    -0.27  0.08  0.16     0.00         0.07
BUND             0.07   0.03  1.00  0.15  0.15  0.37  0.50         0.13  0.19       -0.18   0.02  -0.08   -0.42 -0.00 -0.02     -0.05 -0.10      0.17    -0.04  0.03       -0.06      0.11     0.07    -0.02 -0.01  0.09     0.13         0.04
CAD              0.25   0.28  0.15  1.00  0.61  0.53  0.16         0.53  0.75       -0.04  -0.06  -0.10   -0.01 -0.06  0.04      0.13 -0.03      0.36     0.14  0.25        0.08      0.40     0.07     0.10  0.45  0.17     0.09         0.19
GBP              0.04   0.04  0.15  0.61  1.00  0.63  0.35         0.64  0.80       -0.19   0.12   0.12   -0.05  0.27  0.38      0.31  0.26      0.58     0.23  0.31        0.16      0.41     0.17     0.18  0.40  0.21     0.16         0.16
JPY              0.16   0.17  0.37  0.53  0.63  1.00  0.39         0.58  0.59       -0.28  -0.25  -0.37   -0.67 -0.03  0.07     -0.01 -0.03      0.24     0.08  0.14       -0.09      0.28     0.05    -0.03  0.13  0.13    -0.04        -0.08
KR10            -0.18  -0.20  0.50  0.16  0.35  0.39  1.00         0.32  0.20       -0.20  -0.07  -0.16   -0.24  0.03  0.12     -0.07 -0.02      0.10     0.18 -0.02        0.02      0.26    -0.08     0.16  0.06 -0.10    -0.03         0.03
KRWUSD_mini      0.35   0.35  0.13  0.53  0.64  0.58  0.32         1.00  0.70        0.01  -0.02  -0.04   -0.24  0.23  0.22      0.22  0.11      0.34     0.25  0.27        0.15      0.37     0.09    -0.01  0.27  0.19     0.09         0.20
NZD              0.28   0.27  0.19  0.75  0.80  0.59  0.20         0.70  1.00        0.01   0.06   0.11   -0.09  0.26  0.30      0.40  0.23      0.55     0.20  0.42        0.18      0.40     0.25     0.03  0.42  0.26     0.24         0.25
BRENT-LAST       0.32   0.36 -0.18 -0.04 -0.19 -0.28 -0.20         0.01  0.01        1.00   0.20   0.32    0.09  0.39  0.19      0.37  0.31      0.07     0.12  0.26        0.06      0.01     0.23     0.17  0.07  0.09     0.14         0.19
MUMMY           -0.10  -0.13  0.02 -0.06  0.12 -0.25 -0.07        -0.02  0.06        0.20   1.00   0.72    0.23  0.49  0.51      0.29  0.47      0.41     0.14  0.12        0.22      0.06     0.47     0.27  0.17  0.15     0.31         0.21
TOPIX           -0.05  -0.05 -0.08 -0.10  0.12 -0.37 -0.16        -0.04  0.11        0.32   0.72   1.00    0.40  0.60  0.58      0.60  0.62      0.59     0.15  0.20        0.26      0.02     0.30     0.18  0.16  0.03     0.43         0.36
YENEUR          -0.15  -0.11 -0.42 -0.01 -0.05 -0.67 -0.24        -0.24 -0.09        0.09   0.23   0.40    1.00  0.02  0.01      0.13  0.07      0.07    -0.00  0.07        0.13     -0.04    -0.01     0.10  0.26 -0.07    -0.02        -0.00
AEX              0.06   0.06 -0.00 -0.06  0.27 -0.03  0.03         0.23  0.26        0.39   0.49   0.60    0.02  1.00  0.82      0.74  0.80      0.61     0.36  0.30        0.38      0.29     0.28     0.21  0.12  0.03     0.35         0.42
DAX             -0.01  -0.02 -0.02  0.04  0.38  0.07  0.12         0.22  0.30        0.19   0.51   0.58    0.01  0.82  1.00      0.66  0.86      0.71     0.42  0.16        0.34      0.27     0.26     0.34  0.13  0.10     0.32         0.39
EU-BASIC         0.12   0.11 -0.05  0.13  0.31 -0.01 -0.07         0.22  0.40        0.37   0.29   0.60    0.13  0.74  0.66      1.00  0.67      0.67     0.27  0.42        0.40      0.32     0.25     0.29  0.30  0.07     0.44         0.41
MIB              0.02   0.01 -0.10 -0.03  0.26 -0.03 -0.02         0.11  0.23        0.31   0.47   0.62    0.07  0.80  0.86      0.67  1.00      0.62     0.19  0.25        0.38      0.15     0.33     0.29  0.12  0.00     0.20         0.31
MSCIEAFA         0.08   0.07  0.17  0.36  0.58  0.24  0.10         0.34  0.55        0.07   0.41   0.59    0.07  0.61  0.71      0.67  0.62      1.00     0.35  0.40        0.27      0.38     0.20     0.23  0.37  0.14     0.53         0.59
BITCOIN          0.01   0.01 -0.04  0.14  0.23  0.08  0.18         0.25  0.20        0.12   0.14   0.15   -0.00  0.36  0.42      0.27  0.19      0.35     1.00  0.22        0.14      0.51    -0.01     0.13  0.13  0.09     0.43         0.52
BRE              0.26   0.29  0.03  0.25  0.31  0.14 -0.02         0.27  0.42        0.26   0.12   0.20    0.07  0.30  0.16      0.42  0.25      0.40     0.22  1.00        0.20      0.40     0.06     0.00  0.45  0.04     0.30         0.40
FTSECHINAA       0.16   0.12 -0.06  0.08  0.16 -0.09  0.02         0.15  0.18        0.06   0.22   0.26    0.13  0.38  0.34      0.40  0.38      0.27     0.14  0.20        1.00      0.47     0.18     0.19  0.15  0.02     0.16         0.25
HANGTECH         0.16   0.15  0.11  0.40  0.41  0.28  0.26         0.37  0.40        0.01   0.06   0.02   -0.04  0.29  0.27      0.32  0.15      0.38     0.51  0.40        0.47      1.00     0.07     0.09  0.42  0.10     0.27         0.40
LEANHOG          0.05   0.04  0.07  0.07  0.17  0.05 -0.08         0.09  0.25        0.23   0.47   0.30   -0.01  0.28  0.26      0.25  0.33      0.20    -0.01  0.06        0.18      0.07     1.00     0.17  0.20  0.27     0.30         0.05
LIVECOW         -0.21  -0.27 -0.02  0.10  0.18 -0.03  0.16        -0.01  0.03        0.17   0.27   0.18    0.10  0.21  0.34      0.29  0.29      0.23     0.13  0.00        0.19      0.09     0.17     1.00  0.16  0.08     0.13         0.05
MXP              0.08   0.08 -0.01  0.45  0.40  0.13  0.06         0.27  0.42        0.07   0.17   0.16    0.26  0.12  0.13      0.30  0.12      0.37     0.13  0.45        0.15      0.42     0.20     0.16  1.00  0.05     0.24         0.24
RICE             0.29   0.16  0.09  0.17  0.21  0.13 -0.10         0.19  0.26        0.09   0.15   0.03   -0.07  0.03  0.10      0.07  0.00      0.14     0.09  0.04        0.02      0.10     0.27     0.08  0.05  1.00     0.18         0.15
RUSSELL          0.04   0.00  0.13  0.09  0.16 -0.04 -0.03         0.09  0.24        0.14   0.31   0.43   -0.02  0.35  0.32      0.44  0.20      0.53     0.43  0.30        0.16      0.27     0.30     0.13  0.24  0.18     1.00         0.74
SP500_micro      0.12   0.07  0.04  0.19  0.16 -0.08  0.03         0.20  0.25        0.19   0.21   0.36   -0.00  0.42  0.39      0.41  0.31      0.59     0.52  0.40        0.25      0.40     0.05     0.05  0.24  0.15     0.74         1.00


********************************************************************************
                                 END OF REPORT                                  
********************************************************************************


