
********************************************************************************
               Risk report produced on 2021-10-08 08:50:40.185600               
********************************************************************************


Total risk across all strategies, annualised percentage 9.0

========================================
Risk per strategy, annualised percentage
========================================

                  risk
dynamic_TF_carry   9.0


==================================================================================================================================================================================================================================================================
                                                                                                                         Instrument risk                                                                                                                          
==================================================================================================================================================================================================================================================================

              daily_price_stdev  annual_price_stdev    price  daily_perc_stdev  annual_perc_stdev  point_size_base  contract_exposure  daily_risk_per_contract  annual_risk_per_contract  position   capital  exposure_held_perc_capital  annual_risk_perc_capital
LIVECOW                     1.0                15.9    128.3               0.8               12.4            294.8            37826.7                    293.2                    4690.9      -2.0  372125.7                       -20.3                      -2.5
VIX                         0.7                11.8     22.6               3.3               52.3            737.1            16694.7                    545.5                    8727.8      -1.0  372125.7                        -4.5                      -2.3
CAC                        62.7              1003.0   6505.0               1.0               15.4              8.5            55340.8                    533.3                    8532.8      -1.0  372125.7                       -14.9                      -2.3
JPY                         0.0                 0.0      0.0               0.3                5.1        9213431.0            82699.8                    265.9                    4253.8      -2.0  372125.7                       -44.4                      -2.3
KOSDAQ                     17.1               273.6   1355.9               1.3               20.2              6.2             8371.3                    105.6                    1689.0      -4.0  372125.7                        -9.0                      -1.8
OAT                         0.5                 7.8    165.9               0.3                4.7            850.7           141129.7                    414.9                    6638.0      -1.0  372125.7                       -37.9                      -1.8
SILVER                      0.4                 6.6     22.7               1.8               29.0            737.1            16720.5                    302.6                    4840.9      -1.0  372125.7                        -4.5                      -1.3
GBP                         0.0                 0.1      1.4               0.4                7.2          46067.2            62573.0                    281.0                    4496.7      -1.0  372125.7                       -16.8                      -1.2
CAD                         0.0                 0.1      0.8               0.4                6.7          73707.4            58468.4                    245.7                    3931.9      -1.0  372125.7                       -15.7                      -1.1
KR10                        0.4                 6.1    122.5               0.3                5.0            617.4            75606.3                    236.1                    3776.8      -1.0  372125.7                       -20.3                      -1.0
BOBL                        0.1                 2.1    134.9               0.1                1.6            850.7           114782.2                    114.2                    1826.8      -2.0  372125.7                       -61.7                      -1.0
FTSECHINAA                204.0              3264.5  15111.0               1.4               21.6              0.7            11137.9                    150.4                    2406.2      -1.0  372125.7                        -3.0                      -0.6
MXP                         0.0                 0.0      0.0               0.5                7.7         368537.2            17723.0                     85.1                    1361.0      -1.0  372125.7                        -4.8                      -0.4
EU-BANKS                    1.5                24.4    100.5               1.5               24.3             42.5             4275.0                     65.0                    1039.3       1.0  372125.7                         1.1                       0.3
NIKKEI400                 216.4              3463.1  17590.0               1.2               19.7              0.7            11654.0                    143.4                    2294.4       1.0  372125.7                         3.1                       0.6
CORN                        6.5               104.1    533.5               1.2               19.5             36.9            19661.5                    239.7                    3835.0       1.0  372125.7                         5.3                       1.0
EDOLLAR                     0.0                 0.6     98.6               0.0                0.6           1842.7           181725.7                     73.8                    1181.0       4.0  372125.7                       195.3                       1.3
US10                        0.3                 4.9    131.7               0.2                3.7            737.1            97098.0                    224.9                    3598.3       2.0  372125.7                        52.2                       1.9
BITCOIN                  2491.8             39868.8  55145.0               4.5               72.3              0.1             4064.6                    183.7                    2938.6       3.0  372125.7                         3.3                       2.4
CRUDE_W_mini                1.0                15.8     77.4               1.3               20.4            368.5            28524.8                    362.8                    5805.2       2.0  372125.7                        15.3                       3.1
GASOILINE                   0.0                 0.5      2.3               1.3               21.4          30957.1            70167.4                    936.4                   14982.5       1.0  372125.7                        18.9                       4.0
LEANHOG                     1.7                27.7     81.8               2.1               33.9            294.8            24117.1                    510.9                    8174.0       2.0  372125.7                        13.0                       4.4


============================================================================================================================================================================================
                                                                                        Correlations                                                                                        
============================================================================================================================================================================================

              BITCOIN  BOBL   CAC   CAD  CORN  CRUDE_W_mini  EDOLLAR  EU-BANKS  FTSECHINAA  GASOILINE   GBP   JPY  KOSDAQ  KR10  LEANHOG  LIVECOW   MXP  NIKKEI400   OAT  SILVER  US10   VIX
BITCOIN          1.00  0.17  0.05  0.31 -0.02         -0.70    -0.04      0.28        0.39       0.30  0.11 -0.03   -0.03  0.33     0.38     0.08 -0.16       0.00  0.28   -0.20 -0.17 -0.10
BOBL             0.17  1.00  0.26  0.13  0.04         -0.14    -0.07      0.16        0.08       0.18 -0.13  0.03    0.08  0.19     0.09     0.16 -0.07      -0.05  0.13   -0.07 -0.10 -0.12
CAC              0.05  0.26  1.00  0.06  0.13         -0.09    -0.03      0.02        0.01       0.38  0.10  0.18   -0.07  0.12     0.18     0.15 -0.01       0.07  0.15   -0.07  0.03 -0.06
CAD              0.31  0.13  0.06  1.00  0.00         -0.24    -0.27      0.33        0.20       0.18  0.02  0.04   -0.03  0.47     0.34     0.29 -0.31       0.13  0.72   -0.28 -0.19 -0.25
CORN            -0.02  0.04  0.13  0.00  1.00         -0.00     0.03      0.16       -0.13      -0.05 -0.00  0.13    0.13  0.12    -0.02     0.08 -0.08       0.22  0.02   -0.07 -0.10  0.04
CRUDE_W_mini    -0.70 -0.14 -0.09 -0.24 -0.00          1.00    -0.02     -0.28       -0.42      -0.22  0.05  0.02   -0.00 -0.36    -0.42    -0.17  0.05       0.02 -0.22    0.10  0.03  0.02
EDOLLAR         -0.04 -0.07 -0.03 -0.27  0.03         -0.02     1.00     -0.08        0.14       0.01  0.03  0.06   -0.05 -0.19    -0.04     0.03  0.67      -0.10 -0.11    0.52  0.31  0.91
EU-BANKS         0.28  0.16  0.02  0.33  0.16         -0.28    -0.08      1.00        0.12       0.47 -0.26 -0.02    0.18  0.37     0.17     0.08 -0.18       0.13  0.31   -0.20 -0.23 -0.06
FTSECHINAA       0.39  0.08  0.01  0.20 -0.13         -0.42     0.14      0.12        1.00       0.19 -0.05 -0.03   -0.07  0.29     0.59     0.26  0.27      -0.19  0.22    0.30  0.43  0.10
GASOILINE        0.30  0.18  0.38  0.18 -0.05         -0.22     0.01      0.47        0.19       1.00 -0.17  0.00    0.12  0.36     0.20     0.19 -0.00       0.06  0.23    0.00 -0.01  0.04
GBP              0.11 -0.13  0.10  0.02 -0.00          0.05     0.03     -0.26       -0.05      -0.17  1.00  0.12   -0.08 -0.11     0.07    -0.04  0.05      -0.09 -0.11    0.07  0.03  0.06
JPY             -0.03  0.03  0.18  0.04  0.13          0.02     0.06     -0.02       -0.03       0.00  0.12  1.00    0.24  0.02     0.04     0.18  0.07       0.10  0.05    0.03  0.06  0.03
KOSDAQ          -0.03  0.08 -0.07 -0.03  0.13         -0.00    -0.05      0.18       -0.07       0.12 -0.08  0.24    1.00  0.11     0.07     0.07  0.02       0.09  0.06    0.07  0.03  0.02
KR10             0.33  0.19  0.12  0.47  0.12         -0.36    -0.19      0.37        0.29       0.36 -0.11  0.02    0.11  1.00     0.49     0.52 -0.23       0.20  0.48   -0.13 -0.07 -0.13
LEANHOG          0.38  0.09  0.18  0.34 -0.02         -0.42    -0.04      0.17        0.59       0.20  0.07  0.04    0.07  0.49     1.00     0.39  0.01       0.07  0.36    0.09  0.36 -0.09
LIVECOW          0.08  0.16  0.15  0.29  0.08         -0.17     0.03      0.08        0.26       0.19 -0.04  0.18    0.07  0.52     0.39     1.00  0.06       0.15  0.21    0.08  0.18  0.01
MXP             -0.16 -0.07 -0.01 -0.31 -0.08          0.05     0.67     -0.18        0.27      -0.00  0.05  0.07    0.02 -0.23     0.01     0.06  1.00      -0.12 -0.14    0.90  0.65  0.70
NIKKEI400        0.00 -0.05  0.07  0.13  0.22          0.02    -0.10      0.13       -0.19       0.06 -0.09  0.10    0.09  0.20     0.07     0.15 -0.12       1.00  0.09   -0.14 -0.13 -0.09
OAT              0.28  0.13  0.15  0.72  0.02         -0.22    -0.11      0.31        0.22       0.23 -0.11  0.05    0.06  0.48     0.36     0.21 -0.14       0.09  1.00   -0.11 -0.14 -0.10
SILVER          -0.20 -0.07 -0.07 -0.28 -0.07          0.10     0.52     -0.20        0.30       0.00  0.07  0.03    0.07 -0.13     0.09     0.08  0.90      -0.14 -0.11    1.00  0.64  0.58
US10            -0.17 -0.10  0.03 -0.19 -0.10          0.03     0.31     -0.23        0.43      -0.01  0.03  0.06    0.03 -0.07     0.36     0.18  0.65      -0.13 -0.14    0.64  1.00  0.30
VIX             -0.10 -0.12 -0.06 -0.25  0.04          0.02     0.91     -0.06        0.10       0.04  0.06  0.03    0.02 -0.13    -0.09     0.01  0.70      -0.09 -0.10    0.58  0.30  1.00


********************************************************************************
                               END OF RISK REPORT                               
********************************************************************************


