
********************************************************************************
                    Risk report produced on 08/01/2026 22:54                    
********************************************************************************


Total risk across all strategies, annualised percentage 19.1
Percentage of capital used for margin 42.3%

========================================
Risk per strategy, annualised percentage
========================================

                  risk
dynamic_TF_carry  19.0


===================
Risk by asset class
===================

Ags        1.7
Bond       1.5
Equity    15.2
FX         3.8
Metals     4.6
OilGas     3.5
dtype: float64


=====================================================
Beta loadings of asset class positions on asset class
=====================================================

Bond     -0.14
OilGas   -0.07
Metals    0.01
Ags       0.03
FX        0.27
Equity    1.42
dtype: float64


========================================================
Beta loadings of full portfolio positions on asset class
========================================================

Bond     -0.32
OilGas   -0.05
Metals    0.26
Ags       0.38
FX        1.51
Equity    1.52
dtype: float64


===================================================================================================================================================================================================================================================================
                                                                                                                          Instrument risk                                                                                                                          
===================================================================================================================================================================================================================================================================

               daily_price_stdev  annual_price_stdev     price  daily_perc_stdev  annual_perc_stdev  point_size_base  contract_exposure  daily_risk_per_contract  annual_risk_per_contract  position  capital  exposure_held_perc_capital  annual_risk_perc_capital
GAS-PEN                    0.148               2.363      3.41              4.33               69.3           7429.0              25310                     1096                     17551        -1   661743                        -3.8                      -2.7
BITCOIN                 2354.506           37672.098  90835.00              2.59               41.5              0.1               6748                      174                      2798        -6   661743                        -6.1                      -2.5
BUXL                       0.730              11.680    110.18              0.66               10.6            867.9              95622                      633                     10136        -1   661743                       -14.5                      -1.5
JPY                        0.000               0.001      0.01              0.50                8.1        9286189.2              59478                      299                      4792        -2   661743                       -18.0                      -1.4
CRUDE_W_micro              1.010              16.156     58.10              1.74               27.8             74.3               4316                       75                      1200        -4   661743                        -2.6                      -0.7
GAS_US_mini                0.148               2.374      3.40              4.36               69.8           1857.2               6314                      275                      4408        -1   661743                        -1.0                      -0.7
RICE                       0.182               2.910     10.20              1.78               28.5           1485.8              15147                      270                      4323        -1   661743                        -2.3                      -0.7
WHEAT                      5.857              93.711    573.50              1.02               16.3             37.1              21302                      217                      3480        -1   661743                        -3.2                      -0.5
KRWUSD_mini                0.004               0.064      0.69              0.58                9.2          18572.4              12826                       73                      1182        -1   661743                        -1.9                      -0.2
AUD_micro                  0.003               0.044      0.67              0.41                6.6           7429.0               4973                       20                       328         1   661743                         0.8                       0.0
MXP                        0.000               0.004      0.06              0.40                6.3         371447.6              20533                       81                      1303         2   661743                         6.2                       0.4
BRE                        0.001               0.020      0.18              0.66               10.6          74289.5              13706                       90                      1452         2   661743                         4.1                       0.4
FTSECHINAA               131.803            2108.846  15465.00              0.85               13.6              0.7              11488                       97                      1566         2   661743                         3.5                       0.5
RUSSELL                   27.889             446.229   2615.70              1.07               17.1              3.7               9715                      103                      1657         4   661743                         5.9                       1.0
GBP                        0.005               0.079      1.34              0.37                5.9          46430.9              62361                      229                      3667         2   661743                        18.8                       1.1
TOPIX                     29.702             475.229   3499.00              0.85               13.6              4.7              16602                      140                      2254         4   661743                        10.0                       1.4
LEANHOG                    1.100              17.597     92.08              1.19               19.1            297.2              27360                      326                      5229         2   661743                         8.3                       1.6
SMI                       76.132            1218.113  13263.00              0.57                9.2              9.3             123619                      709                     11353         1   661743                        18.7                       1.7
YENEUR                     0.722              11.555    182.45              0.40                6.3            593.1             108212                      428                      6853         2   661743                        32.7                       2.1
MSCITAIWAN                16.140             258.238   1341.30              1.20               19.3             74.3              99644                     1199                     19184         1   661743                        15.1                       2.9
MIB                      312.711            5003.383  45710.00              0.68               10.9              4.3             198353                     1356                     21711         1   661743                        30.0                       3.3
AEX                        8.307             132.914    966.15              0.86               13.8            173.6             167700                     1441                     23070         1   661743                        25.3                       3.5
MSCIEAFA                  20.078             321.251   2956.00              0.68               10.9             37.1             109799                      745                     11932         2   661743                        33.2                       3.6
SILVER                     2.406              38.494     76.35              3.15               50.4            742.9              56720                     1787                     28596         1   661743                         8.6                       4.3

Sum of abs(notional exposure % capital) 274.6
Sum of abs(annualised risk % capital) 38.7
Net sum of annualised risk % capital 16.9 

===========================================================================================================================================================================================================================
                                                                                                       Correlations                                                                                                        
===========================================================================================================================================================================================================================

               BUXL   JPY  KRWUSD_mini   AEX  AUD_micro  BITCOIN   GBP  LEANHOG   MIB  MSCIEAFA  MSCITAIWAN   MXP  RUSSELL  SILVER   SMI  TOPIX   BRE  CRUDE_W_micro  FTSECHINAA  YENEUR  GAS-PEN  GAS_US_mini  RICE  WHEAT
BUXL           1.00  0.40         0.18  0.12       0.07     0.04  0.08    -0.00 -0.06      0.13        0.04 -0.05     0.11    0.05  0.12  -0.13 -0.02          -0.13       -0.09   -0.53    -0.12        -0.15  0.01  -0.10
JPY            0.40  1.00         0.46 -0.25       0.20    -0.14  0.38     0.15 -0.15      0.10       -0.26 -0.04    -0.16   -0.09 -0.11  -0.41 -0.05          -0.30       -0.14   -0.66    -0.29        -0.30  0.06   0.09
KRWUSD_mini    0.18  0.46         1.00  0.07       0.43     0.04  0.34     0.07  0.12      0.33        0.12  0.15    -0.04   -0.13  0.12   0.03  0.15          -0.01        0.04   -0.19    -0.04        -0.02  0.07   0.19
AEX            0.12 -0.25         0.07  1.00       0.47     0.49  0.22     0.21  0.78      0.73        0.76  0.25     0.67    0.37  0.68   0.62  0.39           0.34        0.46    0.15     0.07         0.16  0.09  -0.02
AUD_micro      0.07  0.20         0.43  0.47       1.00     0.39  0.63     0.30  0.54      0.76        0.49  0.51     0.48    0.49  0.36   0.43  0.50           0.36        0.52    0.21     0.01         0.07  0.11   0.21
BITCOIN        0.04 -0.14         0.04  0.49       0.39     1.00  0.24     0.18  0.43      0.45        0.41  0.25     0.51    0.20  0.28   0.42  0.33           0.19        0.32    0.17     0.04         0.08  0.18  -0.10
GBP            0.08  0.38         0.34  0.22       0.63     0.24  1.00     0.22  0.36      0.65        0.28  0.48     0.29    0.37  0.34   0.32  0.28          -0.06        0.29    0.24    -0.19        -0.16  0.08  -0.06
LEANHOG       -0.00  0.15         0.07  0.21       0.30     0.18  0.22     1.00  0.32      0.35        0.17  0.29     0.45    0.31  0.27   0.17  0.33           0.20        0.28    0.02    -0.11        -0.04  0.15   0.01
MIB           -0.06 -0.15         0.12  0.78       0.54     0.43  0.36     0.32  1.00      0.85        0.64  0.41     0.66    0.39  0.76   0.69  0.46           0.37        0.44    0.20     0.02         0.15  0.02  -0.00
MSCIEAFA       0.13  0.10         0.33  0.73       0.76     0.45  0.65     0.35  0.85      1.00        0.60  0.51     0.68    0.48  0.76   0.65  0.48           0.28        0.47    0.20    -0.06         0.03  0.03  -0.04
MSCITAIWAN     0.04 -0.26         0.12  0.76       0.49     0.41  0.28     0.17  0.64      0.60        1.00  0.28     0.58    0.33  0.49   0.68  0.36           0.33        0.43    0.25     0.07         0.12  0.11  -0.03
MXP           -0.05 -0.04         0.15  0.25       0.51     0.25  0.48     0.29  0.41      0.51        0.28  1.00     0.36    0.43  0.23   0.33  0.52           0.24        0.36    0.48    -0.07        -0.02 -0.13   0.06
RUSSELL        0.11 -0.16        -0.04  0.67       0.48     0.51  0.29     0.45  0.66      0.68        0.58  0.36     1.00    0.40  0.59   0.58  0.39           0.24        0.37    0.16    -0.10        -0.07 -0.00  -0.15
SILVER         0.05 -0.09        -0.13  0.37       0.49     0.20  0.37     0.31  0.39      0.48        0.33  0.43     0.40    1.00  0.40   0.21  0.21           0.28        0.28    0.32    -0.06         0.03  0.19   0.08
SMI            0.12 -0.11         0.12  0.68       0.36     0.28  0.34     0.27  0.76      0.76        0.49  0.23     0.59    0.40  1.00   0.57  0.28           0.15        0.22    0.10     0.04         0.14 -0.03  -0.23
TOPIX         -0.13 -0.41         0.03  0.62       0.43     0.42  0.32     0.17  0.69      0.65        0.68  0.33     0.58    0.21  0.57   1.00  0.37           0.29        0.46    0.42     0.16         0.19  0.00  -0.12
BRE           -0.02 -0.05         0.15  0.39       0.50     0.33  0.28     0.33  0.46      0.48        0.36  0.52     0.39    0.21  0.28   0.37  1.00           0.40        0.42    0.22     0.17         0.26  0.02   0.14
CRUDE_W_micro -0.13 -0.30        -0.01  0.34       0.36     0.19 -0.06     0.20  0.37      0.28        0.33  0.24     0.24    0.28  0.15   0.29  0.40           1.00        0.42    0.22     0.25         0.32  0.05   0.25
FTSECHINAA    -0.09 -0.14         0.04  0.46       0.52     0.32  0.29     0.28  0.44      0.47        0.43  0.36     0.37    0.28  0.22   0.46  0.42           0.42        1.00    0.28     0.10         0.11  0.05   0.30
YENEUR        -0.53 -0.66        -0.19  0.15       0.21     0.17  0.24     0.02  0.20      0.20        0.25  0.48     0.16    0.32  0.10   0.42  0.22           0.22        0.28    1.00     0.11         0.13 -0.05   0.02
GAS-PEN       -0.12 -0.29        -0.04  0.07       0.01     0.04 -0.19    -0.11  0.02     -0.06        0.07 -0.07    -0.10   -0.06  0.04   0.16  0.17           0.25        0.10    0.11     1.00         0.94 -0.04   0.13
GAS_US_mini   -0.15 -0.30        -0.02  0.16       0.07     0.08 -0.16    -0.04  0.15      0.03        0.12 -0.02    -0.07    0.03  0.14   0.19  0.26           0.32        0.11    0.13     0.94         1.00 -0.05   0.16
RICE           0.01  0.06         0.07  0.09       0.11     0.18  0.08     0.15  0.02      0.03        0.11 -0.13    -0.00    0.19 -0.03   0.00  0.02           0.05        0.05   -0.05    -0.04        -0.05  1.00   0.14
WHEAT         -0.10  0.09         0.19 -0.02       0.21    -0.10 -0.06     0.01 -0.00     -0.04       -0.03  0.06    -0.15    0.08 -0.23  -0.12  0.14           0.25        0.30    0.02     0.13         0.16  0.14   1.00


********************************************************************************
                                 END OF REPORT                                  
********************************************************************************


