
********************************************************************************
           Risk report report produced on 2023-06-05 22:52:33.962127            
********************************************************************************


Total risk across all strategies, annualised percentage 9.2
Percentage of capital used for margin 61.9%

========================================
Risk per strategy, annualised percentage
========================================

                  risk
dynamic_TF_carry   9.3


===================
Risk by asset class
===================

Ags       2.6
Equity    1.4
FX        6.8
Metals    0.7
OilGas    1.2
Sector    2.6
Vol       2.9
dtype: float64


=====================================================
Beta loadings of asset class positions on asset class
=====================================================

FX       -0.87
Ags      -0.10
Vol      -0.06
OilGas   -0.01
Metals   -0.01
Equity    0.06
Sector    0.13
dtype: float64


========================================================
Beta loadings of full portfolio positions on asset class
========================================================

FX       -0.86
Metals   -0.14
Vol      -0.10
Ags      -0.02
OilGas   -0.00
Equity    0.13
Sector    0.13
dtype: float64


=================================================================================================================================================================================================================================================================
                                                                                                                         Instrument risk                                                                                                                         
=================================================================================================================================================================================================================================================================

             daily_price_stdev  annual_price_stdev     price  daily_perc_stdev  annual_perc_stdev  point_size_base  contract_exposure  daily_risk_per_contract  annual_risk_per_contract  position  capital  exposure_held_perc_capital  annual_risk_perc_capital
JPY                      0.000               0.001      0.01              0.62                9.8       10058338.4              72198                      444                      7107        -2   358329                       -40.3                      -4.0
LEANHOG                  1.640              26.236     85.32              1.92               30.7            321.9              27463                      527                      8444        -1   358329                        -7.7                      -2.4
CHF                      0.005               0.079      1.11              0.45                7.2         100583.4             111204                      497                      7957        -1   358329                       -31.0                      -2.2
VIX                      0.572               9.157     19.70              2.91               46.5            804.7              15851                      460                      7368        -1   358329                        -4.4                      -2.1
CORN                     7.585             121.364    537.25              1.41               22.6             40.2              21615                      305                      4882        -1   358329                        -6.0                      -1.4
GAS_US_mini              0.133               2.123      2.37              5.61               89.8           2011.7               4757                      266                      4270        -1   358329                        -1.3                      -1.2
V2X                      0.671              10.743     17.05              3.94               63.0             86.1               1467                       57                       924        -4   358329                        -1.6                      -1.0
RUSSELL                 26.861             429.774   1810.40              1.48               23.7              4.0               7283                      108                      1729        -2   358329                        -4.1                      -1.0
GOLD_micro              17.486             279.773   1978.60              0.88               14.1              8.0              15921                      140                      2251        -1   358329                        -4.4                      -0.6
REDWHEAT                17.482             279.707    815.00              2.14               34.3             40.2              32790                      703                     11253         0   358329                         0.0                       0.0
EU-BANKS                 1.650              26.392    101.95              1.62               25.9             43.0               4388                       71                      1136         1   358329                         1.2                       0.3
BITCOIN                983.433           15734.931  25520.00              3.85               61.7              0.1               2053                       79                      1266         1   358329                         0.6                       0.4
KOSDAQ                  18.232             291.711   1320.80              1.38               22.1              6.2               8128                      112                      1795         1   358329                         2.3                       0.5
BRE                      0.002               0.028      0.20              0.86               13.7          80466.7              16266                      139                      2234         1   358329                         4.5                       0.6
NIKKEI                 314.399            5030.390  32225.00              0.98               15.6              0.6              18495                      180                      2887         1   358329                         5.2                       0.8
MSCISING                 3.372              53.954    287.80              1.17               18.7             59.6              17146                      200                      3214         1   358329                         4.8                       0.9
EU-OIL                   4.805              76.884    335.20              1.43               22.9             43.0              14428                      206                      3309         1   358329                         4.0                       0.9
LIVECOW                  1.199              19.188    173.30              0.69               11.1            321.9              55779                      385                      6175         1   358329                        15.6                       1.7
EU-AUTO                  9.139             146.219    617.00              1.48               23.7             43.0              26557                      393                      6293         1   358329                         7.4                       1.8
CNH                      0.020               0.314      7.11              0.28                4.4          11298.4              80359                      221                      3544         2   358329                        44.9                       2.0

Sum of abs(notional exposure % capital) 191.3
Sum of abs(annualised risk % capital) 25.8
Net sum of annualised risk % capital -6.0 

=================================================================================================================================================================================
                                                                                  Correlations                                                                                   
=================================================================================================================================================================================

              V2X   VIX   CNH   BRE  EU-AUTO  EU-BANKS  EU-OIL  KOSDAQ  LEANHOG  LIVECOW  MSCISING  NIKKEI  RUSSELL   CHF  GOLD_micro   JPY  BITCOIN  CORN  GAS_US_mini  REDWHEAT
V2X          1.00  0.68  0.12 -0.35    -0.67     -0.67   -0.50   -0.36    -0.24    -0.40     -0.35   -0.61    -0.59 -0.13       -0.01 -0.04    -0.01  0.18        -0.01     -0.00
VIX          0.68  1.00  0.12 -0.52    -0.48     -0.49   -0.34   -0.37    -0.18    -0.50     -0.29   -0.46    -0.71  0.01        0.01 -0.01    -0.27  0.01        -0.16     -0.09
CNH          0.12  0.12  1.00 -0.10    -0.17      0.03    0.01   -0.15     0.07     0.15     -0.29   -0.07    -0.30 -0.48       -0.65 -0.46    -0.20  0.07         0.01      0.04
BRE         -0.35 -0.52 -0.10  1.00     0.24      0.25    0.39    0.21     0.29     0.24      0.14    0.20     0.38 -0.00        0.14  0.17     0.23  0.14        -0.10      0.10
EU-AUTO     -0.67 -0.48 -0.17  0.24     1.00      0.68    0.44    0.41     0.28     0.38      0.39    0.54     0.60  0.18        0.04  0.11    -0.00 -0.23         0.08     -0.07
EU-BANKS    -0.67 -0.49  0.03  0.25     0.68      1.00    0.60    0.32     0.39     0.44      0.47    0.41     0.45  0.03       -0.27 -0.06    -0.08 -0.15         0.03     -0.10
EU-OIL      -0.50 -0.34  0.01  0.39     0.44      0.60    1.00    0.42     0.26     0.21      0.32    0.44     0.39  0.02       -0.05 -0.05     0.05 -0.01         0.20      0.11
KOSDAQ      -0.36 -0.37 -0.15  0.21     0.41      0.32    0.42    1.00     0.16     0.40      0.37    0.50     0.45  0.28        0.15  0.09     0.24 -0.00         0.11     -0.02
LEANHOG     -0.24 -0.18  0.07  0.29     0.28      0.39    0.26    0.16     1.00     0.40      0.17    0.12     0.23  0.02       -0.10  0.02    -0.05  0.02         0.08      0.08
LIVECOW     -0.40 -0.50  0.15  0.24     0.38      0.44    0.21    0.40     0.40     1.00      0.16    0.26     0.43  0.00       -0.18 -0.04     0.07  0.14         0.02      0.05
MSCISING    -0.35 -0.29 -0.29  0.14     0.39      0.47    0.32    0.37     0.17     0.16      1.00    0.35     0.30  0.29        0.16  0.15     0.19 -0.10         0.05     -0.00
NIKKEI      -0.61 -0.46 -0.07  0.20     0.54      0.41    0.44    0.50     0.12     0.26      0.35    1.00     0.57  0.15        0.02 -0.28     0.12 -0.21         0.29     -0.07
RUSSELL     -0.59 -0.71 -0.30  0.38     0.60      0.45    0.39    0.45     0.23     0.43      0.30    0.57     1.00  0.24        0.21  0.12     0.35 -0.08         0.24      0.11
CHF         -0.13  0.01 -0.48 -0.00     0.18      0.03    0.02    0.28     0.02     0.00      0.29    0.15     0.24  1.00        0.64  0.58     0.07 -0.14        -0.14     -0.06
GOLD_micro  -0.01  0.01 -0.65  0.14     0.04     -0.27   -0.05    0.15    -0.10    -0.18      0.16    0.02     0.21  0.64        1.00  0.66     0.21  0.03        -0.17      0.07
JPY         -0.04 -0.01 -0.46  0.17     0.11     -0.06   -0.05    0.09     0.02    -0.04      0.15   -0.28     0.12  0.58        0.66  1.00     0.06  0.01        -0.30      0.02
BITCOIN     -0.01 -0.27 -0.20  0.23    -0.00     -0.08    0.05    0.24    -0.05     0.07      0.19    0.12     0.35  0.07        0.21  0.06     1.00  0.04         0.04      0.13
CORN         0.18  0.01  0.07  0.14    -0.23     -0.15   -0.01   -0.00     0.02     0.14     -0.10   -0.21    -0.08 -0.14        0.03  0.01     0.04  1.00        -0.02      0.47
GAS_US_mini -0.01 -0.16  0.01 -0.10     0.08      0.03    0.20    0.11     0.08     0.02      0.05    0.29     0.24 -0.14       -0.17 -0.30     0.04 -0.02         1.00      0.11
REDWHEAT    -0.00 -0.09  0.04  0.10    -0.07     -0.10    0.11   -0.02     0.08     0.05     -0.00   -0.07     0.11 -0.06        0.07  0.02     0.13  0.47         0.11      1.00


********************************************************************************
                                 END OF REPORT                                  
********************************************************************************


