
********************************************************************************
                    Risk report produced on 20/09/2024 22:52                    
********************************************************************************


Total risk across all strategies, annualised percentage 9.2
Percentage of capital used for margin 69.1%

========================================
Risk per strategy, annualised percentage
========================================

                  risk
dynamic_TF_carry   9.1


===================
Risk by asset class
===================

Ags       2.3
Bond      3.5
Equity    7.9
FX        0.7
Metals    1.8
OilGas    2.2
Sector    0.5
Vol       2.4
dtype: float64


=====================================================
Beta loadings of asset class positions on asset class
=====================================================

Ags      -0.12
Metals   -0.05
OilGas   -0.04
Sector   -0.02
Vol       0.05
FX        0.11
Equity    0.50
Bond      0.52
dtype: float64


========================================================
Beta loadings of full portfolio positions on asset class
========================================================

Ags      -0.18
Vol      -0.07
OilGas   -0.04
Sector    0.04
Metals    0.05
Equity    0.38
Bond      0.74
FX        0.78
dtype: float64


==================================================================================================================================================================================================================================================================
                                                                                                                         Instrument risk                                                                                                                          
==================================================================================================================================================================================================================================================================

              daily_price_stdev  annual_price_stdev     price  daily_perc_stdev  annual_perc_stdev  point_size_base  contract_exposure  daily_risk_per_contract  annual_risk_per_contract  position  capital  exposure_held_perc_capital  annual_risk_perc_capital
GAS-PEN                   0.089               1.427      2.35              3.79               60.7           7513.5              17664                      669                     10718        -1   587118                        -3.0                      -1.8
ALUMINIUM                34.308             548.932   2468.50              1.39               22.2             18.8              46367                      644                     10310        -1   587118                        -7.9                      -1.8
COTTON2                   1.193              19.096     73.07              1.63               26.1            375.7              27450                      448                      7173        -1   587118                        -4.7                      -1.2
WHEAT                     9.461             151.373    566.50              1.67               26.7             37.6              21281                      355                      5686        -1   587118                        -3.6                      -1.0
SOYMEAL                   4.354              69.665    322.70              1.35               21.6             75.1              24245                      327                      5234        -1   587118                        -4.1                      -0.9
CHINAA-CON               16.511             264.169   1794.00              0.92               14.7             18.8              33697                      310                      4962        -1   587118                        -5.7                      -0.8
BITCOIN                1906.190           30499.033  64010.00              2.98               47.6              0.1               4809                      143                      2291        -2   587118                        -1.6                      -0.8
CORN                      4.943              79.089    405.75              1.22               19.5             37.6              15242                      185                      2971        -1   587118                        -2.6                      -0.5
EU-OIL                    4.009              64.137    348.60              1.15               18.4             42.0              14623                      168                      2690        -1   587118                        -2.5                      -0.5
GAS_US_mini               0.076               1.220      2.59              2.94               47.1           1878.4               4864                      143                      2291        -1   587118                        -0.8                      -0.4
IRON                      1.855              29.675     92.85              2.00               32.0             75.1               6976                      139                      2229        -1   587118                        -1.2                      -0.4
FTSECHINAA               90.131            1442.088  11213.00              0.80               12.9              0.8               8424                       67                      1083        -2   587118                        -2.9                      -0.4
CANOLA                   11.388             182.205    593.90              1.92               30.7             11.1               6581                      126                      2019        -1   587118                        -1.1                      -0.3
HANGENT_mini             79.469            1271.503   6401.00              1.24               19.9              1.0               6173                       76                      1226        -1   587118                        -1.1                      -0.2
MUMMY                    15.520             248.317    655.00              2.37               37.9              5.3               3458                       81                      1311         1   587118                         0.6                       0.2
DAX                     148.280            2372.478  19159.00              0.77               12.4              0.8              16074                      124                      1990         1   587118                         2.7                       0.3
GBP                       0.006               0.090      1.33              0.42                6.8          46959.1              62352                      264                      4224         1   587118                        10.6                       0.7
LEANHOG                   1.033              16.536     74.32              1.39               22.2            300.5              22337                      310                      4969         1   587118                         3.8                       0.8
US10U                     0.486               7.781    119.02              0.41                6.5            751.3              89421                      365                      5845         1   587118                        15.2                       1.0
SP500_micro              49.211             787.376   5786.00              0.85               13.6              3.8              21736                      184                      2957         2   587118                         7.4                       1.0
SILVER                    0.561               8.983     31.28              1.79               28.7            751.3              23505                      421                      6749         1   587118                         4.0                       1.1
KR10                      0.406               6.496    117.33              0.35                5.5            569.1              66777                      231                      3697         2   587118                        22.7                       1.3
MSCISING                  3.154              50.466    340.40              0.93               14.8             58.3              19831                      183                      2940         3   587118                        10.1                       1.5
US20                      0.760              12.164    125.25              0.61                9.7            751.3              94106                      571                      9139         1   587118                        16.0                       1.6
SPI200                   57.495             919.926   8271.00              0.70               11.1             12.8             105891                      736                     11777         1   587118                        18.0                       2.0
VIX                       0.594               9.498     17.95              3.31               52.9            751.3              13486                      446                      7136         2   587118                         4.6                       2.4
MSCIEAFA                 21.456             343.298   2476.10              0.87               13.9             37.6              93020                      806                     12896         2   587118                        31.7                       4.4

Sum of abs(notional exposure % capital) 190.2
Sum of abs(annualised risk % capital) 29.3
Net sum of annualised risk % capital 7.3 

=======================================================================================================================================================================================================================================================
                                                                                                                     Correlations                                                                                                                      
=======================================================================================================================================================================================================================================================

              BITCOIN  CHINAA-CON  COTTON2   DAX  EU-OIL  FTSECHINAA   GBP  HANGENT_mini  MSCIEAFA  MSCISING  MUMMY  SILVER  SP500_micro  SPI200  ALUMINIUM  CANOLA  CORN  IRON  LEANHOG  SOYMEAL  WHEAT  GAS-PEN  GAS_US_mini  KR10  US10U  US20   VIX
BITCOIN          1.00        0.19     0.16  0.38    0.20        0.15  0.32          0.13      0.40      0.20   0.27    0.28         0.26    0.24       0.06    0.06  0.08 -0.02     0.10    -0.01  -0.02     0.03         0.08  0.13   0.15  0.16 -0.23
CHINAA-CON       0.19        1.00     0.18  0.42    0.23        0.93  0.24          0.64      0.46      0.40   0.39    0.24         0.40    0.43       0.26    0.21  0.01  0.12     0.14    -0.05  -0.10    -0.09        -0.11  0.08  -0.01  0.00 -0.33
COTTON2          0.16        0.18     1.00  0.35    0.30        0.19  0.12          0.31      0.27      0.24   0.20    0.15         0.28    0.29       0.17    0.09  0.12  0.11     0.13     0.05  -0.09    -0.05         0.03  0.01  -0.18 -0.16 -0.23
DAX              0.38        0.42     0.35  1.00    0.56        0.38  0.48          0.50      0.84      0.62   0.69    0.34         0.73    0.73       0.12    0.25  0.16 -0.07     0.16     0.02   0.01     0.09         0.10  0.10   0.02  0.05 -0.64
EU-OIL           0.20        0.23     0.30  0.56    1.00        0.24  0.22          0.38      0.51      0.34   0.33    0.34         0.38    0.39       0.21    0.18  0.10  0.13     0.08     0.03   0.06     0.13         0.19 -0.06  -0.22 -0.20 -0.37
FTSECHINAA       0.15        0.93     0.19  0.38    0.24        1.00  0.24          0.65      0.44      0.37   0.36    0.22         0.36    0.37       0.35    0.17 -0.03  0.22     0.08    -0.02  -0.07    -0.12        -0.14  0.03  -0.06 -0.04 -0.33
GBP              0.32        0.24     0.12  0.48    0.22        0.24  1.00          0.32      0.68      0.34   0.50    0.48         0.56    0.47       0.20    0.13 -0.01  0.11     0.19    -0.06  -0.09     0.04         0.06  0.20   0.30  0.30 -0.39
HANGENT_mini     0.13        0.64     0.31  0.50    0.38        0.65  0.32          1.00      0.59      0.48   0.40    0.20         0.47    0.46       0.32    0.13  0.10  0.07     0.06     0.10   0.03     0.02         0.01  0.20   0.05  0.08 -0.49
MSCIEAFA         0.40        0.46     0.27  0.84    0.51        0.44  0.68          0.59      1.00      0.65   0.71    0.43         0.80    0.77       0.21    0.16  0.04 -0.03     0.16    -0.04  -0.07     0.10         0.11  0.21   0.28  0.30 -0.69
MSCISING         0.20        0.40     0.24  0.62    0.34        0.37  0.34          0.48      0.65      1.00   0.69    0.37         0.60    0.66       0.25    0.05  0.02 -0.15     0.05    -0.05  -0.03     0.14         0.13  0.11  -0.00  0.03 -0.49
MUMMY            0.27        0.39     0.20  0.69    0.33        0.36  0.50          0.40      0.71      0.69   1.00    0.25         0.63    0.62       0.02    0.05 -0.07 -0.19     0.07    -0.15  -0.27     0.07         0.08  0.06  -0.01  0.00 -0.58
SILVER           0.28        0.24     0.15  0.34    0.34        0.22  0.48          0.20      0.43      0.37   0.25    1.00         0.45    0.36       0.51    0.14  0.12  0.27     0.09     0.05   0.07     0.18         0.16  0.06   0.13  0.12 -0.17
SP500_micro      0.26        0.40     0.28  0.73    0.38        0.36  0.56          0.47      0.80      0.60   0.63    0.45         1.00    0.75       0.16    0.19  0.15 -0.02     0.09    -0.08  -0.05     0.17         0.17  0.25   0.23  0.27 -0.68
SPI200           0.24        0.43     0.29  0.73    0.39        0.37  0.47          0.46      0.77      0.66   0.62    0.36         0.75    1.00       0.17    0.13  0.11 -0.09     0.14     0.04  -0.13     0.14         0.13  0.18   0.28  0.32 -0.53
ALUMINIUM        0.06        0.26     0.17  0.12    0.21        0.35  0.20          0.32      0.21      0.25   0.02    0.51         0.16    0.17       1.00    0.11  0.12  0.42     0.17     0.18   0.23    -0.02        -0.04  0.03  -0.00  0.02  0.00
CANOLA           0.06        0.21     0.09  0.25    0.18        0.17  0.13          0.13      0.16      0.05   0.05    0.14         0.19    0.13       0.11    1.00  0.40  0.18     0.39     0.45   0.42     0.01         0.02 -0.25  -0.19 -0.20 -0.17
CORN             0.08        0.01     0.12  0.16    0.10       -0.03 -0.01          0.10      0.04      0.02  -0.07    0.12         0.15    0.11       0.12    0.40  1.00  0.06     0.18     0.47   0.57     0.17         0.16 -0.03   0.01  0.03  0.02
IRON            -0.02        0.12     0.11 -0.07    0.13        0.22  0.11          0.07     -0.03     -0.15  -0.19    0.27        -0.02   -0.09       0.42    0.18  0.06  1.00     0.06     0.19   0.15    -0.23        -0.21  0.03  -0.10 -0.08  0.07
LEANHOG          0.10        0.14     0.13  0.16    0.08        0.08  0.19          0.06      0.16      0.05   0.07    0.09         0.09    0.14       0.17    0.39  0.18  0.06     1.00     0.30   0.21     0.00         0.02 -0.09   0.08  0.08  0.01
SOYMEAL         -0.01       -0.05     0.05  0.02    0.03       -0.02 -0.06          0.10     -0.04     -0.05  -0.15    0.05        -0.08    0.04       0.18    0.45  0.47  0.19     0.30     1.00   0.36    -0.01        -0.01 -0.01   0.13  0.15  0.20
WHEAT           -0.02       -0.10    -0.09  0.01    0.06       -0.07 -0.09          0.03     -0.07     -0.03  -0.27    0.07        -0.05   -0.13       0.23    0.42  0.57  0.15     0.21     0.36   1.00     0.14         0.15 -0.05  -0.06 -0.04 -0.02
GAS-PEN          0.03       -0.09    -0.05  0.09    0.13       -0.12  0.04          0.02      0.10      0.14   0.07    0.18         0.17    0.14      -0.02    0.01  0.17 -0.23     0.00    -0.01   0.14     1.00         0.96 -0.08   0.07  0.06 -0.22
GAS_US_mini      0.08       -0.11     0.03  0.10    0.19       -0.14  0.06          0.01      0.11      0.13   0.08    0.16         0.17    0.13      -0.04    0.02  0.16 -0.21     0.02    -0.01   0.15     0.96         1.00 -0.06   0.05  0.05 -0.23
KR10             0.13        0.08     0.01  0.10   -0.06        0.03  0.20          0.20      0.21      0.11   0.06    0.06         0.25    0.18       0.03   -0.25 -0.03  0.03    -0.09    -0.01  -0.05    -0.08        -0.06  1.00   0.61  0.62 -0.03
US10U            0.15       -0.01    -0.18  0.02   -0.22       -0.06  0.30          0.05      0.28     -0.00  -0.01    0.13         0.23    0.28      -0.00   -0.19  0.01 -0.10     0.08     0.13  -0.06     0.07         0.05  0.61   1.00  0.98 -0.00
US20             0.16        0.00    -0.16  0.05   -0.20       -0.04  0.30          0.08      0.30      0.03   0.00    0.12         0.27    0.32       0.02   -0.20  0.03 -0.08     0.08     0.15  -0.04     0.06         0.05  0.62   0.98  1.00 -0.01
VIX             -0.23       -0.33    -0.23 -0.64   -0.37       -0.33 -0.39         -0.49     -0.69     -0.49  -0.58   -0.17        -0.68   -0.53       0.00   -0.17  0.02  0.07     0.01     0.20  -0.02    -0.22        -0.23 -0.03  -0.00 -0.01  1.00


********************************************************************************
                                 END OF REPORT                                  
********************************************************************************


