
********************************************************************************
                    Risk report produced on 19/11/2024 22:52                    
********************************************************************************


Total risk across all strategies, annualised percentage 10.8
Percentage of capital used for margin 75.0%

========================================
Risk per strategy, annualised percentage
========================================

                  risk
dynamic_TF_carry  10.8


===================
Risk by asset class
===================

Ags       2.0
Bond      2.7
Equity    5.0
FX        4.1
Metals    3.0
OilGas    3.6
Other     0.8
Vol       2.4
dtype: float64


=====================================================
Beta loadings of asset class positions on asset class
=====================================================

FX       -0.56
Bond     -0.16
Ags      -0.10
OilGas   -0.10
Metals   -0.05
Vol      -0.04
Other     0.03
Equity    0.32
dtype: float64


========================================================
Beta loadings of full portfolio positions on asset class
========================================================

FX       -0.89
Bond     -0.37
Ags      -0.19
Vol      -0.15
OilGas   -0.09
Metals   -0.02
Other     0.01
Equity    0.42
dtype: float64


===================================================================================================================================================================================================================================================================
                                                                                                                          Instrument risk                                                                                                                          
===================================================================================================================================================================================================================================================================

               daily_price_stdev  annual_price_stdev     price  daily_perc_stdev  annual_perc_stdev  point_size_base  contract_exposure  daily_risk_per_contract  annual_risk_per_contract  position  capital  exposure_held_perc_capital  annual_risk_perc_capital
US30                       1.269              20.309    122.44              1.04               16.6            791.8              96941                     1004                     16079        -1   590943                       -16.4                      -2.7
ALUMINIUM                 50.604             809.669   2565.75              1.97               31.6             19.8              50786                     1001                     16026        -1   590943                        -8.6                      -2.7
JPY                        0.000               0.001      0.01              0.76               12.2        9897070.5              64217                      490                      7840        -2   590943                       -21.7                      -2.7
GAS-PEN                    0.115               1.848      3.19              3.62               57.9           7917.7              25257                      914                     14628        -1   590943                        -4.3                      -2.5
VIX                        0.553               8.843     16.55              3.34               53.4            791.8              13103                      437                      7001        -2   590943                        -4.4                      -2.4
CHF                        0.006               0.088      1.14              0.49                7.8          98970.7             112391                      547                      8753        -1   590943                       -19.0                      -1.5
EURO600                    4.050              64.801    504.00              0.80               12.9             41.8              21056                      169                      2707        -3   590943                       -10.7                      -1.4
GAS_US_mini                0.096               1.539      3.18              3.03               48.4           1979.4               6294                      190                      3046        -2   590943                        -2.1                      -1.0
CRUDE_W_micro              1.468              23.492     69.07              2.13               34.0             79.2               5468                      116                      1860        -3   590943                        -2.8                      -0.9
COTTON2                    0.879              14.066     66.62              1.32               21.1            395.9              26373                      348                      5568        -1   590943                        -4.5                      -0.9
SOYMEAL                    3.683              58.932    292.30              1.26               20.2             79.2              23143                      291                      4666        -1   590943                        -3.9                      -0.8
CAD                        0.002               0.040      0.71              0.35                5.6          79176.6              56532                      196                      3139        -1   590943                        -9.6                      -0.5
CORN                       4.795              76.722    429.25              1.12               17.9             39.6              16993                      189                      3037        -1   590943                        -2.9                      -0.5
IRON                       2.220              35.525     99.45              2.23               35.7             79.2               7874                      175                      2812        -1   590943                        -1.3                      -0.5
HANGENT_mini             149.928            2398.844   7082.00              2.12               33.9              1.0               7204                      152                      2440        -1   590943                        -1.2                      -0.4
KOSDAQ                    25.128             402.044   1176.80              2.14               34.2              5.7               6664                      142                      2276        -1   590943                        -1.1                      -0.4
CANOLA                    10.341             165.457    660.20              1.57               25.1             11.3               7458                      116                      1869        -1   590943                        -1.3                      -0.3
MILLWHEAT                  2.580              41.284    226.25              1.14               18.2             41.8               9452                      107                      1724        -1   590943                        -1.6                      -0.3
MUMMY                     11.770             188.328    629.00              1.87               29.9              5.1               3237                       60                       969         1   590943                         0.5                       0.2
DOW                      350.709            5611.349  43532.00              0.81               12.9              0.4              17233                      138                      2221         1   590943                         2.9                       0.4
TOPIX                     30.218             483.485   2713.00              1.11               17.8              5.1              13964                      155                      2488         1   590943                         2.4                       0.4
BITCOIN                 2576.814           41229.021  91835.00              2.81               44.9              0.1               7271                      204                      3264         1   590943                         1.2                       0.6
NIKKEI                   509.032            8144.510  38470.00              1.32               21.2              0.5              19801                      262                      4192         1   590943                         3.4                       0.7
RUBBER                     3.535              56.568    188.10              1.88               30.1             39.6               7446                      139                      2239         2   590943                         2.5                       0.8
MSCISING                   2.791              44.663    371.25              0.75               12.0             59.1              21933                      164                      2638         2   590943                         7.4                       0.9
NASDAQ_micro             219.572            3513.147  20645.75              1.06               17.0              1.6              32693                      347                      5563         1   590943                         5.5                       0.9
SP500_micro               45.652             730.431   5919.75              0.77               12.3              4.0              23435                      180                      2891         2   590943                         7.9                       1.0
LEANHOG                    1.149              18.389     79.97              1.44               23.0            316.7              25328                      364                      5824         1   590943                         4.3                       1.0
MIB                      318.166            5090.662  33835.00              0.94               15.0              4.2             141360                     1329                     21268         1   590943                        23.9                       3.6

Sum of abs(notional exposure % capital) 179.3
Sum of abs(annualised risk % capital) 32.9
Net sum of annualised risk % capital -11.9 

============================================================================================================================================================================================================================================================================
                                                                                                                                Correlations                                                                                                                                
============================================================================================================================================================================================================================================================================

                DOW  EURO600  KOSDAQ   MIB  MSCISING  MUMMY  NASDAQ_micro  NIKKEI  SP500_micro  TOPIX  BITCOIN   CHF   JPY  LEANHOG  US30  ALUMINIUM   CAD  COTTON2  CRUDE_W_micro  HANGENT_mini  IRON  RUBBER  CANOLA  CORN  GAS-PEN  GAS_US_mini  MILLWHEAT  SOYMEAL   VIX
DOW            1.00     0.65    0.39  0.50      0.48   0.49          0.68    0.48         0.85   0.52     0.19 -0.02 -0.01     0.07  0.26       0.12  0.33     0.27           0.18          0.28  0.02    0.24    0.06  0.08    -0.01        -0.04      -0.04     0.01 -0.73
EURO600        0.65     1.00    0.44  0.77      0.53   0.35          0.54    0.55         0.66   0.54     0.13  0.11  0.04     0.08  0.31       0.27  0.40     0.26           0.12          0.40  0.06    0.28    0.07  0.03    -0.00        -0.07       0.01     0.02 -0.56
KOSDAQ         0.39     0.44    1.00  0.34      0.26   0.33          0.43    0.63         0.43   0.58    -0.05  0.12  0.02     0.02  0.19       0.27  0.21     0.04           0.13          0.43  0.16    0.23   -0.10 -0.02    -0.06        -0.15       0.03    -0.00 -0.32
MIB            0.50     0.77    0.34  1.00      0.44   0.31          0.36    0.43         0.46   0.46     0.21  0.02 -0.09     0.20  0.07       0.06  0.27     0.16           0.01          0.17 -0.08    0.07    0.18 -0.15    -0.21        -0.25      -0.05    -0.07 -0.41
MSCISING       0.48     0.53    0.26  0.44      1.00   0.41          0.52    0.46         0.57   0.50     0.22 -0.20 -0.12     0.06  0.07       0.13  0.06     0.11           0.01          0.27 -0.08    0.06   -0.11  0.01    -0.06        -0.07      -0.09    -0.08 -0.64
MUMMY          0.49     0.35    0.33  0.31      0.41   1.00          0.42    0.60         0.47   0.68     0.15  0.07 -0.12     0.16  0.18       0.06  0.13     0.28           0.06          0.23  0.11    0.05   -0.02 -0.00    -0.09        -0.14      -0.15    -0.01 -0.37
NASDAQ_micro   0.68     0.54    0.43  0.36      0.52   0.42          1.00    0.59         0.94   0.55     0.07 -0.08 -0.14    -0.07  0.21       0.27  0.30     0.27           0.19          0.40  0.08    0.29   -0.08  0.14     0.19         0.12      -0.12    -0.05 -0.74
NIKKEI         0.48     0.55    0.63  0.43      0.46   0.60          0.59    1.00         0.58   0.94     0.02 -0.08 -0.23     0.03  0.09       0.28  0.20     0.28           0.14          0.42  0.30    0.21   -0.08 -0.04    -0.02        -0.04      -0.04    -0.14 -0.42
SP500_micro    0.85     0.66    0.43  0.46      0.57   0.47          0.94    0.58         1.00   0.57     0.13 -0.06 -0.10     0.02  0.26       0.22  0.34     0.31           0.23          0.38  0.04    0.30   -0.04  0.12     0.11         0.05      -0.09    -0.03 -0.79
TOPIX          0.52     0.54    0.58  0.46      0.50   0.68          0.55    0.94         0.57   1.00     0.05 -0.11 -0.28     0.11  0.07       0.26  0.18     0.25           0.15          0.41  0.29    0.17   -0.02 -0.01    -0.03        -0.08      -0.04    -0.09 -0.49
BITCOIN        0.19     0.13   -0.05  0.21      0.22   0.15          0.07    0.02         0.13   0.05     1.00 -0.04  0.07     0.09  0.08      -0.09 -0.07     0.19          -0.25         -0.08 -0.12   -0.01   -0.12 -0.04    -0.23        -0.19      -0.12    -0.15 -0.17
CHF           -0.02     0.11    0.12  0.02     -0.20   0.07         -0.08   -0.08        -0.06  -0.11    -0.04  1.00  0.66     0.10  0.39       0.21  0.50    -0.04          -0.02          0.24  0.04    0.22    0.02  0.01    -0.09        -0.17      -0.07     0.18  0.26
JPY           -0.01     0.04    0.02 -0.09     -0.12  -0.12         -0.14   -0.23        -0.10  -0.28     0.07  0.66  1.00    -0.00  0.51       0.04  0.32    -0.07          -0.18          0.02 -0.04    0.12   -0.20 -0.05    -0.24        -0.31      -0.06     0.12  0.15
LEANHOG        0.07     0.08    0.02  0.20      0.06   0.16         -0.07    0.03         0.02   0.11     0.09  0.10 -0.00     1.00 -0.05       0.10  0.03     0.14           0.22          0.08  0.12    0.05    0.22  0.01    -0.24        -0.19      -0.03     0.01  0.07
US30           0.26     0.31    0.19  0.07      0.07   0.18          0.21    0.09         0.26   0.07     0.08  0.39  0.51    -0.05  1.00       0.00  0.34    -0.05          -0.16         -0.00 -0.05   -0.02   -0.29 -0.03     0.09         0.02      -0.09     0.04 -0.15
ALUMINIUM      0.12     0.27    0.27  0.06      0.13   0.06          0.27    0.28         0.22   0.26    -0.09  0.21  0.04     0.10  0.00       1.00  0.44     0.28           0.22          0.48  0.37    0.57    0.14  0.21     0.08        -0.01       0.08     0.18 -0.16
CAD            0.33     0.40    0.21  0.27      0.06   0.13          0.30    0.20         0.34   0.18    -0.07  0.50  0.32     0.03  0.34       0.44  1.00     0.13           0.21          0.42  0.24    0.37    0.21  0.19     0.03        -0.06       0.08     0.27 -0.21
COTTON2        0.27     0.26    0.04  0.16      0.11   0.28          0.27    0.28         0.31   0.25     0.19 -0.04 -0.07     0.14 -0.05       0.28  0.13     1.00           0.21          0.24  0.20    0.19    0.10  0.06     0.08         0.12       0.10    -0.04 -0.21
CRUDE_W_micro  0.18     0.12    0.13  0.01      0.01   0.06          0.19    0.14         0.23   0.15    -0.25 -0.02 -0.18     0.22 -0.16       0.22  0.21     0.21           1.00          0.16  0.18    0.14    0.19  0.13     0.05         0.08       0.06     0.00 -0.09
HANGENT_mini   0.28     0.40    0.43  0.17      0.27   0.23          0.40    0.42         0.38   0.41    -0.08  0.24  0.02     0.08 -0.00       0.48  0.42     0.24           0.16          1.00  0.37    0.52    0.21  0.24     0.29         0.20       0.12     0.18 -0.28
IRON           0.02     0.06    0.16 -0.08     -0.08   0.11          0.08    0.30         0.04   0.29    -0.12  0.04 -0.04     0.12 -0.05       0.37  0.24     0.20           0.18          0.37  1.00    0.26    0.17  0.16    -0.01         0.03       0.27     0.19  0.06
RUBBER         0.24     0.28    0.23  0.07      0.06   0.05          0.29    0.21         0.30   0.17    -0.01  0.22  0.12     0.05 -0.02       0.57  0.37     0.19           0.14          0.52  0.26    1.00    0.29  0.11     0.15         0.04       0.07     0.20 -0.23
CANOLA         0.06     0.07   -0.10  0.18     -0.11  -0.02         -0.08   -0.08        -0.04  -0.02    -0.12  0.02 -0.20     0.22 -0.29       0.14  0.21     0.10           0.19          0.21  0.17    0.29    1.00  0.46     0.10         0.13       0.34     0.53 -0.03
CORN           0.08     0.03   -0.02 -0.15      0.01  -0.00          0.14   -0.04         0.12  -0.01    -0.04  0.01 -0.05     0.01 -0.03       0.21  0.19     0.06           0.13          0.24  0.16    0.11    0.46  1.00     0.34         0.33       0.44     0.59 -0.12
GAS-PEN       -0.01    -0.00   -0.06 -0.21     -0.06  -0.09          0.19   -0.02         0.11  -0.03    -0.23 -0.09 -0.24    -0.24  0.09       0.08  0.03     0.08           0.05          0.29 -0.01    0.15    0.10  0.34     1.00         0.94       0.16     0.18 -0.12
GAS_US_mini   -0.04    -0.07   -0.15 -0.25     -0.07  -0.14          0.12   -0.04         0.05  -0.08    -0.19 -0.17 -0.31    -0.19  0.02      -0.01 -0.06     0.12           0.08          0.20  0.03    0.04    0.13  0.33     0.94         1.00       0.20     0.13 -0.06
MILLWHEAT     -0.04     0.01    0.03 -0.05     -0.09  -0.15         -0.12   -0.04        -0.09  -0.04    -0.12 -0.07 -0.06    -0.03 -0.09       0.08  0.08     0.10           0.06          0.12  0.27    0.07    0.34  0.44     0.16         0.20       1.00     0.50  0.07
SOYMEAL        0.01     0.02   -0.00 -0.07     -0.08  -0.01         -0.05   -0.14        -0.03  -0.09    -0.15  0.18  0.12     0.01  0.04       0.18  0.27    -0.04           0.00          0.18  0.19    0.20    0.53  0.59     0.18         0.13       0.50     1.00 -0.01
VIX           -0.73    -0.56   -0.32 -0.41     -0.64  -0.37         -0.74   -0.42        -0.79  -0.49    -0.17  0.26  0.15     0.07 -0.15      -0.16 -0.21    -0.21          -0.09         -0.28  0.06   -0.23   -0.03 -0.12    -0.12        -0.06       0.07    -0.01  1.00


********************************************************************************
                                 END OF REPORT                                  
********************************************************************************


