
********************************************************************************
                    Risk report produced on 14/07/2025 22:53                    
********************************************************************************


Total risk across all strategies, annualised percentage 13.5
Percentage of capital used for margin 43.7%

========================================
Risk per strategy, annualised percentage
========================================

                  risk
dynamic_TF_carry  13.5


===================
Risk by asset class
===================

Ags       3.8
Bond      1.6
Equity    6.7
FX        4.2
Metals    3.4
OilGas    3.2
dtype: float64


=====================================================
Beta loadings of asset class positions on asset class
=====================================================

OilGas   -0.07
Metals    0.02
Ags       0.20
Bond      0.28
Equity    0.37
FX        0.69
dtype: float64


========================================================
Beta loadings of full portfolio positions on asset class
========================================================

Bond     -0.20
OilGas   -0.05
Metals    0.29
Ags       0.38
Equity    0.54
FX        1.50
dtype: float64


===================================================================================================================================================================================================================================================================
                                                                                                                          Instrument risk                                                                                                                          
===================================================================================================================================================================================================================================================================

               daily_price_stdev  annual_price_stdev     price  daily_perc_stdev  annual_perc_stdev  point_size_base  contract_exposure  daily_risk_per_contract  annual_risk_per_contract  position  capital  exposure_held_perc_capital  annual_risk_perc_capital
DX                         0.370               5.924     97.77              0.38                6.1            742.6              72606                      274                      4399        -4   555261                       -52.3                      -3.2
GAS-PEN                    0.123               1.967      3.49              3.52               56.3           7426.3              25947                      912                     14603        -1   555261                        -4.7                      -2.6
JPY                        0.000               0.001      0.01              0.60                9.6        9282879.0              63272                      379                      6070        -2   555261                       -22.8                      -2.2
GOLD_micro                32.422             518.749   3358.90              0.97               15.4              7.4              24944                      240                      3852        -2   555261                        -9.0                      -1.4
WHEAT                      8.900             142.402    563.00              1.58               25.3             37.1              20905                      330                      5287        -1   555261                        -3.8                      -1.0
RICE                       0.179               2.860     12.69              1.41               22.5           1485.3              18847                      265                      4247        -1   555261                        -3.4                      -0.8
CAD10                      0.432               6.905    119.97              0.36                5.8            542.2              65049                      233                      3743        -1   555261                       -11.7                      -0.7
GAS_US_mini                0.120               1.924      3.50              3.44               55.0           1856.6               6498                      223                      3572        -1   555261                        -1.2                      -0.6
IRON                       1.270              20.322     99.70              1.27               20.4             74.3               7404                       94                      1509        -2   555261                        -2.7                      -0.5
MUMMY                     10.165             162.637    740.00              1.37               22.0              5.0               3729                       51                       819         1   555261                         0.7                       0.1
KOSDAQ                    18.763             300.212   1305.20              1.44               23.0              5.4               7024                      100                      1615         1   555261                         1.3                       0.3
MXP                        0.000               0.005      0.05              0.53                8.5         371315.2              19698                      104                      1671         1   555261                         3.5                       0.3
CRUDE_W_micro              1.504              24.070     64.71              2.32               37.2             74.3               4805                      111                      1787         1   555261                         0.9                       0.3
CAD                        0.003               0.041      0.73              0.35                5.6          74263.0              54386                      189                      3024         1   555261                         9.8                       0.5
GBP                        0.006               0.095      1.34              0.44                7.0          46414.4              62367                      274                      4388         1   555261                        11.2                       0.8
BTP                        0.382               6.119    119.93              0.32                5.1            866.6             103936                      331                      5303         1   555261                        18.7                       1.0
BUND                       0.388               6.205    129.16              0.30                4.8            866.6             111935                      336                      5377         1   555261                        20.2                       1.0
CANOLA                    10.959             175.341    682.50              1.61               25.7             10.8               7401                      118                      1901         3   555261                         4.0                       1.0
LEANHOG                    1.255              20.075     87.72              1.43               22.9            297.1              26058                      372                      5963         1   555261                         4.7                       1.1
YENEUR                     0.748              11.975    171.90              0.44                7.0            630.0             108293                      471                      7543         1   555261                        19.5                       1.4
MSCIEAFA                  23.149             370.388   2662.60              0.87               13.9             37.1              98866                      859                     13753         1   555261                        17.8                       2.5
FEEDCOW                    3.089              49.425    319.52              0.97               15.5            371.3             118644                     1147                     18352         1   555261                        21.4                       3.3
PLAT                      33.177             530.832   1414.20              2.35               37.5             37.1              52511                     1231                     19710         1   555261                         9.5                       3.5
MIB                      354.462            5671.386  40135.00              0.88               14.1              4.3             173913                     1535                     24575         1   555261                        31.3                       4.4

Sum of abs(notional exposure % capital) 286.1
Sum of abs(annualised risk % capital) 34.5
Net sum of annualised risk % capital 8.5 

=========================================================================================================================================================================================================
                                                                                              Correlations                                                                                               
=========================================================================================================================================================================================================

               CANOLA  CRUDE_W_micro  GAS-PEN  GAS_US_mini  RICE  WHEAT  YENEUR    DX   BTP  BUND  CAD10   JPY   CAD  FEEDCOW   GBP  GOLD_micro  IRON  KOSDAQ  LEANHOG   MIB  MSCIEAFA  MUMMY   MXP  PLAT
CANOLA           1.00           0.20     0.13         0.12 -0.15   0.27    0.09 -0.10  0.04  0.08  -0.11 -0.03  0.19    -0.16  0.04        0.10 -0.03   -0.02     0.16 -0.07     -0.06  -0.11  0.09 -0.05
CRUDE_W_micro    0.20           1.00     0.24         0.32  0.21   0.41    0.05  0.29 -0.02  0.02  -0.10 -0.23 -0.05     0.30 -0.19        0.24  0.22    0.18     0.37  0.19      0.11   0.23  0.21  0.05
GAS-PEN          0.13           0.24     1.00         0.96  0.00   0.30    0.03  0.19 -0.23 -0.14  -0.03 -0.17  0.05     0.05 -0.15       -0.04 -0.09   -0.08    -0.16 -0.04     -0.12  -0.04  0.03 -0.12
GAS_US_mini      0.12           0.32     0.96         1.00  0.03   0.31    0.03  0.21 -0.25 -0.18  -0.05 -0.18  0.02     0.10 -0.17       -0.02 -0.04   -0.12    -0.10  0.01     -0.10  -0.02  0.05 -0.13
RICE            -0.15           0.21     0.00         0.03  1.00   0.08   -0.07  0.05  0.08  0.11  -0.17  0.04 -0.04     0.11 -0.06        0.14  0.08    0.05     0.13 -0.04     -0.10   0.16 -0.09  0.05
WHEAT            0.27           0.41     0.30         0.31  0.08   1.00   -0.12  0.09 -0.15 -0.05  -0.08  0.05  0.10    -0.02 -0.15        0.23  0.18    0.01     0.05 -0.08     -0.08  -0.00  0.09 -0.11
YENEUR           0.09           0.05     0.03         0.03 -0.07  -0.12    1.00 -0.05 -0.35 -0.43  -0.44 -0.66  0.10     0.17  0.09       -0.01 -0.14    0.01    -0.02  0.06      0.12   0.05  0.22  0.22
DX              -0.10           0.29     0.19         0.21  0.05   0.09   -0.05  1.00 -0.06  0.03  -0.16 -0.68 -0.66     0.01 -0.79       -0.36  0.05   -0.07    -0.05  0.06     -0.40   0.13 -0.34 -0.31
BTP              0.04          -0.02    -0.23        -0.25  0.08  -0.15   -0.35 -0.06  1.00  0.92   0.57  0.24  0.07     0.11  0.07        0.22  0.01    0.23     0.08  0.15      0.19   0.09  0.14  0.06
BUND             0.08           0.02    -0.14        -0.18  0.11  -0.05   -0.43  0.03  0.92  1.00   0.54  0.25  0.05     0.04 -0.07        0.22 -0.03    0.16     0.02 -0.10     -0.04   0.07  0.01 -0.05
CAD10           -0.11          -0.10    -0.03        -0.05 -0.17  -0.08   -0.44 -0.16  0.57  0.54   1.00  0.37 -0.01    -0.03  0.22       -0.04 -0.03    0.04    -0.00  0.22      0.28   0.08  0.09 -0.12
JPY             -0.03          -0.23    -0.17        -0.18  0.04   0.05   -0.66 -0.68  0.24  0.25   0.37  1.00  0.41    -0.15  0.48        0.33  0.05    0.03     0.05 -0.15      0.12  -0.16  0.08  0.05
CAD              0.19          -0.05     0.05         0.02 -0.04   0.10    0.10 -0.66  0.07  0.05  -0.01  0.41  1.00     0.02  0.55        0.34  0.05    0.12     0.07  0.02      0.32   0.05  0.33  0.23
FEEDCOW         -0.16           0.30     0.05         0.10  0.11  -0.02    0.17  0.01  0.11  0.04  -0.03 -0.15  0.02     1.00  0.15        0.17  0.15    0.22     0.17  0.35      0.38   0.30  0.32  0.23
GBP              0.04          -0.19    -0.15        -0.17 -0.06  -0.15    0.09 -0.79  0.07 -0.07   0.22  0.48  0.55     0.15  1.00        0.33  0.03    0.14     0.12  0.30      0.62   0.16  0.39  0.40
GOLD_micro       0.10           0.24    -0.04        -0.02  0.14   0.23   -0.01 -0.36  0.22  0.22  -0.04  0.33  0.34     0.17  0.33        1.00  0.13    0.23     0.20  0.01      0.23   0.10  0.20  0.34
IRON            -0.03           0.22    -0.09        -0.04  0.08   0.18   -0.14  0.05  0.01 -0.03  -0.03  0.05  0.05     0.15  0.03        0.13  1.00    0.19     0.11  0.12      0.18   0.12  0.15  0.05
KOSDAQ          -0.02           0.18    -0.08        -0.12  0.05   0.01    0.01 -0.07  0.23  0.16   0.04  0.03  0.12     0.22  0.14        0.23  0.19    1.00     0.10  0.29      0.43   0.32  0.21  0.27
LEANHOG          0.16           0.37    -0.16        -0.10  0.13   0.05   -0.02 -0.05  0.08  0.02  -0.00  0.05  0.07     0.17  0.12        0.20  0.11    0.10     1.00  0.24      0.27   0.35  0.14  0.27
MIB             -0.07           0.19    -0.04         0.01 -0.04  -0.08    0.06  0.06  0.15 -0.10   0.22 -0.15  0.02     0.35  0.30        0.01  0.12    0.29     0.24  1.00      0.78   0.40  0.28  0.20
MSCIEAFA        -0.06           0.11    -0.12        -0.10 -0.10  -0.08    0.12 -0.40  0.19 -0.04   0.28  0.12  0.32     0.38  0.62        0.23  0.18    0.43     0.27  0.78      1.00   0.38  0.46  0.43
MUMMY           -0.11           0.23    -0.04        -0.02  0.16  -0.00    0.05  0.13  0.09  0.07   0.08 -0.16  0.05     0.30  0.16        0.10  0.12    0.32     0.35  0.40      0.38   1.00  0.05  0.21
MXP              0.09           0.21     0.03         0.05 -0.09   0.09    0.22 -0.34  0.14  0.01   0.09  0.08  0.33     0.32  0.39        0.20  0.15    0.21     0.14  0.28      0.46   0.05  1.00  0.40
PLAT            -0.05           0.05    -0.12        -0.13  0.05  -0.11    0.22 -0.31  0.06 -0.05  -0.12  0.05  0.23     0.23  0.40        0.34  0.05    0.27     0.27  0.20      0.43   0.21  0.40  1.00


********************************************************************************
                                 END OF REPORT                                  
********************************************************************************


