
********************************************************************************
                    Risk report produced on 28/03/2024 22:53                    
********************************************************************************


Total risk across all strategies, annualised percentage 16.6
Percentage of capital used for margin 71.4%

========================================
Risk per strategy, annualised percentage
========================================

                  risk
dynamic_TF_carry  16.5


===================
Risk by asset class
===================

Ags       3.6
Bond      6.1
Equity    8.0
FX        4.3
Metals    3.4
OilGas    2.9
Vol       1.3
dtype: float64


=====================================================
Beta loadings of asset class positions on asset class
=====================================================

Bond     -1.09
Metals   -0.12
FX       -0.10
Vol      -0.04
Ags       0.06
OilGas    0.09
Equity    0.81
dtype: float64


========================================================
Beta loadings of full portfolio positions on asset class
========================================================

Bond     -1.63
Vol      -0.24
Metals   -0.13
FX        0.07
OilGas    0.18
Ags       0.25
Equity    0.99
dtype: float64


==================================================================================================================================================================================================================================================================
                                                                                                                         Instrument risk                                                                                                                          
==================================================================================================================================================================================================================================================================

              daily_price_stdev  annual_price_stdev     price  daily_perc_stdev  annual_perc_stdev  point_size_base  contract_exposure  daily_risk_per_contract  annual_risk_per_contract  position  capital  exposure_held_perc_capital  annual_risk_perc_capital
GOLD_micro               15.317             245.075   2241.00              0.68               10.9              7.9              17746                      121                      1940       -11   682850                       -28.6                      -3.1
BUXL                      1.296              20.744    135.76              0.95               15.3            856.6             116293                     1110                     17769        -1   682850                       -17.0                      -2.6
CHF                       0.005               0.080      1.12              0.45                7.1          98988.3             110723                      494                      7909        -2   682850                       -32.4                      -2.3
BUND                      0.569               9.110    133.43              0.43                6.8            856.6             114297                      487                      7803        -2   682850                       -33.5                      -2.3
CHINAA-CON               19.881             318.096   1939.20              1.03               16.4             19.8              38391                      393                      6297        -2   682850                       -11.2                      -1.8
VIX                       0.364               5.820     16.00              2.27               36.4            791.9              12670                      288                      4608        -2   682850                        -3.7                      -1.3
CORN                      5.873              93.965    477.50              1.23               19.7             39.6              18906                      232                      3720        -2   682850                        -5.5                      -1.1
JPY                       0.000               0.001      0.01              0.53                8.5        9898833.9              66178                      351                      5620        -1   682850                        -9.7                      -0.8
BITCOIN                2138.244           34211.902  71425.00              2.99               47.9              0.1               5656                      169                      2709        -2   682850                        -1.7                      -0.8
US3                       0.196               3.139    104.23              0.19                3.0           1583.8             165087                      310                      4971        -1   682850                       -24.2                      -0.7
HANG_mini               262.959            4207.345  16712.00              1.57               25.2              1.0              16916                      266                      4258        -1   682850                        -2.5                      -0.6
BOBL                      0.298               4.763    118.25              0.25                4.0            856.6             101294                      254                      4079        -1   682850                       -14.8                      -0.6
US2                       0.125               1.999    102.22              0.12                2.0           1583.8             161895                      197                      3165        -1   682850                       -23.7                      -0.5
GAS_US_mini               0.099               1.585      1.75              5.66               90.6           1979.8               3464                      196                      3138        -1   682850                        -0.5                      -0.5
MILLWHEAT                 3.095              49.525    216.50              1.43               22.9             42.8               9272                      132                      2121        -1   682850                        -1.4                      -0.3
TOPIX                    23.021             368.329   2759.25              0.83               13.3              5.2              14438                      120                      1927         1   682850                         2.1                       0.3
DOW                     253.914            4062.625  40166.00              0.63               10.1              0.4              15903                      100                      1608         2   682850                         4.7                       0.5
IRON                      2.631              42.104    101.75              2.59               41.4             79.2               8057                      208                      3334         1   682850                         1.2                       0.5
LIVECOW                   1.381              22.100    180.55              0.77               12.2            316.8              57191                      437                      7000         1   682850                         8.4                       1.0
MXP                       0.000               0.005      0.06              0.49                7.8         395953.4              23535                      114                      1828         4   682850                        13.8                       1.1
NASDAQ_micro            160.377            2566.024  18466.00              0.87               13.9              1.6              29246                      254                      4064         2   682850                         8.6                       1.2
SMI                      62.535            1000.568  11632.00              0.54                8.6              8.7             101704                      546                      8748         1   682850                        14.9                       1.3
MSCIEAFA                 15.466             247.457   2356.10              0.66               10.5             39.6              93290                      612                      9798         1   682850                        13.7                       1.4
MIB                     187.523            3000.369  34230.00              0.55                8.8              4.3             146609                      803                     12850         1   682850                        21.5                       1.9
NIKKEI                  389.899            6238.379  40255.00              0.97               15.5              0.5              21064                      204                      3264         4   682850                        12.3                       1.9
YENEUR                    0.790              12.647    161.84              0.49                7.8            654.1             105860                      517                      8272         2   682850                        31.0                       2.4
AEX                       6.121              97.930    884.10              0.69               11.1            171.3             151466                     1048                     16777         1   682850                        22.2                       2.5
GASOILINE                 0.037               0.594      2.69              1.38               22.1          33260.1              89326                     1235                     19762         1   682850                        13.1                       2.9
COCOA                   172.769            2764.311   9279.00              1.86               29.8              7.9              73481                     1368                     21890         1   682850                        10.8                       3.2

Sum of abs(notional exposure % capital) 388.7
Sum of abs(annualised risk % capital) 41.4
Net sum of annualised risk % capital 2.8 

====================================================================================================================================================================================================================================================
                                                                                                                    Correlations                                                                                                                    
====================================================================================================================================================================================================================================================

              COCOA  GASOILINE  LIVECOW  NIKKEI  TOPIX  YENEUR   AEX  BITCOIN  CHINAA-CON   DOW  HANG_mini  IRON   MIB  MSCIEAFA   MXP  NASDAQ_micro   SMI  BOBL  BUND  BUXL   CHF  GOLD_micro   JPY   US2   US3  CORN  GAS_US_mini  MILLWHEAT   VIX
COCOA          1.00       0.33     0.04    0.28   0.27    0.24  0.28     0.01        0.14  0.21       0.14 -0.13  0.35      0.08  0.09          0.17 -0.03 -0.13 -0.09 -0.07 -0.16        0.02 -0.21 -0.11 -0.12  0.04        -0.10       0.22 -0.21
GASOILINE      0.33       1.00     0.24    0.32   0.26    0.18  0.24     0.02        0.22  0.32       0.18  0.06  0.15      0.19  0.19          0.18  0.10 -0.27 -0.23 -0.21 -0.03        0.12 -0.09 -0.15 -0.14  0.18        -0.02       0.12 -0.27
LIVECOW        0.04       0.24     1.00    0.15   0.14   -0.05  0.12    -0.15        0.24  0.21       0.19 -0.04  0.17      0.13  0.15          0.13  0.26 -0.12 -0.10 -0.13 -0.10       -0.09  0.02 -0.23 -0.20 -0.19        -0.12      -0.18 -0.20
NIKKEI         0.28       0.32     0.15    1.00   0.92    0.51  0.48     0.01        0.22  0.44       0.20  0.18  0.45      0.44  0.32          0.53  0.32 -0.21 -0.10 -0.01 -0.13       -0.06 -0.43 -0.15 -0.11 -0.12         0.20      -0.16 -0.56
TOPIX          0.27       0.26     0.14    0.92   1.00    0.43  0.45    -0.07        0.23  0.41       0.17  0.17  0.47      0.42  0.34          0.42  0.39 -0.23 -0.14 -0.06 -0.21       -0.14 -0.43 -0.21 -0.17 -0.11         0.23      -0.10 -0.59
YENEUR         0.24       0.18    -0.05    0.51   0.43    1.00  0.11    -0.04       -0.03  0.11      -0.04 -0.07  0.14      0.05  0.11          0.16 -0.05 -0.36 -0.26 -0.18 -0.10       -0.21 -0.75 -0.31 -0.30 -0.09         0.16      -0.15 -0.29
AEX            0.28       0.24     0.12    0.48   0.45    0.11  1.00     0.25        0.35  0.70       0.40  0.33  0.65      0.61  0.31          0.70  0.59  0.20  0.28  0.33  0.13        0.07  0.02  0.03  0.13 -0.08        -0.09      -0.14 -0.48
BITCOIN        0.01       0.02    -0.15    0.01  -0.07   -0.04  0.25     1.00        0.24  0.13       0.12  0.15 -0.03      0.20  0.09          0.12  0.07  0.27  0.29  0.26  0.04        0.30  0.10  0.19  0.19  0.04         0.01       0.00  0.03
CHINAA-CON     0.14       0.22     0.24    0.22   0.23   -0.03  0.35     0.24        1.00  0.17       0.71  0.22  0.34      0.37  0.17          0.17  0.32 -0.04 -0.04 -0.06  0.10        0.21  0.16 -0.01  0.03 -0.17        -0.12      -0.23 -0.18
DOW            0.21       0.32     0.21    0.44   0.41    0.11  0.70     0.13        0.17  1.00       0.21  0.17  0.66      0.67  0.37          0.74  0.65  0.26  0.35  0.37  0.20        0.14  0.12  0.06  0.17  0.06        -0.06       0.08 -0.66
HANG_mini      0.14       0.18     0.19    0.20   0.17   -0.04  0.40     0.12        0.71  0.21       1.00  0.25  0.36      0.51  0.29          0.23  0.32  0.04  0.07  0.05  0.35        0.27  0.26  0.09  0.13 -0.16         0.06      -0.20 -0.25
IRON          -0.13       0.06    -0.04    0.18   0.17   -0.07  0.33     0.15        0.22  0.17       0.25  1.00  0.10      0.26  0.22          0.28  0.14  0.19  0.19  0.21  0.13        0.11  0.13  0.12  0.14  0.07        -0.10      -0.03 -0.09
MIB            0.35       0.15     0.17    0.45   0.47    0.14  0.65    -0.03        0.34  0.66       0.36  0.10  1.00      0.62  0.48          0.52  0.55 -0.13  0.01  0.14  0.06        0.05  0.01 -0.26 -0.15 -0.06        -0.21       0.01 -0.56
MSCIEAFA       0.08       0.19     0.13    0.44   0.42    0.05  0.61     0.20        0.37  0.67       0.51  0.26  0.62      1.00  0.48          0.56  0.65  0.27  0.36  0.37  0.50        0.32  0.30  0.29  0.37 -0.01         0.05      -0.07 -0.48
MXP            0.09       0.19     0.15    0.32   0.34    0.11  0.31     0.09        0.17  0.37       0.29  0.22  0.48      0.48  1.00          0.33  0.39 -0.06  0.04  0.08  0.18        0.20  0.15 -0.07  0.04  0.05         0.01      -0.01 -0.43
NASDAQ_micro   0.17       0.18     0.13    0.53   0.42    0.16  0.70     0.12        0.17  0.74       0.23  0.28  0.52      0.56  0.33          1.00  0.45  0.23  0.31  0.35  0.21        0.12  0.09  0.09  0.19 -0.04        -0.06      -0.15 -0.62
SMI           -0.03       0.10     0.26    0.32   0.39   -0.05  0.59     0.07        0.32  0.65       0.32  0.14  0.55      0.65  0.39          0.45  1.00  0.28  0.34  0.34  0.11        0.13  0.15  0.03  0.13  0.00        -0.05      -0.03 -0.47
BOBL          -0.13      -0.27    -0.12   -0.21  -0.23   -0.36  0.20     0.27       -0.04  0.26       0.04  0.19 -0.13      0.27 -0.06          0.23  0.28  1.00  0.96  0.82  0.30        0.38  0.43  0.67  0.71  0.07        -0.05       0.11  0.08
BUND          -0.09      -0.23    -0.10   -0.10  -0.14   -0.26  0.28     0.29       -0.04  0.35       0.07  0.19  0.01      0.36  0.04          0.31  0.34  0.96  1.00  0.93  0.30        0.40  0.38  0.60  0.66  0.07        -0.03       0.09 -0.02
BUXL          -0.07      -0.21    -0.13   -0.01  -0.06   -0.18  0.33     0.26       -0.06  0.37       0.05  0.21  0.14      0.37  0.08          0.35  0.34  0.82  0.93  1.00  0.24        0.32  0.31  0.42  0.49  0.05        -0.06       0.06 -0.11
CHF           -0.16      -0.03    -0.10   -0.13  -0.21   -0.10  0.13     0.04        0.10  0.20       0.35  0.13  0.06      0.50  0.18          0.21  0.11  0.30  0.30  0.24  1.00        0.43  0.58  0.51  0.53 -0.03         0.03      -0.07  0.05
GOLD_micro     0.02       0.12    -0.09   -0.06  -0.14   -0.21  0.07     0.30        0.21  0.14       0.27  0.11  0.05      0.32  0.20          0.12  0.13  0.38  0.40  0.32  0.43        1.00  0.52  0.51  0.54  0.06        -0.02       0.04  0.12
JPY           -0.21      -0.09     0.02   -0.43  -0.43   -0.75  0.02     0.10        0.16  0.12       0.26  0.13  0.01      0.30  0.15          0.09  0.15  0.43  0.38  0.31  0.58        0.52  1.00  0.53  0.57  0.04        -0.24       0.01  0.13
US2           -0.11      -0.15    -0.23   -0.15  -0.21   -0.31  0.03     0.19       -0.01  0.06       0.09  0.12 -0.26      0.29 -0.07          0.09  0.03  0.67  0.60  0.42  0.51        0.51  0.53  1.00  0.97 -0.01         0.10       0.04  0.25
US3           -0.12      -0.14    -0.20   -0.11  -0.17   -0.30  0.13     0.19        0.03  0.17       0.13  0.14 -0.15      0.37  0.04          0.19  0.13  0.71  0.66  0.49  0.53        0.54  0.57  0.97  1.00 -0.00         0.06       0.03  0.12
CORN           0.04       0.18    -0.19   -0.12  -0.11   -0.09 -0.08     0.04       -0.17  0.06      -0.16  0.07 -0.06     -0.01  0.05         -0.04  0.00  0.07  0.07  0.05 -0.03        0.06  0.04 -0.01 -0.00  1.00         0.10       0.71  0.00
GAS_US_mini   -0.10      -0.02    -0.12    0.20   0.23    0.16 -0.09     0.01       -0.12 -0.06       0.06 -0.10 -0.21      0.05  0.01         -0.06 -0.05 -0.05 -0.03 -0.06  0.03       -0.02 -0.24  0.10  0.06  0.10         1.00       0.10 -0.06
MILLWHEAT      0.22       0.12    -0.18   -0.16  -0.10   -0.15 -0.14     0.00       -0.23  0.08      -0.20 -0.03  0.01     -0.07 -0.01         -0.15 -0.03  0.11  0.09  0.06 -0.07        0.04  0.01  0.04  0.03  0.71         0.10       1.00 -0.02
VIX           -0.21      -0.27    -0.20   -0.56  -0.59   -0.29 -0.48     0.03       -0.18 -0.66      -0.25 -0.09 -0.56     -0.48 -0.43         -0.62 -0.47  0.08 -0.02 -0.11  0.05        0.12  0.13  0.25  0.12  0.00        -0.06      -0.02  1.00


********************************************************************************
                                 END OF REPORT                                  
********************************************************************************


