
********************************************************************************
                    Risk report produced on 31/10/2024 22:52                    
********************************************************************************


Total risk across all strategies, annualised percentage 12.2
Percentage of capital used for margin 69.8%

========================================
Risk per strategy, annualised percentage
========================================

                  risk
dynamic_TF_carry  12.1


===================
Risk by asset class
===================

Ags       2.7
Bond      1.2
Equity    9.1
FX        2.6
Metals    2.9
OilGas    2.3
Sector    1.5
Vol       1.1
dtype: float64


=====================================================
Beta loadings of asset class positions on asset class
=====================================================

FX       -0.19
Bond     -0.19
Sector   -0.08
OilGas   -0.06
Vol      -0.03
Ags       0.04
Metals    0.11
Equity    0.61
dtype: float64


========================================================
Beta loadings of full portfolio positions on asset class
========================================================

Bond     -0.36
Vol      -0.19
OilGas   -0.02
Ags       0.05
Metals    0.20
Sector    0.27
FX        0.48
Equity    0.67
dtype: float64


===================================================================================================================================================================================================================================================================
                                                                                                                          Instrument risk                                                                                                                          
===================================================================================================================================================================================================================================================================

               daily_price_stdev  annual_price_stdev     price  daily_perc_stdev  annual_perc_stdev  point_size_base  contract_exposure  daily_risk_per_contract  annual_risk_per_contract  position  capital  exposure_held_perc_capital  annual_risk_perc_capital
GAS-PEN                    0.096               1.530      2.71              3.53               56.5           7708.4              20882                      737                     11793        -1   589201                        -3.5                      -2.0
BUND                       0.521               8.336    131.83              0.40                6.3            836.5             110271                      435                      6972        -1   589201                       -18.7                      -1.2
CHF                        0.004               0.072      1.16              0.38                6.2          96355.1             112133                      431                      6903        -1   589201                       -19.0                      -1.2
VIX                        0.546               8.740     19.70              2.77               44.4            770.8              15185                      421                      6737        -1   589201                        -2.6                      -1.1
CRUDE_W_micro              1.547              24.752     70.06              2.21               35.3             77.1               5400                      119                      1907        -3   589201                        -2.7                      -1.0
EU-BASIC                   8.341             133.461    544.00              1.53               24.5             41.8              22751                      348                      5581        -1   589201                        -3.9                      -0.9
COTTON2                    0.873              13.967     69.61              1.25               20.1            385.4              26829                      336                      5383        -1   589201                        -4.6                      -0.9
SOYMEAL                    4.074              65.190    301.20              1.35               21.6             77.1              23217                      314                      5025        -1   589201                        -3.9                      -0.9
EU-AUTO                    7.025             112.396    552.50              1.27               20.3             41.8              23107                      293                      4700        -1   589201                        -3.9                      -0.8
NZD                        0.003               0.054      0.60              0.56                9.0          77084.1              46084                      257                      4125        -1   589201                        -7.8                      -0.7
CORN                       4.828              77.245    411.25              1.17               18.8             38.5              15850                      186                      2977        -1   589201                        -2.7                      -0.5
MXP                        0.000               0.006      0.05              0.76               12.1         385420.3              19086                      144                      2315        -1   589201                        -3.2                      -0.4
KOSDAQ                    24.028             384.440   1273.70              1.89               30.2              5.6               7091                      133                      2140        -1   589201                        -1.2                      -0.4
CANOLA                     8.397             134.352    648.80              1.29               20.7             11.1               7187                       93                      1488        -1   589201                        -1.2                      -0.3
MUMMY                     13.568             217.090    615.00              2.21               35.3              5.1               3116                       68                      1100         1   589201                         0.5                       0.2
DOW                      270.245            4323.918  42001.00              0.64               10.3              0.4              16188                      104                      1666         2   589201                         5.5                       0.6
SUGAR11                    0.318               5.083     21.06              1.51               24.1            863.3              18181                      274                      4388         1   589201                         3.1                       0.7
LIVECOW                    1.086              17.378    186.88              0.58                9.3            308.3              57620                      334                      5358         1   589201                         9.8                       0.9
RUSSELL                   24.050             384.805   2206.20              1.09               17.4              3.9               8503                       92                      1483         4   589201                         5.8                       1.0
SILVER                     0.648              10.374     32.84              1.97               31.6            770.8              25314                      499                      7996         1   589201                         4.3                       1.4
YENEUR                     0.941              15.059    164.76              0.57                9.1            633.5             104367                      596                      9538         1   589201                        17.7                       1.6
PLAT                      16.810             268.955   1001.50              1.68               26.9             38.5              38599                      647                     10366         1   589201                         6.6                       1.8
LEANHOG                    1.138              18.208     83.82              1.36               21.7            308.3              25846                      350                      5614         2   589201                         8.8                       1.9
SMI                       86.052            1376.837  11802.00              0.73               11.7              8.9             105200                      767                     12272         1   589201                        17.9                       2.1
MIB                      272.377            4358.025  34035.00              0.80               12.8              4.2             142346                     1139                     18226         1   589201                        24.2                       3.1
MSCITAIWAN                11.173             178.769    952.80              1.17               18.8             77.1              73445                      861                     13780         2   589201                        24.9                       4.7

Sum of abs(notional exposure % capital) 208.0
Sum of abs(annualised risk % capital) 32.3
Net sum of annualised risk % capital 7.7 

=============================================================================================================================================================================================================================
                                                                                                        Correlations                                                                                                         
=============================================================================================================================================================================================================================

                DOW  EU-AUTO  KOSDAQ   MIB  MSCITAIWAN  MUMMY  RUSSELL   SMI  YENEUR  COTTON2  CRUDE_W_micro  LIVECOW  SUGAR11  EU-BASIC  GAS-PEN   MXP   NZD  PLAT  SILVER  CANOLA  CORN  LEANHOG  SOYMEAL  BUND   CHF   VIX
DOW            1.00     0.49    0.44  0.67        0.46   0.56     0.83  0.64    0.28     0.16          -0.03     0.28     0.22      0.32     0.14  0.39  0.24  0.17    0.11    0.03  0.05     0.06    -0.02 -0.01 -0.20 -0.70
EU-AUTO        0.49     1.00    0.43  0.79        0.38   0.41     0.51  0.53    0.49     0.16           0.00     0.17     0.07      0.43    -0.05  0.32  0.29  0.05    0.07    0.18 -0.02     0.10    -0.02 -0.27 -0.18 -0.44
KOSDAQ         0.44     0.43    1.00  0.56        0.77   0.71     0.45  0.38    0.51     0.28           0.27     0.38     0.31      0.50     0.06  0.30  0.10  0.10    0.10    0.11  0.05    -0.09    -0.24 -0.22 -0.40 -0.63
MIB            0.67     0.79    0.56  1.00        0.50   0.54     0.61  0.62    0.55     0.20          -0.01     0.29     0.14      0.47     0.09  0.40  0.21  0.15    0.12    0.34  0.02     0.05    -0.00 -0.34 -0.36 -0.67
MSCITAIWAN     0.46     0.38    0.77  0.50        1.00   0.73     0.48  0.40    0.59     0.32           0.32     0.38     0.30      0.49     0.11  0.42  0.13  0.36    0.32    0.05 -0.03    -0.15    -0.34 -0.21 -0.50 -0.66
MUMMY          0.56     0.41    0.71  0.54        0.73   1.00     0.55  0.36    0.53     0.21           0.24     0.30     0.34      0.35     0.16  0.25  0.11  0.20    0.16    0.10 -0.08    -0.03    -0.29 -0.26 -0.40 -0.72
RUSSELL        0.83     0.51    0.45  0.61        0.48   0.55     1.00  0.54    0.25     0.21          -0.03     0.27     0.19      0.43    -0.01  0.39  0.26  0.27    0.19    0.03 -0.02     0.08    -0.10  0.02 -0.13 -0.58
SMI            0.64     0.53    0.38  0.62        0.40   0.36     0.54  1.00    0.29     0.17          -0.08     0.19     0.11      0.50     0.16  0.28  0.39  0.22    0.16    0.03  0.01     0.01    -0.10 -0.09 -0.13 -0.51
YENEUR         0.28     0.49    0.51  0.55        0.59   0.53     0.25  0.29    1.00     0.08           0.25     0.36     0.29      0.32     0.24  0.32 -0.03  0.00    0.06    0.34 -0.01     0.10    -0.22 -0.53 -0.53 -0.53
COTTON2        0.16     0.16    0.28  0.20        0.32   0.21     0.21  0.17    0.08     1.00           0.37     0.24     0.21      0.19    -0.07  0.28  0.12  0.15    0.14    0.05  0.07     0.02    -0.09 -0.10 -0.21 -0.14
CRUDE_W_micro -0.03     0.00    0.27 -0.01        0.32   0.24    -0.03 -0.08    0.25     0.37           1.00     0.23     0.21      0.19     0.12  0.29 -0.19  0.10    0.21    0.16  0.06     0.06    -0.26 -0.28 -0.20 -0.01
LIVECOW        0.28     0.17    0.38  0.29        0.38   0.30     0.27  0.19    0.36     0.24           0.23     1.00     0.26      0.33     0.16  0.21 -0.04  0.08    0.02    0.21  0.03     0.19    -0.11 -0.23 -0.38 -0.34
SUGAR11        0.22     0.07    0.31  0.14        0.30   0.34     0.19  0.11    0.29     0.21           0.21     0.26     1.00      0.22     0.05  0.02  0.21  0.01    0.00    0.06 -0.00     0.06    -0.04 -0.16 -0.03 -0.24
EU-BASIC       0.32     0.43    0.50  0.47        0.49   0.35     0.43  0.50    0.32     0.19           0.19     0.33     0.22      1.00     0.17  0.38  0.39  0.47    0.41    0.17  0.15     0.05     0.05 -0.07 -0.11 -0.25
GAS-PEN        0.14    -0.05    0.06  0.09        0.11   0.16    -0.01  0.16    0.24    -0.07           0.12     0.16     0.05      0.17     1.00  0.26  0.23  0.04    0.14    0.12  0.25     0.07     0.08 -0.09 -0.01 -0.24
MXP            0.39     0.32    0.30  0.40        0.42   0.25     0.39  0.28    0.32     0.28           0.29     0.21     0.02      0.38     0.26  1.00  0.08  0.44    0.36    0.02  0.12    -0.05    -0.01 -0.07 -0.26 -0.33
NZD            0.24     0.29    0.10  0.21        0.13   0.11     0.26  0.39   -0.03     0.12          -0.19    -0.04     0.21      0.39     0.23  0.08  1.00  0.24    0.27   -0.08 -0.07     0.02     0.09  0.22  0.44 -0.21
PLAT           0.17     0.05    0.10  0.15        0.36   0.20     0.27  0.22    0.00     0.15           0.10     0.08     0.01      0.47     0.04  0.44  0.24  1.00    0.68   -0.09 -0.02    -0.10    -0.06  0.20  0.00 -0.15
SILVER         0.11     0.07    0.10  0.12        0.32   0.16     0.19  0.16    0.06     0.14           0.21     0.02     0.00      0.41     0.14  0.36  0.27  0.68    1.00    0.05 -0.02     0.12    -0.04  0.09  0.03 -0.07
CANOLA         0.03     0.18    0.11  0.34        0.05   0.10     0.03  0.03    0.34     0.05           0.16     0.21     0.06      0.17     0.12  0.02 -0.08 -0.09    0.05    1.00  0.35     0.31     0.26 -0.32 -0.17 -0.12
CORN           0.05    -0.02    0.05  0.02       -0.03  -0.08    -0.02  0.01   -0.01     0.07           0.06     0.03    -0.00      0.15     0.25  0.12 -0.07 -0.02   -0.02    0.35  1.00     0.02     0.45  0.07 -0.05  0.07
LEANHOG        0.06     0.10   -0.09  0.05       -0.15  -0.03     0.08  0.01    0.10     0.02           0.06     0.19     0.06      0.05     0.07 -0.05  0.02 -0.10    0.12    0.31  0.02     1.00     0.04 -0.06  0.10  0.06
SOYMEAL       -0.02    -0.02   -0.24 -0.00       -0.34  -0.29    -0.10 -0.10   -0.22    -0.09          -0.26    -0.11    -0.04      0.05     0.08 -0.01  0.09 -0.06   -0.04    0.26  0.45     0.04     1.00  0.14  0.19  0.14
BUND          -0.01    -0.27   -0.22 -0.34       -0.21  -0.26     0.02 -0.09   -0.53    -0.10          -0.28    -0.23    -0.16     -0.07    -0.09 -0.07  0.22  0.20    0.09   -0.32  0.07    -0.06     0.14  1.00  0.45  0.28
CHF           -0.20    -0.18   -0.40 -0.36       -0.50  -0.40    -0.13 -0.13   -0.53    -0.21          -0.20    -0.38    -0.03     -0.11    -0.01 -0.26  0.44  0.00    0.03   -0.17 -0.05     0.10     0.19  0.45  1.00  0.46
VIX           -0.70    -0.44   -0.63 -0.67       -0.66  -0.72    -0.58 -0.51   -0.53    -0.14          -0.01    -0.34    -0.24     -0.25    -0.24 -0.33 -0.21 -0.15   -0.07   -0.12  0.07     0.06     0.14  0.28  0.46  1.00


********************************************************************************
                                 END OF REPORT                                  
********************************************************************************


