
********************************************************************************
                    Risk report produced on 10/04/2025 22:53                    
********************************************************************************


Total risk across all strategies, annualised percentage 10.8
Percentage of capital used for margin 42.0%

========================================
Risk per strategy, annualised percentage
========================================

                  risk
dynamic_TF_carry  10.8


===================
Risk by asset class
===================

Ags       2.1
Bond      0.6
Equity    5.3
FX        4.0
Metals    5.0
OilGas    5.5
Sector    1.5
dtype: float64


=====================================================
Beta loadings of asset class positions on asset class
=====================================================

Metals   -0.16
OilGas   -0.14
Equity   -0.12
Ags      -0.00
Sector    0.04
Bond      0.12
FX        0.51
dtype: float64


========================================================
Beta loadings of full portfolio positions on asset class
========================================================

Metals   -0.20
OilGas   -0.19
Equity   -0.16
Ags      -0.12
Sector   -0.02
FX        0.14
Bond      0.26
dtype: float64


===================================================================================================================================================================================================================================================================
                                                                                                                          Instrument risk                                                                                                                          
===================================================================================================================================================================================================================================================================

               daily_price_stdev  annual_price_stdev     price  daily_perc_stdev  annual_perc_stdev  point_size_base  contract_exposure  daily_risk_per_contract  annual_risk_per_contract  position  capital  exposure_held_perc_capital  annual_risk_perc_capital
MSCIEAFA                  55.950             895.202   2297.50              2.44               39.0             38.9              89327                     2175                     34805        -1   548835                       -16.3                      -6.3
BRENT-LAST                 1.630              26.073     64.63              2.52               40.3            777.6              50256                     1267                     20274        -1   548835                        -9.2                      -3.7
GAS-PEN                    0.131               2.093      3.92              3.34               53.5           7776.0              30451                     1017                     16276        -1   548835                        -5.5                      -3.0
BITCOIN                 2881.964           46111.425  82145.00              3.51               56.1              0.1               6387                      224                      3585        -4   548835                        -4.7                      -2.6
ALUMINIUM                 43.466             695.456   2325.75              1.87               29.9             19.4              45212                      844                     13519        -1   548835                        -8.2                      -2.5
SILVER                     0.853              13.655     31.34              2.72               43.6            777.6              24370                      663                     10618        -1   548835                        -4.4                      -1.9
LEANHOG                    1.500              24.006     91.30              1.64               26.3            311.0              28398                      466                      7467        -1   548835                        -5.2                      -1.4
RUSSELL                   41.191             659.064   1900.20              2.17               34.7              3.9               7388                      160                      2562        -2   548835                        -2.7                      -0.9
DOW                      763.368           12213.882  40601.00              1.88               30.1              0.4              15785                      296                      4748        -1   548835                        -2.9                      -0.9
SUGAR11                    0.319               5.105     17.87              1.79               28.6            870.9              15563                      277                      4446        -1   548835                        -2.8                      -0.8
CRUDE_W_micro              1.653              26.453     60.92              2.71               43.4             77.8               4737                      128                      2057        -1   548835                        -0.9                      -0.4
KR10                       0.379               6.059    120.10              0.32                5.0            534.2              64159                      202                      3237         1   548835                        11.7                       0.6
MSCISING                   8.797             140.758    359.20              2.45               39.2             58.0              20847                      510                      8169         1   548835                         3.8                       1.5
EU-BANKS                   4.102              65.640    154.20              2.66               42.6             42.7               6587                      175                      2804         3   548835                         3.6                       1.5
YENEUR                     1.048              16.762    161.19              0.65               10.4            662.6             106806                      694                     11106         1   548835                        19.5                       2.0
LIVECOW                    2.272              36.349    195.22              1.16               18.6            311.0              60723                      706                     11305         1   548835                        11.1                       2.1
MUMMY                     19.134             306.140    609.00              3.14               50.3              5.3               3228                      101                      1622         7   548835                         4.1                       2.1
GBP                        0.007               0.111      1.28              0.54                8.7          48600.3              62349                      338                      5410         3   548835                        34.1                       3.0

Sum of abs(notional exposure % capital) 150.7
Sum of abs(annualised risk % capital) 37.2
Net sum of annualised risk % capital -11.6 

================================================================================================================================================================================
                                                                                  Correlations                                                                                  
================================================================================================================================================================================

                GBP  SUGAR11  YENEUR  BITCOIN   DOW  EU-BANKS  MSCIEAFA  MSCISING  MUMMY  RUSSELL  ALUMINIUM  BRENT-LAST  CRUDE_W_micro  GAS-PEN  LEANHOG  LIVECOW  SILVER  KR10
GBP            1.00     0.35    0.27     0.15  0.25      0.38      0.53      0.29   0.22     0.30       0.14       -0.07          -0.08     0.02     0.08     0.21    0.37  0.09
SUGAR11        0.35     1.00    0.22     0.02  0.02      0.13      0.22      0.13   0.24     0.05       0.04        0.11           0.10    -0.08     0.20     0.30    0.14 -0.14
YENEUR         0.27     0.22    1.00     0.06  0.07      0.28      0.16      0.13   0.30     0.06       0.05        0.12           0.12     0.07     0.08     0.29    0.12 -0.49
BITCOIN        0.15     0.02    0.06     1.00  0.46      0.22      0.24      0.36   0.34     0.62       0.15        0.13           0.13    -0.04    -0.03     0.10    0.15 -0.05
DOW            0.25     0.02    0.07     0.46  1.00      0.64      0.73      0.81   0.67     0.89       0.34        0.36           0.36     0.22     0.24     0.36    0.39  0.07
EU-BANKS       0.38     0.13    0.28     0.22  0.64      1.00      0.82      0.78   0.66     0.52       0.47        0.44           0.44     0.20     0.25     0.38    0.52 -0.20
MSCIEAFA       0.53     0.22    0.16     0.24  0.73      0.82      1.00      0.82   0.68     0.64       0.51        0.40           0.39     0.29     0.30     0.49    0.54 -0.08
MSCISING       0.29     0.13    0.13     0.36  0.81      0.78      0.82      1.00   0.75     0.69       0.52        0.50           0.50     0.32     0.21     0.42    0.51 -0.15
MUMMY          0.22     0.24    0.30     0.34  0.67      0.66      0.68      0.75   1.00     0.62       0.34        0.52           0.52     0.24     0.20     0.40    0.43 -0.21
RUSSELL        0.30     0.05    0.06     0.62  0.89      0.52      0.64      0.69   0.62     1.00       0.33        0.29           0.26     0.08     0.22     0.29    0.33  0.08
ALUMINIUM      0.14     0.04    0.05     0.15  0.34      0.47      0.51      0.52   0.34     0.33       1.00        0.43           0.42     0.30     0.30     0.30    0.56 -0.19
BRENT-LAST    -0.07     0.11    0.12     0.13  0.36      0.44      0.40      0.50   0.52     0.29       0.43        1.00           0.99     0.19     0.23     0.37    0.50 -0.33
CRUDE_W_micro -0.08     0.10    0.12     0.13  0.36      0.44      0.39      0.50   0.52     0.26       0.42        0.99           1.00     0.23     0.20     0.36    0.48 -0.33
GAS-PEN        0.02    -0.08    0.07    -0.04  0.22      0.20      0.29      0.32   0.24     0.08       0.30        0.19           0.23     1.00     0.08     0.15    0.11 -0.24
LEANHOG        0.08     0.20    0.08    -0.03  0.24      0.25      0.30      0.21   0.20     0.22       0.30        0.23           0.20     0.08     1.00     0.33    0.24 -0.07
LIVECOW        0.21     0.30    0.29     0.10  0.36      0.38      0.49      0.42   0.40     0.29       0.30        0.37           0.36     0.15     0.33     1.00    0.30 -0.32
SILVER         0.37     0.14    0.12     0.15  0.39      0.52      0.54      0.51   0.43     0.33       0.56        0.50           0.48     0.11     0.24     0.30    1.00 -0.08
KR10           0.09    -0.14   -0.49    -0.05  0.07     -0.20     -0.08     -0.15  -0.21     0.08      -0.19       -0.33          -0.33    -0.24    -0.07    -0.32   -0.08  1.00


********************************************************************************
                                 END OF REPORT                                  
********************************************************************************


