
********************************************************************************
                    Risk report produced on 03/04/2026 22:53                    
********************************************************************************


Total risk across all strategies, annualised percentage 8.9
Percentage of capital used for margin 34.7%

========================================
Risk per strategy, annualised percentage
========================================

                  risk
dynamic_TF_carry   8.9


===================
Risk by asset class
===================

Ags       1.9
Bond      1.9
Equity    2.0
FX        2.1
Metals    4.4
OilGas    5.3
Sector    1.9
Vol       0.1
dtype: float64


=====================================================
Beta loadings of asset class positions on asset class
=====================================================

Bond     -0.29
FX       -0.15
Equity   -0.12
Metals   -0.11
Vol      -0.00
OilGas    0.07
Sector    0.08
Ags       0.12
dtype: float64


========================================================
Beta loadings of full portfolio positions on asset class
========================================================

Bond     -0.61
FX       -0.41
Equity   -0.10
Metals   -0.07
Vol       0.01
OilGas    0.08
Sector    0.10
Ags       0.17
dtype: float64


==================================================================================================================================================================================================================================================================
                                                                                                                         Instrument risk                                                                                                                          
==================================================================================================================================================================================================================================================================

              daily_price_stdev  annual_price_stdev     price  daily_perc_stdev  annual_perc_stdev  point_size_base  contract_exposure  daily_risk_per_contract  annual_risk_per_contract  position  capital  exposure_held_perc_capital  annual_risk_perc_capital
ALUMINIUM                71.751            1148.016   3422.00              2.10               33.5             18.9              64648                     1355                     21688        -1   690155                        -9.4                      -3.1
BITCOIN                2313.555           37016.882  67180.00              3.44               55.1              0.1               5076                      174                      2797        -5   690155                        -3.7                      -2.0
CHF                       0.007               0.104      1.26              0.52                8.3          94460.5             119157                      615                      9845        -1   690155                       -17.3                      -1.4
KR10                      0.604               9.666    109.89              0.55                8.8            497.8              54703                      300                      4811        -2   690155                       -15.9                      -1.4
NASDAQ_micro            313.568            5017.095  24218.00              1.29               20.7              1.5              36602                      473                      7582        -1   690155                        -5.3                      -1.1
LEANHOG                   1.049              16.788    107.05              0.98               15.7            302.3              32358                      317                      5074        -1   690155                        -4.7                      -0.7
US10                      0.377               6.025    111.02              0.34                5.4            755.7              83892                      284                      4552        -1   690155                       -12.2                      -0.7
SP500_micro              67.975            1087.599   6622.25              1.03               16.4              3.8              25021                      256                      4109        -1   690155                        -3.6                      -0.6
GAS_US_mini               0.135               2.155      2.80              4.80               76.8           1889.2               5299                      254                      4070        -1   690155                        -0.8                      -0.6
HANGENT_mini            126.414            2022.622   8437.00              1.50               24.0              1.0               8134                      121                      1949        -2   690155                        -2.4                      -0.6
DOW                     454.305            7268.883  46732.00              0.97               15.6              0.4              17657                      171                      2746        -1   690155                        -2.6                      -0.4
CAD                       0.002               0.035      0.72              0.31                4.9          75568.4              54450                      166                      2661        -1   690155                        -7.9                      -0.4
EUR_micro                 0.005               0.085      1.16              0.46                7.4           9446.0              10933                       50                       806        -2   690155                        -3.2                      -0.2
V2X                       0.580               9.280     24.55              2.36               37.8             87.2               2140                       50                       809        -1   690155                        -0.3                      -0.1
MUMMY                    15.212             243.386    705.00              2.16               34.5              4.7               3336                       72                      1152         1   690155                         0.5                       0.2
AUD_micro                 0.004               0.066      0.69              0.60                9.6           7556.8               5213                       31                       498         5   690155                         3.8                       0.4
FTSECHINAA              143.923            2302.772  14531.00              0.99               15.8              0.8              10980                      108                      1740         2   690155                         3.2                       0.5
EU-OIL                    6.445             103.113    547.50              1.18               18.8             43.6              23867                      280                      4495         1   690155                         3.5                       0.7
MXP                       0.000               0.006      0.06              0.73               11.7         377841.8              21023                      153                      2450         2   690155                         6.1                       0.7
YENEUR                    0.743              11.893    183.65              0.40                6.5            591.7             108658                      439                      7036         1   690155                        15.7                       1.0
SOYOIL                    0.984              15.740     68.74              1.43               22.9            453.4              31167                      446                      7136         1   690155                         4.5                       1.0
LIVECOW                   2.078              33.252    246.32              0.84               13.5            302.3              74457                      628                     10051         1   690155                        10.8                       1.5
EU-BASIC                 14.643             234.287    755.70              1.94               31.0             43.6              32943                      638                     10213         1   690155                         4.8                       1.5
GASOILINE                 0.074               1.186      2.97              2.50               40.0          31738.7              94181                     2353                     37650         1   690155                        13.6                       5.5

Sum of abs(notional exposure % capital) 155.8
Sum of abs(annualised risk % capital) 26.3
Net sum of annualised risk % capital -0.3 

========================================================================================================================================================================================================================================
                                                                                                              Correlations                                                                                                              
========================================================================================================================================================================================================================================

              KR10  US10   CAD   CHF  EUR_micro  ALUMINIUM  AUD_micro  BITCOIN   DOW  EU-BASIC  FTSECHINAA  HANGENT_mini  LEANHOG  MUMMY   MXP  NASDAQ_micro  SP500_micro  EU-OIL  GASOILINE  GAS_US_mini  LIVECOW  SOYOIL  YENEUR   V2X
KR10          1.00  0.58  0.07  0.23       0.15       0.16       0.09     0.20  0.13     -0.04       -0.05          0.03    -0.07  -0.09 -0.07          0.11         0.13   -0.18      -0.15         0.03    -0.03   -0.19   -0.41  0.02
US10          0.58  1.00  0.04  0.26       0.20       0.20       0.11    -0.13  0.21      0.12        0.05          0.19    -0.05  -0.04 -0.03          0.02         0.12   -0.14      -0.19         0.02    -0.07   -0.03   -0.38 -0.08
CAD           0.07  0.04  1.00  0.71       0.63       0.21       0.68     0.11  0.10      0.13        0.17          0.31     0.21   0.23  0.46          0.19         0.17   -0.08       0.04         0.15    -0.05    0.17    0.05 -0.10
CHF           0.23  0.26  0.71  1.00       0.85       0.09       0.49     0.00 -0.01      0.01        0.01          0.35     0.08  -0.05  0.39          0.02         0.00   -0.36      -0.28         0.06    -0.16   -0.03   -0.14  0.00
EUR_micro     0.15  0.20  0.63  0.85       1.00       0.18       0.53     0.02  0.07      0.16        0.05          0.39     0.14   0.00  0.56          0.07         0.07   -0.25      -0.25         0.04    -0.03   -0.03    0.04 -0.15
ALUMINIUM     0.16  0.20  0.21  0.09       0.18       1.00       0.47     0.44  0.36      0.51        0.53          0.34     0.27   0.18  0.20          0.51         0.48    0.40       0.34         0.31     0.00    0.32    0.08 -0.30
AUD_micro     0.09  0.11  0.68  0.49       0.53       0.47       1.00     0.27  0.48      0.52        0.41          0.49     0.30   0.34  0.55          0.57         0.58    0.31       0.23         0.20     0.09    0.22    0.04 -0.43
BITCOIN       0.20 -0.13  0.11  0.00       0.02       0.44       0.27     1.00  0.29      0.16        0.31          0.18     0.09   0.28  0.13          0.55         0.46    0.24       0.25         0.31     0.18    0.14    0.09 -0.27
DOW           0.13  0.21  0.10 -0.01       0.07       0.36       0.48     0.29  1.00      0.59        0.44          0.31     0.39   0.38  0.29          0.76         0.89    0.30       0.10         0.04     0.16    0.07    0.07 -0.71
EU-BASIC     -0.04  0.12  0.13  0.01       0.16       0.51       0.52     0.16  0.59      1.00        0.42          0.44     0.36   0.24  0.45          0.60         0.64    0.46       0.14        -0.00     0.15    0.14    0.25 -0.65
FTSECHINAA   -0.05  0.05  0.17  0.01       0.05       0.53       0.41     0.31  0.44      0.42        1.00          0.58     0.24   0.32  0.21          0.46         0.48    0.37       0.35         0.11     0.13    0.23    0.23 -0.36
HANGENT_mini  0.03  0.19  0.31  0.35       0.39       0.34       0.49     0.18  0.31      0.44        0.58          1.00     0.15   0.38  0.43          0.39         0.39    0.17       0.15         0.22     0.00    0.14    0.14 -0.43
LEANHOG      -0.07 -0.05  0.21  0.08       0.14       0.27       0.30     0.09  0.39      0.36        0.24          0.15     1.00   0.27  0.27          0.29         0.35    0.19       0.11        -0.05     0.22    0.11    0.08 -0.25
MUMMY        -0.09 -0.04  0.23 -0.05       0.00       0.18       0.34     0.28  0.38      0.24        0.32          0.38     0.27   1.00  0.24          0.42         0.42    0.27       0.25         0.12     0.15    0.15    0.13 -0.42
MXP          -0.07 -0.03  0.46  0.39       0.56       0.20       0.55     0.13  0.29      0.45        0.21          0.43     0.27   0.24  1.00          0.38         0.38    0.17       0.05         0.03     0.17    0.09    0.34 -0.48
NASDAQ_micro  0.11  0.02  0.19  0.02       0.07       0.51       0.57     0.55  0.76      0.60        0.46          0.39     0.29   0.42  0.38          1.00         0.96    0.40       0.26         0.27     0.05    0.17    0.20 -0.74
SP500_micro   0.13  0.12  0.17  0.00       0.07       0.48       0.58     0.46  0.89      0.64        0.48          0.39     0.35   0.42  0.38          0.96         1.00    0.41       0.25         0.22     0.11    0.17    0.18 -0.77
EU-OIL       -0.18 -0.14 -0.08 -0.36      -0.25       0.40       0.31     0.24  0.30      0.46        0.37          0.17     0.19   0.27  0.17          0.40         0.41    1.00       0.74         0.22     0.24    0.42    0.17 -0.27
GASOILINE    -0.15 -0.19  0.04 -0.28      -0.25       0.34       0.23     0.25  0.10      0.14        0.35          0.15     0.11   0.25  0.05          0.26         0.25    0.74       1.00         0.28     0.11    0.57    0.15 -0.00
GAS_US_mini   0.03  0.02  0.15  0.06       0.04       0.31       0.20     0.31  0.04     -0.00        0.11          0.22    -0.05   0.12  0.03          0.27         0.22    0.22       0.28         1.00    -0.03    0.24   -0.05 -0.05
LIVECOW      -0.03 -0.07 -0.05 -0.16      -0.03       0.00       0.09     0.18  0.16      0.15        0.13          0.00     0.22   0.15  0.17          0.05         0.11    0.24       0.11        -0.03     1.00    0.12    0.08 -0.13
SOYOIL       -0.19 -0.03  0.17 -0.03      -0.03       0.32       0.22     0.14  0.07      0.14        0.23          0.14     0.11   0.15  0.09          0.17         0.17    0.42       0.57         0.24     0.12    1.00    0.15 -0.03
YENEUR       -0.41 -0.38  0.05 -0.14       0.04       0.08       0.04     0.09  0.07      0.25        0.23          0.14     0.08   0.13  0.34          0.20         0.18    0.17       0.15        -0.05     0.08    0.15    1.00 -0.28
V2X           0.02 -0.08 -0.10  0.00      -0.15      -0.30      -0.43    -0.27 -0.71     -0.65       -0.36         -0.43    -0.25  -0.42 -0.48         -0.74        -0.77   -0.27      -0.00        -0.05    -0.13   -0.03   -0.28  1.00


********************************************************************************
                                 END OF REPORT                                  
********************************************************************************


