
********************************************************************************
                    Risk report produced on 02/07/2025 22:53                    
********************************************************************************


Total risk across all strategies, annualised percentage 11.7
Percentage of capital used for margin 43.7%

========================================
Risk per strategy, annualised percentage
========================================

                  risk
dynamic_TF_carry  11.7


===================
Risk by asset class
===================

Ags       3.8
Bond      1.9
Equity    4.8
FX        5.0
Metals    3.2
OilGas    3.4
dtype: float64


=====================================================
Beta loadings of asset class positions on asset class
=====================================================

OilGas   -0.07
Metals    0.06
Ags       0.20
Equity    0.27
Bond      0.40
FX        0.80
dtype: float64


========================================================
Beta loadings of full portfolio positions on asset class
========================================================

OilGas   -0.07
Bond      0.02
Metals    0.26
Ags       0.26
Equity    0.42
FX        1.38
dtype: float64


===================================================================================================================================================================================================================================================================
                                                                                                                          Instrument risk                                                                                                                          
===================================================================================================================================================================================================================================================================

               daily_price_stdev  annual_price_stdev     price  daily_perc_stdev  annual_perc_stdev  point_size_base  contract_exposure  daily_risk_per_contract  annual_risk_per_contract  position  capital  exposure_held_perc_capital  annual_risk_perc_capital
DX                         0.388               6.202     96.44              0.40                6.4            728.0              70203                      282                      4514        -5   539726                       -65.0                      -4.2
GAS-PEN                    0.126               2.022      3.49              3.62               57.9           7279.9              25399                      919                     14718        -1   539726                        -4.7                      -2.7
JPY                        0.000               0.001      0.01              0.60                9.7        9099876.6              63862                      385                      6164        -2   539726                       -23.7                      -2.3
WHEAT                      9.957             159.317    585.00              1.70               27.2             36.4              21293                      362                      5799        -1   539726                        -3.9                      -1.1
RICE                       0.187               2.993     12.99              1.44               23.0           1456.0              18913                      272                      4357        -1   539726                        -3.5                      -0.8
GOLD_micro                35.155             562.477   3367.80              1.04               16.7              7.3              24517                      255                      4094        -1   539726                        -4.5                      -0.8
GAS_US_mini                0.127               2.037      3.48              3.65               58.5           1820.0               6342                      231                      3707        -1   539726                        -1.2                      -0.7
IRON                       1.106              17.700     93.85              1.18               18.9             72.8               6832                       80                      1288        -2   539726                        -2.5                      -0.5
DOW                      378.431            6054.900  44767.00              0.85               13.5              0.4              16294                      137                      2203        -1   539726                        -3.0                      -0.4
MUMMY                     10.775             172.399    712.00              1.51               24.2              5.1               3605                       54                       873         1   539726                         0.7                       0.2
KOSDAQ                    18.885             302.159   1265.00              1.49               23.9              5.3               6759                      100                      1614         1   539726                         1.3                       0.3
MXP                        0.000               0.005      0.05              0.55                8.8         363995.1              19251                      105                      1690         1   539726                         3.6                       0.3
CRUDE_W_micro              1.649              26.380     64.53              2.56               40.9             72.8               4697                      120                      1920         1   539726                         0.9                       0.4
TOPIX                     27.850             445.602   2826.75              0.99               15.8              5.1              14315                      141                      2256         1   539726                         2.7                       0.4
CAD                        0.003               0.045      0.74              0.38                6.0          72799.0              53743                      202                      3245         1   539726                        10.0                       0.6
GBP                        0.006               0.100      1.36              0.46                7.3          45499.4              62065                      285                      4560         1   539726                        11.5                       0.8
LEANHOG                    1.067              17.072     92.92              1.15               18.4            291.2              27059                      310                      4971         1   539726                         5.0                       0.9
BTP                        0.391               6.260    120.66              0.32                5.2            858.2             103553                      335                      5372         1   539726                        19.2                       1.0
CANOLA                    10.572             169.158    735.60              1.44               23.0             10.7               7844                      112                      1803         3   539726                         4.4                       1.0
BUND                       0.402               6.432    129.97              0.31                4.9            858.2             111543                      344                      5519         1   539726                        20.7                       1.0
YENEUR                     0.745              11.920    168.92              0.44                7.1            633.0             106932                      471                      7545         1   539726                        19.8                       1.4
FEEDCOW                    2.835              45.359    308.77              0.92               14.7            364.0             112392                     1031                     16510         1   539726                        20.8                       3.1
PLAT                      31.319             501.109   1445.00              2.17               34.7             36.4              52597                     1140                     18240         1   539726                         9.7                       3.4
MIB                      353.537            5656.596  39685.00              0.89               14.3              4.3             170293                     1517                     24273         1   539726                        31.6                       4.5

Sum of abs(notional exposure % capital) 273.9
Sum of abs(annualised risk % capital) 32.8
Net sum of annualised risk % capital 5.8 

=====================================================================================================================================================================================================
                                                                                            Correlations                                                                                             
=====================================================================================================================================================================================================

                BTP  BUND   JPY    DX  GAS-PEN  GAS_US_mini   DOW  FEEDCOW  KOSDAQ   MIB  MUMMY   MXP  TOPIX  YENEUR   CAD   GBP  CANOLA  CRUDE_W_micro  GOLD_micro  IRON  LEANHOG  PLAT  RICE  WHEAT
BTP            1.00  0.84  0.36 -0.04    -0.23        -0.24  0.23    -0.09    0.10  0.14   0.15  0.16   0.05   -0.36  0.28  0.28    0.04          -0.09        0.34  0.18    -0.04  0.15  0.03  -0.07
BUND           0.84  1.00  0.42  0.03    -0.19        -0.22 -0.05    -0.36   -0.08 -0.24  -0.08 -0.13  -0.29   -0.57  0.21  0.01   -0.02          -0.19        0.26  0.13    -0.10 -0.05 -0.00   0.01
JPY            0.36  0.42  1.00 -0.64    -0.26        -0.28 -0.15    -0.27   -0.17 -0.15  -0.16 -0.02  -0.34   -0.67  0.45  0.46   -0.14          -0.29        0.30  0.03     0.03 -0.03  0.21   0.07
DX            -0.04  0.03 -0.64  1.00     0.11         0.11  0.14    -0.07   -0.08  0.05  -0.03 -0.22   0.08    0.03 -0.62 -0.64    0.02           0.23       -0.27 -0.00    -0.16 -0.07 -0.20  -0.13
GAS-PEN       -0.23 -0.19 -0.26  0.11     1.00         0.97  0.07     0.12    0.02  0.06   0.10 -0.03   0.16    0.09 -0.09 -0.19    0.08           0.17        0.03 -0.13     0.04 -0.03  0.04   0.12
GAS_US_mini   -0.24 -0.22 -0.28  0.11     0.97         1.00  0.05     0.17    0.03  0.11   0.13  0.00   0.19    0.14 -0.07 -0.17    0.10           0.21        0.06 -0.13     0.06 -0.01  0.00   0.09
DOW            0.23 -0.05 -0.15  0.14     0.07         0.05  1.00     0.38    0.33  0.73   0.58  0.23   0.69    0.11  0.01  0.28    0.00           0.18        0.06  0.11     0.25  0.28 -0.06  -0.14
FEEDCOW       -0.09 -0.36 -0.27 -0.07     0.12         0.17  0.38     1.00    0.31  0.45   0.41  0.36   0.51    0.36  0.10  0.17   -0.05           0.30        0.10  0.12     0.26  0.29  0.12  -0.18
KOSDAQ         0.10 -0.08 -0.17 -0.08     0.02         0.03  0.33     0.31    1.00  0.45   0.64  0.33   0.62    0.35  0.36  0.30    0.01           0.24        0.25  0.14     0.16  0.21 -0.03   0.11
MIB            0.14 -0.24 -0.15  0.05     0.06         0.11  0.73     0.45    0.45  1.00   0.69  0.39   0.79    0.22  0.03  0.43    0.03           0.40        0.30  0.17     0.28  0.38  0.01  -0.04
MUMMY          0.15 -0.08 -0.16 -0.03     0.10         0.13  0.58     0.41    0.64  0.69   1.00  0.34   0.85    0.26  0.22  0.37    0.03           0.45        0.45  0.06     0.32  0.35  0.02   0.02
MXP            0.16 -0.13 -0.02 -0.22    -0.03         0.00  0.23     0.36    0.33  0.39   0.34  1.00   0.42    0.36  0.34  0.44   -0.07           0.22        0.25  0.03     0.11  0.37 -0.11   0.12
TOPIX          0.05 -0.29 -0.34  0.08     0.16         0.19  0.69     0.51    0.62  0.79   0.85  0.42   1.00    0.43  0.08  0.37    0.04           0.37        0.24  0.08     0.20  0.34 -0.08  -0.06
YENEUR        -0.36 -0.57 -0.67  0.03     0.09         0.14  0.11     0.36    0.35  0.22   0.26  0.36   0.43    1.00  0.03  0.17    0.09           0.15       -0.09 -0.08     0.11  0.11 -0.14   0.03
CAD            0.28  0.21  0.45 -0.62    -0.09        -0.07  0.01     0.10    0.36  0.03   0.22  0.34   0.08    0.03  1.00  0.53    0.09          -0.07        0.36  0.01     0.17  0.08  0.01   0.20
GBP            0.28  0.01  0.46 -0.64    -0.19        -0.17  0.28     0.17    0.30  0.43   0.37  0.44   0.37    0.17  0.53  1.00   -0.08          -0.05        0.36  0.03     0.14  0.26  0.08   0.03
CANOLA         0.04 -0.02 -0.14  0.02     0.08         0.10  0.00    -0.05    0.01  0.03   0.03 -0.07   0.04    0.09  0.09 -0.08    1.00           0.18        0.01  0.03     0.22  0.08 -0.06   0.14
CRUDE_W_micro -0.09 -0.19 -0.29  0.23     0.17         0.21  0.18     0.30    0.24  0.40   0.45  0.22   0.37    0.15 -0.07 -0.05    0.18           1.00        0.34  0.18     0.33  0.29  0.09  -0.01
GOLD_micro     0.34  0.26  0.30 -0.27     0.03         0.06  0.06     0.10    0.25  0.30   0.45  0.25   0.24   -0.09  0.36  0.36    0.01           0.34        1.00  0.11     0.27  0.37  0.21   0.27
IRON           0.18  0.13  0.03 -0.00    -0.13        -0.13  0.11     0.12    0.14  0.17   0.06  0.03   0.08   -0.08  0.01  0.03    0.03           0.18        0.11  1.00     0.04  0.13  0.04   0.03
LEANHOG       -0.04 -0.10  0.03 -0.16     0.04         0.06  0.25     0.26    0.16  0.28   0.32  0.11   0.20    0.11  0.17  0.14    0.22           0.33        0.27  0.04     1.00  0.23  0.11   0.34
PLAT           0.15 -0.05 -0.03 -0.07    -0.03        -0.01  0.28     0.29    0.21  0.38   0.35  0.37   0.34    0.11  0.08  0.26    0.08           0.29        0.37  0.13     0.23  1.00  0.17   0.21
RICE           0.03 -0.00  0.21 -0.20     0.04         0.00 -0.06     0.12   -0.03  0.01   0.02 -0.11  -0.08   -0.14  0.01  0.08   -0.06           0.09        0.21  0.04     0.11  0.17  1.00   0.13
WHEAT         -0.07  0.01  0.07 -0.13     0.12         0.09 -0.14    -0.18    0.11 -0.04   0.02  0.12  -0.06    0.03  0.20  0.03    0.14          -0.01        0.27  0.03     0.34  0.21  0.13   1.00


********************************************************************************
                                 END OF REPORT                                  
********************************************************************************


