
********************************************************************************
                    Risk report produced on 13/11/2023 22:52                    
********************************************************************************


Total risk across all strategies, annualised percentage 11.7
Percentage of capital used for margin 53.3%

========================================
Risk per strategy, annualised percentage
========================================

                  risk
dynamic_TF_carry  11.7


===================
Risk by asset class
===================

Ags       2.5
Bond      4.0
Equity    2.3
FX        6.4
Metals    2.9
OilGas    1.1
Sector    1.6
dtype: float64


=====================================================
Beta loadings of asset class positions on asset class
=====================================================

FX       -0.78
Bond     -0.42
Metals   -0.10
Equity   -0.07
OilGas   -0.02
Ags       0.01
Sector    0.08
dtype: float64


========================================================
Beta loadings of full portfolio positions on asset class
========================================================

FX       -1.23
Bond     -0.72
Metals   -0.29
Equity   -0.06
OilGas    0.00
Sector    0.05
Ags       0.06
dtype: float64


==================================================================================================================================================================================================================================================================
                                                                                                                         Instrument risk                                                                                                                          
==================================================================================================================================================================================================================================================================

              daily_price_stdev  annual_price_stdev     price  daily_perc_stdev  annual_perc_stdev  point_size_base  contract_exposure  daily_risk_per_contract  annual_risk_per_contract  position  capital  exposure_held_perc_capital  annual_risk_perc_capital
US20                      1.195              19.120    113.25              1.06               16.9            816.1              92418                      975                     15603        -1   384681                       -24.0                      -4.1
JPY                       0.000               0.001      0.01              0.56                8.9       10200750.8              67641                      376                      6022        -2   384681                       -35.2                      -3.1
PLAT                     16.050             256.797    867.30              1.85               29.6             40.8              35388                      654                     10478        -1   384681                        -9.2                      -2.7
LIVECOW                   1.768              28.296    175.05              1.01               16.2            326.4              57140                      577                      9236        -1   384681                       -14.9                      -2.4
CHF                       0.005               0.077      1.11              0.43                6.9         102007.5             113544                      488                      7811        -1   384681                       -29.5                      -2.0
DAX                     131.112            2097.795  15371.00              0.85               13.6              0.9              13421                      114                      1831        -4   384681                       -14.0                      -1.9
AUD                       0.004               0.068      0.64              0.67               10.7          81606.0              52117                      349                      5585        -1   384681                       -13.5                      -1.5
NZD                       0.004               0.062      0.59              0.66               10.5          81606.0              48021                      315                      5045        -1   384681                       -12.5                      -1.3
BOBL                      0.314               5.027    116.09              0.27                4.3            873.1             101363                      274                      4389        -1   384681                       -26.3                      -1.1
GAS_US_mini               0.134               2.139      3.42              3.90               62.5           2040.2               6987                      272                      4364        -1   384681                        -1.8                      -1.1
RUSSELL                  23.995             383.920   1713.10              1.40               22.4              4.1               6989                       97                      1566        -2   384681                        -3.6                      -0.8
EURO600                   3.797              60.745    444.30              0.85               13.7             43.7              19396                      165                      2651        -1   384681                        -5.0                      -0.7
COPPER-micro              0.043               0.681      3.67              1.16               18.6           2040.2               7487                       86                      1389        -1   384681                        -1.9                      -0.4
BITCOIN                 813.271           13012.337  37045.00              2.20               35.1              0.1               3023                       66                      1061         0   384681                         0.0                       0.0
KOSDAQ                   31.802             508.825   1229.30              2.59               41.4              6.3               7729                      199                      3199         1   384681                         2.0                       0.8
MXP                       0.000               0.007      0.06              0.77               12.4         408030.0              23061                      178                      2854         2   384681                        12.0                       1.5
KR10                      0.593               9.485    108.07              0.55                8.8            628.8              67951                      372                      5964         1   384681                        17.7                       1.6
EU-OIL                    4.537              72.596    357.60              1.27               20.3             43.7              15611                      198                      3169         2   384681                         8.1                       1.6
LEANHOG                   1.342              21.472     77.30              1.74               27.8            326.4              25232                      438                      7009         1   384681                         6.6                       1.8
NIKKEI                  368.091            5889.448  32695.00              1.13               18.0              0.5              17584                      197                      3167         3   384681                        13.7                       2.5

Sum of abs(notional exposure % capital) 251.5
Sum of abs(annualised risk % capital) 32.9
Net sum of annualised risk % capital -13.3 

========================================================================================================================================================================
                                                                              Correlations                                                                              
========================================================================================================================================================================

              LEANHOG  LIVECOW   DAX  EU-OIL  EURO600  KOSDAQ   MXP  NIKKEI  RUSSELL  BOBL  KR10  US20  BITCOIN  GAS_US_mini   AUD   CHF  COPPER-micro   JPY   NZD  PLAT
LEANHOG          1.00     0.33  0.31    0.09     0.34    0.17  0.33    0.30     0.29  0.03  0.13  0.25    -0.09         0.10  0.21  0.11          0.13 -0.04  0.21  0.12
LIVECOW          0.33     1.00  0.25    0.32     0.33    0.12  0.23    0.38     0.45 -0.09 -0.06 -0.05    -0.14         0.17  0.12 -0.04          0.09 -0.10  0.00  0.24
DAX              0.31     0.25  1.00    0.43     0.92    0.53  0.57    0.62     0.68 -0.01  0.26  0.25     0.07         0.11  0.49  0.39          0.36  0.09  0.45  0.29
EU-OIL           0.09     0.32  0.43    1.00     0.55    0.25  0.25    0.54     0.47 -0.26 -0.09 -0.18    -0.01         0.34  0.28  0.06          0.31 -0.03  0.16  0.24
EURO600          0.34     0.33  0.92    0.55     1.00    0.55  0.57    0.65     0.72  0.06  0.29  0.27     0.06         0.22  0.51  0.36          0.37  0.09  0.46  0.28
KOSDAQ           0.17     0.12  0.53    0.25     0.55    1.00  0.35    0.42     0.50 -0.01  0.44  0.29    -0.02         0.01  0.25  0.31          0.20  0.01  0.26  0.05
MXP              0.33     0.23  0.57    0.25     0.57    0.35  1.00    0.39     0.46 -0.05  0.15  0.28     0.06         0.09  0.47  0.28          0.45  0.06  0.40  0.29
NIKKEI           0.30     0.38  0.62    0.54     0.65    0.42  0.39    1.00     0.59 -0.03  0.17  0.13    -0.02         0.20  0.31  0.04          0.31 -0.27  0.21  0.13
RUSSELL          0.29     0.45  0.68    0.47     0.72    0.50  0.46    0.59     1.00 -0.02  0.22  0.17     0.14         0.24  0.53  0.26          0.45  0.07  0.44  0.25
BOBL             0.03    -0.09 -0.01   -0.26     0.06   -0.01 -0.05   -0.03    -0.02  1.00  0.55  0.67     0.13        -0.01  0.18  0.23          0.05  0.32  0.30  0.19
KR10             0.13    -0.06  0.26   -0.09     0.29    0.44  0.15    0.17     0.22  0.55  1.00  0.67     0.13         0.01  0.24  0.36          0.12  0.25  0.35  0.09
US20             0.25    -0.05  0.25   -0.18     0.27    0.29  0.28    0.13     0.17  0.67  0.67  1.00     0.06         0.04  0.40  0.51          0.17  0.46  0.52  0.15
BITCOIN         -0.09    -0.14  0.07   -0.01     0.06   -0.02  0.06   -0.02     0.14  0.13  0.13  0.06     1.00         0.13  0.24  0.21          0.16  0.10  0.15  0.09
GAS_US_mini      0.10     0.17  0.11    0.34     0.22    0.01  0.09    0.20     0.24 -0.01  0.01  0.04     0.13         1.00  0.22  0.07          0.03 -0.09  0.17  0.16
AUD              0.21     0.12  0.49    0.28     0.51    0.25  0.47    0.31     0.53  0.18  0.24  0.40     0.24         0.22  1.00  0.59          0.60  0.52  0.86  0.54
CHF              0.11    -0.04  0.39    0.06     0.36    0.31  0.28    0.04     0.26  0.23  0.36  0.51     0.21         0.07  0.59  1.00          0.27  0.65  0.53  0.37
COPPER-micro     0.13     0.09  0.36    0.31     0.37    0.20  0.45    0.31     0.45  0.05  0.12  0.17     0.16         0.03  0.60  0.27          1.00  0.32  0.46  0.44
JPY             -0.04    -0.10  0.09   -0.03     0.09    0.01  0.06   -0.27     0.07  0.32  0.25  0.46     0.10        -0.09  0.52  0.65          0.32  1.00  0.52  0.32
NZD              0.21     0.00  0.45    0.16     0.46    0.26  0.40    0.21     0.44  0.30  0.35  0.52     0.15         0.17  0.86  0.53          0.46  0.52  1.00  0.36
PLAT             0.12     0.24  0.29    0.24     0.28    0.05  0.29    0.13     0.25  0.19  0.09  0.15     0.09         0.16  0.54  0.37          0.44  0.32  0.36  1.00


********************************************************************************
                                 END OF REPORT                                  
********************************************************************************


