
********************************************************************************
                    Risk report produced on 10/10/2023 22:52                    
********************************************************************************


Total risk across all strategies, annualised percentage 16.6
Percentage of capital used for margin 60.3%

========================================
Risk per strategy, annualised percentage
========================================

                  risk
dynamic_TF_carry  16.6


===================
Risk by asset class
===================

Ags       3.4
Bond      9.5
Equity    3.0
FX        6.7
Metals    0.4
OilGas    1.0
Sector    3.3
Vol       2.0
dtype: float64


=====================================================
Beta loadings of asset class positions on asset class
=====================================================

FX       -1.23
Bond     -1.11
Equity   -0.19
Vol      -0.04
OilGas   -0.02
Metals   -0.02
Sector    0.16
Ags       0.17
dtype: float64


========================================================
Beta loadings of full portfolio positions on asset class
========================================================

FX       -1.80
Bond     -1.56
Metals   -0.26
Equity   -0.23
Vol      -0.03
OilGas   -0.01
Sector    0.14
Ags       0.22
dtype: float64


==================================================================================================================================================================================================================================================================
                                                                                                                         Instrument risk                                                                                                                          
==================================================================================================================================================================================================================================================================

              daily_price_stdev  annual_price_stdev     price  daily_perc_stdev  annual_perc_stdev  point_size_base  contract_exposure  daily_risk_per_contract  annual_risk_per_contract  position  capital  exposure_held_perc_capital  annual_risk_perc_capital
US20                      1.023              16.373    112.03              0.91               14.6            817.8              91614                      836                     13389        -1   381965                       -24.0                      -3.5
BTP                       0.773              12.366    109.67              0.70               11.3            863.8              94728                      667                     10681        -1   381965                       -24.8                      -2.8
BUND                      0.761              12.178    129.07              0.59                9.4            863.8             111485                      657                     10519        -1   381965                       -29.2                      -2.8
DAX                     144.986            2319.784  15532.00              0.93               14.9              0.9              13415                      125                      2003        -5   381965                       -17.6                      -2.6
VIX                       0.589               9.425     17.65              3.34               53.4            817.8              14433                      481                      7707        -1   381965                        -3.8                      -2.0
CHF                       0.005               0.075      1.11              0.42                6.8         102220.2             113806                      481                      7699        -1   381965                       -29.8                      -2.0
US3                       0.216               3.463    103.26              0.21                3.4           1635.5             168880                      353                      5663        -1   381965                       -44.2                      -1.5
JPY                       0.000               0.001      0.01              0.51                8.1       10222022.3              69494                      353                      5655        -1   381965                       -18.2                      -1.5
AUD                       0.004               0.067      0.64              0.65               10.5          81776.2              52561                      344                      5507        -1   381965                       -13.8                      -1.4
GBP                       0.006               0.092      1.23              0.47                7.5          51110.1              62768                      294                      4717        -1   381965                       -16.4                      -1.2
NZD                       0.003               0.055      0.60              0.57                9.2          81776.2              49376                      282                      4518        -1   381965                       -12.9                      -1.2
RUSSELL                  20.864             333.828   1793.00              1.16               18.6              4.1               7331                       85                      1364        -3   381965                        -5.8                      -1.1
GAS_US_mini               0.116               1.860      3.66              3.17               50.7           2044.4               7492                      237                      3801        -1   381965                        -2.0                      -1.0
DOW                     250.825            4013.203  33950.00              0.74               11.8              0.4              13881                      102                      1640        -1   381965                        -3.6                      -0.4
COPPER-micro              0.046               0.742      3.62              1.28               20.5           2044.4               7409                       94                      1516        -1   381965                        -1.9                      -0.4
MXP                       0.000               0.007      0.05              0.82               13.1         408880.9              22468                      184                      2946         1   381965                         5.9                       0.8
CNH                       0.019               0.301      7.28              0.26                4.1          11218.1              81707                      211                      3378         1   381965                        21.4                       0.9
NIKKEI                  364.259            5828.147  31735.00              1.15               18.4              0.5              17445                      200                      3203         2   381965                         9.1                       1.7
LIVECOW                   1.308              20.923    185.00              0.71               11.3            327.1              60514                      427                      6843         1   381965                        15.8                       1.8
LEANHOG                   1.629              26.067     71.47              2.28               36.5            327.1              23379                      532                      8526         1   381965                         6.1                       2.2
EU-OIL                    4.585              73.362    363.30              1.26               20.2             43.2              15690                      198                      3168         4   381965                        16.4                       3.3

Sum of abs(notional exposure % capital) 322.7
Sum of abs(annualised risk % capital) 36.1
Net sum of annualised risk % capital -14.7 

======================================================================================================================================================================
                                                                             Correlations                                                                             
======================================================================================================================================================================

               CNH   VIX   AUD  COPPER-micro   NZD   BTP  BUND   CHF   GBP   JPY  US20   US3   DAX   DOW  EU-OIL   MXP  NIKKEI  RUSSELL  GAS_US_mini  LEANHOG  LIVECOW
CNH           1.00  0.22 -0.61         -0.52 -0.59 -0.35 -0.39 -0.47 -0.43 -0.51 -0.41 -0.48 -0.32 -0.29   -0.09 -0.16   -0.12    -0.34         0.03     0.07     0.01
VIX           0.22  1.00 -0.46         -0.41 -0.34 -0.25 -0.17 -0.16 -0.27 -0.12 -0.28 -0.11 -0.54 -0.67   -0.39 -0.48   -0.47    -0.74        -0.18    -0.30    -0.43
AUD          -0.61 -0.46  1.00          0.67  0.89  0.33  0.27  0.67  0.72  0.57  0.40  0.43  0.54  0.54    0.29  0.46    0.35     0.58         0.04     0.22     0.10
COPPER-micro -0.52 -0.41  0.67          1.00  0.59  0.20  0.09  0.49  0.59  0.41  0.22  0.29  0.44  0.50    0.42  0.36    0.32     0.52        -0.05     0.15     0.17
NZD          -0.59 -0.34  0.89          0.59  1.00  0.34  0.29  0.69  0.76  0.59  0.41  0.51  0.46  0.43    0.19  0.34    0.24     0.44         0.02     0.17    -0.01
BTP          -0.35 -0.25  0.33          0.20  0.34  1.00  0.92  0.44  0.46  0.49  0.70  0.57  0.47  0.34   -0.03  0.26    0.21     0.26        -0.13    -0.12     0.03
BUND         -0.39 -0.17  0.27          0.09  0.29  0.92  1.00  0.37  0.39  0.47  0.73  0.67  0.33  0.27   -0.15  0.12    0.08     0.20        -0.10    -0.21    -0.04
CHF          -0.47 -0.16  0.67          0.49  0.69  0.44  0.37  1.00  0.77  0.67  0.53  0.57  0.42  0.30    0.08  0.28    0.14     0.33        -0.12     0.02    -0.01
GBP          -0.43 -0.27  0.72          0.59  0.76  0.46  0.39  0.77  1.00  0.60  0.50  0.56  0.47  0.44    0.13  0.31    0.20     0.37         0.02     0.08     0.03
JPY          -0.51 -0.12  0.57          0.41  0.59  0.49  0.47  0.67  0.60  1.00  0.52  0.63  0.31  0.18    0.01  0.21   -0.20     0.19        -0.32     0.00    -0.07
US20         -0.41 -0.28  0.40          0.22  0.41  0.70  0.73  0.53  0.50  0.52  1.00  0.76  0.37  0.33   -0.02  0.22    0.15     0.28        -0.07    -0.10     0.08
US3          -0.48 -0.11  0.43          0.29  0.51  0.57  0.67  0.57  0.56  0.63  0.76  1.00  0.25  0.25   -0.05  0.00   -0.07     0.22        -0.13    -0.18    -0.12
DAX          -0.32 -0.54  0.54          0.44  0.46  0.47  0.33  0.42  0.47  0.31  0.37  0.25  1.00  0.69    0.50  0.54    0.64     0.67         0.08     0.30     0.27
DOW          -0.29 -0.67  0.54          0.50  0.43  0.34  0.27  0.30  0.44  0.18  0.33  0.25  0.69  1.00    0.44  0.40    0.53     0.82         0.26     0.32     0.40
EU-OIL       -0.09 -0.39  0.29          0.42  0.19 -0.03 -0.15  0.08  0.13  0.01 -0.02 -0.05  0.50  0.44    1.00  0.48    0.46     0.45         0.16     0.32     0.32
MXP          -0.16 -0.48  0.46          0.36  0.34  0.26  0.12  0.28  0.31  0.21  0.22  0.00  0.54  0.40    0.48  1.00    0.43     0.42        -0.07     0.19     0.26
NIKKEI       -0.12 -0.47  0.35          0.32  0.24  0.21  0.08  0.14  0.20 -0.20  0.15 -0.07  0.64  0.53    0.46  0.43    1.00     0.52         0.25     0.21     0.26
RUSSELL      -0.34 -0.74  0.58          0.52  0.44  0.26  0.20  0.33  0.37  0.19  0.28  0.22  0.67  0.82    0.45  0.42    0.52     1.00         0.22     0.35     0.45
GAS_US_mini   0.03 -0.18  0.04         -0.05  0.02 -0.13 -0.10 -0.12  0.02 -0.32 -0.07 -0.13  0.08  0.26    0.16 -0.07    0.25     0.22         1.00     0.09     0.02
LEANHOG       0.07 -0.30  0.22          0.15  0.17 -0.12 -0.21  0.02  0.08  0.00 -0.10 -0.18  0.30  0.32    0.32  0.19    0.21     0.35         0.09     1.00     0.41
LIVECOW       0.01 -0.43  0.10          0.17 -0.01  0.03 -0.04 -0.01  0.03 -0.07  0.08 -0.12  0.27  0.40    0.32  0.26    0.26     0.45         0.02     0.41     1.00


********************************************************************************
                                 END OF REPORT                                  
********************************************************************************


