
********************************************************************************
                    Risk report produced on 30/03/2026 22:53                    
********************************************************************************


Total risk across all strategies, annualised percentage 8.4
Percentage of capital used for margin 34.4%

========================================
Risk per strategy, annualised percentage
========================================

                  risk
dynamic_TF_carry   8.3


===================
Risk by asset class
===================

Ags       1.2
Bond      1.5
Equity    2.8
FX        3.0
Metals    3.2
OilGas    4.6
Vol       0.1
dtype: float64


=====================================================
Beta loadings of asset class positions on asset class
=====================================================

Bond     -0.28
Equity   -0.12
Metals   -0.09
FX       -0.02
Vol      -0.00
Ags       0.01
OilGas    0.07
dtype: float64


========================================================
Beta loadings of full portfolio positions on asset class
========================================================

Bond     -0.63
FX       -0.39
Metals   -0.08
Equity   -0.07
Vol       0.01
OilGas    0.09
Ags       0.09
dtype: float64


==================================================================================================================================================================================================================================================================
                                                                                                                         Instrument risk                                                                                                                          
==================================================================================================================================================================================================================================================================

              daily_price_stdev  annual_price_stdev     price  daily_perc_stdev  annual_perc_stdev  point_size_base  contract_exposure  daily_risk_per_contract  annual_risk_per_contract  position  capital  exposure_held_perc_capital  annual_risk_perc_capital
BITCOIN                2418.567           38697.068  66550.00              3.63               58.1              0.1               5014                      182                      2915        -5   693393                        -3.6                      -2.1
NASDAQ_micro            280.655            4490.472  23103.50              1.21               19.4              1.5              34814                      422                      6766        -2   693393                       -10.0                      -2.0
JPY                       0.000               0.001      0.01              0.59                9.5        9418146.9              59362                      351                      5625        -2   693393                       -17.1                      -1.6
GOLD_micro               91.593            1465.484   4531.20              2.02               32.3              7.5              34140                      690                     11041        -1   693393                        -4.9                      -1.6
CHF                       0.007               0.105      1.26              0.52                8.3          94181.5             118711                      617                      9887        -1   693393                       -17.1                      -1.4
KR10                      0.478               7.656    108.26              0.44                7.1            494.7              53559                      236                      3787        -2   693393                       -15.4                      -1.1
SP500_micro              59.494             951.908   6384.75              0.93               14.9              3.8              24053                      224                      3586        -2   693393                        -6.9                      -1.0
LEANHOG                   1.059              16.936    108.68              0.97               15.6            301.4              32752                      319                      5104        -1   693393                        -4.7                      -0.7
US10                      0.396               6.343    110.80              0.36                5.7            753.5              83480                      298                      4779        -1   693393                       -12.0                      -0.7
GAS_US_mini               0.143               2.286      2.88              4.95               79.3           1883.6               5434                      269                      4306        -1   693393                        -0.8                      -0.6
COPPER-micro              0.110               1.761      5.54              1.99               31.8           1883.6              10437                      207                      3316        -1   693393                        -1.5                      -0.5
EUR_micro                 0.005               0.085      1.15              0.46                7.4           9418.1              10828                       49                       798        -4   693393                        -6.2                      -0.5
DOW                     413.053            6608.841  45358.00              0.91               14.6              0.4              17087                      155                      2489        -1   693393                        -2.5                      -0.4
HANGENT_mini            129.839            2077.418   8383.00              1.55               24.8              1.0               8064                      124                      1998        -1   693393                        -1.2                      -0.3
V2X                       0.537               8.598     26.05              2.06               33.0             86.8               2260                       46                       745        -1   693393                        -0.3                      -0.1
MUMMY                    12.737             203.799    682.00              1.87               29.9              4.7               3217                       60                       961         1   693393                         0.5                       0.1
BRE                       0.002               0.025      0.19              0.81               13.0          75345.2              14330                      116                      1861         1   693393                         2.1                       0.3
AUD_micro                 0.004               0.068      0.68              0.62                9.9           7534.5               5156                       31                       511         5   693393                         3.7                       0.4
IBEX_mini               208.599            3337.580  16815.00              1.24               19.8              0.9              14589                      180                      2895         1   693393                         2.1                       0.4
FTSECHINAA              147.422            2358.757  14574.00              1.01               16.2              0.8              10980                      111                      1777         2   693393                         3.2                       0.5
ZAR                       0.001               0.010      0.06              1.06               17.0         376725.9              21784                      231                      3710         1   693393                         3.1                       0.5
NZD                       0.004               0.064      0.57              0.69               11.1          75345.2              43191                      299                      4790         1   693393                         6.2                       0.7
MXP                       0.000               0.006      0.05              0.74               11.8         376725.9              20637                      152                      2436         2   693393                         6.0                       0.7
GBP                       0.007               0.107      1.32              0.51                8.2          47090.7              62042                      316                      5058         1   693393                         8.9                       0.7
SOYOIL                    0.930              14.884     68.43              1.36               21.8            452.1              30935                      420                      6728         1   693393                         4.5                       1.0
YENEUR                    0.773              12.365    182.43              0.42                6.8            589.7             107584                      455                      7291         1   693393                        15.5                       1.1
KOSPI_mini               21.567             345.070    781.14              2.76               44.2             24.7              19322                      533                      8535         1   693393                         2.8                       1.2
GASOILINE                 0.066               1.062      3.00              2.21               35.3          31645.0              95058                     2099                     33595         1   693393                        13.7                       4.8

Sum of abs(notional exposure % capital) 176.5
Sum of abs(annualised risk % capital) 27.0
Net sum of annualised risk % capital -2.2 

===========================================================================================================================================================================================================================================================================
                                                                                                                               Correlations                                                                                                                                
===========================================================================================================================================================================================================================================================================

              AUD_micro   BRE   CHF  COPPER-micro  EUR_micro   GBP  GOLD_micro  HANGENT_mini   JPY  KOSPI_mini   MXP   NZD   ZAR  KR10  US10  BITCOIN   DOW  FTSECHINAA  IBEX_mini  MUMMY  NASDAQ_micro  SP500_micro  GASOILINE  GAS_US_mini  LEANHOG  SOYOIL  YENEUR   V2X
AUD_micro          1.00  0.58  0.60          0.53       0.66  0.75        0.51          0.54  0.56        0.60  0.62  0.91  0.72  0.19  0.27     0.28  0.36        0.33       0.28   0.24          0.47         0.46       0.05         0.21    -0.00   -0.03   -0.16 -0.25
BRE                0.58  1.00  0.18          0.33       0.43  0.45        0.23          0.35  0.28        0.43  0.56  0.47  0.56 -0.07  0.25     0.17  0.29        0.20       0.43   0.06          0.30         0.31       0.11         0.35    -0.02    0.16   -0.03 -0.21
CHF                0.60  0.18  1.00          0.30       0.84  0.71        0.57          0.44  0.70        0.32  0.41  0.68  0.45  0.28  0.18     0.10  0.06        0.04       0.05  -0.08          0.09         0.06      -0.29         0.03    -0.11   -0.17   -0.17  0.07
COPPER-micro       0.53  0.33  0.30          1.00       0.40  0.47        0.46          0.47  0.24        0.27  0.43  0.45  0.56 -0.04  0.07     0.32  0.34        0.38       0.26   0.22          0.39         0.41       0.00         0.14     0.14    0.11    0.05 -0.26
EUR_micro          0.66  0.43  0.84          0.40       1.00  0.84        0.45          0.44  0.72        0.38  0.60  0.74  0.59  0.17  0.29     0.13  0.14        0.09       0.20  -0.12          0.12         0.11      -0.37        -0.00    -0.04   -0.21   -0.07 -0.08
GBP                0.75  0.45  0.71          0.47       0.84  1.00        0.50          0.50  0.73        0.37  0.55  0.81  0.64  0.26  0.37     0.27  0.20        0.22       0.27   0.07          0.29         0.28      -0.19         0.09    -0.02   -0.17   -0.22 -0.21
GOLD_micro         0.51  0.23  0.57          0.46       0.45  0.50        1.00          0.34  0.38        0.40  0.39  0.50  0.49  0.25  0.19     0.29  0.13        0.10       0.16   0.16          0.30         0.24      -0.04         0.21     0.06    0.04   -0.09 -0.04
HANGENT_mini       0.54  0.35  0.44          0.47       0.44  0.50        0.34          1.00  0.36        0.47  0.38  0.45  0.60  0.04  0.07     0.32  0.27        0.54       0.26   0.27          0.41         0.38       0.00         0.20    -0.13   -0.09   -0.10 -0.15
JPY                0.56  0.28  0.70          0.24       0.72  0.73        0.38          0.36  1.00        0.28  0.35  0.62  0.42  0.31  0.44     0.17  0.04        0.07       0.08  -0.13          0.07         0.06      -0.21         0.07    -0.16   -0.22   -0.72  0.06
KOSPI_mini         0.60  0.43  0.32          0.27       0.38  0.37        0.40          0.47  0.28        1.00  0.52  0.48  0.67  0.17  0.26     0.20  0.43        0.14       0.50   0.34          0.44         0.45      -0.03        -0.04    -0.11   -0.14   -0.07 -0.33
MXP                0.62  0.56  0.41          0.43       0.60  0.55        0.39          0.38  0.35        0.52  1.00  0.58  0.69  0.13  0.27     0.13  0.27        0.27       0.39   0.13          0.26         0.29      -0.12        -0.00     0.02   -0.04    0.08 -0.29
NZD                0.91  0.47  0.68          0.45       0.74  0.81        0.50          0.45  0.62        0.48  0.58  1.00  0.64  0.24  0.32     0.27  0.34        0.21       0.26   0.11          0.40         0.41      -0.12         0.11     0.06   -0.06   -0.16 -0.29
ZAR                0.72  0.56  0.45          0.56       0.59  0.64        0.49          0.60  0.42        0.67  0.69  0.64  1.00  0.11  0.27     0.29  0.44        0.29       0.56   0.21          0.41         0.45      -0.15         0.06    -0.05   -0.15   -0.04 -0.42
KR10               0.19 -0.07  0.28         -0.04       0.17  0.26        0.25          0.04  0.31        0.17  0.13  0.24  0.11  1.00  0.45     0.15  0.01        0.06      -0.10   0.17          0.17         0.14      -0.07        -0.14    -0.05   -0.26   -0.27 -0.07
US10               0.27  0.25  0.18          0.07       0.29  0.37        0.19          0.07  0.44        0.26  0.27  0.32  0.27  0.45  1.00    -0.15  0.15        0.09       0.30   0.08         -0.04         0.09      -0.34        -0.09     0.06   -0.18   -0.36 -0.21
BITCOIN            0.28  0.17  0.10          0.32       0.13  0.27        0.29          0.32  0.17        0.20  0.13  0.27  0.29  0.15 -0.15     1.00  0.35        0.15       0.09   0.22          0.59         0.52       0.14         0.20    -0.06    0.06   -0.14 -0.20
DOW                0.36  0.29  0.06          0.34       0.14  0.20        0.13          0.27  0.04        0.43  0.27  0.34  0.44  0.01  0.15     0.35  1.00        0.24       0.56   0.26          0.74         0.88      -0.17        -0.14     0.19   -0.06    0.05 -0.72
FTSECHINAA         0.33  0.20  0.04          0.38       0.09  0.22        0.10          0.54  0.07        0.14  0.27  0.21  0.29  0.06  0.09     0.15  0.24        1.00       0.18   0.21          0.29         0.30       0.14         0.11     0.07    0.03   -0.03 -0.20
IBEX_mini          0.28  0.43  0.05          0.26       0.20  0.27        0.16          0.26  0.08        0.50  0.39  0.26  0.56 -0.10  0.30     0.09  0.56        0.18       1.00   0.21          0.24         0.39      -0.24        -0.15     0.13   -0.12    0.10 -0.60
MUMMY              0.24  0.06 -0.08          0.22      -0.12  0.07        0.16          0.27 -0.13        0.34  0.13  0.11  0.21  0.17  0.08     0.22  0.26        0.21       0.21   1.00          0.28         0.32       0.32        -0.11     0.14    0.09    0.07 -0.22
NASDAQ_micro       0.47  0.30  0.09          0.39       0.12  0.29        0.30          0.41  0.07        0.44  0.26  0.40  0.41  0.17 -0.04     0.59  0.74        0.29       0.24   0.28          1.00         0.95       0.09         0.15     0.08   -0.00    0.00 -0.57
SP500_micro        0.46  0.31  0.06          0.41       0.11  0.28        0.24          0.38  0.06        0.45  0.29  0.41  0.45  0.14  0.09     0.52  0.88        0.30       0.39   0.32          0.95         1.00       0.02         0.06     0.16   -0.01    0.01 -0.68
GASOILINE          0.05  0.11 -0.29          0.00      -0.37 -0.19       -0.04          0.00 -0.21       -0.03 -0.12 -0.12 -0.15 -0.07 -0.34     0.14 -0.17        0.14      -0.24   0.32          0.09         0.02       1.00         0.39     0.02    0.39   -0.07  0.28
GAS_US_mini        0.21  0.35  0.03          0.14      -0.00  0.09        0.21          0.20  0.07       -0.04 -0.00  0.11  0.06 -0.14 -0.09     0.20 -0.14        0.11      -0.15  -0.11          0.15         0.06       0.39         1.00    -0.17    0.10   -0.11  0.21
LEANHOG           -0.00 -0.02 -0.11          0.14      -0.04 -0.02        0.06         -0.13 -0.16       -0.11  0.02  0.06 -0.05 -0.05  0.06    -0.06  0.19        0.07       0.13   0.14          0.08         0.16       0.02        -0.17     1.00    0.11    0.21 -0.24
SOYOIL            -0.03  0.16 -0.17          0.11      -0.21 -0.17        0.04         -0.09 -0.22       -0.14 -0.04 -0.06 -0.15 -0.26 -0.18     0.06 -0.06        0.03      -0.12   0.09         -0.00        -0.01       0.39         0.10     0.11    1.00    0.07  0.17
YENEUR            -0.16 -0.03 -0.17          0.05      -0.07 -0.22       -0.09         -0.10 -0.72       -0.07  0.08 -0.16 -0.04 -0.27 -0.36    -0.14  0.05       -0.03       0.10   0.07          0.00         0.01      -0.07        -0.11     0.21    0.07    1.00 -0.17
V2X               -0.25 -0.21  0.07         -0.26      -0.08 -0.21       -0.04         -0.15  0.06       -0.33 -0.29 -0.29 -0.42 -0.07 -0.21    -0.20 -0.72       -0.20      -0.60  -0.22         -0.57        -0.68       0.28         0.21    -0.24    0.17   -0.17  1.00


********************************************************************************
                                 END OF REPORT                                  
********************************************************************************


