
********************************************************************************
           Risk report report produced on 2023-05-15 22:52:27.912181            
********************************************************************************


Total risk across all strategies, annualised percentage 10.3
Percentage of capital used for margin 60.8%

========================================
Risk per strategy, annualised percentage
========================================

                  risk
dynamic_TF_carry  10.3


===================
Risk by asset class
===================

Ags       4.1
Equity    5.9
FX        3.3
Metals    2.1
OilGas    1.3
Sector    1.9
Vol       1.0
dtype: float64


=====================================================
Beta loadings of asset class positions on asset class
=====================================================

Ags      -0.17
Metals   -0.02
Vol      -0.02
OilGas   -0.01
Sector    0.09
FX        0.13
Equity    0.41
dtype: float64


========================================================
Beta loadings of full portfolio positions on asset class
========================================================

Vol      -0.19
Ags      -0.02
OilGas    0.00
Metals    0.02
Sector    0.32
Equity    0.48
FX        0.55
dtype: float64


==================================================================================================================================================================================================================================================================
                                                                                                                         Instrument risk                                                                                                                          
==================================================================================================================================================================================================================================================================

              daily_price_stdev  annual_price_stdev     price  daily_perc_stdev  annual_perc_stdev  point_size_base  contract_exposure  daily_risk_per_contract  annual_risk_per_contract  position  capital  exposure_held_perc_capital  annual_risk_perc_capital
REDWHEAT                 18.849             301.583    886.50              2.13               34.0             40.1              35545                      755                     12092        -1   342493                       -10.4                      -3.5
LEANHOG                   1.535              24.559     86.10              1.78               28.5            320.8              27618                      492                      7877        -1   342493                        -8.1                      -2.3
AUD                       0.005               0.076      0.67              0.71               11.3          80192.5              53793                      381                      6103        -1   342493                       -15.7                      -1.8
COPPER-micro              0.057               0.906      3.74              1.51               24.2           2004.8               7498                      113                      1816        -3   342493                        -6.6                      -1.6
RUSSELL                  23.412             374.598   1767.60              1.32               21.2              4.0               7087                       93                      1501        -3   342493                        -6.2                      -1.3
GAS_US_mini               0.135               2.167      2.54              5.33               85.3           2004.8               5092                      271                      4344        -1   342493                        -1.5                      -1.3
IRON                      3.133              50.122     97.85              3.20               51.2             80.2               7846                      251                      4019        -1   342493                        -2.3                      -1.2
V2X                       0.622               9.948     19.45              3.20               51.1             87.1               1694                       54                       866        -4   342493                        -2.0                      -1.0
FTSECHINAA              145.103            2321.651  12966.00              1.12               17.9              0.8              10397                      116                      1861        -1   342493                        -3.0                      -0.5
EU-BANKS                  1.792              28.672    101.05              1.77               28.4             43.6               4402                       78                      1249         1   342493                         1.3                       0.4
BITCOIN                1083.875           17341.995  27490.00              3.94               63.1              0.1               2204                       86                      1390         1   342493                         0.6                       0.4
BRE                       0.002               0.028      0.20              0.86               13.8          80192.5              16339                      141                      2261         1   342493                         4.8                       0.7
NASDAQ_micro            148.000            2368.005  13456.25              1.10               17.6              1.6              21581                      237                      3797         1   342493                         6.3                       1.1
KOSDAQ                   21.114             337.831   1209.30              1.75               27.9              6.0               7258                      126                      2027         2   342493                         4.2                       1.2
LIVECOW                   0.960              15.366    162.57              0.59                9.5            320.8              52149                      308                      4928         1   342493                        15.2                       1.4
SILVER                    0.409               6.547     24.25              1.69               27.0            801.9              19446                      328                      5249         1   342493                         5.7                       1.5
EU-AUTO                   7.887             126.187    598.90              1.32               21.1             43.6              26094                      343                      5498         1   342493                         7.6                       1.6
CAC                      59.345             949.513   7411.50              0.80               12.8              8.7              64584                      517                      8274         1   342493                        18.9                       2.4
YENEUR                    0.878              14.056    147.49              0.60                9.5            736.0             108551                      646                     10344         1   342493                        31.7                       3.0
SMI                      82.585            1321.361  11582.00              0.71               11.4              8.9             103490                      737                     11806         1   342493                        30.2                       3.4

Sum of abs(notional exposure % capital) 182.3
Sum of abs(annualised risk % capital) 31.6
Net sum of annualised risk % capital 2.6 

==============================================================================================================================================================================================
                                                                                         Correlations                                                                                         
==============================================================================================================================================================================================

               CAC  EU-AUTO  EU-BANKS  KOSDAQ  NASDAQ_micro  RUSSELL   SMI  GAS_US_mini  LEANHOG  LIVECOW  YENEUR   AUD  BITCOIN   BRE  COPPER-micro  IRON  SILVER  FTSECHINAA  REDWHEAT   V2X
CAC           1.00     0.78      0.72    0.50          0.59     0.72  0.77         0.04     0.28     0.41    0.20  0.40     0.17  0.30          0.46  0.14    0.20        0.14     -0.15 -0.73
EU-AUTO       0.78     1.00      0.68    0.41          0.48     0.59  0.52         0.04     0.26     0.41    0.18  0.34    -0.00  0.23          0.31  0.07    0.07        0.03     -0.09 -0.69
EU-BANKS      0.72     0.68      1.00    0.32          0.16     0.45  0.43        -0.01     0.40     0.49    0.23  0.14    -0.08  0.26          0.22  0.10   -0.09        0.06     -0.11 -0.72
KOSDAQ        0.50     0.41      0.32    1.00          0.44     0.45  0.39         0.10     0.18     0.39    0.23  0.42     0.24  0.23          0.40  0.16    0.22        0.01     -0.02 -0.37
NASDAQ_micro  0.59     0.48      0.16    0.44          1.00     0.75  0.57         0.13     0.07     0.30    0.10  0.59     0.40  0.25          0.38  0.24    0.33        0.13      0.01 -0.43
RUSSELL       0.72     0.59      0.45    0.45          0.75     1.00  0.64         0.21     0.18     0.42    0.19  0.60     0.36  0.38          0.49  0.32    0.28        0.07      0.07 -0.57
SMI           0.77     0.52      0.43    0.39          0.57     0.64  1.00         0.15     0.13     0.31    0.23  0.39     0.16  0.21          0.35  0.09    0.28        0.14     -0.02 -0.49
GAS_US_mini   0.04     0.04     -0.01    0.10          0.13     0.21  0.15         1.00     0.00     0.00    0.21  0.05     0.04 -0.10         -0.03  0.08   -0.10       -0.10      0.07  0.09
LEANHOG       0.28     0.26      0.40    0.18          0.07     0.18  0.13         0.00     1.00     0.42    0.05  0.11    -0.06  0.27          0.05  0.14    0.07       -0.01      0.00 -0.14
LIVECOW       0.41     0.41      0.49    0.39          0.30     0.42  0.31         0.00     0.42     1.00    0.20  0.14     0.06  0.27          0.09  0.14    0.00       -0.13      0.00 -0.33
YENEUR        0.20     0.18      0.23    0.23          0.10     0.19  0.23         0.21     0.05     0.20    1.00  0.09     0.10 -0.05          0.07  0.07   -0.12        0.17     -0.13 -0.21
AUD           0.40     0.34      0.14    0.42          0.59     0.60  0.39         0.05     0.11     0.14    0.09  1.00     0.24  0.23          0.65  0.36    0.57        0.24      0.22 -0.36
BITCOIN       0.17    -0.00     -0.08    0.24          0.40     0.36  0.16         0.04    -0.06     0.06    0.10  0.24     1.00  0.22          0.25  0.11    0.30        0.12      0.12 -0.00
BRE           0.30     0.23      0.26    0.23          0.25     0.38  0.21        -0.10     0.27     0.27   -0.05  0.23     0.22  1.00          0.26  0.32    0.26        0.06      0.09 -0.38
COPPER-micro  0.46     0.31      0.22    0.40          0.38     0.49  0.35        -0.03     0.05     0.09    0.07  0.65     0.25  0.26          1.00  0.40    0.52        0.25      0.10 -0.40
IRON          0.14     0.07      0.10    0.16          0.24     0.32  0.09         0.08     0.14     0.14    0.07  0.36     0.11  0.32          0.40  1.00    0.20        0.24      0.23 -0.11
SILVER        0.20     0.07     -0.09    0.22          0.33     0.28  0.28        -0.10     0.07     0.00   -0.12  0.57     0.30  0.26          0.52  0.20    1.00        0.23      0.15 -0.10
FTSECHINAA    0.14     0.03      0.06    0.01          0.13     0.07  0.14        -0.10    -0.01    -0.13    0.17  0.24     0.12  0.06          0.25  0.24    0.23        1.00      0.03 -0.16
REDWHEAT     -0.15    -0.09     -0.11   -0.02          0.01     0.07 -0.02         0.07     0.00     0.00   -0.13  0.22     0.12  0.09          0.10  0.23    0.15        0.03      1.00  0.09
V2X          -0.73    -0.69     -0.72   -0.37         -0.43    -0.57 -0.49         0.09    -0.14    -0.33   -0.21 -0.36    -0.00 -0.38         -0.40 -0.11   -0.10       -0.16      0.09  1.00


********************************************************************************
                                 END OF REPORT                                  
********************************************************************************


