
********************************************************************************
                    Risk report produced on 09/07/2024 22:52                    
********************************************************************************


Total risk across all strategies, annualised percentage 12.1
Percentage of capital used for margin 66.7%

========================================
Risk per strategy, annualised percentage
========================================

                  risk
dynamic_TF_carry  12.1


===================
Risk by asset class
===================

Ags        2.1
Bond       3.0
Equity    10.7
FX         3.9
Metals     2.4
OilGas     2.9
Sector     1.3
Vol        0.1
dtype: float64


=====================================================
Beta loadings of asset class positions on asset class
=====================================================

Bond     -0.16
FX       -0.15
Metals   -0.08
Sector   -0.08
Vol      -0.00
Ags       0.03
OilGas    0.09
Equity    1.11
dtype: float64


========================================================
Beta loadings of full portfolio positions on asset class
========================================================

Vol      -0.26
Bond     -0.17
Metals    0.02
OilGas    0.14
Ags       0.21
Sector    0.28
FX        0.31
Equity    1.01
dtype: float64


===================================================================================================================================================================================================================================================================
                                                                                                                          Instrument risk                                                                                                                          
===================================================================================================================================================================================================================================================================

               daily_price_stdev  annual_price_stdev     price  daily_perc_stdev  annual_perc_stdev  point_size_base  contract_exposure  daily_risk_per_contract  annual_risk_per_contract  position  capital  exposure_held_perc_capital  annual_risk_perc_capital
BUXL                       1.498              23.962    129.80              1.15               18.5            845.3             109718                     1265                     20255        -1   676014                       -16.2                      -3.0
BITCOIN                 1667.326           26677.214  56440.00              2.95               47.3              0.1               4405                      130                      2082        -6   676014                        -3.9                      -1.8
ALUMINIUM                 34.203             547.243   2482.25              1.38               22.0             19.5              48442                      667                     10679        -1   676014                        -7.2                      -1.6
JPY                        0.000               0.001      0.01              0.51                8.1        9757696.9              61336                      310                      4974        -2   676014                       -18.1                      -1.5
GAS_US_mini                0.103               1.647      2.39              4.31               68.9           1951.5               4664                      200                      3214        -3   676014                        -2.1                      -1.4
EU-AUTO                    6.743             107.881    637.00              1.06               16.9             42.3              26922                      284                      4559        -2   676014                        -8.0                      -1.3
COTTON2                    1.294              20.712     71.03              1.82               29.2            390.3              27723                      505                      8083        -1   676014                        -4.1                      -1.2
CHF                        0.005               0.075      1.12              0.42                6.6          97577.0             109652                      455                      7281        -1   676014                       -16.2                      -1.1
CHINAA-CON                14.767             236.278   1918.00              0.77               12.3             19.5              37430                      288                      4611        -1   676014                        -5.5                      -0.7
CORN                       6.314             101.016    407.50              1.55               24.8             39.0              15905                      246                      3942        -1   676014                        -2.4                      -0.6
FTSECHINAA                99.338            1589.400  11824.00              0.84               13.4              0.8               9230                       77                      1240        -2   676014                        -2.7                      -0.4
RUSSELL                   20.134             322.142   2057.10              0.98               15.7              3.9               8029                       78                      1257        -1   676014                        -1.2                      -0.2
V2X                        0.369               5.900     15.40              2.39               38.3             84.5               1301                       31                       498        -2   676014                        -0.4                      -0.1
CRUDE_W_micro              1.192              19.067     80.50              1.48               23.7             78.1               6283                       93                      1488         0   676014                         0.0                       0.0
SP500_micro               34.594             553.511   5432.50              0.63               10.1              3.9              21203                      135                      2160         1   676014                         3.1                       0.3
IRON                       2.034              32.538    107.35              1.89               30.3             78.1               8379                      158                      2539         1   676014                         1.2                       0.4
MXP                        0.001               0.009      0.06              0.97               15.6         390307.9              21466                      208                      3339         1   676014                         3.2                       0.5
MSCISING                   2.515              40.233    323.55              0.78               12.4             57.8              18709                      145                      2326         2   676014                         5.5                       0.7
TOPIX                     21.473             343.576   2900.25              0.74               11.8              4.9              14069                      104                      1666         4   676014                         8.3                       1.0
DOW                      224.391            3590.249  39660.00              0.57                9.1              0.4              15479                       87                      1401         5   676014                        11.4                       1.0
FANG                     119.498            1911.960  12263.60              0.97               15.6              3.9              47865                      466                      7462         1   676014                         7.1                       1.1
NIKKEI                   347.781            5564.497  41665.00              0.83               13.4              0.5              20212                      168                      2699         3   676014                         9.0                       1.2
FTSETAIWAN                16.350             261.608   2001.50              0.82               13.1             31.2              62496                      510                      8168         1   676014                         9.2                       1.2
MSCIEAFA                  17.524             280.386   2380.90              0.74               11.8             39.0              92928                      683                     10943         1   676014                        13.7                       1.6
MSCITAIWAN                 9.848             157.571    980.50              1.00               16.1             78.1              76539                      768                     12300         1   676014                        11.3                       1.8
LIVECOW                    1.332              21.306    185.35              0.72               11.5            312.2              57874                      415                      6652         2   676014                        17.1                       2.0
YENEUR                     0.723              11.561    172.77              0.42                6.7            606.4             104767                      438                      7010         2   676014                        31.0                       2.1
AEX                        5.192              83.065    934.55              0.56                8.9            169.1             157992                      877                     14042         1   676014                        23.4                       2.1
GASOILINE                  0.033               0.535      2.31              1.45               23.1          32785.9              75794                     1096                     17539         1   676014                        11.2                       2.6
MIB                      328.453            5255.244  34180.00              0.96               15.4              4.2             144459                     1388                     22210         1   676014                        21.4                       3.3

Sum of abs(notional exposure % capital) 275.1
Sum of abs(annualised risk % capital) 37.8
Net sum of annualised risk % capital 8.0 

======================================================================================================================================================================================================================================================================================
                                                                                                                                     Correlations                                                                                                                                     
======================================================================================================================================================================================================================================================================================

               NIKKEI  TOPIX  YENEUR  ALUMINIUM  CHINAA-CON  COTTON2  CRUDE_W_micro  FTSECHINAA  GASOILINE  GAS_US_mini  IRON  LIVECOW  BITCOIN  BUXL   CHF  CORN   JPY   AEX   DOW  EU-AUTO  FANG  FTSETAIWAN   MIB  MSCIEAFA  MSCISING  MSCITAIWAN   MXP  RUSSELL  SP500_micro   V2X
NIKKEI           1.00   0.93    0.47      -0.05        0.12     0.15           0.18        0.14       0.21         0.17  0.04     0.09     0.02 -0.02 -0.19 -0.03 -0.32  0.43  0.36     0.40  0.32        0.28  0.48      0.41      0.34        0.23  0.19     0.47         0.46 -0.43
TOPIX            0.93   1.00    0.46      -0.03        0.14     0.11           0.18        0.18       0.20         0.18  0.06     0.09    -0.06 -0.08 -0.21 -0.05 -0.32  0.35  0.34     0.34  0.22        0.21  0.47      0.40      0.37        0.15  0.24     0.42         0.39 -0.44
YENEUR           0.47   0.46    1.00       0.03        0.14    -0.05           0.03        0.15       0.04         0.15 -0.02     0.08    -0.11 -0.25 -0.19 -0.04 -0.66  0.04  0.03     0.08  0.17       -0.01  0.20      0.04      0.06       -0.03  0.19     0.04         0.08 -0.28
ALUMINIUM       -0.05  -0.03    0.03       1.00        0.18     0.05           0.18        0.26       0.14        -0.18  0.37     0.03    -0.02 -0.07 -0.01  0.14  0.12 -0.02 -0.13     0.00 -0.09        0.11  0.07      0.05      0.20        0.06  0.30     0.06        -0.10 -0.01
CHINAA-CON       0.12   0.14    0.14       0.18        1.00     0.18           0.17        0.94       0.22         0.09  0.15     0.33    -0.06 -0.03  0.08  0.04  0.08  0.26  0.27     0.02  0.22        0.39  0.14      0.31      0.39        0.34  0.21     0.20         0.32 -0.13
COTTON2          0.15   0.11   -0.05       0.05        0.18     1.00           0.19        0.19       0.19        -0.01  0.18     0.21     0.17 -0.24 -0.20  0.02 -0.08  0.07  0.10     0.10  0.14        0.25  0.02      0.05     -0.05        0.19  0.20     0.17         0.11 -0.04
CRUDE_W_micro    0.18   0.18    0.03       0.18        0.17     0.19           1.00        0.14       0.91         0.15  0.03     0.40    -0.05 -0.28 -0.08  0.16 -0.02  0.08  0.08     0.01  0.05        0.25  0.04      0.01      0.22        0.26  0.02     0.13         0.06 -0.01
FTSECHINAA       0.14   0.18    0.15       0.26        0.94     0.19           0.14        1.00       0.18         0.07  0.22     0.28    -0.15 -0.08  0.02  0.02  0.03  0.24  0.19    -0.04  0.17        0.29  0.11      0.27      0.39        0.23  0.24     0.14         0.23 -0.14
GASOILINE        0.21   0.20    0.04       0.14        0.22     0.19           0.91        0.18       1.00         0.06  0.05     0.43    -0.02 -0.17  0.00  0.14  0.01  0.14  0.20     0.11  0.10        0.27  0.14      0.07      0.19        0.26  0.12     0.21         0.16 -0.06
GAS_US_mini      0.17   0.18    0.15      -0.18        0.09    -0.01           0.15        0.07       0.06         1.00 -0.10     0.17     0.03 -0.01  0.08  0.13 -0.09  0.00  0.16    -0.14 -0.04       -0.02  0.01      0.12      0.05       -0.01 -0.14     0.04         0.16 -0.11
IRON             0.04   0.06   -0.02       0.37        0.15     0.18           0.03        0.22       0.05        -0.10  1.00     0.11    -0.08 -0.04 -0.06  0.11 -0.02 -0.02 -0.03    -0.09  0.11        0.11 -0.08     -0.06      0.07        0.14  0.24     0.02        -0.03 -0.09
LIVECOW          0.09   0.09    0.08       0.03        0.33     0.21           0.40        0.28       0.43         0.17  0.11     1.00    -0.19 -0.19  0.00  0.03 -0.01  0.06  0.20    -0.00  0.14        0.14  0.11      0.08      0.09        0.12  0.16     0.14         0.23 -0.05
BITCOIN          0.02  -0.06   -0.11      -0.02       -0.06     0.17          -0.05       -0.15      -0.02         0.03 -0.08    -0.19     1.00  0.18  0.05  0.16  0.22  0.22  0.22     0.24  0.09        0.19  0.21      0.26      0.03        0.20  0.13     0.28         0.18 -0.09
BUXL            -0.02  -0.08   -0.25      -0.07       -0.03    -0.24          -0.28       -0.08      -0.17        -0.01 -0.04    -0.19     0.18  1.00  0.37  0.06  0.33  0.29  0.33     0.09  0.12        0.32  0.08      0.36      0.06        0.29  0.14     0.22         0.28  0.04
CHF             -0.19  -0.21   -0.19      -0.01        0.08    -0.20          -0.08        0.02       0.00         0.08 -0.06     0.00     0.05  0.37  1.00  0.18  0.64  0.16  0.34     0.11  0.18        0.20  0.15      0.40      0.07        0.18  0.02     0.20         0.31 -0.08
CORN            -0.03  -0.05   -0.04       0.14        0.04     0.02           0.16        0.02       0.14         0.13  0.11     0.03     0.16  0.06  0.18  1.00  0.14  0.02  0.12     0.00  0.08        0.21 -0.00      0.06      0.12        0.22  0.02     0.09         0.14 -0.04
JPY             -0.32  -0.32   -0.66       0.12        0.08    -0.08          -0.02        0.03       0.01        -0.09 -0.02    -0.01     0.22  0.33  0.64  0.14  1.00  0.21  0.31     0.08  0.14        0.20  0.14      0.46      0.19        0.19  0.04     0.26         0.31 -0.09
AEX              0.43   0.35    0.04      -0.02        0.26     0.07           0.08        0.24       0.14         0.00 -0.02     0.06     0.22  0.29  0.16  0.02  0.21  1.00  0.65     0.56  0.45        0.53  0.64      0.67      0.40        0.52  0.17     0.68         0.70 -0.60
DOW              0.36   0.34    0.03      -0.13        0.27     0.10           0.08        0.19       0.20         0.16 -0.03     0.20     0.22  0.33  0.34  0.12  0.31  0.65  1.00     0.51  0.46        0.44  0.66      0.76      0.36        0.36  0.32     0.76         0.86 -0.56
EU-AUTO          0.40   0.34    0.08       0.00        0.02     0.10           0.01       -0.04       0.11        -0.14 -0.09    -0.00     0.24  0.09  0.11  0.00  0.08  0.56  0.51     1.00  0.30        0.28  0.79      0.51      0.24        0.21  0.24     0.57         0.52 -0.50
FANG             0.32   0.22    0.17      -0.09        0.22     0.14           0.05        0.17       0.10        -0.04  0.11     0.14     0.09  0.12  0.18  0.08  0.14  0.45  0.46     0.30  1.00        0.51  0.19      0.40      0.17        0.53  0.19     0.45         0.71 -0.40
FTSETAIWAN       0.28   0.21   -0.01       0.11        0.39     0.25           0.25        0.29       0.27        -0.02  0.11     0.14     0.19  0.32  0.20  0.21  0.20  0.53  0.44     0.28  0.51        1.00  0.22      0.46      0.49        0.94  0.39     0.46         0.54 -0.27
MIB              0.48   0.47    0.20       0.07        0.14     0.02           0.04        0.11       0.14         0.01 -0.08     0.11     0.21  0.08  0.15 -0.00  0.14  0.64  0.66     0.79  0.19        0.22  1.00      0.71      0.38        0.16  0.35     0.68         0.59 -0.67
MSCIEAFA         0.41   0.40    0.04       0.05        0.31     0.05           0.01        0.27       0.07         0.12 -0.06     0.08     0.26  0.36  0.40  0.06  0.46  0.67  0.76     0.51  0.40        0.46  0.71      1.00      0.50        0.38  0.30     0.72         0.74 -0.60
MSCISING         0.34   0.37    0.06       0.20        0.39    -0.05           0.22        0.39       0.19         0.05  0.07     0.09     0.03  0.06  0.07  0.12  0.19  0.40  0.36     0.24  0.17        0.49  0.38      0.50      1.00        0.41  0.28     0.37         0.35 -0.33
MSCITAIWAN       0.23   0.15   -0.03       0.06        0.34     0.19           0.26        0.23       0.26        -0.01  0.14     0.12     0.20  0.29  0.18  0.22  0.19  0.52  0.36     0.21  0.53        0.94  0.16      0.38      0.41        1.00  0.26     0.37         0.51 -0.23
MXP              0.19   0.24    0.19       0.30        0.21     0.20           0.02        0.24       0.12        -0.14  0.24     0.16     0.13  0.14  0.02  0.02  0.04  0.17  0.32     0.24  0.19        0.39  0.35      0.30      0.28        0.26  1.00     0.29         0.24 -0.33
RUSSELL          0.47   0.42    0.04       0.06        0.20     0.17           0.13        0.14       0.21         0.04  0.02     0.14     0.28  0.22  0.20  0.09  0.26  0.68  0.76     0.57  0.45        0.46  0.68      0.72      0.37        0.37  0.29     1.00         0.78 -0.58
SP500_micro      0.46   0.39    0.08      -0.10        0.32     0.11           0.06        0.23       0.16         0.16 -0.03     0.23     0.18  0.28  0.31  0.14  0.31  0.70  0.86     0.52  0.71        0.54  0.59      0.74      0.35        0.51  0.24     0.78         1.00 -0.56
V2X             -0.43  -0.44   -0.28      -0.01       -0.13    -0.04          -0.01       -0.14      -0.06        -0.11 -0.09    -0.05    -0.09  0.04 -0.08 -0.04 -0.09 -0.60 -0.56    -0.50 -0.40       -0.27 -0.67     -0.60     -0.33       -0.23 -0.33    -0.58        -0.56  1.00


********************************************************************************
                                 END OF REPORT                                  
********************************************************************************


