
********************************************************************************
                    Risk report produced on 23/01/2025 22:52                    
********************************************************************************


Total risk across all strategies, annualised percentage 10.9
Percentage of capital used for margin 71.3%

========================================
Risk per strategy, annualised percentage
========================================

                  risk
dynamic_TF_carry  10.9


===================
Risk by asset class
===================

Ags       2.2
Bond      3.1
Equity    4.6
FX        4.9
Metals    1.9
OilGas    0.7
dtype: float64


=====================================================
Beta loadings of asset class positions on asset class
=====================================================

Bond     -0.34
FX       -0.21
Metals   -0.11
OilGas    0.03
Ags       0.07
Equity    0.36
dtype: float64


========================================================
Beta loadings of full portfolio positions on asset class
========================================================

Bond     -0.65
FX       -0.12
Metals   -0.09
OilGas    0.07
Ags       0.17
Equity    0.43
dtype: float64


===================================================================================================================================================================================================================================================================
                                                                                                                          Instrument risk                                                                                                                          
===================================================================================================================================================================================================================================================================

               daily_price_stdev  annual_price_stdev     price  daily_perc_stdev  annual_perc_stdev  point_size_base  contract_exposure  daily_risk_per_contract  annual_risk_per_contract  position  capital  exposure_held_perc_capital  annual_risk_perc_capital
CHF                        0.005               0.077      1.11              0.43                6.9         101564.9             112665                      486                      7788        -3   572928                       -59.0                      -4.1
US30                       0.985              15.766    117.44              0.84               13.4            812.5              95420                      800                     12810        -1   572928                       -16.7                      -2.2
ALUMINIUM                 31.073             497.166   2635.50              1.18               18.9             20.3              53534                      631                     10098        -1   572928                        -9.3                      -1.8
OAT                        0.462               7.389    122.38              0.38                6.0            845.2             103437                      390                      6245        -1   572928                       -18.1                      -1.1
SUGAR11                    0.276               4.419     17.34              1.59               25.5            910.0              15779                      251                      4021        -1   572928                        -2.8                      -0.7
MXP                        0.000               0.007      0.05              0.84               13.5         406259.6              19849                      167                      2672        -1   572928                        -3.5                      -0.5
CANOLA                     9.620             153.919    646.80              1.49               23.8             11.3               7300                      108                      1737        -1   572928                        -1.3                      -0.3
RUSSELL                   25.854             413.672   2323.70              1.11               17.8              4.1               9440                      105                      1680        -1   572928                        -1.6                      -0.3
COPPER-micro               0.049               0.789      4.33              1.14               18.2           2031.3               8793                      100                      1601        -1   572928                        -1.5                      -0.3
DAX                      143.304            2292.870  21484.00              0.67               10.7              0.8              18158                      121                      1937         1   572928                         3.2                       0.3
TOPIX                     24.154             386.465   2757.00              0.88               14.0              5.2              14302                      125                      2004         1   572928                         2.5                       0.3
NIKKEI                   382.952            6127.236  40025.00              0.96               15.3              0.5              20763                      198                      3178         1   572928                         3.6                       0.6
CRUDE_W_micro              1.077              17.225     73.90              1.46               23.3             81.3               6004                       87                      1399         3   572928                         3.1                       0.7
MSCISING                   2.854              45.664    381.65              0.75               12.0             59.9              22849                      170                      2733         2   572928                         8.0                       1.0
YENEUR                     0.981              15.701    161.85              0.61                9.7            648.5             104954                      636                     10181         1   572928                        18.3                       1.8
FEEDCOW                    2.013              32.214    270.65              0.74               11.9            406.3             109954                      817                     13087         1   572928                        19.2                       2.3
MIB                      283.289            4532.621  36275.00              0.78               12.5              4.2             153300                     1197                     19155         1   572928                        26.8                       3.3

Sum of abs(notional exposure % capital) 198.5
Sum of abs(annualised risk % capital) 21.6
Net sum of annualised risk % capital -1.0 

=============================================================================================================================================================
                                                                        Correlations                                                                         
=============================================================================================================================================================

                CHF   OAT  US30  NIKKEI  TOPIX  YENEUR   DAX   MIB  MSCISING   MXP  RUSSELL  SUGAR11  ALUMINIUM  COPPER-micro  CANOLA  CRUDE_W_micro  FEEDCOW
CHF            1.00  0.37  0.60   -0.36  -0.43   -0.34 -0.03 -0.11     -0.24 -0.12    -0.09     0.07       0.19          0.22   -0.05          -0.19    -0.36
OAT            0.37  1.00  0.74   -0.05  -0.07   -0.42  0.27  0.08      0.11  0.10     0.23     0.04       0.06         -0.05   -0.18          -0.35    -0.21
US30           0.60  0.74  1.00   -0.15  -0.22   -0.46  0.19  0.05      0.01  0.00     0.24     0.04       0.06          0.05   -0.33          -0.25    -0.29
NIKKEI        -0.36 -0.05 -0.15    1.00   0.95    0.51  0.59  0.54      0.55  0.30     0.42     0.38       0.07          0.12    0.10           0.13     0.27
TOPIX         -0.43 -0.07 -0.22    0.95   1.00    0.53  0.57  0.56      0.60  0.30     0.41     0.34       0.02          0.08    0.11           0.10     0.31
YENEUR        -0.34 -0.42 -0.46    0.51   0.53    1.00  0.14  0.35      0.25  0.44     0.03     0.16       0.05          0.23    0.19           0.25     0.25
DAX           -0.03  0.27  0.19    0.59   0.57    0.14  1.00  0.87      0.54  0.38     0.59     0.33       0.17          0.29    0.09           0.09     0.27
MIB           -0.11  0.08  0.05    0.54   0.56    0.35  0.87  1.00      0.49  0.44     0.50     0.25       0.10          0.29    0.16           0.15     0.37
MSCISING      -0.24  0.11  0.01    0.55   0.60    0.25  0.54  0.49      1.00  0.34     0.54     0.26       0.09          0.15    0.05          -0.03     0.22
MXP           -0.12  0.10  0.00    0.30   0.30    0.44  0.38  0.44      0.34  1.00     0.23     0.14       0.29          0.39    0.05           0.28     0.27
RUSSELL       -0.09  0.23  0.24    0.42   0.41    0.03  0.59  0.50      0.54  0.23     1.00     0.25      -0.09          0.11    0.09           0.06     0.27
SUGAR11        0.07  0.04  0.04    0.38   0.34    0.16  0.33  0.25      0.26  0.14     0.25     1.00       0.13          0.21    0.09           0.26     0.28
ALUMINIUM      0.19  0.06  0.06    0.07   0.02    0.05  0.17  0.10      0.09  0.29    -0.09     0.13       1.00          0.62    0.03           0.23    -0.02
COPPER-micro   0.22 -0.05  0.05    0.12   0.08    0.23  0.29  0.29      0.15  0.39     0.11     0.21       0.62          1.00    0.15           0.37     0.12
CANOLA        -0.05 -0.18 -0.33    0.10   0.11    0.19  0.09  0.16      0.05  0.05     0.09     0.09       0.03          0.15    1.00           0.07     0.03
CRUDE_W_micro -0.19 -0.35 -0.25    0.13   0.10    0.25  0.09  0.15     -0.03  0.28     0.06     0.26       0.23          0.37    0.07           1.00     0.48
FEEDCOW       -0.36 -0.21 -0.29    0.27   0.31    0.25  0.27  0.37      0.22  0.27     0.27     0.28      -0.02          0.12    0.03           0.48     1.00


********************************************************************************
                                 END OF REPORT                                  
********************************************************************************


