
********************************************************************************
                    Risk report produced on 30/06/2025 22:53                    
********************************************************************************


Total risk across all strategies, annualised percentage 9.5
Percentage of capital used for margin 44.9%

========================================
Risk per strategy, annualised percentage
========================================

                  risk
dynamic_TF_carry   9.5


===================
Risk by asset class
===================

Ags       3.5
Bond      1.7
Equity    3.6
FX        4.1
Metals    3.1
OilGas    0.7
dtype: float64


=====================================================
Beta loadings of asset class positions on asset class
=====================================================

OilGas    0.02
Metals    0.06
Ags       0.20
Bond      0.24
Equity    0.24
FX        0.55
dtype: float64


========================================================
Beta loadings of full portfolio positions on asset class
========================================================

Bond     -0.17
OilGas    0.05
Metals    0.20
Ags       0.28
Equity    0.40
FX        0.99
dtype: float64


===================================================================================================================================================================================================================================================================
                                                                                                                          Instrument risk                                                                                                                          
===================================================================================================================================================================================================================================================================

               daily_price_stdev  annual_price_stdev     price  daily_perc_stdev  annual_perc_stdev  point_size_base  contract_exposure  daily_risk_per_contract  annual_risk_per_contract  position  capital  exposure_held_perc_capital  annual_risk_perc_capital
DX                         0.401               6.419     96.51              0.42                6.7            728.4              70297                      292                      4675        -4   537799                       -52.3                      -3.5
JPY                        0.000               0.001      0.01              0.63               10.0        9104980.4              63698                      399                      6395        -2   537799                       -23.7                      -2.4
EUROSTX                   48.654             778.465   5322.00              0.91               14.6              8.5              45461                      415                      6649        -1   537799                        -8.5                      -1.2
US10U                      0.486               7.774    114.23              0.43                6.8            728.4              83208                      353                      5662        -1   537799                       -15.5                      -1.1
WHEAT                      9.648             154.364    559.00              1.73               27.6             36.4              20358                      351                      5621        -1   537799                        -3.8                      -1.0
DOW                      386.658            6186.527  44339.00              0.87               14.0              0.4              16148                      140                      2253        -2   537799                        -6.0                      -0.8
RICE                       0.186               2.976     13.26              1.40               22.5           1456.8              19309                      270                      4335        -1   537799                        -3.6                      -0.8
IRON                       1.097              17.551     93.90              1.17               18.7             72.8               6839                       79                      1278        -2   537799                        -2.5                      -0.5
COPPER-micro               0.071               1.138      5.10              1.39               22.3           1821.0               9289                      129                      2072        -1   537799                        -1.7                      -0.4
MUMMY                      9.414             150.621    740.00              1.27               20.4              5.1               3745                       47                       762         1   537799                         0.7                       0.1
KOSDAQ                    19.609             313.736   1278.30              1.53               24.5              5.4               6884                      105                      1689         1   537799                         1.3                       0.3
MXP                        0.000               0.005      0.05              0.57                9.0         364199.2              19262                      108                      1742         1   537799                         3.6                       0.3
TOPIX                     28.164             450.622   2862.50              0.98               15.7              5.1              14487                      142                      2280         1   537799                         2.7                       0.4
CAD                        0.003               0.045      0.74              0.38                6.2          72839.8              53668                      206                      3305         1   537799                        10.0                       0.6
CRUDE_W_micro              1.705              27.284     62.65              2.72               43.5             72.8               4563                      124                      1987         2   537799                         1.7                       0.7
BTP                        0.383               6.134    121.05              0.32                5.1            854.2             103403                      327                      5239         1   537799                        19.2                       1.0
LEANHOG                    1.128              18.049     92.22              1.22               19.6            291.4              26870                      328                      5258         1   537799                         5.0                       1.0
BUND                       0.394               6.302    130.15              0.30                4.8            854.2             111176                      336                      5383         1   537799                        20.7                       1.0
CANOLA                    10.577             169.229    709.80              1.49               23.8             10.7               7568                      112                      1804         3   537799                         4.2                       1.0
YENEUR                     0.763              12.212    169.21              0.45                7.2            632.6             107046                      482                      7725         1   537799                        19.9                       1.4
FEEDCOW                    2.679              42.862    310.50              0.86               13.8            364.2             113083                      975                     15610         1   537799                        21.0                       2.9
PLAT                      30.364             485.826   1356.30              2.24               35.8             36.4              49396                     1105                     17693         1   537799                         9.2                       3.3
MIB                      364.943            5839.092  39885.00              0.91               14.6              4.3             170352                     1558                     24939         1   537799                        31.7                       4.6

Sum of abs(notional exposure % capital) 268.5
Sum of abs(annualised risk % capital) 30.3
Net sum of annualised risk % capital 6.9 

===========================================================================================================================================================================================
                                                                                       Correlations                                                                                        
===========================================================================================================================================================================================

                BTP  BUND   CAD   JPY  US10U  COPPER-micro   DOW  EUROSTX  FEEDCOW  KOSDAQ   MIB  MUMMY   MXP  PLAT  TOPIX  CANOLA  CRUDE_W_micro  IRON  LEANHOG  RICE  WHEAT    DX  YENEUR
BTP            1.00  0.92  0.08  0.24   0.48          0.01  0.21     0.12     0.14    0.23  0.17   0.15  0.16  0.07   0.07    0.01          -0.03  0.04     0.08  0.10  -0.14 -0.04   -0.36
BUND           0.92  1.00  0.06  0.25   0.44         -0.17  0.03    -0.12     0.07    0.16 -0.09   0.11  0.02 -0.04  -0.06    0.05           0.02 -0.00     0.01  0.12  -0.04  0.04   -0.43
CAD            0.08  0.06  1.00  0.43   0.19          0.24  0.05     0.09    -0.00    0.11  0.01   0.07  0.32  0.26  -0.13    0.23          -0.06  0.04     0.10 -0.03   0.08 -0.68    0.09
JPY            0.24  0.25  0.43  1.00   0.45          0.02 -0.17    -0.13    -0.14    0.03 -0.13  -0.18  0.10  0.04  -0.43   -0.04          -0.22  0.08     0.03  0.02   0.09 -0.68   -0.66
US10U          0.48  0.44  0.19  0.45   1.00          0.15  0.14     0.18     0.13    0.10  0.20   0.07  0.20  0.03  -0.06   -0.16          -0.07  0.09     0.05 -0.13  -0.11 -0.33   -0.39
COPPER-micro   0.01 -0.17  0.24  0.02   0.15          1.00  0.29     0.57     0.36    0.34  0.56   0.28  0.38  0.47   0.24   -0.13           0.30  0.26     0.31  0.16   0.15 -0.23    0.14
DOW            0.21  0.03  0.05 -0.17   0.14          0.29  1.00     0.65     0.17    0.32  0.56   0.32  0.10  0.27   0.50   -0.02           0.09  0.18     0.25 -0.10  -0.25  0.06    0.01
EUROSTX        0.12 -0.12  0.09 -0.13   0.18          0.57  0.65     1.00     0.27    0.31  0.89   0.38  0.26  0.23   0.49   -0.02           0.14  0.15     0.24 -0.08  -0.10 -0.03    0.10
FEEDCOW        0.14  0.07 -0.00 -0.14   0.13          0.36  0.17     0.27     1.00    0.22  0.33   0.30  0.31  0.24   0.24   -0.11           0.30  0.11     0.22  0.12  -0.06 -0.01    0.16
KOSDAQ         0.23  0.16  0.11  0.03   0.10          0.34  0.32     0.31     0.22    1.00  0.27   0.36  0.19  0.29   0.44   -0.01           0.18  0.16     0.12  0.07  -0.03 -0.07    0.01
MIB            0.17 -0.09  0.01 -0.13   0.20          0.56  0.56     0.89     0.33    0.27  1.00   0.43  0.28  0.22   0.45   -0.04           0.19  0.10     0.28 -0.04  -0.10  0.04    0.04
MUMMY          0.15  0.11  0.07 -0.18   0.07          0.28  0.32     0.38     0.30    0.36  0.43   1.00  0.08  0.16   0.58   -0.07           0.28  0.14     0.34  0.09   0.05  0.11    0.08
MXP            0.16  0.02  0.32  0.10   0.20          0.38  0.10     0.26     0.31    0.19  0.28   0.08  1.00  0.43   0.09    0.12           0.20  0.13     0.18 -0.07   0.07 -0.36    0.20
PLAT           0.07 -0.04  0.26  0.04   0.03          0.47  0.27     0.23     0.24    0.29  0.22   0.16  0.43  1.00   0.23   -0.05           0.07  0.08     0.25  0.00  -0.07 -0.32    0.24
TOPIX          0.07 -0.06 -0.13 -0.43  -0.06          0.24  0.50     0.49     0.24    0.44  0.45   0.58  0.09  0.23   1.00   -0.07           0.14  0.18     0.10 -0.12  -0.06  0.18    0.34
CANOLA         0.01  0.05  0.23 -0.04  -0.16         -0.13 -0.02    -0.02    -0.11   -0.01 -0.04  -0.07  0.12 -0.05  -0.07    1.00           0.21  0.04     0.12 -0.16   0.34 -0.08    0.10
CRUDE_W_micro -0.03  0.02 -0.06 -0.22  -0.07          0.30  0.09     0.14     0.30    0.18  0.19   0.28  0.20  0.07   0.14    0.21           1.00  0.21     0.39  0.24   0.40  0.30    0.04
IRON           0.04 -0.00  0.04  0.08   0.09          0.26  0.18     0.15     0.11    0.16  0.10   0.14  0.13  0.08   0.18    0.04           0.21  1.00     0.18  0.10   0.16  0.01   -0.16
LEANHOG        0.08  0.01  0.10  0.03   0.05          0.31  0.25     0.24     0.22    0.12  0.28   0.34  0.18  0.25   0.10    0.12           0.39  0.18     1.00  0.09   0.12 -0.04    0.01
RICE           0.10  0.12 -0.03  0.02  -0.13          0.16 -0.10    -0.08     0.12    0.07 -0.04   0.09 -0.07  0.00  -0.12   -0.16           0.24  0.10     0.09  1.00   0.12  0.05   -0.05
WHEAT         -0.14 -0.04  0.08  0.09  -0.11          0.15 -0.25    -0.10    -0.06   -0.03 -0.10   0.05  0.07 -0.07  -0.06    0.34           0.40  0.16     0.12  0.12   1.00  0.06   -0.16
DX            -0.04  0.04 -0.68 -0.68  -0.33         -0.23  0.06    -0.03    -0.01   -0.07  0.04   0.11 -0.36 -0.32   0.18   -0.08           0.30  0.01    -0.04  0.05   0.06  1.00   -0.05
YENEUR        -0.36 -0.43  0.09 -0.66  -0.39          0.14  0.01     0.10     0.16    0.01  0.04   0.08  0.20  0.24   0.34    0.10           0.04 -0.16     0.01 -0.05  -0.16 -0.05    1.00


********************************************************************************
                                 END OF REPORT                                  
********************************************************************************


