
********************************************************************************
                    Risk report produced on 05/03/2026 22:54                    
********************************************************************************


Total risk across all strategies, annualised percentage 11.0
Percentage of capital used for margin 38.0%

========================================
Risk per strategy, annualised percentage
========================================

                  risk
dynamic_TF_carry  11.0


===================
Risk by asset class
===================

Ags       3.2
Bond      3.2
Equity    7.3
FX        2.0
Metals    2.1
OilGas    3.0
Sector    1.4
dtype: float64


=====================================================
Beta loadings of asset class positions on asset class
=====================================================

Metals   -0.05
Ags      -0.04
Sector    0.00
OilGas    0.11
FX        0.18
Equity    0.33
Bond      0.57
dtype: float64


========================================================
Beta loadings of full portfolio positions on asset class
========================================================

Ags       0.02
Metals    0.09
OilGas    0.12
Sector    0.21
Bond      0.27
Equity    0.37
FX        0.53
dtype: float64


===================================================================================================================================================================================================================================================================
                                                                                                                          Instrument risk                                                                                                                          
===================================================================================================================================================================================================================================================================

               daily_price_stdev  annual_price_stdev     price  daily_perc_stdev  annual_perc_stdev  point_size_base  contract_exposure  daily_risk_per_contract  annual_risk_per_contract  position  capital  exposure_held_perc_capital  annual_risk_perc_capital
COCOA                    179.525            2872.406   3092.00              5.81               92.9              7.5              23185                     1346                     21538        -1   685260                        -3.4                      -3.1
BITCOIN                 3036.660           48586.560  71090.00              4.27               68.3              0.1               5330                      227                      3643        -3   685260                        -2.3                      -1.6
KR10                       0.408               6.532    111.33              0.37                5.9            509.3              56704                      207                      3327        -3   685260                       -24.8                      -1.5
EU-TECH                   13.950             223.195    863.90              1.61               25.8             43.5              37599                      607                      9714        -1   685260                        -5.5                      -1.4
HANGTECH                  93.365            1493.839   4838.00              1.93               30.9              4.8              23199                      447                      7163        -1   685260                        -3.4                      -1.0
COPPER-micro               0.111               1.778      5.82              1.91               30.5           1874.6              10914                      208                      3333        -2   685260                        -3.2                      -1.0
JPY                        0.000               0.001      0.01              0.60                9.6        9373125.4              59533                      358                      5743        -1   685260                        -8.7                      -0.8
HANG_mini                359.587            5753.398  25461.00              1.41               22.6              1.0              24418                      344                      5517        -1   685260                        -3.6                      -0.8
DAX                      298.677            4778.830  23820.00              1.25               20.1              0.9              20734                      259                      4159        -1   685260                        -3.0                      -0.6
SP500_micro               53.578             857.248   6792.00              0.79               12.6              3.7              25464                      200                      3214        -1   685260                        -3.7                      -0.5
MUMMY                     12.289             196.630    745.00              1.65               26.4              4.8               3557                       58                       938         1   685260                         0.5                       0.1
CANOLA                     6.267             100.268    719.40              0.87               13.9             11.0               7902                       68                      1101         1   685260                         1.2                       0.2
FTSECHINAA               136.709            2187.342  14628.00              0.93               15.0              0.7              10968                      102                      1640         1   685260                         1.6                       0.2
AUD_micro                  0.004               0.071      0.70              0.64               10.2           7498.5               5233                       33                       534         4   685260                         3.1                       0.3
BRE                        0.001               0.021      0.19              0.71               11.4          74985.0              14127                      100                      1605         2   685260                         4.1                       0.5
NZD                        0.004               0.062      0.59              0.66               10.5          74985.0              44087                      289                      4627         1   685260                         6.4                       0.7
CRUDE_W_micro              1.333              21.323     75.60              1.76               28.2             75.0               5668                       99                      1598         3   685260                         2.5                       0.7
BUND                       0.398               6.368    127.18              0.31                5.0            870.5             110705                      346                      5542         1   685260                        16.2                       0.8
MXP                        0.000               0.007      0.06              0.73               11.7         374925.0              21115                      153                      2463         3   685260                         9.2                       1.1
BUXL                       0.656              10.502    111.10              0.59                9.5            870.5              96708                      571                      9141         1   685260                        14.1                       1.3
EU-BASIC                  14.950             239.201    762.60              1.96               31.4             43.5              33190                      650                     10410         1   685260                         4.8                       1.5
RUSSELL                   33.004             528.066   2571.50              1.28               20.5              3.7               9641                      123                      1979         6   685260                         8.4                       1.7
CAD10                      0.377               6.035    120.93              0.31                5.0            549.2              66416                      207                      3314         4   685260                        38.8                       1.9
BRENT-LAST                 1.335              21.364     81.22              1.64               26.3            749.9              60902                     1001                     16019         1   685260                         8.9                       2.3
MSCIEMASIA                13.649             218.389    976.50              1.40               22.4             75.0              73222                     1023                     16375         1   685260                        10.7                       2.4
MIB                      563.089            9009.417  44835.00              1.26               20.1              4.4             195135                     2450                     39211         1   685260                        28.5                       5.7

Sum of abs(notional exposure % capital) 220.6
Sum of abs(annualised risk % capital) 33.7
Net sum of annualised risk % capital 9.1 

===================================================================================================================================================================================================================================================
                                                                                                                   Correlations                                                                                                                    
===================================================================================================================================================================================================================================================

               BITCOIN  MUMMY  AUD_micro   BRE  COPPER-micro   DAX  EU-BASIC  EU-TECH  FTSECHINAA  HANGTECH  HANG_mini   MIB  MSCIEMASIA   MXP   NZD  RUSSELL  SP500_micro  BUND  BUXL  CAD10   JPY  KR10  BRENT-LAST  CANOLA  CRUDE_W_micro  COCOA
BITCOIN           1.00   0.27       0.24  0.20          0.26  0.29      0.20     0.41        0.26      0.19       0.15  0.19        0.24  0.13  0.21     0.41         0.48 -0.06  0.01  -0.01 -0.03  0.18        0.16    0.00           0.15   0.30
MUMMY             0.27   1.00       0.27  0.30          0.10  0.54      0.25     0.41        0.35      0.29       0.34  0.49        0.44  0.21  0.23     0.45         0.46  0.03  0.03   0.03 -0.10 -0.06        0.26    0.06           0.28   0.08
AUD_micro         0.24   0.27       1.00  0.55          0.47  0.38      0.54     0.29        0.38      0.39       0.48  0.47        0.70  0.54  0.90     0.41         0.57 -0.02  0.05   0.13  0.40  0.03        0.27   -0.01           0.28   0.02
BRE               0.20   0.30       0.55  1.00          0.28  0.37      0.49     0.39        0.33      0.41       0.45  0.50        0.63  0.58  0.45     0.39         0.50 -0.01  0.01   0.19  0.13 -0.09        0.29    0.17           0.32  -0.03
COPPER-micro      0.26   0.10       0.47  0.28          1.00  0.44      0.61     0.32        0.40      0.29       0.35  0.50        0.49  0.30  0.37     0.40         0.49 -0.15 -0.11  -0.04 -0.09 -0.14        0.33   -0.04           0.34  -0.08
DAX               0.29   0.54       0.38  0.37          0.44  1.00      0.68     0.70        0.35      0.48       0.49  0.84        0.71  0.40  0.28     0.64         0.68  0.06  0.06   0.16 -0.04 -0.01        0.03   -0.17           0.07   0.06
EU-BASIC          0.20   0.25       0.54  0.49          0.61  0.68      1.00     0.55        0.40      0.44       0.50  0.73        0.71  0.48  0.38     0.60         0.64 -0.01  0.02   0.09 -0.07 -0.12        0.23   -0.10           0.25  -0.06
EU-TECH           0.41   0.41       0.29  0.39          0.32  0.70      0.55     1.00        0.35      0.44       0.39  0.55        0.64  0.28  0.14     0.54         0.63  0.06  0.11   0.07 -0.10 -0.02        0.14   -0.02           0.16  -0.00
FTSECHINAA        0.26   0.35       0.38  0.33          0.40  0.35      0.40     0.35        1.00      0.52       0.56  0.41        0.52  0.22  0.25     0.35         0.47 -0.14 -0.10  -0.04 -0.13 -0.18        0.28    0.05           0.29   0.09
HANGTECH          0.19   0.29       0.39  0.41          0.29  0.48      0.44     0.44        0.52      1.00       0.92  0.43        0.61  0.39  0.35     0.20         0.33  0.04  0.07   0.20  0.23  0.01       -0.03    0.06           0.00  -0.06
HANG_mini         0.15   0.34       0.48  0.45          0.35  0.49      0.50     0.39        0.56      0.92       1.00  0.53        0.64  0.42  0.44     0.22         0.40  0.06  0.07   0.21  0.21 -0.05        0.08    0.10           0.11  -0.06
MIB               0.19   0.49       0.47  0.50          0.50  0.84      0.73     0.55        0.41      0.43       0.53  1.00        0.74  0.44  0.34     0.62         0.75 -0.07 -0.08   0.10 -0.09 -0.18        0.18   -0.07           0.22   0.14
MSCIEMASIA        0.24   0.44       0.70  0.63          0.49  0.71      0.71     0.64        0.52      0.61       0.64  0.74        1.00  0.56  0.58     0.54         0.71  0.08  0.11   0.23  0.11 -0.04        0.18   -0.01           0.22  -0.01
MXP               0.13   0.21       0.54  0.58          0.30  0.40      0.48     0.28        0.22      0.39       0.42  0.44        0.56  1.00  0.55     0.37         0.37 -0.03 -0.02   0.02  0.18 -0.09        0.05   -0.03           0.09  -0.06
NZD               0.21   0.23       0.90  0.45          0.37  0.28      0.38     0.14        0.25      0.35       0.44  0.34        0.58  0.55  1.00     0.25         0.37  0.01  0.04   0.14  0.49  0.01        0.08   -0.02           0.10   0.05
RUSSELL           0.41   0.45       0.41  0.39          0.40  0.64      0.60     0.54        0.35      0.20       0.22  0.62        0.54  0.37  0.25     1.00         0.82  0.08  0.11   0.14 -0.10  0.05        0.17   -0.10           0.19   0.12
SP500_micro       0.48   0.46       0.57  0.50          0.49  0.68      0.64     0.63        0.47      0.33       0.40  0.75        0.71  0.37  0.37     0.82         1.00  0.01  0.06   0.16 -0.08  0.06        0.32   -0.02           0.35   0.17
BUND             -0.06   0.03      -0.02 -0.01         -0.15  0.06     -0.01     0.06       -0.14      0.04       0.06 -0.07        0.08 -0.03  0.01     0.08         0.01  1.00  0.95   0.63  0.33  0.36       -0.20    0.03          -0.19  -0.20
BUXL              0.01   0.03       0.05  0.01         -0.11  0.06      0.02     0.11       -0.10      0.07       0.07 -0.08        0.11 -0.02  0.04     0.11         0.06  0.95  1.00   0.62  0.35  0.43       -0.09    0.06          -0.09  -0.18
CAD10            -0.01   0.03       0.13  0.19         -0.04  0.16      0.09     0.07       -0.04      0.20       0.21  0.10        0.23  0.02  0.14     0.14         0.16  0.63  0.62   1.00  0.40  0.44       -0.16   -0.07          -0.15  -0.14
JPY              -0.03  -0.10       0.40  0.13         -0.09 -0.04     -0.07    -0.10       -0.13      0.23       0.21 -0.09        0.11  0.18  0.49    -0.10        -0.08  0.33  0.35   0.40  1.00  0.45       -0.29   -0.10          -0.28   0.01
KR10              0.18  -0.06       0.03 -0.09         -0.14 -0.01     -0.12    -0.02       -0.18      0.01      -0.05 -0.18       -0.04 -0.09  0.01     0.05         0.06  0.36  0.43   0.44  0.45  1.00       -0.13   -0.09          -0.13  -0.03
BRENT-LAST        0.16   0.26       0.27  0.29          0.33  0.03      0.23     0.14        0.28     -0.03       0.08  0.18        0.18  0.05  0.08     0.17         0.32 -0.20 -0.09  -0.16 -0.29 -0.13        1.00    0.39           0.99  -0.09
CANOLA            0.00   0.06      -0.01  0.17         -0.04 -0.17     -0.10    -0.02        0.05      0.06       0.10 -0.07       -0.01 -0.03 -0.02    -0.10        -0.02  0.03  0.06  -0.07 -0.10 -0.09        0.39    1.00           0.38  -0.19
CRUDE_W_micro     0.15   0.28       0.28  0.32          0.34  0.07      0.25     0.16        0.29      0.00       0.11  0.22        0.22  0.09  0.10     0.19         0.35 -0.19 -0.09  -0.15 -0.28 -0.13        0.99    0.38           1.00  -0.08
COCOA             0.30   0.08       0.02 -0.03         -0.08  0.06     -0.06    -0.00        0.09     -0.06      -0.06  0.14       -0.01 -0.06  0.05     0.12         0.17 -0.20 -0.18  -0.14  0.01 -0.03       -0.09   -0.19          -0.08   1.00


********************************************************************************
                                 END OF REPORT                                  
********************************************************************************


