
********************************************************************************
                    Risk report produced on 20/05/2025 22:52                    
********************************************************************************


Total risk across all strategies, annualised percentage 6.6
Percentage of capital used for margin 38.1%

========================================
Risk per strategy, annualised percentage
========================================

                  risk
dynamic_TF_carry   6.6


===================
Risk by asset class
===================

Ags       3.3
Bond      1.5
Equity    2.6
FX        2.2
OilGas    3.7
Vol       0.2
dtype: float64


=====================================================
Beta loadings of asset class positions on asset class
=====================================================

OilGas   -0.09
Vol      -0.00
Ags       0.06
Equity    0.16
FX        0.24
Bond      0.32
dtype: float64


========================================================
Beta loadings of full portfolio positions on asset class
========================================================

OilGas   -0.08
Vol      -0.07
Ags      -0.01
Bond      0.08
Equity    0.22
FX        0.24
dtype: float64


===================================================================================================================================================================================================================================================================
                                                                                                                          Instrument risk                                                                                                                          
===================================================================================================================================================================================================================================================================

               daily_price_stdev  annual_price_stdev     price  daily_perc_stdev  annual_perc_stdev  point_size_base  contract_exposure  daily_risk_per_contract  annual_risk_per_contract  position  capital  exposure_held_perc_capital  annual_risk_perc_capital
GAS-PEN                    0.129               2.068      3.40              3.80               60.8           7475.9              25417                      966                     15457        -1   532853                        -4.8                      -2.9
DOW                      523.742            8379.878  42666.00              1.23               19.6              0.4              15948                      195                      3132        -2   532853                        -6.0                      -1.2
DX                         0.489               7.822     99.97              0.49                7.8            747.6              74736                      365                      5847        -1   532853                       -14.0                      -1.1
WHEAT                      8.148             130.361    581.50              1.40               22.4             37.4              21736                      304                      4872        -1   532853                        -4.1                      -0.9
GAS_US_mini                0.129               2.066      3.73              3.46               55.4           1869.0               6971                      241                      3861        -1   532853                        -1.3                      -0.7
SOYMEAL                    3.199              51.181    298.70              1.07               17.1             74.8              22330                      239                      3826        -1   532853                        -4.2                      -0.7
KRWUSD_mini                0.006               0.091      0.72              0.79               12.6          18689.6              13424                      105                      1694        -2   532853                        -5.0                      -0.6
CRUDE_W_micro              1.304              20.865     61.61              2.12               33.9             74.8               4605                       97                      1559        -2   532853                        -1.7                      -0.6
V2X                        0.627              10.033     19.65              3.19               51.1             84.1               1653                       52                       844        -1   532853                        -0.3                      -0.2
MXP                        0.000               0.006      0.05              0.70               11.2         373792.6              19201                      134                      2144         1   532853                         3.6                       0.4
CANOLA                     9.239             147.832    680.80              1.36               21.7             10.7               7293                       98                      1583         2   532853                         2.7                       0.6
KR10                       0.371               5.934    119.80              0.31                5.0            537.2              64360                      199                      3187         1   532853                        12.1                       0.6
TOPIX                     40.013             640.215   2744.50              1.46               23.3              5.2              14211                      207                      3315         1   532853                         2.7                       0.6
NIKKEI                   587.554            9400.857  37635.00              1.56               25.0              0.5              19488                      304                      4868         1   532853                         3.7                       0.9
MSCISING                   5.363              85.803    407.95              1.31               21.0             57.8              23570                      309                      4957         1   532853                         4.4                       0.9
MUMMY                     11.660             186.552    723.00              1.61               25.8              5.2               3743                       60                       966         6   532853                         4.2                       1.1
BTP                        0.443               7.091    120.00              0.37                5.9            841.4             100971                      372                      5966         1   532853                        18.9                       1.1
YENEUR                     0.902              14.437    162.70              0.55                8.9            647.3             105313                      584                      9344         1   532853                        19.8                       1.8
FEEDCOW                    2.647              42.352    296.15              0.89               14.3            373.8             110698                      989                     15831         1   532853                        20.8                       3.0

Sum of abs(notional exposure % capital) 134.3
Sum of abs(annualised risk % capital) 19.9
Net sum of annualised risk % capital 2.1 

============================================================================================================================================================================
                                                                                Correlations                                                                                
============================================================================================================================================================================

               CRUDE_W_micro   DOW  FEEDCOW  MSCISING  MUMMY   MXP  NIKKEI  TOPIX  YENEUR   BTP  KR10  KRWUSD_mini  CANOLA  SOYMEAL  WHEAT    DX  GAS-PEN  GAS_US_mini   V2X
CRUDE_W_micro           1.00  0.26     0.33      0.46   0.45  0.22    0.42   0.43    0.13 -0.13 -0.33        -0.32    0.07    -0.09  -0.01  0.27     0.15         0.18 -0.33
DOW                     0.26  1.00     0.37      0.74   0.63  0.22    0.72   0.71    0.09  0.26 -0.04         0.07    0.05     0.02  -0.04  0.14     0.16         0.16 -0.64
FEEDCOW                 0.33  0.37     1.00      0.45   0.42  0.30    0.51   0.51    0.36 -0.11 -0.20        -0.05   -0.07     0.01  -0.16 -0.02     0.20         0.25 -0.31
MSCISING                0.46  0.74     0.45      1.00   0.76  0.35    0.75   0.80    0.13  0.15 -0.14         0.03   -0.04     0.02  -0.00  0.06     0.24         0.27 -0.65
MUMMY                   0.45  0.63     0.42      0.76   1.00  0.35    0.86   0.87    0.27  0.13 -0.22         0.11    0.04    -0.05   0.02 -0.03     0.09         0.13 -0.71
MXP                     0.22  0.22     0.30      0.35   0.35  1.00    0.44   0.41    0.37  0.15 -0.10         0.15   -0.10     0.09   0.22 -0.17     0.02         0.05 -0.41
NIKKEI                  0.42  0.72     0.51      0.75   0.86  0.44    1.00   0.97    0.46  0.07 -0.30         0.01    0.04    -0.07   0.01  0.11     0.17         0.19 -0.82
TOPIX                   0.43  0.71     0.51      0.80   0.87  0.41    0.97   1.00    0.44  0.04 -0.31        -0.05    0.07    -0.08  -0.01  0.12     0.20         0.23 -0.82
YENEUR                  0.13  0.09     0.36      0.13   0.27  0.37    0.46   0.44    1.00 -0.36 -0.47        -0.12    0.09    -0.07   0.05  0.01     0.12         0.18 -0.39
BTP                    -0.13  0.26    -0.11      0.15   0.13  0.15    0.07   0.04   -0.36  1.00  0.56         0.21    0.04    -0.03  -0.03 -0.03    -0.23        -0.25 -0.18
KR10                   -0.33 -0.04    -0.20     -0.14  -0.22 -0.10   -0.30  -0.31   -0.47  0.56  1.00         0.19   -0.07    -0.01  -0.21 -0.18    -0.17        -0.21  0.19
KRWUSD_mini            -0.32  0.07    -0.05      0.03   0.11  0.15    0.01  -0.05   -0.12  0.21  0.19         1.00   -0.13     0.15   0.21 -0.50    -0.15        -0.16  0.07
CANOLA                  0.07  0.05    -0.07     -0.04   0.04 -0.10    0.04   0.07    0.09  0.04 -0.07        -0.13    1.00     0.11   0.16  0.05     0.06         0.06 -0.05
SOYMEAL                -0.09  0.02     0.01      0.02  -0.05  0.09   -0.07  -0.08   -0.07 -0.03 -0.01         0.15    0.11     1.00   0.27 -0.14     0.16         0.17  0.21
WHEAT                  -0.01 -0.04    -0.16     -0.00   0.02  0.22    0.01  -0.01    0.05 -0.03 -0.21         0.21    0.16     0.27   1.00 -0.18     0.04         0.03  0.05
DX                      0.27  0.14    -0.02      0.06  -0.03 -0.17    0.11   0.12    0.01 -0.03 -0.18        -0.50    0.05    -0.14  -0.18  1.00     0.11         0.13 -0.17
GAS-PEN                 0.15  0.16     0.20      0.24   0.09  0.02    0.17   0.20    0.12 -0.23 -0.17        -0.15    0.06     0.16   0.04  0.11     1.00         0.97 -0.16
GAS_US_mini             0.18  0.16     0.25      0.27   0.13  0.05    0.19   0.23    0.18 -0.25 -0.21        -0.16    0.06     0.17   0.03  0.13     0.97         1.00 -0.16
V2X                    -0.33 -0.64    -0.31     -0.65  -0.71 -0.41   -0.82  -0.82   -0.39 -0.18  0.19         0.07   -0.05     0.21   0.05 -0.17    -0.16        -0.16  1.00


********************************************************************************
                                 END OF REPORT                                  
********************************************************************************


