
********************************************************************************
                    Risk report produced on 02/08/2024 22:52                    
********************************************************************************


Total risk across all strategies, annualised percentage 9.4
Percentage of capital used for margin 71.9%

========================================
Risk per strategy, annualised percentage
========================================

                  risk
dynamic_TF_carry   9.4


===================
Risk by asset class
===================

Ags       1.8
Bond      1.6
Equity    7.0
FX        1.8
Metals    2.8
OilGas    2.0
Sector    1.6
Vol       3.6
dtype: float64


=====================================================
Beta loadings of asset class positions on asset class
=====================================================

Metals   -0.11
Sector   -0.08
Vol      -0.08
OilGas   -0.04
Ags      -0.03
FX        0.16
Bond      0.33
Equity    0.41
dtype: float64


========================================================
Beta loadings of full portfolio positions on asset class
========================================================

Vol      -0.15
OilGas   -0.03
Metals   -0.03
Ags      -0.02
Sector    0.14
Bond      0.29
Equity    0.45
FX        0.59
dtype: float64


===================================================================================================================================================================================================================================================================
                                                                                                                          Instrument risk                                                                                                                          
===================================================================================================================================================================================================================================================================

               daily_price_stdev  annual_price_stdev     price  daily_perc_stdev  annual_perc_stdev  point_size_base  contract_exposure  daily_risk_per_contract  annual_risk_per_contract  position  capital  exposure_held_perc_capital  annual_risk_perc_capital
VIX                        0.582               9.311     20.35              2.86               45.8            785.3              15981                      456                      7311        -3   604466                        -7.9                      -3.6
GAS-PEN                    0.095               1.527      2.07              4.61               73.8           7853.1              16255                      749                     11993        -1   604466                        -2.7                      -2.0
ALUMINIUM                 33.622             537.947   2183.75              1.54               24.6             19.6              42872                      660                     10561        -1   604466                        -7.1                      -1.7
EU-AUTO                    7.037             112.598    580.90              1.21               19.4             42.4              24639                      298                      4775        -2   604466                        -8.2                      -1.6
PLAT                      14.699             235.176    967.60              1.52               24.3             39.3              37993                      577                      9234        -1   604466                        -6.3                      -1.5
KOSDAQ                    22.378             358.046   1317.60              1.70               27.2              5.7               7559                      128                      2054        -4   604466                        -5.0                      -1.4
CORN                       6.136              98.181    403.75              1.52               24.3             39.3              15853                      240                      3855        -2   604466                        -5.2                      -1.3
COTTON2                    1.049              16.783     68.33              1.54               24.6            392.7              26830                      411                      6589        -1   604466                        -4.4                      -1.1
CAD                        0.002               0.032      0.72              0.28                4.4          78530.8              56711                      156                      2510        -1   604466                        -9.4                      -0.4
BITCOIN                 1675.525           26808.408  63215.00              2.65               42.4              0.1               4964                      131                      2105        -1   604466                        -0.8                      -0.3
CRUDE_W_micro              1.437              22.997     72.82              1.97               31.6             78.5               5718                      112                      1805         0   604466                         0.0                       0.0
DAX                      178.129            2850.066  17724.00              1.01               16.1              0.8              15035                      151                      2417         1   604466                         2.5                       0.4
CAD10                      0.511               8.169    125.02              0.41                6.5            566.7              70849                      289                      4629         1   604466                        11.7                       0.8
NIKKEI                   583.110            9329.762  36340.00              1.60               25.7              0.5              19173                      307                      4922         1   604466                         3.2                       0.8
KR10                       0.356               5.701    117.39              0.30                4.9            573.8              67354                      204                      3271         2   604466                        22.3                       1.1
LIVECOW                    1.400              22.397    181.92              0.77               12.3            314.1              57146                      439                      7035         1   604466                         9.5                       1.2
DOW                      339.163            5426.607  39759.00              0.85               13.6              0.4              15611                      133                      2130         5   604466                        12.9                       1.8
YENEUR                     1.024              16.384    159.29              0.64               10.3            659.5             105055                      675                     10805         1   604466                        17.4                       1.8
SPI200                    71.024            1136.387   7891.00              0.90               14.4             12.8             100929                      908                     14534         1   604466                        16.7                       2.4
MIB                      367.359            5877.744  32145.00              1.14               18.3              4.2             136343                     1558                     24930         1   604466                        22.6                       4.1

Sum of abs(notional exposure % capital) 175.8
Sum of abs(annualised risk % capital) 29.3
Net sum of annualised risk % capital -0.5 

===========================================================================================================================================================================
                                                                               Correlations                                                                                
===========================================================================================================================================================================

               GAS-PEN  NIKKEI  YENEUR  ALUMINIUM  BITCOIN  CORN  COTTON2  CRUDE_W_micro  LIVECOW  PLAT  CAD10  KR10   CAD   DAX   DOW  EU-AUTO  KOSDAQ   MIB  SPI200   VIX
GAS-PEN           1.00    0.17    0.20      -0.11    -0.06  0.16    -0.07           0.13     0.17 -0.07  -0.06  0.00  0.05  0.01  0.02    -0.08   -0.11  0.07    0.06 -0.13
NIKKEI            0.17    1.00    0.53       0.05    -0.06 -0.10     0.19           0.23     0.01 -0.01  -0.17 -0.00  0.26  0.38  0.35     0.39    0.38  0.44    0.32 -0.44
YENEUR            0.20    0.53    1.00       0.19    -0.19 -0.01    -0.02           0.07     0.01 -0.05  -0.38 -0.16  0.15  0.08 -0.05     0.21    0.21  0.25   -0.19 -0.27
ALUMINIUM        -0.11    0.05    0.19       1.00    -0.05  0.12     0.08           0.22     0.04  0.40  -0.18 -0.13  0.27  0.04 -0.12     0.05   -0.07  0.07   -0.11 -0.02
BITCOIN          -0.06   -0.06   -0.19      -0.05     1.00  0.20     0.18          -0.03    -0.13  0.07   0.15  0.12  0.03  0.25  0.25     0.19    0.03  0.18    0.33 -0.07
CORN              0.16   -0.10   -0.01       0.12     0.20  1.00     0.00           0.12     0.09  0.11  -0.08  0.02  0.14  0.06  0.05     0.05    0.02  0.03    0.15 -0.01
COTTON2          -0.07    0.19   -0.02       0.08     0.18  0.00     1.00           0.25     0.20  0.06  -0.34 -0.02 -0.06  0.11  0.19     0.10   -0.03  0.00    0.30 -0.16
CRUDE_W_micro     0.13    0.23    0.07       0.22    -0.03  0.12     0.25           1.00     0.39  0.23  -0.23 -0.14  0.28 -0.01  0.17     0.03    0.01  0.02    0.17  0.01
LIVECOW           0.17    0.01    0.01       0.04    -0.13  0.09     0.20           0.39     1.00  0.25  -0.16 -0.13  0.18 -0.04  0.17    -0.02   -0.14  0.09    0.18 -0.11
PLAT             -0.07   -0.01   -0.05       0.40     0.07  0.11     0.06           0.23     0.25  1.00   0.07  0.04  0.42  0.19  0.26     0.01   -0.15  0.14    0.23 -0.10
CAD10            -0.06   -0.17   -0.38      -0.18     0.15 -0.08    -0.34          -0.23    -0.16  0.07   1.00  0.55  0.18  0.15  0.31    -0.07    0.12 -0.03    0.33 -0.05
KR10              0.00   -0.00   -0.16      -0.13     0.12  0.02    -0.02          -0.14    -0.13  0.04   0.55  1.00  0.31  0.23  0.37     0.04    0.30  0.05    0.41 -0.09
CAD               0.05    0.26    0.15       0.27     0.03  0.14    -0.06           0.28     0.18  0.42   0.18  0.31  1.00  0.40  0.49     0.34    0.28  0.47    0.28 -0.33
DAX               0.01    0.38    0.08       0.04     0.25  0.06     0.11          -0.01    -0.04  0.19   0.15  0.23  0.40  1.00  0.62     0.69    0.38  0.82    0.52 -0.64
DOW               0.02    0.35   -0.05      -0.12     0.25  0.05     0.19           0.17     0.17  0.26   0.31  0.37  0.49  0.62  1.00     0.38    0.33  0.49    0.75 -0.58
EU-AUTO          -0.08    0.39    0.21       0.05     0.19  0.05     0.10           0.03    -0.02  0.01  -0.07  0.04  0.34  0.69  0.38     1.00    0.43  0.80    0.29 -0.44
KOSDAQ           -0.11    0.38    0.21      -0.07     0.03  0.02    -0.03           0.01    -0.14 -0.15   0.12  0.30  0.28  0.38  0.33     0.43    1.00  0.42    0.33 -0.35
MIB               0.07    0.44    0.25       0.07     0.18  0.03     0.00           0.02     0.09  0.14  -0.03  0.05  0.47  0.82  0.49     0.80    0.42  1.00    0.37 -0.53
SPI200            0.06    0.32   -0.19      -0.11     0.33  0.15     0.30           0.17     0.18  0.23   0.33  0.41  0.28  0.52  0.75     0.29    0.33  0.37    1.00 -0.41
VIX              -0.13   -0.44   -0.27      -0.02    -0.07 -0.01    -0.16           0.01    -0.11 -0.10  -0.05 -0.09 -0.33 -0.64 -0.58    -0.44   -0.35 -0.53   -0.41  1.00


********************************************************************************
                                 END OF REPORT                                  
********************************************************************************


