
********************************************************************************
                    Risk report produced on 21/01/2025 22:53                    
********************************************************************************


Total risk across all strategies, annualised percentage 10.6
Percentage of capital used for margin 69.9%

========================================
Risk per strategy, annualised percentage
========================================

                  risk
dynamic_TF_carry  10.5


===================
Risk by asset class
===================

Ags       2.2
Bond      3.3
Equity    4.6
FX        5.2
Metals    2.0
OilGas    0.8
Vol       1.6
dtype: float64


=====================================================
Beta loadings of asset class positions on asset class
=====================================================

Bond     -0.35
FX       -0.24
Metals   -0.11
Vol      -0.02
OilGas    0.03
Ags       0.07
Equity    0.36
dtype: float64


========================================================
Beta loadings of full portfolio positions on asset class
========================================================

Bond     -0.66
FX       -0.12
Vol      -0.09
Metals   -0.09
OilGas    0.07
Ags       0.18
Equity    0.47
dtype: float64


===================================================================================================================================================================================================================================================================
                                                                                                                          Instrument risk                                                                                                                          
===================================================================================================================================================================================================================================================================

               daily_price_stdev  annual_price_stdev     price  daily_perc_stdev  annual_perc_stdev  point_size_base  contract_exposure  daily_risk_per_contract  annual_risk_per_contract  position  capital  exposure_held_perc_capital  annual_risk_perc_capital
CHF                        0.005               0.080      1.11              0.45                7.2         101988.8             113202                      509                      8148        -3   569119                       -59.7                      -4.3
US30                       1.023              16.374    118.88              0.86               13.8            815.9              96991                      834                     13359        -1   569119                       -17.0                      -2.3
ALUMINIUM                 31.912             510.591   2663.75              1.20               19.2             20.4              54334                      650                     10414        -1   569119                        -9.5                      -1.8
VIX                        0.684              10.943     17.30              3.95               63.3            815.9              14115                      558                      8928        -1   569119                        -2.5                      -1.6
OAT                        0.470               7.514    122.66              0.38                6.1            845.9             103759                      397                      6356        -1   569119                       -18.2                      -1.1
SUGAR11                    0.265               4.243     16.78              1.58               25.3            913.8              15333                      242                      3877        -1   569119                        -2.7                      -0.7
MXP                        0.000               0.007      0.05              0.86               13.7         407955.1              19585                      168                      2689        -1   569119                        -3.4                      -0.5
CANOLA                     9.962             159.397    640.60              1.56               24.9             11.3               7239                      112                      1801        -1   569119                        -1.3                      -0.3
BRE                        0.001               0.022      0.17              0.83               13.3          81591.0              13515                      112                      1801        -1   569119                        -2.4                      -0.3
RUSSELL                   27.075             433.202   2327.00              1.16               18.6              4.1               9493                      110                      1767        -1   569119                        -1.7                      -0.3
COPPER-micro               0.050               0.797      4.34              1.15               18.4           2039.8               8856                      101                      1625        -1   569119                        -1.6                      -0.3
DAX                      145.881            2334.099  21153.00              0.69               11.0              0.8              17893                      123                      1974         1   569119                         3.1                       0.3
TOPIX                     25.314             405.016   2709.25              0.93               14.9              5.2              14210                      132                      2124         1   569119                         2.5                       0.4
NIKKEI                   387.713            6203.406  38925.00              1.00               15.9              0.5              20416                      203                      3253         1   569119                         3.6                       0.6
CRUDE_W_micro              1.092              17.479     75.21              1.45               23.2             81.6               6136                       89                      1426         3   569119                         3.2                       0.8
MSCISING                   2.945              47.118    378.05              0.78               12.5             60.0              22690                      176                      2828         2   569119                         8.0                       1.0
YENEUR                     0.995              15.914    161.44              0.62                9.9            655.7             105848                      652                     10433         1   569119                        18.6                       1.8
FEEDCOW                    1.878              30.051    265.10              0.71               11.3            408.0             108148                      766                     12259         1   569119                        19.0                       2.2
MIB                      289.614            4633.819  36195.00              0.80               12.8              4.2             153089                     1224                     19599         1   569119                        26.9                       3.4

Sum of abs(notional exposure % capital) 204.9
Sum of abs(annualised risk % capital) 24.0
Net sum of annualised risk % capital -3.0 

=========================================================================================================================================================================
                                                                              Correlations                                                                               
=========================================================================================================================================================================

               CANOLA  CRUDE_W_micro  FEEDCOW  SUGAR11  YENEUR  ALUMINIUM   BRE  COPPER-micro   MXP   DAX   MIB  MSCISING  NIKKEI  RUSSELL  TOPIX   CHF   OAT  US30   VIX
CANOLA           1.00           0.07     0.01     0.37    0.38       0.10  0.11          0.09 -0.01  0.13  0.24     -0.11    0.17    -0.04   0.18 -0.13 -0.26 -0.32  0.00
CRUDE_W_micro    0.07           1.00     0.32     0.10    0.40       0.31  0.34          0.29  0.31 -0.01 -0.04      0.10    0.16     0.13   0.12 -0.33 -0.36 -0.26 -0.10
FEEDCOW          0.01           0.32     1.00     0.14    0.23       0.22  0.01          0.24  0.15  0.20  0.20      0.24    0.21     0.20   0.19 -0.28 -0.17 -0.20 -0.11
SUGAR11          0.37           0.10     0.14     1.00    0.19       0.00  0.03          0.06 -0.11  0.12  0.06      0.07    0.27     0.05   0.25  0.01 -0.20 -0.02 -0.17
YENEUR           0.38           0.40     0.23     0.19    1.00       0.07  0.11          0.09  0.27  0.06  0.17      0.03    0.29    -0.09   0.32 -0.42 -0.55 -0.56 -0.05
ALUMINIUM        0.10           0.31     0.22     0.00    0.07       1.00  0.43          0.55  0.29  0.36  0.26      0.36    0.17     0.28   0.14 -0.07  0.02 -0.03 -0.27
BRE              0.11           0.34     0.01     0.03    0.11       0.43  1.00          0.36  0.41  0.20  0.16      0.26    0.18     0.18   0.14 -0.09  0.08  0.03 -0.34
COPPER-micro     0.09           0.29     0.24     0.06    0.09       0.55  0.36          1.00  0.27  0.38  0.34      0.34    0.26     0.15   0.19  0.11 -0.01  0.12 -0.08
MXP             -0.01           0.31     0.15    -0.11    0.27       0.29  0.41          0.27  1.00  0.24  0.15      0.25    0.18     0.26   0.17 -0.16  0.02 -0.02 -0.26
DAX              0.13          -0.01     0.20     0.12    0.06       0.36  0.20          0.38  0.24  1.00  0.85      0.45    0.46     0.50   0.42 -0.01  0.18  0.11 -0.48
MIB              0.24          -0.04     0.20     0.06    0.17       0.26  0.16          0.34  0.15  0.85  1.00      0.35    0.41     0.34   0.39 -0.09  0.08 -0.04 -0.33
MSCISING        -0.11           0.10     0.24     0.07    0.03       0.36  0.26          0.34  0.25  0.45  0.35      1.00    0.43     0.56   0.45 -0.14  0.13  0.15 -0.58
NIKKEI           0.17           0.16     0.21     0.27    0.29       0.17  0.18          0.26  0.18  0.46  0.41      0.43    1.00     0.38   0.95 -0.11 -0.09  0.04 -0.42
RUSSELL         -0.04           0.13     0.20     0.05   -0.09       0.28  0.18          0.15  0.26  0.50  0.34      0.56    0.38     1.00   0.40 -0.03  0.22  0.27 -0.73
TOPIX            0.18           0.12     0.19     0.25    0.32       0.14  0.14          0.19  0.17  0.42  0.39      0.45    0.95     0.40   1.00 -0.17 -0.06  0.01 -0.46
CHF             -0.13          -0.33    -0.28     0.01   -0.42      -0.07 -0.09          0.11 -0.16 -0.01 -0.09     -0.14   -0.11    -0.03  -0.17  1.00  0.36  0.54  0.23
OAT             -0.26          -0.36    -0.17    -0.20   -0.55       0.02  0.08         -0.01  0.02  0.18  0.08      0.13   -0.09     0.22  -0.06  0.36  1.00  0.73 -0.13
US30            -0.32          -0.26    -0.20    -0.02   -0.56      -0.03  0.03          0.12 -0.02  0.11 -0.04      0.15    0.04     0.27   0.01  0.54  0.73  1.00 -0.19
VIX              0.00          -0.10    -0.11    -0.17   -0.05      -0.27 -0.34         -0.08 -0.26 -0.48 -0.33     -0.58   -0.42    -0.73  -0.46  0.23 -0.13 -0.19  1.00


********************************************************************************
                                 END OF REPORT                                  
********************************************************************************


