
********************************************************************************
                    Risk report produced on 17/10/2025 22:53                    
********************************************************************************


Total risk across all strategies, annualised percentage 15.2
Percentage of capital used for margin 44.7%

========================================
Risk per strategy, annualised percentage
========================================

                  risk
dynamic_TF_carry  15.2


===================
Risk by asset class
===================

Ags       3.7
Bond      3.7
Equity    9.6
FX        2.5
Metals    4.8
OilGas    3.9
dtype: float64


=====================================================
Beta loadings of asset class positions on asset class
=====================================================

OilGas   -0.13
FX        0.06
Ags       0.17
Metals    0.26
Equity    0.81
Bond      0.86
dtype: float64


========================================================
Beta loadings of full portfolio positions on asset class
========================================================

OilGas   -0.14
Ags       0.27
Metals    0.34
FX        0.86
Equity    0.89
Bond      0.91
dtype: float64


===================================================================================================================================================================================================================================================================
                                                                                                                          Instrument risk                                                                                                                          
===================================================================================================================================================================================================================================================================

               daily_price_stdev  annual_price_stdev     price  daily_perc_stdev  annual_perc_stdev  point_size_base  contract_exposure  daily_risk_per_contract  annual_risk_per_contract  position  capital  exposure_held_perc_capital  annual_risk_perc_capital
GASOILINE                  0.027               0.440      1.75              1.57               25.2          31182.4              54484                      856                     13708        -1   636990                        -8.6                      -2.2
GAS-PEN                    0.092               1.473      2.93              3.14               50.2           7424.4              21775                      683                     10939        -1   636990                        -3.4                      -1.7
SP500_micro               60.906             974.496   6664.25              0.91               14.6              3.7              24738                      226                      3617        -2   636990                        -7.8                      -1.1
JPY                        0.000               0.001      0.01              0.64               10.2        9280466.8              62109                      397                      6360        -1   636990                        -9.8                      -1.0
GAS_US_mini                0.092               1.473      2.94              3.13               50.1           1856.1               5456                      170                      2734        -2   636990                        -1.7                      -0.9
WHEAT                      6.132              98.112    502.50              1.22               19.5             37.1              18653                      227                      3642        -1   636990                        -2.9                      -0.6
RICE                       0.150               2.397     10.96              1.37               21.9           1484.9              16281                      222                      3558        -1   636990                        -2.6                      -0.6
KRWUSD_mini                0.004               0.060      0.70              0.53                8.5          18560.9              13085                       69                      1107        -3   636990                        -6.2                      -0.5
CRUDE_W_micro              1.039              16.618     56.97              1.82               29.2             74.2               4229                       77                      1233        -2   636990                        -1.3                      -0.4
EUR_micro                  0.005               0.076      1.17              0.41                6.5           9280.5              10886                       44                       708        -1   636990                        -1.7                      -0.1
MXP                        0.000               0.004      0.05              0.51                8.1         371218.7              20016                      101                      1622         1   636990                         3.1                       0.3
BRE                        0.001               0.023      0.18              0.78               12.4          74243.7              13575                      105                      1684         1   636990                         2.1                       0.3
FTSECHINAA               226.801            3628.817  15009.00              1.51               24.2              0.7              11143                      168                      2694         1   636990                         1.7                       0.4
GBP                        0.005               0.086      1.34              0.40                6.4          46402.3              62350                      248                      3979         1   636990                         9.8                       0.6
US10U                      0.406               6.491    116.67              0.35                5.6            742.4              86621                      301                      4819         1   636990                        13.6                       0.8
LEANHOG                    1.111              17.770     82.55              1.35               21.5            297.0              24515                      329                      5277         1   636990                         3.8                       0.8
TOPIX                     36.359             581.746   3179.00              1.14               18.3              5.0              15763                      180                      2884         2   636990                         4.9                       0.9
YENEUR                     0.810              12.967    175.29              0.46                7.4            619.8             108650                      502                      8037         1   636990                        17.1                       1.3
GOLD_micro                39.094             625.498   4307.00              0.91               14.5              7.4              31976                      290                      4643         2   636990                        10.0                       1.5
SILVER                     0.870              13.926     52.74              1.65               26.4            742.4              39152                      646                     10339         1   636990                         6.1                       1.6
OAT                        0.373               5.971    123.34              0.30                4.8            870.4             107351                      324                      5197         2   636990                        33.7                       1.6
CAD10                      0.336               5.382    123.29              0.27                4.4            528.9              65209                      177                      2846         4   636990                        40.9                       1.8
PLAT                      27.455             439.277   1734.10              1.58               25.3             37.1              64373                     1019                     16306         1   636990                        10.1                       2.6
MSCITAIWAN                14.204             227.263   1197.90              1.19               19.0             74.2              88936                     1054                     16872         1   636990                        14.0                       2.6
FEEDCOW                    3.543              56.693    380.98              0.93               14.9            371.2             141425                     1315                     21045         1   636990                        22.2                       3.3
AEX                        8.935             142.961    959.30              0.93               14.9            174.1             166988                     1555                     24885         1   636990                        26.2                       3.9
MIB                      370.675            5930.796  41945.00              0.88               14.1              4.4             182537                     1613                     25809         1   636990                        28.7                       4.1

Sum of abs(notional exposure % capital) 294.0
Sum of abs(annualised risk % capital) 37.5
Net sum of annualised risk % capital 19.3 

==========================================================================================================================================================================================================================================================
                                                                                                                       Correlations                                                                                                                       
==========================================================================================================================================================================================================================================================

               EUR_micro   GBP  KRWUSD_mini  CAD10   JPY   OAT  US10U  GAS-PEN  GAS_US_mini  LEANHOG  RICE  WHEAT  GOLD_micro  PLAT  SILVER   AEX   BRE  CRUDE_W_micro  FEEDCOW  FTSECHINAA  GASOILINE   MIB  MSCITAIWAN   MXP  SP500_micro  TOPIX  YENEUR
EUR_micro           1.00  0.76         0.52   0.20  0.59  0.04   0.26    -0.19        -0.18     0.15  0.19   0.31        0.29  0.24    0.16 -0.17  0.22          -0.14    -0.08        0.11      -0.18 -0.01        0.02  0.40        -0.10  -0.09    0.13
GBP                 0.76  1.00         0.46   0.39  0.40  0.17   0.30    -0.16        -0.09     0.13  0.06   0.13        0.33  0.29    0.29  0.24  0.34          -0.02    -0.00        0.26      -0.05  0.38        0.33  0.42         0.30   0.33    0.18
KRWUSD_mini         0.52  0.46         1.00   0.18  0.48  0.19   0.15    -0.03        -0.00     0.12  0.28   0.27        0.34  0.23    0.11  0.11  0.15          -0.00    -0.12        0.09      -0.00  0.16        0.14  0.25         0.11   0.08   -0.13
CAD10               0.20  0.39         0.18   1.00  0.49  0.63   0.77     0.03         0.00    -0.07 -0.08  -0.13        0.24  0.02    0.10  0.09  0.14          -0.15    -0.28       -0.08      -0.19  0.08        0.08 -0.05         0.09  -0.02   -0.44
JPY                 0.59  0.40         0.48   0.49  1.00  0.40   0.51    -0.23        -0.26     0.11  0.20   0.21        0.22 -0.02   -0.06 -0.30 -0.07          -0.27    -0.31       -0.12      -0.30 -0.19       -0.28 -0.07        -0.24  -0.44   -0.70
OAT                 0.04  0.17         0.19   0.63  0.40  1.00   0.58    -0.18        -0.22    -0.14 -0.13  -0.05        0.40  0.03    0.14  0.08 -0.06          -0.23    -0.21       -0.21      -0.23 -0.02       -0.02  0.01         0.04  -0.14   -0.48
US10U               0.26  0.30         0.15   0.77  0.51  0.58   1.00     0.04         0.02    -0.06 -0.13  -0.09        0.25 -0.02    0.07 -0.02  0.19          -0.15    -0.15       -0.12      -0.18  0.04        0.00 -0.03         0.03  -0.12   -0.43
GAS-PEN            -0.19 -0.16        -0.03   0.03 -0.23 -0.18   0.04     1.00         0.94    -0.02 -0.03   0.03       -0.06 -0.11   -0.02  0.05  0.13           0.17    -0.28       -0.01       0.14 -0.01        0.04 -0.07         0.04   0.13    0.11
GAS_US_mini        -0.18 -0.09        -0.00   0.00 -0.26 -0.22   0.02     0.94         1.00     0.05 -0.03   0.10        0.03 -0.03    0.08  0.18  0.25           0.30    -0.19        0.10       0.27  0.16        0.14  0.01         0.17   0.20    0.16
LEANHOG             0.15  0.13         0.12  -0.07  0.11 -0.14  -0.06    -0.02         0.05     1.00  0.13   0.24        0.16  0.14    0.22  0.14  0.40           0.31     0.18        0.32       0.26  0.24        0.11  0.26         0.35   0.12    0.03
RICE                0.19  0.06         0.28  -0.08  0.20 -0.13  -0.13    -0.03        -0.03     0.13  1.00   0.13       -0.05  0.04   -0.01 -0.08 -0.07          -0.05     0.00       -0.16      -0.04 -0.04       -0.08 -0.11        -0.14  -0.13   -0.11
WHEAT               0.31  0.13         0.27  -0.13  0.21 -0.05  -0.09     0.03         0.10     0.24  0.13   1.00        0.20  0.19    0.20 -0.01  0.16           0.14    -0.13        0.28       0.16  0.05       -0.06  0.19        -0.05  -0.15    0.00
GOLD_micro          0.29  0.33         0.34   0.24  0.22  0.40   0.25    -0.06         0.03     0.16 -0.05   0.20        1.00  0.41    0.70  0.21  0.16           0.18     0.12        0.15       0.16  0.16        0.16  0.25         0.17   0.00   -0.00
PLAT                0.24  0.29         0.23   0.02 -0.02  0.03  -0.02    -0.11        -0.03     0.14  0.04   0.19        0.41  1.00    0.67  0.43  0.26           0.15     0.21        0.28       0.13  0.34        0.41  0.40         0.37   0.13    0.21
SILVER              0.16  0.29         0.11   0.10 -0.06  0.14   0.07    -0.02         0.08     0.22 -0.01   0.20        0.70  0.67    1.00  0.45  0.34           0.35     0.35        0.32       0.33  0.42        0.45  0.44         0.45   0.22    0.22
AEX                -0.17  0.24         0.11   0.09 -0.30  0.08  -0.02     0.05         0.18     0.14 -0.08  -0.01        0.21  0.43    0.45  1.00  0.36           0.36     0.26        0.41       0.38  0.79        0.73  0.31         0.76   0.59    0.21
BRE                 0.22  0.34         0.15   0.14 -0.07 -0.06   0.19     0.13         0.25     0.40 -0.07   0.16        0.16  0.26    0.34  0.36  1.00           0.42     0.22        0.40       0.40  0.47        0.38  0.58         0.50   0.36    0.28
CRUDE_W_micro      -0.14 -0.02        -0.00  -0.15 -0.27 -0.23  -0.15     0.17         0.30     0.31 -0.05   0.14        0.18  0.15    0.35  0.36  0.42           1.00     0.23        0.37       0.97  0.39        0.36  0.29         0.42   0.30    0.21
FEEDCOW            -0.08 -0.00        -0.12  -0.28 -0.31 -0.21  -0.15    -0.28        -0.19     0.18  0.00  -0.13        0.12  0.21    0.35  0.26  0.22           0.23     1.00        0.26       0.23  0.35        0.21  0.25         0.30   0.25    0.30
FTSECHINAA          0.11  0.26         0.09  -0.08 -0.12 -0.21  -0.12    -0.01         0.10     0.32 -0.16   0.28        0.15  0.28    0.32  0.41  0.40           0.37     0.26        1.00       0.36  0.46        0.37  0.39         0.44   0.40    0.27
GASOILINE          -0.18 -0.05        -0.00  -0.19 -0.30 -0.23  -0.18     0.14         0.27     0.26 -0.04   0.16        0.16  0.13    0.33  0.38  0.40           0.97     0.23        0.36       1.00  0.41        0.36  0.27         0.41   0.30    0.20
MIB                -0.01  0.38         0.16   0.08 -0.19 -0.02   0.04    -0.01         0.16     0.24 -0.04   0.05        0.16  0.34    0.42  0.79  0.47           0.39     0.35        0.46       0.41  1.00        0.68  0.41         0.79   0.69    0.22
MSCITAIWAN          0.02  0.33         0.14   0.08 -0.28 -0.02   0.00     0.04         0.14     0.11 -0.08  -0.06        0.16  0.41    0.45  0.73  0.38           0.36     0.21        0.37       0.36  0.68        1.00  0.40         0.74   0.68    0.35
MXP                 0.40  0.42         0.25  -0.05 -0.07  0.01  -0.03    -0.07         0.01     0.26 -0.11   0.19        0.25  0.40    0.44  0.31  0.58           0.29     0.25        0.39       0.27  0.41        0.40  1.00         0.40   0.34    0.44
SP500_micro        -0.10  0.30         0.11   0.09 -0.24  0.04   0.03     0.04         0.17     0.35 -0.14  -0.05        0.17  0.37    0.45  0.76  0.50           0.42     0.30        0.44       0.41  0.79        0.74  0.40         1.00   0.65    0.21
TOPIX              -0.09  0.33         0.08  -0.02 -0.44 -0.14  -0.12     0.13         0.20     0.12 -0.13  -0.15        0.00  0.13    0.22  0.59  0.36           0.30     0.25        0.40       0.30  0.69        0.68  0.34         0.65   1.00    0.46
YENEUR              0.13  0.18        -0.13  -0.44 -0.70 -0.48  -0.43     0.11         0.16     0.03 -0.11   0.00       -0.00  0.21    0.22  0.21  0.28           0.21     0.30        0.27       0.20  0.22        0.35  0.44         0.21   0.46    1.00


********************************************************************************
                                 END OF REPORT                                  
********************************************************************************


