
********************************************************************************
           Risk report report produced on 2023-02-15 23:00:36.958151            
********************************************************************************


Total risk across all strategies, annualised percentage 7.0
Percentage of capital used for margin 22.6%

========================================
Risk per strategy, annualised percentage
========================================

                  risk
dynamic_TF_carry   7.0


===================
Risk by asset class
===================

Bond      4.0
Equity    4.2
FX        0.7
Metals    1.8
OilGas    1.8
Sector    2.4
Vol       2.1
dtype: float64


============================
Beta loadings by asset class
============================

Bond     -0.55
Vol      -0.05
Metals   -0.05
OilGas   -0.01
FX        0.04
Sector    0.12
Equity    0.26
dtype: float64


==================================================================================================================================================================================================================================================================
                                                                                                                         Instrument risk                                                                                                                          
==================================================================================================================================================================================================================================================================

              daily_price_stdev  annual_price_stdev     price  daily_perc_stdev  annual_perc_stdev  point_size_base  contract_exposure  daily_risk_per_contract  annual_risk_per_contract  position  capital  exposure_held_perc_capital  annual_risk_perc_capital
US10U                     0.708              11.326    118.34              0.60                9.6            824.8              97607                      583                      9341        -1   358674                       -27.2                      -2.6
VIX                       0.569               9.098     21.10              2.69               43.1            824.8              17402                      469                      7504        -1   358674                        -4.9                      -2.1
GAS_US_mini               0.191               3.058      2.55              7.49              119.9           2061.9               5257                      394                      6305        -1   358674                        -1.5                      -1.8
BOBL                      0.408               6.523    116.21              0.35                5.6            883.0             102614                      359                      5759        -1   358674                       -28.6                      -1.6
SILVER                    0.384               6.139     21.80              1.76               28.2            824.8              17980                      316                      5063        -1   358674                        -5.0                      -1.4
GOLD_micro               17.305             276.882   1848.40              0.94               15.0              8.2              15245                      142                      2283        -1   358674                        -4.3                      -0.6
KOSDAQ                   14.307             228.912   1097.90              1.30               20.9              6.4               7046                       91                      1469        -1   358674                        -2.0                      -0.4
BRE                       0.002               0.028      0.19              0.93               14.9          82477.6              15773                      146                      2344         1   358674                         4.4                       0.7
EU-OIL                    4.698              75.168    366.10              1.28               20.5             44.2              16163                      207                      3318         1   358674                         4.5                       0.9
RUSSELL                  25.868             413.884   1965.40              1.32               21.1              4.1               8105                      106                      1706         2   358674                         4.5                       1.0
IRON                      2.719              43.502    123.70              2.20               35.2             82.5              10202                      224                      3587         1   358674                         2.8                       1.0
NASDAQ_micro            184.218            2947.492  12749.50              1.44               23.1              1.6              21030                      303                      4862         1   358674                         5.9                       1.4
EU-BASIC                  8.866             141.850    639.10              1.39               22.2             44.2              28216                      391                      6262         1   358674                         7.9                       1.7
CAC                      62.583            1001.321   7305.00              0.86               13.7              8.8              64503                      552                      8841         1   358674                        18.0                       2.5

Sum of abs(notional exposure % capital) 121.5
Sum of abs(annualised risk % capital) 19.7
Net sum of annualised risk % capital -1.3 

===================================================================================================================================
                                                           Correlations                                                            
===================================================================================================================================

              BOBL   CAC  KOSDAQ  NASDAQ_micro  RUSSELL  US10U   BRE  EU-BASIC  EU-OIL  GOLD_micro  IRON  SILVER  GAS_US_mini   VIX
BOBL          1.00  0.37    0.36          0.49     0.54   0.79  0.26      0.20    0.05        0.36  0.06    0.23        -0.01 -0.34
CAC           0.37  1.00    0.52          0.73     0.77   0.32  0.38      0.54    0.33        0.15  0.13    0.24         0.10 -0.67
KOSDAQ        0.36  0.52    1.00          0.61     0.58   0.26  0.23      0.32    0.12        0.23  0.13    0.21         0.04 -0.38
NASDAQ_micro  0.49  0.73    0.61          1.00     0.86   0.39  0.30      0.43    0.17        0.24  0.16    0.27         0.03 -0.63
RUSSELL       0.54  0.77    0.58          0.86     1.00   0.41  0.48      0.52    0.30        0.31  0.13    0.36         0.09 -0.67
US10U         0.79  0.32    0.26          0.39     0.41   1.00  0.26      0.24    0.09        0.47  0.09    0.26        -0.07 -0.28
BRE           0.26  0.38    0.23          0.30     0.48   0.26  1.00      0.53    0.44        0.38  0.19    0.47         0.06 -0.51
EU-BASIC      0.20  0.54    0.32          0.43     0.52   0.24  0.53      1.00    0.58        0.51  0.50    0.59         0.23 -0.41
EU-OIL        0.05  0.33    0.12          0.17     0.30   0.09  0.44      0.58    1.00        0.15  0.19    0.23         0.22 -0.33
GOLD_micro    0.36  0.15    0.23          0.24     0.31   0.47  0.38      0.51    0.15        1.00  0.38    0.79        -0.09 -0.15
IRON          0.06  0.13    0.13          0.16     0.13   0.09  0.19      0.50    0.19        0.38  1.00    0.34         0.01 -0.06
SILVER        0.23  0.24    0.21          0.27     0.36   0.26  0.47      0.59    0.23        0.79  0.34    1.00        -0.04 -0.29
GAS_US_mini  -0.01  0.10    0.04          0.03     0.09  -0.07  0.06      0.23    0.22       -0.09  0.01   -0.04         1.00 -0.09
VIX          -0.34 -0.67   -0.38         -0.63    -0.67  -0.28 -0.51     -0.41   -0.33       -0.15 -0.06   -0.29        -0.09  1.00


********************************************************************************
                                 END OF REPORT                                  
********************************************************************************


