
********************************************************************************
                    Risk report produced on 21/07/2025 22:53                    
********************************************************************************


Total risk across all strategies, annualised percentage 13.0
Percentage of capital used for margin 44.2%

========================================
Risk per strategy, annualised percentage
========================================

                  risk
dynamic_TF_carry  13.0


===================
Risk by asset class
===================

Ags       3.6
Bond      1.9
Equity    6.7
FX        3.9
Metals    3.2
OilGas    3.1
dtype: float64


=====================================================
Beta loadings of asset class positions on asset class
=====================================================

Bond     -0.26
OilGas   -0.07
Metals    0.09
Ags       0.19
FX        0.27
Equity    0.45
dtype: float64


========================================================
Beta loadings of full portfolio positions on asset class
========================================================

Bond     -0.70
OilGas   -0.02
Metals    0.28
Ags       0.45
Equity    0.70
FX        1.25
dtype: float64


===================================================================================================================================================================================================================================================================
                                                                                                                          Instrument risk                                                                                                                          
===================================================================================================================================================================================================================================================================

               daily_price_stdev  annual_price_stdev     price  daily_perc_stdev  annual_perc_stdev  point_size_base  contract_exposure  daily_risk_per_contract  annual_risk_per_contract  position  capital  exposure_held_perc_capital  annual_risk_perc_capital
JPY                        0.000               0.001      0.01              0.62               10.0        9312964.0              63621                      396                      6339        -3   558150                       -34.2                      -3.4
GAS-PEN                    0.119               1.912      3.32              3.59               57.5           7450.4              24765                      890                     14241        -1   558150                        -4.4                      -2.6
DX                         0.396               6.333     97.59              0.41                6.5            745.0              72708                      294                      4718        -2   558150                       -26.1                      -1.7
CAD10                      0.446               7.134    119.97              0.37                5.9            543.1              65153                      242                      3874        -2   558150                       -23.3                      -1.4
US10U                      0.445               7.118    112.98              0.39                6.3            745.0              84177                      331                      5302        -1   558150                       -15.1                      -1.0
WHEAT                      8.650             138.398    562.50              1.54               24.6             37.3              20954                      322                      5155        -1   558150                        -3.8                      -0.9
DOW                      335.273            5364.360  44629.00              0.75               12.0              0.4              16625                      124                      1998        -2   558150                        -6.0                      -0.7
RICE                       0.163               2.611     12.32              1.33               21.2           1490.1              18350                      243                      3890        -1   558150                        -3.3                      -0.7
GOLD_micro                31.442             503.066   3409.10              0.92               14.8              7.5              25399                      234                      3748        -1   558150                        -4.6                      -0.7
GAS_US_mini                0.121               1.937      3.34              3.63               58.1           1862.6               6211                      225                      3608        -1   558150                        -1.1                      -0.6
KRWUSD_mini                0.005               0.073      0.72              0.63               10.1          18625.9              13397                       84                      1356        -1   558150                        -2.4                      -0.2
MUMMY                     10.309             164.940    729.00              1.41               22.6              5.0               3662                       51                       828         1   558150                         0.7                       0.1
CRUDE_W_micro              1.350              21.598     64.89              2.08               33.3             74.5               4834                      100                      1609         1   558150                         0.9                       0.3
KOSDAQ                    18.957             303.306   1373.30              1.38               22.1              5.3               7346                      101                      1622         1   558150                         1.3                       0.3
MXP                        0.000               0.004      0.05              0.52                8.3         372518.6              19832                      102                      1638         1   558150                         3.6                       0.3
RUSSELL                   26.183             418.922   2250.00              1.16               18.6              3.7               8381                       97                      1560         2   558150                         3.0                       0.6
CANOLA                    11.436             182.984    691.00              1.66               26.5             10.9               7505                      124                      1987         2   558150                         2.7                       0.7
GBP                        0.006               0.091      1.35              0.42                6.8          46564.8              62853                      265                      4252         1   558150                        11.3                       0.8
NASDAQ_micro             192.534            3080.546  23383.50              0.82               13.2              1.5              34843                      286                      4590         1   558150                         6.2                       0.8
BTP                        0.416               6.656    121.18              0.34                5.5            866.7             105027                      360                      5768         1   558150                        18.8                       1.0
LEANHOG                    1.250              20.003     90.92              1.37               22.0            298.0              27097                      372                      5961         1   558150                         4.9                       1.1
YENEUR                     0.732              11.715    171.83              0.43                6.8            628.0             107901                      459                      7356         1   558150                        19.3                       1.3
MSCIEAFA                  21.768             348.295   2658.40              0.82               13.1             37.3              99030                      810                     12974         1   558150                        17.7                       2.3
FEEDCOW                    2.945              47.118    327.82              0.90               14.4            372.5             122120                     1097                     17552         1   558150                        21.9                       3.1
PLAT                      31.080             497.279   1494.70              2.08               33.3             37.3              55680                     1157                     18524         1   558150                        10.0                       3.3
MIB                      334.807            5356.904  40250.00              0.83               13.3              4.3             174424                     1450                     23214         1   558150                        31.3                       4.2

Sum of abs(notional exposure % capital) 277.9
Sum of abs(annualised risk % capital) 34.1
Net sum of annualised risk % capital 6.3 

========================================================================================================================================================================================================================================
                                                                                                              Correlations                                                                                                              
========================================================================================================================================================================================================================================

               CANOLA  GAS-PEN  GAS_US_mini  WHEAT  YENEUR    DX   BTP  CAD10   GBP   JPY  KRWUSD_mini  US10U  CRUDE_W_micro  GOLD_micro  LEANHOG  MUMMY  RICE   DOW  FEEDCOW  KOSDAQ   MIB  MSCIEAFA   MXP  NASDAQ_micro  PLAT  RUSSELL
CANOLA           1.00     0.14         0.13   0.24    0.10 -0.07  0.04  -0.13  0.01 -0.05        -0.06  -0.16           0.21        0.10     0.14  -0.11 -0.16 -0.06    -0.15    0.01 -0.08     -0.08  0.07          0.04 -0.03    -0.05
GAS-PEN          0.14     1.00         0.96   0.27    0.03  0.21 -0.23  -0.06 -0.18 -0.19        -0.13   0.09           0.24       -0.04    -0.17  -0.04 -0.02 -0.10     0.06   -0.05 -0.05     -0.14  0.01          0.02 -0.10    -0.15
GAS_US_mini      0.13     0.96         1.00   0.28    0.03  0.23 -0.25  -0.08 -0.20 -0.20        -0.11   0.07           0.32       -0.02    -0.11  -0.03  0.01 -0.13     0.10   -0.08 -0.00     -0.12  0.03         -0.02 -0.11    -0.14
WHEAT            0.24     0.27         0.28   1.00   -0.14  0.04 -0.16  -0.03 -0.09  0.09        -0.10  -0.12           0.40        0.23     0.07   0.01  0.11 -0.17    -0.03   -0.04 -0.06     -0.05  0.11         -0.09 -0.13    -0.06
YENEUR           0.10     0.03         0.03  -0.14    1.00 -0.02 -0.35  -0.45  0.07 -0.66        -0.08  -0.41           0.05       -0.01    -0.03   0.04 -0.09  0.04     0.17    0.04  0.05      0.10  0.21          0.18  0.23    -0.05
DX              -0.07     0.21         0.23   0.04   -0.02  1.00 -0.05  -0.21 -0.80 -0.70        -0.51  -0.34           0.30       -0.36    -0.08   0.11  0.01  0.07     0.03   -0.01  0.04     -0.42 -0.36          0.10 -0.27     0.07
BTP              0.04    -0.23        -0.25  -0.16   -0.35 -0.05  1.00   0.55  0.07  0.23         0.26   0.46          -0.02        0.22     0.08   0.09  0.07  0.19     0.11    0.23  0.15      0.19  0.14          0.05  0.07     0.20
CAD10           -0.13    -0.06        -0.08  -0.03   -0.45 -0.21  0.55   1.00  0.27  0.40         0.11   0.81          -0.11       -0.04     0.03   0.09 -0.11  0.11    -0.04   -0.02  0.24      0.31  0.11         -0.07 -0.15     0.09
GBP              0.01    -0.18        -0.20  -0.09    0.07 -0.80  0.07   0.27  1.00  0.51         0.52   0.38          -0.19        0.32     0.15   0.17 -0.01  0.07     0.12    0.07  0.31      0.63  0.40          0.08  0.35     0.12
JPY             -0.05    -0.19        -0.20   0.09   -0.66 -0.70  0.23   0.40  0.51  1.00         0.43   0.47          -0.23        0.32     0.07  -0.14  0.08 -0.18    -0.16   -0.03 -0.12      0.15  0.11         -0.30  0.02    -0.11
KRWUSD_mini     -0.06    -0.13        -0.11  -0.10   -0.08 -0.51  0.26   0.11  0.52  0.43         1.00   0.22          -0.13        0.27     0.24   0.16  0.28  0.05     0.24    0.24  0.22      0.41  0.24          0.01  0.26     0.07
US10U           -0.16     0.09         0.07  -0.12   -0.41 -0.34  0.46   0.81  0.38  0.47         0.22   1.00          -0.08        0.00     0.08   0.10 -0.08  0.12     0.11    0.06  0.20      0.35  0.19         -0.09  0.03     0.11
CRUDE_W_micro    0.21     0.24         0.32   0.40    0.05  0.30 -0.02  -0.11 -0.19 -0.23        -0.13  -0.08           1.00        0.24     0.36   0.23  0.20  0.10     0.30    0.19  0.18      0.10  0.20          0.13  0.06     0.24
GOLD_micro       0.10    -0.04        -0.02   0.23   -0.01 -0.36  0.22  -0.04  0.32  0.32         0.27   0.00           0.24        1.00     0.20   0.10  0.14 -0.12     0.17    0.22  0.01      0.23  0.20         -0.15  0.34    -0.03
LEANHOG          0.14    -0.17        -0.11   0.07   -0.03 -0.08  0.08   0.03  0.15  0.07         0.24   0.08           0.36        0.20     1.00   0.35  0.15  0.18     0.16    0.06  0.25      0.29  0.15          0.15  0.25     0.29
MUMMY           -0.11    -0.04        -0.03   0.01    0.04  0.11  0.09   0.09  0.17 -0.14         0.16   0.10           0.23        0.10     0.35   1.00  0.16  0.24     0.29    0.30  0.40      0.39  0.06          0.31  0.20     0.37
RICE            -0.16    -0.02         0.01   0.11   -0.09  0.01  0.07  -0.11 -0.01  0.08         0.28  -0.08           0.20        0.14     0.15   0.16  1.00 -0.12     0.10   -0.00 -0.02     -0.07 -0.06         -0.06  0.02     0.01
DOW             -0.06    -0.10        -0.13  -0.17    0.04  0.07  0.19   0.11  0.07 -0.18         0.05   0.12           0.10       -0.12     0.18   0.24 -0.12  1.00     0.19    0.31  0.57      0.60  0.13          0.81  0.21     0.88
FEEDCOW         -0.15     0.06         0.10  -0.03    0.17  0.03  0.11  -0.04  0.12 -0.16         0.24   0.11           0.30        0.17     0.16   0.29  0.10  0.19     1.00    0.23  0.34      0.36  0.31          0.07  0.23     0.24
KOSDAQ           0.01    -0.05        -0.08  -0.04    0.04 -0.01  0.23  -0.02  0.07 -0.03         0.24   0.06           0.19        0.22     0.06   0.30 -0.00  0.31     0.23    1.00  0.25      0.37  0.17          0.34  0.29     0.32
MIB             -0.08    -0.05        -0.00  -0.06    0.05  0.04  0.15   0.24  0.31 -0.12         0.22   0.20           0.18        0.01     0.25   0.40 -0.02  0.57     0.34    0.25  1.00      0.78  0.29          0.49  0.19     0.57
MSCIEAFA        -0.08    -0.14        -0.12  -0.05    0.10 -0.42  0.19   0.31  0.63  0.15         0.41   0.35           0.10        0.23     0.29   0.39 -0.07  0.60     0.36    0.37  0.78      1.00  0.47          0.54  0.40     0.60
MXP              0.07     0.01         0.03   0.11    0.21 -0.36  0.14   0.11  0.40  0.11         0.24   0.19           0.20        0.20     0.15   0.06 -0.06  0.13     0.31    0.17  0.29      0.47  1.00          0.22  0.38     0.21
NASDAQ_micro     0.04     0.02        -0.02  -0.09    0.18  0.10  0.05  -0.07  0.08 -0.30         0.01  -0.09           0.13       -0.15     0.15   0.31 -0.06  0.81     0.07    0.34  0.49      0.54  0.22          1.00  0.30     0.75
PLAT            -0.03    -0.10        -0.11  -0.13    0.23 -0.27  0.07  -0.15  0.35  0.02         0.26   0.03           0.06        0.34     0.25   0.20  0.02  0.21     0.23    0.29  0.19      0.40  0.38          0.30  1.00     0.22
RUSSELL         -0.05    -0.15        -0.14  -0.06   -0.05  0.07  0.20   0.09  0.12 -0.11         0.07   0.11           0.24       -0.03     0.29   0.37  0.01  0.88     0.24    0.32  0.57      0.60  0.21          0.75  0.22     1.00


********************************************************************************
                                 END OF REPORT                                  
********************************************************************************


