
********************************************************************************
                    Risk report produced on 26/03/2026 22:54                    
********************************************************************************


Total risk across all strategies, annualised percentage 8.5
Percentage of capital used for margin 33.6%

========================================
Risk per strategy, annualised percentage
========================================

                  risk
dynamic_TF_carry   8.6


===================
Risk by asset class
===================

Ags       1.2
Bond      1.6
Equity    2.7
FX        3.6
Metals    3.1
OilGas    4.9
Vol       0.1
dtype: float64


=====================================================
Beta loadings of asset class positions on asset class
=====================================================

Bond     -0.28
Equity   -0.11
Metals   -0.10
FX       -0.02
Vol      -0.00
Ags       0.02
OilGas    0.07
dtype: float64


========================================================
Beta loadings of full portfolio positions on asset class
========================================================

Bond     -0.60
FX       -0.40
Metals   -0.09
Equity   -0.05
Vol       0.00
Ags       0.07
OilGas    0.08
dtype: float64


==================================================================================================================================================================================================================================================================
                                                                                                                         Instrument risk                                                                                                                          
==================================================================================================================================================================================================================================================================

              daily_price_stdev  annual_price_stdev     price  daily_perc_stdev  annual_perc_stdev  point_size_base  contract_exposure  daily_risk_per_contract  annual_risk_per_contract  position  capital  exposure_held_perc_capital  annual_risk_perc_capital
BITCOIN                2474.175           39586.798  68655.00              3.60               57.7              0.1               5136                      185                      2961        -5   680129                        -3.8                      -2.2
NASDAQ_micro            281.338            4501.403  23786.25              1.18               18.9              1.5              35593                      420                      6735        -2   680129                       -10.5                      -2.0
JPY                       0.000               0.001      0.01              0.60                9.7        9352542.2              59042                      356                      5705        -2   680129                       -17.4                      -1.7
GOLD_micro               93.297            1492.747   4382.60              2.13               34.1              7.5              32790                      698                     11168        -1   680129                        -4.8                      -1.6
SP500_micro              59.273             948.374   6522.50              0.91               14.5              3.7              24400                      221                      3547        -3   680129                       -10.8                      -1.6
CHF                       0.007               0.108      1.27              0.53                8.5          93525.4             118800                      629                     10068        -1   680129                       -17.5                      -1.5
KR10                      0.490               7.835    109.09              0.45                7.2            498.3              54359                      244                      3904        -2   680129                       -16.0                      -1.1
LEANHOG                   0.998              15.975    106.72              0.94               15.0            299.3              31940                      298                      4781        -1   680129                        -4.7                      -0.7
US10                      0.379               6.058    110.30              0.34                5.5            748.2              82524                      283                      4532        -1   680129                       -12.1                      -0.7
GAS_US_mini               0.144               2.305      2.90              4.96               79.3           1870.5               5433                      269                      4311        -1   680129                        -0.8                      -0.6
COPPER-micro              0.115               1.833      5.53              2.07               33.2           1870.5              10336                      214                      3428        -1   680129                        -1.5                      -0.5
EUR_micro                 0.005               0.087      1.16              0.47                7.5           9352.5              10835                       50                       810        -4   680129                        -6.4                      -0.5
HANGENT_mini            131.809            2108.939   8415.00              1.57               25.1              1.0               8056                      126                      2019        -1   680129                        -1.2                      -0.3
V2X                       0.540               8.648     25.20              2.14               34.3             86.5               2180                       46                       748        -1   680129                        -0.3                      -0.1
MUMMY                    12.778             204.455    693.00              1.84               29.5              4.7               3254                       60                       960         1   680129                         0.5                       0.1
BRE                       0.002               0.026      0.19              0.85               13.5          74820.3              14260                      120                      1931         1   680129                         2.1                       0.3
AUD_micro                 0.005               0.072      0.69              0.66               10.5           7482.0               5138                       33                       540         5   680129                         3.8                       0.4
IBEX_mini               215.779            3452.464  16910.00              1.28               20.4              0.9              14632                      186                      2987         1   680129                         2.2                       0.4
FTSECHINAA              146.624            2345.978  14652.00              1.00               16.0              0.7              10962                      109                      1755         2   680129                         3.2                       0.5
ZAR                       0.001               0.010      0.06              1.11               17.7         374101.7              21725                      240                      3848         1   680129                         3.2                       0.6
MXP                       0.000               0.007      0.06              0.74               11.8         374101.7              20725                      153                      2450         2   680129                         6.1                       0.7
NZD                       0.004               0.067      0.58              0.72               11.6          74820.3              43152                      312                      4994         1   680129                         6.3                       0.7
GBP                       0.007               0.108      1.33              0.50                8.1          46762.7              62400                      314                      5029         1   680129                         9.2                       0.7
YENEUR                    0.723              11.560    183.70              0.39                6.3            587.1             107843                      424                      6786         1   680129                        15.9                       1.0
SOYOIL                    0.948              15.163     67.74              1.40               22.4            448.9              30409                      425                      6807         1   680129                         4.5                       1.0
KOSPI_mini               20.922             334.744    815.50              2.57               41.0             24.9              20318                      521                      8340         1   680129                         3.0                       1.2
GASOILINE                 0.067               1.080      2.87              2.35               37.7          31424.5              90097                     2120                     33935         1   680129                        13.2                       5.0

Sum of abs(notional exposure % capital) 181.0
Sum of abs(annualised risk % capital) 27.7
Net sum of annualised risk % capital -2.5 

=====================================================================================================================================================================================================================================================================
                                                                                                                            Correlations                                                                                                                             
=====================================================================================================================================================================================================================================================================

              KR10  US10   CHF  EUR_micro   JPY  BITCOIN  GASOILINE  GAS_US_mini  SOYOIL  YENEUR  AUD_micro   BRE  COPPER-micro  FTSECHINAA   GBP  GOLD_micro  HANGENT_mini  IBEX_mini  KOSPI_mini  LEANHOG  MUMMY   MXP  NASDAQ_micro   NZD  SP500_micro   ZAR   V2X
KR10          1.00  0.60  0.22       0.15  0.40     0.20      -0.14         0.03   -0.19   -0.42       0.08 -0.09         -0.09       -0.04  0.18        0.25          0.02      -0.05       -0.06    -0.07  -0.10 -0.08          0.11 -0.01         0.13  0.12  0.02
US10          0.60  1.00  0.31       0.22  0.41    -0.13      -0.21         0.02   -0.06   -0.37       0.14  0.17         -0.05        0.03  0.19        0.36          0.20       0.14        0.03    -0.06  -0.03 -0.01          0.03  0.10         0.13  0.24 -0.08
CHF           0.22  0.31  1.00       0.85  0.74    -0.01      -0.26         0.06    0.02   -0.17       0.47  0.23          0.05        0.03  0.68        0.44          0.34       0.07        0.13     0.09  -0.07  0.37         -0.00  0.63        -0.01  0.37  0.00
EUR_micro     0.15  0.22  0.85       1.00  0.70     0.02      -0.25         0.04   -0.02    0.03       0.53  0.33          0.13        0.06  0.81        0.37          0.39       0.23        0.19     0.15  -0.00  0.56          0.06  0.69         0.07  0.47 -0.15
JPY           0.40  0.41  0.74       0.70  1.00    -0.06      -0.31         0.04   -0.16   -0.67       0.37  0.12         -0.09       -0.13  0.56        0.26          0.19       0.07       -0.02     0.06  -0.09  0.18         -0.11  0.48        -0.08  0.29  0.09
BITCOIN       0.20 -0.13 -0.01       0.02 -0.06     1.00       0.26         0.31    0.15    0.09       0.27  0.20          0.25        0.32  0.21        0.14          0.18       0.15        0.14     0.10   0.28  0.12          0.55  0.18         0.46  0.18 -0.27
GASOILINE    -0.14 -0.21 -0.26      -0.25 -0.31     0.26       1.00         0.27    0.56    0.16       0.25  0.30          0.26        0.34 -0.16        0.06          0.16       0.04        0.20     0.10   0.26  0.06          0.27  0.01         0.25  0.05  0.00
GAS_US_mini   0.03  0.02  0.06       0.04  0.04     0.31       0.27         1.00    0.24   -0.04       0.21  0.27          0.07        0.10  0.10        0.20          0.22      -0.03        0.16    -0.04   0.12  0.04          0.27  0.12         0.22  0.03 -0.06
SOYOIL       -0.19 -0.06  0.02      -0.02 -0.16     0.15       0.56         0.24    1.00    0.17       0.26  0.39          0.23        0.21 -0.00        0.14          0.16      -0.02        0.13     0.10   0.17  0.12          0.19  0.18         0.18  0.07 -0.03
YENEUR       -0.42 -0.37 -0.17       0.03 -0.67     0.09       0.16        -0.04    0.17    1.00       0.02  0.15          0.26        0.24  0.05        0.01          0.13       0.12        0.17     0.09   0.12  0.33          0.19  0.04         0.17  0.08 -0.29
AUD_micro     0.08  0.14  0.47       0.53  0.37     0.27       0.25         0.21    0.26    0.02       1.00  0.56          0.49        0.43  0.65        0.50          0.49       0.48        0.48     0.31   0.33  0.54          0.57  0.87         0.58  0.68 -0.44
BRE          -0.09  0.17  0.23       0.33  0.12     0.20       0.30         0.27    0.39    0.15       0.56  1.00          0.31        0.34  0.38        0.34          0.45       0.48        0.56     0.35   0.37  0.58          0.50  0.46         0.49  0.54 -0.47
COPPER-micro -0.09 -0.05  0.05       0.13 -0.09     0.25       0.26         0.07    0.23    0.26       0.49  0.31          1.00        0.40  0.31        0.28          0.33       0.43        0.36     0.17   0.15  0.31          0.48  0.38         0.51  0.65 -0.39
FTSECHINAA   -0.04  0.03  0.03       0.06 -0.13     0.32       0.34         0.10    0.21    0.24       0.43  0.34          0.40        1.00  0.15        0.18          0.59       0.30        0.31     0.23   0.33  0.23          0.47  0.23         0.49  0.33 -0.36
GBP           0.18  0.19  0.68       0.81  0.56     0.21      -0.16         0.10   -0.00    0.05       0.65  0.38          0.31        0.15  1.00        0.39          0.39       0.42        0.30     0.19   0.18  0.56          0.32  0.77         0.32  0.60 -0.36
GOLD_micro    0.25  0.36  0.44       0.37  0.26     0.14       0.06         0.20    0.14    0.01       0.50  0.34          0.28        0.18  0.39        1.00          0.34       0.31        0.29     0.38   0.19  0.38          0.30  0.38         0.31  0.51 -0.24
HANGENT_mini  0.02  0.20  0.34       0.39  0.19     0.18       0.16         0.22    0.16    0.13       0.49  0.45          0.33        0.59  0.39        0.34          1.00       0.51        0.40     0.16   0.37  0.43          0.38  0.39         0.39  0.48 -0.43
IBEX_mini    -0.05  0.14  0.07       0.23  0.07     0.15       0.04        -0.03   -0.02    0.12       0.48  0.48          0.43        0.30  0.42        0.31          0.51       1.00        0.59     0.32   0.46  0.51          0.59  0.38         0.66  0.65 -0.76
KOSPI_mini   -0.06  0.03  0.13       0.19 -0.02     0.14       0.20         0.16    0.13    0.17       0.48  0.56          0.36        0.31  0.30        0.29          0.40       0.59        1.00     0.19   0.39  0.45          0.53  0.38         0.49  0.50 -0.57
LEANHOG      -0.07 -0.06  0.09       0.15  0.06     0.10       0.10        -0.04    0.10    0.09       0.31  0.35          0.17        0.23  0.19        0.38          0.16       0.32        0.19     1.00   0.27  0.28          0.29  0.25         0.35  0.26 -0.26
MUMMY        -0.10 -0.03 -0.07      -0.00 -0.09     0.28       0.26         0.12    0.17    0.12       0.33  0.37          0.15        0.33  0.18        0.19          0.37       0.46        0.39     0.27   1.00  0.23          0.41  0.26         0.42  0.30 -0.42
MXP          -0.08 -0.01  0.37       0.56  0.18     0.12       0.06         0.04    0.12    0.33       0.54  0.58          0.31        0.23  0.56        0.38          0.43       0.51        0.45     0.28   0.23  1.00          0.37  0.55         0.38  0.56 -0.48
NASDAQ_micro  0.11  0.03 -0.00       0.06 -0.11     0.55       0.27         0.27    0.19    0.19       0.57  0.50          0.48        0.47  0.32        0.30          0.38       0.59        0.53     0.29   0.41  0.37          1.00  0.37         0.96  0.53 -0.74
NZD          -0.01  0.10  0.63       0.69  0.48     0.18       0.01         0.12    0.18    0.04       0.87  0.46          0.38        0.23  0.77        0.38          0.39       0.38        0.38     0.25   0.26  0.55          0.37  1.00         0.37  0.62 -0.34
SP500_micro   0.13  0.13 -0.01       0.07 -0.08     0.46       0.25         0.22    0.18    0.17       0.58  0.49          0.51        0.49  0.32        0.31          0.39       0.66        0.49     0.35   0.42  0.38          0.96  0.37         1.00  0.57 -0.76
ZAR           0.12  0.24  0.37       0.47  0.29     0.18       0.05         0.03    0.07    0.08       0.68  0.54          0.65        0.33  0.60        0.51          0.48       0.65        0.50     0.26   0.30  0.56          0.53  0.62         0.57  1.00 -0.55
V2X           0.02 -0.08  0.00      -0.15  0.09    -0.27       0.00        -0.06   -0.03   -0.29      -0.44 -0.47         -0.39       -0.36 -0.36       -0.24         -0.43      -0.76       -0.57    -0.26  -0.42 -0.48         -0.74 -0.34        -0.76 -0.55  1.00


********************************************************************************
                                 END OF REPORT                                  
********************************************************************************


