
********************************************************************************
               Risk report produced on 2021-10-18 20:56:56.059269               
********************************************************************************


Total risk across all strategies, annualised percentage 20.3

========================================
Risk per strategy, annualised percentage
========================================

                  risk
dynamic_TF_carry  20.4


================================================================================================================================================================================================================================================================
                                                                                                                        Instrument risk                                                                                                                         
================================================================================================================================================================================================================================================================

            daily_price_stdev  annual_price_stdev    price  daily_perc_stdev  annual_perc_stdev  point_size_base  contract_exposure  daily_risk_per_contract  annual_risk_per_contract  position   capital  exposure_held_perc_capital  annual_risk_perc_capital
BUND                      0.5                 7.4    169.1               0.3                4.4            845.6           142963.8                    392.3                    6276.6      -2.0  379018.1                       -75.4                      -3.3
US20                      0.9                14.7    159.6               0.6                9.2            728.9           116311.1                    667.5                   10679.7      -1.0  379018.1                       -30.7                      -2.8
BTP                       0.5                 8.5    151.5               0.3                5.6            845.6           128115.2                    448.0                    7168.0      -1.0  379018.1                       -33.8                      -1.9
CHF                       0.0                 0.1      1.1               0.4                6.1          91117.2            98880.4                    376.2                    6019.2      -1.0  379018.1                       -26.1                      -1.6
GBPEUR                    0.0                 0.0      0.8               0.3                5.4         125000.0           105868.8                    359.8                    5756.5      -1.0  379018.1                       -27.9                      -1.5
KRWUSD                    0.0                 0.0      0.0               0.4                6.3       91117169.4            76939.3                    303.5                    4856.7      -1.0  379018.1                       -20.3                      -1.3
LIVECOW                   1.0                16.3    130.4               0.8               12.5            291.6            38036.0                    296.4                    4742.4      -1.0  379018.1                       -10.0                      -1.3
KR10                      0.5                 7.2    122.6               0.4                5.9            614.9            75404.7                    278.1                    4449.6      -1.0  379018.1                       -19.9                      -1.2
EUR                       0.0                 0.0      1.2               0.3                4.2          91117.2           106005.7                    276.9                    4430.4      -1.0  379018.1                       -28.0                      -1.2
BOBL                      0.2                 2.7    134.3               0.1                2.0            845.6           113571.1                    140.3                    2244.5      -1.0  379018.1                       -30.0                      -0.6
BRE                       0.0                 0.0      0.2               1.0               15.5          72893.7            13182.8                    127.6                    2040.9      -1.0  379018.1                        -3.5                      -0.5
MXP                       0.0                 0.0      0.0               0.5                8.5         364468.7            17775.1                     94.1                    1505.2      -1.0  379018.1                        -4.7                      -0.4
US5                       0.2                 2.5    121.9               0.1                2.1            728.9            88822.2                    115.3                    1844.5       1.0  379018.1                        23.4                       0.5
EU-BANKS                  1.5                24.7    102.2               1.5               24.2             42.3             4321.0                     65.4                    1046.1       2.0  379018.1                         2.3                       0.6
EDOLLAR                   0.0                 0.7     98.4               0.0                0.7           1822.3           179263.9                     76.4                    1221.7       2.0  379018.1                        94.6                       0.6
MUMMY                    24.9               398.8   1115.0               2.2               35.8              6.4             7114.6                    159.0                    2544.7       1.0  379018.1                         1.9                       0.7
EU-DIV30                 20.4               325.8   1892.5               1.1               17.2              8.5            16002.8                    172.2                    2754.9       1.0  379018.1                         4.2                       0.7
US10                      0.3                 5.1    130.8               0.2                3.9            728.9            95319.9                    232.6                    3721.4       1.0  379018.1                        25.1                       1.0
NZD                       0.0                 0.1      0.7               0.5                8.3          72893.7            51623.3                    268.7                    4298.6       1.0  379018.1                        13.6                       1.1
EU-OIL                    3.5                56.0    292.2               1.2               19.2             42.3            12354.1                    148.1                    2368.9       2.0  379018.1                         6.5                       1.3
SOYBEAN                   8.3               133.0   1223.0               0.7               10.9             36.4            44574.5                    303.1                    4849.2       1.0  379018.1                        11.8                       1.3
GOLD_micro               15.4               247.1   1765.9               0.9               14.0              7.3            12872.3                    112.6                    1801.3       3.0  379018.1                        10.2                       1.4
FTSETAIWAN               16.5               263.9   1464.2               1.1               18.0             29.2            42693.9                    480.9                    7695.2       1.0  379018.1                        11.3                       2.0
FTSECHINAA              216.7              3466.7  15691.0               1.4               22.1              0.7            11437.8                    157.9                    2527.0       4.0  379018.1                        12.1                       2.7
SMI                      95.9              1533.6  11941.0               0.8               12.8              7.9            94216.0                    756.3                   12100.4       1.0  379018.1                        24.9                       3.2
BITCOIN                2625.0             42000.2  62445.0               4.2               67.3              0.1             4551.8                    191.3                    3061.6       6.0  379018.1                         7.2                       4.8
HEATOIL                   0.0                 0.5      2.5               1.2               19.1          30615.4            77316.1                    921.5                   14744.3       2.0  379018.1                        40.8                       7.8
SP400                    26.1               418.2   2749.5               1.0               15.2             72.9           200421.3                   1905.4                   30486.3       1.0  379018.1                        52.9                       8.0

Sum of abs(notional exposure % capital) 653.0
Sum of abs(annualised risk % capital) 55.2
Net sum of annualised risk % capital 20.2 

===================================================================================================================================================================================================================================
                                                                                                           Correlations                                                                                                            
===================================================================================================================================================================================================================================

            BITCOIN  BOBL   BRE   BTP  BUND   CHF  EDOLLAR  EU-BANKS  EU-DIV30  EU-OIL   EUR  FTSECHINAA  FTSETAIWAN  GBPEUR  GOLD_micro  HEATOIL  KR10  KRWUSD  LIVECOW  MUMMY   MXP   NZD   SMI  SOYBEAN  SP400  US10  US20   US5
BITCOIN        1.00 -0.00  0.05  0.08 -0.00  0.04    -0.06      0.12      0.07    0.11  0.01        0.09        0.13   -0.07        0.07     0.02 -0.05    0.10     0.16   0.03  0.05  0.11  0.14     0.05   0.08 -0.06 -0.06 -0.07
BOBL          -0.00  1.00 -0.01  0.66  0.96  0.04     0.60     -0.21     -0.18   -0.25 -0.09       -0.13       -0.03    0.03        0.21    -0.13  0.05   -0.11    -0.08  -0.01  0.03 -0.07  0.03     0.01  -0.10  0.67  0.63  0.63
BRE            0.05 -0.01  1.00  0.05 -0.03  0.21    -0.06      0.22      0.19    0.11  0.16        0.15        0.25   -0.05        0.06     0.20 -0.00    0.23     0.01   0.12  0.18  0.16  0.09     0.12   0.30 -0.05 -0.08 -0.04
BTP            0.08  0.66  0.05  1.00  0.68  0.02     0.30     -0.05      0.08   -0.01 -0.06       -0.02        0.05   -0.02        0.16    -0.07  0.07    0.02     0.05   0.04  0.07  0.01  0.23     0.07   0.08  0.41  0.40  0.36
BUND          -0.00  0.96 -0.03  0.68  1.00  0.03     0.62     -0.22     -0.22   -0.28 -0.09       -0.12       -0.03    0.03        0.22    -0.16  0.08   -0.13    -0.10  -0.02  0.01 -0.09  0.02     0.02  -0.13  0.73  0.74  0.66
CHF            0.04  0.04  0.21  0.02  0.03  1.00     0.19     -0.07     -0.06   -0.01  0.42        0.09        0.15    0.13        0.34     0.10  0.06    0.18     0.15   0.10  0.16  0.22 -0.11    -0.01   0.19  0.14  0.07  0.17
EDOLLAR       -0.06  0.60 -0.06  0.30  0.62  0.19     1.00     -0.23     -0.25   -0.27  0.21       -0.07       -0.08    0.07        0.32    -0.18  0.07   -0.13    -0.09  -0.05  0.17  0.03 -0.08    -0.03  -0.15  0.89  0.72  0.94
EU-BANKS       0.12 -0.21  0.22 -0.05 -0.22 -0.07    -0.23      1.00      0.43    0.38  0.07        0.16        0.31   -0.17       -0.08     0.30 -0.17    0.13     0.12   0.12  0.12  0.14  0.16     0.06   0.45 -0.27 -0.28 -0.24
EU-DIV30       0.07 -0.18  0.19  0.08 -0.22 -0.06    -0.25      0.43      1.00    0.64  0.07        0.11        0.21   -0.14       -0.08     0.21  0.07    0.16     0.14   0.16  0.24  0.26  0.49     0.05   0.40 -0.27 -0.31 -0.24
EU-OIL         0.11 -0.25  0.11 -0.01 -0.28 -0.01    -0.27      0.38      0.64    1.00  0.13        0.16        0.20   -0.12       -0.04     0.26 -0.02    0.14     0.18   0.10  0.25  0.35  0.36     0.07   0.35 -0.30 -0.33 -0.26
EUR            0.01 -0.09  0.16 -0.06 -0.09  0.42     0.21      0.07      0.07    0.13  1.00        0.12        0.19    0.04        0.48     0.09  0.08    0.18     0.06   0.08  0.47  0.67  0.03     0.13   0.25  0.14  0.01  0.21
FTSECHINAA     0.09 -0.13  0.15 -0.02 -0.12  0.09    -0.07      0.16      0.11    0.16  0.12        1.00        0.31   -0.11        0.08     0.15 -0.07    0.24     0.02   0.21  0.10  0.16  0.11     0.06   0.27 -0.05 -0.06 -0.06
FTSETAIWAN     0.13 -0.03  0.25  0.05 -0.03  0.15    -0.08      0.31      0.21    0.20  0.19        0.31        1.00   -0.14        0.04     0.22 -0.04    0.52     0.08   0.49  0.15  0.24  0.18     0.04   0.38 -0.05 -0.03 -0.06
GBPEUR        -0.07  0.03 -0.05 -0.02  0.03  0.13     0.07     -0.17     -0.14   -0.12  0.04       -0.11       -0.14    1.00        0.08    -0.20  0.02   -0.03    -0.01  -0.04 -0.12 -0.15 -0.03    -0.05  -0.19  0.04  0.02  0.04
GOLD_micro     0.07  0.21  0.06  0.16  0.22  0.34     0.32     -0.08     -0.08   -0.04  0.48        0.08        0.04    0.08        1.00    -0.04  0.03    0.20     0.04   0.06  0.25  0.35  0.02     0.20   0.04  0.32  0.23  0.32
HEATOIL        0.02 -0.13  0.20 -0.07 -0.16  0.10    -0.18      0.30      0.21    0.26  0.09        0.15        0.22   -0.20       -0.04     1.00 -0.05    0.20     0.10   0.19  0.06  0.18  0.09     0.09   0.41 -0.19 -0.21 -0.16
KR10          -0.05  0.05 -0.00  0.07  0.08  0.06     0.07     -0.17      0.07   -0.02  0.08       -0.07       -0.04    0.02        0.03    -0.05  1.00   -0.10    -0.06   0.06 -0.05 -0.03  0.07     0.02  -0.04  0.08  0.11  0.05
KRWUSD         0.10 -0.11  0.23  0.02 -0.13  0.18    -0.13      0.13      0.16    0.14  0.18        0.24        0.52   -0.03        0.20     0.20 -0.10    1.00     0.30   0.42  0.12  0.27  0.03     0.26   0.22 -0.14 -0.18 -0.10
LIVECOW        0.16 -0.08  0.01  0.05 -0.10  0.15    -0.09      0.12      0.14    0.18  0.06        0.02        0.08   -0.01        0.04     0.10 -0.06    0.30     1.00   0.07 -0.11  0.05  0.06     0.08   0.15 -0.10 -0.12 -0.10
MUMMY          0.03 -0.01  0.12  0.04 -0.02  0.10    -0.05      0.12      0.16    0.10  0.08        0.21        0.49   -0.04        0.06     0.19  0.06    0.42     0.07   1.00  0.08  0.14  0.16     0.04   0.29 -0.05 -0.04 -0.05
MXP            0.05  0.03  0.18  0.07  0.01  0.16     0.17      0.12      0.24    0.25  0.47        0.10        0.15   -0.12        0.25     0.06 -0.05    0.12    -0.11   0.08  1.00  0.58  0.34     0.12   0.22  0.12  0.00  0.18
NZD            0.11 -0.07  0.16  0.01 -0.09  0.22     0.03      0.14      0.26    0.35  0.67        0.16        0.24   -0.15        0.35     0.18 -0.03    0.27     0.05   0.14  0.58  1.00  0.23     0.18   0.28  0.01 -0.10  0.06
SMI            0.14  0.03  0.09  0.23  0.02 -0.11    -0.08      0.16      0.49    0.36  0.03        0.11        0.18   -0.03        0.02     0.09  0.07    0.03     0.06   0.16  0.34  0.23  1.00     0.02   0.24 -0.03 -0.05 -0.05
SOYBEAN        0.05  0.01  0.12  0.07  0.02 -0.01    -0.03      0.06      0.05    0.07  0.13        0.06        0.04   -0.05        0.20     0.09  0.02    0.26     0.08   0.04  0.12  0.18  0.02     1.00   0.03 -0.01 -0.08 -0.01
SP400          0.08 -0.10  0.30  0.08 -0.13  0.19    -0.15      0.45      0.40    0.35  0.25        0.27        0.38   -0.19        0.04     0.41 -0.04    0.22     0.15   0.29  0.22  0.28  0.24     0.03   1.00 -0.18 -0.22 -0.14
US10          -0.06  0.67 -0.05  0.41  0.73  0.14     0.89     -0.27     -0.27   -0.30  0.14       -0.05       -0.05    0.04        0.32    -0.19  0.08   -0.14    -0.10  -0.05  0.12  0.01 -0.03    -0.01  -0.18  1.00  0.91  0.94
US20          -0.06  0.63 -0.08  0.40  0.74  0.07     0.72     -0.28     -0.31   -0.33  0.01       -0.06       -0.03    0.02        0.23    -0.21  0.11   -0.18    -0.12  -0.04  0.00 -0.10 -0.05    -0.08  -0.22  0.91  1.00  0.77
US5           -0.07  0.63 -0.04  0.36  0.66  0.17     0.94     -0.24     -0.24   -0.26  0.21       -0.06       -0.06    0.04        0.32    -0.16  0.05   -0.10    -0.10  -0.05  0.18  0.06 -0.05    -0.01  -0.14  0.94  0.77  1.00


********************************************************************************
                               END OF RISK REPORT                               
********************************************************************************


