
********************************************************************************
                    Risk report produced on 20/03/2025 22:53                    
********************************************************************************


Total risk across all strategies, annualised percentage 10.1
Percentage of capital used for margin 66.5%

========================================
Risk per strategy, annualised percentage
========================================

                  risk
dynamic_TF_carry  10.1


===================
Risk by asset class
===================

Ags       3.2
Bond      2.9
Equity    5.3
FX        3.7
Metals    1.7
OilGas    2.2
dtype: float64


=====================================================
Beta loadings of asset class positions on asset class
=====================================================

Bond     -0.17
OilGas   -0.09
Metals   -0.06
Ags       0.04
Equity    0.20
FX        0.41
dtype: float64


========================================================
Beta loadings of full portfolio positions on asset class
========================================================

Bond     -0.34
OilGas   -0.08
Metals    0.03
Ags       0.05
Equity    0.25
FX        0.56
dtype: float64


==================================================================================================================================================================================================================================================================
                                                                                                                         Instrument risk                                                                                                                          
==================================================================================================================================================================================================================================================================

              daily_price_stdev  annual_price_stdev     price  daily_perc_stdev  annual_perc_stdev  point_size_base  contract_exposure  daily_risk_per_contract  annual_risk_per_contract  position  capital  exposure_held_perc_capital  annual_risk_perc_capital
BUXL                      1.459              23.348    118.98              1.23               19.6            838.7              99783                     1223                     19581        -1   581820                       -17.2                      -3.4
LEANHOG                   1.528              24.441     96.40              1.58               25.4            307.9              29685                      470                      7526        -2   581820                       -10.2                      -2.6
BRENT-LAST                1.025              16.395     71.65              1.43               22.9            769.9              55160                      788                     12621        -1   581820                        -9.5                      -2.2
BITCOIN                2695.899           43134.392  84740.00              3.18               50.9              0.1               6523                      207                      3320        -3   581820                        -3.4                      -1.7
CHF                       0.005               0.077      1.15              0.42                6.8          96231.9             110200                      465                      7441        -1   581820                       -18.9                      -1.3
SP500_micro              53.719             859.496   5666.50              0.95               15.2              3.8              21811                      206                      3308        -2   581820                        -7.5                      -1.1
CAD                       0.003               0.041      0.70              0.37                5.9          76985.6              54005                      198                      3173        -1   581820                        -9.3                      -0.5
RUSSELL                  25.192             403.074   2069.40              1.22               19.5              3.8               7965                       96                      1551        -2   581820                        -2.7                      -0.5
COPPER-micro              0.071               1.135      5.11              1.39               22.2           1924.6               9841                      136                      2185        -1   581820                        -1.7                      -0.4
DOW                     348.798            5580.763  42317.00              0.82               13.2              0.4              16288                      134                      2148        -1   581820                        -2.8                      -0.4
MUMMY                     8.516             136.264    662.00              1.29               20.6              5.2               3437                       44                       707         1   581820                         0.6                       0.1
EUR_micro                 0.006               0.090      1.09              0.52                8.3           9623.2              10494                       54                       867         1   581820                         1.8                       0.1
TOPIX                    24.177             386.833   2697.50              0.90               14.3              5.2              14006                      125                      2008         1   581820                         2.4                       0.3
CAD10                     0.551               8.808    123.99              0.44                7.1            536.8              66558                      295                      4728         1   581820                        11.4                       0.8
YENEUR                    1.046              16.741    160.68              0.65               10.4            649.1             104289                      679                     10866         1   581820                        17.9                       1.9
MSCISING                  4.069              65.096    396.65              1.03               16.4             57.8              22925                      235                      3762         3   581820                        11.8                       1.9
FEEDCOW                   2.121              33.930    289.23              0.73               11.7            384.9             111330                      816                     13060         1   581820                        19.1                       2.2
GBP                       0.005               0.086      1.30              0.41                6.6          48116.0              62372                      258                      4137         4   581820                        42.9                       2.8
MIB                     400.121            6401.938  39200.00              1.02               16.3              4.2             164377                     1677                     26845         1   581820                        28.3                       4.6

Sum of abs(notional exposure % capital) 219.4
Sum of abs(annualised risk % capital) 28.8
Net sum of annualised risk % capital 0.6 

=============================================================================================================================================================================
                                                                                Correlations                                                                                 
=============================================================================================================================================================================

              BITCOIN   DOW   MIB  MSCISING  MUMMY  RUSSELL  SP500_micro  TOPIX  BRENT-LAST  FEEDCOW  LEANHOG  YENEUR  BUXL  CAD10   CAD  COPPER-micro  EUR_micro   GBP   CHF
BITCOIN          1.00  0.41  0.18      0.38   0.19     0.48         0.43   0.21        0.00     0.02     0.09    0.00  0.19   0.12 -0.03         -0.18      -0.14 -0.00 -0.25
DOW              0.41  1.00  0.39      0.56   0.46     0.87         0.84   0.39        0.08     0.14     0.27   -0.06  0.31   0.06  0.25          0.05      -0.21  0.02 -0.12
MIB              0.18  0.39  1.00      0.54   0.57     0.47         0.44   0.50        0.13     0.30     0.06    0.24  0.04  -0.08  0.35          0.40       0.21  0.38 -0.06
MSCISING         0.38  0.56  0.54      1.00   0.59     0.58         0.62   0.60        0.03     0.11     0.02    0.19  0.17   0.01  0.28          0.16      -0.09  0.22 -0.23
MUMMY            0.19  0.46  0.57      0.59   1.00     0.47         0.45   0.67        0.12     0.23     0.16    0.20 -0.03  -0.11  0.28          0.22      -0.01  0.24 -0.22
RUSSELL          0.48  0.87  0.47      0.58   0.47     1.00         0.76   0.43        0.16     0.12     0.27    0.01  0.29   0.05  0.28          0.07      -0.09  0.14 -0.15
SP500_micro      0.43  0.84  0.44      0.62   0.45     0.76         1.00   0.45        0.19     0.06     0.18    0.12  0.32   0.01  0.30          0.08      -0.21  0.09 -0.15
TOPIX            0.21  0.39  0.50      0.60   0.67     0.43         0.45   1.00        0.10     0.27    -0.00    0.48 -0.06  -0.17  0.09          0.03      -0.06  0.28 -0.41
BRENT-LAST       0.00  0.08  0.13      0.03   0.12     0.16         0.19   0.10        1.00     0.29     0.06    0.18 -0.14  -0.36  0.32          0.36      -0.00 -0.03 -0.26
FEEDCOW          0.02  0.14  0.30      0.11   0.23     0.12         0.06   0.27        0.29     1.00     0.15    0.31 -0.32  -0.31 -0.07          0.11       0.13  0.10 -0.18
LEANHOG          0.09  0.27  0.06      0.02   0.16     0.27         0.18  -0.00        0.06     0.15     1.00    0.01 -0.14  -0.27  0.12          0.13       0.04 -0.10  0.00
YENEUR           0.00 -0.06  0.24      0.19   0.20     0.01         0.12   0.48        0.18     0.31     0.01    1.00 -0.56  -0.49  0.02          0.18       0.25  0.24 -0.24
BUXL             0.19  0.31  0.04      0.17  -0.03     0.29         0.32  -0.06       -0.14    -0.32    -0.14   -0.56  1.00   0.64  0.17         -0.16      -0.22 -0.00  0.20
CAD10            0.12  0.06 -0.08      0.01  -0.11     0.05         0.01  -0.17       -0.36    -0.31    -0.27   -0.49  0.64   1.00  0.06         -0.15       0.16  0.34  0.44
CAD             -0.03  0.25  0.35      0.28   0.28     0.28         0.30   0.09        0.32    -0.07     0.12    0.02  0.17   0.06  1.00          0.48       0.33  0.41  0.38
COPPER-micro    -0.18  0.05  0.40      0.16   0.22     0.07         0.08   0.03        0.36     0.11     0.13    0.18 -0.16  -0.15  0.48          1.00       0.45  0.37  0.20
EUR_micro       -0.14 -0.21  0.21     -0.09  -0.01    -0.09        -0.21  -0.06       -0.00     0.13     0.04    0.25 -0.22   0.16  0.33          0.45       1.00  0.74  0.56
GBP             -0.00  0.02  0.38      0.22   0.24     0.14         0.09   0.28       -0.03     0.10    -0.10    0.24 -0.00   0.34  0.41          0.37       0.74  1.00  0.46
CHF             -0.25 -0.12 -0.06     -0.23  -0.22    -0.15        -0.15  -0.41       -0.26    -0.18     0.00   -0.24  0.20   0.44  0.38          0.20       0.56  0.46  1.00


********************************************************************************
                                 END OF REPORT                                  
********************************************************************************


