
********************************************************************************
                    Risk report produced on 31/07/2024 22:52                    
********************************************************************************


Total risk across all strategies, annualised percentage 8.2
Percentage of capital used for margin 70.5%

========================================
Risk per strategy, annualised percentage
========================================

                  risk
dynamic_TF_carry   8.2


===================
Risk by asset class
===================

Ags       1.8
Bond      1.5
Equity    6.1
FX        2.2
Metals    3.2
OilGas    2.0
Sector    1.5
Vol       2.7
dtype: float64


=====================================================
Beta loadings of asset class positions on asset class
=====================================================

Metals   -0.16
Sector   -0.08
Vol      -0.07
OilGas   -0.04
Ags      -0.03
FX        0.02
Bond      0.32
Equity    0.45
dtype: float64


========================================================
Beta loadings of full portfolio positions on asset class
========================================================

Vol      -0.11
Metals   -0.09
OilGas   -0.05
Ags      -0.03
Sector    0.13
Bond      0.33
Equity    0.43
FX        0.45
dtype: float64


===================================================================================================================================================================================================================================================================
                                                                                                                          Instrument risk                                                                                                                          
===================================================================================================================================================================================================================================================================

               daily_price_stdev  annual_price_stdev     price  daily_perc_stdev  annual_perc_stdev  point_size_base  contract_exposure  daily_risk_per_contract  annual_risk_per_contract  position  capital  exposure_held_perc_capital  annual_risk_perc_capital
VIX                        0.456               7.296     17.60              2.59               41.5            778.7              13704                      355                      5681        -3   623341                        -6.6                      -2.7
GAS-PEN                    0.101               1.620      2.24              4.51               72.2           7786.8              17473                      788                     12614        -1   623341                        -2.8                      -2.0
BITCOIN                 1789.512           28632.191  67440.00              2.65               42.5              0.1               5251                      139                      2229        -5   623341                        -4.2                      -1.8
ALUMINIUM                 33.837             541.393   2227.50              1.52               24.3             19.5              43362                      658                     10539        -1   623341                        -7.0                      -1.7
PLAT                      15.042             240.670    987.20              1.52               24.4             38.9              38435                      585                      9370        -1   623341                        -6.2                      -1.5
EU-AUTO                    6.831             109.303    603.30              1.13               18.1             42.1              25421                      287                      4605        -2   623341                        -8.2                      -1.5
CORN                       6.297             100.744    400.00              1.57               25.2             38.9              15573                      245                      3922        -2   623341                        -5.0                      -1.3
CHF                        0.005               0.078      1.15              0.42                6.8          97335.0             111458                      472                      7558        -1   623341                       -17.9                      -1.2
KOSDAQ                    19.969             319.500   1340.40              1.49               23.8              5.7               7599                      113                      1811        -4   623341                        -4.9                      -1.2
COTTON2                    1.077              17.231     68.89              1.56               25.0            389.3              26821                      419                      6708        -1   623341                        -4.3                      -1.1
DX                         0.339               5.417    103.82              0.33                5.2            778.7              80842                      263                      4218        -1   623341                       -13.0                      -0.7
FTSECHINAA                97.991            1567.855  11711.00              0.84               13.4              0.8               9119                       76                      1220        -3   623341                        -4.4                      -0.6
CAD                        0.002               0.031      0.73              0.27                4.3          77868.0              56516                      152                      2440        -1   623341                        -9.1                      -0.4
CRUDE_W_micro              1.257              20.118     76.98              1.63               26.1             77.9               5994                       97                      1566         0   623341                         0.0                       0.0
NIKKEI                   460.417            7366.667  38440.00              1.20               19.2              0.5              19584                      234                      3753         1   623341                         3.1                       0.6
DAX                      142.672            2282.747  18589.00              0.77               12.3              0.8              15666                      120                      1923         2   623341                         5.0                       0.6
CAD10                      0.454               7.263    122.89              0.37                5.9            562.4              69118                      255                      4085         1   623341                        11.1                       0.7
MSCISING                   2.548              40.772    318.60              0.80               12.8             58.0              18485                      147                      2365         2   623341                         5.9                       0.8
LIVECOW                    1.251              20.019    186.75              0.67               10.7            311.5              58167                      389                      6235         1   623341                         9.3                       1.0
KR10                       0.353               5.650    116.71              0.30                4.8            567.0              66172                      200                      3203         2   623341                        21.2                       1.0
DOW                      304.418            4870.692  41286.00              0.74               11.8              0.4              16074                      118                      1896         5   623341                        12.9                       1.5
YENEUR                     1.036              16.572    161.76              0.64               10.2            636.8             103015                      659                     10553         1   623341                        16.5                       1.7
MSCITAIWAN                12.583             201.327    902.20              1.39               22.3             77.9              70252                      979                     15676         1   623341                        11.3                       2.5
MIB                      302.561            4840.983  33965.00              0.89               14.3              4.2             143121                     1274                     20398         1   623341                        23.0                       3.3

Sum of abs(notional exposure % capital) 212.9
Sum of abs(annualised risk % capital) 31.4
Net sum of annualised risk % capital -4.0 

=================================================================================================================================================================================================================
                                                                                                  Correlations                                                                                                   
=================================================================================================================================================================================================================

                 DX   VIX  NIKKEI  YENEUR  ALUMINIUM  COTTON2  CRUDE_W_micro  FTSECHINAA  GAS-PEN  LIVECOW  PLAT   CAD   DAX   DOW  EU-AUTO  KOSDAQ   MIB  MSCISING  MSCITAIWAN  BITCOIN  CAD10   CHF  CORN  KR10
DX             1.00  0.26   -0.07    0.02      -0.13     0.05          -0.02       -0.26     0.03    -0.09 -0.39 -0.58 -0.42 -0.53    -0.16   -0.23 -0.36     -0.35       -0.28    -0.22  -0.45 -0.68 -0.13 -0.44
VIX            0.26  1.00   -0.44   -0.33      -0.02    -0.16           0.02       -0.23    -0.14    -0.11 -0.09 -0.33 -0.64 -0.58    -0.47   -0.36 -0.57     -0.34       -0.31    -0.07  -0.04 -0.10 -0.02 -0.09
NIKKEI        -0.07 -0.44    1.00    0.57       0.05     0.19           0.23        0.13     0.17     0.01 -0.00  0.26  0.39  0.36     0.41    0.38  0.44      0.41        0.40    -0.06  -0.16 -0.19 -0.11  0.00
YENEUR         0.02 -0.33    0.57    1.00       0.18    -0.00           0.10        0.09     0.17     0.01  0.00  0.17  0.10  0.03     0.14    0.21  0.18      0.16        0.20    -0.19  -0.33 -0.25 -0.11 -0.12
ALUMINIUM     -0.13 -0.02    0.05    0.18       1.00     0.08           0.22        0.23    -0.12     0.04  0.41  0.27  0.04 -0.11     0.04   -0.07  0.06      0.21        0.14    -0.05  -0.18 -0.07  0.11 -0.13
COTTON2        0.05 -0.16    0.19   -0.00       0.08     1.00           0.24        0.23    -0.07     0.20  0.06 -0.06  0.11  0.19     0.12   -0.02  0.01      0.00        0.22     0.18  -0.35 -0.16  0.01 -0.02
CRUDE_W_micro -0.02  0.02    0.23    0.10       0.22     0.24           1.00        0.17     0.14     0.39  0.22  0.27 -0.02  0.15     0.03    0.01  0.04      0.24        0.29    -0.04  -0.26 -0.07  0.14 -0.16
FTSECHINAA    -0.26 -0.23    0.13    0.09       0.23     0.23           0.17        1.00    -0.01     0.30  0.18  0.13  0.11  0.30    -0.02    0.04  0.09      0.38        0.21    -0.07   0.05  0.09  0.04  0.01
GAS-PEN        0.03 -0.14    0.17    0.17      -0.12    -0.07           0.14       -0.01     1.00     0.17 -0.06  0.05  0.01  0.04    -0.11   -0.11  0.04      0.07        0.01    -0.06  -0.04  0.01  0.14  0.01
LIVECOW       -0.09 -0.11    0.01    0.01       0.04     0.20           0.39        0.30     0.17     1.00  0.26  0.19 -0.04  0.17    -0.02   -0.14  0.09      0.04        0.03    -0.13  -0.16  0.03  0.09 -0.13
PLAT          -0.39 -0.09   -0.00    0.00       0.41     0.06           0.22        0.18    -0.06     0.26  1.00  0.43  0.20  0.25     0.05   -0.14  0.18      0.14        0.25     0.07   0.05  0.25  0.14  0.03
CAD           -0.58 -0.33    0.26    0.17       0.27    -0.06           0.27        0.13     0.05     0.19  0.43  1.00  0.41  0.50     0.36    0.28  0.49      0.40        0.33     0.03   0.19  0.42  0.14  0.32
DAX           -0.42 -0.64    0.39    0.10       0.04     0.11          -0.02        0.11     0.01    -0.04  0.20  0.41  1.00  0.62     0.72    0.38  0.85      0.30        0.29     0.25   0.15  0.20  0.06  0.23
DOW           -0.53 -0.58    0.36    0.03      -0.11     0.19           0.15        0.30     0.04     0.17  0.25  0.50  0.62  1.00     0.45    0.35  0.56      0.36        0.38     0.25   0.28  0.39  0.08  0.37
EU-AUTO       -0.16 -0.47    0.41    0.14       0.04     0.12           0.03       -0.02    -0.11    -0.02  0.05  0.36  0.72  0.45     1.00    0.43  0.79      0.25        0.24     0.21  -0.02  0.09 -0.01  0.08
KOSDAQ        -0.23 -0.36    0.38    0.21      -0.07    -0.02           0.01        0.04    -0.11    -0.14 -0.14  0.28  0.38  0.35     0.43    1.00  0.42      0.46        0.32     0.04   0.14  0.10  0.00  0.31
MIB           -0.36 -0.57    0.44    0.18       0.06     0.01           0.04        0.09     0.04     0.09  0.18  0.49  0.85  0.56     0.79    0.42  1.00      0.38        0.15     0.19   0.01  0.13 -0.02  0.08
MSCISING      -0.35 -0.34    0.41    0.16       0.21     0.00           0.24        0.38     0.07     0.04  0.14  0.40  0.30  0.36     0.25    0.46  0.38      1.00        0.48    -0.02   0.05  0.05  0.06  0.22
MSCITAIWAN    -0.28 -0.31    0.40    0.20       0.14     0.22           0.29        0.21     0.01     0.03  0.25  0.33  0.29  0.38     0.24    0.32  0.15      0.48        1.00     0.09   0.19  0.13  0.09  0.32
BITCOIN       -0.22 -0.07   -0.06   -0.19      -0.05     0.18          -0.04       -0.07    -0.06    -0.13  0.07  0.03  0.25  0.25     0.21    0.04  0.19     -0.02        0.09     1.00   0.16  0.10  0.20  0.13
CAD10         -0.45 -0.04   -0.16   -0.33      -0.18    -0.35          -0.26        0.05    -0.04    -0.16  0.05  0.19  0.15  0.28    -0.02    0.14  0.01      0.05        0.19     0.16   1.00  0.50 -0.04  0.55
CHF           -0.68 -0.10   -0.19   -0.25      -0.07    -0.16          -0.07        0.09     0.01     0.03  0.25  0.42  0.20  0.39     0.09    0.10  0.13      0.05        0.13     0.10   0.50  1.00  0.18  0.44
CORN          -0.13 -0.02   -0.11   -0.11       0.11     0.01           0.14        0.04     0.14     0.09  0.14  0.14  0.06  0.08    -0.01    0.00 -0.02      0.06        0.09     0.20  -0.04  0.18  1.00  0.03
KR10          -0.44 -0.09    0.00   -0.12      -0.13    -0.02          -0.16        0.01     0.01    -0.13  0.03  0.32  0.23  0.37     0.08    0.31  0.08      0.22        0.32     0.13   0.55  0.44  0.03  1.00


********************************************************************************
                                 END OF REPORT                                  
********************************************************************************


