
********************************************************************************
           Risk report report produced on 2023-05-10 22:52:36.416728            
********************************************************************************


Total risk across all strategies, annualised percentage 11.8
Percentage of capital used for margin 56.0%

========================================
Risk per strategy, annualised percentage
========================================

                  risk
dynamic_TF_carry  11.8


===================
Risk by asset class
===================

Ags       3.9
Equity    6.4
FX        3.4
Metals    1.8
OilGas    1.3
Sector    2.0
Vol       1.1
dtype: float64


=====================================================
Beta loadings of asset class positions on asset class
=====================================================

Ags      -0.16
Metals   -0.02
Vol      -0.02
OilGas   -0.01
Sector    0.09
FX        0.13
Equity    0.41
dtype: float64


========================================================
Beta loadings of full portfolio positions on asset class
========================================================

Vol      -0.20
Ags      -0.01
OilGas    0.00
Metals    0.04
Sector    0.32
Equity    0.49
FX        0.57
dtype: float64


==================================================================================================================================================================================================================================================================
                                                                                                                         Instrument risk                                                                                                                          
==================================================================================================================================================================================================================================================================

              daily_price_stdev  annual_price_stdev     price  daily_perc_stdev  annual_perc_stdev  point_size_base  contract_exposure  daily_risk_per_contract  annual_risk_per_contract  position  capital  exposure_held_perc_capital  annual_risk_perc_capital
REDWHEAT                 17.934             286.937    840.75              2.13               34.1             39.6              33312                      710                     11369        -1   338565                        -9.8                      -3.4
LEANHOG                   1.553              24.851     84.20              1.84               29.5            317.0              26689                      492                      7877        -1   338565                        -7.9                      -2.3
AUD                       0.004               0.069      0.68              0.64               10.2          79245.6              53732                      343                      5492        -1   338565                       -15.9                      -1.6
COPPER-micro              0.051               0.810      3.85              1.32               21.1           1981.1               7622                      100                      1605        -3   338565                        -6.8                      -1.4
RUSSELL                  23.787             380.594   1766.00              1.35               21.6              4.0               6997                       94                      1508        -3   338565                        -6.2                      -1.3
GAS_US_mini               0.135               2.162      2.34              5.79               92.6           1981.1               4625                      267                      4283        -1   338565                        -1.4                      -1.3
IRON                      3.065              49.039    101.05              3.03               48.5             79.2               8007                      242                      3886        -1   338565                        -2.4                      -1.1
V2X                       0.649              10.387     20.45              3.17               50.8             86.9               1777                       56                       902        -4   338565                        -2.1                      -1.1
FTSECHINAA              142.609            2281.740  13178.00              1.08               17.3              0.8              10442                      113                      1808        -1   338565                        -3.1                      -0.5
EU-BANKS                  1.909              30.548    100.05              1.91               30.5             43.5               4347                       82                      1327         1   338565                         1.3                       0.4
BITCOIN                1096.594           17545.500  27495.00              3.99               63.8              0.1               2178                       86                      1390         1   338565                         0.6                       0.4
BRE                       0.002               0.029      0.20              0.91               14.6          79245.6              15928                      145                      2327         1   338565                         4.7                       0.7
NASDAQ_micro            153.721            2459.543  13414.50              1.15               18.3              1.6              21260                      243                      3898         1   338565                         6.3                       1.2
KOSDAQ                   21.781             348.497   1249.50              1.74               27.9              6.0               7474                      130                      2084         2   338565                         4.4                       1.2
SILVER                    0.340               5.443     25.66              1.33               21.2            792.5              20334                      269                      4313         1   338565                         6.0                       1.3
LIVECOW                   0.957              15.315    161.25              0.59                9.5            317.0              51113                      303                      4854         1   338565                        15.1                       1.4
EU-AUTO                   8.373             133.966    597.70              1.40               22.4             43.5              25972                      363                      5821         1   338565                         7.7                       1.7
CAC                      63.842            1021.476   7345.50              0.87               13.9              8.7              63838                      554                      8877         1   338565                        18.9                       2.6
YENEUR                    0.912              14.593    146.97              0.62                9.9            731.8             107559                      667                     10679         1   338565                        31.8                       3.2
SMI                      86.824            1389.187  11438.00              0.76               12.1              8.9             101799                      772                     12363         1   338565                        30.1                       3.7

Sum of abs(notional exposure % capital) 182.5
Sum of abs(annualised risk % capital) 31.8
Net sum of annualised risk % capital 3.8 

==============================================================================================================================================================================================
                                                                                         Correlations                                                                                         
==============================================================================================================================================================================================

               CAC  EU-AUTO  EU-BANKS  KOSDAQ  NASDAQ_micro  RUSSELL   SMI  GAS_US_mini  REDWHEAT  LEANHOG  LIVECOW  YENEUR   AUD  BITCOIN   BRE  COPPER-micro  FTSECHINAA  IRON  SILVER   V2X
CAC           1.00     0.81      0.78    0.45          0.70     0.79  0.84         0.05     -0.16     0.10     0.28    0.30  0.50     0.33  0.38          0.34        0.29  0.07    0.20 -0.78
EU-AUTO       0.81     1.00      0.74    0.44          0.57     0.61  0.56        -0.02     -0.15     0.16     0.25    0.28  0.38     0.18  0.23          0.30        0.32  0.08    0.11 -0.76
EU-BANKS      0.78     0.74      1.00    0.26          0.39     0.58  0.59         0.02     -0.17     0.18     0.41    0.33  0.32     0.14  0.31          0.20        0.24 -0.02    0.08 -0.75
KOSDAQ        0.45     0.44      0.26    1.00          0.54     0.45  0.36        -0.07      0.07     0.08     0.22    0.16  0.25     0.22  0.28          0.36        0.22  0.14    0.24 -0.38
NASDAQ_micro  0.70     0.57      0.39    0.54          1.00     0.80  0.62        -0.05     -0.05    -0.06     0.14    0.14  0.52     0.43  0.34          0.33        0.16  0.14    0.27 -0.56
RUSSELL       0.79     0.61      0.58    0.45          0.80     1.00  0.69         0.09      0.03     0.05     0.21    0.24  0.53     0.37  0.50          0.41        0.17  0.07    0.25 -0.70
SMI           0.84     0.56      0.59    0.36          0.62     0.69  1.00         0.08     -0.10    -0.03     0.26    0.28  0.42     0.28  0.30          0.22        0.16 -0.06    0.18 -0.64
GAS_US_mini   0.05    -0.02      0.02   -0.07         -0.05     0.09  0.08         1.00     -0.00    -0.06    -0.02    0.15  0.00    -0.02  0.06         -0.01       -0.12 -0.03   -0.14 -0.01
REDWHEAT     -0.16    -0.15     -0.17    0.07         -0.05     0.03 -0.10        -0.00      1.00    -0.17    -0.21   -0.41  0.20     0.01  0.23          0.22       -0.09  0.13    0.34  0.01
LEANHOG       0.10     0.16      0.18    0.08         -0.06     0.05 -0.03        -0.06     -0.17     1.00     0.40    0.21  0.02    -0.15  0.22          0.22        0.04  0.08    0.10 -0.02
LIVECOW       0.28     0.25      0.41    0.22          0.14     0.21  0.26        -0.02     -0.21     0.40     1.00    0.37 -0.11     0.06  0.18          0.04       -0.05 -0.21   -0.02 -0.28
YENEUR        0.30     0.28      0.33    0.16          0.14     0.24  0.28         0.15     -0.41     0.21     0.37    1.00  0.08     0.13  0.07          0.06        0.15 -0.17   -0.06 -0.21
AUD           0.50     0.38      0.32    0.25          0.52     0.53  0.42         0.00      0.20     0.02    -0.11    0.08  1.00     0.21  0.39          0.56        0.39  0.30    0.53 -0.49
BITCOIN       0.33     0.18      0.14    0.22          0.43     0.37  0.28        -0.02      0.01    -0.15     0.06    0.13  0.21     1.00  0.37          0.16        0.07  0.15    0.18 -0.27
BRE           0.38     0.23      0.31    0.28          0.34     0.50  0.30         0.06      0.23     0.22     0.18    0.07  0.39     0.37  1.00          0.42        0.20  0.17    0.42 -0.38
COPPER-micro  0.34     0.30      0.20    0.36          0.33     0.41  0.22        -0.01      0.22     0.22     0.04    0.06  0.56     0.16  0.42          1.00        0.42  0.44    0.59 -0.32
FTSECHINAA    0.29     0.32      0.24    0.22          0.16     0.17  0.16        -0.12     -0.09     0.04    -0.05    0.15  0.39     0.07  0.20          0.42        1.00  0.38    0.27 -0.41
IRON          0.07     0.08     -0.02    0.14          0.14     0.07 -0.06        -0.03      0.13     0.08    -0.21   -0.17  0.30     0.15  0.17          0.44        0.38  1.00    0.30 -0.05
SILVER        0.20     0.11      0.08    0.24          0.27     0.25  0.18        -0.14      0.34     0.10    -0.02   -0.06  0.53     0.18  0.42          0.59        0.27  0.30    1.00 -0.22
V2X          -0.78    -0.76     -0.75   -0.38         -0.56    -0.70 -0.64        -0.01      0.01    -0.02    -0.28   -0.21 -0.49    -0.27 -0.38         -0.32       -0.41 -0.05   -0.22  1.00


********************************************************************************
                                 END OF REPORT                                  
********************************************************************************


