
********************************************************************************
                    Risk report produced on 10/03/2025 22:52                    
********************************************************************************


Total risk across all strategies, annualised percentage 10.2
Percentage of capital used for margin 69.2%

========================================
Risk per strategy, annualised percentage
========================================

                  risk
dynamic_TF_carry  10.2


===================
Risk by asset class
===================

Ags       3.3
Bond      3.1
Equity    6.3
FX        2.6
Metals    1.8
OilGas    2.2
Vol       1.3
dtype: float64


=====================================================
Beta loadings of asset class positions on asset class
=====================================================

Bond     -0.16
OilGas   -0.09
Metals   -0.06
Vol      -0.03
Ags       0.04
FX        0.28
Equity    0.31
dtype: float64


========================================================
Beta loadings of full portfolio positions on asset class
========================================================

Bond     -0.20
OilGas   -0.09
Vol      -0.05
Metals    0.04
Ags       0.08
Equity    0.39
FX        0.46
dtype: float64


==================================================================================================================================================================================================================================================================
                                                                                                                         Instrument risk                                                                                                                          
==================================================================================================================================================================================================================================================================

              daily_price_stdev  annual_price_stdev     price  daily_perc_stdev  annual_perc_stdev  point_size_base  contract_exposure  daily_risk_per_contract  annual_risk_per_contract  position  capital  exposure_held_perc_capital  annual_risk_perc_capital
BUXL                      1.575              25.193    118.78              1.33               21.2            839.1              99670                     1321                     21139        -1   583231                       -17.1                      -3.6
LEANHOG                   1.518              24.294     98.52              1.54               24.7            309.7              30517                      470                      7524        -2   583231                       -10.5                      -2.6
BRENT-LAST                1.059              16.940     68.72              1.54               24.7            774.4              53214                      819                     13118        -1   583231                        -9.1                      -2.2
BITCOIN                2672.380           42758.079  79515.00              3.36               53.8              0.1               6157                      206                      3311        -3   583231                        -3.2                      -1.7
VIX                       0.627              10.032     21.85              2.87               45.9            774.4              16920                      485                      7768        -1   583231                        -2.9                      -1.3
RUSSELL                  24.696             395.139   2024.20              1.22               19.5              3.9               7837                       95                      1529        -5   583231                        -6.7                      -1.3
SP500_micro              54.301             868.812   5616.75              0.97               15.5              3.9              21747                      210                      3363        -2   583231                        -7.5                      -1.2
NZD                       0.004               0.059      0.57              0.65               10.3          77437.1              44220                      285                      4566        -1   583231                        -7.6                      -0.8
COPPER-micro              0.073               1.176      4.64              1.58               25.3           1935.9               8988                      142                      2276        -2   583231                        -3.1                      -0.8
DOW                     341.989            5471.828  42345.00              0.81               12.9              0.4              16395                      132                      2118        -1   583231                        -2.8                      -0.4
MUMMY                     8.494             135.909    624.00              1.36               21.8              5.2               3271                       44                       712         1   583231                         0.6                       0.1
TOPIX                    20.779             332.462   2703.50              0.77               12.3              5.2              14175                      108                      1743         1   583231                         2.4                       0.3
CAD10                     0.575               9.203    124.24              0.46                7.4            539.0              66966                      310                      4960         1   583231                        11.5                       0.9
MSCISING                  3.632              58.112    397.70              0.91               14.6             58.1              23125                      211                      3379         3   583231                        11.9                       1.7
SMI                      90.728            1451.645  12958.00              0.70               11.2              8.8             114198                      799                     12793         1   583231                        19.6                       2.2
FEEDCOW                   2.401              38.416    278.55              0.86               13.8            387.2             107850                      929                     14873         1   583231                        18.5                       2.6
GBP                       0.006               0.094      1.29              0.46                7.3          48398.2              62303                      283                      4541         4   583231                        42.7                       3.1
MIB                     386.874            6189.978  38325.00              1.01               16.2              4.2             160795                     1623                     25970         1   583231                        27.6                       4.5

Sum of abs(notional exposure % capital) 205.3
Sum of abs(annualised risk % capital) 31.3
Net sum of annualised risk % capital -0.5 

================================================================================================================================================================
                                                                          Correlations                                                                          
================================================================================================================================================================

              BUXL  CAD10  BRENT-LAST  FEEDCOW  LEANHOG  COPPER-micro   GBP   MIB  MSCISING   NZD   SMI  BITCOIN   DOW  MUMMY  RUSSELL  SP500_micro  TOPIX   VIX
BUXL          1.00   0.65       -0.06    -0.05     0.06         -0.22 -0.22  0.05     -0.09 -0.12  0.11    -0.07  0.24   0.18     0.19         0.15   0.01 -0.16
CAD10         0.65   1.00       -0.29    -0.18    -0.03         -0.09  0.13  0.12     -0.04  0.10  0.32    -0.08  0.20   0.04     0.11         0.04   0.00 -0.18
BRENT-LAST   -0.06  -0.29        1.00     0.33     0.20          0.18 -0.16 -0.01     -0.00 -0.03 -0.07    -0.05  0.21   0.14     0.26         0.30   0.08 -0.21
FEEDCOW      -0.05  -0.18        0.33     1.00     0.16          0.15 -0.03  0.12      0.19 -0.16  0.17    -0.15  0.19   0.15     0.13         0.14   0.31 -0.14
LEANHOG       0.06  -0.03        0.20     0.16     1.00          0.22  0.02  0.15      0.05  0.01  0.06     0.18  0.26   0.19     0.29         0.17   0.10 -0.11
COPPER-micro -0.22  -0.09        0.18     0.15     0.22          1.00  0.47  0.39      0.30  0.45  0.36    -0.08  0.20   0.07     0.13         0.29   0.22 -0.21
GBP          -0.22   0.13       -0.16    -0.03     0.02          0.47  1.00  0.36      0.29  0.75  0.43     0.08  0.25   0.13     0.24         0.27   0.31 -0.20
MIB           0.05   0.12       -0.01     0.12     0.15          0.39  0.36  1.00      0.44  0.25  0.60     0.09  0.40   0.25     0.32         0.38   0.40 -0.36
MSCISING     -0.09  -0.04       -0.00     0.19     0.05          0.30  0.29  0.44      1.00  0.26  0.37     0.27  0.39   0.36     0.34         0.49   0.47 -0.46
NZD          -0.12   0.10       -0.03    -0.16     0.01          0.45  0.75  0.25      0.26  1.00  0.35     0.20  0.32   0.10     0.28         0.37   0.20 -0.22
SMI           0.11   0.32       -0.07     0.17     0.06          0.36  0.43  0.60      0.37  0.35  1.00    -0.02  0.51   0.20     0.31         0.41   0.40 -0.39
BITCOIN      -0.07  -0.08       -0.05    -0.15     0.18         -0.08  0.08  0.09      0.27  0.20 -0.02     1.00  0.29   0.10     0.36         0.29   0.09 -0.23
DOW           0.24   0.20        0.21     0.19     0.26          0.20  0.25  0.40      0.39  0.32  0.51     0.29  1.00   0.34     0.84         0.85   0.45 -0.77
MUMMY         0.18   0.04        0.14     0.15     0.19          0.07  0.13  0.25      0.36  0.10  0.20     0.10  0.34   1.00     0.35         0.35   0.60 -0.26
RUSSELL       0.19   0.11        0.26     0.13     0.29          0.13  0.24  0.32      0.34  0.28  0.31     0.36  0.84   0.35     1.00         0.75   0.35 -0.71
SP500_micro   0.15   0.04        0.30     0.14     0.17          0.29  0.27  0.38      0.49  0.37  0.41     0.29  0.85   0.35     0.75         1.00   0.49 -0.81
TOPIX         0.01   0.00        0.08     0.31     0.10          0.22  0.31  0.40      0.47  0.20  0.40     0.09  0.45   0.60     0.35         0.49   1.00 -0.40
VIX          -0.16  -0.18       -0.21    -0.14    -0.11         -0.21 -0.20 -0.36     -0.46 -0.22 -0.39    -0.23 -0.77  -0.26    -0.71        -0.81  -0.40  1.00


********************************************************************************
                                 END OF REPORT                                  
********************************************************************************


