
********************************************************************************
                    Risk report produced on 03/03/2026 22:53                    
********************************************************************************


Total risk across all strategies, annualised percentage 14.0
Percentage of capital used for margin 36.4%

========================================
Risk per strategy, annualised percentage
========================================

                  risk
dynamic_TF_carry  14.0


===================
Risk by asset class
===================

Ags        3.2
Bond       3.2
Equity    11.4
FX         2.1
Metals     1.9
OilGas     2.7
Sector     1.5
dtype: float64


=====================================================
Beta loadings of asset class positions on asset class
=====================================================

Metals   -0.05
Ags      -0.04
Sector    0.05
OilGas    0.10
FX        0.24
Equity    0.63
Bond      0.63
dtype: float64


========================================================
Beta loadings of full portfolio positions on asset class
========================================================

Ags       0.00
OilGas    0.09
Metals    0.12
Sector    0.30
Bond      0.35
Equity    0.70
FX        0.72
dtype: float64


===================================================================================================================================================================================================================================================================
                                                                                                                          Instrument risk                                                                                                                          
===================================================================================================================================================================================================================================================================

               daily_price_stdev  annual_price_stdev     price  daily_perc_stdev  annual_perc_stdev  point_size_base  contract_exposure  daily_risk_per_contract  annual_risk_per_contract  position  capital  exposure_held_perc_capital  annual_risk_perc_capital
COCOA                    184.265            2948.233   3071.00              6.00               96.0              7.5              22985                     1379                     22066        -1   699469                        -3.3                      -3.2
BITCOIN                 2910.684           46570.937  68695.00              4.24               67.8              0.1               5141                      217                      3485        -3   699469                        -2.2                      -1.5
KR10                       0.402               6.433    112.02              0.36                5.7            510.3              57159                      205                      3282        -3   699469                       -24.5                      -1.4
HANGTECH                  95.525            1528.402   4929.00              1.94               31.0              4.8              23619                      457                      7324        -1   699469                        -3.4                      -1.0
COPPER-micro               0.113               1.806      5.86              1.93               30.8           1871.2              10972                      211                      3380        -2   699469                        -3.1                      -1.0
SP500_micro               51.357             821.718   6834.25              0.75               12.0              3.7              25575                      192                      3075        -2   699469                        -7.3                      -0.9
JPY                        0.000               0.001      0.01              0.61                9.8        9355762.2              59455                      364                      5832        -1   699469                        -8.5                      -0.8
MUMMY                     10.369             165.906    746.00              1.39               22.2              4.8               3551                       49                       789         1   699469                         0.5                       0.1
CANOLA                     6.197              99.156    705.90              0.88               14.0             10.9               7728                       67                      1085         1   699469                         1.1                       0.2
FTSECHINAA               125.927            2014.826  14843.00              0.85               13.6              0.7              11109                       94                      1508         1   699469                         1.6                       0.2
AUD_micro                  0.004               0.065      0.70              0.57                9.2           7484.6               5272                       30                       484         4   699469                         3.0                       0.3
CRUDE_W_micro              1.257              20.118     71.07              1.77               28.3             74.8               5319                       94                      1505         2   699469                         1.5                       0.4
BRE                        0.001               0.021      0.19              0.68               10.9          74846.1              14112                       96                      1540         2   699469                         4.0                       0.4
NZD                        0.004               0.058      0.59              0.61                9.8          74846.1              44144                      271                      4337         1   699469                         6.3                       0.6
GBP                        0.006               0.094      1.34              0.44                7.0          46778.8              62496                      274                      4389         1   699469                         8.9                       0.6
BUND                       0.339               5.423    128.91              0.26                4.2            873.4             112584                      296                      4736         1   699469                        16.1                       0.7
MXP                        0.000               0.006      0.06              0.68               10.9         374230.5              21196                      144                      2311         3   699469                         9.1                       1.0
BUXL                       0.652              10.429    111.68              0.58                9.3            873.4              97536                      569                      9107         1   699469                        13.9                       1.3
EU-BASIC                  14.636             234.174    771.00              1.90               30.4             43.7              33667                      639                     10225         1   699469                         4.8                       1.5
RUSSELL                   30.572             489.156   2623.60              1.17               18.6              3.7               9818                      114                      1830         6   699469                         8.4                       1.6
CAD10                      0.344               5.500    121.90              0.28                4.5            547.4              66728                      188                      3010         5   699469                        47.7                       2.2
BRENT-LAST                 1.303              20.841     77.35              1.68               26.9            748.5              57893                      974                     15598         1   699469                         8.3                       2.2
MSCIEAFA                  32.982             527.720   3016.50              1.09               17.5             37.4             112886                     1234                     19748         1   699469                        16.1                       2.8
AEX                        9.674             154.792    992.05              0.98               15.6            174.7             173282                     1689                     27037         1   699469                        24.8                       3.9
MIB                      588.154            9410.464  44205.00              1.33               21.3              4.4             193033                     2568                     41093         1   699469                        27.6                       5.9

Sum of abs(notional exposure % capital) 256.0
Sum of abs(annualised risk % capital) 35.7
Net sum of annualised risk % capital 16.1 

===================================================================================================================================================================================================================================
                                                                                                           Correlations                                                                                                            
===================================================================================================================================================================================================================================

               AUD_micro   GBP   NZD   AEX   BRE  COPPER-micro  EU-BASIC  FTSECHINAA  HANGTECH   MIB  MSCIEAFA   MXP  RUSSELL  SP500_micro  BUND  BUXL  CAD10   JPY  KR10  BITCOIN  COCOA  BRENT-LAST  CANOLA  CRUDE_W_micro  MUMMY
AUD_micro           1.00  0.66  0.90  0.25  0.45          0.47      0.58        0.26      0.40  0.26      0.67  0.45     0.36         0.46 -0.21 -0.18  -0.26  0.36 -0.10     0.06  -0.12        0.15    0.09           0.15   0.21
GBP                 0.66  1.00  0.77  0.08  0.33          0.30      0.30        0.16      0.34  0.10      0.47  0.44     0.16         0.18 -0.19 -0.22  -0.01  0.56  0.03     0.11  -0.06       -0.15    0.03          -0.15   0.00
NZD                 0.90  0.77  1.00  0.14  0.39          0.40      0.46        0.16      0.39  0.15      0.54  0.40     0.22         0.32 -0.13 -0.12  -0.12  0.48 -0.05     0.11  -0.08        0.03    0.12           0.03   0.13
AEX                 0.25  0.08  0.14  1.00  0.34          0.49      0.68        0.37      0.34  0.74      0.57  0.21     0.61         0.61 -0.05 -0.02   0.02 -0.10  0.03     0.33   0.02        0.30   -0.02           0.30   0.38
BRE                 0.45  0.33  0.39  0.34  1.00          0.17      0.31        0.35      0.31  0.30      0.38  0.41     0.33         0.37 -0.11 -0.10   0.03  0.15 -0.14     0.08  -0.03        0.23    0.23           0.22   0.12
COPPER-micro        0.47  0.30  0.40  0.49  0.17          1.00      0.59        0.33      0.31  0.43      0.55  0.25     0.39         0.45 -0.20 -0.18  -0.25  0.02 -0.03     0.14  -0.15        0.13   -0.02           0.12   0.21
EU-BASIC            0.58  0.30  0.46  0.68  0.31          0.59      1.00        0.34      0.40  0.64      0.68  0.36     0.51         0.55 -0.18 -0.11  -0.13  0.03 -0.09     0.18  -0.12        0.20    0.04           0.18   0.33
FTSECHINAA          0.26  0.16  0.16  0.37  0.35          0.33      0.34        1.00      0.46  0.35      0.42  0.25     0.38         0.42 -0.12 -0.11  -0.15 -0.02  0.02     0.14   0.09        0.13   -0.00           0.15   0.13
HANGTECH            0.40  0.34  0.39  0.34  0.31          0.31      0.40        0.46      1.00  0.26      0.41  0.18     0.24         0.38 -0.22 -0.12  -0.16  0.25 -0.07     0.47   0.01        0.02    0.12           0.04   0.21
MIB                 0.26  0.10  0.15  0.74  0.30          0.43      0.64        0.35      0.26  1.00      0.64  0.16     0.46         0.56 -0.23 -0.21  -0.08 -0.20 -0.07     0.22   0.10        0.18    0.03           0.18   0.41
MSCIEAFA            0.67  0.47  0.54  0.57  0.38          0.55      0.68        0.42      0.41  0.64      1.00  0.38     0.65         0.75 -0.20 -0.13  -0.22  0.13 -0.09     0.13   0.02        0.03    0.10           0.04   0.38
MXP                 0.45  0.44  0.40  0.21  0.41          0.25      0.36        0.25      0.18  0.16      0.38  1.00     0.28         0.23 -0.24 -0.21  -0.16  0.11 -0.14     0.03  -0.04        0.06    0.08           0.06   0.05
RUSSELL             0.36  0.16  0.22  0.61  0.33          0.39      0.51        0.38      0.24  0.46      0.65  0.28     1.00         0.81 -0.02  0.01  -0.04 -0.08 -0.00     0.29   0.16        0.07    0.03           0.08   0.33
SP500_micro         0.46  0.18  0.32  0.61  0.37          0.45      0.55        0.42      0.38  0.56      0.75  0.23     0.81         1.00 -0.07  0.01  -0.14 -0.11  0.03     0.29   0.20        0.14    0.07           0.16   0.33
BUND               -0.21 -0.19 -0.13 -0.05 -0.11         -0.20     -0.18       -0.12     -0.22 -0.23     -0.20 -0.24    -0.02        -0.07  1.00  0.93   0.59  0.22  0.41    -0.09  -0.20        0.02    0.11          -0.01   0.02
BUXL               -0.18 -0.22 -0.12 -0.02 -0.10         -0.18     -0.11       -0.11     -0.12 -0.21     -0.13 -0.21     0.01         0.01  0.93  1.00   0.56  0.18  0.41    -0.02  -0.15        0.03    0.21           0.01   0.08
CAD10              -0.26 -0.01 -0.12  0.02  0.03         -0.25     -0.13       -0.15     -0.16 -0.08     -0.22 -0.16    -0.04        -0.14  0.59  0.56   1.00  0.26  0.44     0.00  -0.09       -0.17   -0.02          -0.19   0.02
JPY                 0.36  0.56  0.48 -0.10  0.15          0.02      0.03       -0.02      0.25 -0.20      0.13  0.11    -0.08        -0.11  0.22  0.18   0.26  1.00  0.21     0.14  -0.16       -0.18   -0.06          -0.19  -0.19
KR10               -0.10  0.03 -0.05  0.03 -0.14         -0.03     -0.09        0.02     -0.07 -0.07     -0.09 -0.14    -0.00         0.03  0.41  0.41   0.44  0.21  1.00     0.00   0.02       -0.10   -0.20          -0.12   0.05
BITCOIN             0.06  0.11  0.11  0.33  0.08          0.14      0.18        0.14      0.47  0.22      0.13  0.03     0.29         0.29 -0.09 -0.02   0.00  0.14  0.00     1.00   0.17       -0.02    0.01          -0.01   0.08
COCOA              -0.12 -0.06 -0.08  0.02 -0.03         -0.15     -0.12        0.09      0.01  0.10      0.02 -0.04     0.16         0.20 -0.20 -0.15  -0.09 -0.16  0.02     0.17   1.00       -0.14   -0.16          -0.09   0.02
BRENT-LAST          0.15 -0.15  0.03  0.30  0.23          0.13      0.20        0.13      0.02  0.18      0.03  0.06     0.07         0.14  0.02  0.03  -0.17 -0.18 -0.10    -0.02  -0.14        1.00    0.26           0.99   0.31
CANOLA              0.09  0.03  0.12 -0.02  0.23         -0.02      0.04       -0.00      0.12  0.03      0.10  0.08     0.03         0.07  0.11  0.21  -0.02 -0.06 -0.20     0.01  -0.16        0.26    1.00           0.24   0.12
CRUDE_W_micro       0.15 -0.15  0.03  0.30  0.22          0.12      0.18        0.15      0.04  0.18      0.04  0.06     0.08         0.16 -0.01  0.01  -0.19 -0.19 -0.12    -0.01  -0.09        0.99    0.24           1.00   0.29
MUMMY               0.21  0.00  0.13  0.38  0.12          0.21      0.33        0.13      0.21  0.41      0.38  0.05     0.33         0.33  0.02  0.08   0.02 -0.19  0.05     0.08   0.02        0.31    0.12           0.29   1.00


********************************************************************************
                                 END OF REPORT                                  
********************************************************************************


