
********************************************************************************
                    Risk report produced on 14/09/2023 22:52                    
********************************************************************************


Total risk across all strategies, annualised percentage 11.4
Percentage of capital used for margin 57.5%

========================================
Risk per strategy, annualised percentage
========================================

                  risk
dynamic_TF_carry  11.4


===================
Risk by asset class
===================

Ags       3.6
Bond      7.1
Equity    2.5
FX        2.3
OilGas    1.0
Sector    2.8
Vol       1.7
dtype: float64


=====================================================
Beta loadings of asset class positions on asset class
=====================================================

Bond     -1.33
Vol      -0.03
OilGas   -0.02
FX        0.05
Equity    0.11
Sector    0.17
Ags       0.28
dtype: float64


========================================================
Beta loadings of full portfolio positions on asset class
========================================================

Bond     -1.55
FX       -0.49
Vol      -0.13
OilGas   -0.00
Equity    0.24
Sector    0.28
Ags       0.46
dtype: float64


==================================================================================================================================================================================================================================================================
                                                                                                                         Instrument risk                                                                                                                          
==================================================================================================================================================================================================================================================================

              daily_price_stdev  annual_price_stdev     price  daily_perc_stdev  annual_perc_stdev  point_size_base  contract_exposure  daily_risk_per_contract  annual_risk_per_contract  position  capital  exposure_held_perc_capital  annual_risk_perc_capital
US20                      0.838              13.407    119.06              0.70               11.3            800.1              95261                      670                     10727        -1   372008                       -25.6                      -2.9
US3                       0.187               2.994    103.55              0.18                2.9           1600.2             165701                      299                      4790        -2   372008                       -89.1                      -2.6
BOBL                      0.325               5.206    116.60              0.28                4.5            859.9             100269                      279                      4477        -2   372008                       -53.9                      -2.4
CHF                       0.005               0.073      1.13              0.40                6.5         100012.0             112678                      454                      7276        -1   372008                       -30.3                      -2.0
VIX                       0.486               7.779     16.20              3.00               48.0            800.1              12961                      388                      6223        -1   372008                        -3.5                      -1.7
NASDAQ_micro            185.525            2968.400  15688.50              1.18               18.9              1.6              25104                      296                      4750        -1   372008                        -6.7                      -1.3
GAS_US_mini               0.113               1.816      2.98              3.81               60.9           2000.2               5960                      226                      3631        -1   372008                        -1.6                      -1.0
DAX                     120.818            1933.086  15809.00              0.76               12.2              0.9              13594                      103                      1662        -2   372008                        -7.3                      -0.9
TOPIX                    18.754             300.058   2381.50              0.79               12.6              5.4              12951                      101                      1631         1   372008                         3.5                       0.4
KOSDAQ                   25.219             403.505   1396.20              1.81               28.9              6.0               8428                      152                      2435         1   372008                         2.3                       0.7
MXP                       0.000               0.007      0.06              0.70               11.2         400048.0              23390                      163                      2620         1   372008                         6.3                       0.7
CNH                       0.023               0.368      7.27              0.32                5.1          10997.5              79985                      252                      4042         1   372008                        21.5                       1.1
SOYBEAN_mini             17.361             277.778   1361.38              1.28               20.4              8.0              10892                      138                      2222         2   372008                         5.9                       1.2
JPY                       0.000               0.001      0.01              0.57                9.1       10001200.1              67833                      383                      6140         1   372008                        18.2                       1.7
EU-OIL                    3.767              60.279    365.10              1.03               16.5             43.0              15698                      161                      2591         4   372008                        16.9                       2.8
NIKKEI                  311.717            4987.479  32905.00              0.95               15.2              0.5              17895                      169                      2712         4   372008                        19.2                       2.9
LIVECOW                   1.198              19.168    190.48              0.63               10.1            320.0              60959                      383                      6134         2   372008                        32.8                       3.3

Sum of abs(notional exposure % capital) 344.6
Sum of abs(annualised risk % capital) 29.6
Net sum of annualised risk % capital -0.0 

===================================================================================================================================================
                                                                   Correlations                                                                    
===================================================================================================================================================

               CNH   VIX  BOBL   CHF   JPY  US20   US3   DAX  NASDAQ_micro  NIKKEI  TOPIX  EU-OIL  GAS_US_mini  KOSDAQ  LIVECOW   MXP  SOYBEAN_mini
CNH           1.00  0.07 -0.39 -0.64 -0.43 -0.51 -0.50 -0.31         -0.29   -0.07  -0.02   -0.05         0.20   -0.20     0.07 -0.10         -0.23
VIX           0.07  1.00 -0.06  0.03  0.14 -0.12  0.13 -0.54         -0.58   -0.62  -0.65   -0.34        -0.23   -0.35    -0.44 -0.37         -0.25
BOBL         -0.39 -0.06  1.00  0.35  0.35  0.70  0.69  0.17          0.36    0.01  -0.01   -0.05         0.02    0.05    -0.06  0.09         -0.04
CHF          -0.64  0.03  0.35  1.00  0.56  0.60  0.59  0.30          0.31   -0.01  -0.07   -0.06         0.02    0.15     0.05  0.26          0.27
JPY          -0.43  0.14  0.35  0.56  1.00  0.42  0.51  0.01          0.05   -0.35  -0.35   -0.13        -0.16   -0.04     0.04  0.08          0.13
US20         -0.51 -0.12  0.70  0.60  0.42  1.00  0.78  0.20          0.31    0.07   0.06   -0.05         0.02    0.05     0.04  0.11          0.11
US3          -0.50  0.13  0.69  0.59  0.51  0.78  1.00  0.04          0.13   -0.14  -0.14   -0.13        -0.06   -0.14    -0.04 -0.02         -0.07
DAX          -0.31 -0.54  0.17  0.30  0.01  0.20  0.04  1.00          0.69    0.69   0.66    0.46         0.17    0.43     0.19  0.45          0.25
NASDAQ_micro -0.29 -0.58  0.36  0.31  0.05  0.31  0.13  0.69          1.00    0.64   0.55    0.19         0.14    0.38     0.19  0.34          0.19
NIKKEI       -0.07 -0.62  0.01 -0.01 -0.35  0.07 -0.14  0.69          0.64    1.00   0.94    0.43         0.23    0.34     0.19  0.26          0.18
TOPIX        -0.02 -0.65 -0.01 -0.07 -0.35  0.06 -0.14  0.66          0.55    0.94   1.00    0.50         0.29    0.26     0.22  0.27          0.19
EU-OIL       -0.05 -0.34 -0.05 -0.06 -0.13 -0.05 -0.13  0.46          0.19    0.43   0.50    1.00         0.30    0.33     0.02  0.17          0.36
GAS_US_mini   0.20 -0.23  0.02  0.02 -0.16  0.02 -0.06  0.17          0.14    0.23   0.29    0.30         1.00   -0.08     0.10  0.17          0.11
KOSDAQ       -0.20 -0.35  0.05  0.15 -0.04  0.05 -0.14  0.43          0.38    0.34   0.26    0.33        -0.08    1.00    -0.00  0.18          0.32
LIVECOW       0.07 -0.44 -0.06  0.05  0.04  0.04 -0.04  0.19          0.19    0.19   0.22    0.02         0.10   -0.00     1.00  0.37          0.07
MXP          -0.10 -0.37  0.09  0.26  0.08  0.11 -0.02  0.45          0.34    0.26   0.27    0.17         0.17    0.18     0.37  1.00          0.28
SOYBEAN_mini -0.23 -0.25 -0.04  0.27  0.13  0.11 -0.07  0.25          0.19    0.18   0.19    0.36         0.11    0.32     0.07  0.28          1.00


********************************************************************************
                                 END OF REPORT                                  
********************************************************************************


