
********************************************************************************
                    Risk report produced on 08/03/2024 22:51                    
********************************************************************************


Total risk across all strategies, annualised percentage 11.9
Percentage of capital used for margin 53.1%

========================================
Risk per strategy, annualised percentage
========================================

                  risk
dynamic_TF_carry  11.9


===================
Risk by asset class
===================

Ags       2.3
Bond      3.1
Equity    7.9
FX        4.3
Metals    1.7
OilGas    0.9
Sector    0.6
dtype: float64


=====================================================
Beta loadings of asset class positions on asset class
=====================================================

Bond     -1.04
FX       -0.20
OilGas   -0.01
Ags      -0.01
Sector    0.04
Metals    0.04
Equity    0.84
dtype: float64


========================================================
Beta loadings of full portfolio positions on asset class
========================================================

Bond     -2.23
OilGas    0.02
Metals    0.02
Ags       0.18
FX        0.24
Sector    0.31
Equity    1.08
dtype: float64


==================================================================================================================================================================================================================================================================
                                                                                                                         Instrument risk                                                                                                                          
==================================================================================================================================================================================================================================================================

              daily_price_stdev  annual_price_stdev     price  daily_perc_stdev  annual_perc_stdev  point_size_base  contract_exposure  daily_risk_per_contract  annual_risk_per_contract  position  capital  exposure_held_perc_capital  annual_risk_perc_capital
CHF                       0.005               0.077      1.14              0.42                6.8          97583.8             111289                      470                      7526        -1   391597                       -28.4                      -1.9
CORN                      5.244              83.896    471.75              1.11               17.8             39.0              18414                      204                      3274        -2   391597                        -9.4                      -1.7
JPY                       0.000               0.001      0.01              0.54                8.6        9758382.5              67381                      362                      5804        -1   391597                       -17.2                      -1.5
US3                       0.214               3.431    104.88              0.20                3.3           1561.3             163745                      334                      5356        -1   391597                       -41.8                      -1.4
BOBL                      0.311               4.969    118.58              0.26                4.2            854.6             101344                      265                      4246        -1   391597                       -25.9                      -1.1
GAS_US_mini               0.112               1.786      1.93              5.78               92.5           1951.7               3766                      217                      3485        -1   391597                        -1.0                      -0.9
US2                       0.135               2.164    102.66              0.13                2.1           1561.3             160281                      211                      3379        -1   391597                       -40.9                      -0.9
NASDAQ_micro            178.820            2861.121  18355.25              0.97               15.6              1.6              28658                      279                      4467         0   391597                         0.0                       0.0
MXP                       0.000               0.004      0.06              0.45                7.2         390335.3              22869                      103                      1657         1   391597                         5.8                       0.4
TOPIX                    19.689             315.020   2707.00              0.73               11.6              5.3              14292                      103                      1663         1   391597                         3.6                       0.4
EU-OIL                    3.304              52.867    349.10              0.95               15.1             42.7              14917                      141                      2259         1   391597                         3.8                       0.6
EUROSTX                  31.740             507.841   4979.00              0.64               10.2              8.5              42552                      271                      4340         1   391597                        10.9                       1.1
FTSETAIWAN               10.812             172.990   1684.50              0.64               10.3             31.2              52601                      337                      5401         1   391597                        13.4                       1.4
LIVECOW                   1.215              19.447    183.28              0.66               10.6            312.3              57230                      379                      6072         1   391597                        14.6                       1.6
CAC                      46.665             746.642   8044.00              0.58                9.3              8.5              68747                      398                      6381         1   391597                        17.6                       1.6
BITCOIN                1727.044           27632.700  69850.00              2.47               39.6              0.1               5452                      134                      2157         3   391597                         4.2                       1.7
R1000                    11.049             176.783   1713.90              0.64               10.3             39.0              66899                      431                      6900         1   391597                        17.1                       1.8
YENEUR                    0.787              12.597    160.68              0.49                7.8            660.0             106049                      519                      8313         1   391597                        27.1                       2.1
NIKKEI                  387.623            6201.962  39475.00              0.98               15.7              0.5              20842                      204                      3274         4   391597                        21.3                       3.3

Sum of abs(notional exposure % capital) 304.0
Sum of abs(annualised risk % capital) 25.4
Net sum of annualised risk % capital 6.6 

====================================================================================================================================================================
                                                                            Correlations                                                                            
====================================================================================================================================================================

              BOBL   CHF   JPY   US2   US3  CORN  EU-OIL  GAS_US_mini  LIVECOW  BITCOIN   CAC  EUROSTX  FTSETAIWAN   MXP  NASDAQ_micro  R1000  NIKKEI  TOPIX  YENEUR
BOBL          1.00  0.30  0.41  0.71  0.73  0.02   -0.08        -0.11    -0.08     0.11  0.23     0.09        0.06  0.00          0.11   0.09   -0.17  -0.18   -0.38
CHF           0.30  1.00  0.63  0.40  0.46  0.16    0.12         0.10    -0.07     0.08  0.36     0.34        0.27  0.29          0.29   0.35   -0.05  -0.07   -0.07
JPY           0.41  0.63  1.00  0.52  0.56  0.09    0.03        -0.16    -0.01     0.02  0.17     0.15        0.16  0.12          0.22   0.21   -0.30  -0.25   -0.64
US2           0.71  0.40  0.52  1.00  0.97 -0.00   -0.24         0.02    -0.12     0.09 -0.05    -0.12       -0.10 -0.12          0.05  -0.05   -0.34  -0.32   -0.30
US3           0.73  0.46  0.56  0.97  1.00  0.03   -0.16         0.03    -0.11     0.08  0.08     0.00       -0.02  0.02          0.09   0.04   -0.26  -0.23   -0.28
CORN          0.02  0.16  0.09 -0.00  0.03  1.00    0.13         0.09    -0.03     0.09 -0.04    -0.01        0.13  0.08          0.07   0.07    0.08   0.06    0.04
EU-OIL       -0.08  0.12  0.03 -0.24 -0.16  0.13    1.00         0.18     0.31    -0.02  0.44     0.42        0.37  0.27          0.08   0.46    0.37   0.40    0.01
GAS_US_mini  -0.11  0.10 -0.16  0.02  0.03  0.09    0.18         1.00     0.08    -0.04 -0.02    -0.06       -0.04  0.04         -0.00   0.11    0.15   0.23    0.27
LIVECOW      -0.08 -0.07 -0.01 -0.12 -0.11 -0.03    0.31         0.08     1.00    -0.28  0.13     0.11        0.11  0.18          0.26   0.30    0.24   0.28    0.10
BITCOIN       0.11  0.08  0.02  0.09  0.08  0.09   -0.02        -0.04    -0.28     1.00  0.23     0.24        0.11  0.08          0.09   0.21    0.10   0.04    0.13
CAC           0.23  0.36  0.17 -0.05  0.08 -0.04    0.44        -0.02     0.13     0.23  1.00     0.92        0.51  0.55          0.49   0.74    0.44   0.42    0.14
EUROSTX       0.09  0.34  0.15 -0.12  0.00 -0.01    0.42        -0.06     0.11     0.24  0.92     1.00        0.65  0.54          0.58   0.76    0.51   0.48    0.21
FTSETAIWAN    0.06  0.27  0.16 -0.10 -0.02  0.13    0.37        -0.04     0.11     0.11  0.51     0.65        1.00  0.41          0.61   0.59    0.52   0.42    0.18
MXP           0.00  0.29  0.12 -0.12  0.02  0.08    0.27         0.04     0.18     0.08  0.55     0.54        0.41  1.00          0.39   0.50    0.36   0.38    0.24
NASDAQ_micro  0.11  0.29  0.22  0.05  0.09  0.07    0.08        -0.00     0.26     0.09  0.49     0.58        0.61  0.39          1.00   0.70    0.49   0.41    0.20
R1000         0.09  0.35  0.21 -0.05  0.04  0.07    0.46         0.11     0.30     0.21  0.74     0.76        0.59  0.50          0.70   1.00    0.52   0.54    0.18
NIKKEI       -0.17 -0.05 -0.30 -0.34 -0.26  0.08    0.37         0.15     0.24     0.10  0.44     0.51        0.52  0.36          0.49   0.52    1.00   0.92    0.49
TOPIX        -0.18 -0.07 -0.25 -0.32 -0.23  0.06    0.40         0.23     0.28     0.04  0.42     0.48        0.42  0.38          0.41   0.54    0.92   1.00    0.43
YENEUR       -0.38 -0.07 -0.64 -0.30 -0.28  0.04    0.01         0.27     0.10     0.13  0.14     0.21        0.18  0.24          0.20   0.18    0.49   0.43    1.00


********************************************************************************
                                 END OF REPORT                                  
********************************************************************************


