
********************************************************************************
                    Risk report produced on 05/07/2023 22:51                    
********************************************************************************


Total risk across all strategies, annualised percentage 12.0
Percentage of capital used for margin 62.2%

========================================
Risk per strategy, annualised percentage
========================================

                  risk
dynamic_TF_carry  12.0


===================
Risk by asset class
===================

Ags       3.2
Bond      1.6
Equity    4.1
FX        7.0
Metals    0.3
OilGas    1.2
Sector    2.5
Vol       1.7
dtype: float64


=====================================================
Beta loadings of asset class positions on asset class
=====================================================

FX       -0.80
Bond     -0.45
Vol      -0.04
OilGas   -0.01
Metals    0.01
Ags       0.07
Sector    0.15
Equity    0.34
dtype: float64


========================================================
Beta loadings of full portfolio positions on asset class
========================================================

Bond     -1.83
FX       -0.54
Vol      -0.15
Metals   -0.02
OilGas    0.02
Ags       0.23
Sector    0.25
Equity    0.36
dtype: float64


==================================================================================================================================================================================================================================================================
                                                                                                                         Instrument risk                                                                                                                          
==================================================================================================================================================================================================================================================================

              daily_price_stdev  annual_price_stdev     price  daily_perc_stdev  annual_perc_stdev  point_size_base  contract_exposure  daily_risk_per_contract  annual_risk_per_contract  position  capital  exposure_held_perc_capital  annual_risk_perc_capital
JPY                       0.000               0.001      0.01              0.56                8.9        9837484.8              68739                      381                      6108        -2   360328                       -38.2                      -3.4
CHF                       0.005               0.082      1.12              0.46                7.3          98374.8             110243                      504                      8064        -1   360328                       -30.6                      -2.2
LEANHOG                   1.582              25.307     91.10              1.74               27.8            314.8              28678                      497                      7966        -1   360328                        -8.0                      -2.2
VIX                       0.484               7.743     17.85              2.71               43.4            787.0              14047                      380                      6093        -1   360328                        -3.9                      -1.7
US3                       0.236               3.776    104.05              0.23                3.6           1574.0             163781                      371                      5943        -1   360328                       -45.5                      -1.6
GAS_US_mini               0.132               2.111      2.69              4.91               78.5           1967.5               5292                      259                      4154        -1   360328                        -1.5                      -1.2
BITCOIN                 986.050           15776.798  31070.00              3.17               50.8              0.1               2445                       77                      1241         1   360328                         0.7                       0.3
MXP                       0.000               0.004      0.06              0.48                7.6         393499.4              22657                      107                      1726         1   360328                         6.3                       0.5
SOYBEAN_mini             22.494             359.909   1278.00              1.76               28.2              7.9              10057                      177                      2832         1   360328                         2.8                       0.8
NIKKEI                  341.142            5458.278  33325.00              1.02               16.4              0.5              18131                      185                      2969         1   360328                         5.0                       0.8
EU-AUTO                   7.845             125.520    638.20              1.23               19.7             42.8              27326                      335                      5374         1   360328                         7.6                       1.5
EU-OIL                    4.254              68.061    325.60              1.31               20.9             42.8              13941                      182                      2914         2   360328                         7.7                       1.6
FTSETAIWAN               12.207             195.316   1445.00              0.84               13.5             31.5              45488                      384                      6148         1   360328                        12.6                       1.7
CAC                      60.206             963.291   7324.00              0.82               13.2              8.6              62720                      515                      8249         1   360328                        17.4                       2.3
CNH                       0.020               0.323      7.25              0.28                4.5          10864.1              78751                      219                      3510         3   360328                        65.6                       2.9
LIVECOW                   1.196              19.137    174.52              0.69               11.0            314.8              54940                      376                      6024         2   360328                        30.5                       3.3

Sum of abs(notional exposure % capital) 283.9
Sum of abs(annualised risk % capital) 28.0
Net sum of annualised risk % capital 3.4 

=================================================================================================================================================
                                                                  Correlations                                                                   
=================================================================================================================================================

              BITCOIN  GAS_US_mini   CNH   VIX   CHF   JPY   US3   CAC  EU-AUTO  EU-OIL  FTSETAIWAN  LEANHOG  LIVECOW   MXP  NIKKEI  SOYBEAN_mini
BITCOIN          1.00         0.05 -0.02 -0.20 -0.03 -0.10  0.04  0.29     0.11    0.06        0.09    -0.19    -0.02  0.08    0.20          0.03
GAS_US_mini      0.05         1.00  0.28 -0.10  0.02 -0.31 -0.12  0.06    -0.04    0.17        0.05    -0.02    -0.02  0.03    0.25          0.21
CNH             -0.02         0.28  1.00  0.00 -0.62 -0.49 -0.49 -0.23    -0.23   -0.10       -0.30    -0.18     0.14 -0.06    0.02         -0.13
VIX             -0.20        -0.10  0.00  1.00  0.01  0.04  0.21 -0.59    -0.55   -0.36       -0.45    -0.14    -0.41 -0.62   -0.51         -0.28
CHF             -0.03         0.02 -0.62  0.01  1.00  0.40  0.55  0.31     0.27    0.11        0.35     0.20    -0.13  0.13    0.16          0.10
JPY             -0.10        -0.31 -0.49  0.04  0.40  1.00  0.56  0.06     0.02    0.06        0.07     0.01    -0.25  0.11   -0.30          0.07
US3              0.04        -0.12 -0.49  0.21  0.55  0.56  1.00  0.04    -0.12   -0.05       -0.08     0.02    -0.20 -0.10   -0.18         -0.12
CAC              0.29         0.06 -0.23 -0.59  0.31  0.06  0.04  1.00     0.80    0.43        0.56     0.12     0.16  0.51    0.58          0.28
EU-AUTO          0.11        -0.04 -0.23 -0.55  0.27  0.02 -0.12  0.80     1.00    0.33        0.63     0.19     0.22  0.41    0.54          0.21
EU-OIL           0.06         0.17 -0.10 -0.36  0.11  0.06 -0.05  0.43     0.33    1.00        0.19     0.11     0.06  0.47    0.30          0.32
FTSETAIWAN       0.09         0.05 -0.30 -0.45  0.35  0.07 -0.08  0.56     0.63    0.19        1.00     0.10     0.15  0.34    0.58          0.11
LEANHOG         -0.19        -0.02 -0.18 -0.14  0.20  0.01  0.02  0.12     0.19    0.11        0.10     1.00     0.39  0.09    0.06          0.27
LIVECOW         -0.02        -0.02  0.14 -0.41 -0.13 -0.25 -0.20  0.16     0.22    0.06        0.15     0.39     1.00  0.11    0.25          0.03
MXP              0.08         0.03 -0.06 -0.62  0.13  0.11 -0.10  0.51     0.41    0.47        0.34     0.09     0.11  1.00    0.33          0.25
NIKKEI           0.20         0.25  0.02 -0.51  0.16 -0.30 -0.18  0.58     0.54    0.30        0.58     0.06     0.25  0.33    1.00          0.16
SOYBEAN_mini     0.03         0.21 -0.13 -0.28  0.10  0.07 -0.12  0.28     0.21    0.32        0.11     0.27     0.03  0.25    0.16          1.00


********************************************************************************
                                 END OF REPORT                                  
********************************************************************************


