
********************************************************************************
                    Risk report produced on 29/01/2026 22:53                    
********************************************************************************


Total risk across all strategies, annualised percentage 18.1
Percentage of capital used for margin 40.2%

========================================
Risk per strategy, annualised percentage
========================================

                  risk
dynamic_TF_carry  18.1


===================
Risk by asset class
===================

Ags        1.5
Bond       1.4
Equity    13.9
FX         4.1
Metals     5.0
OilGas     0.6
dtype: float64


=====================================================
Beta loadings of asset class positions on asset class
=====================================================

Bond     -0.24
OilGas   -0.01
Ags       0.03
Metals    0.06
FX        0.30
Equity    1.23
dtype: float64


========================================================
Beta loadings of full portfolio positions on asset class
========================================================

Bond     -0.76
OilGas    0.04
Metals    0.28
Ags       0.42
Equity    1.36
FX        1.40
dtype: float64


===================================================================================================================================================================================================================================================================
                                                                                                                          Instrument risk                                                                                                                          
===================================================================================================================================================================================================================================================================

               daily_price_stdev  annual_price_stdev     price  daily_perc_stdev  annual_perc_stdev  point_size_base  contract_exposure  daily_risk_per_contract  annual_risk_per_contract  position  capital  exposure_held_perc_capital  annual_risk_perc_capital
BITCOIN                 2413.709           38619.343  84150.00              2.87               45.9              0.1               6081                      174                      2790        -6   702600                        -5.2                      -2.4
JPY                        0.000               0.001      0.01              0.64               10.2        9033586.9              59206                      377                      6038        -2   702600                       -16.9                      -1.7
KR10                       0.408               6.533    111.21              0.37                5.9            505.6              56229                      206                      3303        -3   702600                       -24.0                      -1.4
GAS_US_mini                0.157               2.505      3.90              4.02               64.3           1806.7               7037                      282                      4525        -1   702600                        -1.0                      -0.6
RICE                       0.161               2.568     11.14              1.44               23.0           1445.4              16108                      232                      3712        -1   702600                        -2.3                      -0.5
WHEAT                      6.118              97.883    592.50              1.03               16.5             36.1              21409                      221                      3536        -1   702600                        -3.0                      -0.5
KRWUSD_mini                0.004               0.068      0.70              0.60                9.6          18067.2              12679                       76                      1221        -1   702600                        -1.8                      -0.2
EUR_micro                  0.005               0.085      1.20              0.44                7.1           9033.6              10824                       47                       765        -1   702600                        -1.5                      -0.1
AUD_micro                  0.003               0.054      0.70              0.48                7.6           7226.9               5078                       24                       388         1   702600                         0.7                       0.1
CRUDE_W_micro              1.097              17.547     65.03              1.69               27.0             72.3               4699                       79                      1268         1   702600                         0.7                       0.2
MXP                        0.000               0.004      0.06              0.48                7.6         361343.5              20878                       99                      1586         2   702600                         5.9                       0.5
BRE                        0.001               0.018      0.19              0.59                9.5          72268.7              13832                       82                      1315         3   702600                         5.9                       0.6
TOPIX                     35.569             569.110   3546.50              1.00               16.0              4.7              16747                      167                      2687         2   702600                         4.8                       0.8
CAD                        0.002               0.039      0.74              0.33                5.2          72268.7              53641                      175                      2811         2   702600                        15.3                       0.8
RUSSELL                   26.503             424.055   2655.90              1.00               16.0              3.6               9596                       95                      1532         4   702600                         5.5                       0.9
GBP                        0.006               0.096      1.38              0.44                7.0          45167.9              62318                      272                      4357         2   702600                        17.7                       1.2
LEANHOG                    1.053              16.856     95.32              1.11               17.7            289.1              27556                      304                      4872         2   702600                         7.8                       1.4
SMI                       92.907            1486.520  13051.00              0.71               11.4              9.4             123211                      877                     14033         1   702600                        17.5                       2.0
YENEUR                     0.844              13.500    182.80              0.46                7.4            590.3             107906                      498                      7969         2   702600                        30.7                       2.3
MSCITAIWAN                13.964             223.432   1427.70              0.98               15.6             72.3             103178                     1009                     16147         1   702600                        14.7                       2.3
AEX                        8.172             130.759    994.25              0.82               13.2            173.2             172242                     1415                     22652         1   702600                        24.5                       3.2
MIB                      328.571            5257.143  45290.00              0.73               11.6              4.3             196148                     1423                     22768         1   702600                        27.9                       3.2
MSCIEAFA                  22.558             360.934   3064.10              0.74               11.8             36.1             110719                      815                     13042         2   702600                        31.5                       3.7
SILVER                     2.852              45.638    113.98              2.50               40.0            722.7              82371                     2061                     32981         1   702600                        11.7                       4.7

Sum of abs(notional exposure % capital) 278.5
Sum of abs(annualised risk % capital) 35.3
Net sum of annualised risk % capital 20.5 

=======================================================================================================================================================================================================================
                                                                                                     Correlations                                                                                                      
=======================================================================================================================================================================================================================

                CAD  EUR_micro   JPY  KR10  KRWUSD_mini  CRUDE_W_micro  GAS_US_mini  RICE  WHEAT  YENEUR   AEX  BITCOIN   MIB  MSCITAIWAN  RUSSELL   SMI  TOPIX  AUD_micro   BRE   GBP  LEANHOG  MSCIEAFA   MXP  SILVER
CAD            1.00       0.68  0.49  0.11         0.50           0.20         0.14  0.03   0.32    0.02 -0.06     0.12  0.06        0.02     0.03 -0.06  -0.07       0.67  0.37  0.61     0.24      0.34  0.49    0.40
EUR_micro      0.68       1.00  0.68  0.26         0.53          -0.07        -0.02  0.14   0.21    0.03 -0.11    -0.00  0.05        0.00    -0.02 -0.06  -0.14       0.61  0.31  0.81     0.21      0.41  0.53    0.39
JPY            0.49       0.68  1.00  0.48         0.60          -0.20        -0.05  0.10   0.13   -0.69 -0.18    -0.14 -0.08       -0.17    -0.14 -0.09  -0.44       0.41  0.12  0.54     0.19      0.21  0.12    0.18
KR10           0.11       0.26  0.48  1.00         0.39          -0.20        -0.16  0.00  -0.27   -0.40 -0.02     0.06 -0.03       -0.05     0.11  0.07  -0.14       0.06 -0.04  0.28    -0.06      0.18 -0.03   -0.11
KRWUSD_mini    0.50       0.53  0.60  0.39         1.00           0.01         0.17  0.09   0.20   -0.31  0.09     0.03  0.16        0.13    -0.05  0.12  -0.07       0.56  0.27  0.50     0.11      0.40  0.24    0.09
CRUDE_W_micro  0.20      -0.07 -0.20 -0.20         0.01           1.00         0.36  0.12   0.26    0.20  0.35     0.20  0.36        0.31     0.25  0.16   0.31       0.34  0.42  0.01     0.17      0.31  0.28    0.33
GAS_US_mini    0.14      -0.02 -0.05 -0.16         0.17           0.36         1.00  0.01   0.17    0.02  0.19     0.11  0.19        0.12    -0.06  0.16   0.14       0.22  0.35  0.06    -0.03      0.15  0.08    0.18
RICE           0.03       0.14  0.10  0.00         0.09           0.12         0.01  1.00   0.17   -0.06  0.10     0.18  0.01        0.11     0.02 -0.03   0.01       0.15  0.08  0.13     0.16      0.08 -0.04    0.27
WHEAT          0.32       0.21  0.13 -0.27         0.20           0.26         0.17  0.17   1.00    0.00 -0.01    -0.11 -0.01       -0.02    -0.14 -0.24  -0.13       0.24  0.17 -0.00     0.04     -0.01  0.11    0.15
YENEUR         0.02       0.03 -0.69 -0.40        -0.31           0.20         0.02 -0.06   0.00    1.00  0.12     0.16  0.16        0.22     0.17  0.09   0.45       0.03  0.12  0.05    -0.02      0.11  0.36    0.15
AEX           -0.06      -0.11 -0.18 -0.02         0.09           0.35         0.19  0.10  -0.01    0.12  1.00     0.49  0.78        0.75     0.67  0.68   0.60       0.43  0.39  0.23     0.20      0.73  0.25    0.34
BITCOIN        0.12      -0.00 -0.14  0.06         0.03           0.20         0.11  0.18  -0.11    0.16  0.49     1.00  0.44        0.39     0.51  0.30   0.43       0.32  0.31  0.20     0.14      0.45  0.21    0.14
MIB            0.06       0.05 -0.08 -0.03         0.16           0.36         0.19  0.01  -0.01    0.16  0.78     0.44  1.00        0.62     0.64  0.76   0.65       0.49  0.46  0.36     0.29      0.84  0.37    0.32
MSCITAIWAN     0.02       0.00 -0.17 -0.05         0.13           0.31         0.12  0.11  -0.02    0.22  0.75     0.39  0.62        1.00     0.57  0.47   0.63       0.47  0.36  0.27     0.19      0.58  0.29    0.32
RUSSELL        0.03      -0.02 -0.14  0.11        -0.05           0.25        -0.06  0.02  -0.14    0.17  0.67     0.51  0.64        0.57     1.00  0.57   0.57       0.41  0.37  0.25     0.43      0.65  0.35    0.35
SMI           -0.06      -0.06 -0.09  0.07         0.12           0.16         0.16 -0.03  -0.24    0.09  0.68     0.30  0.76        0.47     0.57  1.00   0.56       0.30  0.26  0.30     0.22      0.73  0.19    0.30
TOPIX         -0.07      -0.14 -0.44 -0.14        -0.07           0.31         0.14  0.01  -0.13    0.45  0.60     0.43  0.65        0.63     0.57  0.56   1.00       0.28  0.30  0.19     0.12      0.59  0.26    0.11
AUD_micro      0.67       0.61  0.41  0.06         0.56           0.34         0.22  0.15   0.24    0.03  0.43     0.32  0.49        0.47     0.41  0.30   0.28       1.00  0.57  0.72     0.31      0.75  0.56    0.59
BRE            0.37       0.31  0.12 -0.04         0.27           0.42         0.35  0.08   0.17    0.12  0.39     0.31  0.46        0.36     0.37  0.26   0.30       0.57  1.00  0.39     0.33      0.52  0.56    0.33
GBP            0.61       0.81  0.54  0.28         0.50           0.01         0.06  0.13  -0.00    0.05  0.23     0.20  0.36        0.27     0.25  0.30   0.19       0.72  0.39  1.00     0.23      0.68  0.53    0.49
LEANHOG        0.24       0.21  0.19 -0.06         0.11           0.17        -0.03  0.16   0.04   -0.02  0.20     0.14  0.29        0.19     0.43  0.22   0.12       0.31  0.33  0.23     1.00      0.33  0.32    0.33
MSCIEAFA       0.34       0.41  0.21  0.18         0.40           0.31         0.15  0.08  -0.01    0.11  0.73     0.45  0.84        0.58     0.65  0.73   0.59       0.75  0.52  0.68     0.33      1.00  0.53    0.50
MXP            0.49       0.53  0.12 -0.03         0.24           0.28         0.08 -0.04   0.11    0.36  0.25     0.21  0.37        0.29     0.35  0.19   0.26       0.56  0.56  0.53     0.32      0.53  1.00    0.54
SILVER         0.40       0.39  0.18 -0.11         0.09           0.33         0.18  0.27   0.15    0.15  0.34     0.14  0.32        0.32     0.35  0.30   0.11       0.59  0.33  0.49     0.33      0.50  0.54    1.00


********************************************************************************
                                 END OF REPORT                                  
********************************************************************************


