
********************************************************************************
                    Risk report produced on 29/11/2023 22:50                    
********************************************************************************


Total risk across all strategies, annualised percentage 7.6
Percentage of capital used for margin 57.5%

========================================
Risk per strategy, annualised percentage
========================================

                  risk
dynamic_TF_carry   7.6


===================
Risk by asset class
===================

Ags       2.7
Bond      1.7
Equity    0.9
FX        4.0
Metals    1.3
OilGas    5.2
Sector    1.7
Vol       1.8
dtype: float64


=====================================================
Beta loadings of asset class positions on asset class
=====================================================

Bond     -0.37
FX       -0.11
OilGas   -0.07
Vol      -0.04
Ags       0.00
Equity    0.02
Metals    0.05
Sector    0.08
dtype: float64


========================================================
Beta loadings of full portfolio positions on asset class
========================================================

Bond     -0.77
Vol      -0.08
FX       -0.08
OilGas   -0.04
Metals    0.04
Ags       0.08
Sector    0.17
Equity    0.19
dtype: float64


=================================================================================================================================================================================================================================================================
                                                                                                                         Instrument risk                                                                                                                         
=================================================================================================================================================================================================================================================================

             daily_price_stdev  annual_price_stdev     price  daily_perc_stdev  annual_perc_stdev  point_size_base  contract_exposure  daily_risk_per_contract  annual_risk_per_contract  position  capital  exposure_held_perc_capital  annual_risk_perc_capital
GAS-PEN                  0.123               1.964      2.80              4.39               70.2           7867.0              22011                      965                     15450        -1   364219                        -6.0                      -4.2
JPY                      0.000               0.001      0.01              0.58                9.3        9833770.0              66953                      388                      6218        -2   364219                       -36.8                      -3.4
LIVECOW                  1.815              29.032    173.45              1.05               16.7            314.7              54581                      570                      9135        -1   364219                       -15.0                      -2.5
VIX                      0.516               8.256     16.60              3.11               49.7            786.7              13059                      405                      6494        -1   364219                        -3.6                      -1.8
BOBL                     0.345               5.512    117.70              0.29                4.7            865.3             101844                      298                      4769        -1   364219                       -28.0                      -1.3
GAS_US_mini              0.125               1.993      2.79              4.47               71.4           1966.8               5487                      245                      3920        -1   364219                        -1.5                      -1.1
US2                      0.152               2.427    102.37              0.15                2.4           1573.4             161071                      238                      3819        -1   364219                       -44.2                      -1.0
RUSSELL                 26.241             419.854   1812.40              1.45               23.2              3.9               7129                      103                      1651        -1   364219                        -2.0                      -0.5
DOW                    251.133            4018.127  35536.00              0.71               11.3              0.4              13978                       98                      1580        -1   364219                        -3.8                      -0.4
KOSDAQ                  27.159             434.545   1295.10              2.10               33.6              6.1               7898                      165                      2650         1   364219                         2.2                       0.7
IRON                     2.169              34.702    126.35              1.72               27.5             78.7               9939                      170                      2729         1   364219                         2.7                       0.7
NIKKEI                 324.613            5193.809  33290.00              0.98               15.6              0.5              17793                      173                      2776         1   364219                         4.9                       0.8
CNH                      0.019               0.310      7.09              0.27                4.4          11045.4              78340                      214                      3426         1   364219                        21.5                       0.9
BITCOIN               1011.086           16177.372  36045.00              2.77               44.3              0.1               2835                       79                      1272         3   364219                         2.3                       1.0
MXP                      0.000               0.006      0.06              0.68               10.9         393350.8              22680                      153                      2462         2   364219                        12.5                       1.4
KR10                     0.568               9.086    111.09              0.51                8.2            609.9              67752                      346                      5541         1   364219                        18.6                       1.5
EU-OIL                   4.504              72.066    355.40              1.27               20.3             43.3              15376                      194                      3117         2   364219                         8.4                       1.7
LEANHOG                  1.438              23.012     70.12              2.05               32.8            314.7              22066                      452                      7241         1   364219                         6.1                       2.0

Sum of abs(notional exposure % capital) 220.1
Sum of abs(annualised risk % capital) 26.9
Net sum of annualised risk % capital -5.5 

===================================================================================================================================================
                                                                   Correlations                                                                    
===================================================================================================================================================

              CNH   VIX  BITCOIN  BOBL   JPY  KR10   US2  EU-OIL  GAS-PEN  GAS_US_mini  LEANHOG  LIVECOW   DOW   MXP  NIKKEI  RUSSELL  IRON  KOSDAQ
CNH          1.00  0.18    -0.16 -0.40 -0.49 -0.60 -0.47   -0.03     0.26         0.25    -0.10     0.15 -0.30 -0.16   -0.11    -0.27 -0.30   -0.22
VIX          0.18  1.00    -0.18 -0.14 -0.02 -0.32  0.04   -0.29    -0.16        -0.19    -0.25    -0.23 -0.68 -0.50   -0.64    -0.69 -0.11   -0.42
BITCOIN     -0.16 -0.18     1.00  0.29  0.07  0.22  0.22   -0.10    -0.00         0.07    -0.14    -0.15  0.26  0.05    0.07     0.18  0.04    0.08
BOBL        -0.40 -0.14     0.29  1.00  0.35  0.56  0.65   -0.08     0.03         0.04     0.03    -0.12  0.30  0.11    0.03     0.23 -0.03    0.02
JPY         -0.49 -0.02     0.07  0.35  1.00  0.44  0.49   -0.12    -0.22        -0.22    -0.04    -0.07  0.09  0.11   -0.26     0.11  0.12    0.09
KR10        -0.60 -0.32     0.22  0.56  0.44  1.00  0.53    0.03    -0.09        -0.12     0.07    -0.13  0.39  0.17    0.19     0.30  0.13    0.26
US2         -0.47  0.04     0.22  0.65  0.49  0.53  1.00   -0.16    -0.07        -0.06     0.15    -0.20  0.14 -0.00   -0.11     0.07 -0.04   -0.10
EU-OIL      -0.03 -0.29    -0.10 -0.08 -0.12  0.03 -0.16    1.00     0.22         0.29     0.16     0.17  0.45  0.16    0.44     0.42  0.15    0.22
GAS-PEN      0.26 -0.16    -0.00  0.03 -0.22 -0.09 -0.07    0.22     1.00         0.88     0.16     0.17  0.08 -0.01    0.12     0.07 -0.09   -0.18
GAS_US_mini  0.25 -0.19     0.07  0.04 -0.22 -0.12 -0.06    0.29     0.88         1.00     0.15     0.18  0.14  0.10    0.17     0.14 -0.05   -0.16
LEANHOG     -0.10 -0.25    -0.14  0.03 -0.04  0.07  0.15    0.16     0.16         0.15     1.00     0.29  0.22  0.23    0.24     0.22  0.07   -0.06
LIVECOW      0.15 -0.23    -0.15 -0.12 -0.07 -0.13 -0.20    0.17     0.17         0.18     0.29     1.00  0.20  0.30    0.21     0.27 -0.00   -0.09
DOW         -0.30 -0.68     0.26  0.30  0.09  0.39  0.14    0.45     0.08         0.14     0.22     0.20  1.00  0.49    0.71     0.86  0.08    0.44
MXP         -0.16 -0.50     0.05  0.11  0.11  0.17 -0.00    0.16    -0.01         0.10     0.23     0.30  0.49  1.00    0.43     0.43  0.15    0.26
NIKKEI      -0.11 -0.64     0.07  0.03 -0.26  0.19 -0.11    0.44     0.12         0.17     0.24     0.21  0.71  0.43    1.00     0.70  0.13    0.35
RUSSELL     -0.27 -0.69     0.18  0.23  0.11  0.30  0.07    0.42     0.07         0.14     0.22     0.27  0.86  0.43    0.70     1.00  0.12    0.42
IRON        -0.30 -0.11     0.04 -0.03  0.12  0.13 -0.04    0.15    -0.09        -0.05     0.07    -0.00  0.08  0.15    0.13     0.12  1.00    0.24
KOSDAQ      -0.22 -0.42     0.08  0.02  0.09  0.26 -0.10    0.22    -0.18        -0.16    -0.06    -0.09  0.44  0.26    0.35     0.42  0.24    1.00


********************************************************************************
                                 END OF REPORT                                  
********************************************************************************


