
********************************************************************************
                    Risk report produced on 18/03/2026 22:53                    
********************************************************************************


Total risk across all strategies, annualised percentage 7.5
Percentage of capital used for margin 33.1%

========================================
Risk per strategy, annualised percentage
========================================

                  risk
dynamic_TF_carry   7.5


===================
Risk by asset class
===================

Ags       1.1
Bond      1.9
Equity    2.2
FX        2.5
Metals    1.9
OilGas    3.7
Sector    0.5
Vol       0.1
dtype: float64


=====================================================
Beta loadings of asset class positions on asset class
=====================================================

Bond     -0.37
Metals   -0.03
FX       -0.02
Vol      -0.00
Sector    0.03
Ags       0.04
OilGas    0.07
Equity    0.08
dtype: float64


========================================================
Beta loadings of full portfolio positions on asset class
========================================================

Bond     -0.79
Vol      -0.05
FX       -0.03
Metals    0.01
OilGas    0.09
Ags       0.14
Equity    0.20
Sector    0.21
dtype: float64


=================================================================================================================================================================================================================================================================
                                                                                                                         Instrument risk                                                                                                                         
=================================================================================================================================================================================================================================================================

             daily_price_stdev  annual_price_stdev     price  daily_perc_stdev  annual_perc_stdev  point_size_base  contract_exposure  daily_risk_per_contract  annual_risk_per_contract  position  capital  exposure_held_perc_capital  annual_risk_perc_capital
JPY                      0.000               0.001      0.01              0.54                8.7        9353417.0              58940                      320                      5123        -3   679877                       -26.0                      -2.3
BITCOIN               2728.206           43651.288  70780.00              3.85               61.7              0.1               5296                      204                      3266        -4   679877                        -3.1                      -1.9
KR10                     0.438               7.013    111.07              0.39                6.3            503.4              55912                      220                      3530        -3   679877                       -24.7                      -1.6
SP500_micro             55.700             891.201   6627.50              0.84               13.4              3.7              24795                      208                      3334        -2   679877                        -7.3                      -1.0
HANG_mini              342.540            5480.644  25955.00              1.32               21.1              1.0              24778                      327                      5232        -1   679877                        -3.6                      -0.8
EUR_micro                0.005               0.086      1.15              0.47                7.5           9353.4              10762                       50                       802        -6   679877                        -9.5                      -0.7
GAS_US_mini              0.158               2.525      3.15              5.01               80.1           1870.7               5892                      295                      4722        -1   679877                        -0.9                      -0.7
US10                     0.344               5.497    111.45              0.31                4.9            748.3              83397                      257                      4113        -1   679877                       -12.3                      -0.6
V2X                      0.584               9.345     25.15              2.32               37.2             86.4               2172                       50                       807        -1   679877                        -0.3                      -0.1
DOW                    419.573            6713.166  46417.00              0.90               14.5              0.4              17366                      156                      2511         0   679877                         0.0                       0.0
MUMMY                   12.764             204.217    742.00              1.72               27.5              4.7               3497                       60                       962         1   679877                         0.5                       0.1
AUD_micro                0.005               0.074      0.70              0.66               10.5           7482.7               5258                       34                       552         4   679877                         3.1                       0.3
EU-OIL                   4.885              78.155    527.20              0.93               14.8             43.2              22765                      210                      3374         1   679877                         3.3                       0.5
BRE                      0.002               0.025      0.19              0.82               13.0          74827.3              14209                      115                      1854         2   679877                         4.2                       0.5
ZAR                      0.001               0.010      0.06              1.07               17.2         374136.7              21868                      234                      3752         1   679877                         3.2                       0.6
NZD                      0.004               0.066      0.58              0.70               11.3          74827.3              43575                      306                      4903         1   679877                         6.4                       0.7
MXP                      0.000               0.007      0.06              0.76               12.1         374136.7              20809                      157                      2526         2   679877                         6.1                       0.7
FTSECHINAA             130.092            2081.468  14850.00              0.88               14.0              0.7              11111                       97                      1557         4   679877                         6.5                       0.9
SOYOIL                   1.052              16.828     65.37              1.61               25.7            449.0              29348                      472                      7555         1   679877                         4.3                       1.1
KOSPI_mini              22.266             356.257    877.32              2.54               40.6             25.2              22082                      560                      8967         1   679877                         3.2                       1.3
EUROSTX                 66.259            1060.138   5671.00              1.17               18.7              8.6              48976                      572                      9155         1   679877                         7.2                       1.3
GASOILINE                0.051               0.812      2.94              1.73               27.6          31427.5              92393                     1595                     25528         1   679877                        13.6                       3.8

Sum of abs(notional exposure % capital) 149.3
Sum of abs(annualised risk % capital) 21.5
Net sum of annualised risk % capital 2.1 

========================================================================================================================================================================================================
                                                                                              Correlations                                                                                              
========================================================================================================================================================================================================

             EU-OIL  MUMMY  BITCOIN  GASOILINE  GAS_US_mini  SOYOIL  AUD_micro   BRE   DOW  EUROSTX  FTSECHINAA  HANG_mini  KOSPI_mini   MXP   NZD  SP500_micro   ZAR  EUR_micro   JPY  KR10  US10   V2X
EU-OIL         1.00   0.39     0.07       0.62         0.12    0.23       0.14  0.19  0.07     0.38        0.21       0.17        0.31  0.12 -0.02         0.18  0.12      -0.30 -0.29 -0.16 -0.10 -0.32
MUMMY          0.39   1.00     0.08       0.23        -0.24    0.02       0.23  0.15  0.27     0.38        0.16       0.26        0.34  0.10  0.12         0.31  0.18      -0.06 -0.19  0.07 -0.09 -0.36
BITCOIN        0.07   0.08     1.00       0.10         0.19    0.01       0.02  0.02  0.10     0.13        0.15       0.32       -0.02 -0.05  0.03         0.22 -0.02      -0.03  0.09 -0.04 -0.17 -0.16
GASOILINE      0.62   0.23     0.10       1.00         0.23    0.47      -0.04  0.02 -0.16    -0.16        0.14      -0.09       -0.17 -0.19 -0.23        -0.02 -0.28      -0.41 -0.32 -0.28 -0.37  0.14
GAS_US_mini    0.12  -0.24     0.19       0.23         1.00    0.04       0.13  0.04 -0.22    -0.16        0.05       0.23       -0.14 -0.15  0.14        -0.00 -0.06       0.02  0.10 -0.15 -0.19  0.09
SOYOIL         0.23   0.02     0.01       0.47         0.04    1.00       0.10  0.11 -0.06    -0.14        0.06       0.03       -0.13  0.00  0.06         0.00 -0.05      -0.03 -0.05 -0.18 -0.16  0.17
AUD_micro      0.14   0.23     0.02      -0.04         0.13    0.10       1.00  0.48  0.46     0.35        0.25       0.48        0.37  0.48  0.89         0.49  0.60       0.62  0.39 -0.05 -0.13 -0.39
BRE            0.19   0.15     0.02       0.02         0.04    0.11       0.48  1.00  0.39     0.49        0.33       0.42        0.43  0.50  0.44         0.42  0.54       0.39  0.20 -0.04  0.08 -0.38
DOW            0.07   0.27     0.10      -0.16        -0.22   -0.06       0.46  0.39  1.00     0.63        0.39       0.31        0.34  0.32  0.35         0.90  0.52       0.17 -0.03  0.03 -0.11 -0.64
EUROSTX        0.38   0.38     0.13      -0.16        -0.16   -0.14       0.35  0.49  0.63     1.00        0.35       0.48        0.70  0.43  0.26         0.62  0.66       0.17 -0.04  0.11  0.05 -0.74
FTSECHINAA     0.21   0.16     0.15       0.14         0.05    0.06       0.25  0.33  0.39     0.35        1.00       0.47        0.14  0.22  0.12         0.40  0.25       0.06 -0.03  0.02 -0.21 -0.27
HANG_mini      0.17   0.26     0.32      -0.09         0.23    0.03       0.48  0.42  0.31     0.48        0.47       1.00        0.36  0.33  0.50         0.41  0.52       0.43  0.24 -0.01 -0.05 -0.38
KOSPI_mini     0.31   0.34    -0.02      -0.17        -0.14   -0.13       0.37  0.43  0.34     0.70        0.14       0.36        1.00  0.38  0.27         0.33  0.58       0.22  0.05  0.22  0.21 -0.44
MXP            0.12   0.10    -0.05      -0.19        -0.15    0.00       0.48  0.50  0.32     0.43        0.22       0.33        0.38  1.00  0.46         0.30  0.59       0.51  0.18 -0.01  0.03 -0.39
NZD           -0.02   0.12     0.03      -0.23         0.14    0.06       0.89  0.44  0.35     0.26        0.12       0.50        0.27  0.46  1.00         0.37  0.58       0.75  0.51  0.03  0.05 -0.34
SP500_micro    0.18   0.31     0.22      -0.02        -0.00    0.00       0.49  0.42  0.90     0.62        0.40       0.41        0.33  0.30  0.37         1.00  0.50       0.11 -0.06  0.08 -0.14 -0.68
ZAR            0.12   0.18    -0.02      -0.28        -0.06   -0.05       0.60  0.54  0.52     0.66        0.25       0.52        0.58  0.59  0.58         0.50  1.00       0.55  0.28  0.05  0.16 -0.57
EUR_micro     -0.30  -0.06    -0.03      -0.41         0.02   -0.03       0.62  0.39  0.17     0.17        0.06       0.43        0.22  0.51  0.75         0.11  0.55       1.00  0.58  0.04  0.09 -0.13
JPY           -0.29  -0.19     0.09      -0.32         0.10   -0.05       0.39  0.20 -0.03    -0.04       -0.03       0.24        0.05  0.18  0.51        -0.06  0.28       0.58  1.00  0.24  0.33  0.07
KR10          -0.16   0.07    -0.04      -0.28        -0.15   -0.18      -0.05 -0.04  0.03     0.11        0.02      -0.01        0.22 -0.01  0.03         0.08  0.05       0.04  0.24  1.00  0.52 -0.08
US10          -0.10  -0.09    -0.17      -0.37        -0.19   -0.16      -0.13  0.08 -0.11     0.05       -0.21      -0.05        0.21  0.03  0.05        -0.14  0.16       0.09  0.33  0.52  1.00 -0.10
V2X           -0.32  -0.36    -0.16       0.14         0.09    0.17      -0.39 -0.38 -0.64    -0.74       -0.27      -0.38       -0.44 -0.39 -0.34        -0.68 -0.57      -0.13  0.07 -0.08 -0.10  1.00


********************************************************************************
                                 END OF REPORT                                  
********************************************************************************


