
********************************************************************************
                    Risk report produced on 03/06/2026 22:51                    
********************************************************************************


Total risk across all strategies, annualised percentage 10.3
Percentage of capital used for margin 36.3%

========================================
Risk per strategy, annualised percentage
========================================

                  risk
dynamic_TF_carry  10.4


===================
Risk by asset class
===================

Ags       1.3
Bond      2.9
Equity    8.4
FX        1.8
Metals    1.6
OilGas    4.6
Other     0.2
Sector    1.7
Vol       0.1
dtype: float64


=====================================================
Beta loadings of asset class positions on asset class
=====================================================

Bond     -0.36
Ags      -0.05
Metals   -0.03
FX       -0.03
Vol      -0.00
Other     0.01
OilGas    0.08
Sector    0.09
Equity    0.43
dtype: float64


========================================================
Beta loadings of full portfolio positions on asset class
========================================================

Vol      -0.10
Bond     -0.09
Metals    0.03
Ags       0.06
OilGas    0.06
FX        0.10
Other     0.14
Sector    0.29
Equity    0.37
dtype: float64


==================================================================================================================================================================================================================================================================
                                                                                                                         Instrument risk                                                                                                                          
==================================================================================================================================================================================================================================================================

              daily_price_stdev  annual_price_stdev     price  daily_perc_stdev  annual_perc_stdev  point_size_base  contract_exposure  daily_risk_per_contract  annual_risk_per_contract  position  capital  exposure_held_perc_capital  annual_risk_perc_capital
KR10                      0.481               7.692    106.92              0.45                7.2            487.1              52079                      234                      3746        -4   707242                       -29.5                      -2.1
BITCOIN                1930.052           30880.839  66080.00              2.92               46.7              0.1               4913                      143                      2295        -5   707242                        -3.5                      -1.6
BUXL                      0.828              13.245    108.70              0.76               12.2            863.9              93902                      715                     11442        -1   707242                       -13.3                      -1.6
JPY                       0.000               0.000      0.01              0.49                7.9        9293783.9              58132                      286                      4579        -2   707242                       -16.4                      -1.3
CHF                       0.006               0.092      1.26              0.45                7.3          92937.8             117450                      533                      8532        -1   707242                       -16.6                      -1.2
REDWHEAT                 11.541             184.652    652.00              1.77               28.3             37.2              24238                      429                      6864        -1   707242                        -3.4                      -1.0
LEANHOG                   1.283              20.535    101.92              1.26               20.1            297.4              30312                      381                      6107        -1   707242                        -4.3                      -0.9
KOSDAQ                   49.381             790.093   1808.40              2.73               43.7              4.9               8808                      240                      3848        -1   707242                        -1.2                      -0.5
GAS_US_mini               0.103               1.654      3.24              3.19               51.0           1858.8               6022                      192                      3073        -1   707242                        -0.9                      -0.4
HANGENT_mini            107.108            1713.729   8637.00              1.24               19.8              0.9               8195                      101                      1626        -1   707242                        -1.2                      -0.2
V2X                       0.520               8.325     19.75              2.63               42.2             86.4               1706                       44                       719        -1   707242                        -0.2                      -0.1
EUR_micro                 0.004               0.060      1.16              0.32                5.1           9293.8              10825                       34                       554        -1   707242                        -1.5                      -0.1
AUD_micro                 0.004               0.058      0.71              0.51                8.2           7435.0               5300                       27                       432         3   707242                         2.2                       0.2
RUBBER                    2.872              45.958    233.10              1.23               19.7             37.2               8665                      106                      1708         1   707242                         1.2                       0.2
RUSSELL                  32.701             523.218   2895.00              1.13               18.1              3.7              10762                      121                      1945         1   707242                         1.5                       0.3
MUMMY                    16.691             267.063    762.00              2.19               35.0              4.6               3542                       77                      1241         2   707242                         1.0                       0.4
ZAR                       0.000               0.007      0.06              0.75               12.1         371751.4              22686                      171                      2738         1   707242                         3.2                       0.4
CANOLA                    9.565             153.043    795.90              1.20               19.2             10.7               8544                      102                      1642         2   707242                         2.4                       0.5
MXP                       0.000               0.004      0.06              0.48                7.8         371751.4              21409                      103                      1660         2   707242                         6.1                       0.5
TOPIX                    45.229             723.662   3899.00              1.16               18.6              4.6              18127                      210                      3364         1   707242                         2.6                       0.5
CAD10                     0.462               7.396    120.19              0.38                6.2            536.8              64514                      248                      3969         1   707242                         9.1                       0.6
GBP                       0.005               0.086      1.34              0.40                6.4          46468.9              62328                      249                      3998         1   707242                         8.8                       0.6
NZD                       0.004               0.062      0.59              0.66               10.6          74350.3              43628                      288                      4616         1   707242                         6.2                       0.7
EU-OIL                    7.165             114.636    532.70              1.34               21.5             43.2              23009                      309                      4951         1   707242                         3.3                       0.7
EU-BASIC                 15.402             246.431    880.20              1.75               28.0             43.2              38018                      665                     10644         1   707242                         5.4                       1.5
CAC                      80.042            1280.671   8172.50              0.98               15.7              8.6              70599                      691                     11063         1   707242                        10.0                       1.6
MSCIEMASIA               17.024             272.383   1201.00              1.42               22.7             74.4              89294                     1265                     20251         1   707242                        12.6                       2.9
GASOILINE                 0.066               1.058      3.13              2.11               33.8          31227.1              97715                     2064                     33029         1   707242                        13.8                       4.7
MSCITAIWAN               28.426             454.813   2052.70              1.38               22.2             74.4             152618                     2113                     33815         1   707242                        21.6                       4.8

Sum of abs(notional exposure % capital) 203.0
Sum of abs(annualised risk % capital) 32.1
Net sum of annualised risk % capital 10.1 

================================================================================================================================================================================================================================================================
                                                                                                                          Correlations                                                                                                                          
================================================================================================================================================================================================================================================================

              CANOLA  EU-OIL  GASOILINE  GAS_US_mini  LEANHOG  REDWHEAT   V2X  AUD_micro   CHF  EUR_micro   GBP   JPY  MSCIEMASIA   MXP   NZD   ZAR   CAC  EU-BASIC  MUMMY  RUSSELL  TOPIX  BITCOIN  BUXL  CAD10  HANGENT_mini  KOSDAQ  KR10  MSCITAIWAN  RUBBER
CANOLA          1.00    0.11       0.41         0.03     0.22      0.30  0.27      -0.02 -0.01      -0.08 -0.02 -0.07       -0.10 -0.18  0.03 -0.23 -0.22     -0.17  -0.04    -0.11  -0.18     0.02  0.15  -0.10          0.05   -0.03 -0.17        0.10    0.05
EU-OIL          0.11    1.00       0.61         0.01     0.17      0.13  0.10      -0.05 -0.38      -0.30 -0.21 -0.26       -0.19 -0.02 -0.21 -0.11 -0.01      0.06   0.05    -0.04   0.10    -0.03 -0.13  -0.15          0.04    0.24 -0.18       -0.03    0.17
GASOILINE       0.41    0.61       1.00         0.19     0.18      0.46  0.38      -0.12 -0.34      -0.39 -0.34 -0.23       -0.36 -0.29 -0.29 -0.50 -0.43     -0.36  -0.12    -0.22  -0.26     0.08 -0.23  -0.41         -0.07    0.01 -0.38       -0.10    0.02
GAS_US_mini     0.03    0.01       0.19         1.00    -0.10      0.22  0.06       0.07  0.02      -0.03  0.03  0.08       -0.06 -0.20  0.12 -0.12 -0.21     -0.11  -0.27    -0.26  -0.33     0.14 -0.26  -0.30          0.18    0.16 -0.22       -0.05   -0.02
LEANHOG         0.22    0.17       0.18        -0.10     1.00      0.13  0.02      -0.00 -0.11      -0.04 -0.03 -0.27       -0.07  0.01  0.03  0.01 -0.05      0.12   0.06     0.16   0.10    -0.06 -0.15  -0.22          0.02   -0.06 -0.26       -0.06    0.10
REDWHEAT        0.30    0.13       0.46         0.22     0.13      1.00  0.22       0.03 -0.12      -0.21 -0.18 -0.01       -0.13 -0.28 -0.14 -0.25 -0.20     -0.14  -0.04    -0.02  -0.25     0.02 -0.06  -0.31          0.03    0.22 -0.35       -0.06    0.10
V2X             0.27    0.10       0.38         0.06     0.02      0.22  1.00      -0.46 -0.10      -0.24 -0.34 -0.05       -0.67 -0.45 -0.44 -0.66 -0.75     -0.67  -0.49    -0.68  -0.52    -0.20 -0.15  -0.28         -0.25   -0.13 -0.28       -0.50   -0.19
AUD_micro      -0.02   -0.05      -0.12         0.07    -0.00      0.03 -0.46       1.00  0.60       0.65  0.68  0.44        0.63  0.55  0.84  0.60  0.40      0.51   0.34     0.45   0.24     0.15 -0.00   0.01          0.48    0.36  0.23        0.41    0.18
CHF            -0.01   -0.38      -0.34         0.02    -0.11     -0.12 -0.10       0.60  1.00       0.84  0.71  0.65        0.35  0.38  0.73  0.43  0.12      0.17   0.04     0.06  -0.14    -0.00  0.19   0.22          0.33    0.19  0.28        0.16    0.11
EUR_micro      -0.08   -0.30      -0.39        -0.03    -0.04     -0.21 -0.24       0.65  0.84       1.00  0.81  0.59        0.47  0.58  0.76  0.58  0.26      0.30   0.08     0.18   0.05     0.04 -0.00   0.19          0.40    0.21  0.24        0.21    0.13
GBP            -0.02   -0.21      -0.34         0.03    -0.03     -0.18 -0.34       0.68  0.71       0.81  1.00  0.57        0.48  0.51  0.78  0.59  0.27      0.29   0.15     0.31   0.00     0.09  0.06   0.28          0.37    0.27  0.35        0.35    0.18
JPY            -0.07   -0.26      -0.23         0.08    -0.27     -0.01 -0.05       0.44  0.65       0.59  0.57  1.00        0.26  0.22  0.51  0.29  0.06      0.11  -0.05     0.05  -0.19     0.13  0.26   0.32          0.27    0.06  0.27        0.14    0.10
MSCIEMASIA     -0.10   -0.19      -0.36        -0.06    -0.07     -0.13 -0.67       0.63  0.35       0.47  0.48  0.26        1.00  0.58  0.60  0.77  0.76      0.71   0.44     0.66   0.53     0.20  0.21   0.29          0.49    0.36  0.31        0.69    0.23
MXP            -0.18   -0.02      -0.29        -0.20     0.01     -0.28 -0.45       0.55  0.38       0.58  0.51  0.22        0.58  1.00  0.49  0.66  0.49      0.52   0.29     0.42   0.35     0.06  0.03   0.18          0.33    0.17  0.27        0.36    0.08
NZD             0.03   -0.21      -0.29         0.12     0.03     -0.14 -0.44       0.84  0.73       0.76  0.78  0.51        0.60  0.49  1.00  0.59  0.31      0.44   0.19     0.32   0.15     0.09  0.14   0.22          0.39    0.26  0.26        0.45    0.18
ZAR            -0.23   -0.11      -0.50        -0.12     0.01     -0.25 -0.66       0.60  0.43       0.58  0.59  0.29        0.77  0.66  0.59  1.00  0.76      0.75   0.41     0.60   0.50     0.05  0.15   0.32          0.42    0.32  0.31        0.48    0.28
CAC            -0.22   -0.01      -0.43        -0.21    -0.05     -0.20 -0.75       0.40  0.12       0.26  0.27  0.06        0.76  0.49  0.31  0.76  1.00      0.79   0.51     0.66   0.66     0.10  0.17   0.29          0.31    0.28  0.32        0.40    0.27
EU-BASIC       -0.17    0.06      -0.36        -0.11     0.12     -0.14 -0.67       0.51  0.17       0.30  0.29  0.11        0.71  0.52  0.44  0.75  0.79      1.00   0.49     0.59   0.66     0.11  0.13   0.15          0.37    0.25  0.16        0.50    0.43
MUMMY          -0.04    0.05      -0.12        -0.27     0.06     -0.04 -0.49       0.34  0.04       0.08  0.15 -0.05        0.44  0.29  0.19  0.41  0.51      0.49   1.00     0.47   0.53     0.17  0.21   0.19          0.30    0.21  0.35        0.27    0.19
RUSSELL        -0.11   -0.04      -0.22        -0.26     0.16     -0.02 -0.68       0.45  0.06       0.18  0.31  0.05        0.66  0.42  0.32  0.60  0.66      0.59   0.47     1.00   0.49     0.27  0.22   0.20          0.26    0.23  0.23        0.48    0.27
TOPIX          -0.18    0.10      -0.26        -0.33     0.10     -0.25 -0.52       0.24 -0.14       0.05  0.00 -0.19        0.53  0.35  0.15  0.50  0.66      0.66   0.53     0.49   1.00    -0.06  0.03   0.15          0.23    0.19 -0.00        0.33    0.26
BITCOIN         0.02   -0.03       0.08         0.14    -0.06      0.02 -0.20       0.15 -0.00       0.04  0.09  0.13        0.20  0.06  0.09  0.05  0.10      0.11   0.17     0.27  -0.06     1.00 -0.06  -0.06          0.38    0.09  0.06        0.25   -0.06
BUXL            0.15   -0.13      -0.23        -0.26    -0.15     -0.06 -0.15      -0.00  0.19      -0.00  0.06  0.26        0.21  0.03  0.14  0.15  0.17      0.13   0.21     0.22   0.03    -0.06  1.00   0.67         -0.07    0.06  0.51        0.21    0.11
CAD10          -0.10   -0.15      -0.41        -0.30    -0.22     -0.31 -0.28       0.01  0.22       0.19  0.28  0.32        0.29  0.18  0.22  0.32  0.29      0.15   0.19     0.20   0.15    -0.06  0.67   1.00         -0.03    0.15  0.60        0.27    0.11
HANGENT_mini    0.05    0.04      -0.07         0.18     0.02      0.03 -0.25       0.48  0.33       0.40  0.37  0.27        0.49  0.33  0.39  0.42  0.31      0.37   0.30     0.26   0.23     0.38 -0.07  -0.03          1.00    0.45  0.09        0.20    0.12
KOSDAQ         -0.03    0.24       0.01         0.16    -0.06      0.22 -0.13       0.36  0.19       0.21  0.27  0.06        0.36  0.17  0.26  0.32  0.28      0.25   0.21     0.23   0.19     0.09  0.06   0.15          0.45    1.00  0.15        0.27    0.15
KR10           -0.17   -0.18      -0.38        -0.22    -0.26     -0.35 -0.28       0.23  0.28       0.24  0.35  0.27        0.31  0.27  0.26  0.31  0.32      0.16   0.35     0.23  -0.00     0.06  0.51   0.60          0.09    0.15  1.00        0.20    0.02
MSCITAIWAN      0.10   -0.03      -0.10        -0.05    -0.06     -0.06 -0.50       0.41  0.16       0.21  0.35  0.14        0.69  0.36  0.45  0.48  0.40      0.50   0.27     0.48   0.33     0.25  0.21   0.27          0.20    0.27  0.20        1.00    0.31
RUBBER          0.05    0.17       0.02        -0.02     0.10      0.10 -0.19       0.18  0.11       0.13  0.18  0.10        0.23  0.08  0.18  0.28  0.27      0.43   0.19     0.27   0.26    -0.06  0.11   0.11          0.12    0.15  0.02        0.31    1.00


********************************************************************************
                                 END OF REPORT                                  
********************************************************************************


