
********************************************************************************
                    Risk report produced on 15/07/2025 22:53                    
********************************************************************************


Total risk across all strategies, annualised percentage 12.6
Percentage of capital used for margin 43.8%

========================================
Risk per strategy, annualised percentage
========================================

                  risk
dynamic_TF_carry  12.7


===================
Risk by asset class
===================

Ags       3.7
Bond      1.3
Equity    6.6
FX        3.5
Metals    3.2
OilGas    3.2
dtype: float64


=====================================================
Beta loadings of asset class positions on asset class
=====================================================

Bond     -0.14
OilGas   -0.07
Metals    0.07
Ags       0.19
Equity    0.42
FX        0.54
dtype: float64


========================================================
Beta loadings of full portfolio positions on asset class
========================================================

Bond     -0.43
OilGas   -0.03
Metals    0.30
Ags       0.39
Equity    0.66
FX        1.43
dtype: float64


===================================================================================================================================================================================================================================================================
                                                                                                                          Instrument risk                                                                                                                          
===================================================================================================================================================================================================================================================================

               daily_price_stdev  annual_price_stdev     price  daily_perc_stdev  annual_perc_stdev  point_size_base  contract_exposure  daily_risk_per_contract  annual_risk_per_contract  position  capital  exposure_held_perc_capital  annual_risk_perc_capital
GAS-PEN                    0.120               1.925      3.53              3.41               54.5           7441.7              26269                      895                     14322        -1   553160                        -4.7                      -2.6
JPY                        0.000               0.001      0.01              0.61                9.7        9302187.1              62906                      382                      6123        -2   553160                       -22.7                      -2.2
DX                         0.394               6.300     98.32              0.40                6.4            744.2              73167                      293                      4688        -2   553160                       -26.5                      -1.7
US10U                      0.466               7.455    111.94              0.42                6.7            744.2              83301                      346                      5548        -1   553160                       -15.1                      -1.0
WHEAT                      8.703             139.248    559.50              1.56               24.9             37.2              20818                      323                      5181        -1   553160                        -3.8                      -0.9
RICE                       0.175               2.797     12.68              1.38               22.1           1488.3              18872                      260                      4163        -1   553160                        -3.4                      -0.8
CAD10                      0.449               7.191    119.19              0.38                6.0            543.4              64773                      244                      3907        -1   553160                       -11.7                      -0.7
GOLD_micro                31.976             511.616   3335.00              0.96               15.3              7.4              24818                      237                      3807        -1   553160                        -4.5                      -0.7
GAS_US_mini                0.118               1.893      3.57              3.31               53.0           1860.4               6641                      220                      3522        -1   553160                        -1.2                      -0.6
DOW                      346.909            5550.546  44342.00              0.78               12.5              0.4              16499                      129                      2065        -1   553160                        -3.0                      -0.4
IRON                       1.270              20.314     99.00              1.28               20.5             74.4               7367                       94                      1511        -1   553160                        -1.3                      -0.3
MUMMY                     10.706             171.292    727.00              1.47               23.6              5.0               3665                       53                       863         1   553160                         0.7                       0.2
KOSDAQ                    18.923             302.760   1329.90              1.42               22.8              5.4               7160                      101                      1630         1   553160                         1.3                       0.3
MXP                        0.000               0.005      0.05              0.55                8.8         372087.5              19609                      108                      1728         1   553160                         3.5                       0.3
CRUDE_W_micro              1.471              23.536     64.44              2.28               36.5             74.4               4795                      109                      1751         1   553160                         0.9                       0.3
CAD                        0.003               0.040      0.73              0.34                5.5          74417.5              54421                      186                      2977         1   553160                         9.8                       0.5
RUSSELL                   25.816             413.049   2229.00              1.16               18.5              3.7               8293                       96                      1536         2   553160                         3.0                       0.6
CANOLA                    10.824             173.181    689.00              1.57               25.1             10.9               7488                      117                      1882         2   553160                         2.7                       0.7
GBP                        0.006               0.093      1.34              0.44                7.0          46510.9              62287                      271                      4347         1   553160                        11.3                       0.8
BTP                        0.381               6.100    120.19              0.32                5.1            869.5             104505                      331                      5304         1   553160                        18.9                       1.0
LEANHOG                    1.226              19.614     87.50              1.40               22.4            297.7              26046                      364                      5838         1   553160                         4.7                       1.1
YENEUR                     0.734              11.746    172.27              0.43                6.8            630.3             108582                      462                      7403         1   553160                        19.6                       1.3
MSCIEAFA                  23.100             369.598   2635.10              0.88               14.0             37.2              98048                      859                     13752         1   553160                        17.7                       2.5
FEEDCOW                    3.051              48.820    322.55              0.95               15.1            372.1             120016                     1135                     18165         1   553160                        21.7                       3.3
PLAT                      32.102             513.631   1416.40              2.27               36.3             37.2              52702                     1194                     19111         1   553160                         9.5                       3.5
MIB                      350.825            5613.193  39995.00              0.88               14.0              4.3             173879                     1525                     24403         1   553160                        31.4                       4.4

Sum of abs(notional exposure % capital) 254.6
Sum of abs(annualised risk % capital) 32.7
Net sum of annualised risk % capital 8.9 

=========================================================================================================================================================================================================================
                                                                                                      Correlations                                                                                                       
=========================================================================================================================================================================================================================

               CRUDE_W_micro   DOW  FEEDCOW  IRON  KOSDAQ  LEANHOG   MIB  MSCIEAFA  MUMMY  PLAT  RICE  RUSSELL   CAD   GBP  GOLD_micro   MXP  CANOLA  GAS-PEN  GAS_US_mini  WHEAT  YENEUR   BTP  CAD10   JPY  US10U    DX
CRUDE_W_micro           1.00  0.02     0.17  0.16    0.24     0.23  0.16      0.11   0.22  0.24  0.12     0.19  0.01 -0.18        0.37  0.17    0.21     0.11         0.11   0.26    0.20 -0.09  -0.27 -0.35  -0.17  0.30
DOW                     0.02  1.00     0.26  0.14    0.16     0.23  0.50      0.74   0.29  0.18  0.03     0.86  0.09  0.10       -0.10  0.11   -0.06    -0.04        -0.06  -0.00    0.12  0.14  -0.16 -0.17  -0.15  0.04
FEEDCOW                 0.17  0.26     1.00  0.20    0.08     0.20  0.35      0.32   0.28  0.40  0.16     0.28  0.03  0.17        0.10  0.29   -0.20     0.11         0.17  -0.05    0.40 -0.18  -0.33 -0.28  -0.17  0.04
IRON                    0.16  0.14     0.20  1.00    0.27    -0.00  0.21      0.22   0.14  0.18  0.07     0.20  0.11 -0.03        0.15  0.13   -0.04     0.04         0.04   0.19   -0.06 -0.00  -0.19 -0.02  -0.08  0.04
KOSDAQ                  0.24  0.16     0.08  0.27    1.00     0.02  0.25      0.22   0.36  0.11  0.01     0.28  0.13  0.04        0.05  0.10    0.07     0.03        -0.00   0.23    0.03  0.00   0.02 -0.07   0.08  0.02
LEANHOG                 0.23  0.23     0.20 -0.00    0.02     1.00  0.31      0.34   0.30  0.13  0.17     0.29  0.07  0.15        0.09  0.10    0.29    -0.01        -0.01   0.18    0.22 -0.06  -0.19 -0.13  -0.23 -0.10
MIB                     0.16  0.50     0.35  0.21    0.25     0.31  1.00      0.65   0.48  0.21  0.12     0.56 -0.16  0.13       -0.05  0.17   -0.06     0.03         0.05  -0.06    0.10  0.10  -0.03 -0.23  -0.04  0.14
MSCIEAFA                0.11  0.74     0.32  0.22    0.22     0.34  0.65      1.00   0.49  0.29  0.20     0.63  0.35  0.47        0.25  0.30    0.04     0.02         0.04   0.07    0.21  0.00  -0.30  0.05  -0.28 -0.33
MUMMY                   0.22  0.29     0.28  0.14    0.36     0.30  0.48      0.49   1.00  0.18  0.13     0.38  0.14  0.11        0.13  0.11   -0.05    -0.10        -0.06  -0.00    0.15 -0.01  -0.23 -0.18  -0.21  0.05
PLAT                    0.24  0.18     0.40  0.18    0.11     0.13  0.21      0.29   0.18  1.00  0.07     0.23  0.16  0.23        0.39  0.34   -0.11     0.13         0.15   0.23    0.12 -0.08  -0.31  0.03  -0.14 -0.11
RICE                    0.12  0.03     0.16  0.07    0.01     0.17  0.12      0.20   0.13  0.07  1.00     0.00  0.08  0.04        0.18 -0.10   -0.06     0.05         0.08   0.01    0.03 -0.08  -0.23  0.08  -0.20 -0.14
RUSSELL                 0.19  0.86     0.28  0.20    0.28     0.29  0.56      0.63   0.38  0.23  0.00     1.00  0.09  0.11       -0.06  0.22   -0.08    -0.06        -0.08   0.03    0.05  0.21  -0.09 -0.18  -0.03  0.08
CAD                     0.01  0.09     0.03  0.11    0.13     0.07 -0.16      0.35   0.14  0.16  0.08     0.09  1.00  0.52        0.53  0.33    0.22     0.05         0.06   0.28    0.13 -0.00  -0.34  0.39  -0.17 -0.67
GBP                    -0.18  0.10     0.17 -0.03    0.04     0.15  0.13      0.47   0.11  0.23  0.04     0.11  0.52  1.00        0.29  0.39    0.06    -0.03         0.02  -0.09    0.18  0.02   0.05  0.49   0.08 -0.82
GOLD_micro              0.37 -0.10     0.10  0.15    0.05     0.09 -0.05      0.25   0.13  0.39  0.18    -0.06  0.53  0.29        1.00  0.19    0.12     0.03         0.02   0.27    0.04 -0.00  -0.32  0.29  -0.17 -0.35
MXP                     0.17  0.11     0.29  0.13    0.10     0.10  0.17      0.30   0.11  0.34 -0.10     0.22  0.33  0.39        0.19  1.00   -0.04     0.01         0.04   0.07    0.33 -0.00  -0.18 -0.01  -0.06 -0.33
CANOLA                  0.21 -0.06    -0.20 -0.04    0.07     0.29 -0.06      0.04  -0.05 -0.11 -0.06    -0.08  0.22  0.06        0.12 -0.04    1.00     0.12         0.11   0.21    0.14 -0.02  -0.16 -0.06  -0.25 -0.09
GAS-PEN                 0.11 -0.04     0.11  0.04    0.03    -0.01  0.03      0.02  -0.10  0.13  0.05    -0.06  0.05 -0.03        0.03  0.01    0.12     1.00         0.97   0.15    0.07 -0.28  -0.19 -0.09  -0.09  0.03
GAS_US_mini             0.11 -0.06     0.17  0.04   -0.00    -0.01  0.05      0.04  -0.06  0.15  0.08    -0.08  0.06  0.02        0.02  0.04    0.11     0.97         1.00   0.12    0.14 -0.31  -0.23 -0.12  -0.14  0.01
WHEAT                   0.26 -0.00    -0.05  0.19    0.23     0.18 -0.06      0.07  -0.00  0.23  0.01     0.03  0.28 -0.09        0.27  0.07    0.21     0.15         0.12   1.00    0.02 -0.12  -0.21 -0.01  -0.27 -0.02
YENEUR                  0.20  0.12     0.40 -0.06    0.03     0.22  0.10      0.21   0.15  0.12  0.03     0.05  0.13  0.18        0.04  0.33    0.14     0.07         0.14   0.02    1.00 -0.49  -0.53 -0.64  -0.48 -0.07
BTP                    -0.09  0.14    -0.18 -0.00    0.00    -0.06  0.10      0.00  -0.01 -0.08 -0.08     0.21 -0.00  0.02       -0.00 -0.00   -0.02    -0.28        -0.31  -0.12   -0.49  1.00   0.61  0.27   0.55  0.04
CAD10                  -0.27 -0.16    -0.33 -0.19    0.02    -0.19 -0.03     -0.30  -0.23 -0.31 -0.23    -0.09 -0.34  0.05       -0.32 -0.18   -0.16    -0.19        -0.23  -0.21   -0.53  0.61   1.00  0.35   0.81  0.02
JPY                    -0.35 -0.17    -0.28 -0.02   -0.07    -0.13 -0.23      0.05  -0.18  0.03  0.08    -0.18  0.39  0.49        0.29 -0.01   -0.06    -0.09        -0.12  -0.01   -0.64  0.27   0.35  1.00   0.33 -0.67
US10U                  -0.17 -0.15    -0.17 -0.08    0.08    -0.23 -0.04     -0.28  -0.21 -0.14 -0.20    -0.03 -0.17  0.08       -0.17 -0.06   -0.25    -0.09        -0.14  -0.27   -0.48  0.55   0.81  0.33   1.00 -0.05
DX                      0.30  0.04     0.04  0.04    0.02    -0.10  0.14     -0.33   0.05 -0.11 -0.14     0.08 -0.67 -0.82       -0.35 -0.33   -0.09     0.03         0.01  -0.02   -0.07  0.04   0.02 -0.67  -0.05  1.00


********************************************************************************
                                 END OF REPORT                                  
********************************************************************************


