
********************************************************************************
                    Risk report produced on 03/10/2023 22:52                    
********************************************************************************


Total risk across all strategies, annualised percentage 17.8
Percentage of capital used for margin 59.1%

========================================
Risk per strategy, annualised percentage
========================================

                  risk
dynamic_TF_carry  17.8


===================
Risk by asset class
===================

Ags        5.4
Bond      10.0
Equity     2.8
FX         6.9
Sector     2.8
Vol        2.1
dtype: float64


=====================================================
Beta loadings of asset class positions on asset class
=====================================================

Bond     -1.24
FX       -1.22
Equity   -0.09
Vol      -0.04
Sector    0.16
Ags       0.30
dtype: float64


========================================================
Beta loadings of full portfolio positions on asset class
========================================================

FX       -1.91
Bond     -1.72
Equity   -0.17
Vol      -0.07
Sector    0.20
Ags       0.38
dtype: float64


==================================================================================================================================================================================================================================================================
                                                                                                                         Instrument risk                                                                                                                          
==================================================================================================================================================================================================================================================================

              daily_price_stdev  annual_price_stdev     price  daily_perc_stdev  annual_perc_stdev  point_size_base  contract_exposure  daily_risk_per_contract  annual_risk_per_contract  position  capital  exposure_held_perc_capital  annual_risk_perc_capital
US20                      0.957              15.317    110.56              0.87               13.9            829.1              91665                      793                     12698        -1   394088                       -23.3                      -3.2
DAX                     133.817            2141.068  15211.00              0.88               14.1              0.9              13195                      116                      1857        -6   394088                       -20.1                      -2.8
BTP                       0.781              12.501    108.62              0.72               11.5            867.5              94229                      677                     10844        -1   394088                       -23.9                      -2.8
BUND                      0.751              12.014    127.40              0.59                9.4            867.5             110521                      651                     10421        -1   394088                       -28.0                      -2.6
US3                       0.185               2.968    102.69              0.18                2.9           1658.2             170279                      307                      4921        -2   394088                       -86.4                      -2.5
VIX                       0.628              10.051     19.90              3.16               50.5            829.1              16498                      520                      8333        -1   394088                        -4.2                      -2.1
CHF                       0.005               0.073      1.10              0.42                6.7         103635.5             113791                      475                      7613        -1   394088                       -28.9                      -1.9
JPY                       0.000               0.001      0.01              0.52                8.3       10363553.5              70513                      367                      5874        -1   394088                       -17.9                      -1.5
AUD                       0.004               0.068      0.63              0.68               10.8          82908.4              52398                      354                      5676        -1   394088                       -13.3                      -1.4
NASDAQ_micro            185.905            2974.474  14671.50              1.27               20.3              1.7              24327                      308                      4932        -1   394088                        -6.2                      -1.3
GBP                       0.006               0.090      1.21              0.47                7.5          51817.8              62642                      292                      4683        -1   394088                       -15.9                      -1.2
NZD                       0.003               0.056      0.59              0.59                9.4          82908.4              48978                      287                      4605        -1   394088                       -12.4                      -1.2
CNH                       0.020               0.316      7.33              0.27                4.3          11317.0              82927                      223                      3573         1   394088                        21.0                       0.9
SOYBEAN_mini             15.892             254.280   1274.00              1.25               20.0              8.3              10562                      131                      2108         2   394088                         5.4                       1.1
LEANHOG                   1.685              26.965     69.75              2.42               38.7            331.6              23131                      558                      8942         1   394088                         5.9                       2.3
NIKKEI                  302.398            4838.371  31275.00              0.97               15.5              0.6              17295                      167                      2675         4   394088                        17.6                       2.7
EU-OIL                    3.994              63.910    353.50              1.13               18.1             43.4              15333                      173                      2772         4   394088                        15.6                       2.8
LIVECOW                   1.411              22.579    185.85              0.76               12.1            331.6              61634                      468                      7488         2   394088                        31.3                       3.8

Sum of abs(notional exposure % capital) 377.3
Sum of abs(annualised risk % capital) 38.1
Net sum of annualised risk % capital -10.9 

==================================================================================================================================================
                                                                   Correlations                                                                   
==================================================================================================================================================

               CNH   VIX  EU-OIL  LEANHOG  LIVECOW  NIKKEI  SOYBEAN_mini   BTP  BUND  US20   US3   DAX  NASDAQ_micro   AUD   CHF   GBP   JPY   NZD
CNH           1.00  0.23   -0.10     0.07     0.01   -0.12         -0.18 -0.35 -0.40 -0.42 -0.48 -0.33         -0.40 -0.62 -0.47 -0.43 -0.52 -0.59
VIX           0.23  1.00   -0.35    -0.28    -0.39   -0.45         -0.24 -0.27 -0.20 -0.25 -0.11 -0.53         -0.62 -0.46 -0.17 -0.27 -0.14 -0.35
EU-OIL       -0.10 -0.35    1.00     0.27     0.22    0.42          0.18 -0.01 -0.12 -0.10 -0.04  0.49          0.13  0.28  0.10  0.13  0.05  0.21
LEANHOG       0.07 -0.28    0.27     1.00     0.37    0.18          0.18 -0.11 -0.19 -0.14 -0.18  0.29          0.16  0.21  0.03  0.08  0.02  0.18
LIVECOW       0.01 -0.39    0.22     0.37     1.00    0.19          0.11  0.05  0.01  0.01 -0.12  0.24          0.30  0.08 -0.00  0.03 -0.05 -0.01
NIKKEI       -0.12 -0.45    0.42     0.18     0.19    1.00          0.15  0.23  0.11  0.12 -0.07  0.63          0.56  0.34  0.15  0.21 -0.18  0.26
SOYBEAN_mini -0.18 -0.24    0.18     0.18     0.11    0.15          1.00  0.10  0.03  0.19 -0.04  0.11          0.17  0.38  0.23  0.26  0.13  0.32
BTP          -0.35 -0.27   -0.01    -0.11     0.05    0.23          0.10  1.00  0.92  0.72  0.57  0.48          0.41  0.34  0.43  0.46  0.48  0.34
BUND         -0.40 -0.20   -0.12    -0.19     0.01    0.11          0.03  0.92  1.00  0.77  0.68  0.35          0.39  0.28  0.37  0.40  0.47  0.29
US20         -0.42 -0.25   -0.10    -0.14     0.01    0.12          0.19  0.72  0.77  1.00  0.77  0.36          0.45  0.39  0.54  0.51  0.54  0.43
US3          -0.48 -0.11   -0.04    -0.18    -0.12   -0.07         -0.04  0.57  0.68  0.77  1.00  0.26          0.38  0.43  0.57  0.56  0.63  0.51
DAX          -0.33 -0.53    0.49     0.29     0.24    0.63          0.11  0.48  0.35  0.36  0.26  1.00          0.61  0.54  0.43  0.47  0.33  0.46
NASDAQ_micro -0.40 -0.62    0.13     0.16     0.30    0.56          0.17  0.41  0.39  0.45  0.38  0.61          1.00  0.58  0.39  0.51  0.27  0.52
AUD          -0.62 -0.46    0.28     0.21     0.08    0.34          0.38  0.34  0.28  0.39  0.43  0.54          0.58  1.00  0.68  0.72  0.58  0.90
CHF          -0.47 -0.17    0.10     0.03    -0.00    0.15          0.23  0.43  0.37  0.54  0.57  0.43          0.39  0.68  1.00  0.77  0.67  0.69
GBP          -0.43 -0.27    0.13     0.08     0.03    0.21          0.26  0.46  0.40  0.51  0.56  0.47          0.51  0.72  0.77  1.00  0.60  0.76
JPY          -0.52 -0.14    0.05     0.02    -0.05   -0.18          0.13  0.48  0.47  0.54  0.63  0.33          0.27  0.58  0.67  0.60  1.00  0.59
NZD          -0.59 -0.35    0.21     0.18    -0.01    0.26          0.32  0.34  0.29  0.43  0.51  0.46          0.52  0.90  0.69  0.76  0.59  1.00


********************************************************************************
                                 END OF REPORT                                  
********************************************************************************


