
********************************************************************************
                    Risk report produced on 04/06/2025 22:53                    
********************************************************************************


Total risk across all strategies, annualised percentage 7.1
Percentage of capital used for margin 36.9%

========================================
Risk per strategy, annualised percentage
========================================

                  risk
dynamic_TF_carry   7.1


===================
Risk by asset class
===================

Ags       3.1
Bond      2.0
Equity    3.5
FX        2.2
Metals    0.3
OilGas    3.5
Vol       0.1
dtype: float64


=====================================================
Beta loadings of asset class positions on asset class
=====================================================

OilGas   -0.09
Metals   -0.01
Vol      -0.00
Ags       0.16
Equity    0.21
FX        0.23
Bond      0.39
dtype: float64


========================================================
Beta loadings of full portfolio positions on asset class
========================================================

Vol      -0.06
OilGas   -0.06
Metals    0.04
Ags       0.19
FX        0.23
Bond      0.31
Equity    0.33
dtype: float64


===================================================================================================================================================================================================================================================================
                                                                                                                          Instrument risk                                                                                                                          
===================================================================================================================================================================================================================================================================

               daily_price_stdev  annual_price_stdev     price  daily_perc_stdev  annual_perc_stdev  point_size_base  contract_exposure  daily_risk_per_contract  annual_risk_per_contract  position  capital  exposure_held_perc_capital  annual_risk_perc_capital
GAS-PEN                    0.123               1.972      3.71              3.32               53.1           7401.8              27482                      912                     14596        -1   533788                        -5.1                      -2.7
DOW                      451.558            7224.925  42550.00              1.06               17.0              0.4              15747                      167                      2673        -4   533788                       -11.8                      -2.0
DX                         0.455               7.280     98.31              0.46                7.4            740.2              72766                      336                      5388        -1   533788                       -13.6                      -1.0
WHEAT                      7.050             112.804    579.50              1.22               19.5             37.0              21446                      260                      4174        -1   533788                        -4.0                      -0.8
GAS_US_mini                0.126               2.021      3.74              3.38               54.1           1850.4               6911                      233                      3740        -1   533788                        -1.3                      -0.7
IRON                       1.263              20.210     93.50              1.35               21.6             74.0               6920                       93                      1495        -1   533788                        -1.3                      -0.3
CRUDE_W_micro              1.215              19.440     61.94              1.96               31.4             74.0               4584                       89                      1438        -1   533788                        -0.9                      -0.3
V2X                        0.531               8.498     19.85              2.68               42.8             84.1               1669                       44                       714        -1   533788                        -0.3                      -0.1
MUMMY                     10.165             162.646    760.00              1.34               21.4              5.1               3900                       52                       834         1   533788                         0.7                       0.2
IBEX_mini                129.308            2068.921  14115.00              0.92               14.7              0.8              11872                      108                      1740         1   533788                         2.2                       0.3
DAX                      229.924            3678.780  24293.00              0.95               15.1              0.8              20432                      193                      3094         1   533788                         3.8                       0.6
MXP                        0.000               0.005      0.05              0.64               10.2         370089.4              19259                      122                      1960         2   533788                         7.2                       0.7
MSCISING                   4.419              70.709    411.20              1.07               17.2             57.3              23563                      253                      4051         1   533788                         4.4                       0.8
CANOLA                     9.211             147.381    677.10              1.36               21.8             10.8               7302                       99                      1589         3   533788                         4.1                       0.9
BTP                        0.387               6.198    120.76              0.32                5.1            841.1             101571                      325                      5213         1   533788                        19.0                       1.0
OAT                        0.404               6.463    124.48              0.32                5.2            841.1             104699                      339                      5435         1   533788                        19.6                       1.0
YENEUR                     0.815              13.043    162.99              0.50                8.0            641.5             104554                      522                      8366         1   533788                        19.6                       1.6
FEEDCOW                    2.570              41.124    303.62              0.85               13.5            370.1             112368                      951                     15219         1   533788                        21.1                       2.9
MSCIEAFA                  28.608             457.730   2627.90              1.09               17.4             37.0              97255                     1058                     16940         1   533788                        18.2                       3.2

Sum of abs(notional exposure % capital) 158.2
Sum of abs(annualised risk % capital) 21.1
Net sum of annualised risk % capital 5.3 

========================================================================================================================================================================
                                                                              Correlations                                                                              
========================================================================================================================================================================

                BTP  CANOLA  IRON   OAT  WHEAT    DX  GAS-PEN  GAS_US_mini   DAX   DOW  IBEX_mini  MSCIEAFA  MSCISING  MUMMY  CRUDE_W_micro  FEEDCOW   MXP  YENEUR   V2X
BTP            1.00    0.03  0.19  0.94  -0.02 -0.04    -0.23        -0.24  0.25  0.24       0.27      0.15      0.15   0.15          -0.12    -0.10  0.16   -0.36 -0.18
CANOLA         0.03    1.00  0.05  0.03   0.14  0.03     0.05         0.06 -0.02  0.04       0.09     -0.05     -0.03   0.02           0.04    -0.07 -0.10    0.06 -0.04
IRON           0.19    0.05  1.00  0.17   0.05 -0.00    -0.12        -0.12  0.20  0.11       0.11      0.18      0.09   0.07           0.20     0.12  0.02   -0.08 -0.07
OAT            0.94    0.03  0.17  1.00   0.02 -0.01    -0.28        -0.29  0.13  0.13       0.14     -0.01     -0.00   0.04          -0.21    -0.25  0.09   -0.41 -0.06
WHEAT         -0.02    0.14  0.05  0.02   1.00 -0.21     0.05         0.04  0.04 -0.08       0.06      0.09     -0.00   0.03          -0.01    -0.13  0.23    0.03  0.07
DX            -0.04    0.03 -0.00 -0.01  -0.21  1.00     0.08         0.09  0.02  0.18      -0.04     -0.32      0.05  -0.02           0.28    -0.03 -0.18    0.04 -0.19
GAS-PEN       -0.23    0.05 -0.12 -0.28   0.05  0.08     1.00         0.97  0.10  0.13       0.06      0.20      0.24   0.09           0.14     0.21  0.03    0.11 -0.14
GAS_US_mini   -0.24    0.06 -0.12 -0.29   0.04  0.09     0.97         1.00  0.14  0.12       0.10      0.23      0.27   0.13           0.17     0.26  0.06    0.15 -0.14
DAX            0.25   -0.02  0.20  0.13   0.04  0.02     0.10         0.14  1.00  0.78       0.88      0.84      0.80   0.70           0.28     0.38  0.36    0.20 -0.67
DOW            0.24    0.04  0.11  0.13  -0.08  0.18     0.13         0.12  0.78  1.00       0.67      0.69      0.72   0.60           0.25     0.35  0.20    0.10 -0.65
IBEX_mini      0.27    0.09  0.11  0.14   0.06 -0.04     0.06         0.10  0.88  0.67       1.00      0.82      0.82   0.72           0.36     0.33  0.37    0.14 -0.64
MSCIEAFA       0.15   -0.05  0.18 -0.01   0.09 -0.32     0.20         0.23  0.84  0.69       0.82      1.00      0.82   0.73           0.29     0.47  0.37    0.15 -0.56
MSCISING       0.15   -0.03  0.09 -0.00  -0.00  0.05     0.24         0.27  0.80  0.72       0.82      0.82      1.00   0.75           0.45     0.44  0.35    0.12 -0.65
MUMMY          0.15    0.02  0.07  0.04   0.03 -0.02     0.09         0.13  0.70  0.60       0.72      0.73      0.75   1.00           0.46     0.43  0.35    0.27 -0.70
CRUDE_W_micro -0.12    0.04  0.20 -0.21  -0.01  0.28     0.14         0.17  0.28  0.25       0.36      0.29      0.45   0.46           1.00     0.33  0.22    0.14 -0.33
FEEDCOW       -0.10   -0.07  0.12 -0.25  -0.13 -0.03     0.21         0.26  0.38  0.35       0.33      0.47      0.44   0.43           0.33     1.00  0.30    0.36 -0.30
MXP            0.16   -0.10  0.02  0.09   0.23 -0.18     0.03         0.06  0.36  0.20       0.37      0.37      0.35   0.35           0.22     0.30  1.00    0.36 -0.40
YENEUR        -0.36    0.06 -0.08 -0.41   0.03  0.04     0.11         0.15  0.20  0.10       0.14      0.15      0.12   0.27           0.14     0.36  0.36    1.00 -0.39
V2X           -0.18   -0.04 -0.07 -0.06   0.07 -0.19    -0.14        -0.14 -0.67 -0.65      -0.64     -0.56     -0.65  -0.70          -0.33    -0.30 -0.40   -0.39  1.00


********************************************************************************
                                 END OF REPORT                                  
********************************************************************************


