
********************************************************************************
                    Risk report produced on 18/09/2025 22:53                    
********************************************************************************


Total risk across all strategies, annualised percentage 17.5
Percentage of capital used for margin 47.5%

========================================
Risk per strategy, annualised percentage
========================================

                  risk
dynamic_TF_carry  17.5


===================
Risk by asset class
===================

Ags        4.5
Bond       4.6
Equity    10.5
FX         1.6
Metals     4.4
OilGas     3.2
Sector     1.3
dtype: float64


=====================================================
Beta loadings of asset class positions on asset class
=====================================================

FX       -0.14
OilGas   -0.08
Sector   -0.06
Metals    0.23
Ags       0.26
Bond      0.75
Equity    0.81
dtype: float64


========================================================
Beta loadings of full portfolio positions on asset class
========================================================

OilGas   -0.08
Sector    0.34
Metals    0.49
Ags       0.62
Bond      0.74
Equity    0.95
FX        1.41
dtype: float64


====================================================================================================================================================================================================================================================================
                                                                                                                          Instrument risk                                                                                                                           
====================================================================================================================================================================================================================================================================

               daily_price_stdev  annual_price_stdev      price  daily_perc_stdev  annual_perc_stdev  point_size_base  contract_exposure  daily_risk_per_contract  annual_risk_per_contract  position  capital  exposure_held_perc_capital  annual_risk_perc_capital
GAS-PEN                    0.091               1.454       2.94              3.10               49.5           7353.9              21591                      668                     10694        -1   577164                        -3.7                      -1.9
JPY                        0.000               0.001       0.01              0.53                8.4        9192359.3              62705                      330                      5292        -2   577164                       -21.7                      -1.8
GAS_US_mini                0.092               1.472       2.93              3.14               50.2           1838.5               5386                      169                      2705        -3   577164                        -2.8                      -1.4
EU-TECH                   10.978             175.646     826.50              1.33               21.3             43.4              35834                      475                      7615        -1   577164                        -6.2                      -1.3
DAX                      195.189            3123.021   23621.00              0.83               13.2              0.9              20482                      169                      2708        -2   577164                        -7.1                      -0.9
DX                         0.402               6.430      96.98              0.41                6.6            735.4              71314                      295                      4728        -1   577164                       -12.4                      -0.8
WHEAT                      6.102              97.639     525.00              1.16               18.6             36.8              19303                      224                      3590        -1   577164                        -3.3                      -0.6
BITCOIN                 2308.268           36932.282  118920.00              1.94               31.1              0.1               8745                      169                      2715        -1   577164                        -1.5                      -0.5
KRWUSD_mini                0.003               0.055       0.72              0.48                7.6          18384.7              13299                       63                      1011        -2   577164                        -4.6                      -0.4
BRE                        0.001               0.016       0.19              0.54                8.6          73538.9              13817                       74                      1184         1   577164                         2.4                       0.2
CRUDE_W_micro              1.010              16.165      63.00              1.60               25.7             73.5               4632                       74                      1188         1   577164                         0.8                       0.2
FTSECHINAA               145.976            2335.621   15202.00              0.96               15.4              0.7              11179                      107                      1717         1   577164                         1.9                       0.3
TOPIX                     26.357             421.706    3136.00              0.84               13.4              5.0              15650                      131                      2104         1   577164                         2.7                       0.4
GOLD_micro                27.335             437.358    3674.70              0.74               11.9              7.4              27023                      201                      3216         1   577164                         4.7                       0.6
CAD10                      0.385               6.167     122.33              0.32                5.0            533.3              65233                      205                      3288         1   577164                        11.3                       0.6
NIKKEI                   444.167            7106.669   45170.00              0.98               15.7              0.5              22542                      221                      3546         1   577164                         3.9                       0.6
GBP                        0.005               0.081       1.36              0.37                6.0          45961.8              62310                      233                      3730         1   577164                        10.8                       0.6
RUSSELL                   26.999             431.982    2487.70              1.09               17.4              3.7               9147                       99                      1588         3   577164                         4.8                       0.8
OAT                        0.398               6.369     121.40              0.33                5.2            867.1             105270                      345                      5522         1   577164                        18.2                       1.0
LEANHOG                    0.925              14.795      87.78              1.05               16.9            294.2              25819                      271                      4351         2   577164                         8.9                       1.5
US30                       0.898              14.369     120.25              0.75               11.9            735.4              88430                      660                     10566         1   577164                        15.3                       1.8
BTP                        0.407               6.511     119.92              0.34                5.4            867.1             103986                      352                      5645         2   577164                        36.0                       2.0
SILVER                     0.528               8.446      42.12              1.25               20.0            735.4              30978                      388                      6210         2   577164                        10.7                       2.2
MSCITAIWAN                11.222             179.550    1102.60              1.02               16.3             73.5              81083                      825                     13203         1   577164                        14.0                       2.3
PLAT                      23.409             374.537    1416.40              1.65               26.4             36.8              52080                      860                     13771         1   577164                         9.0                       2.4
FEEDCOW                    3.800              60.793     347.48              1.09               17.5            367.7             127764                     1397                     22353         1   577164                        22.1                       3.9
MSCIEAFA                  20.133             322.130    2773.70              0.73               11.6             36.8             101987                      740                     11844         2   577164                        35.3                       4.1
MIB                      359.807            5756.911   42185.00              0.85               13.6              4.3             182900                     1560                     24960         1   577164                        31.7                       4.3

Sum of abs(notional exposure % capital) 307.8
Sum of abs(annualised risk % capital) 39.4
Net sum of annualised risk % capital 20.2 

===========================================================================================================================================================================================================================================================
                                                                                                                       Correlations                                                                                                                        
===========================================================================================================================================================================================================================================================

                 DX  GAS-PEN  GAS_US_mini   DAX  EU-TECH   MIB  MSCIEAFA  MSCITAIWAN  NIKKEI  RUSSELL  TOPIX  BITCOIN   BRE  CRUDE_W_micro  FEEDCOW  FTSECHINAA  LEANHOG  PLAT  SILVER   BTP  CAD10   JPY   OAT  US30   GBP  GOLD_micro  KRWUSD_mini  WHEAT
DX             1.00     0.28         0.27 -0.02     0.14  0.00     -0.38        0.03    0.07     0.02   0.14     0.07 -0.22           0.17     0.11       -0.07    -0.13 -0.29   -0.22 -0.26  -0.34 -0.72 -0.28 -0.31 -0.79       -0.45        -0.57  -0.25
GAS-PEN        0.28     1.00         0.93 -0.06     0.07 -0.07     -0.12        0.03    0.01    -0.07   0.03    -0.06  0.07           0.12    -0.15       -0.11    -0.02 -0.13    0.03 -0.13   0.01 -0.24 -0.12  0.06 -0.25       -0.01        -0.11   0.01
GAS_US_mini    0.27     0.93         1.00  0.08     0.18  0.11      0.02        0.13    0.08     0.04   0.11     0.03  0.19           0.27    -0.04        0.00     0.06 -0.04    0.16 -0.14  -0.02 -0.27 -0.15  0.06 -0.18        0.09        -0.09   0.08
DAX           -0.02    -0.06         0.08  1.00     0.75  0.90      0.84        0.61    0.61     0.65   0.65     0.39  0.34           0.23     0.37        0.38     0.18  0.33    0.42  0.22   0.12 -0.14  0.12  0.19  0.39        0.20         0.22   0.01
EU-TECH        0.14     0.07         0.18  0.75     1.00  0.68      0.61        0.73    0.60     0.62   0.56     0.41  0.31           0.22     0.19        0.34     0.12  0.32    0.37  0.25   0.05 -0.29  0.14  0.13  0.21        0.06         0.09   0.01
MIB            0.00    -0.07         0.11  0.90     0.68  1.00      0.85        0.69    0.65     0.70   0.69     0.40  0.45           0.38     0.44        0.45     0.24  0.35    0.47  0.14   0.08 -0.19  0.03  0.20  0.37        0.20         0.13   0.04
MSCIEAFA      -0.38    -0.12         0.02  0.84     0.61  0.85      1.00        0.68    0.61     0.69   0.64     0.38  0.49           0.30     0.35        0.46     0.28  0.47    0.56  0.32   0.27  0.10  0.22  0.31  0.67        0.45         0.45   0.04
MSCITAIWAN     0.03     0.03         0.13  0.61     0.73  0.69      0.68        1.00    0.71     0.62   0.68     0.39  0.37           0.34     0.24        0.36     0.07  0.45    0.54  0.18   0.09 -0.26  0.06  0.20  0.34        0.20         0.13  -0.08
NIKKEI         0.07     0.01         0.08  0.61     0.60  0.65      0.61        0.71    1.00     0.57   0.94     0.35  0.35           0.24     0.26        0.32     0.06  0.17    0.26  0.05  -0.04 -0.39 -0.05  0.04  0.34        0.01         0.11  -0.13
RUSSELL        0.02    -0.07         0.04  0.65     0.62  0.70      0.69        0.62    0.57     1.00   0.59     0.57  0.52           0.33     0.41        0.42     0.42  0.37    0.47  0.24   0.10 -0.18  0.11  0.19  0.29        0.17         0.03  -0.02
TOPIX          0.14     0.03         0.11  0.65     0.56  0.69      0.64        0.68    0.94     0.59   1.00     0.35  0.33           0.27     0.36        0.37     0.11  0.14    0.29  0.03  -0.02 -0.43 -0.07  0.01  0.31        0.03         0.04  -0.18
BITCOIN        0.07    -0.06         0.03  0.39     0.41  0.40      0.38        0.39    0.35     0.57   0.35     1.00  0.25           0.13     0.19        0.13     0.13  0.24    0.27  0.24   0.04 -0.20  0.13 -0.07  0.14        0.04        -0.02  -0.11
BRE           -0.22     0.07         0.19  0.34     0.31  0.45      0.49        0.37    0.35     0.52   0.33     0.25  1.00           0.38     0.31        0.36     0.36  0.29    0.43  0.09   0.15 -0.09  0.03  0.32  0.32        0.24         0.11   0.16
CRUDE_W_micro  0.17     0.12         0.27  0.23     0.22  0.38      0.30        0.34    0.24     0.33   0.27     0.13  0.38           1.00     0.32        0.33     0.28  0.18    0.43 -0.10  -0.17 -0.30 -0.19 -0.05 -0.07        0.26        -0.06   0.12
FEEDCOW        0.11    -0.15        -0.04  0.37     0.19  0.44      0.35        0.24    0.26     0.41   0.36     0.19  0.31           0.32     1.00        0.40     0.25  0.23    0.32 -0.18  -0.28 -0.31 -0.33 -0.14  0.08        0.03        -0.06  -0.11
FTSECHINAA    -0.07    -0.11         0.00  0.38     0.34  0.45      0.46        0.36    0.32     0.42   0.37     0.13  0.36           0.33     0.40        1.00     0.30  0.31    0.40 -0.05  -0.08 -0.14 -0.14 -0.03  0.23        0.23         0.04   0.27
LEANHOG       -0.13    -0.02         0.06  0.18     0.12  0.24      0.28        0.07    0.06     0.42   0.11     0.13  0.36           0.28     0.25        0.30     1.00  0.17    0.30  0.00  -0.07  0.07 -0.06  0.04  0.11        0.25         0.07   0.24
PLAT          -0.29    -0.13        -0.04  0.33     0.32  0.35      0.47        0.45    0.17     0.37   0.14     0.24  0.29           0.18     0.23        0.31     0.17  1.00    0.67  0.13   0.03  0.02  0.05  0.06  0.38        0.39         0.29   0.27
SILVER        -0.22     0.03         0.16  0.42     0.37  0.47      0.56        0.54    0.26     0.47   0.29     0.27  0.43           0.43     0.32        0.40     0.30  0.67    1.00  0.20   0.11 -0.03  0.09  0.12  0.40        0.68         0.20   0.28
BTP           -0.26    -0.13        -0.14  0.22     0.25  0.14      0.32        0.18    0.05     0.24   0.03     0.24  0.09          -0.10    -0.18       -0.05     0.00  0.13    0.20  1.00   0.66  0.35  0.96  0.54  0.27        0.40         0.29  -0.07
CAD10         -0.34     0.01        -0.02  0.12     0.05  0.08      0.27        0.09   -0.04     0.10  -0.02     0.04  0.15          -0.17    -0.28       -0.08    -0.07  0.03    0.11  0.66   1.00  0.51  0.68  0.75  0.40        0.26         0.19  -0.14
JPY           -0.72    -0.24        -0.27 -0.14    -0.29 -0.19      0.10       -0.26   -0.39    -0.18  -0.43    -0.20 -0.09          -0.30    -0.31       -0.14     0.07  0.02   -0.03  0.35   0.51  1.00  0.42  0.43  0.41        0.33         0.49   0.21
OAT           -0.28    -0.12        -0.15  0.12     0.14  0.03      0.22        0.06   -0.05     0.11  -0.07     0.13  0.03          -0.19    -0.33       -0.14    -0.06  0.05    0.09  0.96   0.68  0.42  1.00  0.54  0.24        0.38         0.27  -0.04
US30          -0.31     0.06         0.06  0.19     0.13  0.20      0.31        0.20    0.04     0.19   0.01    -0.07  0.32          -0.05    -0.14       -0.03     0.04  0.06    0.12  0.54   0.75  0.43  0.54  1.00  0.29        0.21         0.17  -0.14
GBP           -0.79    -0.25        -0.18  0.39     0.21  0.37      0.67        0.34    0.34     0.29   0.31     0.14  0.32          -0.07     0.08        0.23     0.11  0.38    0.40  0.27   0.40  0.41  0.24  0.29  1.00        0.44         0.43   0.09
GOLD_micro    -0.45    -0.01         0.09  0.20     0.06  0.20      0.45        0.20    0.01     0.17   0.03     0.04  0.24           0.26     0.03        0.23     0.25  0.39    0.68  0.40   0.26  0.33  0.38  0.21  0.44        1.00         0.46   0.26
KRWUSD_mini   -0.57    -0.11        -0.09  0.22     0.09  0.13      0.45        0.13    0.11     0.03   0.04    -0.02  0.11          -0.06    -0.06        0.04     0.07  0.29    0.20  0.29   0.19  0.49  0.27  0.17  0.43        0.46         1.00   0.25
WHEAT         -0.25     0.01         0.08  0.01     0.01  0.04      0.04       -0.08   -0.13    -0.02  -0.18    -0.11  0.16           0.12    -0.11        0.27     0.24  0.27    0.28 -0.07  -0.14  0.21 -0.04 -0.14  0.09        0.26         0.25   1.00


********************************************************************************
                                 END OF REPORT                                  
********************************************************************************


