
********************************************************************************
                    Risk report produced on 16/11/2023 22:52                    
********************************************************************************


Total risk across all strategies, annualised percentage 12.1
Percentage of capital used for margin 55.3%

========================================
Risk per strategy, annualised percentage
========================================

                  risk
dynamic_TF_carry  12.1


===================
Risk by asset class
===================

Ags       2.7
Bond      4.0
Equity    2.4
FX        7.1
Metals    3.0
OilGas    1.1
Sector    1.8
dtype: float64


=====================================================
Beta loadings of asset class positions on asset class
=====================================================

FX       -0.80
Bond     -0.44
Metals   -0.10
Equity   -0.08
OilGas   -0.02
Ags       0.01
Sector    0.08
dtype: float64


========================================================
Beta loadings of full portfolio positions on asset class
========================================================

FX       -1.30
Bond     -0.78
Metals   -0.30
Equity   -0.10
OilGas    0.01
Sector    0.05
Ags       0.06
dtype: float64


==================================================================================================================================================================================================================================================================
                                                                                                                         Instrument risk                                                                                                                          
==================================================================================================================================================================================================================================================================

              daily_price_stdev  annual_price_stdev     price  daily_perc_stdev  annual_perc_stdev  point_size_base  contract_exposure  daily_risk_per_contract  annual_risk_per_contract  position  capital  exposure_held_perc_capital  annual_risk_perc_capital
US20                      1.228              19.646    115.19              1.07               17.1            807.7              93039                      991                     15868        -1   372420                       -25.0                      -4.3
JPY                       0.000               0.001      0.01              0.58                9.4       10096522.8              67328                      393                      6299        -2   372420                       -36.2                      -3.4
PLAT                     16.021             256.329    901.00              1.78               28.4             40.4              36387                      647                     10352        -1   372420                        -9.8                      -2.8
LIVECOW                   1.826              29.220    175.50              1.04               16.6            323.1              56702                      590                      9440        -1   372420                       -15.2                      -2.5
CHF                       0.005               0.087      1.13              0.48                7.7         100965.2             113979                      552                      8832        -1   372420                       -30.6                      -2.4
DAX                     137.661            2202.584  15858.00              0.87               13.9              0.9              13887                      120                      1928        -4   372420                       -14.9                      -2.1
AUD                       0.005               0.078      0.65              0.75               12.0          80772.2              52324                      391                      6262        -1   372420                       -14.0                      -1.7
NZD                       0.005               0.074      0.60              0.77               12.3          80772.2              48233                      371                      5941        -1   372420                       -13.0                      -1.6
BOBL                      0.328               5.240    116.94              0.28                4.5            875.7             102408                      286                      4589        -1   372420                       -27.5                      -1.2
GAS_US_mini               0.131               2.089      3.24              4.04               64.6           2019.3               6532                      263                      4218        -1   372420                        -1.8                      -1.1
RUSSELL                  29.516             472.263   1782.30              1.66               26.5              4.0               7198                      119                      1907        -2   372420                        -3.9                      -1.0
EURO600                   3.821              61.140    452.70              0.84               13.5             43.8              19822                      167                      2677        -1   372420                        -5.3                      -0.7
COPPER-micro              0.042               0.669      3.71              1.13               18.0           2019.3               7497                       84                      1351        -1   372420                        -2.0                      -0.4
BITCOIN                1011.086           16177.372  36045.00              2.81               44.9              0.1               2911                       81                      1306         0   372420                         0.0                       0.0
KOSDAQ                   30.577             489.234   1287.60              2.37               38.0              6.2               8037                      190                      3053         1   372420                         2.2                       0.8
MXP                       0.000               0.007      0.06              0.75               12.0         403860.9              23282                      173                      2783         2   372420                        12.5                       1.5
KR10                      0.629              10.069    109.88              0.57                9.2            624.2              68587                      392                      6285         1   372420                        18.4                       1.7
EU-OIL                    4.685              74.967    349.90              1.34               21.4             43.8              15320                      205                      3282         2   372420                         8.2                       1.8
LEANHOG                   1.324              21.179     75.50              1.75               28.1            323.1              24393                      427                      6842         1   372420                         6.5                       1.8
NIKKEI                  351.101            5617.612  33435.00              1.05               16.8              0.5              17840                      187                      2997         3   372420                        14.4                       2.4

Sum of abs(notional exposure % capital) 261.4
Sum of abs(annualised risk % capital) 35.2
Net sum of annualised risk % capital -15.2 

========================================================================================================================================================================
                                                                              Correlations                                                                              
========================================================================================================================================================================

              BOBL  KR10  US20   AUD   CHF  COPPER-micro   JPY   NZD  PLAT   DAX  EU-OIL  EURO600  KOSDAQ   MXP  NIKKEI  RUSSELL  LEANHOG  LIVECOW  BITCOIN  GAS_US_mini
BOBL          1.00  0.60  0.60  0.24  0.21          0.07  0.33  0.33  0.17  0.06   -0.15     0.11    0.16 -0.16   -0.08     0.13     0.09    -0.09     0.18         0.01
KR10          0.60  1.00  0.71  0.40  0.30          0.20  0.25  0.49  0.19  0.39   -0.00     0.45    0.37  0.10    0.28     0.33     0.11    -0.00     0.05         0.08
US20          0.60  0.71  1.00  0.44  0.44          0.23  0.34  0.43  0.22  0.32    0.01     0.36    0.27  0.21    0.29     0.32     0.07    -0.05     0.03        -0.00
AUD           0.24  0.40  0.44  1.00  0.51          0.60  0.46  0.84  0.46  0.47    0.29     0.48    0.33  0.37    0.33     0.56     0.23     0.04     0.07        -0.01
CHF           0.21  0.30  0.44  0.51  1.00          0.40  0.47  0.52  0.41  0.28    0.02     0.23    0.18  0.14    0.08     0.23     0.11    -0.12    -0.05        -0.01
COPPER-micro  0.07  0.20  0.23  0.60  0.40          1.00  0.33  0.47  0.47  0.37    0.23     0.35    0.39  0.30    0.25     0.42     0.29     0.01     0.08        -0.02
JPY           0.33  0.25  0.34  0.46  0.47          0.33  1.00  0.44  0.41  0.03   -0.05     0.02   -0.04  0.05   -0.32     0.11     0.07    -0.03    -0.10        -0.25
NZD           0.33  0.49  0.43  0.84  0.52          0.47  0.44  1.00  0.38  0.41    0.18     0.41    0.31  0.16    0.23     0.48     0.25     0.06     0.06         0.04
PLAT          0.17  0.19  0.22  0.46  0.41          0.47  0.41  0.38  1.00  0.15    0.18     0.17    0.15  0.18    0.09     0.17     0.15     0.19    -0.02         0.06
DAX           0.06  0.39  0.32  0.47  0.28          0.37  0.03  0.41  0.15  1.00    0.35     0.94    0.57  0.52    0.68     0.74     0.19     0.18     0.12        -0.02
EU-OIL       -0.15 -0.00  0.01  0.29  0.02          0.23 -0.05  0.18  0.18  0.35    1.00     0.50    0.27  0.36    0.35     0.33     0.10     0.16    -0.01         0.18
EURO600       0.11  0.45  0.36  0.48  0.23          0.35  0.02  0.41  0.17  0.94    0.50     1.00    0.57  0.54    0.69     0.77     0.16     0.23     0.14         0.07
KOSDAQ        0.16  0.37  0.27  0.33  0.18          0.39 -0.04  0.31  0.15  0.57    0.27     0.57    1.00  0.36    0.51     0.55     0.12     0.17    -0.02        -0.04
MXP          -0.16  0.10  0.21  0.37  0.14          0.30  0.05  0.16  0.18  0.52    0.36     0.54    0.36  1.00    0.49     0.47     0.08     0.24     0.05        -0.10
NIKKEI       -0.08  0.28  0.29  0.33  0.08          0.25 -0.32  0.23  0.09  0.68    0.35     0.69    0.51  0.49    1.00     0.63     0.15     0.19     0.17         0.14
RUSSELL       0.13  0.33  0.32  0.56  0.23          0.42  0.11  0.48  0.17  0.74    0.33     0.77    0.55  0.47    0.63     1.00     0.20     0.27     0.15         0.06
LEANHOG       0.09  0.11  0.07  0.23  0.11          0.29  0.07  0.25  0.15  0.19    0.10     0.16    0.12  0.08    0.15     0.20     1.00     0.27    -0.16         0.04
LIVECOW      -0.09 -0.00 -0.05  0.04 -0.12          0.01 -0.03  0.06  0.19  0.18    0.16     0.23    0.17  0.24    0.19     0.27     0.27     1.00    -0.15        -0.01
BITCOIN       0.18  0.05  0.03  0.07 -0.05          0.08 -0.10  0.06 -0.02  0.12   -0.01     0.14   -0.02  0.05    0.17     0.15    -0.16    -0.15     1.00         0.02
GAS_US_mini   0.01  0.08 -0.00 -0.01 -0.01         -0.02 -0.25  0.04  0.06 -0.02    0.18     0.07   -0.04 -0.10    0.14     0.06     0.04    -0.01     0.02         1.00


********************************************************************************
                                 END OF REPORT                                  
********************************************************************************


