
********************************************************************************
                    Risk report produced on 17/01/2024 22:51                    
********************************************************************************


Total risk across all strategies, annualised percentage 7.6
Percentage of capital used for margin 59.2%

========================================
Risk per strategy, annualised percentage
========================================

                  risk
dynamic_TF_carry   7.6


===================
Risk by asset class
===================

Ags       1.8
Bond      2.1
Equity    5.3
FX        4.3
Metals    1.4
dtype: float64


=====================================================
Beta loadings of asset class positions on asset class
=====================================================

FX       -0.25
Ags      -0.07
Metals    0.04
Bond      0.21
Equity    0.46
dtype: float64


========================================================
Beta loadings of full portfolio positions on asset class
========================================================

Bond     -0.17
FX       -0.15
Metals    0.01
Ags       0.01
Equity    0.62
dtype: float64


==================================================================================================================================================================================================================================================================
                                                                                                                         Instrument risk                                                                                                                          
==================================================================================================================================================================================================================================================================

              daily_price_stdev  annual_price_stdev     price  daily_perc_stdev  annual_perc_stdev  point_size_base  contract_exposure  daily_risk_per_contract  annual_risk_per_contract  position  capital  exposure_held_perc_capital  annual_risk_perc_capital
JPY                       0.000               0.001      0.01              0.69               11.0        9886698.4              67817                      468                      7492        -2   366697                       -37.0                      -4.1
LEANHOG                   1.277              20.434     77.55              1.65               26.3            316.4              24534                      404                      6464        -1   366697                        -6.7                      -1.8
BOBL                      0.327               5.226    118.08              0.28                4.4            859.4             101475                      280                      4491        -1   366697                       -27.7                      -1.2
RUSSELL                  26.299             420.790   1938.30              1.36               21.7              4.0               7665                      104                      1664        -2   366697                        -4.2                      -0.9
GOLD_micro               15.991             255.852   2052.70              0.78               12.5              7.9              16235                      126                      2023        -1   366697                        -4.4                      -0.6
EUR_micro                 0.005               0.079      1.09              0.45                7.3           9886.7              10777                       48                       783        -2   366697                        -5.9                      -0.4
COPPER-micro              0.045               0.716      3.77              1.19               19.0           1977.3               7449                       88                      1415        -1   366697                        -2.0                      -0.4
MXP                       0.000               0.007      0.06              0.72               11.6         395467.9              22727                      164                      2625         2   366697                        12.4                       1.4
IRON                      2.128              34.048    126.50              1.68               26.9             79.1              10005                      168                      2692         2   366697                         5.5                       1.5
FTSETAIWAN               10.970             175.520   1499.75              0.73               11.7             31.6              47448                      347                      5552         1   366697                        12.9                       1.5
NIKKEI                  329.633            5274.135  35650.00              0.92               14.8              0.5              19088                      176                      2823         2   366697                        10.4                       1.5
CAC                      54.563             873.006   7391.50              0.74               11.8              8.6              63521                      468                      7502         1   366697                        17.3                       2.0
R1000                    12.446             199.130   1613.40              0.77               12.3             39.5              63804                      492                      7874         1   366697                        17.4                       2.1
KR10                      0.502               8.037    113.95              0.44                7.1            587.8              66975                      295                      4723         2   366697                        36.5                       2.6

Sum of abs(notional exposure % capital) 200.3
Sum of abs(annualised risk % capital) 22.0
Net sum of annualised risk % capital 3.2 

==================================================================================================================================
                                                           Correlations                                                           
==================================================================================================================================

              BOBL  GOLD_micro   JPY  KR10  IRON  LEANHOG  COPPER-micro  EUR_micro   MXP   CAC  FTSETAIWAN  NIKKEI  R1000  RUSSELL
BOBL          1.00        0.33  0.46  0.60  0.04     0.05          0.10       0.15 -0.05  0.18        0.10   -0.05   0.25     0.30
GOLD_micro    0.33        1.00  0.45  0.13  0.22    -0.12          0.38       0.35  0.19 -0.03        0.11    0.08   0.19     0.16
JPY           0.46        0.45  1.00  0.35  0.18     0.04          0.47       0.43  0.15  0.16        0.29   -0.18   0.27     0.35
KR10          0.60        0.13  0.35  1.00  0.02     0.10          0.14       0.29 -0.02  0.37        0.28    0.21   0.32     0.32
IRON          0.04        0.22  0.18  0.02  1.00     0.14          0.45       0.15  0.25  0.20        0.31    0.13   0.20     0.19
LEANHOG       0.05       -0.12  0.04  0.10  0.14     1.00          0.15       0.20  0.11  0.26        0.14    0.25   0.30     0.29
COPPER-micro  0.10        0.38  0.47  0.14  0.45     0.15          1.00       0.46  0.45  0.35        0.46    0.14   0.41     0.46
EUR_micro     0.15        0.35  0.43  0.29  0.15     0.20          0.46       1.00  0.41  0.42        0.40    0.25   0.51     0.51
MXP          -0.05        0.19  0.15 -0.02  0.25     0.11          0.45       0.41  1.00  0.51        0.33    0.43   0.51     0.48
CAC           0.18       -0.03  0.16  0.37  0.20     0.26          0.35       0.42  0.51  1.00        0.53    0.55   0.71     0.68
FTSETAIWAN    0.10        0.11  0.29  0.28  0.31     0.14          0.46       0.40  0.33  0.53        1.00    0.50   0.60     0.56
NIKKEI       -0.05        0.08 -0.18  0.21  0.13     0.25          0.14       0.25  0.43  0.55        0.50    1.00   0.56     0.49
R1000         0.25        0.19  0.27  0.32  0.20     0.30          0.41       0.51  0.51  0.71        0.60    0.56   1.00     0.90
RUSSELL       0.30        0.16  0.35  0.32  0.19     0.29          0.46       0.51  0.48  0.68        0.56    0.49   0.90     1.00


********************************************************************************
                                 END OF REPORT                                  
********************************************************************************


