
********************************************************************************
                    Risk report produced on 07/06/2023 22:52                    
********************************************************************************


Total risk across all strategies, annualised percentage 9.5
Percentage of capital used for margin 62.4%

========================================
Risk per strategy, annualised percentage
========================================

                  risk
dynamic_TF_carry   9.5


===================
Risk by asset class
===================

Ags       2.6
Equity    1.3
FX        6.5
Metals    0.7
OilGas    1.2
Sector    2.4
Vol       2.9
dtype: float64


=====================================================
Beta loadings of asset class positions on asset class
=====================================================

FX       -0.87
Ags      -0.10
Vol      -0.06
OilGas   -0.01
Metals   -0.01
Equity    0.06
Sector    0.13
dtype: float64


========================================================
Beta loadings of full portfolio positions on asset class
========================================================

FX       -0.85
Metals   -0.14
Vol      -0.10
Ags      -0.04
OilGas    0.00
Sector    0.12
Equity    0.13
dtype: float64


=================================================================================================================================================================================================================================================================
                                                                                                                         Instrument risk                                                                                                                         
=================================================================================================================================================================================================================================================================

             daily_price_stdev  annual_price_stdev     price  daily_perc_stdev  annual_perc_stdev  point_size_base  contract_exposure  daily_risk_per_contract  annual_risk_per_contract  position  capital  exposure_held_perc_capital  annual_risk_perc_capital
JPY                      0.000               0.001      0.01              0.60                9.6       10065627.9              71969                      430                      6881        -2   357315                       -40.3                      -3.9
LEANHOG                  1.689              27.023     87.80              1.92               30.8            322.1              28280                      543                      8703        -1   357315                        -7.9                      -2.4
CHF                      0.005               0.076      1.10              0.43                6.9         100656.3             110802                      480                      7693        -1   357315                       -31.0                      -2.2
VIX                      0.572               9.145     18.70              3.06               48.9            805.3              15058                      460                      7363        -1   357315                        -4.2                      -2.1
CORN                     7.804             124.871    528.25              1.48               23.6             40.3              21268                      314                      5027        -1   357315                        -6.0                      -1.4
GAS_US_mini              0.130               2.087      2.43              5.37               85.9           2013.1               4891                      262                      4201        -1   357315                        -1.4                      -1.2
RUSSELL                 28.178             450.848   1896.20              1.49               23.8              4.0               7634                      113                      1815        -2   357315                        -4.3                      -1.0
V2X                      0.652              10.430     16.35              3.99               63.8             86.0               1406                       56                       897        -4   357315                        -1.6                      -1.0
GOLD_micro              17.189             275.018   1958.40              0.88               14.0              8.1              15770                      138                      2214        -1   357315                        -4.4                      -0.6
REDWHEAT                17.950             287.196    785.50              2.29               36.6             40.3              31626                      722                     11563         0   357315                         0.0                       0.0
EU-BANKS                 1.587              25.386    103.10              1.54               24.6             43.0               4435                       68                      1092         1   357315                         1.2                       0.3
BITCOIN                991.292           15860.677  26570.00              3.73               59.7              0.1               2139                       79                      1277         1   357315                         0.6                       0.4
KOSDAQ                  18.243             291.889   1344.10              1.36               21.7              6.2               8302                      112                      1803         1   357315                         2.3                       0.5
BRE                      0.002               0.027      0.20              0.83               13.2          80525.0              16302                      134                      2153         1   357315                         4.6                       0.6
NIKKEI                 304.942            4879.079  32220.00              0.95               15.1              0.6              18644                      176                      2823         1   357315                         5.2                       0.8
MSCISING                 3.255              52.082    287.90              1.13               18.1             59.7              17192                      194                      3110         1   357315                         4.8                       0.9
EU-OIL                   4.663              74.615    336.70              1.39               22.2             43.0              14485                      200                      3210         1   357315                         4.1                       0.9
EU-AUTO                  8.768             140.287    618.90              1.42               22.7             43.0              26626                      377                      6035         1   357315                         7.5                       1.7
LIVECOW                  1.301              20.815    173.38              0.75               12.0            322.1              55844                      419                      6704         1   357315                        15.6                       1.9
CNH                      0.019               0.307      7.12              0.27                4.3          11292.9              80429                      216                      3462         2   357315                        45.0                       1.9

Sum of abs(notional exposure % capital) 192.0
Sum of abs(annualised risk % capital) 25.7
Net sum of annualised risk % capital -5.9 

=================================================================================================================================================================================
                                                                                  Correlations                                                                                   
=================================================================================================================================================================================

              V2X   VIX   CNH  GAS_US_mini  BITCOIN   BRE  EU-AUTO  EU-BANKS  EU-OIL  KOSDAQ  LEANHOG  LIVECOW  MSCISING  NIKKEI  RUSSELL  CORN  REDWHEAT   CHF  GOLD_micro   JPY
V2X          1.00  0.79  0.16        -0.03    -0.21 -0.38    -0.76     -0.74   -0.41   -0.39    -0.06    -0.33     -0.53   -0.58    -0.71 -0.05      0.01 -0.20        0.04 -0.07
VIX          0.79  1.00  0.02        -0.09    -0.19 -0.50    -0.57     -0.61   -0.39   -0.39    -0.11    -0.42     -0.49   -0.54    -0.70 -0.11      0.03  0.01        0.08  0.04
CNH          0.16  0.02  1.00         0.26    -0.07 -0.21    -0.21     -0.08   -0.07   -0.20    -0.19     0.14     -0.33    0.06    -0.16  0.09     -0.05 -0.64       -0.63 -0.49
GAS_US_mini -0.03 -0.09  0.26         1.00    -0.03  0.08    -0.01      0.03    0.20   -0.08    -0.03     0.01     -0.07    0.27     0.09  0.07      0.02 -0.03       -0.16 -0.26
BITCOIN     -0.21 -0.19 -0.07        -0.03     1.00  0.32     0.16      0.13    0.11    0.18    -0.19    -0.02      0.32    0.26     0.33  0.01     -0.01 -0.03        0.12 -0.07
BRE         -0.38 -0.50 -0.21         0.08     0.32  1.00     0.22      0.29    0.45    0.20     0.31     0.24      0.33    0.26     0.48  0.24      0.30  0.11        0.27  0.18
EU-AUTO     -0.76 -0.57 -0.21        -0.01     0.16  0.22     1.00      0.75    0.32    0.45     0.16     0.24      0.54    0.53     0.63  0.06     -0.16  0.28       -0.07  0.01
EU-BANKS    -0.74 -0.61 -0.08         0.03     0.13  0.29     0.75      1.00    0.40    0.28     0.17     0.36      0.48    0.44     0.58  0.02     -0.18  0.22       -0.15 -0.03
EU-OIL      -0.41 -0.39 -0.07         0.20     0.11  0.45     0.32      0.40    1.00    0.16     0.10     0.08      0.17    0.27     0.38  0.12      0.12  0.10        0.04  0.05
KOSDAQ      -0.39 -0.39 -0.20        -0.08     0.18  0.20     0.45      0.28    0.16    1.00     0.04     0.19      0.36    0.40     0.46  0.09     -0.02  0.20        0.13  0.01
LEANHOG     -0.06 -0.11 -0.19        -0.03    -0.19  0.31     0.16      0.17    0.10    0.04     1.00     0.43      0.13    0.03     0.07 -0.07     -0.04  0.20       -0.01  0.02
LIVECOW     -0.33 -0.42  0.14         0.01    -0.02  0.24     0.24      0.36    0.08    0.19     0.43     1.00      0.18    0.30     0.24  0.08     -0.09 -0.12       -0.26 -0.28
MSCISING    -0.53 -0.49 -0.33        -0.07     0.32  0.33     0.54      0.48    0.17    0.36     0.13     0.18      1.00    0.50     0.55 -0.00     -0.05  0.33        0.17  0.17
NIKKEI      -0.58 -0.54  0.06         0.27     0.26  0.26     0.53      0.44    0.27    0.40     0.03     0.30      0.50    1.00     0.60 -0.06     -0.17  0.14       -0.15 -0.31
RUSSELL     -0.71 -0.70 -0.16         0.09     0.33  0.48     0.63      0.58    0.38    0.46     0.07     0.24      0.55    0.60     1.00  0.11      0.02  0.23        0.10  0.07
CORN        -0.05 -0.11  0.09         0.07     0.01  0.24     0.06      0.02    0.12    0.09    -0.07     0.08     -0.00   -0.06     0.11  1.00      0.58 -0.16       -0.02  0.06
REDWHEAT     0.01  0.03 -0.05         0.02    -0.01  0.30    -0.16     -0.18    0.12   -0.02    -0.04    -0.09     -0.05   -0.17     0.02  0.58      1.00 -0.05        0.28  0.29
CHF         -0.20  0.01 -0.64        -0.03    -0.03  0.11     0.28      0.22    0.10    0.20     0.20    -0.12      0.33    0.14     0.23 -0.16     -0.05  1.00        0.50  0.45
GOLD_micro   0.04  0.08 -0.63        -0.16     0.12  0.27    -0.07     -0.15    0.04    0.13    -0.01    -0.26      0.17   -0.15     0.10 -0.02      0.28  0.50        1.00  0.58
JPY         -0.07  0.04 -0.49        -0.26    -0.07  0.18     0.01     -0.03    0.05    0.01     0.02    -0.28      0.17   -0.31     0.07  0.06      0.29  0.45        0.58  1.00


********************************************************************************
                                 END OF REPORT                                  
********************************************************************************


