
********************************************************************************
           Risk report report produced on 2023-05-18 22:53:45.620697            
********************************************************************************


Total risk across all strategies, annualised percentage 9.5
Percentage of capital used for margin 61.9%

========================================
Risk per strategy, annualised percentage
========================================

                  risk
dynamic_TF_carry   9.5


===================
Risk by asset class
===================

Ags       2.4
Equity    4.0
FX        3.9
Metals    1.5
OilGas    1.3
Sector    1.9
Vol       3.1
dtype: float64


=====================================================
Beta loadings of asset class positions on asset class
=====================================================

FX       -0.42
Ags      -0.10
Vol      -0.07
Metals   -0.03
OilGas   -0.02
Sector    0.09
Equity    0.28
dtype: float64


========================================================
Beta loadings of full portfolio positions on asset class
========================================================

FX       -0.23
Vol      -0.16
Metals   -0.04
Ags      -0.04
OilGas    0.00
Sector    0.20
Equity    0.33
dtype: float64


==================================================================================================================================================================================================================================================================
                                                                                                                         Instrument risk                                                                                                                          
==================================================================================================================================================================================================================================================================

              daily_price_stdev  annual_price_stdev     price  daily_perc_stdev  annual_perc_stdev  point_size_base  contract_exposure  daily_risk_per_contract  annual_risk_per_contract  position  capital  exposure_held_perc_capital  annual_risk_perc_capital
VIX                       0.618               9.892     22.00              2.81               45.0            802.1              17645                      495                      7933        -1   343065                        -5.1                      -2.3
LEANHOG                   1.533              24.533     85.25              1.80               28.8            320.8              27350                      491                      7870        -1   343065                        -8.0                      -2.3
JPY                       0.000               0.001      0.01              0.67               10.7       10025665.7              72615                      484                      7750        -1   343065                       -21.2                      -2.3
AUD                       0.005               0.075      0.66              0.70               11.3          80205.3              53115                      373                      5979        -1   343065                       -15.5                      -1.7
GAS_US_mini               0.138               2.203      2.80              4.92               78.7           2005.1               5614                      276                      4417        -1   343065                        -1.6                      -1.3
CORN                      6.559             104.949    500.00              1.31               21.0             40.1              20051                      263                      4208        -1   343065                        -5.8                      -1.2
IRON                      3.095              49.522    104.10              2.97               47.6             80.2               8349                      248                      3971        -1   343065                        -2.4                      -1.2
V2X                       0.593               9.491     18.55              3.20               51.2             86.9               1611                       51                       824        -4   343065                        -1.9                      -1.0
RUSSELL                  23.703             379.247   1784.90              1.33               21.2              4.0               7157                       95                      1520        -2   343065                        -4.2                      -0.9
FTSECHINAA              150.940            2415.044  13078.00              1.15               18.5              0.8              10489                      121                      1936        -1   343065                        -3.1                      -0.6
COPPER-micro              0.059               0.949      3.69              1.61               25.7           2005.1               7407                      118                      1903        -1   343065                        -2.2                      -0.6
REDWHEAT                 19.016             304.248    844.00              2.25               36.0             40.1              33846                      762                     12201         0   343065                         0.0                       0.0
EU-BANKS                  1.710              27.354    102.95              1.66               26.6             43.4               4472                       74                      1188         1   343065                         1.3                       0.3
BITCOIN                1042.285           16676.561  26615.00              3.92               62.7              0.1               2134                       83                      1337         1   343065                         0.6                       0.4
KOSDAQ                   20.999             335.992   1256.00              1.67               26.8              6.0               7548                      126                      2019         1   343065                         2.2                       0.6
BRE                       0.002               0.028      0.20              0.87               13.9          80205.3              16113                      139                      2237         1   343065                         4.7                       0.7
NIKKEI                  248.932            3982.907  30545.00              0.81               13.0              0.6              17814                      145                      2322         1   343065                         5.2                       0.7
NIFTY                   114.958            1839.328  18301.50              0.63               10.1              1.6              29357                      184                      2950         1   343065                         8.6                       0.9
CNH                       0.019               0.300      7.00              0.27                4.3          11405.5              79893                      213                      3418         1   343065                        23.3                       1.0
LIVECOW                   0.915              14.641    163.55              0.56                9.0            320.8              52470                      293                      4697         1   343065                        15.3                       1.4
EU-AUTO                   8.091             129.462    611.40              1.32               21.2             43.4              26558                      351                      5623         1   343065                         7.7                       1.6
SMI                      83.130            1330.074  11452.00              0.73               11.6              8.9             102097                      741                     11857         1   343065                        29.8                       3.5

Sum of abs(notional exposure % capital) 169.7
Sum of abs(annualised risk % capital) 26.5
Net sum of annualised risk % capital -4.3 

=================================================================================================================================================================================================
                                                                                          Correlations                                                                                           
=================================================================================================================================================================================================

               V2X   VIX   CNH  GAS_US_mini  CORN  IRON   JPY  REDWHEAT  LEANHOG  LIVECOW   AUD  BITCOIN   BRE  COPPER-micro  EU-AUTO  EU-BANKS  FTSECHINAA  KOSDAQ  NIFTY  NIKKEI  RUSSELL   SMI
V2X           1.00  0.81  0.22        -0.02 -0.06 -0.05 -0.09     -0.01    -0.04    -0.29 -0.47    -0.27 -0.40         -0.28    -0.76     -0.75       -0.39   -0.35  -0.55   -0.55    -0.70 -0.64
VIX           0.81  1.00  0.05        -0.09 -0.06  0.05  0.06      0.08    -0.07    -0.36 -0.33    -0.24 -0.50         -0.28    -0.58     -0.64       -0.34   -0.39  -0.49   -0.55    -0.71 -0.60
CNH           0.22  0.05  1.00         0.26  0.06 -0.40 -0.47     -0.02    -0.17     0.10 -0.56    -0.06 -0.20         -0.61    -0.24     -0.09       -0.52   -0.26  -0.09   -0.02    -0.20 -0.13
GAS_US_mini  -0.02 -0.09  0.26         1.00  0.08 -0.03 -0.27      0.02    -0.04     0.00 -0.01    -0.02  0.08         -0.04    -0.02      0.02       -0.13   -0.09   0.10    0.28     0.09  0.08
CORN         -0.06 -0.06  0.06         0.08  1.00  0.02  0.09      0.61    -0.03    -0.01  0.04     0.02  0.27          0.20     0.10      0.06       -0.07    0.12  -0.07   -0.09     0.12  0.01
IRON         -0.05  0.05 -0.40        -0.03  0.02  1.00  0.25      0.12     0.08    -0.21  0.30     0.15  0.16          0.43     0.07     -0.02        0.38    0.15   0.05   -0.02     0.07 -0.06
JPY          -0.09  0.06 -0.47        -0.27  0.09  0.25  1.00      0.25    -0.08    -0.34  0.44    -0.06  0.14          0.31     0.02     -0.03        0.11    0.05  -0.04   -0.29     0.07  0.03
REDWHEAT     -0.01  0.08 -0.02         0.02  0.61  0.12  0.25      1.00    -0.13    -0.16  0.17     0.01  0.26          0.16    -0.15     -0.17       -0.11    0.03  -0.33   -0.13     0.04 -0.10
LEANHOG      -0.04 -0.07 -0.17        -0.04 -0.03  0.08 -0.08     -0.13     1.00     0.42 -0.01    -0.15  0.25          0.17     0.17      0.18        0.02    0.05   0.14    0.06     0.05 -0.03
LIVECOW      -0.29 -0.36  0.10         0.00 -0.01 -0.21 -0.34     -0.16     0.42     1.00 -0.13     0.06  0.22         -0.01     0.24      0.40       -0.06    0.17   0.19    0.25     0.21  0.25
AUD          -0.47 -0.33 -0.56        -0.01  0.04  0.30  0.44      0.17    -0.01    -0.13  1.00     0.21  0.36          0.57     0.37      0.32        0.40    0.27   0.27    0.31     0.52  0.41
BITCOIN      -0.27 -0.24 -0.06        -0.02  0.02  0.15 -0.06      0.01    -0.15     0.06  0.21     1.00  0.36          0.16     0.18      0.14        0.07    0.21   0.30    0.32     0.37  0.28
BRE          -0.40 -0.50 -0.20         0.08  0.27  0.16  0.14      0.26     0.25     0.22  0.36     0.36  1.00          0.35     0.23      0.30        0.17    0.23   0.28    0.30     0.49  0.28
COPPER-micro -0.28 -0.28 -0.61        -0.04  0.20  0.43  0.31      0.16     0.17    -0.01  0.57     0.16  0.35          1.00     0.29      0.20        0.43    0.38   0.16    0.17     0.40  0.22
EU-AUTO      -0.76 -0.58 -0.24        -0.02  0.10  0.07  0.02     -0.15     0.17     0.24  0.37     0.18  0.23          0.29     1.00      0.74        0.32    0.43   0.60    0.52     0.61  0.56
EU-BANKS     -0.75 -0.64 -0.09         0.02  0.06 -0.02 -0.03     -0.17     0.18     0.40  0.32     0.14  0.30          0.20     0.74      1.00        0.24    0.26   0.56    0.45     0.58  0.59
FTSECHINAA   -0.39 -0.34 -0.52        -0.13 -0.07  0.38  0.11     -0.11     0.02    -0.06  0.40     0.07  0.17          0.43     0.32      0.24        1.00    0.23   0.17    0.18     0.17  0.16
KOSDAQ       -0.35 -0.39 -0.26        -0.09  0.12  0.15  0.05      0.03     0.05     0.17  0.27     0.21  0.23          0.38     0.43      0.26        0.23    1.00   0.41    0.35     0.44  0.36
NIFTY        -0.55 -0.49 -0.09         0.10 -0.07  0.05 -0.04     -0.33     0.14     0.19  0.27     0.30  0.28          0.16     0.60      0.56        0.17    0.41   1.00    0.58     0.48  0.58
NIKKEI       -0.55 -0.55 -0.02         0.28 -0.09 -0.02 -0.29     -0.13     0.06     0.25  0.31     0.32  0.30          0.17     0.52      0.45        0.18    0.35   0.58    1.00     0.60  0.53
RUSSELL      -0.70 -0.71 -0.20         0.09  0.12  0.07  0.07      0.04     0.05     0.21  0.52     0.37  0.49          0.40     0.61      0.58        0.17    0.44   0.48    0.60     1.00  0.69
SMI          -0.64 -0.60 -0.13         0.08  0.01 -0.06  0.03     -0.10    -0.03     0.25  0.41     0.28  0.28          0.22     0.56      0.59        0.16    0.36   0.58    0.53     0.69  1.00


********************************************************************************
                                 END OF REPORT                                  
********************************************************************************


