
********************************************************************************
                    Risk report produced on 06/09/2024 22:52                    
********************************************************************************


Total risk across all strategies, annualised percentage 8.3
Percentage of capital used for margin 71.8%

========================================
Risk per strategy, annualised percentage
========================================

                  risk
dynamic_TF_carry   8.3


===================
Risk by asset class
===================

Ags       2.7
Bond      1.2
Equity    6.6
FX        0.7
Metals    1.2
OilGas    3.6
Sector    0.9
Vol       1.4
dtype: float64


=====================================================
Beta loadings of asset class positions on asset class
=====================================================

Ags      -0.15
OilGas   -0.10
Sector   -0.05
Vol      -0.03
Metals   -0.03
FX        0.11
Bond      0.23
Equity    0.33
dtype: float64


========================================================
Beta loadings of full portfolio positions on asset class
========================================================

Ags      -0.18
Vol      -0.10
OilGas   -0.09
Metals   -0.01
Sector    0.21
Bond      0.23
Equity    0.31
FX        0.43
dtype: float64


==================================================================================================================================================================================================================================================================
                                                                                                                         Instrument risk                                                                                                                          
==================================================================================================================================================================================================================================================================

              daily_price_stdev  annual_price_stdev     price  daily_perc_stdev  annual_perc_stdev  point_size_base  contract_exposure  daily_risk_per_contract  annual_risk_per_contract  position  capital  exposure_held_perc_capital  annual_risk_perc_capital
BRENT-LAST                1.293              20.692     70.99              1.82               29.1            758.8              53869                      981                     15701        -1   590376                        -9.1                      -2.7
GAS-PEN                   0.085               1.358      2.27              3.74               59.8           7588.4              17225                      644                     10308        -1   590376                        -2.9                      -1.7
VIX                       0.687              10.988     20.05              3.43               54.8            758.8              15214                      521                      8338        -1   590376                        -2.6                      -1.4
BITCOIN                1809.181           28946.897  53735.00              3.37               53.9              0.1               4077                      137                      2196        -3   590376                        -2.1                      -1.1
COTTON2                   1.056              16.903     67.83              1.56               24.9            379.4              25735                      400                      6413        -1   590376                        -4.4                      -1.1
CORN                      5.269              84.301    406.25              1.30               20.8             37.9              15413                      199                      3198        -2   590376                        -5.2                      -1.1
SOYMEAL                   4.881              78.090    325.50              1.50               24.0             75.9              24700                      370                      5925        -1   590376                        -4.2                      -1.0
WHEAT                     9.269             148.310    567.00              1.63               26.2             37.9              21513                      351                      5627        -1   590376                        -3.6                      -1.0
CHINAA-CON               17.979             287.670   1812.80              0.99               15.9             19.0              34390                      341                      5457        -1   590376                        -5.8                      -0.9
EU-AUTO                   6.639             106.231    580.00              1.14               18.3             42.2              24463                      280                      4480        -1   590376                        -4.1                      -0.8
EU-OIL                    4.159              66.542    336.10              1.24               19.8             42.2              14176                      175                      2806        -1   590376                        -2.4                      -0.5
GAS_US_mini               0.079               1.259      2.60              3.02               48.3           1897.1               4941                      149                      2387        -1   590376                        -0.8                      -0.4
FTSECHINAA               98.101            1569.614  11474.00              0.85               13.7              0.8               8706                       74                      1191        -2   590376                        -2.9                      -0.4
IRON                      1.889              30.229     90.60              2.09               33.4             75.9               6875                      143                      2293        -1   590376                        -1.2                      -0.4
CANOLA                   11.162             178.586    581.10              1.92               30.7             11.2               6532                      125                      2007        -1   590376                        -1.1                      -0.3
HANGENT_mini             82.151            1314.409   6098.00              1.35               21.6              1.0               5937                       79                      1279        -1   590376                        -1.0                      -0.2
EU-BANKS                  1.721              27.540    139.35              1.24               19.8             42.2               5877                       72                      1161         1   590376                         1.0                       0.2
MUMMY                    17.219             275.502    636.00              2.71               43.3              5.3               3384                       91                      1466         1   590376                         0.6                       0.2
MSCISING                  3.182              50.916    322.85              0.99               15.8             58.4              18868                      185                      2975         1   590376                         3.2                       0.5
DOW                     298.168            4770.690  40476.00              0.74               11.8              0.4              15357                      113                      1810         2   590376                         5.2                       0.6
GBP                       0.006               0.088      1.31              0.42                6.7          47427.4              62300                      261                      4189         1   590376                        10.6                       0.7
LEANHOG                   1.128              18.049     71.30              1.58               25.3            303.5              21642                      342                      5478         1   590376                         3.7                       0.9
NIKKEI                  777.916           12446.659  36250.00              2.15               34.3              0.5              19292                      414                      6624         1   590376                         3.3                       1.1
KR10                      0.403               6.456    116.84              0.35                5.5            570.3              66629                      230                      3681         2   590376                        22.6                       1.2
MSCIEAFA                 22.754             364.060   2360.70              0.96               15.4             37.9              89569                      863                     13813         1   590376                        15.2                       2.3
MIB                     299.204            4787.267  33455.00              0.89               14.3              4.2             141108                     1262                     20192         1   590376                        23.9                       3.4

Sum of abs(notional exposure % capital) 142.7
Sum of abs(annualised risk % capital) 26.1
Net sum of annualised risk % capital -3.9 

===============================================================================================================================================================================================================================================
                                                                                                                 Correlations                                                                                                                  
===============================================================================================================================================================================================================================================

              BITCOIN  CHINAA-CON   DOW  EU-AUTO  EU-BANKS  EU-OIL  FTSECHINAA   GBP  HANGENT_mini   MIB  MSCIEAFA  MSCISING  MUMMY  NIKKEI  CANOLA  CORN  IRON  LEANHOG  SOYMEAL  WHEAT  GAS-PEN  GAS_US_mini  BRENT-LAST  COTTON2  KR10   VIX
BITCOIN          1.00        0.19  0.37     0.29      0.38    0.19        0.15  0.31          0.11  0.34      0.39      0.19   0.27    0.12    0.05  0.06 -0.04     0.08    -0.02  -0.02     0.01         0.07        0.08     0.13  0.14 -0.23
CHINAA-CON       0.19        1.00  0.35     0.31      0.35    0.18        0.93  0.22          0.64  0.38      0.44      0.41   0.38    0.30    0.18 -0.01  0.09     0.10    -0.06  -0.08    -0.08        -0.11        0.00     0.15  0.12 -0.33
DOW              0.37        0.35  1.00     0.61      0.64    0.40        0.30  0.52          0.38  0.70      0.82      0.60   0.66    0.52    0.10  0.10 -0.12     0.11    -0.07  -0.02     0.07         0.10        0.12     0.18  0.24 -0.58
EU-AUTO          0.29        0.31  0.61     1.00      0.67    0.46        0.29  0.37          0.42  0.79      0.68      0.50   0.60    0.54    0.18  0.11 -0.09     0.12     0.06  -0.01    -0.00         0.02        0.03     0.32  0.01 -0.46
EU-BANKS         0.38        0.35  0.64     0.67      1.00    0.57        0.30  0.37          0.34  0.88      0.68      0.61   0.63    0.55    0.32  0.09 -0.08     0.19     0.00   0.08     0.11         0.14        0.14     0.23 -0.11 -0.62
EU-OIL           0.19        0.18  0.40     0.46      0.57    1.00        0.20  0.22          0.31  0.56      0.48      0.32   0.34    0.33    0.14  0.06  0.08    -0.01    -0.00   0.08     0.12         0.19        0.53     0.20 -0.04 -0.38
FTSECHINAA       0.15        0.93  0.30     0.29      0.30    0.20        1.00  0.23          0.65  0.34      0.43      0.39   0.35    0.34    0.14 -0.04  0.21     0.04    -0.03  -0.05    -0.11        -0.13        0.02     0.18  0.08 -0.33
GBP              0.31        0.22  0.52     0.37      0.37    0.22        0.23  1.00          0.28  0.40      0.66      0.31   0.47    0.33    0.12 -0.02  0.08     0.14    -0.07  -0.08     0.03         0.06        0.11     0.05  0.23 -0.38
HANGENT_mini     0.11        0.64  0.38     0.42      0.34    0.31        0.65  0.28          1.00  0.44      0.57      0.47   0.40    0.23    0.10  0.06  0.05     0.01     0.09   0.03    -0.00         0.00        0.02     0.25  0.22 -0.49
MIB              0.34        0.38  0.70     0.79      0.88    0.56        0.34  0.40          0.44  1.00      0.74      0.61   0.68    0.60    0.24  0.06 -0.15     0.09    -0.06  -0.02     0.12         0.13        0.13     0.25  0.00 -0.66
MSCIEAFA         0.39        0.44  0.82     0.68      0.68    0.48        0.43  0.66          0.57  0.74      1.00      0.65   0.71    0.55    0.13  0.00 -0.06     0.11    -0.06  -0.06     0.09         0.11        0.11     0.22  0.24 -0.70
MSCISING         0.19        0.41  0.60     0.50      0.61    0.32        0.39  0.31          0.47  0.61      0.65      1.00   0.71    0.64    0.04 -0.01 -0.17     0.02    -0.06  -0.04     0.11         0.12        0.05     0.20  0.09 -0.49
MUMMY            0.27        0.38  0.66     0.60      0.63    0.34        0.35  0.47          0.40  0.68      0.71      0.71   1.00    0.76    0.04 -0.07 -0.20     0.06    -0.16  -0.26     0.08         0.09        0.10     0.21  0.08 -0.58
NIKKEI           0.12        0.30  0.52     0.54      0.55    0.33        0.34  0.33          0.23  0.60      0.55      0.64   0.76    1.00    0.05 -0.16 -0.08    -0.07    -0.21  -0.14     0.15         0.16        0.20     0.27 -0.06 -0.56
CANOLA           0.05        0.18  0.10     0.18      0.32    0.14        0.14  0.12          0.10  0.24      0.13      0.04   0.04    0.05    1.00  0.40  0.16     0.37     0.45   0.44     0.01         0.02        0.16     0.06 -0.23 -0.16
CORN             0.06       -0.01  0.10     0.11      0.09    0.06       -0.04 -0.02          0.06  0.06      0.00     -0.01  -0.07   -0.16    0.40  1.00  0.04     0.15     0.46   0.58     0.15         0.15        0.07     0.06 -0.04  0.03
IRON            -0.04        0.09 -0.12    -0.09     -0.08    0.08        0.21  0.08          0.05 -0.15     -0.06     -0.17  -0.20   -0.08    0.16  0.04  1.00     0.03     0.19   0.16    -0.25        -0.22        0.17     0.08  0.04  0.07
LEANHOG          0.08        0.10  0.11     0.12      0.19   -0.01        0.04  0.14          0.01  0.09      0.11      0.02   0.06   -0.07    0.37  0.15  0.03     1.00     0.29   0.22    -0.02         0.01       -0.04     0.07 -0.09  0.02
SOYMEAL         -0.02       -0.06 -0.07     0.06      0.00   -0.00       -0.03 -0.07          0.09 -0.06     -0.06     -0.06  -0.16   -0.21    0.45  0.46  0.19     0.29     1.00   0.36    -0.03        -0.02       -0.19     0.02 -0.02  0.21
WHEAT           -0.02       -0.08 -0.02    -0.01      0.08    0.08       -0.05 -0.08          0.03 -0.02     -0.06     -0.04  -0.26   -0.14    0.44  0.58  0.16     0.22     0.36   1.00     0.13         0.14       -0.02    -0.10 -0.07 -0.02
GAS-PEN          0.01       -0.08  0.07    -0.00      0.11    0.12       -0.11  0.03         -0.00  0.12      0.09      0.11   0.08    0.15    0.01  0.15 -0.25    -0.02    -0.03   0.13     1.00         0.96        0.09    -0.10 -0.11 -0.22
GAS_US_mini      0.07       -0.11  0.10     0.02      0.14    0.19       -0.13  0.06          0.00  0.13      0.11      0.12   0.09    0.16    0.02  0.15 -0.22     0.01    -0.02   0.14     0.96         1.00        0.15     0.00 -0.08 -0.24
BRENT-LAST       0.08        0.00  0.12     0.03      0.14    0.53        0.02  0.11          0.02  0.13      0.11      0.05   0.10    0.20    0.16  0.07  0.17    -0.04    -0.19  -0.02     0.09         0.15        1.00     0.25 -0.17 -0.14
COTTON2          0.13        0.15  0.18     0.32      0.23    0.20        0.18  0.05          0.25  0.25      0.22      0.20   0.21    0.27    0.06  0.06  0.08     0.07     0.02  -0.10    -0.10         0.00        0.25     1.00 -0.01 -0.23
KR10             0.14        0.12  0.24     0.01     -0.11   -0.04        0.08  0.23          0.22  0.00      0.24      0.09   0.08   -0.06   -0.23 -0.04  0.04    -0.09    -0.02  -0.07    -0.11        -0.08       -0.17    -0.01  1.00 -0.04
VIX             -0.23       -0.33 -0.58    -0.46     -0.62   -0.38       -0.33 -0.38         -0.49 -0.66     -0.70     -0.49  -0.58   -0.56   -0.16  0.03  0.07     0.02     0.21  -0.02    -0.22        -0.24       -0.14    -0.23 -0.04  1.00


********************************************************************************
                                 END OF REPORT                                  
********************************************************************************


