
********************************************************************************
                    Risk report produced on 10/06/2024 22:52                    
********************************************************************************


Total risk across all strategies, annualised percentage 10.4
Percentage of capital used for margin 76.4%

========================================
Risk per strategy, annualised percentage
========================================

                  risk
dynamic_TF_carry  10.4


===================
Risk by asset class
===================

Ags       1.1
Bond      3.0
Equity    7.7
FX        2.8
Metals    1.4
OilGas    1.2
Sector    0.3
Vol       2.6
dtype: float64


=====================================================
Beta loadings of asset class positions on asset class
=====================================================

Bond     -0.44
Vol      -0.07
OilGas   -0.04
Sector    0.02
Ags       0.03
Metals    0.05
FX        0.33
Equity    0.68
dtype: float64


========================================================
Beta loadings of full portfolio positions on asset class
========================================================

Vol      -0.20
Bond     -0.20
OilGas   -0.00
Ags       0.12
Metals    0.14
Sector    0.36
FX        0.58
Equity    0.82
dtype: float64


===================================================================================================================================================================================================================================================================
                                                                                                                          Instrument risk                                                                                                                          
===================================================================================================================================================================================================================================================================

               daily_price_stdev  annual_price_stdev     price  daily_perc_stdev  annual_perc_stdev  point_size_base  contract_exposure  daily_risk_per_contract  annual_risk_per_contract  position  capital  exposure_held_perc_capital  annual_risk_perc_capital
VIX                        0.336               5.376     14.15              2.37               38.0            786.9              11134                      264                      4230        -4   645900                        -6.9                      -2.6
BUND                       0.608               9.729    129.64              0.47                7.5            845.6             109621                      514                      8226        -2   645900                       -33.9                      -2.5
KOSDAQ                    21.173             338.771   1400.30              1.51               24.2              5.8               8052                      121                      1948        -4   645900                        -5.0                      -1.2
CRUDE_W_micro              1.352              21.634     77.45              1.75               27.9             78.7               6094                      106                      1702        -4   645900                        -3.8                      -1.1
KR10                       0.422               6.757    112.91              0.37                6.0            575.0              64926                      242                      3885        -1   645900                       -10.1                      -0.6
GAS_US_mini                0.115               1.833      3.00              3.82               61.1           1967.2               5901                      225                      3606        -1   645900                        -0.9                      -0.6
CORN                       5.518              88.281    467.50              1.18               18.9             39.3              18393                      217                      3473        -1   645900                        -2.8                      -0.5
GOLD_micro                27.014             432.220   2329.50              1.16               18.6              7.9              18330                      212                      3401        -1   645900                        -2.8                      -0.5
MSCISING                   2.002              32.030    310.10              0.65               10.3             58.1              18032                      116                      1862         1   645900                         2.8                       0.3
EU-BANKS                   1.558              24.933    143.00              1.09               17.4             42.3               6045                       65                      1054         2   645900                         1.9                       0.3
SP500_micro               35.798             572.760   5369.00              0.67               10.7              3.9              21124                      140                      2253         1   645900                         3.3                       0.3
TOPIX                     22.913             366.603   2775.25              0.83               13.2              5.0              13918                      114                      1838         2   645900                         4.3                       0.6
BITCOIN                 1538.290           24612.636  70005.00              2.20               35.2              0.1               5508                      121                      1936         2   645900                         1.7                       0.6
NIKKEI                   360.940            5775.043  38925.00              0.93               14.8              0.5              19522                      181                      2896         2   645900                         6.0                       0.9
LIVECOW                    1.338              21.413    179.82              0.74               11.9            314.8              56601                      421                      6739         1   645900                         8.8                       1.0
FTSETAIWAN                14.824             237.183   1828.00              0.81               13.0             31.5              57537                      466                      7465         1   645900                         8.9                       1.2
IRON                       2.105              33.687    105.95              1.99               31.8             78.7               8337                      165                      2650         3   645900                         3.9                       1.2
MSCIEAFA                  17.822             285.159   2369.60              0.75               12.0             39.3              93231                      701                     11219         1   645900                        14.4                       1.7
AEX                        5.537              88.596    924.10              0.60                9.6            169.1             156281                      936                     14983         1   645900                        24.2                       2.3
MIB                      257.400            4118.406  34455.00              0.75               12.0              4.2             145673                     1088                     17412         1   645900                        22.6                       2.7
YENEUR                     0.890              14.239    168.92              0.53                8.4            626.9             105898                      557                      8926         2   645900                        32.8                       2.8

Sum of abs(notional exposure % capital) 201.8
Sum of abs(annualised risk % capital) 25.5
Net sum of annualised risk % capital 6.3 

=======================================================================================================================================================================================================
                                                                                             Correlations                                                                                              
=======================================================================================================================================================================================================

               BUND  KR10  BITCOIN  CORN  GOLD_micro  IRON   AEX  EU-BANKS  FTSETAIWAN  KOSDAQ   MIB  MSCIEAFA  MSCISING  NIKKEI  SP500_micro  TOPIX  CRUDE_W_micro  GAS_US_mini  LIVECOW  YENEUR   VIX
BUND           1.00  0.63     0.18  0.03        0.42  0.01  0.36      0.03        0.20    0.17  0.29      0.37      0.06    0.08         0.30   0.02          -0.21        -0.10    -0.12   -0.39 -0.08
KR10           0.63  1.00     0.12  0.06        0.20  0.11  0.35      0.06        0.36    0.35  0.30      0.47      0.26    0.24         0.37   0.20          -0.26         0.10    -0.02   -0.24 -0.30
BITCOIN        0.18  0.12     1.00  0.03        0.16 -0.10  0.02     -0.11        0.04    0.01  0.01      0.14      0.04   -0.13         0.11  -0.16           0.02        -0.09    -0.24   -0.12 -0.12
CORN           0.03  0.06     0.03  1.00        0.00  0.18  0.06      0.07        0.13    0.05  0.03      0.12      0.15    0.05         0.13   0.08          -0.00         0.15     0.08    0.04 -0.12
GOLD_micro     0.42  0.20     0.16  0.00        1.00  0.02  0.20     -0.05        0.17    0.03  0.19      0.22     -0.04   -0.02         0.20  -0.02           0.25        -0.10    -0.00   -0.10  0.12
IRON           0.01  0.11    -0.10  0.18        0.02  1.00  0.09      0.01        0.09   -0.14  0.00      0.04      0.01    0.04         0.09   0.10          -0.08         0.02     0.11   -0.05 -0.08
AEX            0.36  0.35     0.02  0.06        0.20  0.09  1.00      0.48        0.67    0.20  0.68      0.74      0.48    0.50         0.72   0.47           0.18         0.05     0.18    0.04 -0.48
EU-BANKS       0.03  0.06    -0.11  0.07       -0.05  0.01  0.48      1.00        0.31    0.24  0.74      0.45      0.43    0.20         0.28   0.23           0.32        -0.03     0.22    0.14 -0.29
FTSETAIWAN     0.20  0.36     0.04  0.13        0.17  0.09  0.67      0.31        1.00    0.28  0.41      0.62      0.49    0.47         0.55   0.43           0.08         0.06     0.23    0.09 -0.40
KOSDAQ         0.17  0.35     0.01  0.05        0.03 -0.14  0.20      0.24        0.28    1.00  0.39      0.43      0.28    0.38         0.41   0.30           0.04        -0.03     0.03    0.04 -0.30
MIB            0.29  0.30     0.01  0.03        0.19  0.00  0.68      0.74        0.41    0.39  1.00      0.68      0.46    0.44         0.62   0.43           0.27        -0.05     0.21    0.06 -0.51
MSCIEAFA       0.37  0.47     0.14  0.12        0.22  0.04  0.74      0.45        0.62    0.43  0.68      1.00      0.53    0.53         0.75   0.55           0.18         0.11     0.16    0.09 -0.54
MSCISING       0.06  0.26     0.04  0.15       -0.04  0.01  0.48      0.43        0.49    0.28  0.46      0.53      1.00    0.25         0.39   0.24           0.13         0.08     0.13    0.06 -0.43
NIKKEI         0.08  0.24    -0.13  0.05       -0.02  0.04  0.50      0.20        0.47    0.38  0.44      0.53      0.25    1.00         0.55   0.93           0.11         0.24     0.26    0.33 -0.37
SP500_micro    0.30  0.37     0.11  0.13        0.20  0.09  0.72      0.28        0.55    0.41  0.62      0.75      0.39    0.55         1.00   0.52           0.22         0.17     0.29    0.13 -0.70
TOPIX          0.02  0.20    -0.16  0.08       -0.02  0.10  0.47      0.23        0.43    0.30  0.43      0.55      0.24    0.93         0.52   1.00           0.12         0.24     0.24    0.28 -0.40
CRUDE_W_micro -0.21 -0.26     0.02 -0.00        0.25 -0.08  0.18      0.32        0.08    0.04  0.27      0.18      0.13    0.11         0.22   0.12           1.00         0.03     0.45    0.16 -0.11
GAS_US_mini   -0.10  0.10    -0.09  0.15       -0.10  0.02  0.05     -0.03        0.06   -0.03 -0.05      0.11      0.08    0.24         0.17   0.24           0.03         1.00     0.15    0.29 -0.20
LIVECOW       -0.12 -0.02    -0.24  0.08       -0.00  0.11  0.18      0.22        0.23    0.03  0.21      0.16      0.13    0.26         0.29   0.24           0.45         0.15     1.00    0.30 -0.19
YENEUR        -0.39 -0.24    -0.12  0.04       -0.10 -0.05  0.04      0.14        0.09    0.04  0.06      0.09      0.06    0.33         0.13   0.28           0.16         0.29     0.30    1.00 -0.16
VIX           -0.08 -0.30    -0.12 -0.12        0.12 -0.08 -0.48     -0.29       -0.40   -0.30 -0.51     -0.54     -0.43   -0.37        -0.70  -0.40          -0.11        -0.20    -0.19   -0.16  1.00


********************************************************************************
                                 END OF REPORT                                  
********************************************************************************


