
********************************************************************************
                    Risk report produced on 28/08/2024 22:52                    
********************************************************************************


Total risk across all strategies, annualised percentage 8.3
Percentage of capital used for margin 65.3%

========================================
Risk per strategy, annualised percentage
========================================

                  risk
dynamic_TF_carry   8.3


===================
Risk by asset class
===================

Ags       2.4
Bond      1.9
Equity    6.9
FX        0.8
Metals    0.6
OilGas    1.7
Sector    0.6
Vol       1.4
dtype: float64


=====================================================
Beta loadings of asset class positions on asset class
=====================================================

Ags      -0.14
OilGas   -0.03
Sector   -0.03
Vol      -0.02
Metals   -0.02
FX        0.02
Equity    0.28
Bond      0.32
dtype: float64


========================================================
Beta loadings of full portfolio positions on asset class
========================================================

Ags      -0.17
Vol      -0.11
OilGas   -0.03
Metals    0.01
Sector    0.14
Equity    0.29
Bond      0.35
FX        0.37
dtype: float64


==================================================================================================================================================================================================================================================================
                                                                                                                         Instrument risk                                                                                                                          
==================================================================================================================================================================================================================================================================

              daily_price_stdev  annual_price_stdev     price  daily_perc_stdev  annual_perc_stdev  point_size_base  contract_exposure  daily_risk_per_contract  annual_risk_per_contract  position  capital  exposure_held_perc_capital  annual_risk_perc_capital
GAS-PEN                   0.088               1.401      2.08              4.21               67.3           7559.7              15731                      661                     10590        -1   607305                        -2.6                      -1.7
CORN                      5.355              85.676    390.50              1.37               21.9             37.8              14760                      202                      3238        -3   607305                        -7.3                      -1.6
VIX                       0.689              11.030     17.75              3.88               62.1            756.0              13418                      521                      8338        -1   607305                        -2.2                      -1.4
COTTON2                   1.048              16.773     68.55              1.53               24.5            378.0              25910                      396                      6340        -1   607305                        -4.3                      -1.0
WHEAT                     9.228             147.654    541.25              1.71               27.3             37.8              20458                      348                      5581        -1   607305                        -3.4                      -0.9
CHINAA-CON               16.145             258.314   1836.60              0.88               14.1             18.9              34710                      305                      4881        -1   607305                        -5.7                      -0.8
EU-AUTO                   6.671             106.731    607.70              1.10               17.6             42.1              25597                      280                      4495        -1   607305                        -4.2                      -0.7
MXP                       0.001               0.009      0.05              1.10               17.6         377983.2              19182                      211                      3376        -1   607305                        -3.2                      -0.6
BITCOIN                1998.204           31971.266  59355.00              3.37               53.9              0.1               4487                      151                      2416        -1   607305                        -0.7                      -0.4
IRON                      1.843              29.487    101.35              1.82               29.1             75.6               7661                      139                      2229        -1   607305                        -1.3                      -0.4
HANGENT_mini             84.550            1352.801   6190.00              1.37               21.9              1.0               5999                       81                      1311        -1   607305                        -1.0                      -0.2
FTSECHINAA               99.707            1595.317  11631.00              0.86               13.7              0.8               8792                       75                      1206        -1   607305                        -1.4                      -0.2
EU-BANKS                  1.780              28.472    142.15              1.25               20.0             42.1               5987                       74                      1199         1   607305                         1.0                       0.2
MUMMY                    18.467             295.474    659.00              2.80               44.8              5.2               3450                       96                      1546         1   607305                         0.6                       0.3
GBP                       0.006               0.096      1.32              0.45                7.3          47247.9              62286                      283                      4533         1   607305                        10.3                       0.7
DOW                     317.615            5081.839  41050.00              0.77               12.4              0.4              15516                      120                      1920         3   607305                         7.7                       0.9
KR10                      0.427               6.826    116.27              0.37                5.9            559.5              65054                      238                      3819         3   607305                        32.1                       1.9
FTSETAIWAN               31.681             506.897   1864.50              1.70               27.2             30.2              56379                      957                     15327         1   607305                         9.3                       2.5
MSCIEAFA                 22.443             359.082   2443.70              0.92               14.7             37.8              92367                      848                     13572         2   607305                        30.4                       4.5

Sum of abs(notional exposure % capital) 128.7
Sum of abs(annualised risk % capital) 20.9
Net sum of annualised risk % capital 1.1 

==============================================================================================================================================================================
                                                                                 Correlations                                                                                 
==============================================================================================================================================================================

               DOW  EU-AUTO  EU-BANKS  FTSETAIWAN  MSCIEAFA  MUMMY  BITCOIN  CHINAA-CON  COTTON2  FTSECHINAA   GBP  HANGENT_mini   MXP  CORN  GAS-PEN  WHEAT  IRON  KR10   VIX
DOW           1.00     0.56      0.64        0.48      0.74   0.58     0.30        0.33     0.13        0.30  0.40          0.35  0.43  0.12     0.12  -0.02 -0.13  0.16 -0.68
EU-AUTO       0.56     1.00      0.68        0.43      0.64   0.44     0.16        0.29     0.24        0.36  0.29          0.39  0.47  0.00    -0.07  -0.10 -0.02 -0.02 -0.45
EU-BANKS      0.64     0.68      1.00        0.50      0.63   0.56     0.30        0.33     0.13        0.33  0.22          0.33  0.47  0.01     0.12   0.08 -0.10 -0.22 -0.68
FTSETAIWAN    0.48     0.43      0.50        1.00      0.64   0.77     0.22        0.29     0.28        0.26  0.27          0.41  0.48 -0.03     0.12  -0.10 -0.02 -0.08 -0.74
MSCIEAFA      0.74     0.64      0.63        0.64      1.00   0.66     0.33        0.40     0.14        0.43  0.58          0.55  0.49 -0.06     0.12  -0.06 -0.01  0.09 -0.67
MUMMY         0.58     0.44      0.56        0.77      0.66   1.00     0.35        0.29     0.18        0.23  0.24          0.32  0.28 -0.09     0.14  -0.23 -0.05 -0.13 -0.76
BITCOIN       0.30     0.16      0.30        0.22      0.33   0.35     1.00        0.30     0.07        0.22  0.16          0.11  0.09  0.03    -0.01   0.05  0.06 -0.19 -0.32
CHINAA-CON    0.33     0.29      0.33        0.29      0.40   0.29     0.30        1.00     0.24        0.92  0.25          0.70  0.23 -0.07    -0.01  -0.16  0.13  0.05 -0.24
COTTON2       0.13     0.24      0.13        0.28      0.14   0.18     0.07        0.24     1.00        0.26  0.01          0.19  0.24 -0.03    -0.21  -0.17  0.11 -0.00 -0.16
FTSECHINAA    0.30     0.36      0.33        0.26      0.43   0.23     0.22        0.92     0.26        1.00  0.29          0.76  0.30 -0.08     0.02  -0.09  0.19  0.02 -0.24
GBP           0.40     0.29      0.22        0.27      0.58   0.24     0.16        0.25     0.01        0.29  1.00          0.34  0.28 -0.12     0.01  -0.10 -0.00  0.26 -0.20
HANGENT_mini  0.35     0.39      0.33        0.41      0.55   0.32     0.11        0.70     0.19        0.76  0.34          1.00  0.35 -0.11     0.15  -0.11  0.12  0.11 -0.34
MXP           0.43     0.47      0.47        0.48      0.49   0.28     0.09        0.23     0.24        0.30  0.28          0.35  1.00  0.18     0.23   0.09  0.01 -0.00 -0.44
CORN          0.12     0.00      0.01       -0.03     -0.06  -0.09     0.03       -0.07    -0.03       -0.08 -0.12         -0.11  0.18  1.00     0.22   0.57 -0.06  0.04  0.00
GAS-PEN       0.12    -0.07      0.12        0.12      0.12   0.14    -0.01       -0.01    -0.21        0.02  0.01          0.15  0.23  0.22     1.00   0.12 -0.32 -0.07 -0.26
WHEAT        -0.02    -0.10      0.08       -0.10     -0.06  -0.23     0.05       -0.16    -0.17       -0.09 -0.10         -0.11  0.09  0.57     0.12   1.00  0.10 -0.03 -0.01
IRON         -0.13    -0.02     -0.10       -0.02     -0.01  -0.05     0.06        0.13     0.11        0.19 -0.00          0.12  0.01 -0.06    -0.32   0.10  1.00  0.02  0.13
KR10          0.16    -0.02     -0.22       -0.08      0.09  -0.13    -0.19        0.05    -0.00        0.02  0.26          0.11 -0.00  0.04    -0.07  -0.03  0.02  1.00  0.19
VIX          -0.68    -0.45     -0.68       -0.74     -0.67  -0.76    -0.32       -0.24    -0.16       -0.24 -0.20         -0.34 -0.44  0.00    -0.26  -0.01  0.13  0.19  1.00


********************************************************************************
                                 END OF REPORT                                  
********************************************************************************


