
********************************************************************************
                    Risk report produced on 29/07/2024 22:52                    
********************************************************************************


Total risk across all strategies, annualised percentage 11.8
Percentage of capital used for margin 78.8%

========================================
Risk per strategy, annualised percentage
========================================

                  risk
dynamic_TF_carry  11.8


===================
Risk by asset class
===================

Ags       1.8
Bond      0.8
Equity    8.3
FX        4.4
Metals    3.0
OilGas    0.0
Sector    1.5
Vol       2.6
dtype: float64


=====================================================
Beta loadings of asset class positions on asset class
=====================================================

Metals   -0.15
Sector   -0.08
Vol      -0.07
Ags      -0.03
OilGas    0.00
FX        0.02
Bond      0.02
Equity    0.61
dtype: float64


========================================================
Beta loadings of full portfolio positions on asset class
========================================================

Vol      -0.18
Metals   -0.08
Bond     -0.05
OilGas   -0.02
Ags       0.01
Sector    0.18
FX        0.35
Equity    0.66
dtype: float64


===================================================================================================================================================================================================================================================================
                                                                                                                          Instrument risk                                                                                                                          
===================================================================================================================================================================================================================================================================

               daily_price_stdev  annual_price_stdev     price  daily_perc_stdev  annual_perc_stdev  point_size_base  contract_exposure  daily_risk_per_contract  annual_risk_per_contract  position  capital  exposure_held_perc_capital  annual_risk_perc_capital
VIX                        0.439               7.030     17.70              2.48               39.7            776.9              13752                      341                      5461        -3   626836                        -6.6                      -2.6
BITCOIN                 1789.512           28632.191  67440.00              2.65               42.5              0.1               5239                      139                      2224        -5   626836                        -4.2                      -1.8
EU-AUTO                    7.029             112.460    605.20              1.16               18.6             42.2              25529                      296                      4744        -2   626836                        -8.1                      -1.5
PLAT                      14.903             238.450    961.00              1.55               24.8             38.8              37332                      578                      9263        -1   626836                        -6.0                      -1.5
ALUMINIUM                 28.732             459.714   2174.75              1.32               21.1             19.4              42241                      558                      8929        -1   626836                        -6.7                      -1.4
CORN                       6.363             101.816    413.00              1.54               24.7             38.8              16044                      247                      3955        -2   626836                        -5.1                      -1.3
CHF                        0.005               0.078      1.14              0.43                6.8          97118.7             110244                      471                      7545        -1   626836                       -17.6                      -1.2
KOSDAQ                    20.175             322.799   1342.30              1.50               24.0              5.6               7557                      113                      1817        -4   626836                        -4.8                      -1.2
BUND                       0.535               8.561    133.16              0.40                6.4            843.7             112344                      451                      7223        -1   626836                       -17.9                      -1.2
COTTON2                    1.118              17.886     69.18              1.62               25.9            388.5              26874                      434                      6948        -1   626836                        -4.3                      -1.1
JPY                        0.000               0.001      0.01              0.62                9.9        9711868.3              63539                      392                      6278        -1   626836                       -10.1                      -1.0
DX                         0.333               5.321    104.30              0.32                5.1            776.9              81031                      258                      4134        -1   626836                       -12.9                      -0.7
FTSECHINAA                98.416            1574.649  11806.00              0.83               13.3              0.8               9172                       76                      1223        -3   626836                        -4.4                      -0.6
CRUDE_W_micro              1.144              18.301     74.77              1.53               24.5             77.7               5809                       88                      1421         0   626836                         0.0                       0.0
TOPIX                     29.221             467.531   2758.75              1.06               16.9              5.1              13971                      147                      2367         1   626836                         2.2                       0.4
MXP                        0.000               0.007      0.05              0.87               13.9         388474.7              20697                      179                      2874         1   626836                         3.3                       0.5
KR10                       0.353               5.653    116.66              0.30                4.8            563.0              65679                      198                      3182         1   626836                        10.5                       0.5
DAX                      146.854            2349.662  18426.00              0.80               12.8              0.8              15545                      123                      1982         2   626836                         5.0                       0.6
CAD10                      0.465               7.441    122.35              0.38                6.1            562.0              68755                      261                      4181         1   626836                        11.0                       0.7
MSCISING                   2.608              41.722    318.25              0.82               13.1             57.9              18426                      150                      2415         2   626836                         5.9                       0.8
LIVECOW                    1.297              20.746    186.98              0.69               11.1            310.8              58108                      402                      6447         1   626836                         9.3                       1.0
DOW                      302.041            4832.659  40808.00              0.74               11.8              0.4              15852                      117                      1877         5   626836                        12.6                       1.5
FANG                     176.447            2823.145  11073.60              1.59               25.5              3.9              43018                      685                     10967         1   626836                         6.9                       1.7
NIKKEI                   487.393            7798.294  38555.00              1.26               20.2              0.5              19525                      246                      3949         3   626836                         9.3                       1.9
MSCITAIWAN                12.901             206.424    903.30              1.43               22.9             77.7              70181                     1002                     16038         1   626836                        11.2                       2.6
YENEUR                     0.938              15.013    165.79              0.57                9.1            633.0             104952                      594                      9504         2   626836                        33.5                       3.0
MIB                      310.281            4964.500  33795.00              0.92               14.7              4.2             142561                     1308                     20942         1   626836                        22.7                       3.3

Sum of abs(notional exposure % capital) 252.1
Sum of abs(annualised risk % capital) 35.6
Net sum of annualised risk % capital 1.4 

=================================================================================================================================================================================================================================
                                                                                                          Correlations                                                                                                           
=================================================================================================================================================================================================================================

                 DX   VIX  BITCOIN  BUND  CAD10   CHF  CORN   JPY  KR10   DAX   DOW  EU-AUTO  FANG  KOSDAQ   MIB  MSCISING  MSCITAIWAN  NIKKEI  TOPIX  YENEUR  ALUMINIUM  COTTON2  CRUDE_W_micro  FTSECHINAA  LIVECOW   MXP  PLAT
DX             1.00  0.26    -0.22 -0.40  -0.45 -0.68 -0.13 -0.60 -0.44 -0.42 -0.53    -0.16 -0.20   -0.23 -0.36     -0.35       -0.28   -0.07  -0.09    0.02      -0.13     0.05          -0.02       -0.26    -0.09 -0.26 -0.39
VIX            0.26  1.00    -0.07  0.08  -0.04 -0.10 -0.02 -0.01 -0.09 -0.64 -0.58    -0.47 -0.53   -0.36 -0.57     -0.34       -0.31   -0.44  -0.49   -0.33      -0.02    -0.16           0.02       -0.23    -0.11 -0.34 -0.09
BITCOIN       -0.22 -0.07     1.00  0.19   0.16  0.10  0.20  0.30  0.13  0.25  0.25     0.21 -0.04    0.04  0.19     -0.02        0.09   -0.06  -0.08   -0.19      -0.05     0.18          -0.04       -0.07    -0.13  0.11  0.07
BUND          -0.40  0.08     0.19  1.00   0.69  0.41  0.03  0.40  0.61  0.19  0.34     0.01  0.02    0.07  0.05      0.05        0.21   -0.09  -0.11   -0.32      -0.06    -0.19          -0.24       -0.03    -0.10  0.11  0.26
CAD10         -0.45 -0.04     0.16  0.69   1.00  0.50 -0.04  0.49  0.55  0.15  0.28    -0.02  0.04    0.14  0.01      0.05        0.19   -0.16  -0.19   -0.33      -0.18    -0.35          -0.26        0.05    -0.16 -0.04  0.05
CHF           -0.68 -0.10     0.10  0.41   0.50  1.00  0.18  0.65  0.44  0.20  0.39     0.09  0.06    0.10  0.13      0.05        0.13   -0.19  -0.18   -0.25      -0.07    -0.16          -0.07        0.09     0.03  0.05  0.25
CORN          -0.13 -0.02     0.20  0.03  -0.04  0.18  1.00  0.18  0.03  0.06  0.08    -0.01 -0.01    0.00 -0.02      0.06        0.09   -0.11  -0.10   -0.11       0.11     0.01           0.14        0.04     0.09 -0.04  0.14
JPY           -0.60 -0.01     0.30  0.40   0.49  0.65  0.18  1.00  0.29  0.20  0.32     0.01 -0.15   -0.03  0.11      0.07       -0.00   -0.40  -0.35   -0.73      -0.06    -0.06          -0.06        0.11     0.04  0.00  0.24
KR10          -0.44 -0.09     0.13  0.61   0.55  0.44  0.03  0.29  1.00  0.23  0.37     0.08  0.16    0.31  0.08      0.22        0.32    0.00  -0.04   -0.12      -0.13    -0.02          -0.16        0.01    -0.13  0.14  0.03
DAX           -0.42 -0.64     0.25  0.19   0.15  0.20  0.06  0.20  0.23  1.00  0.62     0.72  0.34    0.38  0.85      0.30        0.29    0.39   0.35    0.10       0.04     0.11          -0.02        0.11    -0.04  0.27  0.20
DOW           -0.53 -0.58     0.25  0.34   0.28  0.39  0.08  0.32  0.37  0.62  1.00     0.45  0.32    0.35  0.56      0.36        0.38    0.36   0.40    0.03      -0.11     0.19           0.15        0.30     0.17  0.41  0.25
EU-AUTO       -0.16 -0.47     0.21  0.01  -0.02  0.09 -0.01  0.01  0.08  0.72  0.45     1.00  0.31    0.43  0.79      0.25        0.24    0.41   0.37    0.14       0.04     0.12           0.03       -0.02    -0.02  0.25  0.05
FANG          -0.20 -0.53    -0.04  0.02   0.04  0.06 -0.01 -0.15  0.16  0.34  0.32     0.31  1.00    0.33  0.17      0.24        0.60    0.44   0.32    0.40       0.07     0.14           0.10        0.10     0.06  0.23  0.07
KOSDAQ        -0.23 -0.36     0.04  0.07   0.14  0.10  0.00 -0.03  0.31  0.38  0.35     0.43  0.33    1.00  0.42      0.46        0.32    0.38   0.30    0.21      -0.07    -0.02           0.01        0.04    -0.14  0.19 -0.14
MIB           -0.36 -0.57     0.19  0.05   0.01  0.13 -0.02  0.11  0.08  0.85  0.56     0.79  0.17    0.42  1.00      0.38        0.15    0.44   0.43    0.18       0.06     0.01           0.04        0.09     0.09  0.33  0.18
MSCISING      -0.35 -0.34    -0.02  0.05   0.05  0.05  0.06  0.07  0.22  0.30  0.36     0.25  0.24    0.46  0.38      1.00        0.48    0.41   0.43    0.16       0.21     0.00           0.24        0.38     0.04  0.33  0.14
MSCITAIWAN    -0.28 -0.31     0.09  0.21   0.19  0.13  0.09 -0.00  0.32  0.29  0.38     0.24  0.60    0.32  0.15      0.48        1.00    0.40   0.29    0.20       0.14     0.22           0.29        0.21     0.03  0.37  0.25
NIKKEI        -0.07 -0.44    -0.06 -0.09  -0.16 -0.19 -0.11 -0.40  0.00  0.39  0.36     0.41  0.44    0.38  0.44      0.41        0.40    1.00   0.93    0.57       0.05     0.19           0.23        0.13     0.01  0.29 -0.00
TOPIX         -0.09 -0.49    -0.08 -0.11  -0.19 -0.18 -0.10 -0.35 -0.04  0.35  0.40     0.37  0.32    0.30  0.43      0.43        0.29    0.93   1.00    0.52       0.06     0.16           0.24        0.21     0.05  0.34  0.04
YENEUR         0.02 -0.33    -0.19 -0.32  -0.33 -0.25 -0.11 -0.73 -0.12  0.10  0.03     0.14  0.40    0.21  0.18      0.16        0.20    0.57   0.52    1.00       0.18    -0.00           0.10        0.09     0.01  0.25  0.00
ALUMINIUM     -0.13 -0.02    -0.05 -0.06  -0.18 -0.07  0.11 -0.06 -0.13  0.04 -0.11     0.04  0.07   -0.07  0.06      0.21        0.14    0.05   0.06    0.18       1.00     0.08           0.22        0.23     0.04  0.29  0.41
COTTON2        0.05 -0.16     0.18 -0.19  -0.35 -0.16  0.01 -0.06 -0.02  0.11  0.19     0.12  0.14   -0.02  0.01      0.00        0.22    0.19   0.16   -0.00       0.08     1.00           0.24        0.23     0.20  0.26  0.06
CRUDE_W_micro -0.02  0.02    -0.04 -0.24  -0.26 -0.07  0.14 -0.06 -0.16 -0.02  0.15     0.03  0.10    0.01  0.04      0.24        0.29    0.23   0.24    0.10       0.22     0.24           1.00        0.17     0.39  0.07  0.22
FTSECHINAA    -0.26 -0.23    -0.07 -0.03   0.05  0.09  0.04  0.11  0.01  0.11  0.30    -0.02  0.10    0.04  0.09      0.38        0.21    0.13   0.21    0.09       0.23     0.23           0.17        1.00     0.30  0.28  0.18
LIVECOW       -0.09 -0.11    -0.13 -0.10  -0.16  0.03  0.09  0.04 -0.13 -0.04  0.17    -0.02  0.06   -0.14  0.09      0.04        0.03    0.01   0.05    0.01       0.04     0.20           0.39        0.30     1.00  0.11  0.26
MXP           -0.26 -0.34     0.11  0.11  -0.04  0.05 -0.04  0.00  0.14  0.27  0.41     0.25  0.23    0.19  0.33      0.33        0.37    0.29   0.34    0.25       0.29     0.26           0.07        0.28     0.11  1.00  0.44
PLAT          -0.39 -0.09     0.07  0.26   0.05  0.25  0.14  0.24  0.03  0.20  0.25     0.05  0.07   -0.14  0.18      0.14        0.25   -0.00   0.04    0.00       0.41     0.06           0.22        0.18     0.26  0.44  1.00


********************************************************************************
                                 END OF REPORT                                  
********************************************************************************


