
********************************************************************************
                    Risk report produced on 27/03/2024 22:52                    
********************************************************************************


Total risk across all strategies, annualised percentage 16.6
Percentage of capital used for margin 71.5%

========================================
Risk per strategy, annualised percentage
========================================

                  risk
dynamic_TF_carry  16.6


===================
Risk by asset class
===================

Ags       3.6
Bond      6.2
Equity    7.9
FX        4.3
Metals    3.4
OilGas    3.0
Vol       1.4
dtype: float64


=====================================================
Beta loadings of asset class positions on asset class
=====================================================

Bond     -1.09
Metals   -0.12
FX       -0.10
Vol      -0.04
Ags       0.07
OilGas    0.09
Equity    0.80
dtype: float64


========================================================
Beta loadings of full portfolio positions on asset class
========================================================

Bond     -1.64
Vol      -0.24
Metals   -0.12
FX        0.08
OilGas    0.18
Ags       0.26
Equity    0.98
dtype: float64


==================================================================================================================================================================================================================================================================
                                                                                                                         Instrument risk                                                                                                                          
==================================================================================================================================================================================================================================================================

              daily_price_stdev  annual_price_stdev     price  daily_perc_stdev  annual_perc_stdev  point_size_base  contract_exposure  daily_risk_per_contract  annual_risk_per_contract  position  capital  exposure_held_perc_capital  annual_risk_perc_capital
GOLD_micro               14.959             239.339   2214.30              0.68               10.8              7.9              17547                      118                      1896       -11   682340                       -28.3                      -3.1
BUXL                      1.329              21.266    135.82              0.98               15.7            858.3             116567                     1140                     18251        -1   682340                       -17.1                      -2.7
BUND                      0.578               9.247    133.35              0.43                6.9            858.3             114447                      496                      7936        -2   682340                       -33.5                      -2.3
CHF                       0.005               0.079      1.12              0.44                7.0          99056.2             110487                      486                      7788        -2   682340                       -32.4                      -2.3
CHINAA-CON               18.798             300.767   1924.00              0.98               15.6             19.8              38116                      372                      5958        -2   682340                       -11.2                      -1.7
VIX                       0.364               5.820     16.00              2.27               36.4            792.4              12679                      288                      4611        -2   682340                        -3.7                      -1.4
CORN                      4.867              77.875    462.00              1.05               16.9             39.6              18305                      192                      3085        -2   682340                        -5.4                      -0.9
JPY                       0.000               0.001      0.01              0.54                8.6        9905619.3              66283                      357                      5726        -1   682340                        -9.7                      -0.8
BITCOIN                2164.759           34636.142  69525.00              3.11               49.8              0.1               5509                      171                      2744        -2   682340                        -1.6                      -0.8
US3                       0.196               3.133    104.43              0.19                3.0           1584.9             165504                      310                      4965        -1   682340                       -24.3                      -0.7
BOBL                      0.303               4.845    118.25              0.26                4.1            858.3             101488                      259                      4158        -1   682340                       -14.9                      -0.6
HANG_mini               255.315            4085.034  16533.00              1.54               24.7              1.0              16746                      258                      4137        -1   682340                        -2.5                      -0.6
US2                       0.125               1.998    102.35              0.12                2.0           1584.9             162210                      197                      3166        -1   682340                       -23.8                      -0.5
GAS_US_mini               0.099               1.587      1.72              5.77               92.3           1981.1               3407                      196                      3144        -1   682340                        -0.5                      -0.5
MILLWHEAT                 3.137              50.194    215.00              1.46               23.3             42.9               9226                      134                      2153        -1   682340                        -1.4                      -0.3
DOW                     259.917            4158.670  40160.00              0.65               10.4              0.4              15912                      102                      1647         1   682340                         2.3                       0.2
TOPIX                    23.237             371.795   2782.75              0.84               13.4              5.2              14536                      121                      1942         1   682340                         2.1                       0.3
IRON                      2.664              42.621    101.65              2.62               41.9             79.2               8055                      211                      3377         1   682340                         1.2                       0.5
LIVECOW                   1.352              21.626    178.80              0.76               12.1            317.0              56675                      428                      6854         1   682340                         8.3                       1.0
MXP                       0.000               0.005      0.06              0.48                7.6         396224.8              23626                      112                      1797         4   682340                        13.9                       1.1
NASDAQ_micro            163.135            2610.159  18513.75              0.88               14.1              1.6              29342                      258                      4136         2   682340                         8.6                       1.2
SMI                      63.643            1018.281  11610.00              0.55                8.8              8.8             101747                      557                      8924         1   682340                        14.9                       1.3
MSCIEAFA                 15.808             252.934   2363.70              0.67               10.7             39.6              93655                      626                     10021         1   682340                        13.7                       1.5
MIB                     190.078            3041.247  34230.00              0.56                8.9              4.3             146889                      815                     13050         1   682340                        21.5                       1.9
NIKKEI                  399.463            6391.401  40670.00              0.98               15.7              0.5              21244                      208                      3338         4   682340                        12.5                       2.0
YENEUR                    0.796              12.738    162.33              0.49                7.8            653.0             105993                      519                      8317         2   682340                        31.1                       2.4
AEX                       6.228              99.650    880.20              0.71               11.3            171.7             151086                     1069                     17105         1   682340                        22.1                       2.5
GASOILINE                 0.037               0.596      2.65              1.41               22.5          33282.9              88182                     1240                     19845         1   682340                        12.9                       2.9
COCOA                   174.077            2785.233   9363.00              1.86               29.7              7.9              74197                     1379                     22071         1   682340                        10.9                       3.2

Sum of abs(notional exposure % capital) 386.3
Sum of abs(annualised risk % capital) 41.2
Net sum of annualised risk % capital 2.8 

====================================================================================================================================================================================================================================================
                                                                                                                    Correlations                                                                                                                    
====================================================================================================================================================================================================================================================

              COCOA  GASOILINE  LIVECOW  NIKKEI  TOPIX  YENEUR   AEX  BITCOIN  CHINAA-CON   DOW  HANG_mini  IRON   MIB  MSCIEAFA   MXP  NASDAQ_micro   SMI  BOBL  BUND  BUXL   CHF  GOLD_micro   JPY   US2   US3  CORN  GAS_US_mini  MILLWHEAT   VIX
COCOA          1.00       0.33     0.04    0.28   0.27    0.24  0.28     0.01        0.14  0.21       0.14 -0.13  0.35      0.08  0.09          0.17 -0.03 -0.13 -0.09 -0.07 -0.16        0.02 -0.21 -0.11 -0.12  0.04        -0.10       0.22 -0.21
GASOILINE      0.33       1.00     0.24    0.32   0.26    0.18  0.24     0.02        0.22  0.32       0.18  0.06  0.15      0.19  0.19          0.18  0.10 -0.27 -0.23 -0.21 -0.03        0.12 -0.09 -0.15 -0.14  0.18        -0.02       0.12 -0.27
LIVECOW        0.04       0.24     1.00    0.15   0.14   -0.05  0.12    -0.15        0.24  0.21       0.19 -0.04  0.17      0.13  0.15          0.13  0.26 -0.12 -0.10 -0.13 -0.10       -0.09  0.02 -0.23 -0.20 -0.19        -0.12      -0.18 -0.20
NIKKEI         0.28       0.32     0.15    1.00   0.92    0.51  0.48     0.01        0.22  0.44       0.20  0.18  0.45      0.44  0.32          0.53  0.32 -0.21 -0.10 -0.01 -0.13       -0.06 -0.43 -0.15 -0.11 -0.12         0.20      -0.16 -0.56
TOPIX          0.27       0.26     0.14    0.92   1.00    0.43  0.45    -0.07        0.23  0.41       0.17  0.17  0.47      0.42  0.34          0.42  0.39 -0.23 -0.14 -0.06 -0.21       -0.14 -0.43 -0.21 -0.17 -0.11         0.23      -0.10 -0.59
YENEUR         0.24       0.18    -0.05    0.51   0.43    1.00  0.11    -0.04       -0.03  0.11      -0.04 -0.07  0.14      0.05  0.11          0.16 -0.05 -0.36 -0.26 -0.18 -0.10       -0.21 -0.75 -0.31 -0.30 -0.09         0.16      -0.15 -0.29
AEX            0.28       0.24     0.12    0.48   0.45    0.11  1.00     0.25        0.35  0.70       0.40  0.33  0.65      0.61  0.31          0.70  0.59  0.20  0.28  0.33  0.13        0.07  0.02  0.03  0.13 -0.08        -0.09      -0.14 -0.48
BITCOIN        0.01       0.02    -0.15    0.01  -0.07   -0.04  0.25     1.00        0.24  0.13       0.12  0.15 -0.03      0.20  0.09          0.12  0.07  0.27  0.29  0.26  0.04        0.30  0.10  0.19  0.19  0.04         0.01       0.00  0.03
CHINAA-CON     0.14       0.22     0.24    0.22   0.23   -0.03  0.35     0.24        1.00  0.17       0.71  0.22  0.34      0.37  0.17          0.17  0.32 -0.04 -0.04 -0.06  0.10        0.21  0.16 -0.01  0.03 -0.17        -0.12      -0.23 -0.18
DOW            0.21       0.32     0.21    0.44   0.41    0.11  0.70     0.13        0.17  1.00       0.21  0.17  0.66      0.67  0.37          0.74  0.65  0.26  0.35  0.37  0.20        0.14  0.12  0.06  0.17  0.06        -0.06       0.08 -0.66
HANG_mini      0.14       0.18     0.19    0.20   0.17   -0.04  0.40     0.12        0.71  0.21       1.00  0.25  0.36      0.51  0.29          0.23  0.32  0.04  0.07  0.05  0.35        0.27  0.26  0.09  0.13 -0.16         0.06      -0.20 -0.25
IRON          -0.13       0.06    -0.04    0.18   0.17   -0.07  0.33     0.15        0.22  0.17       0.25  1.00  0.10      0.26  0.22          0.28  0.14  0.19  0.19  0.21  0.13        0.11  0.13  0.12  0.14  0.07        -0.10      -0.03 -0.09
MIB            0.35       0.15     0.17    0.45   0.47    0.14  0.65    -0.03        0.34  0.66       0.36  0.10  1.00      0.62  0.48          0.52  0.55 -0.13  0.01  0.14  0.06        0.05  0.01 -0.26 -0.15 -0.06        -0.21       0.01 -0.56
MSCIEAFA       0.08       0.19     0.13    0.44   0.42    0.05  0.61     0.20        0.37  0.67       0.51  0.26  0.62      1.00  0.48          0.56  0.65  0.27  0.36  0.37  0.50        0.32  0.30  0.29  0.37 -0.01         0.05      -0.07 -0.48
MXP            0.09       0.19     0.15    0.32   0.34    0.11  0.31     0.09        0.17  0.37       0.29  0.22  0.48      0.48  1.00          0.33  0.39 -0.06  0.04  0.08  0.18        0.20  0.15 -0.07  0.04  0.05         0.01      -0.01 -0.43
NASDAQ_micro   0.17       0.18     0.13    0.53   0.42    0.16  0.70     0.12        0.17  0.74       0.23  0.28  0.52      0.56  0.33          1.00  0.45  0.23  0.31  0.35  0.21        0.12  0.09  0.09  0.19 -0.04        -0.06      -0.15 -0.62
SMI           -0.03       0.10     0.26    0.32   0.39   -0.05  0.59     0.07        0.32  0.65       0.32  0.14  0.55      0.65  0.39          0.45  1.00  0.28  0.34  0.34  0.11        0.13  0.15  0.03  0.13  0.00        -0.05      -0.03 -0.47
BOBL          -0.13      -0.27    -0.12   -0.21  -0.23   -0.36  0.20     0.27       -0.04  0.26       0.04  0.19 -0.13      0.27 -0.06          0.23  0.28  1.00  0.96  0.82  0.30        0.38  0.43  0.67  0.71  0.07        -0.05       0.11  0.08
BUND          -0.09      -0.23    -0.10   -0.10  -0.14   -0.26  0.28     0.29       -0.04  0.35       0.07  0.19  0.01      0.36  0.04          0.31  0.34  0.96  1.00  0.93  0.30        0.40  0.38  0.60  0.66  0.07        -0.03       0.09 -0.02
BUXL          -0.07      -0.21    -0.13   -0.01  -0.06   -0.18  0.33     0.26       -0.06  0.37       0.05  0.21  0.14      0.37  0.08          0.35  0.34  0.82  0.93  1.00  0.24        0.32  0.31  0.42  0.49  0.05        -0.06       0.06 -0.11
CHF           -0.16      -0.03    -0.10   -0.13  -0.21   -0.10  0.13     0.04        0.10  0.20       0.35  0.13  0.06      0.50  0.18          0.21  0.11  0.30  0.30  0.24  1.00        0.43  0.58  0.51  0.53 -0.03         0.03      -0.07  0.05
GOLD_micro     0.02       0.12    -0.09   -0.06  -0.14   -0.21  0.07     0.30        0.21  0.14       0.27  0.11  0.05      0.32  0.20          0.12  0.13  0.38  0.40  0.32  0.43        1.00  0.52  0.51  0.54  0.06        -0.02       0.04  0.12
JPY           -0.21      -0.09     0.02   -0.43  -0.43   -0.75  0.02     0.10        0.16  0.12       0.26  0.13  0.01      0.30  0.15          0.09  0.15  0.43  0.38  0.31  0.58        0.52  1.00  0.53  0.57  0.04        -0.24       0.01  0.13
US2           -0.11      -0.15    -0.23   -0.15  -0.21   -0.31  0.03     0.19       -0.01  0.06       0.09  0.12 -0.26      0.29 -0.07          0.09  0.03  0.67  0.60  0.42  0.51        0.51  0.53  1.00  0.97 -0.01         0.10       0.04  0.25
US3           -0.12      -0.14    -0.20   -0.11  -0.17   -0.30  0.13     0.19        0.03  0.17       0.13  0.14 -0.15      0.37  0.04          0.19  0.13  0.71  0.66  0.49  0.53        0.54  0.57  0.97  1.00 -0.00         0.06       0.03  0.12
CORN           0.04       0.18    -0.19   -0.12  -0.11   -0.09 -0.08     0.04       -0.17  0.06      -0.16  0.07 -0.06     -0.01  0.05         -0.04  0.00  0.07  0.07  0.05 -0.03        0.06  0.04 -0.01 -0.00  1.00         0.10       0.71  0.00
GAS_US_mini   -0.10      -0.02    -0.12    0.20   0.23    0.16 -0.09     0.01       -0.12 -0.06       0.06 -0.10 -0.21      0.05  0.01         -0.06 -0.05 -0.05 -0.03 -0.06  0.03       -0.02 -0.24  0.10  0.06  0.10         1.00       0.10 -0.06
MILLWHEAT      0.22       0.12    -0.18   -0.16  -0.10   -0.15 -0.14     0.00       -0.23  0.08      -0.20 -0.03  0.01     -0.07 -0.01         -0.15 -0.03  0.11  0.09  0.06 -0.07        0.04  0.01  0.04  0.03  0.71         0.10       1.00 -0.02
VIX           -0.21      -0.27    -0.20   -0.56  -0.59   -0.29 -0.48     0.03       -0.18 -0.66      -0.25 -0.09 -0.56     -0.48 -0.43         -0.62 -0.47  0.08 -0.02 -0.11  0.05        0.12  0.13  0.25  0.12  0.00        -0.06      -0.02  1.00


********************************************************************************
                                 END OF REPORT                                  
********************************************************************************


