
********************************************************************************
                    Risk report produced on 18/11/2025 22:53                    
********************************************************************************


Total risk across all strategies, annualised percentage 10.7
Percentage of capital used for margin 40.0%

========================================
Risk per strategy, annualised percentage
========================================

                  risk
dynamic_TF_carry  10.6


===================
Risk by asset class
===================

Ags       0.6
Bond      1.7
Equity    8.7
FX        3.4
Metals    1.1
OilGas    1.2
dtype: float64


=====================================================
Beta loadings of asset class positions on asset class
=====================================================

Ags      -0.03
Metals   -0.02
OilGas    0.04
Bond      0.12
FX        0.30
Equity    0.65
dtype: float64


========================================================
Beta loadings of full portfolio positions on asset class
========================================================

Bond     -0.24
Ags      -0.09
Metals    0.05
OilGas    0.08
FX        0.48
Equity    0.71
dtype: float64


===================================================================================================================================================================================================================================================================
                                                                                                                          Instrument risk                                                                                                                          
===================================================================================================================================================================================================================================================================

               daily_price_stdev  annual_price_stdev     price  daily_perc_stdev  annual_perc_stdev  point_size_base  contract_exposure  daily_risk_per_contract  annual_risk_per_contract  position  capital  exposure_held_perc_capital  annual_risk_perc_capital
KR10                       0.394               6.306    114.34              0.34                5.5            515.6              58955                      203                      3251        -3   613429                       -28.8                      -1.6
CRUDE_W_micro              1.022              16.349     60.52              1.69               27.0             76.0               4602                       77                      1243        -6   613429                        -4.5                      -1.2
BITCOIN                 2778.795           44460.719  93175.00              2.98               47.7              0.1               7085                      211                      3381        -2   613429                        -2.3                      -1.1
DAX                      227.682            3642.912  23198.00              0.98               15.7              0.9              20455                      200                      3212        -2   613429                        -6.7                      -1.0
JPY                        0.000               0.001      0.01              0.52                8.4        9506245.6              61301                      321                      5143        -1   613429                       -10.0                      -0.8
RICE                       0.146               2.334     10.36              1.41               22.5           1521.0              15749                      221                      3549        -1   613429                        -2.6                      -0.6
KRWUSD_mini                0.004               0.061      0.68              0.56                9.0          19012.5              12991                       72                      1162        -3   613429                        -6.4                      -0.6
SP500_micro               55.929             894.859   6678.50              0.84               13.4              3.8              25394                      212                      3402        -1   613429                        -4.1                      -0.6
EUR_micro                  0.004               0.061      1.17              0.33                5.2           9506.2              11082                       36                       576         2   613429                         3.6                       0.2
AUD_micro                  0.003               0.047      0.65              0.45                7.2           7605.0               4956                       22                       356         4   613429                         3.2                       0.2
MXP                        0.000               0.004      0.05              0.50                8.0         380249.8              20670                      102                      1645         2   613429                         6.7                       0.5
KOSPI_mini                 9.764             156.219    557.30              1.75               28.0             25.8              14367                      251                      4027         1   613429                         2.3                       0.7
BRE                        0.001               0.017      0.19              0.57                9.2          76050.0              14259                       81                      1308         4   613429                         9.3                       0.9
NIKKEI                   701.224           11219.589  48885.00              1.43               23.0              0.5              23963                      343                      5499         1   613429                         3.9                       0.9
TOPIX                     34.536             552.582   3264.25              1.06               16.9              4.9              16001                      169                      2708         3   613429                         7.8                       1.3
OAT                        0.315               5.033    122.35              0.26                4.1            881.8             107883                      277                      4437         2   613429                        35.2                       1.4
YENEUR                     0.703              11.243    179.99              0.39                6.2            612.8             110290                      430                      6889         2   613429                        36.0                       2.2
GASOILINE                  0.028               0.440      1.92              1.43               22.9          31941.0              61441                      878                     14057         1   613429                        10.0                       2.3
AEX                        8.213             131.405    929.65              0.88               14.1            176.4             163945                     1448                     23173         1   613429                        26.7                       3.8
MIB                      428.872            6861.946  42325.00              1.01               16.2              4.4             186601                     1890                     30252         1   613429                        30.4                       4.9

Sum of abs(notional exposure % capital) 240.5
Sum of abs(annualised risk % capital) 26.8
Net sum of annualised risk % capital 11.8 

=========================================================================================================================================================================================
                                                                                      Correlations                                                                                       
=========================================================================================================================================================================================

               KR10   OAT  EUR_micro   JPY  KRWUSD_mini  CRUDE_W_micro  GASOILINE  YENEUR   AEX   DAX  KOSPI_mini   MIB  NIKKEI  SP500_micro  TOPIX  AUD_micro  BITCOIN   BRE   MXP  RICE
KR10           1.00  0.37      -0.00  0.24         0.12          -0.21      -0.26   -0.28  0.07  0.04        0.06 -0.11   -0.03         0.12  -0.12      -0.04     0.05 -0.09  0.01  0.09
OAT            0.37  1.00      -0.25  0.23         0.04          -0.20      -0.15   -0.49  0.03 -0.11       -0.07 -0.04   -0.07         0.02  -0.11      -0.17    -0.08 -0.08 -0.07 -0.14
EUR_micro     -0.00 -0.25       1.00  0.54         0.54          -0.22      -0.28    0.23 -0.08  0.04       -0.03 -0.06   -0.11        -0.00  -0.07       0.55     0.07  0.29  0.40  0.20
JPY            0.24  0.23       0.54  1.00         0.54          -0.34      -0.38   -0.67 -0.08 -0.15       -0.17 -0.13   -0.32        -0.11  -0.32       0.28     0.11  0.15  0.06  0.13
KRWUSD_mini    0.12  0.04       0.54  0.54         1.00          -0.24      -0.27   -0.14  0.04  0.03        0.08  0.04   -0.00         0.19  -0.10       0.55     0.15  0.30  0.18  0.24
CRUDE_W_micro -0.21 -0.20      -0.22 -0.34        -0.24           1.00       0.94    0.20  0.21 -0.02        0.13  0.13    0.07         0.11   0.15       0.05    -0.08  0.13  0.10 -0.05
GASOILINE     -0.26 -0.15      -0.28 -0.38        -0.27           0.94       1.00    0.19  0.21 -0.02        0.11  0.17    0.05         0.09   0.13       0.01    -0.11  0.16  0.13 -0.07
YENEUR        -0.28 -0.49       0.23 -0.67        -0.14           0.20       0.19    1.00  0.04  0.22        0.14  0.11    0.28         0.13   0.33       0.17    -0.08  0.07  0.29  0.01
AEX            0.07  0.03      -0.08 -0.08         0.04           0.21       0.21    0.04  1.00  0.72        0.56  0.73    0.44         0.63   0.49       0.36     0.25  0.34  0.23  0.01
DAX            0.04 -0.11       0.04 -0.15         0.03          -0.02      -0.02    0.22  0.72  1.00        0.44  0.83    0.50         0.54   0.59       0.38     0.34  0.24  0.25  0.11
KOSPI_mini     0.06 -0.07      -0.03 -0.17         0.08           0.13       0.11    0.14  0.56  0.44        1.00  0.44    0.60         0.45   0.43       0.39     0.24  0.31  0.09  0.07
MIB           -0.11 -0.04      -0.06 -0.13         0.04           0.13       0.17    0.11  0.73  0.83        0.44  1.00    0.49         0.57   0.60       0.40     0.23  0.32  0.23  0.13
NIKKEI        -0.03 -0.07      -0.11 -0.32        -0.00           0.07       0.05    0.28  0.44  0.50        0.60  0.49    1.00         0.50   0.86       0.36     0.21  0.14  0.10 -0.01
SP500_micro    0.12  0.02      -0.00 -0.11         0.19           0.11       0.09    0.13  0.63  0.54        0.45  0.57    0.50         1.00   0.51       0.55     0.26  0.38  0.25  0.12
TOPIX         -0.12 -0.11      -0.07 -0.32        -0.10           0.15       0.13    0.33  0.49  0.59        0.43  0.60    0.86         0.51   1.00       0.37     0.12  0.19  0.17 -0.06
AUD_micro     -0.04 -0.17       0.55  0.28         0.55           0.05       0.01    0.17  0.36  0.38        0.39  0.40    0.36         0.55   0.37       1.00     0.23  0.47  0.42  0.26
BITCOIN        0.05 -0.08       0.07  0.11         0.15          -0.08      -0.11   -0.08  0.25  0.34        0.24  0.23    0.21         0.26   0.12       0.23     1.00  0.09  0.05 -0.01
BRE           -0.09 -0.08       0.29  0.15         0.30           0.13       0.16    0.07  0.34  0.24        0.31  0.32    0.14         0.38   0.19       0.47     0.09  1.00  0.48  0.09
MXP            0.01 -0.07       0.40  0.06         0.18           0.10       0.13    0.29  0.23  0.25        0.09  0.23    0.10         0.25   0.17       0.42     0.05  0.48  1.00 -0.04
RICE           0.09 -0.14       0.20  0.13         0.24          -0.05      -0.07    0.01  0.01  0.11        0.07  0.13   -0.01         0.12  -0.06       0.26    -0.01  0.09 -0.04  1.00


********************************************************************************
                                 END OF REPORT                                  
********************************************************************************


