
********************************************************************************
           Risk report report produced on 2022-11-03 21:13:52.713100            
********************************************************************************


Total risk across all strategies, annualised percentage 7.3
Percentage of capital used for margin 19.8%

========================================
Risk per strategy, annualised percentage
========================================

                  risk
dynamic_TF_carry   7.3


===================
Risk by asset class
===================

Ags       1.5
Bond      4.1
Equity    0.8
FX        2.3
Metals    0.7
OilGas    3.7
Sector    1.9
dtype: float64


============================
Beta loadings by asset class
============================

Bond     -0.29
FX       -0.15
Sector   -0.06
Metals   -0.02
Equity   -0.01
OilGas    0.05
Ags       0.08
dtype: float64


==================================================================================================================================================================================================================================================================
                                                                                                                         Instrument risk                                                                                                                          
==================================================================================================================================================================================================================================================================

              daily_price_stdev  annual_price_stdev     price  daily_perc_stdev  annual_perc_stdev  point_size_base  contract_exposure  daily_risk_per_contract  annual_risk_per_contract  position  capital  exposure_held_perc_capital  annual_risk_perc_capital
US20                      1.077              17.238    120.31              0.90               14.3            894.1             107570                      963                     15412        -1   375018                       -28.7                      -4.1
GAS_US_mini               0.266               4.259      6.50              4.10               65.5           2235.2              14529                      595                      9520        -1   375018                        -3.9                      -2.5
AUD                       0.006               0.092      0.65              0.88               14.2          89409.5              57923                      512                      8196        -1   375018                       -15.4                      -2.2
EU-TECH                  10.241             163.863    548.00              1.87               29.9             43.6              23901                      446                      7146        -1   375018                        -6.4                      -1.9
EURCHF                    0.004               0.064      0.98              0.41                6.5         110286.6             108588                      439                      7039        -1   375018                       -29.0                      -1.9
GOLD_micro               15.899             254.379   1640.30              0.97               15.5              8.9              14665                      142                      2274        -1   375018                        -3.9                      -0.6
KOSDAQ                   20.547             328.753   1004.80              2.04               32.7              6.3               6294                      128                      2059        -1   375018                        -1.7                      -0.5
KOSPI_mini                3.851              61.621    304.10              1.27               20.3             31.3               9525                      120                      1930        -1   375018                        -2.5                      -0.5
BITCOIN                 913.724           14619.587  20685.00              4.42               70.7              0.1               1849                       81                      1307        -1   375018                        -0.5                      -0.3
MXP                       0.000               0.004      0.05              0.52                8.4         447047.3              22535                      118                      1889         1   375018                         6.0                       0.5
NIKKEI                  309.118            4945.892  27315.00              1.13               18.1              0.6              16478                      186                      2983         1   375018                         4.4                       0.8
BRE                       0.002               0.037      0.19              1.19               19.1          89409.5              17390                      207                      3317         1   375018                         4.6                       0.9
CORN                      7.867             125.867    686.50              1.15               18.3             44.7              30689                      351                      5626         1   375018                         8.2                       1.5
CRUDE_W_mini              1.974              31.585     88.20              2.24               35.8            447.0              39429                      882                     14119         1   375018                        10.5                       3.8

Sum of abs(notional exposure % capital) 125.7
Sum of abs(annualised risk % capital) 22.0
Net sum of annualised risk % capital -7.0 

=======================================================================================================================================
                                                             Correlations                                                              
=======================================================================================================================================

               AUD  BITCOIN   BRE  EU-TECH  KOSDAQ  KOSPI_mini   MXP  NIKKEI  GOLD_micro  US20  CORN  CRUDE_W_mini  GAS_US_mini  EURCHF
AUD           1.00     0.49  0.67     0.54    0.49        0.48  0.52    0.48        0.56  0.50  0.09          0.29         0.27   -0.03
BITCOIN       0.49     1.00  0.34     0.63    0.37        0.37  0.31    0.58        0.11  0.15  0.03          0.09         0.21   -0.05
BRE           0.67     0.34  1.00     0.43    0.32        0.27  0.57    0.40        0.55  0.39  0.28          0.36         0.28   -0.02
EU-TECH       0.54     0.63  0.43     1.00    0.64        0.59  0.54    0.79        0.11  0.20  0.05          0.12         0.23   -0.04
KOSDAQ        0.49     0.37  0.32     0.64    1.00        0.80  0.29    0.53        0.26  0.14  0.14          0.15         0.23   -0.01
KOSPI_mini    0.48     0.37  0.27     0.59    0.80        1.00  0.37    0.62        0.10  0.09  0.04          0.18         0.29    0.07
MXP           0.52     0.31  0.57     0.54    0.29        0.37  1.00    0.54        0.29  0.19 -0.01          0.01         0.13    0.24
NIKKEI        0.48     0.58  0.40     0.79    0.53        0.62  0.54    1.00        0.01  0.12  0.04          0.17         0.28    0.07
GOLD_micro    0.56     0.11  0.55     0.11    0.26        0.10  0.29    0.01        1.00  0.37  0.21          0.34         0.01   -0.10
US20          0.50     0.15  0.39     0.20    0.14        0.09  0.19    0.12        0.37  1.00 -0.06          0.15        -0.00   -0.18
CORN          0.09     0.03  0.28     0.05    0.14        0.04 -0.01    0.04        0.21 -0.06  1.00          0.40         0.18   -0.16
CRUDE_W_mini  0.29     0.09  0.36     0.12    0.15        0.18  0.01    0.17        0.34  0.15  0.40          1.00         0.34   -0.07
GAS_US_mini   0.27     0.21  0.28     0.23    0.23        0.29  0.13    0.28        0.01 -0.00  0.18          0.34         1.00   -0.14
EURCHF       -0.03    -0.05 -0.02    -0.04   -0.01        0.07  0.24    0.07       -0.10 -0.18 -0.16         -0.07        -0.14    1.00


********************************************************************************
                                 END OF REPORT                                  
********************************************************************************


