
********************************************************************************
           Risk report report produced on 2022-06-27 21:00:46.022141            
********************************************************************************


Total risk across all strategies, annualised percentage 7.0
Percentage of capital used for margin 20.8%

========================================
Risk per strategy, annualised percentage
========================================

                  risk
dynamic_TF_carry   7.0


==================================================================================================================================================================================================================================================================
                                                                                                                         Instrument risk                                                                                                                          
==================================================================================================================================================================================================================================================================

              daily_price_stdev  annual_price_stdev     price  daily_perc_stdev  annual_perc_stdev  point_size_base  contract_exposure  daily_risk_per_contract  annual_risk_per_contract  position  capital  exposure_held_perc_capital  annual_risk_perc_capital
US10U                     0.881              14.091    124.88              0.71               11.3            812.7             101489                      715                     11452        -1   371959                       -27.3                      -3.1
SILVER                    0.416               6.658     21.18              1.96               31.4            812.7              17217                      338                      5411        -1   371959                        -4.6                      -1.5
SP500_micro              65.932            1054.909   3910.50              1.69               27.0              4.1              15890                      267                      4286        -1   371959                        -4.3                      -1.2
DJSTX-SMALL               5.568              89.089    305.90              1.82               29.1             43.1              13174                      239                      3836        -1   371959                        -3.5                      -1.0
DOW                     441.706            7067.301  31450.00              1.40               22.5              0.4              12780                      179                      2871        -1   371959                        -3.4                      -0.8
DAX                     203.086            3249.372  13154.00              1.54               24.7              0.9              11330                      174                      2798        -1   371959                        -3.0                      -0.8
KOSDAQ                   26.769             428.297   1114.50              2.40               38.4              6.3               7037                      169                      2704        -1   371959                        -1.9                      -0.7
NIKKEI400               217.992            3487.879  16905.00              1.29               20.6              0.6              10164                      131                      2097         1   371959                         2.7                       0.6
TOPIX                    24.129             386.058   1879.00              1.28               20.5              6.0              11297                      145                      2321         1   371959                         3.0                       0.6
BRE                       0.002               0.034      0.19              1.10               17.7          81272.7              15437                      170                      2728         1   371959                         4.2                       0.7
EU-OIL                    6.152              98.425    308.70              1.99               31.9             43.1              13295                      264                      4239         1   371959                         3.6                       1.1
IRON                      3.974              63.585    118.35              3.36               53.7             81.3               9618                      322                      5167         1   371959                         2.6                       1.4
CORN                     12.128             194.050    652.75              1.86               29.7             40.6              26525                      492                      7885         1   371959                         7.1                       2.1
CRUDE_W_mini              2.577              41.227    107.08              2.41               38.5            406.4              43511                     1047                     16753         1   371959                        11.7                       4.5

Sum of abs(notional exposure % capital) 82.9
Sum of abs(annualised risk % capital) 20.1
Net sum of annualised risk % capital 1.9 

===================================================================================================================================
                                                           Correlations                                                            
===================================================================================================================================

               DAX  DJSTX-SMALL   DOW  NIKKEI400  SP500_micro  TOPIX   BRE  CRUDE_W_mini  EU-OIL  IRON  KOSDAQ  SILVER  CORN  US10U
DAX           1.00         0.59  0.52       0.48         0.50   0.48  0.32          0.19    0.37  0.17    0.38    0.20  0.09   0.14
DJSTX-SMALL   0.59         1.00  0.54       0.48         0.53   0.48  0.36          0.22    0.40  0.23    0.43    0.25  0.09   0.17
DOW           0.52         0.54  1.00       0.50         0.60   0.50  0.37          0.29    0.37  0.34    0.40    0.26  0.12   0.16
NIKKEI400     0.48         0.48  0.50       1.00         0.50   0.60  0.32          0.28    0.37  0.24    0.40    0.19  0.08   0.09
SP500_micro   0.50         0.53  0.60       0.50         1.00   0.50  0.37          0.27    0.34  0.32    0.41    0.27  0.08   0.19
TOPIX         0.48         0.48  0.50       0.60         0.50   1.00  0.31          0.28    0.38  0.24    0.40    0.18  0.07   0.10
BRE           0.32         0.36  0.37       0.32         0.37   0.31  1.00          0.33    0.38  0.32    0.34    0.37  0.15   0.13
CRUDE_W_mini  0.19         0.22  0.29       0.28         0.27   0.28  0.33          1.00    0.48  0.32    0.35    0.32  0.26   0.06
EU-OIL        0.37         0.40  0.37       0.37         0.34   0.38  0.38          0.48    1.00  0.30    0.41    0.26  0.19   0.04
IRON          0.17         0.23  0.34       0.24         0.32   0.24  0.32          0.32    0.30  1.00    0.28    0.27  0.16   0.05
KOSDAQ        0.38         0.43  0.40       0.40         0.41   0.40  0.34          0.35    0.41  0.28    1.00    0.34  0.17   0.12
SILVER        0.20         0.25  0.26       0.19         0.27   0.18  0.37          0.32    0.26  0.27    0.34    1.00  0.22   0.10
CORN          0.09         0.09  0.12       0.08         0.08   0.07  0.15          0.26    0.19  0.16    0.17    0.22  1.00   0.03
US10U         0.14         0.17  0.16       0.09         0.19   0.10  0.13          0.06    0.04  0.05    0.12    0.10  0.03   1.00


********************************************************************************
                                 END OF REPORT                                  
********************************************************************************


