
********************************************************************************
                    Risk report produced on 11/11/2024 22:52                    
********************************************************************************


Total risk across all strategies, annualised percentage 10.3
Percentage of capital used for margin 69.7%

========================================
Risk per strategy, annualised percentage
========================================

                  risk
dynamic_TF_carry  10.3


===================
Risk by asset class
===================

Ags       2.4
Bond      2.9
Equity    7.9
FX        4.3
Metals    1.1
OilGas    1.1
Sector    0.9
dtype: float64


=====================================================
Beta loadings of asset class positions on asset class
=====================================================

FX       -0.53
Bond     -0.19
Ags      -0.07
Sector   -0.04
OilGas   -0.03
Metals    0.02
Equity    0.59
dtype: float64


========================================================
Beta loadings of full portfolio positions on asset class
========================================================

Bond     -0.33
FX       -0.33
Ags      -0.11
OilGas   -0.00
Metals    0.07
Sector    0.18
Equity    0.61
dtype: float64


===================================================================================================================================================================================================================================================================
                                                                                                                          Instrument risk                                                                                                                          
===================================================================================================================================================================================================================================================================

               daily_price_stdev  annual_price_stdev     price  daily_perc_stdev  annual_perc_stdev  point_size_base  contract_exposure  daily_risk_per_contract  annual_risk_per_contract  position  capital  exposure_held_perc_capital  annual_risk_perc_capital
BUXL                       1.299              20.788    133.10              0.98               15.6            830.0             110466                     1078                     17252        -1   590387                       -18.7                      -2.9
CHF                        0.006               0.091      1.14              0.50                8.0          96762.0             110284                      549                      8794        -1   590387                       -18.7                      -1.5
JPY                        0.000               0.001      0.01              0.78               12.4        9676195.8              63224                      490                      7851        -1   590387                       -10.7                      -1.3
GAS_US_mini                0.098               1.565      3.14              3.11               49.8           1935.2               6076                      189                      3028        -2   590387                        -2.1                      -1.0
COTTON2                    0.870              13.923     69.87              1.25               19.9            387.0              27043                      336                      5388        -1   590387                        -4.6                      -0.9
EU-AUTO                    7.849             125.589    545.80              1.44               23.0             41.5              22649                      325                      5211        -1   590387                        -3.8                      -0.9
NZD                        0.004               0.062      0.60              0.65               10.4          77409.6              46159                      298                      4783        -1   590387                        -7.8                      -0.8
SOYMEAL                    3.822              61.154    297.00              1.29               20.6             77.4              22990                      295                      4733        -1   590387                        -3.9                      -0.8
CAD                        0.002               0.040      0.72              0.34                5.5          77409.6              55638                      191                      3064        -1   590387                        -9.4                      -0.5
CORN                       4.638              74.212    429.50              1.08               17.3             38.7              16623                      179                      2872        -1   590387                        -2.8                      -0.5
MXP                        0.000               0.007      0.05              0.88               14.1         387047.8              18872                      166                      2659        -1   590387                        -3.2                      -0.5
CRUDE_W_micro              1.497              23.959     67.89              2.21               35.3             77.4               5255                      115                      1854        -1   590387                        -0.9                      -0.3
MILLWHEAT                  2.450              39.201    224.25              1.09               17.5             41.5               9305                      101                      1626        -1   590387                        -1.6                      -0.3
CANOLA                     8.970             143.524    665.10              1.35               21.6             11.1               7401                       99                      1597        -1   590387                        -1.3                      -0.3
MUMMY                     12.569             201.107    619.00              2.03               32.5              5.0               3123                       63                      1014         1   590387                         0.5                       0.2
DOW                      371.131            5938.098  44438.00              0.84               13.4              0.4              17199                      143                      2298         1   590387                         2.9                       0.4
RUSSELL                   31.710             507.353   2447.00              1.30               20.7              3.9               9471                      122                      1963         2   590387                         3.2                       0.7
MSCISING                   2.659              42.548    356.15              0.75               11.9             58.3              20750                      154                      2479         2   590387                         7.0                       0.8
NASDAQ_micro             213.084            3409.346  21197.50              1.01               16.1              1.5              32817                      329                      5278         1   590387                         5.6                       0.9
BITCOIN                 2684.422           42950.754  88410.00              3.04               48.6              0.1               6843                      207                      3324         2   590387                         2.3                       1.1
YENEUR                     0.903              14.441    163.30              0.55                8.8            630.9             103018                      569                      9110         1   590387                        17.4                       1.5
FTSETAIWAN                19.481             311.702   1958.25              0.99               15.9             31.0              60634                      603                      9651         1   590387                        10.3                       1.6
LEANHOG                    1.164              18.631     81.65              1.43               22.8            309.6              25281                      360                      5768         2   590387                         8.6                       2.0
MSCITAIWAN                10.937             174.990    983.80              1.11               17.8             77.4              76155                      846                     13545         1   590387                        12.9                       2.3
MIB                      289.911            4638.568  34115.00              0.85               13.6              4.1             141569                     1203                     19248         1   590387                        24.0                       3.3

Sum of abs(notional exposure % capital) 184.2
Sum of abs(annualised risk % capital) 27.3
Net sum of annualised risk % capital 2.3 

=======================================================================================================================================================================================================================================
                                                                                                             Correlations                                                                                                              
=======================================================================================================================================================================================================================================

               BITCOIN   DOW  EU-AUTO  FTSETAIWAN   MIB  MSCISING  MSCITAIWAN  MUMMY   MXP  NASDAQ_micro  RUSSELL  COTTON2  CRUDE_W_micro  YENEUR  CANOLA  CORN  GAS_US_mini  LEANHOG  MILLWHEAT  SOYMEAL   CAD   NZD  BUXL   CHF   JPY
BITCOIN           1.00  0.38     0.24        0.27  0.34      0.21        0.25   0.32  0.13          0.21     0.47     0.17          -0.06   -0.01    0.08  0.04        -0.08     0.29       0.02    -0.06 -0.00  0.08  0.18 -0.04  0.12
DOW               0.38  1.00     0.32        0.48  0.51      0.57        0.44   0.69  0.41          0.63     0.86     0.21           0.25    0.02   -0.07  0.08        -0.05     0.06       0.01    -0.04  0.29  0.27  0.26  0.07  0.10
EU-AUTO           0.24  0.32     1.00        0.40  0.78      0.28        0.33   0.42  0.21          0.31     0.35     0.19           0.04    0.28    0.14 -0.02        -0.10     0.21      -0.03     0.03  0.31  0.31 -0.12  0.13 -0.11
FTSETAIWAN        0.27  0.48     0.40        1.00  0.40      0.57        0.96   0.51  0.44          0.62     0.39     0.21           0.36    0.38    0.07 -0.03         0.01    -0.03      -0.10    -0.17  0.21  0.19  0.03 -0.08 -0.27
MIB               0.34  0.51     0.78        0.40  1.00      0.46        0.34   0.49  0.34          0.39     0.54     0.02           0.09    0.28    0.20 -0.09        -0.06     0.28       0.09     0.01  0.31  0.23 -0.07 -0.01 -0.11
MSCISING          0.21  0.57     0.28        0.57  0.46      1.00        0.51   0.57  0.37          0.61     0.50     0.09           0.22    0.23    0.11  0.06         0.06     0.07       0.06    -0.07  0.24  0.21  0.00 -0.16 -0.11
MSCITAIWAN        0.25  0.44     0.33        0.96  0.34      0.51        1.00   0.46  0.39          0.60     0.36     0.18           0.38    0.37    0.08  0.01         0.01    -0.08      -0.12    -0.20  0.15  0.14  0.00 -0.11 -0.30
MUMMY             0.32  0.69     0.42        0.51  0.49      0.57        0.46   1.00  0.25          0.57     0.69     0.20           0.26    0.24   -0.04 -0.01        -0.07     0.16      -0.12    -0.04  0.23  0.21  0.09 -0.03 -0.11
MXP               0.13  0.41     0.21        0.44  0.34      0.37        0.39   0.25  1.00          0.32     0.32     0.22           0.22    0.25   -0.02  0.08        -0.06     0.05       0.09    -0.04  0.13  0.09  0.10 -0.08 -0.13
NASDAQ_micro      0.21  0.63     0.31        0.62  0.39      0.61        0.60   0.57  0.32          1.00     0.48     0.15           0.13    0.35   -0.05  0.02         0.13    -0.17      -0.06    -0.12  0.20  0.18  0.11 -0.13 -0.18
RUSSELL           0.47  0.86     0.35        0.39  0.54      0.50        0.36   0.69  0.32          0.48     1.00     0.20           0.19   -0.06    0.06  0.04        -0.19     0.19      -0.04    -0.07  0.21  0.24  0.19  0.03  0.15
COTTON2           0.17  0.21     0.19        0.21  0.02      0.09        0.18   0.20  0.22          0.15     0.20     1.00           0.19    0.02    0.17  0.11         0.03     0.09       0.07     0.13 -0.00  0.01 -0.22 -0.12 -0.07
CRUDE_W_micro    -0.06  0.25     0.04        0.36  0.09      0.22        0.38   0.26  0.22          0.13     0.19     0.19           1.00    0.16    0.25  0.19         0.10     0.01       0.01     0.05  0.14 -0.04 -0.31 -0.16 -0.22
YENEUR           -0.01  0.02     0.28        0.38  0.28      0.23        0.37   0.24  0.25          0.35    -0.06     0.02           0.16    1.00    0.12  0.01         0.24    -0.04      -0.01    -0.06  0.08 -0.04 -0.34 -0.28 -0.78
CANOLA            0.08 -0.07     0.14        0.07  0.20      0.11        0.08  -0.04 -0.02         -0.05     0.06     0.17           0.25    0.12    1.00  0.40         0.11     0.40       0.38     0.44  0.04  0.02 -0.35 -0.04 -0.08
CORN              0.04  0.08    -0.02       -0.03 -0.09      0.06        0.01  -0.01  0.08          0.02     0.04     0.11           0.19    0.01    0.40  1.00         0.21     0.10       0.49     0.58  0.11  0.07 -0.04  0.10 -0.01
GAS_US_mini      -0.08 -0.05    -0.10        0.01 -0.06      0.06        0.01  -0.07 -0.06          0.13    -0.19     0.03           0.10    0.24    0.11  0.21         1.00    -0.04       0.16     0.17  0.08  0.05 -0.07 -0.01 -0.19
LEANHOG           0.29  0.06     0.21       -0.03  0.28      0.07       -0.08   0.16  0.05         -0.17     0.19     0.09           0.01   -0.04    0.40  0.10        -0.04     1.00       0.15     0.15  0.02  0.05 -0.00  0.10  0.04
MILLWHEAT         0.02  0.01    -0.03       -0.10  0.09      0.06       -0.12  -0.12  0.09         -0.06    -0.04     0.07           0.01   -0.01    0.38  0.49         0.16     0.15       1.00     0.53  0.06 -0.05 -0.04 -0.13 -0.07
SOYMEAL          -0.06 -0.04     0.03       -0.17  0.01     -0.07       -0.20  -0.04 -0.04         -0.12    -0.07     0.13           0.05   -0.06    0.44  0.58         0.17     0.15       0.53     1.00  0.23  0.24 -0.00  0.23  0.12
CAD              -0.00  0.29     0.31        0.21  0.31      0.24        0.15   0.23  0.13          0.20     0.21    -0.00           0.14    0.08    0.04  0.11         0.08     0.02       0.06     0.23  1.00  0.77  0.21  0.46  0.26
NZD               0.08  0.27     0.31        0.19  0.23      0.21        0.14   0.21  0.09          0.18     0.24     0.01          -0.04   -0.04    0.02  0.07         0.05     0.05      -0.05     0.24  0.77  1.00  0.23  0.59  0.43
BUXL              0.18  0.26    -0.12        0.03 -0.07      0.00        0.00   0.09  0.10          0.11     0.19    -0.22          -0.31   -0.34   -0.35 -0.04        -0.07    -0.00      -0.04    -0.00  0.21  0.23  1.00  0.30  0.39
CHF              -0.04  0.07     0.13       -0.08 -0.01     -0.16       -0.11  -0.03 -0.08         -0.13     0.03    -0.12          -0.16   -0.28   -0.04  0.10        -0.01     0.10      -0.13     0.23  0.46  0.59  0.30  1.00  0.64
JPY               0.12  0.10    -0.11       -0.27 -0.11     -0.11       -0.30  -0.11 -0.13         -0.18     0.15    -0.07          -0.22   -0.78   -0.08 -0.01        -0.19     0.04      -0.07     0.12  0.26  0.43  0.39  0.64  1.00


********************************************************************************
                                 END OF REPORT                                  
********************************************************************************


