
********************************************************************************
                    Risk report produced on 15/09/2023 22:52                    
********************************************************************************


Total risk across all strategies, annualised percentage 13.4
Percentage of capital used for margin 57.5%

========================================
Risk per strategy, annualised percentage
========================================

                  risk
dynamic_TF_carry  13.4


===================
Risk by asset class
===================

Ags       3.5
Bond      7.0
Equity    3.5
FX        2.6
OilGas    1.0
Sector    2.7
Vol       1.7
dtype: float64


=====================================================
Beta loadings of asset class positions on asset class
=====================================================

Bond     -1.30
FX       -0.14
Vol      -0.04
OilGas   -0.02
Sector    0.16
Equity    0.20
Ags       0.28
dtype: float64


========================================================
Beta loadings of full portfolio positions on asset class
========================================================

Bond     -1.64
FX       -0.63
Vol      -0.13
OilGas    0.00
Equity    0.29
Sector    0.29
Ags       0.48
dtype: float64


==================================================================================================================================================================================================================================================================
                                                                                                                         Instrument risk                                                                                                                          
==================================================================================================================================================================================================================================================================

              daily_price_stdev  annual_price_stdev     price  daily_perc_stdev  annual_perc_stdev  point_size_base  contract_exposure  daily_risk_per_contract  annual_risk_per_contract  position  capital  exposure_held_perc_capital  annual_risk_perc_capital
US20                      0.829              13.264    118.50              0.70               11.2            804.6              95349                      667                     10672        -1   378907                       -25.2                      -2.8
US3                       0.185               2.956    103.45              0.18                2.9           1609.3             166471                      297                      4757        -2   378907                       -87.9                      -2.5
BOBL                      0.332               5.312    116.25              0.29                4.6            857.4              99670                      284                      4554        -2   378907                       -52.6                      -2.4
CHF                       0.004               0.071      1.13              0.40                6.3         100579.3             113181                      448                      7173        -1   378907                       -29.9                      -1.9
VIX                       0.490               7.836     16.50              2.97               47.5            804.6              13276                      394                      6304        -1   378907                        -3.5                      -1.7
NASDAQ_micro            191.212            3059.394  15400.00              1.24               19.9              1.6              24782                      307                      4923        -1   378907                        -6.5                      -1.3
GAS_US_mini               0.112               1.798      2.94              3.83               61.2           2011.6               5904                      225                      3615        -1   378907                        -1.6                      -1.0
TOPIX                    19.239             307.825   2415.75              0.80               12.7              5.5              13186                      105                      1680         1   378907                         3.5                       0.4
CNH                       0.023               0.367      7.26              0.32                5.1          11065.0              80327                      253                      4059         1   378907                        21.2                       1.1
SOYBEAN_mini             17.633             282.133   1339.25              1.32               21.1              8.0              10776                      141                      2270         2   378907                         5.7                       1.2
KOSDAQ                   24.655             394.484   1399.40              1.76               28.2              6.1               8502                      149                      2396         2   378907                         4.5                       1.3
EU-OIL                    3.730              59.674    364.20              1.02               16.4             42.9              15612                      159                      2558         4   378907                        16.5                       2.7
NIKKEI                  317.954            5087.266  33390.00              0.95               15.2              0.5              18225                      173                      2776         4   378907                        19.2                       2.9
LIVECOW                   1.187              18.992    191.82              0.62                9.9            321.9              61739                      382                      6112         2   378907                        32.6                       3.2

Sum of abs(notional exposure % capital) 310.4
Sum of abs(annualised risk % capital) 26.4
Net sum of annualised risk % capital -0.8 

=================================================================================================================================
                                                          Correlations                                                           
=================================================================================================================================

              EU-OIL  GAS_US_mini  KOSDAQ  LIVECOW  NASDAQ_micro  NIKKEI  SOYBEAN_mini  TOPIX  BOBL   CHF  US20   US3   CNH   VIX
EU-OIL          1.00         0.36    0.35     0.24          0.20    0.47          0.28   0.51 -0.29  0.05 -0.19 -0.21 -0.17 -0.50
GAS_US_mini     0.36         1.00    0.11     0.12          0.12    0.20          0.16   0.23 -0.08  0.07  0.03 -0.05 -0.01 -0.23
KOSDAQ          0.35         0.11    1.00     0.28          0.41    0.47          0.37   0.41 -0.04  0.19  0.07 -0.11 -0.12 -0.31
LIVECOW         0.24         0.12    0.28     1.00          0.26    0.29          0.03   0.33 -0.12  0.01 -0.11 -0.16  0.04 -0.38
NASDAQ_micro    0.20         0.12    0.41     0.26          1.00    0.57          0.09   0.47  0.19  0.35  0.24  0.08 -0.26 -0.47
NIKKEI          0.47         0.20    0.47     0.29          0.57    1.00          0.23   0.95 -0.15 -0.02 -0.11 -0.33  0.01 -0.56
SOYBEAN_mini    0.28         0.16    0.37     0.03          0.09    0.23          1.00   0.19 -0.11  0.22  0.09 -0.11 -0.06 -0.16
TOPIX           0.51         0.23    0.41     0.33          0.47    0.95          0.19   1.00 -0.24 -0.07 -0.17 -0.36  0.02 -0.60
BOBL           -0.29        -0.08   -0.04    -0.12          0.19   -0.15         -0.11  -0.24  1.00  0.24  0.69  0.67 -0.28  0.33
CHF             0.05         0.07    0.19     0.01          0.35   -0.02          0.22  -0.07  0.24  1.00  0.58  0.53 -0.47 -0.16
US20           -0.19         0.03    0.07    -0.11          0.24   -0.11          0.09  -0.17  0.69  0.58  1.00  0.81 -0.43  0.11
US3            -0.21        -0.05   -0.11    -0.16          0.08   -0.33         -0.11  -0.36  0.67  0.53  0.81  1.00 -0.48  0.30
CNH            -0.17        -0.01   -0.12     0.04         -0.26    0.01         -0.06   0.02 -0.28 -0.47 -0.43 -0.48  1.00  0.08
VIX            -0.50        -0.23   -0.31    -0.38         -0.47   -0.56         -0.16  -0.60  0.33 -0.16  0.11  0.30  0.08  1.00


********************************************************************************
                                 END OF REPORT                                  
********************************************************************************


