
********************************************************************************
                    Risk report produced on 06/10/2023 22:52                    
********************************************************************************


Total risk across all strategies, annualised percentage 16.8
Percentage of capital used for margin 60.0%

========================================
Risk per strategy, annualised percentage
========================================

                  risk
dynamic_TF_carry  16.8


===================
Risk by asset class
===================

Ags       3.8
Bond      9.7
Equity    3.1
FX        6.9
OilGas    1.0
Sector    3.0
Vol       2.1
dtype: float64


=====================================================
Beta loadings of asset class positions on asset class
=====================================================

Bond     -1.26
FX       -1.25
Equity   -0.20
Vol      -0.04
OilGas   -0.02
Sector    0.16
Ags       0.23
dtype: float64


========================================================
Beta loadings of full portfolio positions on asset class
========================================================

FX       -1.98
Bond     -1.72
Equity   -0.29
Vol      -0.03
OilGas   -0.01
Sector    0.17
Ags       0.26
dtype: float64


==================================================================================================================================================================================================================================================================
                                                                                                                         Instrument risk                                                                                                                          
==================================================================================================================================================================================================================================================================

              daily_price_stdev  annual_price_stdev     price  daily_perc_stdev  annual_perc_stdev  point_size_base  contract_exposure  daily_risk_per_contract  annual_risk_per_contract  position  capital  exposure_held_perc_capital  annual_risk_perc_capital
US20                      0.925              14.792    110.44              0.84               13.4            821.6              90734                      759                     12153        -1   385927                       -23.5                      -3.1
BTP                       0.762              12.190    108.13              0.70               11.3            865.6              93595                      659                     10551        -1   385927                       -24.3                      -2.7
BUND                      0.734              11.743    127.84              0.57                9.2            865.6             110656                      635                     10164        -1   385927                       -28.7                      -2.6
US3                       0.192               3.074    102.90              0.19                3.0           1643.2             169087                      315                      5050        -2   385927                       -87.6                      -2.6
DAX                     129.281            2068.490  15270.00              0.85               13.5              0.9              13217                      111                      1790        -5   385927                       -17.1                      -2.3
VIX                       0.609               9.739     18.20              3.34               53.5            821.6              14952                      500                      8001        -1   385927                        -3.9                      -2.1
CHF                       0.005               0.076      1.11              0.43                6.9         102698.9             113800                      490                      7854        -1   385927                       -29.5                      -2.0
JPY                       0.000               0.001      0.01              0.51                8.1       10269892.8              69547                      354                      5666        -1   385927                       -18.0                      -1.5
AUD                       0.004               0.068      0.64              0.67               10.6          82159.1              52672                      350                      5608        -1   385927                       -13.6                      -1.5
NASDAQ_micro            187.974            3007.579  15129.50              1.24               19.9              1.6              24860                      308                      4942        -1   385927                        -6.4                      -1.3
GBP                       0.006               0.095      1.22              0.48                7.7          51349.5              62897                      304                      4867        -1   385927                       -16.3                      -1.3
NZD                       0.004               0.056      0.60              0.59                9.4          82159.1              49274                      289                      4638        -1   385927                       -12.8                      -1.2
GAS_US_mini               0.120               1.926      3.64              3.31               52.9           2054.0               7476                      247                      3956        -1   385927                        -1.9                      -1.0
RUSSELL                  20.708             331.331   1763.80              1.17               18.8              4.1               7245                       85                      1361        -2   385927                        -3.8                      -0.7
DOW                     258.483            4135.723  33704.00              0.77               12.3              0.4              13845                      106                      1698        -1   385927                        -3.6                      -0.4
CNH                       0.019               0.300      7.31              0.26                4.1          11232.8              82101                      210                      3372         1   385927                        21.3                       0.9
SOYBEAN_mini             15.432             246.904   1264.00              1.22               19.5              8.2              10384                      126                      2028         2   385927                         5.4                       1.1
LIVECOW                   1.347              21.556    186.60              0.72               11.6            328.6              61323                      442                      7084         1   385927                        15.9                       1.8
LEANHOG                   1.681              26.897     73.30              2.29               36.7            328.6              24089                      552                      8839         1   385927                         6.2                       2.3
NIKKEI                  347.451            5559.214  31045.00              1.12               17.9              0.6              17137                      191                      3068         3   385927                        13.3                       2.4
EU-OIL                    4.139              66.220    348.10              1.19               19.0             43.3              15065                      179                      2865         4   385927                        15.6                       3.0

Sum of abs(notional exposure % capital) 368.7
Sum of abs(annualised risk % capital) 37.8
Net sum of annualised risk % capital -14.8 

==============================================================================================================================================================================
                                                                                 Correlations                                                                                 
==============================================================================================================================================================================

               CNH   VIX   DAX   DOW  EU-OIL  GAS_US_mini  LEANHOG  LIVECOW  NASDAQ_micro  NIKKEI  RUSSELL  SOYBEAN_mini   AUD   CHF   GBP   NZD   BTP  BUND   JPY  US20   US3
CNH           1.00  0.07 -0.20 -0.23   -0.14        -0.01    -0.10     0.06         -0.25    0.03    -0.28         -0.05 -0.57 -0.44 -0.57 -0.58 -0.26 -0.28 -0.57 -0.39 -0.48
VIX           0.07  1.00 -0.67 -0.67   -0.46        -0.21    -0.21    -0.40         -0.50   -0.54    -0.66         -0.19 -0.42 -0.26 -0.30 -0.24 -0.10  0.13  0.01 -0.03  0.26
DAX          -0.20 -0.67  1.00  0.74    0.49         0.11     0.27     0.34          0.58    0.62     0.65          0.11  0.46  0.37  0.45  0.37  0.31  0.05  0.08  0.10 -0.14
DOW          -0.23 -0.67  0.74  1.00    0.47         0.25     0.29     0.42          0.71    0.58     0.80          0.27  0.54  0.34  0.48  0.45  0.32  0.17  0.05  0.17 -0.01
EU-OIL       -0.14 -0.46  0.49  0.47    1.00         0.33     0.12     0.28          0.16    0.52     0.51          0.29  0.30  0.02  0.14  0.20 -0.04 -0.18 -0.03 -0.13 -0.23
GAS_US_mini  -0.01 -0.21  0.11  0.25    0.33         1.00     0.09     0.10          0.12    0.17     0.24          0.16  0.19  0.07  0.16  0.14 -0.00 -0.02 -0.10  0.02 -0.04
LEANHOG      -0.10 -0.21  0.27  0.29    0.12         0.09     1.00     0.40          0.04    0.26     0.24          0.18  0.15  0.13  0.11  0.13  0.14  0.05 -0.05  0.12 -0.10
LIVECOW       0.06 -0.40  0.34  0.42    0.28         0.10     0.40     1.00          0.23    0.37     0.49          0.04  0.10  0.06  0.05 -0.04  0.05 -0.04 -0.11 -0.01 -0.19
NASDAQ_micro -0.25 -0.50  0.58  0.71    0.16         0.12     0.04     0.23          1.00    0.50     0.66          0.11  0.52  0.39  0.48  0.44  0.35  0.26  0.18  0.28  0.12
NIKKEI        0.03 -0.54  0.62  0.58    0.52         0.17     0.26     0.37          0.50    1.00     0.57          0.25  0.25  0.01  0.17  0.15  0.22  0.02 -0.29  0.02 -0.32
RUSSELL      -0.28 -0.66  0.65  0.80    0.51         0.24     0.24     0.49          0.66    0.57     1.00          0.25  0.51  0.26  0.34  0.36  0.13 -0.01  0.07  0.00 -0.13
SOYBEAN_mini -0.05 -0.19  0.11  0.27    0.29         0.16     0.18     0.04          0.11    0.25     0.25          1.00  0.37  0.23  0.22  0.28  0.07 -0.02  0.04  0.15 -0.09
AUD          -0.57 -0.42  0.46  0.54    0.30         0.19     0.15     0.10          0.52    0.25     0.51          0.37  1.00  0.64  0.74  0.87  0.25  0.17  0.53  0.35  0.26
CHF          -0.44 -0.26  0.37  0.34    0.02         0.07     0.13     0.06          0.39    0.01     0.26          0.23  0.64  1.00  0.73  0.57  0.39  0.31  0.67  0.62  0.51
GBP          -0.57 -0.30  0.45  0.48    0.14         0.16     0.11     0.05          0.48    0.17     0.34          0.22  0.74  0.73  1.00  0.75  0.47  0.41  0.55  0.52  0.44
NZD          -0.58 -0.24  0.37  0.45    0.20         0.14     0.13    -0.04          0.44    0.15     0.36          0.28  0.87  0.57  0.75  1.00  0.31  0.26  0.56  0.40  0.36
BTP          -0.26 -0.10  0.31  0.32   -0.04        -0.00     0.14     0.05          0.35    0.22     0.13          0.07  0.25  0.39  0.47  0.31  1.00  0.88  0.27  0.69  0.41
BUND         -0.28  0.13  0.05  0.17   -0.18        -0.02     0.05    -0.04          0.26    0.02    -0.01         -0.02  0.17  0.31  0.41  0.26  0.88  1.00  0.33  0.73  0.60
JPY          -0.57  0.01  0.08  0.05   -0.03        -0.10    -0.05    -0.11          0.18   -0.29     0.07          0.04  0.53  0.67  0.55  0.56  0.27  0.33  1.00  0.54  0.58
US20         -0.39 -0.03  0.10  0.17   -0.13         0.02     0.12    -0.01          0.28    0.02     0.00          0.15  0.35  0.62  0.52  0.40  0.69  0.73  0.54  1.00  0.76
US3          -0.48  0.26 -0.14 -0.01   -0.23        -0.04    -0.10    -0.19          0.12   -0.32    -0.13         -0.09  0.26  0.51  0.44  0.36  0.41  0.60  0.58  0.76  1.00


********************************************************************************
                                 END OF REPORT                                  
********************************************************************************


