
********************************************************************************
           Risk report report produced on 2023-02-06 23:00:43.400442            
********************************************************************************


Total risk across all strategies, annualised percentage 7.7
Percentage of capital used for margin 24.4%

========================================
Risk per strategy, annualised percentage
========================================

                  risk
dynamic_TF_carry   7.7


===================
Risk by asset class
===================

Ags       2.3
Bond      3.1
Equity    3.9
FX        0.7
Metals    1.0
OilGas    1.9
Sector    3.2
Vol       2.1
dtype: float64


============================
Beta loadings by asset class
============================

Bond     -0.55
Ags      -0.08
Vol      -0.05
OilGas   -0.01
Metals    0.03
FX        0.04
Sector    0.17
Equity    0.28
dtype: float64


=================================================================================================================================================================================================================================================================
                                                                                                                         Instrument risk                                                                                                                         
=================================================================================================================================================================================================================================================================

             daily_price_stdev  annual_price_stdev     price  daily_perc_stdev  annual_perc_stdev  point_size_base  contract_exposure  daily_risk_per_contract  annual_risk_per_contract  position  capital  exposure_held_perc_capital  annual_risk_perc_capital
LEANHOG                  1.565              25.044     82.68              1.89               30.3            331.6              27418                      519                      8305        -1   356425                        -7.7                      -2.3
VIX                      0.558               8.931     20.95              2.66               42.6            829.1              17370                      462                      7404        -1   356425                        -4.9                      -2.1
GAS_US_mini              0.200               3.207      2.56              7.84              125.5           2072.8               5295                      415                      6646        -1   356425                        -1.5                      -1.9
BOBL                     0.459               7.338    117.40              0.39                6.3            894.4             104999                      410                      6562        -1   356425                       -29.5                      -1.8
US5                      0.393               6.288    108.34              0.36                5.8            829.1              89823                      325                      5213        -1   356425                       -25.2                      -1.5
KOSDAQ                  15.955             255.287   1064.00              1.50               24.0              6.6               7033                      105                      1687        -1   356425                        -2.0                      -0.5
DOW                    300.268            4804.285  33863.00              0.89               14.2              0.4              14038                      124                      1991         1   356425                         3.9                       0.6
FTSECHINAA             174.044            2784.709  13501.00              1.29               20.6              0.8              11193                      144                      2308         1   356425                         3.1                       0.6
BRE                      0.002               0.030      0.19              0.97               15.5          82911.9              15972                      154                      2469         1   356425                         4.5                       0.7
IRON                     2.600              41.602    121.40              2.14               34.3             82.9              10065                      215                      3449         1   356425                         2.8                       1.0
RUSSELL                 27.418             438.690   1964.20              1.40               22.3              4.1               8142                      113                      1818         2   356425                         4.6                       1.0
EU-OIL                   4.236              67.775    336.60              1.26               20.1             44.7              15052                      189                      3030         2   356425                         8.4                       1.7
EU-BASIC                 9.068             145.089    647.90              1.40               22.4             44.7              28973                      405                      6488         1   356425                         8.1                       1.8
CAC                     66.586            1065.375   7133.00              0.93               14.9              8.9              63795                      595                      9528         1   356425                        17.9                       2.7

Sum of abs(notional exposure % capital) 124.1
Sum of abs(annualised risk % capital) 20.2
Net sum of annualised risk % capital -0.0 

==========================================================================================================================
                                                       Correlations                                                       
==========================================================================================================================

              BRE  FTSECHINAA  IRON  LEANHOG   CAC   DOW  EU-BASIC  EU-OIL  KOSDAQ  RUSSELL  BOBL  GAS_US_mini   US5   VIX
BRE          1.00        0.09  0.36     0.23  0.29  0.27      0.45    0.54    0.23     0.35  0.03        -0.05 -0.03 -0.50
FTSECHINAA   0.09        1.00  0.28    -0.02  0.12 -0.02      0.18    0.06    0.03     0.04  0.02        -0.09  0.06 -0.21
IRON         0.36        0.28  1.00     0.13  0.16  0.23      0.47    0.27    0.19     0.25  0.01         0.08  0.13 -0.23
LEANHOG      0.23       -0.02  0.13     1.00  0.25  0.19      0.24    0.26    0.25     0.16 -0.13        -0.01 -0.19 -0.08
CAC          0.29        0.12  0.16     0.25  1.00  0.80      0.60    0.48    0.51     0.78  0.44         0.10  0.36 -0.65
DOW          0.27       -0.02  0.23     0.19  0.80  1.00      0.66    0.50    0.55     0.86  0.38         0.21  0.43 -0.66
EU-BASIC     0.45        0.18  0.47     0.24  0.60  0.66      1.00    0.69    0.40     0.62  0.21         0.19  0.24 -0.49
EU-OIL       0.54        0.06  0.27     0.26  0.48  0.50      0.69    1.00    0.42     0.49  0.09         0.32  0.10 -0.45
KOSDAQ       0.23        0.03  0.19     0.25  0.51  0.55      0.40    0.42    1.00     0.58  0.17         0.25  0.31 -0.52
RUSSELL      0.35        0.04  0.25     0.16  0.78  0.86      0.62    0.49    0.58     1.00  0.40         0.18  0.44 -0.66
BOBL         0.03        0.02  0.01    -0.13  0.44  0.38      0.21    0.09    0.17     0.40  1.00        -0.00  0.71 -0.17
GAS_US_mini -0.05       -0.09  0.08    -0.01  0.10  0.21      0.19    0.32    0.25     0.18 -0.00         1.00  0.12 -0.08
US5         -0.03        0.06  0.13    -0.19  0.36  0.43      0.24    0.10    0.31     0.44  0.71         0.12  1.00 -0.23
VIX         -0.50       -0.21 -0.23    -0.08 -0.65 -0.66     -0.49   -0.45   -0.52    -0.66 -0.17        -0.08 -0.23  1.00


********************************************************************************
                                 END OF REPORT                                  
********************************************************************************


