
********************************************************************************
                    Risk report produced on 03/03/2025 22:53                    
********************************************************************************


Total risk across all strategies, annualised percentage 9.6
Percentage of capital used for margin 69.7%

========================================
Risk per strategy, annualised percentage
========================================

                  risk
dynamic_TF_carry   9.6


===================
Risk by asset class
===================

Ags       2.7
Bond      0.8
Equity    6.0
FX        2.7
Metals    1.9
OilGas    2.3
Vol       2.3
dtype: float64


=====================================================
Beta loadings of asset class positions on asset class
=====================================================

FX       -0.21
Metals   -0.09
Vol      -0.06
OilGas   -0.04
Ags       0.10
Bond      0.12
Equity    0.49
dtype: float64


========================================================
Beta loadings of full portfolio positions on asset class
========================================================

FX       -0.12
Vol      -0.11
OilGas   -0.03
Bond      0.02
Metals    0.02
Ags       0.13
Equity    0.62
dtype: float64


==================================================================================================================================================================================================================================================================
                                                                                                                         Instrument risk                                                                                                                          
==================================================================================================================================================================================================================================================================

              daily_price_stdev  annual_price_stdev     price  daily_perc_stdev  annual_perc_stdev  point_size_base  contract_exposure  daily_risk_per_contract  annual_risk_per_contract  position  capital  exposure_held_perc_capital  annual_risk_perc_capital
CHF                       0.005               0.079      1.12              0.44                7.1          99223.3             110867                      490                      7844        -2   579467                       -38.3                      -2.7
BRENT-LAST                1.071              17.144     70.93              1.51               24.2            793.8              56303                      850                     13608        -1   579467                        -9.7                      -2.3
VIX                       0.521               8.339     20.40              2.55               40.9            793.8              16193                      413                      6619        -2   579467                        -5.6                      -2.3
LEANHOG                   1.462              23.397     95.40              1.53               24.5            317.5              30290                      464                      7429        -1   579467                        -5.2                      -1.3
RUSSELL                  25.370             405.928   2109.60              1.20               19.2              4.0               8372                      100                      1611        -4   579467                        -5.8                      -1.1
SILVER                    0.465               7.439     32.06              1.45               23.2            793.8              25444                      369                      5904        -1   579467                        -4.4                      -1.0
BITCOIN                2287.721           36603.532  86900.00              2.63               42.1              0.1               6898                      181                      2905        -2   579467                        -2.4                      -1.0
COPPER-micro              0.065               1.038      4.58              1.42               22.7           1984.5               9091                      128                      2059        -2   579467                        -3.1                      -0.7
EUR_micro                 0.005               0.083      1.05              0.49                7.9           9922.3              10456                       51                       823        -5   579467                        -9.0                      -0.7
CAD                       0.003               0.040      0.69              0.36                5.8          79378.6              54739                      199                      3185        -1   579467                        -9.4                      -0.5
SP500_micro              48.694             779.110   5879.75              0.83               13.3              4.0              23336                      193                      3092        -1   579467                        -4.0                      -0.5
DOW                     330.573            5289.160  43143.00              0.77               12.3              0.4              17123                      131                      2099        -1   579467                        -3.0                      -0.4
MUMMY                     8.542             136.668    642.00              1.33               21.3              5.3               3386                       45                       720         1   579467                         0.6                       0.1
GAS_US_mini               0.139               2.219      4.20              3.31               52.9           1984.5               8324                      275                      4404         1   579467                         1.4                       0.8
CAD10                     0.529               8.462    125.45              0.42                6.7            549.4              68918                      290                      4648         1   579467                        11.9                       0.8
HANG_mini               370.109            5921.740  23228.00              1.59               25.5              1.0              23706                      377                      6043         1   579467                         4.1                       1.0
TOPIX                    21.141             338.250   2731.25              0.77               12.4              5.3              14408                      111                      1784         4   579467                         9.9                       1.2
MSCISING                  2.826              45.211    398.40              0.71               11.3             58.8              23427                      166                      2658         3   579467                        12.1                       1.4
SMI                      85.359            1365.738  13152.00              0.65               10.4              8.8             115696                      750                     12014         1   579467                        20.0                       2.1
GBP                       0.006               0.092      1.27              0.45                7.3          49611.6              62942                      285                      4565         3   579467                        32.6                       2.4
FEEDCOW                   2.353              37.654    270.25              0.87               13.9            396.9             107260                      934                     14944         1   579467                        18.5                       2.6
MIB                     288.957            4623.304  39270.00              0.74               11.8              4.1             162220                     1193                     19098         1   579467                        28.0                       3.3

Sum of abs(notional exposure % capital) 239.0
Sum of abs(annualised risk % capital) 30.2
Net sum of annualised risk % capital 1.2 

===========================================================================================================================================================================================================
                                                                                               Correlations                                                                                                
===========================================================================================================================================================================================================

               CAD  COPPER-micro  EUR_micro   GBP  HANG_mini  SILVER  BITCOIN   DOW  LEANHOG   MIB  MSCISING  MUMMY  RUSSELL   SMI  SP500_micro  TOPIX  CAD10   CHF  BRENT-LAST  FEEDCOW  GAS_US_mini   VIX
CAD           1.00          0.46       0.49  0.56       0.23    0.33     0.07  0.31     0.09  0.21      0.16   0.20     0.34  0.20         0.40   0.12  -0.06  0.50        0.23    -0.13         0.15 -0.22
COPPER-micro  0.46          1.00       0.44  0.43       0.51    0.62    -0.11  0.24     0.23  0.40      0.28   0.11     0.18  0.36         0.34   0.22  -0.07  0.20        0.25     0.16         0.23 -0.27
EUR_micro     0.49          0.44       1.00  0.73       0.25    0.39     0.04  0.29     0.18  0.25      0.11   0.03     0.26  0.32         0.31   0.15   0.14  0.63        0.05    -0.03        -0.13 -0.20
GBP           0.56          0.43       0.73  1.00       0.38    0.36     0.03  0.35     0.04  0.40      0.26   0.23     0.36  0.46         0.39   0.34   0.20  0.54       -0.05    -0.02        -0.19 -0.34
HANG_mini     0.23          0.51       0.25  0.38       1.00    0.29    -0.16  0.14     0.02  0.20      0.23   0.25     0.04  0.32         0.19   0.32   0.06  0.17        0.17     0.16         0.23 -0.18
SILVER        0.33          0.62       0.39  0.36       0.29    1.00     0.17  0.30     0.25  0.37      0.26   0.07     0.22  0.35         0.38   0.23   0.03  0.20        0.21     0.01        -0.02 -0.27
BITCOIN       0.07         -0.11       0.04  0.03      -0.16    0.17     1.00  0.32     0.19  0.09      0.26   0.13     0.40 -0.02         0.33   0.10  -0.06 -0.02       -0.01    -0.15        -0.04 -0.28
DOW           0.31          0.24       0.29  0.35       0.14    0.30     0.32  1.00     0.26  0.40      0.43   0.32     0.83  0.52         0.85   0.45   0.17  0.07        0.17     0.19        -0.12 -0.77
LEANHOG       0.09          0.23       0.18  0.04       0.02    0.25     0.19  0.26     1.00  0.15      0.06   0.18     0.29  0.06         0.16   0.11  -0.04  0.13        0.20     0.16        -0.19 -0.10
MIB           0.21          0.40       0.25  0.40       0.20    0.37     0.09  0.40     0.15  1.00      0.45   0.25     0.32  0.60         0.39   0.40   0.12  0.05       -0.02     0.12        -0.16 -0.37
MSCISING      0.16          0.28       0.11  0.26       0.23    0.26     0.26  0.43     0.06  0.45      1.00   0.40     0.38  0.37         0.54   0.48  -0.02 -0.13        0.04     0.20        -0.06 -0.51
MUMMY         0.20          0.11       0.03  0.23       0.25    0.07     0.13  0.32     0.18  0.25      0.40   1.00     0.32  0.21         0.32   0.61   0.01  0.04        0.09     0.15        -0.04 -0.23
RUSSELL       0.34          0.18       0.26  0.36       0.04    0.22     0.40  0.83     0.29  0.32      0.38   0.32     1.00  0.32         0.74   0.36   0.08  0.06        0.22     0.13        -0.15 -0.70
SMI           0.20          0.36       0.32  0.46       0.32    0.35    -0.02  0.52     0.06  0.60      0.37   0.21     0.32  1.00         0.43   0.40   0.32  0.07       -0.05     0.17        -0.12 -0.41
SP500_micro   0.40          0.34       0.31  0.39       0.19    0.38     0.33  0.85     0.16  0.39      0.54   0.32     0.74  0.43         1.00   0.50   0.00  0.03        0.26     0.15         0.04 -0.81
TOPIX         0.12          0.22       0.15  0.34       0.32    0.23     0.10  0.45     0.11  0.40      0.48   0.61     0.36  0.40         0.50   1.00  -0.01 -0.12        0.08     0.31        -0.18 -0.41
CAD10        -0.06         -0.07       0.14  0.20       0.06    0.03    -0.06  0.17    -0.04  0.12     -0.02   0.01     0.08  0.32         0.00  -0.01   1.00  0.18       -0.35    -0.19        -0.23 -0.15
CHF           0.50          0.20       0.63  0.54       0.17    0.20    -0.02  0.07     0.13  0.05     -0.13   0.04     0.06  0.07         0.03  -0.12   0.18  1.00       -0.08    -0.26        -0.15  0.17
BRENT-LAST    0.23          0.25       0.05 -0.05       0.17    0.21    -0.01  0.17     0.20 -0.02      0.04   0.09     0.22 -0.05         0.26   0.08  -0.35 -0.08        1.00     0.34         0.25 -0.15
FEEDCOW      -0.13          0.16      -0.03 -0.02       0.16    0.01    -0.15  0.19     0.16  0.12      0.20   0.15     0.13  0.17         0.15   0.31  -0.19 -0.26        0.34     1.00         0.12 -0.14
GAS_US_mini   0.15          0.23      -0.13 -0.19       0.23   -0.02    -0.04 -0.12    -0.19 -0.16     -0.06  -0.04    -0.15 -0.12         0.04  -0.18  -0.23 -0.15        0.25     0.12         1.00 -0.02
VIX          -0.22         -0.27      -0.20 -0.34      -0.18   -0.27    -0.28 -0.77    -0.10 -0.37     -0.51  -0.23    -0.70 -0.41        -0.81  -0.41  -0.15  0.17       -0.15    -0.14        -0.02  1.00


********************************************************************************
                                 END OF REPORT                                  
********************************************************************************


