
********************************************************************************
                    Risk report produced on 15/01/2025 22:52                    
********************************************************************************


Total risk across all strategies, annualised percentage 13.9
Percentage of capital used for margin 65.7%

========================================
Risk per strategy, annualised percentage
========================================

                  risk
dynamic_TF_carry  13.9


===================
Risk by asset class
===================

Ags       2.6
Bond      5.9
Equity    1.5
FX        6.7
Metals    2.1
OilGas    0.5
dtype: float64


=====================================================
Beta loadings of asset class positions on asset class
=====================================================

FX       -1.03
Bond     -0.51
Metals   -0.12
Ags       0.01
OilGas    0.02
Equity    0.13
dtype: float64


========================================================
Beta loadings of full portfolio positions on asset class
========================================================

FX       -1.70
Bond     -0.97
Metals   -0.22
Ags      -0.07
OilGas    0.07
Equity    0.22
dtype: float64


===================================================================================================================================================================================================================================================================
                                                                                                                          Instrument risk                                                                                                                          
===================================================================================================================================================================================================================================================================

               daily_price_stdev  annual_price_stdev     price  daily_perc_stdev  annual_perc_stdev  point_size_base  contract_exposure  daily_risk_per_contract  annual_risk_per_contract  position  capital  exposure_held_perc_capital  annual_risk_perc_capital
CHF                        0.005               0.075      1.10              0.43                6.8         102556.9             113115                      483                      7734        -3   579593                       -58.5                      -4.0
JPY                        0.000               0.001      0.01              0.60                9.6       10255695.0              66015                      397                      6359        -3   579593                       -34.2                      -3.3
BUXL                       1.125              17.996    127.30              0.88               14.1            844.7             107533                      950                     15201        -1   579593                       -18.6                      -2.6
US30                       1.060              16.957    117.19              0.90               14.5            820.5              96147                      869                     13912        -1   579593                       -16.6                      -2.4
ALUMINIUM                 29.872             477.950   2622.50              1.14               18.2             20.5              53791                      612                      9803        -1   579593                        -9.3                      -1.7
US10U                      0.545               8.723    110.55              0.49                7.9            820.5              90698                      447                      7156        -1   579593                       -15.6                      -1.2
SOYMEAL                    4.926              78.824    309.20              1.59               25.5             82.0              25368                      404                      6467        -1   579593                        -4.4                      -1.1
RUSSELL                   28.528             456.452   2278.90              1.25               20.0              4.1               9348                      117                      1872        -3   579593                        -4.8                      -1.0
SUGAR11                    0.269               4.306     17.09              1.57               25.2            918.9              15704                      247                      3956        -1   579593                        -2.7                      -0.7
COPPER-micro               0.049               0.784      4.40              1.11               17.8           2051.1               9027                      100                      1608        -2   579593                        -3.1                      -0.6
CAD                        0.002               0.036      0.70              0.32                5.1          82045.6              57386                      183                      2936        -1   579593                        -9.9                      -0.5
EURO600                    3.663              58.607    516.90              0.71               11.3             42.2              21831                      154                      2475        -1   579593                        -3.8                      -0.4
BRE                        0.001               0.023      0.17              0.86               13.7          82045.6              13590                      116                      1862        -1   579593                        -2.3                      -0.3
CANOLA                     8.878             142.041    639.80              1.39               22.2             11.4               7310                      101                      1623        -1   579593                        -1.3                      -0.3
CRUDE_W_micro              1.093              17.495     77.80              1.41               22.5             82.0               6383                       89                      1435         2   579593                         2.2                       0.5
MSCISING                   3.027              48.437    372.35              0.81               13.0             60.0              22330                      181                      2904         1   579593                         3.9                       0.5
NIKKEI                   401.730            6427.682  38390.00              1.05               16.7              0.5              20022                      209                      3352         1   579593                         3.5                       0.6
DAX                      152.418            2438.681  20748.00              0.73               11.8              0.8              17526                      128                      2060         2   579593                         6.0                       0.7
TOPIX                     25.165             402.646   2687.75              0.94               15.0              5.2              14018                      131                      2100         2   579593                         4.8                       0.7
FEEDCOW                    1.889              30.228    269.60              0.70               11.2            410.2             110597                      775                     12400         1   579593                        19.1                       2.1

Sum of abs(notional exposure % capital) 224.6
Sum of abs(annualised risk % capital) 25.2
Net sum of annualised risk % capital -15.0 

====================================================================================================================================================================================
                                                                                    Correlations                                                                                    
====================================================================================================================================================================================

               BUXL   CHF   JPY  US10U  US30  SOYMEAL   DAX  EURO600  MSCISING  NIKKEI  RUSSELL  TOPIX  ALUMINIUM   BRE   CAD  COPPER-micro  CANOLA  CRUDE_W_micro  FEEDCOW  SUGAR11
BUXL           1.00  0.36  0.59   0.75  0.77     0.10 -0.04    -0.03     -0.06   -0.33     0.13  -0.33      -0.02  0.02  0.21         -0.10   -0.37          -0.27    -0.17    -0.11
CHF            0.36  1.00  0.61   0.59  0.55     0.16 -0.21    -0.15     -0.31   -0.50    -0.18  -0.52       0.02 -0.04  0.34          0.08   -0.11          -0.21    -0.35     0.05
JPY            0.59  0.61  1.00   0.73  0.69     0.19 -0.21    -0.23     -0.26   -0.62    -0.02  -0.63       0.02 -0.10  0.20          0.04   -0.29          -0.25    -0.40    -0.08
US10U          0.75  0.59  0.73   1.00  0.96     0.20 -0.04     0.03     -0.05   -0.38     0.18  -0.43       0.02  0.17  0.38         -0.01   -0.33          -0.30    -0.29     0.01
US30           0.77  0.55  0.69   0.96  1.00     0.20 -0.00     0.07     -0.05   -0.36     0.19  -0.41       0.02  0.15  0.37         -0.00   -0.31          -0.28    -0.29    -0.03
SOYMEAL        0.10  0.16  0.19   0.20  0.20     1.00 -0.06    -0.05     -0.15   -0.29    -0.09  -0.28      -0.01  0.07  0.05          0.03    0.21          -0.23    -0.18    -0.09
DAX           -0.04 -0.21 -0.21  -0.04 -0.00    -0.06  1.00     0.93      0.56    0.65     0.64   0.61       0.14  0.25  0.18          0.29    0.15          -0.13     0.23     0.22
EURO600       -0.03 -0.15 -0.23   0.03  0.07    -0.05  0.93     1.00      0.59    0.66     0.64   0.62       0.16  0.32  0.27          0.31    0.10          -0.08     0.26     0.21
MSCISING      -0.06 -0.31 -0.26  -0.05 -0.05    -0.15  0.56     0.59      1.00    0.61     0.60   0.61       0.23  0.38  0.21          0.23   -0.02          -0.00     0.33     0.28
NIKKEI        -0.33 -0.50 -0.62  -0.38 -0.36    -0.29  0.65     0.66      0.61    1.00     0.49   0.97       0.13  0.32  0.12          0.17    0.18           0.26     0.40     0.28
RUSSELL        0.13 -0.18 -0.02   0.18  0.19    -0.09  0.64     0.64      0.60    0.49     1.00   0.43       0.05  0.26  0.30          0.08   -0.04          -0.15     0.20     0.10
TOPIX         -0.33 -0.52 -0.63  -0.43 -0.41    -0.28  0.61     0.62      0.61    0.97     0.43   1.00       0.12  0.29  0.10          0.15    0.20           0.23     0.39     0.24
ALUMINIUM     -0.02  0.02  0.02   0.02  0.02    -0.01  0.14     0.16      0.23    0.13     0.05   0.12       1.00  0.36  0.28          0.56    0.03           0.26     0.27     0.07
BRE            0.02 -0.04 -0.10   0.17  0.15     0.07  0.25     0.32      0.38    0.32     0.26   0.29       0.36  1.00  0.42          0.35    0.00           0.14     0.10     0.11
CAD            0.21  0.34  0.20   0.38  0.37     0.05  0.18     0.27      0.21    0.12     0.30   0.10       0.28  0.42  1.00          0.27   -0.03           0.07    -0.03     0.17
COPPER-micro  -0.10  0.08  0.04  -0.01 -0.00     0.03  0.29     0.31      0.23    0.17     0.08   0.15       0.56  0.35  0.27          1.00    0.12           0.30     0.15     0.16
CANOLA        -0.37 -0.11 -0.29  -0.33 -0.31     0.21  0.15     0.10     -0.02    0.18    -0.04   0.20       0.03  0.00 -0.03          0.12    1.00           0.12     0.03     0.11
CRUDE_W_micro -0.27 -0.21 -0.25  -0.30 -0.28    -0.23 -0.13    -0.08     -0.00    0.26    -0.15   0.23       0.26  0.14  0.07          0.30    0.12           1.00     0.27     0.18
FEEDCOW       -0.17 -0.35 -0.40  -0.29 -0.29    -0.18  0.23     0.26      0.33    0.40     0.20   0.39       0.27  0.10 -0.03          0.15    0.03           0.27     1.00     0.19
SUGAR11       -0.11  0.05 -0.08   0.01 -0.03    -0.09  0.22     0.21      0.28    0.28     0.10   0.24       0.07  0.11  0.17          0.16    0.11           0.18     0.19     1.00


********************************************************************************
                                 END OF REPORT                                  
********************************************************************************


