
********************************************************************************
                    Risk report produced on 13/06/2023 22:52                    
********************************************************************************


Total risk across all strategies, annualised percentage 10.0
Percentage of capital used for margin 62.0%

========================================
Risk per strategy, annualised percentage
========================================

                  risk
dynamic_TF_carry  10.0


===================
Risk by asset class
===================

Ags       2.3
Equity    1.5
FX        7.3
Metals    0.3
OilGas    5.8
Sector    2.4
Vol       2.7
dtype: float64


=====================================================
Beta loadings of asset class positions on asset class
=====================================================

FX       -0.66
OilGas   -0.07
Vol      -0.05
Ags      -0.03
Metals    0.01
Equity    0.06
Sector    0.13
dtype: float64


========================================================
Beta loadings of full portfolio positions on asset class
========================================================

FX       -0.42
Vol      -0.10
OilGas   -0.03
Metals   -0.02
Ags       0.03
Equity    0.11
Sector    0.13
dtype: float64


=================================================================================================================================================================================================================================================================
                                                                                                                         Instrument risk                                                                                                                         
=================================================================================================================================================================================================================================================================

             daily_price_stdev  annual_price_stdev     price  daily_perc_stdev  annual_perc_stdev  point_size_base  contract_exposure  daily_risk_per_contract  annual_risk_per_contract  position  capital  exposure_held_perc_capital  annual_risk_perc_capital
GAS-PEN                  0.134               2.143      2.34              5.73               91.7           7980.2              18649                     1068                     17103        -1   357058                        -5.2                      -4.8
JPY                      0.000               0.001      0.01              0.59                9.5        9975261.4              71178                      421                      6749        -2   357058                       -39.9                      -3.8
CHF                      0.005               0.087      1.10              0.49                7.9          99752.6             110161                      541                      8671        -1   357058                       -30.9                      -2.4
LEANHOG                  1.613              25.809     90.48              1.78               28.5            319.2              28880                      514                      8238        -1   357058                        -8.1                      -2.3
VIX                      0.536               8.575     18.25              2.94               47.0            798.0              14563                      427                      6842        -1   357058                        -4.1                      -1.9
GAS_US_mini              0.125               1.998      2.41              5.18               82.9           1995.1               4808                      249                      3986        -1   357058                        -1.3                      -1.1
V2X                      0.608               9.733     15.30              3.98               63.6             86.1               1316                       52                       837        -4   357058                        -1.5                      -0.9
RUSSELL                 26.884             430.137   1900.50              1.41               22.6              4.0               7583                      107                      1716        -1   357058                        -2.1                      -0.5
REDWHEAT                17.022             272.344    789.25              2.16               34.5             39.9              31491                      679                     10866         0   357058                         0.0                       0.0
EU-BANKS                 1.487              23.784    103.55              1.44               23.0             43.0               4455                       63                      1023         1   357058                         1.2                       0.3
BITCOIN                935.992           14975.875  25920.00              3.61               57.8              0.1               2068                       74                      1195         1   357058                         0.6                       0.3
MXP                      0.000               0.005      0.06              0.53                8.5         399010.5              22771                      121                      1937         1   357058                         6.4                       0.5
BRE                      0.002               0.025      0.20              0.77               12.3          79802.1              16359                      126                      2020         1   357058                         4.6                       0.6
EU-OIL                   4.513              72.202    337.20              1.34               21.4             43.0              14509                      194                      3106         1   357058                         4.1                       0.9
EU-AUTO                  8.421             134.739    639.10              1.32               21.1             43.0              27500                      362                      5797         1   357058                         7.7                       1.6
NIKKEI                 343.317            5493.077  33055.00              1.04               16.6              0.6              18916                      196                      3143         2   357058                        10.6                       1.8
LIVECOW                  1.250              19.998    174.18              0.72               11.5            319.2              55598                      398                      6383         1   357058                        15.6                       1.8
CNH                      0.018               0.288      7.15              0.25                4.0          11121.2              79478                      200                      3205         3   357058                        66.8                       2.7

Sum of abs(notional exposure % capital) 210.7
Sum of abs(annualised risk % capital) 28.2
Net sum of annualised risk % capital -7.2 

============================================================================================================================================================
                                                                        Correlations                                                                        
============================================================================================================================================================

              V2X   VIX  GAS-PEN  GAS_US_mini   CNH   BRE  EU-AUTO  EU-BANKS  EU-OIL  LEANHOG  LIVECOW   MXP  NIKKEI  RUSSELL  BITCOIN   CHF   JPY  REDWHEAT
V2X          1.00  0.72    -0.15        -0.05  0.10 -0.37    -0.69     -0.67   -0.51    -0.29    -0.36 -0.57   -0.60    -0.63    -0.01 -0.15 -0.04     -0.01
VIX          0.72  1.00    -0.22        -0.19  0.10 -0.53    -0.51     -0.50   -0.36    -0.24    -0.46 -0.60   -0.46    -0.74    -0.25 -0.01 -0.01     -0.09
GAS-PEN     -0.15 -0.22     1.00         0.85  0.01 -0.07     0.06      0.07    0.16     0.05    -0.05 -0.00    0.30     0.28    -0.09 -0.07 -0.31      0.01
GAS_US_mini -0.05 -0.19     0.85         1.00  0.01 -0.08     0.10      0.05    0.21     0.10     0.01 -0.03    0.29     0.26     0.04 -0.13 -0.30      0.11
CNH          0.10  0.10     0.01         0.01  1.00 -0.09    -0.16      0.03    0.01     0.07     0.15 -0.03   -0.07    -0.28    -0.20 -0.47 -0.46      0.04
BRE         -0.37 -0.53    -0.07        -0.08 -0.09  1.00     0.26      0.26    0.40     0.31     0.23  0.52    0.21     0.40     0.23  0.01  0.16      0.11
EU-AUTO     -0.69 -0.51     0.06         0.10 -0.16  0.26     1.00      0.69    0.45     0.32     0.37  0.52    0.54     0.62    -0.01  0.19  0.11     -0.06
EU-BANKS    -0.67 -0.50     0.07         0.05  0.03  0.26     0.69      1.00    0.61     0.41     0.43  0.49    0.42     0.47    -0.08  0.04 -0.06     -0.09
EU-OIL      -0.51 -0.36     0.16         0.21  0.01  0.40     0.45      0.61    1.00     0.28     0.20  0.52    0.45     0.40     0.04  0.03 -0.05      0.11
LEANHOG     -0.29 -0.24     0.05         0.10  0.07  0.31     0.32      0.41    0.28     1.00     0.38  0.23    0.13     0.28    -0.05  0.04  0.02      0.08
LIVECOW     -0.36 -0.46    -0.05         0.01  0.15  0.23     0.37      0.43    0.20     0.38     1.00  0.27    0.25     0.40     0.07  0.00 -0.04      0.05
MXP         -0.57 -0.60    -0.00        -0.03 -0.03  0.52     0.52      0.49    0.52     0.23     0.27  1.00    0.42     0.54    -0.01  0.18  0.11      0.14
NIKKEI      -0.60 -0.46     0.30         0.29 -0.07  0.21     0.54      0.42    0.45     0.13     0.25  0.42    1.00     0.57     0.12  0.15 -0.28     -0.07
RUSSELL     -0.63 -0.74     0.28         0.26 -0.28  0.40     0.62      0.47    0.40     0.28     0.40  0.54    0.57     1.00     0.33  0.25  0.11      0.11
BITCOIN     -0.01 -0.25    -0.09         0.04 -0.20  0.23    -0.01     -0.08    0.04    -0.05     0.07 -0.01    0.12     0.33     1.00  0.07  0.06      0.13
CHF         -0.15 -0.01    -0.07        -0.13 -0.47  0.01     0.19      0.04    0.03     0.04     0.00  0.18    0.15     0.25     0.07  1.00  0.58     -0.05
JPY         -0.04 -0.01    -0.31        -0.30 -0.46  0.16     0.11     -0.06   -0.05     0.02    -0.04  0.11   -0.28     0.11     0.06  0.58  1.00      0.02
REDWHEAT    -0.01 -0.09     0.01         0.11  0.04  0.11    -0.06     -0.09    0.11     0.08     0.05  0.14   -0.07     0.11     0.13 -0.05  0.02      1.00


********************************************************************************
                                 END OF REPORT                                  
********************************************************************************


