
********************************************************************************
                    Risk report produced on 07/02/2024 22:51                    
********************************************************************************


Total risk across all strategies, annualised percentage 11.6
Percentage of capital used for margin 60.4%

========================================
Risk per strategy, annualised percentage
========================================

                  risk
dynamic_TF_carry  11.7


===================
Risk by asset class
===================

Ags       1.6
Bond      2.8
Equity    6.5
FX        5.8
Metals    1.1
Sector    0.7
Vol       1.4
dtype: float64


=====================================================
Beta loadings of asset class positions on asset class
=====================================================

Bond     -0.50
FX       -0.16
Ags      -0.07
Vol      -0.03
Sector    0.04
Metals    0.04
Equity    0.59
dtype: float64


========================================================
Beta loadings of full portfolio positions on asset class
========================================================

Bond     -1.56
Vol      -0.22
Ags       0.00
Metals    0.06
Sector    0.28
FX        0.45
Equity    0.93
dtype: float64


==================================================================================================================================================================================================================================================================
                                                                                                                         Instrument risk                                                                                                                          
==================================================================================================================================================================================================================================================================

              daily_price_stdev  annual_price_stdev     price  daily_perc_stdev  annual_perc_stdev  point_size_base  contract_exposure  daily_risk_per_contract  annual_risk_per_contract  position  capital  exposure_held_perc_capital  annual_risk_perc_capital
BOBL                      0.369               5.901    117.55              0.31                5.0            852.7             100234                      314                      5031        -2   374552                       -53.5                      -2.7
CHF                       0.005               0.088      1.15              0.48                7.6          98996.6             113732                      542                      8686        -1   374552                       -30.4                      -2.3
JPY                       0.000               0.001      0.01              0.63               10.0        9899657.1              67243                      420                      6726        -1   374552                       -18.0                      -1.8
LEANHOG                   1.216              19.451     81.18              1.50               24.0            316.8              25715                      385                      6161        -1   374552                        -6.9                      -1.6
VIX                       0.428               6.855     14.60              2.93               47.0            792.0              11562                      339                      5428        -1   374552                        -3.1                      -1.4
US2                       0.157               2.517    102.44              0.15                2.5           1583.9             162255                      249                      3986        -1   374552                       -43.3                      -1.1
EUR_micro                 0.005               0.073      1.08              0.42                6.8           9899.7              10680                       45                       725        -2   374552                        -5.7                      -0.4
DOW                     232.478            3719.656  38799.00              0.60                9.6              0.4              15363                       92                      1472         1   374552                         4.1                       0.4
TOPIX                    18.945             303.116   2547.75              0.74               11.9              5.4              13631                      101                      1621         1   374552                         3.6                       0.4
IRON                      2.190              35.043    124.95              1.75               28.0             79.2               9895                      173                      2775         1   374552                         2.6                       0.7
EU-OIL                    4.107              65.712    346.70              1.18               19.0             42.6              14781                      175                      2801         1   374552                         3.9                       0.7
BITCOIN                1112.932           17806.910  44440.00              2.50               40.1              0.1               3519                       88                      1410         2   374552                         1.9                       0.8
CNH                       0.018               0.296      7.19              0.26                4.1          10988.2              78999                      203                      3248         1   374552                        21.1                       0.9
MXP                       0.000               0.005      0.06              0.57                9.2         395986.3              23050                      131                      2111         2   374552                        12.3                       1.1
NASDAQ_micro            173.699            2779.184  17853.50              0.97               15.6              1.6              28278                      275                      4402         1   374552                         7.6                       1.2
NIKKEI                  330.352            5285.639  36080.00              0.92               14.6              0.5              19303                      176                      2827         2   374552                        10.3                       1.5
R1000                    12.178             194.851   1647.20              0.74               11.8             39.6              65226                      482                      7715         1   374552                        17.4                       2.1
CAC                      59.433             950.922   7626.50              0.78               12.5              8.5              65030                      506                      8108         1   374552                        17.4                       2.2
KR10                      0.492               7.880    113.30              0.43                7.0            597.1              67656                      294                      4705         2   374552                        36.1                       2.5
YENEUR                    0.883              14.122    158.83              0.56                8.9            668.8             106223                      590                      9444         1   374552                        28.4                       2.5

Sum of abs(notional exposure % capital) 327.6
Sum of abs(annualised risk % capital) 28.3
Net sum of annualised risk % capital 5.7 

===============================================================================================================================================================
                                                                         Correlations                                                                          
===============================================================================================================================================================

               CNH   VIX  BITCOIN  BOBL   CHF  EUR_micro  IRON   JPY  KR10  LEANHOG   US2  NIKKEI  TOPIX  YENEUR   CAC   DOW  EU-OIL   MXP  NASDAQ_micro  R1000
CNH           1.00  0.08    -0.12 -0.33 -0.59      -0.57 -0.38 -0.56 -0.43    -0.16 -0.51   -0.05   0.06    0.15 -0.28 -0.27   -0.11 -0.14         -0.29  -0.31
VIX           0.08  1.00    -0.03  0.05  0.02      -0.16 -0.14  0.05 -0.25    -0.13  0.24   -0.59  -0.63   -0.24 -0.58 -0.68   -0.22 -0.50         -0.63  -0.68
BITCOIN      -0.12 -0.03     1.00  0.29  0.13       0.06  0.16  0.06  0.09     0.04  0.11   -0.03  -0.04   -0.02  0.20  0.16    0.08  0.06          0.12   0.21
BOBL         -0.33  0.05     0.29  1.00  0.30       0.20  0.18  0.44  0.56     0.12  0.65   -0.15  -0.17   -0.35  0.16  0.26   -0.03 -0.11          0.24   0.27
CHF          -0.59  0.02     0.13  0.30  1.00       0.76  0.21  0.55  0.34     0.12  0.55   -0.01  -0.11   -0.02  0.24  0.24    0.13  0.21          0.25   0.31
EUR_micro    -0.57 -0.16     0.06  0.20  0.76       1.00  0.15  0.48  0.38     0.07  0.45    0.15   0.03    0.24  0.28  0.32    0.09  0.42          0.37   0.38
IRON         -0.38 -0.14     0.16  0.18  0.21       0.15  1.00  0.23  0.09     0.10  0.05    0.15   0.14   -0.12  0.32  0.17    0.30  0.20          0.28   0.23
JPY          -0.56  0.05     0.06  0.44  0.55       0.48  0.23  1.00  0.39     0.05  0.56   -0.33  -0.33   -0.71  0.11  0.17    0.07  0.13          0.15   0.20
KR10         -0.43 -0.25     0.09  0.56  0.34       0.38  0.09  0.39  1.00     0.10  0.52    0.22   0.15   -0.14  0.34  0.42    0.00  0.15          0.34   0.39
LEANHOG      -0.16 -0.13     0.04  0.12  0.12       0.07  0.10  0.05  0.10     1.00  0.15    0.08   0.08    0.01  0.17  0.25    0.15  0.01          0.08   0.26
US2          -0.51  0.24     0.11  0.65  0.55       0.45  0.05  0.56  0.52     0.15  1.00   -0.11  -0.17   -0.30 -0.04  0.04   -0.07 -0.12          0.06   0.07
NIKKEI       -0.05 -0.59    -0.03 -0.15 -0.01       0.15  0.15 -0.33  0.22     0.08 -0.11    1.00   0.92    0.44  0.49  0.48    0.19  0.41          0.58   0.48
TOPIX         0.06 -0.63    -0.04 -0.17 -0.11       0.03  0.14 -0.33  0.15     0.08 -0.17    0.92   1.00    0.37  0.50  0.45    0.23  0.41          0.47   0.45
YENEUR        0.15 -0.24    -0.02 -0.35 -0.02       0.24 -0.12 -0.71 -0.14     0.01 -0.30    0.44   0.37    1.00  0.13  0.09   -0.01  0.16          0.14   0.09
CAC          -0.28 -0.58     0.20  0.16  0.24       0.28  0.32  0.11  0.34     0.17 -0.04    0.49   0.50    0.13  1.00  0.75    0.50  0.45          0.66   0.75
DOW          -0.27 -0.68     0.16  0.26  0.24       0.32  0.17  0.17  0.42     0.25  0.04    0.48   0.45    0.09  0.75  1.00    0.39  0.40          0.75   0.95
EU-OIL       -0.11 -0.22     0.08 -0.03  0.13       0.09  0.30  0.07  0.00     0.15 -0.07    0.19   0.23   -0.01  0.50  0.39    1.00  0.35          0.15   0.45
MXP          -0.14 -0.50     0.06 -0.11  0.21       0.42  0.20  0.13  0.15     0.01 -0.12    0.41   0.41    0.16  0.45  0.40    0.35  1.00          0.36   0.46
NASDAQ_micro -0.29 -0.63     0.12  0.24  0.25       0.37  0.28  0.15  0.34     0.08  0.06    0.58   0.47    0.14  0.66  0.75    0.15  0.36          1.00   0.73
R1000        -0.31 -0.68     0.21  0.27  0.31       0.38  0.23  0.20  0.39     0.26  0.07    0.48   0.45    0.09  0.75  0.95    0.45  0.46          0.73   1.00


********************************************************************************
                                 END OF REPORT                                  
********************************************************************************


