
********************************************************************************
                    Risk report produced on 14/05/2025 22:53                    
********************************************************************************


Total risk across all strategies, annualised percentage 6.6
Percentage of capital used for margin 40.4%

========================================
Risk per strategy, annualised percentage
========================================

                  risk
dynamic_TF_carry   6.6


===================
Risk by asset class
===================

Ags       3.2
Bond      1.5
Equity    2.7
FX        2.3
Metals    1.6
OilGas    3.2
Vol       0.2
dtype: float64


=====================================================
Beta loadings of asset class positions on asset class
=====================================================

OilGas   -0.10
Metals   -0.04
Vol      -0.00
Ags       0.06
Equity    0.16
FX        0.25
Bond      0.32
dtype: float64


========================================================
Beta loadings of full portfolio positions on asset class
========================================================

OilGas   -0.09
Vol      -0.06
Metals   -0.02
Ags      -0.01
Bond      0.15
FX        0.17
Equity    0.18
dtype: float64


====================================================================================================================================================================================================================================================================
                                                                                                                          Instrument risk                                                                                                                           
====================================================================================================================================================================================================================================================================

               daily_price_stdev  annual_price_stdev      price  daily_perc_stdev  annual_perc_stdev  point_size_base  contract_exposure  daily_risk_per_contract  annual_risk_per_contract  position  capital  exposure_held_perc_capital  annual_risk_perc_capital
GAS-PEN                    0.110               1.759       3.68              2.99               47.9           7517.9              27628                      826                     13221        -1   531970                        -5.2                      -2.5
BITCOIN                 2382.526           38120.417  103920.00              2.29               36.7              0.1               7812                      179                      2865        -3   531970                        -4.4                      -1.6
DOW                      569.168            9106.688   42126.00              1.35               21.6              0.4              15834                      213                      3423        -2   531970                        -6.0                      -1.3
DX                         0.514               8.229     100.83              0.51                8.2            751.8              75802                      386                      6186        -1   531970                       -14.2                      -1.2
WHEAT                      7.424             118.790     560.50              1.32               21.2             37.6              21068                      279                      4465        -1   531970                        -4.0                      -0.8
SOYMEAL                    3.117              49.870     298.80              1.04               16.7             75.2              22463                      234                      3749        -1   531970                        -4.2                      -0.7
GAS_US_mini                0.117               1.878       3.81              3.08               49.3           1879.5               7160                      220                      3530        -1   531970                        -1.3                      -0.7
KRWUSD_mini                0.006               0.092       0.71              0.81               13.0          18794.7              13297                      107                      1724        -2   531970                        -5.0                      -0.6
CRUDE_W_micro              1.389              22.220      61.96              2.24               35.9             75.2               4658                      104                      1670        -2   531970                        -1.8                      -0.6
V2X                        0.691              11.056      19.50              3.54               56.7             84.1               1639                       58                       929        -1   531970                        -0.3                      -0.2
MXP                        0.000               0.006       0.05              0.70               11.2         375894.6              19309                      134                      2156         1   531970                         3.6                       0.4
CANOLA                     7.803             124.845     690.70              1.13               18.1             10.8               7455                       84                      1347         2   531970                         2.8                       0.5
KR10                       0.341               5.462     119.78              0.28                4.6            532.1              63732                      181                      2906         1   531970                        12.0                       0.5
TOPIX                     43.263             692.210    2750.75              1.57               25.2              5.1              14060                      221                      3538         1   531970                         2.6                       0.7
NIKKEI                   626.753           10028.042   37930.00              1.65               26.4              0.5              19387                      320                      5125         1   531970                         3.6                       1.0
MSCISING                   5.720              91.525     400.65              1.43               22.8             57.7              23136                      330                      5285         1   531970                         4.3                       1.0
BTP                        0.458               7.321     119.23              0.38                6.1            840.9             100261                      384                      6156         1   531970                        18.8                       1.2
MUMMY                     12.659             202.550     691.00              1.83               29.3              5.1               3532                       64                      1035         6   531970                         4.0                       1.2
YENEUR                     0.947              15.144     163.73              0.58                9.2            638.9             104612                      604                      9676         1   531970                        19.7                       1.8
FEEDCOW                    2.568              41.089     300.50              0.85               13.7            375.9             112956                      965                     15445         1   531970                        21.2                       2.9

Sum of abs(notional exposure % capital) 139.0
Sum of abs(annualised risk % capital) 21.4
Net sum of annualised risk % capital 1.0 

=====================================================================================================================================================================================
                                                                                    Correlations                                                                                     
=====================================================================================================================================================================================

               BITCOIN  CANOLA  GAS-PEN  GAS_US_mini  KRWUSD_mini  SOYMEAL  WHEAT  CRUDE_W_micro   DOW  FEEDCOW  MSCISING  MUMMY   MXP  NIKKEI  TOPIX  YENEUR   BTP  KR10    DX   V2X
BITCOIN           1.00    0.04     0.03         0.05         0.12     0.01  -0.04          -0.03  0.22     0.09      0.26  -0.02  0.03    0.15   0.15   -0.03  0.09 -0.10  0.01 -0.16
CANOLA            0.04    1.00     0.09         0.08         0.06     0.06   0.09          -0.02  0.06    -0.08     -0.03  -0.02  0.01    0.03   0.04    0.20 -0.06 -0.20 -0.15  0.05
GAS-PEN           0.03    0.09     1.00         0.97         0.17     0.07   0.11           0.10  0.03     0.08      0.09  -0.08  0.07    0.10   0.06    0.10 -0.28 -0.19 -0.02 -0.01
GAS_US_mini       0.05    0.08     0.97         1.00         0.21     0.07   0.05           0.07  0.01     0.14      0.11  -0.04  0.11    0.13   0.09    0.19 -0.29 -0.20 -0.06 -0.01
KRWUSD_mini       0.12    0.06     0.17         0.21         1.00     0.31   0.11          -0.35  0.14    -0.00      0.03   0.08  0.13    0.08  -0.03   -0.07  0.02  0.08 -0.68  0.13
SOYMEAL           0.01    0.06     0.07         0.07         0.31     1.00   0.24          -0.15  0.15     0.06      0.05   0.09  0.00    0.06   0.09   -0.12  0.06 -0.05 -0.23  0.01
WHEAT            -0.04    0.09     0.11         0.05         0.11     0.24   1.00           0.04  0.09    -0.08      0.03   0.00  0.14   -0.00  -0.04    0.05 -0.11 -0.18 -0.16  0.01
CRUDE_W_micro    -0.03   -0.02     0.10         0.07        -0.35    -0.15   0.04           1.00  0.20     0.33      0.37   0.22  0.24    0.35   0.37    0.25 -0.10 -0.22  0.30 -0.38
DOW               0.22    0.06     0.03         0.01         0.14     0.15   0.09           0.20  1.00     0.26      0.68   0.38  0.06    0.49   0.53    0.12  0.15  0.04  0.08 -0.52
FEEDCOW           0.09   -0.08     0.08         0.14        -0.00     0.06  -0.08           0.33  0.26     1.00      0.37   0.27  0.27    0.35   0.37    0.39 -0.13 -0.06  0.04 -0.28
MSCISING          0.26   -0.03     0.09         0.11         0.03     0.05   0.03           0.37  0.68     0.37      1.00   0.46  0.18    0.62   0.72    0.11  0.10 -0.07  0.12 -0.70
MUMMY            -0.02   -0.02    -0.08        -0.04         0.08     0.09   0.00           0.22  0.38     0.27      0.46   1.00  0.16    0.69   0.68    0.16  0.04 -0.13 -0.04 -0.42
MXP               0.03    0.01     0.07         0.11         0.13     0.00   0.14           0.24  0.06     0.27      0.18   0.16  1.00    0.26   0.24    0.32  0.00 -0.01 -0.28 -0.27
NIKKEI            0.15    0.03     0.10         0.13         0.08     0.06  -0.00           0.35  0.49     0.35      0.62   0.69  0.26    1.00   0.94    0.27  0.05 -0.15  0.05 -0.65
TOPIX             0.15    0.04     0.06         0.09        -0.03     0.09  -0.04           0.37  0.53     0.37      0.72   0.68  0.24    0.94   1.00    0.29  0.03 -0.17  0.09 -0.67
YENEUR           -0.03    0.20     0.10         0.19        -0.07    -0.12   0.05           0.25  0.12     0.39      0.11   0.16  0.32    0.27   0.29    1.00 -0.50 -0.38 -0.09 -0.15
BTP               0.09   -0.06    -0.28        -0.29         0.02     0.06  -0.11          -0.10  0.15    -0.13      0.10   0.04  0.00    0.05   0.03   -0.50  1.00  0.57  0.09 -0.21
KR10             -0.10   -0.20    -0.19        -0.20         0.08    -0.05  -0.18          -0.22  0.04    -0.06     -0.07  -0.13 -0.01   -0.15  -0.17   -0.38  0.57  1.00 -0.09  0.05
DX                0.01   -0.15    -0.02        -0.06        -0.68    -0.23  -0.16           0.30  0.08     0.04      0.12  -0.04 -0.28    0.05   0.09   -0.09  0.09 -0.09  1.00 -0.19
V2X              -0.16    0.05    -0.01        -0.01         0.13     0.01   0.01          -0.38 -0.52    -0.28     -0.70  -0.42 -0.27   -0.65  -0.67   -0.15 -0.21  0.05 -0.19  1.00


********************************************************************************
                                 END OF REPORT                                  
********************************************************************************


