
********************************************************************************
                    Risk report produced on 05/12/2025 22:53                    
********************************************************************************


Total risk across all strategies, annualised percentage 13.3
Percentage of capital used for margin 44.1%

========================================
Risk per strategy, annualised percentage
========================================

                  risk
dynamic_TF_carry  13.3


===================
Risk by asset class
===================

Ags       0.9
Bond      1.7
Equity    9.4
FX        4.1
Metals    4.4
OilGas    0.8
Sector    0.9
dtype: float64


=====================================================
Beta loadings of asset class positions on asset class
=====================================================

Bond     -0.15
Ags      -0.06
OilGas   -0.04
Sector    0.04
Metals    0.05
FX        0.26
Equity    0.79
dtype: float64


========================================================
Beta loadings of full portfolio positions on asset class
========================================================

Bond     -0.51
Ags      -0.10
OilGas    0.02
Metals    0.24
Sector    0.42
Equity    0.91
FX        0.91
dtype: float64


===================================================================================================================================================================================================================================================================
                                                                                                                          Instrument risk                                                                                                                          
===================================================================================================================================================================================================================================================================

               daily_price_stdev  annual_price_stdev     price  daily_perc_stdev  annual_perc_stdev  point_size_base  contract_exposure  daily_risk_per_contract  annual_risk_per_contract  position  capital  exposure_held_perc_capital  annual_risk_perc_capital
BITCOIN                 2883.724           46139.579  89835.00              3.21               51.4              0.1               6729                      216                      3456        -5   611929                        -5.5                      -2.8
KR10                       0.358               5.732    113.38              0.32                5.1            509.6              57773                      182                      2920        -4   611929                       -37.8                      -1.9
JPY                        0.000               0.001      0.01              0.52                8.2        9363330.9              60337                      310                      4975        -2   611929                       -19.7                      -1.6
DAX                      203.764            3260.224  24090.00              0.85               13.5              0.9              21040                      177                      2847        -3   611929                       -10.3                      -1.4
WHEAT                      6.973             111.562    578.75              1.20               19.3             37.5              21676                      261                      4178        -1   611929                        -3.5                      -0.7
KRWUSD_mini                0.003               0.056      0.68              0.51                8.2          18726.7              12722                       65                      1043        -4   611929                        -8.3                      -0.7
RICE                       0.159               2.544      9.97              1.59               25.5           1498.1              14936                      238                      3811        -1   611929                        -2.4                      -0.6
GAS_US_mini                0.115               1.832      5.28              2.17               34.7           1872.7               9887                      214                      3431        -1   611929                        -1.6                      -0.6
CRUDE_W_micro              0.926              14.821     59.77              1.55               24.8             74.9               4477                       69                      1110        -3   611929                        -2.2                      -0.5
AUD_micro                  0.003               0.046      0.66              0.44                7.0           7490.7               4973                       21                       347         1   611929                         0.8                       0.1
BRE                        0.001               0.022      0.18              0.76               12.2          74906.6              13700                      104                      1673         1   611929                         2.2                       0.3
FTSECHINAA               151.407            2422.520  15103.00              1.00               16.0              0.7              11313                      113                      1814         2   611929                         3.7                       0.6
KOSPI_mini                 9.281             148.492    576.48              1.61               25.8             25.5              14687                      236                      3783         1   611929                         2.4                       0.6
MXP                        0.000               0.004      0.05              0.45                7.2         374533.2              20584                       92                      1481         3   611929                        10.1                       0.7
US10U                      0.377               6.031    115.09              0.33                5.2            749.1              86212                      282                      4517         1   611929                        14.1                       0.7
TOPIX                     32.591             521.458   3359.00              0.97               15.5              4.8              16280                      157                      2527         2   611929                         5.3                       0.8
EU-BASIC                   7.667             122.676    624.80              1.23               19.6             43.7              27285                      334                      5357         1   611929                         4.5                       0.9
RUSSELL                   32.635             522.160   2547.70              1.28               20.5              3.7               9541                      122                      1955         4   611929                         6.2                       1.3
GBP                        0.005               0.086      1.33              0.40                6.5          46816.7              62406                      251                      4031         2   611929                        20.4                       1.3
FTSETAIWAN                28.161             450.583   2297.75              1.23               19.6             30.0              68846                      843                     13500         1   611929                        11.3                       2.2
YENEUR                     0.728              11.649    180.72              0.40                6.4            605.8             109488                      441                      7057         2   611929                        35.8                       2.3
AEX                        7.123             113.970    950.10              0.75               12.0            174.7             165967                     1244                     19908         1   611929                        27.1                       3.3
MIB                      342.767            5484.267  43590.00              0.79               12.6              4.4             190362                     1496                     23950         1   611929                        31.1                       3.9
SILVER                     1.008              16.131     58.80              1.71               27.4            749.1              44048                      755                     12083         2   611929                        14.4                       3.9

Sum of abs(notional exposure % capital) 280.7
Sum of abs(annualised risk % capital) 33.7
Net sum of annualised risk % capital 12.1 

============================================================================================================================================================================================================================
                                                                                                        Correlations                                                                                                        
============================================================================================================================================================================================================================

                JPY  KR10  US10U   AEX   DAX  EU-BASIC  FTSETAIWAN  KOSPI_mini   MIB  TOPIX  AUD_micro  BITCOIN   BRE  FTSECHINAA   GBP  KRWUSD_mini   MXP  RUSSELL  SILVER  CRUDE_W_micro  YENEUR  GAS_US_mini  RICE  WHEAT
JPY            1.00  0.28   0.50 -0.05  0.06     -0.02       -0.10       -0.24 -0.00  -0.25       0.40    -0.06  0.01       -0.07  0.53         0.50  0.02     0.02    0.14          -0.39   -0.65        -0.06  0.15   0.07
KR10           0.28  1.00   0.51  0.03  0.05     -0.07        0.08       -0.02 -0.06   0.03       0.04     0.00 -0.10        0.00  0.27         0.28  0.05     0.09   -0.11          -0.21   -0.20        -0.37  0.00  -0.30
US10U          0.50  0.51   1.00  0.07  0.19      0.08        0.10        0.03  0.13   0.11       0.35    -0.12  0.17       -0.00  0.46         0.22  0.05     0.12    0.19          -0.27   -0.34         0.02  0.03  -0.19
AEX           -0.05  0.03   0.07  1.00  0.85      0.75        0.80        0.64  0.86   0.64       0.40     0.34  0.30        0.42  0.28         0.23  0.13     0.33    0.31           0.35    0.04        -0.10 -0.09   0.02
DAX            0.06  0.05   0.19  0.85  1.00      0.69        0.71        0.47  0.91   0.65       0.43     0.43  0.23        0.32  0.39         0.20  0.19     0.33    0.39           0.15    0.04        -0.07  0.01  -0.06
EU-BASIC      -0.02 -0.07   0.08  0.75  0.69      1.00        0.70        0.50  0.71   0.64       0.57     0.35  0.46        0.46  0.32         0.23  0.29     0.46    0.53           0.30    0.14        -0.08 -0.10   0.07
FTSETAIWAN    -0.10  0.08   0.10  0.80  0.71      0.70        1.00        0.70  0.75   0.73       0.52     0.38  0.36        0.32  0.31         0.26  0.27     0.35    0.35           0.31    0.20        -0.06 -0.10  -0.10
KOSPI_mini    -0.24 -0.02   0.03  0.64  0.47      0.50        0.70        1.00  0.55   0.58       0.34     0.21  0.37        0.36  0.05         0.20  0.27     0.26    0.11           0.34    0.19        -0.06 -0.14   0.08
MIB           -0.00 -0.06   0.13  0.86  0.91      0.71        0.75        0.55  1.00   0.69       0.43     0.36  0.33        0.38  0.32         0.19  0.20     0.29    0.34           0.31    0.06        -0.06  0.01   0.03
TOPIX         -0.25  0.03   0.11  0.64  0.65      0.64        0.73        0.58  0.69   1.00       0.38     0.29  0.37        0.27  0.31         0.10  0.28     0.40    0.28           0.30    0.37        -0.07 -0.11  -0.03
AUD_micro      0.40  0.04   0.35  0.40  0.43      0.57        0.52        0.34  0.43   0.38       1.00     0.28  0.56        0.38  0.69         0.59  0.41     0.36    0.43          -0.03    0.12         0.08  0.11   0.16
BITCOIN       -0.06  0.00  -0.12  0.34  0.43      0.35        0.38        0.21  0.36   0.29       0.28     1.00  0.24        0.17  0.16         0.13  0.13     0.46    0.18           0.07    0.12         0.01  0.13  -0.08
BRE            0.01 -0.10   0.17  0.30  0.23      0.46        0.36        0.37  0.33   0.37       0.56     0.24  1.00        0.31  0.27         0.22  0.51     0.39    0.28           0.27    0.21         0.26 -0.06   0.23
FTSECHINAA    -0.07  0.00  -0.00  0.42  0.32      0.46        0.32        0.36  0.38   0.27       0.38     0.17  0.31        1.00  0.22         0.18  0.26     0.15    0.14           0.14    0.14        -0.05 -0.04   0.12
GBP            0.53  0.27   0.46  0.28  0.39      0.32        0.31        0.05  0.32   0.31       0.69     0.16  0.27        0.22  1.00         0.52  0.34     0.23    0.42          -0.34    0.07        -0.12  0.18  -0.13
KRWUSD_mini    0.50  0.28   0.22  0.23  0.20      0.23        0.26        0.20  0.19   0.10       0.59     0.13  0.22        0.18  0.52         1.00  0.19     0.10    0.08          -0.07   -0.16        -0.12  0.04   0.21
MXP            0.02  0.05   0.05  0.13  0.19      0.29        0.27        0.27  0.20   0.28       0.41     0.13  0.51        0.26  0.34         0.19  1.00     0.26    0.30           0.01    0.32        -0.05  0.03   0.01
RUSSELL        0.02  0.09   0.12  0.33  0.33      0.46        0.35        0.26  0.29   0.40       0.36     0.46  0.39        0.15  0.23         0.10  0.26     1.00    0.30           0.08   -0.03        -0.24  0.05  -0.05
SILVER         0.14 -0.11   0.19  0.31  0.39      0.53        0.35        0.11  0.34   0.28       0.43     0.18  0.28        0.14  0.42         0.08  0.30     0.30    1.00          -0.04    0.14         0.07  0.19  -0.07
CRUDE_W_micro -0.39 -0.21  -0.27  0.35  0.15      0.30        0.31        0.34  0.31   0.30      -0.03     0.07  0.27        0.14 -0.34        -0.07  0.01     0.08   -0.04           1.00    0.12         0.07 -0.07   0.32
YENEUR        -0.65 -0.20  -0.34  0.04  0.04      0.14        0.20        0.19  0.06   0.37       0.12     0.12  0.21        0.14  0.07        -0.16  0.32    -0.03    0.14           0.12    1.00         0.05 -0.02  -0.04
GAS_US_mini   -0.06 -0.37   0.02 -0.10 -0.07     -0.08       -0.06       -0.06 -0.06  -0.07       0.08     0.01  0.26       -0.05 -0.12        -0.12 -0.05    -0.24    0.07           0.07    0.05         1.00 -0.04   0.21
RICE           0.15  0.00   0.03 -0.09  0.01     -0.10       -0.10       -0.14  0.01  -0.11       0.11     0.13 -0.06       -0.04  0.18         0.04  0.03     0.05    0.19          -0.07   -0.02        -0.04  1.00  -0.02
WHEAT          0.07 -0.30  -0.19  0.02 -0.06      0.07       -0.10        0.08  0.03  -0.03       0.16    -0.08  0.23        0.12 -0.13         0.21  0.01    -0.05   -0.07           0.32   -0.04         0.21 -0.02   1.00


********************************************************************************
                                 END OF REPORT                                  
********************************************************************************


