
********************************************************************************
                    Risk report produced on 02/06/2026 22:51                    
********************************************************************************


Total risk across all strategies, annualised percentage 10.5
Percentage of capital used for margin 36.8%

========================================
Risk per strategy, annualised percentage
========================================

                  risk
dynamic_TF_carry  10.4


===================
Risk by asset class
===================

Ags       1.3
Bond      2.9
Equity    8.5
FX        1.8
Metals    1.7
OilGas    4.8
Other     0.2
Sector    1.7
Vol       0.1
dtype: float64


=====================================================
Beta loadings of asset class positions on asset class
=====================================================

Bond     -0.37
Ags      -0.05
FX       -0.04
Metals   -0.04
Vol      -0.00
Other     0.01
Sector    0.09
OilGas    0.09
Equity    0.44
dtype: float64


========================================================
Beta loadings of full portfolio positions on asset class
========================================================

Bond     -0.10
Vol      -0.10
Metals    0.03
Ags       0.06
OilGas    0.06
FX        0.11
Other     0.14
Sector    0.29
Equity    0.38
dtype: float64


==================================================================================================================================================================================================================================================================
                                                                                                                         Instrument risk                                                                                                                          
==================================================================================================================================================================================================================================================================

              daily_price_stdev  annual_price_stdev     price  daily_perc_stdev  annual_perc_stdev  point_size_base  contract_exposure  daily_risk_per_contract  annual_risk_per_contract  position  capital  exposure_held_perc_capital  annual_risk_perc_capital
KR10                      0.481               7.692    106.92              0.45                7.2            489.5              52342                      235                      3765        -4   696006                       -30.1                      -2.2
BITCOIN                1958.753           31340.055  67420.00              2.91               46.5              0.1               5007                      145                      2327        -5   696006                        -3.6                      -1.7
BUXL                      0.826              13.218    109.48              0.75               12.1            864.4              94635                      714                     11426        -1   696006                       -13.6                      -1.6
JPY                       0.000               0.001      0.01              0.50                8.0        9285051.1              58129                      291                      4660        -2   696006                       -16.7                      -1.3
CHF                       0.006               0.090      1.27              0.44                7.1          92850.5             118101                      522                      8362        -1   696006                       -17.0                      -1.2
REDWHEAT                 11.710             187.364    662.25              1.77               28.3             37.1              24596                      434                      6958        -1   696006                        -3.5                      -1.0
LEANHOG                   1.302              20.833    101.50              1.28               20.5            297.1              30157                      386                      6190        -1   696006                        -4.3                      -0.9
KOSDAQ                   49.381             790.093   1808.40              2.73               43.7              4.9               8852                      241                      3867        -1   696006                        -1.3                      -0.6
GAS_US_mini               0.104               1.669      3.16              3.30               52.8           1857.0               5868                      193                      3099        -1   696006                        -0.8                      -0.4
HANGENT_mini            107.108            1713.729   8637.00              1.24               19.8              0.9               8185                      101                      1624        -1   696006                        -1.2                      -0.2
V2X                       0.529               8.470     19.65              2.69               43.1             86.4               1698                       45                       732        -1   696006                        -0.2                      -0.1
EUR_micro                 0.004               0.060      1.17              0.32                5.2           9285.1              10844                       34                       558        -1   696006                        -1.6                      -0.1
AUD_micro                 0.004               0.057      0.72              0.50                8.0           7428.0               5332                       26                       424         3   696006                         2.3                       0.2
RUBBER                    2.872              45.958    233.10              1.23               19.7             37.1               8657                      106                      1706         1   696006                         1.2                       0.2
RUSSELL                  31.962             511.391   2933.50              1.09               17.4              3.7              10895                      118                      1899         1   696006                         1.6                       0.3
MUMMY                    16.691             267.063    762.00              2.19               35.0              4.7               3543                       77                      1241         2   696006                         1.0                       0.4
ZAR                       0.000               0.007      0.06              0.75               11.9         371402.0              22850                      170                      2726         1   696006                         3.3                       0.4
CANOLA                    9.164             146.619    778.00              1.18               18.8             10.7               8347                       98                      1573         2   696006                         2.4                       0.5
MXP                       0.000               0.005      0.06              0.49                7.8         371402.0              21459                      104                      1675         2   696006                         6.2                       0.5
TOPIX                    45.229             723.662   3899.00              1.16               18.6              4.7              18130                      210                      3365         1   696006                         2.6                       0.5
GBP                       0.005               0.086      1.35              0.40                6.4          46425.3              62511                      249                      3994         1   696006                         9.0                       0.6
CAD10                     0.471               7.537    120.31              0.39                6.3            536.5              64543                      252                      4043         1   696006                         9.3                       0.6
NZD                       0.004               0.060      0.59              0.63               10.1          74280.4              44037                      278                      4462         1   696006                         6.3                       0.6
EU-OIL                    7.127             114.035    523.50              1.36               21.8             43.2              22625                      308                      4928         1   696006                         3.3                       0.7
EU-BASIC                 14.914             238.619    892.50              1.67               26.7             43.2              38574                      644                     10313         1   696006                         5.5                       1.5
CAC                      80.980            1295.675   8200.50              0.99               15.8              8.6              70886                      699                     11199         1   696006                        10.2                       1.6
MSCIEMASIA               16.849             269.576   1211.05              1.39               22.3             74.3              89957                     1251                     20024         1   696006                        12.9                       2.9
GASOILINE                 0.068               1.082      3.14              2.15               34.4          31197.8              98020                     2109                     33753         1   696006                        14.1                       4.8
MSCITAIWAN               28.426             454.813   2052.70              1.38               22.2             74.3             152475                     2111                     33783         1   696006                        21.9                       4.9

Sum of abs(notional exposure % capital) 207.0
Sum of abs(annualised risk % capital) 32.5
Net sum of annualised risk % capital 9.9 

================================================================================================================================================================================================================================================================
                                                                                                                          Correlations                                                                                                                          
================================================================================================================================================================================================================================================================

              CANOLA  EU-OIL  GASOILINE  GAS_US_mini  LEANHOG  REDWHEAT   V2X  AUD_micro   CHF  EUR_micro   GBP   JPY  MSCIEMASIA   MXP   NZD   ZAR   CAC  EU-BASIC  MUMMY  RUSSELL  TOPIX  BITCOIN  BUXL  CAD10  HANGENT_mini  KOSDAQ  KR10  MSCITAIWAN  RUBBER
CANOLA          1.00    0.11       0.41         0.03     0.22      0.30  0.27      -0.02 -0.01      -0.08 -0.02 -0.07       -0.10 -0.18  0.03 -0.23 -0.22     -0.17  -0.04    -0.11  -0.18     0.02  0.15  -0.10          0.05   -0.03 -0.17        0.10    0.05
EU-OIL          0.11    1.00       0.61         0.01     0.17      0.13  0.10      -0.05 -0.38      -0.30 -0.21 -0.26       -0.19 -0.02 -0.21 -0.11 -0.01      0.06   0.05    -0.04   0.10    -0.03 -0.13  -0.15          0.04    0.24 -0.18       -0.03    0.17
GASOILINE       0.41    0.61       1.00         0.19     0.18      0.46  0.38      -0.12 -0.34      -0.39 -0.34 -0.23       -0.36 -0.29 -0.29 -0.50 -0.43     -0.36  -0.12    -0.22  -0.26     0.08 -0.23  -0.41         -0.07    0.01 -0.38       -0.10    0.02
GAS_US_mini     0.03    0.01       0.19         1.00    -0.10      0.22  0.06       0.07  0.02      -0.03  0.03  0.08       -0.06 -0.20  0.12 -0.12 -0.21     -0.11  -0.27    -0.26  -0.33     0.14 -0.26  -0.30          0.18    0.16 -0.22       -0.05   -0.02
LEANHOG         0.22    0.17       0.18        -0.10     1.00      0.13  0.02      -0.00 -0.11      -0.04 -0.03 -0.27       -0.07  0.01  0.03  0.01 -0.05      0.12   0.06     0.16   0.10    -0.06 -0.15  -0.22          0.02   -0.06 -0.26       -0.06    0.10
REDWHEAT        0.30    0.13       0.46         0.22     0.13      1.00  0.22       0.03 -0.12      -0.21 -0.18 -0.01       -0.13 -0.28 -0.14 -0.25 -0.20     -0.14  -0.04    -0.02  -0.25     0.02 -0.06  -0.31          0.03    0.22 -0.35       -0.06    0.10
V2X             0.27    0.10       0.38         0.06     0.02      0.22  1.00      -0.46 -0.10      -0.24 -0.34 -0.05       -0.67 -0.45 -0.44 -0.66 -0.75     -0.67  -0.49    -0.68  -0.52    -0.20 -0.15  -0.28         -0.25   -0.13 -0.28       -0.50   -0.19
AUD_micro      -0.02   -0.05      -0.12         0.07    -0.00      0.03 -0.46       1.00  0.60       0.65  0.68  0.44        0.63  0.55  0.84  0.60  0.40      0.51   0.34     0.45   0.24     0.15 -0.00   0.01          0.48    0.36  0.23        0.41    0.18
CHF            -0.01   -0.38      -0.34         0.02    -0.11     -0.12 -0.10       0.60  1.00       0.84  0.71  0.65        0.35  0.38  0.73  0.43  0.12      0.17   0.04     0.06  -0.14    -0.00  0.19   0.22          0.33    0.19  0.28        0.16    0.11
EUR_micro      -0.08   -0.30      -0.39        -0.03    -0.04     -0.21 -0.24       0.65  0.84       1.00  0.81  0.59        0.47  0.58  0.76  0.58  0.26      0.30   0.08     0.18   0.05     0.04 -0.00   0.19          0.40    0.21  0.24        0.21    0.13
GBP            -0.02   -0.21      -0.34         0.03    -0.03     -0.18 -0.34       0.68  0.71       0.81  1.00  0.57        0.48  0.51  0.78  0.59  0.27      0.29   0.15     0.31   0.00     0.09  0.06   0.28          0.37    0.27  0.35        0.35    0.18
JPY            -0.07   -0.26      -0.23         0.08    -0.27     -0.01 -0.05       0.44  0.65       0.59  0.57  1.00        0.26  0.22  0.51  0.29  0.06      0.11  -0.05     0.05  -0.19     0.13  0.26   0.32          0.27    0.06  0.27        0.14    0.10
MSCIEMASIA     -0.10   -0.19      -0.36        -0.06    -0.07     -0.13 -0.67       0.63  0.35       0.47  0.48  0.26        1.00  0.58  0.60  0.77  0.76      0.71   0.44     0.66   0.53     0.20  0.21   0.29          0.49    0.36  0.31        0.69    0.23
MXP            -0.18   -0.02      -0.29        -0.20     0.01     -0.28 -0.45       0.55  0.38       0.58  0.51  0.22        0.58  1.00  0.49  0.66  0.49      0.52   0.29     0.42   0.35     0.06  0.03   0.18          0.33    0.17  0.27        0.36    0.08
NZD             0.03   -0.21      -0.29         0.12     0.03     -0.14 -0.44       0.84  0.73       0.76  0.78  0.51        0.60  0.49  1.00  0.59  0.31      0.44   0.19     0.32   0.15     0.09  0.14   0.22          0.39    0.26  0.26        0.45    0.18
ZAR            -0.23   -0.11      -0.50        -0.12     0.01     -0.25 -0.66       0.60  0.43       0.58  0.59  0.29        0.77  0.66  0.59  1.00  0.76      0.75   0.41     0.60   0.50     0.05  0.15   0.32          0.42    0.32  0.31        0.48    0.28
CAC            -0.22   -0.01      -0.43        -0.21    -0.05     -0.20 -0.75       0.40  0.12       0.26  0.27  0.06        0.76  0.49  0.31  0.76  1.00      0.79   0.51     0.66   0.66     0.10  0.17   0.29          0.31    0.28  0.32        0.40    0.27
EU-BASIC       -0.17    0.06      -0.36        -0.11     0.12     -0.14 -0.67       0.51  0.17       0.30  0.29  0.11        0.71  0.52  0.44  0.75  0.79      1.00   0.49     0.59   0.66     0.11  0.13   0.15          0.37    0.25  0.16        0.50    0.43
MUMMY          -0.04    0.05      -0.12        -0.27     0.06     -0.04 -0.49       0.34  0.04       0.08  0.15 -0.05        0.44  0.29  0.19  0.41  0.51      0.49   1.00     0.47   0.53     0.17  0.21   0.19          0.30    0.21  0.35        0.27    0.19
RUSSELL        -0.11   -0.04      -0.22        -0.26     0.16     -0.02 -0.68       0.45  0.06       0.18  0.31  0.05        0.66  0.42  0.32  0.60  0.66      0.59   0.47     1.00   0.49     0.27  0.22   0.20          0.26    0.23  0.23        0.48    0.27
TOPIX          -0.18    0.10      -0.26        -0.33     0.10     -0.25 -0.52       0.24 -0.14       0.05  0.00 -0.19        0.53  0.35  0.15  0.50  0.66      0.66   0.53     0.49   1.00    -0.06  0.03   0.15          0.23    0.19 -0.00        0.33    0.26
BITCOIN         0.02   -0.03       0.08         0.14    -0.06      0.02 -0.20       0.15 -0.00       0.04  0.09  0.13        0.20  0.06  0.09  0.05  0.10      0.11   0.17     0.27  -0.06     1.00 -0.06  -0.06          0.38    0.09  0.06        0.25   -0.06
BUXL            0.15   -0.13      -0.23        -0.26    -0.15     -0.06 -0.15      -0.00  0.19      -0.00  0.06  0.26        0.21  0.03  0.14  0.15  0.17      0.13   0.21     0.22   0.03    -0.06  1.00   0.67         -0.07    0.06  0.51        0.21    0.11
CAD10          -0.10   -0.15      -0.41        -0.30    -0.22     -0.31 -0.28       0.01  0.22       0.19  0.28  0.32        0.29  0.18  0.22  0.32  0.29      0.15   0.19     0.20   0.15    -0.06  0.67   1.00         -0.03    0.15  0.60        0.27    0.11
HANGENT_mini    0.05    0.04      -0.07         0.18     0.02      0.03 -0.25       0.48  0.33       0.40  0.37  0.27        0.49  0.33  0.39  0.42  0.31      0.37   0.30     0.26   0.23     0.38 -0.07  -0.03          1.00    0.45  0.09        0.20    0.12
KOSDAQ         -0.03    0.24       0.01         0.16    -0.06      0.22 -0.13       0.36  0.19       0.21  0.27  0.06        0.36  0.17  0.26  0.32  0.28      0.25   0.21     0.23   0.19     0.09  0.06   0.15          0.45    1.00  0.15        0.27    0.15
KR10           -0.17   -0.18      -0.38        -0.22    -0.26     -0.35 -0.28       0.23  0.28       0.24  0.35  0.27        0.31  0.27  0.26  0.31  0.32      0.16   0.35     0.23  -0.00     0.06  0.51   0.60          0.09    0.15  1.00        0.20    0.02
MSCITAIWAN      0.10   -0.03      -0.10        -0.05    -0.06     -0.06 -0.50       0.41  0.16       0.21  0.35  0.14        0.69  0.36  0.45  0.48  0.40      0.50   0.27     0.48   0.33     0.25  0.21   0.27          0.20    0.27  0.20        1.00    0.31
RUBBER          0.05    0.17       0.02        -0.02     0.10      0.10 -0.19       0.18  0.11       0.13  0.18  0.10        0.23  0.08  0.18  0.28  0.27      0.43   0.19     0.27   0.26    -0.06  0.11   0.11          0.12    0.15  0.02        0.31    1.00


********************************************************************************
                                 END OF REPORT                                  
********************************************************************************


