
********************************************************************************
                    Risk report produced on 17/02/2025 22:53                    
********************************************************************************


Total risk across all strategies, annualised percentage 11.5
Percentage of capital used for margin 74.2%

========================================
Risk per strategy, annualised percentage
========================================

                  risk
dynamic_TF_carry  11.5


===================
Risk by asset class
===================

Ags       2.7
Bond      0.7
Equity    8.4
FX        3.4
Metals    1.4
Vol       2.0
dtype: float64


=====================================================
Beta loadings of asset class positions on asset class
=====================================================

FX       -0.53
Bond     -0.05
Vol      -0.05
Metals    0.07
Ags       0.09
Equity    0.86
dtype: float64


========================================================
Beta loadings of full portfolio positions on asset class
========================================================

Bond     -0.44
FX       -0.30
Vol      -0.20
Metals    0.24
Ags       0.30
Equity    1.08
dtype: float64


==================================================================================================================================================================================================================================================================
                                                                                                                         Instrument risk                                                                                                                          
==================================================================================================================================================================================================================================================================

              daily_price_stdev  annual_price_stdev     price  daily_perc_stdev  annual_perc_stdev  point_size_base  contract_exposure  daily_risk_per_contract  annual_risk_per_contract  position  capital  exposure_held_perc_capital  annual_risk_perc_capital
CHF                       0.005               0.079      1.11              0.44                7.1          99222.5             110479                      489                      7824        -2   578477                       -38.2                      -2.7
VIX                       0.464               7.426     17.80              2.61               41.7            793.8              14129                      368                      5895        -2   578477                        -4.9                      -2.0
FTSETAIWAN               20.530             328.480   1953.00              1.05               16.8             31.8              62010                      651                     10429        -1   578477                       -10.7                      -1.8
BUND                      0.497               7.950    132.23              0.38                6.0            832.8             110125                      413                      6621        -1   578477                       -19.0                      -1.1
JPY                       0.000               0.001      0.01              0.63               10.1        9922249.3              65739                      413                      6611        -1   578477                       -11.4                      -1.1
COPPER-micro              0.064               1.029      4.71              1.36               21.8           1984.4               9352                      127                      2042        -2   578477                        -3.2                      -0.7
SUGAR11                   0.267               4.264     19.16              1.39               22.3            889.0              17033                      236                      3791        -1   578477                        -2.9                      -0.7
CAD                       0.003               0.042      0.71              0.37                5.9          79378.0              56024                      206                      3296        -1   578477                        -9.7                      -0.6
RUSSELL                  22.310             356.957   2287.80              0.98               15.6              4.0               9080                       88                      1416        -2   578477                        -3.1                      -0.5
EUR_micro                 0.005               0.078      1.05              0.46                7.4           9922.2              10465                       48                       776        -1   578477                        -1.8                      -0.1
SP500_micro              39.647             634.350   6133.75              0.65               10.3              4.0              24344                      157                      2517         1   578477                         4.2                       0.4
BITCOIN                2273.129           36370.056  96315.00              2.36               37.8              0.1               7645                      180                      2886         1   578477                         1.3                       0.5
GOLD_micro               26.116             417.854   2893.70              0.90               14.4              7.9              22969                      207                      3316         1   578477                         4.0                       0.6
GBP                       0.006               0.094      1.26              0.46                7.4          49611.2              62549                      290                      4644         1   578477                        10.8                       0.8
HANG_mini               305.719            4891.505  22546.00              1.36               21.7              1.0              23003                      311                      4990         1   578477                         4.0                       0.9
CAD10                     0.565               9.040    123.93              0.46                7.3            560.0              69399                      316                      5062         1   578477                        12.0                       0.9
SILVER                    0.479               7.669     32.99              1.45               23.2            793.8              26186                      380                      6087         1   578477                         4.5                       1.1
MSCISING                  2.480              39.681    399.00              0.62                9.9             59.3              23650                      147                      2352         3   578477                        12.3                       1.2
CAC                      57.834             925.341   8220.00              0.70               11.3              8.3              68458                      481                      7706         1   578477                        11.8                       1.3
TOPIX                    22.998             367.967   2768.75              0.83               13.3              5.2              14485                      120                      1925         6   578477                        15.0                       2.0
SMI                      88.696            1419.140  12841.00              0.69               11.1              8.8             113243                      782                     12515         1   578477                        19.6                       2.2
FEEDCOW                   2.485              39.754    265.55              0.94               15.0            396.9             105394                      986                     15777         1   578477                        18.2                       2.7
MIB                     261.495            4183.926  38495.00              0.68               10.9              4.2             160299                     1088                     17422         1   578477                        27.7                       3.0
MSCITAIWAN               14.066             225.052    982.30              1.43               22.9             79.4              77973                     1116                     17864         1   578477                        13.5                       3.1

Sum of abs(notional exposure % capital) 263.8
Sum of abs(annualised risk % capital) 32.0
Net sum of annualised risk % capital 9.4 

===========================================================================================================================================================================================================================
                                                                                                       Correlations                                                                                                        
===========================================================================================================================================================================================================================

               CAD  COPPER-micro  EUR_micro   GBP  GOLD_micro  HANG_mini  SILVER  SUGAR11  BITCOIN  FEEDCOW   CAC  FTSETAIWAN   MIB  MSCISING  MSCITAIWAN  RUSSELL   SMI  SP500_micro  TOPIX  BUND  CAD10   CHF   JPY   VIX
CAD           1.00          0.50       0.44  0.49        0.40       0.36    0.41     0.26    -0.10    -0.02  0.25        0.17  0.23      0.12        0.12     0.27  0.26         0.30   0.15  0.28   0.22  0.44  0.27 -0.26
COPPER-micro  0.50          1.00       0.36  0.40        0.60       0.52    0.70     0.22    -0.01     0.10  0.38        0.23  0.41      0.29        0.20     0.23  0.21         0.38   0.26 -0.01  -0.06  0.12  0.04 -0.26
EUR_micro     0.44          0.36       1.00  0.68        0.46       0.23    0.36     0.30     0.05     0.02  0.42        0.14  0.30      0.01        0.11     0.23  0.41         0.26   0.11  0.09   0.23  0.60  0.34 -0.18
GBP           0.49          0.40       0.68  1.00        0.52       0.34    0.50     0.45     0.05     0.08  0.42        0.23  0.36      0.20        0.19     0.37  0.45         0.35   0.36  0.18   0.37  0.56  0.34 -0.22
GOLD_micro    0.40          0.60       0.46  0.52        1.00       0.33    0.81     0.31     0.17     0.11  0.31        0.16  0.30      0.06        0.13     0.25  0.18         0.30   0.25  0.26   0.24  0.36  0.23 -0.17
HANG_mini     0.36          0.52       0.23  0.34        0.33       1.00    0.28     0.35     0.01     0.12  0.40        0.23  0.27      0.22        0.19     0.16  0.32         0.22   0.19  0.05   0.02  0.15 -0.04 -0.13
SILVER        0.41          0.70       0.36  0.50        0.81       0.28    1.00     0.24     0.14     0.14  0.31        0.27  0.38      0.21        0.24     0.24  0.16         0.41   0.30  0.10   0.08  0.24  0.07 -0.22
SUGAR11       0.26          0.22       0.30  0.45        0.31       0.35    0.24     1.00    -0.01     0.24  0.25        0.24  0.21      0.20        0.18     0.19  0.29         0.22   0.35 -0.05   0.04  0.19  0.05 -0.22
BITCOIN      -0.10         -0.01       0.05  0.05        0.17       0.01    0.14    -0.01     1.00     0.10  0.20        0.12  0.25      0.22        0.09     0.36  0.08         0.28   0.16  0.07   0.04 -0.08  0.05 -0.25
FEEDCOW      -0.02          0.10       0.02  0.08        0.11       0.12    0.14     0.24     0.10     1.00  0.17        0.12  0.24      0.11        0.12     0.27  0.08         0.25   0.30 -0.06  -0.15 -0.09 -0.09 -0.22
CAC           0.25          0.38       0.42  0.42        0.31       0.40    0.31     0.25     0.20     0.17  1.00        0.34  0.76      0.26        0.30     0.28  0.69         0.32   0.42  0.03   0.01  0.14  0.04 -0.15
FTSETAIWAN    0.17          0.23       0.14  0.23        0.16       0.23    0.27     0.24     0.12     0.12  0.34        1.00  0.31      0.51        0.97     0.22  0.35         0.48   0.46  0.04  -0.03 -0.02 -0.28 -0.22
MIB           0.23          0.41       0.30  0.36        0.30       0.27    0.38     0.21     0.25     0.24  0.76        0.31  1.00      0.38        0.25     0.39  0.55         0.39   0.51 -0.11  -0.11 -0.04 -0.06 -0.29
MSCISING      0.12          0.29       0.01  0.20        0.06       0.22    0.21     0.20     0.22     0.11  0.26        0.51  0.38      1.00        0.44     0.20  0.27         0.39   0.43 -0.06  -0.04 -0.19 -0.18 -0.25
MSCITAIWAN    0.12          0.20       0.11  0.19        0.13       0.19    0.24     0.18     0.09     0.12  0.30        0.97  0.25      0.44        1.00     0.19  0.29         0.42   0.42  0.02  -0.04 -0.02 -0.29 -0.15
RUSSELL       0.27          0.23       0.23  0.37        0.25       0.16    0.24     0.19     0.36     0.27  0.28        0.22  0.39      0.20        0.19     1.00  0.25         0.72   0.50  0.23   0.15  0.16  0.29 -0.64
SMI           0.26          0.21       0.41  0.45        0.18       0.32    0.16     0.29     0.08     0.08  0.69        0.35  0.55      0.27        0.29     0.25  1.00         0.28   0.25  0.15   0.26  0.28  0.22 -0.14
SP500_micro   0.30          0.38       0.26  0.35        0.30       0.22    0.41     0.22     0.28     0.25  0.32        0.48  0.39      0.39        0.42     0.72  0.28         1.00   0.57  0.14   0.08  0.07 -0.00 -0.81
TOPIX         0.15          0.26       0.11  0.36        0.25       0.19    0.30     0.35     0.16     0.30  0.42        0.46  0.51      0.43        0.42     0.50  0.25         0.57   1.00 -0.12  -0.17 -0.19 -0.33 -0.44
BUND          0.28         -0.01       0.09  0.18        0.26       0.05    0.10    -0.05     0.07    -0.06  0.03        0.04 -0.11     -0.06        0.02     0.23  0.15         0.14  -0.12  1.00   0.76  0.33  0.56 -0.05
CAD10         0.22         -0.06       0.23  0.37        0.24       0.02    0.08     0.04     0.04    -0.15  0.01       -0.03 -0.11     -0.04       -0.04     0.15  0.26         0.08  -0.17  0.76   1.00  0.48  0.61 -0.04
CHF           0.44          0.12       0.60  0.56        0.36       0.15    0.24     0.19    -0.08    -0.09  0.14       -0.02 -0.04     -0.19       -0.02     0.16  0.28         0.07  -0.19  0.33   0.48  1.00  0.57  0.06
JPY           0.27          0.04       0.34  0.34        0.23      -0.04    0.07     0.05     0.05    -0.09  0.04       -0.28 -0.06     -0.18       -0.29     0.29  0.22        -0.00  -0.33  0.56   0.61  0.57  1.00  0.00
VIX          -0.26         -0.26      -0.18 -0.22       -0.17      -0.13   -0.22    -0.22    -0.25    -0.22 -0.15       -0.22 -0.29     -0.25       -0.15    -0.64 -0.14        -0.81  -0.44 -0.05  -0.04  0.06  0.00  1.00


********************************************************************************
                                 END OF REPORT                                  
********************************************************************************


