
********************************************************************************
                    Risk report produced on 25/03/2024 22:52                    
********************************************************************************


Total risk across all strategies, annualised percentage 15.7
Percentage of capital used for margin 68.0%

========================================
Risk per strategy, annualised percentage
========================================

                  risk
dynamic_TF_carry  15.7


===================
Risk by asset class
===================

Ags       3.3
Bond      6.2
Equity    8.5
FX        4.4
Metals    3.5
OilGas    3.1
Vol       1.5
dtype: float64


=====================================================
Beta loadings of asset class positions on asset class
=====================================================

Bond     -1.09
Metals   -0.12
FX       -0.10
Vol      -0.04
Ags       0.05
OilGas    0.09
Equity    0.81
dtype: float64


========================================================
Beta loadings of full portfolio positions on asset class
========================================================

Bond     -1.65
Vol      -0.24
Metals   -0.13
FX        0.08
OilGas    0.18
Ags       0.26
Equity    1.00
dtype: float64


==================================================================================================================================================================================================================================================================
                                                                                                                         Instrument risk                                                                                                                          
==================================================================================================================================================================================================================================================================

              daily_price_stdev  annual_price_stdev     price  daily_perc_stdev  annual_perc_stdev  point_size_base  contract_exposure  daily_risk_per_contract  annual_risk_per_contract  position  capital  exposure_held_perc_capital  annual_risk_perc_capital
GOLD_micro               15.466             247.457   2206.00              0.70               11.2              7.9              17499                      122                      1963       -11   672044                       -28.6                      -3.2
BUXL                      1.258              20.131    132.48              0.95               15.2            858.0             113669                     1079                     17272        -1   672044                       -16.9                      -2.6
CHF                       0.005               0.083      1.12              0.46                7.4          99160.3             111490                      514                      8226        -2   672044                       -33.2                      -2.4
BUND                      0.558               8.931    132.25              0.42                6.8            858.0             113471                      478                      7662        -2   672044                       -33.8                      -2.3
CHINAA-CON               19.155             306.483   1930.60              0.99               15.9             19.8              38287                      379                      6078        -2   672044                       -11.4                      -1.8
VIX                       0.387               6.187     16.25              2.38               38.1            793.3              12890                      306                      4908        -2   672044                        -3.8                      -1.5
JPY                       0.000               0.001      0.01              0.57                9.2        9916031.0              66263                      379                      6077        -1   672044                        -9.9                      -0.9
CORN                      4.687              74.996    476.75              0.98               15.7             39.7              18909                      185                      2974        -2   672044                        -5.6                      -0.9
US3                       0.207               3.308    104.28              0.20                3.2           1586.6             165448                      328                      5248        -1   672044                       -24.6                      -0.8
BITCOIN                1910.451           30567.222  66500.00              2.87               46.0              0.1               5275                      151                      2424        -2   672044                        -1.6                      -0.7
HANG_mini               261.301            4180.818  16618.00              1.57               25.2              1.0              16856                      265                      4240        -1   672044                        -2.5                      -0.6
BOBL                      0.293               4.683    117.79              0.25                4.0            858.0             101065                      251                      4017        -1   672044                       -15.0                      -0.6
US2                       0.131               2.097    102.29              0.13                2.1           1586.6             162282                      207                      3327        -1   672044                       -24.1                      -0.5
GAS_US_mini               0.104               1.660      1.83              5.67               90.7           1983.2               3629                      205                      3291        -1   672044                        -0.5                      -0.5
MILLWHEAT                 2.908              46.530    210.00              1.38               22.2             42.9               9009                      124                      1996        -1   672044                        -1.3                      -0.3
DOW                     242.686            3882.975  40248.00              0.60                9.6              0.4              15964                       96                      1540         1   672044                         2.4                       0.2
TOPIX                    23.647             378.344   2767.50              0.85               13.7              5.2              14507                      123                      1983         1   672044                         2.2                       0.3
IRON                      2.655              42.477    107.45              2.47               39.5             79.3               8523                      210                      3369         1   672044                         1.3                       0.5
LIVECOW                   1.234              19.737    184.48              0.67               10.7            317.3              58536                      391                      6262         1   672044                         8.7                       0.9
MXP                       0.000               0.005      0.06              0.49                7.8         396641.2              23382                      114                      1831         4   672044                        13.9                       1.1
NASDAQ_micro            175.118            2801.886  18584.75              0.94               15.1              1.6              29485                      277                      4445         2   672044                         8.8                       1.3
SMI                      65.665            1050.640  11607.00              0.57                9.1              8.8             102552                      580                      9282         1   672044                        15.3                       1.4
MSCIEAFA                 16.773             268.365   2358.90              0.71               11.4             39.7              93563                      665                     10644         1   672044                        13.9                       1.6
MIB                     195.945            3135.120  33855.00              0.58                9.3              4.3             145239                      840                     13449         1   672044                        21.6                       2.0
NIKKEI                  406.451            6503.221  40410.00              1.01               16.1              0.5              21183                      213                      3409         4   672044                        12.6                       2.0
YENEUR                    0.806              12.902    163.10              0.49                7.9            655.3             106873                      528                      8454         2   672044                        31.8                       2.5
AEX                       6.732             107.720    877.55              0.77               12.3            171.6             150589                     1155                     18484         1   672044                        22.4                       2.8
COCOA                   153.693            2459.091   7934.00              1.94               31.0              7.9              62939                     1219                     19507         1   672044                         9.4                       2.9
GASOILINE                 0.038               0.613      2.67              1.43               22.9          33317.9              89058                     1276                     20418         1   672044                        13.3                       3.0

Sum of abs(notional exposure % capital) 390.4
Sum of abs(annualised risk % capital) 42.1
Net sum of annualised risk % capital 2.9 

====================================================================================================================================================================================================================================================
                                                                                                                    Correlations                                                                                                                    
====================================================================================================================================================================================================================================================

              CORN  GAS_US_mini  IRON  MILLWHEAT   VIX  BITCOIN  BOBL  BUND  BUXL   CHF  GOLD_micro   JPY   US2   US3  COCOA  GASOILINE  LIVECOW  NIKKEI  TOPIX  YENEUR   AEX  CHINAA-CON   DOW  HANG_mini   MIB  MSCIEAFA   MXP  NASDAQ_micro   SMI
CORN          1.00         0.03  0.17       0.59 -0.02     0.05  0.05  0.07  0.07  0.13        0.04  0.15 -0.04 -0.03   0.09       0.16    -0.09   -0.11  -0.09   -0.08  0.01        0.02  0.08       0.05  0.01      0.06  0.04          0.06  0.05
GAS_US_mini   0.03         1.00 -0.10       0.05 -0.11    -0.01  0.04  0.06  0.03  0.06        0.08 -0.22  0.17  0.14  -0.16       0.02     0.06    0.21   0.28    0.22 -0.03       -0.09  0.02      -0.11 -0.01      0.05  0.10         -0.03  0.01
IRON          0.17        -0.10  1.00       0.07 -0.03    -0.04 -0.00  0.02  0.07  0.11        0.04  0.09 -0.09 -0.08   0.05       0.03    -0.04    0.06   0.04   -0.01  0.10        0.07  0.04       0.07 -0.02      0.05  0.09          0.14 -0.09
MILLWHEAT     0.59         0.05  0.07       1.00 -0.07    -0.10 -0.11 -0.12 -0.10  0.00       -0.18  0.02 -0.17 -0.19   0.11       0.09    -0.11   -0.14  -0.03   -0.13 -0.06        0.02  0.07      -0.01 -0.01     -0.03 -0.03         -0.09 -0.01
VIX          -0.02        -0.11 -0.03      -0.07  1.00     0.05 -0.02 -0.08 -0.13 -0.20       -0.02 -0.06  0.11  0.01  -0.16       0.03    -0.20   -0.35  -0.45   -0.15 -0.40       -0.26 -0.56      -0.42 -0.46     -0.54 -0.38         -0.58 -0.41
BITCOIN       0.05        -0.01 -0.04      -0.10  0.05     1.00  0.30  0.35  0.36  0.19        0.25  0.21  0.20  0.19   0.04       0.03    -0.19   -0.09  -0.17   -0.07  0.24        0.06  0.16       0.11  0.03      0.18  0.08          0.14  0.24
BOBL          0.05         0.04 -0.00      -0.11 -0.02     0.30  1.00  0.97  0.85  0.38        0.40  0.42  0.66  0.71  -0.20      -0.16    -0.14   -0.11  -0.12   -0.22  0.32       -0.03  0.36       0.04  0.12      0.33  0.16          0.28  0.39
BUND          0.07         0.06  0.02      -0.12 -0.08     0.35  0.97  1.00  0.94  0.42        0.44  0.40  0.62  0.69  -0.16      -0.11    -0.12   -0.01  -0.06   -0.14  0.39       -0.01  0.43       0.07  0.22      0.42  0.25          0.37  0.43
BUXL          0.07         0.03  0.07      -0.10 -0.13     0.36  0.85  0.94  1.00  0.39        0.39  0.35  0.50  0.57  -0.13      -0.12    -0.16    0.06  -0.03   -0.10  0.42       -0.00  0.47       0.07  0.27      0.45  0.26          0.41  0.43
CHF           0.13         0.06  0.11       0.00 -0.20     0.19  0.38  0.42  0.39  1.00        0.48  0.62  0.53  0.56  -0.11      -0.03    -0.12   -0.14  -0.20   -0.09  0.29        0.01  0.41       0.34  0.26      0.55  0.33          0.35  0.31
GOLD_micro    0.04         0.08  0.04      -0.18 -0.02     0.25  0.40  0.44  0.39  0.48        1.00  0.40  0.55  0.56   0.03       0.16     0.05    0.06   0.01   -0.03  0.12        0.19  0.22       0.15  0.19      0.33  0.24          0.16  0.15
JPY           0.15        -0.22  0.09       0.02 -0.06     0.21  0.42  0.40  0.35  0.62        0.40  1.00  0.44  0.48  -0.19      -0.12    -0.06   -0.43  -0.43   -0.70  0.11        0.09  0.18       0.27  0.07      0.37  0.24          0.17  0.25
US2          -0.04         0.17 -0.09      -0.17  0.11     0.20  0.66  0.62  0.50  0.53        0.55  0.44  1.00  0.98  -0.30      -0.16    -0.22   -0.09  -0.14   -0.17  0.09       -0.05  0.17      -0.00 -0.04      0.25  0.04          0.11  0.21
US3          -0.03         0.14 -0.08      -0.19  0.01     0.19  0.71  0.69  0.57  0.56        0.56  0.48  0.98  1.00  -0.30      -0.16    -0.19   -0.06  -0.10   -0.16  0.16        0.00  0.24       0.06  0.03      0.35  0.12          0.18  0.28
COCOA         0.09        -0.16  0.05       0.11 -0.16     0.04 -0.20 -0.16 -0.13 -0.11        0.03 -0.19 -0.30 -0.30   1.00       0.46     0.19    0.33   0.33    0.23  0.27        0.30  0.21       0.27  0.35      0.13  0.10          0.20 -0.04
GASOILINE     0.16         0.02  0.03       0.09  0.03     0.03 -0.16 -0.11 -0.12 -0.03        0.16 -0.12 -0.16 -0.16   0.46       1.00     0.27    0.33   0.26    0.16  0.21        0.03  0.27       0.04  0.17      0.16  0.12          0.11  0.03
LIVECOW      -0.09         0.06 -0.04      -0.11 -0.20    -0.19 -0.14 -0.12 -0.16 -0.12        0.05 -0.06 -0.22 -0.19   0.19       0.27     1.00    0.13   0.23    0.07  0.15        0.19  0.16       0.15  0.23      0.14  0.31          0.08  0.17
NIKKEI       -0.11         0.21  0.06      -0.14 -0.35    -0.09 -0.11 -0.01  0.06 -0.14        0.06 -0.43 -0.09 -0.06   0.33       0.33     0.13    1.00   0.88    0.53  0.43        0.25  0.44       0.09  0.42      0.37  0.17          0.52  0.23
TOPIX        -0.09         0.28  0.04      -0.03 -0.45    -0.17 -0.12 -0.06 -0.03 -0.20        0.01 -0.43 -0.14 -0.10   0.33       0.26     0.23    0.88   1.00    0.51  0.40        0.34  0.41       0.11  0.46      0.37  0.22          0.40  0.30
YENEUR       -0.08         0.22 -0.01      -0.13 -0.15    -0.07 -0.22 -0.14 -0.10 -0.09       -0.03 -0.70 -0.17 -0.16   0.23       0.16     0.07    0.53   0.51    1.00  0.14        0.07  0.14       0.01  0.18      0.09  0.10          0.18  0.03
AEX           0.01        -0.03  0.10      -0.06 -0.40     0.24  0.32  0.39  0.42  0.29        0.12  0.11  0.09  0.16   0.27       0.21     0.15    0.43   0.40    0.14  1.00        0.31  0.78       0.44  0.74      0.70  0.31          0.69  0.66
CHINAA-CON    0.02        -0.09  0.07       0.02 -0.26     0.06 -0.03 -0.01 -0.00  0.01        0.19  0.09 -0.05  0.00   0.30       0.03     0.19    0.25   0.34    0.07  0.31        1.00  0.21       0.69  0.37      0.37  0.23          0.21  0.30
DOW           0.08         0.02  0.04       0.07 -0.56     0.16  0.36  0.43  0.47  0.41        0.22  0.18  0.17  0.24   0.21       0.27     0.16    0.44   0.41    0.14  0.78        0.21  1.00       0.36  0.70      0.77  0.42          0.75  0.67
HANG_mini     0.05        -0.11  0.07      -0.01 -0.42     0.11  0.04  0.07  0.07  0.34        0.15  0.27 -0.00  0.06   0.27       0.04     0.15    0.09   0.11    0.01  0.44        0.69  0.36       1.00  0.43      0.57  0.39          0.36  0.43
MIB           0.01        -0.01 -0.02      -0.01 -0.46     0.03  0.12  0.22  0.27  0.26        0.19  0.07 -0.04  0.03   0.35       0.17     0.23    0.42   0.46    0.18  0.74        0.37  0.70       0.43  1.00      0.70  0.44          0.50  0.61
MSCIEAFA      0.06         0.05  0.05      -0.03 -0.54     0.18  0.33  0.42  0.45  0.55        0.33  0.37  0.25  0.35   0.13       0.16     0.14    0.37   0.37    0.09  0.70        0.37  0.77       0.57  0.70      1.00  0.56          0.63  0.73
MXP           0.04         0.10  0.09      -0.03 -0.38     0.08  0.16  0.25  0.26  0.33        0.24  0.24  0.04  0.12   0.10       0.12     0.31    0.17   0.22    0.10  0.31        0.23  0.42       0.39  0.44      0.56  1.00          0.36  0.46
NASDAQ_micro  0.06        -0.03  0.14      -0.09 -0.58     0.14  0.28  0.37  0.41  0.35        0.16  0.17  0.11  0.18   0.20       0.11     0.08    0.52   0.40    0.18  0.69        0.21  0.75       0.36  0.50      0.63  0.36          1.00  0.46
SMI           0.05         0.01 -0.09      -0.01 -0.41     0.24  0.39  0.43  0.43  0.31        0.15  0.25  0.21  0.28  -0.04       0.03     0.17    0.23   0.30    0.03  0.66        0.30  0.67       0.43  0.61      0.73  0.46          0.46  1.00


********************************************************************************
                                 END OF REPORT                                  
********************************************************************************


