
********************************************************************************
                    Risk report produced on 22/01/2025 22:52                    
********************************************************************************


Total risk across all strategies, annualised percentage 11.8
Percentage of capital used for margin 71.6%

========================================
Risk per strategy, annualised percentage
========================================

                  risk
dynamic_TF_carry  11.9


===================
Risk by asset class
===================

Ags       2.3
Bond      3.1
Equity    4.7
FX        4.9
Metals    2.0
OilGas    0.7
Vol       1.5
dtype: float64


=====================================================
Beta loadings of asset class positions on asset class
=====================================================

Bond     -0.34
FX       -0.23
Metals   -0.11
Vol      -0.02
OilGas    0.03
Ags       0.07
Equity    0.36
dtype: float64


========================================================
Beta loadings of full portfolio positions on asset class
========================================================

Bond     -0.66
FX       -0.11
Metals   -0.09
Vol      -0.09
OilGas    0.07
Ags       0.19
Equity    0.47
dtype: float64


===================================================================================================================================================================================================================================================================
                                                                                                                          Instrument risk                                                                                                                          
===================================================================================================================================================================================================================================================================

               daily_price_stdev  annual_price_stdev     price  daily_perc_stdev  annual_perc_stdev  point_size_base  contract_exposure  daily_risk_per_contract  annual_risk_per_contract  position  capital  exposure_held_perc_capital  annual_risk_perc_capital
CHF                        0.005               0.078      1.11              0.44                7.0         101448.3             112658                      496                      7939        -3   571449                       -59.1                      -4.2
US30                       0.998              15.968    118.47              0.84               13.5            811.6              96147                      809                     12959        -1   571449                       -16.8                      -2.3
ALUMINIUM                 31.668             506.696   2643.50              1.20               19.2             20.3              53635                      642                     10280        -1   571449                        -9.4                      -1.8
VIX                        0.665              10.633     17.55              3.79               60.6            811.6              14243                      539                      8629        -1   571449                        -2.5                      -1.5
OAT                        0.460               7.360    122.75              0.37                6.0            844.3             103643                      388                      6214        -1   571449                       -18.1                      -1.1
SUGAR11                    0.271               4.344     17.08              1.59               25.4            909.0              15525                      246                      3948        -1   571449                        -2.7                      -0.7
MXP                        0.000               0.007      0.05              0.85               13.5         405793.1              19644                      166                      2657        -1   571449                        -3.4                      -0.5
BRE                        0.001               0.023      0.17              0.84               13.5          81158.6              13638                      115                      1842        -1   571449                        -2.4                      -0.3
CANOLA                     9.738             155.805    639.00              1.52               24.4             11.3               7228                      110                      1762        -1   571449                        -1.3                      -0.3
RUSSELL                   26.478             423.646   2318.80              1.14               18.3              4.1               9409                      107                      1719        -1   571449                        -1.6                      -0.3
COPPER-micro               0.050               0.794      4.30              1.15               18.5           2029.0               8723                      100                      1611        -1   571449                        -1.5                      -0.3
DAX                      144.926            2318.815  21344.00              0.68               10.9              0.8              18021                      122                      1957         1   571449                         3.2                       0.3
TOPIX                     24.468             391.481   2741.00              0.89               14.3              5.2              14271                      127                      2038         1   571449                         2.5                       0.4
NIKKEI                   382.365            6117.839  39640.00              0.96               15.4              0.5              20639                      199                      3185         1   571449                         3.6                       0.6
CRUDE_W_micro              1.076              17.223     74.70              1.44               23.1             81.2               6062                       87                      1397         3   571449                         3.2                       0.7
MSCISING                   2.886              46.172    380.20              0.76               12.1             59.9              22758                      172                      2763         2   571449                         8.0                       1.0
YENEUR                     0.991              15.861    162.49              0.61                9.8            650.8             105754                      645                     10322         1   571449                        18.5                       1.8
FEEDCOW                    2.060              32.955    269.60              0.76               12.2            405.8             109401                      835                     13373         1   571449                        19.1                       2.3
MIB                      285.919            4574.700  36080.00              0.79               12.7              4.2             152320                     1207                     19313         1   571449                        26.7                       3.4

Sum of abs(notional exposure % capital) 203.6
Sum of abs(annualised risk % capital) 23.8
Net sum of annualised risk % capital -2.8 

=========================================================================================================================================================================
                                                                              Correlations                                                                               
=========================================================================================================================================================================

               ALUMINIUM   BRE  COPPER-micro   DAX   MIB  MSCISING   MXP  RUSSELL  NIKKEI  TOPIX  YENEUR  CANOLA  CRUDE_W_micro  FEEDCOW  SUGAR11   CHF   OAT  US30   VIX
ALUMINIUM           1.00  0.38          0.54  0.23  0.17      0.25  0.26     0.10    0.13   0.12    0.06   -0.01           0.26     0.25     0.01  0.08  0.12  0.07 -0.01
BRE                 0.38  1.00          0.35  0.28  0.32      0.40  0.52     0.28    0.32   0.29    0.21   -0.01           0.14     0.10     0.07 -0.01  0.21  0.17 -0.31
COPPER-micro        0.54  0.35          1.00  0.27  0.25      0.23  0.26     0.08    0.17   0.15    0.13    0.12           0.30     0.15     0.15  0.08 -0.02 -0.00 -0.02
DAX                 0.23  0.28          0.27  1.00  0.83      0.56  0.33     0.65    0.61   0.58    0.25    0.09          -0.11     0.21     0.13 -0.12  0.22  0.06 -0.61
MIB                 0.17  0.32          0.25  0.83  1.00      0.50  0.36     0.47    0.59   0.57    0.41    0.29          -0.00     0.25     0.12 -0.16  0.02 -0.11 -0.54
MSCISING            0.25  0.40          0.23  0.56  0.50      1.00  0.34     0.61    0.61   0.61    0.25   -0.03           0.00     0.33     0.25 -0.28  0.10 -0.03 -0.67
MXP                 0.26  0.52          0.26  0.33  0.36      0.34  1.00     0.21    0.36   0.34    0.37   -0.01           0.23     0.25    -0.03 -0.13  0.09 -0.03 -0.29
RUSSELL             0.10  0.28          0.08  0.65  0.47      0.61  0.21     1.00    0.48   0.43    0.01   -0.06          -0.15     0.19     0.06 -0.14  0.26  0.22 -0.63
NIKKEI              0.13  0.32          0.17  0.61  0.59      0.61  0.36     0.48    1.00   0.97    0.60    0.17           0.26     0.40     0.27 -0.48 -0.17 -0.35 -0.66
TOPIX               0.12  0.29          0.15  0.58  0.57      0.61  0.34     0.43    0.97   1.00    0.59    0.20           0.23     0.39     0.23 -0.51 -0.17 -0.40 -0.68
YENEUR              0.06  0.21          0.13  0.25  0.41      0.25  0.37     0.01    0.60   0.59    1.00    0.32           0.19     0.27     0.16 -0.28 -0.41 -0.54 -0.36
CANOLA             -0.01 -0.01          0.12  0.09  0.29     -0.03 -0.01    -0.06    0.17   0.20    0.32    1.00           0.12     0.03     0.13 -0.13 -0.26 -0.32 -0.07
CRUDE_W_micro       0.26  0.14          0.30 -0.11 -0.00      0.00  0.23    -0.15    0.26   0.23    0.19    0.12           1.00     0.27     0.17 -0.20 -0.36 -0.27  0.13
FEEDCOW             0.25  0.10          0.15  0.21  0.25      0.33  0.25     0.19    0.40   0.39    0.27    0.03           0.27     1.00     0.19 -0.35 -0.15 -0.29 -0.24
SUGAR11             0.01  0.07          0.15  0.13  0.12      0.25 -0.03     0.06    0.27   0.23    0.16    0.13           0.17     0.19     1.00  0.00 -0.13 -0.07 -0.13
CHF                 0.08 -0.01          0.08 -0.12 -0.16     -0.28 -0.13    -0.14   -0.48  -0.51   -0.28   -0.13          -0.20    -0.35     0.00  1.00  0.40  0.57  0.35
OAT                 0.12  0.21         -0.02  0.22  0.02      0.10  0.09     0.26   -0.17  -0.17   -0.41   -0.26          -0.36    -0.15    -0.13  0.40  1.00  0.70 -0.02
US30                0.07  0.17         -0.00  0.06 -0.11     -0.03 -0.03     0.22   -0.35  -0.40   -0.54   -0.32          -0.27    -0.29    -0.07  0.57  0.70  1.00  0.12
VIX                -0.01 -0.31         -0.02 -0.61 -0.54     -0.67 -0.29    -0.63   -0.66  -0.68   -0.36   -0.07           0.13    -0.24    -0.13  0.35 -0.02  0.12  1.00


********************************************************************************
                                 END OF REPORT                                  
********************************************************************************


