
********************************************************************************
                    Risk report produced on 26/12/2023 22:51                    
********************************************************************************


Total risk across all strategies, annualised percentage 9.4
Percentage of capital used for margin 56.8%

========================================
Risk per strategy, annualised percentage
========================================

                  risk
dynamic_TF_carry   9.4


===================
Risk by asset class
===================

Ags       2.4
Bond      1.5
Equity    5.2
FX        3.2
Metals    1.7
OilGas    5.0
Sector    0.8
Vol       1.6
dtype: float64


=====================================================
Beta loadings of asset class positions on asset class
=====================================================

Ags      -0.14
FX       -0.08
OilGas   -0.07
Vol      -0.03
Bond      0.03
Sector    0.04
Metals    0.07
Equity    0.51
dtype: float64


========================================================
Beta loadings of full portfolio positions on asset class
========================================================

Bond     -0.26
Vol      -0.13
OilGas   -0.04
Ags       0.01
Metals    0.09
Sector    0.18
FX        0.20
Equity    0.69
dtype: float64


==================================================================================================================================================================================================================================================================
                                                                                                                         Instrument risk                                                                                                                          
==================================================================================================================================================================================================================================================================

              daily_price_stdev  annual_price_stdev     price  daily_perc_stdev  annual_perc_stdev  point_size_base  contract_exposure  daily_risk_per_contract  annual_risk_per_contract  position  capital  exposure_held_perc_capital  annual_risk_perc_capital
GAS-PEN                   0.120               1.918      2.49              4.81               77.0           7876.3              19611                      943                     15103        -1   370364                        -5.3                      -4.1
LIVECOW                   1.742              27.872    170.45              1.02               16.4            315.1              53700                      548                      8781        -1   370364                       -14.5                      -2.4
JPY                       0.000               0.001      0.01              0.71               11.3        9845349.3              70049                      496                      7938        -1   370364                       -18.9                      -2.1
VIX                       0.464               7.421     16.00              2.90               46.4            787.6              12602                      365                      5844        -1   370364                        -3.4                      -1.6
US2                       0.172               2.759    102.86              0.17                2.7           1575.3             162035                      271                      4345        -1   370364                       -43.8                      -1.2
GAS_US_mini               0.119               1.897      2.44              4.87               77.9           1969.1               4794                      233                      3736        -1   370364                        -1.3                      -1.0
EUR_micro                 0.005               0.088      1.11              0.49                7.9           9845.3              10908                       53                       863        -2   370364                        -5.9                      -0.5
DOW                     252.751            4044.022  37899.00              0.67               10.7              0.4              14925                       99                      1592         1   370364                         4.0                       0.4
EU-OIL                    4.091              65.457    356.90              1.15               18.3             43.4              15485                      177                      2840         1   370364                         4.2                       0.8
BITCOIN                1143.401           18294.413  42790.00              2.67               42.8              0.1               3370                       90                      1440         2   370364                         1.8                       0.8
CNH                       0.020               0.320      7.13              0.28                4.5          11021.5              78592                      220                      3526         1   370364                        21.2                       1.0
NASDAQ_micro            157.979            2527.667  17106.50              0.92               14.8              1.6              26947                      248                      3981         1   370364                         7.3                       1.1
MXP                       0.000               0.006      0.06              0.64               10.3         393814.0              22923                      147                      2356         2   370364                        12.4                       1.3
NIKKEI                  302.998            4847.967  33230.00              0.91               14.6              0.6              18383                      167                      2682         2   370364                         9.9                       1.4
IRON                      2.132              34.107    138.75              1.54               24.6             78.8              10928                      167                      2686         2   370364                         5.9                       1.5
KR10                      0.559               8.949    114.78              0.49                7.8            608.2              69814                      340                      5443         1   370364                        18.9                       1.5
FTSETAIWAN               10.873             173.976   1539.75              0.71               11.3             31.5              48510                      342                      5481         1   370364                        13.1                       1.5
CAC                      49.665             794.633   7588.00              0.65               10.5              8.7              65845                      430                      6895         1   370364                        17.8                       1.9

Sum of abs(notional exposure % capital) 209.6
Sum of abs(annualised risk % capital) 26.1
Net sum of annualised risk % capital 0.3 

===============================================================================================================================================================
                                                                         Correlations                                                                          
===============================================================================================================================================================

               CNH   VIX  BITCOIN  IRON   JPY   US2   CAC   DOW  EUR_micro  FTSETAIWAN  KR10   MXP  NASDAQ_micro  EU-OIL  GAS-PEN  GAS_US_mini  LIVECOW  NIKKEI
CNH           1.00  0.14    -0.07 -0.30 -0.58 -0.42 -0.24 -0.29      -0.55       -0.33 -0.39 -0.10         -0.32   -0.08     0.07         0.06     0.05   -0.02
VIX           0.14  1.00    -0.06 -0.25 -0.08  0.21 -0.59 -0.65      -0.34       -0.44 -0.13 -0.60         -0.56   -0.23    -0.16        -0.15    -0.21   -0.50
BITCOIN      -0.07 -0.06     1.00  0.09  0.05  0.14  0.24  0.26       0.17        0.07  0.18  0.05          0.15   -0.01     0.06         0.09    -0.28   -0.00
IRON         -0.30 -0.25     0.09  1.00  0.14  0.05  0.21  0.27       0.10        0.21  0.14  0.26          0.28    0.07    -0.07        -0.06     0.01    0.19
JPY          -0.58 -0.08     0.05  0.14  1.00  0.53  0.13  0.16       0.52        0.09  0.22  0.06          0.25   -0.08    -0.22        -0.19    -0.01   -0.26
US2          -0.42  0.21     0.14  0.05  0.53  1.00 -0.07  0.01       0.37       -0.08  0.40 -0.14          0.12   -0.30    -0.08        -0.08    -0.12   -0.35
CAC          -0.24 -0.59     0.24  0.21  0.13 -0.07  1.00  0.78       0.41        0.56  0.34  0.58          0.57    0.40     0.12         0.14     0.13    0.54
DOW          -0.29 -0.65     0.26  0.27  0.16  0.01  0.78  1.00       0.45        0.61  0.36  0.48          0.75    0.39     0.14         0.14     0.22    0.58
EUR_micro    -0.55 -0.34     0.17  0.10  0.52  0.37  0.41  0.45       1.00        0.42  0.33  0.42          0.49    0.10     0.10         0.09     0.21    0.19
FTSETAIWAN   -0.33 -0.44     0.07  0.21  0.09 -0.08  0.56  0.61       0.42        1.00  0.39  0.41          0.59    0.37     0.12         0.17     0.08    0.60
KR10         -0.39 -0.13     0.18  0.14  0.22  0.40  0.34  0.36       0.33        0.39  1.00  0.16          0.31   -0.05    -0.01        -0.03    -0.14    0.19
MXP          -0.10 -0.60     0.05  0.26  0.06 -0.14  0.58  0.48       0.42        0.41  0.16  1.00          0.41    0.25     0.06         0.09     0.20    0.41
NASDAQ_micro -0.32 -0.56     0.15  0.28  0.25  0.12  0.57  0.75       0.49        0.59  0.31  0.41          1.00    0.13     0.08         0.08     0.27    0.53
EU-OIL       -0.08 -0.23    -0.01  0.07 -0.08 -0.30  0.40  0.39       0.10        0.37 -0.05  0.25          0.13    1.00     0.34         0.36     0.31    0.53
GAS-PEN       0.07 -0.16     0.06 -0.07 -0.22 -0.08  0.12  0.14       0.10        0.12 -0.01  0.06          0.08    0.34     1.00         0.91     0.27    0.22
GAS_US_mini   0.06 -0.15     0.09 -0.06 -0.19 -0.08  0.14  0.14       0.09        0.17 -0.03  0.09          0.08    0.36     0.91         1.00     0.20    0.21
LIVECOW       0.05 -0.21    -0.28  0.01 -0.01 -0.12  0.13  0.22       0.21        0.08 -0.14  0.20          0.27    0.31     0.27         0.20     1.00    0.29
NIKKEI       -0.02 -0.50    -0.00  0.19 -0.26 -0.35  0.54  0.58       0.19        0.60  0.19  0.41          0.53    0.53     0.22         0.21     0.29    1.00


********************************************************************************
                                 END OF REPORT                                  
********************************************************************************


