
********************************************************************************
                    Risk report produced on 01/04/2026 22:53                    
********************************************************************************


Total risk across all strategies, annualised percentage 10.5
Percentage of capital used for margin 36.7%

========================================
Risk per strategy, annualised percentage
========================================

                  risk
dynamic_TF_carry  10.5


===================
Risk by asset class
===================

Ags       1.9
Bond      1.6
Equity    5.2
FX        2.7
Metals    4.5
OilGas    4.9
Sector    1.6
Vol       0.1
dtype: float64


=====================================================
Beta loadings of asset class positions on asset class
=====================================================

Equity   -0.28
Bond     -0.28
FX       -0.17
Metals   -0.12
Vol      -0.00
OilGas    0.07
Sector    0.07
Ags       0.11
dtype: float64


========================================================
Beta loadings of full portfolio positions on asset class
========================================================

Bond     -0.66
FX       -0.53
Equity   -0.19
Metals   -0.08
Sector    0.01
Vol       0.04
OilGas    0.10
Ags       0.13
dtype: float64


==================================================================================================================================================================================================================================================================
                                                                                                                         Instrument risk                                                                                                                          
==================================================================================================================================================================================================================================================================

              daily_price_stdev  annual_price_stdev     price  daily_perc_stdev  annual_perc_stdev  point_size_base  contract_exposure  daily_risk_per_contract  annual_risk_per_contract  position  capital  exposure_held_perc_capital  annual_risk_perc_capital
ALUMINIUM                73.168            1170.696   3445.75              2.12               34.0             18.9              64966                     1379                     22072        -1   687886                        -9.4                      -3.2
SPI200                   89.421            1430.744   8680.00              1.03               16.5             13.0             113002                     1164                     18626        -1   687886                       -16.4                      -2.7
NASDAQ_micro            320.492            5127.872  24197.50              1.32               21.2              1.5              36497                      483                      7734        -2   687886                       -10.6                      -2.2
BITCOIN                2351.526           37624.423  68415.00              3.44               55.0              0.1               5159                      177                      2837        -5   687886                        -3.8                      -2.1
CHF                       0.006               0.104      1.27              0.51                8.2          94270.6             119520                      612                      9796        -1   687886                       -17.4                      -1.4
KR10                      0.508               8.129    109.57              0.46                7.4            499.5              54734                      253                      4060        -2   687886                       -15.9                      -1.2
JPY                       0.000               0.001      0.01              0.58                9.3        9427060.9              59706                      348                      5580        -1   687886                        -8.7                      -0.8
LEANHOG                   1.062              16.998    107.72              0.99               15.8            301.7              32496                      320                      5127        -1   687886                        -4.7                      -0.7
US10                      0.385               6.155    110.94              0.35                5.5            754.2              83665                      290                      4642        -1   687886                       -12.2                      -0.7
SP500_micro              69.317            1109.072   6612.75              1.05               16.8              3.8              24935                      261                      4182        -1   687886                        -3.6                      -0.6
GAS_US_mini               0.137               2.200      2.81              4.89               78.3           1885.4               5298                      259                      4147        -1   687886                        -0.8                      -0.6
HANGENT_mini            128.554            2056.868   8502.00              1.51               24.2              1.0               8180                      123                      1978        -2   687886                        -2.4                      -0.6
EUR_micro                 0.005               0.087      1.16              0.47                7.4           9427.1              10954                       50                       815        -4   687886                        -6.4                      -0.5
EU-BANKS                  4.480              71.683    244.15              1.84               29.4             43.6              10651                      195                      3127        -1   687886                        -1.5                      -0.5
DOW                     465.471            7447.536  46856.00              0.99               15.9              0.4              17668                      175                      2808        -1   687886                        -2.6                      -0.4
V2X                       0.598               9.570     24.15              2.48               39.6             87.3               2107                       52                       835        -1   687886                        -0.3                      -0.1
MUMMY                    13.189             211.024    704.00              1.87               30.0              4.8               3346                       62                      1003         1   687886                         0.5                       0.1
BRE                       0.002               0.025      0.19              0.81               13.0          75416.5              14344                      116                      1863         1   687886                         2.1                       0.3
AUD_micro                 0.004               0.067      0.69              0.61                9.8           7541.6               5212                       31                       508         5   687886                         3.8                       0.4
FTSECHINAA              147.745            2363.916  14738.00              1.00               16.0              0.8              11114                      111                      1782         2   687886                         3.2                       0.5
EU-OIL                    6.267             100.277    535.10              1.17               18.7             43.6              23345                      273                      4374         1   687886                         3.4                       0.6
MXP                       0.000               0.007      0.06              0.74               11.8         377082.4              20995                      155                      2481         2   687886                         6.1                       0.7
SOYOIL                    0.978              15.655     67.09              1.46               23.3            452.5              30358                      442                      7084         1   687886                         4.4                       1.0
YENEUR                    0.758              12.134    183.48              0.41                6.6            594.2             109020                      450                      7209         1   687886                        15.8                       1.0
LIVECOW                   2.102              33.632    244.22              0.86               13.8            301.7              73674                      634                     10145         1   687886                        10.7                       1.5
EU-BASIC                 15.026             240.417    766.10              1.96               31.4             43.6              33423                      655                     10488         1   687886                         4.9                       1.5
GASOILINE                 0.070               1.117      2.82              2.47               39.6          31674.9              89418                     2211                     35387         1   687886                        13.0                       5.1

Sum of abs(notional exposure % capital) 184.6
Sum of abs(annualised risk % capital) 31.0
Net sum of annualised risk % capital -5.6 

================================================================================================================================================================================================================================================================
                                                                                                                          Correlations                                                                                                                          
================================================================================================================================================================================================================================================================

              ALUMINIUM  AUD_micro  BITCOIN   BRE   DOW  EU-BANKS  EU-BASIC  FTSECHINAA  HANGENT_mini  MUMMY   MXP  NASDAQ_micro  SP500_micro  SPI200   CHF  EUR_micro   JPY  KR10  LIVECOW  US10  LEANHOG  YENEUR  EU-OIL  GASOILINE  GAS_US_mini  SOYOIL   V2X
ALUMINIUM          1.00       0.44     0.40  0.31  0.18      0.08      0.61        0.31          0.36   0.27  0.20          0.38         0.32    0.08  0.14       0.13  0.08 -0.08    -0.05 -0.07     0.06   -0.01    0.21       0.29         0.27    0.25 -0.12
AUD_micro          0.44       1.00     0.28  0.58  0.36      0.21      0.50        0.33          0.54   0.24  0.62          0.47         0.46    0.19  0.60       0.66  0.56  0.19     0.03  0.27    -0.00   -0.16    0.24       0.05         0.21   -0.03 -0.25
BITCOIN            0.40       0.28     1.00  0.17  0.35      0.09      0.22        0.15          0.32   0.22  0.13          0.59         0.52    0.34  0.10       0.13  0.17  0.15     0.12 -0.15    -0.06   -0.14    0.14       0.14         0.20    0.06 -0.20
BRE                0.31       0.58     0.17  1.00  0.29      0.29      0.41        0.20          0.35   0.06  0.56          0.30         0.31    0.10  0.18       0.43  0.28 -0.07    -0.00  0.25    -0.02   -0.03    0.34       0.11         0.35    0.16 -0.21
DOW                0.18       0.36     0.35  0.29  1.00      0.52      0.53        0.24          0.27   0.26  0.27          0.74         0.88    0.60  0.06       0.14  0.04  0.01     0.07  0.15     0.19    0.05    0.04      -0.17        -0.14   -0.06 -0.72
EU-BANKS           0.08       0.21     0.09  0.29  0.52      1.00      0.56        0.15          0.35   0.19  0.37          0.26         0.39    0.32  0.05       0.21  0.01 -0.15     0.06  0.15     0.16    0.19    0.14      -0.28        -0.16   -0.20 -0.57
EU-BASIC           0.61       0.50     0.22  0.41  0.53      0.56      1.00        0.37          0.46   0.29  0.45          0.44         0.51    0.43  0.15       0.22  0.12 -0.20     0.15  0.11     0.14    0.04    0.29      -0.10        -0.05    0.10 -0.51
FTSECHINAA         0.31       0.33     0.15  0.20  0.24      0.15      0.37        1.00          0.54   0.21  0.27          0.29         0.30    0.08  0.04       0.09  0.07  0.06     0.10  0.09     0.07   -0.03    0.21       0.14         0.11    0.03 -0.20
HANGENT_mini       0.36       0.54     0.32  0.35  0.27      0.35      0.46        0.54          1.00   0.27  0.38          0.41         0.38    0.15  0.44       0.44  0.36  0.04    -0.04  0.07    -0.13   -0.10    0.17       0.00         0.20   -0.09 -0.15
MUMMY              0.27       0.24     0.22  0.06  0.26      0.19      0.29        0.21          0.27   1.00  0.13          0.28         0.32    0.31 -0.08      -0.12 -0.13  0.17     0.17  0.08     0.14    0.07    0.27       0.32        -0.11    0.09 -0.22
MXP                0.20       0.62     0.13  0.56  0.27      0.37      0.45        0.27          0.38   0.13  1.00          0.26         0.29    0.25  0.41       0.60  0.35  0.13     0.22  0.27     0.02    0.08    0.26      -0.12        -0.00   -0.04 -0.29
NASDAQ_micro       0.38       0.47     0.59  0.30  0.74      0.26      0.44        0.29          0.41   0.28  0.26          1.00         0.95    0.47  0.09       0.12  0.07  0.17     0.01 -0.04     0.08    0.00    0.16       0.09         0.15   -0.00 -0.57
SP500_micro        0.32       0.46     0.52  0.31  0.88      0.39      0.51        0.30          0.38   0.32  0.29          0.95         1.00    0.57  0.06       0.11  0.06  0.14     0.05  0.09     0.16    0.01    0.18       0.02         0.06   -0.01 -0.68
SPI200             0.08       0.19     0.34  0.10  0.60      0.32      0.43        0.08          0.15   0.31  0.25          0.47         0.57    1.00  0.11       0.12  0.13  0.22     0.26  0.24     0.17   -0.08    0.07      -0.22        -0.23    0.08 -0.53
CHF                0.14       0.60     0.10  0.18  0.06      0.05      0.15        0.04          0.44  -0.08  0.41          0.09         0.06    0.11  1.00       0.84  0.70  0.28     0.02  0.18    -0.11   -0.17   -0.23      -0.29         0.03   -0.17  0.07
EUR_micro          0.13       0.66     0.13  0.43  0.14      0.21      0.22        0.09          0.44  -0.12  0.60          0.12         0.11    0.12  0.84       1.00  0.72  0.17     0.10  0.29    -0.04   -0.07   -0.15      -0.37        -0.00   -0.21 -0.08
JPY                0.08       0.56     0.17  0.28  0.04      0.01      0.12        0.07          0.36  -0.13  0.35          0.07         0.06    0.13  0.70       0.72  1.00  0.31     0.08  0.44    -0.16   -0.72   -0.10      -0.21         0.07   -0.22  0.06
KR10              -0.08       0.19     0.15 -0.07  0.01     -0.15     -0.20        0.06          0.04   0.17  0.13          0.17         0.14    0.22  0.28       0.17  0.31  1.00     0.12  0.45    -0.05   -0.27   -0.21      -0.07        -0.14   -0.26 -0.07
LIVECOW           -0.05       0.03     0.12 -0.00  0.07      0.06      0.15        0.10         -0.04   0.17  0.22          0.01         0.05    0.26  0.02       0.10  0.08  0.12     1.00  0.08     0.07   -0.00    0.13      -0.06        -0.18    0.09 -0.10
US10              -0.07       0.27    -0.15  0.25  0.15      0.15      0.11        0.09          0.07   0.08  0.27         -0.04         0.09    0.24  0.18       0.29  0.44  0.45     0.08  1.00     0.06   -0.36   -0.10      -0.34        -0.09   -0.18 -0.21
LEANHOG            0.06      -0.00    -0.06 -0.02  0.19      0.16      0.14        0.07         -0.13   0.14  0.02          0.08         0.16    0.17 -0.11      -0.04 -0.16 -0.05     0.07  0.06     1.00    0.21   -0.04       0.02        -0.17    0.11 -0.24
YENEUR            -0.01      -0.16    -0.14 -0.03  0.05      0.19      0.04       -0.03         -0.10   0.07  0.08          0.00         0.01   -0.08 -0.17      -0.07 -0.72 -0.27    -0.00 -0.36     0.21    1.00   -0.03      -0.07        -0.11    0.07 -0.17
EU-OIL             0.21       0.24     0.14  0.34  0.04      0.14      0.29        0.21          0.17   0.27  0.26          0.16         0.18    0.07 -0.23      -0.15 -0.10 -0.21     0.13 -0.10    -0.04   -0.03    1.00       0.63         0.24    0.28 -0.07
GASOILINE          0.29       0.05     0.14  0.11 -0.17     -0.28     -0.10        0.14          0.00   0.32 -0.12          0.09         0.02   -0.22 -0.29      -0.37 -0.21 -0.07    -0.06 -0.34     0.02   -0.07    0.63       1.00         0.39    0.39  0.28
GAS_US_mini        0.27       0.21     0.20  0.35 -0.14     -0.16     -0.05        0.11          0.20  -0.11 -0.00          0.15         0.06   -0.23  0.03      -0.00  0.07 -0.14    -0.18 -0.09    -0.17   -0.11    0.24       0.39         1.00    0.10  0.21
SOYOIL             0.25      -0.03     0.06  0.16 -0.06     -0.20      0.10        0.03         -0.09   0.09 -0.04         -0.00        -0.01    0.08 -0.17      -0.21 -0.22 -0.26     0.09 -0.18     0.11    0.07    0.28       0.39         0.10    1.00  0.17
V2X               -0.12      -0.25    -0.20 -0.21 -0.72     -0.57     -0.51       -0.20         -0.15  -0.22 -0.29         -0.57        -0.68   -0.53  0.07      -0.08  0.06 -0.07    -0.10 -0.21    -0.24   -0.17   -0.07       0.28         0.21    0.17  1.00


********************************************************************************
                                 END OF REPORT                                  
********************************************************************************


