
********************************************************************************
           Risk report report produced on 2022-07-07 21:01:36.753091            
********************************************************************************


Total risk across all strategies, annualised percentage 7.5
Percentage of capital used for margin 21.2%

========================================
Risk per strategy, annualised percentage
========================================

                  risk
dynamic_TF_carry   7.5


==================================================================================================================================================================================================================================================================
                                                                                                                         Instrument risk                                                                                                                          
==================================================================================================================================================================================================================================================================

              daily_price_stdev  annual_price_stdev     price  daily_perc_stdev  annual_perc_stdev  point_size_base  contract_exposure  daily_risk_per_contract  annual_risk_per_contract  position  capital  exposure_held_perc_capital  annual_risk_perc_capital
EUR                       0.006               0.095      1.02              0.58                9.4         104203.6             106334                      621                      9949        -1   369348                       -28.8                      -2.7
NASDAQ_micro            248.722            3979.556  12141.50              2.05               32.8              1.7              20243                      414                      6634        -1   369348                        -5.5                      -1.8
KR10                      0.579               9.267    113.86              0.51                8.1            641.1              72991                      371                      5940        -1   369348                       -19.8                      -1.6
SILVER                    0.399               6.391     19.14              2.09               33.4            833.6              15955                      332                      5327        -1   369348                        -4.3                      -1.4
SP500_micro              60.477             967.626   3904.25              1.55               24.8              4.2              16273                      252                      4033        -1   369348                        -4.4                      -1.1
DJSTX-SMALL               5.256              84.095    304.20              1.73               27.6             42.4              12894                      222                      3564        -1   369348                        -3.5                      -1.0
DOW                     402.645            6442.320  31241.00              1.29               20.6              0.4              13021                      167                      2685        -1   369348                        -3.5                      -0.7
KOSDAQ                   26.054             416.868   1079.50              2.41               38.6              6.4               6920                      167                      2672        -1   369348                        -1.9                      -0.7
GOLD_micro               17.204             275.258   1739.70              0.99               15.8              8.3              14502                      143                      2294        -1   369348                        -3.9                      -0.6
RUSSELL                  34.014             544.228   1769.10              1.92               30.8              4.2               7373                      141                      2268        -1   369348                        -2.0                      -0.6
NIKKEI400               194.419            3110.699  17055.00              1.14               18.2              0.6              10458                      119                      1907         1   369348                         2.8                       0.5
BRE                       0.002               0.033      0.19              1.12               17.9          83362.9              15497                      173                      2780         1   369348                         4.2                       0.8
EU-OIL                    6.363             101.802    304.90              2.09               33.4             42.4              12924                      269                      4315         1   369348                         3.5                       1.2
IRON                      3.994              63.904    114.65              3.48               55.7             83.4               9557                      332                      5327         1   369348                         2.6                       1.4
CORN                     12.465             199.447    599.00              2.08               33.3             41.7              24967                      519                      8313         1   369348                         6.8                       2.3
CRUDE_W_mini              2.670              42.718    100.22              2.66               42.6            416.8              41775                     1112                     17805         1   369348                        11.3                       4.8

Sum of abs(notional exposure % capital) 108.8
Sum of abs(annualised risk % capital) 23.2
Net sum of annualised risk % capital -1.2 

==============================================================================================================================================================
                                                                         Correlations                                                                         
==============================================================================================================================================================

               BRE  CRUDE_W_mini  EU-OIL  IRON  GOLD_micro  SILVER  CORN  DJSTX-SMALL   DOW   EUR  KOSDAQ  NASDAQ_micro  NIKKEI400  RUSSELL  SP500_micro  KR10
BRE           1.00          0.29    0.35  0.25        0.32    0.35  0.25         0.34  0.32  0.31    0.27          0.31       0.24     0.33         0.33  0.07
CRUDE_W_mini  0.29          1.00    0.39  0.34        0.35    0.33  0.23         0.18  0.21  0.10    0.27          0.21       0.11     0.29         0.22  0.14
EU-OIL        0.35          0.39    1.00  0.32        0.18    0.28  0.24         0.42  0.41  0.24    0.30          0.36       0.33     0.42         0.40  0.04
IRON          0.25          0.34    0.32  1.00        0.25    0.28  0.22         0.17  0.25  0.17    0.22          0.19       0.14     0.27         0.24  0.08
GOLD_micro    0.32          0.35    0.18  0.25        1.00    0.51  0.20         0.10  0.09  0.24    0.20          0.08       0.01     0.13         0.09  0.13
SILVER        0.35          0.33    0.28  0.28        0.51    1.00  0.27         0.24  0.21  0.29    0.26          0.18       0.13     0.26         0.20  0.06
CORN          0.25          0.23    0.24  0.22        0.20    0.27  1.00         0.20  0.16  0.14    0.16          0.14       0.11     0.16         0.15 -0.07
DJSTX-SMALL   0.34          0.18    0.42  0.17        0.10    0.24  0.20         1.00  0.56  0.39    0.35          0.54       0.50     0.54         0.56  0.16
DOW           0.32          0.21    0.41  0.25        0.09    0.21  0.16         0.56  1.00  0.34    0.36          0.56       0.48     0.57         0.59  0.19
EUR           0.31          0.10    0.24  0.17        0.24    0.29  0.14         0.39  0.34  1.00    0.25          0.30       0.35     0.31         0.32  0.10
KOSDAQ        0.27          0.27    0.30  0.22        0.20    0.26  0.16         0.35  0.36  0.25    1.00          0.39       0.33     0.38         0.38  0.20
NASDAQ_micro  0.31          0.21    0.36  0.19        0.08    0.18  0.14         0.54  0.56  0.30    0.39          1.00       0.46     0.56         0.59  0.17
NIKKEI400     0.24          0.11    0.33  0.14        0.01    0.13  0.11         0.50  0.48  0.35    0.33          0.46       1.00     0.46         0.47  0.12
RUSSELL       0.33          0.29    0.42  0.27        0.13    0.26  0.16         0.54  0.57  0.31    0.38          0.56       0.46     1.00         0.58  0.19
SP500_micro   0.33          0.22    0.40  0.24        0.09    0.20  0.15         0.56  0.59  0.32    0.38          0.59       0.47     0.58         1.00  0.19
KR10          0.07          0.14    0.04  0.08        0.13    0.06 -0.07         0.16  0.19  0.10    0.20          0.17       0.12     0.19         0.19  1.00


********************************************************************************
                                 END OF REPORT                                  
********************************************************************************


