
********************************************************************************
           Risk report report produced on 2022-07-11 21:01:27.304217            
********************************************************************************


Total risk across all strategies, annualised percentage 7.2
Percentage of capital used for margin 20.8%

========================================
Risk per strategy, annualised percentage
========================================

                  risk
dynamic_TF_carry   7.2


==================================================================================================================================================================================================================================================================
                                                                                                                         Instrument risk                                                                                                                          
==================================================================================================================================================================================================================================================================

              daily_price_stdev  annual_price_stdev     price  daily_perc_stdev  annual_perc_stdev  point_size_base  contract_exposure  daily_risk_per_contract  annual_risk_per_contract  position  capital  exposure_held_perc_capital  annual_risk_perc_capital
EUR                       0.006               0.098      1.01              0.60                9.6         105172.4             106418                      641                     10259        -1   374455                       -28.4                      -2.7
NASDAQ_micro            238.799            3820.785  11955.75              2.00               32.0              1.7              20118                      401                      6429        -1   374455                        -5.4                      -1.7
KR10                      0.565               9.041    113.37              0.50                8.0            640.5              72613                      361                      5790        -1   374455                       -19.4                      -1.5
SILVER                    0.385               6.153     19.12              2.01               32.2            841.4              16087                      323                      5176        -1   374455                        -4.3                      -1.4
SP500_micro              57.462             919.400   3870.00              1.48               23.8              4.2              16280                      241                      3867        -1   374455                        -4.3                      -1.0
DJSTX-SMALL               5.109              81.751    302.30              1.69               27.0             42.4              12823                      216                      3467        -1   374455                        -3.4                      -0.9
DOW                     384.402            6150.436  31288.00              1.23               19.7              0.4              13162                      161                      2587        -1   374455                        -3.5                      -0.7
KOSDAQ                   25.063             401.006   1092.20              2.29               36.7              6.4               6995                      160                      2568        -1   374455                        -1.9                      -0.7
GOLD_micro               16.482             263.712   1733.90              0.95               15.2              8.4              14588                      138                      2218        -1   374455                        -3.9                      -0.6
RUSSELL                  32.931             526.899   1738.30              1.89               30.3              4.2               7312                      138                      2216        -1   374455                        -2.0                      -0.6
NIKKEI400               188.585            3017.354  17100.00              1.10               17.6              0.6              10468                      115                      1847         1   374455                         2.8                       0.5
BRE                       0.002               0.035      0.19              1.18               18.9          84137.9              15632                      184                      2947         1   374455                         4.2                       0.8
EU-OIL                    6.099              97.583    306.30              1.99               31.9             42.4              12993                      258                      4139         1   374455                         3.5                       1.1
IRON                      3.928              62.856    108.20              3.63               58.1             84.1               9103                      330                      5288         1   374455                         2.4                       1.4
CORN                     13.227             211.633    633.50              2.09               33.4             42.1              26650                      556                      8903         1   374455                         7.1                       2.4
CRUDE_W_mini              2.482              39.713    101.38              2.45               39.2            420.7              42647                     1044                     16706         1   374455                        11.4                       4.5

Sum of abs(notional exposure % capital) 107.9
Sum of abs(annualised risk % capital) 22.5
Net sum of annualised risk % capital -1.1 

==============================================================================================================================================================
                                                                         Correlations                                                                         
==============================================================================================================================================================

              CORN  KR10   BRE   EUR  GOLD_micro  SILVER  DJSTX-SMALL   DOW  KOSDAQ  NASDAQ_micro  NIKKEI400  RUSSELL  SP500_micro  CRUDE_W_mini  EU-OIL  IRON
CORN          1.00  0.08  0.15  0.07        0.26    0.23         0.09  0.12    0.15          0.07       0.08     0.08         0.08          0.25    0.16  0.15
KR10          0.08  1.00  0.08 -0.02        0.04    0.01         0.27  0.26    0.16          0.25       0.22     0.23         0.27          0.16    0.11  0.07
BRE           0.15  0.08  1.00  0.36        0.35    0.36         0.34  0.35    0.33          0.31       0.31     0.39         0.35          0.32    0.38  0.32
EUR           0.07 -0.02  0.36  1.00        0.33    0.34         0.33  0.31    0.28          0.29       0.27     0.32         0.31          0.16    0.29  0.25
GOLD_micro    0.26  0.04  0.35  0.33        1.00    0.56         0.17  0.19    0.25          0.20       0.13     0.23         0.19          0.24    0.18  0.21
SILVER        0.23  0.01  0.36  0.34        0.56    1.00         0.23  0.24    0.31          0.25       0.18     0.30         0.25          0.31    0.25  0.26
DJSTX-SMALL   0.09  0.27  0.34  0.33        0.17    0.23         1.00  0.55    0.44          0.49       0.48     0.53         0.54          0.22    0.38  0.23
DOW           0.12  0.26  0.35  0.31        0.19    0.24         0.55  1.00    0.41          0.55       0.49     0.56         0.60          0.30    0.36  0.34
KOSDAQ        0.15  0.16  0.33  0.28        0.25    0.31         0.44  0.41    1.00          0.40       0.40     0.41         0.42          0.35    0.40  0.27
NASDAQ_micro  0.07  0.25  0.31  0.29        0.20    0.25         0.49  0.55    0.40          1.00       0.47     0.55         0.60          0.22    0.26  0.28
NIKKEI400     0.08  0.22  0.31  0.27        0.13    0.18         0.48  0.49    0.40          0.47       1.00     0.51         0.50          0.29    0.37  0.24
RUSSELL       0.08  0.23  0.39  0.32        0.23    0.30         0.53  0.56    0.41          0.55       0.51     1.00         0.57          0.31    0.37  0.32
SP500_micro   0.08  0.27  0.35  0.31        0.19    0.25         0.54  0.60    0.42          0.60       0.50     0.57         1.00          0.28    0.33  0.32
CRUDE_W_mini  0.25  0.16  0.32  0.16        0.24    0.31         0.22  0.30    0.35          0.22       0.29     0.31         0.28          1.00    0.47  0.31
EU-OIL        0.16  0.11  0.38  0.29        0.18    0.25         0.38  0.36    0.40          0.26       0.37     0.37         0.33          0.47    1.00  0.30
IRON          0.15  0.07  0.32  0.25        0.21    0.26         0.23  0.34    0.27          0.28       0.24     0.32         0.32          0.31    0.30  1.00


********************************************************************************
                                 END OF REPORT                                  
********************************************************************************


