
********************************************************************************
                    Risk report produced on 28/11/2023 22:51                    
********************************************************************************


Total risk across all strategies, annualised percentage 7.7
Percentage of capital used for margin 57.0%

========================================
Risk per strategy, annualised percentage
========================================

                  risk
dynamic_TF_carry   7.7


===================
Risk by asset class
===================

Ags       2.8
Bond      1.7
Equity    0.9
FX        4.0
Metals    1.3
OilGas    5.2
Sector    1.7
Vol       1.8
dtype: float64


=====================================================
Beta loadings of asset class positions on asset class
=====================================================

Bond     -0.37
FX       -0.09
OilGas   -0.08
Vol      -0.04
Ags       0.00
Equity    0.01
Metals    0.05
Sector    0.08
dtype: float64


========================================================
Beta loadings of full portfolio positions on asset class
========================================================

Bond     -0.76
FX       -0.10
Vol      -0.07
OilGas   -0.04
Metals    0.03
Ags       0.07
Sector    0.16
Equity    0.18
dtype: float64


=================================================================================================================================================================================================================================================================
                                                                                                                         Instrument risk                                                                                                                         
=================================================================================================================================================================================================================================================================

             daily_price_stdev  annual_price_stdev     price  daily_perc_stdev  annual_perc_stdev  point_size_base  contract_exposure  daily_risk_per_contract  annual_risk_per_contract  position  capital  exposure_held_perc_capital  annual_risk_perc_capital
GAS-PEN                  0.123               1.971      2.90              4.25               68.0           7919.6              22951                      975                     15609        -1   366233                        -6.3                      -4.3
JPY                      0.000               0.001      0.01              0.59                9.5        9899500.3              67326                      397                      6363        -2   366233                       -36.8                      -3.5
LIVECOW                  1.857              29.706    173.00              1.07               17.2            316.8              54803                      588                      9410        -1   366233                       -15.0                      -2.6
VIX                      0.521               8.335     16.35              3.19               51.0            792.0              12948                      412                      6600        -1   366233                        -3.5                      -1.8
BOBL                     0.339               5.418    117.22              0.29                4.6            866.9             101621                      293                      4697        -1   366233                       -27.7                      -1.3
GAS_US_mini              0.126               2.012      2.80              4.49               71.9           1979.9               5543                      248                      3983        -1   366233                        -1.5                      -1.1
US2                      0.150               2.394    102.16              0.15                2.3           1583.9             161813                      236                      3791        -1   366233                       -44.2                      -1.0
RUSSELL                 26.697             427.160   1798.10              1.48               23.8              4.0               7120                      105                      1691        -1   366233                        -1.9                      -0.5
DOW                    255.955            4095.288  35447.00              0.72               11.6              0.4              14036                      101                      1621        -1   366233                        -3.8                      -0.4
KOSDAQ                  27.727             443.635   1286.70              2.15               34.5              6.1               7901                      170                      2724         1   366233                         2.2                       0.7
NIKKEI                 326.293            5220.694  33335.00              0.98               15.7              0.5              17795                      174                      2786         1   366233                         4.9                       0.8
IRON                     2.255              36.087    126.10              1.79               28.6             79.2               9986                      178                      2857         1   366233                         2.7                       0.8
CNH                      0.019               0.307      7.13              0.27                4.3          11063.1              78897                      212                      3392         1   366233                        21.5                       0.9
BITCOIN               1011.086           16177.372  36045.00              2.77               44.3              0.1               2854                       80                      1281         3   366233                         2.3                       1.0
MXP                      0.000               0.006      0.06              0.66               10.5         395980.0              23026                      151                      2425         2   366233                        12.6                       1.3
KR10                     0.567               9.072    110.43              0.51                8.2            614.1              67811                      348                      5570         1   366233                        18.5                       1.5
EU-OIL                   4.559              72.940    357.60              1.27               20.4             43.3              15500                      197                      3161         2   366233                         8.5                       1.7
LEANHOG                  1.442              23.080     68.97              2.09               33.5            316.8              21850                      456                      7311         1   366233                         6.0                       2.0

Sum of abs(notional exposure % capital) 219.9
Sum of abs(annualised risk % capital) 27.2
Net sum of annualised risk % capital -5.8 

===================================================================================================================================================
                                                                   Correlations                                                                    
===================================================================================================================================================

              CNH   VIX  BITCOIN  BOBL   JPY  KR10   US2  EU-OIL  GAS-PEN  GAS_US_mini  LEANHOG  LIVECOW   DOW   MXP  NIKKEI  RUSSELL  IRON  KOSDAQ
CNH          1.00  0.19    -0.17 -0.39 -0.49 -0.60 -0.46   -0.04     0.25         0.24    -0.10     0.16 -0.30 -0.16   -0.11    -0.28 -0.31   -0.22
VIX          0.19  1.00    -0.18 -0.14 -0.02 -0.32  0.04   -0.29    -0.16        -0.19    -0.25    -0.23 -0.69 -0.50   -0.64    -0.69 -0.10   -0.42
BITCOIN     -0.17 -0.18     1.00  0.29  0.07  0.22  0.22   -0.10    -0.00         0.07    -0.14    -0.15  0.26  0.05    0.07     0.18  0.04    0.08
BOBL        -0.39 -0.14     0.29  1.00  0.35  0.56  0.65   -0.08     0.04         0.05     0.03    -0.12  0.30  0.10    0.04     0.23 -0.02    0.02
JPY         -0.49 -0.02     0.07  0.35  1.00  0.44  0.48   -0.12    -0.22        -0.21    -0.04    -0.07  0.09  0.11   -0.26     0.11  0.13    0.08
KR10        -0.60 -0.32     0.22  0.56  0.44  1.00  0.54    0.03    -0.09        -0.12     0.07    -0.13  0.39  0.17    0.19     0.30  0.13    0.25
US2         -0.46  0.04     0.22  0.65  0.48  0.54  1.00   -0.16    -0.05        -0.04     0.16    -0.22  0.13 -0.01   -0.11     0.07 -0.04   -0.11
EU-OIL      -0.04 -0.29    -0.10 -0.08 -0.12  0.03 -0.16    1.00     0.22         0.29     0.16     0.17  0.45  0.16    0.44     0.42  0.15    0.22
GAS-PEN      0.25 -0.16    -0.00  0.04 -0.22 -0.09 -0.05    0.22     1.00         0.88     0.16     0.17  0.08 -0.01    0.12     0.07 -0.10   -0.18
GAS_US_mini  0.24 -0.19     0.07  0.05 -0.21 -0.12 -0.04    0.29     0.88         1.00     0.15     0.19  0.15  0.10    0.17     0.14 -0.06   -0.15
LEANHOG     -0.10 -0.25    -0.14  0.03 -0.04  0.07  0.16    0.16     0.16         0.15     1.00     0.29  0.22  0.23    0.24     0.22  0.07   -0.06
LIVECOW      0.16 -0.23    -0.15 -0.12 -0.07 -0.13 -0.22    0.17     0.17         0.19     0.29     1.00  0.20  0.30    0.21     0.27 -0.00   -0.09
DOW         -0.30 -0.69     0.26  0.30  0.09  0.39  0.13    0.45     0.08         0.15     0.22     0.20  1.00  0.49    0.71     0.86  0.08    0.44
MXP         -0.16 -0.50     0.05  0.10  0.11  0.17 -0.01    0.16    -0.01         0.10     0.23     0.30  0.49  1.00    0.43     0.43  0.15    0.26
NIKKEI      -0.11 -0.64     0.07  0.04 -0.26  0.19 -0.11    0.44     0.12         0.17     0.24     0.21  0.71  0.43    1.00     0.70  0.13    0.35
RUSSELL     -0.28 -0.69     0.18  0.23  0.11  0.30  0.07    0.42     0.07         0.14     0.22     0.27  0.86  0.43    0.70     1.00  0.12    0.42
IRON        -0.31 -0.10     0.04 -0.02  0.13  0.13 -0.04    0.15    -0.10        -0.06     0.07    -0.00  0.08  0.15    0.13     0.12  1.00    0.24
KOSDAQ      -0.22 -0.42     0.08  0.02  0.08  0.25 -0.11    0.22    -0.18        -0.15    -0.06    -0.09  0.44  0.26    0.35     0.42  0.24    1.00


********************************************************************************
                                 END OF REPORT                                  
********************************************************************************


