
********************************************************************************
                    Risk report produced on 27/03/2026 22:54                    
********************************************************************************


Total risk across all strategies, annualised percentage 9.2
Percentage of capital used for margin 34.6%

========================================
Risk per strategy, annualised percentage
========================================

                  risk
dynamic_TF_carry   9.2


===================
Risk by asset class
===================

Ags       1.2
Bond      1.6
Equity    3.3
FX        3.2
Metals    3.2
OilGas    4.9
Vol       0.1
dtype: float64


=====================================================
Beta loadings of asset class positions on asset class
=====================================================

Bond     -0.28
Equity   -0.10
Metals   -0.10
FX       -0.02
Vol      -0.00
Ags       0.01
OilGas    0.07
dtype: float64


========================================================
Beta loadings of full portfolio positions on asset class
========================================================

Bond     -0.62
FX       -0.40
Metals   -0.09
Equity   -0.05
Vol       0.01
Ags       0.08
OilGas    0.08
dtype: float64


==================================================================================================================================================================================================================================================================
                                                                                                                         Instrument risk                                                                                                                          
==================================================================================================================================================================================================================================================================

              daily_price_stdev  annual_price_stdev     price  daily_perc_stdev  annual_perc_stdev  point_size_base  contract_exposure  daily_risk_per_contract  annual_risk_per_contract  position  capital  exposure_held_perc_capital  annual_risk_perc_capital
BITCOIN                2464.136           39426.182  66240.00              3.72               59.5              0.1               4967                      184                      2956        -5   685391                        -3.6                      -2.2
NASDAQ_micro            287.596            4601.530  23290.25              1.23               19.8              1.5              34932                      431                      6901        -2   685391                       -10.2                      -2.0
GOLD_micro               94.522            1512.358   4538.30              2.08               33.3              7.5              34034                      708                     11341        -1   685391                        -5.0                      -1.7
JPY                       0.000               0.001      0.01              0.60                9.5        9374320.4              58912                      351                      5625        -2   685391                       -17.2                      -1.6
SP500_micro              61.080             977.276   6407.50              0.95               15.3              3.7              24026                      229                      3664        -3   685391                       -10.5                      -1.6
CHF                       0.007               0.107      1.26              0.53                8.5          93743.2             118360                      626                     10029        -1   685391                       -17.3                      -1.5
KR10                      0.492               7.876    108.30              0.45                7.3            499.6              54102                      245                      3934        -2   685391                       -15.8                      -1.1
LEANHOG                   1.072              17.149    108.70              0.99               15.8            300.0              32607                      321                      5144        -1   685391                        -4.8                      -0.8
US10                      0.379               6.057    110.20              0.34                5.5            749.9              82646                      283                      4542        -1   685391                       -12.1                      -0.7
GAS_US_mini               0.143               2.283      3.02              4.72               75.5           1874.9               5671                      267                      4280        -1   685391                        -0.8                      -0.6
COPPER-micro              0.112               1.794      5.52              2.03               32.5           1874.9              10346                      210                      3364        -1   685391                        -1.5                      -0.5
EUR_micro                 0.005               0.085      1.16              0.46                7.4           9374.3              10836                       49                       797        -4   685391                        -6.3                      -0.5
HANGENT_mini            135.124            2161.990   8484.00              1.59               25.5              1.0               8123                      129                      2070        -1   685391                        -1.2                      -0.3
V2X                       0.545               8.715     26.10              2.09               33.4             86.5               2257                       47                       753        -1   685391                        -0.3                      -0.1
MUMMY                    13.696             219.139    708.00              1.93               31.0              4.7               3323                       64                      1028         1   685391                         0.5                       0.2
BRE                       0.002               0.025      0.19              0.83               13.2          74994.6              14305                      118                      1890         1   685391                         2.1                       0.3
AUD_micro                 0.004               0.069      0.69              0.63               10.1           7499.5               5149                       32                       520         5   685391                         3.8                       0.4
IBEX_mini               212.304            3396.864  16815.00              1.26               20.2              0.9              14545                      183                      2938         1   685391                         2.1                       0.4
FTSECHINAA              150.568            2409.086  14663.00              1.03               16.4              0.7              10996                      112                      1806         2   685391                         3.2                       0.5
ZAR                       0.001               0.010      0.06              1.09               17.4         374972.8              21748                      236                      3779         1   685391                         3.2                       0.6
NZD                       0.004               0.065      0.58              0.70               11.2          74994.6              43204                      303                      4851         1   685391                         6.3                       0.7
MXP                       0.000               0.007      0.05              0.75               12.1         374972.8              20552                      154                      2478         2   685391                         6.0                       0.7
GBP                       0.007               0.107      1.33              0.50                8.0          46871.6              62207                      312                      5000         1   685391                         9.1                       0.7
YENEUR                    0.711              11.373    183.92              0.39                6.2            586.8             107925                      417                      6673         1   685391                        15.7                       1.0
SOYOIL                    0.947              15.150     67.25              1.41               22.5            450.0              30260                      426                      6816         1   685391                         4.4                       1.0
KOSPI_mini               22.509             360.145    803.40              2.80               44.8             25.0              20067                      562                      8995         1   685391                         2.9                       1.3
GASOILINE                 0.067               1.074      2.96              2.27               36.3          31497.7              93245                     2113                     33817         1   685391                        13.6                       4.9

Sum of abs(notional exposure % capital) 179.5
Sum of abs(annualised risk % capital) 27.9
Net sum of annualised risk % capital -2.5 

=====================================================================================================================================================================================================================================================================
                                                                                                                            Correlations                                                                                                                             
=====================================================================================================================================================================================================================================================================

              GASOILINE  GAS_US_mini  SOYOIL  YENEUR   V2X  BITCOIN  FTSECHINAA  IBEX_mini  KOSPI_mini  LEANHOG  MUMMY  NASDAQ_micro  SP500_micro  AUD_micro   BRE  COPPER-micro   GBP  HANGENT_mini   MXP   NZD   ZAR   CHF  EUR_micro  GOLD_micro   JPY  KR10  US10
GASOILINE          1.00         0.14    0.43   -0.02  0.11     0.14        0.12       0.02        0.17     0.11   0.26          0.03        -0.02       0.04  0.13         -0.09 -0.33          0.04 -0.19 -0.19 -0.29 -0.39      -0.44       -0.09 -0.31 -0.07 -0.24
GAS_US_mini        0.14         1.00    0.18   -0.04  0.16     0.12        0.02      -0.16        0.03    -0.18  -0.04          0.14         0.03       0.23  0.31         -0.07  0.01          0.12 -0.03  0.12 -0.01  0.02       0.02        0.26  0.04 -0.20 -0.03
SOYOIL             0.43         0.18    1.00    0.10 -0.02     0.05        0.07      -0.06        0.05     0.10   0.15          0.10         0.10       0.16  0.33          0.07 -0.05         -0.02 -0.01  0.12 -0.12 -0.13      -0.16        0.06 -0.20 -0.20 -0.17
YENEUR            -0.02        -0.04    0.10    1.00 -0.03     0.05        0.16       0.10        0.15     0.11   0.16          0.01         0.03      -0.03  0.12          0.28  0.06          0.02  0.27 -0.04  0.12 -0.15       0.06       -0.05 -0.66 -0.31 -0.32
V2X                0.11         0.16   -0.02   -0.03  1.00    -0.25       -0.24      -0.64       -0.36    -0.29  -0.25         -0.44        -0.55      -0.33 -0.27         -0.28 -0.34         -0.16 -0.30 -0.39 -0.44 -0.06      -0.19       -0.11 -0.11 -0.06 -0.20
BITCOIN            0.14         0.12    0.05    0.05 -0.25     1.00        0.07       0.12        0.08     0.07   0.05          0.50         0.44       0.10  0.13          0.21  0.17          0.27  0.01  0.13  0.18 -0.04       0.05        0.19 -0.01  0.16 -0.07
FTSECHINAA         0.12         0.02    0.07    0.16 -0.24     0.07        1.00       0.31        0.26     0.15   0.27          0.20         0.23       0.29  0.24          0.27  0.18          0.54  0.17  0.18  0.21  0.00       0.03       -0.02 -0.11 -0.02 -0.01
IBEX_mini          0.02        -0.16   -0.06    0.10 -0.64     0.12        0.31       1.00        0.47     0.30   0.37          0.14         0.30       0.30  0.27          0.34  0.36          0.33  0.26  0.30  0.44  0.10       0.20        0.16  0.07 -0.03  0.25
KOSPI_mini         0.17         0.03    0.05    0.15 -0.36     0.08        0.26       0.47        1.00     0.15   0.28          0.38         0.36       0.44  0.42          0.20  0.21          0.45  0.41  0.31  0.46  0.05       0.13        0.22 -0.04 -0.07  0.04
LEANHOG            0.11        -0.18    0.10    0.11 -0.29     0.07        0.15       0.30        0.15     1.00   0.30         -0.01         0.10       0.19  0.05          0.15  0.16          0.02  0.14  0.24  0.11  0.03       0.05        0.17 -0.05 -0.05  0.07
MUMMY              0.26        -0.04    0.15    0.16 -0.25     0.05        0.27       0.37        0.28     0.30   1.00          0.08         0.14       0.12  0.11          0.14  0.10          0.15  0.12  0.03  0.09 -0.11      -0.13        0.09 -0.22 -0.01  0.07
NASDAQ_micro       0.03         0.14    0.10    0.01 -0.44     0.50        0.20       0.14        0.38    -0.01   0.08          1.00         0.94       0.40  0.38          0.28  0.18          0.37  0.26  0.29  0.38 -0.00       0.02        0.20 -0.02  0.04 -0.04
SP500_micro       -0.02         0.03    0.10    0.03 -0.55     0.44        0.23       0.30        0.36     0.10   0.14          0.94         1.00       0.40  0.42          0.35  0.22          0.36  0.31  0.33  0.42  0.01       0.04        0.18 -0.02  0.03  0.10
AUD_micro          0.04         0.23    0.16   -0.03 -0.33     0.10        0.29       0.30        0.44     0.19   0.12          0.40         0.40       1.00  0.56          0.49  0.67          0.50  0.45  0.87  0.67  0.58       0.61        0.59  0.47  0.08  0.22
BRE                0.13         0.31    0.33    0.12 -0.27     0.13        0.24       0.27        0.42     0.05   0.11          0.38         0.42       0.56  1.00          0.30  0.37          0.48  0.48  0.47  0.48  0.18       0.32        0.27  0.14 -0.07  0.15
COPPER-micro      -0.09        -0.07    0.07    0.28 -0.28     0.21        0.27       0.34        0.20     0.15   0.14          0.28         0.35       0.49  0.30          1.00  0.47          0.29  0.37  0.46  0.55  0.29       0.40        0.36  0.09 -0.04  0.09
GBP               -0.33         0.01   -0.05    0.06 -0.34     0.17        0.18       0.36        0.21     0.16   0.10          0.18         0.22       0.67  0.37          0.47  1.00          0.47  0.47  0.79  0.66  0.72       0.81        0.52  0.55  0.19  0.36
HANGENT_mini       0.04         0.12   -0.02    0.02 -0.16     0.27        0.54       0.33        0.45     0.02   0.15          0.37         0.36       0.50  0.48          0.29  0.47          1.00  0.47  0.43  0.53  0.33       0.39        0.33  0.25  0.16  0.11
MXP               -0.19        -0.03   -0.01    0.27 -0.30     0.01        0.17       0.26        0.41     0.14   0.12          0.26         0.31       0.45  0.48          0.37  0.47          0.47  1.00  0.47  0.59  0.40       0.52        0.37  0.18 -0.02  0.05
NZD               -0.19         0.12    0.12   -0.04 -0.39     0.13        0.18       0.30        0.31     0.24   0.03          0.29         0.33       0.87  0.47          0.46  0.79          0.43  0.47  1.00  0.66  0.69       0.73        0.54  0.57  0.12  0.31
ZAR               -0.29        -0.01   -0.12    0.12 -0.44     0.18        0.21       0.44        0.46     0.11   0.09          0.38         0.42       0.67  0.48          0.55  0.66          0.53  0.59  0.66  1.00  0.53       0.62        0.56  0.37  0.14  0.20
CHF               -0.39         0.02   -0.13   -0.15 -0.06    -0.04        0.00       0.10        0.05     0.03  -0.11         -0.00         0.01       0.58  0.18          0.29  0.72          0.33  0.40  0.69  0.53  1.00       0.85        0.58  0.74  0.32  0.37
EUR_micro         -0.44         0.02   -0.16    0.06 -0.19     0.05        0.03       0.20        0.13     0.05  -0.13          0.02         0.04       0.61  0.32          0.40  0.81          0.39  0.52  0.73  0.62  0.85       1.00        0.49  0.69  0.17  0.30
GOLD_micro        -0.09         0.26    0.06   -0.05 -0.11     0.19       -0.02       0.16        0.22     0.17   0.09          0.20         0.18       0.59  0.27          0.36  0.52          0.33  0.37  0.54  0.56  0.58       0.49        1.00  0.41  0.34  0.34
JPY               -0.31         0.04   -0.20   -0.66 -0.11    -0.01       -0.11       0.07       -0.04    -0.05  -0.22         -0.02        -0.02       0.47  0.14          0.09  0.55          0.25  0.18  0.57  0.37  0.74       0.69        0.41  1.00  0.35  0.45
KR10              -0.07        -0.20   -0.20   -0.31 -0.06     0.16       -0.02      -0.03       -0.07    -0.05  -0.01          0.04         0.03       0.08 -0.07         -0.04  0.19          0.16 -0.02  0.12  0.14  0.32       0.17        0.34  0.35  1.00  0.51
US10              -0.24        -0.03   -0.17   -0.32 -0.20    -0.07       -0.01       0.25        0.04     0.07   0.07         -0.04         0.10       0.22  0.15          0.09  0.36          0.11  0.05  0.31  0.20  0.37       0.30        0.34  0.45  0.51  1.00


********************************************************************************
                                 END OF REPORT                                  
********************************************************************************


