
********************************************************************************
                    Risk report produced on 23/10/2025 22:54                    
********************************************************************************


Total risk across all strategies, annualised percentage 13.7
Percentage of capital used for margin 47.6%

========================================
Risk per strategy, annualised percentage
========================================

                  risk
dynamic_TF_carry  13.7


===================
Risk by asset class
===================

Ags        1.0
Bond       5.1
Equity    10.2
FX         4.2
Metals     2.2
OilGas     4.7
dtype: float64


=====================================================
Beta loadings of asset class positions on asset class
=====================================================

OilGas   -0.15
FX       -0.06
Ags      -0.01
Metals    0.03
Equity    0.86
Bond      0.95
dtype: float64


========================================================
Beta loadings of full portfolio positions on asset class
========================================================

OilGas   -0.16
Ags       0.01
Metals    0.12
FX        0.64
Bond      0.81
Equity    0.90
dtype: float64


===================================================================================================================================================================================================================================================================
                                                                                                                          Instrument risk                                                                                                                          
===================================================================================================================================================================================================================================================================

              daily_price_stdev  annual_price_stdev      price  daily_perc_stdev  annual_perc_stdev  point_size_base  contract_exposure  daily_risk_per_contract  annual_risk_per_contract  position  capital  exposure_held_perc_capital  annual_risk_perc_capital
JPY                       0.000               0.001       0.01              0.61                9.7        9366032.0              61717                      374                      5999        -3   611752                       -30.3                      -2.9
GASOILINE                 0.029               0.463       1.85              1.57               25.1          31469.9              58165                      910                     14574        -1   611752                        -9.5                      -2.4
GAS-PEN                   0.111               1.776       3.33              3.33               53.3           7492.8              24951                      831                     13308        -1   611752                        -4.1                      -2.2
GAS_US_mini               0.105               1.686       4.02              2.62               41.9           1873.2               7530                      197                      3158        -3   611752                        -3.7                      -1.5
NASDAQ_micro            252.614            4041.820   25270.75              1.00               16.0              1.5              37869                      378                      6056        -1   611752                        -6.2                      -1.0
WHEAT                     6.137              98.189     513.00              1.20               19.1             37.5              19219                      229                      3678        -1   611752                        -3.1                      -0.6
SP500_micro              57.993             927.884    6784.75              0.85               13.7              3.7              25418                      217                      3476        -1   611752                        -4.2                      -0.6
RICE                      0.143               2.291      10.50              1.36               21.8           1498.6              15742                      214                      3433        -1   611752                        -2.6                      -0.6
KRWUSD_mini               0.004               0.057       0.70              0.51                8.2          18732.1              13022                       66                      1068        -3   611752                        -6.4                      -0.5
BITCOIN                2642.294           42276.700  111040.00              2.38               38.1              0.1               8320                      197                      3167        -1   611752                        -1.4                      -0.5
DOW                     361.151            5778.423   46969.00              0.77               12.3              0.4              17596                      135                      2164        -1   611752                        -2.9                      -0.4
EUR_micro                 0.004               0.071       1.16              0.38                6.1           9366.0              10911                       41                       663        -1   611752                        -1.8                      -0.1
AUD_micro                 0.003               0.050       0.65              0.48                7.7           7492.8               4886                       23                       375         3   611752                         2.4                       0.2
MXP                       0.000               0.004       0.05              0.47                7.6         374641.3              20264                       95                      1535         1   611752                         3.3                       0.3
BRE                       0.001               0.021       0.19              0.72               11.5          74928.3              13891                       99                      1595         1   611752                         2.3                       0.3
KOSPI_mini                6.009              96.146     539.54              1.11               17.8             26.0              14035                      156                      2501         1   611752                         2.3                       0.4
FTSECHINAA              213.246            3411.929   15147.00              1.41               22.5              0.7              11349                      159                      2556         1   611752                         1.9                       0.4
TOPIX                    37.322             597.158    3257.75              1.15               18.3              4.9              16017                      183                      2936         1   611752                         2.6                       0.5
GBP                       0.005               0.079       1.33              0.37                6.0          46830.2              62401                      232                      3713         1   611752                        10.2                       0.6
US10U                     0.392               6.269     116.45              0.34                5.4            749.3              87256                      293                      4697         1   611752                        14.3                       0.8
LEANHOG                   1.049              16.778      81.88              1.28               20.5            299.7              24539                      314                      5028         1   611752                         4.0                       0.8
NIKKEI                  698.527           11176.427   48720.00              1.43               22.9              0.5              23954                      343                      5495         1   611752                         3.9                       0.9
YENEUR                    0.765              12.237     176.79              0.43                6.9            614.6             108652                      470                      7520         1   611752                        17.8                       1.2
US30                      0.788              12.604     123.12              0.64               10.2            749.3              92255                      590                      9444         1   611752                        15.1                       1.5
OAT                       0.352               5.630     123.01              0.29                4.6            869.2             106922                      305                      4893         2   611752                        35.0                       1.6
SPI200                   51.799             828.781    9052.00              0.57                9.2             12.2             110051                      629                     10076         1   611752                        18.0                       1.6
CAD10                     0.334               5.351     123.18              0.27                4.3            535.4              65946                      179                      2864         4   611752                        43.1                       1.9
MSCIEAFA                 19.877             318.027    2824.90              0.70               11.3             37.5             105832                      744                     11914         1   611752                        17.3                       1.9
SILVER                    1.130              18.080      48.77              2.32               37.1            749.3              36542                      846                     13546         1   611752                         6.0                       2.2
AEX                       8.202             131.230     972.30              0.84               13.5            173.8             169028                     1425                     22813         1   611752                        27.6                       3.7
MIB                     354.821            5677.137   42080.00              0.84               13.5              4.3             182883                     1542                     24673         1   611752                        29.9                       4.0

Sum of abs(notional exposure % capital) 333.2
Sum of abs(annualised risk % capital) 38.1
Net sum of annualised risk % capital 11.5 

=======================================================================================================================================================================================================================================================================================
                                                                                                                                     Correlations                                                                                                                                      
=======================================================================================================================================================================================================================================================================================

               AEX  AUD_micro  BITCOIN   DOW  KOSPI_mini   MIB  MSCIEAFA  NASDAQ_micro  NIKKEI  SP500_micro  SPI200  TOPIX   BRE  FTSECHINAA  GASOILINE  LEANHOG   MXP  SILVER  YENEUR  GAS-PEN  GAS_US_mini  RICE  WHEAT  EUR_micro   GBP  KRWUSD_mini  CAD10   JPY   OAT  US10U  US30
AEX           1.00       0.48     0.42  0.69        0.66  0.79      0.74          0.76    0.62         0.76    0.65   0.59  0.37        0.42       0.38     0.14  0.31    0.41    0.20     0.08         0.20 -0.10  -0.01      -0.18  0.24         0.12   0.10 -0.30  0.09  -0.01  0.15
AUD_micro     0.48       1.00     0.33  0.58        0.44  0.55      0.79          0.57    0.36         0.62    0.52   0.40  0.56        0.45       0.32     0.31  0.51    0.51    0.14     0.01         0.14  0.05   0.21       0.49  0.66         0.56   0.24  0.24  0.09   0.19  0.26
BITCOIN       0.42       0.33     1.00  0.46        0.24  0.42      0.41          0.56    0.37         0.55    0.49   0.39  0.26        0.18       0.16     0.13  0.24    0.21    0.19     0.06         0.16  0.10  -0.08      -0.07  0.18         0.02   0.04 -0.22  0.04  -0.14 -0.09
DOW           0.69       0.58     0.46  1.00        0.52  0.74      0.75          0.83    0.54         0.93    0.74   0.58  0.44        0.41       0.34     0.38  0.31    0.39    0.09     0.03         0.14 -0.20  -0.05      -0.08  0.29         0.13   0.15 -0.13  0.09   0.10  0.23
KOSPI_mini    0.66       0.44     0.24  0.52        1.00  0.58      0.56          0.60    0.68         0.59    0.51   0.62  0.49        0.42       0.28     0.11  0.39    0.20    0.38     0.21         0.30 -0.12   0.01       0.05  0.28         0.21  -0.04 -0.30 -0.09   0.05  0.15
MIB           0.79       0.55     0.42  0.74        0.58  1.00      0.85          0.72    0.61         0.79    0.69   0.68  0.47        0.46       0.41     0.24  0.41    0.40    0.22     0.01         0.16 -0.05   0.05      -0.01  0.38         0.16   0.08 -0.19 -0.01   0.04  0.17
MSCIEAFA      0.74       0.79     0.41  0.75        0.56  0.85      1.00          0.71    0.58         0.77    0.72   0.64  0.49        0.46       0.30     0.27  0.49    0.49    0.17    -0.05         0.08 -0.03   0.05       0.30  0.66         0.45   0.27  0.07  0.17   0.20  0.30
NASDAQ_micro  0.76       0.57     0.56  0.83        0.60  0.72      0.71          1.00    0.63         0.97    0.73   0.65  0.47        0.42       0.36     0.28  0.41    0.38    0.26     0.07         0.18 -0.14  -0.05      -0.12  0.29         0.08   0.04 -0.30  0.02  -0.05  0.09
NIKKEI        0.62       0.36     0.37  0.54        0.68  0.61      0.58          0.63    1.00         0.61    0.55   0.92  0.37        0.36       0.25     0.05  0.31    0.13    0.49     0.16         0.22 -0.17  -0.09      -0.06  0.31         0.12  -0.02 -0.44 -0.11  -0.09  0.03
SP500_micro   0.76       0.62     0.55  0.93        0.59  0.79      0.77          0.97    0.61         1.00    0.78   0.65  0.50        0.45       0.41     0.35  0.40    0.42    0.20     0.06         0.18 -0.15  -0.05      -0.11  0.30         0.11   0.10 -0.24  0.05   0.03  0.17
SPI200        0.65       0.52     0.49  0.74        0.51  0.69      0.72          0.73    0.55         0.78    1.00   0.62  0.41        0.28       0.35     0.22  0.38    0.43    0.08     0.00         0.08 -0.02  -0.10      -0.11  0.27         0.21   0.13 -0.17  0.21   0.12  0.20
TOPIX         0.59       0.40     0.39  0.58        0.62  0.68      0.64          0.65    0.92         0.65    0.62   1.00  0.39        0.43       0.29     0.12  0.34    0.15    0.44     0.19         0.25 -0.16  -0.14      -0.09  0.33         0.09  -0.00 -0.43 -0.12  -0.10  0.01
BRE           0.37       0.56     0.26  0.44        0.49  0.47      0.49          0.47    0.37         0.50    0.41   0.39  1.00        0.43       0.39     0.40  0.58    0.28    0.27     0.17         0.28 -0.09   0.17       0.21  0.34         0.16   0.15 -0.07 -0.05   0.20  0.27
FTSECHINAA    0.42       0.45     0.18  0.41        0.42  0.46      0.46          0.42    0.36         0.45    0.28   0.43  0.43        1.00       0.35     0.31  0.39    0.24    0.26     0.07         0.15 -0.18   0.28       0.10  0.27         0.10  -0.06 -0.12 -0.18  -0.09 -0.03
GASOILINE     0.38       0.32     0.16  0.34        0.28  0.41      0.30          0.36    0.25         0.41    0.35   0.29  0.39        0.35       1.00     0.26  0.27    0.32    0.20     0.13         0.26 -0.04   0.16      -0.18 -0.06        -0.00  -0.19 -0.30 -0.23  -0.18 -0.09
LEANHOG       0.14       0.31     0.13  0.38        0.11  0.24      0.27          0.28    0.05         0.35    0.22   0.12  0.40        0.31       0.26     1.00  0.26    0.22    0.03    -0.02         0.05  0.13   0.24       0.15  0.13         0.12  -0.07  0.11 -0.14  -0.06 -0.01
MXP           0.31       0.51     0.24  0.31        0.39  0.41      0.49          0.41    0.31         0.40    0.38   0.34  0.58        0.39       0.27     0.26  1.00    0.41    0.44    -0.06         0.02 -0.12   0.19       0.40  0.43         0.26  -0.04 -0.07  0.01  -0.03  0.02
SILVER        0.41       0.51     0.21  0.39        0.20  0.40      0.49          0.38    0.13         0.42    0.43   0.15  0.28        0.24       0.32     0.22  0.41    1.00    0.21    -0.10         0.02  0.02   0.19       0.16  0.27         0.10   0.08 -0.05  0.12   0.05  0.09
YENEUR        0.20       0.14     0.19  0.09        0.38  0.22      0.17          0.26    0.49         0.20    0.08   0.44  0.27        0.26       0.20     0.03  0.44    0.21    1.00     0.10         0.16 -0.11   0.00       0.13  0.17        -0.13  -0.44 -0.70 -0.49  -0.43 -0.37
GAS-PEN       0.08       0.01     0.06  0.03        0.21  0.01     -0.05          0.07    0.16         0.06    0.00   0.19  0.17        0.07       0.13    -0.02 -0.06   -0.10    0.10     1.00         0.95 -0.06   0.04      -0.19 -0.13        -0.01   0.05 -0.22 -0.15   0.07  0.07
GAS_US_mini   0.20       0.14     0.16  0.14        0.30  0.16      0.08          0.18    0.22         0.18    0.08   0.25  0.28        0.15       0.26     0.05  0.02    0.02    0.16     0.95         1.00 -0.06   0.10      -0.18 -0.07         0.01   0.02 -0.26 -0.19   0.05  0.06
RICE         -0.10       0.05     0.10 -0.20       -0.12 -0.05     -0.03         -0.14   -0.17        -0.15   -0.02  -0.16 -0.09       -0.18      -0.04     0.13 -0.12    0.02   -0.11    -0.06        -0.06  1.00   0.12       0.18  0.05         0.27  -0.08  0.20 -0.14  -0.15 -0.17
WHEAT        -0.01       0.21    -0.08 -0.05        0.01  0.05      0.05         -0.05   -0.09        -0.05   -0.10  -0.14  0.17        0.28       0.16     0.24  0.19    0.19    0.00     0.04         0.10  0.12   1.00       0.31  0.13         0.27  -0.13  0.21 -0.04  -0.09 -0.12
EUR_micro    -0.18       0.49    -0.07 -0.08        0.05 -0.01      0.30         -0.12   -0.06        -0.11   -0.11  -0.09  0.21        0.10      -0.18     0.15  0.40    0.16    0.13    -0.19        -0.18  0.18   0.31       1.00  0.76         0.52   0.20  0.59  0.04   0.25  0.17
GBP           0.24       0.66     0.18  0.29        0.28  0.38      0.66          0.29    0.31         0.30    0.27   0.33  0.34        0.27      -0.06     0.13  0.43    0.27    0.17    -0.13        -0.07  0.05   0.13       0.76  1.00         0.47   0.40  0.40  0.17   0.31  0.27
KRWUSD_mini   0.12       0.56     0.02  0.13        0.21  0.16      0.45          0.08    0.12         0.11    0.21   0.09  0.16        0.10      -0.00     0.12  0.26    0.10   -0.13    -0.01         0.01  0.27   0.27       0.52  0.47         1.00   0.18  0.48  0.19   0.16  0.14
CAD10         0.10       0.24     0.04  0.15       -0.04  0.08      0.27          0.04   -0.02         0.10    0.13  -0.00  0.15       -0.06      -0.19    -0.07 -0.04    0.08   -0.44     0.05         0.02 -0.08  -0.13       0.20  0.40         0.18   1.00  0.49  0.64   0.77  0.74
JPY          -0.30       0.24    -0.22 -0.13       -0.30 -0.19      0.07         -0.30   -0.44        -0.24   -0.17  -0.43 -0.07       -0.12      -0.30     0.11 -0.07   -0.05   -0.70    -0.22        -0.26  0.20   0.21       0.59  0.40         0.48   0.49  1.00  0.40   0.51  0.40
OAT           0.09       0.09     0.04  0.09       -0.09 -0.01      0.17          0.02   -0.11         0.05    0.21  -0.12 -0.05       -0.18      -0.23    -0.14  0.01    0.12   -0.49    -0.15        -0.19 -0.14  -0.04       0.04  0.17         0.19   0.64  0.40  1.00   0.58  0.56
US10U        -0.01       0.19    -0.14  0.10        0.05  0.04      0.20         -0.05   -0.09         0.03    0.12  -0.10  0.20       -0.09      -0.18    -0.06 -0.03    0.05   -0.43     0.07         0.05 -0.15  -0.09       0.25  0.31         0.16   0.77  0.51  0.58   1.00  0.95
US30          0.15       0.26    -0.09  0.23        0.15  0.17      0.30          0.09    0.03         0.17    0.20   0.01  0.27       -0.03      -0.09    -0.01  0.02    0.09   -0.37     0.07         0.06 -0.17  -0.12       0.17  0.27         0.14   0.74  0.40  0.56   0.95  1.00


********************************************************************************
                                 END OF REPORT                                  
********************************************************************************


