
********************************************************************************
                    Risk report produced on 01/10/2025 22:53                    
********************************************************************************


Total risk across all strategies, annualised percentage 17.2
Percentage of capital used for margin 48.6%

========================================
Risk per strategy, annualised percentage
========================================

                  risk
dynamic_TF_carry  17.2


===================
Risk by asset class
===================

Ags        4.6
Bond       1.2
Equity    10.6
FX         2.6
Metals     4.8
OilGas     2.1
dtype: float64


=====================================================
Beta loadings of asset class positions on asset class
=====================================================

OilGas   -0.06
Ags       0.23
Metals    0.24
Bond      0.28
FX        0.28
Equity    0.90
dtype: float64


========================================================
Beta loadings of full portfolio positions on asset class
========================================================

OilGas   -0.07
Bond      0.08
Metals    0.46
Ags       0.55
Equity    1.09
FX        1.61
dtype: float64


====================================================================================================================================================================================================================================================================
                                                                                                                          Instrument risk                                                                                                                           
====================================================================================================================================================================================================================================================================

               daily_price_stdev  annual_price_stdev      price  daily_perc_stdev  annual_perc_stdev  point_size_base  contract_exposure  daily_risk_per_contract  annual_risk_per_contract  position  capital  exposure_held_perc_capital  annual_risk_perc_capital
JPY                        0.000               0.001       0.01              0.53                8.5        9288569.9              63626                      338                      5422        -2   602787                       -21.1                      -1.8
GAS-PEN                    0.087               1.398       3.48              2.51               40.2           7430.9              25822                      649                     10385        -1   602787                        -4.3                      -1.7
DAX                      183.010            2928.156   24234.00              0.76               12.1              0.9              21166                      159                      2557        -4   602787                       -14.0                      -1.7
DX                         0.407               6.514      97.37              0.42                6.7            743.1              72354                      302                      4840        -2   602787                       -24.0                      -1.6
BITCOIN                 2492.057           39872.907  118245.00              2.11               33.7              0.1               8786                      185                      2962        -2   602787                        -2.9                      -1.0
WHEAT                      6.758             108.127     510.00              1.33               21.2             37.2              18948                      251                      4017        -1   602787                        -3.1                      -0.7
RICE                       0.154               2.468      11.35              1.36               21.7           1486.2              16868                      229                      3668        -1   602787                        -2.8                      -0.6
KRWUSD_mini                0.003               0.055       0.71              0.49                7.8          18577.1              13204                       64                      1030        -3   602787                        -6.6                      -0.5
GAS_US_mini                0.091               1.459       3.47              2.63               42.1           1857.7               6446                      169                      2710        -1   602787                        -1.1                      -0.4
CRUDE_W_micro              1.018              16.289      61.57              1.65               26.5             74.3               4575                       75                      1210         1   602787                         0.8                       0.2
BRE                        0.001               0.017       0.19              0.56                9.0          74308.6              13988                       78                      1258         1   602787                         2.3                       0.2
MXP                        0.000               0.004       0.05              0.46                7.3         371542.8              20070                       91                      1465         1   602787                         3.3                       0.2
RUSSELL                   24.743             395.894    2460.20              1.01               16.1              3.7               9140                       91                      1470         1   602787                         1.5                       0.2
CAD10                      0.371               5.940     122.34              0.30                4.9            534.0              65334                      198                      3172         1   602787                        10.8                       0.5
GOLD_micro                28.953             463.245    3891.00              0.74               11.9              7.4              28913                      215                      3442         1   602787                         4.8                       0.6
NIKKEI                   432.309            6916.943   44540.00              0.97               15.5              0.5              22437                      217                      3484         1   602787                         3.7                       0.6
FTSECHINAA               147.553            2360.846   15149.00              0.97               15.6              0.7              11257                      109                      1754         2   602787                         3.7                       0.6
GBP                        0.005               0.086       1.35              0.40                6.4          46442.8              62618                      250                      4007         1   602787                        10.4                       0.7
TOPIX                     25.738             411.811    3097.00              0.83               13.3              5.0              15601                      129                      2074         2   602787                         5.2                       0.7
OAT                        0.358               5.723     121.50              0.29                4.7            873.4             106119                      312                      4998         1   602787                        17.6                       0.8
YENEUR                     0.657              10.508     172.03              0.38                6.1            629.7             108325                      413                      6616         1   602787                        18.0                       1.1
MSCIEAFA                  19.289             308.626    2809.70              0.69               11.0             37.2             104392                      716                     11466         1   602787                        17.3                       1.9
LEANHOG                    1.219              19.499      86.80              1.40               22.5            297.2              25799                      362                      5795         2   602787                         8.6                       1.9
SILVER                     0.588               9.412      47.57              1.24               19.8            743.1              35348                      437                      6993         2   602787                        11.7                       2.3
MSCITAIWAN                12.197             195.153    1102.20              1.11               17.7             74.3              81902                      906                     14501         1   602787                        13.6                       2.4
PLAT                      26.445             423.112    1593.60              1.66               26.6             37.2              59209                      982                     15720         1   602787                         9.8                       2.6
MIB                      321.918            5150.688   42805.00              0.75               12.0              4.4             186931                     1405                     22493         1   602787                        31.0                       3.7
FEEDCOW                    3.882              62.119     357.75              1.09               17.4            371.5             132919                     1442                     23079         1   602787                        22.1                       3.8
AEX                        8.838             141.406     947.95              0.93               14.9            174.7             165589                     1543                     24701         1   602787                        27.5                       4.1

Sum of abs(notional exposure % capital) 303.6
Sum of abs(annualised risk % capital) 39.1
Net sum of annualised risk % capital 19.1 

================================================================================================================================================================================================================================================================
                                                                                                                          Correlations                                                                                                                          
================================================================================================================================================================================================================================================================

               CRUDE_W_micro  FEEDCOW  YENEUR  GAS-PEN  GAS_US_mini  RICE  WHEAT    DX  CAD10   JPY   OAT   AEX  BITCOIN   BRE   DAX  FTSECHINAA   GBP  GOLD_micro  KRWUSD_mini  LEANHOG   MIB  MSCIEAFA  MSCITAIWAN   MXP  NIKKEI  PLAT  RUSSELL  SILVER  TOPIX
CRUDE_W_micro           1.00     0.31    0.05     0.14         0.09 -0.04   0.27  0.42  -0.21 -0.37 -0.21  0.39     0.03  0.24  0.19        0.12 -0.33       -0.10        -0.09     0.21  0.34     -0.02        0.35 -0.00    0.29  0.01     0.14    0.18   0.28
FEEDCOW                 0.31     1.00    0.11    -0.09        -0.09 -0.07  -0.10  0.12  -0.12 -0.16 -0.23  0.27     0.01  0.08  0.32        0.19 -0.03        0.06        -0.04     0.13  0.35      0.14        0.22  0.15    0.21  0.14     0.19    0.26   0.28
YENEUR                  0.05     0.11    1.00     0.08         0.10  0.00  -0.07 -0.05  -0.36 -0.55 -0.44  0.07     0.15  0.23  0.05        0.18  0.16        0.06        -0.04    -0.08  0.05      0.15        0.29  0.32    0.33  0.32    -0.02    0.30   0.28
GAS-PEN                 0.14    -0.09    0.08     1.00         0.97 -0.04   0.29  0.15  -0.08 -0.14 -0.16 -0.15     0.03  0.22 -0.17        0.01 -0.19        0.06        -0.07    -0.22 -0.18     -0.12       -0.06 -0.16   -0.12 -0.05    -0.13    0.07  -0.09
GAS_US_mini             0.09    -0.09    0.10     0.97         1.00 -0.02   0.27  0.08  -0.06 -0.09 -0.14 -0.14     0.04  0.22 -0.13       -0.02 -0.15        0.15        -0.02    -0.22 -0.14     -0.10       -0.03 -0.11   -0.12  0.00    -0.17    0.11  -0.08
RICE                   -0.04    -0.07    0.00    -0.04        -0.02  1.00   0.06 -0.09  -0.12  0.09 -0.03 -0.14     0.07 -0.12 -0.11       -0.09  0.12       -0.01         0.11     0.13 -0.12     -0.18       -0.15 -0.04   -0.17  0.00    -0.04    0.06  -0.17
WHEAT                   0.27    -0.10   -0.07     0.29         0.27  0.06   1.00 -0.11  -0.13  0.18  0.11  0.02    -0.08  0.25 -0.02        0.11  0.03        0.24         0.21     0.13  0.02      0.07       -0.16  0.09   -0.04  0.09    -0.02    0.17  -0.04
DX                      0.42     0.12   -0.05     0.15         0.08 -0.09  -0.11  1.00  -0.31 -0.77 -0.30 -0.02     0.01 -0.27 -0.14       -0.03 -0.83       -0.55        -0.63    -0.16 -0.05     -0.49       -0.03 -0.35   -0.09 -0.31    -0.04   -0.30  -0.09
CAD10                  -0.21    -0.12   -0.36    -0.08        -0.06 -0.12  -0.13 -0.31   1.00  0.45  0.58  0.17    -0.07  0.14  0.27       -0.03  0.38        0.32         0.27     0.02  0.23      0.32        0.14 -0.06    0.12 -0.03     0.04    0.09   0.17
JPY                    -0.37    -0.16   -0.55    -0.14        -0.09  0.09   0.18 -0.77   0.45  1.00  0.47 -0.08    -0.14  0.00  0.04       -0.12  0.54        0.47         0.49     0.15 -0.02      0.24       -0.19  0.03   -0.19  0.05    -0.04    0.06  -0.15
OAT                    -0.21    -0.23   -0.44    -0.16        -0.14 -0.03   0.11 -0.30   0.58  0.47  1.00  0.06    -0.02  0.09  0.05       -0.06  0.24        0.39         0.33     0.12  0.04      0.27       -0.04  0.14    0.06  0.07     0.10    0.06   0.03
AEX                     0.39     0.27    0.07    -0.15        -0.14 -0.14   0.02 -0.02   0.17 -0.08  0.06  1.00     0.24  0.28  0.84        0.41  0.29        0.16         0.29     0.30  0.88      0.58        0.76  0.13    0.70  0.20     0.29    0.40   0.66
BITCOIN                 0.03     0.01    0.15     0.03         0.04  0.07  -0.08  0.01  -0.07 -0.14 -0.02  0.24     1.00  0.19  0.31        0.08  0.10        0.01         0.12     0.07  0.23      0.29        0.32  0.09    0.29  0.10     0.42    0.22   0.27
BRE                     0.24     0.08    0.23     0.22         0.22 -0.12   0.25 -0.27   0.14  0.00  0.09  0.28     0.19  1.00  0.19        0.27  0.30        0.20         0.29     0.14  0.26      0.46        0.35  0.49    0.41  0.30     0.47    0.43   0.36
DAX                     0.19     0.32    0.05    -0.17        -0.13 -0.11  -0.02 -0.14   0.27  0.04  0.05  0.84     0.31  0.19  1.00        0.32  0.39        0.24         0.31     0.26  0.91      0.67        0.64  0.16    0.62  0.18     0.25    0.41   0.67
FTSECHINAA              0.12     0.19    0.18     0.01        -0.02 -0.09   0.11 -0.03  -0.03 -0.12 -0.06  0.41     0.08  0.27  0.32        1.00  0.28        0.08         0.17     0.25  0.37      0.25        0.25  0.25    0.28  0.14     0.19    0.27   0.29
GBP                    -0.33    -0.03    0.16    -0.19        -0.15  0.12   0.03 -0.83   0.38  0.54  0.24  0.29     0.10  0.30  0.39        0.28  1.00        0.50         0.62     0.22  0.34      0.63        0.27  0.34    0.36  0.27     0.17    0.43   0.38
GOLD_micro             -0.10     0.06    0.06     0.06         0.15 -0.01   0.24 -0.55   0.32  0.47  0.39  0.16     0.01  0.20  0.24        0.08  0.50        1.00         0.45     0.24  0.19      0.34        0.16  0.17    0.16  0.47    -0.05    0.65   0.18
KRWUSD_mini            -0.09    -0.04   -0.04    -0.07        -0.02  0.11   0.21 -0.63   0.27  0.49  0.33  0.29     0.12  0.29  0.31        0.17  0.62        0.45         1.00     0.22  0.29      0.45        0.26  0.29    0.24  0.23     0.10    0.25   0.22
LEANHOG                 0.21     0.13   -0.08    -0.22        -0.22  0.13   0.13 -0.16   0.02  0.15  0.12  0.30     0.07  0.14  0.26        0.25  0.22        0.24         0.22     1.00  0.33      0.13        0.18  0.19    0.19  0.18     0.22    0.30   0.22
MIB                     0.34     0.35    0.05    -0.18        -0.14 -0.12   0.02 -0.05   0.23 -0.02  0.04  0.88     0.23  0.26  0.91        0.37  0.34        0.19         0.29     0.33  1.00      0.59        0.68  0.15    0.68  0.16     0.24    0.40   0.72
MSCIEAFA               -0.02     0.14    0.15    -0.12        -0.10 -0.18   0.07 -0.49   0.32  0.24  0.27  0.58     0.29  0.46  0.67        0.25  0.63        0.34         0.45     0.13  0.59      1.00        0.46  0.37    0.69  0.30     0.51    0.46   0.69
MSCITAIWAN              0.35     0.22    0.29    -0.06        -0.03 -0.15  -0.16 -0.03   0.14 -0.19 -0.04  0.76     0.32  0.35  0.64        0.25  0.27        0.16         0.26     0.18  0.68      0.46        1.00  0.27    0.74  0.30     0.32    0.47   0.70
MXP                    -0.00     0.15    0.32    -0.16        -0.11 -0.04   0.09 -0.35  -0.06  0.03  0.14  0.13     0.09  0.49  0.16        0.25  0.34        0.17         0.29     0.19  0.15      0.37        0.27  1.00    0.28  0.33     0.31    0.32   0.27
NIKKEI                  0.29     0.21    0.33    -0.12        -0.12 -0.17  -0.04 -0.09   0.12 -0.19  0.06  0.70     0.29  0.41  0.62        0.28  0.36        0.16         0.24     0.19  0.68      0.69        0.74  0.28    1.00  0.21     0.49    0.41   0.94
PLAT                    0.01     0.14    0.32    -0.05         0.00  0.00   0.09 -0.31  -0.03  0.05  0.07  0.20     0.10  0.30  0.18        0.14  0.27        0.47         0.23     0.18  0.16      0.30        0.30  0.33    0.21  1.00     0.14    0.67   0.18
RUSSELL                 0.14     0.19   -0.02    -0.13        -0.17 -0.04  -0.02 -0.04   0.04 -0.04  0.10  0.29     0.42  0.47  0.25        0.19  0.17       -0.05         0.10     0.22  0.24      0.51        0.32  0.31    0.49  0.14     1.00    0.24   0.43
SILVER                  0.18     0.26    0.30     0.07         0.11  0.06   0.17 -0.30   0.09  0.06  0.06  0.40     0.22  0.43  0.41        0.27  0.43        0.65         0.25     0.30  0.40      0.46        0.47  0.32    0.41  0.67     0.24    1.00   0.43
TOPIX                   0.28     0.28    0.28    -0.09        -0.08 -0.17  -0.04 -0.09   0.17 -0.15  0.03  0.66     0.27  0.36  0.67        0.29  0.38        0.18         0.22     0.22  0.72      0.69        0.70  0.27    0.94  0.18     0.43    0.43   1.00


********************************************************************************
                                 END OF REPORT                                  
********************************************************************************


