
********************************************************************************
                    Risk report produced on 29/10/2025 22:53                    
********************************************************************************


Total risk across all strategies, annualised percentage 12.8
Percentage of capital used for margin 44.3%

========================================
Risk per strategy, annualised percentage
========================================

                  risk
dynamic_TF_carry  12.8


===================
Risk by asset class
===================

Ags        1.0
Bond       4.6
Equity    10.1
FX         3.8
Metals     2.4
OilGas     3.2
dtype: float64


=====================================================
Beta loadings of asset class positions on asset class
=====================================================

OilGas   -0.07
Ags      -0.01
Metals    0.01
FX        0.08
Bond      0.86
Equity    0.98
dtype: float64


========================================================
Beta loadings of full portfolio positions on asset class
========================================================

OilGas   -0.09
Ags       0.07
Metals    0.15
Bond      0.66
FX        0.83
Equity    1.06
dtype: float64


==================================================================================================================================================================================================================================================================
                                                                                                                         Instrument risk                                                                                                                          
==================================================================================================================================================================================================================================================================

             daily_price_stdev  annual_price_stdev      price  daily_perc_stdev  annual_perc_stdev  point_size_base  contract_exposure  daily_risk_per_contract  annual_risk_per_contract  position  capital  exposure_held_perc_capital  annual_risk_perc_capital
JPY                      0.000               0.001       0.01              0.59                9.4        9452296.2              62451                      366                      5865        -3   618085                       -30.3                      -2.8
GAS-PEN                  0.110               1.768       3.33              3.32               53.1           7561.8              25180                      835                     13365        -1   618085                        -4.1                      -2.2
SP500_micro             56.868             909.895    6924.75              0.82               13.1              3.8              26181                      215                      3440        -2   618085                        -8.5                      -1.1
BITCOIN               2655.995           42495.922  113755.00              2.33               37.4              0.1               8601                      200                      3213        -2   618085                        -2.8                      -1.0
GAS_US_mini              0.104               1.658       3.84              2.70               43.2           1890.5               7249                      195                      3133        -2   618085                        -2.3                      -1.0
WHEAT                    6.433             102.926     530.25              1.21               19.4             37.8              20048                      243                      3891        -1   618085                        -3.2                      -0.6
RICE                     0.144               2.298      10.62              1.35               21.6           1512.4              16061                      217                      3476        -1   618085                        -2.6                      -0.6
KRWUSD_mini              0.003               0.054       0.70              0.49                7.8          18904.6              13191                       64                      1029        -3   618085                        -6.4                      -0.5
DOW                    354.516            5672.258   47897.00              0.74               11.8              0.4              18109                      134                      2144        -1   618085                        -2.9                      -0.3
AUD_micro                0.003               0.050       0.66              0.47                7.6           7561.8               4981                       23                       376         3   618085                         2.4                       0.2
MXP                      0.000               0.004       0.05              0.46                7.4         378091.8              20409                       94                      1517         1   618085                         3.3                       0.2
BRE                      0.001               0.020       0.19              0.68               10.8          75618.4              14095                       95                      1522         1   618085                         2.3                       0.2
TOPIX                   36.493             583.882    3281.50              1.11               17.8              5.0              16307                      181                      2901         1   618085                         2.6                       0.5
KOSPI_mini               6.927             110.838     565.74              1.22               19.6             26.3              14882                      182                      2915         1   618085                         2.4                       0.5
NZD                      0.003               0.042       0.58              0.45                7.2          75618.4              43805                      197                      3157         1   618085                         7.1                       0.5
GBP                      0.005               0.077       1.33              0.36                5.8          47261.5              62753                      228                      3654         1   618085                        10.2                       0.6
US10U                    0.370               5.924     116.64              0.32                5.1            756.2              88201                      279                      4479         1   618085                        14.3                       0.7
LEANHOG                  0.998              15.963      80.65              1.24               19.8            302.5              24394                      301                      4828         1   618085                         3.9                       0.8
FTSECHINAA             201.196            3219.131   15638.00              1.29               20.6              0.8              11825                      152                      2434         2   618085                         3.8                       0.8
NIKKEI                 680.995           10895.919   51290.00              1.33               21.2              0.5              25488                      338                      5414         1   618085                         4.1                       0.9
YENEUR                   0.752              12.039     176.89              0.43                6.8            621.2             109883                      467                      7478         1   618085                        17.8                       1.2
CAD10                    0.329               5.262     123.52              0.27                4.3            542.6              67026                      178                      2855         3   618085                        32.5                       1.4
US30                     0.765              12.240     123.84              0.62                9.9            756.2              93648                      578                      9255         1   618085                        15.2                       1.5
OAT                      0.358               5.726     122.64              0.29                4.7            879.4             107848                      314                      5035         2   618085                        34.9                       1.6
SPI200                  52.446             839.141    8938.00              0.59                9.4             12.5             111659                      655                     10483         1   618085                        18.1                       1.7
MSCIEAFA                19.146             306.332    2843.20              0.67               10.8             37.8             107499                      723                     11582         1   618085                        17.4                       1.9
SILVER                   1.094              17.497      47.12              2.32               37.1            756.2              35631                      826                     13230         1   618085                         5.8                       2.1
AEX                      7.963             127.407     973.20              0.82               13.1            175.9             171164                     1400                     22408         1   618085                        27.7                       3.6
MIB                    344.444            5511.103   42725.00              0.81               12.9              4.4             187859                     1514                     24232         1   618085                        30.4                       3.9

Sum of abs(notional exposure % capital) 319.3
Sum of abs(annualised risk % capital) 34.9
Net sum of annualised risk % capital 14.7 

========================================================================================================================================================================================================================================================
                                                                                                                      Correlations                                                                                                                      
========================================================================================================================================================================================================================================================

              AEX  AUD_micro   BRE   DOW  FTSECHINAA  KOSPI_mini   MIB  MSCIEAFA   MXP  NIKKEI   NZD  SILVER  SP500_micro  SPI200  TOPIX  BITCOIN  GAS-PEN  GAS_US_mini  LEANHOG  RICE  WHEAT  YENEUR  CAD10   OAT  US10U  US30   GBP   JPY  KRWUSD_mini
AEX          1.00       0.35  0.36  0.57        0.40        0.56  0.75      0.61  0.25    0.45  0.21    0.35         0.62    0.60   0.49     0.23     0.08         0.06     0.17 -0.00   0.11    0.03  -0.02  0.02  -0.03 -0.01  0.14 -0.07        -0.01
AUD_micro    0.35       1.00  0.48  0.50        0.40        0.37  0.38      0.76  0.44    0.35  0.91    0.53         0.55    0.49   0.37     0.24     0.08         0.13     0.19  0.24   0.23    0.16  -0.26 -0.18  -0.27 -0.27  0.65  0.30         0.54
BRE          0.36       0.48  1.00  0.33        0.44        0.35  0.32      0.40  0.48    0.19  0.42    0.33         0.41    0.29   0.20     0.14     0.31         0.33     0.09  0.09   0.25    0.07  -0.05 -0.08  -0.06 -0.03  0.40  0.16         0.34
DOW          0.57       0.50  0.33  1.00        0.40        0.35  0.55      0.76  0.19    0.41  0.32    0.33         0.93    0.77   0.45     0.24     0.00        -0.02     0.20  0.04   0.11    0.09  -0.16  0.02  -0.22 -0.15  0.18 -0.04         0.18
FTSECHINAA   0.40       0.40  0.44  0.40        1.00        0.25  0.35      0.41  0.32    0.18  0.31    0.31         0.39    0.31   0.26     0.10     0.10         0.12     0.12 -0.06   0.21    0.12  -0.19 -0.09  -0.21 -0.17  0.21  0.01         0.16
KOSPI_mini   0.56       0.37  0.35  0.35        0.25        1.00  0.43      0.39  0.13    0.56  0.29    0.20         0.43    0.36   0.44     0.23     0.21         0.20    -0.05  0.01   0.23    0.14  -0.04 -0.10   0.03  0.04  0.08 -0.15        -0.02
MIB          0.75       0.38  0.32  0.55        0.35        0.43  1.00      0.69  0.24    0.51  0.28    0.36         0.57    0.62   0.61     0.28     0.01         0.01     0.25  0.09   0.02    0.08  -0.09 -0.05  -0.15 -0.13  0.22 -0.10        -0.00
MSCIEAFA     0.61       0.76  0.40  0.76        0.41        0.39  0.69      1.00  0.36    0.50  0.64    0.50         0.78    0.77   0.56     0.22     0.01         0.01     0.23  0.20   0.13    0.16  -0.27 -0.08  -0.32 -0.29  0.53  0.16         0.35
MXP          0.25       0.44  0.48  0.19        0.32        0.13  0.24      0.36  1.00    0.16  0.37    0.34         0.27    0.19   0.18     0.09    -0.06        -0.02     0.12 -0.03   0.14    0.29  -0.15 -0.07  -0.13 -0.09  0.43  0.06         0.22
NIKKEI       0.45       0.35  0.19  0.41        0.18        0.56  0.51      0.50  0.16    1.00  0.27    0.10         0.49    0.42   0.91     0.15     0.06         0.05     0.03 -0.05  -0.09    0.32  -0.05 -0.10  -0.03 -0.01  0.19 -0.32        -0.09
NZD          0.21       0.91  0.42  0.32        0.31        0.29  0.28      0.64  0.37    0.27  1.00    0.39         0.36    0.34   0.26     0.23     0.05         0.09     0.16  0.27   0.22    0.07  -0.10 -0.08  -0.13 -0.16  0.75  0.46         0.59
SILVER       0.35       0.53  0.33  0.33        0.31        0.20  0.36      0.50  0.34    0.10  0.39    1.00         0.38    0.39   0.14     0.02     0.01         0.07     0.25  0.22   0.25    0.14  -0.33 -0.11  -0.30 -0.26  0.28  0.04         0.19
SP500_micro  0.62       0.55  0.41  0.93        0.39        0.43  0.57      0.78  0.27    0.49  0.36    0.38         1.00    0.77   0.51     0.24     0.02         0.02     0.21  0.11   0.16    0.13  -0.18  0.01  -0.23 -0.15  0.19 -0.10         0.15
SPI200       0.60       0.49  0.29  0.77        0.31        0.36  0.62      0.77  0.19    0.42  0.34    0.39         0.77    1.00   0.48     0.29     0.02         0.02     0.18  0.04   0.11   -0.00  -0.18  0.20  -0.19 -0.18  0.19  0.00         0.20
TOPIX        0.49       0.37  0.20  0.45        0.26        0.44  0.61      0.56  0.18    0.91  0.26    0.14         0.51    0.48   1.00     0.13     0.01        -0.01     0.13 -0.07  -0.10    0.32  -0.05 -0.11  -0.05 -0.03  0.20 -0.32        -0.12
BITCOIN      0.23       0.24  0.14  0.24        0.10        0.23  0.28      0.22  0.09    0.15  0.23    0.02         0.24    0.29   0.13     1.00     0.05         0.07    -0.04  0.02  -0.06   -0.06  -0.06 -0.08  -0.04 -0.02  0.11  0.11         0.14
GAS-PEN      0.08       0.08  0.31  0.00        0.10        0.21  0.01      0.01 -0.06    0.06  0.05    0.01         0.02    0.02   0.01     0.05     1.00         0.97     0.01  0.07   0.20    0.06  -0.18 -0.31  -0.08 -0.11 -0.06 -0.09         0.12
GAS_US_mini  0.06       0.13  0.33 -0.02        0.12        0.20  0.01      0.01 -0.02    0.05  0.09    0.07         0.02    0.02  -0.01     0.07     0.97         1.00     0.01  0.10   0.18    0.09  -0.21 -0.33  -0.13 -0.17 -0.01 -0.10         0.17
LEANHOG      0.17       0.19  0.09  0.20        0.12       -0.05  0.25      0.23  0.12    0.03  0.16    0.25         0.21    0.18   0.13    -0.04     0.01         0.01     1.00  0.17   0.20    0.18  -0.19 -0.17  -0.25 -0.26  0.11 -0.09         0.07
RICE        -0.00       0.24  0.09  0.04       -0.06        0.01  0.09      0.20 -0.03   -0.05  0.27    0.22         0.11    0.04  -0.07     0.02     0.07         0.10     0.17  1.00   0.04   -0.02  -0.17 -0.16  -0.24 -0.28  0.19  0.16         0.19
WHEAT        0.11       0.23  0.25  0.11        0.21        0.23  0.02      0.13  0.14   -0.09  0.22    0.25         0.16    0.11  -0.10    -0.06     0.20         0.18     0.20  0.04   1.00    0.03  -0.23 -0.08  -0.31 -0.26 -0.04  0.02         0.15
YENEUR       0.03       0.16  0.07  0.09        0.12        0.14  0.08      0.16  0.29    0.32  0.07    0.14         0.13   -0.00   0.32    -0.06     0.06         0.09     0.18 -0.02   0.03    1.00  -0.52 -0.51  -0.46 -0.41  0.10 -0.68        -0.18
CAD10       -0.02      -0.26 -0.05 -0.16       -0.19       -0.04 -0.09     -0.27 -0.15   -0.05 -0.10   -0.33        -0.18   -0.18  -0.05    -0.06    -0.18        -0.21    -0.19 -0.17  -0.23   -0.52   1.00  0.60   0.82  0.81  0.05  0.34        -0.05
OAT          0.02      -0.18 -0.08  0.02       -0.09       -0.10 -0.05     -0.08 -0.07   -0.10 -0.08   -0.11         0.01    0.20  -0.11    -0.08    -0.31        -0.33    -0.17 -0.16  -0.08   -0.51   0.60  1.00   0.52  0.53 -0.06  0.25         0.02
US10U       -0.03      -0.27 -0.06 -0.22       -0.21        0.03 -0.15     -0.32 -0.13   -0.03 -0.13   -0.30        -0.23   -0.19  -0.05    -0.04    -0.08        -0.13    -0.25 -0.24  -0.31   -0.46   0.82  0.52   1.00  0.95  0.03  0.28        -0.10
US30        -0.01      -0.27 -0.03 -0.15       -0.17        0.04 -0.13     -0.29 -0.09   -0.01 -0.16   -0.26        -0.15   -0.18  -0.03    -0.02    -0.11        -0.17    -0.26 -0.28  -0.26   -0.41   0.81  0.53   0.95  1.00 -0.01  0.22        -0.14
GBP          0.14       0.65  0.40  0.18        0.21        0.08  0.22      0.53  0.43    0.19  0.75    0.28         0.19    0.19   0.20     0.11    -0.06        -0.01     0.11  0.19  -0.04    0.10   0.05 -0.06   0.03 -0.01  1.00  0.53         0.57
JPY         -0.07       0.30  0.16 -0.04        0.01       -0.15 -0.10      0.16  0.06   -0.32  0.46    0.04        -0.10    0.00  -0.32     0.11    -0.09        -0.10    -0.09  0.16   0.02   -0.68   0.34  0.25   0.28  0.22  0.53  1.00         0.60
KRWUSD_mini -0.01       0.54  0.34  0.18        0.16       -0.02 -0.00      0.35  0.22   -0.09  0.59    0.19         0.15    0.20  -0.12     0.14     0.12         0.17     0.07  0.19   0.15   -0.18  -0.05  0.02  -0.10 -0.14  0.57  0.60         1.00


********************************************************************************
                                 END OF REPORT                                  
********************************************************************************


