
********************************************************************************
                    Risk report produced on 15/05/2025 22:53                    
********************************************************************************


Total risk across all strategies, annualised percentage 6.6
Percentage of capital used for margin 39.5%

========================================
Risk per strategy, annualised percentage
========================================

                  risk
dynamic_TF_carry   6.6


===================
Risk by asset class
===================

Ags       3.5
Bond      1.5
Equity    2.7
FX        2.3
Metals    1.6
OilGas    3.4
Vol       0.2
dtype: float64


=====================================================
Beta loadings of asset class positions on asset class
=====================================================

OilGas   -0.09
Metals   -0.04
Vol      -0.00
Ags       0.06
Equity    0.16
FX        0.25
Bond      0.32
dtype: float64


========================================================
Beta loadings of full portfolio positions on asset class
========================================================

OilGas   -0.08
Vol      -0.06
Metals   -0.02
Ags      -0.01
Bond      0.14
FX        0.17
Equity    0.18
dtype: float64


====================================================================================================================================================================================================================================================================
                                                                                                                          Instrument risk                                                                                                                           
====================================================================================================================================================================================================================================================================

               daily_price_stdev  annual_price_stdev      price  daily_perc_stdev  annual_perc_stdev  point_size_base  contract_exposure  daily_risk_per_contract  annual_risk_per_contract  position  capital  exposure_held_perc_capital  annual_risk_perc_capital
GAS-PEN                    0.114               1.824       3.36              3.39               54.3           7531.9              25322                      858                     13741        -1   531856                        -4.8                      -2.6
BITCOIN                 2347.864           37565.826  103190.00              2.28               36.4              0.1               7772                      176                      2829        -3   531856                        -4.4                      -1.6
DOW                      556.912            8910.596   42397.00              1.31               21.0              0.4              15966                      209                      3355        -2   531856                        -6.0                      -1.3
DX                         0.504               8.070     100.73              0.50                8.0            753.2              75869                      379                      6078        -1   531856                       -14.3                      -1.1
WHEAT                      7.490             119.842     567.50              1.32               21.1             37.7              21371                      282                      4513        -1   531856                        -4.0                      -0.8
SOYMEAL                    3.189              51.026     302.50              1.05               16.9             75.3              22784                      240                      3843        -1   531856                        -4.3                      -0.7
KRWUSD_mini                0.006               0.096       0.72              0.83               13.3          18829.8              13533                      112                      1802        -2   531856                        -5.1                      -0.7
GAS_US_mini                0.117               1.868       3.70              3.15               50.4           1883.0               6976                      219                      3516        -1   531856                        -1.3                      -0.7
CRUDE_W_micro              1.385              22.163      60.72              2.28               36.5             75.3               4573                      104                      1669        -2   531856                        -1.7                      -0.6
V2X                        0.674              10.782      19.60              3.44               55.0             84.3               1652                       56                       908        -1   531856                        -0.3                      -0.2
MXP                        0.000               0.006       0.05              0.70               11.2         376596.8              19345                      135                      2160         1   531856                         3.6                       0.4
KR10                       0.336               5.373     119.69              0.28                4.5            540.2              64659                      181                      2902         1   531856                        12.2                       0.5
CANOLA                     9.407             150.518     667.80              1.41               22.5             10.8               7199                      101                      1622         2   531856                         2.7                       0.6
TOPIX                     42.434             678.951    2739.00              1.55               24.8              5.2              14131                      218                      3502         1   531856                         2.7                       0.7
NIKKEI                   617.246            9875.934   37750.00              1.64               26.2              0.5              19476                      318                      5095         1   531856                         3.7                       1.0
MSCISING                   5.664              90.626     406.85              1.39               22.3             58.0              23595                      328                      5255         1   531856                         4.4                       1.0
MUMMY                     12.323             197.168     701.00              1.76               28.1              5.2               3616                       63                      1017         6   531856                         4.1                       1.1
BTP                        0.460               7.364     119.70              0.38                6.2            843.1             100915                      388                      6208         1   531856                        19.0                       1.2
YENEUR                     0.960              15.365     162.56              0.59                9.5            644.9             104838                      619                      9909         1   531856                        19.7                       1.9
FEEDCOW                    2.840              45.447     294.32              0.97               15.4            376.6             110841                     1069                     17115         1   531856                        20.8                       3.2

Sum of abs(notional exposure % capital) 139.1
Sum of abs(annualised risk % capital) 21.9
Net sum of annualised risk % capital 1.3 

=====================================================================================================================================================================================
                                                                                    Correlations                                                                                     
=====================================================================================================================================================================================

               BITCOIN  CRUDE_W_micro   DOW  FEEDCOW  MSCISING  MUMMY   MXP  NIKKEI  TOPIX  YENEUR   BTP  KR10  KRWUSD_mini  CANOLA  SOYMEAL  WHEAT    DX  GAS-PEN  GAS_US_mini   V2X
BITCOIN           1.00           0.17  0.51     0.18      0.40   0.37  0.16    0.48   0.43    0.08  0.28 -0.09        -0.10    0.04    -0.11  -0.01  0.13    -0.05        -0.06 -0.49
CRUDE_W_micro     0.17           1.00  0.25     0.35      0.45   0.45  0.22    0.42   0.43    0.13 -0.14 -0.33        -0.34    0.07    -0.09  -0.01  0.27     0.16         0.20 -0.33
DOW               0.51           0.25  1.00     0.40      0.74   0.62  0.21    0.72   0.71    0.10  0.26 -0.04         0.06    0.05     0.03  -0.05  0.14     0.19         0.18 -0.64
FEEDCOW           0.18           0.35  0.40     1.00      0.48   0.47  0.34    0.53   0.52    0.33 -0.08 -0.25         0.01   -0.08    -0.02  -0.12 -0.00     0.11         0.17 -0.36
MSCISING          0.40           0.45  0.74     0.48      1.00   0.76  0.35    0.75   0.80    0.14  0.15 -0.14         0.03   -0.04     0.02  -0.01  0.06     0.27         0.30 -0.65
MUMMY             0.37           0.45  0.62     0.47      0.76   1.00  0.35    0.87   0.88    0.28  0.12 -0.21         0.09    0.05    -0.03   0.00 -0.04     0.14         0.18 -0.71
MXP               0.16           0.22  0.21     0.34      0.35   0.35  1.00    0.44   0.41    0.38  0.14 -0.09         0.13   -0.09     0.10   0.21 -0.18     0.07         0.09 -0.40
NIKKEI            0.48           0.42  0.72     0.53      0.75   0.87  0.44    1.00   0.97    0.46  0.08 -0.31         0.02    0.04    -0.07   0.01  0.11     0.17         0.19 -0.83
TOPIX             0.43           0.43  0.71     0.52      0.80   0.88  0.41    0.97   1.00    0.44  0.05 -0.31        -0.05    0.07    -0.08  -0.01  0.12     0.21         0.24 -0.83
YENEUR            0.08           0.13  0.10     0.33      0.14   0.28  0.38    0.46   0.44    1.00 -0.35 -0.50        -0.10    0.09    -0.09   0.07  0.02     0.08         0.14 -0.42
BTP               0.28          -0.14  0.26    -0.08      0.15   0.12  0.14    0.08   0.05   -0.35  1.00  0.58         0.19    0.05    -0.02  -0.05 -0.03    -0.21        -0.22 -0.17
KR10             -0.09          -0.33 -0.04    -0.25     -0.14  -0.21 -0.09   -0.31  -0.31   -0.50  0.58  1.00         0.22   -0.08    -0.03  -0.20 -0.18    -0.24        -0.27  0.18
KRWUSD_mini      -0.10          -0.34  0.06     0.01      0.03   0.09  0.13    0.02  -0.05   -0.10  0.19  0.22         1.00   -0.12     0.18   0.19 -0.52    -0.07        -0.09  0.10
CANOLA            0.04           0.07  0.05    -0.08     -0.04   0.05 -0.09    0.04   0.07    0.09  0.05 -0.08        -0.12    1.00     0.11   0.17  0.05     0.05         0.05 -0.05
SOYMEAL          -0.11          -0.09  0.03    -0.02      0.02  -0.03  0.10   -0.07  -0.08   -0.09 -0.02 -0.03         0.18    0.11     1.00   0.29 -0.14     0.12         0.14  0.19
WHEAT            -0.01          -0.01 -0.05    -0.12     -0.01   0.00  0.21    0.01  -0.01    0.07 -0.05 -0.20         0.19    0.17     0.29   1.00 -0.19     0.11         0.09  0.07
DX                0.13           0.27  0.14    -0.00      0.06  -0.04 -0.18    0.11   0.12    0.02 -0.03 -0.18        -0.52    0.05    -0.14  -0.19  1.00     0.13         0.16 -0.17
GAS-PEN          -0.05           0.16  0.19     0.11      0.27   0.14  0.07    0.17   0.21    0.08 -0.21 -0.24        -0.07    0.05     0.12   0.11  0.13     1.00         0.97 -0.21
GAS_US_mini      -0.06           0.20  0.18     0.17      0.30   0.18  0.09    0.19   0.24    0.14 -0.22 -0.27        -0.09    0.05     0.14   0.09  0.16     0.97         1.00 -0.21
V2X              -0.49          -0.33 -0.64    -0.36     -0.65  -0.71 -0.40   -0.83  -0.83   -0.42 -0.17  0.18         0.10   -0.05     0.19   0.07 -0.17    -0.21        -0.21  1.00


********************************************************************************
                                 END OF REPORT                                  
********************************************************************************


