
********************************************************************************
                    Risk report produced on 24/08/2023 22:52                    
********************************************************************************


Total risk across all strategies, annualised percentage 13.3
Percentage of capital used for margin 61.3%

========================================
Risk per strategy, annualised percentage
========================================

                  risk
dynamic_TF_carry  13.3


===================
Risk by asset class
===================

Ags       3.5
Bond      6.4
Equity    1.7
FX        5.2
OilGas    1.1
Sector    3.8
Vol       2.0
dtype: float64


=====================================================
Beta loadings of asset class positions on asset class
=====================================================

Bond     -1.26
FX       -0.51
Vol      -0.04
OilGas   -0.01
Equity    0.02
Ags       0.24
Sector    0.24
dtype: float64


========================================================
Beta loadings of full portfolio positions on asset class
========================================================

Bond     -1.72
FX       -0.74
Vol      -0.12
OilGas    0.01
Equity    0.13
Sector    0.20
Ags       0.36
dtype: float64


==================================================================================================================================================================================================================================================================
                                                                                                                         Instrument risk                                                                                                                          
==================================================================================================================================================================================================================================================================

              daily_price_stdev  annual_price_stdev     price  daily_perc_stdev  annual_perc_stdev  point_size_base  contract_exposure  daily_risk_per_contract  annual_risk_per_contract  position  capital  exposure_held_perc_capital  annual_risk_perc_capital
BUND                      0.747              11.954    132.47              0.56                9.0            854.3             113165                      638                     10211        -1   353972                       -32.0                      -2.9
US3                       0.200               3.193    103.33              0.19                3.1           1571.6             162389                      313                      5017        -2   353972                       -91.8                      -2.8
CHF                       0.005               0.083      1.13              0.46                7.3          98224.1             111273                      506                      8106        -1   353972                       -31.4                      -2.3
DAX                     135.003            2160.052  15657.00              0.86               13.8              0.9              13375                      115                      1845        -4   353972                       -15.1                      -2.1
VIX                       0.558               8.935     18.65              2.99               47.9            785.8              14655                      438                      7020        -1   353972                        -4.1                      -2.0
JPY                       0.000               0.001      0.01              0.61                9.8        9822410.8              67602                      415                      6651        -1   353972                       -19.1                      -1.9
BOBL                      0.351               5.615    115.86              0.30                4.8            854.3              98976                      299                      4796        -1   353972                       -28.0                      -1.4
GAS_US_mini               0.127               2.026      2.64              4.80               76.9           1964.5               5176                      248                      3979        -1   353972                        -1.5                      -1.1
FTSECHINAA              161.904            2590.457  12512.00              1.29               20.7              0.8               9831                      127                      2035         1   353972                         2.8                       0.6
MXP                       0.000               0.006      0.06              0.60                9.6         392896.4              23283                      139                      2232         1   353972                         6.6                       0.6
SOYBEAN_mini             19.422             310.757   1372.12              1.42               22.6              7.9              10782                      152                      2441         1   353972                         3.0                       0.7
KOSDAQ                   31.180             498.882   1448.40              2.15               34.4              6.0               8660                      186                      2982         1   353972                         2.4                       0.8
EU-AUTO                   6.982             111.704    602.70              1.16               18.5             42.7              25743                      298                      4771         1   353972                         7.3                       1.3
NIKKEI                  313.957            5023.310  32145.00              0.98               15.6              0.5              17398                      169                      2718         2   353972                         9.8                       1.5
CNH                       0.022               0.347      7.27              0.30                4.8          10800.2              78504                      234                      3747         2   353972                        44.4                       2.1
EU-OIL                    3.877              62.028    338.40              1.15               18.3             42.7              14454                      165                      2649         4   353972                        16.3                       3.0
LIVECOW                   1.176              18.814    180.85              0.65               10.4            314.3              56844                      369                      5913         2   353972                        32.1                       3.3

Sum of abs(notional exposure % capital) 347.7
Sum of abs(annualised risk % capital) 30.4
Net sum of annualised risk % capital -2.6 

===================================================================================================================================================
                                                                   Correlations                                                                    
===================================================================================================================================================

               CNH   VIX  BOBL  BUND   CHF   JPY   US3  GAS_US_mini  LIVECOW   DAX  EU-AUTO  EU-OIL  FTSECHINAA  KOSDAQ   MXP  NIKKEI  SOYBEAN_mini
CNH           1.00  0.06 -0.39 -0.37 -0.66 -0.43 -0.50         0.20     0.09 -0.31    -0.22   -0.05       -0.48   -0.20 -0.11   -0.07         -0.23
VIX           0.06  1.00 -0.04 -0.10  0.00  0.13  0.19        -0.22    -0.47 -0.56    -0.57   -0.33       -0.30   -0.37 -0.50   -0.61         -0.24
BOBL         -0.39 -0.04  1.00  0.98  0.36  0.36  0.68         0.01    -0.07  0.16    -0.07   -0.05        0.04    0.04  0.09    0.01         -0.07
BUND         -0.37 -0.10  0.98  1.00  0.40  0.33  0.64         0.07    -0.07  0.22    -0.00   -0.04        0.05    0.08  0.14    0.06         -0.02
CHF          -0.66  0.00  0.36  0.40  1.00  0.55  0.62         0.04     0.04  0.29     0.16   -0.03        0.20    0.13  0.20    0.02          0.25
JPY          -0.43  0.13  0.36  0.33  0.55  1.00  0.53        -0.16    -0.00 -0.00    -0.04   -0.12       -0.02   -0.04  0.02   -0.33          0.13
US3          -0.50  0.19  0.68  0.64  0.62  0.53  1.00        -0.08    -0.05  0.03    -0.19   -0.15        0.08   -0.15 -0.01   -0.16         -0.11
GAS_US_mini   0.20 -0.22  0.01  0.07  0.04 -0.16 -0.08         1.00     0.10  0.18     0.10    0.30        0.01   -0.08  0.22    0.21          0.12
LIVECOW       0.09 -0.47 -0.07 -0.07  0.04 -0.00 -0.05         0.10     1.00  0.19     0.24    0.02       -0.09    0.01  0.33    0.23          0.06
DAX          -0.31 -0.56  0.16  0.22  0.29 -0.00  0.03         0.18     0.19  1.00     0.85    0.48        0.31    0.42  0.47    0.71          0.22
EU-AUTO      -0.22 -0.57 -0.07 -0.00  0.16 -0.04 -0.19         0.10     0.24  0.85     1.00    0.43        0.34    0.44  0.39    0.63          0.25
EU-OIL       -0.05 -0.33 -0.05 -0.04 -0.03 -0.12 -0.15         0.30     0.02  0.48     0.43    1.00        0.32    0.35  0.26    0.40          0.39
FTSECHINAA   -0.48 -0.30  0.04  0.05  0.20 -0.02  0.08         0.01    -0.09  0.31     0.34    0.32        1.00    0.31  0.22    0.35          0.22
KOSDAQ       -0.20 -0.37  0.04  0.08  0.13 -0.04 -0.15        -0.08     0.01  0.42     0.44    0.35        0.31    1.00  0.17    0.36          0.30
MXP          -0.11 -0.50  0.09  0.14  0.20  0.02 -0.01         0.22     0.33  0.47     0.39    0.26        0.22    0.17  1.00    0.38          0.27
NIKKEI       -0.07 -0.61  0.01  0.06  0.02 -0.33 -0.16         0.21     0.23  0.71     0.63    0.40        0.35    0.36  0.38    1.00          0.20
SOYBEAN_mini -0.23 -0.24 -0.07 -0.02  0.25  0.13 -0.11         0.12     0.06  0.22     0.25    0.39        0.22    0.30  0.27    0.20          1.00


********************************************************************************
                                 END OF REPORT                                  
********************************************************************************


