
********************************************************************************
                    Risk report produced on 13/08/2025 22:53                    
********************************************************************************


Total risk across all strategies, annualised percentage 12.1
Percentage of capital used for margin 44.0%

========================================
Risk per strategy, annualised percentage
========================================

                  risk
dynamic_TF_carry  12.1


===================
Risk by asset class
===================

Ags       4.1
Bond      2.2
Equity    7.9
FX        2.3
Metals    1.0
OilGas    3.7
dtype: float64


=====================================================
Beta loadings of asset class positions on asset class
=====================================================

OilGas   -0.07
Metals    0.01
FX        0.07
Ags       0.18
Bond      0.52
Equity    0.68
dtype: float64


========================================================
Beta loadings of full portfolio positions on asset class
========================================================

OilGas   -0.08
Bond      0.03
Metals    0.12
Ags       0.30
FX        0.66
Equity    0.77
dtype: float64


===================================================================================================================================================================================================================================================================
                                                                                                                          Instrument risk                                                                                                                          
===================================================================================================================================================================================================================================================================

              daily_price_stdev  annual_price_stdev      price  daily_perc_stdev  annual_perc_stdev  point_size_base  contract_exposure  daily_risk_per_contract  annual_risk_per_contract  position  capital  exposure_held_perc_capital  annual_risk_perc_capital
GAS-PEN                   0.101               1.621       2.94              3.45               55.2           7403.0              21757                      750                     12000        -1   568299                        -3.8                      -2.1
GAS_US_mini               0.103               1.645       2.96              3.47               55.6           1850.8               5478                      190                      3043        -3   568299                        -2.9                      -1.6
DOW                     328.574            5257.189   44099.00              0.75               11.9              0.4              16323                      121                      1945        -4   568299                       -11.5                      -1.4
JPY                       0.000               0.001       0.01              0.67               10.7        9253775.5              62708                      420                      6725        -1   568299                       -11.0                      -1.2
COPPER-micro              0.176               2.815       4.51              3.90               62.5           1850.8               8340                      325                      5209        -1   568299                        -1.5                      -0.9
WHEAT                     7.271             116.329     535.25              1.36               21.7             37.0              19812                      269                      4305        -1   568299                        -3.5                      -0.8
RICE                      0.163               2.610      13.06              1.25               20.0           1480.6              19329                      241                      3864        -1   568299                        -3.4                      -0.7
DAX                     213.957            3423.315   24106.00              0.89               14.2              0.9              20842                      184                      2959        -1   568299                        -3.7                      -0.5
KRWUSD_mini               0.004               0.064       0.72              0.55                8.8          18507.6              13401                       73                      1177        -2   568299                        -4.7                      -0.4
MUMMY                     8.531             136.502     777.00              1.10               17.6              5.0               3887                       42                       683         1   568299                         0.7                       0.1
CANOLA                    9.796             156.729     681.80              1.44               23.0             10.7               7326                      105                      1684         1   568299                         1.3                       0.3
MXP                       0.000               0.005       0.05              0.55                8.8         370151.0              19751                      108                      1731         1   568299                         3.5                       0.3
KOSDAQ                   20.583             329.327    1366.80              1.51               24.1              5.3               7306                      110                      1760         1   568299                         1.3                       0.3
BITCOIN                2132.157           34114.519  120830.00              1.76               28.2              0.1               8945                      157                      2525         1   568299                         1.6                       0.4
KR10                      0.302               4.830     118.54              0.25                4.1            534.6              63370                      161                      2582         1   568299                        11.2                       0.5
NZD                       0.003               0.049       0.59              0.52                8.3          74030.2              44010                      227                      3646         1   568299                         7.7                       0.6
NIKKEI                  484.003            7744.054   43405.00              1.12               17.8              0.5              21718                      242                      3874         1   568299                         3.8                       0.7
HANG_mini               264.615            4233.848   25433.00              1.04               16.6              0.9              23985                      249                      3992         1   568299                         4.2                       0.7
MSCISING                  4.901              78.410     438.45              1.12               17.9             57.7              25309                      282                      4526         1   568299                         4.5                       0.8
LEANHOG                   1.137              18.195      91.62              1.24               19.9            296.1              27132                      336                      5387         1   568299                         4.8                       0.9
BTP                       0.400               6.398     120.93              0.33                5.3            864.6             104557                      345                      5532         1   568299                        18.4                       1.0
BUND                      0.401               6.412     129.62              0.31                4.9            864.6             112071                      346                      5543         1   568299                        19.7                       1.0
YENEUR                    0.799              12.788     171.75              0.47                7.4            625.5             107425                      499                      7998         1   568299                        18.9                       1.4
SPI200                   54.379             870.066    8786.00              0.62                9.9             12.1             106212                      657                     10518         1   568299                        18.7                       1.9
MSCIEAFA                 24.521             392.339    2685.30              0.91               14.6             37.0              99396                      907                     14522         1   568299                        17.5                       2.6
FEEDCOW                   3.740              59.839     340.62              1.10               17.6            370.2             126082                     1384                     22149         1   568299                        22.2                       3.9
MIB                     379.228            6067.651   41660.00              0.91               14.6              4.3             180099                     1639                     26230         1   568299                        31.7                       4.6

Sum of abs(notional exposure % capital) 237.7
Sum of abs(annualised risk % capital) 31.6
Net sum of annualised risk % capital 12.4 

=========================================================================================================================================================================================================================================
                                                                                                              Correlations                                                                                                               
=========================================================================================================================================================================================================================================

              COPPER-micro  FEEDCOW  HANG_mini  KOSDAQ  KRWUSD_mini  LEANHOG  MUMMY   MXP   NZD  BITCOIN   DAX   DOW   MIB  MSCIEAFA  MSCISING  NIKKEI  SPI200   BTP  BUND   JPY  KR10  RICE  CANOLA  GAS-PEN  GAS_US_mini  WHEAT  YENEUR
COPPER-micro          1.00     0.21       0.39    0.19         0.32     0.24   0.23  0.39  0.53     0.12  0.40  0.28  0.32      0.59      0.41    0.24    0.11 -0.08 -0.16  0.27 -0.13  0.20   -0.14     0.05         0.04   0.25    0.13
FEEDCOW               0.21     1.00       0.14    0.20         0.26     0.18   0.31  0.34  0.17    -0.02  0.30  0.16  0.34      0.39      0.25    0.17    0.24  0.13  0.07 -0.01  0.10  0.19   -0.16     0.04         0.07  -0.03    0.13
HANG_mini             0.39     0.14       1.00    0.35         0.35     0.09   0.21  0.23  0.41     0.05  0.33  0.25  0.21      0.50      0.21    0.35    0.27 -0.01 -0.07  0.21  0.01 -0.10    0.13    -0.02        -0.05   0.01    0.09
KOSDAQ                0.19     0.20       0.35    1.00         0.23     0.06   0.29  0.17  0.16    -0.02  0.20  0.31  0.24      0.34      0.23    0.45    0.39  0.22  0.16 -0.03  0.07 -0.01    0.01    -0.04        -0.07  -0.03    0.04
KRWUSD_mini           0.32     0.26       0.35    0.23         1.00     0.25   0.18  0.32  0.60     0.04  0.19  0.08  0.23      0.49      0.14    0.09    0.16  0.22  0.13  0.50  0.35  0.31   -0.07    -0.16        -0.15  -0.05   -0.05
LEANHOG               0.24     0.18       0.09    0.06         0.25     1.00   0.35  0.18  0.17     0.19  0.17  0.18  0.25      0.31      0.17    0.05    0.31  0.07  0.01  0.12 -0.05  0.17    0.14    -0.16        -0.10   0.09   -0.02
MUMMY                 0.23     0.31       0.21    0.29         0.18     0.35   1.00  0.08  0.19     0.11  0.31  0.23  0.40      0.38      0.39    0.43    0.47  0.09  0.07 -0.08 -0.02  0.19   -0.12    -0.05        -0.05   0.00    0.04
MXP                   0.39     0.34       0.23    0.17         0.32     0.18   0.08  1.00  0.44     0.01  0.27  0.16  0.29      0.54      0.23    0.15    0.10  0.14 -0.00  0.22  0.16  0.01    0.06    -0.00         0.01   0.14    0.21
NZD                   0.53     0.17       0.41    0.16         0.60     0.17   0.19  0.44  1.00     0.18  0.32  0.18  0.27      0.68      0.25    0.15    0.15  0.11  0.02  0.60  0.15  0.15    0.03    -0.13        -0.14   0.15   -0.03
BITCOIN               0.12    -0.02       0.05   -0.02         0.04     0.19   0.11  0.01  0.18     1.00  0.35  0.44  0.30      0.27      0.40    0.17    0.37  0.00 -0.10 -0.01 -0.16 -0.08    0.02    -0.05         0.01  -0.09   -0.02
DAX                   0.40     0.30       0.33    0.20         0.19     0.17   0.31  0.27  0.32     0.35  1.00  0.61  0.81      0.75      0.67    0.37    0.52  0.03 -0.20 -0.03 -0.00 -0.10   -0.09    -0.02        -0.01  -0.09    0.12
DOW                   0.28     0.16       0.25    0.31         0.08     0.18   0.23  0.16  0.18     0.44  0.61  1.00  0.55      0.58      0.51    0.50    0.69  0.18  0.00 -0.12  0.02 -0.12   -0.06    -0.09        -0.12  -0.14    0.05
MIB                   0.32     0.34       0.21    0.24         0.23     0.25   0.40  0.29  0.27     0.30  0.81  0.55  1.00      0.73      0.70    0.39    0.47  0.15 -0.11 -0.09  0.01 -0.01   -0.09    -0.07        -0.03  -0.06    0.04
MSCIEAFA              0.59     0.39       0.50    0.34         0.49     0.31   0.38  0.54  0.68     0.27  0.75  0.58  0.73      1.00      0.58    0.49    0.48  0.16 -0.05  0.30  0.10  0.02   -0.08    -0.15        -0.14   0.01    0.11
MSCISING              0.41     0.25       0.21    0.23         0.14     0.17   0.39  0.23  0.25     0.40  0.67  0.51  0.70      0.58      1.00    0.43    0.50  0.01 -0.18 -0.14 -0.12 -0.09   -0.07     0.10         0.15  -0.05    0.08
NIKKEI                0.24     0.17       0.35    0.45         0.09     0.05   0.43  0.15  0.15     0.17  0.37  0.50  0.39      0.49      0.43    1.00    0.54  0.11 -0.01 -0.29 -0.02 -0.08   -0.03    -0.15        -0.17  -0.06    0.35
SPI200                0.11     0.24       0.27    0.39         0.16     0.31   0.47  0.10  0.15     0.37  0.52  0.69  0.47      0.48      0.50    0.54    1.00  0.31  0.22 -0.11  0.12 -0.08   -0.02    -0.11        -0.14  -0.09    0.01
BTP                  -0.08     0.13      -0.01    0.22         0.22     0.07   0.09  0.14  0.11     0.00  0.03  0.18  0.15      0.16      0.01    0.11    0.31  1.00  0.92  0.22  0.51  0.08    0.04    -0.22        -0.24  -0.18   -0.35
BUND                 -0.16     0.07      -0.07    0.16         0.13     0.01   0.07 -0.00  0.02    -0.10 -0.20  0.00 -0.11     -0.05     -0.18   -0.01    0.22  0.92  1.00  0.22  0.49  0.10    0.08    -0.12        -0.16  -0.08   -0.42
JPY                   0.27    -0.01       0.21   -0.03         0.50     0.12  -0.08  0.22  0.60    -0.01 -0.03 -0.12 -0.09      0.30     -0.14   -0.29   -0.11  0.22  0.22  1.00  0.30  0.18   -0.07    -0.17        -0.19   0.13   -0.58
KR10                 -0.13     0.10       0.01    0.07         0.35    -0.05  -0.02  0.16  0.15    -0.16 -0.00  0.02  0.01      0.10     -0.12   -0.02    0.12  0.51  0.49  0.30  1.00  0.10   -0.17    -0.19        -0.24  -0.26   -0.32
RICE                  0.20     0.19      -0.10   -0.01         0.31     0.17   0.19  0.01  0.15    -0.08 -0.10 -0.12 -0.01      0.02     -0.09   -0.08   -0.08  0.08  0.10  0.18  0.10  1.00   -0.17    -0.02        -0.00   0.12   -0.09
CANOLA               -0.14    -0.16       0.13    0.01        -0.07     0.14  -0.12  0.06  0.03     0.02 -0.09 -0.06 -0.09     -0.08     -0.07   -0.03   -0.02  0.04  0.08 -0.07 -0.17 -0.17    1.00     0.15         0.14   0.24    0.10
GAS-PEN               0.05     0.04      -0.02   -0.04        -0.16    -0.16  -0.05 -0.00 -0.13    -0.05 -0.02 -0.09 -0.07     -0.15      0.10   -0.15   -0.11 -0.22 -0.12 -0.17 -0.19 -0.02    0.15     1.00         0.96   0.25    0.03
GAS_US_mini           0.04     0.07      -0.05   -0.07        -0.15    -0.10  -0.05  0.01 -0.14     0.01 -0.01 -0.12 -0.03     -0.14      0.15   -0.17   -0.14 -0.24 -0.16 -0.19 -0.24 -0.00    0.14     0.96         1.00   0.25    0.03
WHEAT                 0.25    -0.03       0.01   -0.03        -0.05     0.09   0.00  0.14  0.15    -0.09 -0.09 -0.14 -0.06      0.01     -0.05   -0.06   -0.09 -0.18 -0.08  0.13 -0.26  0.12    0.24     0.25         0.25   1.00   -0.12
YENEUR                0.13     0.13       0.09    0.04        -0.05    -0.02   0.04  0.21 -0.03    -0.02  0.12  0.05  0.04      0.11      0.08    0.35    0.01 -0.35 -0.42 -0.58 -0.32 -0.09    0.10     0.03         0.03  -0.12    1.00


********************************************************************************
                                 END OF REPORT                                  
********************************************************************************


