
********************************************************************************
           Risk report report produced on 2022-06-10 21:01:42.558379            
********************************************************************************


Total risk across all strategies, annualised percentage 12.0
Percentage of capital used for margin 24.5%

========================================
Risk per strategy, annualised percentage
========================================

                  risk
dynamic_TF_carry  12.0


==================================================================================================================================================================================================================================================================
                                                                                                                         Instrument risk                                                                                                                          
==================================================================================================================================================================================================================================================================

              daily_price_stdev  annual_price_stdev     price  daily_perc_stdev  annual_perc_stdev  point_size_base  contract_exposure  daily_risk_per_contract  annual_risk_per_contract  position  capital  exposure_held_perc_capital  annual_risk_perc_capital
BUND                      0.675              10.800    146.65              0.46                7.4            853.0             125094                      575                      9212        -1   399090                       -31.3                      -2.3
JPY                       0.000               0.001      0.01              0.59                9.4       10127197.6              75407                      442                      7073        -1   399090                       -18.9                      -1.8
LIVECOW                   1.233              19.736    136.48              0.90               14.5            324.1              44227                      399                      6395        -1   399090                       -11.1                      -1.6
KR10                      0.496               7.936    112.46              0.44                7.1            632.1              71090                      313                      5016        -1   399090                       -17.8                      -1.3
DJSTX-SMALL               4.739              75.830    317.50              1.49               23.9             42.7              13541                      202                      3234        -1   399090                        -3.4                      -0.8
GOLD_micro               16.588             265.413   1876.40              0.88               14.1              8.1              15202                      134                      2150        -1   399090                        -3.8                      -0.5
BITCOIN                1423.236           22771.776  29345.00              4.85               77.6              0.1               2377                      115                      1844        -1   399090                        -0.6                      -0.5
NIKKEI400               184.774            2956.377  17790.00              1.04               16.6              0.6              10736                      111                      1784         1   399090                         2.7                       0.4
TOPIX                    20.290             324.633   1972.50              1.03               16.5              6.0              11904                      122                      1959         1   399090                         3.0                       0.5
MXP                       0.000               0.005      0.05              0.65               10.4         405087.9              20294                      131                      2104         1   399090                         5.1                       0.5
V2X                       0.968              15.484     28.00              3.46               55.3             85.3               2388                       82                      1320         2   399090                         1.2                       0.7
IRON                      4.099              65.585    134.95              3.04               48.6             81.0              10933                      332                      5313         1   399090                         2.7                       1.3
CORN                      9.293             148.696    720.50              1.29               20.6             40.5              29186                      376                      6023         1   399090                         7.3                       1.5
EU-OIL                    5.385              86.154    344.10              1.56               25.0             42.7              14676                      229                      3674         2   399090                         7.4                       1.8
EU-BASIC                 12.565             201.037    655.70              1.92               30.7             42.7              27966                      535                      8574         1   399090                         7.0                       2.1
SOYOIL                    1.148              18.369     77.62              1.48               23.7            486.1              37731                      558                      8929         1   399090                         9.5                       2.2
SOYBEAN                  15.220             243.516   1566.00              0.97               15.6             40.5              63436                      616                      9864         1   399090                        15.9                       2.5
CRUDE_W_mini              2.318              37.094    117.08              1.98               31.7            405.1              47425                      939                     15026         1   399090                        11.9                       3.8
GAS_US_mini               0.323               5.165      8.78              3.68               58.9           2025.4              17773                      653                     10461         2   399090                         8.9                       5.2

Sum of abs(notional exposure % capital) 169.5
Sum of abs(annualised risk % capital) 31.3
Net sum of annualised risk % capital 13.7 

=================================================================================================================================================================================
                                                                                  Correlations                                                                                   
=================================================================================================================================================================================

              BUND   JPY  KR10   V2X  BITCOIN  DJSTX-SMALL  LIVECOW   MXP  NIKKEI400  TOPIX  CRUDE_W_mini  GOLD_micro  IRON  CORN  EU-BASIC  EU-OIL  GAS_US_mini  SOYBEAN  SOYOIL
BUND          1.00  0.37  0.34  0.24     0.01        -0.07    -0.13 -0.08      -0.16  -0.15          0.04        0.12 -0.04  0.04     -0.10   -0.09        -0.08    -0.02    0.11
JPY           0.37  1.00  0.27  0.22    -0.04        -0.10    -0.08  0.00      -0.19  -0.19          0.06        0.20 -0.07  0.02     -0.11   -0.08        -0.05     0.03    0.04
KR10          0.34  0.27  1.00  0.06     0.03         0.06    -0.02  0.06      -0.01  -0.01          0.05        0.05 -0.04 -0.04     -0.06   -0.09        -0.09     0.03    0.06
V2X           0.24  0.22  0.06  1.00    -0.13        -0.32    -0.15 -0.21      -0.29  -0.31         -0.04        0.14 -0.00  0.06     -0.22   -0.24        -0.07    -0.07    0.02
BITCOIN       0.01 -0.04  0.03 -0.13     1.00         0.28     0.17  0.13       0.22   0.23          0.09       -0.01  0.13  0.06      0.22    0.14         0.05     0.04    0.02
DJSTX-SMALL  -0.07 -0.10  0.06 -0.32     0.28         1.00     0.19  0.32       0.39   0.40          0.06       -0.11 -0.00  0.09      0.31    0.28         0.16     0.15    0.10
LIVECOW      -0.13 -0.08 -0.02 -0.15     0.17         0.19     1.00  0.11       0.16   0.17          0.03       -0.01  0.06 -0.06      0.10    0.11         0.06     0.07    0.03
MXP          -0.08  0.00  0.06 -0.21     0.13         0.32     0.11  1.00       0.27   0.26          0.00        0.00  0.02  0.06      0.25    0.21         0.10     0.14    0.08
NIKKEI400    -0.16 -0.19 -0.01 -0.29     0.22         0.39     0.16  0.27       1.00   0.49         -0.01       -0.13 -0.01 -0.01      0.24    0.19         0.08     0.08    0.03
TOPIX        -0.15 -0.19 -0.01 -0.31     0.23         0.40     0.17  0.26       0.49   1.00          0.03       -0.11  0.00 -0.00      0.25    0.22         0.09     0.09    0.04
CRUDE_W_mini  0.04  0.06  0.05 -0.04     0.09         0.06     0.03  0.00      -0.01   0.03          1.00        0.26  0.21  0.12      0.23    0.28         0.11     0.14    0.15
GOLD_micro    0.12  0.20  0.05  0.14    -0.01        -0.11    -0.01  0.00      -0.13  -0.11          0.26        1.00  0.17  0.07      0.10    0.05         0.02     0.11    0.10
IRON         -0.04 -0.07 -0.04 -0.00     0.13        -0.00     0.06  0.02      -0.01   0.00          0.21        0.17  1.00  0.12      0.28    0.16         0.11     0.12    0.09
CORN          0.04  0.02 -0.04  0.06     0.06         0.09    -0.06  0.06      -0.01  -0.00          0.12        0.07  0.12  1.00      0.19    0.13         0.16     0.39    0.26
EU-BASIC     -0.10 -0.11 -0.06 -0.22     0.22         0.31     0.10  0.25       0.24   0.25          0.23        0.10  0.28  0.19      1.00    0.40         0.21     0.22    0.11
EU-OIL       -0.09 -0.08 -0.09 -0.24     0.14         0.28     0.11  0.21       0.19   0.22          0.28        0.05  0.16  0.13      0.40    1.00         0.21     0.16    0.14
GAS_US_mini  -0.08 -0.05 -0.09 -0.07     0.05         0.16     0.06  0.10       0.08   0.09          0.11        0.02  0.11  0.16      0.21    0.21         1.00     0.14    0.15
SOYBEAN      -0.02  0.03  0.03 -0.07     0.04         0.15     0.07  0.14       0.08   0.09          0.14        0.11  0.12  0.39      0.22    0.16         0.14     1.00    0.33
SOYOIL        0.11  0.04  0.06  0.02     0.02         0.10     0.03  0.08       0.03   0.04          0.15        0.10  0.09  0.26      0.11    0.14         0.15     0.33    1.00


********************************************************************************
                                 END OF REPORT                                  
********************************************************************************


