
********************************************************************************
                    Risk report produced on 02/07/2024 22:52                    
********************************************************************************


Total risk across all strategies, annualised percentage 10.5
Percentage of capital used for margin 73.3%

========================================
Risk per strategy, annualised percentage
========================================

                  risk
dynamic_TF_carry  10.5


===================
Risk by asset class
===================

Ags       1.1
Bond      2.6
Equity    6.4
FX        3.5
Metals    1.8
OilGas    2.7
Vol       1.9
dtype: float64


=====================================================
Beta loadings of asset class positions on asset class
=====================================================

Bond     -0.33
Metals   -0.06
Vol      -0.06
Ags       0.05
OilGas    0.11
FX        0.13
Equity    0.58
dtype: float64


========================================================
Beta loadings of full portfolio positions on asset class
========================================================

Bond     -0.43
Vol      -0.23
Metals   -0.01
OilGas    0.14
Ags       0.16
FX        0.60
Equity    0.67
dtype: float64


===================================================================================================================================================================================================================================================================
                                                                                                                          Instrument risk                                                                                                                          
===================================================================================================================================================================================================================================================================

               daily_price_stdev  annual_price_stdev     price  daily_perc_stdev  annual_perc_stdev  point_size_base  contract_exposure  daily_risk_per_contract  annual_risk_per_contract  position  capital  exposure_held_perc_capital  annual_risk_perc_capital
BUND                       0.642              10.266    130.38              0.49                7.9            849.3             110733                      544                      8718        -2   667500                       -33.2                      -2.6
VIX                        0.314               5.025     14.20              2.21               35.4            791.3              11236                      248                      3976        -3   667500                        -5.1                      -1.8
EUROSTX                   41.600             665.594   4942.00              0.84               13.5              8.5              41973                      353                      5652        -2   667500                       -12.6                      -1.7
ALUMINIUM                 34.481             551.702   2488.25              1.39               22.2             19.8              49222                      682                     10913        -1   667500                        -7.4                      -1.6
JPY                        0.000               0.001      0.01              0.53                8.5        9891079.4              61947                      327                      5243        -2   667500                       -18.6                      -1.6
CHINAA-CON                15.404             246.457   1943.40              0.79               12.7             19.8              38444                      304                      4875        -1   667500                        -5.8                      -0.7
BITCOIN                 1738.666           27818.650  62415.00              2.79               44.6              0.1               4938                      137                      2201        -2   667500                        -1.5                      -0.7
CORN                       5.673              90.773    421.25              1.35               21.5             39.6              16666                      224                      3591        -1   667500                        -2.5                      -0.5
GAS_US_mini                0.107               1.718      2.46              4.36               69.8           1978.2               4866                      212                      3398        -1   667500                        -0.7                      -0.5
FTSECHINAA               100.168            1602.693  12037.00              0.83               13.3              0.8               9524                       79                      1268        -2   667500                        -2.9                      -0.4
DAX                      138.828            2221.252  18319.00              0.76               12.1              0.8              15558                      117                      1886        -1   667500                        -2.3                      -0.3
KOSDAQ                    18.603             297.655   1362.10              1.37               21.9              5.7               7702                      105                      1683        -1   667500                        -1.2                      -0.3
RUSSELL                   20.650             330.394   2052.50              1.01               16.1              4.0               8120                       81                      1307        -1   667500                        -1.2                      -0.2
V2X                        0.381               6.089     16.25              2.34               37.5             84.9               1380                       32                       517        -2   667500                        -0.4                      -0.2
CRUDE_W_micro              1.203              19.248     81.12              1.48               23.7             79.1               6418                       95                      1523         0   667500                         0.0                       0.0
MSCISING                   1.934              30.948    315.05              0.61                9.8             58.3              18355                      112                      1803         1   667500                         2.7                       0.3
SP500_micro               34.594             553.511   5432.50              0.63               10.1              4.0              21493                      136                      2189         1   667500                         3.2                       0.3
NASDAQ_micro             161.349            2581.584  20222.00              0.80               12.8              1.6              32002                      255                      4085         1   667500                         4.8                       0.6
TOPIX                     22.128             354.055   2847.75              0.78               12.4              4.9              13935                      108                      1732         3   667500                         6.3                       0.8
LIVECOW                    1.311              20.981    185.52              0.71               11.3            316.5              58721                      415                      6640         1   667500                         8.8                       1.0
DOW                      233.298            3732.767  39614.00              0.59                9.4              0.4              15673                       92                      1476         5   667500                        11.7                       1.1
NIKKEI                   329.425            5270.801  39850.00              0.83               13.2              0.5              19500                      161                      2579         3   667500                         8.8                       1.2
FTSETAIWAN                16.024             256.383   1915.00              0.84               13.4             31.7              60612                      507                      8114         1   667500                         9.1                       1.2
AEX                        5.408              86.523    925.95              0.58                9.3            169.9             157284                      918                     14697         1   667500                        23.6                       2.2
YENEUR                     0.753              12.051    172.14              0.44                7.0            611.7             105292                      460                      7371         2   667500                        31.5                       2.2
GASOILINE                  0.034               0.542      2.34              1.45               23.2          33234.0              77701                     1125                     18002         1   667500                        11.6                       2.7
MIB                      347.609            5561.739  33655.00              1.03               16.5              4.2             142918                     1476                     23618         1   667500                        21.4                       3.5

Sum of abs(notional exposure % capital) 238.9
Sum of abs(annualised risk % capital) 30.2
Net sum of annualised risk % capital 4.0 

=================================================================================================================================================================================================================================================================
                                                                                                                          Correlations                                                                                                                           
=================================================================================================================================================================================================================================================================

                V2X   VIX  GAS_US_mini  YENEUR  ALUMINIUM  CHINAA-CON  CORN  CRUDE_W_micro  FTSECHINAA  GASOILINE  LIVECOW  BITCOIN  BUND   JPY   AEX   DAX   DOW  EUROSTX  FTSETAIWAN  KOSDAQ   MIB  MSCISING  NASDAQ_micro  NIKKEI  RUSSELL  SP500_micro  TOPIX
V2X            1.00  0.80        -0.17   -0.23      -0.00       -0.12 -0.09           0.02       -0.13      -0.04    -0.06    -0.11  0.07 -0.10 -0.61 -0.76 -0.58    -0.74       -0.28   -0.32 -0.69     -0.30         -0.44   -0.42    -0.59        -0.59  -0.41
VIX            0.80  1.00        -0.15   -0.22       0.07       -0.24 -0.08           0.09       -0.22       0.01    -0.13    -0.12  0.06 -0.14 -0.49 -0.64 -0.64    -0.64       -0.29   -0.34 -0.59     -0.30         -0.56   -0.38    -0.60        -0.70  -0.43
GAS_US_mini   -0.17 -0.15         1.00    0.20      -0.17        0.10  0.10           0.17        0.08       0.08     0.17     0.01 -0.03 -0.10  0.02 -0.00  0.17    -0.01       -0.01   -0.15  0.02      0.09          0.12    0.20     0.05         0.16   0.22
YENEUR        -0.23 -0.22         0.20    1.00       0.02        0.14  0.00          -0.00        0.15       0.02     0.08    -0.10 -0.31 -0.67  0.02  0.06  0.03     0.05       -0.01    0.09  0.20      0.01          0.05    0.45     0.03         0.09   0.44
ALUMINIUM     -0.00  0.07        -0.17    0.02       1.00        0.18  0.15           0.17        0.26       0.14     0.03    -0.02 -0.02  0.12 -0.03  0.02 -0.13     0.04        0.11   -0.12  0.07      0.19         -0.13   -0.05     0.06        -0.10  -0.04
CHINAA-CON    -0.12 -0.24         0.10    0.14       0.18        1.00  0.05           0.17        0.94       0.22     0.33    -0.06 -0.04  0.08  0.25  0.12  0.27     0.16        0.39    0.16  0.14      0.39          0.28    0.12     0.19         0.32   0.13
CORN          -0.09 -0.08         0.10    0.00       0.15        0.05  1.00           0.19        0.03       0.16     0.03     0.15  0.01  0.14  0.03  0.09  0.13     0.03        0.22    0.09  0.00      0.17          0.13    0.00     0.10         0.14  -0.02
CRUDE_W_micro  0.02  0.09         0.17   -0.00       0.17        0.17  0.19           1.00        0.13       0.91     0.40    -0.04 -0.23 -0.01  0.07 -0.05  0.08    -0.05        0.25   -0.01  0.04      0.20          0.01    0.17     0.13         0.07   0.17
FTSECHINAA    -0.13 -0.22         0.08    0.15       0.26        0.94  0.03           0.13        1.00       0.17     0.28    -0.15 -0.08  0.03  0.23  0.09  0.18     0.13        0.29    0.09  0.11      0.39          0.19    0.13     0.14         0.23   0.18
GASOILINE     -0.04  0.01         0.08    0.02       0.14        0.22  0.16           0.91        0.17       1.00     0.43    -0.02 -0.14  0.02  0.14  0.03  0.20     0.06        0.26    0.03  0.14      0.18          0.07    0.20     0.21         0.16   0.19
LIVECOW       -0.06 -0.13         0.17    0.08       0.03        0.33  0.03           0.40        0.28       0.43     1.00    -0.19 -0.11 -0.00  0.06 -0.04  0.20     0.03        0.14   -0.08  0.11      0.09          0.24    0.09     0.14         0.23   0.09
BITCOIN       -0.11 -0.12         0.01   -0.10      -0.02       -0.06  0.15          -0.04       -0.15      -0.02    -0.19     1.00  0.16  0.21  0.21  0.28  0.22     0.30        0.19    0.13  0.22      0.04          0.08    0.03     0.28         0.18  -0.05
BUND           0.07  0.06        -0.03   -0.31      -0.02       -0.04  0.01          -0.23       -0.08      -0.14    -0.11     0.16  1.00  0.39  0.28  0.21  0.32     0.24        0.28    0.11  0.05      0.09          0.26   -0.06     0.20         0.25  -0.10
JPY           -0.10 -0.14        -0.10   -0.67       0.12        0.08  0.14          -0.01        0.03       0.02    -0.00     0.21  0.39  1.00  0.21  0.27  0.31     0.28        0.20    0.11  0.15      0.20          0.30   -0.32     0.27         0.31  -0.32
AEX           -0.61 -0.49         0.02    0.02      -0.03        0.25  0.03           0.07        0.23       0.14     0.06     0.21  0.28  0.21  1.00  0.77  0.65     0.82        0.53    0.34  0.64      0.40          0.58    0.43     0.68         0.70   0.35
DAX           -0.76 -0.64        -0.00    0.06       0.02        0.12  0.09          -0.05        0.09       0.03    -0.04     0.28  0.21  0.27  0.77  1.00  0.70     0.96        0.34    0.39  0.85      0.29          0.50    0.39     0.71         0.68   0.34
DOW           -0.58 -0.64         0.17    0.03      -0.13        0.27  0.13           0.08        0.18       0.20     0.20     0.22  0.32  0.31  0.65  0.70  1.00     0.72        0.44    0.47  0.66      0.36          0.67    0.36     0.76         0.86   0.34
EUROSTX       -0.74 -0.64        -0.01    0.05       0.04        0.16  0.03          -0.05        0.13       0.06     0.03     0.30  0.24  0.28  0.82  0.96  0.72     1.00        0.33    0.38  0.86      0.29          0.49    0.38     0.71         0.69   0.33
FTSETAIWAN    -0.28 -0.29        -0.01   -0.01       0.11        0.39  0.22           0.25        0.29       0.26     0.14     0.19  0.28  0.20  0.53  0.34  0.44     0.33        1.00    0.33  0.22      0.50          0.57    0.28     0.46         0.54   0.20
KOSDAQ        -0.32 -0.34        -0.15    0.09      -0.12        0.16  0.09          -0.01        0.09       0.03    -0.08     0.13  0.11  0.11  0.34  0.39  0.47     0.38        0.33    1.00  0.42      0.43          0.36    0.32     0.48         0.47   0.27
MIB           -0.69 -0.59         0.02    0.20       0.07        0.14  0.00           0.04        0.11       0.14     0.11     0.22  0.05  0.15  0.64  0.85  0.66     0.86        0.22    0.42  1.00      0.38          0.34    0.48     0.68         0.59   0.47
MSCISING      -0.30 -0.30         0.09    0.01       0.19        0.39  0.17           0.20        0.39       0.18     0.09     0.04  0.09  0.20  0.40  0.29  0.36     0.29        0.50    0.43  0.38      1.00          0.27    0.32     0.37         0.36   0.35
NASDAQ_micro  -0.44 -0.56         0.12    0.05      -0.13        0.28  0.13           0.01        0.19       0.07     0.24     0.08  0.26  0.30  0.58  0.50  0.67     0.49        0.57    0.36  0.34      0.27          1.00    0.41     0.62         0.92   0.30
NIKKEI        -0.42 -0.38         0.20    0.45      -0.05        0.12  0.00           0.17        0.13       0.20     0.09     0.03 -0.06 -0.32  0.43  0.39  0.36     0.38        0.28    0.32  0.48      0.32          0.41    1.00     0.47         0.47   0.93
RUSSELL       -0.59 -0.60         0.05    0.03       0.06        0.19  0.10           0.13        0.14       0.21     0.14     0.28  0.20  0.27  0.68  0.71  0.76     0.71        0.46    0.48  0.68      0.37          0.62    0.47     1.00         0.78   0.42
SP500_micro   -0.59 -0.70         0.16    0.09      -0.10        0.32  0.14           0.07        0.23       0.16     0.23     0.18  0.25  0.31  0.70  0.68  0.86     0.69        0.54    0.47  0.59      0.36          0.92    0.47     0.78         1.00   0.40
TOPIX         -0.41 -0.43         0.22    0.44      -0.04        0.13 -0.02           0.17        0.18       0.19     0.09    -0.05 -0.10 -0.32  0.35  0.34  0.34     0.33        0.20    0.27  0.47      0.35          0.30    0.93     0.42         0.40   1.00


********************************************************************************
                                 END OF REPORT                                  
********************************************************************************


