
********************************************************************************
                    Risk report produced on 27/09/2023 22:52                    
********************************************************************************


Total risk across all strategies, annualised percentage 16.1
Percentage of capital used for margin 58.6%

========================================
Risk per strategy, annualised percentage
========================================

                  risk
dynamic_TF_carry  16.1


===================
Risk by asset class
===================

Ags       4.8
Bond      9.0
Equity    2.8
FX        6.2
Sector    2.6
Vol       1.8
dtype: float64


=====================================================
Beta loadings of asset class positions on asset class
=====================================================

Bond     -1.26
FX       -1.22
Equity   -0.09
Vol      -0.04
Sector    0.16
Ags       0.31
dtype: float64


========================================================
Beta loadings of full portfolio positions on asset class
========================================================

FX       -1.95
Bond     -1.74
Equity   -0.20
Vol      -0.06
Sector    0.18
Ags       0.39
dtype: float64


==================================================================================================================================================================================================================================================================
                                                                                                                         Instrument risk                                                                                                                          
==================================================================================================================================================================================================================================================================

              daily_price_stdev  annual_price_stdev     price  daily_perc_stdev  annual_perc_stdev  point_size_base  contract_exposure  daily_risk_per_contract  annual_risk_per_contract  position  capital  exposure_held_perc_capital  annual_risk_perc_capital
US20                      0.927              14.838    113.62              0.82               13.1            823.4              93557                      763                     12217        -1   389601                       -24.0                      -3.1
DAX                     132.951            2127.219  15342.00              0.87               13.9              0.9              13340                      115                      1849        -6   389601                       -20.5                      -2.8
BTP                       0.700              11.202    109.61              0.64               10.2            869.5              95309                      608                      9740        -1   389601                       -24.5                      -2.5
US3                       0.178               2.842    102.87              0.17                2.8           1646.8             169404                      292                      4679        -2   389601                       -87.0                      -2.4
BUND                      0.623               9.973    128.68              0.48                7.7            869.5             111891                      541                      8671        -1   389601                       -28.7                      -2.2
CHF                       0.004               0.070      1.10              0.40                6.4         102923.0             112757                      448                      7178        -1   389601                       -28.9                      -1.8
VIX                       0.543               8.690     18.85              2.88               46.1            823.4              15520                      447                      7155        -1   389601                        -4.0                      -1.8
JPY                       0.000               0.001      0.01              0.52                8.3       10292301.4              69735                      360                      5769        -1   389601                       -17.9                      -1.5
AUD                       0.004               0.061      0.64              0.59                9.5          82338.4              52461                      311                      4989        -1   389601                       -13.5                      -1.3
NASDAQ_micro            184.421            2950.733  14772.75              1.25               20.0              1.6              24327                      303                      4859        -1   389601                        -6.2                      -1.2
GBP                       0.005               0.084      1.21              0.43                7.0          51461.5              62520                      271                      4346        -1   389601                       -16.0                      -1.1
NZD                       0.003               0.051      0.59              0.54                8.7          82338.4              48789                      264                      4232        -1   389601                       -12.5                      -1.1
CNH                       0.020               0.322      7.31              0.28                4.4          11263.6              82342                      226                      3623         1   389601                        21.1                       0.9
SOYBEAN_mini             16.298             260.768   1303.25              1.25               20.0              8.2              10730                      134                      2147         2   389601                         5.5                       1.1
LEANHOG                   1.456              23.300     72.75              2.00               32.0            329.4              23960                      479                      7674         1   389601                         6.2                       2.0
EU-OIL                    3.676              58.810    364.70              1.01               16.1             43.5              15855                      159                      2556         4   389601                        16.3                       2.6
NIKKEI                  302.582            4841.310  32000.00              0.95               15.1              0.6              17671                      167                      2673         4   389601                        18.1                       2.7
LIVECOW                   1.275              20.408    188.32              0.68               10.8            329.4              62025                      420                      6721         2   389601                        31.8                       3.5

Sum of abs(notional exposure % capital) 382.7
Sum of abs(annualised risk % capital) 35.6
Net sum of annualised risk % capital -10.0 

==================================================================================================================================================
                                                                   Correlations                                                                   
==================================================================================================================================================

               CNH   VIX   AUD   BTP  BUND   CHF   GBP   JPY   NZD  US20   US3   DAX  NASDAQ_micro  NIKKEI  EU-OIL  LEANHOG  LIVECOW  SOYBEAN_mini
CNH           1.00  0.06 -0.57 -0.25 -0.24 -0.59 -0.45 -0.51 -0.55 -0.39 -0.52 -0.30         -0.26   -0.07   -0.06    -0.22     0.10         -0.02
VIX           0.06  1.00 -0.35 -0.24 -0.05 -0.06 -0.21  0.01 -0.18 -0.16  0.14 -0.60         -0.60   -0.59   -0.35    -0.16    -0.32         -0.24
AUD          -0.57 -0.35  1.00  0.30  0.22  0.56  0.65  0.46  0.84  0.42  0.39  0.51          0.52    0.34    0.34     0.17    -0.03          0.32
BTP          -0.25 -0.24  0.30  1.00  0.90  0.27  0.39  0.25  0.31  0.67  0.51  0.31          0.44    0.15   -0.05     0.04    -0.07          0.08
BUND         -0.24 -0.05  0.22  0.90  1.00  0.24  0.34  0.27  0.28  0.72  0.61  0.14          0.30    0.02   -0.13     0.01    -0.13         -0.02
CHF          -0.59 -0.06  0.56  0.27  0.24  1.00  0.66  0.49  0.58  0.50  0.56  0.33          0.35    0.11    0.01     0.18    -0.05          0.12
GBP          -0.45 -0.21  0.65  0.39  0.34  0.66  1.00  0.37  0.72  0.47  0.56  0.36          0.43    0.17    0.15     0.19     0.01          0.19
JPY          -0.51  0.01  0.46  0.25  0.27  0.49  0.37  1.00  0.46  0.42  0.60  0.08          0.16   -0.30   -0.04     0.02    -0.09          0.03
NZD          -0.55 -0.18  0.84  0.31  0.28  0.58  0.72  0.46  1.00  0.39  0.50  0.41          0.40    0.21    0.21     0.18    -0.04          0.14
US20         -0.39 -0.16  0.42  0.67  0.72  0.50  0.47  0.42  0.39  1.00  0.72  0.22          0.31    0.13   -0.02    -0.02    -0.11          0.08
US3          -0.52  0.14  0.39  0.51  0.61  0.56  0.56  0.60  0.50  0.72  1.00  0.04          0.14   -0.15   -0.10     0.03    -0.17         -0.15
DAX          -0.30 -0.60  0.51  0.31  0.14  0.33  0.36  0.08  0.41  0.22  0.04  1.00          0.71    0.64    0.34     0.16     0.16          0.21
NASDAQ_micro -0.26 -0.60  0.52  0.44  0.30  0.35  0.43  0.16  0.40  0.31  0.14  0.71          1.00    0.62    0.16     0.04     0.15          0.11
NIKKEI       -0.07 -0.59  0.34  0.15  0.02  0.11  0.17 -0.30  0.21  0.13 -0.15  0.64          0.62    1.00    0.35     0.18     0.19          0.07
EU-OIL       -0.06 -0.35  0.34 -0.05 -0.13  0.01  0.15 -0.04  0.21 -0.02 -0.10  0.34          0.16    0.35    1.00     0.13     0.05          0.31
LEANHOG      -0.22 -0.16  0.17  0.04  0.01  0.18  0.19  0.02  0.18 -0.02  0.03  0.16          0.04    0.18    0.13     1.00     0.36          0.19
LIVECOW       0.10 -0.32 -0.03 -0.07 -0.13 -0.05  0.01 -0.09 -0.04 -0.11 -0.17  0.16          0.15    0.19    0.05     0.36     1.00          0.06
SOYBEAN_mini -0.02 -0.24  0.32  0.08 -0.02  0.12  0.19  0.03  0.14  0.08 -0.15  0.21          0.11    0.07    0.31     0.19     0.06          1.00


********************************************************************************
                                 END OF REPORT                                  
********************************************************************************


