
********************************************************************************
                    Risk report produced on 26/06/2025 22:53                    
********************************************************************************


Total risk across all strategies, annualised percentage 10.6
Percentage of capital used for margin 45.4%

========================================
Risk per strategy, annualised percentage
========================================

                  risk
dynamic_TF_carry  10.6


===================
Risk by asset class
===================

Ags       3.7
Bond      1.7
Equity    3.5
FX        4.1
Metals    2.6
OilGas    3.0
dtype: float64


=====================================================
Beta loadings of asset class positions on asset class
=====================================================

OilGas   -0.07
Metals    0.06
Ags       0.20
Bond      0.24
Equity    0.24
FX        0.55
dtype: float64


========================================================
Beta loadings of full portfolio positions on asset class
========================================================

Bond     -0.15
OilGas   -0.06
Metals    0.21
Ags       0.25
Equity    0.39
FX        0.83
dtype: float64


===================================================================================================================================================================================================================================================================
                                                                                                                          Instrument risk                                                                                                                          
===================================================================================================================================================================================================================================================================

               daily_price_stdev  annual_price_stdev     price  daily_perc_stdev  annual_perc_stdev  point_size_base  contract_exposure  daily_risk_per_contract  annual_risk_per_contract  position  capital  exposure_held_perc_capital  annual_risk_perc_capital
DX                         0.414               6.632     96.76              0.43                6.9            729.5              70586                      302                      4837        -4   537762                       -52.5                      -3.6
GAS-PEN                    0.115               1.842      3.53              3.26               52.2           7294.6              25749                      839                     13437        -1   537762                        -4.8                      -2.5
JPY                        0.000               0.001      0.01              0.64               10.3        9118263.9              63736                      409                      6550        -2   537762                       -23.7                      -2.4
EUROSTX                   47.924             766.778   5263.00              0.91               14.6              8.5              44853                      408                      6534        -1   537762                        -8.3                      -1.2
WHEAT                     10.049             160.783    559.25              1.80               28.7             36.5              20397                      366                      5864        -1   537762                        -3.8                      -1.1
US10U                      0.495               7.919    114.03              0.43                6.9            729.5              83181                      361                      5776        -1   537762                       -15.5                      -1.1
DOW                      393.014            6288.225  43697.00              0.90               14.4              0.4              15937                      143                      2293        -2   537762                        -5.9                      -0.9
RICE                       0.187               2.990     13.40              1.39               22.3           1458.9              19549                      272                      4361        -1   537762                        -3.6                      -0.8
GAS_US_mini                0.117               1.868      3.53              3.31               52.9           1823.7               6437                      212                      3406        -1   537762                        -1.2                      -0.6
IRON                       1.079              17.271     91.90              1.17               18.8             72.9               6703                       78                      1259        -2   537762                        -2.5                      -0.5
COPPER-micro               0.073               1.172      5.11              1.43               22.9           1823.7               9317                      133                      2136        -1   537762                        -1.7                      -0.4
MUMMY                      9.843             157.495    741.00              1.33               21.3              5.0               3736                       49                       794         1   537762                         0.7                       0.1
KOSDAQ                    20.417             326.671   1280.80              1.59               25.5              5.3               6850                      109                      1747         1   537762                         1.3                       0.3
MXP                        0.000               0.005      0.05              0.57                9.2         364730.6              19170                      109                      1759         1   537762                         3.6                       0.3
TOPIX                     27.701             443.209   2795.50              0.99               15.9              5.0              14096                      139                      2234         1   537762                         2.6                       0.4
CAD                        0.003               0.042      0.74              0.36                5.7          72946.1              53743                      191                      3064         1   537762                        10.0                       0.6
CRUDE_W_micro              1.792              28.673     62.58              2.86               45.8             72.9               4564                      130                      2091         2   537762                         1.7                       0.8
LEANHOG                    1.023              16.370     94.88              1.08               17.3            291.8              27683                      298                      4776         1   537762                         5.1                       0.9
CANOLA                     9.765             156.233    710.20              1.37               22.0             10.6               7552                      103                      1661         3   537762                         4.2                       0.9
BTP                        0.390               6.237    120.98              0.32                5.2            852.2             103104                      332                      5315         1   537762                        19.2                       1.0
BUND                       0.401               6.412    130.45              0.31                4.9            852.2             111174                      341                      5464         1   537762                        20.7                       1.0
YENEUR                     0.795              12.714    168.39              0.47                7.6            630.3             106139                      500                      8013         1   537762                        19.7                       1.5
PLAT                      26.075             417.196   1423.80              1.83               29.3             36.5              51930                      951                     15216         1   537762                         9.7                       2.8
FEEDCOW                    2.633              42.131    303.30              0.87               13.9            364.7             110622                      960                     15366         1   537762                        20.6                       2.9
MIB                      372.684            5962.945  39395.00              0.95               15.1              4.3             167870                     1588                     25409         1   537762                        31.2                       4.7

Sum of abs(notional exposure % capital) 273.8
Sum of abs(annualised risk % capital) 33.3
Net sum of annualised risk % capital 3.1 

=================================================================================================================================================================================================================
                                                                                                  Correlations                                                                                                   
=================================================================================================================================================================================================================

                BTP  BUND   CAD   JPY  RICE  US10U  COPPER-micro  CRUDE_W_micro   DOW  EUROSTX  FEEDCOW  IRON  KOSDAQ  LEANHOG   MIB  MUMMY   MXP  PLAT  TOPIX  CANOLA  WHEAT    DX  GAS-PEN  GAS_US_mini  YENEUR
BTP            1.00  0.91  0.30  0.31  0.04   0.53          0.10          -0.04  0.29     0.24    -0.05  0.12    0.10    -0.06  0.19   0.15  0.13  0.22   0.08   -0.06  -0.04 -0.22    -0.16        -0.15   -0.40
BUND           0.91  1.00  0.31  0.42  0.03   0.49         -0.09          -0.12  0.08    -0.03    -0.26  0.03   -0.04    -0.15 -0.08  -0.01 -0.10  0.05  -0.15   -0.07  -0.04 -0.17    -0.13        -0.15   -0.58
CAD            0.30  0.31  1.00  0.36  0.08   0.11          0.32           0.16  0.04     0.08    -0.01  0.03    0.27     0.16  0.07   0.30  0.30  0.15   0.02    0.13   0.30 -0.61    -0.10        -0.06   -0.01
JPY            0.31  0.42  0.36  1.00  0.28   0.52          0.02          -0.31 -0.16    -0.19    -0.31  0.09   -0.12    -0.04 -0.19  -0.15 -0.17  0.00  -0.49   -0.15   0.20 -0.70    -0.24        -0.27   -0.72
RICE           0.04  0.03  0.08  0.28  1.00  -0.05          0.07          -0.08 -0.10    -0.10     0.03  0.08   -0.04     0.08 -0.10  -0.03 -0.13  0.21  -0.21   -0.03   0.15 -0.20    -0.05        -0.06   -0.15
US10U          0.53  0.49  0.11  0.52 -0.05   1.00          0.09          -0.13  0.13     0.11    -0.09  0.10    0.03    -0.12  0.11  -0.04 -0.05  0.11  -0.12   -0.21  -0.10 -0.38     0.08         0.08   -0.43
COPPER-micro   0.10 -0.09  0.32  0.02  0.07   0.09          1.00           0.47  0.59     0.66     0.40  0.46    0.40     0.38  0.68   0.50  0.47  0.48   0.44   -0.08   0.20 -0.26    -0.02         0.16    0.17
CRUDE_W_micro -0.04 -0.12  0.16 -0.31 -0.08  -0.13          0.47           1.00  0.35     0.35     0.29  0.28    0.15     0.36  0.38   0.32  0.29  0.15   0.32    0.27   0.06  0.16     0.15         0.31    0.23
DOW            0.29  0.08  0.04 -0.16 -0.10   0.13          0.59           0.35  1.00     0.79     0.43  0.31    0.37     0.46  0.79   0.60  0.29  0.37   0.62   -0.03  -0.09  0.09     0.03         0.17    0.06
EUROSTX        0.24 -0.03  0.08 -0.19 -0.10   0.11          0.66           0.35  0.79     1.00     0.46  0.31    0.51     0.32  0.95   0.61  0.46  0.45   0.73   -0.10   0.02 -0.00    -0.01         0.16    0.22
FEEDCOW       -0.05 -0.26 -0.01 -0.31  0.03  -0.09          0.40           0.29  0.43     0.46     1.00  0.23    0.28     0.32  0.49   0.35  0.37  0.24   0.44   -0.02  -0.19  0.03    -0.06         0.07    0.38
IRON           0.12  0.03  0.03  0.09  0.08   0.10          0.46           0.28  0.31     0.31     0.23  1.00    0.10     0.22  0.32   0.10  0.11  0.24   0.17    0.05   0.18 -0.07    -0.13        -0.04   -0.07
KOSDAQ         0.10 -0.04  0.27 -0.12 -0.04   0.03          0.40           0.15  0.37     0.51     0.28  0.10    1.00     0.10  0.46   0.45  0.40  0.26   0.49   -0.02   0.02 -0.19     0.02         0.10    0.29
LEANHOG       -0.06 -0.15  0.16 -0.04  0.08  -0.12          0.38           0.36  0.46     0.32     0.32  0.22    0.10     1.00  0.35   0.36  0.24  0.23   0.22    0.31   0.24 -0.06    -0.00         0.11    0.11
MIB            0.19 -0.08  0.07 -0.19 -0.10   0.11          0.68           0.38  0.79     0.95     0.49  0.32    0.46     0.35  1.00   0.64  0.45  0.44   0.70   -0.07   0.05 -0.00    -0.01         0.19    0.22
MUMMY          0.15 -0.01  0.30 -0.15 -0.03  -0.04          0.50           0.32  0.60     0.61     0.35  0.10    0.45     0.36  0.64   1.00  0.36  0.29   0.71   -0.00  -0.05 -0.06     0.01         0.14    0.22
MXP            0.13 -0.10  0.30 -0.17 -0.13  -0.05          0.47           0.29  0.29     0.46     0.37  0.11    0.40     0.24  0.45   0.36  1.00  0.44   0.39    0.04   0.12 -0.31    -0.07         0.02    0.48
PLAT           0.22  0.05  0.15  0.00  0.21   0.11          0.48           0.15  0.37     0.45     0.24  0.24    0.26     0.23  0.44   0.29  0.44  1.00   0.25   -0.03   0.14 -0.26    -0.14        -0.06    0.19
TOPIX          0.08 -0.15  0.02 -0.49 -0.21  -0.12          0.44           0.32  0.62     0.73     0.44  0.17    0.49     0.22  0.70   0.71  0.39  0.25   1.00   -0.01  -0.14  0.18     0.11         0.20    0.46
CANOLA        -0.06 -0.07  0.13 -0.15 -0.03  -0.21         -0.08           0.27 -0.03    -0.10    -0.02  0.05   -0.02     0.31 -0.07  -0.00  0.04 -0.03  -0.01    1.00   0.23  0.10     0.12         0.14    0.12
WHEAT         -0.04 -0.04  0.30  0.20  0.15  -0.10          0.20           0.06 -0.09     0.02    -0.19  0.18    0.02     0.24  0.05  -0.05  0.12  0.14  -0.14    0.23   1.00 -0.19     0.02         0.09   -0.07
DX            -0.22 -0.17 -0.61 -0.70 -0.20  -0.38         -0.26           0.16  0.09    -0.00     0.03 -0.07   -0.19    -0.06 -0.00  -0.06 -0.31 -0.26   0.18    0.10  -0.19  1.00     0.28         0.25    0.08
GAS-PEN       -0.16 -0.13 -0.10 -0.24 -0.05   0.08         -0.02           0.15  0.03    -0.01    -0.06 -0.13    0.02    -0.00 -0.01   0.01 -0.07 -0.14   0.11    0.12   0.02  0.28     1.00         0.92    0.10
GAS_US_mini   -0.15 -0.15 -0.06 -0.27 -0.06   0.08          0.16           0.31  0.17     0.16     0.07 -0.04    0.10     0.11  0.19   0.14  0.02 -0.06   0.20    0.14   0.09  0.25     0.92         1.00    0.15
YENEUR        -0.40 -0.58 -0.01 -0.72 -0.15  -0.43          0.17           0.23  0.06     0.22     0.38 -0.07    0.29     0.11  0.22   0.22  0.48  0.19   0.46    0.12  -0.07  0.08     0.10         0.15    1.00


********************************************************************************
                                 END OF REPORT                                  
********************************************************************************


