
********************************************************************************
                    Risk report produced on 24/11/2023 22:51                    
********************************************************************************


Total risk across all strategies, annualised percentage 8.1
Percentage of capital used for margin 57.4%

========================================
Risk per strategy, annualised percentage
========================================

                  risk
dynamic_TF_carry   8.1


===================
Risk by asset class
===================

Ags       2.5
Bond      1.6
Equity    1.4
FX        4.0
Metals    1.3
OilGas    5.3
Sector    1.8
Vol       1.8
dtype: float64


=====================================================
Beta loadings of asset class positions on asset class
=====================================================

Bond     -0.37
FX       -0.09
OilGas   -0.08
Vol      -0.04
Ags       0.00
Metals    0.05
Equity    0.05
Sector    0.08
dtype: float64


========================================================
Beta loadings of full portfolio positions on asset class
========================================================

Bond     -0.77
FX       -0.11
Vol      -0.08
OilGas   -0.05
Metals    0.03
Ags       0.09
Sector    0.17
Equity    0.22
dtype: float64


=================================================================================================================================================================================================================================================================
                                                                                                                         Instrument risk                                                                                                                         
=================================================================================================================================================================================================================================================================

             daily_price_stdev  annual_price_stdev     price  daily_perc_stdev  annual_perc_stdev  point_size_base  contract_exposure  daily_risk_per_contract  annual_risk_per_contract  position  capital  exposure_held_perc_capital  annual_risk_perc_capital
GAS-PEN                  0.125               2.002      2.98              4.19               67.1           7975.4              23790                      997                     15966        -1   368290                        -6.5                      -4.3
JPY                      0.000               0.001      0.01              0.59                9.4        9969294.6              66918                      392                      6276        -2   368290                       -36.3                      -3.4
LIVECOW                  1.689              27.030    171.18              0.99               15.8            319.0              54607                      538                      8623        -1   368290                       -14.8                      -2.3
VIX                      0.533               8.522     16.85              3.16               50.6            797.5              13438                      424                      6796        -1   368290                        -3.6                      -1.8
BOBL                     0.321               5.142    116.30              0.28                4.4            869.9             101166                      279                      4472        -1   368290                       -27.5                      -1.2
GAS_US_mini              0.126               2.016      3.00              4.21               67.3           1993.9               5971                      251                      4020        -1   368290                        -1.6                      -1.1
US2                      0.148               2.365    101.83              0.15                2.3           1595.1             162424                      235                      3772        -1   368290                       -44.1                      -1.0
RUSSELL                 27.797             444.760   1810.00              1.54               24.6              4.0               7217                      110                      1773        -1   368290                        -2.0                      -0.5
DOW                    265.378            4246.041  35435.00              0.75               12.0              0.4              14130                      105                      1693        -1   368290                        -3.8                      -0.5
IRON                     2.176              34.821    129.60              1.68               26.9             79.8              10336                      173                      2777         1   368290                         2.8                       0.8
KOSDAQ                  28.950             463.203   1271.70              2.28               36.4              6.1               7763                      176                      2827         1   368290                         2.1                       0.8
CNH                      0.020               0.312      7.12              0.27                4.4          11142.3              79378                      217                      3480         1   368290                        21.6                       0.9
BITCOIN               1011.086           16177.372  36045.00              2.77               44.3              0.1               2874                       80                      1290         3   368290                         2.3                       1.1
MXP                      0.000               0.006      0.06              0.68               10.9         398771.8              23224                      158                      2528         2   368290                        12.6                       1.4
KR10                     0.570               9.125    110.01              0.52                8.3            610.5              67163                      348                      5571         1   368290                        18.2                       1.5
NIKKEI                 335.530            5368.479  33650.00              1.00               16.0              0.5              17965                      179                      2866         2   368290                         9.8                       1.6
EU-OIL                   4.723              75.572    358.40              1.32               21.1             43.5              15588                      205                      3286         2   368290                         8.5                       1.8
LEANHOG                  1.348              21.565     69.03              1.95               31.2            319.0              22020                      429                      6879         1   368290                         6.0                       1.9

Sum of abs(notional exposure % capital) 224.1
Sum of abs(annualised risk % capital) 27.9
Net sum of annualised risk % capital -4.3 

===================================================================================================================================================
                                                                   Correlations                                                                    
===================================================================================================================================================

              CNH   VIX  BITCOIN  BOBL   JPY  KR10   US2  EU-OIL  GAS-PEN  GAS_US_mini  LEANHOG  LIVECOW   DOW   MXP  NIKKEI  RUSSELL  IRON  KOSDAQ
CNH          1.00  0.19    -0.17 -0.39 -0.49 -0.60 -0.46   -0.04     0.25         0.24    -0.10     0.16 -0.30 -0.16   -0.11    -0.28 -0.31   -0.22
VIX          0.19  1.00    -0.18 -0.14 -0.02 -0.32  0.04   -0.29    -0.16        -0.19    -0.25    -0.23 -0.69 -0.50   -0.64    -0.69 -0.10   -0.42
BITCOIN     -0.17 -0.18     1.00  0.29  0.07  0.22  0.22   -0.10    -0.00         0.07    -0.14    -0.15  0.26  0.05    0.07     0.18  0.04    0.08
BOBL        -0.39 -0.14     0.29  1.00  0.35  0.56  0.65   -0.08     0.04         0.05     0.03    -0.12  0.30  0.10    0.04     0.23 -0.02    0.02
JPY         -0.49 -0.02     0.07  0.35  1.00  0.44  0.48   -0.12    -0.22        -0.21    -0.04    -0.07  0.09  0.11   -0.26     0.11  0.13    0.08
KR10        -0.60 -0.32     0.22  0.56  0.44  1.00  0.54    0.03    -0.09        -0.12     0.07    -0.13  0.39  0.17    0.19     0.30  0.13    0.25
US2         -0.46  0.04     0.22  0.65  0.48  0.54  1.00   -0.16    -0.05        -0.04     0.16    -0.22  0.13 -0.01   -0.11     0.07 -0.04   -0.11
EU-OIL      -0.04 -0.29    -0.10 -0.08 -0.12  0.03 -0.16    1.00     0.22         0.29     0.16     0.17  0.45  0.16    0.44     0.42  0.15    0.22
GAS-PEN      0.25 -0.16    -0.00  0.04 -0.22 -0.09 -0.05    0.22     1.00         0.88     0.16     0.17  0.08 -0.01    0.12     0.07 -0.10   -0.18
GAS_US_mini  0.24 -0.19     0.07  0.05 -0.21 -0.12 -0.04    0.29     0.88         1.00     0.15     0.19  0.15  0.10    0.17     0.14 -0.06   -0.15
LEANHOG     -0.10 -0.25    -0.14  0.03 -0.04  0.07  0.16    0.16     0.16         0.15     1.00     0.29  0.22  0.23    0.24     0.22  0.07   -0.06
LIVECOW      0.16 -0.23    -0.15 -0.12 -0.07 -0.13 -0.22    0.17     0.17         0.19     0.29     1.00  0.20  0.30    0.21     0.27 -0.00   -0.09
DOW         -0.30 -0.69     0.26  0.30  0.09  0.39  0.13    0.45     0.08         0.15     0.22     0.20  1.00  0.49    0.71     0.86  0.08    0.44
MXP         -0.16 -0.50     0.05  0.10  0.11  0.17 -0.01    0.16    -0.01         0.10     0.23     0.30  0.49  1.00    0.43     0.43  0.15    0.26
NIKKEI      -0.11 -0.64     0.07  0.04 -0.26  0.19 -0.11    0.44     0.12         0.17     0.24     0.21  0.71  0.43    1.00     0.70  0.13    0.35
RUSSELL     -0.28 -0.69     0.18  0.23  0.11  0.30  0.07    0.42     0.07         0.14     0.22     0.27  0.86  0.43    0.70     1.00  0.12    0.42
IRON        -0.31 -0.10     0.04 -0.02  0.13  0.13 -0.04    0.15    -0.10        -0.06     0.07    -0.00  0.08  0.15    0.13     0.12  1.00    0.24
KOSDAQ      -0.22 -0.42     0.08  0.02  0.08  0.25 -0.11    0.22    -0.18        -0.15    -0.06    -0.09  0.44  0.26    0.35     0.42  0.24    1.00


********************************************************************************
                                 END OF REPORT                                  
********************************************************************************


