
********************************************************************************
           Risk report report produced on 2021-11-03 20:55:20.735266            
********************************************************************************


Total risk across all strategies, annualised percentage 24.9

========================================
Risk per strategy, annualised percentage
========================================

                  risk
dynamic_TF_carry  24.9


===================================================================================================================================================================================================================================================================
                                                                                                                          Instrument risk                                                                                                                          
===================================================================================================================================================================================================================================================================

             daily_price_stdev  annual_price_stdev     price  daily_perc_stdev  annual_perc_stdev  point_size_base  contract_exposure  daily_risk_per_contract  annual_risk_per_contract  position    capital  exposure_held_perc_capital  annual_risk_perc_capital
GAS_US_mini               0.28                4.53      5.68              4.99              79.89          1830.18           10386.28                   518.58                   8297.23      -2.0  388088.16                       -5.35                     -4.28
BUND                      0.50                8.06    169.26              0.30               4.76           848.03          143538.02                   427.07                   6833.08      -2.0  388088.16                      -73.97                     -3.52
VIX                       0.52                8.27     21.50              2.40              38.45           732.07           15739.56                   378.22                   6051.48      -2.0  388088.16                       -8.11                     -3.12
BTP                       0.77               12.39    150.20              0.52               8.25           848.03          127374.52                   656.67                  10506.69      -1.0  388088.16                      -32.82                     -2.71
US20                      0.81               12.96    160.34              0.51               8.08           732.07          117383.24                   592.83                   9485.30      -1.0  388088.16                      -30.25                     -2.44
KR10                      0.63               10.14    121.85              0.52               8.32           617.87           75287.36                   391.71                   6267.40      -1.0  388088.16                      -19.40                     -1.61
EUR                       0.00                0.07      1.16              0.36               5.77         91509.06          106063.57                   382.57                   6121.19      -1.0  388088.16                      -27.33                     -1.58
GBPEUR                    0.00                0.04      0.85              0.32               5.11        125000.00          106125.00                   339.18                   5426.84      -1.0  388088.16                      -27.35                     -1.40
LIVECOW                   1.09               17.52    131.60              0.83              13.31           292.83           38536.29                   320.65                   5130.36      -1.0  388088.16                       -9.93                     -1.32
JPY                       0.00                0.00      0.01              0.33               5.30       9150905.76           80216.84                   265.48                   4247.67      -1.0  388088.16                      -20.67                     -1.09
BOBL                      0.22                3.54    134.40              0.16               2.64           848.03          113975.60                   187.84                   3005.48      -1.0  388088.16                      -29.37                     -0.77
BRE                       0.00                0.03      0.18              0.96              15.42         73207.25           12957.68                   124.92                   1998.65      -1.0  388088.16                       -3.34                     -0.51
US5                       0.16                2.58    121.90              0.13               2.11           732.07           89238.49                   117.89                   1886.23       1.0  388088.16                       22.99                      0.49
MUMMY                    19.94              318.99   1143.00              1.74              27.91             6.42            7335.26                   127.95                   2047.16       1.0  388088.16                        1.89                      0.53
EDOLLAR                   0.04                0.67     98.38              0.04               0.68          1830.18          180053.22                    77.01                   1232.09       2.0  388088.16                       92.79                      0.63
US10                      0.29                4.66    130.78              0.22               3.56           732.07           95741.35                   213.17                   3410.75       1.0  388088.16                       24.67                      0.88
NZD                       0.00                0.06      0.71              0.54               8.72         73207.25           52321.22                   285.13                   4562.09       1.0  388088.16                       13.48                      1.18
EU-OIL                    3.66               58.61    277.00              1.32              21.16            42.40           11745.25                   155.33                   2485.22       2.0  388088.16                        6.05                      1.28
DAX                     107.49             1719.80  15943.00              0.67              10.79             0.85           13520.19                    91.15                   1458.45       4.0  388088.16                       13.94                      1.50
SOYBEAN                  10.30              164.87   1238.75              0.83              13.31            36.60           45342.74                   377.17                   6034.66       1.0  388088.16                       11.68                      1.55
NIKKEI                  359.59             5753.49  29530.00              1.22              19.48             0.64           18951.03                   230.77                   3692.33       2.0  388088.16                        9.77                      1.90
BITCOIN                2382.57            38121.06  62395.00              3.82              61.10             0.07            4567.77                   174.42                   2790.74       3.0  388088.16                        3.53                      2.16
BRENT-LAST                1.07               17.08     82.47              1.29              20.71           732.07           60374.02                   781.39                  12502.26       1.0  388088.16                       15.56                      3.22
AEX                       5.58               89.29    814.00              0.69              10.97           169.61          138059.73                   946.49                  15143.81       1.0  388088.16                       35.57                      3.90
HEATOIL                   0.03                0.55      2.41              1.42              22.65         30747.04           74247.96                  1050.99                  16815.84       1.0  388088.16                       19.13                      4.33
SP400                    26.95              431.19   2886.40              0.93              14.94            73.21          211305.40                  1972.91                  31566.54       1.0  388088.16                       54.45                      8.13

Sum of abs(notional exposure % capital) 613.4
Sum of abs(annualised risk % capital) 56.1
Net sum of annualised risk % capital 7.3 

===========================================================================================================================================================================================================
                                                                                               Correlations                                                                                                
===========================================================================================================================================================================================================

              AEX  BITCOIN  BOBL   BRE  BRENT-LAST   BTP  BUND   DAX  EDOLLAR  EU-OIL   EUR  GAS_US_mini  GBPEUR  HEATOIL   JPY  KR10  LIVECOW  MUMMY  NIKKEI   NZD  SOYBEAN  SP400  US10  US20   US5   VIX
AEX          1.00     0.28 -0.09  0.24        0.29  0.39 -0.07  0.80    -0.17    0.70  0.33         0.01   -0.37     0.40  0.01  0.21     0.39   0.46    0.63  0.56     0.14   0.83 -0.13 -0.13 -0.24 -0.72
BITCOIN      0.28     1.00 -0.08  0.06        0.21  0.16 -0.10  0.30    -0.02    0.31  0.01        -0.05   -0.17     0.22 -0.08 -0.01     0.24   0.05    0.24  0.12     0.03   0.24 -0.10 -0.13 -0.12 -0.13
BOBL        -0.09    -0.08  1.00 -0.08       -0.25  0.46  0.90 -0.14     0.52   -0.19  0.06         0.00   -0.02    -0.20  0.36  0.39     0.00  -0.03   -0.16 -0.13     0.11  -0.10  0.63  0.51  0.59  0.06
BRE          0.24     0.06 -0.08  1.00        0.21  0.04 -0.10  0.38    -0.03    0.19  0.26         0.00    0.00     0.36 -0.01 -0.13     0.01   0.20    0.35  0.40     0.16   0.30 -0.02 -0.04 -0.04 -0.23
BRENT-LAST   0.29     0.21 -0.25  0.21        1.00 -0.05 -0.33  0.32    -0.14    0.60  0.31         0.22   -0.07     0.90 -0.11 -0.15     0.05   0.23    0.23  0.39     0.25   0.49 -0.19 -0.31 -0.11 -0.39
BTP          0.39     0.16  0.46  0.04       -0.05  1.00  0.45  0.42     0.20    0.25  0.17        -0.02   -0.14     0.08  0.11  0.46     0.26   0.28    0.27  0.11     0.23   0.30  0.29  0.17  0.20 -0.20
BUND        -0.07    -0.10  0.90 -0.10       -0.33  0.45  1.00 -0.08     0.49   -0.23  0.01        -0.09    0.03    -0.26  0.36  0.45     0.04   0.02   -0.13 -0.16     0.11  -0.15  0.68  0.66  0.55  0.10
DAX          0.80     0.30 -0.14  0.38        0.32  0.42 -0.08  1.00    -0.18    0.66  0.32        -0.09   -0.22     0.39 -0.04  0.08     0.41   0.49    0.66  0.48     0.21   0.69 -0.15 -0.11 -0.27 -0.58
EDOLLAR     -0.17    -0.02  0.52 -0.03       -0.14  0.20  0.49 -0.18     1.00   -0.24  0.15         0.07    0.12    -0.20  0.43  0.22    -0.19  -0.01   -0.06 -0.03     0.14  -0.15  0.84  0.57  0.90  0.24
EU-OIL       0.70     0.31 -0.19  0.19        0.60  0.25 -0.23  0.66    -0.24    1.00  0.21         0.06   -0.34     0.56 -0.12 -0.04     0.25   0.31    0.50  0.46     0.16   0.68 -0.30 -0.31 -0.31 -0.56
EUR          0.33     0.01  0.06  0.26        0.31  0.17  0.01  0.32     0.15    0.21  1.00        -0.03    0.06     0.23  0.51  0.10    -0.07   0.19    0.30  0.71     0.26   0.49  0.15 -0.03  0.21 -0.36
GAS_US_mini  0.01    -0.05  0.00  0.00        0.22 -0.02 -0.09 -0.09     0.07    0.06 -0.03         1.00   -0.21     0.19 -0.07 -0.14     0.01   0.19    0.10  0.11    -0.00   0.13 -0.03 -0.13  0.07 -0.13
GBPEUR      -0.37    -0.17 -0.02  0.00       -0.07 -0.14  0.03 -0.22     0.12   -0.34  0.06        -0.21    1.00    -0.24  0.08 -0.01    -0.20  -0.13   -0.26 -0.29    -0.13  -0.37  0.11  0.10  0.15  0.27
HEATOIL      0.40     0.22 -0.20  0.36        0.90  0.08 -0.26  0.39    -0.20    0.56  0.23         0.19   -0.24     1.00 -0.14 -0.03     0.15   0.15    0.28  0.39     0.29   0.52 -0.28 -0.38 -0.23 -0.47
JPY          0.01    -0.08  0.36 -0.01       -0.11  0.11  0.36 -0.04     0.43   -0.12  0.51        -0.07    0.08    -0.14  1.00  0.14    -0.20   0.03    0.02  0.26     0.14   0.05  0.52  0.36  0.51  0.07
KR10         0.21    -0.01  0.39 -0.13       -0.15  0.46  0.45  0.08     0.22   -0.04  0.10        -0.14   -0.01    -0.03  0.14  1.00     0.09   0.01    0.04 -0.10    -0.21   0.03  0.40  0.39  0.25 -0.03
LIVECOW      0.39     0.24  0.00  0.01        0.05  0.26  0.04  0.41    -0.19    0.25 -0.07         0.01   -0.20     0.15 -0.20  0.09     1.00   0.26    0.21 -0.02    -0.02   0.29 -0.15 -0.10 -0.22 -0.26
MUMMY        0.46     0.05 -0.03  0.20        0.23  0.28  0.02  0.49    -0.01    0.31  0.19         0.19   -0.13     0.15  0.03  0.01     0.26   1.00    0.72  0.35     0.03   0.43  0.00  0.06 -0.07 -0.36
NIKKEI       0.63     0.24 -0.16  0.35        0.23  0.27 -0.13  0.66    -0.06    0.50  0.30         0.10   -0.26     0.28  0.02  0.04     0.21   0.72    1.00  0.56     0.13   0.56 -0.07 -0.00 -0.13 -0.44
NZD          0.56     0.12 -0.13  0.40        0.39  0.11 -0.16  0.48    -0.03    0.46  0.71         0.11   -0.29     0.39  0.26 -0.10    -0.02   0.35    0.56  1.00     0.33   0.66 -0.06 -0.17 -0.02 -0.53
SOYBEAN      0.14     0.03  0.11  0.16        0.25  0.23  0.11  0.21     0.14    0.16  0.26        -0.00   -0.13     0.29  0.14 -0.21    -0.02   0.03    0.13  0.33     1.00   0.19  0.12 -0.02  0.17 -0.18
SP400        0.83     0.24 -0.10  0.30        0.49  0.30 -0.15  0.69    -0.15    0.68  0.49         0.13   -0.37     0.52  0.05  0.03     0.29   0.43    0.56  0.66     0.19   1.00 -0.23 -0.33 -0.19 -0.74
US10        -0.13    -0.10  0.63 -0.02       -0.19  0.29  0.68 -0.15     0.84   -0.30  0.15        -0.03    0.11    -0.28  0.52  0.40    -0.15   0.00   -0.07 -0.06     0.12  -0.23  1.00  0.86  0.90  0.25
US20        -0.13    -0.13  0.51 -0.04       -0.31  0.17  0.66 -0.11     0.57   -0.31 -0.03        -0.13    0.10    -0.38  0.36  0.39    -0.10   0.06   -0.00 -0.17    -0.02  -0.33  0.86  1.00  0.63  0.30
US5         -0.24    -0.12  0.59 -0.04       -0.11  0.20  0.55 -0.27     0.90   -0.31  0.21         0.07    0.15    -0.23  0.51  0.25    -0.22  -0.07   -0.13 -0.02     0.17  -0.19  0.90  0.63  1.00  0.29
VIX         -0.72    -0.13  0.06 -0.23       -0.39 -0.20  0.10 -0.58     0.24   -0.56 -0.36        -0.13    0.27    -0.47  0.07 -0.03    -0.26  -0.36   -0.44 -0.53    -0.18  -0.74  0.25  0.30  0.29  1.00


********************************************************************************
                                 END OF REPORT                                  
********************************************************************************


