
********************************************************************************
                    Risk report produced on 15/05/2024 22:53                    
********************************************************************************


Total risk across all strategies, annualised percentage 14.0
Percentage of capital used for margin 69.0%

========================================
Risk per strategy, annualised percentage
========================================

                  risk
dynamic_TF_carry  14.0


===================
Risk by asset class
===================

Ags       2.2
Bond      5.6
Equity    5.6
FX        6.6
Metals    4.2
OilGas    2.8
Sector    0.3
Vol       1.5
dtype: float64


=====================================================
Beta loadings of asset class positions on asset class
=====================================================

Bond     -0.81
Metals   -0.19
FX       -0.06
OilGas   -0.05
Vol      -0.03
Sector    0.02
Ags       0.03
Equity    0.45
dtype: float64


========================================================
Beta loadings of full portfolio positions on asset class
========================================================

Bond     -1.17
FX       -0.42
Metals   -0.22
Vol      -0.09
OilGas   -0.03
Ags       0.03
Sector    0.27
Equity    0.48
dtype: float64


===================================================================================================================================================================================================================================================================
                                                                                                                          Instrument risk                                                                                                                          
===================================================================================================================================================================================================================================================================

               daily_price_stdev  annual_price_stdev     price  daily_perc_stdev  annual_perc_stdev  point_size_base  contract_exposure  daily_risk_per_contract  annual_risk_per_contract  position  capital  exposure_held_perc_capital  annual_risk_perc_capital
BUXL                       1.455              23.277    131.72              1.10               17.7            859.4             113203                     1250                     20005        -1   674670                       -16.8                      -3.0
JPY                        0.000               0.001      0.01              0.73               11.7        9922485.5              64382                      471                      7541        -2   674670                       -19.1                      -2.2
CHF                        0.005               0.075      1.11              0.42                6.8          99224.9             110343                      466                      7456        -2   674670                       -32.7                      -2.2
GOLD_micro                21.896             350.334   2392.90              0.92               14.6              7.9              18994                      173                      2780        -5   674670                       -14.1                      -2.1
GAS-PEN                    0.101               1.623      2.39              4.25               67.9           7938.0              18963                      805                     12885        -1   674670                        -2.8                      -1.9
ALUMINIUM                 35.114             561.830   2580.25              1.36               21.8             19.8              51204                      696                     11149        -1   674670                        -7.6                      -1.7
VIX                        0.401               6.418     14.55              2.76               44.1            793.8              11549                      318                      5094        -2   674670                        -3.4                      -1.5
PLAT                      15.999             255.978   1073.20              1.49               23.9             39.7              42595                      634                     10159        -1   674670                        -6.3                      -1.5
BITCOIN                 1965.475           31447.602  66030.00              2.98               47.6              0.1               5241                      156                      2496        -4   674670                        -3.1                      -1.5
COTTON2                    1.518              24.287     75.46              2.01               32.2            396.9              29950                      602                      9639        -1   674670                        -4.4                      -1.4
BUND                       0.645              10.327    131.72              0.49                7.8            859.4             113203                      554                      8875        -1   674670                       -16.8                      -1.3
GAS_US_mini                0.095               1.518      2.64              3.60               57.6           1984.5               5229                      188                      3012        -2   674670                        -1.6                      -0.9
KOSDAQ                    20.086             321.371   1400.00              1.43               23.0              5.9               8295                      119                      1904        -3   674670                        -3.7                      -0.8
CAD10                      0.564               9.019    118.96              0.47                7.6            582.0              69234                      328                      5249        -1   674670                       -10.3                      -0.8
US3                        0.206               3.302    103.80              0.20                3.2           1587.6             164800                      327                      5242        -1   674670                       -24.4                      -0.8
CORN                       5.479              87.670    487.50              1.12               18.0             39.7              19348                      217                      3479        -1   674670                        -2.9                      -0.5
US2                        0.125               1.999    101.88              0.12                2.0           1587.6             161742                      198                      3173        -1   674670                       -24.0                      -0.5
DOW                      261.117            4177.867  39966.00              0.65               10.5              0.4              15862                      103                      1658         1   674670                         2.4                       0.2
DAX                      135.074            2161.188  18967.00              0.71               11.4              0.9              16300                      116                      1857         1   674670                         2.4                       0.3
EU-BANKS                   1.435              22.964    146.70              0.98               15.7             43.0               6303                       61                       986         2   674670                         1.9                       0.3
NIKKEI                   402.424            6438.783  38430.00              1.05               16.8              0.5              19524                      204                      3271         1   674670                         2.9                       0.5
TOPIX                     24.479             391.665   2735.00              0.90               14.3              5.1              13895                      124                      1989         2   674670                         4.1                       0.6
CRUDE_W_micro              1.114              17.831     78.35              1.42               22.8             79.4               6219                       88                      1415         3   674670                         2.8                       0.6
DX                         0.394               6.302    104.20              0.38                6.0            793.8              82709                      312                      5002         1   674670                        12.3                       0.7
SOYMEAL                    5.350              85.605    369.60              1.45               23.2             79.4              29338                      424                      6795         1   674670                         4.3                       1.0
WHEAT                     11.984             191.736    710.75              1.69               27.0             39.7              28209                      475                      7609         1   674670                         4.2                       1.1
IRON                       2.232              35.718    113.60              1.97               31.4             79.4               9017                      177                      2835         3   674670                         4.0                       1.3
FTSETAIWAN                18.157             290.512   1801.25              1.01               16.1             31.8              57193                      576                      9224         1   674670                         8.5                       1.4
MXP                        0.000               0.006      0.06              0.58                9.3         396899.4              23655                      137                      2205         5   674670                        17.5                       1.6
SPI200                    55.310             884.959   7799.00              0.71               11.3             13.2             102860                      729                     11671         1   674670                        15.2                       1.7
MIB                      261.964            4191.418  35035.00              0.75               12.0              4.3             150549                     1125                     18010         1   674670                        22.3                       2.7
YENEUR                     1.059              16.943    167.87              0.63               10.1            635.1             106609                      672                     10759         2   674670                        31.6                       3.2

Sum of abs(notional exposure % capital) 330.4
Sum of abs(annualised risk % capital) 41.8
Net sum of annualised risk % capital -7.4 

=========================================================================================================================================================================================================================================================================
                                                                                                                              Correlations                                                                                                                               
=========================================================================================================================================================================================================================================================================

                 DX  YENEUR   VIX  BUND  BUXL  CAD10   CHF   JPY   US2   US3   DAX   DOW  EU-BANKS  FTSETAIWAN  KOSDAQ   MIB   MXP  NIKKEI  SPI200  TOPIX  ALUMINIUM  BITCOIN  CORN  COTTON2  CRUDE_W_micro  GAS-PEN  GAS_US_mini  GOLD_micro  IRON  PLAT  SOYMEAL  WHEAT
DX             1.00    0.10  0.18 -0.32 -0.25  -0.35 -0.80 -0.65 -0.55 -0.60 -0.33 -0.44     -0.14       -0.38   -0.17 -0.23 -0.42   -0.03   -0.39   0.00      -0.27    -0.07 -0.14    -0.01           0.02    -0.00         0.00       -0.37 -0.01 -0.40    -0.15  -0.01
YENEUR         0.10    1.00 -0.23 -0.31 -0.27  -0.45 -0.16 -0.79 -0.33 -0.34  0.19  0.12      0.33       -0.02   -0.08  0.23 -0.01    0.22   -0.01   0.18      -0.11    -0.08  0.02    -0.03           0.19     0.04         0.10       -0.15 -0.11 -0.21    -0.11   0.18
VIX            0.18   -0.23  1.00 -0.03 -0.05  -0.05  0.00  0.06 -0.01 -0.08 -0.57 -0.64     -0.39       -0.55   -0.34 -0.53 -0.35   -0.51   -0.54  -0.52      -0.01    -0.06 -0.03    -0.21          -0.07    -0.14        -0.16        0.26 -0.09  0.03     0.01  -0.22
BUND          -0.32   -0.31 -0.03  1.00  0.94   0.73  0.25  0.38  0.62  0.68  0.26  0.33     -0.05        0.21    0.24  0.12  0.14    0.11    0.42   0.14       0.01     0.10  0.03    -0.16          -0.20     0.01        -0.01        0.33  0.11  0.16     0.16   0.01
BUXL          -0.25   -0.27 -0.05  0.94  1.00   0.68  0.18  0.32  0.46  0.54  0.24  0.33     -0.03        0.21    0.25  0.16  0.14    0.16    0.39   0.18      -0.03     0.10  0.01    -0.15          -0.17    -0.00        -0.01        0.28  0.11  0.15     0.20  -0.03
CAD10         -0.35   -0.45 -0.05  0.73  0.68   1.00  0.31  0.54  0.64  0.69  0.10  0.21     -0.16        0.14    0.16 -0.04  0.02    0.03    0.29   0.05      -0.01     0.10  0.08    -0.21          -0.29     0.12         0.07        0.23 -0.00  0.01     0.21   0.01
CHF           -0.80   -0.16  0.00  0.25  0.18   0.31  1.00  0.57  0.47  0.51  0.22  0.31      0.12        0.20    0.15  0.14  0.25   -0.08    0.28  -0.11       0.23    -0.12  0.06    -0.06          -0.05     0.02         0.03        0.38  0.05  0.37     0.19   0.00
JPY           -0.65   -0.79  0.06  0.38  0.32   0.54  0.57  1.00  0.54  0.58  0.05  0.14     -0.14        0.21    0.10 -0.05  0.25   -0.20    0.21  -0.18       0.26     0.10  0.06     0.01          -0.17    -0.05        -0.11        0.32  0.05  0.39     0.20  -0.13
US2           -0.55   -0.33 -0.01  0.62  0.46   0.64  0.47  0.54  1.00  0.98  0.07  0.27     -0.26        0.16    0.13 -0.13  0.06    0.07    0.28   0.03       0.10     0.06  0.04    -0.11          -0.21     0.19         0.13        0.39  0.05  0.12     0.03   0.02
US3           -0.60   -0.34 -0.08  0.68  0.54   0.69  0.51  0.58  0.98  1.00  0.15  0.34     -0.19        0.21    0.16 -0.04  0.14    0.11    0.39   0.08       0.13     0.03  0.05    -0.10          -0.18     0.19         0.13        0.38  0.04  0.15     0.09   0.01
DAX           -0.33    0.19 -0.57  0.26  0.24   0.10  0.22  0.05  0.07  0.15  1.00  0.68      0.69        0.53    0.36  0.87  0.45    0.43    0.75   0.45       0.14     0.07  0.12     0.25           0.14     0.00         0.01        0.10  0.07  0.24     0.01   0.19
DOW           -0.44    0.12 -0.64  0.33  0.33   0.21  0.31  0.14  0.27  0.34  0.68  1.00      0.43        0.52    0.43  0.60  0.36    0.46    0.73   0.44       0.10    -0.01  0.07     0.14           0.13     0.07         0.03        0.09 -0.01  0.16     0.02   0.17
EU-BANKS      -0.14    0.33 -0.39 -0.05 -0.03  -0.16  0.12 -0.14 -0.26 -0.19  0.69  0.43      1.00        0.26    0.23  0.80  0.40    0.14    0.46   0.23       0.16    -0.10  0.05     0.16           0.30    -0.09        -0.07        0.00  0.01  0.17     0.04   0.18
FTSETAIWAN    -0.38   -0.02 -0.55  0.21  0.21   0.14  0.20  0.21  0.16  0.21  0.53  0.52      0.26        1.00    0.49  0.39  0.41    0.50    0.60   0.45       0.09     0.11  0.22     0.29           0.07     0.04         0.05       -0.02  0.06  0.18     0.02   0.20
KOSDAQ        -0.17   -0.08 -0.34  0.24  0.25   0.16  0.15  0.10  0.13  0.16  0.36  0.43      0.23        0.49    1.00  0.35  0.10    0.39    0.42   0.32      -0.01     0.11  0.14     0.25           0.06     0.00         0.01       -0.06  0.11  0.02     0.07   0.06
MIB           -0.23    0.23 -0.53  0.12  0.16  -0.04  0.14 -0.05 -0.13 -0.04  0.87  0.60      0.80        0.39    0.35  1.00  0.48    0.38    0.63   0.41       0.11    -0.07  0.02     0.31           0.23    -0.13        -0.12        0.09  0.00  0.15    -0.00   0.10
MXP           -0.42   -0.01 -0.35  0.14  0.14   0.02  0.25  0.25  0.06  0.14  0.45  0.36      0.40        0.41    0.10  0.48  1.00    0.33    0.47   0.38       0.16     0.07  0.14     0.08           0.27     0.10         0.09        0.17 -0.00  0.44     0.20   0.08
NIKKEI        -0.03    0.22 -0.51  0.11  0.16   0.03 -0.08 -0.20  0.07  0.11  0.43  0.46      0.14        0.50    0.39  0.38  0.33    1.00    0.56   0.93      -0.14    -0.02 -0.03     0.27           0.19     0.18         0.19       -0.16  0.10  0.04     0.02  -0.06
SPI200        -0.39   -0.01 -0.54  0.42  0.39   0.29  0.28  0.21  0.28  0.39  0.75  0.73      0.46        0.60    0.42  0.63  0.47    0.56    1.00   0.56       0.23     0.01  0.11     0.23           0.18     0.08         0.06        0.11  0.18  0.24     0.13   0.03
TOPIX          0.00    0.18 -0.52  0.14  0.18   0.05 -0.11 -0.18  0.03  0.08  0.45  0.44      0.23        0.45    0.32  0.41  0.38    0.93    0.56   1.00      -0.14    -0.01  0.01     0.27           0.20     0.25         0.26       -0.17  0.17  0.08     0.09  -0.01
ALUMINIUM     -0.27   -0.11 -0.01  0.01 -0.03  -0.01  0.23  0.26  0.10  0.13  0.14  0.10      0.16        0.09   -0.01  0.11  0.16   -0.14    0.23  -0.14       1.00     0.05  0.06     0.07           0.32    -0.01         0.00        0.23  0.28  0.27     0.08  -0.05
BITCOIN       -0.07   -0.08 -0.06  0.10  0.10   0.10 -0.12  0.10  0.06  0.03  0.07 -0.01     -0.10        0.11    0.11 -0.07  0.07   -0.02    0.01  -0.01       0.05     1.00  0.09     0.19          -0.03    -0.08        -0.04        0.12 -0.02 -0.05    -0.05   0.02
CORN          -0.14    0.02 -0.03  0.03  0.01   0.08  0.06  0.06  0.04  0.05  0.12  0.07      0.05        0.22    0.14  0.02  0.14   -0.03    0.11   0.01       0.06     0.09  1.00    -0.10           0.04     0.14         0.10        0.09  0.05  0.12     0.40   0.69
COTTON2       -0.01   -0.03 -0.21 -0.16 -0.15  -0.21 -0.06  0.01 -0.11 -0.10  0.25  0.14      0.16        0.29    0.25  0.31  0.08    0.27    0.23   0.27       0.07     0.19 -0.10     1.00           0.24     0.03         0.02       -0.05  0.07  0.04    -0.22  -0.14
CRUDE_W_micro  0.02    0.19 -0.07 -0.20 -0.17  -0.29 -0.05 -0.17 -0.21 -0.18  0.14  0.13      0.30        0.07    0.06  0.23  0.27    0.19    0.18   0.20       0.32    -0.03  0.04     0.24           1.00     0.01        -0.01        0.19 -0.08  0.15    -0.10   0.07
GAS-PEN       -0.00    0.04 -0.14  0.01 -0.00   0.12  0.02 -0.05  0.19  0.19  0.00  0.07     -0.09        0.04    0.00 -0.13  0.10    0.18    0.08   0.25      -0.01    -0.08  0.14     0.03           0.01     1.00         0.91        0.04  0.02 -0.00     0.16   0.12
GAS_US_mini    0.00    0.10 -0.16 -0.01 -0.01   0.07  0.03 -0.11  0.13  0.13  0.01  0.03     -0.07        0.05    0.01 -0.12  0.09    0.19    0.06   0.26       0.00    -0.04  0.10     0.02          -0.01     0.91         1.00        0.00  0.05 -0.00     0.11   0.11
GOLD_micro    -0.37   -0.15  0.26  0.33  0.28   0.23  0.38  0.32  0.39  0.38  0.10  0.09      0.00       -0.02   -0.06  0.09  0.17   -0.16    0.11  -0.17       0.23     0.12  0.09    -0.05           0.19     0.04         0.00        1.00  0.01  0.36     0.08   0.05
IRON          -0.01   -0.11 -0.09  0.11  0.11  -0.00  0.05  0.05  0.05  0.04  0.07 -0.01      0.01        0.06    0.11  0.00 -0.00    0.10    0.18   0.17       0.28    -0.02  0.05     0.07          -0.08     0.02         0.05        0.01  1.00  0.12     0.30   0.05
PLAT          -0.40   -0.21  0.03  0.16  0.15   0.01  0.37  0.39  0.12  0.15  0.24  0.16      0.17        0.18    0.02  0.15  0.44    0.04    0.24   0.08       0.27    -0.05  0.12     0.04           0.15    -0.00        -0.00        0.36  0.12  1.00     0.22  -0.06
SOYMEAL       -0.15   -0.11  0.01  0.16  0.20   0.21  0.19  0.20  0.03  0.09  0.01  0.02      0.04        0.02    0.07 -0.00  0.20    0.02    0.13   0.09       0.08    -0.05  0.40    -0.22          -0.10     0.16         0.11        0.08  0.30  0.22     1.00   0.21
WHEAT         -0.01    0.18 -0.22  0.01 -0.03   0.01  0.00 -0.13  0.02  0.01  0.19  0.17      0.18        0.20    0.06  0.10  0.08   -0.06    0.03  -0.01      -0.05     0.02  0.69    -0.14           0.07     0.12         0.11        0.05  0.05 -0.06     0.21   1.00


********************************************************************************
                                 END OF REPORT                                  
********************************************************************************


