
********************************************************************************
                    Risk report produced on 14/10/2025 22:53                    
********************************************************************************


Total risk across all strategies, annualised percentage 13.1
Percentage of capital used for margin 44.3%

========================================
Risk per strategy, annualised percentage
========================================

                  risk
dynamic_TF_carry  13.1


===================
Risk by asset class
===================

Ags       3.8
Bond      2.7
Equity    9.0
FX        2.4
Metals    4.9
OilGas    2.4
dtype: float64


=====================================================
Beta loadings of asset class positions on asset class
=====================================================

OilGas   -0.07
FX        0.07
Ags       0.17
Metals    0.25
Bond      0.65
Equity    0.81
dtype: float64


========================================================
Beta loadings of full portfolio positions on asset class
========================================================

OilGas   -0.10
Ags       0.31
Metals    0.36
Bond      0.62
FX        0.79
Equity    0.92
dtype: float64


===================================================================================================================================================================================================================================================================
                                                                                                                          Instrument risk                                                                                                                          
===================================================================================================================================================================================================================================================================

               daily_price_stdev  annual_price_stdev     price  daily_perc_stdev  annual_perc_stdev  point_size_base  contract_exposure  daily_risk_per_contract  annual_risk_per_contract  position  capital  exposure_held_perc_capital  annual_risk_perc_capital
GAS-PEN                    0.094               1.502      3.03              3.10               49.6           7498.8              22706                      703                     11261        -1   627548                        -3.6                      -1.8
SP500_micro               62.658            1002.528   6714.75              0.93               14.9              3.7              25176                      234                      3758        -2   627548                        -8.0                      -1.2
JPY                        0.000               0.001      0.01              0.65               10.5        9373476.8              62155                      406                      6498        -1   627548                        -9.9                      -1.0
CRUDE_W_micro              1.050              16.803     58.26              1.80               28.8             75.0               4368                       78                      1259        -4   627548                        -2.8                      -0.8
WHEAT                      6.271             100.338    500.25              1.25               20.1             37.5              18756                      235                      3762        -1   627548                        -3.0                      -0.6
RICE                       0.150               2.395     11.03              1.36               21.7           1499.8              16542                      224                      3592        -1   627548                        -2.6                      -0.6
KRWUSD_mini                0.004               0.058      0.70              0.51                8.2          18747.0              13152                       67                      1078        -3   627548                        -6.3                      -0.5
GAS_US_mini                0.094               1.509      3.04              3.10               49.6           1874.7               5708                      176                      2829        -1   627548                        -0.9                      -0.5
EUR_micro                  0.005               0.077      1.16              0.41                6.6           9373.5              10919                       44                       719        -1   627548                        -1.7                      -0.1
MXP                        0.000               0.004      0.05              0.52                8.4         374939.1              20130                      105                      1683         1   627548                         3.2                       0.3
BRE                        0.001               0.023      0.18              0.81               12.9          74987.8              13659                      110                      1761         1   627548                         2.2                       0.3
FTSECHINAA               232.971            3727.532  14851.00              1.57               25.1              0.7              11136                      174                      2795         1   627548                         1.8                       0.4
GBP                        0.005               0.083      1.33              0.39                6.2          46867.4              62464                      243                      3901         1   627548                        10.0                       0.6
LEANHOG                    1.140              18.243     83.12              1.37               21.9            300.0              24933                      342                      5472         1   627548                         4.0                       0.9
TOPIX                     36.073             577.165   3145.50              1.15               18.3              4.9              15549                      178                      2853         2   627548                         5.0                       0.9
YENEUR                     0.841              13.458    175.64              0.48                7.7            617.9             108532                      519                      8316         1   627548                        17.3                       1.3
CAD10                      0.338               5.404    122.74              0.28                4.4            533.9              65525                      180                      2884         3   627548                        31.3                       1.4
GOLD_micro                38.294             612.699   4163.80              0.92               14.7              7.5              31223                      287                      4594         2   627548                        10.0                       1.5
SILVER                     0.835              13.360     50.52              1.65               26.4            749.9              37887                      626                     10018         1   627548                         6.0                       1.6
OAT                        0.369               5.906    122.67              0.30                4.8            868.8             106573                      320                      5130         2   627548                        34.0                       1.6
MSCITAIWAN                12.701             203.216   1185.10              1.07               17.1             75.0              88868                      952                     15238         1   627548                        14.2                       2.4
PLAT                      27.826             445.216   1664.20              1.67               26.8             37.5              62397                     1043                     16692         1   627548                         9.9                       2.7
FEEDCOW                    3.669              58.701    381.95              0.96               15.4            374.9             143207                     1375                     22009         1   627548                        22.8                       3.5
AEX                        9.334             149.345    949.25              0.98               15.7            173.8             164937                     1621                     25949         1   627548                        26.3                       4.1
MIB                      374.435            5990.966  41795.00              0.90               14.3              4.3             181553                     1626                     26024         1   627548                        28.9                       4.1

Sum of abs(notional exposure % capital) 265.7
Sum of abs(annualised risk % capital) 34.7
Net sum of annualised risk % capital 20.5 

========================================================================================================================================================================================================================================
                                                                                                              Correlations                                                                                                              
========================================================================================================================================================================================================================================

                AEX  CRUDE_W_micro  FEEDCOW  LEANHOG   MIB  MSCITAIWAN  SP500_micro  TOPIX  YENEUR  GAS-PEN  GAS_US_mini   BRE  FTSECHINAA  GOLD_micro   MXP  PLAT  RICE  SILVER  WHEAT  CAD10   OAT  EUR_micro   GBP   JPY  KRWUSD_mini
AEX            1.00           0.19     0.15     0.21  0.77        0.36         0.60   0.50    0.02     0.06         0.04  0.33        0.35       -0.04  0.24  0.28  0.03    0.37   0.07  -0.03 -0.00      -0.09  0.16 -0.07        -0.02
CRUDE_W_micro  0.19           1.00     0.09     0.34  0.12        0.12         0.09   0.08    0.16     0.07         0.06  0.15        0.13        0.24  0.14  0.26 -0.01    0.32   0.26  -0.27 -0.16      -0.21 -0.23 -0.31        -0.23
FEEDCOW        0.15           0.09     1.00     0.04  0.15       -0.05         0.05   0.24    0.39    -0.07        -0.05 -0.08       -0.00        0.10  0.13  0.24 -0.00    0.28  -0.11  -0.31 -0.24       0.02 -0.01 -0.33        -0.04
LEANHOG        0.21           0.34     0.04     1.00  0.26       -0.02         0.24   0.14    0.18     0.02         0.02  0.13        0.17        0.07  0.14  0.21  0.16    0.28   0.23  -0.18 -0.16       0.10  0.12 -0.09         0.08
MIB            0.77           0.12     0.15     0.26  1.00        0.34         0.58   0.62    0.08    -0.00         0.00  0.32        0.35       -0.11  0.25  0.25  0.11    0.39   0.01  -0.09 -0.04      -0.05  0.24 -0.10         0.01
MSCITAIWAN     0.36           0.12    -0.05    -0.02  0.34        1.00         0.52   0.48    0.12     0.17         0.19  0.29        0.08       -0.10  0.18  0.12 -0.03    0.17   0.02  -0.07 -0.15      -0.19  0.08 -0.25        -0.07
SP500_micro    0.60           0.09     0.05     0.24  0.58        0.52         1.00   0.52    0.13     0.00        -0.00  0.38        0.35       -0.10  0.27  0.21  0.13    0.40   0.14  -0.20 -0.01       0.01  0.21 -0.10         0.15
TOPIX          0.50           0.08     0.24     0.14  0.62        0.48         0.52   1.00    0.29    -0.07        -0.07  0.20        0.24       -0.08  0.21  0.14 -0.02    0.23  -0.14  -0.05 -0.07      -0.05  0.28 -0.27        -0.07
YENEUR         0.02           0.16     0.39     0.18  0.08        0.12         0.13   0.29    1.00     0.01         0.05  0.08        0.11        0.04  0.32  0.16  0.02    0.21   0.02  -0.52 -0.49       0.24  0.14 -0.66        -0.14
GAS-PEN        0.06           0.07    -0.07     0.02 -0.00        0.17         0.00  -0.07    0.01     1.00         0.97  0.33        0.07        0.06 -0.03  0.14  0.11    0.09   0.18  -0.18 -0.28      -0.00 -0.00 -0.04         0.18
GAS_US_mini    0.04           0.06    -0.05     0.02  0.00        0.19        -0.00  -0.07    0.05     0.97         1.00  0.35        0.09        0.07 -0.00  0.15  0.13    0.13   0.16  -0.20 -0.31       0.02  0.03 -0.05         0.21
BRE            0.33           0.15    -0.08     0.13  0.32        0.29         0.38   0.20    0.08     0.33         0.35  1.00        0.40        0.10  0.47  0.27  0.10    0.32   0.24  -0.07 -0.13       0.29  0.40  0.15         0.33
FTSECHINAA     0.35           0.13    -0.00     0.17  0.35        0.08         0.35   0.24    0.11     0.07         0.09  0.40        1.00        0.02  0.32  0.22 -0.03    0.33   0.17  -0.21 -0.12       0.15  0.23  0.03         0.17
GOLD_micro    -0.04           0.24     0.10     0.07 -0.11       -0.10        -0.10  -0.08    0.04     0.06         0.07  0.10        0.02        1.00  0.16  0.35  0.09    0.60   0.24  -0.22  0.01       0.28  0.22  0.21         0.17
MXP            0.24           0.14     0.13     0.14  0.25        0.18         0.27   0.21    0.32    -0.03        -0.00  0.47        0.32        0.16  1.00  0.33 -0.05    0.32   0.13  -0.16 -0.10       0.39  0.42  0.04         0.19
PLAT           0.28           0.26     0.24     0.21  0.25        0.12         0.21   0.14    0.16     0.14         0.15  0.27        0.22        0.35  0.33  1.00  0.05    0.75   0.27  -0.33 -0.19       0.22  0.20 -0.00         0.15
RICE           0.03          -0.01    -0.00     0.16  0.11       -0.03         0.13  -0.02    0.02     0.11         0.13  0.10       -0.03        0.09 -0.05  0.05  1.00    0.18   0.06  -0.17 -0.20       0.21  0.16  0.13         0.17
SILVER         0.37           0.32     0.28     0.28  0.39        0.17         0.40   0.23    0.21     0.09         0.13  0.32        0.33        0.60  0.32  0.75  0.18    1.00   0.27  -0.36 -0.19       0.20  0.24 -0.02         0.13
WHEAT          0.07           0.26    -0.11     0.23  0.01        0.02         0.14  -0.14    0.02     0.18         0.16  0.24        0.17        0.24  0.13  0.27  0.06    0.27   1.00  -0.23 -0.09       0.12 -0.03  0.03         0.16
CAD10         -0.03          -0.27    -0.31    -0.18 -0.09       -0.07        -0.20  -0.05   -0.52    -0.18        -0.20 -0.07       -0.21       -0.22 -0.16 -0.33 -0.17   -0.36  -0.23   1.00  0.60      -0.14  0.05  0.34        -0.06
OAT           -0.00          -0.16    -0.24    -0.16 -0.04       -0.15        -0.01  -0.07   -0.49    -0.28        -0.31 -0.13       -0.12        0.01 -0.10 -0.19 -0.20   -0.19  -0.09   0.60  1.00      -0.27 -0.10  0.22        -0.03
EUR_micro     -0.09          -0.21     0.02     0.10 -0.05       -0.19         0.01  -0.05    0.24    -0.00         0.02  0.29        0.15        0.28  0.39  0.22  0.21    0.20   0.12  -0.14 -0.27       1.00  0.78  0.54         0.59
GBP            0.16          -0.23    -0.01     0.12  0.24        0.08         0.21   0.28    0.14    -0.00         0.03  0.40        0.23        0.22  0.42  0.20  0.16    0.24  -0.03   0.05 -0.10       0.78  1.00  0.51         0.55
JPY           -0.07          -0.31    -0.33    -0.09 -0.10       -0.25        -0.10  -0.27   -0.66    -0.04        -0.05  0.15        0.03        0.21  0.04 -0.00  0.13   -0.02   0.03   0.34  0.22       0.54  0.51  1.00         0.58
KRWUSD_mini   -0.02          -0.23    -0.04     0.08  0.01       -0.07         0.15  -0.07   -0.14     0.18         0.21  0.33        0.17        0.17  0.19  0.15  0.17    0.13   0.16  -0.06 -0.03       0.59  0.55  0.58         1.00


********************************************************************************
                                 END OF REPORT                                  
********************************************************************************


