
********************************************************************************
           Risk report report produced on 2023-05-17 22:52:53.031961            
********************************************************************************


Total risk across all strategies, annualised percentage 12.3
Percentage of capital used for margin 62.2%

========================================
Risk per strategy, annualised percentage
========================================

                  risk
dynamic_TF_carry  12.3


===================
Risk by asset class
===================

Ags       4.3
Equity    6.9
FX        3.7
Metals    2.4
OilGas    1.2
Sector    1.9
Vol       1.0
dtype: float64


=====================================================
Beta loadings of asset class positions on asset class
=====================================================

Ags      -0.23
Metals   -0.06
OilGas   -0.02
Vol      -0.02
Sector    0.09
FX        0.35
Equity    0.56
dtype: float64


========================================================
Beta loadings of full portfolio positions on asset class
========================================================

Vol      -0.21
Ags      -0.17
Metals   -0.02
OilGas    0.01
Sector    0.33
Equity    0.58
FX        0.87
dtype: float64


==================================================================================================================================================================================================================================================================
                                                                                                                         Instrument risk                                                                                                                          
==================================================================================================================================================================================================================================================================

              daily_price_stdev  annual_price_stdev     price  daily_perc_stdev  annual_perc_stdev  point_size_base  contract_exposure  daily_risk_per_contract  annual_risk_per_contract  position  capital  exposure_held_perc_capital  annual_risk_perc_capital
WHEAT                    14.004             224.070    653.50              2.14               34.3             40.1              26216                      561                      8989        -1   340131                        -7.7                      -2.6
LEANHOG                   1.560              24.960     84.88              1.84               29.4            320.9              27239                      500                      8010        -1   340131                        -8.0                      -2.4
AUD                       0.005               0.075      0.67              0.70               11.2          80234.3              53500                      374                      5994        -1   340131                       -15.7                      -1.8
COPPER-micro              0.060               0.962      3.75              1.60               25.7           2005.9               7521                      120                      1929        -3   340131                        -6.6                      -1.7
CORN                      6.650             106.396    498.75              1.33               21.3             40.1              20008                      266                      4268        -1   340131                        -5.9                      -1.3
GAS_US_mini               0.132               2.106      2.61              5.04               80.7           2005.9               5235                      264                      4224        -1   340131                        -1.5                      -1.2
IRON                      3.070              49.113    103.45              2.97               47.5             80.2               8300                      246                      3940        -1   340131                        -2.4                      -1.2
V2X                       0.598               9.573     19.10              3.13               50.1             87.1               1663                       52                       833        -4   340131                        -2.0                      -1.0
RUSSELL                  24.097             385.547   1780.10              1.35               21.7              4.0               7141                       96                      1546        -2   340131                        -4.2                      -0.9
FTSECHINAA              148.493            2375.883  13070.00              1.14               18.2              0.8              10486                      119                      1906        -1   340131                        -3.1                      -0.6
REDWHEAT                 18.387             294.193    870.75              2.11               33.8             40.1              34932                      737                     11802         0   340131                         0.0                       0.0
EU-BANKS                  1.712              27.396    101.05              1.69               27.1             43.5               4399                       74                      1192         1   340131                         1.3                       0.4
BITCOIN                1045.731           16731.700  27195.00              3.85               61.5              0.1               2181                       83                      1342         1   340131                         0.6                       0.4
KOSDAQ                   20.711             331.383   1254.40              1.65               26.4              6.0               7513                      124                      1984         1   340131                         2.2                       0.6
NIKKEI                  239.201            3827.211  30090.00              0.79               12.7              0.6              17644                      140                      2244         1   340131                         5.2                       0.7
BRE                       0.002               0.028      0.20              0.87               13.9          80234.3              16215                      141                      2256         1   340131                         4.8                       0.7
NIFTY                   113.968            1823.494  18303.50              0.62               10.0              1.6              29371                      182                      2926         1   340131                         8.6                       0.9
CNH                       0.019               0.300      6.99              0.27                4.3          11438.6              79974                      214                      3433         1   340131                        23.5                       1.0
NASDAQ_micro            146.191            2339.055  13661.50              1.07               17.1              1.6              21922                      234                      3753         1   340131                         6.4                       1.1
LIVECOW                   0.932              14.907    163.07              0.57                9.1            320.9              52336                      299                      4784         1   340131                        15.4                       1.4
EU-AUTO                   7.706             123.295    598.00              1.29               20.6             43.5              26037                      335                      5368         1   340131                         7.7                       1.6
CAC                      57.079             913.266   7402.00              0.77               12.3              8.7              64458                      497                      7952         1   340131                        19.0                       2.3
YENEUR                    0.865              13.847    148.73              0.58                9.3            733.0             109019                      634                     10149         1   340131                        32.1                       3.0
SMI                      83.704            1339.270  11440.00              0.73               11.7              8.9             102320                      748                     11978         1   340131                        30.1                       3.5

Sum of abs(notional exposure % capital) 214.0
Sum of abs(annualised risk % capital) 32.3
Net sum of annualised risk % capital 2.9 

========================================================================================================================================================================================================================
                                                                                                      Correlations                                                                                                      
========================================================================================================================================================================================================================

               CAC  EU-AUTO  EU-BANKS  NASDAQ_micro  NIFTY  NIKKEI  RUSSELL   SMI   AUD  BITCOIN   BRE  COPPER-micro  FTSECHINAA  IRON  KOSDAQ  LEANHOG  LIVECOW  YENEUR  CORN  REDWHEAT  WHEAT   CNH  GAS_US_mini   V2X
CAC           1.00     0.81      0.78          0.70   0.67    0.62     0.79  0.84  0.50     0.33  0.37          0.34        0.29  0.07    0.45     0.10     0.27    0.30  0.03     -0.16  -0.15 -0.22         0.05 -0.77
EU-AUTO       0.81     1.00      0.74          0.57   0.60    0.52     0.61  0.56  0.37     0.18  0.23          0.29        0.32  0.07    0.43     0.17     0.24    0.28  0.10     -0.15  -0.07 -0.24        -0.02 -0.76
EU-BANKS      0.78     0.74      1.00          0.39   0.56    0.45     0.58  0.59  0.32     0.14  0.30          0.20        0.24 -0.02    0.26     0.18     0.40    0.33  0.06     -0.17  -0.12 -0.09         0.02 -0.75
NASDAQ_micro  0.70     0.57      0.39          1.00   0.52    0.61     0.80  0.61  0.51     0.43  0.34          0.31        0.16  0.14    0.52    -0.05     0.14    0.13 -0.00     -0.04  -0.07 -0.23        -0.04 -0.56
NIFTY         0.67     0.60      0.56          0.52   1.00    0.58     0.48  0.58  0.27     0.30  0.28          0.16        0.17  0.05    0.41     0.14     0.19    0.27 -0.07     -0.33  -0.25 -0.09         0.10 -0.55
NIKKEI        0.62     0.52      0.45          0.61   0.58    1.00     0.60  0.53  0.31     0.32  0.30          0.17        0.18 -0.02    0.35     0.06     0.25    0.48 -0.09     -0.13  -0.13 -0.02         0.28 -0.55
RUSSELL       0.79     0.61      0.58          0.80   0.48    0.60     1.00  0.69  0.52     0.37  0.49          0.40        0.17  0.07    0.44     0.05     0.21    0.24  0.12      0.04   0.05 -0.20         0.09 -0.70
SMI           0.84     0.56      0.59          0.61   0.58    0.53     0.69  1.00  0.41     0.28  0.28          0.22        0.16 -0.06    0.36    -0.03     0.25    0.28  0.01     -0.10  -0.15 -0.13         0.08 -0.64
AUD           0.50     0.37      0.32          0.51   0.27    0.31     0.52  0.41  1.00     0.21  0.36          0.57        0.40  0.30    0.27    -0.01    -0.13    0.09  0.04      0.17   0.20 -0.56        -0.01 -0.47
BITCOIN       0.33     0.18      0.14          0.43   0.30    0.32     0.37  0.28  0.21     1.00  0.36          0.16        0.07  0.15    0.21    -0.15     0.06    0.13  0.02      0.01   0.01 -0.06        -0.02 -0.27
BRE           0.37     0.23      0.30          0.34   0.28    0.30     0.49  0.28  0.36     0.36  1.00          0.35        0.17  0.16    0.23     0.25     0.22    0.05  0.27      0.26   0.29 -0.20         0.08 -0.40
COPPER-micro  0.34     0.29      0.20          0.31   0.16    0.17     0.40  0.22  0.57     0.16  0.35          1.00        0.43  0.43    0.38     0.17    -0.01    0.08  0.20      0.16   0.19 -0.61        -0.04 -0.28
FTSECHINAA    0.29     0.32      0.24          0.16   0.17    0.18     0.17  0.16  0.40     0.07  0.17          0.43        1.00  0.38    0.23     0.02    -0.06    0.15 -0.07     -0.11  -0.09 -0.52        -0.13 -0.39
IRON          0.07     0.07     -0.02          0.14   0.05   -0.02     0.07 -0.06  0.30     0.15  0.16          0.43        0.38  1.00    0.15     0.08    -0.21   -0.16  0.02      0.12   0.13 -0.40        -0.03 -0.05
KOSDAQ        0.45     0.43      0.26          0.52   0.41    0.35     0.44  0.36  0.27     0.21  0.23          0.38        0.23  0.15    1.00     0.05     0.17    0.17  0.12      0.03   0.08 -0.26        -0.09 -0.35
LEANHOG       0.10     0.17      0.18         -0.05   0.14    0.06     0.05 -0.03 -0.01    -0.15  0.25          0.17        0.02  0.08    0.05     1.00     0.42    0.20 -0.03     -0.13  -0.06 -0.17        -0.04 -0.04
LIVECOW       0.27     0.24      0.40          0.14   0.19    0.25     0.21  0.25 -0.13     0.06  0.22         -0.01       -0.06 -0.21    0.17     0.42     1.00    0.35 -0.01     -0.16  -0.15  0.10         0.00 -0.29
YENEUR        0.30     0.28      0.33          0.13   0.27    0.48     0.24  0.28  0.09     0.13  0.05          0.08        0.15 -0.16    0.17     0.20     0.35    1.00 -0.23     -0.41  -0.35  0.03         0.14 -0.21
CORN          0.03     0.10      0.06         -0.00  -0.07   -0.09     0.12  0.01  0.04     0.02  0.27          0.20       -0.07  0.02    0.12    -0.03    -0.01   -0.23  1.00      0.61   0.70  0.06         0.08 -0.06
REDWHEAT     -0.16    -0.15     -0.17         -0.04  -0.33   -0.13     0.04 -0.10  0.17     0.01  0.26          0.16       -0.11  0.12    0.03    -0.13    -0.16   -0.41  0.61      1.00   0.91 -0.02         0.02 -0.01
WHEAT        -0.15    -0.07     -0.12         -0.07  -0.25   -0.13     0.05 -0.15  0.20     0.01  0.29          0.19       -0.09  0.13    0.08    -0.06    -0.15   -0.35  0.70      0.91   1.00 -0.05         0.03  0.00
CNH          -0.22    -0.24     -0.09         -0.23  -0.09   -0.02    -0.20 -0.13 -0.56    -0.06 -0.20         -0.61       -0.52 -0.40   -0.26    -0.17     0.10    0.03  0.06     -0.02  -0.05  1.00         0.26  0.22
GAS_US_mini   0.05    -0.02      0.02         -0.04   0.10    0.28     0.09  0.08 -0.01    -0.02  0.08         -0.04       -0.13 -0.03   -0.09    -0.04     0.00    0.14  0.08      0.02   0.03  0.26         1.00 -0.02
V2X          -0.77    -0.76     -0.75         -0.56  -0.55   -0.55    -0.70 -0.64 -0.47    -0.27 -0.40         -0.28       -0.39 -0.05   -0.35    -0.04    -0.29   -0.21 -0.06     -0.01   0.00  0.22        -0.02  1.00


********************************************************************************
                                 END OF REPORT                                  
********************************************************************************


