
********************************************************************************
           Risk report report produced on 2022-05-11 21:01:17.839799            
********************************************************************************


Total risk across all strategies, annualised percentage 11.0
Percentage of capital used for margin 23.8%

========================================
Risk per strategy, annualised percentage
========================================

                  risk
dynamic_TF_carry  11.1


==================================================================================================================================================================================================================================================================
                                                                                                                         Instrument risk                                                                                                                          
==================================================================================================================================================================================================================================================================

              daily_price_stdev  annual_price_stdev     price  daily_perc_stdev  annual_perc_stdev  point_size_base  contract_exposure  daily_risk_per_contract  annual_risk_per_contract  position  capital  exposure_held_perc_capital  annual_risk_perc_capital
BUND                      0.774              12.378    153.67              0.50                8.1            854.5             131310                      661                     10577        -1   385908                       -34.0                      -2.7
GBPEUR                    0.004               0.063      0.86              0.46                7.3         125000.0             107343                      490                      7849        -1   385908                       -27.8                      -2.0
JPY                       0.000               0.001      0.01              0.61                9.7       10128428.5              78211                      476                      7619        -1   385908                       -20.3                      -2.0
GBP                       0.008               0.133      1.23              0.68               10.8          50642.1              62148                      419                      6714        -1   385908                       -16.1                      -1.7
KR10                      0.560               8.959    114.40              0.49                7.8            638.0              72988                      357                      5715        -1   385908                       -18.9                      -1.5
SILVER                    0.411               6.570     21.59              1.90               30.4            810.3              17493                      332                      5323        -1   385908                        -4.5                      -1.4
DJSTX-SMALL               5.191              83.048    320.10              1.62               25.9             42.7              13676                      221                      3548        -1   385908                        -3.5                      -0.9
DAX                     209.784            3356.536  13710.00              1.53               24.5              0.9              11715                      179                      2868        -1   385908                        -3.0                      -0.7
RUSSELL                  35.064             561.020   1730.00              2.03               32.4              4.1               7008                      142                      2272        -1   385908                        -1.8                      -0.6
V2X                       1.143              18.283     32.20              3.55               56.8             85.4               2751                       97                      1562         1   385908                         0.7                       0.4
NIKKEI400               216.179            3458.860  16530.00              1.31               20.9              0.6              10279                      134                      2150         1   385908                         2.7                       0.6
BRE                       0.003               0.040      0.19              1.30               20.8          81027.4              15743                      204                      3268         1   385908                         4.1                       0.8
TOPIX                    23.384             374.138   1837.75              1.27               20.4              6.2              11427                      145                      2326         2   385908                         5.9                       1.2
EU-OIL                    6.871             109.931    324.90              2.11               33.8             42.7              13881                      293                      4696         1   385908                         3.6                       1.2
CORN                      8.863             141.815    732.75              1.21               19.4             40.5              29686                      359                      5745         1   385908                         7.7                       1.5
IRON                      4.687              74.995    130.60              3.59               57.4             81.0              10582                      379                      6076         1   385908                         2.7                       1.6
SOYOIL                    1.278              20.442     77.56              1.65               26.4            486.2              37706                      621                      9938         1   385908                         9.8                       2.6
SOYBEAN                  15.914             254.624   1469.75              1.08               17.3             40.5              59545                      644                     10315         1   385908                        15.4                       2.7
GAS_US_mini               0.327               5.226      7.72              4.23               67.7           2025.7              15638                      661                     10586         1   385908                         4.1                       2.7
CRUDE_W_mini              3.153              50.444    104.20              3.03               48.4            405.1              42215                     1277                     20436         1   385908                        10.9                       5.3

Sum of abs(notional exposure % capital) 197.5
Sum of abs(annualised risk % capital) 34.1
Net sum of annualised risk % capital 7.1 

==============================================================================================================================================================================
                                                                                 Correlations                                                                                 
==============================================================================================================================================================================

              BUND   JPY  KR10  GBPEUR   V2X   DAX  DJSTX-SMALL  EU-OIL   GBP  NIKKEI400  RUSSELL  TOPIX   BRE  CORN  CRUDE_W_mini  GAS_US_mini  IRON  SILVER  SOYBEAN  SOYOIL
BUND          1.00  0.33  0.32   -0.07  0.11 -0.15        -0.10   -0.06 -0.02      -0.10     0.07  -0.06  0.05  0.04          0.18        -0.04  0.11    0.05    -0.10    0.01
JPY           0.33  1.00  0.28    0.03  0.09 -0.10        -0.05   -0.03  0.15      -0.09     0.04  -0.06  0.07  0.07          0.14        -0.05  0.03    0.14     0.02    0.02
KR10          0.32  0.28  1.00    0.12 -0.02  0.03         0.07   -0.11 -0.00       0.01     0.10   0.01 -0.03 -0.09          0.07        -0.15  0.01   -0.02    -0.10   -0.08
GBPEUR       -0.07  0.03  0.12    1.00  0.06  0.06        -0.04   -0.15 -0.19       0.06    -0.09   0.04 -0.09 -0.11         -0.19        -0.15 -0.09   -0.11    -0.10   -0.09
V2X           0.11  0.09 -0.02    0.06  1.00 -0.34        -0.35   -0.22 -0.21      -0.30    -0.32  -0.30 -0.08  0.06          0.03         0.00  0.04    0.05     0.05    0.02
DAX          -0.15 -0.10  0.03    0.06 -0.34  1.00         0.47    0.19  0.26       0.41     0.34   0.40  0.12  0.03         -0.10         0.04 -0.02    0.01     0.08    0.05
DJSTX-SMALL  -0.10 -0.05  0.07   -0.04 -0.35  0.47         1.00    0.23  0.30       0.38     0.37   0.37  0.15  0.09         -0.03         0.09 -0.02    0.06     0.10    0.04
EU-OIL       -0.06 -0.03 -0.11   -0.15 -0.22  0.19         0.23    1.00  0.27       0.17     0.26   0.20  0.18  0.12          0.27         0.18  0.13    0.11     0.10    0.15
GBP          -0.02  0.15 -0.00   -0.19 -0.21  0.26         0.30    0.27  1.00       0.23     0.32   0.24  0.26  0.10          0.11         0.11  0.07    0.22     0.17    0.17
NIKKEI400    -0.10 -0.09  0.01    0.06 -0.30  0.41         0.38    0.17  0.23       1.00     0.35   0.49  0.12  0.02         -0.03         0.01 -0.05    0.00     0.02   -0.02
RUSSELL       0.07  0.04  0.10   -0.09 -0.32  0.34         0.37    0.26  0.32       0.35     1.00   0.35  0.24  0.09          0.16         0.06  0.08    0.15     0.04    0.09
TOPIX        -0.06 -0.06  0.01    0.04 -0.30  0.40         0.37    0.20  0.24       0.49     0.35   1.00  0.13  0.03         -0.00         0.01 -0.05   -0.00     0.02   -0.01
BRE           0.05  0.07 -0.03   -0.09 -0.08  0.12         0.15    0.18  0.26       0.12     0.24   0.13  1.00  0.17          0.14         0.16  0.14    0.21     0.13    0.13
CORN          0.04  0.07 -0.09   -0.11  0.06  0.03         0.09    0.12  0.10       0.02     0.09   0.03  0.17  1.00          0.16         0.10  0.18    0.15     0.35    0.21
CRUDE_W_mini  0.18  0.14  0.07   -0.19  0.03 -0.10        -0.03    0.27  0.11      -0.03     0.16  -0.00  0.14  0.16          1.00         0.15  0.20    0.19     0.08    0.15
GAS_US_mini  -0.04 -0.05 -0.15   -0.15  0.00  0.04         0.09    0.18  0.11       0.01     0.06   0.01  0.16  0.10          0.15         1.00  0.11    0.11     0.11    0.11
IRON          0.11  0.03  0.01   -0.09  0.04 -0.02        -0.02    0.13  0.07      -0.05     0.08  -0.05  0.14  0.18          0.20         0.11  1.00    0.17     0.17    0.17
SILVER        0.05  0.14 -0.02   -0.11  0.05  0.01         0.06    0.11  0.22       0.00     0.15  -0.00  0.21  0.15          0.19         0.11  0.17    1.00     0.16    0.14
SOYBEAN      -0.10  0.02 -0.10   -0.10  0.05  0.08         0.10    0.10  0.17       0.02     0.04   0.02  0.13  0.35          0.08         0.11  0.17    0.16     1.00    0.31
SOYOIL        0.01  0.02 -0.08   -0.09  0.02  0.05         0.04    0.15  0.17      -0.02     0.09  -0.01  0.13  0.21          0.15         0.11  0.17    0.14     0.31    1.00


********************************************************************************
                                 END OF REPORT                                  
********************************************************************************


