
********************************************************************************
           Risk report report produced on 2022-06-28 21:00:41.643787            
********************************************************************************


Total risk across all strategies, annualised percentage 6.8
Percentage of capital used for margin 20.2%

========================================
Risk per strategy, annualised percentage
========================================

                  risk
dynamic_TF_carry   6.8


==================================================================================================================================================================================================================================================================
                                                                                                                         Instrument risk                                                                                                                          
==================================================================================================================================================================================================================================================================

              daily_price_stdev  annual_price_stdev     price  daily_perc_stdev  annual_perc_stdev  point_size_base  contract_exposure  daily_risk_per_contract  annual_risk_per_contract  position  capital  exposure_held_perc_capital  annual_risk_perc_capital
US10U                     0.860              13.763    124.92              0.69               11.0            819.7             102397                      705                     11281        -1   374648                       -27.3                      -3.0
SILVER                    0.414               6.629     20.78              1.99               31.9            819.7              17033                      339                      5433        -1   374648                        -4.5                      -1.5
SP500_micro              65.701            1051.213   3831.25              1.71               27.4              4.1              15702                      269                      4308        -1   374648                        -4.2                      -1.1
DJSTX-SMALL               5.446              87.139    305.00              1.79               28.6             43.1              13145                      234                      3755        -1   374648                        -3.5                      -1.0
DOW                     432.924            6926.790  31181.00              1.39               22.2              0.4              12779                      177                      2838        -1   374648                        -3.4                      -0.8
DAX                     198.969            3183.509  13163.00              1.51               24.2              0.9              11346                      171                      2744        -1   374648                        -3.0                      -0.7
KOSDAQ                   26.223             419.562   1100.90              2.38               38.1              6.3               6983                      166                      2661        -1   374648                        -1.9                      -0.7
NIKKEI400               215.116            3441.859  17055.00              1.26               20.2              0.6              10261                      129                      2070         1   374648                         2.7                       0.6
TOPIX                    23.779             380.466   1892.50              1.26               20.1              6.0              11386                      143                      2289         1   374648                         3.0                       0.6
BRE                       0.002               0.033      0.19              1.08               17.3          81968.9              15451                      167                      2675         1   374648                         4.1                       0.7
EU-OIL                    6.212              99.396    316.10              1.97               31.4             43.1              13623                      267                      4283         1   374648                         3.6                       1.1
IRON                      4.102              65.625    123.10              3.33               53.3             82.0              10090                      336                      5379         1   374648                         2.7                       1.4
CORN                     12.109             193.749    664.00              1.82               29.2             41.0              27213                      496                      7940         1   374648                         7.3                       2.1
CRUDE_W_mini              2.536              40.569    109.00              2.33               37.2            409.8              44673                     1039                     16627         1   374648                        11.9                       4.4

Sum of abs(notional exposure % capital) 83.1
Sum of abs(annualised risk % capital) 19.7
Net sum of annualised risk % capital 2.1 

===================================================================================================================================
                                                           Correlations                                                            
===================================================================================================================================

               DAX  DJSTX-SMALL   DOW  EU-OIL  NIKKEI400  SP500_micro  TOPIX  CORN  CRUDE_W_mini  IRON   BRE  KOSDAQ  SILVER  US10U
DAX           1.00         0.54  0.41    0.32       0.44         0.40   0.43  0.03          0.01  0.06  0.25    0.21    0.06   0.09
DJSTX-SMALL   0.54         1.00  0.43    0.33       0.44         0.42   0.43  0.07          0.05  0.12  0.26    0.28    0.15   0.14
DOW           0.41         0.43  1.00    0.37       0.39         0.56   0.40  0.04          0.22  0.21  0.27    0.22    0.13   0.11
EU-OIL        0.32         0.33  0.37    1.00       0.33         0.36   0.34  0.10          0.34  0.24  0.27    0.22    0.15   0.00
NIKKEI400     0.44         0.44  0.39    0.33       1.00         0.39   0.56  0.05          0.14  0.06  0.22    0.30    0.10   0.02
SP500_micro   0.40         0.42  0.56    0.36       0.39         1.00   0.41  0.02          0.22  0.19  0.28    0.26    0.15   0.13
TOPIX         0.43         0.43  0.40    0.34       0.56         0.41   1.00  0.04          0.16  0.06  0.22    0.30    0.09   0.04
CORN          0.03         0.07  0.04    0.10       0.05         0.02   0.04  1.00          0.20  0.20  0.18    0.08    0.19   0.09
CRUDE_W_mini  0.01         0.05  0.22    0.34       0.14         0.22   0.16  0.20          1.00  0.32  0.26    0.21    0.29   0.07
IRON          0.06         0.12  0.21    0.24       0.06         0.19   0.06  0.20          0.32  1.00  0.23    0.14    0.23   0.16
BRE           0.25         0.26  0.27    0.27       0.22         0.28   0.22  0.18          0.26  0.23  1.00    0.23    0.28   0.18
KOSDAQ        0.21         0.28  0.22    0.22       0.30         0.26   0.30  0.08          0.21  0.14  0.23    1.00    0.26   0.15
SILVER        0.06         0.15  0.13    0.15       0.10         0.15   0.09  0.19          0.29  0.23  0.28    0.26    1.00   0.11
US10U         0.09         0.14  0.11    0.00       0.02         0.13   0.04  0.09          0.07  0.16  0.18    0.15    0.11   1.00


********************************************************************************
                                 END OF REPORT                                  
********************************************************************************


