
********************************************************************************
                    Risk report produced on 08/06/2026 22:51                    
********************************************************************************


Total risk across all strategies, annualised percentage 11.9
Percentage of capital used for margin 32.4%

========================================
Risk per strategy, annualised percentage
========================================

                  risk
dynamic_TF_carry  12.0


===================
Risk by asset class
===================

Ags       1.0
Bond      1.8
Equity    8.2
FX        1.5
Metals    1.7
OilGas    4.8
Sector    1.8
dtype: float64


=====================================================
Beta loadings of asset class positions on asset class
=====================================================

FX       -0.09
Bond     -0.05
Metals   -0.03
Ags      -0.03
OilGas    0.08
Sector    0.09
Equity    0.39
dtype: float64


========================================================
Beta loadings of full portfolio positions on asset class
========================================================

FX       -0.11
Metals    0.01
Ags       0.01
OilGas    0.06
Bond      0.24
Sector    0.26
Equity    0.38
dtype: float64


==================================================================================================================================================================================================================================================================
                                                                                                                         Instrument risk                                                                                                                          
==================================================================================================================================================================================================================================================================

              daily_price_stdev  annual_price_stdev     price  daily_perc_stdev  annual_perc_stdev  point_size_base  contract_exposure  daily_risk_per_contract  annual_risk_per_contract  position  capital  exposure_held_perc_capital  annual_risk_perc_capital
KR10                      0.472               7.555    105.69              0.45                7.1            486.7              51440                      229                      3677        -4   690842                       -29.8                      -2.1
BITCOIN                1916.122           30657.959  64005.00              2.99               47.9              0.1               4802                      143                      2300        -5   690842                        -3.5                      -1.7
CHF                       0.006               0.092      1.28              0.45                7.2          93796.7             120087                      537                      8592        -1   690842                       -17.4                      -1.2
REDWHEAT                 11.269             180.304    648.00              1.74               27.8             37.5              24312                      422                      6764        -1   690842                        -3.5                      -1.0
JPY                       0.000               0.000      0.01              0.48                7.7        9379666.4              59077                      283                      4538        -1   690842                        -8.6                      -0.7
KOSDAQ                   54.500             871.998   1648.40              3.31               52.9              4.9               8023                      265                      4244        -1   690842                        -1.2                      -0.6
GAS_US_mini               0.106               1.689      3.37              3.13               50.1           1875.9               6321                      197                      3167        -1   690842                        -0.9                      -0.5
HANGENT_mini            115.179            1842.870   8334.00              1.38               22.1              1.0               7981                      110                      1764        -1   690842                        -1.2                      -0.3
EUR_micro                 0.004               0.059      1.17              0.32                5.1           9379.7              10935                       34                       553        -1   690842                        -1.6                      -0.1
CANOLA                   10.108             161.730    786.30              1.29               20.6             10.8               8460                      108                      1740         1   690842                         1.2                       0.3
RUSSELL                  33.276             532.421   2943.70              1.13               18.1              3.8              11044                      124                      1997         1   690842                         1.6                       0.3
TOPIX                    49.039             784.617   3853.50              1.27               20.4              4.7              18043                      229                      3673         1   690842                         2.6                       0.5
CAD10                     0.452               7.238    120.28              0.38                6.0            538.0              64709                      243                      3893         1   690842                         9.4                       0.6
NZD                       0.004               0.061      0.59              0.65               10.4          75037.3              44174                      286                      4578         1   690842                         6.4                       0.7
MSCISING                  5.079              81.261    453.90              1.12               17.9             58.1              26385                      295                      4723         1   690842                         3.8                       0.7
EU-OIL                    7.115             113.842    526.40              1.35               21.6             43.2              22749                      307                      4919         1   690842                         3.3                       0.7
ZAR                       0.000               0.007      0.06              0.74               11.8         375186.7              22989                      169                      2718         2   690842                         6.7                       0.8
OAT                       0.518               8.293    118.76              0.44                7.0            864.4             102650                      447                      7167         1   690842                        14.9                       1.0
NIKKEI                 1120.609           17929.751  64215.00              1.75               27.9              0.5              30068                      524                      8395         1   690842                         4.4                       1.2
EU-BASIC                 15.215             243.437    870.80              1.75               28.0             43.2              37634                      657                     10520         1   690842                         5.4                       1.5
CAC                      79.804            1276.868   8219.50              0.97               15.5              8.6              71045                      689                     11036         1   690842                        10.3                       1.6
GASOILINE                 0.067               1.071      2.91              2.30               36.8          31515.7              91571                     2108                     33738         1   690842                        13.3                       4.9
MSCITAIWAN               32.296             516.741   1959.80              1.65               26.4             75.0             147058                     2423                     38774         1   690842                        21.3                       5.6

Sum of abs(notional exposure % capital) 172.3
Sum of abs(annualised risk % capital) 28.6
Net sum of annualised risk % capital 12.2 

=================================================================================================================================================================================================================
                                                                                                  Correlations                                                                                                   
=================================================================================================================================================================================================================

              CANOLA  EU-OIL  GASOILINE  GAS_US_mini  REDWHEAT  CAD10   CHF  EUR_micro   JPY  KR10   OAT  BITCOIN  KOSDAQ  HANGENT_mini   NZD   ZAR   CAC  EU-BASIC  MSCISING  MSCITAIWAN  NIKKEI  RUSSELL  TOPIX
CANOLA          1.00    0.07       0.34         0.14      0.14  -0.08 -0.08      -0.12 -0.09 -0.19 -0.08    -0.10   -0.04          0.11 -0.01 -0.17 -0.17     -0.09     -0.06       -0.04   -0.05    -0.13  -0.09
EU-OIL          0.07    1.00       0.66         0.17      0.20  -0.15 -0.36      -0.29 -0.27 -0.21 -0.25     0.24    0.16         -0.01 -0.09  0.08  0.22      0.16      0.39        0.13   -0.06     0.10   0.06
GASOILINE       0.34    0.66       1.00         0.28      0.35  -0.33 -0.30      -0.27 -0.24 -0.28 -0.35     0.26   -0.00          0.09 -0.08 -0.09 -0.03     -0.04      0.19        0.10   -0.05    -0.02   0.00
GAS_US_mini     0.14    0.17       0.28         1.00     -0.03  -0.15 -0.02      -0.08  0.00 -0.08 -0.19     0.16   -0.01          0.22 -0.01 -0.09 -0.03     -0.08      0.28       -0.09   -0.11    -0.17  -0.12
REDWHEAT        0.14    0.20       0.35        -0.03      1.00  -0.12  0.07       0.11  0.06 -0.28 -0.10     0.10    0.29          0.07  0.14  0.07 -0.19      0.00     -0.19       -0.03   -0.01    -0.14  -0.06
CAD10          -0.08   -0.15      -0.33        -0.15     -0.12   1.00  0.24       0.23  0.33  0.48  0.69    -0.05    0.06          0.19  0.19  0.38  0.35      0.33      0.16        0.27    0.23     0.27   0.10
CHF            -0.08   -0.36      -0.30        -0.02      0.07   0.24  1.00       0.85  0.71  0.32  0.37     0.10    0.34          0.36  0.66  0.41  0.11      0.17      0.01        0.09    0.14     0.10  -0.05
EUR_micro      -0.12   -0.29      -0.27        -0.08      0.11   0.23  0.85       1.00  0.68  0.24  0.23     0.08    0.29          0.38  0.71  0.53  0.18      0.26      0.08        0.16    0.21     0.17   0.08
JPY            -0.09   -0.27      -0.24         0.00      0.06   0.33  0.71       0.68  1.00  0.34  0.34     0.01    0.15          0.19  0.46  0.30 -0.01      0.01     -0.06       -0.06   -0.15    -0.02  -0.28
KR10           -0.19   -0.21      -0.28        -0.08     -0.28   0.48  0.32       0.24  0.34  1.00  0.50     0.19    0.14          0.12  0.11  0.21  0.24      0.13      0.10        0.18    0.13     0.26  -0.06
OAT            -0.08   -0.25      -0.35        -0.19     -0.10   0.69  0.37       0.23  0.34  0.50  1.00     0.00    0.24          0.21  0.26  0.38  0.44      0.40      0.11        0.33    0.34     0.37   0.16
BITCOIN        -0.10    0.24       0.26         0.16      0.10  -0.05  0.10       0.08  0.01  0.19  0.00     1.00    0.22          0.12  0.16  0.17  0.19      0.13      0.27        0.26    0.13     0.39   0.06
KOSDAQ         -0.04    0.16      -0.00        -0.01      0.29   0.06  0.34       0.29  0.15  0.14  0.24     0.22    1.00          0.17  0.39  0.36  0.24      0.28      0.03        0.36    0.39     0.27   0.22
HANGENT_mini    0.11   -0.01       0.09         0.22      0.07   0.19  0.36       0.38  0.19  0.12  0.21     0.12    0.17          1.00  0.41  0.43  0.38      0.43      0.36        0.26    0.37     0.21   0.32
NZD            -0.01   -0.09      -0.08        -0.01      0.14   0.19  0.66       0.71  0.46  0.11  0.26     0.16    0.39          0.41  1.00  0.65  0.30      0.48      0.27        0.40    0.43     0.36   0.27
ZAR            -0.17    0.08      -0.09        -0.09      0.07   0.38  0.41       0.53  0.30  0.21  0.38     0.17    0.36          0.43  0.65  1.00  0.64      0.69      0.51        0.40    0.48     0.48   0.37
CAC            -0.17    0.22      -0.03        -0.03     -0.19   0.35  0.11       0.18 -0.01  0.24  0.44     0.19    0.24          0.38  0.30  0.64  1.00      0.69      0.60        0.57    0.65     0.60   0.58
EU-BASIC       -0.09    0.16      -0.04        -0.08      0.00   0.33  0.17       0.26  0.01  0.13  0.40     0.13    0.28          0.43  0.48  0.69  0.69      1.00      0.48        0.57    0.60     0.64   0.47
MSCISING       -0.06    0.39       0.19         0.28     -0.19   0.16  0.01       0.08 -0.06  0.10  0.11     0.27    0.03          0.36  0.27  0.51  0.60      0.48      1.00        0.37    0.34     0.44   0.40
MSCITAIWAN     -0.04    0.13       0.10        -0.09     -0.03   0.27  0.09       0.16 -0.06  0.18  0.33     0.26    0.36          0.26  0.40  0.40  0.57      0.57      0.37        1.00    0.72     0.66   0.54
NIKKEI         -0.05   -0.06      -0.05        -0.11     -0.01   0.23  0.14       0.21 -0.15  0.13  0.34     0.13    0.39          0.37  0.43  0.48  0.65      0.60      0.34        0.72    1.00     0.59   0.86
RUSSELL        -0.13    0.10      -0.02        -0.17     -0.14   0.27  0.10       0.17 -0.02  0.26  0.37     0.39    0.27          0.21  0.36  0.48  0.60      0.64      0.44        0.66    0.59     1.00   0.50
TOPIX          -0.09    0.06       0.00        -0.12     -0.06   0.10 -0.05       0.08 -0.28 -0.06  0.16     0.06    0.22          0.32  0.27  0.37  0.58      0.47      0.40        0.54    0.86     0.50   1.00


********************************************************************************
                                 END OF REPORT                                  
********************************************************************************


