
********************************************************************************
                    Risk report produced on 06/02/2025 22:53                    
********************************************************************************


Total risk across all strategies, annualised percentage 13.7
Percentage of capital used for margin 74.0%

========================================
Risk per strategy, annualised percentage
========================================

                  risk
dynamic_TF_carry  13.7


===================
Risk by asset class
===================

Ags       5.7
Bond      1.9
Equity    7.2
FX        2.4
Metals    0.8
Vol       2.4
dtype: float64


=====================================================
Beta loadings of asset class positions on asset class
=====================================================

FX       -0.64
Bond     -0.15
Vol      -0.05
Metals    0.02
Ags       0.37
Equity    0.62
dtype: float64


========================================================
Beta loadings of full portfolio positions on asset class
========================================================

FX       -0.50
Bond     -0.28
Vol      -0.17
Metals    0.21
Ags       0.51
Equity    0.86
dtype: float64


==================================================================================================================================================================================================================================================================
                                                                                                                         Instrument risk                                                                                                                          
==================================================================================================================================================================================================================================================================

              daily_price_stdev  annual_price_stdev     price  daily_perc_stdev  annual_perc_stdev  point_size_base  contract_exposure  daily_risk_per_contract  annual_risk_per_contract  position  capital  exposure_held_perc_capital  annual_risk_perc_capital
CHF                       0.005               0.073      1.11              0.41                6.6         100116.5             111579                      458                      7335        -2   569912                       -39.2                      -2.6
VIX                       0.535               8.564     17.95              2.98               47.7            800.9              14376                      428                      6859        -2   569912                        -5.0                      -2.4
US30                      1.031              16.495    121.91              0.85               13.5            800.9              97638                      825                     13211        -1   569912                       -17.1                      -2.3
FTSETAIWAN               23.100             369.597   1917.25              1.20               19.3             32.0              61423                      740                     11840        -1   569912                       -10.8                      -2.1
DX                        0.590               9.434    107.44              0.55                8.8            800.9              86048                      472                      7556        -1   569912                       -15.1                      -1.3
CAD                       0.003               0.044      0.70              0.39                6.3          80093.2              56041                      221                      3538        -2   569912                       -19.7                      -1.2
SUGAR11                   0.256               4.091     18.13              1.41               22.6            897.0              16263                      229                      3669        -1   569912                        -2.9                      -0.6
COPPER-micro              0.049               0.783      4.45              1.10               17.6           2002.3               8907                       98                      1568        -2   569912                        -3.1                      -0.6
RUSSELL                  23.188             371.009   2319.90              1.00               16.0              4.0               9290                       92                      1485        -2   569912                        -3.3                      -0.5
DOW                     280.214            4483.418  45017.00              0.62               10.0              0.4              18027                      112                      1795         1   569912                         3.2                       0.3
MSCISING                  2.592              41.472    386.30              0.67               10.7             59.3              22893                      153                      2457         1   569912                         4.0                       0.4
GOLD_micro               23.053             368.841   2883.50              0.80               12.8              8.0              23094                      184                      2954         1   569912                         4.1                       0.5
BITCOIN                2544.243           40707.887  98700.00              2.58               41.2              0.1               7905                      203                      3260         1   569912                         1.4                       0.6
HANG_mini               265.257            4244.105  20745.00              1.28               20.5              1.0              21339                      272                      4365         1   569912                         3.7                       0.8
GBP                       0.006               0.094      1.25              0.47                7.6          50058.3              62562                      295                      4725         1   569912                        11.0                       0.8
CAD10                     0.537               8.584    125.28              0.43                6.9            558.3              69938                      299                      4792         1   569912                        12.3                       0.8
TOPIX                    24.772             396.358   2753.00              0.90               14.4              5.2              14450                      130                      2080         5   569912                        12.7                       1.8
SMI                      80.060            1280.964  12540.00              0.64               10.2              8.9             111230                      710                     11362         1   569912                        19.5                       2.0
FEEDCOW                   2.503              40.051    269.10              0.93               14.9            400.5             107765                     1002                     16039         1   569912                        18.9                       2.8
MIB                     268.890            4302.235  36635.00              0.73               11.7              4.2             152442                     1118                     17902         1   569912                        26.7                       3.1
MSCITAIWAN               15.430             246.881    983.90              1.57               25.1             80.1              78803                     1235                     19773         1   569912                        13.8                       3.5
COFFEE                    5.441              87.052    392.50              1.39               22.2            300.3             117887                     1634                     26146         1   569912                        20.7                       4.6

Sum of abs(notional exposure % capital) 268.2
Sum of abs(annualised risk % capital) 35.6
Net sum of annualised risk % capital 8.4 

===================================================================================================================================================================================================
                                                                                           Correlations                                                                                            
===================================================================================================================================================================================================

              BITCOIN   DOW  FEEDCOW  FTSETAIWAN   MIB  MSCISING  MSCITAIWAN  RUSSELL   SMI  SUGAR11  TOPIX  CAD10   CHF  US30   CAD  COFFEE  COPPER-micro   GBP  GOLD_micro  HANG_mini    DX   VIX
BITCOIN          1.00  0.44     0.08        0.29  0.31      0.45        0.30     0.57  0.18    -0.02   0.33   0.15 -0.23 -0.09  0.06    0.11         -0.09  0.22        0.00       0.09 -0.00 -0.46
DOW              0.44  1.00     0.25        0.44  0.50      0.60        0.42     0.87  0.60     0.09   0.41   0.10 -0.16  0.22  0.29    0.19          0.05  0.28       -0.03       0.16 -0.18 -0.71
FEEDCOW          0.08  0.25     1.00        0.27  0.24      0.28        0.27     0.17  0.18     0.23   0.37  -0.31 -0.28 -0.25 -0.04    0.16          0.09 -0.06       -0.11       0.09  0.14 -0.22
FTSETAIWAN       0.29  0.44     0.27        1.00  0.48      0.58        0.98     0.50  0.36     0.13   0.76  -0.09 -0.23 -0.15  0.26    0.08          0.19  0.33        0.08       0.35 -0.00 -0.65
MIB              0.31  0.50     0.24        0.48  1.00      0.49        0.47     0.47  0.58     0.11   0.57  -0.08 -0.16 -0.11  0.17    0.20          0.25  0.35        0.13       0.32 -0.12 -0.55
MSCISING         0.45  0.60     0.28        0.58  0.49      1.00        0.56     0.61  0.32     0.23   0.61   0.05 -0.29 -0.04  0.22    0.30          0.24  0.26        0.04       0.24 -0.01 -0.67
MSCITAIWAN       0.30  0.42     0.27        0.98  0.47      0.56        1.00     0.48  0.32     0.13   0.77  -0.11 -0.29 -0.20  0.20    0.06          0.19  0.29        0.07       0.32  0.03 -0.64
RUSSELL          0.57  0.87     0.17        0.50  0.47      0.61        0.48     1.00  0.48     0.03   0.42   0.09 -0.14  0.21  0.33    0.12          0.08  0.36        0.02       0.19 -0.18 -0.63
SMI              0.18  0.60     0.18        0.36  0.58      0.32        0.32     0.48  1.00     0.14   0.34   0.17 -0.01  0.19  0.28    0.16          0.16  0.42        0.22       0.33 -0.29 -0.40
SUGAR11         -0.02  0.09     0.23        0.13  0.11      0.23        0.13     0.03  0.14     1.00   0.23   0.01  0.02 -0.04  0.10    0.10          0.12  0.28        0.12       0.13 -0.20 -0.09
TOPIX            0.33  0.41     0.37        0.76  0.57      0.61        0.77     0.42  0.34     0.23   1.00  -0.24 -0.50 -0.40  0.09    0.08          0.15  0.17       -0.04       0.29  0.15 -0.67
CAD10            0.15  0.10    -0.31       -0.09 -0.08      0.05       -0.11     0.09  0.17     0.01  -0.24   1.00  0.45  0.67  0.17    0.21         -0.09  0.47        0.19       0.15 -0.37 -0.02
CHF             -0.23 -0.16    -0.28       -0.23 -0.16     -0.29       -0.29    -0.14 -0.01     0.02  -0.50   0.45  1.00  0.57  0.35   -0.07          0.04  0.49        0.19       0.24 -0.63  0.35
US30            -0.09  0.22    -0.25       -0.15 -0.11     -0.04       -0.20     0.21  0.19    -0.04  -0.40   0.67  0.57  1.00  0.38    0.09         -0.01  0.35        0.15       0.11 -0.50  0.13
CAD              0.06  0.29    -0.04        0.26  0.17      0.22        0.20     0.33  0.28     0.10   0.09   0.17  0.35  0.38  1.00   -0.05          0.26  0.44        0.13       0.32 -0.44 -0.20
COFFEE           0.11  0.19     0.16        0.08  0.20      0.30        0.06     0.12  0.16     0.10   0.08   0.21 -0.07  0.09 -0.05    1.00          0.14  0.11        0.23      -0.05  0.04 -0.14
COPPER-micro    -0.09  0.05     0.09        0.19  0.25      0.24        0.19     0.08  0.16     0.12   0.15  -0.09  0.04 -0.01  0.26    0.14          1.00  0.19        0.51       0.46 -0.18 -0.02
GBP              0.22  0.28    -0.06        0.33  0.35      0.26        0.29     0.36  0.42     0.28   0.17   0.47  0.49  0.35  0.44    0.11          0.19  1.00        0.25       0.40 -0.72 -0.23
GOLD_micro       0.00 -0.03    -0.11        0.08  0.13      0.04        0.07     0.02  0.22     0.12  -0.04   0.19  0.19  0.15  0.13    0.23          0.51  0.25        1.00       0.17 -0.21  0.15
HANG_mini        0.09  0.16     0.09        0.35  0.32      0.24        0.32     0.19  0.33     0.13   0.29   0.15  0.24  0.11  0.32   -0.05          0.46  0.40        0.17       1.00 -0.27 -0.09
DX              -0.00 -0.18     0.14       -0.00 -0.12     -0.01        0.03    -0.18 -0.29    -0.20   0.15  -0.37 -0.63 -0.50 -0.44    0.04         -0.18 -0.72       -0.21      -0.27  1.00  0.01
VIX             -0.46 -0.71    -0.22       -0.65 -0.55     -0.67       -0.64    -0.63 -0.40    -0.09  -0.67  -0.02  0.35  0.13 -0.20   -0.14         -0.02 -0.23        0.15      -0.09  0.01  1.00


********************************************************************************
                                 END OF REPORT                                  
********************************************************************************


