
********************************************************************************
                    Risk report produced on 23/05/2025 22:53                    
********************************************************************************


Total risk across all strategies, annualised percentage 7.6
Percentage of capital used for margin 38.1%

========================================
Risk per strategy, annualised percentage
========================================

                  risk
dynamic_TF_carry   7.6


===================
Risk by asset class
===================

Ags       3.2
Bond      0.9
Equity    4.4
FX        2.2
OilGas    3.8
Vol       0.2
dtype: float64


=====================================================
Beta loadings of asset class positions on asset class
=====================================================

OilGas   -0.10
Vol      -0.00
Bond      0.06
Ags       0.16
Equity    0.22
FX        0.23
dtype: float64


========================================================
Beta loadings of full portfolio positions on asset class
========================================================

Bond     -0.10
Vol      -0.08
OilGas   -0.05
Ags       0.19
Equity    0.31
FX        0.41
dtype: float64


===================================================================================================================================================================================================================================================================
                                                                                                                          Instrument risk                                                                                                                          
===================================================================================================================================================================================================================================================================

               daily_price_stdev  annual_price_stdev     price  daily_perc_stdev  annual_perc_stdev  point_size_base  contract_exposure  daily_risk_per_contract  annual_risk_per_contract  position  capital  exposure_held_perc_capital  annual_risk_perc_capital
GAS-PEN                    0.125               1.993      3.28              3.80               60.8           7429.8              24332                      925                     14805        -1   529611                        -4.6                      -2.8
DOW                      527.991            8447.853  42113.00              1.25               20.1              0.4              15644                      196                      3138        -4   529611                       -11.8                      -2.4
CRUDE_W_micro              1.259              20.149     60.66              2.08               33.2             74.3               4506                       93                      1497        -4   529611                        -3.4                      -1.1
WHEAT                      7.851             125.617    583.75              1.34               21.5             37.1              21685                      291                      4666        -1   529611                        -4.1                      -0.9
CAD10                      0.533               8.535    120.98              0.44                7.1            537.4              65012                      286                      4586        -1   529611                       -12.3                      -0.9
GAS_US_mini                0.126               2.012      3.66              3.43               54.9           1857.5               6807                      233                      3737        -1   529611                        -1.3                      -0.7
KRWUSD_mini                0.006               0.090      0.73              0.77               12.4          18574.6              13540                      104                      1676        -2   529611                        -5.1                      -0.6
V2X                        0.610               9.755     20.20              3.02               48.3             84.1               1699                       51                       820        -1   529611                        -0.3                      -0.2
MXP                        0.000               0.006      0.05              0.70               11.2         371491.7              19083                      133                      2131         2   529611                         7.2                       0.8
CANOLA                     8.868             141.887    685.90              1.29               20.7             10.7               7371                       95                      1524         3   529611                         4.2                       0.9
NIKKEI                   557.317            8917.068  37165.00              1.50               24.0              0.5              19251                      288                      4619         1   529611                         3.6                       0.9
MSCISING                   5.043              80.689    405.70              1.24               19.9             57.6              23383                      290                      4650         1   529611                         4.4                       0.9
MUMMY                     11.177             178.834    712.00              1.57               25.1              5.2               3688                       57                       926         6   529611                         4.2                       1.0
BTP                        0.429               6.868    119.69              0.36                5.7            841.2             100683                      361                      5777         1   529611                        19.0                       1.1
YENEUR                     0.869              13.899    162.39              0.53                8.6            647.5             105149                      562                      8999         1   529611                        19.9                       1.7
FEEDCOW                    2.634              42.141    298.73              0.88               14.1            371.5             110973                      978                     15655         1   529611                        21.0                       3.0
MSCIEAFA                  31.839             509.419   2588.60              1.23               19.7             37.1              96164                     1182                     18924         1   529611                        18.2                       3.6

Sum of abs(notional exposure % capital) 144.6
Sum of abs(annualised risk % capital) 23.5
Net sum of annualised risk % capital 4.3 

=================================================================================================================================================================
                                                                          Correlations                                                                           
=================================================================================================================================================================

                DOW  MSCIEAFA  MSCISING  MUMMY  NIKKEI  CRUDE_W_micro  FEEDCOW  GAS-PEN  GAS_US_mini   MXP  YENEUR  CANOLA  WHEAT   BTP  CAD10  KRWUSD_mini   V2X
DOW            1.00      0.73      0.74   0.63    0.72           0.26     0.37     0.16         0.16  0.22    0.09    0.05  -0.04  0.26   0.05         0.07 -0.64
MSCIEAFA       0.73      1.00      0.83   0.73    0.74           0.30     0.46     0.19         0.21  0.36    0.16   -0.05   0.07  0.14  -0.03         0.29 -0.58
MSCISING       0.74      0.83      1.00   0.76    0.75           0.46     0.45     0.24         0.27  0.35    0.13   -0.04  -0.00  0.15  -0.00         0.03 -0.65
MUMMY          0.63      0.73      0.76   1.00    0.86           0.45     0.42     0.09         0.13  0.35    0.27    0.04   0.02  0.13  -0.18         0.11 -0.71
NIKKEI         0.72      0.74      0.75   0.86    1.00           0.42     0.51     0.17         0.19  0.44    0.46    0.04   0.01  0.07  -0.21         0.01 -0.82
CRUDE_W_micro  0.26      0.30      0.46   0.45    0.42           1.00     0.33     0.15         0.18  0.22    0.13    0.07  -0.01 -0.13  -0.23        -0.32 -0.33
FEEDCOW        0.37      0.46      0.45   0.42    0.51           0.33     1.00     0.20         0.25  0.30    0.36   -0.07  -0.16 -0.11  -0.31        -0.05 -0.31
GAS-PEN        0.16      0.19      0.24   0.09    0.17           0.15     0.20     1.00         0.97  0.02    0.12    0.06   0.04 -0.23  -0.04        -0.15 -0.16
GAS_US_mini    0.16      0.21      0.27   0.13    0.19           0.18     0.25     0.97         1.00  0.05    0.18    0.06   0.03 -0.25  -0.08        -0.16 -0.16
MXP            0.22      0.36      0.35   0.35    0.44           0.22     0.30     0.02         0.05  1.00    0.37   -0.10   0.22  0.15  -0.10         0.15 -0.41
YENEUR         0.09      0.16      0.13   0.27    0.46           0.13     0.36     0.12         0.18  0.37    1.00    0.09   0.05 -0.36  -0.45        -0.12 -0.39
CANOLA         0.05     -0.05     -0.04   0.04    0.04           0.07    -0.07     0.06         0.06 -0.10    0.09    1.00   0.16  0.04  -0.19        -0.13 -0.05
WHEAT         -0.04      0.07     -0.00   0.02    0.01          -0.01    -0.16     0.04         0.03  0.22    0.05    0.16   1.00 -0.03  -0.24         0.21  0.05
BTP            0.26      0.14      0.15   0.13    0.07          -0.13    -0.11    -0.23        -0.25  0.15   -0.36    0.04  -0.03  1.00   0.55         0.21 -0.18
CAD10          0.05     -0.03     -0.00  -0.18   -0.21          -0.23    -0.31    -0.04        -0.08 -0.10   -0.45   -0.19  -0.24  0.55   1.00        -0.00  0.01
KRWUSD_mini    0.07      0.29      0.03   0.11    0.01          -0.32    -0.05    -0.15        -0.16  0.15   -0.12   -0.13   0.21  0.21  -0.00         1.00  0.07
V2X           -0.64     -0.58     -0.65  -0.71   -0.82          -0.33    -0.31    -0.16        -0.16 -0.41   -0.39   -0.05   0.05 -0.18   0.01         0.07  1.00


********************************************************************************
                                 END OF REPORT                                  
********************************************************************************


