
********************************************************************************
                    Risk report produced on 13/01/2025 22:52                    
********************************************************************************


Total risk across all strategies, annualised percentage 11.7
Percentage of capital used for margin 67.4%

========================================
Risk per strategy, annualised percentage
========================================

                  risk
dynamic_TF_carry  11.7


===================
Risk by asset class
===================

Ags       1.6
Bond      5.4
Equity    3.5
FX        5.8
Metals    2.1
OilGas    0.5
dtype: float64


=====================================================
Beta loadings of asset class positions on asset class
=====================================================

FX       -0.89
Bond     -0.50
Metals   -0.12
Ags      -0.08
OilGas    0.02
Equity    0.24
dtype: float64


========================================================
Beta loadings of full portfolio positions on asset class
========================================================

FX       -1.51
Bond     -0.92
Metals   -0.20
Ags      -0.16
OilGas    0.06
Equity    0.28
dtype: float64


===================================================================================================================================================================================================================================================================
                                                                                                                          Instrument risk                                                                                                                          
===================================================================================================================================================================================================================================================================

               daily_price_stdev  annual_price_stdev     price  daily_perc_stdev  annual_perc_stdev  point_size_base  contract_exposure  daily_risk_per_contract  annual_risk_per_contract  position  capital  exposure_held_perc_capital  annual_risk_perc_capital
CHF                        0.005               0.076      1.10              0.43                6.9         102931.1             112848                      485                      7775        -3   582379                       -58.1                      -4.0
BUXL                       1.009              16.150    126.62              0.80               12.8            841.4             106536                      849                     13588        -1   582379                       -18.3                      -2.3
US30                       0.979              15.672    115.56              0.85               13.6            823.4              95159                      806                     12904        -1   582379                       -16.3                      -2.2
JPY                        0.000               0.001      0.01              0.58                9.4       10293106.5              65742                      384                      6147        -2   582379                       -22.6                      -2.1
ALUMINIUM                 30.876             494.024   2582.00              1.20               19.1             20.6              53153                      635                     10170        -1   582379                        -9.1                      -1.7
SOYMEAL                    5.108              81.721    314.70              1.62               26.0             82.3              25913                      420                      6729        -1   582379                        -4.4                      -1.2
US10U                      0.476               7.609    109.38              0.43                7.0            823.4              90064                      391                      6265        -1   582379                       -15.5                      -1.1
RUSSELL                   27.338             437.407   2198.20              1.24               19.9              4.1               9050                      112                      1800        -3   582379                        -4.7                      -0.9
SUGAR11                    0.254               4.062     17.90              1.42               22.7            922.3              16508                      234                      3746        -1   582379                        -2.8                      -0.6
COPPER-micro               0.050               0.802      4.32              1.16               18.6           2058.6               8895                      103                      1650        -2   582379                        -3.1                      -0.6
CAD                        0.002               0.036      0.70              0.33                5.2          82344.9              57270                      186                      2985        -1   582379                        -9.8                      -0.5
EURO600                    3.351              53.610    510.00              0.66               10.5             42.1              21455                      140                      2255        -1   582379                        -3.7                      -0.4
BRE                        0.001               0.023      0.16              0.89               14.3          82344.9              13459                      119                      1919        -1   582379                        -2.3                      -0.3
CANOLA                     8.778             140.453    653.60              1.34               21.5             11.4               7458                      100                      1602        -1   582379                        -1.3                      -0.3
TOPIX                     26.446             423.144   2720.00              0.97               15.6              5.2              14218                      138                      2211         1   582379                         2.4                       0.4
CRUDE_W_micro              1.055              16.887     75.87              1.39               22.3             82.3               6247                       86                      1390         2   582379                         2.1                       0.5
MSCISING                   3.144              50.306    371.80              0.85               13.5             60.0              22298                      188                      3017         1   582379                         3.8                       0.5
NIKKEI                   411.470            6583.516  39250.00              1.05               16.8              0.5              20517                      215                      3441         1   582379                         3.5                       0.6
MIB                      287.436            4598.979  34905.00              0.82               13.2              4.2             146843                     1209                     19347         1   582379                        25.2                       3.3

Sum of abs(notional exposure % capital) 209.0
Sum of abs(annualised risk % capital) 23.5
Net sum of annualised risk % capital -12.9 

===========================================================================================================================================================================
                                                                               Correlations                                                                                
===========================================================================================================================================================================

               BUXL   CHF   JPY  US10U  US30  CRUDE_W_micro  SUGAR11  CANOLA  SOYMEAL  ALUMINIUM   BRE   CAD  COPPER-micro  EURO600   MIB  MSCISING  NIKKEI  RUSSELL  TOPIX
BUXL           1.00  0.25  0.51   0.81  0.87          -0.28    -0.11   -0.39     0.08      -0.03  0.02  0.17         -0.04     0.20 -0.09     -0.01   -0.07     0.24  -0.07
CHF            0.25  1.00  0.57   0.49  0.44          -0.12     0.20   -0.02     0.21       0.09  0.26  0.46          0.21     0.20  0.01     -0.19   -0.19     0.13  -0.21
JPY            0.51  0.57  1.00   0.63  0.59          -0.19     0.05   -0.23     0.12      -0.04 -0.03  0.23          0.02     0.15 -0.08     -0.12   -0.33     0.25  -0.33
US10U          0.81  0.49  0.63   1.00  0.96          -0.24     0.10   -0.31     0.12       0.07  0.18  0.41          0.15     0.25 -0.02     -0.04   -0.10     0.26  -0.09
US30           0.87  0.44  0.59   0.96  1.00          -0.26     0.06   -0.38     0.07       0.05  0.16  0.34          0.12     0.30  0.01     -0.01   -0.04     0.30  -0.04
CRUDE_W_micro -0.28 -0.12 -0.19  -0.24 -0.26           1.00     0.39    0.22     0.10       0.17  0.27  0.16          0.19     0.10  0.11      0.06    0.28     0.14   0.30
SUGAR11       -0.11  0.20  0.05   0.10  0.06           0.39     1.00    0.16     0.20       0.20  0.37  0.31          0.28     0.32  0.21      0.13    0.36     0.27   0.34
CANOLA        -0.39 -0.02 -0.23  -0.31 -0.38           0.22     0.16    1.00     0.36       0.14  0.22  0.10          0.15     0.03  0.23      0.07    0.14     0.08   0.17
SOYMEAL        0.08  0.21  0.12   0.12  0.07           0.10     0.20    0.36     1.00       0.31  0.23  0.28          0.15    -0.00 -0.08     -0.21   -0.06     0.05  -0.02
ALUMINIUM     -0.03  0.09 -0.04   0.07  0.05           0.17     0.20    0.14     0.31       1.00  0.39  0.37          0.60     0.14  0.09      0.12    0.16     0.12   0.18
BRE            0.02  0.26 -0.03   0.18  0.16           0.27     0.37    0.22     0.23       0.39  1.00  0.46          0.44     0.20  0.19      0.15    0.29     0.35   0.26
CAD            0.17  0.46  0.23   0.41  0.34           0.16     0.31    0.10     0.28       0.37  0.46  1.00          0.49     0.31  0.23      0.16    0.18     0.25   0.18
COPPER-micro  -0.04  0.21  0.02   0.15  0.12           0.19     0.28    0.15     0.15       0.60  0.44  0.49          1.00     0.44  0.36      0.35    0.31     0.26   0.33
EURO600        0.20  0.20  0.15   0.25  0.30           0.10     0.32    0.03    -0.00       0.14  0.20  0.31          0.44     1.00  0.81      0.38    0.50     0.50   0.49
MIB           -0.09  0.01 -0.08  -0.02  0.01           0.11     0.21    0.23    -0.08       0.09  0.19  0.23          0.36     0.81  1.00      0.41    0.56     0.44   0.55
MSCISING      -0.01 -0.19 -0.12  -0.04 -0.01           0.06     0.13    0.07    -0.21       0.12  0.15  0.16          0.35     0.38  0.41      1.00    0.36     0.30   0.41
NIKKEI        -0.07 -0.19 -0.33  -0.10 -0.04           0.28     0.36    0.14    -0.06       0.16  0.29  0.18          0.31     0.50  0.56      0.36    1.00     0.52   0.96
RUSSELL        0.24  0.13  0.25   0.26  0.30           0.14     0.27    0.08     0.05       0.12  0.35  0.25          0.26     0.50  0.44      0.30    0.52     1.00   0.55
TOPIX         -0.07 -0.21 -0.33  -0.09 -0.04           0.30     0.34    0.17    -0.02       0.18  0.26  0.18          0.33     0.49  0.55      0.41    0.96     0.55   1.00


********************************************************************************
                                 END OF REPORT                                  
********************************************************************************


