
********************************************************************************
                    Risk report produced on 03/02/2025 22:53                    
********************************************************************************


Total risk across all strategies, annualised percentage 12.1
Percentage of capital used for margin 75.3%

========================================
Risk per strategy, annualised percentage
========================================

                  risk
dynamic_TF_carry  12.1


===================
Risk by asset class
===================

Ags       5.5
Bond      2.4
Equity    8.5
FX        3.9
Metals    1.9
Vol       1.3
dtype: float64


=====================================================
Beta loadings of asset class positions on asset class
=====================================================

FX       -0.38
Bond     -0.29
Vol      -0.03
Metals   -0.03
Ags       0.36
Equity    0.68
dtype: float64


========================================================
Beta loadings of full portfolio positions on asset class
========================================================

Bond     -0.50
Vol      -0.16
FX        0.00
Metals    0.09
Ags       0.49
Equity    0.84
dtype: float64


=================================================================================================================================================================================================================================================================
                                                                                                                         Instrument risk                                                                                                                         
=================================================================================================================================================================================================================================================================

            daily_price_stdev  annual_price_stdev      price  daily_perc_stdev  annual_perc_stdev  point_size_base  contract_exposure  daily_risk_per_contract  annual_risk_per_contract  position  capital  exposure_held_perc_capital  annual_risk_perc_capital
CHF                     0.004               0.071       1.10              0.40                6.4         101731.5             112021                      451                      7216        -2   569173                       -39.4                      -2.5
FTSETAIWAN             23.804             380.867    1874.25              1.27               20.3             32.6              61014                      774                     12398        -1   569173                       -10.7                      -2.2
US30                    0.931              14.898     119.44              0.78               12.5            813.9              97204                      757                     12124        -1   569173                       -17.1                      -2.1
ALUMINIUM              32.349             517.589    2604.75              1.24               19.9             20.3              52997                      658                     10531        -1   569173                        -9.3                      -1.9
VIX                     0.555               8.882      18.40              3.02               48.3            813.9              14974                      451                      7228        -1   569173                        -2.6                      -1.3
CAD                     0.002               0.040       0.69              0.36                5.8          81385.2              55948                      201                      3231        -2   569173                       -19.7                      -1.1
OAT                     0.463               7.416     124.09              0.37                6.0            833.6             103443                      386                      6181        -1   569173                       -18.2                      -1.1
SUGAR11                 0.255               4.085      17.80              1.43               22.9            911.5              16224                      232                      3723        -1   569173                        -2.9                      -0.7
RUSSELL                23.726             379.614    2273.30              1.04               16.7              4.1               9250                       96                      1544        -1   569173                        -1.6                      -0.3
DOW                   284.911            4558.573   44657.00              0.64               10.2              0.4              18172                      115                      1855         1   569173                         3.2                       0.3
MSCISING                2.680              42.884     385.00              0.70               11.1             59.6              22942                      159                      2555         1   569173                         4.0                       0.4
BITCOIN              2459.275           39348.397  102740.00              2.39               38.3              0.1               8361                      200                      3202         1   569173                         1.5                       0.6
CAD10                   0.554               8.870     125.01              0.44                7.1            553.2              69157                      306                      4907         1   569173                        12.2                       0.9
TOPIX                  25.573             409.175    2716.00              0.94               15.1              5.2              14222                      133                      2142         3   569173                         7.5                       1.1
YENEUR                  0.985              15.758     158.88              0.62                9.9            654.6             103996                      644                     10314         1   569173                        18.3                       1.8
SMI                    79.065            1265.039   12500.00              0.63               10.1              8.9             111063                      702                     11239         1   569173                        19.5                       2.0
MSCIEAFA               23.014             368.230    2347.00              0.98               15.7             40.7              95505                      936                     14984         1   569173                        16.8                       2.6
FEEDCOW                 2.529              40.468     267.85              0.94               15.1            406.9             108995                     1029                     16467         1   569173                        19.1                       2.9
MIB                   255.052            4080.831   36385.00              0.70               11.2              4.2             151656                     1063                     17009         1   569173                        26.6                       3.0
MSCITAIWAN             16.080             257.282     955.90              1.68               26.9             81.4              77796                     1308                     20938         1   569173                        13.7                       3.7
COFFEE                  5.148              82.362     377.80              1.36               21.8            305.2             115302                     1571                     25136         1   569173                        20.3                       4.4

Sum of abs(notional exposure % capital) 284.2
Sum of abs(annualised risk % capital) 36.9
Net sum of annualised risk % capital 10.5 

===================================================================================================================================================================================
                                                                                   Correlations                                                                                    
===================================================================================================================================================================================

            BITCOIN  CAD10   CHF  COFFEE   OAT  US30  ALUMINIUM   CAD  SUGAR11   DOW  FTSETAIWAN   MIB  MSCIEAFA  MSCISING  MSCITAIWAN  RUSSELL   SMI  TOPIX  FEEDCOW  YENEUR   VIX
BITCOIN        1.00   0.14 -0.01    0.24  0.22  0.13       0.04 -0.02    -0.09  0.24        0.10  0.14      0.05      0.21        0.04     0.30  0.03   0.04    -0.11   -0.24 -0.20
CAD10          0.14   1.00  0.21    0.18  0.71  0.77      -0.13  0.04     0.05  0.27       -0.01  0.09      0.31      0.05       -0.04     0.16  0.35   0.02    -0.25   -0.46 -0.22
CHF           -0.01   0.21  1.00    0.05  0.23  0.39       0.22  0.52     0.11  0.09        0.04  0.02      0.33     -0.15        0.02     0.06  0.08  -0.10    -0.24   -0.17  0.18
COFFEE         0.24   0.18  0.05    1.00  0.19  0.12       0.08  0.10     0.12  0.21       -0.03  0.09      0.16      0.13       -0.07     0.18  0.13   0.02     0.11   -0.09 -0.13
OAT            0.22   0.71  0.23    0.19  1.00  0.72      -0.05  0.18    -0.12  0.31        0.07  0.17      0.24      0.11        0.04     0.22  0.29  -0.00    -0.09   -0.45 -0.14
US30           0.13   0.77  0.39    0.12  0.72  1.00       0.05  0.30     0.10  0.39        0.05  0.11      0.41      0.07       -0.00     0.30  0.34   0.07    -0.14   -0.47 -0.26
ALUMINIUM      0.04  -0.13  0.22    0.08 -0.05  0.05       1.00  0.47     0.14  0.20        0.29  0.10      0.39      0.18        0.26     0.24  0.17   0.21     0.20    0.07 -0.23
CAD           -0.02   0.04  0.52    0.10  0.18  0.30       0.47  1.00     0.17  0.31        0.22  0.18      0.48      0.08        0.18     0.30  0.26   0.14     0.03    0.05 -0.17
SUGAR11       -0.09   0.05  0.11    0.12 -0.12  0.10       0.14  0.17     1.00  0.20        0.04  0.12      0.33      0.13        0.02     0.14  0.21   0.24     0.10    0.04 -0.18
DOW            0.24   0.27  0.09    0.21  0.31  0.39       0.20  0.31     0.20  1.00        0.41  0.46      0.65      0.43        0.34     0.82  0.58   0.43     0.24   -0.10 -0.76
FTSETAIWAN     0.10  -0.01  0.04   -0.03  0.07  0.05       0.29  0.22     0.04  0.41        1.00  0.44      0.54      0.52        0.96     0.34  0.45   0.66     0.26    0.24 -0.41
MIB            0.14   0.09  0.02    0.09  0.17  0.11       0.10  0.18     0.12  0.46        0.44  1.00      0.66      0.46        0.42     0.39  0.61   0.44     0.15    0.12 -0.41
MSCIEAFA       0.05   0.31  0.33    0.16  0.24  0.41       0.39  0.48     0.33  0.65        0.54  0.66      1.00      0.44        0.48     0.53  0.73   0.58     0.16    0.07 -0.50
MSCISING       0.21   0.05 -0.15    0.13  0.11  0.07       0.18  0.08     0.13  0.43        0.52  0.46      0.44      1.00        0.46     0.38  0.39   0.49     0.25    0.07 -0.50
MSCITAIWAN     0.04  -0.04  0.02   -0.07  0.04 -0.00       0.26  0.18     0.02  0.34        0.96  0.42      0.48      0.46        1.00     0.26  0.39   0.62     0.24    0.29 -0.33
RUSSELL        0.30   0.16  0.06    0.18  0.22  0.30       0.24  0.30     0.14  0.82        0.34  0.39      0.53      0.38        0.26     1.00  0.41   0.36     0.23   -0.17 -0.68
SMI            0.03   0.35  0.08    0.13  0.29  0.34       0.17  0.26     0.21  0.58        0.45  0.61      0.73      0.39        0.39     0.41  1.00   0.40     0.13    0.01 -0.47
TOPIX          0.04   0.02 -0.10    0.02 -0.00  0.07       0.21  0.14     0.24  0.43        0.66  0.44      0.58      0.49        0.62     0.36  0.40   1.00     0.32    0.31 -0.41
FEEDCOW       -0.11  -0.25 -0.24    0.11 -0.09 -0.14       0.20  0.03     0.10  0.24        0.26  0.15      0.16      0.25        0.24     0.23  0.13   0.32     1.00    0.15 -0.20
YENEUR        -0.24  -0.46 -0.17   -0.09 -0.45 -0.47       0.07  0.05     0.04 -0.10        0.24  0.12      0.07      0.07        0.29    -0.17  0.01   0.31     0.15    1.00  0.06
VIX           -0.20  -0.22  0.18   -0.13 -0.14 -0.26      -0.23 -0.17    -0.18 -0.76       -0.41 -0.41     -0.50     -0.50       -0.33    -0.68 -0.47  -0.41    -0.20    0.06  1.00


********************************************************************************
                                 END OF REPORT                                  
********************************************************************************


