
********************************************************************************
                    Risk report produced on 25/06/2024 22:51                    
********************************************************************************


Total risk across all strategies, annualised percentage 9.3
Percentage of capital used for margin 74.1%

========================================
Risk per strategy, annualised percentage
========================================

                  risk
dynamic_TF_carry   9.3


===================
Risk by asset class
===================

Ags       1.2
Bond      1.3
Equity    5.2
FX        3.8
Metals    0.3
Vol       3.2
dtype: float64


=====================================================
Beta loadings of asset class positions on asset class
=====================================================

Bond     -0.17
Vol      -0.10
Metals   -0.01
Ags       0.04
FX        0.13
Equity    0.42
dtype: float64


========================================================
Beta loadings of full portfolio positions on asset class
========================================================

Bond     -0.25
Vol      -0.23
Metals    0.02
Ags       0.10
Equity    0.62
FX        0.76
dtype: float64


==================================================================================================================================================================================================================================================================
                                                                                                                         Instrument risk                                                                                                                          
==================================================================================================================================================================================================================================================================

              daily_price_stdev  annual_price_stdev     price  daily_perc_stdev  annual_perc_stdev  point_size_base  contract_exposure  daily_risk_per_contract  annual_risk_per_contract  position  capital  exposure_held_perc_capital  annual_risk_perc_capital
VIX                       0.320               5.118     14.95              2.14               34.2            787.9              11778                      252                      4032        -5   649521                        -9.1                      -3.1
EUROSTX                  44.561             712.984   4967.00              0.90               14.4              8.5              42035                      377                      6033        -2   649521                       -12.9                      -1.9
JPY                       0.000               0.001      0.01              0.55                8.8        9848374.4              62468                      343                      5500        -2   649521                       -19.2                      -1.7
BUND                      0.636              10.171    132.47              0.48                7.7            846.3             112109                      538                      8608        -1   649521                       -17.3                      -1.3
CHINAA-CON               16.614             265.829   1926.60              0.86               13.8             19.7              37947                      327                      5235        -1   649521                        -5.8                      -0.8
CORN                      5.706              91.289    441.50              1.29               20.7             39.4              17392                      224                      3596        -1   649521                        -2.7                      -0.6
FTSECHINAA              104.366            1669.862  11978.00              0.87               13.9              0.8               9437                       82                      1315        -2   649521                        -2.9                      -0.4
BITCOIN                1748.310           27972.957  62445.00              2.80               44.8              0.1               4919                      137                      2203        -1   649521                        -0.8                      -0.3
DAX                     148.164            2370.625  18333.00              0.81               12.9              0.8              15515                      125                      2006        -1   649521                        -2.4                      -0.3
RUSSELL                  21.553             344.856   2042.70              1.06               16.9              3.9               8046                       84                      1358        -1   649521                        -1.2                      -0.2
V2X                       0.390               6.236     16.95              2.30               36.8             84.6               1434                       32                       527        -2   649521                        -0.4                      -0.2
SP500_micro              34.594             553.511   5432.50              0.63               10.1              3.9              21400                      136                      2180         1   649521                         3.3                       0.3
TOPIX                    23.326             373.219   2776.75              0.84               13.4              4.9              13720                      115                      1844         2   649521                         4.2                       0.6
DOW                     254.450            4071.195  39552.00              0.64               10.3              0.4              15580                      100                      1603         4   649521                         9.6                       1.0
LIVECOW                   1.363              21.801    184.38              0.74               11.8            315.1              58105                      429                      6870         1   649521                         8.9                       1.1
NIKKEI                  343.349            5493.589  39035.00              0.88               14.1              0.5              19288                      169                      2714         3   649521                         8.9                       1.3
NASDAQ_micro            172.091            2753.455  19960.75              0.86               13.8              1.6              31452                      271                      4338         2   649521                         9.7                       1.3
FTSETAIWAN               17.211             275.375   1912.50              0.90               14.4             31.5              60272                      542                      8678         1   649521                         9.3                       1.3
YENEUR                    0.798              12.764    169.59              0.47                7.5            617.7             104748                      492                      7883         2   649521                        32.3                       2.4
MIB                     356.599            5705.588  33945.00              1.05               16.8              4.2             143637                     1508                     24143         1   649521                        22.1                       3.7

Sum of abs(notional exposure % capital) 183.0
Sum of abs(annualised risk % capital) 23.8
Net sum of annualised risk % capital 2.2 

======================================================================================================================================================================================
                                                                                     Correlations                                                                                     
======================================================================================================================================================================================

               V2X   VIX  CHINAA-CON  FTSECHINAA  LIVECOW  NIKKEI  TOPIX  YENEUR   DAX   DOW  EUROSTX  FTSETAIWAN   MIB  NASDAQ_micro  RUSSELL  SP500_micro  BITCOIN  BUND  CORN   JPY
V2X           1.00  0.81       -0.11       -0.12    -0.07   -0.44  -0.43   -0.25 -0.76 -0.57    -0.74       -0.27 -0.70         -0.43    -0.59        -0.59    -0.09  0.08 -0.07 -0.09
VIX           0.81  1.00       -0.25       -0.23    -0.12   -0.37  -0.42   -0.21 -0.65 -0.65    -0.64       -0.31 -0.58         -0.57    -0.60        -0.70    -0.14  0.05 -0.11 -0.17
CHINAA-CON   -0.11 -0.25        1.00        0.94     0.35    0.14   0.15    0.16  0.12  0.26     0.16        0.38  0.15          0.27     0.19         0.32    -0.07 -0.04  0.03  0.06
FTSECHINAA   -0.12 -0.23        0.94        1.00     0.30    0.14   0.19    0.16  0.08  0.18     0.13        0.28  0.11          0.18     0.13         0.22    -0.16 -0.08  0.01  0.02
LIVECOW      -0.07 -0.12        0.35        0.30     1.00    0.06   0.06    0.05 -0.04  0.21     0.03        0.17  0.10          0.25     0.14         0.24    -0.17 -0.10  0.08  0.04
NIKKEI       -0.44 -0.37        0.14        0.14     0.06    1.00   0.93    0.44  0.40  0.37     0.38        0.31  0.47          0.43     0.48         0.49     0.06 -0.05  0.05 -0.29
TOPIX        -0.43 -0.42        0.15        0.19     0.06    0.93   1.00    0.42  0.34  0.35     0.33        0.24  0.46          0.32     0.42         0.42    -0.03 -0.09  0.02 -0.29
YENEUR       -0.25 -0.21        0.16        0.16     0.05    0.44   0.42    1.00  0.07  0.04     0.05        0.02  0.19          0.07     0.04         0.10    -0.06 -0.31  0.05 -0.66
DAX          -0.76 -0.65        0.12        0.08    -0.04    0.40   0.34    0.07  1.00  0.71     0.96        0.35  0.86          0.50     0.72         0.69     0.29  0.20  0.09  0.28
DOW          -0.57 -0.65        0.26        0.18     0.21    0.37   0.35    0.04  0.71  1.00     0.72        0.44  0.67          0.67     0.77         0.86     0.23  0.32  0.12  0.30
EUROSTX      -0.74 -0.64        0.16        0.13     0.03    0.38   0.33    0.05  0.96  0.72     1.00        0.34  0.86          0.50     0.71         0.69     0.31  0.23  0.03  0.30
FTSETAIWAN   -0.27 -0.31        0.38        0.28     0.17    0.31   0.24    0.02  0.35  0.44     0.34        1.00  0.24          0.57     0.46         0.55     0.17  0.27  0.19  0.17
MIB          -0.70 -0.58        0.15        0.11     0.10    0.47   0.46    0.19  0.86  0.67     0.86        0.24  1.00          0.35     0.68         0.60     0.23  0.06  0.02  0.17
NASDAQ_micro -0.43 -0.57        0.27        0.18     0.25    0.43   0.32    0.07  0.50  0.67     0.50        0.57  0.35          1.00     0.62         0.92     0.08  0.25  0.12  0.28
RUSSELL      -0.59 -0.60        0.19        0.13     0.14    0.48   0.42    0.04  0.72  0.77     0.71        0.46  0.68          0.62     1.00         0.78     0.29  0.20  0.09  0.27
SP500_micro  -0.59 -0.70        0.32        0.22     0.24    0.49   0.42    0.10  0.69  0.86     0.69        0.55  0.60          0.92     0.78         1.00     0.18  0.24  0.13  0.31
BITCOIN      -0.09 -0.14       -0.07       -0.16    -0.17    0.06  -0.03   -0.06  0.29  0.23     0.31        0.17  0.23          0.08     0.29         0.18     1.00  0.14  0.11  0.18
BUND          0.08  0.05       -0.04       -0.08    -0.10   -0.05  -0.09   -0.31  0.20  0.32     0.23        0.27  0.06          0.25     0.20         0.24     0.14  1.00 -0.00  0.39
CORN         -0.07 -0.11        0.03        0.01     0.08    0.05   0.02    0.05  0.09  0.12     0.03        0.19  0.02          0.12     0.09         0.13     0.11 -0.00  1.00  0.09
JPY          -0.09 -0.17        0.06        0.02     0.04   -0.29  -0.29   -0.66  0.28  0.30     0.30        0.17  0.17          0.28     0.27         0.31     0.18  0.39  0.09  1.00


********************************************************************************
                                 END OF REPORT                                  
********************************************************************************


