
********************************************************************************
           Risk report report produced on 2023-05-26 22:53:20.867662            
********************************************************************************


Total risk across all strategies, annualised percentage 10.5
Percentage of capital used for margin 61.4%

========================================
Risk per strategy, annualised percentage
========================================

                  risk
dynamic_TF_carry  10.5


===================
Risk by asset class
===================

Ags       2.6
Equity    1.8
FX        7.0
Metals    0.6
OilGas    1.3
Sector    2.4
Vol       3.0
dtype: float64


=====================================================
Beta loadings of asset class positions on asset class
=====================================================

FX       -0.89
Ags      -0.10
Vol      -0.07
Metals   -0.01
OilGas   -0.01
Sector    0.13
Equity    0.13
dtype: float64


========================================================
Beta loadings of full portfolio positions on asset class
========================================================

FX       -0.85
Metals   -0.13
Vol      -0.12
Ags      -0.02
OilGas    0.00
Sector    0.15
Equity    0.18
dtype: float64


=================================================================================================================================================================================================================================================================
                                                                                                                         Instrument risk                                                                                                                         
=================================================================================================================================================================================================================================================================

             daily_price_stdev  annual_price_stdev     price  daily_perc_stdev  annual_perc_stdev  point_size_base  contract_exposure  daily_risk_per_contract  annual_risk_per_contract  position  capital  exposure_held_perc_capital  annual_risk_perc_capital
JPY                      0.000               0.001      0.01              0.63               10.1       10127197.6              72252                      457                      7315        -2   353390                       -40.9                      -4.1
CHF                      0.005               0.081      1.11              0.46                7.3         101272.0             112214                      514                      8236        -1   353390                       -31.8                      -2.3
LEANHOG                  1.481              23.689     76.25              1.94               31.1            324.1              24710                      479                      7676        -1   353390                        -7.0                      -2.2
VIX                      0.576               9.216     21.90              2.63               42.1            810.2              17742                      466                      7466        -1   353390                        -5.0                      -2.1
CORN                     7.674             122.787    534.50              1.44               23.0             40.5              21651                      310                      4973        -1   353390                        -6.1                      -1.4
GAS_US_mini              0.138               2.215      2.50              5.54               88.6           2025.4               5063                      280                      4485        -1   353390                        -1.4                      -1.3
V2X                      0.656              10.499     18.20              3.61               57.7             87.0               1583                       57                       913        -4   353390                        -1.8                      -1.0
RUSSELL                 23.568             377.084   1777.60              1.33               21.2              4.1               7200                       95                      1527        -2   353390                        -4.1                      -0.9
GOLD_micro              17.226             275.610   1963.60              0.88               14.0              8.1              15908                      139                      2232        -1   353390                        -4.5                      -0.6
REDWHEAT                18.656             298.494    816.00              2.29               36.6             40.5              33055                      755                     12091         0   353390                         0.0                       0.0
EU-BANKS                 1.601              25.624    102.70              1.56               24.9             43.5               4467                       69                      1114         1   353390                         1.3                       0.3
BITCOIN                956.094           15297.504  26900.00              3.55               56.9              0.1               2179                       77                      1239         1   353390                         0.6                       0.4
KOSDAQ                  19.779             316.466   1274.00              1.55               24.8              6.1               7796                      121                      1936         1   353390                         2.2                       0.5
NIKKEI                 247.264            3956.232  31010.00              0.80               12.8              0.6              17982                      143                      2294         1   353390                         5.1                       0.6
BRE                      0.002               0.029      0.20              0.91               14.5          81017.6              16158                      146                      2350         1   353390                         4.6                       0.7
NIFTY                  110.730            1771.682  18321.25              0.60                9.7              1.6              29686                      179                      2870         1   353390                         8.4                       0.8
EU-OIL                   4.510              72.157    335.80              1.34               21.5             43.5              14606                      196                      3138         1   353390                         4.1                       0.9
MSCISING                 3.337              53.392    289.60              1.15               18.4             59.9              17350                      199                      3198         1   353390                         4.9                       0.9
LIVECOW                  0.914              14.624    165.12              0.55                8.9            324.1              53512                      296                      4739         1   353390                        15.1                       1.3
EU-AUTO                  8.542             136.679    613.10              1.39               22.3             43.5              26668                      371                      5945         1   353390                         7.5                       1.7
CNH                      0.020               0.320      7.06              0.28                4.5          11458.5              80915                      229                      3666         2   353390                        45.8                       2.1

Sum of abs(notional exposure % capital) 202.2
Sum of abs(annualised risk % capital) 26.1
Net sum of annualised risk % capital -5.7 

========================================================================================================================================================================================
                                                                                      Correlations                                                                                      
========================================================================================================================================================================================

              V2X   VIX   CNH  BITCOIN   BRE  EU-AUTO  EU-BANKS  EU-OIL  GAS_US_mini  KOSDAQ  LIVECOW  MSCISING  NIFTY  NIKKEI  RUSSELL   CHF  GOLD_micro   JPY  CORN  LEANHOG  REDWHEAT
V2X          1.00  0.78  0.19    -0.20 -0.41    -0.72     -0.72   -0.53        -0.29   -0.28    -0.39     -0.58  -0.51   -0.69    -0.69 -0.20       -0.01  0.03  0.02    -0.06     -0.06
VIX          0.78  1.00  0.07    -0.32 -0.43    -0.61     -0.66   -0.42        -0.26   -0.40    -0.36     -0.54  -0.54   -0.63    -0.70  0.03        0.06  0.16  0.03     0.07      0.15
CNH          0.19  0.07  1.00    -0.23 -0.24    -0.18     -0.07   -0.04         0.18   -0.13     0.13     -0.33  -0.07   -0.07    -0.27 -0.72       -0.65 -0.43  0.02    -0.16     -0.11
BITCOIN     -0.20 -0.32 -0.23     1.00  0.27     0.23      0.20    0.10         0.01    0.32     0.03      0.37   0.25    0.28     0.51  0.21        0.25  0.10  0.00    -0.13     -0.03
BRE         -0.41 -0.43 -0.24     0.27  1.00     0.25      0.36    0.46         0.08    0.15     0.12      0.33   0.36    0.26     0.38  0.16        0.24  0.10  0.24     0.11      0.24
EU-AUTO     -0.72 -0.61 -0.18     0.23  0.25     1.00      0.72    0.42         0.16    0.40     0.29      0.49   0.57    0.62     0.66  0.20       -0.08 -0.08  0.09     0.06     -0.05
EU-BANKS    -0.72 -0.66 -0.07     0.20  0.36     0.72      1.00    0.44         0.24    0.30     0.43      0.40   0.53    0.54     0.61  0.20       -0.09 -0.16  0.03     0.11     -0.11
EU-OIL      -0.53 -0.42 -0.04     0.10  0.46     0.42      0.44    1.00         0.37    0.25     0.18      0.27   0.46    0.45     0.48  0.04        0.05 -0.14  0.27     0.05      0.13
GAS_US_mini -0.29 -0.26  0.18     0.01  0.08     0.16      0.24    0.37         1.00   -0.03     0.22      0.09   0.12    0.33     0.26  0.02       -0.06 -0.15  0.16    -0.04      0.10
KOSDAQ      -0.28 -0.40 -0.13     0.32  0.15     0.40      0.30    0.25        -0.03    1.00     0.08      0.28   0.38    0.37     0.46  0.11        0.07 -0.10  0.09    -0.08     -0.08
LIVECOW     -0.39 -0.36  0.13     0.03  0.12     0.29      0.43    0.18         0.22    0.08     1.00      0.21   0.16    0.25     0.26 -0.02       -0.16 -0.19  0.09     0.22      0.01
MSCISING    -0.58 -0.54 -0.33     0.37  0.33     0.49      0.40    0.27         0.09    0.28     0.21      1.00   0.58    0.56     0.50  0.23        0.09  0.09  0.06     0.04      0.09
NIFTY       -0.51 -0.54 -0.07     0.25  0.36     0.57      0.53    0.46         0.12    0.38     0.16      0.58   1.00    0.54     0.52  0.18       -0.04 -0.06  0.02     0.11     -0.13
NIKKEI      -0.69 -0.63 -0.07     0.28  0.26     0.62      0.54    0.45         0.33    0.37     0.25      0.56   0.54    1.00     0.65  0.16       -0.01 -0.32 -0.03     0.01     -0.13
RUSSELL     -0.69 -0.70 -0.27     0.51  0.38     0.66      0.61    0.48         0.26    0.46     0.26      0.50   0.52    0.65     1.00  0.23        0.12 -0.03  0.09    -0.01      0.04
CHF         -0.20  0.03 -0.72     0.21  0.16     0.20      0.20    0.04         0.02    0.11    -0.02      0.23   0.18    0.16     0.23  1.00        0.64  0.50 -0.04     0.25      0.04
GOLD_micro  -0.01  0.06 -0.65     0.25  0.24    -0.08     -0.09    0.05        -0.06    0.07    -0.16      0.09  -0.04   -0.01     0.12  0.64        1.00  0.49 -0.02    -0.02      0.11
JPY          0.03  0.16 -0.43     0.10  0.10    -0.08     -0.16   -0.14        -0.15   -0.10    -0.19      0.09  -0.06   -0.32    -0.03  0.50        0.49  1.00  0.00    -0.05      0.23
CORN         0.02  0.03  0.02     0.00  0.24     0.09      0.03    0.27         0.16    0.09     0.09      0.06   0.02   -0.03     0.09 -0.04       -0.02  0.00  1.00     0.01      0.57
LEANHOG     -0.06  0.07 -0.16    -0.13  0.11     0.06      0.11    0.05        -0.04   -0.08     0.22      0.04   0.11    0.01    -0.01  0.25       -0.02 -0.05  0.01     1.00      0.02
REDWHEAT    -0.06  0.15 -0.11    -0.03  0.24    -0.05     -0.11    0.13         0.10   -0.08     0.01      0.09  -0.13   -0.13     0.04  0.04        0.11  0.23  0.57     0.02      1.00


********************************************************************************
                                 END OF REPORT                                  
********************************************************************************


