
********************************************************************************
                    Risk report produced on 21/05/2024 22:53                    
********************************************************************************


Total risk across all strategies, annualised percentage 13.1
Percentage of capital used for margin 72.3%

========================================
Risk per strategy, annualised percentage
========================================

                  risk
dynamic_TF_carry  13.1


===================
Risk by asset class
===================

Ags       2.1
Bond      5.5
Equity    6.2
FX        5.2
Metals    3.5
OilGas    2.9
Sector    0.3
Vol       2.1
dtype: float64


=====================================================
Beta loadings of asset class positions on asset class
=====================================================

Bond     -0.81
Metals   -0.12
OilGas   -0.05
Vol      -0.05
Sector    0.02
Ags       0.03
FX        0.04
Equity    0.52
dtype: float64


========================================================
Beta loadings of full portfolio positions on asset class
========================================================

Bond     -1.03
Vol      -0.12
Metals   -0.12
OilGas   -0.04
FX       -0.04
Ags       0.03
Sector    0.32
Equity    0.62
dtype: float64


===================================================================================================================================================================================================================================================================
                                                                                                                          Instrument risk                                                                                                                          
===================================================================================================================================================================================================================================================================

               daily_price_stdev  annual_price_stdev     price  daily_perc_stdev  annual_perc_stdev  point_size_base  contract_exposure  daily_risk_per_contract  annual_risk_per_contract  position  capital  exposure_held_perc_capital  annual_risk_perc_capital
BUXL                       1.415              22.636    129.70              1.09               17.5            854.2             110795                     1208                     19337        -1   669618                       -16.5                      -2.9
VIX                        0.376               6.019     14.25              2.64               42.2            786.7              11211                      295                      4735        -3   669618                        -5.0                      -2.1
CHF                        0.004               0.071      1.10              0.41                6.5          98342.7             108304                      439                      7028        -2   669618                       -32.3                      -2.1
GOLD_micro                21.183             338.934   2428.50              0.87               14.0              7.9              19106                      166                      2666        -5   669618                       -14.3                      -2.0
GAS-PEN                    0.105               1.682      2.66              3.95               63.2           7867.4              20950                      827                     13234        -1   669618                        -3.1                      -2.0
ALUMINIUM                 35.546             568.732   2661.00              1.34               21.4             19.7              52338                      699                     11186        -1   669618                        -7.8                      -1.7
BITCOIN                 1926.730           30827.683  70140.00              2.75               44.0              0.1               5518                      151                      2425        -4   669618                        -3.3                      -1.4
COTTON2                    1.424              22.783     76.49              1.86               29.8            393.4              30088                      560                      8962        -1   669618                        -4.5                      -1.3
BUND                       0.625               9.995    130.82              0.48                7.6            854.2             111752                      533                      8537        -1   669618                       -16.7                      -1.3
JPY                        0.000               0.001      0.01              0.69               11.0        9834272.8              63229                      434                      6959        -1   669618                        -9.4                      -1.0
KOSDAQ                    23.523             376.371   1349.50              1.74               27.9              5.8               7847                      136                      2188        -3   669618                        -3.5                      -1.0
GAS_US_mini                0.094               1.511      2.84              3.33               53.2           1966.9               5585                      185                      2972        -2   669618                        -1.7                      -0.9
CHINAA-CON                17.287             276.594   2024.20              0.85               13.7             19.7              39813                      340                      5440        -1   669618                        -5.9                      -0.8
CAD10                      0.556               8.892    119.02              0.47                7.5            577.0              68679                      320                      5131        -1   669618                       -10.3                      -0.8
US3                        0.196               3.140    103.52              0.19                3.0           1573.5             162886                      308                      4940        -1   669618                       -24.3                      -0.7
CORN                       5.607              89.719    482.50              1.16               18.6             39.3              18980                      220                      3529        -1   669618                        -2.8                      -0.5
US2                        0.121               1.937    101.69              0.12                1.9           1573.5             160009                      190                      3047        -1   669618                       -23.9                      -0.5
DOW                      249.493            3991.890  39987.00              0.62               10.0              0.4              15729                       98                      1570         1   669618                         2.3                       0.2
EU-BANKS                   1.365              21.836    147.10              0.93               14.8             42.7               6282                       58                       932         2   669618                         1.9                       0.3
TOPIX                     22.920             366.714   2768.50              0.83               13.2              5.0              13929                      115                      1845         2   669618                         4.2                       0.6
CRUDE_W_micro              1.069              17.098     78.65              1.36               21.7             78.7               6187                       84                      1345         3   669618                         2.8                       0.6
DX                         0.370               5.924    104.56              0.35                5.7            786.7              82261                      291                      4660         1   669618                        12.3                       0.7
NIKKEI                   385.579            6169.260  39100.00              0.99               15.8              0.5              19672                      193                      3103         2   669618                         5.9                       0.9
SOYMEAL                    5.147              82.348    366.60              1.40               22.5             78.7              28841                      404                      6478         1   669618                         4.3                       1.0
CAC                       50.218             803.493   8115.00              0.62                9.9              8.5              69322                      428                      6863         1   669618                        10.4                       1.0
IRON                       2.135              34.164    119.00              1.79               28.7             78.7               9362                      167                      2687         3   669618                         4.2                       1.2
WHEAT                     13.063             209.011    740.25              1.76               28.2             39.3              29119                      513                      8221         1   669618                         4.3                       1.2
FTSETAIWAN                16.787             268.590   1796.50              0.93               15.0             31.5              56535                      528                      8452         1   669618                         8.4                       1.3
MXP                        0.000               0.005      0.06              0.55                8.8         393370.9              23547                      129                      2068         5   669618                        17.6                       1.5
SPI200                    56.821             909.138   7870.00              0.72               11.6             13.1             103060                      744                     11905         1   669618                        15.4                       1.8
MIB                      253.677            4058.829  34710.00              0.73               11.7              4.3             148254                     1083                     17336         1   669618                        22.1                       2.6
YENEUR                     0.982              15.707    168.98              0.58                9.3            628.9             106275                      617                      9878         2   669618                        31.7                       3.0

Sum of abs(notional exposure % capital) 333.1
Sum of abs(annualised risk % capital) 40.9
Net sum of annualised risk % capital -5.1 

===============================================================================================================================================================================================================================================================================
                                                                                                                                 Correlations                                                                                                                                  
===============================================================================================================================================================================================================================================================================

                 DX  YENEUR   VIX  BUND  BUXL  CAD10   CHF  GOLD_micro   JPY   US2   US3   CAC   DOW  EU-BANKS  FTSETAIWAN  KOSDAQ   MIB   MXP  NIKKEI  SPI200  TOPIX  ALUMINIUM  BITCOIN  CHINAA-CON  CORN  COTTON2  CRUDE_W_micro  GAS-PEN  GAS_US_mini  IRON  SOYMEAL  WHEAT
DX             1.00    0.08  0.19 -0.31 -0.25  -0.35 -0.78       -0.39 -0.64 -0.54 -0.59 -0.26 -0.44     -0.14       -0.39   -0.10 -0.24 -0.43   -0.04   -0.40   0.00      -0.29    -0.09       -0.27 -0.11    -0.01           0.01    -0.06        -0.05 -0.01    -0.15  -0.01
YENEUR         0.08    1.00 -0.24 -0.31 -0.27  -0.43 -0.16       -0.14 -0.78 -0.32 -0.33  0.17  0.13      0.34       -0.01   -0.10  0.24  0.00    0.22   -0.00   0.18      -0.09    -0.06        0.03  0.00    -0.04           0.19     0.06         0.12 -0.11    -0.12   0.17
VIX            0.19   -0.24  1.00 -0.03 -0.05  -0.06  0.02        0.24  0.06 -0.01 -0.08 -0.49 -0.64     -0.39       -0.56   -0.28 -0.53 -0.36   -0.51   -0.55  -0.52      -0.03    -0.07       -0.26 -0.01    -0.21          -0.08    -0.17        -0.19 -0.09     0.02  -0.22
BUND          -0.31   -0.31 -0.03  1.00  0.94   0.73  0.24        0.33  0.38  0.62  0.68  0.22  0.32     -0.06        0.20    0.22  0.12  0.13    0.11    0.41   0.13       0.01     0.10       -0.20  0.04    -0.16          -0.20     0.02        -0.00  0.10     0.16   0.02
BUXL          -0.25   -0.27 -0.05  0.94  1.00   0.67  0.17        0.28  0.32  0.46  0.53  0.23  0.33     -0.04        0.21    0.23  0.16  0.14    0.16    0.39   0.18      -0.03     0.09       -0.20  0.02    -0.15          -0.17     0.00        -0.00  0.10     0.20  -0.02
CAD10         -0.35   -0.43 -0.06  0.73  0.67   1.00  0.29        0.24  0.53  0.64  0.68  0.04  0.21     -0.16        0.14    0.12 -0.02  0.02    0.03    0.30   0.05      -0.00     0.11       -0.16  0.07    -0.21          -0.28     0.14         0.10 -0.00     0.21   0.01
CHF           -0.78   -0.16  0.02  0.24  0.17   0.29  1.00        0.37  0.57  0.46  0.49  0.21  0.29      0.10        0.19    0.15  0.14  0.24   -0.08    0.27  -0.11       0.21    -0.13        0.10  0.08    -0.05          -0.05     0.01         0.01  0.05     0.20   0.01
GOLD_micro    -0.39   -0.14  0.24  0.33  0.28   0.24  0.37        1.00  0.33  0.40  0.39  0.00  0.11      0.02       -0.00   -0.11  0.11  0.19   -0.15    0.13  -0.16       0.26     0.15        0.07  0.06    -0.07           0.20     0.08         0.05  0.02     0.07   0.04
JPY           -0.64   -0.78  0.06  0.38  0.32   0.53  0.57        0.33  1.00  0.54  0.58  0.03  0.14     -0.15        0.21    0.08 -0.04  0.25   -0.20    0.21  -0.18       0.26     0.10        0.14  0.06     0.01          -0.16    -0.04        -0.09  0.05     0.20  -0.13
US2           -0.54   -0.32 -0.01  0.62  0.46   0.64  0.46        0.40  0.54  1.00  0.98 -0.03  0.26     -0.28        0.16    0.10 -0.12  0.05    0.07    0.29   0.03       0.10     0.06       -0.05  0.04    -0.11          -0.20     0.19         0.15  0.05     0.03   0.02
US3           -0.59   -0.33 -0.08  0.68  0.53   0.68  0.49        0.39  0.58  0.98  1.00  0.05  0.34     -0.20        0.21    0.12 -0.03  0.14    0.11    0.39   0.08       0.14     0.04       -0.01  0.04    -0.10          -0.18     0.20         0.15  0.04     0.09   0.01
CAC           -0.26    0.17 -0.49  0.22  0.23   0.04  0.21        0.00  0.03 -0.03  0.05  1.00  0.61      0.65        0.42    0.31  0.80  0.43    0.32    0.68   0.36       0.19     0.05        0.24  0.05     0.21           0.07    -0.02        -0.03  0.12     0.07   0.07
DOW           -0.44    0.13 -0.64  0.32  0.33   0.21  0.29        0.11  0.14  0.26  0.34  0.61  1.00      0.43        0.53    0.37  0.61  0.36    0.46    0.73   0.44       0.11    -0.00        0.11  0.06     0.14           0.14     0.10         0.06 -0.01     0.02   0.17
EU-BANKS      -0.14    0.34 -0.39 -0.06 -0.04  -0.16  0.10        0.02 -0.15 -0.28 -0.20  0.65  0.43      1.00        0.27    0.18  0.80  0.40    0.14    0.47   0.23       0.17    -0.08        0.20  0.04     0.16           0.31    -0.05        -0.03  0.01     0.04   0.18
FTSETAIWAN    -0.39   -0.01 -0.56  0.20  0.21   0.14  0.19       -0.00  0.21  0.16  0.21  0.42  0.53      0.27        1.00    0.42  0.40  0.41    0.50    0.61   0.45       0.11     0.13        0.35  0.19     0.29           0.08     0.08         0.09  0.07     0.01   0.19
KOSDAQ        -0.10   -0.10 -0.28  0.22  0.23   0.12  0.15       -0.11  0.08  0.10  0.12  0.31  0.37      0.18        0.42    1.00  0.28  0.06    0.35    0.35   0.30      -0.07     0.04        0.14  0.19     0.26           0.03    -0.11        -0.09  0.09     0.09   0.08
MIB           -0.24    0.24 -0.53  0.12  0.16  -0.02  0.14        0.11 -0.04 -0.12 -0.03  0.80  0.61      0.80        0.40    0.28  1.00  0.49    0.38    0.63   0.41       0.13    -0.04        0.27 -0.01     0.30           0.24    -0.08        -0.07  0.01    -0.01   0.10
MXP           -0.43    0.00 -0.36  0.13  0.14   0.02  0.24        0.19  0.25  0.05  0.14  0.43  0.36      0.40        0.41    0.06  0.49  1.00    0.33    0.48   0.38       0.18     0.09        0.18  0.12     0.07           0.28     0.14         0.12  0.00     0.20   0.08
NIKKEI        -0.04    0.22 -0.51  0.11  0.16   0.03 -0.08       -0.15 -0.20  0.07  0.11  0.32  0.46      0.14        0.50    0.35  0.38  0.33    1.00    0.56   0.93      -0.12    -0.01        0.07 -0.03     0.27           0.19     0.19         0.20  0.11     0.02  -0.07
SPI200        -0.40   -0.00 -0.55  0.41  0.39   0.30  0.27        0.13  0.21  0.29  0.39  0.68  0.73      0.47        0.61    0.35  0.63  0.48    0.56    1.00   0.55       0.25     0.04        0.24  0.08     0.22           0.19     0.13         0.10  0.18     0.11   0.02
TOPIX          0.00    0.18 -0.52  0.13  0.18   0.05 -0.11       -0.16 -0.18  0.03  0.08  0.36  0.44      0.23        0.45    0.30  0.41  0.38    0.93    0.55   1.00      -0.14    -0.01        0.02  0.01     0.27           0.20     0.24         0.25  0.17     0.09  -0.00
ALUMINIUM     -0.29   -0.09 -0.03  0.01 -0.03  -0.00  0.21        0.26  0.26  0.10  0.14  0.19  0.11      0.17        0.11   -0.07  0.13  0.18   -0.12    0.25  -0.14       1.00     0.09        0.44  0.03     0.06           0.33     0.05         0.06  0.28     0.06  -0.05
BITCOIN       -0.09   -0.06 -0.07  0.10  0.09   0.11 -0.13        0.15  0.10  0.06  0.04  0.05 -0.00     -0.08        0.13    0.04 -0.04  0.09   -0.01    0.04  -0.01       0.09     1.00        0.12  0.05     0.18          -0.01    -0.01         0.02 -0.02    -0.06   0.01
CHINAA-CON    -0.27    0.03 -0.26 -0.20 -0.20  -0.16  0.10        0.07  0.14 -0.05 -0.01  0.24  0.11      0.20        0.35    0.14  0.27  0.18    0.07    0.24   0.02       0.44     0.12        1.00 -0.05     0.21           0.08     0.03         0.05  0.10    -0.01  -0.12
CORN          -0.11    0.00 -0.01  0.04  0.02   0.07  0.08        0.06  0.06  0.04  0.04  0.05  0.06      0.04        0.19    0.19 -0.01  0.12   -0.03    0.08   0.01       0.03     0.05       -0.05  1.00    -0.09           0.02     0.07         0.05  0.05     0.41   0.68
COTTON2       -0.01   -0.04 -0.21 -0.16 -0.15  -0.21 -0.05       -0.07  0.01 -0.11 -0.10  0.21  0.14      0.16        0.29    0.26  0.30  0.07    0.27    0.22   0.27       0.06     0.18        0.21 -0.09     1.00           0.23     0.01        -0.00  0.07    -0.22  -0.14
CRUDE_W_micro  0.01    0.19 -0.08 -0.20 -0.17  -0.28 -0.05        0.20 -0.16 -0.20 -0.18  0.07  0.14      0.31        0.08    0.03  0.24  0.28    0.19    0.19   0.20       0.33    -0.01        0.08  0.02     0.23           1.00     0.04         0.02 -0.07    -0.10   0.06
GAS-PEN       -0.06    0.06 -0.17  0.02  0.00   0.14  0.01        0.08 -0.04  0.19  0.20 -0.02  0.10     -0.05        0.08   -0.11 -0.08  0.14    0.19    0.13   0.24       0.05    -0.01        0.03  0.07     0.01           0.04     1.00         0.92  0.04     0.13   0.10
GAS_US_mini   -0.05    0.12 -0.19 -0.00 -0.00   0.10  0.01        0.05 -0.09  0.15  0.15 -0.03  0.06     -0.03        0.09   -0.09 -0.07  0.12    0.20    0.10   0.25       0.06     0.02        0.05  0.05    -0.00           0.02     0.92         1.00  0.07     0.08   0.08
IRON          -0.01   -0.11 -0.09  0.10  0.10  -0.00  0.05        0.02  0.05  0.05  0.04  0.12 -0.01      0.01        0.07    0.09  0.01  0.00    0.11    0.18   0.17       0.28    -0.02        0.10  0.05     0.07          -0.07     0.04         0.07  1.00     0.30   0.05
SOYMEAL       -0.15   -0.12  0.02  0.16  0.20   0.21  0.20        0.07  0.20  0.03  0.09  0.07  0.02      0.04        0.01    0.09 -0.01  0.20    0.02    0.11   0.09       0.06    -0.06       -0.01  0.41    -0.22          -0.10     0.13         0.08  0.30     1.00   0.21
WHEAT         -0.01    0.17 -0.22  0.02 -0.02   0.01  0.01        0.04 -0.13  0.02  0.01  0.07  0.17      0.18        0.19    0.08  0.10  0.08   -0.07    0.02  -0.00      -0.05     0.01       -0.12  0.68    -0.14           0.06     0.10         0.08  0.05     0.21   1.00


********************************************************************************
                                 END OF REPORT                                  
********************************************************************************


