
********************************************************************************
                    Risk report produced on 28/05/2025 22:52                    
********************************************************************************


Total risk across all strategies, annualised percentage 7.0
Percentage of capital used for margin 37.7%

========================================
Risk per strategy, annualised percentage
========================================

                  risk
dynamic_TF_carry   7.0


===================
Risk by asset class
===================

Ags       3.2
Bond      0.9
Equity    3.6
FX        2.1
OilGas    3.7
Vol       0.1
dtype: float64


=====================================================
Beta loadings of asset class positions on asset class
=====================================================

OilGas   -0.10
Vol      -0.00
Bond      0.06
Ags       0.15
Equity    0.17
FX        0.24
dtype: float64


========================================================
Beta loadings of full portfolio positions on asset class
========================================================

Bond     -0.09
Vol      -0.07
OilGas   -0.06
Ags       0.18
Equity    0.26
FX        0.37
dtype: float64


===================================================================================================================================================================================================================================================================
                                                                                                                          Instrument risk                                                                                                                          
===================================================================================================================================================================================================================================================================

               daily_price_stdev  annual_price_stdev     price  daily_perc_stdev  annual_perc_stdev  point_size_base  contract_exposure  daily_risk_per_contract  annual_risk_per_contract  position  capital  exposure_held_perc_capital  annual_risk_perc_capital
GAS-PEN                    0.121               1.936      3.56              3.40               54.3           7418.9              26441                      897                     14365        -1   531671                        -5.0                      -2.7
DOW                      508.783            8140.532  42242.00              1.20               19.3              0.4              15669                      188                      3019        -4   531671                       -11.8                      -2.3
CRUDE_W_micro              1.224              19.591     60.92              2.01               32.2             74.2               4519                       90                      1453        -4   531671                        -3.4                      -1.1
WHEAT                      7.553             120.851    569.00              1.33               21.2             37.1              21106                      280                      4482        -1   531671                        -4.0                      -0.8
CAD10                      0.512               8.196    122.09              0.42                6.7            536.5              65501                      274                      4396        -1   531671                       -12.3                      -0.8
GAS_US_mini                0.126               2.024      3.55              3.56               57.0           1854.7               6584                      234                      3753        -1   531671                        -1.2                      -0.7
V2X                        0.585               9.357     20.45              2.86               45.8             83.9               1716                       49                       785        -1   531671                        -0.3                      -0.1
MXP                        0.000               0.005      0.05              0.67               10.7         370947.4              19066                      127                      2033         2   531671                         7.2                       0.8
NIKKEI                   529.558            8472.930  37865.00              1.40               22.4              0.5              19469                      272                      4356         1   531671                         3.7                       0.8
CANOLA                     8.506             136.089    685.50              1.24               19.9             10.7               7355                       91                      1460         3   531671                         4.2                       0.8
MUMMY                     10.845             173.523    738.00              1.47               23.5              5.1               3794                       55                       892         6   531671                         4.3                       1.0
BTP                        0.418               6.686    120.72              0.35                5.5            839.5             101338                      350                      5612         1   531671                        19.1                       1.1
YENEUR                     0.880              14.076    163.44              0.54                8.6            642.7             105047                      565                      9046         1   531671                        19.8                       1.7
FEEDCOW                    2.594              41.502    294.45              0.88               14.1            370.9             109225                      962                     15395         1   531671                        20.5                       2.9
MSCIEAFA                  30.219             483.510   2595.90              1.16               18.6             37.1              96294                     1120                     17935         1   531671                        18.1                       3.4

Sum of abs(notional exposure % capital) 134.9
Sum of abs(annualised risk % capital) 21.0
Net sum of annualised risk % capital 4.0 

==========================================================================================================================================
                                                               Correlations                                                               
==========================================================================================================================================

               CRUDE_W_micro   DOW  FEEDCOW  MSCIEAFA  MUMMY   MXP  NIKKEI  YENEUR  GAS-PEN  GAS_US_mini  CANOLA  WHEAT   BTP  CAD10   V2X
CRUDE_W_micro           1.00  0.25     0.33      0.29   0.45  0.22    0.42    0.13     0.14         0.18    0.06  -0.02 -0.13  -0.23 -0.33
DOW                     0.25  1.00     0.35      0.68   0.61  0.20    0.70    0.11     0.13         0.12    0.04  -0.08  0.24   0.06 -0.65
FEEDCOW                 0.33  0.35     1.00      0.46   0.43  0.30    0.52    0.36     0.21         0.26   -0.06  -0.14 -0.11  -0.31 -0.31
MSCIEAFA                0.29  0.68     0.46      1.00   0.73  0.37    0.74    0.15     0.20         0.23   -0.04   0.09  0.14  -0.04 -0.56
MUMMY                   0.45  0.61     0.43      0.73   1.00  0.35    0.86    0.26     0.09         0.13    0.04   0.02  0.13  -0.18 -0.71
MXP                     0.22  0.20     0.30      0.37   0.35  1.00    0.44    0.36     0.03         0.06   -0.10   0.23  0.16  -0.11 -0.40
NIKKEI                  0.42  0.70     0.52      0.74   0.86  0.44    1.00    0.46     0.17         0.19    0.04   0.01  0.08  -0.21 -0.81
YENEUR                  0.13  0.11     0.36      0.15   0.26  0.36    0.46    1.00     0.10         0.16    0.08   0.02 -0.36  -0.44 -0.40
GAS-PEN                 0.14  0.13     0.21      0.20   0.09  0.03    0.17    0.10     1.00         0.97    0.06   0.06 -0.22  -0.05 -0.14
GAS_US_mini             0.18  0.12     0.26      0.23   0.13  0.06    0.19    0.16     0.97         1.00    0.06   0.05 -0.23  -0.09 -0.14
CANOLA                  0.06  0.04    -0.06     -0.04   0.04 -0.10    0.04    0.08     0.06         0.06    1.00   0.15  0.05  -0.20 -0.04
WHEAT                  -0.02 -0.08    -0.14      0.09   0.02  0.23    0.01    0.02     0.06         0.05    0.15   1.00 -0.02  -0.25  0.07
BTP                    -0.13  0.24    -0.11      0.14   0.13  0.16    0.08   -0.36    -0.22        -0.23    0.05  -0.02  1.00   0.55 -0.18
CAD10                  -0.23  0.06    -0.31     -0.04  -0.18 -0.11   -0.21   -0.44    -0.05        -0.09   -0.20  -0.25  0.55   1.00  0.00
V2X                    -0.33 -0.65    -0.31     -0.56  -0.71 -0.40   -0.81   -0.40    -0.14        -0.14   -0.04   0.07 -0.18   0.00  1.00


********************************************************************************
                                 END OF REPORT                                  
********************************************************************************


