
********************************************************************************
                    Risk report produced on 25/03/2025 22:53                    
********************************************************************************


Total risk across all strategies, annualised percentage 8.8
Percentage of capital used for margin 63.5%

========================================
Risk per strategy, annualised percentage
========================================

                  risk
dynamic_TF_carry   8.8


===================
Risk by asset class
===================

Ags       3.1
Bond      2.8
Equity    4.7
FX        3.1
Metals    2.3
dtype: float64


=====================================================
Beta loadings of asset class positions on asset class
=====================================================

Bond     -0.16
Metals   -0.08
Ags       0.04
Equity    0.21
FX        0.40
dtype: float64


========================================================
Beta loadings of full portfolio positions on asset class
========================================================

Bond     -0.35
Metals    0.02
Ags       0.08
Equity    0.25
FX        0.55
dtype: float64


==================================================================================================================================================================================================================================================================
                                                                                                                         Instrument risk                                                                                                                          
==================================================================================================================================================================================================================================================================

              daily_price_stdev  annual_price_stdev     price  daily_perc_stdev  annual_perc_stdev  point_size_base  contract_exposure  daily_risk_per_contract  annual_risk_per_contract  position  capital  exposure_held_perc_capital  annual_risk_perc_capital
BUXL                      1.373              21.961    118.10              1.16               18.6            835.7              98698                     1147                     18353        -1   579482                       -17.0                      -3.2
LEANHOG                   1.487              23.798     96.30              1.54               24.7            309.7              29821                      460                      7369        -2   579482                       -10.3                      -2.5
BITCOIN                2663.917           42622.668  88885.00              3.00               48.0              0.1               6881                      206                      3299        -4   579482                        -4.8                      -2.3
CHF                       0.005               0.073      1.14              0.40                6.4          96773.6             110737                      441                      7066        -1   579482                       -19.1                      -1.2
KOSDAQ                   24.275             388.399   1185.10              2.05               32.8              5.2               6219                      127                      2038        -2   579482                        -2.1                      -0.7
SP500_micro              53.868             861.890   5828.25              0.92               14.8              3.9              22560                      208                      3336        -1   579482                        -3.9                      -0.6
RUSSELL                  25.714             411.423   2113.20              1.22               19.5              3.9               8180                       99                      1592        -2   579482                        -2.8                      -0.5
CAD                       0.002               0.040      0.70              0.35                5.6          77418.9              54437                      191                      3063        -1   579482                        -9.4                      -0.5
COPPER-micro              0.071               1.131      5.27              1.34               21.5           1935.5              10199                      136                      2189        -1   579482                        -1.8                      -0.4
MUMMY                     8.131             130.101    662.00              1.23               19.7              5.1               3404                       41                       668         1   579482                         0.6                       0.1
TOPIX                    21.191             339.055   2770.25              0.76               12.2              5.1              14244                      108                      1743         2   579482                         4.9                       0.6
DAX                     264.462            4231.391  23316.00              1.13               18.1              0.8              19485                      221                      3536         1   579482                         3.4                       0.6
CAD10                     0.536               8.583    123.46              0.43                7.0            540.4              66712                      289                      4637         1   579482                        11.5                       0.8
YENEUR                    1.027              16.436    161.04              0.64               10.2            642.8             103511                      660                     10564         1   579482                        17.9                       1.8
FEEDCOW                   2.210              35.366    284.05              0.78               12.5            387.1             109954                      855                     13689         1   579482                        19.0                       2.4
GBP                       0.005               0.083      1.29              0.40                6.4          48386.8              62636                      249                      3996         4   579482                        43.2                       2.8
MIB                     380.186            6082.978  38585.00              0.99               15.8              4.2             161231                     1588                     25418         1   579482                        27.8                       4.4

Sum of abs(notional exposure % capital) 199.5
Sum of abs(annualised risk % capital) 25.4
Net sum of annualised risk % capital 1.6 

====================================================================================================================================================
                                                                    Correlations                                                                    
====================================================================================================================================================

              BUXL  CAD10   DAX  KOSDAQ   MIB  MUMMY  RUSSELL  SP500_micro  TOPIX   CAD   CHF  COPPER-micro   GBP  FEEDCOW  YENEUR  BITCOIN  LEANHOG
BUXL          1.00   0.61 -0.09    0.05 -0.06   0.08     0.29         0.35  -0.02 -0.06 -0.03         -0.08 -0.19    -0.25   -0.58     0.00    -0.10
CAD10         0.61   1.00  0.05    0.00 -0.01  -0.08     0.07         0.11  -0.08 -0.19  0.34         -0.08  0.21    -0.26   -0.57    -0.02    -0.19
DAX          -0.09   0.05  1.00    0.27  0.79   0.21     0.40         0.47   0.42  0.17  0.10          0.29  0.37     0.24    0.18     0.17     0.17
KOSDAQ        0.05   0.00  0.27    1.00  0.26   0.30     0.34         0.43   0.39  0.30 -0.04          0.16  0.13    -0.05   -0.01     0.03    -0.11
MIB          -0.06  -0.01  0.79    0.26  1.00   0.27     0.29         0.32   0.35  0.12 -0.08          0.31  0.16     0.13    0.08     0.16     0.11
MUMMY         0.08  -0.08  0.21    0.30  0.27   1.00     0.31         0.24   0.59  0.27 -0.15          0.14  0.12     0.11    0.11    -0.03     0.10
RUSSELL       0.29   0.07  0.40    0.34  0.29   0.31     1.00         0.78   0.40  0.30 -0.11          0.09  0.19     0.10   -0.08     0.34     0.17
SP500_micro   0.35   0.11  0.47    0.43  0.32   0.24     0.78         1.00   0.53  0.27 -0.12          0.14  0.18     0.09    0.04     0.25     0.04
TOPIX        -0.02  -0.08  0.42    0.39  0.35   0.59     0.40         0.53   1.00  0.21 -0.12          0.14  0.30     0.20    0.33     0.11     0.00
CAD          -0.06  -0.19  0.17    0.30  0.12   0.27     0.30         0.27   0.21  1.00  0.35          0.43  0.53    -0.01    0.11     0.02     0.19
CHF          -0.03   0.34  0.10   -0.04 -0.08  -0.15    -0.11        -0.12  -0.12  0.35  1.00          0.16  0.65    -0.12   -0.12    -0.04     0.16
COPPER-micro -0.08  -0.08  0.29    0.16  0.31   0.14     0.09         0.14   0.14  0.43  0.16          1.00  0.29     0.13    0.04    -0.12     0.15
GBP          -0.19   0.21  0.37    0.13  0.16   0.12     0.19         0.18   0.30  0.53  0.65          0.29  1.00     0.10    0.23     0.01     0.14
FEEDCOW      -0.25  -0.26  0.24   -0.05  0.13   0.11     0.10         0.09   0.20 -0.01 -0.12          0.13  0.10     1.00    0.39     0.04     0.19
YENEUR       -0.58  -0.57  0.18   -0.01  0.08   0.11    -0.08         0.04   0.33  0.11 -0.12          0.04  0.23     0.39    1.00    -0.04     0.24
BITCOIN       0.00  -0.02  0.17    0.03  0.16  -0.03     0.34         0.25   0.11  0.02 -0.04         -0.12  0.01     0.04   -0.04     1.00     0.17
LEANHOG      -0.10  -0.19  0.17   -0.11  0.11   0.10     0.17         0.04   0.00  0.19  0.16          0.15  0.14     0.19    0.24     0.17     1.00


********************************************************************************
                                 END OF REPORT                                  
********************************************************************************


