
********************************************************************************
                    Risk report produced on 10/09/2024 22:52                    
********************************************************************************


Total risk across all strategies, annualised percentage 6.8
Percentage of capital used for margin 68.5%

========================================
Risk per strategy, annualised percentage
========================================

                  risk
dynamic_TF_carry   6.8


===================
Risk by asset class
===================

Ags       2.7
Bond      1.6
Equity    3.1
FX        0.7
Metals    2.5
OilGas    3.6
Sector    0.4
Vol       1.4
dtype: float64


=====================================================
Beta loadings of asset class positions on asset class
=====================================================

Ags      -0.15
OilGas   -0.09
Metals   -0.09
Vol      -0.02
Sector   -0.01
Equity    0.09
FX        0.11
Bond      0.16
dtype: float64


========================================================
Beta loadings of full portfolio positions on asset class
========================================================

Ags      -0.23
OilGas   -0.11
Metals   -0.07
Vol      -0.05
Sector   -0.04
Equity    0.08
Bond      0.24
FX        0.36
dtype: float64


==================================================================================================================================================================================================================================================================
                                                                                                                         Instrument risk                                                                                                                          
==================================================================================================================================================================================================================================================================

              daily_price_stdev  annual_price_stdev     price  daily_perc_stdev  annual_perc_stdev  point_size_base  contract_exposure  daily_risk_per_contract  annual_risk_per_contract  position  capital  exposure_held_perc_capital  annual_risk_perc_capital
BRENT-LAST                1.318              21.088     69.04              1.91               30.5            764.5              52783                     1007                     16122        -1   592766                        -8.9                      -2.7
ALUMINIUM                36.878             590.054   2282.75              1.62               25.8             19.1              43631                      704                     11277        -1   592766                        -7.4                      -1.9
GAS-PEN                   0.089               1.429      2.24              3.99               63.8           7645.3              17125                      682                     10926        -1   592766                        -2.9                      -1.8
VIX                       0.676              10.822     19.25              3.51               56.2            764.5              14717                      517                      8273        -1   592766                        -2.5                      -1.4
BITCOIN                1951.232           31219.707  57720.00              3.38               54.1              0.1               4412                      149                      2386        -3   592766                        -2.2                      -1.2
CORN                      5.093              81.483    404.00              1.26               20.2             38.2              15443                      194                      3114        -2   592766                        -5.2                      -1.1
COTTON2                   1.018              16.287     68.13              1.49               23.9            382.3              26043                      389                      6225        -1   592766                        -4.4                      -1.1
SOYMEAL                   4.903              78.450    320.00              1.53               24.5             76.5              24465                      374                      5997        -1   592766                        -4.1                      -1.0
WHEAT                     8.990             143.834    573.50              1.57               25.1             38.2              21923                      343                      5498        -1   592766                        -3.7                      -0.9
CHINAA-CON               17.969             287.508   1782.20              1.01               16.1             19.1              34063                      343                      5495        -1   592766                        -5.7                      -0.9
EU-OIL                    4.169              66.696    333.00              1.25               20.0             42.2              14054                      175                      2814        -1   592766                        -2.4                      -0.5
GAS_US_mini               0.080               1.282      2.55              3.14               50.3           1911.3               4873                      153                      2450        -1   592766                        -0.8                      -0.4
FTSECHINAA               99.142            1586.270  11289.00              0.88               14.1              0.8               8630                       75                      1212        -2   592766                        -2.9                      -0.4
IRON                      1.858              29.730     92.00              2.02               32.3             76.5               7033                      142                      2272        -1   592766                        -1.2                      -0.4
CANOLA                   11.379             182.059    582.60              1.95               31.2             11.3               6567                      128                      2052        -1   592766                        -1.1                      -0.3
RUSSELL                  29.779             476.467   2117.80              1.41               22.5              3.8               8095                      113                      1821        -1   592766                        -1.4                      -0.3
HANGENT_mini             81.644            1306.307   6015.00              1.36               21.7              1.0               5898                       80                      1281        -1   592766                        -1.0                      -0.2
EU-BANKS                  1.747              27.955    138.55              1.26               20.2             42.2               5847                       73                      1179         1   592766                         1.0                       0.2
MUMMY                    16.150             258.399    643.00              2.51               40.2              5.3               3434                       86                      1380         1   592766                         0.6                       0.2
MSCISING                  3.403              54.453    326.00              1.04               16.7             58.6              19096                      199                      3189         1   592766                         3.2                       0.5
GBP                       0.005               0.087      1.31              0.42                6.7          47783.4              62524                      260                      4163         1   592766                        10.5                       0.7
LEANHOG                   1.080              17.277     71.20              1.52               24.3            305.8              21773                      330                      5283         1   592766                         3.7                       0.9
NIKKEI                  741.876           11870.020  36120.00              2.05               32.9              0.5              19292                      396                      6340         1   592766                         3.3                       1.1
US20                      0.782              12.519    126.81              0.62                9.9            764.5              96952                      598                      9571         1   592766                        16.4                       1.6
MSCIEAFA                 21.894             350.299   2372.20              0.92               14.8             38.2              90681                      836                     13390         1   592766                        15.3                       2.3

Sum of abs(notional exposure % capital) 111.8
Sum of abs(annualised risk % capital) 24.0
Net sum of annualised risk % capital -9.0 

==============================================================================================================================================================================================================================================
                                                                                                                 Correlations                                                                                                                 
==============================================================================================================================================================================================================================================

              CHINAA-CON  EU-BANKS  FTSECHINAA   GBP  HANGENT_mini  MSCIEAFA  MSCISING  MUMMY  NIKKEI  RUSSELL  ALUMINIUM  BITCOIN  BRENT-LAST  CANOLA  COTTON2  EU-OIL  IRON  LEANHOG  CORN  SOYMEAL  WHEAT  GAS-PEN  GAS_US_mini  US20   VIX
CHINAA-CON          1.00      0.29        0.89  0.24          0.57      0.36      0.40   0.29    0.24     0.37       0.31     0.20        0.23    0.12     0.15    0.10  0.10     0.12 -0.04    -0.09  -0.25     0.03         0.02 -0.09 -0.30
EU-BANKS            0.29      1.00        0.31  0.25          0.29      0.65      0.41   0.31    0.34     0.55       0.30     0.03        0.23    0.38     0.12    0.49  0.05     0.31  0.03    -0.02   0.05    -0.04        -0.04 -0.35 -0.56
FTSECHINAA          0.89      0.31        1.00  0.30          0.55      0.38      0.43   0.27    0.27     0.31       0.36     0.17        0.23    0.08     0.20    0.06  0.13     0.13 -0.10    -0.21  -0.09     0.01         0.01 -0.11 -0.34
GBP                 0.24      0.25        0.30  1.00          0.31      0.58      0.45   0.26    0.24     0.46       0.29     0.07        0.04   -0.00     0.11   -0.05 -0.03     0.11  0.08    -0.04  -0.07     0.06         0.08  0.27 -0.28
HANGENT_mini        0.57      0.29        0.55  0.31          1.00      0.49      0.52   0.32    0.33     0.25       0.27    -0.03        0.22    0.03     0.18    0.28  0.20    -0.05  0.11    -0.00   0.03     0.16         0.18  0.06 -0.47
MSCIEAFA            0.36      0.65        0.38  0.58          0.49      1.00      0.62   0.55    0.64     0.70       0.39     0.09        0.19    0.18     0.26    0.40  0.17     0.19  0.06    -0.09  -0.03     0.07         0.05  0.09 -0.70
MSCISING            0.40      0.41        0.43  0.45          0.52      0.62      1.00   0.44    0.49     0.45       0.32    -0.00        0.11   -0.06     0.07    0.20  0.08     0.06  0.07    -0.04   0.01    -0.00        -0.02  0.16 -0.46
MUMMY               0.29      0.31        0.27  0.26          0.32      0.55      0.44   1.00    0.71     0.56       0.03     0.03        0.09    0.15     0.11    0.19  0.13     0.13  0.01    -0.06  -0.18     0.02        -0.01 -0.06 -0.47
NIKKEI              0.24      0.34        0.27  0.24          0.33      0.64      0.49   0.71    1.00     0.43       0.16     0.01        0.24    0.12     0.26    0.40  0.22     0.01 -0.02    -0.11  -0.06     0.07         0.06  0.03 -0.56
RUSSELL             0.37      0.55        0.31  0.46          0.25      0.70      0.45   0.56    0.43     1.00       0.19     0.21        0.16    0.20     0.16    0.23  0.03     0.29  0.02    -0.05  -0.20    -0.07        -0.08  0.03 -0.58
ALUMINIUM           0.31      0.30        0.36  0.29          0.27      0.39      0.32   0.03    0.16     0.19       1.00     0.10        0.37    0.16     0.27    0.31  0.37     0.11  0.01     0.03   0.06    -0.00         0.02 -0.09 -0.21
BITCOIN             0.20      0.03        0.17  0.07         -0.03      0.09     -0.00   0.03    0.01     0.21       0.10     1.00       -0.05    0.05     0.26   -0.10  0.03     0.16  0.05    -0.03  -0.06    -0.09        -0.05 -0.03  0.02
BRENT-LAST          0.23      0.23        0.23  0.04          0.22      0.19      0.11   0.09    0.24     0.16       0.37    -0.05        1.00    0.19     0.20    0.56  0.07     0.04 -0.01    -0.18   0.02     0.01         0.04 -0.25 -0.25
CANOLA              0.12      0.38        0.08 -0.00          0.03      0.18     -0.06   0.15    0.12     0.20       0.16     0.05        0.19    1.00     0.05    0.32  0.22     0.31  0.20     0.34   0.32    -0.03        -0.04 -0.30 -0.17
COTTON2             0.15      0.12        0.20  0.11          0.18      0.26      0.07   0.11    0.26     0.16       0.27     0.26        0.20    0.05     1.00    0.13  0.25     0.11 -0.03    -0.11   0.00    -0.11        -0.02 -0.07 -0.14
EU-OIL              0.10      0.49        0.06 -0.05          0.28      0.40      0.20   0.19    0.40     0.23       0.31    -0.10        0.56    0.32     0.13    1.00  0.25     0.11  0.04     0.02   0.11    -0.09        -0.09 -0.18 -0.27
IRON                0.10      0.05        0.13 -0.03          0.20      0.17      0.08   0.13    0.22     0.03       0.37     0.03        0.07    0.22     0.25    0.25  1.00     0.01  0.10     0.28   0.15    -0.08        -0.03 -0.01 -0.07
LEANHOG             0.12      0.31        0.13  0.11         -0.05      0.19      0.06   0.13    0.01     0.29       0.11     0.16        0.04    0.31     0.11    0.11  0.01     1.00 -0.02     0.10  -0.04    -0.18        -0.18 -0.09 -0.02
CORN               -0.04      0.03       -0.10  0.08          0.11      0.06      0.07   0.01   -0.02     0.02       0.01     0.05       -0.01    0.20    -0.03    0.04  0.10    -0.02  1.00     0.46   0.52     0.09         0.10  0.10 -0.01
SOYMEAL            -0.09     -0.02       -0.21 -0.04         -0.00     -0.09     -0.04  -0.06   -0.11    -0.05       0.03    -0.03       -0.18    0.34    -0.11    0.02  0.28     0.10  0.46     1.00   0.27     0.00         0.00  0.13  0.15
WHEAT              -0.25      0.05       -0.09 -0.07          0.03     -0.03      0.01  -0.18   -0.06    -0.20       0.06    -0.06        0.02    0.32     0.00    0.11  0.15    -0.04  0.52     0.27   1.00    -0.02         0.00 -0.05 -0.08
GAS-PEN             0.03     -0.04        0.01  0.06          0.16      0.07     -0.00   0.02    0.07    -0.07      -0.00    -0.09        0.01   -0.03    -0.11   -0.09 -0.08    -0.18  0.09     0.00  -0.02     1.00         0.97  0.07 -0.23
GAS_US_mini         0.02     -0.04        0.01  0.08          0.18      0.05     -0.02  -0.01    0.06    -0.08       0.02    -0.05        0.04   -0.04    -0.02   -0.09 -0.03    -0.18  0.10     0.00   0.00     0.97         1.00  0.05 -0.22
US20               -0.09     -0.35       -0.11  0.27          0.06      0.09      0.16  -0.06    0.03     0.03      -0.09    -0.03       -0.25   -0.30    -0.07   -0.18 -0.01    -0.09  0.10     0.13  -0.05     0.07         0.05  1.00  0.15
VIX                -0.30     -0.56       -0.34 -0.28         -0.47     -0.70     -0.46  -0.47   -0.56    -0.58      -0.21     0.02       -0.25   -0.17    -0.14   -0.27 -0.07    -0.02 -0.01     0.15  -0.08    -0.23        -0.22  0.15  1.00


********************************************************************************
                                 END OF REPORT                                  
********************************************************************************


