
********************************************************************************
                    Risk report produced on 22/12/2023 22:51                    
********************************************************************************


Total risk across all strategies, annualised percentage 9.9
Percentage of capital used for margin 56.9%

========================================
Risk per strategy, annualised percentage
========================================

                  risk
dynamic_TF_carry   9.9


===================
Risk by asset class
===================

Ags       2.4
Bond      1.3
Equity    5.8
FX        3.0
Metals    1.6
OilGas    5.0
Sector    0.8
Vol       1.6
dtype: float64


=====================================================
Beta loadings of asset class positions on asset class
=====================================================

Ags      -0.14
FX       -0.08
OilGas   -0.07
Vol      -0.03
Bond      0.03
Sector    0.04
Metals    0.07
Equity    0.55
dtype: float64


========================================================
Beta loadings of full portfolio positions on asset class
========================================================

Bond     -0.26
Vol      -0.14
OilGas   -0.04
Ags       0.02
Metals    0.09
Sector    0.19
FX        0.21
Equity    0.72
dtype: float64


==================================================================================================================================================================================================================================================================
                                                                                                                         Instrument risk                                                                                                                          
==================================================================================================================================================================================================================================================================

              daily_price_stdev  annual_price_stdev     price  daily_perc_stdev  annual_perc_stdev  point_size_base  contract_exposure  daily_risk_per_contract  annual_risk_per_contract  position  capital  exposure_held_perc_capital  annual_risk_perc_capital
GAS-PEN                   0.121               1.933      2.46              4.91               78.6           7865.4              19341                      950                     15204        -1   369203                        -5.2                      -4.1
LIVECOW                   1.741              27.862    168.48              1.03               16.5            314.6              53005                      547                      8765        -1   369203                       -14.4                      -2.4
JPY                       0.000               0.001      0.01              0.71               11.3        9831797.6              69972                      495                      7924        -1   369203                       -19.0                      -2.1
VIX                       0.463               7.412     16.35              2.83               45.3            786.5              12859                      364                      5830        -1   369203                        -3.5                      -1.6
US2                       0.172               2.756    102.92              0.17                2.7           1573.1             161905                      270                      4334        -1   369203                       -43.9                      -1.2
GAS_US_mini               0.119               1.898      2.48              4.79               76.7           1966.4               4866                      233                      3732        -1   369203                        -1.3                      -1.0
EUR_micro                 0.005               0.088      1.11              0.50                7.9           9831.8              10867                       53                       862        -2   369203                        -5.9                      -0.5
EU-OIL                    4.079              65.258    356.10              1.15               18.3             43.3              15402                      176                      2822         1   369203                         4.2                       0.8
BITCOIN                1141.798           18268.775  44545.00              2.56               41.0              0.1               3503                       89                      1436         2   369203                         1.9                       0.8
DOW                     252.093            4033.493  37747.00              0.67               10.7              0.4              14844                       99                      1586         2   369203                         8.0                       0.9
CNH                       0.021               0.330      7.15              0.29                4.6          10994.6              78563                      227                      3632         1   369203                        21.3                       1.0
NASDAQ_micro            157.875            2526.003  16985.50              0.93               14.9              1.6              26719                      248                      3973         1   369203                         7.2                       1.1
MXP                       0.000               0.006      0.06              0.64               10.3         393271.9              22837                      147                      2353         2   369203                        12.4                       1.3
IRON                      2.136              34.170    137.55              1.55               24.8             78.7              10818                      167                      2687         2   369203                         5.9                       1.5
NIKKEI                  313.459            5015.336  33075.00              0.95               15.2              0.6              18275                      173                      2771         2   369203                         9.9                       1.5
FTSETAIWAN               11.085             177.366   1521.75              0.73               11.7             31.5              47876                      348                      5580         1   369203                        13.0                       1.5
KR10                      0.578               9.243    114.03              0.51                8.1            604.8              68960                      349                      5589         1   369203                        18.7                       1.5
CAC                      49.633             794.131   7591.00              0.65               10.5              8.7              65665                      429                      6869         1   369203                        17.8                       1.9

Sum of abs(notional exposure % capital) 213.5
Sum of abs(annualised risk % capital) 26.7
Net sum of annualised risk % capital 0.9 

===============================================================================================================================================================
                                                                         Correlations                                                                          
===============================================================================================================================================================

               CNH   VIX  EU-OIL  GAS-PEN  GAS_US_mini  LIVECOW   CAC   DOW  FTSETAIWAN   MXP  NASDAQ_micro  NIKKEI  EUR_micro   JPY  KR10   US2  BITCOIN  IRON
CNH           1.00  0.13   -0.08     0.18         0.17     0.11 -0.27 -0.30       -0.36 -0.20         -0.33   -0.14      -0.57 -0.48 -0.59 -0.46    -0.15 -0.28
VIX           0.13  1.00   -0.22    -0.07        -0.10    -0.22 -0.56 -0.61       -0.55 -0.45         -0.62   -0.60      -0.24 -0.01 -0.26  0.12    -0.11 -0.14
EU-OIL       -0.08 -0.22    1.00     0.27         0.34     0.17  0.41  0.42        0.30  0.16          0.20    0.42       0.06 -0.12  0.05 -0.09    -0.08  0.13
GAS-PEN       0.18 -0.07    0.27     1.00         0.90     0.17  0.04  0.05       -0.07 -0.00         -0.02    0.13       0.01 -0.24 -0.07  0.02     0.05 -0.14
GAS_US_mini   0.17 -0.10    0.34     0.90         1.00     0.18  0.11  0.14       -0.01  0.11          0.06    0.19       0.04 -0.22 -0.07  0.05     0.11 -0.10
LIVECOW       0.11 -0.22    0.17     0.17         0.18     1.00  0.09  0.14        0.05  0.33          0.07    0.22       0.08 -0.07 -0.15 -0.22    -0.21  0.01
CAC          -0.27 -0.56    0.41     0.04         0.11     0.09  1.00  0.80        0.55  0.46          0.69    0.64       0.42  0.10  0.32  0.10     0.23  0.11
DOW          -0.30 -0.61    0.42     0.05         0.14     0.14  0.80  1.00        0.60  0.46          0.78    0.68       0.47  0.14  0.43  0.19     0.28  0.06
FTSETAIWAN   -0.36 -0.55    0.30    -0.07        -0.01     0.05  0.55  0.60        1.00  0.44          0.72    0.65       0.38  0.09  0.36 -0.06     0.03  0.25
MXP          -0.20 -0.45    0.16    -0.00         0.11     0.33  0.46  0.46        0.44  1.00          0.42    0.44       0.48  0.13  0.17  0.00    -0.01  0.14
NASDAQ_micro -0.33 -0.62    0.20    -0.02         0.06     0.07  0.69  0.78        0.72  0.42          1.00    0.68       0.50  0.18  0.41  0.15     0.25  0.16
NIKKEI       -0.14 -0.60    0.42     0.13         0.19     0.22  0.64  0.68        0.65  0.44          0.68    1.00       0.28 -0.24  0.19 -0.09     0.04  0.13
EUR_micro    -0.57 -0.24    0.06     0.01         0.04     0.08  0.42  0.47        0.38  0.48          0.50    0.28       1.00  0.43  0.39  0.44     0.14  0.12
JPY          -0.48 -0.01   -0.12    -0.24        -0.22    -0.07  0.10  0.14        0.09  0.13          0.18   -0.24       0.43  1.00  0.46  0.47     0.07  0.12
KR10         -0.59 -0.26    0.05    -0.07        -0.07    -0.15  0.32  0.43        0.36  0.17          0.41    0.19       0.39  0.46  1.00  0.56     0.26  0.10
US2          -0.46  0.12   -0.09     0.02         0.05    -0.22  0.10  0.19       -0.06  0.00          0.15   -0.09       0.44  0.47  0.56  1.00     0.30 -0.08
BITCOIN      -0.15 -0.11   -0.08     0.05         0.11    -0.21  0.23  0.28        0.03 -0.01          0.25    0.04       0.14  0.07  0.26  0.30     1.00 -0.00
IRON         -0.28 -0.14    0.13    -0.14        -0.10     0.01  0.11  0.06        0.25  0.14          0.16    0.13       0.12  0.12  0.10 -0.08    -0.00  1.00


********************************************************************************
                                 END OF REPORT                                  
********************************************************************************


