
********************************************************************************
                    Risk report produced on 04/02/2026 22:53                    
********************************************************************************


Total risk across all strategies, annualised percentage 15.8
Percentage of capital used for margin 36.9%

========================================
Risk per strategy, annualised percentage
========================================

                  risk
dynamic_TF_carry  15.8


===================
Risk by asset class
===================

Ags        1.3
Bond       0.9
Equity    10.9
FX         2.7
Metals     9.6
dtype: float64


=====================================================
Beta loadings of asset class positions on asset class
=====================================================

Bond     -0.16
Ags      -0.06
FX       -0.01
Metals    0.05
Equity    0.96
dtype: float64


========================================================
Beta loadings of full portfolio positions on asset class
========================================================

Bond     -0.55
Ags       0.16
Metals    0.21
FX        0.58
Equity    1.03
dtype: float64


==================================================================================================================================================================================================================================================================
                                                                                                                         Instrument risk                                                                                                                          
==================================================================================================================================================================================================================================================================

              daily_price_stdev  annual_price_stdev     price  daily_perc_stdev  annual_perc_stdev  point_size_base  contract_exposure  daily_risk_per_contract  annual_risk_per_contract  position  capital  exposure_held_perc_capital  annual_risk_perc_capital
BITCOIN                2462.296           39396.739  73925.00              3.33               53.3              0.1               5390                      179                      2872        -6   692334                        -4.7                      -2.5
CHF                       0.008               0.136      1.29              0.66               10.5          91142.7             117802                      772                     12363        -1   692334                       -17.0                      -1.8
JPY                       0.000               0.001      0.01              0.67               10.8        9114274.8              58299                      391                      6268        -1   692334                        -8.4                      -0.9
KR10                      0.389               6.231    110.42              0.35                5.6            502.6              55492                      195                      3131        -2   692334                       -16.0                      -0.9
REDWHEAT                  7.296             116.731    556.75              1.31               21.0             36.5              20297                      265                      4255        -1   692334                        -2.9                      -0.6
COPPER-micro              0.136               2.177      5.94              2.29               36.6           1822.9              10836                      248                      3968        -1   692334                        -1.6                      -0.6
WHEAT                     6.138              98.203    579.00              1.06               17.0             36.5              21108                      223                      3580        -1   692334                        -3.0                      -0.5
RICE                      0.151               2.417     11.09              1.36               21.8           1458.3              16172                      220                      3525        -1   692334                        -2.3                      -0.5
KRWUSD_mini               0.004               0.070      0.69              0.63               10.1          18228.5              12584                       79                      1270        -1   692334                        -1.8                      -0.2
MUMMY                    11.006             176.100    692.00              1.59               25.4              4.7               3227                       51                       821         1   692334                         0.5                       0.1
DOW                     342.550            5480.807  49670.00              0.69               11.0              0.4              18108                      124                      1998         1   692334                         2.6                       0.3
GBP                       0.006               0.100      1.37              0.46                7.3          45571.4              62255                      284                      4554         1   692334                         9.0                       0.7
LEANHOG                   1.036              16.580     98.50              1.05               16.8            291.7              28728                      302                      4835         1   692334                         4.1                       0.7
BRE                       0.001               0.019      0.19              0.63               10.0          72914.2              13820                       86                      1382         4   692334                         8.0                       0.8
CAD                       0.003               0.045      0.73              0.39                6.2          72914.2              53442                      205                      3292         2   692334                        15.4                       1.0
FTSECHINAA              124.878            1998.055  14809.00              0.84               13.5              0.7              10797                       91                      1456         5   692334                         7.8                       1.1
YENEUR                    0.812              12.992    184.90              0.44                7.0            582.9             107785                      473                      7573         1   692334                        15.6                       1.1
NIKKEI                  691.760           11068.166  54225.00              1.28               20.4              0.5              25287                      322                      5161         2   692334                         7.3                       1.5
TOPIX                    35.022             560.350   3654.75              0.96               15.3              4.7              17044                      163                      2613         4   692334                         9.8                       1.5
MSCIEAFA                 22.346             357.534   3072.60              0.73               11.6             36.5             112018                      814                     13034         1   692334                        16.2                       1.9
AEX                       8.349             133.591    992.15              0.84               13.5            172.5             171165                     1440                     23047         1   692334                        24.7                       3.3
MIB                     342.292            5476.672  47000.00              0.73               11.7              4.3             202710                     1476                     23620         1   692334                        29.3                       3.4
SILVER                    5.908              94.524     86.52              6.83              109.3            729.1              63081                     4307                     68921         1   692334                         9.1                      10.0

Sum of abs(notional exposure % capital) 217.1
Sum of abs(annualised risk % capital) 35.9
Net sum of annualised risk % capital 18.9 

==================================================================================================================================================================================================
                                                                                           Correlations                                                                                           
==================================================================================================================================================================================================

               CAD   CHF   GBP   JPY  KRWUSD_mini  KR10   AEX  BITCOIN   BRE  COPPER-micro   DOW  FTSECHINAA   MIB  MSCIEAFA  MUMMY  NIKKEI  TOPIX  REDWHEAT  WHEAT  LEANHOG  RICE  SILVER  YENEUR
CAD           1.00  0.63  0.59  0.49         0.55  0.01 -0.04     0.10  0.22          0.08  0.07        0.10  0.04      0.29   0.08    0.04   0.00      0.19   0.21     0.26  0.02   -0.02    0.02
CHF           0.63  1.00  0.64  0.72         0.52  0.14 -0.12    -0.13  0.09         -0.01 -0.07        0.02 -0.15      0.19  -0.12   -0.17  -0.20      0.08   0.12     0.01  0.03    0.10   -0.10
GBP           0.59  0.64  1.00  0.54         0.41  0.14  0.18     0.18  0.36          0.21  0.27        0.21  0.35      0.56   0.20    0.27   0.27      0.00   0.03     0.24  0.10    0.18    0.09
JPY           0.49  0.72  0.54  1.00         0.57  0.31 -0.06    -0.12  0.21         -0.11 -0.07       -0.06 -0.13      0.14  -0.14   -0.31  -0.31      0.01   0.06     0.15  0.06    0.11   -0.66
KRWUSD_mini   0.55  0.52  0.41  0.57         1.00  0.20  0.03    -0.04  0.24         -0.10  0.09        0.04  0.04      0.32   0.05    0.03  -0.04      0.07   0.10     0.05  0.01   -0.08   -0.25
KR10          0.01  0.14  0.14  0.31         0.20  1.00 -0.14     0.06 -0.16         -0.17  0.02       -0.07 -0.24     -0.11  -0.10   -0.17  -0.23     -0.32  -0.38    -0.13 -0.08    0.04   -0.33
AEX          -0.04 -0.12  0.18 -0.06         0.03 -0.14  1.00     0.28  0.40          0.18  0.61        0.41  0.66      0.53   0.49    0.54   0.56      0.02   0.05     0.14 -0.09    0.11    0.02
BITCOIN       0.10 -0.13  0.18 -0.12        -0.04  0.06  0.28     1.00  0.08          0.26  0.39        0.25  0.30      0.24   0.35    0.40   0.36     -0.10  -0.07     0.11  0.06    0.23    0.10
BRE           0.22  0.09  0.36  0.21         0.24 -0.16  0.40     0.08  1.00          0.05  0.35        0.26  0.40      0.41   0.31    0.37   0.37      0.10   0.17     0.15 -0.08    0.09   -0.03
COPPER-micro  0.08 -0.01  0.21 -0.11        -0.10 -0.17  0.18     0.26  0.05          1.00  0.32        0.39  0.41      0.44   0.26    0.31   0.29      0.09   0.21     0.15  0.14    0.29    0.21
DOW           0.07 -0.07  0.27 -0.07         0.09  0.02  0.61     0.39  0.35          0.32  1.00        0.40  0.65      0.66   0.49    0.63   0.64     -0.18  -0.07     0.18 -0.15    0.14    0.11
FTSECHINAA    0.10  0.02  0.21 -0.06         0.04 -0.07  0.41     0.25  0.26          0.39  0.40        1.00  0.52      0.50   0.36    0.41   0.47      0.16   0.18     0.19 -0.12    0.11    0.16
MIB           0.04 -0.15  0.35 -0.13         0.04 -0.24  0.66     0.30  0.40          0.41  0.65        0.52  1.00      0.77   0.56    0.65   0.72     -0.02   0.04     0.21  0.01    0.05    0.20
MSCIEAFA      0.29  0.19  0.56  0.14         0.32 -0.11  0.53     0.24  0.41          0.44  0.66        0.50  0.77      1.00   0.61    0.67   0.73      0.01   0.08     0.18  0.05    0.12    0.16
MUMMY         0.08 -0.12  0.20 -0.14         0.05 -0.10  0.49     0.35  0.31          0.26  0.49        0.36  0.56      0.61   1.00    0.67   0.80     -0.03  -0.05     0.22  0.07    0.16    0.20
NIKKEI        0.04 -0.17  0.27 -0.31         0.03 -0.17  0.54     0.40  0.37          0.31  0.63        0.41  0.65      0.67   0.67    1.00   0.91      0.00   0.01     0.04 -0.02    0.04    0.36
TOPIX         0.00 -0.20  0.27 -0.31        -0.04 -0.23  0.56     0.36  0.37          0.29  0.64        0.47  0.72      0.73   0.80    0.91   1.00     -0.05  -0.03     0.11 -0.03    0.09    0.39
REDWHEAT      0.19  0.08  0.00  0.01         0.07 -0.32  0.02    -0.10  0.10          0.09 -0.18        0.16 -0.02      0.01  -0.03    0.00  -0.05      1.00   0.91     0.13  0.13   -0.05    0.08
WHEAT         0.21  0.12  0.03  0.06         0.10 -0.38  0.05    -0.07  0.17          0.21 -0.07        0.18  0.04      0.08  -0.05    0.01  -0.03      0.91   1.00     0.19  0.14    0.04    0.04
LEANHOG       0.26  0.01  0.24  0.15         0.05 -0.13  0.14     0.11  0.15          0.15  0.18        0.19  0.21      0.18   0.22    0.04   0.11      0.13   0.19     1.00  0.20    0.22   -0.00
RICE          0.02  0.03  0.10  0.06         0.01 -0.08 -0.09     0.06 -0.08          0.14 -0.15       -0.12  0.01      0.05   0.07   -0.02  -0.03      0.13   0.14     0.20  1.00    0.04   -0.05
SILVER       -0.02  0.10  0.18  0.11        -0.08  0.04  0.11     0.23  0.09          0.29  0.14        0.11  0.05      0.12   0.16    0.04   0.09     -0.05   0.04     0.22  0.04    1.00    0.08
YENEUR        0.02 -0.10  0.09 -0.66        -0.25 -0.33  0.02     0.10 -0.03          0.21  0.11        0.16  0.20      0.16   0.20    0.36   0.39      0.08   0.04    -0.00 -0.05    0.08    1.00


********************************************************************************
                                 END OF REPORT                                  
********************************************************************************


