
********************************************************************************
                    Risk report produced on 01/05/2025 22:53                    
********************************************************************************


Total risk across all strategies, annualised percentage 8.6
Percentage of capital used for margin 40.8%

========================================
Risk per strategy, annualised percentage
========================================

                  risk
dynamic_TF_carry   8.6


===================
Risk by asset class
===================

Ags       2.0
Bond      2.0
Equity    2.1
FX        3.3
Metals    3.2
OilGas    5.7
Vol       0.2
dtype: float64


=====================================================
Beta loadings of asset class positions on asset class
=====================================================

OilGas   -0.15
Metals   -0.13
Ags      -0.01
Vol      -0.00
Equity    0.08
FX        0.11
Bond      0.42
dtype: float64


========================================================
Beta loadings of full portfolio positions on asset class
========================================================

OilGas   -0.18
FX       -0.18
Ags      -0.16
Metals   -0.14
Vol      -0.02
Equity   -0.01
Bond      0.44
dtype: float64


===================================================================================================================================================================================================================================================================
                                                                                                                          Instrument risk                                                                                                                          
===================================================================================================================================================================================================================================================================

               daily_price_stdev  annual_price_stdev     price  daily_perc_stdev  annual_perc_stdev  point_size_base  contract_exposure  daily_risk_per_contract  annual_risk_per_contract  position  capital  exposure_held_perc_capital  annual_risk_perc_capital
BRENT-LAST                 1.443              23.088     62.05              2.33               37.2            752.6              46700                     1086                     17377        -1   540527                        -8.6                      -3.2
GAS-PEN                    0.112               1.790      3.33              3.36               53.7           7526.3              25077                      842                     13472        -1   540527                        -4.6                      -2.5
DX                         0.547               8.755    100.02              0.55                8.8            752.6              75274                      411                      6589        -2   540527                       -27.9                      -2.4
ALUMINIUM                 37.813             605.011   2303.00              1.64               26.3             18.8              43332                      711                     11383        -1   540527                        -8.0                      -2.1
BITCOIN                 2454.437           39270.990  97325.00              2.52               40.4              0.1               7324                      184                      2955        -3   540527                        -4.1                      -1.6
SP500_micro               97.810            1564.967   5655.75              1.73               27.7              3.8              21283                      368                      5889        -1   540527                        -3.9                      -1.1
CRUDE_W_micro              1.456              23.290     58.17              2.50               40.0             75.3               4378                      109                      1752        -3   540527                        -2.4                      -1.0
WHEAT                      7.207             115.310    568.00              1.27               20.3             37.6              21374                      271                      4339        -1   540527                        -4.0                      -0.8
DOW                      639.614           10233.818  41047.00              1.56               24.9              0.4              15446                      240                      3851        -1   540527                        -2.9                      -0.7
GAS_US_mini                0.122               1.954      3.78              3.24               51.8           1881.6               7102                      229                      3676        -1   540527                        -1.3                      -0.7
SOYMEAL                    3.025              48.398    298.30              1.01               16.2             75.3              22450                      227                      3642        -1   540527                        -4.2                      -0.7
COPPER-micro               0.106               1.702      4.63              2.30               36.7           1881.6               8720                      200                      3202        -1   540527                        -1.6                      -0.6
V2X                        0.785              12.552     21.90              3.58               57.3             85.0               1862                       66                      1067        -1   540527                        -0.3                      -0.2
CANOLA                     8.585             137.356    651.30              1.32               21.1             10.9               7102                       93                      1497         1   540527                         1.3                       0.3
MXP                        0.000               0.006      0.05              0.78               12.6         376314.7              19086                      149                      2396         1   540527                         3.5                       0.4
HANG_mini                315.500            5047.994  22086.00              1.43               22.9              1.0              21429                      306                      4897         1   540527                         4.0                       0.9
KR10                       0.346               5.530    121.33              0.28                4.6            528.8              64161                      182                      2924         2   540527                        23.7                       1.1
NIKKEI                   742.803           11884.854  36400.00              2.04               32.7              0.5              19016                      388                      6208         1   540527                         3.5                       1.1
BTP                        0.489               7.831    120.29              0.41                6.5            850.5             102302                      416                      6659         1   540527                        18.9                       1.2
MUMMY                     15.033             240.520    673.00              2.23               35.7              5.2               3515                       78                      1256         6   540527                         3.9                       1.4
LIVECOW                    1.844              29.510    204.42              0.90               14.4            301.1              61542                      555                      8884         1   540527                        11.4                       1.6
YENEUR                     0.986              15.777    163.99              0.60                9.6            653.0             107089                      643                     10302         1   540527                        19.8                       1.9

Sum of abs(notional exposure % capital) 163.8
Sum of abs(annualised risk % capital) 27.5
Net sum of annualised risk % capital -7.7 

====================================================================================================================================================================================================================
                                                                                                    Correlations                                                                                                    
====================================================================================================================================================================================================================

               ALUMINIUM  BITCOIN  BRENT-LAST  COPPER-micro  CRUDE_W_micro   DOW  HANG_mini  LIVECOW  MUMMY   MXP  NIKKEI  SP500_micro  YENEUR   BTP  KR10  CANOLA  SOYMEAL  WHEAT    DX  GAS-PEN  GAS_US_mini   V2X
ALUMINIUM           1.00     0.18        0.42          0.62           0.41  0.34       0.40     0.33   0.35  0.33    0.42         0.40    0.05  0.07 -0.18   -0.17     0.08   0.18 -0.01     0.28         0.28 -0.34
BITCOIN             0.18     1.00        0.12          0.13           0.12  0.50       0.13     0.17   0.37  0.15    0.47         0.54    0.06  0.30 -0.07    0.02    -0.13   0.01  0.11    -0.06        -0.07 -0.47
BRENT-LAST          0.42     0.12        1.00          0.58           0.99  0.26       0.09     0.36   0.48  0.21    0.45         0.32    0.11 -0.08 -0.29    0.01    -0.13   0.06  0.25     0.17         0.23 -0.29
COPPER-micro        0.62     0.13        0.58          1.00           0.57  0.52       0.45     0.45   0.62  0.33    0.57         0.57    0.11  0.10 -0.21   -0.03     0.13   0.20 -0.09     0.16         0.20 -0.42
CRUDE_W_micro       0.41     0.12        0.99          0.57           1.00  0.27       0.07     0.36   0.50  0.21    0.47         0.33    0.12 -0.09 -0.29    0.01    -0.14   0.03  0.27     0.21         0.25 -0.31
DOW                 0.34     0.50        0.26          0.52           0.27  1.00       0.22     0.40   0.63  0.22    0.71         0.93    0.08  0.28 -0.00    0.03     0.00  -0.02  0.11     0.16         0.15 -0.65
HANG_mini           0.40     0.13        0.09          0.45           0.07  0.22       1.00     0.20   0.33  0.35    0.37         0.28    0.16  0.18 -0.02    0.10     0.13   0.18 -0.40     0.10         0.11 -0.28
LIVECOW             0.33     0.17        0.36          0.45           0.36  0.40       0.20     1.00   0.46  0.30    0.50         0.40    0.28 -0.14 -0.28   -0.11     0.03  -0.02 -0.15     0.11         0.15 -0.35
MUMMY               0.35     0.37        0.48          0.62           0.50  0.63       0.33     0.46   1.00  0.35    0.87         0.66    0.28  0.13 -0.20    0.04    -0.04   0.01 -0.04     0.13         0.18 -0.71
MXP                 0.33     0.15        0.21          0.33           0.21  0.22       0.35     0.30   0.35  1.00    0.45         0.32    0.38  0.16 -0.09   -0.10     0.10   0.22 -0.18     0.07         0.10 -0.40
NIKKEI              0.42     0.47        0.45          0.57           0.47  0.71       0.37     0.50   0.87  0.45    1.00         0.78    0.45  0.09 -0.29    0.03    -0.09   0.03  0.10     0.14         0.17 -0.84
SP500_micro         0.40     0.54        0.32          0.57           0.33  0.93       0.28     0.40   0.66  0.32    0.78         1.00    0.15  0.30 -0.03    0.03    -0.03  -0.01  0.14     0.12         0.11 -0.71
YENEUR              0.05     0.06        0.11          0.11           0.12  0.08       0.16     0.28   0.28  0.38    0.45         0.15    1.00 -0.35 -0.48    0.08    -0.11   0.09 -0.00     0.07         0.13 -0.41
BTP                 0.07     0.30       -0.08          0.10          -0.09  0.28       0.18    -0.14   0.13  0.16    0.09         0.30   -0.35  1.00  0.56    0.06    -0.01  -0.06 -0.02    -0.22        -0.23 -0.19
KR10               -0.18    -0.07       -0.29         -0.21          -0.29 -0.00      -0.02    -0.28  -0.20 -0.09   -0.29        -0.03   -0.48  0.56  1.00   -0.05     0.00  -0.23 -0.16    -0.22        -0.27  0.16
CANOLA             -0.17     0.02        0.01         -0.03           0.01  0.03       0.10    -0.11   0.04 -0.10    0.03         0.03    0.08  0.06 -0.05    1.00     0.09   0.18  0.04     0.05         0.05 -0.03
SOYMEAL             0.08    -0.13       -0.13          0.13          -0.14  0.00       0.13     0.03  -0.04  0.10   -0.09        -0.03   -0.11 -0.01  0.00    0.09     1.00   0.32 -0.16     0.11         0.13  0.21
WHEAT               0.18     0.01        0.06          0.20           0.03 -0.02       0.18    -0.02   0.01  0.22    0.03        -0.01    0.09 -0.06 -0.23    0.18     0.32   1.00 -0.17     0.13         0.11  0.05
DX                 -0.01     0.11        0.25         -0.09           0.27  0.11      -0.40    -0.15  -0.04 -0.18    0.10         0.14   -0.00 -0.02 -0.16    0.04    -0.16  -0.17  1.00     0.11         0.14 -0.15
GAS-PEN             0.28    -0.06        0.17          0.16           0.21  0.16       0.10     0.11   0.13  0.07    0.14         0.12    0.07 -0.22 -0.22    0.05     0.11   0.13  0.11     1.00         0.96 -0.21
GAS_US_mini         0.28    -0.07        0.23          0.20           0.25  0.15       0.11     0.15   0.18  0.10    0.17         0.11    0.13 -0.23 -0.27    0.05     0.13   0.11  0.14     0.96         1.00 -0.21
V2X                -0.34    -0.47       -0.29         -0.42          -0.31 -0.65      -0.28    -0.35  -0.71 -0.40   -0.84        -0.71   -0.41 -0.19  0.16   -0.03     0.21   0.05 -0.15    -0.21        -0.21  1.00


********************************************************************************
                                 END OF REPORT                                  
********************************************************************************


