
********************************************************************************
                    Risk report produced on 17/11/2023 22:52                    
********************************************************************************


Total risk across all strategies, annualised percentage 8.3
Percentage of capital used for margin 52.8%

========================================
Risk per strategy, annualised percentage
========================================

                  risk
dynamic_TF_carry   8.3


===================
Risk by asset class
===================

Ags       2.7
Bond      1.4
Equity    2.3
FX        5.0
Metals    3.1
OilGas    1.1
Sector    1.8
dtype: float64


=====================================================
Beta loadings of asset class positions on asset class
=====================================================

FX       -0.54
Metals   -0.08
OilGas   -0.02
Bond     -0.00
Ags       0.01
Sector    0.08
Equity    0.10
dtype: float64


========================================================
Beta loadings of full portfolio positions on asset class
========================================================

FX       -0.76
Metals   -0.15
Bond     -0.14
OilGas    0.01
Ags       0.09
Sector    0.12
Equity    0.16
dtype: float64


==================================================================================================================================================================================================================================================================
                                                                                                                         Instrument risk                                                                                                                          
==================================================================================================================================================================================================================================================================

              daily_price_stdev  annual_price_stdev     price  daily_perc_stdev  annual_perc_stdev  point_size_base  contract_exposure  daily_risk_per_contract  annual_risk_per_contract  position  capital  exposure_held_perc_capital  annual_risk_perc_capital
JPY                       0.000               0.001      0.01              0.58                9.4       10081458.2              67228                      393                      6290        -2   371113                       -36.2                      -3.4
PLAT                     16.021             256.329    901.00              1.78               28.4             40.3              36333                      646                     10336        -1   371113                        -9.8                      -2.8
LIVECOW                   1.826              29.220    175.50              1.04               16.6            322.6              56617                      589                      9426        -1   371113                       -15.3                      -2.5
CHF                       0.005               0.087      1.13              0.48                7.7         100814.6             113809                      551                      8819        -1   371113                       -30.7                      -2.4
BOBL                      0.328               5.240    116.94              0.28                4.5            875.0             102321                      286                      4585        -1   371113                       -27.6                      -1.2
GAS_US_mini               0.131               2.089      3.24              4.04               64.6           2016.3               6522                      263                      4212        -1   371113                        -1.8                      -1.1
DAX                     137.661            2202.584  15858.00              0.87               13.9              0.9              13875                      120                      1927        -1   371113                        -3.7                      -0.5
RUSSELL                  29.516             472.263   1782.30              1.66               26.5              4.0               7187                      119                      1904        -1   371113                        -1.9                      -0.5
COPPER-micro              0.042               0.669      3.71              1.13               18.0           2016.3               7486                       84                      1349        -1   371113                        -2.0                      -0.4
BITCOIN                1011.086           16177.372  36045.00              2.77               44.3              0.1               2907                       81                      1304         2   371113                         1.6                       0.7
KOSDAQ                   30.339             485.420   1257.10              2.41               38.6              6.2               7835                      189                      3025         1   371113                         2.1                       0.8
MXP                       0.000               0.007      0.06              0.75               12.0         403258.3              23247                      173                      2779         2   371113                        12.5                       1.5
KR10                      0.616               9.857    110.18              0.56                8.9            623.3              68672                      383                      6143         1   371113                        18.5                       1.7
EU-OIL                    4.685              74.967    349.90              1.34               21.4             43.7              15307                      204                      3279         2   371113                         8.2                       1.8
LEANHOG                   1.324              21.179     75.50              1.75               28.1            322.6              24356                      427                      6832         1   371113                         6.6                       1.8
NIKKEI                  346.848            5549.573  33515.00              1.03               16.6              0.5              17941                      185                      2970         3   371113                        14.5                       2.4

Sum of abs(notional exposure % capital) 193.0
Sum of abs(annualised risk % capital) 25.5
Net sum of annualised risk % capital -4.1 

=============================================================================================================================================
                                                                Correlations                                                                 
=============================================================================================================================================

              LEANHOG  LIVECOW   DAX  EU-OIL  KOSDAQ   MXP  NIKKEI  RUSSELL  BITCOIN  GAS_US_mini  BOBL  KR10   CHF  COPPER-micro   JPY  PLAT
LEANHOG          1.00     0.27  0.19    0.10    0.12  0.08    0.15     0.20    -0.16         0.04  0.09  0.11  0.11          0.29  0.07  0.15
LIVECOW          0.27     1.00  0.18    0.16    0.17  0.24    0.19     0.27    -0.15        -0.01 -0.09 -0.00 -0.12          0.01 -0.03  0.19
DAX              0.19     0.18  1.00    0.35    0.57  0.52    0.68     0.74     0.12        -0.02  0.06  0.39  0.28          0.37  0.03  0.15
EU-OIL           0.10     0.16  0.35    1.00    0.27  0.36    0.35     0.33    -0.01         0.18 -0.15 -0.00  0.02          0.23 -0.05  0.18
KOSDAQ           0.12     0.17  0.57    0.27    1.00  0.36    0.51     0.55    -0.02        -0.04  0.16  0.37  0.18          0.39 -0.04  0.15
MXP              0.08     0.24  0.52    0.36    0.36  1.00    0.49     0.47     0.05        -0.10 -0.16  0.10  0.14          0.30  0.05  0.18
NIKKEI           0.15     0.19  0.68    0.35    0.51  0.49    1.00     0.63     0.17         0.14 -0.08  0.28  0.08          0.25 -0.32  0.09
RUSSELL          0.20     0.27  0.74    0.33    0.55  0.47    0.63     1.00     0.15         0.06  0.13  0.33  0.23          0.42  0.11  0.17
BITCOIN         -0.16    -0.15  0.12   -0.01   -0.02  0.05    0.17     0.15     1.00         0.02  0.18  0.05 -0.05          0.08 -0.10 -0.02
GAS_US_mini      0.04    -0.01 -0.02    0.18   -0.04 -0.10    0.14     0.06     0.02         1.00  0.01  0.08 -0.01         -0.02 -0.25  0.06
BOBL             0.09    -0.09  0.06   -0.15    0.16 -0.16   -0.08     0.13     0.18         0.01  1.00  0.60  0.21          0.07  0.33  0.17
KR10             0.11    -0.00  0.39   -0.00    0.37  0.10    0.28     0.33     0.05         0.08  0.60  1.00  0.30          0.20  0.25  0.19
CHF              0.11    -0.12  0.28    0.02    0.18  0.14    0.08     0.23    -0.05        -0.01  0.21  0.30  1.00          0.40  0.47  0.41
COPPER-micro     0.29     0.01  0.37    0.23    0.39  0.30    0.25     0.42     0.08        -0.02  0.07  0.20  0.40          1.00  0.33  0.47
JPY              0.07    -0.03  0.03   -0.05   -0.04  0.05   -0.32     0.11    -0.10        -0.25  0.33  0.25  0.47          0.33  1.00  0.41
PLAT             0.15     0.19  0.15    0.18    0.15  0.18    0.09     0.17    -0.02         0.06  0.17  0.19  0.41          0.47  0.41  1.00


********************************************************************************
                                 END OF REPORT                                  
********************************************************************************


