
********************************************************************************
                    Risk report produced on 14/06/2024 22:52                    
********************************************************************************


Total risk across all strategies, annualised percentage 11.7
Percentage of capital used for margin 74.6%

========================================
Risk per strategy, annualised percentage
========================================

                  risk
dynamic_TF_carry  11.7


===================
Risk by asset class
===================

Ags       1.3
Bond      3.3
Equity    9.5
FX        3.7
Metals    1.0
OilGas    1.3
Vol       2.7
dtype: float64


=====================================================
Beta loadings of asset class positions on asset class
=====================================================

Bond     -0.46
Vol      -0.08
OilGas   -0.04
Metals    0.04
Ags       0.04
Equity    0.86
FX        0.92
dtype: float64


========================================================
Beta loadings of full portfolio positions on asset class
========================================================

Bond     -0.24
Vol      -0.23
OilGas   -0.01
Metals    0.12
Ags       0.12
FX        0.40
Equity    0.95
dtype: float64


===================================================================================================================================================================================================================================================================
                                                                                                                          Instrument risk                                                                                                                          
===================================================================================================================================================================================================================================================================

               daily_price_stdev  annual_price_stdev     price  daily_perc_stdev  annual_perc_stdev  point_size_base  contract_exposure  daily_risk_per_contract  annual_risk_per_contract  position  capital  exposure_held_perc_capital  annual_risk_perc_capital
BUND                       0.702              11.235    133.05              0.53                8.4            840.3             111799                      590                      9440        -2   631016                       -35.4                      -3.0
VIX                        0.333               5.323     15.20              2.19               35.0            786.4              11953                      261                      4186        -4   631016                        -7.6                      -2.7
CRUDE_W_micro              1.284              20.538     78.23              1.64               26.3             78.6               6152                      100                      1615        -4   631016                        -3.9                      -1.0
JPY                        0.000               0.001      0.01              0.59                9.4        9830328.5              63366                      373                      5976        -1   631016                       -10.0                      -0.9
KR10                       0.417               6.672    114.15              0.37                5.8            568.6              64904                      237                      3793        -1   631016                       -10.3                      -0.6
GAS_US_mini                0.116               1.852      2.96              3.90               62.5           1966.1               5829                      227                      3642        -1   631016                        -0.9                      -0.6
CORN                       5.621              89.930    468.75              1.20               19.2             39.3              18431                      221                      3536        -1   631016                        -2.9                      -0.6
GOLD_micro                25.590             409.443   2349.10              1.09               17.4              7.9              18473                      201                      3219        -1   631016                        -2.9                      -0.5
RUSSELL                   23.195             371.116   2027.50              1.14               18.3              3.9               7972                       91                      1459        -1   631016                        -1.3                      -0.2
MSCISING                   1.984              31.738    309.55              0.64               10.3             58.1              17983                      115                      1843         1   631016                         2.8                       0.3
SP500_micro               34.594             553.511   5432.50              0.64               10.2              3.9              21361                      136                      2176         1   631016                         3.4                       0.3
BITCOIN                 1488.846           23821.543  65550.00              2.27               36.3              0.1               5155                      117                      1873         2   631016                         1.6                       0.6
NASDAQ_micro             167.270            2676.327  19933.25              0.84               13.4              1.6              31352                      263                      4209         1   631016                         5.0                       0.7
IRON                       2.030              32.472    107.50              1.89               30.2             78.6               8454                      159                      2553         2   631016                         2.7                       0.8
DX                         0.420               6.722    105.16              0.40                6.4            786.4              82704                      330                      5286         1   631016                        13.1                       0.8
TOPIX                     22.476             359.621   2740.00              0.82               13.1              5.0              13683                      112                      1795         3   631016                         6.5                       0.9
NIKKEI                   342.559            5480.948  38460.00              0.89               14.3              0.5              19207                      171                      2737         2   631016                         6.1                       0.9
LIVECOW                    1.455              23.273    183.08              0.79               12.7            314.6              57589                      457                      7321         1   631016                         9.1                       1.2
FTSETAIWAN                15.151             242.412   1895.75              0.80               12.8             31.5              59634                      476                      7625         1   631016                         9.5                       1.2
MSCIEAFA                  19.897             318.351   2306.60              0.86               13.8             39.3              90698                      782                     12517         1   631016                        14.4                       2.0
AEX                        5.957              95.312    918.85              0.65               10.4            168.1             154419                     1001                     16017         1   631016                        24.5                       2.5
YENEUR                     0.852              13.639    168.22              0.51                8.1            624.3             105013                      532                      8514         2   631016                        33.3                       2.7
MIB                      369.941            5919.063  32555.00              1.14               18.2              4.2             136777                     1554                     24868         1   631016                        21.7                       3.9

Sum of abs(notional exposure % capital) 228.9
Sum of abs(annualised risk % capital) 28.9
Net sum of annualised risk % capital 8.7 

========================================================================================================================================================================================================================
                                                                                                      Correlations                                                                                                      
========================================================================================================================================================================================================================

                 DX   VIX  NIKKEI  TOPIX  YENEUR  CORN  CRUDE_W_micro  GAS_US_mini  IRON  LIVECOW  BITCOIN  BUND  GOLD_micro   JPY  KR10   AEX  FTSETAIWAN   MIB  MSCIEAFA  MSCISING  NASDAQ_micro  RUSSELL  SP500_micro
DX             1.00  0.33   -0.07  -0.05    0.00 -0.10           0.07         0.00 -0.03    -0.07    -0.27 -0.44       -0.32 -0.64 -0.40 -0.24       -0.36 -0.36     -0.76     -0.27         -0.39    -0.54        -0.51
VIX            0.33  1.00   -0.32  -0.38   -0.11 -0.07           0.07        -0.20 -0.01    -0.20    -0.07 -0.13        0.03 -0.15 -0.24 -0.37       -0.31 -0.49     -0.61     -0.27         -0.55    -0.52        -0.64
NIKKEI        -0.07 -0.32    1.00   0.87    0.40 -0.14           0.18         0.12  0.03     0.05    -0.04  0.05        0.03 -0.28  0.11  0.38        0.40  0.24      0.34      0.19          0.50     0.40         0.51
TOPIX         -0.05 -0.38    0.87   1.00    0.44 -0.15           0.11         0.13  0.04     0.06    -0.14 -0.03       -0.06 -0.32 -0.02  0.30        0.31  0.24      0.32      0.25          0.34     0.26         0.37
YENEUR         0.00 -0.11    0.40   0.44    1.00 -0.06           0.17         0.17  0.04     0.04    -0.13 -0.20       -0.05 -0.71 -0.18  0.12        0.13  0.17      0.04      0.06          0.10    -0.01         0.10
CORN          -0.10 -0.07   -0.14  -0.15   -0.06  1.00           0.21         0.13  0.22     0.04     0.06  0.10        0.04  0.12  0.01  0.10        0.21  0.12      0.10      0.05          0.12     0.14         0.15
CRUDE_W_micro  0.07  0.07    0.18   0.11    0.17  0.21           1.00         0.26  0.01     0.35    -0.12 -0.23        0.24 -0.25 -0.15  0.14        0.12  0.08     -0.02      0.02          0.10     0.14         0.14
GAS_US_mini    0.00 -0.20    0.12   0.13    0.17  0.13           0.26         1.00 -0.08     0.21     0.08  0.05        0.08 -0.17 -0.06  0.04       -0.12  0.06      0.09      0.01          0.10     0.10         0.16
IRON          -0.03 -0.01    0.03   0.04    0.04  0.22           0.01        -0.08  1.00     0.07    -0.04  0.04        0.15  0.01  0.06  0.04        0.15 -0.05     -0.02     -0.01          0.08     0.02        -0.01
LIVECOW       -0.07 -0.20    0.05   0.06    0.04  0.04           0.35         0.21  0.07     1.00    -0.09 -0.10        0.10 -0.00 -0.17  0.12        0.07  0.24      0.13      0.04          0.12     0.18         0.20
BITCOIN       -0.27 -0.07   -0.04  -0.14   -0.13  0.06          -0.12         0.08 -0.04    -0.09     1.00  0.40        0.24  0.32  0.24  0.17        0.06  0.17      0.28      0.15          0.17     0.27         0.23
BUND          -0.44 -0.13    0.05  -0.03   -0.20  0.10          -0.23         0.05  0.04    -0.10     0.40  1.00        0.40  0.47  0.51  0.37        0.20  0.20      0.45      0.15          0.38     0.45         0.44
GOLD_micro    -0.32  0.03    0.03  -0.06   -0.05  0.04           0.24         0.08  0.15     0.10     0.24  0.40        1.00  0.29  0.17  0.12        0.10  0.09      0.23     -0.00          0.17     0.19         0.22
JPY           -0.64 -0.15   -0.28  -0.32   -0.71  0.12          -0.25        -0.17  0.01    -0.00     0.32  0.47        0.29  1.00  0.40  0.07        0.13  0.13      0.45      0.13          0.21     0.33         0.28
KR10          -0.40 -0.24    0.11  -0.02   -0.18  0.01          -0.15        -0.06  0.06    -0.17     0.24  0.51        0.17  0.40  1.00  0.40        0.30  0.23      0.44      0.23          0.41     0.32         0.44
AEX           -0.24 -0.37    0.38   0.30    0.12  0.10           0.14         0.04  0.04     0.12     0.17  0.37        0.12  0.07  0.40  1.00        0.50  0.58      0.61      0.40          0.67     0.64         0.73
FTSETAIWAN    -0.36 -0.31    0.40   0.31    0.13  0.21           0.12        -0.12  0.15     0.07     0.06  0.20        0.10  0.13  0.30  0.50        1.00  0.27      0.50      0.37          0.55     0.48         0.55
MIB           -0.36 -0.49    0.24   0.24    0.17  0.12           0.08         0.06 -0.05     0.24     0.17  0.20        0.09  0.13  0.23  0.58        0.27  1.00      0.68      0.39          0.39     0.61         0.60
MSCIEAFA      -0.76 -0.61    0.34   0.32    0.04  0.10          -0.02         0.09 -0.02     0.13     0.28  0.45        0.23  0.45  0.44  0.61        0.50  0.68      1.00      0.49          0.59     0.77         0.78
MSCISING      -0.27 -0.27    0.19   0.25    0.06  0.05           0.02         0.01 -0.01     0.04     0.15  0.15       -0.00  0.13  0.23  0.40        0.37  0.39      0.49      1.00          0.23     0.40         0.34
NASDAQ_micro  -0.39 -0.55    0.50   0.34    0.10  0.12           0.10         0.10  0.08     0.12     0.17  0.38        0.17  0.21  0.41  0.67        0.55  0.39      0.59      0.23          1.00     0.67         0.91
RUSSELL       -0.54 -0.52    0.40   0.26   -0.01  0.14           0.14         0.10  0.02     0.18     0.27  0.45        0.19  0.33  0.32  0.64        0.48  0.61      0.77      0.40          0.67     1.00         0.83
SP500_micro   -0.51 -0.64    0.51   0.37    0.10  0.15           0.14         0.16 -0.01     0.20     0.23  0.44        0.22  0.28  0.44  0.73        0.55  0.60      0.78      0.34          0.91     0.83         1.00


********************************************************************************
                                 END OF REPORT                                  
********************************************************************************


