
********************************************************************************
                    Risk report produced on 12/06/2025 22:53                    
********************************************************************************


Total risk across all strategies, annualised percentage 10.9
Percentage of capital used for margin 41.8%

========================================
Risk per strategy, annualised percentage
========================================

                  risk
dynamic_TF_carry  10.9


===================
Risk by asset class
===================

Ags       2.9
Bond      1.2
Equity    6.2
FX        3.6
Metals    2.2
OilGas    3.2
Vol       0.1
dtype: float64


=====================================================
Beta loadings of asset class positions on asset class
=====================================================

OilGas   -0.06
Vol      -0.00
Bond      0.00
Metals    0.07
Ags       0.16
FX        0.30
Equity    0.41
dtype: float64


========================================================
Beta loadings of full portfolio positions on asset class
========================================================

Vol      -0.14
OilGas   -0.06
Bond     -0.01
Metals    0.23
Ags       0.29
Equity    0.53
FX        0.72
dtype: float64


=================================================================================================================================================================================================================================================================
                                                                                                                         Instrument risk                                                                                                                         
=================================================================================================================================================================================================================================================================

             daily_price_stdev  annual_price_stdev     price  daily_perc_stdev  annual_perc_stdev  point_size_base  contract_exposure  daily_risk_per_contract  annual_risk_per_contract  position  capital  exposure_held_perc_capital  annual_risk_perc_capital
DX                       0.436               6.977     97.46              0.45                7.2            736.3              71765                      321                      5137        -3   541030                       -39.8                      -2.8
GAS-PEN                  0.116               1.861      3.61              3.22               51.5           7363.2              26595                      856                     13699        -1   541030                        -4.9                      -2.5
US10U                    0.550               8.806    113.08              0.49                7.8            736.3              83261                      405                      6483        -1   541030                       -15.4                      -1.2
WHEAT                    7.502             120.029    563.50              1.33               21.3             36.8              20745                      276                      4418        -1   541030                        -3.8                      -0.8
GAS_US_mini              0.118               1.890      3.63              3.25               52.1           1840.8               6682                      217                      3479        -1   541030                        -1.2                      -0.6
DOW                    399.764            6396.219  43292.00              0.92               14.8              0.4              15938                      147                      2354        -1   541030                        -2.9                      -0.4
IRON                     1.189              19.026     93.65              1.27               20.3             73.6               6895                       87                      1400        -1   541030                        -1.3                      -0.3
V2X                      0.479               7.665     19.90              2.41               38.5             84.9               1688                       40                       650        -1   541030                        -0.3                      -0.1
MUMMY                   10.221             163.543    759.00              1.35               21.5              5.1               3888                       52                       837         1   541030                         0.7                       0.2
IBEX_mini              117.853            1885.647  14120.00              0.83               13.4              0.8              11983                      100                      1600         1   541030                         2.2                       0.3
MXP                      0.000               0.005      0.05              0.59                9.4         368158.7              19262                      113                      1815         1   541030                         3.6                       0.3
TOPIX                   30.713             491.408   2781.75              1.10               17.7              5.1              14251                      157                      2517         1   541030                         2.6                       0.5
CAD                      0.003               0.042      0.74              0.36                5.7          73631.7              54377                      193                      3103         1   541030                        10.1                       0.6
MSCISING                 4.136              66.173    404.35              1.02               16.4             57.5              23244                      237                      3804         1   541030                         4.3                       0.7
NIKKEI                 471.660            7546.556  38185.00              1.24               19.8              0.5              19562                      241                      3866         1   541030                         3.6                       0.7
CANOLA                   8.828             141.250    708.00              1.25               20.0             10.8               7637                       95                      1523         3   541030                         4.2                       0.8
BTP                      0.390               6.236    121.47              0.32                5.1            848.7             103089                      330                      5292         1   541030                        19.1                       1.0
YENEUR                   0.775              12.399    166.17              0.47                7.5            640.4             106413                      496                      7940         1   541030                        19.7                       1.5
PLAT                    20.513             328.215   1293.00              1.59               25.4             36.8              47602                      755                     12083         1   541030                         8.8                       2.2
FEEDCOW                  2.452              39.235    310.58              0.79               12.6            368.2             114340                      902                     14444         1   541030                        21.1                       2.7
MIB                    364.428            5830.850  40080.00              0.91               14.5              4.2             170076                     1546                     24742         1   541030                        31.4                       4.6

Sum of abs(notional exposure % capital) 201.0
Sum of abs(annualised risk % capital) 24.8
Net sum of annualised risk % capital 7.4 

=========================================================================================================================================================================
                                                                              Correlations                                                                               
=========================================================================================================================================================================

              DOW  FEEDCOW  IBEX_mini   MIB  MSCISING  MUMMY   MXP  NIKKEI  PLAT  TOPIX  YENEUR  CANOLA    DX  GAS-PEN  GAS_US_mini   CAD  WHEAT   BTP  IRON  US10U   V2X
DOW          1.00     0.35       0.67  0.74      0.73   0.60  0.20    0.70  0.28   0.68    0.11    0.05  0.18     0.13         0.12 -0.01  -0.07  0.25  0.11  -0.01 -0.65
FEEDCOW      0.35     1.00       0.31  0.42      0.45   0.42  0.32    0.51  0.36   0.50    0.38   -0.03 -0.03     0.19         0.24  0.02  -0.09 -0.10  0.11  -0.26 -0.31
IBEX_mini    0.67     0.31       1.00  0.90      0.81   0.72  0.37    0.69  0.43   0.73    0.14    0.08 -0.04     0.06         0.11  0.10   0.07  0.28  0.11   0.02 -0.64
MIB          0.74     0.42       0.90  1.00      0.84   0.71  0.38    0.77  0.45   0.79    0.24    0.07  0.07     0.11         0.16 -0.02   0.04  0.14  0.17  -0.09 -0.67
MSCISING     0.73     0.45       0.81  0.84      1.00   0.75  0.36    0.75  0.43   0.79    0.13   -0.01  0.05     0.24         0.27 -0.00   0.00  0.15  0.09  -0.10 -0.65
MUMMY        0.60     0.42       0.72  0.71      0.75   1.00  0.35    0.85  0.39   0.87    0.27    0.02 -0.02     0.09         0.13  0.22   0.03  0.15  0.07  -0.28 -0.70
MXP          0.20     0.32       0.37  0.38      0.36   0.35  1.00    0.44  0.42   0.41    0.36   -0.08 -0.18     0.03         0.05  0.28   0.24  0.16  0.02  -0.16 -0.40
NIKKEI       0.70     0.51       0.69  0.77      0.75   0.85  0.44    1.00  0.37   0.97    0.46    0.05  0.10     0.16         0.18  0.13   0.02  0.08  0.11  -0.37 -0.82
PLAT         0.28     0.36       0.43  0.45      0.43   0.39  0.42    0.37  1.00   0.35    0.10    0.14 -0.07    -0.03         0.01  0.17   0.19  0.17  0.14  -0.06 -0.32
TOPIX        0.68     0.50       0.73  0.79      0.79   0.87  0.41    0.97  0.35   1.00    0.43    0.06  0.11     0.20         0.23  0.06   0.00  0.05  0.08  -0.33 -0.81
YENEUR       0.11     0.38       0.14  0.24      0.13   0.27  0.36    0.46  0.10   0.43    1.00    0.08  0.04     0.10         0.14  0.03   0.04 -0.36 -0.08  -0.47 -0.40
CANOLA       0.05    -0.03       0.08  0.07     -0.01   0.02 -0.08    0.05  0.14   0.06    0.08    1.00  0.03     0.04         0.04  0.04   0.15  0.03  0.05  -0.18 -0.06
DX           0.18    -0.03      -0.04  0.07      0.05  -0.02 -0.18    0.10 -0.07   0.11    0.04    0.03  1.00     0.08         0.09 -0.61  -0.21 -0.04 -0.00  -0.13 -0.19
GAS-PEN      0.13     0.19       0.06  0.11      0.24   0.09  0.03    0.16 -0.03   0.20    0.10    0.04  0.08     1.00         0.97 -0.05   0.04 -0.23 -0.12   0.05 -0.13
GAS_US_mini  0.12     0.24       0.11  0.16      0.27   0.13  0.05    0.18  0.01   0.23    0.14    0.04  0.09     0.97         1.00 -0.05   0.03 -0.24 -0.12   0.02 -0.13
CAD         -0.01     0.02       0.10 -0.02     -0.00   0.22  0.28    0.13  0.17   0.06    0.03    0.04 -0.61    -0.05        -0.05  1.00   0.39  0.28  0.00  -0.04 -0.02
WHEAT       -0.07    -0.09       0.07  0.04      0.00   0.03  0.24    0.02  0.19   0.00    0.04    0.15 -0.21     0.04         0.03  0.39   1.00 -0.04  0.05  -0.23  0.05
BTP          0.25    -0.10       0.28  0.14      0.15   0.15  0.16    0.08  0.17   0.05   -0.36    0.03 -0.04    -0.23        -0.24  0.28  -0.04  1.00  0.20   0.40 -0.18
IRON         0.11     0.11       0.11  0.17      0.09   0.07  0.02    0.11  0.14   0.08   -0.08    0.05 -0.00    -0.12        -0.12  0.00   0.05  0.20  1.00   0.06 -0.07
US10U       -0.01    -0.26       0.02 -0.09     -0.10  -0.28 -0.16   -0.37 -0.06  -0.33   -0.47   -0.18 -0.13     0.05         0.02 -0.04  -0.23  0.40  0.06   1.00  0.18
V2X         -0.65    -0.31      -0.64 -0.67     -0.65  -0.70 -0.40   -0.82 -0.32  -0.81   -0.40   -0.06 -0.19    -0.13        -0.13 -0.02   0.05 -0.18 -0.07   0.18  1.00


********************************************************************************
                                 END OF REPORT                                  
********************************************************************************


