
********************************************************************************
                    Risk report produced on 15/12/2023 22:51                    
********************************************************************************


Total risk across all strategies, annualised percentage 9.2
Percentage of capital used for margin 55.9%

========================================
Risk per strategy, annualised percentage
========================================

                  risk
dynamic_TF_carry   9.2


===================
Risk by asset class
===================

Ags       2.6
Bond      1.4
Equity    5.1
FX        3.1
Metals    1.9
OilGas    5.0
Vol       1.5
dtype: float64


=====================================================
Beta loadings of asset class positions on asset class
=====================================================

Ags      -0.14
FX       -0.09
OilGas   -0.06
Vol      -0.03
Bond      0.04
Metals    0.07
Equity    0.49
dtype: float64


========================================================
Beta loadings of full portfolio positions on asset class
========================================================

Bond     -0.13
Vol      -0.12
OilGas   -0.03
Ags      -0.01
FX        0.08
Metals    0.08
Equity    0.63
dtype: float64


=================================================================================================================================================================================================================================================================
                                                                                                                         Instrument risk                                                                                                                         
=================================================================================================================================================================================================================================================================

             daily_price_stdev  annual_price_stdev     price  daily_perc_stdev  annual_perc_stdev  point_size_base  contract_exposure  daily_risk_per_contract  annual_risk_per_contract  position  capital  exposure_held_perc_capital  annual_risk_perc_capital
GAS-PEN                  0.120               1.927      2.35              5.13               82.1           7833.9              18386                      943                     15094        -1   367725                        -5.0                      -4.1
LIVECOW                  1.900              30.393    169.62              1.12               17.9            313.4              53152                      595                      9523        -1   367725                       -14.5                      -2.6
JPY                      0.000               0.001      0.01              0.72               11.6        9792362.7              69927                      505                      8086        -1   367725                       -19.0                      -2.2
VIX                      0.443               7.086     15.45              2.87               45.9            783.4              12103                      346                      5550        -1   367725                        -3.3                      -1.5
US2                      0.187               2.995    102.69              0.18                2.9           1566.8             160894                      293                      4692        -1   367725                       -43.8                      -1.3
GAS_US_mini              0.119               1.904      2.42              4.93               78.9           1958.5               4729                      233                      3729        -1   367725                        -1.3                      -1.0
EUR_micro                0.006               0.092      1.09              0.53                8.4           9792.4              10719                       56                       903        -2   367725                        -5.8                      -0.5
IRON                     2.047              32.750    133.25              1.54               24.6             78.3              10438                      160                      2565         1   367725                         2.8                       0.7
DOW                    241.256            3860.091  37587.00              0.64               10.3              0.4              14722                       94                      1511         2   367725                         8.0                       0.8
CNH                      0.021               0.330      7.10              0.29                4.7          11010.4              78143                      227                      3634         1   367725                        21.3                       1.0
MXP                      0.000               0.006      0.06              0.70               11.2         391694.5              22412                      157                      2520         2   367725                        12.2                       1.4
NIKKEI                 317.099            5073.585  32895.00              0.96               15.4              0.6              18151                      174                      2799         2   367725                         9.9                       1.5
FTSETAIWAN              11.511             184.183   1530.50              0.75               12.0             31.3              47959                      360                      5771         1   367725                        13.0                       1.6
KR10                     0.607               9.711    113.60              0.53                8.5            602.8              68480                      365                      5853         1   367725                        18.6                       1.6
BITCOIN               1257.390           20118.242  42400.00              2.97               47.4              0.1               3321                       98                      1576         4   367725                         3.6                       1.7
CAC                     52.696             843.128   7642.00              0.69               11.0              8.6              65774                      453                      7256         1   367725                        17.9                       2.0

Sum of abs(notional exposure % capital) 200.0
Sum of abs(annualised risk % capital) 25.5
Net sum of annualised risk % capital -0.9 

========================================================================================================================================
                                                              Correlations                                                              
========================================================================================================================================

              CNH   VIX  EUR_micro   JPY  KR10   US2  BITCOIN  IRON   CAC   DOW  FTSETAIWAN   MXP  NIKKEI  GAS-PEN  GAS_US_mini  LIVECOW
CNH          1.00  0.18      -0.55 -0.47 -0.57 -0.43    -0.14 -0.30 -0.27 -0.26       -0.36 -0.18   -0.12     0.21         0.22     0.12
VIX          0.18  1.00      -0.30 -0.04 -0.31  0.07    -0.12 -0.12 -0.58 -0.67       -0.57 -0.49   -0.63    -0.10        -0.14    -0.23
EUR_micro   -0.55 -0.30       1.00  0.41  0.35  0.40     0.13  0.14  0.43  0.44        0.38  0.46    0.27    -0.02        -0.01     0.08
JPY         -0.47 -0.04       0.41  1.00  0.44  0.45     0.06  0.14  0.10  0.11        0.08  0.11   -0.26    -0.27        -0.26    -0.08
KR10        -0.57 -0.31       0.35  0.44  1.00  0.53     0.26  0.12  0.33  0.41        0.35  0.14    0.18    -0.11        -0.13    -0.15
US2         -0.43  0.07       0.40  0.45  0.53  1.00     0.29 -0.07  0.11  0.15       -0.08 -0.04   -0.12    -0.02        -0.01    -0.23
BITCOIN     -0.14 -0.12       0.13  0.06  0.26  0.29     1.00  0.00  0.23  0.27        0.03 -0.02    0.04     0.04         0.09    -0.21
IRON        -0.30 -0.12       0.14  0.14  0.12 -0.07     0.00  1.00  0.11  0.08        0.25  0.15    0.13    -0.13        -0.09     0.01
CAC         -0.27 -0.58       0.43  0.10  0.33  0.11     0.23  0.11  1.00  0.81        0.55  0.46    0.65     0.04         0.11     0.09
DOW         -0.26 -0.67       0.44  0.11  0.41  0.15     0.27  0.08  0.81  1.00        0.60  0.44    0.68     0.03         0.10     0.14
FTSETAIWAN  -0.36 -0.57       0.38  0.08  0.35 -0.08     0.03  0.25  0.55  0.60        1.00  0.43    0.64    -0.08        -0.02     0.05
MXP         -0.18 -0.49       0.46  0.11  0.14 -0.04    -0.02  0.15  0.46  0.44        0.43  1.00    0.43    -0.02         0.08     0.33
NIKKEI      -0.12 -0.63       0.27 -0.26  0.18 -0.12     0.04  0.13  0.65  0.68        0.64  0.43    1.00     0.12         0.17     0.22
GAS-PEN      0.21 -0.10      -0.02 -0.27 -0.11 -0.02     0.04 -0.13  0.04  0.03       -0.08 -0.02    0.12     1.00         0.90     0.17
GAS_US_mini  0.22 -0.14      -0.01 -0.26 -0.13 -0.01     0.09 -0.09  0.11  0.10       -0.02  0.08    0.17     0.90         1.00     0.18
LIVECOW      0.12 -0.23       0.08 -0.08 -0.15 -0.23    -0.21  0.01  0.09  0.14        0.05  0.33    0.22     0.17         0.18     1.00


********************************************************************************
                                 END OF REPORT                                  
********************************************************************************


