
********************************************************************************
                    Risk report produced on 30/09/2025 22:53                    
********************************************************************************


Total risk across all strategies, annualised percentage 13.9
Percentage of capital used for margin 47.7%

========================================
Risk per strategy, annualised percentage
========================================

                  risk
dynamic_TF_carry  13.9


===================
Risk by asset class
===================

Ags       4.6
Bond      1.2
Equity    7.9
FX        2.5
Metals    4.9
OilGas    0.5
dtype: float64


=====================================================
Beta loadings of asset class positions on asset class
=====================================================

OilGas   -0.00
Metals    0.24
Ags       0.27
Bond      0.28
FX        0.32
Equity    0.65
dtype: float64


========================================================
Beta loadings of full portfolio positions on asset class
========================================================

Bond      0.04
OilGas    0.05
Metals    0.45
Ags       0.64
Equity    0.87
FX        1.51
dtype: float64


====================================================================================================================================================================================================================================================================
                                                                                                                          Instrument risk                                                                                                                           
====================================================================================================================================================================================================================================================================

               daily_price_stdev  annual_price_stdev      price  daily_perc_stdev  annual_perc_stdev  point_size_base  contract_exposure  daily_risk_per_contract  annual_risk_per_contract  position  capital  exposure_held_perc_capital  annual_risk_perc_capital
DAX                      181.349            2901.582   24009.00              0.76               12.1              0.9              20968                      158                      2534        -9   603606                       -31.3                      -3.8
JPY                        0.000               0.001       0.01              0.53                8.5        9304264.3              63403                      338                      5416        -2   603606                       -21.0                      -1.8
DX                         0.415               6.632      97.46              0.43                6.8            744.3              72539                      308                      4936        -2   603606                       -24.0                      -1.6
BITCOIN                 2484.365           39749.842  114585.00              2.17               34.7              0.1               8529                      184                      2958        -2   603606                        -2.8                      -1.0
WHEAT                      6.848             109.575     507.50              1.35               21.6             37.2              18887                      254                      4078        -1   603606                        -3.1                      -0.7
GAS_US_mini                0.088               1.408       3.33              2.64               42.3           1860.9               6196                      163                      2620        -1   603606                        -1.0                      -0.4
KRWUSD_mini                0.004               0.056       0.71              0.49                7.9          18608.5              13266                       65                      1045        -2   603606                        -4.4                      -0.3
BRE                        0.001               0.017       0.19              0.56                9.0          74434.1              14012                       78                      1260         1   603606                         2.3                       0.2
MXP                        0.000               0.004       0.05              0.46                7.3         372170.6              20141                       91                      1467         1   603606                         3.3                       0.2
CRUDE_W_micro              1.031              16.495      62.19              1.66               26.5             74.4               4629                       76                      1227         2   603606                         1.5                       0.4
CAD10                      0.372               5.945     122.46              0.30                4.9            534.8              65491                      198                      3179         1   603606                        10.9                       0.5
NIKKEI                   423.316            6773.058   45135.00              0.94               15.0              0.5              22656                      212                      3399         1   603606                         3.8                       0.6
GOLD_micro                29.414             470.630    3877.60              0.76               12.1              7.4              28862                      218                      3503         1   603606                         4.8                       0.6
FTSECHINAA               150.238            2403.811   15122.00              0.99               15.9              0.7              11255                      111                      1789         2   603606                         3.7                       0.6
GBP                        0.005               0.087       1.35              0.41                6.5          46521.3              62575                      253                      4060         1   603606                        10.4                       0.7
RUSSELL                   25.273             404.373    2440.70              1.04               16.6              3.7               9083                       94                      1504         3   603606                         4.5                       0.7
OAT                        0.363               5.816     121.41              0.30                4.8            873.4             106036                      317                      5079         1   603606                        17.6                       0.8
YENEUR                     0.629              10.066     173.01              0.36                5.8            627.5             108556                      394                      6316         1   603606                        18.0                       1.0
TOPIX                     24.067             385.064    3144.50              0.77               12.2              5.0              15784                      120                      1932         4   603606                        10.5                       1.3
LEANHOG                    1.176              18.814      88.75              1.32               21.2            297.7              26424                      350                      5601         2   603606                         8.8                       1.9
MSCIEAFA                  19.019             304.309    2783.10              0.68               10.9             37.2             103578                      707                     11325         1   603606                        17.2                       1.9
SILVER                     0.596               9.537      46.76              1.27               20.4            744.3              34805                      443                      7098         2   603606                        11.5                       2.4
PLAT                      26.471             423.536    1613.50              1.64               26.2             37.2              60049                      985                     15762         1   603606                         9.9                       2.6
MIB                      322.536            5160.581   42425.00              0.76               12.2              4.4             185264                     1408                     22535         1   603606                        30.7                       3.7
FEEDCOW                    3.946              63.134     359.70              1.10               17.6            372.2             133869                     1468                     23496         1   603606                        22.2                       3.9
AEX                        9.015             144.239     943.25              0.96               15.3            174.7             164761                     1574                     25194         1   603606                        27.3                       4.2

Sum of abs(notional exposure % capital) 306.5
Sum of abs(annualised risk % capital) 37.8
Net sum of annualised risk % capital 18.6 

=====================================================================================================================================================================================================================================
                                                                                                            Correlations                                                                                                             
=====================================================================================================================================================================================================================================

               CRUDE_W_micro  GAS_US_mini  WHEAT  YENEUR    DX   AEX  BITCOIN   DAX   MIB  MSCIEAFA  NIKKEI  RUSSELL  TOPIX   BRE  FEEDCOW  FTSECHINAA  GOLD_micro  LEANHOG   MXP  PLAT  SILVER  CAD10   GBP   JPY  KRWUSD_mini   OAT
CRUDE_W_micro           1.00         0.27   0.36    0.05  0.37  0.38    -0.02 -0.05  0.15     -0.04    0.09     0.17   0.08  0.11     0.15        0.10        0.06     0.27  0.08 -0.02    0.15  -0.14 -0.33 -0.34        -0.18 -0.06
GAS_US_mini             0.27         1.00   0.26    0.03  0.22  0.01    -0.01 -0.03 -0.09     -0.19   -0.22    -0.13  -0.22  0.26     0.11        0.01        0.05    -0.07  0.01 -0.05   -0.00  -0.09 -0.18 -0.18        -0.13 -0.23
WHEAT                   0.36         0.26   1.00   -0.12 -0.04  0.02    -0.09 -0.10 -0.08     -0.01   -0.06    -0.06  -0.03  0.23     0.02        0.09        0.26     0.11  0.16 -0.04    0.20  -0.06 -0.04  0.12        -0.05 -0.13
YENEUR                  0.05         0.03  -0.12    1.00 -0.02  0.04    -0.02  0.12  0.04      0.10    0.33    -0.04   0.32  0.06     0.10        0.08       -0.04    -0.06  0.18  0.21    0.15  -0.44  0.05 -0.58        -0.06 -0.40
DX                      0.37         0.22  -0.04   -0.02  1.00  0.08    -0.10 -0.13  0.01     -0.56   -0.03    -0.07   0.01 -0.44    -0.02       -0.14       -0.39    -0.15 -0.45 -0.29   -0.20  -0.16 -0.85 -0.76        -0.62 -0.06
AEX                     0.38         0.01   0.02    0.04  0.08  1.00     0.25  0.67  0.75      0.63    0.44     0.58   0.39  0.28     0.16        0.31       -0.06     0.23  0.23  0.16    0.26   0.20  0.15 -0.16         0.18  0.04
BITCOIN                -0.02        -0.01  -0.09   -0.02 -0.10  0.25     1.00  0.37  0.31      0.32    0.19     0.47   0.18  0.14    -0.09        0.05        0.01     0.14  0.04  0.13    0.09  -0.12  0.17  0.05         0.13 -0.01
DAX                    -0.05        -0.03  -0.10    0.12 -0.13  0.67     0.37  1.00  0.80      0.73    0.33     0.49   0.37  0.27     0.24        0.24       -0.04     0.11  0.23  0.19    0.27   0.12  0.35 -0.03         0.18 -0.08
MIB                     0.15        -0.09  -0.08    0.04  0.01  0.75     0.31  0.80  1.00      0.72    0.39     0.51   0.45  0.29     0.24        0.25       -0.06     0.17  0.24  0.14    0.28   0.20  0.27 -0.10         0.18  0.02
MSCIEAFA               -0.04        -0.19  -0.01    0.10 -0.56  0.63     0.32  0.73  0.72      1.00    0.50     0.57   0.52  0.53     0.25        0.38        0.24     0.26  0.52  0.37    0.42   0.25  0.70  0.32         0.48  0.09
NIKKEI                  0.09        -0.22  -0.06    0.33 -0.03  0.44     0.19  0.33  0.39      0.50    1.00     0.47   0.92  0.09     0.02        0.31       -0.01     0.02  0.14  0.20    0.25   0.01  0.18 -0.25         0.09  0.06
RUSSELL                 0.17        -0.13  -0.06   -0.04 -0.07  0.58     0.47  0.49  0.51      0.57    0.47     1.00   0.43  0.35     0.08        0.23       -0.02     0.28  0.21  0.17    0.26   0.10  0.24 -0.00         0.16  0.09
TOPIX                   0.08        -0.22  -0.03    0.32  0.01  0.39     0.18  0.37  0.45      0.52    0.92     0.43   1.00  0.07     0.16        0.32        0.02     0.07  0.14  0.19    0.31   0.01  0.17 -0.26         0.03  0.01
BRE                     0.11         0.26   0.23    0.06 -0.44  0.28     0.14  0.27  0.29      0.53    0.09     0.35   0.07  1.00     0.14        0.26        0.20     0.12  0.59  0.23    0.23   0.27  0.47  0.25         0.25  0.07
FEEDCOW                 0.15         0.11   0.02    0.10 -0.02  0.16    -0.09  0.24  0.24      0.25    0.02     0.08   0.16  0.14     1.00        0.16        0.27     0.19  0.29  0.20    0.22  -0.10  0.07 -0.03         0.15 -0.01
FTSECHINAA              0.10         0.01   0.09    0.08 -0.14  0.31     0.05  0.24  0.25      0.38    0.31     0.23   0.32  0.26     0.16        1.00        0.17     0.17  0.33  0.26    0.32   0.03  0.26  0.02         0.15 -0.02
GOLD_micro              0.06         0.05   0.26   -0.04 -0.39 -0.06     0.01 -0.04 -0.06      0.24   -0.01    -0.02   0.02  0.20     0.27        0.17        1.00     0.33  0.29  0.42    0.60   0.03  0.35  0.41         0.28  0.22
LEANHOG                 0.27        -0.07   0.11   -0.06 -0.15  0.23     0.14  0.11  0.17      0.26    0.02     0.28   0.07  0.12     0.19        0.17        0.33     1.00  0.22  0.26    0.35   0.06  0.19  0.16         0.24  0.06
MXP                     0.08         0.01   0.16    0.18 -0.45  0.23     0.04  0.23  0.24      0.52    0.14     0.21   0.14  0.59     0.29        0.33        0.29     0.22  1.00  0.35    0.29   0.14  0.47  0.25         0.31  0.13
PLAT                   -0.02        -0.05  -0.04    0.21 -0.29  0.16     0.13  0.19  0.14      0.37    0.20     0.17   0.19  0.23     0.20        0.26        0.42     0.26  0.35  1.00    0.67  -0.19  0.31  0.10         0.22 -0.03
SILVER                  0.15        -0.00   0.20    0.15 -0.20  0.26     0.09  0.27  0.28      0.42    0.25     0.26   0.31  0.23     0.22        0.32        0.60     0.35  0.29  0.67    1.00  -0.08  0.28  0.10         0.14 -0.08
CAD10                  -0.14        -0.09  -0.06   -0.44 -0.16  0.20    -0.12  0.12  0.20      0.25    0.01     0.10   0.01  0.27    -0.10        0.03        0.03     0.06  0.14 -0.19   -0.08   1.00  0.26  0.36         0.07  0.57
GBP                    -0.33        -0.18  -0.04    0.05 -0.85  0.15     0.17  0.35  0.27      0.70    0.18     0.24   0.17  0.47     0.07        0.26        0.35     0.19  0.47  0.31    0.28   0.26  1.00  0.63         0.60  0.07
JPY                    -0.34        -0.18   0.12   -0.58 -0.76 -0.16     0.05 -0.03 -0.10      0.32   -0.25    -0.00  -0.26  0.25    -0.03        0.02        0.41     0.16  0.25  0.10    0.10   0.36  0.63  1.00         0.51  0.26
KRWUSD_mini            -0.18        -0.13  -0.05   -0.06 -0.62  0.18     0.13  0.18  0.18      0.48    0.09     0.16   0.03  0.25     0.15        0.15        0.28     0.24  0.31  0.22    0.14   0.07  0.60  0.51         1.00  0.19
OAT                    -0.06        -0.23  -0.13   -0.40 -0.06  0.04    -0.01 -0.08  0.02      0.09    0.06     0.09   0.01  0.07    -0.01       -0.02        0.22     0.06  0.13 -0.03   -0.08   0.57  0.07  0.26         0.19  1.00


********************************************************************************
                                 END OF REPORT                                  
********************************************************************************


