
********************************************************************************
                    Risk report produced on 22/07/2025 22:53                    
********************************************************************************


Total risk across all strategies, annualised percentage 14.7
Percentage of capital used for margin 44.1%

========================================
Risk per strategy, annualised percentage
========================================

                  risk
dynamic_TF_carry  14.7


===================
Risk by asset class
===================

Ags       3.6
Bond      2.1
Equity    8.6
FX        4.0
Metals    3.3
OilGas    3.1
dtype: float64


=====================================================
Beta loadings of asset class positions on asset class
=====================================================

Bond     -0.10
OilGas   -0.07
Metals    0.10
FX        0.18
Ags       0.19
Equity    0.58
dtype: float64


========================================================
Beta loadings of full portfolio positions on asset class
========================================================

Bond     -0.55
OilGas   -0.00
Metals    0.29
Ags       0.53
Equity    0.85
FX        1.47
dtype: float64


===================================================================================================================================================================================================================================================================
                                                                                                                          Instrument risk                                                                                                                          
===================================================================================================================================================================================================================================================================

               daily_price_stdev  annual_price_stdev     price  daily_perc_stdev  annual_perc_stdev  point_size_base  contract_exposure  daily_risk_per_contract  annual_risk_per_contract  position  capital  exposure_held_perc_capital  annual_risk_perc_capital
JPY                        0.000               0.001      0.01              0.62               10.0        9278090.3              63383                      394                      6315        -3   560108                       -33.9                      -3.4
GAS-PEN                    0.119               1.912      3.32              3.59               57.5           7422.5              24672                      886                     14188        -1   560108                        -4.4                      -2.5
CAD10                      0.446               7.134    119.97              0.37                5.9            542.1              65034                      241                      3867        -2   560108                       -23.2                      -1.4
DOW                      335.273            5364.360  44629.00              0.75               12.0              0.4              16562                      124                      1990        -3   560108                        -8.9                      -1.1
US10U                      0.445               7.118    112.98              0.39                6.3            742.2              83862                      330                      5282        -1   560108                       -15.0                      -0.9
WHEAT                      8.650             138.398    562.50              1.54               24.6             37.1              20875                      321                      5136        -1   560108                        -3.7                      -0.9
DX                         0.396               6.333     97.59              0.41                6.5            742.2              72435                      293                      4700        -1   560108                       -12.9                      -0.8
RICE                       0.163               2.611     12.32              1.33               21.2           1484.5              18281                      242                      3876        -1   560108                        -3.3                      -0.7
GAS_US_mini                0.121               1.937      3.34              3.63               58.1           1855.6               6188                      224                      3595        -1   560108                        -1.1                      -0.6
KRWUSD_mini                0.004               0.071      0.72              0.62                9.9          18556.2              13401                       82                      1325        -2   560108                        -4.8                      -0.5
MUMMY                     10.054             160.870    731.00              1.38               22.0              5.0               3671                       50                       808         1   560108                         0.7                       0.1
KOSDAQ                    18.681             298.898   1368.80              1.36               21.8              5.3               7307                       99                      1595         1   560108                         1.3                       0.3
CRUDE_W_micro              1.350              21.598     64.89              2.08               33.3             74.2               4816                      100                      1603         1   560108                         0.9                       0.3
MXP                        0.000               0.004      0.05              0.52                8.3         371123.6              19758                      102                      1632         1   560108                         3.5                       0.3
CAD                        0.002               0.040      0.73              0.34                5.4          74224.7              54391                      185                      2962         1   560108                         9.7                       0.5
RUSSELL                   26.183             418.922   2250.00              1.16               18.6              3.7               8350                       97                      1554         2   560108                         3.0                       0.6
CANOLA                    11.436             182.984    691.00              1.66               26.5             10.8               7491                      123                      1983         2   560108                         2.7                       0.7
GBP                        0.006               0.091      1.35              0.42                6.8          46390.5              62617                      264                      4237         1   560108                        11.2                       0.8
NASDAQ_micro             192.534            3080.546  23383.50              0.82               13.2              1.5              34712                      285                      4573         1   560108                         6.2                       0.8
LEANHOG                    1.250              20.003     90.92              1.37               22.0            296.9              26995                      371                      5938         1   560108                         4.8                       1.1
YENEUR                     0.732              11.715    171.83              0.43                6.8            627.8             107883                      459                      7355         1   560108                        19.3                       1.3
BTP                        0.416               6.656    121.18              0.34                5.5            867.5             105118                      360                      5773         2   560108                        37.5                       2.1
FEEDCOW                    2.945              47.118    327.82              0.90               14.4            371.1             121663                     1092                     17486         1   560108                        21.7                       3.1
PLAT                      31.080             497.279   1494.70              2.08               33.3             37.1              55471                     1153                     18455         1   560108                         9.9                       3.3
MIB                      334.807            5356.904  40250.00              0.83               13.3              4.3             174575                     1452                     23234         1   560108                        31.2                       4.1
MSCIEAFA                  21.768             348.295   2658.40              0.82               13.1             37.1              98659                      807                     12926         2   560108                        35.2                       4.6

Sum of abs(notional exposure % capital) 310.0
Sum of abs(annualised risk % capital) 36.8
Net sum of annualised risk % capital 11.2 

==================================================================================================================================================================================================================================
                                                                                                           Correlations                                                                                                           
==================================================================================================================================================================================================================================

               CANOLA  GAS-PEN  GAS_US_mini  WHEAT    DX   BTP   CAD  CAD10   GBP   JPY  KRWUSD_mini  US10U   DOW  FEEDCOW  KOSDAQ   MIB  MSCIEAFA   MXP  NASDAQ_micro  PLAT  RUSSELL  CRUDE_W_micro  LEANHOG  MUMMY  RICE  YENEUR
CANOLA           1.00     0.14         0.13   0.24 -0.07  0.04  0.17  -0.13  0.01 -0.05        -0.06  -0.16 -0.06    -0.15    0.01 -0.08     -0.08  0.07          0.04 -0.03    -0.05           0.21     0.14  -0.11 -0.16    0.10
GAS-PEN          0.14     1.00         0.96   0.27  0.21 -0.23  0.03  -0.06 -0.18 -0.19        -0.13   0.09 -0.10     0.06   -0.05 -0.05     -0.14  0.01          0.02 -0.10    -0.15           0.24    -0.17  -0.04 -0.02    0.03
GAS_US_mini      0.13     0.96         1.00   0.28  0.23 -0.25 -0.00  -0.08 -0.20 -0.20        -0.11   0.07 -0.13     0.10   -0.08 -0.00     -0.12  0.03         -0.02 -0.11    -0.14           0.32    -0.11  -0.03  0.01    0.03
WHEAT            0.24     0.27         0.28   1.00  0.04 -0.16  0.13  -0.03 -0.09  0.09        -0.10  -0.12 -0.17    -0.03   -0.04 -0.06     -0.05  0.11         -0.09 -0.13    -0.06           0.40     0.07   0.01  0.11   -0.14
DX              -0.07     0.21         0.23   0.04  1.00 -0.05 -0.68  -0.21 -0.80 -0.70        -0.51  -0.34  0.07     0.03   -0.01  0.04     -0.42 -0.36          0.10 -0.27     0.07           0.30    -0.08   0.11  0.01   -0.02
BTP              0.04    -0.23        -0.25  -0.16 -0.05  1.00  0.07   0.55  0.07  0.23         0.26   0.46  0.19     0.11    0.23  0.15      0.19  0.14          0.05  0.07     0.20          -0.02     0.08   0.09  0.07   -0.35
CAD              0.17     0.03        -0.00   0.13 -0.68  0.07  1.00   0.04  0.57  0.43         0.40   0.20  0.07     0.00    0.06  0.04      0.34  0.34          0.08  0.20     0.08          -0.06     0.09   0.06 -0.01    0.08
CAD10           -0.13    -0.06        -0.08  -0.03 -0.21  0.55  0.04   1.00  0.27  0.40         0.11   0.81  0.11    -0.04   -0.02  0.24      0.31  0.11         -0.07 -0.15     0.09          -0.11     0.03   0.09 -0.11   -0.45
GBP              0.01    -0.18        -0.20  -0.09 -0.80  0.07  0.57   0.27  1.00  0.51         0.52   0.38  0.07     0.12    0.07  0.31      0.63  0.40          0.08  0.35     0.12          -0.19     0.15   0.17 -0.01    0.07
JPY             -0.05    -0.19        -0.20   0.09 -0.70  0.23  0.43   0.40  0.51  1.00         0.43   0.47 -0.18    -0.16   -0.03 -0.12      0.15  0.11         -0.30  0.02    -0.11          -0.23     0.07  -0.14  0.08   -0.66
KRWUSD_mini     -0.06    -0.13        -0.11  -0.10 -0.51  0.26  0.40   0.11  0.52  0.43         1.00   0.22  0.05     0.24    0.24  0.22      0.41  0.24          0.01  0.26     0.07          -0.13     0.24   0.16  0.28   -0.08
US10U           -0.16     0.09         0.07  -0.12 -0.34  0.46  0.20   0.81  0.38  0.47         0.22   1.00  0.12     0.11    0.06  0.20      0.35  0.19         -0.09  0.03     0.11          -0.08     0.08   0.10 -0.08   -0.41
DOW             -0.06    -0.10        -0.13  -0.17  0.07  0.19  0.07   0.11  0.07 -0.18         0.05   0.12  1.00     0.19    0.31  0.57      0.60  0.13          0.81  0.21     0.88           0.10     0.18   0.24 -0.12    0.04
FEEDCOW         -0.15     0.06         0.10  -0.03  0.03  0.11  0.00  -0.04  0.12 -0.16         0.24   0.11  0.19     1.00    0.23  0.34      0.36  0.31          0.07  0.23     0.24           0.30     0.16   0.29  0.10    0.17
KOSDAQ           0.01    -0.05        -0.08  -0.04 -0.01  0.23  0.06  -0.02  0.07 -0.03         0.24   0.06  0.31     0.23    1.00  0.25      0.37  0.17          0.34  0.29     0.32           0.19     0.06   0.30 -0.00    0.04
MIB             -0.08    -0.05        -0.00  -0.06  0.04  0.15  0.04   0.24  0.31 -0.12         0.22   0.20  0.57     0.34    0.25  1.00      0.78  0.29          0.49  0.19     0.57           0.18     0.25   0.40 -0.02    0.05
MSCIEAFA        -0.08    -0.14        -0.12  -0.05 -0.42  0.19  0.34   0.31  0.63  0.15         0.41   0.35  0.60     0.36    0.37  0.78      1.00  0.47          0.54  0.40     0.60           0.10     0.29   0.39 -0.07    0.10
MXP              0.07     0.01         0.03   0.11 -0.36  0.14  0.34   0.11  0.40  0.11         0.24   0.19  0.13     0.31    0.17  0.29      0.47  1.00          0.22  0.38     0.21           0.20     0.15   0.06 -0.06    0.21
NASDAQ_micro     0.04     0.02        -0.02  -0.09  0.10  0.05  0.08  -0.07  0.08 -0.30         0.01  -0.09  0.81     0.07    0.34  0.49      0.54  0.22          1.00  0.30     0.75           0.13     0.15   0.31 -0.06    0.18
PLAT            -0.03    -0.10        -0.11  -0.13 -0.27  0.07  0.20  -0.15  0.35  0.02         0.26   0.03  0.21     0.23    0.29  0.19      0.40  0.38          0.30  1.00     0.22           0.06     0.25   0.20  0.02    0.23
RUSSELL         -0.05    -0.15        -0.14  -0.06  0.07  0.20  0.08   0.09  0.12 -0.11         0.07   0.11  0.88     0.24    0.32  0.57      0.60  0.21          0.75  0.22     1.00           0.24     0.29   0.37  0.01   -0.05
CRUDE_W_micro    0.21     0.24         0.32   0.40  0.30 -0.02 -0.06  -0.11 -0.19 -0.23        -0.13  -0.08  0.10     0.30    0.19  0.18      0.10  0.20          0.13  0.06     0.24           1.00     0.36   0.23  0.20    0.05
LEANHOG          0.14    -0.17        -0.11   0.07 -0.08  0.08  0.09   0.03  0.15  0.07         0.24   0.08  0.18     0.16    0.06  0.25      0.29  0.15          0.15  0.25     0.29           0.36     1.00   0.35  0.15   -0.03
MUMMY           -0.11    -0.04        -0.03   0.01  0.11  0.09  0.06   0.09  0.17 -0.14         0.16   0.10  0.24     0.29    0.30  0.40      0.39  0.06          0.31  0.20     0.37           0.23     0.35   1.00  0.16    0.04
RICE            -0.16    -0.02         0.01   0.11  0.01  0.07 -0.01  -0.11 -0.01  0.08         0.28  -0.08 -0.12     0.10   -0.00 -0.02     -0.07 -0.06         -0.06  0.02     0.01           0.20     0.15   0.16  1.00   -0.09
YENEUR           0.10     0.03         0.03  -0.14 -0.02 -0.35  0.08  -0.45  0.07 -0.66        -0.08  -0.41  0.04     0.17    0.04  0.05      0.10  0.21          0.18  0.23    -0.05           0.05    -0.03   0.04 -0.09    1.00


********************************************************************************
                                 END OF REPORT                                  
********************************************************************************


