
********************************************************************************
                    Risk report produced on 08/01/2025 22:53                    
********************************************************************************


Total risk across all strategies, annualised percentage 11.0
Percentage of capital used for margin 68.4%

========================================
Risk per strategy, annualised percentage
========================================

                  risk
dynamic_TF_carry  11.0


===================
Risk by asset class
===================

Ags       0.7
Bond      4.5
Equity    2.2
FX        6.0
Metals    3.0
OilGas    0.5
Other     0.7
dtype: float64


=====================================================
Beta loadings of asset class positions on asset class
=====================================================

FX       -0.89
Bond     -0.35
Metals   -0.07
Ags      -0.04
OilGas    0.02
Other     0.03
Equity    0.17
dtype: float64


========================================================
Beta loadings of full portfolio positions on asset class
========================================================

FX       -1.44
Bond     -0.64
Metals   -0.08
Ags      -0.03
Other    -0.00
OilGas    0.04
Equity    0.19
dtype: float64


===================================================================================================================================================================================================================================================================
                                                                                                                          Instrument risk                                                                                                                          
===================================================================================================================================================================================================================================================================

               daily_price_stdev  annual_price_stdev     price  daily_perc_stdev  annual_perc_stdev  point_size_base  contract_exposure  daily_risk_per_contract  annual_risk_per_contract  position  capital  exposure_held_perc_capital  annual_risk_perc_capital
CHF                        0.005               0.079      1.11              0.45                7.2         101361.5             112039                      503                      8053        -3   579119                       -58.0                      -4.2
COPPER                     0.052               0.837      4.27              1.22               19.6          20272.3              86552                     1059                     16959        -1   579119                       -14.9                      -2.9
BUXL                       1.075              17.200    128.04              0.84               13.4            834.7             106881                      897                     14357        -1   579119                       -18.5                      -2.5
US30                       1.005              16.080    116.28              0.86               13.8            810.9              94291                      814                     13039        -1   579119                       -16.3                      -2.3
JPY                        0.000               0.001      0.01              0.62                9.9       10136148.8              64481                      399                      6396        -2   579119                       -22.3                      -2.2
RUSSELL                   28.087             449.395   2250.30              1.25               20.0              4.1               9123                      113                      1822        -3   579119                        -4.7                      -0.9
SUGAR11                    0.265               4.239     17.93              1.48               23.6            908.2              16284                      240                      3849        -1   579119                        -2.8                      -0.7
CAD                        0.002               0.039      0.70              0.35                5.5          81089.2              56507                      195                      3127        -1   579119                        -9.8                      -0.5
BRE                        0.001               0.023      0.16              0.90               14.4          81089.2              13213                      118                      1902        -1   579119                        -2.3                      -0.3
CANOLA                     8.486             135.774    628.10              1.35               21.6             11.3               7074                       95                      1529        -1   579119                        -1.2                      -0.3
TOPIX                     26.528             424.442   2758.75              0.96               15.4              5.1              14128                      135                      2173         1   579119                         2.4                       0.4
MSCISING                   2.579              41.268    383.80              0.67               10.8             59.2              22721                      152                      2443         1   579119                         3.9                       0.4
CRUDE_W_micro              1.016              16.263     72.27              1.41               22.5             81.1               5860                       82                      1318         2   579119                         2.0                       0.5
NIKKEI                   410.893            6574.295  39850.00              1.03               16.5              0.5              20409                      210                      3367         1   579119                         3.5                       0.6
BITCOIN                 2888.279           46212.456  94385.00              3.06               49.0              0.1               7653                      234                      3747         1   579119                         1.3                       0.6
DAX                      144.247            2307.947  20456.00              0.71               11.3              0.8              17075                      120                      1926         2   579119                         5.9                       0.7
RUBBER                     3.137              50.191    185.80              1.69               27.0             40.5               7533                      127                      2034         2   579119                         2.6                       0.7
EUROSTX                   45.168             722.683   5006.00              0.90               14.4              8.3              41787                      377                      6032         1   579119                         7.2                       1.0

Sum of abs(notional exposure % capital) 179.6
Sum of abs(annualised risk % capital) 21.7
Net sum of annualised risk % capital -11.9 

===========================================================================================================================================================
                                                                       Correlations                                                                        
===========================================================================================================================================================

               BUXL   CHF   JPY  US30  NIKKEI  TOPIX  BITCOIN   DAX  EUROSTX  MSCISING  RUSSELL   BRE   CAD  COPPER  RUBBER  CANOLA  CRUDE_W_micro  SUGAR11
BUXL           1.00  0.33  0.62  0.77   -0.36  -0.37    -0.05 -0.06    -0.18     -0.10     0.11  0.04  0.20   -0.04    0.09   -0.35          -0.23    -0.12
CHF            0.33  1.00  0.64  0.54   -0.53  -0.56    -0.35 -0.23    -0.16     -0.35    -0.20 -0.02  0.33    0.14    0.12   -0.07          -0.17     0.05
JPY            0.62  0.64  1.00  0.70   -0.62  -0.63    -0.12 -0.21    -0.29     -0.26    -0.02 -0.10  0.20    0.03    0.26   -0.30          -0.26    -0.08
US30           0.77  0.54  0.70  1.00   -0.38  -0.43    -0.16 -0.01    -0.06     -0.07     0.19  0.16  0.37    0.02    0.24   -0.29          -0.26    -0.03
NIKKEI        -0.36 -0.53 -0.62 -0.38    1.00   0.97     0.33  0.65     0.64      0.61     0.48  0.33  0.11    0.21    0.09    0.20           0.28     0.28
TOPIX         -0.37 -0.56 -0.63 -0.43    0.97   1.00     0.32  0.61     0.59      0.61     0.43  0.30  0.09    0.19    0.07    0.23           0.26     0.24
BITCOIN       -0.05 -0.35 -0.12 -0.16    0.33   0.32     1.00  0.33     0.23      0.42     0.55  0.16 -0.01   -0.05    0.06    0.09          -0.04     0.07
DAX           -0.06 -0.23 -0.21 -0.01    0.65   0.61     0.33  1.00     0.93      0.56     0.63  0.26  0.18    0.33    0.26    0.17          -0.12     0.22
EUROSTX       -0.18 -0.16 -0.29 -0.06    0.64   0.59     0.23  0.93     1.00      0.50     0.52  0.33  0.21    0.40    0.22    0.19          -0.03     0.24
MSCISING      -0.10 -0.35 -0.26 -0.07    0.61   0.61     0.42  0.56     0.50      1.00     0.60  0.40  0.20    0.28    0.08    0.01           0.03     0.29
RUSSELL        0.11 -0.20 -0.02  0.19    0.48   0.43     0.55  0.63     0.52      0.60     1.00  0.27  0.30    0.09    0.10   -0.02          -0.15     0.10
BRE            0.04 -0.02 -0.10  0.16    0.33   0.30     0.16  0.26     0.33      0.40     0.27  1.00  0.43    0.34    0.17   -0.02           0.13     0.11
CAD            0.20  0.33  0.20  0.37    0.11   0.09    -0.01  0.18     0.21      0.20     0.30  0.43  1.00    0.30    0.11   -0.02           0.09     0.17
COPPER        -0.04  0.14  0.03  0.02    0.21   0.19    -0.05  0.33     0.40      0.28     0.09  0.34  0.30    1.00    0.36    0.07           0.27     0.17
RUBBER         0.09  0.12  0.26  0.24    0.09   0.07     0.06  0.26     0.22      0.08     0.10  0.17  0.11    0.36    1.00    0.15           0.09     0.12
CANOLA        -0.35 -0.07 -0.30 -0.29    0.20   0.23     0.09  0.17     0.19      0.01    -0.02 -0.02 -0.02    0.07    0.15    1.00           0.09     0.11
CRUDE_W_micro -0.23 -0.17 -0.26 -0.26    0.28   0.26    -0.04 -0.12    -0.03      0.03    -0.15  0.13  0.09    0.27    0.09    0.09           1.00     0.18
SUGAR11       -0.12  0.05 -0.08 -0.03    0.28   0.24     0.07  0.22     0.24      0.29     0.10  0.11  0.17    0.17    0.12    0.11           0.18     1.00


********************************************************************************
                                 END OF REPORT                                  
********************************************************************************


