
********************************************************************************
                    Risk report produced on 04/12/2023 22:50                    
********************************************************************************


Total risk across all strategies, annualised percentage 7.8
Percentage of capital used for margin 56.4%

========================================
Risk per strategy, annualised percentage
========================================

                  risk
dynamic_TF_carry   7.8


===================
Risk by asset class
===================

Ags       2.5
Bond      1.5
Equity    1.5
FX        4.8
Metals    1.4
OilGas    4.1
Sector    1.7
Vol       1.7
dtype: float64


=====================================================
Beta loadings of asset class positions on asset class
=====================================================

Ags      -0.14
OilGas   -0.06
Vol      -0.04
Bond      0.03
Metals    0.05
Sector    0.08
Equity    0.10
FX        0.37
dtype: float64


========================================================
Beta loadings of full portfolio positions on asset class
========================================================

Bond     -0.37
Vol      -0.10
OilGas   -0.02
Ags      -0.00
Metals    0.05
Sector    0.16
Equity    0.25
FX        0.55
dtype: float64


===============================================================================================================================================================================================================================================================
                                                                                                                        Instrument risk                                                                                                                        
===============================================================================================================================================================================================================================================================

           daily_price_stdev  annual_price_stdev     price  daily_perc_stdev  annual_perc_stdev  point_size_base  contract_exposure  daily_risk_per_contract  annual_risk_per_contract  position  capital  exposure_held_perc_capital  annual_risk_perc_capital
GAS-PEN                0.118               1.887      2.77              4.25               68.1           7894.7              21891                      931                     14898        -1   366003                        -6.0                      -4.1
LIVECOW                1.797              28.747    166.85              1.08               17.2            315.8              52689                      567                      9078        -1   366003                       -14.4                      -2.5
JPY                    0.000               0.001      0.01              0.61                9.7        9868356.1              67144                      406                      6506        -1   366003                       -18.3                      -1.8
VIX                    0.488               7.815     16.45              2.97               47.5            789.5              12986                      385                      6169        -1   366003                        -3.5                      -1.7
US2                    0.163               2.609    102.35              0.16                2.5           1578.9             161600                      257                      4119        -1   366003                       -44.2                      -1.1
EUR_micro              0.005               0.086      1.09              0.49                7.9           9868.4              10736                       52                       847        -3   366003                        -8.8                      -0.7
IRON                   2.218              35.486    127.30              1.74               27.9             78.9              10049                      175                      2801         1   366003                         2.7                       0.8
CNH                    0.019               0.310      7.12              0.27                4.4          11056.9              78698                      214                      3428         1   366003                        21.5                       0.9
BITCOIN             1060.125           16962.000  42275.00              2.51               40.1              0.1               3337                       83                      1339         3   366003                         2.7                       1.1
KR10                   0.556               8.890    111.39              0.50                8.0            607.3              67646                      337                      5399         1   366003                        18.5                       1.5
NIKKEI               317.199            5075.185  33080.00              0.96               15.3              0.5              17773                      170                      2726         2   366003                         9.7                       1.5
MXP                    0.000               0.007      0.06              0.76               12.1         394734.2              22519                      170                      2726         2   366003                        12.3                       1.5
EU-OIL                 4.527              72.436    355.00              1.28               20.4             42.9              15232                      194                      3108         2   366003                         8.3                       1.7
YENEUR                 0.835              13.366    159.31              0.52                8.4            671.6             106995                      561                      8976         1   366003                        29.2                       2.5

Sum of abs(notional exposure % capital) 200.1
Sum of abs(annualised risk % capital) 23.4
Net sum of annualised risk % capital -0.4 

=================================================================================================================
                                                  Correlations                                                   
=================================================================================================================

            CNH   VIX  EU-OIL  GAS-PEN  LIVECOW   MXP  NIKKEI  YENEUR  BITCOIN  EUR_micro  IRON   JPY  KR10   US2
CNH        1.00  0.13   -0.09     0.07     0.15 -0.10   -0.02    0.14    -0.11      -0.55 -0.30 -0.59 -0.43 -0.42
VIX        0.13  1.00   -0.34    -0.25    -0.29 -0.66   -0.55   -0.36    -0.09      -0.39 -0.25 -0.00 -0.21  0.23
EU-OIL    -0.09 -0.34    1.00     0.32     0.33  0.25    0.53    0.14     0.01       0.09  0.08 -0.04 -0.08 -0.31
GAS-PEN    0.07 -0.25    0.32     1.00     0.24  0.06    0.21    0.25     0.11       0.08 -0.04 -0.17 -0.00 -0.06
LIVECOW    0.15 -0.29    0.33     0.24     1.00  0.20    0.33    0.13    -0.14       0.03  0.04 -0.10 -0.09 -0.16
MXP       -0.10 -0.66    0.25     0.06     0.20  1.00    0.41    0.34     0.07       0.43  0.26  0.05  0.17 -0.15
NIKKEI    -0.02 -0.55    0.53     0.21     0.33  0.41    1.00    0.48     0.01       0.19  0.20 -0.27  0.20 -0.35
YENEUR     0.14 -0.36    0.14     0.25     0.13  0.34    0.48    1.00     0.19       0.34 -0.02 -0.61  0.11 -0.23
BITCOIN   -0.11 -0.09    0.01     0.11    -0.14  0.07    0.01    0.19     1.00       0.31  0.07  0.09  0.14  0.15
EUR_micro -0.55 -0.39    0.09     0.08     0.03  0.43    0.19    0.34     0.31       1.00  0.13  0.54  0.41  0.38
IRON      -0.30 -0.25    0.08    -0.04     0.04  0.26    0.20   -0.02     0.07       0.13  1.00  0.12  0.13  0.04
JPY       -0.59 -0.00   -0.04    -0.17    -0.10  0.05   -0.27   -0.61     0.09       0.54  0.12  1.00  0.27  0.52
KR10      -0.43 -0.21   -0.08    -0.00    -0.09  0.17    0.20    0.11     0.14       0.41  0.13  0.27  1.00  0.40
US2       -0.42  0.23   -0.31    -0.06    -0.16 -0.15   -0.35   -0.23     0.15       0.38  0.04  0.52  0.40  1.00


********************************************************************************
                                 END OF REPORT                                  
********************************************************************************


