
********************************************************************************
                    Risk report produced on 14/02/2024 22:51                    
********************************************************************************


Total risk across all strategies, annualised percentage 11.3
Percentage of capital used for margin 59.5%

========================================
Risk per strategy, annualised percentage
========================================

                  risk
dynamic_TF_carry  11.3


===================
Risk by asset class
===================

Ags       1.8
Bond      3.3
Equity    5.3
FX        5.7
Metals    1.4
OilGas    1.0
Sector    0.7
Vol       1.5
dtype: float64


=====================================================
Beta loadings of asset class positions on asset class
=====================================================

Bond     -0.98
FX       -0.17
Ags      -0.12
Vol      -0.03
OilGas   -0.01
Metals    0.02
Sector    0.04
Equity    0.47
dtype: float64


========================================================
Beta loadings of full portfolio positions on asset class
========================================================

Bond     -2.35
Vol      -0.17
Metals   -0.06
Ags      -0.05
OilGas    0.02
FX        0.23
Sector    0.25
Equity    0.74
dtype: float64


=================================================================================================================================================================================================================================================================
                                                                                                                         Instrument risk                                                                                                                         
=================================================================================================================================================================================================================================================================

             daily_price_stdev  annual_price_stdev     price  daily_perc_stdev  annual_perc_stdev  point_size_base  contract_exposure  daily_risk_per_contract  annual_risk_per_contract  position  capital  exposure_held_perc_capital  annual_risk_perc_capital
BOBL                     0.350               5.605    116.96              0.30                4.8            852.1              99661                      298                      4776        -2   381600                       -52.2                      -2.5
CHF                      0.006               0.092      1.13              0.51                8.1          99409.1             112620                      569                      9113        -1   381600                       -29.5                      -2.4
LEANHOG                  1.308              20.922     84.32              1.55               24.8            318.1              26824                      415                      6655        -1   381600                        -7.0                      -1.7
JPY                      0.000               0.001      0.01              0.62               10.0        9940911.2              66390                      414                      6629        -1   381600                       -17.4                      -1.7
VIX                      0.465               7.434     15.20              3.06               48.9            795.3              12088                      369                      5912        -1   381600                        -3.2                      -1.5
SILVER                   0.343               5.487     22.41              1.53               24.5            795.3              17822                      272                      4363        -1   381600                        -4.7                      -1.1
US2                      0.164               2.617    102.07              0.16                2.6           1590.5             162341                      260                      4162        -1   381600                       -42.5                      -1.1
GAS_US_mini              0.117               1.876      1.67              7.02              112.3           1988.2               3320                      233                      3728        -1   381600                        -0.9                      -1.0
CORN                     4.412              70.599    464.00              0.95               15.2             39.8              18450                      175                      2807        -1   381600                        -4.8                      -0.7
FTSECHINAA             153.578            2457.253  11507.00              1.33               21.4              0.8               9151                      122                      1954        -1   381600                        -2.4                      -0.5
EUR_micro                0.004               0.071      1.07              0.41                6.6           9940.9              10676                       43                       703        -2   381600                        -5.6                      -0.4
EU-OIL                   3.786              60.583    346.10              1.09               17.5             42.6              14745                      161                      2581         1   381600                         3.9                       0.7
IRON                     2.105              33.673    127.75              1.65               26.4             79.5              10159                      167                      2677         1   381600                         2.7                       0.7
CNH                      0.018               0.280      7.22              0.24                3.9          11003.9              79418                      192                      3084         1   381600                        20.8                       0.8
BITCOIN               1248.239           19971.822  52110.00              2.40               38.3              0.1               4144                       99                      1588         2   381600                         2.2                       0.8
MXP                      0.000               0.005      0.06              0.58                9.3         397636.4              23138                      134                      2159         2   381600                        12.1                       1.1
CAC                     57.860             925.764   7672.00              0.75               12.1              8.5              65373                      493                      7888         1   381600                        17.1                       2.1
R1000                   13.062             209.000   1642.90              0.80               12.7             39.8              65327                      519                      8310         1   381600                        17.1                       2.2
NIKKEI                 327.941            5247.056  37710.00              0.87               13.9              0.5              19935                      173                      2773         3   381600                        15.7                       2.2
YENEUR                   0.850              13.598    160.86              0.53                8.5            660.8             106296                      561                      8985         1   381600                        27.9                       2.4

Sum of abs(notional exposure % capital) 289.7
Sum of abs(annualised risk % capital) 27.6
Net sum of annualised risk % capital -1.6 

====================================================================================================================================================================
                                                                            Correlations                                                                            
====================================================================================================================================================================

              CNH  CORN  GAS_US_mini   VIX  BOBL   CHF  EUR_micro   JPY  SILVER   US2  NIKKEI  YENEUR  BITCOIN   CAC  EU-OIL  FTSECHINAA  IRON  LEANHOG   MXP  R1000
CNH          1.00  0.06         0.24  0.08 -0.33 -0.59      -0.57 -0.56   -0.51 -0.50   -0.05    0.15    -0.12 -0.29   -0.11       -0.48 -0.38    -0.16 -0.14  -0.31
CORN         0.06  1.00         0.11 -0.03  0.03 -0.04      -0.09 -0.00    0.03 -0.07   -0.09   -0.06    -0.03  0.01    0.12       -0.20  0.07    -0.11  0.03   0.04
GAS_US_mini  0.24  0.11         1.00 -0.01 -0.05  0.06      -0.04 -0.22   -0.06  0.08    0.14    0.14    -0.06 -0.12    0.11       -0.10 -0.18     0.14  0.02  -0.02
VIX          0.08 -0.03        -0.01  1.00  0.04  0.02      -0.14  0.05   -0.02  0.24   -0.56   -0.22     0.01 -0.56   -0.21       -0.26 -0.15    -0.13 -0.49  -0.67
BOBL        -0.33  0.03        -0.05  0.04  1.00  0.31       0.20  0.44    0.28  0.65   -0.16   -0.35     0.24  0.17   -0.04       -0.02  0.17     0.12 -0.11   0.26
CHF         -0.59 -0.04         0.06  0.02  0.31  1.00       0.76  0.55    0.52  0.55   -0.04   -0.03     0.08  0.23    0.12        0.14  0.21     0.12  0.21   0.30
EUR_micro   -0.57 -0.09        -0.04 -0.14  0.20  0.76       1.00  0.48    0.55  0.45    0.13    0.23     0.06  0.26    0.09        0.16  0.17     0.07  0.41   0.38
JPY         -0.56 -0.00        -0.22  0.05  0.44  0.55       0.48  1.00    0.45  0.56   -0.33   -0.72     0.04  0.11    0.06        0.11  0.23     0.05  0.13   0.19
SILVER      -0.51  0.03        -0.06 -0.02  0.28  0.52       0.55  0.45    1.00  0.35    0.05   -0.08     0.15  0.22    0.29        0.27  0.27     0.17  0.27   0.31
US2         -0.50 -0.07         0.08  0.24  0.65  0.55       0.45  0.56    0.35  1.00   -0.11   -0.31     0.09 -0.05   -0.07        0.02  0.05     0.15 -0.13   0.07
NIKKEI      -0.05 -0.09         0.14 -0.56 -0.16 -0.04       0.13 -0.33    0.05 -0.11    1.00    0.44     0.04  0.47    0.19        0.29  0.18     0.07  0.39   0.49
YENEUR       0.15 -0.06         0.14 -0.22 -0.35 -0.03       0.23 -0.72   -0.08 -0.31    0.44    1.00     0.00  0.11   -0.01        0.02 -0.10     0.00  0.15   0.10
BITCOIN     -0.12 -0.03        -0.06  0.01  0.24  0.08       0.06  0.04    0.15  0.09    0.04    0.00     1.00  0.21    0.10        0.10  0.19     0.02  0.04   0.24
CAC         -0.29  0.01        -0.12 -0.56  0.17  0.23       0.26  0.11    0.22 -0.05    0.47    0.11     0.21  1.00    0.50        0.37  0.37     0.16  0.44   0.77
EU-OIL      -0.11  0.12         0.11 -0.21 -0.04  0.12       0.09  0.06    0.29 -0.07    0.19   -0.01     0.10  0.50    1.00        0.31  0.31     0.14  0.34   0.45
FTSECHINAA  -0.48 -0.20        -0.10 -0.26 -0.02  0.14       0.16  0.11    0.27  0.02    0.29    0.02     0.10  0.37    0.31        1.00  0.39     0.20  0.19   0.24
IRON        -0.38  0.07        -0.18 -0.15  0.17  0.21       0.17  0.23    0.27  0.05    0.18   -0.10     0.19  0.37    0.31        0.39  1.00     0.10  0.22   0.25
LEANHOG     -0.16 -0.11         0.14 -0.13  0.12  0.12       0.07  0.05    0.17  0.15    0.07    0.00     0.02  0.16    0.14        0.20  0.10     1.00  0.01   0.25
MXP         -0.14  0.03         0.02 -0.49 -0.11  0.21       0.41  0.13    0.27 -0.13    0.39    0.15     0.04  0.44    0.34        0.19  0.22     0.01  1.00   0.45
R1000       -0.31  0.04        -0.02 -0.67  0.26  0.30       0.38  0.19    0.31  0.07    0.49    0.10     0.24  0.77    0.45        0.24  0.25     0.25  0.45   1.00


********************************************************************************
                                 END OF REPORT                                  
********************************************************************************


