
********************************************************************************
                    Risk report produced on 30/07/2025 22:53                    
********************************************************************************


Total risk across all strategies, annualised percentage 13.5
Percentage of capital used for margin 47.6%

========================================
Risk per strategy, annualised percentage
========================================

                  risk
dynamic_TF_carry  13.5


===================
Risk by asset class
===================

Ags       3.3
Bond      2.1
Equity    8.1
FX        4.4
Metals    2.8
OilGas    2.9
dtype: float64


=====================================================
Beta loadings of asset class positions on asset class
=====================================================

OilGas   -0.06
Bond     -0.03
Metals    0.05
Ags       0.19
FX        0.33
Equity    0.58
dtype: float64


========================================================
Beta loadings of full portfolio positions on asset class
========================================================

Bond     -0.73
OilGas   -0.03
Metals    0.26
Ags       0.47
Equity    0.75
FX        1.10
dtype: float64


===================================================================================================================================================================================================================================================================
                                                                                                                          Instrument risk                                                                                                                          
===================================================================================================================================================================================================================================================================

               daily_price_stdev  annual_price_stdev     price  daily_perc_stdev  annual_perc_stdev  point_size_base  contract_exposure  daily_risk_per_contract  annual_risk_per_contract  position  capital  exposure_held_perc_capital  annual_risk_perc_capital
DX                         0.450               7.195     98.66              0.46                7.3            749.1              73913                      336                      5390        -3   564941                       -39.3                      -2.9
GAS-PEN                    0.112               1.785      3.08              3.62               57.9           7491.4              23080                      835                     13368        -1   564941                        -4.1                      -2.4
JPY                        0.000               0.001      0.01              0.58                9.3        9364207.8              63423                      368                      5902        -2   564941                       -22.5                      -2.1
CAD10                      0.431               6.903    120.28              0.36                5.7            544.1              65441                      234                      3755        -2   564941                       -23.2                      -1.3
GOLD_micro                31.086             497.372   3353.80              0.93               14.8              7.5              25124                      232                      3725        -2   564941                        -8.9                      -1.3
US10U                      0.434               6.943    113.33              0.38                6.1            749.1              84898                      325                      5201        -1   564941                       -15.0                      -0.9
WHEAT                      8.044             128.706    549.75              1.46               23.4             37.5              20591                      301                      4820        -1   564941                        -3.6                      -0.9
KRWUSD_mini                0.004               0.071      0.72              0.61                9.8          18728.4              13557                       82                      1326        -3   564941                        -7.2                      -0.7
RICE                       0.157               2.515     12.38              1.27               20.3           1498.3              18541                      235                      3768        -1   564941                        -3.3                      -0.7
GAS_US_mini                0.111               1.776      3.16              3.51               56.2           1872.8               5918                      207                      3325        -1   564941                        -1.0                      -0.6
MUMMY                      9.731             155.701    744.00              1.31               20.9              5.1               3764                       49                       787         1   564941                         0.7                       0.1
KOSDAQ                    17.465             279.438   1358.00              1.29               20.6              5.4               7310                       94                      1504         1   564941                         1.3                       0.3
MXP                        0.000               0.005      0.05              0.56                8.9         374568.3              19885                      110                      1766         1   564941                         3.5                       0.3
CRUDE_W_micro              1.345              21.517     68.44              1.96               31.4             74.9               5127                      100                      1611         2   564941                         1.8                       0.6
MSCISING                   3.675              58.807    425.10              0.86               13.8             58.2              24742                      213                      3422         1   564941                         4.4                       0.6
CANOLA                    10.246             163.929    701.10              1.46               23.4             10.9               7629                      111                      1783         2   564941                         2.7                       0.6
LEANHOG                    1.185              18.960     88.52              1.34               21.4            299.7              26526                      355                      5681         1   564941                         4.7                       1.0
BTP                        0.437               6.999    120.78              0.36                5.8            865.3             104516                      378                      6056         1   564941                        18.5                       1.1
BUND                       0.439               7.032    129.68              0.34                5.4            865.3             112218                      380                      6084         1   564941                        19.9                       1.1
SPI200                    48.920             782.717   8723.00              0.56                9.0             12.2             106394                      596                      9546         1   564941                        18.8                       1.7
YENEUR                     0.744              11.897    171.09              0.43                7.0            632.5             108215                      470                      7525         2   564941                        38.3                       2.7
MSCIEAFA                  26.397             422.358   2663.20              0.99               15.9             37.5              99755                      988                     15820         1   564941                        17.7                       2.8
FEEDCOW                    2.749              43.989    337.30              0.82               13.0            374.6             126341                     1029                     16476         1   564941                        22.4                       2.9
PLAT                      28.116             449.860   1422.60              1.98               31.6             37.5              53286                     1053                     16850         1   564941                         9.4                       3.0
MIB                      329.475            5271.592  41445.00              0.79               12.7              4.3             179321                     1425                     22808         1   564941                        31.7                       4.0

Sum of abs(notional exposure % capital) 323.9
Sum of abs(annualised risk % capital) 36.6
Net sum of annualised risk % capital 9.0 

=============================================================================================================================================================================================================================
                                                                                                        Correlations                                                                                                         
=============================================================================================================================================================================================================================

               CANOLA  CRUDE_W_micro  RICE  WHEAT    DX  GAS-PEN  GAS_US_mini  YENEUR   BTP  BUND  CAD10   JPY  US10U   MIB  MSCIEAFA  MSCISING  MUMMY  SPI200  FEEDCOW  GOLD_micro  KOSDAQ  KRWUSD_mini  LEANHOG   MXP  PLAT
CANOLA           1.00           0.21 -0.16   0.24 -0.07     0.15         0.13    0.10  0.05  0.09  -0.13 -0.06  -0.16 -0.08     -0.08     -0.07  -0.11   -0.01    -0.15        0.10    0.01        -0.07     0.14  0.07 -0.03
CRUDE_W_micro    0.21           1.00  0.20   0.39  0.29     0.23         0.31    0.05 -0.02  0.02  -0.12 -0.23  -0.09  0.18      0.10      0.18   0.23    0.11     0.30        0.24    0.19        -0.13     0.36  0.20  0.05
RICE            -0.16           0.20  1.00   0.11  0.00    -0.03        -0.00   -0.09  0.07  0.09  -0.12  0.08  -0.08 -0.02     -0.06     -0.10   0.16   -0.09     0.10        0.14   -0.01         0.28     0.15 -0.06  0.01
WHEAT            0.24           0.39  0.11   1.00  0.03     0.24         0.25   -0.14 -0.17 -0.08  -0.04  0.10  -0.12 -0.06     -0.05     -0.09   0.01   -0.09    -0.03        0.23   -0.04        -0.09     0.07  0.12 -0.15
DX              -0.07           0.29  0.00   0.03  1.00     0.26         0.28   -0.02 -0.04  0.05  -0.21 -0.70  -0.34  0.02     -0.44      0.14   0.10    0.09     0.01       -0.35   -0.01        -0.54    -0.07 -0.37 -0.23
GAS-PEN          0.15           0.23 -0.03   0.24  0.26     1.00         0.96    0.03 -0.22 -0.12  -0.06 -0.22   0.06 -0.07     -0.18      0.10  -0.06   -0.10     0.04       -0.04   -0.04        -0.19    -0.17 -0.02 -0.06
GAS_US_mini      0.13           0.31 -0.00   0.25  0.28     0.96         1.00    0.03 -0.24 -0.16  -0.09 -0.23   0.05 -0.02     -0.16      0.14  -0.05   -0.14     0.08       -0.03   -0.07        -0.17    -0.11 -0.00 -0.07
YENEUR           0.10           0.05 -0.09  -0.14 -0.02     0.03         0.03    1.00 -0.35 -0.42  -0.46 -0.65  -0.41  0.05      0.10      0.07   0.04    0.02     0.17       -0.01    0.04        -0.07    -0.03  0.21  0.23
BTP              0.05          -0.02  0.07  -0.17 -0.04    -0.22        -0.24   -0.35  1.00  0.92   0.55  0.22   0.45  0.14      0.17      0.02   0.08    0.31     0.11        0.21    0.23         0.24     0.07  0.14  0.07
BUND             0.09           0.02  0.09  -0.08  0.05    -0.12        -0.16   -0.42  0.92  1.00   0.51  0.22   0.41 -0.11     -0.06     -0.17   0.06    0.21     0.04        0.22    0.17         0.14     0.01 -0.01 -0.03
CAD10           -0.13          -0.12 -0.12  -0.04 -0.21    -0.06        -0.09   -0.46  0.55  0.51   1.00  0.40   0.81  0.24      0.30      0.17   0.09    0.16    -0.05       -0.04   -0.02         0.11     0.02  0.11 -0.16
JPY             -0.06          -0.23  0.08   0.10 -0.70    -0.22        -0.23   -0.65  0.22  0.22   0.40  1.00   0.47 -0.11      0.17     -0.20  -0.13   -0.14    -0.15        0.32   -0.03         0.44     0.07  0.12 -0.00
US10U           -0.16          -0.09 -0.08  -0.12 -0.34     0.06         0.05   -0.41  0.45  0.41   0.81  0.47   1.00  0.20      0.35      0.19   0.10    0.12     0.12        0.00    0.05         0.23     0.08  0.20  0.02
MIB             -0.08           0.18 -0.02  -0.06  0.02    -0.07        -0.02    0.05  0.14 -0.11   0.24 -0.11   0.20  1.00      0.78      0.72   0.40    0.47     0.34        0.01    0.25         0.23     0.25  0.30  0.17
MSCIEAFA        -0.08           0.10 -0.06  -0.05 -0.44    -0.18        -0.16    0.10  0.17 -0.06   0.30  0.17   0.35  0.78      1.00      0.58   0.39    0.51     0.37        0.23    0.36         0.43     0.28  0.49  0.36
MSCISING        -0.07           0.18 -0.10  -0.09  0.14     0.10         0.14    0.07  0.02 -0.17   0.17 -0.20   0.19  0.72      0.58      1.00   0.40    0.52     0.29       -0.11    0.22         0.11     0.16  0.21  0.13
MUMMY           -0.11           0.23  0.16   0.01  0.10    -0.06        -0.05    0.04  0.08  0.06   0.09 -0.13   0.10  0.40      0.39      0.40   1.00    0.46     0.29        0.10    0.30         0.17     0.35  0.06  0.19
SPI200          -0.01           0.11 -0.09  -0.09  0.09    -0.10        -0.14    0.02  0.31  0.21   0.16 -0.14   0.12  0.47      0.51      0.52   0.46    1.00     0.22        0.12    0.40         0.16     0.32  0.09  0.29
FEEDCOW         -0.15           0.30  0.10  -0.03  0.01     0.04         0.08    0.17  0.11  0.04  -0.05 -0.15   0.12  0.34      0.37      0.29   0.29    0.22     1.00        0.17    0.23         0.24     0.16  0.31  0.22
GOLD_micro       0.10           0.24  0.14   0.23 -0.35    -0.04        -0.03   -0.01  0.21  0.22  -0.04  0.32   0.00  0.01      0.23     -0.11   0.10    0.12     0.17        1.00    0.22         0.27     0.20  0.20  0.33
KOSDAQ           0.01           0.19 -0.01  -0.04 -0.01    -0.04        -0.07    0.04  0.23  0.17  -0.02 -0.03   0.05  0.25      0.36      0.22   0.30    0.40     0.23        0.22    1.00         0.23     0.06  0.17  0.29
KRWUSD_mini     -0.07          -0.13  0.28  -0.09 -0.54    -0.19        -0.17   -0.07  0.24  0.14   0.11  0.44   0.23  0.23      0.43      0.11   0.17    0.16     0.24        0.27    0.23         1.00     0.23  0.27  0.22
LEANHOG          0.14           0.36  0.15   0.07 -0.07    -0.17        -0.11   -0.03  0.07  0.01   0.02  0.07   0.08  0.25      0.28      0.16   0.35    0.32     0.16        0.20    0.06         0.23     1.00  0.15  0.25
MXP              0.07           0.20 -0.06   0.12 -0.37    -0.02        -0.00    0.21  0.14 -0.01   0.11  0.12   0.20  0.30      0.49      0.21   0.06    0.09     0.31        0.20    0.17         0.27     0.15  1.00  0.35
PLAT            -0.03           0.05  0.01  -0.15 -0.23    -0.06        -0.07    0.23  0.07 -0.03  -0.16 -0.00   0.02  0.17      0.36      0.13   0.19    0.29     0.22        0.33    0.29         0.22     0.25  0.35  1.00


********************************************************************************
                                 END OF REPORT                                  
********************************************************************************


