
********************************************************************************
                    Risk report produced on 14/08/2025 22:53                    
********************************************************************************


Total risk across all strategies, annualised percentage 12.1
Percentage of capital used for margin 44.0%

========================================
Risk per strategy, annualised percentage
========================================

                  risk
dynamic_TF_carry  12.1


===================
Risk by asset class
===================

Ags       4.1
Bond      2.2
Equity    7.9
FX        2.3
Metals    1.0
OilGas    3.7
dtype: float64


=====================================================
Beta loadings of asset class positions on asset class
=====================================================

OilGas   -0.07
Metals    0.01
FX        0.07
Ags       0.18
Bond      0.52
Equity    0.68
dtype: float64


========================================================
Beta loadings of full portfolio positions on asset class
========================================================

OilGas   -0.08
Bond      0.03
Metals    0.12
Ags       0.30
FX        0.65
Equity    0.77
dtype: float64


===================================================================================================================================================================================================================================================================
                                                                                                                          Instrument risk                                                                                                                          
===================================================================================================================================================================================================================================================================

              daily_price_stdev  annual_price_stdev      price  daily_perc_stdev  annual_perc_stdev  point_size_base  contract_exposure  daily_risk_per_contract  annual_risk_per_contract  position  capital  exposure_held_perc_capital  annual_risk_perc_capital
GAS-PEN                   0.101               1.621       2.94              3.45               55.2           7363.9              21642                      746                     11937        -1   566496                        -3.8                      -2.1
GAS_US_mini               0.103               1.645       2.96              3.47               55.6           1841.0               5449                      189                      3027        -3   566496                        -2.9                      -1.6
DOW                     328.574            5257.189   44099.00              0.75               11.9              0.4              16237                      120                      1935        -4   566496                       -11.5                      -1.4
JPY                       0.000               0.001       0.01              0.67               10.7        9204882.3              62376                      418                      6690        -1   566496                       -11.0                      -1.2
COPPER-micro              0.176               2.815       4.51              3.90               62.5           1841.0               8296                      323                      5181        -1   566496                        -1.5                      -0.9
WHEAT                     7.271             116.329     535.25              1.36               21.7             36.8              19707                      267                      4283        -1   566496                        -3.5                      -0.8
RICE                      0.163               2.610      13.06              1.25               20.0           1472.8              19227                      240                      3844        -1   566496                        -3.4                      -0.7
DAX                     213.957            3423.315   24106.00              0.89               14.2              0.9              20773                      184                      2950        -1   566496                        -3.7                      -0.5
KRWUSD_mini               0.004               0.064       0.72              0.56                8.9          18409.8              13317                       74                      1186        -2   566496                        -4.7                      -0.4
MUMMY                     8.381             134.102     778.00              1.08               17.2              5.0               3911                       42                       674         1   566496                         0.7                       0.1
CANOLA                    9.796             156.729     681.80              1.44               23.0             10.7               7296                      104                      1677         1   566496                         1.3                       0.3
MXP                       0.000               0.005       0.05              0.55                8.8         368195.3              19646                      107                      1722         1   566496                         3.5                       0.3
KOSDAQ                   20.768             332.284    1375.00              1.51               24.2              5.3               7305                      110                      1765         1   566496                         1.3                       0.3
BITCOIN                2132.157           34114.519  120830.00              1.76               28.2              0.1               8897                      157                      2512         1   566496                         1.6                       0.4
KR10                      0.297               4.755     118.77              0.25                4.0            531.3              63103                      157                      2526         1   566496                        11.1                       0.4
NZD                       0.003               0.049       0.59              0.52                8.3          73639.1              43778                      226                      3627         1   566496                         7.7                       0.6
NIKKEI                  504.414            8070.623   42650.00              1.18               18.9              0.5              21444                      253                      4057         1   566496                         3.8                       0.7
HANG_mini               276.870            4429.912   25611.00              1.08               17.3              0.9              24030                      259                      4156         1   566496                         4.2                       0.7
MSCISING                  4.999              79.984     438.20              1.14               18.3             57.5              25215                      287                      4602         1   566496                         4.5                       0.8
LEANHOG                   1.137              18.195      91.62              1.24               19.9            294.6              26988                      334                      5359         1   566496                         4.8                       0.9
BTP                       0.400               6.398     120.93              0.33                5.3            861.8             104212                      344                      5513         1   566496                        18.4                       1.0
BUND                      0.401               6.412     129.62              0.31                4.9            861.8             111700                      345                      5525         1   566496                        19.7                       1.0
YENEUR                    0.799              12.788     171.75              0.47                7.4            628.5             107946                      502                      8037         1   566496                        19.1                       1.4
SPI200                   53.205             851.278    8825.00              0.60                9.6             12.1             106395                      641                     10263         1   566496                        18.8                       1.8
MSCIEAFA                 24.521             392.339    2685.30              0.91               14.6             36.8              98871                      902                     14445         1   566496                        17.5                       2.6
FEEDCOW                   3.740              59.839     340.62              1.10               17.6            368.2             125416                     1377                     22032         1   566496                        22.1                       3.9
MIB                     379.228            6067.651   41660.00              0.91               14.6              4.3             179504                     1634                     26144         1   566496                        31.7                       4.6

Sum of abs(notional exposure % capital) 237.8
Sum of abs(annualised risk % capital) 31.4
Net sum of annualised risk % capital 12.2 

=========================================================================================================================================================================================================================================
                                                                                                              Correlations                                                                                                               
=========================================================================================================================================================================================================================================

              COPPER-micro  FEEDCOW  HANG_mini  KOSDAQ  KRWUSD_mini  LEANHOG  MUMMY   MXP   NZD  BITCOIN   DAX   DOW   MIB  MSCIEAFA  MSCISING  NIKKEI  SPI200   BTP  BUND   JPY  KR10  RICE  CANOLA  GAS-PEN  GAS_US_mini  WHEAT  YENEUR
COPPER-micro          1.00     0.21       0.39    0.19         0.32     0.24   0.23  0.39  0.53     0.12  0.40  0.28  0.32      0.59      0.41    0.24    0.11 -0.08 -0.16  0.27 -0.13  0.20   -0.14     0.05         0.04   0.25    0.13
FEEDCOW               0.21     1.00       0.14    0.20         0.26     0.18   0.31  0.34  0.17    -0.02  0.30  0.16  0.34      0.39      0.25    0.17    0.24  0.13  0.07 -0.01  0.10  0.19   -0.16     0.04         0.07  -0.03    0.13
HANG_mini             0.39     0.14       1.00    0.35         0.35     0.09   0.21  0.23  0.41     0.05  0.33  0.25  0.21      0.50      0.21    0.35    0.27 -0.01 -0.07  0.21  0.01 -0.10    0.13    -0.02        -0.05   0.01    0.09
KOSDAQ                0.19     0.20       0.35    1.00         0.23     0.06   0.29  0.17  0.16    -0.02  0.20  0.31  0.24      0.34      0.23    0.45    0.39  0.22  0.16 -0.03  0.07 -0.01    0.01    -0.04        -0.07  -0.03    0.04
KRWUSD_mini           0.32     0.26       0.35    0.23         1.00     0.25   0.18  0.32  0.60     0.04  0.19  0.08  0.23      0.49      0.14    0.09    0.16  0.22  0.13  0.50  0.35  0.31   -0.07    -0.16        -0.15  -0.05   -0.05
LEANHOG               0.24     0.18       0.09    0.06         0.25     1.00   0.35  0.18  0.17     0.19  0.17  0.18  0.25      0.31      0.17    0.05    0.31  0.07  0.01  0.12 -0.05  0.17    0.14    -0.16        -0.10   0.09   -0.02
MUMMY                 0.23     0.31       0.21    0.29         0.18     0.35   1.00  0.08  0.19     0.11  0.31  0.23  0.40      0.38      0.39    0.43    0.47  0.09  0.07 -0.08 -0.02  0.19   -0.12    -0.05        -0.05   0.00    0.04
MXP                   0.39     0.34       0.23    0.17         0.32     0.18   0.08  1.00  0.44     0.01  0.27  0.16  0.29      0.54      0.23    0.15    0.10  0.14 -0.00  0.22  0.16  0.01    0.06    -0.00         0.01   0.14    0.21
NZD                   0.53     0.17       0.41    0.16         0.60     0.17   0.19  0.44  1.00     0.18  0.32  0.18  0.27      0.68      0.25    0.15    0.15  0.11  0.02  0.60  0.15  0.15    0.03    -0.13        -0.14   0.15   -0.03
BITCOIN               0.12    -0.02       0.05   -0.02         0.04     0.19   0.11  0.01  0.18     1.00  0.35  0.44  0.30      0.27      0.40    0.17    0.37  0.00 -0.10 -0.01 -0.16 -0.08    0.02    -0.05         0.01  -0.09   -0.02
DAX                   0.40     0.30       0.33    0.20         0.19     0.17   0.31  0.27  0.32     0.35  1.00  0.61  0.81      0.75      0.67    0.37    0.52  0.03 -0.20 -0.03 -0.00 -0.10   -0.09    -0.02        -0.01  -0.09    0.12
DOW                   0.28     0.16       0.25    0.31         0.08     0.18   0.23  0.16  0.18     0.44  0.61  1.00  0.55      0.58      0.51    0.50    0.69  0.18  0.00 -0.12  0.02 -0.12   -0.06    -0.09        -0.12  -0.14    0.05
MIB                   0.32     0.34       0.21    0.24         0.23     0.25   0.40  0.29  0.27     0.30  0.81  0.55  1.00      0.73      0.70    0.39    0.47  0.15 -0.11 -0.09  0.01 -0.01   -0.09    -0.07        -0.03  -0.06    0.04
MSCIEAFA              0.59     0.39       0.50    0.34         0.49     0.31   0.38  0.54  0.68     0.27  0.75  0.58  0.73      1.00      0.58    0.49    0.48  0.16 -0.05  0.30  0.10  0.02   -0.08    -0.15        -0.14   0.01    0.11
MSCISING              0.41     0.25       0.21    0.23         0.14     0.17   0.39  0.23  0.25     0.40  0.67  0.51  0.70      0.58      1.00    0.43    0.50  0.01 -0.18 -0.14 -0.12 -0.09   -0.07     0.10         0.15  -0.05    0.08
NIKKEI                0.24     0.17       0.35    0.45         0.09     0.05   0.43  0.15  0.15     0.17  0.37  0.50  0.39      0.49      0.43    1.00    0.54  0.11 -0.01 -0.29 -0.02 -0.08   -0.03    -0.15        -0.17  -0.06    0.35
SPI200                0.11     0.24       0.27    0.39         0.16     0.31   0.47  0.10  0.15     0.37  0.52  0.69  0.47      0.48      0.50    0.54    1.00  0.31  0.22 -0.11  0.12 -0.08   -0.02    -0.11        -0.14  -0.09    0.01
BTP                  -0.08     0.13      -0.01    0.22         0.22     0.07   0.09  0.14  0.11     0.00  0.03  0.18  0.15      0.16      0.01    0.11    0.31  1.00  0.92  0.22  0.51  0.08    0.04    -0.22        -0.24  -0.18   -0.35
BUND                 -0.16     0.07      -0.07    0.16         0.13     0.01   0.07 -0.00  0.02    -0.10 -0.20  0.00 -0.11     -0.05     -0.18   -0.01    0.22  0.92  1.00  0.22  0.49  0.10    0.08    -0.12        -0.16  -0.08   -0.42
JPY                   0.27    -0.01       0.21   -0.03         0.50     0.12  -0.08  0.22  0.60    -0.01 -0.03 -0.12 -0.09      0.30     -0.14   -0.29   -0.11  0.22  0.22  1.00  0.30  0.18   -0.07    -0.17        -0.19   0.13   -0.58
KR10                 -0.13     0.10       0.01    0.07         0.35    -0.05  -0.02  0.16  0.15    -0.16 -0.00  0.02  0.01      0.10     -0.12   -0.02    0.12  0.51  0.49  0.30  1.00  0.10   -0.17    -0.19        -0.24  -0.26   -0.32
RICE                  0.20     0.19      -0.10   -0.01         0.31     0.17   0.19  0.01  0.15    -0.08 -0.10 -0.12 -0.01      0.02     -0.09   -0.08   -0.08  0.08  0.10  0.18  0.10  1.00   -0.17    -0.02        -0.00   0.12   -0.09
CANOLA               -0.14    -0.16       0.13    0.01        -0.07     0.14  -0.12  0.06  0.03     0.02 -0.09 -0.06 -0.09     -0.08     -0.07   -0.03   -0.02  0.04  0.08 -0.07 -0.17 -0.17    1.00     0.15         0.14   0.24    0.10
GAS-PEN               0.05     0.04      -0.02   -0.04        -0.16    -0.16  -0.05 -0.00 -0.13    -0.05 -0.02 -0.09 -0.07     -0.15      0.10   -0.15   -0.11 -0.22 -0.12 -0.17 -0.19 -0.02    0.15     1.00         0.96   0.25    0.03
GAS_US_mini           0.04     0.07      -0.05   -0.07        -0.15    -0.10  -0.05  0.01 -0.14     0.01 -0.01 -0.12 -0.03     -0.14      0.15   -0.17   -0.14 -0.24 -0.16 -0.19 -0.24 -0.00    0.14     0.96         1.00   0.25    0.03
WHEAT                 0.25    -0.03       0.01   -0.03        -0.05     0.09   0.00  0.14  0.15    -0.09 -0.09 -0.14 -0.06      0.01     -0.05   -0.06   -0.09 -0.18 -0.08  0.13 -0.26  0.12    0.24     0.25         0.25   1.00   -0.12
YENEUR                0.13     0.13       0.09    0.04        -0.05    -0.02   0.04  0.21 -0.03    -0.02  0.12  0.05  0.04      0.11      0.08    0.35    0.01 -0.35 -0.42 -0.58 -0.32 -0.09    0.10     0.03         0.03  -0.12    1.00


********************************************************************************
                                 END OF REPORT                                  
********************************************************************************


