
********************************************************************************
                    Risk report produced on 09/10/2023 22:52                    
********************************************************************************


Total risk across all strategies, annualised percentage 18.3
Percentage of capital used for margin 59.7%

========================================
Risk per strategy, annualised percentage
========================================

                  risk
dynamic_TF_carry  18.3


===================
Risk by asset class
===================

Ags        3.6
Bond      10.7
Equity     3.4
FX         7.0
OilGas     1.0
Sector     3.3
Vol        2.0
dtype: float64


=====================================================
Beta loadings of asset class positions on asset class
=====================================================

Bond     -1.27
FX       -1.25
Equity   -0.22
Vol      -0.04
OilGas   -0.02
Sector    0.16
Ags       0.20
dtype: float64


========================================================
Beta loadings of full portfolio positions on asset class
========================================================

FX       -2.01
Bond     -1.72
Equity   -0.32
Vol      -0.03
OilGas   -0.01
Sector    0.15
Ags       0.24
dtype: float64


==================================================================================================================================================================================================================================================================
                                                                                                                         Instrument risk                                                                                                                          
==================================================================================================================================================================================================================================================================

              daily_price_stdev  annual_price_stdev     price  daily_perc_stdev  annual_perc_stdev  point_size_base  contract_exposure  daily_risk_per_contract  annual_risk_per_contract  position  capital  exposure_held_perc_capital  annual_risk_perc_capital
US20                      1.040              16.639    112.00              0.93               14.9            819.4              91769                      852                     13633        -1   385890                       -23.8                      -3.5
US3                       0.220               3.512    103.38              0.21                3.4           1638.7             169417                      359                      5755        -2   385890                       -87.8                      -3.0
BUND                      0.773              12.373    129.23              0.60                9.6            864.8             111763                      668                     10700        -1   385890                       -29.0                      -2.8
BTP                       0.769              12.296    109.00              0.71               11.3            864.8              94268                      664                     10634        -1   385890                       -24.4                      -2.8
DAX                     132.367            2117.872  15223.00              0.87               13.9              0.9              13165                      114                      1831        -5   385890                       -17.1                      -2.4
CHF                       0.005               0.077      1.11              0.43                6.9         102421.2             113979                      495                      7921        -1   385890                       -29.5                      -2.1
VIX                       0.587               9.399     18.45              3.18               50.9            819.4              15117                      481                      7701        -1   385890                        -3.9                      -2.0
JPY                       0.000               0.001      0.01              0.52                8.3       10242123.8              69759                      359                      5758        -1   385890                       -18.1                      -1.5
AUD                       0.004               0.067      0.64              0.66               10.5          81937.0              52673                      345                      5522        -1   385890                       -13.6                      -1.4
NASDAQ_micro            185.378            2966.043  15183.25              1.22               19.5              1.6              24881                      303                      4860        -1   385890                        -6.4                      -1.3
GBP                       0.006               0.093      1.22              0.47                7.6          51210.6              62702                      296                      4743        -1   385890                       -16.2                      -1.2
NZD                       0.004               0.056      0.60              0.58                9.3          81937.0              49379                      288                      4609        -1   385890                       -12.8                      -1.2
RUSSELL                  20.475             327.603   1772.40              1.16               18.5              4.1               7261                       83                      1342        -3   385890                        -5.6                      -1.0
GAS_US_mini               0.118               1.893      3.64              3.26               52.1           2048.4               7446                      242                      3877        -1   385890                        -1.9                      -1.0
DOW                     252.095            4033.521  33795.00              0.75               11.9              0.4              13845                      103                      1652        -1   385890                        -3.6                      -0.4
SOYBEAN_mini             15.170             242.719   1264.00              1.20               19.2              8.2              10356                      124                      1988         1   385890                         2.7                       0.5
CNH                       0.019               0.299      7.30              0.26                4.1          11236.9              81998                      209                      3355         1   385890                        21.2                       0.9
LIVECOW                   1.337              21.387    185.35              0.72               11.5            327.7              60748                      438                      7009         1   385890                        15.7                       1.8
LEANHOG                   1.655              26.487     72.38              2.29               36.6            327.7              23720                      542                      8680         1   385890                         6.1                       2.2
NIKKEI                  340.225            5443.597  30990.00              1.10               17.6              0.5              17020                      186                      2989         3   385890                        13.2                       2.3
EU-OIL                    4.601              73.611    359.30              1.28               20.5             43.2              15536                      198                      3183         4   385890                        16.1                       3.3

Sum of abs(notional exposure % capital) 368.7
Sum of abs(annualised risk % capital) 38.6
Net sum of annualised risk % capital -16.6 

==============================================================================================================================================================================
                                                                                 Correlations                                                                                 
==============================================================================================================================================================================

               CNH   VIX  EU-OIL  GAS_US_mini  LEANHOG  LIVECOW  NIKKEI  SOYBEAN_mini   BTP  BUND   JPY  US20   US3   DAX   DOW  NASDAQ_micro  RUSSELL   AUD   CHF   GBP   NZD
CNH           1.00  0.22   -0.09         0.03     0.07     0.01   -0.12         -0.18 -0.35 -0.39 -0.51 -0.41 -0.48 -0.32 -0.29         -0.40    -0.34 -0.61 -0.47 -0.43 -0.59
VIX           0.22  1.00   -0.39        -0.18    -0.30    -0.43   -0.47         -0.26 -0.25 -0.17 -0.12 -0.28 -0.11 -0.54 -0.67         -0.62    -0.74 -0.46 -0.16 -0.27 -0.34
EU-OIL       -0.09 -0.39    1.00         0.16     0.32     0.32    0.46          0.21 -0.03 -0.15  0.01 -0.02 -0.05  0.50  0.44          0.13     0.45  0.29  0.08  0.13  0.19
GAS_US_mini   0.03 -0.18    0.16         1.00     0.09     0.02    0.25          0.05 -0.13 -0.10 -0.32 -0.07 -0.13  0.08  0.26          0.19     0.22  0.04 -0.12  0.02  0.02
LEANHOG       0.07 -0.30    0.32         0.09     1.00     0.41    0.21          0.19 -0.12 -0.21  0.00 -0.10 -0.18  0.30  0.32          0.16     0.35  0.22  0.02  0.08  0.17
LIVECOW       0.01 -0.43    0.32         0.02     0.41     1.00    0.26          0.14  0.03 -0.04 -0.07  0.08 -0.12  0.27  0.40          0.28     0.45  0.10 -0.01  0.03 -0.01
NIKKEI       -0.12 -0.47    0.46         0.25     0.21     0.26    1.00          0.17  0.21  0.08 -0.20  0.15 -0.07  0.64  0.53          0.55     0.52  0.35  0.14  0.20  0.24
SOYBEAN_mini -0.18 -0.26    0.21         0.05     0.19     0.14    0.17          1.00  0.09  0.02  0.12  0.21 -0.04  0.12  0.23          0.17     0.22  0.39  0.22  0.26  0.31
BTP          -0.35 -0.25   -0.03        -0.13    -0.12     0.03    0.21          0.09  1.00  0.92  0.49  0.70  0.57  0.47  0.34          0.41     0.26  0.33  0.44  0.46  0.34
BUND         -0.39 -0.17   -0.15        -0.10    -0.21    -0.04    0.08          0.02  0.92  1.00  0.47  0.73  0.67  0.33  0.27          0.39     0.20  0.27  0.37  0.39  0.29
JPY          -0.51 -0.12    0.01        -0.32     0.00    -0.07   -0.20          0.12  0.49  0.47  1.00  0.52  0.63  0.31  0.18          0.27     0.19  0.57  0.67  0.60  0.59
US20         -0.41 -0.28   -0.02        -0.07    -0.10     0.08    0.15          0.21  0.70  0.73  0.52  1.00  0.76  0.37  0.33          0.45     0.28  0.40  0.53  0.50  0.41
US3          -0.48 -0.11   -0.05        -0.13    -0.18    -0.12   -0.07         -0.04  0.57  0.67  0.63  0.76  1.00  0.25  0.25          0.38     0.22  0.43  0.57  0.56  0.51
DAX          -0.32 -0.54    0.50         0.08     0.30     0.27    0.64          0.12  0.47  0.33  0.31  0.37  0.25  1.00  0.69          0.61     0.67  0.54  0.42  0.47  0.46
DOW          -0.29 -0.67    0.44         0.26     0.32     0.40    0.53          0.23  0.34  0.27  0.18  0.33  0.25  0.69  1.00          0.73     0.82  0.54  0.30  0.44  0.43
NASDAQ_micro -0.40 -0.62    0.13         0.19     0.16     0.28    0.55          0.17  0.41  0.39  0.27  0.45  0.38  0.61  0.73          1.00     0.72  0.58  0.39  0.51  0.52
RUSSELL      -0.34 -0.74    0.45         0.22     0.35     0.45    0.52          0.22  0.26  0.20  0.19  0.28  0.22  0.67  0.82          0.72     1.00  0.58  0.33  0.37  0.44
AUD          -0.61 -0.46    0.29         0.04     0.22     0.10    0.35          0.39  0.33  0.27  0.57  0.40  0.43  0.54  0.54          0.58     0.58  1.00  0.67  0.72  0.89
CHF          -0.47 -0.16    0.08        -0.12     0.02    -0.01    0.14          0.22  0.44  0.37  0.67  0.53  0.57  0.42  0.30          0.39     0.33  0.67  1.00  0.77  0.69
GBP          -0.43 -0.27    0.13         0.02     0.08     0.03    0.20          0.26  0.46  0.39  0.60  0.50  0.56  0.47  0.44          0.51     0.37  0.72  0.77  1.00  0.76
NZD          -0.59 -0.34    0.19         0.02     0.17    -0.01    0.24          0.31  0.34  0.29  0.59  0.41  0.51  0.46  0.43          0.52     0.44  0.89  0.69  0.76  1.00


********************************************************************************
                                 END OF REPORT                                  
********************************************************************************


