
********************************************************************************
                    Risk report produced on 15/01/2026 22:53                    
********************************************************************************


Total risk across all strategies, annualised percentage 19.4
Percentage of capital used for margin 42.8%

========================================
Risk per strategy, annualised percentage
========================================

                  risk
dynamic_TF_carry  19.3


===================
Risk by asset class
===================

Ags        1.7
Bond       1.4
Equity    15.5
FX         3.7
Metals     4.6
OilGas     2.6
dtype: float64


=====================================================
Beta loadings of asset class positions on asset class
=====================================================

Bond     -0.14
OilGas   -0.03
Metals    0.03
FX        0.04
Ags       0.04
Equity    1.44
dtype: float64


========================================================
Beta loadings of full portfolio positions on asset class
========================================================

Bond     -0.31
OilGas   -0.04
Metals    0.29
Ags       0.44
FX        1.25
Equity    1.55
dtype: float64


==================================================================================================================================================================================================================================================================
                                                                                                                         Instrument risk                                                                                                                          
==================================================================================================================================================================================================================================================================

              daily_price_stdev  annual_price_stdev     price  daily_perc_stdev  annual_perc_stdev  point_size_base  contract_exposure  daily_risk_per_contract  annual_risk_per_contract  position  capital  exposure_held_perc_capital  annual_risk_perc_capital
GAS-PEN                   0.149               2.376      2.62              5.67               90.8           7444.2              19481                     1105                     17688        -1   689836                        -2.8                      -2.6
BITCOIN                2398.334           38373.344  95635.00              2.51               40.1              0.1               7119                      178                      2856        -6   689836                        -6.2                      -2.5
BUXL                      0.697              11.151    111.74              0.62               10.0            866.1              96776                      603                      9657        -1   689836                       -14.0                      -1.4
JPY                       0.000               0.001      0.01              0.50                8.1        9305268.6              58986                      297                      4760        -2   689836                       -17.1                      -1.4
EUR_micro                 0.003               0.051      1.16              0.28                4.4           9305.3              10834                       29                       478       -11   689836                       -17.3                      -0.8
RICE                      0.177               2.833     10.58              1.67               26.8           1488.8              15751                      263                      4218        -1   689836                        -2.3                      -0.6
WHEAT                     5.407              86.509    566.50              0.95               15.3             37.2              21085                      201                      3219        -1   689836                        -3.1                      -0.5
KRWUSD_mini               0.004               0.065      0.68              0.59                9.5          18610.5              12642                       75                      1203        -2   689836                        -3.7                      -0.3
AUD_micro                 0.003               0.043      0.67              0.40                6.3           7444.2               4988                       19                       316         1   689836                         0.7                       0.0
MXP                       0.000               0.004      0.06              0.42                6.7         372210.7              20974                       88                      1414         2   689836                         6.1                       0.4
FTSECHINAA              126.744            2027.908  15248.00              0.83               13.3              0.7              11350                       94                      1509         2   689836                         3.3                       0.4
BRE                       0.001               0.018      0.19              0.60                9.7          74442.1              13816                       83                      1334         3   689836                         6.0                       0.6
NIKKEI                  659.458           10551.335  53935.00              1.22               19.6              0.5              25318                      309                      4953         1   689836                         3.7                       0.7
NASDAQ_micro            229.442            3671.080  25767.50              0.89               14.2              1.5              38363                      341                      5465         1   689836                         5.6                       0.8
RUSSELL                  25.963             415.402   2698.50              0.96               15.4              3.7              10044                       96                      1546         4   689836                         5.8                       0.9
GBP                       0.005               0.080      1.34              0.37                6.0          46526.3              62252                      231                      3705         2   689836                        18.0                       1.1
TOPIX                    34.107             545.709   3676.00              0.93               14.8              4.7              17256                      160                      2561         4   689836                        10.0                       1.5
SMI                      72.721            1163.539  13384.00              0.54                8.7              9.3             124391                      675                     10814         1   689836                        18.0                       1.6
LEANHOG                   1.139              18.226     95.00              1.20               19.2            297.8              28288                      339                      5427         2   689836                         8.2                       1.6
YENEUR                    0.733              11.723    183.71              0.40                6.4            586.8             107798                      429                      6879         2   689836                        31.3                       2.0
MSCITAIWAN               14.896             238.337   1351.10              1.10               17.6             74.4             100578                     1108                     17742         1   689836                        14.6                       2.6
MIB                     287.789            4604.628  45910.00              0.63               10.0              4.3             198810                     1246                     19940         1   689836                        28.8                       2.9
MSCIEAFA                 18.837             301.390   3001.40              0.63               10.0             37.2             111715                      701                     11218         2   689836                        32.4                       3.3
AEX                       9.112             145.787   1011.35              0.90               14.4            173.2             175183                     1578                     25252         1   689836                        25.4                       3.7
SILVER                    2.539              40.629     91.34              2.78               44.5            744.4              67995                     1890                     30245         1   689836                         9.9                       4.4

Sum of abs(notional exposure % capital) 294.3
Sum of abs(annualised risk % capital) 38.6
Net sum of annualised risk % capital 18.4 

===============================================================================================================================================================================================================================
                                                                                                         Correlations                                                                                                          
===============================================================================================================================================================================================================================

              BUXL  EUR_micro   JPY  KRWUSD_mini  GAS-PEN  RICE  WHEAT  YENEUR   AEX   MIB  MSCIEAFA  MSCITAIWAN  NASDAQ_micro  NIKKEI  RUSSELL   SMI  TOPIX  AUD_micro  BITCOIN   BRE  FTSECHINAA   GBP  LEANHOG   MXP  SILVER
BUXL          1.00      -0.03  0.37         0.14    -0.12  0.02  -0.10   -0.51  0.12 -0.07      0.13        0.04          0.03   -0.09     0.12  0.12  -0.11       0.06     0.04 -0.02       -0.11  0.07    -0.00 -0.04    0.07
EUR_micro    -0.03       1.00  0.58         0.41    -0.22  0.07   0.17    0.18 -0.16  0.03      0.34       -0.04         -0.07   -0.08    -0.03 -0.06  -0.08       0.49     0.01  0.19        0.15  0.77     0.18  0.45    0.19
JPY           0.37       0.58  1.00         0.49    -0.30  0.02   0.07   -0.67 -0.25 -0.13      0.10       -0.25         -0.26   -0.43    -0.18 -0.10  -0.43       0.22    -0.15 -0.05       -0.10  0.39     0.15 -0.06   -0.12
KRWUSD_mini   0.14       0.41  0.49         1.00    -0.05  0.02   0.17   -0.23  0.06  0.13      0.32        0.12          0.04    0.01    -0.07  0.12  -0.02       0.45     0.03  0.14        0.08  0.36     0.08  0.12   -0.18
GAS-PEN      -0.12      -0.22 -0.30        -0.05     1.00 -0.03   0.13    0.12  0.07  0.01     -0.06        0.07          0.11    0.19    -0.10  0.04   0.17       0.00     0.05  0.17        0.09 -0.19    -0.11 -0.06   -0.05
RICE          0.02       0.07  0.02         0.02    -0.03  1.00   0.15   -0.01  0.09  0.00      0.04        0.10         -0.00    0.05     0.02 -0.03   0.03       0.08     0.19  0.03        0.01  0.06     0.15 -0.11    0.22
WHEAT        -0.10       0.17  0.07         0.17     0.13  0.15   1.00    0.03 -0.02 -0.01     -0.04       -0.03         -0.02   -0.01    -0.15 -0.24  -0.11       0.20    -0.10  0.14        0.29 -0.07     0.00  0.06    0.08
YENEUR       -0.51       0.18 -0.67        -0.23     0.12 -0.01   0.03    1.00  0.15  0.19      0.20        0.24          0.24    0.43     0.18  0.09   0.44       0.18     0.17  0.22        0.25  0.21     0.01  0.49    0.34
AEX           0.12      -0.16 -0.25         0.06     0.07  0.09  -0.02    0.15  1.00  0.78      0.73        0.76          0.77    0.66     0.67  0.68   0.62       0.46     0.49  0.39        0.45  0.21     0.21  0.25    0.37
MIB          -0.07       0.03 -0.13         0.13     0.01  0.00  -0.01    0.19  0.78  1.00      0.85        0.64          0.70    0.59     0.65  0.76   0.66       0.54     0.43  0.46        0.45  0.37     0.32  0.40    0.37
MSCIEAFA      0.13       0.34  0.10         0.32    -0.06  0.04  -0.04    0.20  0.73  0.85      1.00        0.60          0.71    0.57     0.68  0.76   0.65       0.75     0.45  0.48        0.46  0.65     0.35  0.51    0.48
MSCITAIWAN    0.04      -0.04 -0.25         0.12     0.07  0.10  -0.03    0.24  0.76  0.64      0.60        1.00          0.72    0.70     0.57  0.49   0.66       0.49     0.41  0.36        0.42  0.28     0.17  0.27    0.32
NASDAQ_micro  0.03      -0.07 -0.26         0.04     0.11 -0.00  -0.02    0.24  0.77  0.70      0.71        0.72          1.00    0.66     0.78  0.52   0.66       0.57     0.59  0.45        0.47  0.26     0.28  0.36    0.32
NIKKEI       -0.09      -0.08 -0.43         0.01     0.19  0.05  -0.01    0.43  0.66  0.59      0.57        0.70          0.66    1.00     0.54  0.48   0.92       0.38     0.44  0.34        0.40  0.23     0.08  0.27    0.18
RUSSELL       0.12      -0.03 -0.18        -0.07    -0.10  0.02  -0.15    0.18  0.67  0.65      0.68        0.57          0.78    0.54     1.00  0.58   0.59       0.46     0.51  0.39        0.35  0.28     0.45  0.37    0.40
SMI           0.12      -0.06 -0.10         0.12     0.04 -0.03  -0.24    0.09  0.68  0.76      0.76        0.49          0.52    0.48     0.58  1.00   0.56       0.36     0.28  0.28        0.22  0.34     0.27  0.23    0.39
TOPIX        -0.11      -0.08 -0.43        -0.02     0.17  0.03  -0.11    0.44  0.62  0.66      0.65        0.66          0.66    0.92     0.59  0.56   1.00       0.40     0.42  0.36        0.42  0.29     0.16  0.35    0.24
AUD_micro     0.06       0.49  0.22         0.45     0.00  0.08   0.20    0.18  0.46  0.54      0.75        0.49          0.57    0.38     0.46  0.36   0.40       1.00     0.38  0.50        0.54  0.64     0.30  0.49    0.45
BITCOIN       0.04       0.01 -0.15         0.03     0.05  0.19  -0.10    0.17  0.49  0.43      0.45        0.41          0.59    0.44     0.51  0.28   0.42       0.38     1.00  0.33        0.31  0.24     0.18  0.25    0.20
BRE          -0.02       0.19 -0.05         0.14     0.17  0.03   0.14    0.22  0.39  0.46      0.48        0.36          0.45    0.34     0.39  0.28   0.36       0.50     0.33  1.00        0.42  0.28     0.33  0.52    0.21
FTSECHINAA   -0.11       0.15 -0.10         0.08     0.09  0.01   0.29    0.25  0.45  0.45      0.46        0.42          0.47    0.40     0.35  0.22   0.42       0.54     0.31  0.42        1.00  0.31     0.29  0.33    0.24
GBP           0.07       0.77  0.39         0.36    -0.19  0.06  -0.07    0.21  0.21  0.37      0.65        0.28          0.26    0.23     0.28  0.34   0.29       0.64     0.24  0.28        0.31  1.00     0.23  0.46    0.34
LEANHOG      -0.00       0.18  0.15         0.08    -0.11  0.15   0.00    0.01  0.21  0.32      0.35        0.17          0.28    0.08     0.45  0.27   0.16       0.30     0.18  0.33        0.29  0.23     1.00  0.29    0.30
MXP          -0.04       0.45 -0.06         0.12    -0.06 -0.11   0.06    0.49  0.25  0.40      0.51        0.27          0.36    0.27     0.37  0.23   0.35       0.49     0.25  0.52        0.33  0.46     0.29  1.00    0.44
SILVER        0.07       0.19 -0.12        -0.18    -0.05  0.22   0.08    0.34  0.37  0.37      0.48        0.32          0.32    0.18     0.40  0.39   0.24       0.45     0.20  0.21        0.24  0.34     0.30  0.44    1.00


********************************************************************************
                                 END OF REPORT                                  
********************************************************************************


