
********************************************************************************
                    Risk report produced on 16/09/2024 22:52                    
********************************************************************************


Total risk across all strategies, annualised percentage 7.8
Percentage of capital used for margin 71.6%

========================================
Risk per strategy, annualised percentage
========================================

                  risk
dynamic_TF_carry   7.8


===================
Risk by asset class
===================

Ags       3.0
Bond      3.5
Equity    1.9
FX        0.7
Metals    1.8
OilGas    2.7
Sector    0.5
Vol       1.3
dtype: float64


=====================================================
Beta loadings of asset class positions on asset class
=====================================================

Ags      -0.15
OilGas   -0.09
Metals   -0.03
Vol      -0.02
Sector   -0.02
Equity    0.03
FX        0.11
Bond      0.53
dtype: float64


========================================================
Beta loadings of full portfolio positions on asset class
========================================================

Ags      -0.20
OilGas   -0.12
Sector   -0.11
Vol      -0.05
Metals   -0.04
Equity    0.10
FX        0.38
Bond      0.59
dtype: float64


==================================================================================================================================================================================================================================================================
                                                                                                                         Instrument risk                                                                                                                          
==================================================================================================================================================================================================================================================================

              daily_price_stdev  annual_price_stdev     price  daily_perc_stdev  annual_perc_stdev  point_size_base  contract_exposure  daily_risk_per_contract  annual_risk_per_contract  position  capital  exposure_held_perc_capital  annual_risk_perc_capital
BRENT-LAST                1.269              20.305     72.24              1.76               28.1            758.1              54768                      962                     15394        -1   590059                        -9.3                      -2.6
ALUMINIUM                36.276             580.414   2426.00              1.50               23.9             19.0              45981                      687                     11000        -1   590059                        -7.8                      -1.9
VIX                       0.623               9.975     18.45              3.38               54.1            758.1              13987                      472                      7562        -1   590059                        -2.4                      -1.3
COTTON2                   1.186              18.975     72.82              1.63               26.1            379.1              27604                      449                      7193        -1   590059                        -4.7                      -1.2
CORN                      5.015              80.243    410.25              1.22               19.6             37.9              15551                      190                      3041        -2   590059                        -5.3                      -1.0
WHEAT                     9.815             157.039    578.25              1.70               27.2             37.9              21919                      372                      5952        -1   590059                        -3.7                      -1.0
SOYMEAL                   4.597              73.547    325.90              1.41               22.6             75.8              24707                      348                      5575        -1   590059                        -4.2                      -0.9
CHINAA-CON               16.910             270.556   1783.80              0.95               15.2             19.0              33809                      320                      5128        -1   590059                        -5.7                      -0.9
EU-OIL                    4.064              65.016    340.80              1.19               19.1             42.2              14375                      171                      2742        -1   590059                        -2.4                      -0.5
GAS_US_mini               0.079               1.264      2.64              2.99               47.9           1895.4               5003                      149                      2395        -1   590059                        -0.8                      -0.4
IRON                      1.901              30.420     91.40              2.08               33.3             75.8               6929                      144                      2306        -1   590059                        -1.2                      -0.4
FTSECHINAA               93.749            1499.985  11181.00              0.84               13.4              0.8               8476                       71                      1137        -2   590059                        -2.9                      -0.4
CANOLA                   11.969             191.498    578.50              2.07               33.1             11.2               6461                      133                      2139        -1   590059                        -1.1                      -0.4
RUSSELL                  29.268             468.287   2214.10              1.32               21.2              3.8               8393                      110                      1775        -1   590059                        -1.4                      -0.3
HANGENT_mini             78.150            1250.395   6096.00              1.28               20.5              1.0               5929                       76                      1216        -1   590059                        -1.0                      -0.2
MUMMY                    16.044             256.711    645.00              2.49               39.8              5.4               3495                       86                      1391         1   590059                         0.6                       0.2
DOW                     295.884            4734.147  42039.00              0.70               11.3              0.4              15935                      112                      1794         1   590059                         2.7                       0.3
SP500_micro              49.265             788.237   5695.25              0.87               13.8              3.8              21589                      186                      2987         1   590059                         3.7                       0.5
GBP                       0.006               0.089      1.32              0.42                6.7          47384.0              62589                      262                      4201         1   590059                        10.6                       0.7
LEANHOG                   1.050              16.804     72.22              1.45               23.3            303.3              21902                      318                      5095         1   590059                         3.7                       0.9
US10U                     0.481               7.693    120.06              0.40                6.4            758.1              91024                      364                      5832         1   590059                        15.4                       1.0
SILVER                    0.557               8.919     31.10              1.79               28.7            758.1              23582                      422                      6761         1   590059                         4.0                       1.1
KR10                      0.411               6.582    118.00              0.35                5.6            578.0              68203                      237                      3804         2   590059                        23.1                       1.3
US20                      0.738              11.802    127.16              0.58                9.3            758.1              96402                      559                      8947         1   590059                        16.3                       1.5
MSCISING                  3.197              51.156    334.05              0.96               15.3             58.5              19553                      187                      2994         3   590059                         9.9                       1.5

Sum of abs(notional exposure % capital) 143.9
Sum of abs(annualised risk % capital) 22.4
Net sum of annualised risk % capital -4.4 

========================================================================================================================================================================================================================================
                                                                                                              Correlations                                                                                                              
========================================================================================================================================================================================================================================

              ALUMINIUM  BRENT-LAST  COTTON2  EU-OIL  IRON  LEANHOG  CANOLA  CORN  GAS_US_mini  SOYMEAL  WHEAT  KR10  US10U  US20  CHINAA-CON   DOW  FTSECHINAA   GBP  HANGENT_mini  MSCISING  MUMMY  RUSSELL  SILVER  SP500_micro   VIX
ALUMINIUM          1.00        0.16     0.14    0.27  0.36    -0.01    0.08  0.09        -0.08     0.17   0.16 -0.15  -0.05 -0.03        0.16  0.00        0.26  0.21          0.12      0.28   0.04     0.05    0.45         0.12 -0.09
BRENT-LAST         0.16        1.00     0.15    0.66  0.06     0.09    0.26  0.08         0.04     0.05   0.02 -0.23  -0.22 -0.23        0.22  0.20        0.18  0.02          0.20      0.21   0.27     0.20    0.27         0.20 -0.14
COTTON2            0.14        0.15     1.00    0.03  0.18     0.10    0.10  0.02        -0.07     0.05   0.04 -0.07  -0.20 -0.18        0.18  0.20        0.21 -0.10          0.13      0.07   0.21     0.24    0.04         0.18 -0.10
EU-OIL             0.27        0.66     0.03    1.00  0.17     0.12    0.24  0.02        -0.05     0.13   0.03 -0.20  -0.15 -0.13        0.30  0.30        0.26  0.09          0.29      0.29   0.31     0.35    0.30         0.27 -0.25
IRON               0.36        0.06     0.18    0.17  1.00     0.11    0.21  0.03        -0.14     0.21   0.18 -0.09  -0.11 -0.09        0.14 -0.06        0.25  0.00          0.18     -0.02   0.01    -0.02    0.22        -0.06  0.04
LEANHOG           -0.01        0.09     0.10    0.12  0.11     1.00    0.37  0.12        -0.08     0.16   0.16 -0.07  -0.03 -0.02        0.12  0.15        0.12  0.06          0.18      0.07   0.21     0.27    0.03        -0.01 -0.04
CANOLA             0.08        0.26     0.10    0.24  0.21     0.37    1.00  0.39         0.01     0.47   0.45 -0.24  -0.29 -0.31        0.12 -0.04        0.16  0.07          0.17      0.08  -0.02     0.13    0.16        -0.05  0.03
CORN               0.09        0.08     0.02    0.02  0.03     0.12    0.39  1.00         0.13     0.58   0.66  0.01  -0.03 -0.03        0.02  0.04        0.05  0.08          0.10      0.03  -0.01     0.03    0.12         0.03  0.02
GAS_US_mini       -0.08        0.04    -0.07   -0.05 -0.14    -0.08    0.01  0.13         1.00     0.05   0.10  0.07   0.06  0.06       -0.01 -0.02       -0.02  0.03          0.00      0.05  -0.07    -0.14    0.03         0.08 -0.12
SOYMEAL            0.17        0.05     0.05    0.13  0.21     0.16    0.47  0.58         0.05     1.00   0.54 -0.02  -0.05 -0.05        0.05 -0.04        0.09 -0.02          0.06     -0.07  -0.03    -0.03    0.09        -0.09  0.15
WHEAT              0.16        0.02     0.04    0.03  0.18     0.16    0.45  0.66         0.10     0.54   1.00 -0.00  -0.07 -0.07       -0.06  0.02       -0.00 -0.01          0.14      0.11  -0.11    -0.02    0.11        -0.00 -0.07
KR10              -0.15       -0.23    -0.07   -0.20 -0.09    -0.07   -0.24  0.01         0.07    -0.02  -0.00  1.00   0.63  0.65       -0.01  0.22       -0.08  0.16          0.16      0.12   0.06     0.09   -0.04         0.21 -0.08
US10U             -0.05       -0.22    -0.20   -0.15 -0.11    -0.03   -0.29 -0.03         0.06    -0.05  -0.07  0.63   1.00  0.98       -0.02  0.32       -0.06  0.35         -0.01      0.08   0.09     0.20    0.12         0.23 -0.10
US20              -0.03       -0.23    -0.18   -0.13 -0.09    -0.02   -0.31 -0.03         0.06    -0.05  -0.07  0.65   0.98  1.00       -0.01  0.36       -0.05  0.33          0.03      0.12   0.14     0.23    0.12         0.28 -0.15
CHINAA-CON         0.16        0.22     0.18    0.30  0.14     0.12    0.12  0.02        -0.01     0.05  -0.06 -0.01  -0.02 -0.01        1.00  0.42        0.88  0.33          0.61      0.43   0.39     0.44    0.34         0.43 -0.31
DOW                0.00        0.20     0.20    0.30 -0.06     0.15   -0.04  0.04        -0.02    -0.04   0.02  0.22   0.32  0.36        0.42  1.00        0.30  0.51          0.40      0.56   0.71     0.85    0.35         0.84 -0.69
FTSECHINAA         0.26        0.18     0.21    0.26  0.25     0.12    0.16  0.05        -0.02     0.09  -0.00 -0.08  -0.06 -0.05        0.88  0.30        1.00  0.34          0.59      0.36   0.30     0.31    0.27         0.27 -0.20
GBP                0.21        0.02    -0.10    0.09  0.00     0.06    0.07  0.08         0.03    -0.02  -0.01  0.16   0.35  0.33        0.33  0.51        0.34  1.00          0.30      0.38   0.43     0.48    0.52         0.50 -0.32
HANGENT_mini       0.12        0.20     0.13    0.29  0.18     0.18    0.17  0.10         0.00     0.06   0.14  0.16  -0.01  0.03        0.61  0.40        0.59  0.30          1.00      0.51   0.33     0.35    0.22         0.40 -0.33
MSCISING           0.28        0.21     0.07    0.29 -0.02     0.07    0.08  0.03         0.05    -0.07   0.11  0.12   0.08  0.12        0.43  0.56        0.36  0.38          0.51      1.00   0.57     0.50    0.41         0.65 -0.57
MUMMY              0.04        0.27     0.21    0.31  0.01     0.21   -0.02 -0.01        -0.07    -0.03  -0.11  0.06   0.09  0.14        0.39  0.71        0.30  0.43          0.33      0.57   1.00     0.74    0.24         0.67 -0.55
RUSSELL            0.05        0.20     0.24    0.35 -0.02     0.27    0.13  0.03        -0.14    -0.03  -0.02  0.09   0.20  0.23        0.44  0.85        0.31  0.48          0.35      0.50   0.74     1.00    0.30         0.71 -0.56
SILVER             0.45        0.27     0.04    0.30  0.22     0.03    0.16  0.12         0.03     0.09   0.11 -0.04   0.12  0.12        0.34  0.35        0.27  0.52          0.22      0.41   0.24     0.30    1.00         0.45 -0.22
SP500_micro        0.12        0.20     0.18    0.27 -0.06    -0.01   -0.05  0.03         0.08    -0.09  -0.00  0.21   0.23  0.28        0.43  0.84        0.27  0.50          0.40      0.65   0.67     0.71    0.45         1.00 -0.78
VIX               -0.09       -0.14    -0.10   -0.25  0.04    -0.04    0.03  0.02        -0.12     0.15  -0.07 -0.08  -0.10 -0.15       -0.31 -0.69       -0.20 -0.32         -0.33     -0.57  -0.55    -0.56   -0.22        -0.78  1.00


********************************************************************************
                                 END OF REPORT                                  
********************************************************************************


