
********************************************************************************
                    Risk report produced on 06/06/2025 22:53                    
********************************************************************************


Total risk across all strategies, annualised percentage 9.5
Percentage of capital used for margin 38.0%

========================================
Risk per strategy, annualised percentage
========================================

                  risk
dynamic_TF_carry   9.5


===================
Risk by asset class
===================

Ags       3.0
Bond      1.6
Equity    6.0
FX        2.8
Metals    0.3
OilGas    3.3
Vol       0.1
dtype: float64


=====================================================
Beta loadings of asset class positions on asset class
=====================================================

OilGas   -0.06
Metals   -0.01
Vol      -0.00
FX        0.15
Ags       0.16
Bond      0.23
Equity    0.37
dtype: float64


========================================================
Beta loadings of full portfolio positions on asset class
========================================================

Vol      -0.12
OilGas   -0.06
Metals    0.04
Bond      0.11
Ags       0.21
FX        0.31
Equity    0.47
dtype: float64


=================================================================================================================================================================================================================================================================
                                                                                                                         Instrument risk                                                                                                                         
=================================================================================================================================================================================================================================================================

             daily_price_stdev  annual_price_stdev     price  daily_perc_stdev  annual_perc_stdev  point_size_base  contract_exposure  daily_risk_per_contract  annual_risk_per_contract  position  capital  exposure_held_perc_capital  annual_risk_perc_capital
GAS-PEN                  0.121               1.931      3.77              3.20               51.2           7370.9              27795                      889                     14233        -1   536019                        -5.2                      -2.7
DX                       0.450               7.207     98.78              0.46                7.3            737.1              72809                      331                      5311        -2   536019                       -27.2                      -2.0
DOW                    438.176            7010.823  42816.00              1.02               16.4              0.4              15779                      161                      2583        -3   536019                        -8.8                      -1.4
US10U                    0.573               9.164    111.72              0.51                8.2            737.1              82346                      422                      6754        -1   536019                       -15.4                      -1.3
WHEAT                    7.099             113.591    591.25              1.20               19.2             36.9              21790                      261                      4186        -1   536019                        -4.1                      -0.8
GAS_US_mini              0.123               1.972      3.78              3.26               52.2           1842.7               6965                      227                      3634        -1   536019                        -1.3                      -0.7
IRON                     1.258              20.120     94.25              1.33               21.3             73.7               6947                       92                      1483        -1   536019                        -1.3                      -0.3
V2X                      0.509               8.151     19.55              2.61               41.7             84.3               1648                       42                       687        -1   536019                        -0.3                      -0.1
MUMMY                   11.642             186.275    735.00              1.58               25.3              5.1               3765                       59                       954         1   536019                         0.7                       0.2
IBEX_mini              124.726            1995.616  14225.00              0.88               14.0              0.8              11992                      105                      1682         1   536019                         2.2                       0.3
TOPIX                   32.880             526.073   2764.75              1.19               19.0              5.1              14165                      168                      2695         1   536019                         2.6                       0.5
MXP                      0.000               0.005      0.05              0.61                9.7         368542.7              19263                      117                      1876         2   536019                         7.2                       0.7
MSCISING                 4.255              68.081    415.85              1.02               16.4             57.3              23841                      243                      3903         1   536019                         4.4                       0.7
CANOLA                   9.099             145.590    692.30              1.31               21.0             10.8               7469                       98                      1570         3   536019                         4.2                       0.9
BTP                      0.404               6.464    120.66              0.33                5.4            843.1             101726                      340                      5449         1   536019                        19.0                       1.0
OAT                      0.419               6.698    124.09              0.34                5.4            843.1             104618                      352                      5646         1   536019                        19.5                       1.1
YENEUR                   0.832              13.304    165.02              0.50                8.1            640.4             105685                      532                      8520         1   536019                        19.7                       1.6
FEEDCOW                  2.589              41.420    308.98              0.84               13.4            368.5             113870                      954                     15265         1   536019                        21.2                       2.8
MIB                    387.481            6199.694  40600.00              0.95               15.3              4.2             171145                     1633                     26134         1   536019                        31.9                       4.9

Sum of abs(notional exposure % capital) 196.2
Sum of abs(annualised risk % capital) 24.0
Net sum of annualised risk % capital 5.4 

===========================================================================================================================================================
                                                                       Correlations                                                                        
===========================================================================================================================================================

              BTP   OAT  US10U   DOW  FEEDCOW  IBEX_mini  IRON   MIB  MSCISING  MUMMY   MXP  TOPIX    DX  YENEUR  CANOLA  GAS-PEN  GAS_US_mini  WHEAT   V2X
BTP          1.00  0.95   0.63  0.20     0.04       0.31  0.12  0.21      0.15   0.19  0.15   0.11 -0.24   -0.43    0.01    -0.18        -0.16   0.12 -0.21
OAT          0.95  1.00   0.65  0.13    -0.07       0.17  0.04  0.06     -0.01   0.06  0.11  -0.06 -0.24   -0.51   -0.02    -0.16        -0.14   0.16 -0.04
US10U        0.63  0.65   1.00  0.18     0.18       0.23 -0.01  0.17      0.06   0.08 -0.01   0.05 -0.43   -0.42   -0.22     0.10         0.10   0.02 -0.13
DOW          0.20  0.13   0.18  1.00     0.23       0.28  0.13  0.27      0.34   0.41  0.20   0.44  0.14   -0.09    0.05     0.16         0.12  -0.07 -0.46
FEEDCOW      0.04 -0.07   0.18  0.23     1.00       0.29  0.24  0.39      0.30   0.39  0.28   0.43 -0.05    0.10   -0.07     0.09         0.11   0.01 -0.38
IBEX_mini    0.31  0.17   0.23  0.28     0.29       1.00  0.28  0.91      0.74   0.64  0.20   0.63 -0.25   -0.03    0.05    -0.10        -0.02   0.08 -0.77
IRON         0.12  0.04  -0.01  0.13     0.24       0.28  1.00  0.30      0.25   0.25  0.09   0.32  0.09   -0.02    0.11    -0.05        -0.06   0.20 -0.32
MIB          0.21  0.06   0.17  0.27     0.39       0.91  0.30  1.00      0.79   0.65  0.22   0.75 -0.14    0.09    0.02    -0.03         0.04   0.06 -0.84
MSCISING     0.15 -0.01   0.06  0.34     0.30       0.74  0.25  0.79      1.00   0.64  0.20   0.76 -0.03    0.17   -0.01     0.06         0.12  -0.04 -0.73
MUMMY        0.19  0.06   0.08  0.41     0.39       0.64  0.25  0.65      0.64   1.00  0.30   0.80 -0.12    0.14   -0.02    -0.09        -0.06   0.01 -0.64
MXP          0.15  0.11  -0.01  0.20     0.28       0.20  0.09  0.22      0.20   0.30  1.00   0.27 -0.22    0.25    0.02    -0.11        -0.07   0.15 -0.26
TOPIX        0.11 -0.06   0.05  0.44     0.43       0.63  0.32  0.75      0.76   0.80  0.27   1.00 -0.02    0.31   -0.01     0.01         0.04  -0.06 -0.73
DX          -0.24 -0.24  -0.43  0.14    -0.05      -0.25  0.09 -0.14     -0.03  -0.12 -0.22  -0.02  1.00    0.06    0.09     0.11         0.04  -0.15  0.07
YENEUR      -0.43 -0.51  -0.42 -0.09     0.10      -0.03 -0.02  0.09      0.17   0.14  0.25   0.31  0.06    1.00    0.13     0.17         0.20  -0.07 -0.15
CANOLA       0.01 -0.02  -0.22  0.05    -0.07       0.05  0.11  0.02     -0.01  -0.02  0.02  -0.01  0.09    0.13    1.00     0.16         0.11   0.24 -0.05
GAS-PEN     -0.18 -0.16   0.10  0.16     0.09      -0.10 -0.05 -0.03      0.06  -0.09 -0.11   0.01  0.11    0.17    0.16     1.00         0.97   0.16  0.03
GAS_US_mini -0.16 -0.14   0.10  0.12     0.11      -0.02 -0.06  0.04      0.12  -0.06 -0.07   0.04  0.04    0.20    0.11     0.97         1.00   0.15 -0.00
WHEAT        0.12  0.16   0.02 -0.07     0.01       0.08  0.20  0.06     -0.04   0.01  0.15  -0.06 -0.15   -0.07    0.24     0.16         0.15   1.00  0.00
V2X         -0.21 -0.04  -0.13 -0.46    -0.38      -0.77 -0.32 -0.84     -0.73  -0.64 -0.26  -0.73  0.07   -0.15   -0.05     0.03        -0.00   0.00  1.00


********************************************************************************
                                 END OF REPORT                                  
********************************************************************************


