
********************************************************************************
                    Risk report produced on 28/01/2025 22:52                    
********************************************************************************


Total risk across all strategies, annualised percentage 11.4
Percentage of capital used for margin 71.6%

========================================
Risk per strategy, annualised percentage
========================================

                  risk
dynamic_TF_carry  11.5


===================
Risk by asset class
===================

Ags       2.3
Bond      3.1
Equity    6.5
FX        4.9
Metals    1.9
OilGas    0.2
Vol       1.4
dtype: float64


=====================================================
Beta loadings of asset class positions on asset class
=====================================================

Bond     -0.35
FX       -0.29
Metals   -0.04
Vol      -0.03
OilGas    0.01
Ags       0.07
Equity    0.51
dtype: float64


========================================================
Beta loadings of full portfolio positions on asset class
========================================================

Bond     -0.62
FX       -0.30
Vol      -0.13
Metals    0.04
OilGas    0.07
Ags       0.23
Equity    0.66
dtype: float64


====================================================================================================================================================================================================================================================================
                                                                                                                          Instrument risk                                                                                                                           
====================================================================================================================================================================================================================================================================

               daily_price_stdev  annual_price_stdev      price  daily_perc_stdev  annual_perc_stdev  point_size_base  contract_exposure  daily_risk_per_contract  annual_risk_per_contract  position  capital  exposure_held_perc_capital  annual_risk_perc_capital
CHF                        0.005               0.075       1.11              0.42                6.7         100476.3             111734                      469                      7510        -3   566326                       -59.2                      -4.0
US30                       0.998              15.966     119.12              0.84               13.4            803.8              95753                      802                     12833        -1   566326                       -16.9                      -2.3
ALUMINIUM                 31.742             507.867    2561.25              1.24               19.8             20.1              51468                      637                     10205        -1   566326                        -9.1                      -1.8
VIX                        0.611               9.770      17.90              3.41               54.6            803.8              14388                      490                      7853        -1   566326                        -2.5                      -1.4
OAT                        0.437               6.984     122.54              0.36                5.7            838.9             102804                      366                      5859        -1   566326                       -18.2                      -1.0
SUGAR11                    0.271               4.342      17.82              1.52               24.4            900.3              16042                      244                      3909        -1   566326                        -2.8                      -0.7
CANOLA                     9.323             149.161     648.70              1.44               23.0             11.2               7241                      104                      1665        -1   566326                        -1.3                      -0.3
COPPER-micro               0.049               0.778       4.25              1.14               18.3           2009.5               8542                       97                      1563        -1   566326                        -1.5                      -0.3
CRUDE_W_micro              1.074              17.186      72.96              1.47               23.6             80.4               5864                       86                      1381         1   566326                         1.0                       0.2
DAX                      142.820            2285.116   21570.00              0.66               10.6              0.8              18096                      119                      1917         1   566326                         3.2                       0.3
MSCISING                   2.720              43.518     378.25              0.72               11.5             59.4              22476                      161                      2585         1   566326                         4.0                       0.5
GOLD_micro                22.891             366.255    2800.40              0.82               13.1              8.0              22509                      183                      2943         1   566326                         4.0                       0.5
BITCOIN                 2545.497           40727.956  103615.00              2.46               39.3              0.1               8328                      204                      3273         1   566326                         1.5                       0.6
TOPIX                     23.908             382.524    2759.50              0.87               13.9              5.2              14238                      123                      1973         2   566326                         5.0                       0.7
YENEUR                     0.986              15.773     161.74              0.61                9.8            645.0             104319                      635                     10173         1   566326                        18.4                       1.8
FEEDCOW                    2.029              32.464     276.30              0.73               11.7            401.9             111046                      815                     13047         1   566326                        19.6                       2.3
MIB                      265.699            4251.186   36460.00              0.73               11.7              4.2             152939                     1114                     17832         1   566326                        27.0                       3.1
MSCITAIWAN                16.233             259.724     925.30              1.75               28.1             80.4              74376                     1304                     20876         1   566326                        13.1                       3.7

Sum of abs(notional exposure % capital) 208.3
Sum of abs(annualised risk % capital) 25.5
Net sum of annualised risk % capital 1.9 

=============================================================================================================================================================================
                                                                                Correlations                                                                                 
=============================================================================================================================================================================

               CANOLA  CRUDE_W_micro  FEEDCOW  SUGAR11  YENEUR  ALUMINIUM  COPPER-micro  GOLD_micro  BITCOIN   DAX   MIB  MSCISING  MSCITAIWAN  TOPIX   CHF   OAT  US30   VIX
CANOLA           1.00           0.05     0.05     0.40    0.40       0.08          0.08       -0.11    -0.10  0.16  0.23     -0.12        0.21   0.21 -0.09 -0.26 -0.32  0.01
CRUDE_W_micro    0.05           1.00     0.29     0.07    0.37       0.32          0.29        0.26    -0.16 -0.02 -0.04      0.10        0.19   0.10 -0.34 -0.36 -0.26 -0.10
FEEDCOW          0.05           0.29     1.00     0.19    0.28       0.18          0.22        0.11     0.02  0.23  0.20      0.22        0.13   0.23 -0.22 -0.16 -0.20 -0.10
SUGAR11          0.40           0.07     0.19     1.00    0.23      -0.03          0.05        0.03    -0.14  0.16  0.05      0.05        0.18   0.29  0.05 -0.20 -0.02 -0.16
YENEUR           0.40           0.37     0.28     0.23    1.00       0.03          0.07       -0.01    -0.20  0.09  0.16      0.02        0.20   0.35 -0.36 -0.53 -0.55 -0.04
ALUMINIUM        0.08           0.32     0.18    -0.03    0.03       1.00          0.55        0.19     0.21  0.33  0.26      0.36        0.21   0.11 -0.09  0.02 -0.03 -0.27
COPPER-micro     0.08           0.29     0.22     0.05    0.07       0.55          1.00        0.50    -0.08  0.36  0.34      0.34        0.27   0.18  0.10 -0.01  0.12 -0.08
GOLD_micro      -0.11           0.26     0.11     0.03   -0.01       0.19          0.50        1.00     0.02  0.13  0.09      0.13        0.21   0.02  0.12  0.14  0.20  0.11
BITCOIN         -0.10          -0.16     0.02    -0.14   -0.20       0.21         -0.08        0.02     1.00  0.16  0.18      0.32        0.06   0.09 -0.14  0.20  0.05 -0.23
DAX              0.16          -0.02     0.23     0.16    0.09       0.33          0.36        0.13     0.16  1.00  0.84      0.44        0.46   0.44  0.02  0.17  0.11 -0.47
MIB              0.23          -0.04     0.20     0.05    0.16       0.26          0.34        0.09     0.18  0.84  1.00      0.35        0.35   0.38 -0.09  0.08 -0.04 -0.33
MSCISING        -0.12           0.10     0.22     0.05    0.02       0.36          0.34        0.13     0.32  0.44  0.35      1.00        0.38   0.43 -0.15  0.13  0.15 -0.58
MSCITAIWAN       0.21           0.19     0.13     0.18    0.20       0.21          0.27        0.21     0.06  0.46  0.35      0.38        1.00   0.57 -0.16  0.04  0.11 -0.48
TOPIX            0.21           0.10     0.23     0.29    0.35       0.11          0.18        0.02     0.09  0.44  0.38      0.43        0.57   1.00 -0.13 -0.06  0.01 -0.44
CHF             -0.09          -0.34    -0.22     0.05   -0.36      -0.09          0.10        0.12    -0.14  0.02 -0.09     -0.15       -0.16  -0.13  1.00  0.36  0.53  0.23
OAT             -0.26          -0.36    -0.16    -0.20   -0.53       0.02         -0.01        0.14     0.20  0.17  0.08      0.13        0.04  -0.06  0.36  1.00  0.73 -0.13
US30            -0.32          -0.26    -0.20    -0.02   -0.55      -0.03          0.12        0.20     0.05  0.11 -0.04      0.15        0.11   0.01  0.53  0.73  1.00 -0.19
VIX              0.01          -0.10    -0.10    -0.16   -0.04      -0.27         -0.08        0.11    -0.23 -0.47 -0.33     -0.58       -0.48  -0.44  0.23 -0.13 -0.19  1.00


********************************************************************************
                                 END OF REPORT                                  
********************************************************************************


