
********************************************************************************
                    Risk report produced on 31/07/2025 22:53                    
********************************************************************************


Total risk across all strategies, annualised percentage 15.9
Percentage of capital used for margin 47.6%

========================================
Risk per strategy, annualised percentage
========================================

                  risk
dynamic_TF_carry  15.9


===================
Risk by asset class
===================

Ags        3.4
Bond       2.1
Equity    11.2
FX         3.8
Metals     2.9
OilGas     2.9
dtype: float64


=====================================================
Beta loadings of asset class positions on asset class
=====================================================

OilGas   -0.06
Bond     -0.03
Metals    0.05
FX        0.12
Ags       0.19
Equity    0.80
dtype: float64


========================================================
Beta loadings of full portfolio positions on asset class
========================================================

Bond     -0.71
OilGas   -0.01
Metals    0.31
Ags       0.58
Equity    0.99
FX        1.18
dtype: float64


===================================================================================================================================================================================================================================================================
                                                                                                                          Instrument risk                                                                                                                          
===================================================================================================================================================================================================================================================================

               daily_price_stdev  annual_price_stdev     price  daily_perc_stdev  annual_perc_stdev  point_size_base  contract_exposure  daily_risk_per_contract  annual_risk_per_contract  position  capital  exposure_held_perc_capital  annual_risk_perc_capital
JPY                        0.000               0.001      0.01              0.58                9.3        9424750.9              63833                      371                      5940        -3   563501                       -34.0                      -3.2
GAS-PEN                    0.112               1.785      3.08              3.62               57.9           7539.8              23230                      840                     13454        -1   563501                        -4.1                      -2.4
DX                         0.450               7.195     98.66              0.46                7.3            754.0              74391                      339                      5425        -2   563501                       -26.4                      -1.9
CAD10                      0.431               6.903    120.28              0.36                5.7            545.6              65625                      235                      3766        -2   563501                       -23.3                      -1.3
GOLD_micro                31.086             497.372   3353.80              0.93               14.8              7.5              25286                      234                      3750        -2   563501                        -9.0                      -1.3
US10U                      0.434               6.943    113.33              0.38                6.1            754.0              85447                      327                      5234        -1   563501                       -15.2                      -0.9
WHEAT                      8.044             128.706    549.75              1.46               23.4             37.7              20725                      303                      4852        -1   563501                        -3.7                      -0.9
KRWUSD_mini                0.004               0.070      0.72              0.61                9.7          18849.5              13552                       82                      1316        -3   563501                        -7.2                      -0.7
RICE                       0.157               2.515     12.38              1.27               20.3           1508.0              18661                      237                      3792        -1   563501                        -3.3                      -0.7
GAS_US_mini                0.111               1.776      3.16              3.51               56.2           1885.0               5956                      209                      3347        -1   563501                        -1.1                      -0.6
MUMMY                      9.471             151.531    751.00              1.26               20.2              5.1               3805                       47                       767         1   563501                         0.7                       0.1
KOSDAQ                    17.231             275.698   1343.40              1.28               20.5              5.4               7238                       92                      1485         1   563501                         1.3                       0.3
MXP                        0.000               0.005      0.05              0.56                8.9         376990.0              20014                      111                      1777         1   563501                         3.6                       0.3
CRUDE_W_micro              1.345              21.517     68.44              1.96               31.4             75.4               5160                      101                      1622         2   563501                         1.8                       0.6
MSCISING                   3.614              57.828    424.15              0.85               13.6             58.2              24702                      210                      3367         1   563501                         4.4                       0.6
CANOLA                    10.246             163.929    701.10              1.46               23.4             10.9               7650                      111                      1788         2   563501                         2.7                       0.6
NASDAQ_micro             180.190            2883.044  23480.25              0.77               12.3              1.5              35407                      271                      4347         1   563501                         6.3                       0.8
LEANHOG                    1.185              18.960     88.52              1.34               21.4            301.6              26698                      357                      5718         1   563501                         4.7                       1.0
BTP                        0.437               6.999    120.78              0.36                5.8            862.4             104156                      377                      6035         1   563501                        18.5                       1.1
BUND                       0.439               7.032    129.68              0.34                5.4            862.4             111831                      378                      6063         1   563501                        19.8                       1.1
YENEUR                     0.744              11.897    171.09              0.43                7.0            633.4             108373                      471                      7536         1   563501                        19.2                       1.3
SPI200                    48.036             768.569   8698.00              0.55                8.8             12.2             106031                      585                      9369         1   563501                        18.8                       1.7
FEEDCOW                    2.749              43.989    337.30              0.82               13.0            377.0             127158                     1036                     16583         1   563501                        22.6                       2.9
PLAT                      28.116             449.860   1422.60              1.98               31.6             37.7              53630                     1059                     16959         1   563501                         9.5                       3.0
MIB                      329.475            5271.592  41445.00              0.79               12.7              4.3             178704                     1420                     22730         1   563501                        31.7                       4.0
MSCIEAFA                  26.397             422.358   2663.20              0.99               15.9             37.7             100399                      995                     15922         2   563501                        35.6                       5.7

Sum of abs(notional exposure % capital) 328.5
Sum of abs(annualised risk % capital) 39.0
Net sum of annualised risk % capital 11.2 

===========================================================================================================================================================================================================================================
                                                                                                               Correlations                                                                                                                
===========================================================================================================================================================================================================================================

               CANOLA  CRUDE_W_micro  RICE  WHEAT    DX  GAS-PEN  GAS_US_mini  YENEUR   BTP  BUND  CAD10   JPY  US10U  FEEDCOW  GOLD_micro  KOSDAQ  KRWUSD_mini   MXP  PLAT  LEANHOG   MIB  MSCIEAFA  MSCISING  MUMMY  NASDAQ_micro  SPI200
CANOLA           1.00           0.21 -0.16   0.24 -0.07     0.15         0.13    0.10  0.05  0.09  -0.13 -0.06  -0.16    -0.15        0.10    0.01        -0.07  0.07 -0.03     0.14 -0.08     -0.08     -0.07  -0.11          0.04   -0.01
CRUDE_W_micro    0.21           1.00  0.20   0.39  0.29     0.23         0.31    0.05 -0.02  0.02  -0.12 -0.23  -0.09     0.30        0.24    0.19        -0.13  0.20  0.05     0.36  0.18      0.10      0.18   0.23          0.13    0.11
RICE            -0.16           0.20  1.00   0.11  0.00    -0.03        -0.00   -0.09  0.07  0.09  -0.12  0.08  -0.08     0.10        0.14   -0.01         0.28 -0.06  0.01     0.15 -0.02     -0.06     -0.10   0.16         -0.06   -0.09
WHEAT            0.24           0.39  0.11   1.00  0.03     0.24         0.25   -0.14 -0.17 -0.08  -0.04  0.10  -0.12    -0.03        0.23   -0.04        -0.09  0.12 -0.15     0.07 -0.06     -0.05     -0.09   0.01         -0.09   -0.09
DX              -0.07           0.29  0.00   0.03  1.00     0.26         0.28   -0.02 -0.04  0.05  -0.21 -0.70  -0.34     0.01       -0.35   -0.01        -0.54 -0.37 -0.23    -0.07  0.02     -0.44      0.14   0.10          0.10    0.09
GAS-PEN          0.15           0.23 -0.03   0.24  0.26     1.00         0.96    0.03 -0.22 -0.12  -0.06 -0.22   0.06     0.04       -0.04   -0.04        -0.19 -0.02 -0.06    -0.17 -0.07     -0.18      0.10  -0.06          0.02   -0.10
GAS_US_mini      0.13           0.31 -0.00   0.25  0.28     0.96         1.00    0.03 -0.24 -0.16  -0.09 -0.23   0.05     0.08       -0.03   -0.07        -0.17 -0.00 -0.07    -0.11 -0.02     -0.16      0.14  -0.05         -0.03   -0.14
YENEUR           0.10           0.05 -0.09  -0.14 -0.02     0.03         0.03    1.00 -0.35 -0.42  -0.46 -0.65  -0.41     0.17       -0.01    0.04        -0.07  0.21  0.23    -0.03  0.05      0.10      0.07   0.04          0.18    0.02
BTP              0.05          -0.02  0.07  -0.17 -0.04    -0.22        -0.24   -0.35  1.00  0.92   0.55  0.22   0.45     0.11        0.21    0.23         0.24  0.14  0.07     0.07  0.14      0.17      0.02   0.08          0.04    0.31
BUND             0.09           0.02  0.09  -0.08  0.05    -0.12        -0.16   -0.42  0.92  1.00   0.51  0.22   0.41     0.04        0.22    0.17         0.14 -0.01 -0.03     0.01 -0.11     -0.06     -0.17   0.06         -0.12    0.21
CAD10           -0.13          -0.12 -0.12  -0.04 -0.21    -0.06        -0.09   -0.46  0.55  0.51   1.00  0.40   0.81    -0.05       -0.04   -0.02         0.11  0.11 -0.16     0.02  0.24      0.30      0.17   0.09         -0.07    0.16
JPY             -0.06          -0.23  0.08   0.10 -0.70    -0.22        -0.23   -0.65  0.22  0.22   0.40  1.00   0.47    -0.15        0.32   -0.03         0.44  0.12 -0.00     0.07 -0.11      0.17     -0.20  -0.13         -0.30   -0.14
US10U           -0.16          -0.09 -0.08  -0.12 -0.34     0.06         0.05   -0.41  0.45  0.41   0.81  0.47   1.00     0.12        0.00    0.05         0.23  0.20  0.02     0.08  0.20      0.35      0.19   0.10         -0.09    0.12
FEEDCOW         -0.15           0.30  0.10  -0.03  0.01     0.04         0.08    0.17  0.11  0.04  -0.05 -0.15   0.12     1.00        0.17    0.23         0.24  0.31  0.22     0.16  0.34      0.37      0.29   0.29          0.07    0.22
GOLD_micro       0.10           0.24  0.14   0.23 -0.35    -0.04        -0.03   -0.01  0.21  0.22  -0.04  0.32   0.00     0.17        1.00    0.22         0.27  0.20  0.33     0.20  0.01      0.23     -0.11   0.10         -0.15    0.12
KOSDAQ           0.01           0.19 -0.01  -0.04 -0.01    -0.04        -0.07    0.04  0.23  0.17  -0.02 -0.03   0.05     0.23        0.22    1.00         0.23  0.17  0.29     0.06  0.25      0.36      0.22   0.30          0.34    0.40
KRWUSD_mini     -0.07          -0.13  0.28  -0.09 -0.54    -0.19        -0.17   -0.07  0.24  0.14   0.11  0.44   0.23     0.24        0.27    0.23         1.00  0.27  0.22     0.23  0.23      0.43      0.11   0.17          0.00    0.16
MXP              0.07           0.20 -0.06   0.12 -0.37    -0.02        -0.00    0.21  0.14 -0.01   0.11  0.12   0.20     0.31        0.20    0.17         0.27  1.00  0.35     0.15  0.30      0.49      0.21   0.06          0.22    0.09
PLAT            -0.03           0.05  0.01  -0.15 -0.23    -0.06        -0.07    0.23  0.07 -0.03  -0.16 -0.00   0.02     0.22        0.33    0.29         0.22  0.35  1.00     0.25  0.17      0.36      0.13   0.19          0.30    0.29
LEANHOG          0.14           0.36  0.15   0.07 -0.07    -0.17        -0.11   -0.03  0.07  0.01   0.02  0.07   0.08     0.16        0.20    0.06         0.23  0.15  0.25     1.00  0.25      0.28      0.16   0.35          0.15    0.32
MIB             -0.08           0.18 -0.02  -0.06  0.02    -0.07        -0.02    0.05  0.14 -0.11   0.24 -0.11   0.20     0.34        0.01    0.25         0.23  0.30  0.17     0.25  1.00      0.78      0.72   0.40          0.49    0.47
MSCIEAFA        -0.08           0.10 -0.06  -0.05 -0.44    -0.18        -0.16    0.10  0.17 -0.06   0.30  0.17   0.35     0.37        0.23    0.36         0.43  0.49  0.36     0.28  0.78      1.00      0.58   0.39          0.53    0.51
MSCISING        -0.07           0.18 -0.10  -0.09  0.14     0.10         0.14    0.07  0.02 -0.17   0.17 -0.20   0.19     0.29       -0.11    0.22         0.11  0.21  0.13     0.16  0.72      0.58      1.00   0.40          0.50    0.52
MUMMY           -0.11           0.23  0.16   0.01  0.10    -0.06        -0.05    0.04  0.08  0.06   0.09 -0.13   0.10     0.29        0.10    0.30         0.17  0.06  0.19     0.35  0.40      0.39      0.40   1.00          0.30    0.46
NASDAQ_micro     0.04           0.13 -0.06  -0.09  0.10     0.02        -0.03    0.18  0.04 -0.12  -0.07 -0.30  -0.09     0.07       -0.15    0.34         0.00  0.22  0.30     0.15  0.49      0.53      0.50   0.30          1.00    0.59
SPI200          -0.01           0.11 -0.09  -0.09  0.09    -0.10        -0.14    0.02  0.31  0.21   0.16 -0.14   0.12     0.22        0.12    0.40         0.16  0.09  0.29     0.32  0.47      0.51      0.52   0.46          0.59    1.00


********************************************************************************
                                 END OF REPORT                                  
********************************************************************************


