
********************************************************************************
                    Risk report produced on 30/10/2024 22:52                    
********************************************************************************


Total risk across all strategies, annualised percentage 11.1
Percentage of capital used for margin 69.8%

========================================
Risk per strategy, annualised percentage
========================================

                  risk
dynamic_TF_carry  11.1


===================
Risk by asset class
===================

Ags       2.6
Bond      1.2
Equity    9.2
FX        2.6
Metals    2.6
OilGas    2.2
Sector    1.5
Vol       1.1
dtype: float64


=====================================================
Beta loadings of asset class positions on asset class
=====================================================

Bond     -0.19
FX       -0.18
Sector   -0.08
OilGas   -0.06
Vol      -0.02
Ags       0.04
Metals    0.11
Equity    0.69
dtype: float64


========================================================
Beta loadings of full portfolio positions on asset class
========================================================

Bond     -0.38
Vol      -0.20
OilGas   -0.01
Ags       0.07
Metals    0.21
Sector    0.30
FX        0.56
Equity    0.76
dtype: float64


===================================================================================================================================================================================================================================================================
                                                                                                                          Instrument risk                                                                                                                          
===================================================================================================================================================================================================================================================================

               daily_price_stdev  annual_price_stdev     price  daily_perc_stdev  annual_perc_stdev  point_size_base  contract_exposure  daily_risk_per_contract  annual_risk_per_contract  position  capital  exposure_held_perc_capital  annual_risk_perc_capital
GAS-PEN                    0.098               1.562      2.86              3.42               54.7           7687.1              21969                      750                     12006        -1   592132                        -3.7                      -2.0
BUND                       0.533               8.520    132.48              0.40                6.4            832.0             110227                      443                      7089        -1   592132                       -18.6                      -1.2
CHF                        0.005               0.073      1.16              0.39                6.3          96088.4             111352                      435                      6971        -1   592132                       -18.8                      -1.2
VIX                        0.515               8.235     18.15              2.84               45.4            768.7              13952                      395                      6330        -1   592132                        -2.4                      -1.1
EU-BASIC                   8.293             132.695    561.60              1.48               23.6             41.6              23363                      345                      5520        -1   592132                        -3.9                      -0.9
COTTON2                    0.896              14.335     70.56              1.27               20.3            384.4              27119                      344                      5509        -1   592132                        -4.6                      -0.9
SOYMEAL                    4.201              67.223    303.40              1.38               22.2             76.9              23322                      322                      5167        -1   592132                        -3.9                      -0.9
EU-AUTO                    7.218             115.481    562.10              1.28               20.5             41.6              23384                      300                      4804        -1   592132                        -3.9                      -0.8
NZD                        0.003               0.055      0.60              0.58                9.3          76870.7              45887                      266                      4264        -1   592132                        -7.7                      -0.7
CRUDE_W_micro              1.551              24.819     66.91              2.32               37.1             76.9               5143                      119                      1907        -2   592132                        -1.7                      -0.6
CORN                       4.994              79.911    413.75              1.21               19.3             38.4              15902                      191                      3071        -1   592132                        -2.7                      -0.5
MXP                        0.000               0.006      0.05              0.77               12.3         384353.7              18979                      146                      2341        -1   592132                        -3.2                      -0.4
KOSDAQ                    23.531             376.502   1267.80              1.86               29.7              5.5               7032                      130                      2088        -1   592132                        -1.2                      -0.4
CANOLA                     8.379             134.066    645.90              1.30               20.8             11.0               7136                       92                      1481        -1   592132                        -1.2                      -0.3
MUMMY                     13.813             221.006    613.00              2.25               36.1              5.0               3074                       69                      1108         1   592132                         0.5                       0.2
DOW                      271.060            4336.961  42496.00              0.64               10.2              0.4              16333                      104                      1666         2   592132                         5.5                       0.6
SUGAR11                    0.314               5.021     20.44              1.54               24.6            861.0              17597                      270                      4323         1   592132                         3.0                       0.7
MSCISING                   2.503              40.043    348.85              0.72               11.5             58.0              20249                      145                      2324         2   592132                         6.8                       0.8
LIVECOW                    1.080              17.276    188.48              0.57                9.2            307.5              57952                      332                      5312         1   592132                         9.8                       0.9
RUSSELL                   23.667             378.673   2251.60              1.05               16.8              3.8               8654                       90                      1455         4   592132                         5.8                       1.0
SILVER                     0.616               9.859     34.62              1.78               28.5            768.7              26616                      473                      7578         1   592132                         4.5                       1.3
PLAT                      14.734             235.738   1059.00              1.39               22.3             38.4              40703                      566                      9060         1   592132                         6.9                       1.5
YENEUR                     0.934              14.949    165.23              0.57                9.0            626.8             103572                      585                      9370         1   592132                        17.5                       1.6
SMI                       77.730            1243.674  12129.00              0.64               10.3              8.9             107586                      689                     11031         1   592132                        18.2                       1.9
LEANHOG                    1.139              18.216     82.68              1.38               22.0            307.5              25421                      350                      5601         2   592132                         8.6                       1.9
MIB                      261.500            4183.999  34750.00              0.75               12.0              4.2             144565                     1087                     17406         1   592132                        24.4                       2.9
MSCITAIWAN                11.192             179.070    951.70              1.18               18.8             76.9              73157                      860                     13765         2   592132                        24.7                       4.6

Sum of abs(notional exposure % capital) 213.7
Sum of abs(annualised risk % capital) 31.8
Net sum of annualised risk % capital 8.0 

=======================================================================================================================================================================================================================================
                                                                                                             Correlations                                                                                                              
=======================================================================================================================================================================================================================================

               BUND   CHF  CORN  GAS-PEN   NZD  PLAT  SILVER  SOYMEAL   DOW  EU-AUTO  EU-BASIC  KOSDAQ   MIB  MSCISING  MSCITAIWAN  MUMMY  RUSSELL   SMI  CANOLA  COTTON2  CRUDE_W_micro  LEANHOG  LIVECOW   MXP  SUGAR11  YENEUR   VIX
BUND           1.00  0.38  0.06    -0.09  0.23  0.18    0.20     0.25  0.08    -0.00      0.01   -0.01 -0.15      0.03        0.05   0.00     0.04  0.15   -0.25    -0.17          -0.33    -0.13    -0.14 -0.12    -0.24   -0.54  0.18
CHF            0.38  1.00  0.03     0.03  0.51  0.15    0.10     0.29 -0.02     0.08     -0.00    0.00 -0.06     -0.02       -0.19   0.01    -0.08  0.12   -0.12    -0.14          -0.26    -0.03    -0.26 -0.28    -0.05   -0.48  0.33
CORN           0.06  0.03  1.00     0.23 -0.02  0.06    0.05     0.42 -0.03     0.05      0.32    0.18 -0.01      0.05        0.18  -0.08    -0.05  0.05    0.16    -0.03           0.08    -0.02     0.06  0.10     0.06   -0.02  0.10
GAS-PEN       -0.09  0.03  0.23     1.00  0.13  0.02   -0.05     0.07 -0.06    -0.05      0.21   -0.01 -0.09     -0.03        0.05  -0.01    -0.13  0.01    0.09    -0.03           0.20    -0.10     0.09  0.08     0.12    0.11 -0.06
NZD            0.23  0.51 -0.02     0.13  1.00  0.31    0.34     0.17  0.27     0.40      0.41    0.18  0.31      0.30        0.28   0.33     0.24  0.38    0.02     0.18          -0.12    -0.05    -0.03  0.07     0.13   -0.09 -0.22
PLAT           0.18  0.15  0.06     0.02  0.31  1.00    0.69     0.16  0.17     0.14      0.40   -0.02  0.16      0.35        0.22   0.00     0.19  0.23   -0.06     0.03           0.06    -0.07     0.04  0.41    -0.14   -0.13 -0.05
SILVER         0.20  0.10  0.05    -0.05  0.34  0.69    1.00     0.06  0.24     0.12      0.34    0.05  0.17      0.40        0.23  -0.03     0.15  0.21    0.01     0.08           0.12    -0.02     0.14  0.31     0.00    0.05 -0.08
SOYMEAL        0.25  0.29  0.42     0.07  0.17  0.16    0.06     1.00 -0.05     0.15      0.32    0.04  0.07     -0.03       -0.03   0.07    -0.03  0.05    0.24    -0.11          -0.29    -0.03     0.10 -0.16     0.10   -0.28  0.13
DOW            0.08 -0.02 -0.03    -0.06  0.27  0.17    0.24    -0.05  1.00     0.44      0.34    0.40  0.62      0.55        0.40   0.57     0.80  0.57    0.00     0.13           0.02     0.22     0.24  0.30     0.11    0.18 -0.68
EU-AUTO       -0.00  0.08  0.05    -0.05  0.40  0.14    0.12     0.15  0.44     1.00      0.56    0.37  0.81      0.37        0.39   0.41     0.44  0.62    0.10     0.12          -0.08     0.08     0.09  0.13    -0.07    0.11 -0.35
EU-BASIC       0.01 -0.00  0.32     0.21  0.41  0.40    0.34     0.32  0.34     0.56      1.00    0.40  0.54      0.44        0.42   0.30     0.40  0.53    0.26     0.20           0.21     0.10     0.29  0.37     0.14    0.14 -0.30
KOSDAQ        -0.01  0.00  0.18    -0.01  0.18 -0.02    0.05     0.04  0.40     0.37      0.40    1.00  0.40      0.31        0.46   0.37     0.28  0.42    0.04     0.24           0.11    -0.08     0.11  0.16     0.19    0.15 -0.36
MIB           -0.15 -0.06 -0.01    -0.09  0.31  0.16    0.17     0.07  0.62     0.81      0.54    0.40  1.00      0.46        0.45   0.44     0.57  0.68    0.21     0.17          -0.05     0.14     0.16  0.21     0.03    0.25 -0.55
MSCISING       0.03 -0.02  0.05    -0.03  0.30  0.35    0.40    -0.03  0.55     0.37      0.44    0.31  0.46      1.00        0.43   0.40     0.51  0.50   -0.09     0.15           0.05     0.07     0.16  0.34     0.06    0.17 -0.51
MSCITAIWAN     0.05 -0.19  0.18     0.05  0.28  0.22    0.23    -0.03  0.40     0.39      0.42    0.46  0.45      0.43        1.00   0.34     0.39  0.44    0.05     0.21           0.11    -0.22     0.20  0.28     0.10    0.22 -0.49
MUMMY          0.00  0.01 -0.08    -0.01  0.33  0.00   -0.03     0.07  0.57     0.41      0.30    0.37  0.44      0.40        0.34   1.00     0.56  0.33    0.06     0.16          -0.05     0.05     0.10  0.11     0.25    0.24 -0.49
RUSSELL        0.04 -0.08 -0.05    -0.13  0.24  0.19    0.15    -0.03  0.80     0.44      0.40    0.28  0.57      0.51        0.39   0.56     1.00  0.47    0.09     0.23           0.02     0.24     0.30  0.39    -0.00    0.13 -0.63
SMI            0.15  0.12  0.05     0.01  0.38  0.23    0.21     0.05  0.57     0.62      0.53    0.42  0.68      0.50        0.44   0.33     0.47  1.00   -0.05     0.11          -0.14     0.04     0.05  0.11    -0.04   -0.03 -0.43
CANOLA        -0.25 -0.12  0.16     0.09  0.02 -0.06    0.01     0.24  0.00     0.10      0.26    0.04  0.21     -0.09        0.05   0.06     0.09 -0.05    1.00     0.10           0.16     0.36     0.24 -0.04     0.40    0.39 -0.02
COTTON2       -0.17 -0.14 -0.03    -0.03  0.18  0.03    0.08    -0.11  0.13     0.12      0.20    0.24  0.17      0.15        0.21   0.16     0.23  0.11    0.10     1.00           0.29     0.18     0.20  0.17     0.40    0.16 -0.18
CRUDE_W_micro -0.33 -0.26  0.08     0.20 -0.12  0.06    0.12    -0.29  0.02    -0.08      0.21    0.11 -0.05      0.05        0.11  -0.05     0.02 -0.14    0.16     0.29           1.00     0.15     0.33  0.42     0.22    0.46 -0.06
LEANHOG       -0.13 -0.03 -0.02    -0.10 -0.05 -0.07   -0.02    -0.03  0.22     0.08      0.10   -0.08  0.14      0.07       -0.22   0.05     0.24  0.04    0.36     0.18           0.15     1.00     0.25 -0.04     0.15    0.23  0.01
LIVECOW       -0.14 -0.26  0.06     0.09 -0.03  0.04    0.14     0.10  0.24     0.09      0.29    0.11  0.16      0.16        0.20   0.10     0.30  0.05    0.24     0.20           0.33     0.25     1.00  0.14     0.29    0.32 -0.24
MXP           -0.12 -0.28  0.10     0.08  0.07  0.41    0.31    -0.16  0.30     0.13      0.37    0.16  0.21      0.34        0.28   0.11     0.39  0.11   -0.04     0.17           0.42    -0.04     0.14  1.00    -0.09    0.26 -0.37
SUGAR11       -0.24 -0.05  0.06     0.12  0.13 -0.14    0.00     0.10  0.11    -0.07      0.14    0.19  0.03      0.06        0.10   0.25    -0.00 -0.04    0.40     0.40           0.22     0.15     0.29 -0.09     1.00    0.33 -0.18
YENEUR        -0.54 -0.48 -0.02     0.11 -0.09 -0.13    0.05    -0.28  0.18     0.11      0.14    0.15  0.25      0.17        0.22   0.24     0.13 -0.03    0.39     0.16           0.46     0.23     0.32  0.26     0.33    1.00 -0.34
VIX            0.18  0.33  0.10    -0.06 -0.22 -0.05   -0.08     0.13 -0.68    -0.35     -0.30   -0.36 -0.55     -0.51       -0.49  -0.49    -0.63 -0.43   -0.02    -0.18          -0.06     0.01    -0.24 -0.37    -0.18   -0.34  1.00


********************************************************************************
                                 END OF REPORT                                  
********************************************************************************


