
********************************************************************************
                    Risk report produced on 04/05/2026 22:53                    
********************************************************************************


Total risk across all strategies, annualised percentage 12.4
Percentage of capital used for margin 37.3%

========================================
Risk per strategy, annualised percentage
========================================

                  risk
dynamic_TF_carry  12.4


===================
Risk by asset class
===================

Ags       1.8
Bond      2.0
Equity    4.9
FX        4.7
Metals    1.6
OilGas    4.9
Other     0.2
Sector    1.7
Vol       0.1
dtype: float64


=====================================================
Beta loadings of asset class positions on asset class
=====================================================

Bond     -0.30
Metals   -0.04
Vol      -0.00
Other     0.01
FX        0.05
Ags       0.07
OilGas    0.09
Sector    0.09
Equity    0.29
dtype: float64


========================================================
Beta loadings of full portfolio positions on asset class
========================================================

Bond     -0.25
Vol      -0.09
FX       -0.04
Metals    0.03
OilGas    0.09
Other     0.11
Equity    0.25
Sector    0.31
Ags       0.36
dtype: float64


===================================================================================================================================================================================================================================================================
                                                                                                                          Instrument risk                                                                                                                          
===================================================================================================================================================================================================================================================================

               daily_price_stdev  annual_price_stdev     price  daily_perc_stdev  annual_perc_stdev  point_size_base  contract_exposure  daily_risk_per_contract  annual_risk_per_contract  position  capital  exposure_held_perc_capital  annual_risk_perc_capital
JPY                        0.000               0.001      0.01              0.66               10.6        9198075.0              58766                      387                      6205        -2   691377                       -17.0                      -1.8
GAS-PEN                    0.095               1.515      2.76              3.43               54.8           7358.5              20338                      696                     11149        -1   691377                        -2.9                      -1.6
BITCOIN                 1890.624           30249.987  78900.00              2.40               38.3              0.1               5805                      139                      2225        -5   691377                        -4.2                      -1.6
LEANHOG                    1.059              16.941    103.45              1.02               16.4            294.3              30449                      311                      4986        -2   691377                        -8.8                      -1.4
CHF                        0.006               0.103      1.29              0.50                8.0          91980.8             118273                      594                      9506        -1   691377                       -17.1                      -1.4
BTP                        0.608               9.727    116.96              0.52                8.3            862.6             100892                      524                      8390        -1   691377                       -14.6                      -1.2
DAX                      283.672            4538.750  24387.00              1.16               18.6              0.9              21036                      244                      3915        -2   691377                        -6.1                      -1.1
KR10                       0.481               7.702    108.50              0.44                7.1            500.3              54281                      240                      3853        -2   691377                       -15.7                      -1.1
DOW                      450.646            7210.331  49713.00              0.91               14.5              0.4              18290                      165                      2652        -2   691377                        -5.3                      -0.8
EUR_micro                  0.004               0.071      1.17              0.38                6.0           9198.1              10805                       40                       649        -4   691377                        -6.3                      -0.4
V2X                        0.588               9.400     22.10              2.66               42.5             86.3               1906                       50                       810        -1   691377                        -0.3                      -0.1
RUBBER                     2.431              38.888    214.50              1.13               18.1             36.8               7891                       89                      1430         1   691377                         1.1                       0.2
MUMMY                     12.659             202.546    761.00              1.66               26.6              4.7               3560                       59                       947         2   691377                         1.0                       0.3
CORN                       3.668              58.688    498.25              0.74               11.8             36.8              18331                      134                      2159         1   691377                         2.7                       0.3
AUD_micro                  0.004               0.064      0.72              0.55                8.8           7358.5               5301                       29                       468         5   691377                         3.8                       0.3
CRUDE_W_micro              2.361              37.779     91.84              2.57               41.1             73.6               6758                      173                      2779         1   691377                         1.0                       0.4
CANOLA                     8.601             137.612    757.20              1.14               18.2             10.8               8202                       93                      1490         2   691377                         2.4                       0.4
MXP                        0.000               0.005      0.06              0.57                9.2         367923.0              21019                      120                      1923         2   691377                         6.1                       0.6
EU-OIL                     7.192             115.071    552.80              1.30               20.8             43.1              23842                      310                      4963         1   691377                         3.4                       0.7
NIKKEI                   869.645           13914.313  59695.00              1.46               23.3              0.5              27929                      406                      6510         1   691377                         4.0                       0.9
RUSSELL                   32.779             524.467   2820.60              1.16               18.6              3.7              10377                      120                      1929         4   691377                         6.0                       1.1
GBP                        0.006               0.094      1.36              0.43                6.9          45990.4              62454                      270                      4323         2   691377                        18.1                       1.3
EU-BASIC                  12.674             202.791    788.00              1.61               25.7             43.1              33987                      546                      8746         1   691377                         4.9                       1.3
NZD                        0.004               0.061      0.59              0.64               10.3          73584.6              43503                      279                      4475         2   691377                        12.6                       1.3
LIVECOW                    2.090              33.437    253.00              0.83               13.2            294.3              74467                      615                      9841         1   691377                        10.8                       1.4
YENEUR                     0.938              15.010    183.86              0.51                8.2            584.8             107530                      548                      8778         2   691377                        31.1                       2.5
GASOILINE                  0.065               1.045      3.43              1.90               30.4          30905.5             106126                     2019                     32311         1   691377                        15.4                       4.7
MIB                      489.790            7836.645  47675.00              1.03               16.4              4.3             205628                     2112                     33800         1   691377                        29.7                       4.9

Sum of abs(notional exposure % capital) 252.4
Sum of abs(annualised risk % capital) 35.1
Net sum of annualised risk % capital 10.1 

===========================================================================================================================================================================================================================================
                                                                                                               Correlations                                                                                                                
===========================================================================================================================================================================================================================================

               CANOLA  CORN  CRUDE_W_micro  EU-OIL  GAS-PEN  GASOILINE   BTP   CHF  EUR_micro   JPY  KR10  BITCOIN  LEANHOG  LIVECOW  MUMMY  RUBBER  YENEUR  AUD_micro   DAX   DOW  EU-BASIC   GBP   MIB   MXP  NIKKEI   NZD  RUSSELL   V2X
CANOLA           1.00  0.35           0.30    0.13     0.16       0.35 -0.12 -0.11      -0.15 -0.12 -0.23    -0.07     0.13    -0.10   0.01    0.12   -0.02      -0.10 -0.24 -0.14     -0.16 -0.20 -0.15 -0.12   -0.07 -0.10    -0.17  0.24
CORN             0.35  1.00           0.25    0.23     0.14       0.33 -0.29  0.03      -0.03  0.04 -0.34     0.06     0.13    -0.06  -0.03    0.24   -0.10       0.19 -0.21 -0.04     -0.08 -0.02 -0.08 -0.04   -0.12  0.15    -0.11  0.23
CRUDE_W_micro    0.30  0.25           1.00    0.67     0.23       0.94 -0.17 -0.26      -0.22 -0.27 -0.15     0.25     0.18     0.12   0.24    0.28    0.12       0.28  0.10  0.08      0.13 -0.14  0.22  0.04    0.09  0.02     0.04  0.01
EU-OIL           0.13  0.23           0.67    1.00     0.16       0.70 -0.22 -0.40      -0.27 -0.31 -0.25     0.19     0.21     0.26   0.12    0.36    0.12       0.24  0.21  0.19      0.37 -0.09  0.39  0.11    0.11  0.03     0.16 -0.14
GAS-PEN          0.16  0.14           0.23    0.16     1.00       0.24 -0.14  0.02      -0.04 -0.03  0.00     0.17    -0.06    -0.18   0.11   -0.00   -0.05       0.10 -0.04 -0.06     -0.06 -0.02 -0.09 -0.05    0.02  0.02    -0.12  0.09
GASOILINE        0.35  0.33           0.94    0.70     0.24       1.00 -0.27 -0.33      -0.29 -0.30 -0.25     0.23     0.11     0.13   0.15    0.28    0.09       0.19  0.02  0.05      0.03 -0.21  0.16 -0.02    0.07 -0.06     0.03  0.10
BTP             -0.12 -0.29          -0.17   -0.22    -0.14      -0.27  1.00  0.32       0.21  0.27  0.48     0.07    -0.01    -0.05   0.27    0.10   -0.17       0.28  0.51  0.42      0.40  0.26  0.39  0.30    0.33  0.25     0.37 -0.43
CHF             -0.11  0.03          -0.26   -0.40     0.02      -0.33  0.32  1.00       0.85  0.70  0.31     0.05     0.01    -0.14   0.04   -0.02   -0.06       0.51  0.07  0.09      0.12  0.71  0.02  0.44    0.09  0.67     0.03 -0.17
EUR_micro       -0.15 -0.03          -0.22   -0.27    -0.04      -0.29  0.21  0.85       1.00  0.69  0.22     0.07     0.06     0.02   0.06    0.07    0.11       0.56  0.18  0.15      0.24  0.82  0.19  0.61    0.17  0.72     0.14 -0.30
JPY             -0.12  0.04          -0.27   -0.31    -0.03      -0.30  0.27  0.70       0.69  1.00  0.35    -0.05     0.03    -0.05  -0.09    0.08   -0.63       0.35 -0.03  0.02     -0.04  0.54 -0.06  0.19   -0.19  0.47    -0.08  0.02
KR10            -0.23 -0.34          -0.15   -0.25     0.00      -0.25  0.48  0.31       0.22  0.35  1.00     0.19    -0.10    -0.08   0.12   -0.03   -0.26       0.15  0.21  0.18      0.09  0.24  0.03  0.04    0.07  0.08     0.19 -0.14
BITCOIN         -0.07  0.06           0.25    0.19     0.17       0.23  0.07  0.05       0.07 -0.05  0.19     1.00     0.03     0.18   0.28    0.07    0.13       0.30  0.35  0.34      0.20  0.26  0.25  0.17    0.19  0.24     0.40 -0.31
LEANHOG          0.13  0.13           0.18    0.21    -0.06       0.11 -0.01  0.01       0.06  0.03 -0.10     0.03     1.00     0.16   0.20    0.16    0.04       0.21  0.14  0.27      0.28  0.08  0.24  0.18   -0.04  0.12     0.28 -0.07
LIVECOW         -0.10 -0.06           0.12    0.26    -0.18       0.13 -0.05 -0.14       0.02 -0.05 -0.08     0.18     0.16     1.00   0.05    0.19    0.10       0.11  0.25  0.15      0.15  0.13  0.31  0.19    0.09  0.11     0.14 -0.20
MUMMY            0.01 -0.03           0.24    0.12     0.11       0.15  0.27  0.04       0.06 -0.09  0.12     0.28     0.20     0.05   1.00    0.12    0.18       0.37  0.57  0.40      0.29  0.22  0.51  0.28    0.54  0.28     0.42 -0.40
RUBBER           0.12  0.24           0.28    0.36    -0.00       0.28  0.10 -0.02       0.07  0.08 -0.03     0.07     0.16     0.19   0.12    1.00   -0.04       0.40  0.32  0.34      0.50  0.20  0.40  0.12    0.25  0.25     0.24 -0.16
YENEUR          -0.02 -0.10           0.12    0.12    -0.05       0.09 -0.17 -0.06       0.11 -0.63 -0.26     0.13     0.04     0.10   0.18   -0.04    1.00       0.10  0.23  0.13      0.30  0.14  0.27  0.40    0.42  0.13     0.24 -0.36
AUD_micro       -0.10  0.19           0.28    0.24     0.10       0.19  0.28  0.51       0.56  0.35  0.15     0.30     0.21     0.11   0.37    0.40    0.10       1.00  0.49  0.52      0.54  0.69  0.54  0.58    0.45  0.87     0.43 -0.48
DAX             -0.24 -0.21           0.10    0.21    -0.04       0.02  0.51  0.07       0.18 -0.03  0.21     0.35     0.14     0.25   0.57    0.32    0.23       0.49  1.00  0.70      0.71  0.38  0.86  0.47    0.70  0.36     0.65 -0.75
DOW             -0.14 -0.04           0.08    0.19    -0.06       0.05  0.42  0.09       0.15  0.02  0.18     0.34     0.27     0.15   0.40    0.34    0.13       0.52  0.70  1.00      0.61  0.33  0.73  0.36    0.61  0.39     0.86 -0.71
EU-BASIC        -0.16 -0.08           0.13    0.37    -0.06       0.03  0.40  0.12       0.24 -0.04  0.09     0.20     0.28     0.15   0.29    0.50    0.30       0.54  0.71  0.61      1.00  0.39  0.76  0.51    0.53  0.42     0.62 -0.67
GBP             -0.20 -0.02          -0.14   -0.09    -0.02      -0.21  0.26  0.71       0.82  0.54  0.24     0.26     0.08     0.13   0.22    0.20    0.14       0.69  0.38  0.33      0.39  1.00  0.37  0.62    0.34  0.81     0.33 -0.47
MIB             -0.15 -0.08           0.22    0.39    -0.09       0.16  0.39  0.02       0.19 -0.06  0.03     0.25     0.24     0.31   0.51    0.40    0.27       0.54  0.86  0.73      0.76  0.37  1.00  0.49    0.66  0.40     0.63 -0.79
MXP             -0.12 -0.04           0.04    0.11    -0.05      -0.02  0.30  0.44       0.61  0.19  0.04     0.17     0.18     0.19   0.28    0.12    0.40       0.58  0.47  0.36      0.51  0.62  0.49  1.00    0.41  0.61     0.42 -0.56
NIKKEI          -0.07 -0.12           0.09    0.11     0.02       0.07  0.33  0.09       0.17 -0.19  0.07     0.19    -0.04     0.09   0.54    0.25    0.42       0.45  0.70  0.61      0.53  0.34  0.66  0.41    1.00  0.38     0.58 -0.70
NZD             -0.10  0.15           0.02    0.03     0.02      -0.06  0.25  0.67       0.72  0.47  0.08     0.24     0.12     0.11   0.28    0.25    0.13       0.87  0.36  0.39      0.42  0.81  0.40  0.61    0.38  1.00     0.33 -0.45
RUSSELL         -0.17 -0.11           0.04    0.16    -0.12       0.03  0.37  0.03       0.14 -0.08  0.19     0.40     0.28     0.14   0.42    0.24    0.24       0.43  0.65  0.86      0.62  0.33  0.63  0.42    0.58  0.33     1.00 -0.69
V2X              0.24  0.23           0.01   -0.14     0.09       0.10 -0.43 -0.17      -0.30  0.02 -0.14    -0.31    -0.07    -0.20  -0.40   -0.16   -0.36      -0.48 -0.75 -0.71     -0.67 -0.47 -0.79 -0.56   -0.70 -0.45    -0.69  1.00


********************************************************************************
                                 END OF REPORT                                  
********************************************************************************


