
********************************************************************************
                    Risk report produced on 19/08/2025 22:53                    
********************************************************************************


Total risk across all strategies, annualised percentage 14.4
Percentage of capital used for margin 42.8%

========================================
Risk per strategy, annualised percentage
========================================

                  risk
dynamic_TF_carry  14.4


===================
Risk by asset class
===================

Ags        4.1
Bond       1.3
Equity    11.2
FX         2.9
Metals     1.7
OilGas     3.7
Sector     1.1
dtype: float64


=====================================================
Beta loadings of asset class positions on asset class
=====================================================

OilGas   -0.09
Sector   -0.06
Metals   -0.05
Ags       0.18
FX        0.21
Bond      0.30
Equity    0.89
dtype: float64


========================================================
Beta loadings of full portfolio positions on asset class
========================================================

Bond     -0.08
OilGas   -0.08
Metals    0.23
Sector    0.38
Ags       0.41
Equity    0.96
FX        1.03
dtype: float64


====================================================================================================================================================================================================================================================================
                                                                                                                          Instrument risk                                                                                                                           
====================================================================================================================================================================================================================================================================

               daily_price_stdev  annual_price_stdev      price  daily_perc_stdev  annual_perc_stdev  point_size_base  contract_exposure  daily_risk_per_contract  annual_risk_per_contract  position  capital  exposure_held_perc_capital  annual_risk_perc_capital
GAS-PEN                    0.100               1.603       2.76              3.63               58.0           7407.7              20474                      742                     11876        -1   568812                        -3.6                      -2.1
GAS_US_mini                0.103               1.645       2.76              3.72               59.5           1851.9               5120                      190                      3046        -3   568812                        -2.7                      -1.6
GOLD_micro                30.649             490.390    3334.60              0.92               14.7              7.4              24701                      227                      3632        -2   568812                        -8.7                      -1.3
EU-TECH                    9.249             147.984     801.80              1.15               18.5             43.2              34614                      399                      6388        -1   568812                        -6.1                      -1.1
JPY                        0.000               0.001       0.01              0.61                9.8        9259670.8              62970                      385                      6174        -1   568812                       -11.1                      -1.1
COPPER-micro               0.152               2.436       4.49              3.39               54.2           1851.9               8317                      281                      4511        -1   568812                        -1.5                      -0.8
WHEAT                      6.772             108.345     520.75              1.30               20.8             37.0              19287                      250                      4012        -1   568812                        -3.4                      -0.7
DOW                      317.581            5081.297   44960.00              0.71               11.3              0.4              16652                      117                      1882        -2   568812                        -5.9                      -0.7
RICE                       0.157               2.512      12.52              1.25               20.1           1481.5              18541                      232                      3721        -1   568812                        -3.3                      -0.7
CRUDE_W_micro              1.134              18.146      61.20              1.85               29.7             74.1               4533                       84                      1344        -2   568812                        -1.6                      -0.5
KRWUSD_mini                0.004               0.062       0.72              0.54                8.6          18519.3              13352                       71                      1151        -2   568812                        -4.7                      -0.4
MUMMY                      8.356             133.697     801.00              1.04               16.7              5.0               4018                       41                       670         1   568812                         0.7                       0.1
RUSSELL                   27.422             438.756    2280.00              1.20               19.2              3.7               8444                      101                      1625         1   568812                         1.5                       0.3
CANOLA                    10.550             168.795     645.80              1.63               26.1             10.7               6926                      113                      1810         1   568812                         1.2                       0.3
TOPIX                     29.377             470.036    3120.25              0.94               15.1              5.0              15654                      147                      2358         1   568812                         2.8                       0.4
KR10                       0.294               4.711     118.09              0.25                4.0            532.2              62842                      156                      2507         1   568812                        11.0                       0.4
BITCOIN                 2343.590           37497.440  113640.00              2.06               33.0              0.1               8418                      173                      2777         1   568812                         1.5                       0.5
NIKKEI                   500.103            8001.641   43610.00              1.15               18.3              0.5              21878                      250                      4014         1   568812                         3.8                       0.7
HANG_mini                271.210            4339.362   25216.00              1.08               17.2              0.9              23953                      257                      4122         1   568812                         4.2                       0.7
GBP                        0.006               0.090       1.35              0.42                6.7          46298.4              62442                      260                      4174         1   568812                        11.0                       0.7
LEANHOG                    1.107              17.707      90.10              1.23               19.7            296.3              26697                      327                      5246         1   568812                         4.7                       0.9
NASDAQ_micro             229.482            3671.704   23428.50              0.98               15.7              1.5              34710                      339                      5439         1   568812                         6.1                       1.0
BTP                        0.431               6.890     120.42              0.36                5.7            863.4             103973                      371                      5948         1   568812                        18.3                       1.0
MXP                        0.000               0.005       0.05              0.55                8.8         370386.8              19608                      108                      1728         4   568812                        13.8                       1.2
YENEUR                     0.737              11.790     171.63              0.43                6.9            627.1             107632                      462                      7393         1   568812                        18.9                       1.3
FTSETAIWAN                18.549             296.776    2020.25              0.92               14.7             29.6              59861                      549                      8793         1   568812                        10.5                       1.5
FEEDCOW                    3.738              59.806     352.45              1.06               17.0            370.4             130542                     1384                     22151         1   568812                        23.0                       3.9
MIB                      363.688            5819.003   43085.00              0.84               13.5              4.3             186003                     1570                     25121         1   568812                        32.7                       4.4
MSCIEAFA                  22.812             364.996    2742.80              0.83               13.3             37.0             101589                      844                     13518         2   568812                        35.7                       4.8

Sum of abs(notional exposure % capital) 254.0
Sum of abs(annualised risk % capital) 35.1
Net sum of annualised risk % capital 13.1 

==================================================================================================================================================================================================================================================================================
                                                                                                                                   Correlations                                                                                                                                   
==================================================================================================================================================================================================================================================================================

                GBP  KRWUSD_mini   BTP   JPY  KR10  COPPER-micro   DOW  EU-TECH  FTSETAIWAN  HANG_mini   MIB  MSCIEAFA  MUMMY  NASDAQ_micro  NIKKEI  RUSSELL  TOPIX  BITCOIN  FEEDCOW  LEANHOG   MXP  RICE  YENEUR  CANOLA  CRUDE_W_micro  GAS-PEN  GAS_US_mini  GOLD_micro  WHEAT
GBP            1.00         0.53 -0.01  0.46  0.04          0.33  0.17     0.13        0.22       0.51  0.21      0.53   0.14          0.17    0.30     0.19   0.30     0.06     0.21     0.15  0.42  0.15    0.23    0.06          -0.22    -0.05        -0.02        0.27  -0.05
KRWUSD_mini    0.53         1.00  0.02  0.53  0.02          0.09  0.13    -0.01        0.06       0.31 -0.07      0.31   0.00          0.12    0.04     0.07  -0.04     0.14     0.08     0.07  0.18  0.19   -0.07    0.04          -0.27     0.16         0.20        0.24   0.13
BTP           -0.01         0.02  1.00  0.25  0.49         -0.15  0.10     0.04       -0.06      -0.10  0.07     -0.03  -0.02          0.04    0.02     0.16   0.01     0.01    -0.19    -0.06 -0.00 -0.09   -0.48   -0.02          -0.09    -0.26        -0.28        0.03  -0.12
JPY            0.46         0.53  0.25  1.00  0.27         -0.00 -0.16    -0.25       -0.24       0.15 -0.22      0.06  -0.16         -0.25   -0.25    -0.17  -0.27     0.01    -0.23    -0.13 -0.00  0.10   -0.62   -0.08          -0.33    -0.12        -0.16        0.27  -0.02
KR10           0.04         0.02  0.49  0.27  1.00         -0.11  0.09    -0.02       -0.09      -0.06 -0.07     -0.06  -0.07          0.03   -0.07     0.08  -0.10    -0.09     0.00    -0.10  0.01  0.10   -0.33   -0.25          -0.28    -0.19        -0.21       -0.17  -0.28
COPPER-micro   0.33         0.09 -0.15 -0.00 -0.11          1.00  0.39     0.31        0.28       0.43  0.42      0.55   0.26          0.34    0.30     0.38   0.27     0.14     0.29     0.12  0.30  0.26    0.26   -0.02           0.04     0.07         0.06        0.20   0.25
DOW            0.17         0.13  0.10 -0.16  0.09          0.39  1.00     0.49        0.63       0.28  0.53      0.76   0.30          0.84    0.51     0.87   0.51     0.23     0.28     0.23  0.15  0.10    0.18   -0.03          -0.04    -0.06        -0.09       -0.12   0.03
EU-TECH        0.13        -0.01  0.04 -0.25 -0.02          0.31  0.49     1.00        0.69       0.40  0.65      0.49   0.29          0.67    0.47     0.52   0.45     0.25     0.26     0.25  0.25  0.03    0.18   -0.04           0.12     0.22         0.21       -0.10   0.11
FTSETAIWAN     0.22         0.06 -0.06 -0.24 -0.09          0.28  0.63     0.69        1.00       0.42  0.57      0.62   0.33          0.81    0.64     0.68   0.61     0.25     0.29     0.17  0.37  0.03    0.25   -0.03           0.14     0.06         0.06       -0.03   0.08
HANG_mini      0.51         0.31 -0.10  0.15 -0.06          0.43  0.28     0.40        0.42       1.00  0.33      0.55   0.23          0.37    0.34     0.24   0.34     0.04     0.16     0.13  0.30  0.08    0.21    0.19          -0.07     0.16         0.17        0.11   0.14
MIB            0.21        -0.07  0.07 -0.22 -0.07          0.42  0.53     0.65        0.57       0.33  1.00      0.67   0.48          0.52    0.63     0.59   0.68     0.19     0.38     0.30  0.21  0.20    0.15   -0.05           0.08     0.00         0.01       -0.06  -0.04
MSCIEAFA       0.53         0.31 -0.03  0.06 -0.06          0.55  0.76     0.49        0.62       0.55  0.67      1.00   0.49          0.72    0.60     0.66   0.64     0.13     0.37     0.33  0.35  0.29    0.27    0.05           0.03    -0.03        -0.02        0.20   0.10
MUMMY          0.14         0.00 -0.02 -0.16 -0.07          0.26  0.30     0.29        0.33       0.23  0.48      0.49   1.00          0.34    0.59     0.38   0.62    -0.01     0.31     0.30  0.14  0.18    0.15   -0.05           0.19    -0.14        -0.11        0.12  -0.01
NASDAQ_micro   0.17         0.12  0.04 -0.25  0.03          0.34  0.84     0.67        0.81       0.37  0.52      0.72   0.34          1.00    0.58     0.77   0.54     0.24     0.22     0.24  0.27  0.10    0.25    0.06           0.08     0.03         0.02       -0.07   0.17
NIKKEI         0.30         0.04  0.02 -0.25 -0.07          0.30  0.51     0.47        0.64       0.34  0.63      0.60   0.59          0.58    1.00     0.56   0.94     0.11     0.34     0.15  0.25  0.00    0.28   -0.04           0.05    -0.01        -0.01       -0.10  -0.11
RUSSELL        0.19         0.07  0.16 -0.17  0.08          0.38  0.87     0.52        0.68       0.24  0.59      0.66   0.38          0.77    0.56     1.00   0.55     0.34     0.31     0.28  0.26  0.08    0.12   -0.06           0.12    -0.07        -0.09       -0.08   0.06
TOPIX          0.30        -0.04  0.01 -0.27 -0.10          0.27  0.51     0.45        0.61       0.34  0.68      0.64   0.62          0.54    0.94     0.55   1.00     0.11     0.38     0.17  0.23  0.01    0.27   -0.04           0.08    -0.05        -0.05       -0.07  -0.12
BITCOIN        0.06         0.14  0.01  0.01 -0.09          0.14  0.23     0.25        0.25       0.04  0.19      0.13  -0.01          0.24    0.11     0.34   0.11     1.00     0.16     0.09  0.10  0.08    0.01   -0.04          -0.07    -0.02         0.02        0.02  -0.06
FEEDCOW        0.21         0.08 -0.19 -0.23  0.00          0.29  0.28     0.26        0.29       0.16  0.38      0.37   0.31          0.22    0.34     0.31   0.38     0.16     1.00     0.19  0.30  0.24    0.39   -0.21           0.13     0.03         0.07        0.07  -0.07
LEANHOG        0.15         0.07 -0.06 -0.13 -0.10          0.12  0.23     0.25        0.17       0.13  0.30      0.33   0.30          0.24    0.15     0.28   0.17     0.09     0.19     1.00  0.12  0.16    0.23    0.30           0.21    -0.01        -0.01        0.10   0.19
MXP            0.42         0.18 -0.00 -0.00  0.01          0.30  0.15     0.25        0.37       0.30  0.21      0.35   0.14          0.27    0.25     0.26   0.23     0.10     0.30     0.12  1.00  0.01    0.36   -0.02           0.11    -0.02         0.00        0.20   0.10
RICE           0.15         0.19 -0.09  0.10  0.10          0.26  0.10     0.03        0.03       0.08  0.20      0.29   0.18          0.10    0.00     0.08   0.01     0.08     0.24     0.16  0.01  1.00    0.08   -0.06           0.03    -0.03        -0.02        0.17   0.03
YENEUR         0.23        -0.07 -0.48 -0.62 -0.33          0.26  0.18     0.18        0.25       0.21  0.15      0.27   0.15          0.25    0.28     0.12   0.27     0.01     0.39     0.23  0.36  0.08    1.00    0.16           0.15     0.07         0.12        0.04   0.06
CANOLA         0.06         0.04 -0.02 -0.08 -0.25         -0.02 -0.03    -0.04       -0.03       0.19 -0.05      0.05  -0.05          0.06   -0.04    -0.06  -0.04    -0.04    -0.21     0.30 -0.02 -0.06    0.16    1.00           0.19     0.15         0.13        0.12   0.24
CRUDE_W_micro -0.22        -0.27 -0.09 -0.33 -0.28          0.04 -0.04     0.12        0.14      -0.07  0.08      0.03   0.19          0.08    0.05     0.12   0.08    -0.07     0.13     0.21  0.11  0.03    0.15    0.19           1.00     0.11         0.11        0.35   0.23
GAS-PEN       -0.05         0.16 -0.26 -0.12 -0.19          0.07 -0.06     0.22        0.06       0.16  0.00     -0.03  -0.14          0.03   -0.01    -0.07  -0.05    -0.02     0.03    -0.01 -0.02 -0.03    0.07    0.15           0.11     1.00         0.97        0.03   0.17
GAS_US_mini   -0.02         0.20 -0.28 -0.16 -0.21          0.06 -0.09     0.21        0.06       0.17  0.01     -0.02  -0.11          0.02   -0.01    -0.09  -0.05     0.02     0.07    -0.01  0.00 -0.02    0.12    0.13           0.11     0.97         1.00        0.03   0.14
GOLD_micro     0.27         0.24  0.03  0.27 -0.17          0.20 -0.12    -0.10       -0.03       0.11 -0.06      0.20   0.12         -0.07   -0.10    -0.08  -0.07     0.02     0.07     0.10  0.20  0.17    0.04    0.12           0.35     0.03         0.03        1.00   0.27
WHEAT         -0.05         0.13 -0.12 -0.02 -0.28          0.25  0.03     0.11        0.08       0.14 -0.04      0.10  -0.01          0.17   -0.11     0.06  -0.12    -0.06    -0.07     0.19  0.10  0.03    0.06    0.24           0.23     0.17         0.14        0.27   1.00


********************************************************************************
                                 END OF REPORT                                  
********************************************************************************


