
********************************************************************************
                    Risk report produced on 16/04/2025 22:52                    
********************************************************************************


Total risk across all strategies, annualised percentage 9.2
Percentage of capital used for margin 39.9%

========================================
Risk per strategy, annualised percentage
========================================

                  risk
dynamic_TF_carry   9.3


===================
Risk by asset class
===================

Ags       3.0
Bond      1.2
Equity    1.9
FX        3.4
Metals    4.7
OilGas    5.0
Sector    0.5
dtype: float64


=====================================================
Beta loadings of asset class positions on asset class
=====================================================

Metals   -0.16
Ags      -0.15
OilGas   -0.12
Bond     -0.09
Equity    0.00
Sector    0.01
FX        0.38
dtype: float64


========================================================
Beta loadings of full portfolio positions on asset class
========================================================

Ags      -0.21
Metals   -0.18
OilGas   -0.16
Equity   -0.12
Bond     -0.01
Sector    0.01
FX        0.11
dtype: float64


=================================================================================================================================================================================================================================================================
                                                                                                                         Instrument risk                                                                                                                         
=================================================================================================================================================================================================================================================================

             daily_price_stdev  annual_price_stdev     price  daily_perc_stdev  annual_perc_stdev  point_size_base  contract_exposure  daily_risk_per_contract  annual_risk_per_contract  position  capital  exposure_held_perc_capital  annual_risk_perc_capital
BRENT-LAST               1.585              25.352     65.21              2.43               38.9            753.1              49106                     1193                     19091        -1   542830                        -9.0                      -3.5
GAS-PEN                  0.129               2.057      3.48              3.69               59.0           7530.5              26228                      968                     15488        -1   542830                        -4.8                      -2.9
LEANHOG                  1.518              24.290     97.90              1.55               24.8            301.2              29489                      457                      7316        -2   542830                       -10.9                      -2.7
BITCOIN               2777.851           44445.613  84190.00              3.30               52.8              0.1               6339                      209                      3346        -4   542830                        -4.7                      -2.5
ALUMINIUM               41.572             665.153   2303.00              1.81               28.9             18.8              43357                      782                     12522        -1   542830                        -8.0                      -2.3
SILVER                   0.788              12.614     33.13              2.38               38.1            753.1              24948                      593                      9499        -1   542830                        -4.6                      -1.7
US10U                    0.631              10.096    113.94              0.55                8.9            753.1              85801                      475                      7602        -1   542830                       -15.8                      -1.4
SP500_micro            117.176            1874.813   5277.00              2.22               35.5              3.8              19869                      441                      7059        -1   542830                        -3.7                      -1.3
WHEAT                    7.649             122.376    595.25              1.28               20.6             37.7              22412                      287                      4607        -1   542830                        -4.1                      -0.8
RUSSELL                 44.136             706.172   1852.40              2.38               38.1              3.8               6974                      166                      2658        -1   542830                        -1.3                      -0.5
MXP                      0.000               0.007      0.05              0.92               14.8         376527.3              18687                      172                      2758         1   542830                         3.4                       0.5
EU-BANKS                 4.220              67.513    173.60              2.43               38.9             42.8               7437                      180                      2892         1   542830                         1.4                       0.5
KR10                     0.350               5.600    120.58              0.29                4.6            530.2              63925                      185                      2968         1   542830                        11.8                       0.5
YENEUR                   0.966              15.448    161.09              0.60                9.6            662.4             106700                      639                     10232         1   542830                        19.7                       1.9
MUMMY                   18.270             292.325    627.00              2.91               46.6              5.3               3322                       96                      1549         7   542830                         4.3                       2.0
GBP                      0.007               0.117      1.32              0.55                8.9          47065.9              62324                      345                      5522         2   542830                        23.0                       2.0

Sum of abs(notional exposure % capital) 130.5
Sum of abs(annualised risk % capital) 27.0
Net sum of annualised risk % capital -12.2 

====================================================================================================================================================
                                                                    Correlations                                                                    
====================================================================================================================================================

             KR10  US10U  ALUMINIUM  BRENT-LAST  EU-BANKS  MUMMY  RUSSELL  SILVER  SP500_micro   GBP  LEANHOG   MXP  YENEUR  GAS-PEN  WHEAT  BITCOIN
KR10         1.00   0.58      -0.26       -0.27     -0.27  -0.16     0.03   -0.18        -0.02  0.00    -0.14 -0.05   -0.40    -0.16  -0.19    -0.10
US10U        0.58   1.00      -0.29       -0.25     -0.27  -0.26    -0.05   -0.28        -0.24  0.04    -0.32 -0.14   -0.54    -0.04  -0.20    -0.07
ALUMINIUM   -0.26  -0.29       1.00        0.40      0.52   0.18     0.45    0.60         0.56  0.19     0.20  0.27    0.11     0.28   0.25     0.20
BRENT-LAST  -0.27  -0.25       0.40        1.00      0.25   0.24     0.39    0.36         0.42 -0.15     0.13  0.19    0.28     0.23   0.10    -0.06
EU-BANKS    -0.27  -0.27       0.52        0.25      1.00   0.45     0.48    0.49         0.53  0.27     0.33  0.16    0.25     0.10   0.04     0.04
MUMMY       -0.16  -0.26       0.18        0.24      0.45   1.00     0.48    0.31         0.49  0.18     0.23  0.11    0.17    -0.07   0.02    -0.03
RUSSELL      0.03  -0.05       0.45        0.39      0.48   0.48     1.00    0.37         0.82  0.22     0.30  0.15   -0.00    -0.08   0.06     0.29
SILVER      -0.18  -0.28       0.60        0.36      0.49   0.31     0.37    1.00         0.54  0.30     0.29  0.26    0.20     0.08   0.19     0.06
SP500_micro -0.02  -0.24       0.56        0.42      0.53   0.49     0.82    0.54         1.00  0.25     0.25  0.19    0.14     0.03   0.20     0.16
GBP          0.00   0.04       0.19       -0.15      0.27   0.18     0.22    0.30         0.25  1.00     0.19  0.33    0.26     0.03   0.03    -0.00
LEANHOG     -0.14  -0.32       0.20        0.13      0.33   0.23     0.30    0.29         0.25  0.19     1.00  0.05    0.26    -0.01   0.19     0.16
MXP         -0.05  -0.14       0.27        0.19      0.16   0.11     0.15    0.26         0.19  0.33     0.05  1.00    0.35     0.13   0.19    -0.01
YENEUR      -0.40  -0.54       0.11        0.28      0.25   0.17    -0.00    0.20         0.14  0.26     0.26  0.35    1.00     0.10   0.05    -0.04
GAS-PEN     -0.16  -0.04       0.28        0.23      0.10  -0.07    -0.08    0.08         0.03  0.03    -0.01  0.13    0.10     1.00   0.11     0.01
WHEAT       -0.19  -0.20       0.25        0.10      0.04   0.02     0.06    0.19         0.20  0.03     0.19  0.19    0.05     0.11   1.00     0.01
BITCOIN     -0.10  -0.07       0.20       -0.06      0.04  -0.03     0.29    0.06         0.16 -0.00     0.16 -0.01   -0.04     0.01   0.01     1.00


********************************************************************************
                                 END OF REPORT                                  
********************************************************************************


