
********************************************************************************
                    Risk report produced on 26/06/2024 22:51                    
********************************************************************************


Total risk across all strategies, annualised percentage 10.9
Percentage of capital used for margin 75.8%

========================================
Risk per strategy, annualised percentage
========================================

                  risk
dynamic_TF_carry  10.9


===================
Risk by asset class
===================

Ags       1.1
Bond      1.3
Equity    7.4
FX        3.7
Metals    0.7
OilGas    0.2
Vol       3.1
dtype: float64


=====================================================
Beta loadings of asset class positions on asset class
=====================================================

Bond     -0.17
Vol      -0.10
Metals   -0.01
OilGas    0.01
Ags       0.04
FX        0.13
Equity    0.68
dtype: float64


========================================================
Beta loadings of full portfolio positions on asset class
========================================================

Vol      -0.30
Bond     -0.19
Metals    0.02
OilGas    0.02
Ags       0.12
Equity    0.86
FX        0.88
dtype: float64


===================================================================================================================================================================================================================================================================
                                                                                                                          Instrument risk                                                                                                                          
===================================================================================================================================================================================================================================================================

               daily_price_stdev  annual_price_stdev     price  daily_perc_stdev  annual_perc_stdev  point_size_base  contract_exposure  daily_risk_per_contract  annual_risk_per_contract  position  capital  exposure_held_perc_capital  annual_risk_perc_capital
VIX                        0.312               4.986     14.85              2.10               33.6            788.2              11704                      245                      3930        -5   651603                        -9.0                      -3.0
EUROSTX                   43.589             697.430   4957.00              0.88               14.1              8.4              41824                      367                      5884        -2   651603                       -12.8                      -1.8
JPY                        0.000               0.001      0.01              0.56                8.9        9852605.0              62046                      346                      5549        -2   651603                       -19.0                      -1.7
BUND                       0.633              10.126    132.04              0.48                7.7            843.8             111409                      533                      8543        -1   651603                       -17.1                      -1.3
CHINAA-CON                16.256             260.089   1924.20              0.84               13.5             19.7              37916                      320                      5125        -1   651603                        -5.8                      -0.8
BITCOIN                 1725.375           27605.999  61280.00              2.82               45.0              0.1               4830                      135                      2175        -2   651603                        -1.5                      -0.7
CORN                       5.604              89.664    435.75              1.29               20.6             39.4              17173                      220                      3533        -1   651603                        -2.6                      -0.5
FTSECHINAA               102.779            1644.460  11918.00              0.86               13.8              0.8               9393                       81                      1296        -2   651603                        -2.9                      -0.4
DAX                      145.013            2320.204  18335.00              0.79               12.7              0.8              15470                      122                      1957        -1   651603                        -2.4                      -0.3
RUSSELL                   21.140             338.239   2035.30              1.04               16.6              3.9               8021                       83                      1333        -1   651603                        -1.2                      -0.2
V2X                        0.382               6.115     17.00              2.25               36.0             84.4               1434                       32                       515        -2   651603                        -0.4                      -0.2
CRUDE_W_micro              1.236              19.777     79.34              1.56               24.9             78.8               6253                       97                      1558         1   651603                         1.0                       0.2
SP500_micro               34.594             553.511   5432.50              0.63               10.1              3.9              21409                      136                      2181         1   651603                         3.3                       0.3
TOPIX                     23.490             375.847   2798.75              0.84               13.4              4.9              13803                      115                      1853         3   651603                         6.4                       0.9
LIVECOW                    1.364              21.817    186.12              0.73               11.7            315.3              58682                      429                      6878         1   651603                         9.0                       1.1
DOW                      252.616            4041.852  39535.00              0.64               10.2              0.4              15580                       99                      1592         5   651603                        12.0                       1.2
NIKKEI                   354.012            5664.198  39680.00              0.89               14.3              0.5              19569                      174                      2793         3   651603                         9.0                       1.3
FTSETAIWAN                16.703             267.256   1920.75              0.87               13.9             31.5              60558                      526                      8426         1   651603                         9.3                       1.3
NASDAQ_micro             169.295            2708.718  19948.25              0.85               13.6              1.6              31446                      266                      4270         2   651603                         9.7                       1.3
YENEUR                     0.787              12.586    170.19              0.46                7.4            616.5             104919                      484                      7759         2   651603                        32.2                       2.4
AEX                        5.827              93.228    925.65              0.63               10.1            168.8             156204                      983                     15732         1   651603                        24.0                       2.4
MIB                      349.685            5594.967  33795.00              1.03               16.6              4.2             142573                     1475                     23603         1   651603                        21.9                       3.6

Sum of abs(notional exposure % capital) 212.5
Sum of abs(annualised risk % capital) 26.9
Net sum of annualised risk % capital 5.1 

============================================================================================================================================================================================================
                                                                                                Correlations                                                                                                
============================================================================================================================================================================================================

                V2X   VIX  BITCOIN  BUND  CORN   JPY  CHINAA-CON  CRUDE_W_micro  FTSECHINAA  FTSETAIWAN  LIVECOW   AEX   DAX   DOW  EUROSTX   MIB  NASDAQ_micro  RUSSELL  SP500_micro  NIKKEI  TOPIX  YENEUR
V2X            1.00  0.81    -0.09  0.08 -0.07 -0.09       -0.11           0.03       -0.12       -0.27    -0.07 -0.60 -0.76 -0.57    -0.74 -0.70         -0.43    -0.59        -0.59   -0.44  -0.43   -0.25
VIX            0.81  1.00    -0.14  0.05 -0.11 -0.17       -0.25           0.08       -0.23       -0.31    -0.12 -0.50 -0.65 -0.65    -0.64 -0.58         -0.57    -0.60        -0.70   -0.37  -0.42   -0.21
BITCOIN       -0.09 -0.14     1.00  0.14  0.11  0.18       -0.07          -0.04       -0.16        0.17    -0.17  0.21  0.29  0.23     0.31  0.23          0.08     0.29         0.18    0.06  -0.03   -0.06
BUND           0.08  0.05     0.14  1.00 -0.00  0.39       -0.04          -0.23       -0.08        0.27    -0.10  0.27  0.20  0.32     0.23  0.06          0.25     0.20         0.24   -0.05  -0.09   -0.31
CORN          -0.07 -0.11     0.11 -0.00  1.00  0.09        0.03           0.18        0.01        0.19     0.08  0.01  0.09  0.12     0.03  0.02          0.12     0.09         0.13    0.05   0.02    0.05
JPY           -0.09 -0.17     0.18  0.39  0.09  1.00        0.06          -0.02        0.02        0.17     0.04  0.20  0.28  0.30     0.30  0.17          0.28     0.27         0.31   -0.29  -0.29   -0.66
CHINAA-CON    -0.11 -0.25    -0.07 -0.04  0.03  0.06        1.00           0.17        0.94        0.38     0.35  0.25  0.12  0.26     0.16  0.15          0.27     0.19         0.32    0.14   0.15    0.16
CRUDE_W_micro  0.03  0.08    -0.04 -0.23  0.18 -0.02        0.17           1.00        0.13        0.25     0.41  0.08 -0.04  0.08    -0.04  0.04          0.01     0.13         0.07    0.18   0.17    0.01
FTSECHINAA    -0.12 -0.23    -0.16 -0.08  0.01  0.02        0.94           0.13        1.00        0.28     0.30  0.22  0.08  0.18     0.13  0.11          0.18     0.13         0.22    0.14   0.19    0.16
FTSETAIWAN    -0.27 -0.31     0.17  0.27  0.19  0.17        0.38           0.25        0.28        1.00     0.17  0.53  0.35  0.44     0.34  0.24          0.57     0.46         0.55    0.31   0.24    0.02
LIVECOW       -0.07 -0.12    -0.17 -0.10  0.08  0.04        0.35           0.41        0.30        0.17     1.00  0.08 -0.04  0.21     0.03  0.10          0.25     0.14         0.24    0.06   0.06    0.05
AEX           -0.60 -0.50     0.21  0.27  0.01  0.20        0.25           0.08        0.22        0.53     0.08  1.00  0.78  0.65     0.83  0.66          0.58     0.69         0.70    0.46   0.37    0.05
DAX           -0.76 -0.65     0.29  0.20  0.09  0.28        0.12          -0.04        0.08        0.35    -0.04  0.78  1.00  0.71     0.96  0.86          0.50     0.72         0.69    0.40   0.34    0.07
DOW           -0.57 -0.65     0.23  0.32  0.12  0.30        0.26           0.08        0.18        0.44     0.21  0.65  0.71  1.00     0.72  0.67          0.67     0.77         0.86    0.37   0.35    0.04
EUROSTX       -0.74 -0.64     0.31  0.23  0.03  0.30        0.16          -0.04        0.13        0.34     0.03  0.83  0.96  0.72     1.00  0.86          0.50     0.71         0.69    0.38   0.33    0.05
MIB           -0.70 -0.58     0.23  0.06  0.02  0.17        0.15           0.04        0.11        0.24     0.10  0.66  0.86  0.67     0.86  1.00          0.35     0.68         0.60    0.47   0.46    0.19
NASDAQ_micro  -0.43 -0.57     0.08  0.25  0.12  0.28        0.27           0.01        0.18        0.57     0.25  0.58  0.50  0.67     0.50  0.35          1.00     0.62         0.92    0.43   0.32    0.07
RUSSELL       -0.59 -0.60     0.29  0.20  0.09  0.27        0.19           0.13        0.13        0.46     0.14  0.69  0.72  0.77     0.71  0.68          0.62     1.00         0.78    0.48   0.42    0.04
SP500_micro   -0.59 -0.70     0.18  0.24  0.13  0.31        0.32           0.07        0.22        0.55     0.24  0.70  0.69  0.86     0.69  0.60          0.92     0.78         1.00    0.49   0.42    0.10
NIKKEI        -0.44 -0.37     0.06 -0.05  0.05 -0.29        0.14           0.18        0.14        0.31     0.06  0.46  0.40  0.37     0.38  0.47          0.43     0.48         0.49    1.00   0.93    0.44
TOPIX         -0.43 -0.42    -0.03 -0.09  0.02 -0.29        0.15           0.17        0.19        0.24     0.06  0.37  0.34  0.35     0.33  0.46          0.32     0.42         0.42    0.93   1.00    0.42
YENEUR        -0.25 -0.21    -0.06 -0.31  0.05 -0.66        0.16           0.01        0.16        0.02     0.05  0.05  0.07  0.04     0.05  0.19          0.07     0.04         0.10    0.44   0.42    1.00


********************************************************************************
                                 END OF REPORT                                  
********************************************************************************


