
********************************************************************************
                    Risk report produced on 31/10/2025 22:54                    
********************************************************************************


Total risk across all strategies, annualised percentage 12.7
Percentage of capital used for margin 44.3%

========================================
Risk per strategy, annualised percentage
========================================

                  risk
dynamic_TF_carry  12.7


===================
Risk by asset class
===================

Ags        0.9
Bond       3.5
Equity    10.5
FX         4.0
Metals     1.8
OilGas     3.2
dtype: float64


=====================================================
Beta loadings of asset class positions on asset class
=====================================================

OilGas   -0.07
FX       -0.03
Metals    0.00
Ags       0.02
Bond      0.71
Equity    0.97
dtype: float64


========================================================
Beta loadings of full portfolio positions on asset class
========================================================

OilGas   -0.08
Ags       0.13
Metals    0.14
Bond      0.35
FX        0.63
Equity    1.01
dtype: float64


==================================================================================================================================================================================================================================================================
                                                                                                                         Instrument risk                                                                                                                          
==================================================================================================================================================================================================================================================================

             daily_price_stdev  annual_price_stdev      price  daily_perc_stdev  annual_perc_stdev  point_size_base  contract_exposure  daily_risk_per_contract  annual_risk_per_contract  position  capital  exposure_held_perc_capital  annual_risk_perc_capital
JPY                      0.000               0.001       0.01              0.59                9.4        9512032.7              61985                      365                      5845        -3   619218                       -30.0                      -2.8
GAS-PEN                  0.110               1.768       3.33              3.32               53.1           7609.6              25340                      840                     13450        -1   619218                        -4.1                      -2.2
GOLD_micro              61.856             989.697    4010.00              1.54               24.7              7.6              30514                      470                      7531        -1   619218                        -4.9                      -1.2
GAS_US_mini              0.111               1.777       4.09              2.72               43.4           1902.4               7780                      211                      3380        -2   619218                        -2.5                      -1.1
BITCOIN               2744.235           43907.758  110195.00              2.49               39.8              0.1               8385                      208                      3341        -2   619218                        -2.7                      -1.1
SP500_micro             54.379             870.071    6870.00              0.79               12.7              3.8              26139                      206                      3310        -2   619218                        -8.4                      -1.1
RICE                     0.153               2.445      10.60              1.44               23.1           1521.9              16132                      232                      3720        -1   619218                        -2.6                      -0.6
KRWUSD_mini              0.003               0.055       0.70              0.49                7.8          19024.1              13345                       64                      1037        -3   619218                        -6.5                      -0.5
KR10                     0.346               5.544     116.25              0.30                4.8            529.5              61557                      183                      2935        -1   619218                        -9.9                      -0.5
AUD_micro                0.003               0.048       0.65              0.46                7.3           7609.6               4981                       22                       365         3   619218                         2.4                       0.2
MXP                      0.000               0.004       0.05              0.45                7.3         380481.3              20389                       92                      1482         1   619218                         3.3                       0.2
KOSPI_mini               6.704             107.265     580.56              1.15               18.5             26.5              15371                      177                      2840         1   619218                         2.5                       0.5
BRE                      0.001               0.019       0.19              0.64               10.3          76096.3              14131                       91                      1457         2   619218                         4.6                       0.5
LEANHOG                  0.958              15.320      81.35              1.18               18.8            304.4              24761                      291                      4663         1   619218                         4.0                       0.8
FTSECHINAA             201.328            3221.249   15330.00              1.31               21.0              0.8              11665                      153                      2451         2   619218                         3.8                       0.8
TOPIX                   35.581             569.303    3329.75              1.07               17.1              4.9              16429                      175                      2808         2   619218                         5.3                       0.9
CAD10                    0.400               6.405     122.76              0.33                5.2            543.4              66706                      217                      3480         2   619218                        21.5                       1.1
YENEUR                   0.759              12.151     177.31              0.43                6.9            616.8             109357                      468                      7494         1   619218                        17.7                       1.2
OAT                      0.341               5.460     122.59              0.28                4.5            879.8             107859                      300                      4803         2   619218                        34.8                       1.6
US30                     0.822              13.148     121.50              0.68               10.8            761.0              92456                      625                     10004         1   619218                        14.9                       1.6
MSCIEAFA                19.233             307.729    2805.90              0.69               11.0             38.0             106759                      731                     11708         1   619218                        17.2                       1.9
SILVER                   1.056              16.894      48.24              2.19               35.0            761.0              36708                      803                     12855         1   619218                         5.9                       2.1
FTSETAIWAN              29.752             476.033    2324.75              1.28               20.5             30.4              70761                      905                     14489         1   619218                        11.4                       2.3
AEX                      7.867             125.866     970.95              0.81               13.0            176.0             170855                     1384                     22148         1   619218                        27.6                       3.6
MIB                    327.603            5241.640   42790.00              0.77               12.2              4.4             188240                     1441                     23058         1   619218                        30.4                       3.7

Sum of abs(notional exposure % capital) 278.9
Sum of abs(annualised risk % capital) 34.1
Net sum of annualised risk % capital 11.9 

======================================================================================================================================================================================================================================
                                                                                                             Correlations                                                                                                             
======================================================================================================================================================================================================================================

              AEX  AUD_micro   BRE  FTSECHINAA  FTSETAIWAN  KOSPI_mini   MIB  MSCIEAFA   MXP  SILVER  SP500_micro  TOPIX  BITCOIN  GAS-PEN  GAS_US_mini  LEANHOG  RICE  YENEUR  CAD10  KR10   OAT  US30  GOLD_micro   JPY  KRWUSD_mini
AEX          1.00       0.35  0.36        0.40        0.67        0.56  0.75      0.61  0.25    0.35         0.62   0.49     0.23     0.08         0.06     0.17 -0.00    0.03  -0.02 -0.04  0.02 -0.01        0.01 -0.07        -0.01
AUD_micro    0.35       1.00  0.48        0.40        0.50        0.37  0.38      0.76  0.44    0.53         0.55   0.37     0.24     0.08         0.13     0.19  0.24    0.16  -0.26 -0.06 -0.18 -0.27        0.33  0.30         0.54
BRE          0.36       0.48  1.00        0.44        0.54        0.35  0.32      0.40  0.48    0.33         0.41   0.20     0.14     0.31         0.33     0.09  0.09    0.07  -0.05 -0.04 -0.08 -0.03        0.16  0.16         0.34
FTSECHINAA   0.40       0.40  0.44        1.00        0.43        0.25  0.35      0.41  0.32    0.31         0.39   0.26     0.10     0.10         0.12     0.12 -0.06    0.12  -0.19 -0.02 -0.09 -0.17        0.06  0.01         0.16
FTSETAIWAN   0.67       0.50  0.54        0.43        1.00        0.61  0.56      0.64  0.40    0.35         0.79   0.51     0.24     0.10         0.12     0.07  0.02    0.11  -0.12 -0.00 -0.09 -0.06        0.06 -0.04         0.14
KOSPI_mini   0.56       0.37  0.35        0.25        0.61        1.00  0.43      0.39  0.13    0.20         0.43   0.44     0.23     0.21         0.20    -0.05  0.01    0.14  -0.04  0.03 -0.10  0.04        0.04 -0.15        -0.02
MIB          0.75       0.38  0.32        0.35        0.56        0.43  1.00      0.69  0.24    0.36         0.57   0.61     0.28     0.01         0.01     0.25  0.09    0.08  -0.09 -0.09 -0.05 -0.13       -0.11 -0.10        -0.00
MSCIEAFA     0.61       0.76  0.40        0.41        0.64        0.39  0.69      1.00  0.36    0.50         0.78   0.56     0.22     0.01         0.01     0.23  0.20    0.16  -0.27 -0.06 -0.08 -0.29        0.17  0.16         0.35
MXP          0.25       0.44  0.48        0.32        0.40        0.13  0.24      0.36  1.00    0.34         0.27   0.18     0.09    -0.06        -0.02     0.12 -0.03    0.29  -0.15  0.04 -0.07 -0.09        0.21  0.06         0.22
SILVER       0.35       0.53  0.33        0.31        0.35        0.20  0.36      0.50  0.34    1.00         0.38   0.14     0.02     0.01         0.07     0.25  0.22    0.14  -0.33 -0.14 -0.11 -0.26        0.64  0.04         0.19
SP500_micro  0.62       0.55  0.41        0.39        0.79        0.43  0.57      0.78  0.27    0.38         1.00   0.51     0.24     0.02         0.02     0.21  0.11    0.13  -0.18  0.07  0.01 -0.15       -0.06 -0.10         0.15
TOPIX        0.49       0.37  0.20        0.26        0.51        0.44  0.61      0.56  0.18    0.14         0.51   1.00     0.13     0.01        -0.01     0.13 -0.07    0.32  -0.05 -0.15 -0.11 -0.03       -0.17 -0.32        -0.12
BITCOIN      0.23       0.24  0.14        0.10        0.24        0.23  0.28      0.22  0.09    0.02         0.24   0.13     1.00     0.05         0.07    -0.04  0.02   -0.06  -0.06 -0.10 -0.08 -0.02       -0.14  0.11         0.14
GAS-PEN      0.08       0.08  0.31        0.10        0.10        0.21  0.01      0.01 -0.06    0.01         0.02   0.01     0.05     1.00         0.97     0.01  0.07    0.06  -0.18 -0.21 -0.31 -0.11       -0.06 -0.09         0.12
GAS_US_mini  0.06       0.13  0.33        0.12        0.12        0.20  0.01      0.01 -0.02    0.07         0.02  -0.01     0.07     0.97         1.00     0.01  0.10    0.09  -0.21 -0.18 -0.33 -0.17       -0.02 -0.10         0.17
LEANHOG      0.17       0.19  0.09        0.12        0.07       -0.05  0.25      0.23  0.12    0.25         0.21   0.13    -0.04     0.01         0.01     1.00  0.17    0.18  -0.19 -0.14 -0.17 -0.26        0.02 -0.09         0.07
RICE        -0.00       0.24  0.09       -0.06        0.02        0.01  0.09      0.20 -0.03    0.22         0.11  -0.07     0.02     0.07         0.10     0.17  1.00   -0.02  -0.17  0.14 -0.16 -0.28        0.14  0.16         0.19
YENEUR       0.03       0.16  0.07        0.12        0.11        0.14  0.08      0.16  0.29    0.14         0.13   0.32    -0.06     0.06         0.09     0.18 -0.02    1.00  -0.52 -0.34 -0.51 -0.41       -0.05 -0.68        -0.18
CAD10       -0.02      -0.26 -0.05       -0.19       -0.12       -0.04 -0.09     -0.27 -0.15   -0.33        -0.18  -0.05    -0.06    -0.18        -0.21    -0.19 -0.17   -0.52   1.00  0.45  0.60  0.81       -0.17  0.34        -0.05
KR10        -0.04      -0.06 -0.04       -0.02       -0.00        0.03 -0.09     -0.06  0.04   -0.14         0.07  -0.15    -0.10    -0.21        -0.18    -0.14  0.14   -0.34   0.45  1.00  0.43  0.44       -0.04  0.27         0.06
OAT          0.02      -0.18 -0.08       -0.09       -0.09       -0.10 -0.05     -0.08 -0.07   -0.11         0.01  -0.11    -0.08    -0.31        -0.33    -0.17 -0.16   -0.51   0.60  0.43  1.00  0.53        0.13  0.25         0.02
US30        -0.01      -0.27 -0.03       -0.17       -0.06        0.04 -0.13     -0.29 -0.09   -0.26        -0.15  -0.03    -0.02    -0.11        -0.17    -0.26 -0.28   -0.41   0.81  0.44  0.53  1.00       -0.12  0.22        -0.14
GOLD_micro   0.01       0.33  0.16        0.06        0.06        0.04 -0.11      0.17  0.21    0.64        -0.06  -0.17    -0.14    -0.06        -0.02     0.02  0.14   -0.05  -0.17 -0.04  0.13 -0.12        1.00  0.27         0.25
JPY         -0.07       0.30  0.16        0.01       -0.04       -0.15 -0.10      0.16  0.06    0.04        -0.10  -0.32     0.11    -0.09        -0.10    -0.09  0.16   -0.68   0.34  0.27  0.25  0.22        0.27  1.00         0.60
KRWUSD_mini -0.01       0.54  0.34        0.16        0.14       -0.02 -0.00      0.35  0.22    0.19         0.15  -0.12     0.14     0.12         0.17     0.07  0.19   -0.18  -0.05  0.06  0.02 -0.14        0.25  0.60         1.00


********************************************************************************
                                 END OF REPORT                                  
********************************************************************************


