
********************************************************************************
                    Risk report produced on 02/04/2025 22:53                    
********************************************************************************


Total risk across all strategies, annualised percentage 9.5
Percentage of capital used for margin 65.3%

========================================
Risk per strategy, annualised percentage
========================================

                  risk
dynamic_TF_carry   9.5


===================
Risk by asset class
===================

Ags       2.9
Bond      2.6
Equity    5.3
FX        3.3
Metals    2.2
dtype: float64


=====================================================
Beta loadings of asset class positions on asset class
=====================================================

Bond     -0.17
Metals   -0.08
Ags       0.04
Equity    0.26
FX        0.40
dtype: float64


========================================================
Beta loadings of full portfolio positions on asset class
========================================================

Bond     -0.37
Metals    0.04
Ags       0.09
Equity    0.31
FX        0.57
dtype: float64


==================================================================================================================================================================================================================================================================
                                                                                                                         Instrument risk                                                                                                                          
==================================================================================================================================================================================================================================================================

              daily_price_stdev  annual_price_stdev     price  daily_perc_stdev  annual_perc_stdev  point_size_base  contract_exposure  daily_risk_per_contract  annual_risk_per_contract  position  capital  exposure_held_perc_capital  annual_risk_perc_capital
BUXL                      1.278              20.445    119.84              1.07               17.1            835.4             100119                     1067                     17080        -1   577094                       -17.3                      -3.0
LEANHOG                   1.362              21.794     96.55              1.41               22.6            309.7              29904                      421                      6750        -2   577094                       -10.4                      -2.3
BITCOIN                2503.855           40061.680  86725.00              2.89               46.2              0.1               6715                      193                      3102        -4   577094                        -4.7                      -2.2
CHF                       0.004               0.067      1.14              0.37                5.9          96789.7             110630                      408                      6531        -1   577094                       -19.2                      -1.1
KOSDAQ                   24.192             387.069   1139.50              2.12               34.0              5.3               6022                      127                      2045        -3   577094                        -3.1                      -1.1
SP500_micro              55.393             886.282   5681.50              0.97               15.6              3.9              21996                      214                      3431        -1   577094                        -3.8                      -0.6
RUSSELL                  25.634             410.149   2049.30              1.25               20.0              3.9               7934                       99                      1587        -2   577094                        -2.7                      -0.6
CAD                       0.002               0.037      0.70              0.33                5.3          77431.7              54268                      178                      2859        -1   577094                        -9.4                      -0.5
COPPER-micro              0.068               1.093      5.07              1.35               21.6           1935.8               9818                      132                      2116        -1   577094                        -1.7                      -0.4
MUMMY                     8.739             139.819    632.00              1.38               22.1              5.2               3265                       45                       722         1   577094                         0.6                       0.1
TOPIX                    27.675             442.800   2649.00              1.04               16.7              5.2              13686                      142                      2287         1   577094                         2.4                       0.4
DAX                     258.334            4133.352  22555.00              1.15               18.3              0.8              18843                      215                      3453         1   577094                         3.3                       0.6
NIKKEI                  459.116            7345.850  35695.00              1.29               20.6              0.5              18442                      237                      3795         1   577094                         3.2                       0.7
CAD10                     0.523               8.365    124.64              0.42                6.7            541.0              67424                      282                      4524         1   577094                        11.7                       0.8
MSCISING                  3.897              62.354    394.60              0.99               15.8             57.6              22738                      224                      3593         2   577094                         7.9                       1.2
YENEUR                    1.019              16.301    162.04              0.63               10.1            645.8             104651                      657                     10527         1   577094                        18.1                       1.8
FEEDCOW                   2.066              33.051    293.70              0.70               11.3            387.2             113708                      799                     12796         1   577094                        19.7                       2.2
GBP                       0.005               0.082      1.30              0.39                6.3          48394.8              62816                      246                      3951         4   577094                        43.5                       2.7
MIB                     386.917            6190.678  37620.00              1.03               16.5              4.2             157147                     1616                     25859         1   577094                        27.2                       4.5

Sum of abs(notional exposure % capital) 209.9
Sum of abs(annualised risk % capital) 26.8
Net sum of annualised risk % capital 3.2 

======================================================================================================================================================================
                                                                             Correlations                                                                             
======================================================================================================================================================================

              BUXL  CAD10   CHF  BITCOIN   DAX  KOSDAQ   MIB  MSCISING  MUMMY  NIKKEI  RUSSELL  SP500_micro  TOPIX  FEEDCOW  YENEUR   CAD  COPPER-micro   GBP  LEANHOG
BUXL          1.00   0.61  0.06     0.14  0.05   -0.06 -0.12     -0.00  -0.08   -0.19     0.23         0.25  -0.23    -0.27   -0.55  0.10         -0.04 -0.04    -0.07
CAD10         0.61   1.00  0.34     0.11  0.13   -0.17 -0.02      0.04  -0.17   -0.23     0.06         0.09  -0.20    -0.32   -0.45 -0.03         -0.13  0.36    -0.26
CHF           0.06   0.34  1.00    -0.27 -0.10   -0.25 -0.15     -0.27  -0.40   -0.45    -0.19        -0.25  -0.47    -0.17   -0.12  0.35          0.02  0.55     0.15
BITCOIN       0.14   0.11 -0.27     1.00  0.33    0.27  0.32      0.43   0.32    0.42     0.63         0.56   0.37     0.05    0.05  0.12         -0.05  0.12    -0.07
DAX           0.05   0.13 -0.10     0.33  1.00    0.55  0.84      0.50   0.47    0.59     0.57         0.64   0.57     0.10    0.26  0.22          0.28  0.41     0.03
KOSDAQ       -0.06  -0.17 -0.25     0.27  0.55    1.00  0.58      0.41   0.63    0.70     0.41         0.49   0.65     0.22    0.34  0.35          0.25  0.16     0.02
MIB          -0.12  -0.02 -0.15     0.32  0.84    0.58  1.00      0.48   0.46    0.59     0.46         0.52   0.57     0.15    0.34  0.21          0.30  0.33    -0.02
MSCISING     -0.00   0.04 -0.27     0.43  0.50    0.41  0.48      1.00   0.58    0.56     0.60         0.63   0.59     0.17    0.14  0.19          0.19  0.18    -0.03
MUMMY        -0.08  -0.17 -0.40     0.32  0.47    0.63  0.46      0.58   1.00    0.81     0.48         0.50   0.81     0.26    0.33  0.27          0.30  0.11     0.04
NIKKEI       -0.19  -0.23 -0.45     0.42  0.59    0.70  0.59      0.56   0.81    1.00     0.55         0.62   0.96     0.33    0.55  0.21          0.19  0.19    -0.02
RUSSELL       0.23   0.06 -0.19     0.63  0.57    0.41  0.46      0.60   0.48    0.55     1.00         0.84   0.46     0.08    0.03  0.35          0.14  0.23     0.10
SP500_micro   0.25   0.09 -0.25     0.56  0.64    0.49  0.52      0.63   0.50    0.62     0.84         1.00   0.52     0.08    0.16  0.30          0.14  0.21     0.00
TOPIX        -0.23  -0.20 -0.47     0.37  0.57    0.65  0.57      0.59   0.81    0.96     0.46         0.52   1.00     0.31    0.55  0.11          0.13  0.17    -0.05
FEEDCOW      -0.27  -0.32 -0.17     0.05  0.10    0.22  0.15      0.17   0.26    0.33     0.08         0.08   0.31     1.00    0.33  0.03          0.12  0.03     0.19
YENEUR       -0.55  -0.45 -0.12     0.05  0.26    0.34  0.34      0.14   0.33    0.55     0.03         0.16   0.55     0.33    1.00  0.13          0.09  0.27     0.07
CAD           0.10  -0.03  0.35     0.12  0.22    0.35  0.21      0.19   0.27    0.21     0.35         0.30   0.11     0.03    0.13  1.00          0.36  0.41     0.28
COPPER-micro -0.04  -0.13  0.02    -0.05  0.28    0.25  0.30      0.19   0.30    0.19     0.14         0.14   0.13     0.12    0.09  0.36          1.00  0.14     0.20
GBP          -0.04   0.36  0.55     0.12  0.41    0.16  0.33      0.18   0.11    0.19     0.23         0.21   0.17     0.03    0.27  0.41          0.14  1.00     0.02
LEANHOG      -0.07  -0.26  0.15    -0.07  0.03    0.02 -0.02     -0.03   0.04   -0.02     0.10         0.00  -0.05     0.19    0.07  0.28          0.20  0.02     1.00


********************************************************************************
                                 END OF REPORT                                  
********************************************************************************


