
********************************************************************************
                    Risk report produced on 01/03/2024 22:51                    
********************************************************************************


Total risk across all strategies, annualised percentage 11.6
Percentage of capital used for margin 53.8%

========================================
Risk per strategy, annualised percentage
========================================

                  risk
dynamic_TF_carry  11.7


===================
Risk by asset class
===================

Ags       1.6
Bond      4.2
Equity    7.3
FX        4.9
Metals    1.4
OilGas    0.9
Sector    0.6
dtype: float64


=====================================================
Beta loadings of asset class positions on asset class
=====================================================

Bond     -1.35
FX       -0.19
Ags      -0.09
OilGas   -0.01
Sector    0.04
Metals    0.04
Equity    0.79
dtype: float64


========================================================
Beta loadings of full portfolio positions on asset class
========================================================

Bond     -2.69
Metals   -0.18
Ags      -0.07
OilGas    0.02
FX        0.27
Sector    0.31
Equity    1.06
dtype: float64


=================================================================================================================================================================================================================================================================
                                                                                                                         Instrument risk                                                                                                                         
=================================================================================================================================================================================================================================================================

             daily_price_stdev  annual_price_stdev     price  daily_perc_stdev  annual_perc_stdev  point_size_base  contract_exposure  daily_risk_per_contract  annual_risk_per_contract  position  capital  exposure_held_perc_capital  annual_risk_perc_capital
BOBL                     0.312               4.987    116.28              0.27                4.3            856.0              99535                      266                      4268        -2   393962                       -50.5                      -2.2
CHF                      0.005               0.081      1.13              0.45                7.1          98991.9             112251                      500                      8014        -1   393962                       -28.5                      -2.0
CORN                     4.982              79.707    458.00              1.09               17.4             39.6              18135                      197                      3156        -2   393962                        -9.2                      -1.6
US3                      0.226               3.619    104.67              0.22                3.5           1583.9             165786                      358                      5732        -1   393962                       -42.1                      -1.5
JPY                      0.000               0.001      0.01              0.53                8.4        9899186.7              66106                      348                      5579        -1   393962                       -16.8                      -1.4
US2                      0.143               2.294    102.12              0.14                2.2           1583.9             161746                      227                      3632        -1   393962                       -41.1                      -0.9
GAS_US_mini              0.113               1.807      1.98              5.72               91.5           1979.8               3910                      223                      3577        -1   393962                        -1.0                      -0.9
GOLD_micro              15.020             240.313   2093.00              0.72               11.5              7.9              16575                      118                      1903        -1   393962                        -4.2                      -0.5
EUR_micro                0.004               0.062      1.08              0.36                5.7           9899.2              10732                       38                       615        -3   393962                        -8.2                      -0.5
EU-OIL                   3.407              54.510    347.20              0.98               15.7             42.8              14860                      145                      2333         1   393962                         3.8                       0.6
SP500_micro             37.203             595.252   5144.50              0.72               11.6              4.0              20370                      147                      2357         1   393962                         5.2                       0.6
CNH                      0.015               0.243      7.20              0.21                3.4          10984.1              79138                      167                      2673         1   393962                        20.1                       0.7
MXP                      0.000               0.005      0.06              0.48                7.7         395967.5              23211                      111                      1787         2   393962                        11.8                       0.9
EUROSTX                 31.839             509.430   4903.00              0.65               10.4              8.6              41969                      272                      4360         1   393962                        10.7                       1.1
BITCOIN               1360.606           21769.698  63170.00              2.15               34.5              0.1               5002                      107                      1724         3   393962                         3.8                       1.3
FTSETAIWAN              10.871             173.929   1617.00              0.67               10.8             31.7              51222                      344                      5509         1   393962                        13.0                       1.4
CAC                     48.535             776.558   7948.50              0.61                9.8              8.6              68039                      415                      6647         1   393962                        17.3                       1.7
R1000                   11.707             187.315   1693.10              0.69               11.1             39.6              67041                      463                      7417         1   393962                        17.0                       1.9
YENEUR                   0.768              12.286    162.37              0.47                7.6            658.4             106904                      505                      8088         1   393962                        27.1                       2.1
NIKKEI                 341.451            5463.210  39930.00              0.86               13.7              0.5              21031                      179                      2877         3   393962                        16.0                       2.2

Sum of abs(notional exposure % capital) 347.4
Sum of abs(annualised risk % capital) 26.0
Net sum of annualised risk % capital 3.0 

===============================================================================================================================================================================
                                                                                 Correlations                                                                                  
===============================================================================================================================================================================

             BOBL  GOLD_micro   JPY   US2   US3  BITCOIN  CORN  GAS_US_mini  NIKKEI  YENEUR   CHF  EUR_micro   CAC  EU-OIL  EUROSTX  FTSETAIWAN   MXP  R1000  SP500_micro   CNH
BOBL         1.00        0.33  0.40  0.70  0.73     0.09  0.02        -0.12   -0.19   -0.38  0.31       0.15  0.22   -0.10     0.08        0.04 -0.02   0.08         0.07 -0.25
GOLD_micro   0.33        1.00  0.51  0.46  0.47     0.08  0.12         0.02    0.01   -0.11  0.57       0.51  0.16    0.16     0.14        0.14  0.11   0.20         0.17 -0.50
JPY          0.40        0.51  1.00  0.52  0.55    -0.00  0.09        -0.17   -0.33   -0.63  0.64       0.52  0.17    0.02     0.15        0.13  0.11   0.20         0.20 -0.58
US2          0.70        0.46  0.52  1.00  0.97     0.08 -0.00         0.01   -0.37   -0.30  0.41       0.35 -0.04   -0.25    -0.13       -0.13 -0.14  -0.06        -0.03 -0.36
US3          0.73        0.47  0.55  0.97  1.00     0.06  0.03         0.02   -0.30   -0.28  0.47       0.42  0.08   -0.18    -0.00       -0.05 -0.00   0.03         0.03 -0.41
BITCOIN      0.09        0.08 -0.00  0.08  0.06     1.00  0.09        -0.04    0.07    0.14  0.10       0.16  0.24   -0.04     0.24        0.08  0.06   0.21         0.15  0.00
CORN         0.02        0.12  0.09 -0.00  0.03     0.09  1.00         0.09    0.08    0.04  0.16       0.15 -0.04    0.13    -0.01        0.13  0.08   0.07         0.08 -0.05
GAS_US_mini -0.12        0.02 -0.17  0.01  0.02    -0.04  0.09         1.00    0.14    0.28  0.11       0.13 -0.01    0.18    -0.06       -0.05  0.04   0.11         0.05  0.09
NIKKEI      -0.19        0.01 -0.33 -0.37 -0.30     0.07  0.08         0.14    1.00    0.52 -0.04       0.17  0.46    0.36     0.52        0.50  0.34   0.52         0.56 -0.02
YENEUR      -0.38       -0.11 -0.63 -0.30 -0.28     0.14  0.04         0.28    0.52    1.00 -0.08       0.29  0.14    0.01     0.21        0.19  0.25   0.19         0.24  0.13
CHF          0.31        0.57  0.64  0.41  0.47     0.10  0.16         0.11   -0.04   -0.08  1.00       0.76  0.36    0.13     0.34        0.29  0.30   0.36         0.32 -0.45
EUR_micro    0.15        0.51  0.52  0.35  0.42     0.16  0.15         0.13    0.17    0.29  0.76       1.00  0.40    0.10     0.42        0.39  0.43   0.46         0.49 -0.57
CAC          0.22        0.16  0.17 -0.04  0.08     0.24 -0.04        -0.01    0.46    0.14  0.36       0.40  1.00    0.44     0.92        0.53  0.56   0.75         0.64 -0.29
EU-OIL      -0.10        0.16  0.02 -0.25 -0.18    -0.04  0.13         0.18    0.36    0.01  0.13       0.10  0.44    1.00     0.42        0.36  0.26   0.45         0.25 -0.11
EUROSTX      0.08        0.14  0.15 -0.13 -0.00     0.24 -0.01        -0.06    0.52    0.21  0.34       0.42  0.92    0.42     1.00        0.66  0.54   0.76         0.72 -0.31
FTSETAIWAN   0.04        0.14  0.13 -0.13 -0.05     0.08  0.13        -0.05    0.50    0.19  0.29       0.39  0.53    0.36     0.66        1.00  0.40   0.59         0.66 -0.38
MXP         -0.02        0.11  0.11 -0.14 -0.00     0.06  0.08         0.04    0.34    0.25  0.30       0.43  0.56    0.26     0.54        0.40  1.00   0.50         0.49 -0.13
R1000        0.08        0.20  0.20 -0.06  0.03     0.21  0.07         0.11    0.52    0.19  0.36       0.46  0.75    0.45     0.76        0.59  0.50   1.00         0.89 -0.36
SP500_micro  0.07        0.17  0.20 -0.03  0.03     0.15  0.08         0.05    0.56    0.24  0.32       0.49  0.64    0.25     0.72        0.66  0.49   0.89         1.00 -0.37
CNH         -0.25       -0.50 -0.58 -0.36 -0.41     0.00 -0.05         0.09   -0.02    0.13 -0.45      -0.57 -0.29   -0.11    -0.31       -0.38 -0.13  -0.36        -0.37  1.00


********************************************************************************
                                 END OF REPORT                                  
********************************************************************************


