
********************************************************************************
           Risk report report produced on 2022-06-16 21:01:14.706913            
********************************************************************************


Total risk across all strategies, annualised percentage 10.1
Percentage of capital used for margin 22.8%

========================================
Risk per strategy, annualised percentage
========================================

                  risk
dynamic_TF_carry  10.1


==================================================================================================================================================================================================================================================================
                                                                                                                         Instrument risk                                                                                                                          
==================================================================================================================================================================================================================================================================

              daily_price_stdev  annual_price_stdev     price  daily_perc_stdev  annual_perc_stdev  point_size_base  contract_exposure  daily_risk_per_contract  annual_risk_per_contract  position  capital  exposure_held_perc_capital  annual_risk_perc_capital
US10U                     0.896              14.343    123.91              0.72               11.6            814.8             100956                      730                     11686        -1   395430                       -25.5                      -3.0
JPY                       0.000               0.001      0.01              0.66               10.6       10184751.4              77607                      512                      8198        -1   395430                       -19.6                      -2.1
SILVER                    0.436               6.982     21.84              2.00               32.0            814.8              17798                      355                      5688        -1   395430                        -4.5                      -1.4
KR10                      0.552               8.830    109.88              0.50                8.0            628.3              69039                      346                      5548        -1   395430                       -17.5                      -1.4
DJSTX-SMALL               5.990              95.834    296.20              2.02               32.4             42.8              12665                      256                      4097        -1   395430                        -3.2                      -1.0
DAX                     212.393            3398.296  13012.00              1.63               26.1              0.9              11127                      181                      2906        -1   395430                        -2.8                      -0.7
NIKKEI400               223.153            3570.444  16285.00              1.37               21.9              0.6              10010                      137                      2194         1   395430                         2.5                       0.6
TOPIX                    24.611             393.776   1810.50              1.36               21.7              6.1              11129                      151                      2420         1   395430                         2.8                       0.6
BRE                       0.002               0.037      0.19              1.21               19.4          81478.0              15708                      190                      3045         1   395430                         4.0                       0.8
EU-OIL                    5.722              91.552    319.90              1.79               28.6             42.8              13678                      244                      3914         1   395430                         3.5                       1.0
IRON                      3.987              63.800    124.25              3.21               51.3             81.5              10123                      324                      5198         1   395430                         2.6                       1.3
SOYOIL                    1.128              18.049     73.13              1.54               24.7            488.9              35750                      551                      8823         1   395430                         9.0                       2.2
SOYBEAN                  16.255             260.085   1545.25              1.05               16.8             40.7              62951                      662                     10595         1   395430                        15.9                       2.7
WHEAT                    18.566             297.059   1074.00              1.73               27.7             40.7              43753                      756                     12101         1   395430                        11.1                       3.1
GAS_US_mini               0.390               6.242      7.42              5.25               84.1           2037.0              15124                      794                     12715         1   395430                         3.8                       3.2
CRUDE_W_mini              2.180              34.887    111.72              1.95               31.2            407.4              45515                      888                     14212         1   395430                        11.5                       3.6

Sum of abs(notional exposure % capital) 139.8
Sum of abs(annualised risk % capital) 28.7
Net sum of annualised risk % capital 9.5 

===================================================================================================================================================
                                                                   Correlations                                                                    
===================================================================================================================================================

               JPY  KR10  US10U   DAX  DJSTX-SMALL  NIKKEI400  TOPIX  SOYBEAN  SOYOIL  WHEAT   BRE  EU-OIL  GAS_US_mini  CRUDE_W_mini  IRON  SILVER
JPY           1.00  0.33   0.46 -0.02         0.05      -0.09  -0.08     0.10    0.12   0.13  0.16    0.03         0.07          0.12  0.01    0.17
KR10          0.33  1.00   0.39  0.12         0.18       0.08   0.09     0.10    0.14   0.10  0.08    0.02         0.05          0.11  0.04    0.11
US10U         0.46  0.39   1.00  0.06         0.16      -0.01   0.01     0.09    0.17   0.13  0.13    0.06         0.15          0.14  0.10    0.20
DAX          -0.02  0.12   0.06  1.00         0.53       0.49   0.49     0.21    0.18   0.03  0.26    0.35         0.28          0.06  0.09    0.09
DJSTX-SMALL   0.05  0.18   0.16  0.53         1.00       0.45   0.46     0.22    0.21   0.07  0.29    0.39         0.33          0.14  0.12    0.17
NIKKEI400    -0.09  0.08  -0.01  0.49         0.45       1.00   0.54     0.15    0.12   0.01  0.19    0.28         0.21          0.06  0.07    0.08
TOPIX        -0.08  0.09   0.01  0.49         0.46       0.54   1.00     0.16    0.13  -0.00  0.20    0.31         0.22          0.10  0.09    0.09
SOYBEAN       0.10  0.10   0.09  0.21         0.22       0.15   0.16     1.00    0.39   0.32  0.21    0.23         0.22          0.20  0.19    0.20
SOYOIL        0.12  0.14   0.17  0.18         0.21       0.12   0.13     0.39    1.00   0.28  0.12    0.23         0.25          0.21  0.16    0.22
WHEAT         0.13  0.10   0.13  0.03         0.07       0.01  -0.00     0.32    0.28   1.00  0.11    0.13         0.18          0.21  0.17    0.23
BRE           0.16  0.08   0.13  0.26         0.29       0.19   0.20     0.21    0.12   0.11  1.00    0.30         0.27          0.25  0.21    0.29
EU-OIL        0.03  0.02   0.06  0.35         0.39       0.28   0.31     0.23    0.23   0.13  0.30    1.00         0.32          0.33  0.24    0.22
GAS_US_mini   0.07  0.05   0.15  0.28         0.33       0.21   0.22     0.22    0.25   0.18  0.27    0.32         1.00          0.17  0.20    0.19
CRUDE_W_mini  0.12  0.11   0.14  0.06         0.14       0.06   0.10     0.20    0.21   0.21  0.25    0.33         0.17          1.00  0.27    0.29
IRON          0.01  0.04   0.10  0.09         0.12       0.07   0.09     0.19    0.16   0.17  0.21    0.24         0.20          0.27  1.00    0.27
SILVER        0.17  0.11   0.20  0.09         0.17       0.08   0.09     0.20    0.22   0.23  0.29    0.22         0.19          0.29  0.27    1.00


********************************************************************************
                                 END OF REPORT                                  
********************************************************************************


