
********************************************************************************
                    Risk report produced on 13/06/2025 22:53                    
********************************************************************************


Total risk across all strategies, annualised percentage 12.1
Percentage of capital used for margin 41.8%

========================================
Risk per strategy, annualised percentage
========================================

                  risk
dynamic_TF_carry  12.0


===================
Risk by asset class
===================

Ags       3.3
Bond      1.1
Equity    6.3
FX        3.6
Metals    2.9
OilGas    3.1
Vol       0.1
dtype: float64


=====================================================
Beta loadings of asset class positions on asset class
=====================================================

OilGas   -0.06
Vol      -0.00
Bond      0.00
Metals    0.07
Ags       0.16
FX        0.30
Equity    0.40
dtype: float64


========================================================
Beta loadings of full portfolio positions on asset class
========================================================

Vol      -0.14
OilGas   -0.06
Bond      0.03
Metals    0.23
Ags       0.27
Equity    0.53
FX        0.70
dtype: float64


=================================================================================================================================================================================================================================================================
                                                                                                                         Instrument risk                                                                                                                         
=================================================================================================================================================================================================================================================================

             daily_price_stdev  annual_price_stdev     price  daily_perc_stdev  annual_perc_stdev  point_size_base  contract_exposure  daily_risk_per_contract  annual_risk_per_contract  position  capital  exposure_held_perc_capital  annual_risk_perc_capital
DX                       0.434               6.939     97.70              0.44                7.1            738.5              72159                      320                      5125        -3   541887                       -39.9                      -2.8
GAS-PEN                  0.114               1.819      3.60              3.16               50.6           7385.4              26565                      839                     13436        -1   541887                        -4.9                      -2.5
US10U                    0.548               8.761    112.50              0.49                7.8            738.5              83085                      404                      6470        -1   541887                       -15.3                      -1.2
WHEAT                    8.155             130.475    580.00              1.41               22.5             36.9              21417                      301                      4818        -1   541887                        -4.0                      -0.9
GAS_US_mini              0.117               1.866      3.70              3.15               50.4           1846.4               6840                      215                      3444        -1   541887                        -1.3                      -0.6
DOW                    424.140            6786.244  42453.00              1.00               16.0              0.4              15676                      156                      2505        -1   541887                        -2.9                      -0.5
IRON                     1.173              18.762     93.75              1.25               20.0             73.9               6923                       86                      1385        -1   541887                        -1.3                      -0.3
V2X                      0.496               7.933     20.75              2.39               38.2             85.2               1766                       42                       675        -1   541887                        -0.3                      -0.1
MUMMY                   10.595             169.518    748.00              1.42               22.7              5.1               3848                       54                       872         1   541887                         0.7                       0.2
IBEX_mini              123.033            1968.535  13875.00              0.89               14.2              0.9              11815                      104                      1676         1   541887                         2.2                       0.3
MXP                      0.000               0.005      0.05              0.58                9.3         369270.8              19298                      112                      1798         1   541887                         3.6                       0.3
TOPIX                   30.678             490.852   2753.75              1.11               17.8              5.1              14168                      157                      2525         1   541887                         2.6                       0.5
CAD                      0.003               0.041      0.74              0.35                5.6          73854.2              54578                      190                      3054         1   541887                        10.1                       0.6
MSCISING                 4.086              65.381    401.50              1.02               16.3             57.6              23106                      235                      3762         1   541887                         4.3                       0.7
NIKKEI                 474.360            7589.753  37695.00              1.26               20.1              0.5              19394                      244                      3905         1   541887                         3.6                       0.7
CANOLA                   9.061             144.968    723.40              1.25               20.0             10.8               7831                       98                      1569         3   541887                         4.3                       0.9
BTP                      0.418               6.683    120.83              0.35                5.5            851.6             102894                      355                      5690         1   541887                        19.0                       1.1
YENEUR                   0.761              12.181    166.43              0.46                7.3            643.1             107037                      489                      7834         1   541887                        19.8                       1.4
FEEDCOW                  2.675              42.799    305.25              0.88               14.0            369.3             112719                      987                     15804         1   541887                        20.8                       2.9
PLAT                    27.062             432.989   1218.90              2.22               35.5             36.9              45010                      999                     15989         1   541887                         8.3                       3.0
MIB                    379.514            6072.224  39360.00              0.96               15.4              4.3             167587                     1615                     25854         1   541887                        30.9                       4.8

Sum of abs(notional exposure % capital) 200.1
Sum of abs(annualised risk % capital) 26.3
Net sum of annualised risk % capital 8.5 

=========================================================================================================================================================================
                                                                              Correlations                                                                               
=========================================================================================================================================================================

              DOW  FEEDCOW  IBEX_mini   MIB  MSCISING  MUMMY  NIKKEI  TOPIX  YENEUR    DX  GAS-PEN  GAS_US_mini   BTP  US10U   CAD  CANOLA  IRON   MXP  PLAT  WHEAT   V2X
DOW          1.00     0.42       0.76  0.79      0.79   0.61    0.61   0.63    0.07  0.11     0.07         0.22  0.28   0.13  0.07    0.03  0.30  0.30  0.37  -0.07 -0.71
FEEDCOW      0.42     1.00       0.41  0.47      0.38   0.36    0.41   0.45    0.41  0.03    -0.01         0.14 -0.08  -0.06  0.00    0.07  0.22  0.39  0.29  -0.15 -0.38
IBEX_mini    0.76     0.41       1.00  0.90      0.79   0.66    0.58   0.62    0.13 -0.15    -0.05         0.12  0.30   0.20  0.22   -0.04  0.26  0.49  0.50   0.11 -0.69
MIB          0.79     0.47       0.90  1.00      0.81   0.65    0.67   0.70    0.23 -0.01     0.01         0.23  0.19   0.13  0.08   -0.03  0.31  0.46  0.49   0.07 -0.75
MSCISING     0.79     0.38       0.79  0.81      1.00   0.66    0.64   0.72    0.15  0.02     0.04         0.22  0.27   0.07  0.16   -0.08  0.21  0.41  0.44   0.04 -0.64
MUMMY        0.61     0.36       0.66  0.65      0.66   1.00    0.69   0.71    0.22 -0.06     0.01         0.14  0.15  -0.03  0.30   -0.01  0.10  0.36  0.32  -0.05 -0.60
NIKKEI       0.61     0.41       0.58  0.67      0.64   0.69    1.00   0.95    0.47  0.17     0.08         0.17  0.09  -0.15  0.07   -0.01  0.20  0.38  0.27  -0.11 -0.76
TOPIX        0.63     0.45       0.62  0.70      0.72   0.71    0.95   1.00    0.46  0.18     0.11         0.21  0.08  -0.12  0.02   -0.01  0.17  0.39  0.26  -0.14 -0.74
YENEUR       0.07     0.41       0.13  0.23      0.15   0.22    0.47   0.46    1.00  0.07     0.10         0.15 -0.38  -0.43 -0.01    0.11 -0.06  0.48  0.21  -0.08 -0.39
DX           0.11     0.03      -0.15 -0.01      0.02  -0.06    0.17   0.18    0.07  1.00     0.28         0.25 -0.22  -0.38 -0.65    0.07 -0.08 -0.31 -0.23  -0.21 -0.15
GAS-PEN      0.07    -0.01      -0.05  0.01      0.04   0.01    0.08   0.11    0.10  0.28     1.00         0.92 -0.14   0.07 -0.13    0.05 -0.12 -0.08 -0.15  -0.02 -0.04
GAS_US_mini  0.22     0.14       0.12  0.23      0.22   0.14    0.17   0.21    0.15  0.25     0.92         1.00 -0.13   0.07 -0.10    0.04 -0.03  0.02 -0.04   0.04 -0.16
BTP          0.28    -0.08       0.30  0.19      0.27   0.15    0.09   0.08   -0.38 -0.22    -0.14        -0.13  1.00   0.54  0.31   -0.03  0.13  0.14  0.24  -0.02 -0.17
US10U        0.13    -0.06       0.20  0.13      0.07  -0.03   -0.15  -0.12   -0.43 -0.38     0.07         0.07  0.54   1.00  0.13   -0.23  0.11 -0.05  0.07  -0.11  0.00
CAD          0.07     0.00       0.22  0.08      0.16   0.30    0.07   0.02   -0.01 -0.65    -0.13        -0.10  0.31   0.13  1.00    0.08  0.04  0.31  0.22   0.29 -0.03
CANOLA       0.03     0.07      -0.04 -0.03     -0.08  -0.01   -0.01  -0.01    0.11  0.07     0.05         0.04 -0.03  -0.23  0.08    1.00  0.08  0.04  0.02   0.18 -0.02
IRON         0.30     0.22       0.26  0.31      0.21   0.10    0.20   0.17   -0.06 -0.08    -0.12        -0.03  0.13   0.11  0.04    0.08  1.00  0.11  0.26   0.20 -0.17
MXP          0.30     0.39       0.49  0.46      0.41   0.36    0.38   0.39    0.48 -0.31    -0.08         0.02  0.14  -0.05  0.31    0.04  0.11  1.00  0.46   0.12 -0.43
PLAT         0.37     0.29       0.50  0.49      0.44   0.32    0.27   0.26    0.21 -0.23    -0.15        -0.04  0.24   0.07  0.22    0.02  0.26  0.46  1.00   0.15 -0.32
WHEAT       -0.07    -0.15       0.11  0.07      0.04  -0.05   -0.11  -0.14   -0.08 -0.21    -0.02         0.04 -0.02  -0.11  0.29    0.18  0.20  0.12  0.15   1.00  0.05
V2X         -0.71    -0.38      -0.69 -0.75     -0.64  -0.60   -0.76  -0.74   -0.39 -0.15    -0.04        -0.16 -0.17   0.00 -0.03   -0.02 -0.17 -0.43 -0.32   0.05  1.00


********************************************************************************
                                 END OF REPORT                                  
********************************************************************************


