
********************************************************************************
                    Risk report produced on 10/01/2024 22:51                    
********************************************************************************


Total risk across all strategies, annualised percentage 11.8
Percentage of capital used for margin 60.3%

========================================
Risk per strategy, annualised percentage
========================================

                  risk
dynamic_TF_carry  11.8


===================
Risk by asset class
===================

Ags       1.8
Bond      2.8
Equity    5.4
FX        4.4
Metals    1.9
OilGas    7.2
Sector    0.8
Vol       1.5
dtype: float64


=====================================================
Beta loadings of asset class positions on asset class
=====================================================

FX       -0.27
OilGas   -0.08
Ags      -0.07
Vol      -0.03
Sector    0.04
Metals    0.08
Bond      0.37
Equity    0.46
dtype: float64


========================================================
Beta loadings of full portfolio positions on asset class
========================================================

Vol      -0.13
OilGas   -0.06
FX       -0.03
Ags      -0.00
Metals    0.08
Sector    0.18
Bond      0.49
Equity    0.68
dtype: float64


==================================================================================================================================================================================================================================================================
                                                                                                                         Instrument risk                                                                                                                          
==================================================================================================================================================================================================================================================================

              daily_price_stdev  annual_price_stdev     price  daily_perc_stdev  annual_perc_stdev  point_size_base  contract_exposure  daily_risk_per_contract  annual_risk_per_contract  position  capital  exposure_held_perc_capital  annual_risk_perc_capital
GAS-PEN                   0.178               2.848      3.00              5.94               95.0           7880.6              23618                     1402                     22442        -1   364289                        -6.5                      -6.2
JPY                       0.000               0.001      0.01              0.70               11.1        9850702.7              68309                      475                      7615        -2   364289                       -37.5                      -4.2
LEANHOG                   1.320              21.119     78.90              1.67               26.8            315.2              24871                      416                      6657        -1   364289                        -6.8                      -1.8
VIX                       0.437               6.999     14.25              3.07               49.1            788.1              11229                      344                      5515        -1   364289                        -3.1                      -1.5
GAS_US_mini               0.132               2.111      3.04              4.35               69.6           1970.1               5979                      259                      4158        -1   364289                        -1.6                      -1.1
RUSSELL                  27.332             437.306   1986.50              1.38               22.0              3.9               7827                      107                      1723        -2   364289                        -4.3                      -0.9
GOLD_micro               16.036             256.573   2048.80              0.78               12.5              7.9              16145                      126                      2021        -1   364289                        -4.4                      -0.6
EUR_micro                 0.005               0.079      1.10              0.45                7.2           9850.7              10837                       48                       780        -2   364289                        -6.0                      -0.4
COPPER-micro              0.045               0.726      3.79              1.20               19.2           1970.1               7461                       89                      1430        -1   364289                        -2.0                      -0.4
EU-OIL                    4.164              66.627    347.20              1.20               19.2             43.1              14947                      179                      2868         1   364289                         4.1                       0.8
MXP                       0.000               0.006      0.06              0.60                9.6         394028.1              22928                      137                      2192         2   364289                        12.6                       1.2
BITCOIN                1260.116           20161.848  46220.00              2.73               43.6              0.1               3642                       99                      1588         3   364289                         3.0                       1.3
IRON                      2.026              32.415    134.70              1.50               24.1             78.8              10615                      159                      2554         2   364289                         5.8                       1.4
NIKKEI                  300.864            4813.828  34480.00              0.87               14.0              0.5              18727                      163                      2614         2   364289                        10.3                       1.4
FTSETAIWAN               11.046             176.740   1509.25              0.73               11.7             31.5              47574                      348                      5571         1   364289                        13.1                       1.5
CAC                      53.518             856.286   7429.50              0.72               11.5              8.6              63970                      460                      7372         1   364289                        17.6                       2.0
R1000                    12.965             207.437   1630.50              0.80               12.7             39.4              64246                      510                      8173         1   364289                        17.6                       2.2
KR10                      0.533               8.523    113.90              0.47                7.5            596.9              67982                      317                      5087         2   364289                        37.3                       2.8

Sum of abs(notional exposure % capital) 193.6
Sum of abs(annualised risk % capital) 31.7
Net sum of annualised risk % capital -2.5 

=========================================================================================================================================================================
                                                                              Correlations                                                                               
=========================================================================================================================================================================

               CAC  FTSETAIWAN   MXP  NIKKEI  R1000  RUSSELL  COPPER-micro  EUR_micro  GOLD_micro   JPY  KR10  BITCOIN  EU-OIL  IRON  LEANHOG  GAS-PEN  GAS_US_mini   VIX
CAC           1.00        0.59  0.49    0.61   0.75     0.69          0.34       0.31        0.03  0.08  0.39     0.15    0.46  0.27     0.10    -0.15        -0.11 -0.63
FTSETAIWAN    0.59        1.00  0.34    0.58   0.54     0.54          0.42       0.35        0.08  0.15  0.43     0.05    0.20  0.38     0.15    -0.06        -0.01 -0.50
MXP           0.49        0.34  1.00    0.51   0.49     0.44          0.33       0.42        0.14  0.10  0.13     0.01    0.35  0.24     0.04    -0.07        -0.06 -0.55
NIKKEI        0.61        0.58  0.51    1.00   0.58     0.51          0.24       0.17       -0.03 -0.29  0.21     0.12    0.33  0.30     0.09     0.11         0.15 -0.63
R1000         0.75        0.54  0.49    0.58   1.00     0.89          0.45       0.40        0.21  0.19  0.44     0.19    0.45  0.19     0.24     0.02         0.06 -0.69
RUSSELL       0.69        0.54  0.44    0.51   0.89     1.00          0.48       0.39        0.20  0.29  0.44     0.21    0.32  0.17     0.21    -0.09        -0.06 -0.61
COPPER-micro  0.34        0.42  0.33    0.24   0.45     0.48          1.00       0.47        0.46  0.38  0.28     0.12    0.24  0.42     0.26    -0.12        -0.06 -0.30
EUR_micro     0.31        0.35  0.42    0.17   0.40     0.39          0.47       1.00        0.51  0.48  0.37     0.04    0.09  0.14     0.12    -0.02        -0.09 -0.18
GOLD_micro    0.03        0.08  0.14   -0.03   0.21     0.20          0.46       0.51        1.00  0.50  0.30     0.12    0.14  0.20     0.01    -0.05        -0.11  0.09
JPY           0.08        0.15  0.10   -0.29   0.19     0.29          0.38       0.48        0.50  1.00  0.40    -0.03   -0.02  0.18     0.04    -0.30        -0.31  0.02
KR10          0.39        0.43  0.13    0.21   0.44     0.44          0.28       0.37        0.30  0.40  1.00     0.11    0.02  0.15     0.13     0.00        -0.03 -0.27
BITCOIN       0.15        0.05  0.01    0.12   0.19     0.21          0.12       0.04        0.12 -0.03  0.11     1.00   -0.04  0.07    -0.00     0.01         0.01 -0.07
EU-OIL        0.46        0.20  0.35    0.33   0.45     0.32          0.24       0.09        0.14 -0.02  0.02    -0.04    1.00  0.22     0.07     0.11         0.11 -0.29
IRON          0.27        0.38  0.24    0.30   0.19     0.17          0.42       0.14        0.20  0.18  0.15     0.07    0.22  1.00     0.06    -0.20        -0.14 -0.16
LEANHOG       0.10        0.15  0.04    0.09   0.24     0.21          0.26       0.12        0.01  0.04  0.13    -0.00    0.07  0.06     1.00     0.17         0.15 -0.16
GAS-PEN      -0.15       -0.06 -0.07    0.11   0.02    -0.09         -0.12      -0.02       -0.05 -0.30  0.00     0.01    0.11 -0.20     0.17     1.00         0.88 -0.02
GAS_US_mini  -0.11       -0.01 -0.06    0.15   0.06    -0.06         -0.06      -0.09       -0.11 -0.31 -0.03     0.01    0.11 -0.14     0.15     0.88         1.00 -0.05
VIX          -0.63       -0.50 -0.55   -0.63  -0.69    -0.61         -0.30      -0.18        0.09  0.02 -0.27    -0.07   -0.29 -0.16    -0.16    -0.02        -0.05  1.00


********************************************************************************
                                 END OF REPORT                                  
********************************************************************************


