
********************************************************************************
                    Risk report produced on 01/07/2025 22:53                    
********************************************************************************


Total risk across all strategies, annualised percentage 12.1
Percentage of capital used for margin 43.5%

========================================
Risk per strategy, annualised percentage
========================================

                  risk
dynamic_TF_carry  12.1


===================
Risk by asset class
===================

Ags       3.6
Bond      1.9
Equity    4.7
FX        5.1
Metals    3.0
OilGas    3.3
dtype: float64


=====================================================
Beta loadings of asset class positions on asset class
=====================================================

OilGas   -0.07
Metals    0.05
Ags       0.20
Equity    0.27
Bond      0.40
FX        0.80
dtype: float64


========================================================
Beta loadings of full portfolio positions on asset class
========================================================

OilGas   -0.07
Bond      0.04
Metals    0.25
Ags       0.26
Equity    0.42
FX        1.38
dtype: float64


===================================================================================================================================================================================================================================================================
                                                                                                                          Instrument risk                                                                                                                          
===================================================================================================================================================================================================================================================================

               daily_price_stdev  annual_price_stdev     price  daily_perc_stdev  annual_perc_stdev  point_size_base  contract_exposure  daily_risk_per_contract  annual_risk_per_contract  position  capital  exposure_held_perc_capital  annual_risk_perc_capital
DX                         0.395               6.315     96.48              0.41                6.5            727.4              70183                      287                      4593        -5   542085                       -64.7                      -4.2
GAS-PEN                    0.128               2.049      3.42              3.75               60.0           7274.4              24856                      931                     14908        -1   542085                        -4.6                      -2.8
JPY                        0.000               0.001      0.01              0.62                9.9        9093058.4              63865                      394                      6309        -2   542085                       -23.6                      -2.3
WHEAT                      9.719             155.499    570.00              1.71               27.3             36.4              20732                      353                      5655        -1   542085                        -3.8                      -1.0
RICE                       0.191               3.052     12.96              1.47               23.6           1454.9              18848                      277                      4439        -1   542085                        -3.5                      -0.8
GOLD_micro                35.849             573.578   3348.90              1.07               17.1              7.3              24361                      260                      4172        -1   542085                        -4.5                      -0.8
GAS_US_mini                0.129               2.070      3.41              3.79               60.7           1818.6               6201                      235                      3764        -1   542085                        -1.1                      -0.7
IRON                       1.097              17.551     92.95              1.18               18.9             72.7               6761                       79                      1276        -2   542085                        -2.5                      -0.5
DOW                      387.904            6206.458  44872.00              0.86               13.8              0.4              16320                      141                      2257        -1   542085                        -3.0                      -0.4
MUMMY                     10.101             161.614    733.00              1.38               22.0              5.1               3713                       51                       818         1   542085                         0.7                       0.2
KOSDAQ                    19.247             307.948   1274.80              1.51               24.2              5.4               6829                      103                      1649         1   542085                         1.3                       0.3
MXP                        0.000               0.005      0.05              0.56                8.9         363722.3              19240                      107                      1715         1   542085                         3.5                       0.3
CRUDE_W_micro              1.666              26.659     63.10              2.64               42.2             72.7               4590                      121                      1939         1   542085                         0.8                       0.4
TOPIX                     28.130             450.074   2833.25              0.99               15.9              5.1              14354                      142                      2280         1   542085                         2.6                       0.4
CAD                        0.003               0.045      0.74              0.38                6.1          72744.5              53478                      203                      3262         1   542085                         9.9                       0.6
GBP                        0.006               0.096      1.37              0.43                6.9          45465.3              62496                      271                      4342         1   542085                        11.5                       0.8
LEANHOG                    1.087              17.398     92.40              1.18               18.8            291.0              26886                      316                      5062         1   542085                         5.0                       0.9
BTP                        0.376               6.012    121.09              0.31                5.0            857.3             103814                      322                      5154         1   542085                        19.2                       1.0
BUND                       0.392               6.277    130.43              0.30                4.8            857.3             111822                      336                      5381         1   542085                        20.6                       1.0
CANOLA                    10.571             169.133    709.70              1.49               23.8             10.7               7588                      113                      1808         3   542085                         4.2                       1.0
YENEUR                     0.763              12.206    168.72              0.45                7.2            633.3             106854                      483                      7730         1   542085                        19.7                       1.4
FEEDCOW                    2.853              45.643    305.58              0.93               14.9            363.7             111144                     1037                     16601         1   542085                        20.5                       3.1
PLAT                      29.668             474.691   1362.90              2.18               34.8             36.4              49571                     1079                     17265         1   542085                         9.1                       3.2
MIB                      361.623            5785.962  39590.00              0.91               14.6              4.3             169709                     1550                     24802         1   542085                        31.3                       4.6

Sum of abs(notional exposure % capital) 271.2
Sum of abs(annualised risk % capital) 32.7
Net sum of annualised risk % capital 5.7 

=====================================================================================================================================================================================================
                                                                                            Correlations                                                                                             
=====================================================================================================================================================================================================

                CAD   GBP  GOLD_micro   MXP  PLAT   BTP  BUND   JPY  CRUDE_W_micro   DOW  FEEDCOW  IRON  KOSDAQ  LEANHOG   MIB  MUMMY  RICE  TOPIX  YENEUR  CANOLA  GAS-PEN  GAS_US_mini  WHEAT    DX
CAD            1.00  0.58        0.35  0.32  0.26  0.08  0.06  0.43          -0.06  0.05    -0.00  0.04    0.11     0.10  0.01   0.07 -0.03  -0.13    0.09    0.23     0.06         0.03   0.08 -0.68
GBP            0.58  1.00        0.33  0.42  0.39  0.07 -0.09  0.48          -0.18  0.11     0.18  0.08    0.16     0.09  0.33   0.15 -0.09   0.11    0.11    0.01    -0.17        -0.19  -0.10 -0.80
GOLD_micro     0.35  0.33        1.00  0.21  0.35  0.21  0.22  0.33           0.23 -0.11     0.19  0.16    0.24     0.20  0.02   0.12  0.15  -0.01   -0.01    0.09    -0.04        -0.02   0.25 -0.36
MXP            0.32  0.42        0.21  1.00  0.43  0.16  0.02  0.10           0.20  0.10     0.31  0.13    0.19     0.18  0.28   0.08 -0.07   0.09    0.20    0.12     0.04         0.06   0.07 -0.36
PLAT           0.26  0.39        0.35  0.43  1.00  0.07 -0.04  0.04           0.07  0.27     0.24  0.08    0.29     0.25  0.22   0.16  0.00   0.23    0.24   -0.05    -0.13        -0.14  -0.07 -0.32
BTP            0.08  0.07        0.21  0.16  0.07  1.00  0.92  0.24          -0.03  0.21     0.14  0.04    0.23     0.08  0.17   0.15  0.10   0.07   -0.36    0.01    -0.24        -0.26  -0.14 -0.04
BUND           0.06 -0.09        0.22  0.02 -0.04  0.92  1.00  0.25           0.02  0.03     0.07 -0.00    0.16     0.01 -0.09   0.11  0.12  -0.06   -0.43    0.05    -0.15        -0.19  -0.04  0.04
JPY            0.43  0.48        0.33  0.10  0.04  0.24  0.25  1.00          -0.22 -0.17    -0.14  0.08    0.03     0.03 -0.13  -0.18  0.02  -0.43   -0.66   -0.04    -0.18        -0.19   0.09 -0.68
CRUDE_W_micro -0.06 -0.18        0.23  0.20  0.07 -0.03  0.02 -0.22           1.00  0.09     0.30  0.21    0.18     0.39  0.19   0.28  0.24   0.14    0.04    0.21     0.25         0.33   0.40  0.30
DOW            0.05  0.11       -0.11  0.10  0.27  0.21  0.03 -0.17           0.09  1.00     0.17  0.18    0.32     0.25  0.56   0.32 -0.10   0.50    0.01   -0.02    -0.08        -0.11  -0.25  0.06
FEEDCOW       -0.00  0.18        0.19  0.31  0.24  0.14  0.07 -0.14           0.30  0.17     1.00  0.11    0.22     0.22  0.33   0.30  0.12   0.24    0.16   -0.11     0.06         0.11  -0.06 -0.01
IRON           0.04  0.08        0.16  0.13  0.08  0.04 -0.00  0.08           0.21  0.18     0.11  1.00    0.16     0.18  0.10   0.14  0.10   0.18   -0.16    0.04    -0.07        -0.02   0.16  0.01
KOSDAQ         0.11  0.16        0.24  0.19  0.29  0.23  0.16  0.03           0.18  0.32     0.22  0.16    1.00     0.12  0.27   0.36  0.07   0.44    0.01   -0.01    -0.07        -0.11  -0.03 -0.07
LEANHOG        0.10  0.09        0.20  0.18  0.25  0.08  0.01  0.03           0.39  0.25     0.22  0.18    0.12     1.00  0.28   0.34  0.09   0.10    0.01    0.12    -0.19        -0.12   0.12 -0.04
MIB            0.01  0.33        0.02  0.28  0.22  0.17 -0.09 -0.13           0.19  0.56     0.33  0.10    0.27     0.28  1.00   0.43 -0.04   0.45    0.04   -0.04    -0.03         0.02  -0.10  0.04
MUMMY          0.07  0.15        0.12  0.08  0.16  0.15  0.11 -0.18           0.28  0.32     0.30  0.14    0.36     0.34  0.43   1.00  0.09   0.58    0.08   -0.07    -0.05        -0.04   0.05  0.11
RICE          -0.03 -0.09        0.15 -0.07  0.00  0.10  0.12  0.02           0.24 -0.10     0.12  0.10    0.07     0.09 -0.04   0.09  1.00  -0.12   -0.05   -0.16    -0.01         0.02   0.12  0.05
TOPIX         -0.13  0.11       -0.01  0.09  0.23  0.07 -0.06 -0.43           0.14  0.50     0.24  0.18    0.44     0.10  0.45   0.58 -0.12   1.00    0.34   -0.07    -0.08        -0.11  -0.06  0.18
YENEUR         0.09  0.11       -0.01  0.20  0.24 -0.36 -0.43 -0.66           0.04  0.01     0.16 -0.16    0.01     0.01  0.04   0.08 -0.05   0.34    1.00    0.10     0.04         0.03  -0.16 -0.05
CANOLA         0.23  0.01        0.09  0.12 -0.05  0.01  0.05 -0.04           0.21 -0.02    -0.11  0.04   -0.01     0.12 -0.04  -0.07 -0.16  -0.07    0.10    1.00     0.13         0.11   0.34 -0.08
GAS-PEN        0.06 -0.17       -0.04  0.04 -0.13 -0.24 -0.15 -0.18           0.25 -0.08     0.06 -0.07   -0.07    -0.19 -0.03  -0.05 -0.01  -0.08    0.04    0.13     1.00         0.96   0.33  0.19
GAS_US_mini    0.03 -0.19       -0.02  0.06 -0.14 -0.26 -0.19 -0.19           0.33 -0.11     0.11 -0.02   -0.11    -0.12  0.02  -0.04  0.02  -0.11    0.03    0.11     0.96         1.00   0.34  0.22
WHEAT          0.08 -0.10        0.25  0.07 -0.07 -0.14 -0.04  0.09           0.40 -0.25    -0.06  0.16   -0.03     0.12 -0.10   0.05  0.12  -0.06   -0.16    0.34     0.33         0.34   1.00  0.06
DX            -0.68 -0.80       -0.36 -0.36 -0.32 -0.04  0.04 -0.68           0.30  0.06    -0.01  0.01   -0.07    -0.04  0.04   0.11  0.05   0.18   -0.05   -0.08     0.19         0.22   0.06  1.00


********************************************************************************
                                 END OF REPORT                                  
********************************************************************************


