
********************************************************************************
                    Risk report produced on 06/10/2026 22:51                    
********************************************************************************


Total risk across all strategies, annualised percentage 14.1
Percentage of capital used for margin 36.2%

========================================
Risk per strategy, annualised percentage
========================================

                  risk
dynamic_TF_carry  14.1


===================
Risk by asset class
===================

Ags       2.5
Bond      5.9
Equity    1.9
FX        3.9
Metals    3.7
OilGas    7.5
Other     0.3
Sector    1.2
dtype: float64


=====================================================
Beta loadings of asset class positions on asset class
=====================================================

Bond     -0.93
FX       -0.52
Metals   -0.13
Equity   -0.07
Ags      -0.06
Other     0.01
Sector    0.05
OilGas    0.24
dtype: float64


========================================================
Beta loadings of full portfolio positions on asset class
========================================================

Bond     -2.25
FX       -1.46
Equity   -0.55
Sector   -0.23
Metals   -0.22
Other    -0.09
Ags       0.27
OilGas    0.31
dtype: float64


==================================================================================================================================================================================================================================================================
                                                                                                                         Instrument risk                                                                                                                          
==================================================================================================================================================================================================================================================================

              daily_price_stdev  annual_price_stdev     price  daily_perc_stdev  annual_perc_stdev  point_size_base  contract_exposure  daily_risk_per_contract  annual_risk_per_contract  position  capital  exposure_held_perc_capital  annual_risk_perc_capital
PLAT                     40.108             641.723   1719.40              2.33               37.3             37.8              65060                     1517                     24282        -1   696797                        -9.3                      -3.5
CHF                       0.005               0.082      1.21              0.42                6.8          94597.4             114708                      486                      7783        -3   696797                       -49.4                      -3.4
BUXL                      0.747              11.953    102.08              0.73               11.7            848.6              86620                      633                     10142        -2   696797                       -24.9                      -2.9
MSCIEAFA                 26.122             417.957   3146.10              0.83               13.3             37.8             119045                      988                     15815        -1   696797                       -17.1                      -2.3
US10                      0.321               5.143    104.52              0.31                4.9            756.8              79095                      243                      3892        -3   696797                       -34.1                      -1.7
LEANHOG                   1.106              17.692     77.10              1.43               22.9            302.7              23339                      334                      5355        -2   696797                        -6.7                      -1.5
BTP                       0.535               8.558    111.05              0.48                7.7            848.6              94231                      453                      7262        -1   696797                       -13.5                      -1.0
CAD                       0.002               0.031      0.71              0.28                4.4          75677.9              53443                      147                      2356        -3   696797                       -23.0                      -1.0
SOYOIL                    0.913              14.608     70.12              1.30               20.8            454.1              31839                      414                      6632        -1   696797                        -4.6                      -1.0
US10U                     0.402               6.432    105.22              0.38                6.1            756.8              79627                      304                      4867        -1   696797                       -11.4                      -0.7
KR10                      0.439               7.019    104.66              0.42                6.7            564.0              59026                      247                      3958        -1   696797                        -8.5                      -0.6
COPPER-micro              0.093               1.490      6.67              1.40               22.3           1891.9              12612                      176                      2818        -1   696797                        -1.8                      -0.4
RUSSELL                  24.809             396.943   2849.60              0.87               13.9              3.8              10782                       93                      1501        -1   696797                        -1.5                      -0.2
AUD_micro                 0.003               0.050      0.70              0.44                7.1           7567.8               5281                       23                       375         1   696797                         0.8                       0.1
RUBBER                    3.426              54.812    258.50              1.33               21.2             37.8               9781                      129                      2074         1   696797                         1.4                       0.3
ZAR                       0.000               0.007      0.06              0.68               10.9         378389.4              22779                      155                      2483         1   696797                         3.3                       0.4
SP500_micro              52.116             833.858   7881.75              0.66               10.6              3.8              29823                      197                      3155         1   696797                         4.3                       0.5
NASDAQ_micro            296.831            4749.291  31521.25              0.94               15.1              1.5              47709                      449                      7188         1   696797                         6.8                       1.0
EU-BASIC                 11.886             190.180    827.60              1.44               23.0             42.4              35113                      504                      8068         1   696797                         5.0                       1.2
SOYMEAL                   4.602              73.626    356.00              1.29               20.7             75.7              26941                      348                      5571         2   696797                         7.7                       1.6
BRENT-LAST                1.963              31.412     97.83              2.01               32.1            756.8              74035                     1485                     23771         1   696797                        10.6                       3.4
GASOILINE                 0.057               0.913      3.10              1.84               29.5          31784.7              98456                     1814                     29035         1   696797                        14.1                       4.2

Sum of abs(notional exposure % capital) 259.8
Sum of abs(annualised risk % capital) 32.9
Net sum of annualised risk % capital -7.5 

=============================================================================================================================================================================================================
                                                                                                Correlations                                                                                                 
=============================================================================================================================================================================================================

              BRENT-LAST  GASOILINE  LEANHOG  SOYMEAL  SOYOIL   BTP  BUXL  KR10  US10  US10U  EU-BASIC  MSCIEAFA  NASDAQ_micro  RUSSELL  SP500_micro   ZAR  AUD_micro   CAD   CHF  COPPER-micro  PLAT  RUBBER
BRENT-LAST          1.00       0.94     0.25     0.03    0.41 -0.63 -0.30 -0.42 -0.43  -0.42     -0.26     -0.35         -0.28    -0.32        -0.30 -0.43      -0.02  0.19 -0.21         -0.20 -0.19    0.06
GASOILINE           0.94       1.00     0.22     0.03    0.42 -0.55 -0.20 -0.36 -0.37  -0.35     -0.26     -0.31         -0.18    -0.23        -0.21 -0.39      -0.01  0.16 -0.20         -0.17 -0.17    0.09
LEANHOG             0.25       0.22     1.00     0.04    0.32 -0.12 -0.11 -0.28 -0.09  -0.10      0.06     -0.01         -0.10     0.08        -0.02 -0.15      -0.01  0.03 -0.12          0.02  0.04    0.05
SOYMEAL             0.03       0.03     0.04     1.00    0.03  0.00 -0.15 -0.16 -0.13  -0.10      0.12      0.08          0.06    -0.07         0.10  0.05       0.24 -0.02 -0.07          0.12  0.14    0.06
SOYOIL              0.41       0.42     0.32     0.03    1.00 -0.09  0.13 -0.20  0.05   0.06      0.02     -0.08         -0.05     0.05        -0.05 -0.13       0.04  0.19  0.01          0.02  0.02    0.19
BTP                -0.63      -0.55    -0.12     0.00   -0.09  1.00  0.70  0.52  0.72   0.70      0.44      0.50          0.40     0.56         0.44  0.52       0.25  0.06  0.29          0.24  0.26   -0.02
BUXL               -0.30      -0.20    -0.11    -0.15    0.13  0.70  1.00  0.52  0.54   0.56      0.09      0.12          0.13     0.28         0.12  0.06      -0.05 -0.07  0.15         -0.05  0.05   -0.09
KR10               -0.42      -0.36    -0.28    -0.16   -0.20  0.52  0.52  1.00  0.44   0.41      0.12      0.19          0.25     0.21         0.21  0.22       0.08 -0.04  0.24          0.09  0.11    0.06
US10               -0.43      -0.37    -0.09    -0.13    0.05  0.72  0.54  0.44  1.00   0.98      0.19      0.17          0.03     0.33         0.07  0.33       0.10  0.13  0.25          0.04  0.19   -0.04
US10U              -0.42      -0.35    -0.10    -0.10    0.06  0.70  0.56  0.41  0.98   1.00      0.19      0.13          0.01     0.30         0.05  0.30       0.09  0.09  0.21          0.03  0.18   -0.04
EU-BASIC           -0.26      -0.26     0.06     0.12    0.02  0.44  0.09  0.12  0.19   0.19      1.00      0.70          0.44     0.51         0.53  0.68       0.55  0.15  0.30          0.59  0.43    0.45
MSCIEAFA           -0.35      -0.31    -0.01     0.08   -0.08  0.50  0.12  0.19  0.17   0.13      0.70      1.00          0.56     0.72         0.69  0.70       0.59  0.19  0.32          0.57  0.30    0.23
NASDAQ_micro       -0.28      -0.18    -0.10     0.06   -0.05  0.40  0.13  0.25  0.03   0.01      0.44      0.56          1.00     0.70         0.93  0.44       0.39  0.08  0.13          0.46  0.26    0.36
RUSSELL            -0.32      -0.23     0.08    -0.07    0.05  0.56  0.28  0.21  0.33   0.30      0.51      0.72          0.70     1.00         0.79  0.59       0.43  0.15  0.15          0.48  0.32    0.20
SP500_micro        -0.30      -0.21    -0.02     0.10   -0.05  0.44  0.12  0.21  0.07   0.05      0.53      0.69          0.93     0.79         1.00  0.52       0.48  0.16  0.17          0.51  0.30    0.30
ZAR                -0.43      -0.39    -0.15     0.05   -0.13  0.52  0.06  0.22  0.33   0.30      0.68      0.70          0.44     0.59         0.52  1.00       0.62  0.39  0.52          0.47  0.43    0.24
AUD_micro          -0.02      -0.01    -0.01     0.24    0.04  0.25 -0.05  0.08  0.10   0.09      0.55      0.59          0.39     0.43         0.48  0.62       1.00  0.70  0.65          0.44  0.39    0.21
CAD                 0.19       0.16     0.03    -0.02    0.19  0.06 -0.07 -0.04  0.13   0.09      0.15      0.19          0.08     0.15         0.16  0.39       0.70  1.00  0.68          0.16  0.24    0.01
CHF                -0.21      -0.20    -0.12    -0.07    0.01  0.29  0.15  0.24  0.25   0.21      0.30      0.32          0.13     0.15         0.17  0.52       0.65  0.68  1.00          0.19  0.33    0.12
COPPER-micro       -0.20      -0.17     0.02     0.12    0.02  0.24 -0.05  0.09  0.04   0.03      0.59      0.57          0.46     0.48         0.51  0.47       0.44  0.16  0.19          1.00  0.43    0.36
PLAT               -0.19      -0.17     0.04     0.14    0.02  0.26  0.05  0.11  0.19   0.18      0.43      0.30          0.26     0.32         0.30  0.43       0.39  0.24  0.33          0.43  1.00    0.21
RUBBER              0.06       0.09     0.05     0.06    0.19 -0.02 -0.09  0.06 -0.04  -0.04      0.45      0.23          0.36     0.20         0.30  0.24       0.21  0.01  0.12          0.36  0.21    1.00


********************************************************************************
                                 END OF REPORT                                  
********************************************************************************


