
********************************************************************************
                    Risk report produced on 12/11/2024 22:52                    
********************************************************************************


Total risk across all strategies, annualised percentage 11.1
Percentage of capital used for margin 66.2%

========================================
Risk per strategy, annualised percentage
========================================

                  risk
dynamic_TF_carry  11.1


===================
Risk by asset class
===================

Ags       2.4
Bond      2.9
Equity    7.4
FX        4.3
Metals    1.2
OilGas    3.6
Sector    0.9
Vol       1.2
dtype: float64


=====================================================
Beta loadings of asset class positions on asset class
=====================================================

FX       -0.55
Bond     -0.19
OilGas   -0.09
Ags      -0.05
Sector   -0.04
Vol      -0.02
Metals    0.02
Equity    0.51
dtype: float64


========================================================
Beta loadings of full portfolio positions on asset class
========================================================

Bond     -0.33
FX       -0.30
Vol      -0.17
Ags      -0.13
OilGas   -0.07
Metals    0.07
Sector    0.18
Equity    0.59
dtype: float64


===================================================================================================================================================================================================================================================================
                                                                                                                          Instrument risk                                                                                                                          
===================================================================================================================================================================================================================================================================

               daily_price_stdev  annual_price_stdev     price  daily_perc_stdev  annual_perc_stdev  point_size_base  contract_exposure  daily_risk_per_contract  annual_risk_per_contract  position  capital  exposure_held_perc_capital  annual_risk_perc_capital
BUXL                       1.282              20.516    133.46              0.96               15.4            829.1             110654                     1063                     17010        -1   588832                       -18.8                      -2.9
GAS-PEN                    0.104               1.669      2.91              3.59               57.4           7797.4              22659                      813                     13014        -1   588832                        -3.8                      -2.2
CHF                        0.006               0.089      1.14              0.49                7.8          97467.0             110844                      543                      8690        -1   588832                       -18.8                      -1.5
JPY                        0.000               0.001      0.01              0.77               12.4        9746702.7              63256                      488                      7814        -1   588832                       -10.7                      -1.3
VIX                        0.575               9.208     15.85              3.63               58.1            779.7              12358                      448                      7179        -1   588832                        -2.1                      -1.2
GAS_US_mini                0.097               1.550      3.12              3.10               49.6           1949.3               6091                      188                      3021        -2   588832                        -2.1                      -1.0
CRUDE_W_micro              1.471              23.533     67.94              2.16               34.6             78.0               5297                      114                      1834        -3   588832                        -2.7                      -0.9
COTTON2                    0.880              14.080     68.85              1.28               20.4            389.9              26842                      343                      5489        -1   588832                        -4.6                      -0.9
EU-AUTO                    7.899             126.381    532.50              1.48               23.7             41.5              22075                      327                      5239        -1   588832                        -3.7                      -0.9
NZD                        0.004               0.061      0.59              0.65               10.3          77973.6              46222                      298                      4782        -1   588832                        -7.8                      -0.8
SOYMEAL                    3.761              60.179    295.60              1.27               20.4             78.0              23049                      293                      4692        -1   588832                        -3.9                      -0.8
CAD                        0.002               0.039      0.72              0.34                5.4          77973.6              55985                      189                      3024        -1   588832                        -9.5                      -0.5
CORN                       4.563              73.014    429.00              1.06               17.0             39.0              16725                      177                      2846        -1   588832                        -2.8                      -0.5
IRON                       2.261              36.170    100.25              2.25               36.1             78.0               7816                      176                      2820        -1   588832                        -1.3                      -0.5
MXP                        0.000               0.007      0.05              0.91               14.5         389868.1              18764                      170                      2722        -1   588832                        -3.2                      -0.5
MILLWHEAT                  2.392              38.274    224.25              1.07               17.1             41.5               9296                       99                      1586        -1   588832                        -1.6                      -0.3
MUMMY                     12.596             201.535    622.00              2.03               32.4              5.1               3154                       63                      1022         1   588832                         0.5                       0.2
DOW                      367.721            5883.541  44186.00              0.83               13.3              0.4              17226                      143                      2293         1   588832                         2.9                       0.4
TOPIX                     32.324             517.185   2737.00              1.18               18.9              5.1              13881                      163                      2622         1   588832                         2.4                       0.4
SP500_micro               45.407             726.515   6025.50              0.75               12.1              3.9              23491                      177                      2832         1   588832                         4.0                       0.5
RUSSELL                   32.490             519.835   2407.10              1.35               21.6              3.9               9384                      126                      2026         2   588832                         3.2                       0.7
MSCISING                   2.602              41.634    358.15              0.73               11.6             58.3              20895                      151                      2429         2   588832                         7.1                       0.8
NASDAQ_micro             208.960            3343.358  21184.50              0.99               15.8              1.6              33036                      325                      5213         1   588832                         5.6                       0.9
BITCOIN                 2717.370           43477.927  90330.00              3.01               48.1              0.1               7043                      211                      3390         2   588832                         2.4                       1.2
YENEUR                     0.888              14.212    163.70              0.54                8.7            634.0             103778                      563                      9009         1   588832                        17.6                       1.5
LEANHOG                    1.147              18.345     82.42              1.39               22.3            311.9              25707                      357                      5721         2   588832                         8.7                       1.9
MSCITAIWAN                11.567             185.080    964.40              1.20               19.2             78.0              75197                      901                     14431         1   588832                        12.8                       2.5
MIB                      305.685            4890.964  33485.00              0.91               14.6              4.1             138815                     1267                     20276         1   588832                        23.6                       3.4

Sum of abs(notional exposure % capital) 188.2
Sum of abs(annualised risk % capital) 31.1
Net sum of annualised risk % capital -2.3 

============================================================================================================================================================================================================================================================
                                                                                                                        Correlations                                                                                                                        
============================================================================================================================================================================================================================================================

               BUXL   CHF   JPY  CORN  GAS-PEN  GAS_US_mini  IRON  MILLWHEAT  SOYMEAL   VIX  BITCOIN   CAD  COTTON2   DOW  EU-AUTO   MIB  MSCISING  MSCITAIWAN  MUMMY  NASDAQ_micro   NZD  RUSSELL  SP500_micro  TOPIX  CRUDE_W_micro  LEANHOG   MXP  YENEUR
BUXL           1.00  0.30  0.45  0.09    -0.05        -0.02  0.04      -0.03     0.25  0.11     0.08  0.13    -0.17  0.09    -0.02 -0.18      0.02        0.07  -0.06          0.09  0.16     0.02         0.13  -0.09          -0.26    -0.18 -0.09   -0.48
CHF            0.30  1.00  0.68 -0.01     0.04         0.01  0.01      -0.18     0.28  0.34    -0.04  0.25    -0.15 -0.08     0.12 -0.03     -0.07       -0.21  -0.02         -0.21  0.50    -0.13        -0.15  -0.17          -0.26    -0.01 -0.27   -0.45
JPY            0.45  0.68  1.00 -0.00    -0.06        -0.08 -0.08      -0.17     0.30  0.15     0.15  0.14    -0.11 -0.00     0.03 -0.10     -0.00       -0.14  -0.13         -0.14  0.38     0.04        -0.10  -0.29          -0.43    -0.21 -0.15   -0.87
CORN           0.09 -0.01 -0.00  1.00     0.21         0.19  0.27       0.38     0.42 -0.07     0.07  0.13     0.00  0.08    -0.02 -0.07      0.13        0.23  -0.08          0.25 -0.01     0.08         0.19   0.03           0.10    -0.08  0.11   -0.07
GAS-PEN       -0.05  0.04 -0.06  0.21     1.00         0.97  0.12      -0.05     0.12 -0.10    -0.12  0.10    -0.01 -0.02    -0.02 -0.08     -0.03        0.12  -0.13          0.19  0.14    -0.09         0.11   0.06           0.25    -0.18  0.11    0.07
GAS_US_mini   -0.02  0.01 -0.08  0.19     0.97         1.00  0.12      -0.06     0.12 -0.10    -0.08  0.08     0.05 -0.06    -0.03 -0.08     -0.05        0.14  -0.15          0.18  0.14    -0.10         0.10   0.04           0.23    -0.18  0.07    0.09
IRON           0.04  0.01 -0.08  0.27     0.12         0.12  1.00       0.22     0.35  0.06     0.02  0.12     0.18 -0.05     0.18  0.11      0.04        0.16   0.06          0.10  0.18    -0.03         0.02   0.24           0.09    -0.01  0.11    0.02
MILLWHEAT     -0.03 -0.18 -0.17  0.38    -0.05        -0.06  0.22       1.00     0.19 -0.06    -0.09  0.05    -0.04  0.00    -0.12  0.03      0.05        0.04  -0.08          0.01 -0.12    -0.09         0.01   0.05           0.03    -0.14  0.19    0.08
SOYMEAL        0.25  0.28  0.30  0.42     0.12         0.12  0.35       0.19     1.00  0.06     0.06  0.07    -0.11 -0.01     0.15  0.06     -0.02        0.02  -0.00         -0.01  0.16    -0.00        -0.02   0.08          -0.26    -0.08 -0.14   -0.29
VIX            0.11  0.34  0.15 -0.07    -0.10        -0.10  0.06      -0.06     0.06  1.00    -0.20 -0.34    -0.20 -0.75    -0.16 -0.33     -0.58       -0.56  -0.33         -0.72 -0.18    -0.72        -0.79  -0.48          -0.11     0.16 -0.35   -0.18
BITCOIN        0.08 -0.04  0.15  0.07    -0.12        -0.08  0.02      -0.09     0.06 -0.20     1.00  0.06     0.31  0.24     0.11  0.13      0.20        0.17   0.11          0.19  0.12     0.37         0.20   0.12          -0.17     0.07  0.03   -0.14
CAD            0.13  0.25  0.14  0.13     0.10         0.08  0.12       0.05     0.07 -0.34     0.06  1.00     0.21  0.43     0.35  0.32      0.29        0.18   0.25          0.30  0.69     0.39         0.41   0.22           0.16    -0.06  0.30    0.10
COTTON2       -0.17 -0.15 -0.11  0.00    -0.01         0.05  0.18      -0.04    -0.11 -0.20     0.31  0.21     1.00  0.16     0.09  0.14      0.17        0.23   0.14          0.28  0.18     0.24         0.26   0.23           0.29     0.14  0.18    0.15
DOW            0.09 -0.08 -0.00  0.08    -0.02        -0.06 -0.05       0.00    -0.01 -0.75     0.24  0.43     0.16  1.00     0.30  0.45      0.61        0.47   0.45          0.62  0.25     0.84         0.81   0.51           0.06     0.08  0.30    0.08
EU-AUTO       -0.02  0.12  0.03 -0.02    -0.02        -0.03  0.18      -0.12     0.15 -0.16     0.11  0.35     0.09  0.30     1.00  0.82      0.25        0.32   0.34          0.27  0.39     0.28         0.33   0.50          -0.08     0.09  0.12    0.14
MIB           -0.18 -0.03 -0.10 -0.07    -0.08        -0.08  0.11       0.03     0.06 -0.33     0.13  0.32     0.14  0.45     0.82  1.00      0.35        0.36   0.38          0.26  0.30     0.40         0.36   0.48          -0.05     0.17  0.19    0.27
MSCISING       0.02 -0.07 -0.00  0.13    -0.03        -0.05  0.04       0.05    -0.02 -0.58     0.20  0.29     0.17  0.61     0.25  0.35      1.00        0.47   0.37          0.61  0.29     0.58         0.68   0.48           0.07     0.00  0.33    0.11
MSCITAIWAN     0.07 -0.21 -0.14  0.23     0.12         0.14  0.16       0.04     0.02 -0.56     0.17  0.18     0.23  0.47     0.32  0.36      0.47        1.00   0.22          0.77  0.27     0.46         0.74   0.53           0.16    -0.30  0.30    0.14
MUMMY         -0.06 -0.02 -0.13 -0.08    -0.13        -0.15  0.06      -0.08    -0.00 -0.33     0.11  0.25     0.14  0.45     0.34  0.38      0.37        0.22   1.00          0.33  0.29     0.45         0.39   0.68          -0.11     0.15  0.06    0.26
NASDAQ_micro   0.09 -0.21 -0.14  0.25     0.19         0.18  0.10       0.01    -0.01 -0.72     0.19  0.30     0.28  0.62     0.27  0.26      0.61        0.77   0.33          1.00  0.30     0.57         0.94   0.56           0.21    -0.19  0.37    0.20
NZD            0.16  0.50  0.38 -0.01     0.14         0.14  0.18      -0.12     0.16 -0.18     0.12  0.69     0.18  0.25     0.39  0.30      0.29        0.27   0.29          0.30  1.00     0.22         0.33   0.28          -0.11    -0.06  0.07   -0.08
RUSSELL        0.02 -0.13  0.04  0.08    -0.09        -0.10 -0.03      -0.09    -0.00 -0.72     0.37  0.39     0.24  0.84     0.28  0.40      0.58        0.46   0.45          0.57  0.22     1.00         0.73   0.45           0.06     0.10  0.38    0.04
SP500_micro    0.13 -0.15 -0.10  0.19     0.11         0.10  0.02       0.01    -0.02 -0.79     0.20  0.41     0.26  0.81     0.33  0.36      0.68        0.74   0.39          0.94  0.33     0.73         1.00   0.59           0.21    -0.09  0.40    0.17
TOPIX         -0.09 -0.17 -0.29  0.03     0.06         0.04  0.24       0.05     0.08 -0.48     0.12  0.22     0.23  0.51     0.50  0.48      0.48        0.53   0.68          0.56  0.28     0.45         0.59   1.00           0.10    -0.00  0.22    0.35
CRUDE_W_micro -0.26 -0.26 -0.43  0.10     0.25         0.23  0.09       0.03    -0.26 -0.11    -0.17  0.16     0.29  0.06    -0.08 -0.05      0.07        0.16  -0.11          0.21 -0.11     0.06         0.21   0.10           1.00     0.08  0.44    0.42
LEANHOG       -0.18 -0.01 -0.21 -0.08    -0.18        -0.18 -0.01      -0.14    -0.08  0.16     0.07 -0.06     0.14  0.08     0.09  0.17      0.00       -0.30   0.15         -0.19 -0.06     0.10        -0.09  -0.00           0.08     1.00 -0.08    0.28
MXP           -0.09 -0.27 -0.15  0.11     0.11         0.07  0.11       0.19    -0.14 -0.35     0.03  0.30     0.18  0.30     0.12  0.19      0.33        0.30   0.06          0.37  0.07     0.38         0.40   0.22           0.44    -0.08  1.00    0.24
YENEUR        -0.48 -0.45 -0.87 -0.07     0.07         0.09  0.02       0.08    -0.29 -0.18    -0.14  0.10     0.15  0.08     0.14  0.27      0.11        0.14   0.26          0.20 -0.08     0.04         0.17   0.35           0.42     0.28  0.24    1.00


********************************************************************************
                                 END OF REPORT                                  
********************************************************************************


