
********************************************************************************
                    Risk report produced on 16/06/2026 22:51                    
********************************************************************************


Total risk across all strategies, annualised percentage 8.0
Percentage of capital used for margin 33.6%

========================================
Risk per strategy, annualised percentage
========================================

                  risk
dynamic_TF_carry   8.0


===================
Risk by asset class
===================

Ags       2.2
Bond      2.0
Equity    3.1
FX        3.2
Metals    3.2
OilGas    1.5
Sector    1.9
dtype: float64


=====================================================
Beta loadings of asset class positions on asset class
=====================================================

FX       -0.25
Bond     -0.17
Metals   -0.11
Ags       0.01
OilGas    0.02
Sector    0.09
Equity    0.20
dtype: float64


========================================================
Beta loadings of full portfolio positions on asset class
========================================================

FX       -0.22
Bond     -0.19
Metals   -0.04
OilGas    0.01
Ags       0.09
Sector    0.17
Equity    0.18
dtype: float64


===================================================================================================================================================================================================================================================================
                                                                                                                          Instrument risk                                                                                                                          
===================================================================================================================================================================================================================================================================

               daily_price_stdev  annual_price_stdev     price  daily_perc_stdev  annual_perc_stdev  point_size_base  contract_exposure  daily_risk_per_contract  annual_risk_per_contract  position  capital  exposure_held_perc_capital  annual_risk_perc_capital
CHF                        0.005               0.087      1.27              0.43                6.9          93337.6             118837                      510                      8164        -3   696350                       -51.2                      -3.5
BITCOIN                 1960.536           31368.581  65570.00              2.99               47.8              0.1               4896                      146                      2342        -8   696350                        -5.6                      -2.7
KR10                       0.500               8.000    107.05              0.47                7.5            493.5              52828                      246                      3948        -4   696350                       -30.3                      -2.3
LEANHOG                    1.156              18.504     79.85              1.45               23.2            298.7              23849                      345                      5526        -2   696350                        -6.8                      -1.6
GOLD_micro                71.050            1136.798   4359.40              1.63               26.1              7.5              32551                      530                      8488        -1   696350                        -4.7                      -1.2
REDWHEAT                   9.605             153.684    655.75              1.46               23.4             37.3              24482                      358                      5737        -1   696350                        -3.5                      -0.8
JPY                        0.000               0.000      0.01              0.42                6.8        9333756.5              58597                      248                      3979        -1   696350                        -8.4                      -0.6
GAS_US_mini                0.100               1.598      3.26              3.06               48.9           1866.8               6094                      186                      2982        -1   696350                        -0.9                      -0.4
MUMMY                     14.488             231.805    709.00              2.04               32.7              4.7               3302                       67                      1079         1   696350                         0.5                       0.2
AUD_micro                  0.004               0.057      0.71              0.50                8.1           7467.0               5271                       26                       424         7   696350                         5.3                       0.4
CANOLA                     9.721             155.535    754.40              1.29               20.6             10.7               8038                      103                      1657         2   696350                         2.3                       0.5
RUSSELL                   37.754             604.072   2974.00              1.27               20.3              3.7              11103                      140                      2255         2   696350                         3.2                       0.6
MSCISING                   5.029              80.468    467.95              1.07               17.2             58.2              27224                      292                      4681         1   696350                         3.9                       0.7
EU-OIL                     7.242             115.865    505.10              1.43               22.9             43.2              21828                      312                      5007         1   696350                         3.1                       0.7
MXP                        0.000               0.005      0.06              0.50                7.9         373350.3              21527                      106                      1710         3   696350                         9.3                       0.7
ZAR                        0.000               0.007      0.06              0.75               12.1         373350.3              22923                      172                      2763         2   696350                         6.6                       0.8
CAD10                      0.411               6.570    120.78              0.34                5.4            532.8              64345                      218                      3499         2   696350                        18.5                       1.0
NIKKEI                  1229.662           19674.588  69435.00              1.77               28.3              0.5              32344                      572                      9165         1   696350                         4.6                       1.3
CAC                       75.125            1201.997   8451.50              0.89               14.2              8.6              73048                      649                     10389         1   696350                        10.5                       1.5
CRUDE_W_micro              2.198              35.175     75.17              2.92               46.8             74.7               5612                      164                      2626         4   696350                         3.2                       1.5
EU-BASIC                  15.246             243.936    864.00              1.76               28.2             43.2              37338                      658                     10541         1   696350                         5.4                       1.5
LIVECOW                    2.405              38.485    242.08              0.99               15.9            298.7              72303                      718                     11494         1   696350                        10.4                       1.7

Sum of abs(notional exposure % capital) 198.2
Sum of abs(annualised risk % capital) 26.2
Net sum of annualised risk % capital 0.0 

============================================================================================================================================================================================================
                                                                                                Correlations                                                                                                
============================================================================================================================================================================================================

               EU-OIL  LEANHOG  LIVECOW  MUMMY  CANOLA  CRUDE_W_micro  GAS_US_mini  REDWHEAT  BITCOIN   CAC  EU-BASIC  MSCISING  NIKKEI  RUSSELL  CAD10  KR10  AUD_micro   CHF  GOLD_micro   JPY   MXP   ZAR
EU-OIL           1.00     0.22     0.13   0.15    0.15           0.55         0.04      0.15     0.06  0.36      0.34      0.48    0.23     0.04   0.01 -0.22       0.25 -0.18        0.05 -0.16  0.05  0.09
LEANHOG          0.22     1.00     0.08   0.35    0.29           0.19        -0.15      0.06     0.02 -0.07      0.31      0.15    0.28     0.11   0.01  0.01       0.17 -0.00        0.26 -0.11  0.04  0.05
LIVECOW          0.13     0.08     1.00   0.07   -0.17           0.09        -0.35      0.01     0.06  0.25      0.03      0.07   -0.01     0.01  -0.08  0.11      -0.05 -0.01        0.02 -0.01  0.05  0.00
MUMMY            0.15     0.35     0.07   1.00    0.02           0.07        -0.05      0.19     0.19  0.23      0.34      0.30    0.43     0.25   0.08  0.13       0.20  0.00        0.18 -0.15  0.20  0.18
CANOLA           0.15     0.29    -0.17   0.02    1.00           0.40         0.09      0.22    -0.12 -0.23      0.07      0.05    0.25    -0.07  -0.09 -0.01       0.02 -0.13        0.07 -0.22 -0.15 -0.20
CRUDE_W_micro    0.55     0.19     0.09   0.07    0.40           1.00         0.08      0.43    -0.03 -0.16     -0.11      0.11    0.06    -0.25  -0.27 -0.13       0.02 -0.38       -0.11 -0.36 -0.25 -0.36
GAS_US_mini      0.04    -0.15    -0.35  -0.05    0.09           0.08         1.00      0.14     0.07 -0.16     -0.07      0.13   -0.16    -0.19  -0.07 -0.23       0.18  0.00        0.20  0.03  0.00  0.02
REDWHEAT         0.15     0.06     0.01   0.19    0.22           0.43         0.14      1.00     0.09 -0.24     -0.11     -0.08   -0.03    -0.12  -0.27 -0.20       0.22  0.05        0.07 -0.02 -0.08 -0.17
BITCOIN          0.06     0.02     0.06   0.19   -0.12          -0.03         0.07      0.09     1.00  0.16      0.20      0.20    0.08     0.45   0.04  0.10       0.22  0.11        0.24  0.08  0.12  0.25
CAC              0.36    -0.07     0.25   0.23   -0.23          -0.16        -0.16     -0.24     0.16  1.00      0.55      0.46    0.30     0.33   0.43  0.12       0.25  0.13        0.14  0.15  0.27  0.50
EU-BASIC         0.34     0.31     0.03   0.34    0.07          -0.11        -0.07     -0.11     0.20  0.55      1.00      0.61    0.71     0.52   0.31  0.09       0.57  0.24        0.45  0.17  0.49  0.69
MSCISING         0.48     0.15     0.07   0.30    0.05           0.11         0.13     -0.08     0.20  0.46      0.61      1.00    0.53     0.16   0.29  0.10       0.41  0.01        0.32  0.01  0.28  0.44
NIKKEI           0.23     0.28    -0.01   0.43    0.25           0.06        -0.16     -0.03     0.08  0.30      0.71      0.53    1.00     0.41   0.23  0.11       0.39  0.06        0.21 -0.09  0.33  0.41
RUSSELL          0.04     0.11     0.01   0.25   -0.07          -0.25        -0.19     -0.12     0.45  0.33      0.52      0.16    0.41     1.00   0.22  0.02       0.37  0.16        0.19  0.16  0.42  0.45
CAD10            0.01     0.01    -0.08   0.08   -0.09          -0.27        -0.07     -0.27     0.04  0.43      0.31      0.29    0.23     0.22   1.00  0.51       0.19  0.25        0.29  0.37  0.07  0.30
KR10            -0.22     0.01     0.11   0.13   -0.01          -0.13        -0.23     -0.20     0.10  0.12      0.09      0.10    0.11     0.02   0.51  1.00       0.11  0.29        0.36  0.31  0.05  0.21
AUD_micro        0.25     0.17    -0.05   0.20    0.02           0.02         0.18      0.22     0.22  0.25      0.57      0.41    0.39     0.37   0.19  0.11       1.00  0.63        0.61  0.47  0.58  0.69
CHF             -0.18    -0.00    -0.01   0.00   -0.13          -0.38         0.00      0.05     0.11  0.13      0.24      0.01    0.06     0.16   0.25  0.29       0.63  1.00        0.59  0.73  0.51  0.58
GOLD_micro       0.05     0.26     0.02   0.18    0.07          -0.11         0.20      0.07     0.24  0.14      0.45      0.32    0.21     0.19   0.29  0.36       0.61  0.59        1.00  0.41  0.41  0.58
JPY             -0.16    -0.11    -0.01  -0.15   -0.22          -0.36         0.03     -0.02     0.08  0.15      0.17      0.01   -0.09     0.16   0.37  0.31       0.47  0.73        0.41  1.00  0.27  0.45
MXP              0.05     0.04     0.05   0.20   -0.15          -0.25         0.00     -0.08     0.12  0.27      0.49      0.28    0.33     0.42   0.07  0.05       0.58  0.51        0.41  0.27  1.00  0.69
ZAR              0.09     0.05     0.00   0.18   -0.20          -0.36         0.02     -0.17     0.25  0.50      0.69      0.44    0.41     0.45   0.30  0.21       0.69  0.58        0.58  0.45  0.69  1.00


********************************************************************************
                                 END OF REPORT                                  
********************************************************************************


