
********************************************************************************
                    Risk report produced on 29/02/2024 22:51                    
********************************************************************************


Total risk across all strategies, annualised percentage 10.7
Percentage of capital used for margin 54.1%

========================================
Risk per strategy, annualised percentage
========================================

                  risk
dynamic_TF_carry  10.7


===================
Risk by asset class
===================

Ags       1.6
Bond      4.2
Equity    7.3
FX        4.8
Metals    1.4
OilGas    0.9
Sector    0.6
dtype: float64


=====================================================
Beta loadings of asset class positions on asset class
=====================================================

Bond     -1.36
FX       -0.19
Ags      -0.09
OilGas   -0.01
Sector    0.04
Metals    0.04
Equity    0.79
dtype: float64


========================================================
Beta loadings of full portfolio positions on asset class
========================================================

Bond     -2.71
Metals   -0.19
Ags      -0.07
OilGas    0.02
FX        0.27
Sector    0.31
Equity    1.05
dtype: float64


=================================================================================================================================================================================================================================================================
                                                                                                                         Instrument risk                                                                                                                         
=================================================================================================================================================================================================================================================================

             daily_price_stdev  annual_price_stdev     price  daily_perc_stdev  annual_perc_stdev  point_size_base  contract_exposure  daily_risk_per_contract  annual_risk_per_contract  position  capital  exposure_held_perc_capital  annual_risk_perc_capital
BOBL                     0.317               5.066    116.23              0.27                4.4            855.4              99425                      270                      4333        -2   390354                       -50.9                      -2.2
CHF                      0.005               0.082      1.13              0.45                7.2          98703.4             111786                      504                      8066        -1   390354                       -28.6                      -2.1
CORN                     4.965              79.441    463.00              1.07               17.2             39.5              18279                      196                      3136        -2   390354                        -9.4                      -1.6
JPY                      0.000               0.001      0.01              0.54                8.6        9870343.2              66002                      354                      5670        -1   390354                       -16.9                      -1.5
US3                      0.217               3.480    104.35              0.21                3.3           1579.3             164797                      343                      5495        -1   390354                       -42.2                      -1.4
GAS_US_mini              0.115               1.832      2.00              5.71               91.4           1974.1               3958                      226                      3617        -1   390354                        -1.0                      -0.9
US2                      0.141               2.258    101.94              0.14                2.2           1579.3             160985                      222                      3565        -1   390354                       -41.2                      -0.9
EUR_micro                0.004               0.062      1.08              0.36                5.7           9870.3              10670                       38                       610        -3   390354                        -8.2                      -0.5
GOLD_micro              12.661             202.574   2053.50              0.62                9.9              7.9              16214                       99                      1599        -1   390354                        -4.2                      -0.4
EU-OIL                   3.337              53.388    343.00              0.97               15.6             42.8              14670                      142                      2283         1   390354                         3.8                       0.6
SP500_micro             37.067             593.065   5094.50              0.73               11.6              3.9              20113                      146                      2341         1   390354                         5.2                       0.6
CNH                      0.015               0.246      7.21              0.21                3.4          10953.3              78920                      168                      2699         1   390354                        20.2                       0.7
MXP                      0.000               0.005      0.06              0.49                7.8         394813.7              23096                      113                      1810         2   390354                        11.8                       0.9
EUROSTX                 32.602             521.638   4885.00              0.67               10.7              8.6              41787                      278                      4462         1   390354                        10.7                       1.1
BITCOIN               1395.607           22329.709  62625.00              2.23               35.7              0.1               4945                      110                      1763         3   390354                         3.8                       1.4
FTSETAIWAN              11.105             177.674   1619.00              0.69               11.0             31.6              51136                      350                      5611         1   390354                        13.1                       1.4
CAC                     49.235             787.756   7946.00              0.62                9.9              8.6              67971                      421                      6738         1   390354                        17.4                       1.7
R1000                   11.940             191.039   1684.40              0.71               11.3             39.5              66502                      471                      7542         1   390354                        17.0                       1.9
YENEUR                   0.769              12.304    161.69              0.48                7.6            659.2             106584                      506                      8110         1   390354                        27.3                       2.1
NIKKEI                 332.916            5326.657  39190.00              0.85               13.6              0.5              20666                      175                      2809         3   390354                        15.9                       2.2

Sum of abs(notional exposure % capital) 348.8
Sum of abs(annualised risk % capital) 26.1
Net sum of annualised risk % capital 3.1 

===============================================================================================================================================================================
                                                                                 Correlations                                                                                  
===============================================================================================================================================================================

             BOBL   CHF  EUR_micro  GOLD_micro   JPY   US2   US3   CAC  EU-OIL  EUROSTX  FTSETAIWAN   MXP  R1000  SP500_micro  NIKKEI  YENEUR  BITCOIN  CORN  GAS_US_mini   CNH
BOBL         1.00  0.39       0.33        0.38  0.42  0.65  0.70  0.37    0.03     0.30        0.06  0.14   0.35         0.32   -0.10   -0.20     0.27  0.06         0.03 -0.35
CHF          0.39  1.00       0.73        0.57  0.63  0.55  0.58  0.38    0.15     0.37        0.22  0.33   0.40         0.39   -0.11   -0.07     0.18  0.12         0.11 -0.54
EUR_micro    0.33  0.73       1.00        0.59  0.45  0.43  0.50  0.41    0.08     0.40        0.31  0.47   0.48         0.50    0.17    0.32     0.14  0.05         0.06 -0.57
GOLD_micro   0.38  0.57       0.59        1.00  0.40  0.54  0.55  0.19    0.23     0.17        0.08  0.23   0.28         0.25    0.06    0.03     0.16  0.03         0.06 -0.56
JPY          0.42  0.63       0.45        0.40  1.00  0.45  0.48  0.19    0.01     0.17        0.12  0.22   0.19         0.15   -0.38   -0.68     0.07  0.12        -0.17 -0.46
US2          0.65  0.55       0.43        0.54  0.45  1.00  0.98  0.14   -0.05     0.07       -0.13  0.03   0.16         0.14   -0.10   -0.15     0.14 -0.03         0.16 -0.40
US3          0.70  0.58       0.50        0.55  0.48  0.98  1.00  0.21   -0.05     0.14       -0.04  0.11   0.24         0.22   -0.07   -0.13     0.12 -0.02         0.13 -0.45
CAC          0.37  0.38       0.41        0.19  0.19  0.14  0.21  1.00    0.48     0.93        0.47  0.45   0.77         0.71    0.36    0.14     0.25  0.08         0.01 -0.28
EU-OIL       0.03  0.15       0.08        0.23  0.01 -0.05 -0.05  0.48    1.00     0.46        0.30  0.22   0.48         0.33    0.20    0.03     0.01  0.15         0.22 -0.06
EUROSTX      0.30  0.37       0.40        0.17  0.17  0.07  0.14  0.93    0.46     1.00        0.54  0.44   0.77         0.77    0.42    0.18     0.26  0.04         0.01 -0.30
FTSETAIWAN   0.06  0.22       0.31        0.08  0.12 -0.13 -0.04  0.47    0.30     0.54        1.00  0.36   0.54         0.66    0.45    0.13     0.01  0.11        -0.17 -0.37
MXP          0.14  0.33       0.47        0.23  0.22  0.03  0.11  0.45    0.22     0.44        0.36  1.00   0.45         0.43    0.19    0.14     0.04  0.02         0.12 -0.21
R1000        0.35  0.40       0.48        0.28  0.19  0.16  0.24  0.77    0.48     0.77        0.54  0.45   1.00         0.90    0.49    0.14     0.21  0.05         0.14 -0.37
SP500_micro  0.32  0.39       0.50        0.25  0.15  0.14  0.22  0.71    0.33     0.77        0.66  0.43   0.90         1.00    0.60    0.22     0.18  0.06         0.07 -0.39
NIKKEI      -0.10 -0.11       0.17        0.06 -0.38 -0.10 -0.07  0.36    0.20     0.42        0.45  0.19   0.49         0.60    1.00    0.51    -0.00 -0.10         0.14 -0.06
YENEUR      -0.20 -0.07       0.32        0.03 -0.68 -0.15 -0.13  0.14    0.03     0.18        0.13  0.14   0.14         0.22    0.51    1.00     0.05 -0.07         0.18  0.04
BITCOIN      0.27  0.18       0.14        0.16  0.07  0.14  0.12  0.25    0.01     0.26        0.01  0.04   0.21         0.18   -0.00    0.05     1.00  0.01         0.06 -0.07
CORN         0.06  0.12       0.05        0.03  0.12 -0.03 -0.02  0.08    0.15     0.04        0.11  0.02   0.05         0.06   -0.10   -0.07     0.01  1.00         0.09 -0.04
GAS_US_mini  0.03  0.11       0.06        0.06 -0.17  0.16  0.13  0.01    0.22     0.01       -0.17  0.12   0.14         0.07    0.14    0.18     0.06  0.09         1.00  0.20
CNH         -0.35 -0.54      -0.57       -0.56 -0.46 -0.40 -0.45 -0.28   -0.06    -0.30       -0.37 -0.21  -0.37        -0.39   -0.06    0.04    -0.07 -0.04         0.20  1.00


********************************************************************************
                                 END OF REPORT                                  
********************************************************************************


