
********************************************************************************
                    Risk report produced on 14/10/2024 22:52                    
********************************************************************************


Total risk across all strategies, annualised percentage 12.8
Percentage of capital used for margin 69.5%

========================================
Risk per strategy, annualised percentage
========================================

                  risk
dynamic_TF_carry  12.8


===================
Risk by asset class
===================

Ags        2.7
Bond       0.6
Equity    10.0
FX         1.9
Metals     1.1
OilGas     1.9
Sector     1.0
Vol        1.1
dtype: float64


=====================================================
Beta loadings of asset class positions on asset class
=====================================================

Sector   -0.04
OilGas   -0.04
Vol      -0.02
Metals    0.03
Ags       0.04
Bond      0.11
FX        0.18
Equity    0.69
dtype: float64


========================================================
Beta loadings of full portfolio positions on asset class
========================================================

Vol      -0.20
Bond     -0.02
OilGas    0.02
Ags       0.08
Metals    0.12
Sector    0.29
FX        0.47
Equity    0.77
dtype: float64


===================================================================================================================================================================================================================================================================
                                                                                                                          Instrument risk                                                                                                                          
===================================================================================================================================================================================================================================================================

               daily_price_stdev  annual_price_stdev     price  daily_perc_stdev  annual_perc_stdev  point_size_base  contract_exposure  daily_risk_per_contract  annual_risk_per_contract  position  capital  exposure_held_perc_capital  annual_risk_perc_capital
GAS-PEN                    0.091               1.453      2.50              3.63               58.0           7653.5              19156                      694                     11119        -1   579208                        -3.3                      -1.9
VIX                        0.541               8.653     18.35              2.95               47.2            765.4              14044                      413                      6622        -1   579208                        -2.4                      -1.1
SOYMEAL                    4.912              78.587    315.30              1.56               24.9             76.5              24131                      375                      6014        -1   579208                        -4.2                      -1.0
COTTON2                    0.975              15.607     71.13              1.37               21.9            382.7              27219                      373                      5972        -1   579208                        -4.7                      -1.0
EU-AUTO                    8.693             139.080    567.20              1.53               24.5             41.8              23716                      363                      5815        -1   579208                        -4.1                      -1.0
CORN                       5.039              80.629    407.75              1.24               19.8             38.3              15603                      192                      3085        -1   579208                        -2.7                      -0.5
IRON                       2.422              38.760    108.25              2.24               35.8             76.5               8284                      185                      2966        -1   579208                        -1.4                      -0.5
CANOLA                     9.332             149.306    626.80              1.49               23.8             11.1               6965                      103                      1659        -1   579208                        -1.2                      -0.3
MUMMY                     12.729             203.667    628.00              2.03               32.4              5.1               3220                       65                      1044         1   579208                         0.6                       0.2
CRUDE_W_micro              1.514              24.218     72.91              2.08               33.2             76.5               5580                      115                      1853         1   579208                         1.0                       0.3
TOPIX                     40.323             645.167   2726.75              1.48               23.7              5.1              13984                      206                      3308         1   579208                         2.4                       0.6
KR10                       0.413               6.615    116.41              0.36                5.7            565.3              65807                      233                      3739         1   579208                        11.4                       0.6
SUGAR11                    0.333               5.326     20.69              1.61               25.7            857.2              17735                      285                      4565         1   579208                         3.1                       0.8
DOW                      264.881            4238.090  43361.00              0.61                9.8              0.4              16593                      101                      1621         3   579208                         8.6                       0.8
MSCISING                   2.701              43.212    345.15              0.78               12.5             58.6              20234                      158                      2533         2   579208                         7.0                       0.9
LIVECOW                    1.134              18.148    188.62              0.60                9.6            306.1              57745                      347                      5555         1   579208                        10.0                       1.0
SILVER                     0.535               8.567     31.40              1.71               27.3            765.4              24032                      409                      6556         1   579208                         4.1                       1.1
LEANHOG                    1.075              17.192     75.80              1.42               22.7            306.1              23205                      328                      5263         2   579208                         8.0                       1.8
YENEUR                     1.078              17.248    162.32              0.66               10.6            641.1             104060                      691                     11057         1   579208                        18.0                       1.9
FTSETAIWAN                22.686             362.970   1918.75              1.18               18.9             30.6              58740                      694                     11111         1   579208                        10.1                       1.9
MSCIEAFA                  20.075             321.194   2452.10              0.82               13.1             38.3              93835                      768                     12291         1   579208                        16.2                       2.1
MSCITAIWAN                12.065             193.039    958.90              1.26               20.1             76.5              73389                      923                     14774         1   579208                        12.7                       2.6
MIB                      296.409            4742.543  34515.00              0.86               13.7              4.2             144319                     1239                     19830         1   579208                        24.9                       3.4

Sum of abs(notional exposure % capital) 162.1
Sum of abs(annualised risk % capital) 27.3
Net sum of annualised risk % capital 12.7 

=================================================================================================================================================================================================================
                                                                                                  Correlations                                                                                                   
=================================================================================================================================================================================================================

                DOW  EU-AUTO  FTSETAIWAN   MIB  MSCIEAFA  MSCISING  MSCITAIWAN  MUMMY  TOPIX  CRUDE_W_micro  LIVECOW  SILVER  SUGAR11  YENEUR  GAS-PEN  KR10  CANOLA  CORN  COTTON2  IRON  LEANHOG  SOYMEAL   VIX
DOW            1.00     0.47        0.50  0.60      0.81      0.57        0.44   0.72   0.59           0.22     0.29    0.35     0.31    0.10    -0.00  0.22   -0.02  0.06     0.23 -0.04     0.16    -0.02 -0.65
EU-AUTO        0.47     1.00        0.42  0.79      0.57      0.34        0.37   0.51   0.53           0.08     0.03    0.22     0.17    0.28    -0.14 -0.07    0.12  0.01     0.17 -0.05     0.21    -0.01 -0.35
FTSETAIWAN     0.50     0.42        1.00  0.42      0.58      0.58        0.97   0.55   0.56           0.34     0.25    0.40     0.32    0.42     0.03  0.14    0.06 -0.06     0.19  0.09     0.01    -0.19 -0.51
MIB            0.60     0.79        0.42  1.00      0.69      0.50        0.37   0.55   0.62           0.15     0.26    0.30     0.23    0.31    -0.02 -0.06    0.22 -0.02     0.03 -0.09     0.28     0.01 -0.56
MSCIEAFA       0.81     0.57        0.58  0.69      1.00      0.66        0.50   0.69   0.62           0.10     0.16    0.47     0.34    0.19     0.07  0.25    0.04 -0.03     0.13  0.02     0.14     0.01 -0.68
MSCISING       0.57     0.34        0.58  0.50      0.66      1.00        0.51   0.59   0.56           0.20     0.15    0.42     0.25    0.24     0.09  0.10    0.11  0.03     0.09 -0.03     0.09    -0.07 -0.57
MSCITAIWAN     0.44     0.37        0.97  0.37      0.50      0.51        1.00   0.50   0.52           0.35     0.22    0.40     0.29    0.41     0.02  0.12    0.07 -0.04     0.16  0.14    -0.03    -0.22 -0.42
MUMMY          0.72     0.51        0.55  0.55      0.69      0.59        0.50   1.00   0.80           0.26     0.23    0.25     0.42    0.27    -0.04  0.05    0.02 -0.01     0.23 -0.01     0.21    -0.02 -0.54
TOPIX          0.59     0.53        0.56  0.62      0.62      0.56        0.52   0.80   1.00           0.30     0.28    0.34     0.31    0.51     0.02 -0.19    0.04 -0.09     0.17  0.10     0.12    -0.11 -0.51
CRUDE_W_micro  0.22     0.08        0.34  0.15      0.10      0.20        0.35   0.26   0.30           1.00     0.52    0.23     0.40    0.19     0.08 -0.23    0.27  0.10     0.15  0.07     0.09     0.01 -0.10
LIVECOW        0.29     0.03        0.25  0.26      0.16      0.15        0.22   0.23   0.28           0.52     1.00    0.22     0.29    0.15     0.17 -0.17    0.26  0.10     0.11  0.15     0.28     0.06 -0.28
SILVER         0.35     0.22        0.40  0.30      0.47      0.42        0.40   0.25   0.34           0.23     0.22    1.00     0.19    0.20     0.15 -0.01    0.24  0.17     0.10  0.24     0.07     0.17 -0.21
SUGAR11        0.31     0.17        0.32  0.23      0.34      0.25        0.29   0.42   0.31           0.40     0.29    0.19     1.00    0.19    -0.03 -0.08    0.18 -0.01     0.23  0.00     0.16     0.13 -0.25
YENEUR         0.10     0.28        0.42  0.31      0.19      0.24        0.41   0.27   0.51           0.19     0.15    0.20     0.19    1.00     0.21 -0.20    0.07 -0.01     0.03  0.07    -0.11    -0.06 -0.30
GAS-PEN       -0.00    -0.14        0.03 -0.02      0.07      0.09        0.02  -0.04   0.02           0.08     0.17    0.15    -0.03    0.21     1.00  0.07    0.14  0.22    -0.01 -0.01    -0.02     0.19 -0.15
KR10           0.22    -0.07        0.14 -0.06      0.25      0.10        0.12   0.05  -0.19          -0.23    -0.17   -0.01    -0.08   -0.20     0.07  1.00   -0.24  0.02    -0.07 -0.07    -0.05     0.02 -0.10
CANOLA        -0.02     0.12        0.06  0.22      0.04      0.11        0.07   0.02   0.04           0.27     0.26    0.24     0.18    0.07     0.14 -0.24    1.00  0.39     0.16  0.23     0.38     0.46  0.02
CORN           0.06     0.01       -0.06 -0.02     -0.03      0.03       -0.04  -0.01  -0.09           0.10     0.10    0.17    -0.01   -0.01     0.22  0.02    0.39  1.00     0.06  0.14     0.17     0.60  0.06
COTTON2        0.23     0.17        0.19  0.03      0.13      0.09        0.16   0.23   0.17           0.15     0.11    0.10     0.23    0.03    -0.01 -0.07    0.16  0.06     1.00  0.19     0.14     0.09 -0.10
IRON          -0.04    -0.05        0.09 -0.09      0.02     -0.03        0.14  -0.01   0.10           0.07     0.15    0.24     0.00    0.07    -0.01 -0.07    0.23  0.14     0.19  1.00     0.16     0.30  0.08
LEANHOG        0.16     0.21        0.01  0.28      0.14      0.09       -0.03   0.21   0.12           0.09     0.28    0.07     0.16   -0.11    -0.02 -0.05    0.38  0.17     0.14  0.16     1.00     0.20 -0.02
SOYMEAL       -0.02    -0.01       -0.19  0.01      0.01     -0.07       -0.22  -0.02  -0.11           0.01     0.06    0.17     0.13   -0.06     0.19  0.02    0.46  0.60     0.09  0.30     0.20     1.00  0.14
VIX           -0.65    -0.35       -0.51 -0.56     -0.68     -0.57       -0.42  -0.54  -0.51          -0.10    -0.28   -0.21    -0.25   -0.30    -0.15 -0.10    0.02  0.06    -0.10  0.08    -0.02     0.14  1.00


********************************************************************************
                                 END OF REPORT                                  
********************************************************************************


