
********************************************************************************
                    Risk report produced on 28/09/2023 22:52                    
********************************************************************************


Total risk across all strategies, annualised percentage 16.1
Percentage of capital used for margin 58.9%

========================================
Risk per strategy, annualised percentage
========================================

                  risk
dynamic_TF_carry  16.0


===================
Risk by asset class
===================

Ags       4.8
Bond      9.3
Equity    2.5
FX        6.3
Sector    2.6
Vol       1.9
dtype: float64


=====================================================
Beta loadings of asset class positions on asset class
=====================================================

Bond     -1.24
FX       -1.22
Equity   -0.09
Vol      -0.04
Sector    0.16
Ags       0.31
dtype: float64


========================================================
Beta loadings of full portfolio positions on asset class
========================================================

FX       -1.92
Bond     -1.71
Equity   -0.19
Vol      -0.06
Sector    0.18
Ags       0.38
dtype: float64


==================================================================================================================================================================================================================================================================
                                                                                                                         Instrument risk                                                                                                                          
==================================================================================================================================================================================================================================================================

              daily_price_stdev  annual_price_stdev     price  daily_perc_stdev  annual_perc_stdev  point_size_base  contract_exposure  daily_risk_per_contract  annual_risk_per_contract  position  capital  exposure_held_perc_capital  annual_risk_perc_capital
US20                      0.910              14.560    113.72              0.80               12.8            823.5              93649                      749                     11990        -1   393869                       -23.8                      -3.0
DAX                     132.302            2116.840  15418.00              0.86               13.7              0.9              13341                      114                      1831        -6   393869                       -20.3                      -2.8
BTP                       0.733              11.735    108.26              0.68               10.8            865.3              93678                      634                     10154        -1   393869                       -23.8                      -2.6
US3                       0.182               2.919    103.06              0.18                2.8           1647.0             169748                      300                      4807        -2   393869                       -86.2                      -2.4
BUND                      0.689              11.017    127.04              0.54                8.7            865.3             109929                      595                      9532        -1   393869                       -27.9                      -2.4
CHF                       0.005               0.074      1.10              0.42                6.7         102940.0             113300                      474                      7584        -1   393869                       -28.8                      -1.9
VIX                       0.558               8.929     18.05              3.09               49.5            823.5              14864                      459                      7353        -1   393869                        -3.8                      -1.9
JPY                       0.000               0.001      0.01              0.51                8.2       10293996.5              69829                      358                      5733        -1   393869                       -17.7                      -1.5
AUD                       0.004               0.065      0.64              0.63               10.1          82352.0              53030                      333                      5343        -1   393869                       -13.5                      -1.4
NASDAQ_micro            183.810            2940.959  14895.25              1.23               19.7              1.6              24533                      302                      4843        -1   393869                        -6.2                      -1.2
GBP                       0.005               0.087      1.22              0.45                7.2          51470.0              62783                      280                      4491        -1   393869                       -15.9                      -1.1
NZD                       0.003               0.053      0.60              0.55                8.8          82352.0              49098                      270                      4325        -1   393869                       -12.5                      -1.1
CNH                       0.020               0.319      7.31              0.27                4.4          11261.8              82308                      224                      3588         1   393869                        20.9                       0.9
SOYBEAN_mini             15.990             255.842   1301.75              1.23               19.7              8.2              10720                      131                      2106         2   393869                         5.4                       1.1
LEANHOG                   1.539              24.617     75.50              2.04               32.6            329.4              24870                      506                      8108         1   393869                         6.3                       2.1
EU-OIL                    3.671              58.742    367.60              1.00               16.0             43.3              15904                      158                      2541         4   393869                        16.2                       2.6
NIKKEI                  306.642            4906.267  31745.00              0.97               15.5              0.6              17503                      169                      2705         4   393869                        17.8                       2.7
LIVECOW                   1.306              20.895    190.42              0.69               11.0            329.4              62727                      430                      6883         2   393869                        31.9                       3.5

Sum of abs(notional exposure % capital) 378.9
Sum of abs(annualised risk % capital) 36.2
Net sum of annualised risk % capital -10.4 

==================================================================================================================================================
                                                                   Correlations                                                                   
==================================================================================================================================================

               CNH   VIX   AUD   BTP  BUND   CHF   GBP   JPY   NZD  US20   US3   DAX  NASDAQ_micro  NIKKEI  EU-OIL  LEANHOG  LIVECOW  SOYBEAN_mini
CNH           1.00  0.06 -0.55 -0.38 -0.36 -0.61 -0.51 -0.43 -0.57 -0.49 -0.50 -0.30         -0.27   -0.07   -0.06    -0.17     0.06         -0.22
VIX           0.06  1.00 -0.33 -0.29 -0.12 -0.12 -0.28  0.08 -0.23 -0.24  0.10 -0.56         -0.61   -0.64   -0.36    -0.19    -0.46         -0.25
AUD          -0.55 -0.33  1.00  0.48  0.37  0.63  0.67  0.40  0.85  0.45  0.37  0.52          0.51    0.33    0.33     0.20     0.19          0.46
BTP          -0.38 -0.29  0.48  1.00  0.91  0.48  0.56  0.28  0.44  0.70  0.55  0.40          0.55    0.21    0.04     0.02     0.05          0.10
BUND         -0.36 -0.12  0.37  0.91  1.00  0.40  0.46  0.34  0.35  0.73  0.64  0.24          0.41    0.06   -0.05    -0.03    -0.04          0.03
CHF          -0.61 -0.12  0.63  0.48  0.40  1.00  0.69  0.56  0.59  0.63  0.58  0.34          0.37    0.05   -0.03     0.15     0.09          0.29
GBP          -0.51 -0.28  0.67  0.56  0.46  0.69  1.00  0.36  0.69  0.49  0.49  0.50          0.49    0.26    0.20     0.17     0.11          0.25
JPY          -0.43  0.08  0.40  0.28  0.34  0.56  0.36  1.00  0.38  0.42  0.51  0.03          0.07   -0.32   -0.12     0.01     0.05          0.14
NZD          -0.57 -0.23  0.85  0.44  0.35  0.59  0.69  0.38  1.00  0.43  0.44  0.49          0.37    0.26    0.30     0.22     0.12          0.30
US20         -0.49 -0.24  0.45  0.70  0.73  0.63  0.49  0.42  0.43  1.00  0.75  0.25          0.37    0.14   -0.02     0.16     0.09          0.13
US3          -0.50  0.10  0.37  0.55  0.64  0.58  0.49  0.51  0.44  0.75  1.00  0.05          0.14   -0.13   -0.13     0.12    -0.04         -0.06
DAX          -0.30 -0.56  0.52  0.40  0.24  0.34  0.50  0.03  0.49  0.25  0.05  1.00          0.70    0.70    0.46     0.10     0.22          0.25
NASDAQ_micro -0.27 -0.61  0.51  0.55  0.41  0.37  0.49  0.07  0.37  0.37  0.14  0.70          1.00    0.66    0.20     0.01     0.22          0.20
NIKKEI       -0.07 -0.64  0.33  0.21  0.06  0.05  0.26 -0.32  0.26  0.14 -0.13  0.70          0.66    1.00    0.45     0.16     0.23          0.18
EU-OIL       -0.06 -0.36  0.33  0.04 -0.05 -0.03  0.20 -0.12  0.30 -0.02 -0.13  0.46          0.20    0.45    1.00     0.19     0.06          0.34
LEANHOG      -0.17 -0.19  0.20  0.02 -0.03  0.15  0.17  0.01  0.22  0.16  0.12  0.10          0.01    0.16    0.19     1.00     0.29          0.27
LIVECOW       0.06 -0.46  0.19  0.05 -0.04  0.09  0.11  0.05  0.12  0.09 -0.04  0.22          0.22    0.23    0.06     0.29     1.00          0.07
SOYBEAN_mini -0.22 -0.25  0.46  0.10  0.03  0.29  0.25  0.14  0.30  0.13 -0.06  0.25          0.20    0.18    0.34     0.27     0.07          1.00


********************************************************************************
                                 END OF REPORT                                  
********************************************************************************


