
********************************************************************************
                    Risk report produced on 04/03/2025 22:53                    
********************************************************************************


Total risk across all strategies, annualised percentage 9.7
Percentage of capital used for margin 71.3%

========================================
Risk per strategy, annualised percentage
========================================

                  risk
dynamic_TF_carry   9.7


===================
Risk by asset class
===================

Ags       2.6
Bond      0.8
Equity    7.1
FX        2.5
Metals    1.9
OilGas    2.2
Vol       2.2
dtype: float64


=====================================================
Beta loadings of asset class positions on asset class
=====================================================

FX       -0.21
Metals   -0.09
Vol      -0.05
OilGas   -0.04
Ags       0.10
Bond      0.12
Equity    0.49
dtype: float64


========================================================
Beta loadings of full portfolio positions on asset class
========================================================

FX       -0.16
Vol      -0.11
OilGas   -0.03
Bond     -0.01
Metals    0.02
Ags       0.14
Equity    0.61
dtype: float64


==================================================================================================================================================================================================================================================================
                                                                                                                         Instrument risk                                                                                                                          
==================================================================================================================================================================================================================================================================

              daily_price_stdev  annual_price_stdev     price  daily_perc_stdev  annual_perc_stdev  point_size_base  contract_exposure  daily_risk_per_contract  annual_risk_per_contract  position  capital  exposure_held_perc_capital  annual_risk_perc_capital
CHF                       0.005               0.082      1.13              0.46                7.3          98421.3             110851                      505                      8091        -2   579526                       -38.3                      -2.8
BRENT-LAST                1.044              16.710     70.65              1.48               23.7            787.4              55627                      822                     13157        -1   579526                        -9.6                      -2.3
VIX                       0.509               8.138     20.15              2.52               40.4            787.4              15865                      400                      6407        -2   579526                        -5.5                      -2.2
LEANHOG                   1.479              23.668     93.05              1.59               25.4            314.9              29305                      465                      7454        -1   579526                        -5.1                      -1.3
RUSSELL                  24.469             391.497   2103.70              1.16               18.6              3.9               8281                       96                      1541        -4   579526                        -5.7                      -1.1
SILVER                    0.472               7.559     32.63              1.45               23.2            787.4              25691                      372                      5952        -1   579526                        -4.4                      -1.0
BITCOIN                2289.038           36624.608  88905.00              2.57               41.2              0.1               7000                      180                      2883        -2   579526                        -2.4                      -1.0
EUR_micro                 0.006               0.092      1.07              0.54                8.6           9842.1              10512                       56                       901        -5   579526                        -9.1                      -0.8
COPPER-micro              0.064               1.016      4.58              1.39               22.2           1968.4               9008                      125                      2000        -2   579526                        -3.1                      -0.7
CAD                       0.002               0.039      0.69              0.35                5.7          78737.1              54383                      192                      3073        -1   579526                        -9.4                      -0.5
SP500_micro              47.854             765.671   5852.75              0.82               13.1              3.9              23041                      188                      3014        -1   579526                        -4.0                      -0.5
DOW                     311.006            4976.099  43145.00              0.72               11.5              0.4              16985                      122                      1959        -1   579526                        -2.9                      -0.3
MUMMY                     8.631             138.096    632.00              1.37               21.9              5.3               3328                       45                       727         1   579526                         0.6                       0.1
GAS_US_mini               0.139               2.221      4.37              3.18               50.8           1968.4               8602                      273                      4372         1   579526                         1.5                       0.8
CAD10                     0.510               8.158    125.46              0.41                6.5            543.8              68227                      277                      4436         1   579526                        11.8                       0.8
HANG_mini               360.381            5766.093  22935.00              1.57               25.1              1.0              23221                      364                      5838         1   579526                         4.0                       1.0
TOPIX                    20.734             331.744   2700.75              0.77               12.3              5.3              14223                      109                      1747         4   579526                         9.8                       1.2
MSCISING                  2.875              46.003    394.30              0.73               11.7             58.5              23063                      168                      2690         3   579526                        11.9                       1.4
SMI                      92.884            1486.138  12966.00              0.72               11.5              8.8             114020                      816                     13068         1   579526                        19.7                       2.3
GBP                       0.006               0.095      1.28              0.46                7.4          49210.7              62950                      292                      4675         3   579526                        32.6                       2.4
FEEDCOW                   2.303              36.855    270.98              0.85               13.6            393.7             106678                      906                     14509         1   579526                        18.4                       2.5
MIB                     384.192            6147.068  37820.00              1.02               16.3              4.1             156153                     1586                     25380         1   579526                        26.9                       4.4

Sum of abs(notional exposure % capital) 236.7
Sum of abs(annualised risk % capital) 31.4
Net sum of annualised risk % capital 2.4 

===========================================================================================================================================================================================================
                                                                                               Correlations                                                                                                
===========================================================================================================================================================================================================

              CAD10   CHF   VIX  BITCOIN  BRENT-LAST  FEEDCOW  GAS_US_mini  LEANHOG   DOW  MSCISING  MUMMY  RUSSELL  SP500_micro  TOPIX   CAD  COPPER-micro  EUR_micro   GBP  HANG_mini   MIB  SILVER   SMI
CAD10          1.00  0.44 -0.05    -0.01       -0.48    -0.24        -0.27    -0.18  0.13      0.06  -0.12     0.02         0.04  -0.10 -0.18         -0.07       0.21  0.31       0.05 -0.03   -0.05  0.18
CHF            0.44  1.00  0.20    -0.08       -0.32    -0.22        -0.00     0.09  0.01     -0.13  -0.04    -0.02        -0.02  -0.12  0.32          0.12       0.62  0.59       0.20 -0.06    0.09  0.13
VIX           -0.05  0.20  1.00    -0.29       -0.13    -0.09         0.03     0.07 -0.74     -0.57  -0.22    -0.74        -0.81  -0.46 -0.27         -0.07      -0.12 -0.26      -0.19 -0.30   -0.01 -0.25
BITCOIN       -0.01 -0.08 -0.29     1.00       -0.06     0.04         0.00     0.15  0.26      0.29   0.01     0.37         0.27   0.11  0.01         -0.11       0.03 -0.02      -0.05  0.16    0.10  0.08
BRENT-LAST    -0.48 -0.32 -0.13    -0.06        1.00     0.30         0.23     0.06  0.08      0.11  -0.01     0.17         0.24   0.09  0.18          0.25      -0.12 -0.13       0.09 -0.07    0.21 -0.03
FEEDCOW       -0.24 -0.22 -0.09     0.04        0.30     1.00         0.11     0.18  0.24      0.21   0.14     0.17         0.21   0.22 -0.04          0.07       0.03  0.01      -0.02  0.16    0.15  0.20
GAS_US_mini   -0.27 -0.00  0.03     0.00        0.23     0.11         1.00    -0.07 -0.17     -0.08  -0.01    -0.17         0.03  -0.04  0.31          0.22       0.09 -0.01       0.22  0.02    0.05  0.01
LEANHOG       -0.18  0.09  0.07     0.15        0.06     0.18        -0.07     1.00  0.16      0.03   0.17     0.20         0.06   0.00  0.16          0.14       0.19  0.09      -0.02  0.12    0.15  0.05
DOW            0.13  0.01 -0.74     0.26        0.08     0.24        -0.17     0.16  1.00      0.56   0.27     0.85         0.80   0.43  0.26          0.16       0.19  0.29       0.15  0.36    0.18  0.43
MSCISING       0.06 -0.13 -0.57     0.29        0.11     0.21        -0.08     0.03  0.56      1.00   0.31     0.54         0.62   0.42  0.14          0.31       0.02  0.20       0.26  0.36    0.31  0.37
MUMMY         -0.12 -0.04 -0.22     0.01       -0.01     0.14        -0.01     0.17  0.27      0.31   1.00     0.31         0.27   0.64  0.33          0.14       0.11  0.24       0.24  0.28   -0.04  0.19
RUSSELL        0.02 -0.02 -0.74     0.37        0.17     0.17        -0.17     0.20  0.85      0.54   0.31     1.00         0.77   0.41  0.35          0.14       0.19  0.32       0.14  0.29    0.15  0.30
SP500_micro    0.04 -0.02 -0.81     0.27        0.24     0.21         0.03     0.06  0.80      0.62   0.27     0.77         1.00   0.56  0.37          0.26       0.22  0.38       0.29  0.33    0.27  0.39
TOPIX         -0.10 -0.12 -0.46     0.11        0.09     0.22        -0.04     0.00  0.43      0.42   0.64     0.41         0.56   1.00  0.22          0.17       0.12  0.34       0.33  0.35    0.02  0.29
CAD           -0.18  0.32 -0.27     0.01        0.18    -0.04         0.31     0.16  0.26      0.14   0.33     0.35         0.37   0.22  1.00          0.42       0.45  0.51       0.41  0.14    0.27  0.20
COPPER-micro  -0.07  0.12 -0.07    -0.11        0.25     0.07         0.22     0.14  0.16      0.31   0.14     0.14         0.26   0.17  0.42          1.00       0.22  0.26       0.46  0.34    0.62  0.30
EUR_micro      0.21  0.62 -0.12     0.03       -0.12     0.03         0.09     0.19  0.19      0.02   0.11     0.19         0.22   0.12  0.45          0.22       1.00  0.80       0.32  0.20    0.17  0.25
GBP            0.31  0.59 -0.26    -0.02       -0.13     0.01        -0.01     0.09  0.29      0.20   0.24     0.32         0.38   0.34  0.51          0.26       0.80  1.00       0.43  0.21    0.21  0.35
HANG_mini      0.05  0.20 -0.19    -0.05        0.09    -0.02         0.22    -0.02  0.15      0.26   0.24     0.14         0.29   0.33  0.41          0.46       0.32  0.43       1.00  0.32    0.18  0.42
MIB           -0.03 -0.06 -0.30     0.16       -0.07     0.16         0.02     0.12  0.36      0.36   0.28     0.29         0.33   0.35  0.14          0.34       0.20  0.21       0.32  1.00    0.24  0.64
SILVER        -0.05  0.09 -0.01     0.10        0.21     0.15         0.05     0.15  0.18      0.31  -0.04     0.15         0.27   0.02  0.27          0.62       0.17  0.21       0.18  0.24    1.00  0.32
SMI            0.18  0.13 -0.25     0.08       -0.03     0.20         0.01     0.05  0.43      0.37   0.19     0.30         0.39   0.29  0.20          0.30       0.25  0.35       0.42  0.64    0.32  1.00


********************************************************************************
                                 END OF REPORT                                  
********************************************************************************


