
********************************************************************************
                    Risk report produced on 30/07/2024 22:52                    
********************************************************************************


Total risk across all strategies, annualised percentage 8.4
Percentage of capital used for margin 73.3%

========================================
Risk per strategy, annualised percentage
========================================

                  risk
dynamic_TF_carry   8.4


===================
Risk by asset class
===================

Ags       1.8
Bond      1.5
Equity    6.6
FX        2.0
Metals    3.1
OilGas    2.0
Sector    1.5
Vol       2.6
dtype: float64


=====================================================
Beta loadings of asset class positions on asset class
=====================================================

Metals   -0.16
Sector   -0.08
Vol      -0.07
OilGas   -0.04
Ags      -0.03
FX        0.03
Bond      0.31
Equity    0.48
dtype: float64


========================================================
Beta loadings of full portfolio positions on asset class
========================================================

Vol      -0.12
Metals   -0.09
OilGas   -0.04
Ags      -0.03
Sector    0.14
Bond      0.33
Equity    0.46
FX        0.49
dtype: float64


===================================================================================================================================================================================================================================================================
                                                                                                                          Instrument risk                                                                                                                          
===================================================================================================================================================================================================================================================================

               daily_price_stdev  annual_price_stdev     price  daily_perc_stdev  annual_perc_stdev  point_size_base  contract_exposure  daily_risk_per_contract  annual_risk_per_contract  position  capital  exposure_held_perc_capital  annual_risk_perc_capital
VIX                        0.439               7.030     17.70              2.48               39.7            778.3              13776                      341                      5471        -3   623728                        -6.6                      -2.6
GAS-PEN                    0.102               1.638      2.18              4.69               75.0           7783.1              17006                      796                     12750        -1   623728                        -2.7                      -2.0
BITCOIN                 1789.512           28632.191  67440.00              2.65               42.5              0.1               5248                      139                      2228        -5   623728                        -4.2                      -1.8
EU-AUTO                    7.029             112.460    605.20              1.16               18.6             42.1              25481                      295                      4735        -2   623728                        -8.2                      -1.5
PLAT                      14.903             238.450    961.00              1.55               24.8             38.9              37397                      579                      9279        -1   623728                        -6.0                      -1.5
ALUMINIUM                 28.732             459.714   2174.75              1.32               21.1             19.5              42315                      559                      8945        -1   623728                        -6.8                      -1.4
CORN                       6.363             101.816    413.00              1.54               24.7             38.9              16072                      247                      3962        -2   623728                        -5.2                      -1.3
CHF                        0.005               0.078      1.14              0.43                6.8          97289.1             110437                      472                      7558        -1   623728                       -17.7                      -1.2
KOSDAQ                    20.435             326.962   1340.70              1.52               24.4              5.6               7522                      114                      1834        -4   623728                        -4.8                      -1.2
COTTON2                    1.118              17.886     69.18              1.62               25.9            389.2              26921                      435                      6960        -1   623728                        -4.3                      -1.1
DX                         0.333               5.321    104.30              0.32                5.1            778.3              81174                      258                      4141        -1   623728                       -13.0                      -0.7
FTSECHINAA                99.101            1585.608  11681.00              0.85               13.6              0.8               9091                       77                      1234        -3   623728                        -4.4                      -0.6
CAD                        0.002               0.030      0.72              0.26                4.2          77831.3              56272                      147                      2361        -1   623728                        -9.0                      -0.4
CRUDE_W_micro              1.144              18.301     74.77              1.53               24.5             77.8               5819                       89                      1424         0   623728                         0.0                       0.0
DAX                      146.854            2349.662  18426.00              0.80               12.8              0.8              15516                      123                      1978         2   623728                         5.0                       0.6
CAD10                      0.465               7.441    122.35              0.38                6.1            562.2              68780                      261                      4183         1   623728                        11.0                       0.7
MSCISING                   2.541              40.664    317.55              0.80               12.8             57.9              18390                      147                      2355         2   623728                         5.9                       0.8
KR10                       0.355               5.687    116.79              0.30                4.9            561.1              65527                      199                      3190         2   623728                        21.0                       1.0
LIVECOW                    1.297              20.746    186.98              0.69               11.1            311.3              58210                      403                      6458         1   623728                         9.3                       1.0
NIKKEI                   470.983            7535.735  38230.00              1.23               19.7              0.5              19235                      236                      3791         2   623728                         6.2                       1.2
DOW                      302.041            4832.659  40808.00              0.74               11.8              0.4              15880                      117                      1880         5   623728                        12.7                       1.5
YENEUR                     0.938              15.013    165.79              0.57                9.1            629.0             104274                      590                      9442         1   623728                        16.7                       1.5
MSCITAIWAN                12.696             203.143    891.80              1.42               22.8             77.8              69409                      988                     15810         1   623728                        11.1                       2.5
MIB                      310.281            4964.500  33795.00              0.92               14.7              4.2             142292                     1306                     20902         1   623728                        22.8                       3.4

Sum of abs(notional exposure % capital) 214.6
Sum of abs(annualised risk % capital) 31.5
Net sum of annualised risk % capital -3.1 

=================================================================================================================================================================================================================
                                                                                                  Correlations                                                                                                   
=================================================================================================================================================================================================================

                 DX   VIX  NIKKEI  YENEUR  ALUMINIUM  COTTON2  CRUDE_W_micro  FTSECHINAA  GAS-PEN  LIVECOW  PLAT   CAD   DAX   DOW  EU-AUTO  KOSDAQ   MIB  MSCISING  MSCITAIWAN  BITCOIN  CAD10   CHF  CORN  KR10
DX             1.00  0.26   -0.07    0.02      -0.13     0.05          -0.02       -0.26     0.03    -0.09 -0.39 -0.58 -0.42 -0.53    -0.16   -0.23 -0.36     -0.35       -0.28    -0.22  -0.45 -0.68 -0.13 -0.44
VIX            0.26  1.00   -0.44   -0.33      -0.02    -0.16           0.02       -0.23    -0.14    -0.11 -0.09 -0.33 -0.64 -0.58    -0.47   -0.36 -0.57     -0.34       -0.31    -0.07  -0.04 -0.10 -0.02 -0.09
NIKKEI        -0.07 -0.44    1.00    0.57       0.05     0.19           0.23        0.13     0.17     0.01 -0.00  0.26  0.39  0.36     0.41    0.38  0.44      0.41        0.40    -0.06  -0.16 -0.19 -0.11  0.00
YENEUR         0.02 -0.33    0.57    1.00       0.18    -0.00           0.10        0.09     0.17     0.01  0.00  0.17  0.10  0.03     0.14    0.21  0.18      0.16        0.20    -0.19  -0.33 -0.25 -0.11 -0.12
ALUMINIUM     -0.13 -0.02    0.05    0.18       1.00     0.08           0.22        0.23    -0.12     0.04  0.41  0.27  0.04 -0.11     0.04   -0.07  0.06      0.21        0.14    -0.05  -0.18 -0.07  0.11 -0.13
COTTON2        0.05 -0.16    0.19   -0.00       0.08     1.00           0.24        0.23    -0.07     0.20  0.06 -0.06  0.11  0.19     0.12   -0.02  0.01      0.00        0.22     0.18  -0.35 -0.16  0.01 -0.02
CRUDE_W_micro -0.02  0.02    0.23    0.10       0.22     0.24           1.00        0.17     0.14     0.39  0.22  0.27 -0.02  0.15     0.03    0.01  0.04      0.24        0.29    -0.04  -0.26 -0.07  0.14 -0.16
FTSECHINAA    -0.26 -0.23    0.13    0.09       0.23     0.23           0.17        1.00    -0.01     0.30  0.18  0.13  0.11  0.30    -0.02    0.04  0.09      0.38        0.21    -0.07   0.05  0.09  0.04  0.01
GAS-PEN        0.03 -0.14    0.17    0.17      -0.12    -0.07           0.14       -0.01     1.00     0.17 -0.06  0.05  0.01  0.04    -0.11   -0.11  0.04      0.07        0.01    -0.06  -0.04  0.01  0.14  0.01
LIVECOW       -0.09 -0.11    0.01    0.01       0.04     0.20           0.39        0.30     0.17     1.00  0.26  0.19 -0.04  0.17    -0.02   -0.14  0.09      0.04        0.03    -0.13  -0.16  0.03  0.09 -0.13
PLAT          -0.39 -0.09   -0.00    0.00       0.41     0.06           0.22        0.18    -0.06     0.26  1.00  0.43  0.20  0.25     0.05   -0.14  0.18      0.14        0.25     0.07   0.05  0.25  0.14  0.03
CAD           -0.58 -0.33    0.26    0.17       0.27    -0.06           0.27        0.13     0.05     0.19  0.43  1.00  0.41  0.50     0.36    0.28  0.49      0.40        0.33     0.03   0.19  0.42  0.14  0.32
DAX           -0.42 -0.64    0.39    0.10       0.04     0.11          -0.02        0.11     0.01    -0.04  0.20  0.41  1.00  0.62     0.72    0.38  0.85      0.30        0.29     0.25   0.15  0.20  0.06  0.23
DOW           -0.53 -0.58    0.36    0.03      -0.11     0.19           0.15        0.30     0.04     0.17  0.25  0.50  0.62  1.00     0.45    0.35  0.56      0.36        0.38     0.25   0.28  0.39  0.08  0.37
EU-AUTO       -0.16 -0.47    0.41    0.14       0.04     0.12           0.03       -0.02    -0.11    -0.02  0.05  0.36  0.72  0.45     1.00    0.43  0.79      0.25        0.24     0.21  -0.02  0.09 -0.01  0.08
KOSDAQ        -0.23 -0.36    0.38    0.21      -0.07    -0.02           0.01        0.04    -0.11    -0.14 -0.14  0.28  0.38  0.35     0.43    1.00  0.42      0.46        0.32     0.04   0.14  0.10  0.00  0.31
MIB           -0.36 -0.57    0.44    0.18       0.06     0.01           0.04        0.09     0.04     0.09  0.18  0.49  0.85  0.56     0.79    0.42  1.00      0.38        0.15     0.19   0.01  0.13 -0.02  0.08
MSCISING      -0.35 -0.34    0.41    0.16       0.21     0.00           0.24        0.38     0.07     0.04  0.14  0.40  0.30  0.36     0.25    0.46  0.38      1.00        0.48    -0.02   0.05  0.05  0.06  0.22
MSCITAIWAN    -0.28 -0.31    0.40    0.20       0.14     0.22           0.29        0.21     0.01     0.03  0.25  0.33  0.29  0.38     0.24    0.32  0.15      0.48        1.00     0.09   0.19  0.13  0.09  0.32
BITCOIN       -0.22 -0.07   -0.06   -0.19      -0.05     0.18          -0.04       -0.07    -0.06    -0.13  0.07  0.03  0.25  0.25     0.21    0.04  0.19     -0.02        0.09     1.00   0.16  0.10  0.20  0.13
CAD10         -0.45 -0.04   -0.16   -0.33      -0.18    -0.35          -0.26        0.05    -0.04    -0.16  0.05  0.19  0.15  0.28    -0.02    0.14  0.01      0.05        0.19     0.16   1.00  0.50 -0.04  0.55
CHF           -0.68 -0.10   -0.19   -0.25      -0.07    -0.16          -0.07        0.09     0.01     0.03  0.25  0.42  0.20  0.39     0.09    0.10  0.13      0.05        0.13     0.10   0.50  1.00  0.18  0.44
CORN          -0.13 -0.02   -0.11   -0.11       0.11     0.01           0.14        0.04     0.14     0.09  0.14  0.14  0.06  0.08    -0.01    0.00 -0.02      0.06        0.09     0.20  -0.04  0.18  1.00  0.03
KR10          -0.44 -0.09    0.00   -0.12      -0.13    -0.02          -0.16        0.01     0.01    -0.13  0.03  0.32  0.23  0.37     0.08    0.31  0.08      0.22        0.32     0.13   0.55  0.44  0.03  1.00


********************************************************************************
                                 END OF REPORT                                  
********************************************************************************


