
********************************************************************************
                    Risk report produced on 27/10/2023 22:52                    
********************************************************************************


Total risk across all strategies, annualised percentage 12.3
Percentage of capital used for margin 52.5%

========================================
Risk per strategy, annualised percentage
========================================

                  risk
dynamic_TF_carry  12.3


===================
Risk by asset class
===================

Ags       1.9
Bond      7.2
Equity    2.5
FX        4.8
Metals    0.4
OilGas    1.0
Sector    2.9
dtype: float64


=====================================================
Beta loadings of asset class positions on asset class
=====================================================

Bond     -0.84
FX       -0.70
Equity   -0.09
Metals   -0.02
OilGas   -0.02
Ags       0.06
Sector    0.16
dtype: float64


========================================================
Beta loadings of full portfolio positions on asset class
========================================================

Bond     -1.19
FX       -1.07
Metals   -0.17
Equity   -0.04
OilGas   -0.00
Ags       0.07
Sector    0.17
dtype: float64


==================================================================================================================================================================================================================================================================
                                                                                                                         Instrument risk                                                                                                                          
==================================================================================================================================================================================================================================================================

              daily_price_stdev  annual_price_stdev     price  daily_perc_stdev  annual_perc_stdev  point_size_base  contract_exposure  daily_risk_per_contract  annual_risk_per_contract  position  capital  exposure_held_perc_capital  annual_risk_perc_capital
US20                      1.158              18.532    109.59              1.06               16.9            823.9              90297                      954                     15268        -1   390303                       -23.1                      -3.9
DAX                     136.650            2186.406  14759.00              0.93               14.8              0.9              12853                      119                      1904        -5   390303                       -16.5                      -2.4
BUND                      0.680              10.885    128.64              0.53                8.5            870.9             112031                      592                      9479        -1   390303                       -28.7                      -2.4
CHF                       0.005               0.077      1.12              0.43                6.9         102990.9             114834                      493                      7890        -1   390303                       -29.4                      -2.0
US3                       0.220               3.514    102.96              0.21                3.4           1647.9             169658                      361                      5791        -1   390303                       -43.5                      -1.5
AUD                       0.004               0.065      0.63              0.64               10.2          82392.7              52286                      334                      5359        -1   390303                       -13.4                      -1.4
JPY                       0.000               0.000      0.01              0.46                7.3       10299085.4              69415                      317                      5078        -1   390303                       -17.8                      -1.3
GBP                       0.006               0.097      1.21              0.50                8.0          51495.4              62386                      311                      4989        -1   390303                       -16.0                      -1.3
RUSSELL                  22.396             358.336   1643.30              1.36               21.8              4.1               6769                       92                      1476        -3   390303                        -5.2                      -1.1
GAS_US_mini               0.116               1.861      3.46              3.36               53.8           2059.8               7126                      239                      3833        -1   390303                        -1.8                      -1.0
COPPER-micro              0.042               0.680      3.64              1.17               18.7           2059.8               7498                       87                      1399        -1   390303                        -1.9                      -0.4
MXP                       0.000               0.007      0.05              0.78               12.4         411963.4              22559                      174                      2799         2   390303                        11.6                       1.4
LEANHOG                   1.437              22.986     73.32              1.96               31.3            329.6              24165                      473                      7575         1   390303                         6.2                       1.9
NIKKEI                  374.609            5993.747  30965.00              1.21               19.4              0.5              16996                      205                      3289         3   390303                        13.1                       2.5
EU-OIL                    4.041              64.650    362.10              1.12               17.9             43.5              15767                      175                      2815         4   390303                        16.2                       2.9

Sum of abs(notional exposure % capital) 244.4
Sum of abs(annualised risk % capital) 27.4
Net sum of annualised risk % capital -10.0 

===============================================================================================================================
                                                         Correlations                                                          
===============================================================================================================================

              GAS_US_mini  LEANHOG  EU-OIL  NIKKEI  COPPER-micro   DAX   MXP  RUSSELL   AUD   CHF   GBP  BUND   JPY  US20   US3
GAS_US_mini          1.00     0.12    0.34    0.22          0.02  0.17  0.10     0.28  0.22  0.11  0.20  0.05 -0.09  0.10  0.00
LEANHOG              0.12     1.00    0.13    0.27          0.11  0.29  0.27     0.27  0.18  0.13  0.14  0.08 -0.04  0.17 -0.06
EU-OIL               0.34     0.13    1.00    0.57          0.32  0.47  0.31     0.51  0.30  0.07  0.14 -0.15 -0.03 -0.13 -0.24
NIKKEI               0.22     0.27    0.57    1.00          0.29  0.63  0.36     0.60  0.29  0.07  0.21  0.08 -0.27  0.08 -0.28
COPPER-micro         0.02     0.11    0.32    0.29          1.00  0.37  0.43     0.45  0.58  0.31  0.45  0.09  0.33  0.17  0.09
DAX                  0.17     0.29    0.47    0.63          0.37  1.00  0.56     0.67  0.49  0.38  0.49  0.13  0.09  0.20 -0.06
MXP                  0.10     0.27    0.31    0.36          0.43  0.56  1.00     0.44  0.45  0.33  0.36  0.02  0.07  0.19 -0.08
RUSSELL              0.28     0.27    0.51    0.60          0.45  0.67  0.44     1.00  0.53  0.26  0.38  0.06  0.07  0.11 -0.07
AUD                  0.22     0.18    0.30    0.29          0.58  0.49  0.45     0.53  1.00  0.64  0.75  0.22  0.53  0.40  0.29
CHF                  0.11     0.13    0.07    0.07          0.31  0.38  0.33     0.26  0.64  1.00  0.72  0.34  0.65  0.58  0.49
GBP                  0.20     0.14    0.14    0.21          0.45  0.49  0.36     0.38  0.75  0.72  1.00  0.46  0.55  0.57  0.47
BUND                 0.05     0.08   -0.15    0.08          0.09  0.13  0.02     0.06  0.22  0.34  0.46  1.00  0.32  0.75  0.63
JPY                 -0.09    -0.04   -0.03   -0.27          0.33  0.09  0.07     0.07  0.53  0.65  0.55  0.32  1.00  0.50  0.56
US20                 0.10     0.17   -0.13    0.08          0.17  0.20  0.19     0.11  0.40  0.58  0.57  0.75  0.50  1.00  0.77
US3                  0.00    -0.06   -0.24   -0.28          0.09 -0.06 -0.08    -0.07  0.29  0.49  0.47  0.63  0.56  0.77  1.00


********************************************************************************
                                 END OF REPORT                                  
********************************************************************************


