
********************************************************************************
                    Risk report produced on 30/12/2025 22:53                    
********************************************************************************


Total risk across all strategies, annualised percentage 14.7
Percentage of capital used for margin 40.5%

========================================
Risk per strategy, annualised percentage
========================================

                  risk
dynamic_TF_carry  14.7


===================
Risk by asset class
===================

Ags       1.0
Bond      1.9
Equity    6.5
FX        3.9
Metals    7.9
OilGas    3.9
dtype: float64


=====================================================
Beta loadings of asset class positions on asset class
=====================================================

Bond     -0.27
OilGas   -0.14
Ags      -0.01
Metals    0.12
FX        0.29
Equity    0.64
dtype: float64


========================================================
Beta loadings of full portfolio positions on asset class
========================================================

Bond     -0.48
OilGas    0.00
Ags       0.18
Metals    0.27
Equity    0.78
FX        1.10
dtype: float64


===================================================================================================================================================================================================================================================================
                                                                                                                          Instrument risk                                                                                                                          
===================================================================================================================================================================================================================================================================

               daily_price_stdev  annual_price_stdev     price  daily_perc_stdev  annual_perc_stdev  point_size_base  contract_exposure  daily_risk_per_contract  annual_risk_per_contract  position  capital  exposure_held_perc_capital  annual_risk_perc_capital
GAS_US_mini                0.150               2.406      3.96              3.79               60.7           1868.1               7406                      280                      4495        -4   645155                        -4.6                      -2.8
GASOILINE                  0.025               0.402      1.98              1.27               20.4          31383.3              62051                      789                     12631        -1   645155                        -9.6                      -2.0
JPY                        0.000               0.001      0.01              0.55                8.9        9340277.5              60071                      332                      5316        -2   645155                       -18.6                      -1.6
BUXL                       0.701              11.218    110.24              0.64               10.2            875.7              96541                      613                      9823        -1   645155                       -15.0                      -1.5
BITCOIN                 2380.112           38081.796  88530.00              2.69               43.0              0.1               6615                      177                      2845        -3   645155                        -3.1                      -1.3
RICE                       0.158               2.530      9.84              1.61               25.7           1494.4              14697                      236                      3781        -1   645155                        -2.3                      -0.6
WHEAT                      6.046              96.737    567.00              1.07               17.1             37.4              21183                      225                      3614        -1   645155                        -3.3                      -0.6
CAD10                      0.400               6.399    120.91              0.33                5.3            541.8              65510                      216                      3467        -1   645155                       -10.2                      -0.5
CRUDE_W_micro              0.936              14.970     57.74              1.62               25.9             74.7               4314                       69                      1118        -2   645155                        -1.3                      -0.3
KRWUSD_mini                0.005               0.073      0.69              0.66               10.5          18680.6              12956                       85                      1362        -1   645155                        -2.0                      -0.2
AUD_micro                  0.003               0.044      0.67              0.41                6.6           7472.2               5004                       20                       332         1   645155                         0.8                       0.1
FTSECHINAA               129.498            2071.967  15405.00              0.84               13.4              0.7              11510                       96                      1548         1   645155                         1.8                       0.2
MXP                        0.000               0.004      0.06              0.42                6.8         373611.1              20612                       87                      1392         2   645155                         6.4                       0.4
BRE                        0.001               0.022      0.18              0.75               11.9          74722.2              13577                      101                      1622         2   645155                         4.2                       0.5
TOPIX                     29.475             471.602   3430.25              0.86               13.7              4.8              16430                      141                      2258         2   645155                         5.1                       0.7
LEANHOG                    1.002              16.034     90.28              1.11               17.8            298.9              26982                      299                      4792         1   645155                         4.2                       0.7
GBP                        0.005               0.079      1.35              0.37                5.8          46701.4              62874                      229                      3674         2   645155                        19.5                       1.1
RUSSELL                   27.872             445.946   2522.70              1.10               17.7              3.7               9425                      104                      1666         5   645155                         7.3                       1.3
MSCIEAFA                  20.620             329.924   2919.70              0.71               11.3             37.4             109083                      770                     12326         1   645155                        16.9                       1.9
YENEUR                     0.792              12.680    183.35              0.43                6.9            598.7             109776                      474                      7591         2   645155                        34.0                       2.4
MIB                      323.597            5177.552  45090.00              0.72               11.5              4.4             197435                     1416                     22670         1   645155                        30.6                       3.5
SILVER                     2.107              33.720     76.23              2.76               44.2            747.2              56960                     1574                     25196         2   645155                        17.7                       7.8

Sum of abs(notional exposure % capital) 218.5
Sum of abs(annualised risk % capital) 32.0
Net sum of annualised risk % capital 9.2 

============================================================================================================================================================================================================
                                                                                                Correlations                                                                                                
============================================================================================================================================================================================================

               AUD_micro  BITCOIN   BRE  FTSECHINAA  LEANHOG   MIB  MSCIEAFA   MXP  RUSSELL  SILVER  TOPIX  GAS_US_mini  RICE  WHEAT  CRUDE_W_micro  GASOILINE  YENEUR  BUXL  CAD10   GBP   JPY  KRWUSD_mini
AUD_micro           1.00     0.27  0.44        0.40     0.25  0.38      0.74  0.45     0.47    0.51   0.37         0.13  0.25   0.26           0.12       0.08    0.12 -0.18  -0.30  0.64  0.33         0.57
BITCOIN             0.27     1.00  0.20        0.16     0.10  0.28      0.26  0.10     0.38    0.04   0.17        -0.04 -0.02  -0.05          -0.03      -0.01   -0.06 -0.06   0.02  0.16  0.15         0.20
BRE                 0.44     0.20  1.00        0.41     0.09  0.30      0.39  0.46     0.38    0.24   0.22         0.18  0.08   0.25           0.15       0.23    0.02 -0.14   0.03  0.36  0.20         0.33
FTSECHINAA          0.40     0.16  0.41        1.00     0.13  0.34      0.43  0.34     0.40    0.30   0.27         0.12 -0.07   0.17           0.18       0.20    0.08 -0.09  -0.14  0.26  0.07         0.17
LEANHOG             0.25     0.10  0.09        0.13     1.00  0.26      0.26  0.16     0.33    0.30   0.16        -0.11  0.11   0.17           0.28       0.23    0.18 -0.11  -0.17  0.19 -0.04         0.11
MIB                 0.38     0.28  0.30        0.34     0.26  1.00      0.68  0.25     0.52    0.40   0.61         0.00  0.12   0.01           0.15       0.20    0.15 -0.26  -0.09  0.22 -0.12         0.07
MSCIEAFA            0.74     0.26  0.39        0.43     0.26  0.68      1.00  0.39     0.66    0.50   0.58         0.00  0.18   0.10           0.05       0.04    0.17 -0.14  -0.25  0.55  0.18         0.35
MXP                 0.45     0.10  0.46        0.34     0.16  0.25      0.39  1.00     0.28    0.36   0.19        -0.06 -0.04   0.11           0.11       0.15    0.28 -0.21  -0.16  0.46  0.10         0.21
RUSSELL             0.47     0.38  0.38        0.40     0.33  0.52      0.66  0.28     1.00    0.31   0.47        -0.08 -0.03   0.11           0.14       0.15    0.02 -0.00  -0.06  0.26  0.01         0.16
SILVER              0.51     0.04  0.24        0.30     0.30  0.40      0.50  0.36     0.31    1.00   0.16        -0.04  0.22   0.20           0.20       0.18    0.21 -0.12  -0.27  0.33  0.04         0.26
TOPIX               0.37     0.17  0.22        0.27     0.16  0.61      0.58  0.19     0.47    0.16   1.00        -0.06 -0.07  -0.10           0.14       0.15    0.33 -0.18  -0.02  0.21 -0.29        -0.07
GAS_US_mini         0.13    -0.04  0.18        0.12    -0.11  0.00      0.00 -0.06    -0.08   -0.04  -0.06         1.00  0.09   0.16           0.20       0.17   -0.05 -0.21  -0.25 -0.01 -0.02         0.09
RICE                0.25    -0.02  0.08       -0.07     0.11  0.12      0.18 -0.04    -0.03    0.22  -0.07         0.09  1.00   0.10          -0.03      -0.05   -0.01 -0.11  -0.15  0.15  0.14         0.26
WHEAT               0.26    -0.05  0.25        0.17     0.17  0.01      0.10  0.11     0.11    0.20  -0.10         0.16  0.10   1.00           0.28       0.28   -0.01  0.06  -0.18 -0.07  0.03         0.22
CRUDE_W_micro       0.12    -0.03  0.15        0.18     0.28  0.15      0.05  0.11     0.14    0.20   0.14         0.20 -0.03   0.28           1.00       0.94    0.12 -0.04  -0.23 -0.20 -0.25        -0.12
GASOILINE           0.08    -0.01  0.23        0.20     0.23  0.20      0.04  0.15     0.15    0.18   0.15         0.17 -0.05   0.28           0.94       1.00    0.12 -0.03  -0.21 -0.22 -0.27        -0.13
YENEUR              0.12    -0.06  0.02        0.08     0.18  0.15      0.17  0.28     0.02    0.21   0.33        -0.05 -0.01  -0.01           0.12       0.12    1.00 -0.46  -0.42  0.08 -0.68        -0.16
BUXL               -0.18    -0.06 -0.14       -0.09    -0.11 -0.26     -0.14 -0.21    -0.00   -0.12  -0.18        -0.21 -0.11   0.06          -0.04      -0.03   -0.46  1.00   0.52 -0.18  0.19         0.07
CAD10              -0.30     0.02  0.03       -0.14    -0.17 -0.09     -0.25 -0.16    -0.06   -0.27  -0.02        -0.25 -0.15  -0.18          -0.23      -0.21   -0.42  0.52   1.00  0.03  0.27         0.00
GBP                 0.64     0.16  0.36        0.26     0.19  0.22      0.55  0.46     0.26    0.33   0.21        -0.01  0.15  -0.07          -0.20      -0.22    0.08 -0.18   0.03  1.00  0.55         0.53
JPY                 0.33     0.15  0.20        0.07    -0.04 -0.12      0.18  0.10     0.01    0.04  -0.29        -0.02  0.14   0.03          -0.25      -0.27   -0.68  0.19   0.27  0.55  1.00         0.55
KRWUSD_mini         0.57     0.20  0.33        0.17     0.11  0.07      0.35  0.21     0.16    0.26  -0.07         0.09  0.26   0.22          -0.12      -0.13   -0.16  0.07   0.00  0.53  0.55         1.00


********************************************************************************
                                 END OF REPORT                                  
********************************************************************************


