
********************************************************************************
                    Risk report produced on 15/04/2024 22:53                    
********************************************************************************


Total risk across all strategies, annualised percentage 16.8
Percentage of capital used for margin 75.4%

========================================
Risk per strategy, annualised percentage
========================================

                  risk
dynamic_TF_carry  16.9


===================
Risk by asset class
===================

Ags       3.9
Bond      8.7
Equity    5.4
FX        5.9
Metals    3.1
OilGas    4.5
Sector    0.9
Vol       1.7
dtype: float64


=====================================================
Beta loadings of asset class positions on asset class
=====================================================

Bond     -1.27
FX       -0.29
Sector   -0.05
Metals   -0.05
Vol      -0.04
Ags       0.01
OilGas    0.06
Equity    0.34
dtype: float64


========================================================
Beta loadings of full portfolio positions on asset class
========================================================

Bond     -1.85
FX       -0.38
Vol      -0.15
Metals   -0.12
OilGas    0.14
Sector    0.17
Ags       0.24
Equity    0.51
dtype: float64


===================================================================================================================================================================================================================================================================
                                                                                                                          Instrument risk                                                                                                                          
===================================================================================================================================================================================================================================================================

               daily_price_stdev  annual_price_stdev     price  daily_perc_stdev  annual_perc_stdev  point_size_base  contract_exposure  daily_risk_per_contract  annual_risk_per_contract  position  capital  exposure_held_perc_capital  annual_risk_perc_capital
BUND                       0.677              10.837    131.79              0.51                8.2            854.9             112668                      579                      9264        -3   679451                       -49.7                      -4.1
CHF                        0.005               0.082      1.10              0.46                7.4         100280.8             110689                      511                      8189        -3   679451                       -48.9                      -3.6
BUXL                       1.526              24.410    132.12              1.15               18.5            854.9             112950                     1304                     20868        -1   679451                       -16.6                      -3.1
GOLD_micro                19.798             316.774   2398.40              0.83               13.2              8.0              19241                      158                      2541        -7   679451                       -19.8                      -2.6
GAS-PEN                    0.105               1.672      2.03              5.15               82.4           8022.5              16277                      838                     13417        -1   679451                        -2.4                      -2.0
HANG_mini                249.567            3993.068  16621.00              1.50               24.0              1.0              17021                      255                      4089        -3   679451                        -7.5                      -1.8
CHINAA-CON                18.676             298.817   1936.00              0.96               15.4             20.1              38828                      374                      5993        -2   679451                       -11.4                      -1.8
GAS_US_mini                0.093               1.482      1.95              4.75               76.0           2005.6               3910                      185                      2973        -4   679451                        -2.3                      -1.8
VIX                        0.454               7.267     18.20              2.50               39.9            802.2              14600                      364                      5829        -2   679451                        -4.3                      -1.7
JPY                        0.000               0.001      0.01              0.50                8.0       10028078.6              65658                      329                      5273        -2   679451                       -19.3                      -1.6
COTTON2                    1.398              22.368     85.23              1.64               26.2            401.1              34187                      560                      8972        -1   679451                        -5.0                      -1.3
CORN                       5.496              87.932    468.75              1.17               18.8             40.1              18802                      220                      3527        -2   679451                        -5.5                      -1.0
US3                        0.242               3.880    103.08              0.24                3.8           1604.5             165388                      389                      6225        -1   679451                       -24.3                      -0.9
EU-TECH                    9.002             144.031    850.40              1.06               16.9             42.7              36350                      384                      6156        -1   679451                        -5.3                      -0.9
BITCOIN                 2266.102           36257.630  63025.00              3.60               57.5              0.1               5056                      181                      2908        -2   679451                        -1.5                      -0.9
BOBL                       0.346               5.531    117.53              0.29                4.7            854.9             100477                      295                      4728        -1   679451                       -14.8                      -0.7
US2                        0.149               2.385    101.59              0.15                2.3           1604.5             162993                      239                      3826        -1   679451                       -24.0                      -0.6
SP500_micro               42.364             677.831   5103.00              0.83               13.3              4.0              20469                      169                      2718        -1   679451                        -3.0                      -0.4
MILLWHEAT                  2.972              47.556    216.25              1.37               22.0             42.7               9243                      127                      2032        -1   679451                        -1.4                      -0.3
CRUDE_W_micro              1.054              16.866     84.48              1.25               20.0             80.2               6777                       84                      1353         3   679451                         3.0                       0.6
LIVECOW                    1.577              25.234    171.08              0.92               14.8            320.9              54897                      506                      8097         1   679451                         8.1                       1.2
NIKKEI                   380.583            6089.326  39155.00              0.97               15.6              0.5              20417                      198                      3175         3   679451                         9.0                       1.4
IRON                       2.665              42.639    111.50              2.39               38.2             80.2               8945                      213                      3420         3   679451                         3.9                       1.5
SPI200                    51.151             818.414   7790.00              0.66               10.5             13.0             101370                      665                     10649         1   679451                        14.9                       1.6
MXP                        0.000               0.005      0.06              0.56                9.0         401123.1              23722                      133                      2135         5   679451                        17.5                       1.6
AEX                        5.434              86.946    883.85              0.61                9.8            171.0             151121                      929                     14866         1   679451                        22.2                       2.2
MIB                      232.962            3727.399  33370.00              0.70               11.2              4.3             142641                      995                     15932         1   679451                        21.0                       2.3
YENEUR                     0.779              12.457    162.63              0.48                7.7            651.8             106004                      507                      8119         2   679451                        31.2                       2.4
GASOILINE                  0.034               0.546      2.77              1.23               19.7          33694.3              93272                     1148                     18381         1   679451                        13.7                       2.7
COCOA                    181.270            2900.326  10550.00              1.72               27.5              8.0              84636                     1454                     23267         1   679451                        12.5                       3.4

Sum of abs(notional exposure % capital) 424.0
Sum of abs(annualised risk % capital) 52.0
Net sum of annualised risk % capital -10.2 

=========================================================================================================================================================================================================================================================================
                                                                                                                              Correlations                                                                                                                               
=========================================================================================================================================================================================================================================================================

                AEX  EU-TECH   MIB   MXP  SP500_micro  SPI200  CHINAA-CON  COCOA  COTTON2  CRUDE_W_micro  GASOILINE  HANG_mini  LIVECOW  NIKKEI  YENEUR  BITCOIN  CORN  GAS-PEN  GAS_US_mini  IRON  MILLWHEAT  BOBL  BUND  BUXL   CHF  GOLD_micro   JPY   US2   US3   VIX
AEX            1.00     0.81  0.68  0.35         0.67    0.60        0.34   0.26     0.14           0.12       0.21       0.41     0.14    0.43    0.10     0.16 -0.05    -0.07        -0.09  0.19      -0.14  0.15  0.26  0.31  0.16        0.08  0.11 -0.10 -0.01 -0.44
EU-TECH        0.81     1.00  0.48  0.27         0.65    0.44        0.18   0.13     0.16          -0.09       0.02       0.29     0.06    0.33    0.06     0.13 -0.02    -0.18        -0.19  0.23      -0.16  0.23  0.31  0.33  0.19        0.08  0.20  0.04  0.11 -0.46
MIB            0.68     0.48  1.00  0.62         0.62    0.54        0.25   0.21     0.08           0.08       0.18       0.30     0.20    0.47    0.26     0.05 -0.01    -0.04        -0.06 -0.02      -0.09 -0.05  0.09  0.17  0.25        0.15  0.06 -0.20 -0.07 -0.55
MXP            0.35     0.27  0.62  1.00         0.47    0.39        0.17   0.20    -0.09           0.00       0.13       0.31     0.15    0.25    0.19     0.10  0.09    -0.02        -0.01  0.19       0.04  0.02  0.13  0.18  0.23        0.15  0.13 -0.14 -0.01 -0.52
SP500_micro    0.67     0.65  0.62  0.47         1.00    0.59        0.39   0.21     0.14           0.09       0.21       0.36     0.28    0.49    0.22     0.12  0.09     0.05         0.03  0.18      -0.00  0.09  0.17  0.23  0.30        0.11  0.20  0.02  0.09 -0.69
SPI200         0.60     0.44  0.54  0.39         0.59    1.00        0.29   0.23     0.06           0.16       0.23       0.42     0.18    0.35    0.02     0.09  0.27    -0.01        -0.03  0.08       0.14  0.31  0.41  0.46  0.11        0.11  0.14 -0.02  0.10 -0.41
CHINAA-CON     0.34     0.18  0.25  0.17         0.39    0.29        1.00   0.16     0.22           0.23       0.26       0.67     0.28    0.21    0.18    -0.10  0.05     0.05         0.02  0.03      -0.00 -0.14 -0.10 -0.10  0.08        0.20  0.08 -0.09 -0.06 -0.31
COCOA          0.26     0.13  0.21  0.20         0.21    0.23        0.16   1.00    -0.01           0.17       0.19       0.10    -0.12    0.23    0.16     0.02 -0.04    -0.13        -0.20  0.01       0.09 -0.09 -0.04 -0.01 -0.31        0.10 -0.17 -0.17 -0.18 -0.10
COTTON2        0.14     0.16  0.08 -0.09         0.14    0.06        0.22  -0.01     1.00           0.10       0.09       0.19     0.10    0.08    0.01     0.06 -0.01    -0.07        -0.06  0.08       0.00 -0.25 -0.26 -0.28 -0.05       -0.19 -0.01 -0.14 -0.15 -0.17
CRUDE_W_micro  0.12    -0.09  0.08  0.00         0.09    0.16        0.23   0.17     0.10           1.00       0.91       0.14     0.43    0.17    0.07    -0.08  0.10     0.24         0.23 -0.02       0.07 -0.24 -0.25 -0.29 -0.03        0.19 -0.01 -0.18 -0.18  0.06
GASOILINE      0.21     0.02  0.18  0.13         0.21    0.23        0.26   0.19     0.09           0.91       1.00       0.17     0.46    0.20    0.09    -0.05  0.14     0.15         0.14  0.01       0.11 -0.18 -0.16 -0.17  0.07        0.20  0.02 -0.18 -0.16 -0.03
HANG_mini      0.41     0.29  0.30  0.31         0.36    0.42        0.67   0.10     0.19           0.14       0.17       1.00     0.20    0.05    0.11     0.03  0.06    -0.01        -0.01  0.23       0.07 -0.07  0.00  0.03  0.23        0.10  0.12 -0.19 -0.13 -0.31
LIVECOW        0.14     0.06  0.20  0.15         0.28    0.18        0.28  -0.12     0.10           0.43       0.46       0.20     1.00    0.13    0.09    -0.24  0.04     0.13         0.08 -0.06      -0.10 -0.10 -0.13 -0.20  0.08        0.09  0.06 -0.08 -0.06 -0.16
NIKKEI         0.43     0.33  0.47  0.25         0.49    0.35        0.21   0.23     0.08           0.17       0.20       0.05     0.13    1.00    0.50    -0.05  0.02     0.23         0.22  0.13      -0.08 -0.16 -0.04  0.05 -0.09        0.00 -0.37 -0.24 -0.19 -0.35
YENEUR         0.10     0.06  0.26  0.19         0.22    0.02        0.18   0.16     0.01           0.07       0.09       0.11     0.09    0.50    1.00     0.02  0.06     0.29         0.31 -0.12      -0.01 -0.39 -0.28 -0.20 -0.06       -0.11 -0.65 -0.26 -0.25 -0.26
BITCOIN        0.16     0.13  0.05  0.10         0.12    0.09       -0.10   0.02     0.06          -0.08      -0.05       0.03    -0.24   -0.05    0.02     1.00  0.08    -0.20        -0.10 -0.01      -0.01  0.12  0.17  0.19  0.06        0.11  0.09  0.04  0.04 -0.05
CORN          -0.05    -0.02 -0.01  0.09         0.09    0.27        0.05  -0.04    -0.01           0.10       0.14       0.06     0.04    0.02    0.06     0.08  1.00     0.09         0.07  0.11       0.64 -0.01  0.03  0.06  0.20        0.15  0.10 -0.02  0.01 -0.07
GAS-PEN       -0.07    -0.18 -0.04 -0.02         0.05   -0.01        0.05  -0.13    -0.07           0.24       0.15      -0.01     0.13    0.23    0.29    -0.20  0.09     1.00         0.91 -0.05       0.03 -0.06 -0.05 -0.06  0.09        0.11 -0.20  0.06  0.06 -0.09
GAS_US_mini   -0.09    -0.19 -0.06 -0.01         0.03   -0.03        0.02  -0.20    -0.06           0.23       0.14      -0.01     0.08    0.22    0.31    -0.10  0.07     0.91         1.00 -0.10       0.04 -0.12 -0.09 -0.07  0.11        0.05 -0.19  0.02  0.02 -0.08
IRON           0.19     0.23 -0.02  0.19         0.18    0.08        0.03   0.01     0.08          -0.02       0.01       0.23    -0.06    0.13   -0.12    -0.01  0.11    -0.05        -0.10  1.00       0.11  0.11  0.12  0.12  0.13        0.07  0.12 -0.02 -0.04 -0.15
MILLWHEAT     -0.14    -0.16 -0.09  0.04        -0.00    0.14       -0.00   0.09     0.00           0.07       0.11       0.07    -0.10   -0.08   -0.01    -0.01  0.64     0.03         0.04  0.11       1.00 -0.06 -0.05  0.00 -0.04       -0.03 -0.07 -0.17 -0.18 -0.03
BOBL           0.15     0.23 -0.05  0.02         0.09    0.31       -0.14  -0.09    -0.25          -0.24      -0.18      -0.07    -0.10   -0.16   -0.39     0.12 -0.01    -0.06        -0.12  0.11      -0.06  1.00  0.96  0.84  0.25        0.31  0.40  0.69  0.71  0.19
BUND           0.26     0.31  0.09  0.13         0.17    0.41       -0.10  -0.04    -0.26          -0.25      -0.16       0.00    -0.13   -0.04   -0.28     0.17  0.03    -0.05        -0.09  0.12      -0.05  0.96  1.00  0.95  0.26        0.33  0.35  0.59  0.64  0.09
BUXL           0.31     0.33  0.17  0.18         0.23    0.46       -0.10  -0.01    -0.28          -0.29      -0.17       0.03    -0.20    0.05   -0.20     0.19  0.06    -0.06        -0.07  0.12       0.00  0.84  0.95  1.00  0.24        0.28  0.28  0.46  0.53  0.01
CHF            0.16     0.19  0.25  0.23         0.30    0.11        0.08  -0.31    -0.05          -0.03       0.07       0.23     0.08   -0.09   -0.06     0.06  0.20     0.09         0.11  0.13      -0.04  0.25  0.26  0.24  1.00        0.42  0.61  0.39  0.44 -0.18
GOLD_micro     0.08     0.08  0.15  0.15         0.11    0.11        0.20   0.10    -0.19           0.19       0.20       0.10     0.09    0.00   -0.11     0.11  0.15     0.11         0.05  0.07      -0.03  0.31  0.33  0.28  0.42        1.00  0.46  0.38  0.37  0.08
JPY            0.11     0.20  0.06  0.13         0.20    0.14        0.08  -0.17    -0.01          -0.01       0.02       0.12     0.06   -0.37   -0.65     0.09  0.10    -0.20        -0.19  0.12      -0.07  0.40  0.35  0.28  0.61        0.46  1.00  0.48  0.53 -0.10
US2           -0.10     0.04 -0.20 -0.14         0.02   -0.02       -0.09  -0.17    -0.14          -0.18      -0.18      -0.19    -0.08   -0.24   -0.26     0.04 -0.02     0.06         0.02 -0.02      -0.17  0.69  0.59  0.46  0.39        0.38  0.48  1.00  0.97  0.19
US3           -0.01     0.11 -0.07 -0.01         0.09    0.10       -0.06  -0.18    -0.15          -0.18      -0.16      -0.13    -0.06   -0.19   -0.25     0.04  0.01     0.06         0.02 -0.04      -0.18  0.71  0.64  0.53  0.44        0.37  0.53  0.97  1.00  0.08
VIX           -0.44    -0.46 -0.55 -0.52        -0.69   -0.41       -0.31  -0.10    -0.17           0.06      -0.03      -0.31    -0.16   -0.35   -0.26    -0.05 -0.07    -0.09        -0.08 -0.15      -0.03  0.19  0.09  0.01 -0.18        0.08 -0.10  0.19  0.08  1.00


********************************************************************************
                                 END OF REPORT                                  
********************************************************************************


