
********************************************************************************
                    Risk report produced on 08/12/2025 22:53                    
********************************************************************************


Total risk across all strategies, annualised percentage 12.4
Percentage of capital used for margin 42.9%

========================================
Risk per strategy, annualised percentage
========================================

                  risk
dynamic_TF_carry  12.4


===================
Risk by asset class
===================

Ags       0.9
Bond      1.7
Equity    8.8
FX        3.6
Metals    4.7
Sector    0.9
dtype: float64


=====================================================
Beta loadings of asset class positions on asset class
=====================================================

Bond     -0.15
Ags      -0.06
Sector    0.04
Metals    0.05
FX        0.37
Equity    0.81
dtype: float64


========================================================
Beta loadings of full portfolio positions on asset class
========================================================

Bond     -0.54
Ags      -0.09
Metals    0.25
Sector    0.44
Equity    0.94
FX        1.10
dtype: float64


================================================================================================================================================================================================================================================================
                                                                                                                        Instrument risk                                                                                                                         
================================================================================================================================================================================================================================================================

            daily_price_stdev  annual_price_stdev     price  daily_perc_stdev  annual_perc_stdev  point_size_base  contract_exposure  daily_risk_per_contract  annual_risk_per_contract  position  capital  exposure_held_perc_capital  annual_risk_perc_capital
BITCOIN              2855.267           45684.278  90635.00              3.15               50.4              0.1               6797                      214                      3426        -5   612255                        -5.6                      -2.8
KR10                    0.358               5.733    113.32              0.32                5.1            509.9              57782                      182                      2923        -4   612255                       -37.8                      -1.9
JPY                     0.000               0.001      0.01              0.51                8.2        9374847.7              60163                      308                      4935        -2   612255                       -19.7                      -1.6
DAX                   199.016            3184.262  24057.00              0.83               13.2              0.9              21042                      174                      2785        -2   612255                        -6.9                      -0.9
WHEAT                   6.830             109.284    578.25              1.18               18.9             37.5              21684                      256                      4098        -1   612255                        -3.5                      -0.7
RICE                    0.162               2.598     10.16              1.60               25.6           1500.0              15239                      243                      3897        -1   612255                        -2.5                      -0.6
AUD_micro               0.003               0.046      0.66              0.44                7.0           7499.9               4968                       21                       345         1   612255                         0.8                       0.1
BRE                     0.001               0.022      0.18              0.74               11.8          74998.8              13754                      101                      1627         1   612255                         2.2                       0.3
FTSECHINAA            153.755            2460.073  15376.00              1.00               16.0              0.7              11531                      115                      1845         2   612255                         3.8                       0.6
MXP                     0.000               0.004      0.05              0.45                7.3         374993.9              20538                       93                      1494         3   612255                        10.1                       0.7
US10U                   0.376               6.009    114.77              0.33                5.2            750.0              86072                      281                      4506         1   612255                        14.1                       0.7
TOPIX                  31.935             510.962   3378.25              0.95               15.1              4.8              16323                      154                      2468         2   612255                         5.3                       0.8
EU-BASIC                7.580             121.278    620.70              1.22               19.5             43.7              27145                      331                      5303         1   612255                         4.4                       0.9
RUSSELL                31.971             511.544   2546.10              1.26               20.1              3.7               9547                      119                      1918         4   612255                         6.2                       1.3
GBP                     0.005               0.084      1.33              0.40                6.3          46874.2              62455                      247                      3956         2   612255                        20.4                       1.3
FTSETAIWAN             27.722             443.545   2314.25              1.20               19.2             30.0              69426                      831                     13306         1   612255                        11.3                       2.2
YENEUR                  0.720              11.525    181.41              0.40                6.4            604.0             109568                      435                      6960         2   612255                        35.8                       2.3
AEX                     7.005             112.085    945.85              0.74               11.9            174.9             165463                     1225                     19607         1   612255                        27.0                       3.2
MIB                   337.308            5396.935  43415.00              0.78               12.4              4.4             189871                     1475                     23602         1   612255                        31.0                       3.9
SILVER                  0.991              15.856     58.42              1.70               27.1            750.0              43818                      743                     11891         2   612255                        14.3                       3.9

Sum of abs(notional exposure % capital) 262.7
Sum of abs(annualised risk % capital) 30.7
Net sum of annualised risk % capital 13.7 

====================================================================================================================================================================
                                                                            Correlations                                                                            
====================================================================================================================================================================

             JPY  KR10  US10U  RICE  WHEAT  YENEUR   AEX  BITCOIN   DAX  EU-BASIC  FTSETAIWAN   MIB  RUSSELL  TOPIX  AUD_micro   BRE  FTSECHINAA   GBP   MXP  SILVER
JPY         1.00  0.20   0.49  0.13   0.08   -0.70 -0.05     0.10  0.04      0.04       -0.18  0.00     0.08  -0.36       0.44  0.21        0.03  0.66  0.19    0.22
KR10        0.20  1.00   0.49  0.01  -0.24   -0.18 -0.05     0.00 -0.05     -0.21       -0.03 -0.13     0.08  -0.03       0.04 -0.02       -0.03  0.18  0.13   -0.12
US10U       0.49  0.49   1.00 -0.05  -0.15   -0.42  0.11    -0.06  0.12      0.08        0.08  0.10     0.16  -0.10       0.33  0.30        0.09  0.45  0.22    0.13
RICE        0.13  0.01  -0.05  1.00   0.05   -0.01  0.00     0.04  0.02      0.07        0.01  0.09     0.11   0.03       0.21 -0.03       -0.07  0.18 -0.01    0.26
WHEAT       0.08 -0.24  -0.15  0.05   1.00   -0.08  0.02    -0.09 -0.12      0.16       -0.09 -0.02    -0.04   0.02       0.17  0.26        0.11 -0.08  0.15    0.06
YENEUR     -0.70 -0.18  -0.42 -0.01  -0.08    1.00 -0.01    -0.06  0.06      0.06        0.15  0.02    -0.09   0.42      -0.00  0.04        0.05 -0.12  0.19    0.05
AEX        -0.05 -0.05   0.11  0.00   0.02   -0.01  1.00     0.39  0.69      0.62        0.56  0.73     0.56   0.35       0.34  0.31        0.34  0.16  0.23    0.19
BITCOIN     0.10  0.00  -0.06  0.04  -0.09   -0.06  0.39     1.00  0.52      0.26        0.29  0.40     0.53   0.22       0.36  0.22        0.11  0.20  0.09    0.02
DAX         0.04 -0.05   0.12  0.02  -0.12    0.06  0.69     0.52  1.00      0.65        0.46  0.79     0.53   0.36       0.41  0.30        0.25  0.37  0.26    0.29
EU-BASIC    0.04 -0.21   0.08  0.07   0.16    0.06  0.62     0.26  0.65      1.00        0.53  0.63     0.54   0.52       0.57  0.34        0.52  0.33  0.34    0.51
FTSETAIWAN -0.18 -0.03   0.08  0.01  -0.09    0.15  0.56     0.29  0.46      0.53        1.00  0.52     0.47   0.60       0.32  0.24        0.31  0.11  0.24    0.23
MIB         0.00 -0.13   0.10  0.09  -0.02    0.02  0.73     0.40  0.79      0.63        0.52  1.00     0.48   0.42       0.39  0.35        0.29  0.28  0.27    0.28
RUSSELL     0.08  0.08   0.16  0.11  -0.04   -0.09  0.56     0.53  0.53      0.54        0.47  0.48     1.00   0.43       0.45  0.32        0.19  0.31  0.19    0.24
TOPIX      -0.36 -0.03  -0.10  0.03   0.02    0.42  0.35     0.22  0.36      0.52        0.60  0.42     0.43   1.00       0.24  0.07        0.28  0.06  0.13    0.20
AUD_micro   0.44  0.04   0.33  0.21   0.17   -0.00  0.34     0.36  0.41      0.57        0.32  0.39     0.45   0.24       1.00  0.59        0.40  0.70  0.55    0.29
BRE         0.21 -0.02   0.30 -0.03   0.26    0.04  0.31     0.22  0.30      0.34        0.24  0.35     0.32   0.07       0.59  1.00        0.28  0.41  0.58    0.10
FTSECHINAA  0.03 -0.03   0.09 -0.07   0.11    0.05  0.34     0.11  0.25      0.52        0.31  0.29     0.19   0.28       0.40  0.28        1.00  0.20  0.33    0.19
GBP         0.66  0.18   0.45  0.18  -0.08   -0.12  0.16     0.20  0.37      0.33        0.11  0.28     0.31   0.06       0.70  0.41        0.20  1.00  0.45    0.38
MXP         0.19  0.13   0.22 -0.01   0.15    0.19  0.23     0.09  0.26      0.34        0.24  0.27     0.19   0.13       0.55  0.58        0.33  0.45  1.00    0.26
SILVER      0.22 -0.12   0.13  0.26   0.06    0.05  0.19     0.02  0.29      0.51        0.23  0.28     0.24   0.20       0.29  0.10        0.19  0.38  0.26    1.00


********************************************************************************
                                 END OF REPORT                                  
********************************************************************************


