
********************************************************************************
                    Risk report produced on 26/11/2024 22:52                    
********************************************************************************


Total risk across all strategies, annualised percentage 10.6
Percentage of capital used for margin 74.4%

========================================
Risk per strategy, annualised percentage
========================================

                  risk
dynamic_TF_carry  10.7


===================
Risk by asset class
===================

Ags       1.4
Bond      2.7
Equity    5.0
FX        3.9
Metals    2.8
OilGas    4.0
Other     0.8
Vol       2.2
dtype: float64


=====================================================
Beta loadings of asset class positions on asset class
=====================================================

FX       -0.57
Bond     -0.17
OilGas   -0.11
Vol      -0.04
Metals   -0.04
Ags      -0.02
Other     0.03
Equity    0.38
dtype: float64


========================================================
Beta loadings of full portfolio positions on asset class
========================================================

FX       -0.94
Bond     -0.39
Vol      -0.18
Ags      -0.10
OilGas   -0.09
Metals    0.02
Other     0.02
Equity    0.50
dtype: float64


===================================================================================================================================================================================================================================================================
                                                                                                                          Instrument risk                                                                                                                          
===================================================================================================================================================================================================================================================================

               daily_price_stdev  annual_price_stdev     price  daily_perc_stdev  annual_perc_stdev  point_size_base  contract_exposure  daily_risk_per_contract  annual_risk_per_contract  position  capital  exposure_held_perc_capital  annual_risk_perc_capital
US30                       1.260              20.157    125.12              1.01               16.1            797.1              99740                     1004                     16067        -1   586993                       -17.0                      -2.7
JPY                        0.000               0.001      0.01              0.70               11.3        9964089.4              65229                      459                      7354        -2   586993                       -22.2                      -2.5
GAS-PEN                    0.114               1.824      3.44              3.32               53.1           7971.3              27397                      908                     14539        -1   586993                        -4.7                      -2.5
ALUMINIUM                 45.252             724.033   2567.50              1.76               28.2             19.9              51165                      901                     14428        -1   586993                        -8.7                      -2.5
VIX                        0.506               8.091     16.40              3.08               49.3            797.1              13072                      403                      6449        -2   586993                        -4.5                      -2.2
CHF                        0.006               0.090      1.13              0.50                8.0          99640.9             112544                      559                      8954        -1   586993                       -19.2                      -1.5
EURO600                    3.821              61.134    507.10              0.75               12.1             41.8              21172                      159                      2552        -3   586993                       -10.8                      -1.3
GAS_US_mini                0.109               1.747      3.48              3.14               50.2           1992.8               6935                      217                      3480        -2   586993                        -2.4                      -1.2
CRUDE_W_micro              1.374              21.977     68.34              2.01               32.2             79.7               5447                      109                      1751        -3   586993                        -2.8                      -0.9
SOYMEAL                    3.679              58.859    291.20              1.26               20.2             79.7              23212                      293                      4691        -1   586993                        -4.0                      -0.8
KOSDAQ                    24.627             394.031   1168.40              2.11               33.7              5.6               6534                      137                      2203        -2   586993                        -2.2                      -0.8
CAD                        0.002               0.038      0.71              0.34                5.4          79712.7              56719                      191                      3060        -1   586993                        -9.7                      -0.5
IRON                       2.117              33.868    102.30              2.07               33.1             79.7               8154                      168                      2699        -1   586993                        -1.4                      -0.5
HANGENT_mini             136.920            2190.713   6917.00              1.98               31.7              1.0               7085                      140                      2243        -1   586993                        -1.2                      -0.4
CANOLA                    10.850             173.593    594.00              1.83               29.2             11.3               6714                      122                      1962        -1   586993                        -1.1                      -0.3
MILLWHEAT                  2.721              43.533    226.50              1.20               19.2             41.8               9456                      113                      1817        -1   586993                        -1.6                      -0.3
MUMMY                     10.816             173.050    635.00              1.70               27.3              5.2               3285                       55                       895         1   586993                         0.6                       0.2
DOW                      330.626            5290.008  44944.00              0.74               11.8              0.4              17913                      131                      2108         1   586993                         3.1                       0.4
NIKKEI                   478.047            7648.751  38220.00              1.25               20.0              0.5              19776                      247                      3957         1   586993                         3.4                       0.7
RUBBER                     3.456              55.292    193.40              1.79               28.6             39.9               7708                      137                      2203         2   586993                         2.6                       0.8
TOPIX                     29.009             464.138   2675.00              1.08               17.4              5.2              13841                      150                      2401         2   586993                         4.7                       0.8
SP500_micro               40.823             653.168   6033.00              0.68               10.8              4.0              24045                      162                      2603         2   586993                         8.2                       0.9
MSCISING                   3.081              49.303    370.45              0.83               13.3             59.1              21902                      182                      2915         2   586993                         7.5                       1.0
LEANHOG                    1.149              18.381     88.35              1.30               20.8            318.9              28170                      366                      5860         1   586993                         4.8                       1.0
BITCOIN                 2680.136           42882.179  92475.00              2.90               46.4              0.1               7371                      213                      3418         2   586993                         2.5                       1.2
FANG                     146.273            2340.369  12481.80              1.17               18.8              4.0              49747                      582                      9327         1   586993                         8.5                       1.6
MIB                      294.949            4719.184  33345.00              0.88               14.2              4.2             139224                     1231                     19703         1   586993                        23.7                       3.4

Sum of abs(notional exposure % capital) 183.1
Sum of abs(annualised risk % capital) 32.9
Net sum of annualised risk % capital -8.9 

=====================================================================================================================================================================================================================================================
                                                                                                                    Correlations                                                                                                                     
=====================================================================================================================================================================================================================================================

                CAD   DOW  EURO600  FANG  HANGENT_mini  KOSDAQ   MIB  MSCISING  MUMMY  NIKKEI  RUBBER  SP500_micro  TOPIX   CHF   JPY  US30  ALUMINIUM  CRUDE_W_micro  GAS-PEN  GAS_US_mini  IRON  BITCOIN  CANOLA  LEANHOG  MILLWHEAT  SOYMEAL   VIX
CAD            1.00  0.47     0.41  0.21          0.45    0.29  0.25      0.26   0.26    0.27    0.33         0.46   0.26  0.28  0.16  0.30       0.35           0.25     0.11         0.05  0.21    -0.02    0.03    -0.01       0.10     0.13 -0.34
DOW            0.47  1.00     0.55  0.48          0.25    0.43  0.41      0.58   0.46    0.53    0.33         0.82   0.52 -0.05  0.01  0.25       0.19           0.13    -0.01        -0.06  0.02     0.18   -0.02     0.11       0.04     0.03 -0.74
EURO600        0.41  0.55     1.00  0.35          0.50    0.44  0.81      0.45   0.37    0.53    0.28         0.57   0.50  0.02 -0.01  0.10       0.34           0.05     0.10         0.08  0.27     0.08    0.04     0.07       0.07     0.19 -0.45
FANG           0.21  0.48     0.35  1.00          0.19    0.49  0.11      0.44   0.29    0.60    0.12         0.81   0.53 -0.25 -0.23  0.13       0.27           0.26     0.08         0.07  0.17     0.08    0.00    -0.14       0.09    -0.05 -0.60
HANGENT_mini   0.45  0.25     0.50  0.19          1.00    0.43  0.31      0.26   0.25    0.40    0.41         0.33   0.38  0.14  0.04  0.13       0.38           0.11     0.25         0.22  0.35    -0.07    0.18    -0.05       0.09     0.29 -0.23
KOSDAQ         0.29  0.43     0.44  0.49          0.43    1.00  0.29      0.24   0.30    0.58    0.33         0.51   0.52  0.09 -0.05  0.19       0.22           0.16    -0.05        -0.11  0.28     0.00    0.11    -0.07       0.10     0.09 -0.37
MIB            0.25  0.41     0.81  0.11          0.31    0.29  1.00      0.33   0.36    0.46    0.16         0.32   0.46 -0.03 -0.10 -0.11       0.21          -0.09    -0.09        -0.08  0.08     0.13    0.20     0.15       0.01     0.05 -0.32
MSCISING       0.26  0.58     0.45  0.44          0.26    0.24  0.33      1.00   0.38    0.43    0.12         0.62   0.45 -0.11 -0.02  0.14       0.34           0.08     0.00         0.00  0.05     0.25   -0.13     0.01       0.07    -0.02 -0.56
MUMMY          0.26  0.46     0.37  0.29          0.25    0.30  0.36      0.38   1.00    0.65    0.05         0.39   0.68 -0.04 -0.13 -0.01      -0.08          -0.06    -0.10        -0.12  0.10     0.13   -0.03     0.16      -0.05     0.01 -0.32
NIKKEI         0.27  0.53     0.53  0.60          0.40    0.58  0.46      0.43   0.65    1.00    0.32         0.65   0.95 -0.05 -0.20  0.08       0.20           0.17     0.10         0.05  0.28     0.06    0.10    -0.02       0.01     0.09 -0.46
RUBBER         0.33  0.33     0.28  0.12          0.41    0.33  0.16      0.12   0.05    0.32    1.00         0.32   0.25  0.21  0.17  0.22       0.29           0.10     0.22         0.14  0.11     0.02    0.13    -0.01      -0.01     0.21 -0.29
SP500_micro    0.46  0.82     0.57  0.81          0.33    0.51  0.32      0.62   0.39    0.65    0.32         1.00   0.60 -0.10 -0.08  0.30       0.30           0.26     0.11         0.07  0.09     0.11    0.00    -0.06       0.04     0.03 -0.78
TOPIX          0.26  0.52     0.50  0.53          0.38    0.52  0.46      0.45   0.68    0.95    0.25         0.60   1.00 -0.14 -0.27  0.03       0.18           0.14     0.06         0.02  0.26     0.07    0.14     0.01       0.06     0.10 -0.49
CHF            0.28 -0.05     0.02 -0.25          0.14    0.09 -0.03     -0.11  -0.04   -0.05    0.21        -0.10  -0.14  1.00  0.68  0.48      -0.01          -0.21     0.01        -0.05  0.02    -0.14   -0.04    -0.01      -0.18     0.29  0.31
JPY            0.16  0.01    -0.01 -0.23          0.04   -0.05 -0.10     -0.02  -0.13   -0.20    0.17        -0.08  -0.27  0.68  1.00  0.58      -0.00          -0.39    -0.07        -0.10 -0.06     0.10   -0.31    -0.20      -0.16     0.32  0.14
US30           0.30  0.25     0.10  0.13          0.13    0.19 -0.11      0.14  -0.01    0.08    0.22         0.30   0.03  0.48  0.58  1.00      -0.05          -0.18     0.04         0.01 -0.00    -0.02   -0.30    -0.21      -0.08     0.26 -0.08
ALUMINIUM      0.35  0.19     0.34  0.27          0.38    0.22  0.21      0.34  -0.08    0.20    0.29         0.30   0.18 -0.01 -0.00 -0.05       1.00           0.29     0.18         0.18  0.43     0.16    0.17     0.02       0.01     0.17 -0.23
CRUDE_W_micro  0.25  0.13     0.05  0.26          0.11    0.16 -0.09      0.08  -0.06    0.17    0.10         0.26   0.14 -0.21 -0.39 -0.18       0.29           1.00     0.27         0.22  0.18    -0.19    0.05     0.11       0.09    -0.18 -0.12
GAS-PEN        0.11 -0.01     0.10  0.08          0.25   -0.05 -0.09      0.00  -0.10    0.10    0.22         0.11   0.06  0.01 -0.07  0.04       0.18           0.27     1.00         0.96  0.14    -0.06    0.01    -0.16      -0.02     0.13 -0.09
GAS_US_mini    0.05 -0.06     0.08  0.07          0.22   -0.11 -0.08      0.00  -0.12    0.05    0.14         0.07   0.02 -0.05 -0.10  0.01       0.18           0.22     0.96         1.00  0.12     0.02    0.02    -0.17      -0.04     0.10 -0.09
IRON           0.21  0.02     0.27  0.17          0.35    0.28  0.08      0.05   0.10    0.28    0.11         0.09   0.26  0.02 -0.06 -0.00       0.43           0.18     0.14         0.12  1.00    -0.00    0.08     0.04       0.26     0.37  0.04
BITCOIN       -0.02  0.18     0.08  0.08         -0.07    0.00  0.13      0.25   0.13    0.06    0.02         0.11   0.07 -0.14  0.10 -0.02       0.16          -0.19    -0.06         0.02 -0.00     1.00   -0.07     0.05      -0.07     0.02 -0.15
CANOLA         0.03 -0.02     0.04  0.00          0.18    0.11  0.20     -0.13  -0.03    0.10    0.13         0.00   0.14 -0.04 -0.31 -0.30       0.17           0.05     0.01         0.02  0.08    -0.07    1.00     0.24       0.06     0.19 -0.07
LEANHOG       -0.01  0.11     0.07 -0.14         -0.05   -0.07  0.15      0.01   0.16   -0.02   -0.01        -0.06   0.01 -0.01 -0.20 -0.21       0.02           0.11    -0.16        -0.17  0.04     0.05    0.24     1.00      -0.11    -0.05  0.15
MILLWHEAT      0.10  0.04     0.07  0.09          0.09    0.10  0.01      0.07  -0.05    0.01   -0.01         0.04   0.06 -0.18 -0.16 -0.08       0.01           0.09    -0.02        -0.04  0.26    -0.07    0.06    -0.11       1.00     0.21 -0.07
SOYMEAL        0.13  0.03     0.19 -0.05          0.29    0.09  0.05     -0.02   0.01    0.09    0.21         0.03   0.10  0.29  0.32  0.26       0.17          -0.18     0.13         0.10  0.37     0.02    0.19    -0.05       0.21     1.00  0.05
VIX           -0.34 -0.74    -0.45 -0.60         -0.23   -0.37 -0.32     -0.56  -0.32   -0.46   -0.29        -0.78  -0.49  0.31  0.14 -0.08      -0.23          -0.12    -0.09        -0.09  0.04    -0.15   -0.07     0.15      -0.07     0.05  1.00


********************************************************************************
                                 END OF REPORT                                  
********************************************************************************


