
********************************************************************************
                    Risk report produced on 19/11/2025 22:53                    
********************************************************************************


Total risk across all strategies, annualised percentage 9.5
Percentage of capital used for margin 41.0%

========================================
Risk per strategy, annualised percentage
========================================

                  risk
dynamic_TF_carry   9.5


===================
Risk by asset class
===================

Ags       0.6
Bond      1.6
Equity    5.1
FX        3.6
Metals    2.1
OilGas    1.4
Sector    0.9
dtype: float64


=====================================================
Beta loadings of asset class positions on asset class
=====================================================

Ags      -0.03
Metals   -0.00
OilGas    0.03
Sector    0.04
Bond      0.12
FX        0.28
Equity    0.37
dtype: float64


========================================================
Beta loadings of full portfolio positions on asset class
========================================================

Bond     -0.30
Ags      -0.08
OilGas    0.06
Metals    0.10
Sector    0.22
FX        0.48
Equity    0.48
dtype: float64


===================================================================================================================================================================================================================================================================
                                                                                                                          Instrument risk                                                                                                                          
===================================================================================================================================================================================================================================================================

               daily_price_stdev  annual_price_stdev     price  daily_perc_stdev  annual_perc_stdev  point_size_base  contract_exposure  daily_risk_per_contract  annual_risk_per_contract  position  capital  exposure_held_perc_capital  annual_risk_perc_capital
BITCOIN                 2788.957           44623.313  88715.00              3.14               50.3              0.1               6744                      212                      3392        -3   609942                        -3.3                      -1.7
DAX                      222.303            3556.843  23275.00              0.96               15.3              0.9              20500                      195                      3132        -3   609942                       -10.1                      -1.5
KR10                       0.369               5.905    114.26              0.32                5.2            510.7              58347                      188                      3015        -3   609942                       -28.7                      -1.5
CRUDE_W_micro              1.036              16.568     58.92              1.76               28.1             76.0               4479                       78                      1259        -6   609942                        -4.4                      -1.2
SP500_micro               55.616             889.848   6650.75              0.84               13.4              3.8              25279                      211                      3382        -2   609942                        -8.3                      -1.1
GOLD_micro                54.852             877.638   4111.90              1.33               21.3              7.6              31258                      416                      6671        -1   609942                        -5.1                      -1.1
JPY                        0.000               0.001      0.01              0.55                8.8        9502343.3              60681                      333                      5333        -1   609942                        -9.9                      -0.9
KRWUSD_mini                0.004               0.061      0.68              0.55                8.9          19004.7              12976                       71                      1151        -4   609942                        -8.5                      -0.8
RICE                       0.151               2.416     10.10              1.49               23.9           1520.4              15355                      229                      3673        -1   609942                        -2.5                      -0.6
GAS_US_mini                0.109               1.751      4.77              2.29               36.7           1900.5               9065                      208                      3328        -1   609942                        -1.5                      -0.5
AUD_micro                  0.003               0.048      0.65              0.46                7.4           7601.9               4914                       22                       363         4   609942                         3.2                       0.2
FTSECHINAA               171.569            2745.105  15282.00              1.12               18.0              0.8              11617                      130                      2086         1   609942                         1.9                       0.3
MXP                        0.000               0.004      0.05              0.49                7.8         380093.7              20650                      101                      1617         2   609942                         6.8                       0.5
BRE                        0.001               0.017      0.19              0.57                9.1          76018.7              14215                       80                      1295         4   609942                         9.3                       0.8
TOPIX                     33.916             542.664   3258.00              1.04               16.7              4.9              15930                      165                      2653         2   609942                         5.2                       0.9
NIKKEI                   686.276           10980.412  48720.00              1.41               22.5              0.5              23821                      335                      5368         1   609942                         3.9                       0.9
EU-BASIC                   7.897             126.353    581.30              1.36               21.7             44.0              25599                      347                      5564         1   609942                         4.2                       0.9
KOSPI_mini                 9.531             152.496    553.30              1.72               27.6             25.5              14127                      243                      3893         2   609942                         4.6                       1.3
OAT                        0.309               4.946    122.34              0.25                4.0            880.8             107755                      272                      4356         2   609942                        35.3                       1.4
SILVER                     1.026              16.416     51.06              2.01               32.1            760.2              38818                      779                     12479         1   609942                         6.4                       2.0
YENEUR                     0.701              11.224    180.70              0.39                6.2            611.2             110441                      428                      6859         2   609942                        36.2                       2.2
GASOILINE                  0.029               0.463      1.87              1.55               24.8          31927.9              59555                      923                     14779         1   609942                         9.8                       2.4
MIB                      407.213            6515.413  42480.00              0.96               15.3              4.4             187078                     1793                     28693         1   609942                        30.7                       4.7

Sum of abs(notional exposure % capital) 239.8
Sum of abs(annualised risk % capital) 29.4
Net sum of annualised risk % capital 7.6 

===============================================================================================================================================================================================================================
                                                                                                         Correlations                                                                                                          
===============================================================================================================================================================================================================================

                JPY  KR10  KRWUSD_mini   OAT  RICE  GOLD_micro  SILVER  AUD_micro  BITCOIN   BRE   DAX  EU-BASIC  FTSECHINAA  KOSPI_mini   MIB   MXP  NIKKEI  SP500_micro  TOPIX  CRUDE_W_micro  GASOILINE  GAS_US_mini  YENEUR
JPY            1.00  0.42         0.50  0.36  0.11        0.32    0.00       0.30    -0.11  0.06 -0.08     -0.18       -0.05       -0.25 -0.14  0.01   -0.28        -0.17  -0.28          -0.29      -0.31        -0.19   -0.67
KR10           0.42  1.00         0.19  0.40  0.04        0.11   -0.10      -0.06     0.06 -0.15 -0.00     -0.20       -0.10       -0.24 -0.18 -0.07   -0.19         0.01  -0.24          -0.31      -0.32        -0.32   -0.44
KRWUSD_mini    0.50  0.19         1.00  0.14  0.09        0.12   -0.03       0.49    -0.01  0.17  0.14     -0.09        0.04        0.12  0.05  0.19    0.10         0.07   0.02          -0.25      -0.24        -0.17   -0.17
OAT            0.36  0.40         0.14  1.00 -0.18        0.38    0.13       0.04    -0.01  0.10  0.03     -0.03       -0.10       -0.07 -0.13  0.04   -0.09         0.03  -0.11          -0.25      -0.22        -0.17   -0.40
RICE           0.11  0.04         0.09 -0.18  1.00       -0.04    0.06       0.11     0.03 -0.12 -0.01      0.04       -0.09       -0.11  0.01 -0.06   -0.07        -0.10  -0.04           0.06       0.03         0.07   -0.03
GOLD_micro     0.32  0.11         0.12  0.38 -0.04        1.00    0.71       0.26    -0.04  0.20  0.18      0.18        0.02        0.10  0.10  0.18    0.12         0.01   0.11          -0.08      -0.04         0.12   -0.22
SILVER         0.00 -0.10        -0.03  0.13  0.06        0.71    1.00       0.33     0.09  0.29  0.41      0.53        0.24        0.18  0.36  0.33    0.26         0.25   0.28           0.14       0.17         0.14    0.04
AUD_micro      0.30 -0.06         0.49  0.04  0.11        0.26    0.33       1.00     0.36  0.52  0.60      0.51        0.44        0.47  0.59  0.47    0.54         0.55   0.54           0.14       0.13         0.07    0.16
BITCOIN       -0.11  0.06        -0.01 -0.01  0.03       -0.04    0.09       0.36     1.00  0.20  0.44      0.29        0.23        0.33  0.38  0.21    0.44         0.56   0.40           0.16       0.13        -0.00    0.10
BRE            0.06 -0.15         0.17  0.10 -0.12        0.20    0.29       0.52     0.20  1.00  0.34      0.32        0.34        0.42  0.47  0.54    0.46         0.42   0.45           0.23       0.26         0.25    0.14
DAX           -0.08 -0.00         0.14  0.03 -0.01        0.18    0.41       0.60     0.44  0.34  1.00      0.71        0.44        0.44  0.84  0.36    0.66         0.73   0.71           0.18       0.18         0.10    0.20
EU-BASIC      -0.18 -0.20        -0.09 -0.03  0.04        0.18    0.53       0.51     0.29  0.32  0.71      1.00        0.59        0.45  0.69  0.37    0.53         0.54   0.58           0.36       0.35         0.17    0.20
FTSECHINAA    -0.05 -0.10         0.04 -0.10 -0.09        0.02    0.24       0.44     0.23  0.34  0.44      0.59        1.00        0.28  0.52  0.31    0.41         0.40   0.49           0.45       0.46         0.06    0.16
KOSPI_mini    -0.25 -0.24         0.12 -0.07 -0.11        0.10    0.18       0.47     0.33  0.42  0.44      0.45        0.28        1.00  0.49  0.37    0.78         0.57   0.65           0.26       0.25         0.13    0.34
MIB           -0.14 -0.18         0.05 -0.13  0.01        0.10    0.36       0.59     0.38  0.47  0.84      0.69        0.52        0.49  1.00  0.39    0.67         0.71   0.76           0.40       0.42         0.12    0.21
MXP            0.01 -0.07         0.19  0.04 -0.06        0.18    0.33       0.47     0.21  0.54  0.36      0.37        0.31        0.37  0.39  1.00    0.38         0.32   0.40           0.20       0.18         0.06    0.33
NIKKEI        -0.28 -0.19         0.10 -0.09 -0.07        0.12    0.26       0.54     0.44  0.46  0.66      0.53        0.41        0.78  0.67  0.38    1.00         0.73   0.92           0.23       0.22         0.19    0.38
SP500_micro   -0.17  0.01         0.07  0.03 -0.10        0.01    0.25       0.55     0.56  0.42  0.73      0.54        0.40        0.57  0.71  0.32    0.73         1.00   0.71           0.28       0.27         0.03    0.17
TOPIX         -0.28 -0.24         0.02 -0.11 -0.04        0.11    0.28       0.54     0.40  0.45  0.71      0.58        0.49        0.65  0.76  0.40    0.92         0.71   1.00           0.29       0.28         0.22    0.40
CRUDE_W_micro -0.29 -0.31        -0.25 -0.25  0.06       -0.08    0.14       0.14     0.16  0.23  0.18      0.36        0.45        0.26  0.40  0.20    0.23         0.28   0.29           1.00       0.95         0.11    0.15
GASOILINE     -0.31 -0.32        -0.24 -0.22  0.03       -0.04    0.17       0.13     0.13  0.26  0.18      0.35        0.46        0.25  0.42  0.18    0.22         0.27   0.28           0.95       1.00         0.11    0.13
GAS_US_mini   -0.19 -0.32        -0.17 -0.17  0.07        0.12    0.14       0.07    -0.00  0.25  0.10      0.17        0.06        0.13  0.12  0.06    0.19         0.03   0.22           0.11       0.11         1.00    0.13
YENEUR        -0.67 -0.44        -0.17 -0.40 -0.03       -0.22    0.04       0.16     0.10  0.14  0.20      0.20        0.16        0.34  0.21  0.33    0.38         0.17   0.40           0.15       0.13         0.13    1.00


********************************************************************************
                                 END OF REPORT                                  
********************************************************************************


