
********************************************************************************
                    Risk report produced on 25/09/2024 22:52                    
********************************************************************************


Total risk across all strategies, annualised percentage 13.7
Percentage of capital used for margin 66.0%

========================================
Risk per strategy, annualised percentage
========================================

                  risk
dynamic_TF_carry  13.7


===================
Risk by asset class
===================

Ags        2.7
Bond       3.3
Equity    10.7
FX         0.7
Metals     2.2
OilGas     2.0
dtype: float64


=====================================================
Beta loadings of asset class positions on asset class
=====================================================

Ags      -0.10
OilGas   -0.03
Metals   -0.01
FX        0.11
Bond      0.51
Equity    0.87
dtype: float64


========================================================
Beta loadings of full portfolio positions on asset class
========================================================

Ags      -0.14
OilGas   -0.03
Metals    0.16
Bond      0.75
Equity    0.91
FX        1.02
dtype: float64


=================================================================================================================================================================================================================================================================
                                                                                                                         Instrument risk                                                                                                                         
=================================================================================================================================================================================================================================================================

             daily_price_stdev  annual_price_stdev     price  daily_perc_stdev  annual_perc_stdev  point_size_base  contract_exposure  daily_risk_per_contract  annual_risk_per_contract  position  capital  exposure_held_perc_capital  annual_risk_perc_capital
GAS-PEN                  0.097               1.555      2.63              3.69               59.1           7458.2              19629                      724                     11595        -1   583433                        -3.4                      -2.0
ALUMINIUM               36.382             582.111   2466.00              1.48               23.6             18.6              45979                      678                     10853        -1   583433                        -7.9                      -1.9
CAC                     65.294            1044.697   7576.00              0.86               13.8              8.3              63251                      545                      8722        -1   583433                       -10.8                      -1.5
COTTON2                  1.122              17.950     73.18              1.53               24.5            372.9              27289                      418                      6693        -1   583433                        -4.7                      -1.1
WHEAT                    9.396             150.338    590.00              1.59               25.5             37.3              22001                      350                      5606        -1   583433                        -3.8                      -1.0
SOYMEAL                  4.447              71.151    329.00              1.35               21.6             74.6              24537                      331                      5306        -1   583433                        -4.2                      -0.9
CHINAA-CON              16.499             263.978   1795.60              0.92               14.7             18.6              33479                      307                      4921        -1   583433                        -5.7                      -0.8
BITCOIN               1748.411           27974.582  63910.00              2.74               43.8              0.1               4766                      130                      2086        -2   583433                        -1.6                      -0.7
CORN                     5.242              83.865    415.00              1.26               20.2             37.3              15475                      195                      3127        -1   583433                        -2.7                      -0.5
IRON                     2.202              35.237     98.15              2.24               35.9             74.6               7320                      164                      2628        -1   583433                        -1.3                      -0.5
CANOLA                  10.807             172.905    621.80              1.74               27.8             11.1               6903                      119                      1919        -1   583433                        -1.2                      -0.3
MUMMY                   14.586             233.371    650.00              2.24               35.9              5.2               3383                       75                      1214         1   583433                         0.6                       0.2
DAX                    151.523            2424.361  19091.00              0.79               12.7              0.8              15938                      126                      2024         1   583433                         2.7                       0.3
GBP                      0.006               0.092      1.33              0.43                6.9          46613.6              62080                      268                      4293         1   583433                        10.6                       0.7
SP500_micro             44.845             717.513   5781.25              0.78               12.4              3.7              21558                      167                      2675         2   583433                         7.4                       0.9
US10U                    0.469               7.510    118.50              0.40                6.3            745.8              88379                      350                      5600         1   583433                        15.1                       1.0
KR10                     0.385               6.165    117.08              0.33                5.3            562.6              65872                      216                      3468         2   583433                        22.6                       1.2
US20                     0.724              11.589    124.28              0.58                9.3            745.8              92691                      540                      8643         1   583433                        15.9                       1.5
MSCISING                 3.147              50.345    342.70              0.92               14.7             58.1              19916                      182                      2925         3   583433                        10.2                       1.5
LEANHOG                  0.968              15.488     74.80              1.29               20.7            298.3              22314                      288                      4620         2   583433                         7.6                       1.6
SPI200                  55.751             892.010   8196.00              0.68               10.9             12.8             105118                      715                     11440         1   583433                        18.0                       2.0
FTSETAIWAN              26.893             430.286   1898.25              1.42               22.7             29.8              56629                      802                     12836         1   583433                         9.7                       2.2
SILVER                   0.584               9.338     32.13              1.82               29.1            745.8              23963                      435                      6964         2   583433                         8.2                       2.4
MIB                    269.649            4314.389  33750.00              0.80               12.8              4.2             140887                     1125                     18010         1   583433                        24.1                       3.1
MSCIEAFA                20.994             335.904   2461.00              0.85               13.6             37.3              91772                      782                     12526         2   583433                        31.5                       4.3

Sum of abs(notional exposure % capital) 231.5
Sum of abs(annualised risk % capital) 34.1
Net sum of annualised risk % capital 11.7 

=========================================================================================================================================================================================================================
                                                                                                      Correlations                                                                                                       
=========================================================================================================================================================================================================================

             BITCOIN  LEANHOG  ALUMINIUM  COTTON2  IRON  CANOLA  CORN  GAS-PEN  SOYMEAL  WHEAT  KR10  US10U  US20   CAC  CHINAA-CON   DAX  FTSETAIWAN   GBP   MIB  MSCIEAFA  MSCISING  MUMMY  SILVER  SP500_micro  SPI200
BITCOIN         1.00     0.25       0.04     0.20 -0.07    0.08  0.17    -0.05     0.02   0.13  0.09   0.10  0.14  0.38        0.14  0.38        0.27  0.24  0.33      0.38      0.20   0.33    0.23         0.30    0.47
LEANHOG         0.25     1.00       0.03     0.11  0.11    0.38  0.14    -0.07     0.16   0.16 -0.07  -0.04 -0.03  0.32        0.13  0.24        0.02  0.09  0.30      0.13      0.09   0.22    0.05        -0.00    0.27
ALUMINIUM       0.04     0.03       1.00     0.17  0.33    0.11  0.12    -0.07     0.17   0.16 -0.15  -0.07 -0.06  0.21        0.15  0.16        0.24  0.25  0.11      0.19      0.30   0.06    0.48         0.13    0.05
COTTON2         0.20     0.11       0.17     1.00  0.16    0.12  0.04    -0.08     0.06   0.04 -0.07  -0.21 -0.19  0.08        0.18  0.15        0.18 -0.08  0.02      0.11      0.08   0.22    0.06         0.19    0.29
IRON           -0.07     0.11       0.33     0.16  1.00    0.19  0.02    -0.14     0.21   0.18 -0.09  -0.11 -0.08 -0.00        0.14 -0.01        0.14 -0.01 -0.08     -0.02     -0.02  -0.00    0.20        -0.06   -0.01
CANOLA          0.08     0.38       0.11     0.12  0.19    1.00  0.40     0.06     0.47   0.45 -0.24  -0.30 -0.32  0.18        0.12  0.19       -0.01  0.10  0.22      0.02      0.09  -0.01    0.19        -0.03    0.08
CORN            0.17     0.14       0.12     0.04  0.02    0.40  1.00     0.18     0.57   0.65  0.01  -0.04 -0.04 -0.01        0.02  0.02       -0.02  0.10 -0.00     -0.05      0.05   0.01    0.15         0.04    0.08
GAS-PEN        -0.05    -0.07      -0.07    -0.08 -0.14    0.06  0.18     1.00     0.10   0.16  0.05   0.05  0.05 -0.08       -0.02 -0.08       -0.01  0.01 -0.02      0.02      0.08  -0.07    0.06         0.10    0.01
SOYMEAL         0.02     0.16       0.17     0.06  0.21    0.47  0.57     0.10     1.00   0.54 -0.03  -0.05 -0.06  0.13        0.06  0.02       -0.16 -0.01  0.03     -0.03     -0.07  -0.02    0.10        -0.08    0.05
WHEAT           0.13     0.16       0.16     0.04  0.18    0.45  0.65     0.16     0.54   1.00 -0.00  -0.07 -0.07  0.11       -0.06  0.08       -0.07 -0.01  0.06      0.01      0.11  -0.11    0.11        -0.01    0.00
KR10            0.09    -0.07      -0.15    -0.07 -0.09   -0.24  0.01     0.05    -0.03  -0.00  1.00   0.63  0.65  0.02       -0.00  0.05        0.21  0.16 -0.06      0.23      0.12   0.06   -0.03         0.21    0.25
US10U           0.10    -0.04      -0.07    -0.21 -0.11   -0.30 -0.04     0.05    -0.05  -0.07  0.63   1.00  0.98  0.15       -0.03  0.10        0.09  0.32 -0.04      0.36      0.07   0.08    0.10         0.22    0.28
US20            0.14    -0.03      -0.06    -0.19 -0.08   -0.32 -0.04     0.05    -0.06  -0.07  0.65   0.98  1.00  0.17       -0.01  0.13        0.15  0.30 -0.01      0.39      0.11   0.13    0.10         0.27    0.34
CAC             0.38     0.32       0.21     0.08 -0.00    0.18 -0.01    -0.08     0.13   0.11  0.02   0.15  0.17  1.00        0.28  0.87        0.30  0.43  0.81      0.76      0.36   0.46    0.31         0.51    0.58
CHINAA-CON      0.14     0.13       0.15     0.18  0.14    0.12  0.02    -0.02     0.06  -0.06 -0.00  -0.03 -0.01  0.28        1.00  0.31        0.41  0.31  0.30      0.43      0.43   0.39    0.33         0.42    0.44
DAX             0.38     0.24       0.16     0.15 -0.01    0.19  0.02    -0.08     0.02   0.08  0.05   0.10  0.13  0.87        0.31  1.00        0.49  0.51  0.85      0.82      0.46   0.60    0.35         0.65    0.66
FTSETAIWAN      0.27     0.02       0.24     0.18  0.14   -0.01 -0.02    -0.01    -0.16  -0.07  0.21   0.09  0.15  0.30        0.41  0.49        1.00  0.35  0.42      0.61      0.59   0.55    0.41         0.68    0.61
GBP             0.24     0.09       0.25    -0.08 -0.01    0.10  0.10     0.01    -0.01  -0.01  0.16   0.32  0.30  0.43        0.31  0.51        0.35  1.00  0.42      0.63      0.39   0.44    0.54         0.49    0.37
MIB             0.33     0.30       0.11     0.02 -0.08    0.22 -0.00    -0.02     0.03   0.06 -0.06  -0.04 -0.01  0.81        0.30  0.85        0.42  0.42  1.00      0.70      0.49   0.55    0.31         0.55    0.54
MSCIEAFA        0.38     0.13       0.19     0.11 -0.02    0.02 -0.05     0.02    -0.03   0.01  0.23   0.36  0.39  0.76        0.43  0.82        0.61  0.63  0.70      1.00      0.65   0.70    0.45         0.81    0.76
MSCISING        0.20     0.09       0.30     0.08 -0.02    0.09  0.05     0.08    -0.07   0.11  0.12   0.07  0.11  0.36        0.43  0.46        0.59  0.39  0.49      0.65      1.00   0.58    0.42         0.65    0.58
MUMMY           0.33     0.22       0.06     0.22 -0.00   -0.01  0.01    -0.07    -0.02  -0.11  0.06   0.08  0.13  0.46        0.39  0.60        0.55  0.44  0.55      0.70      0.58   1.00    0.25         0.68    0.72
SILVER          0.23     0.05       0.48     0.06  0.20    0.19  0.15     0.06     0.10   0.11 -0.03   0.10  0.10  0.31        0.33  0.35        0.41  0.54  0.31      0.45      0.42   0.25    1.00         0.45    0.30
SP500_micro     0.30    -0.00       0.13     0.19 -0.06   -0.03  0.04     0.10    -0.08  -0.01  0.21   0.22  0.27  0.51        0.42  0.65        0.68  0.49  0.55      0.81      0.65   0.68    0.45         1.00    0.71
SPI200          0.47     0.27       0.05     0.29 -0.01    0.08  0.08     0.01     0.05   0.00  0.25   0.28  0.34  0.58        0.44  0.66        0.61  0.37  0.54      0.76      0.58   0.72    0.30         0.71    1.00


********************************************************************************
                                 END OF REPORT                                  
********************************************************************************


