
********************************************************************************
                    Risk report produced on 18/10/2023 22:52                    
********************************************************************************


Total risk across all strategies, annualised percentage 12.7
Percentage of capital used for margin 53.1%

========================================
Risk per strategy, annualised percentage
========================================

                  risk
dynamic_TF_carry  12.7


===================
Risk by asset class
===================

Ags       2.0
Bond      7.1
Equity    2.6
FX        5.5
Metals    0.4
OilGas    0.9
Sector    3.1
dtype: float64


=====================================================
Beta loadings of asset class positions on asset class
=====================================================

FX       -0.97
Bond     -0.84
Equity   -0.09
Metals   -0.02
OilGas   -0.02
Ags       0.06
Sector    0.17
dtype: float64


========================================================
Beta loadings of full portfolio positions on asset class
========================================================

FX       -1.44
Bond     -1.23
Metals   -0.20
Equity   -0.08
OilGas   -0.01
Ags       0.06
Sector    0.16
dtype: float64


==================================================================================================================================================================================================================================================================
                                                                                                                         Instrument risk                                                                                                                          
==================================================================================================================================================================================================================================================================

              daily_price_stdev  annual_price_stdev     price  daily_perc_stdev  annual_perc_stdev  point_size_base  contract_exposure  daily_risk_per_contract  annual_risk_per_contract  position  capital  exposure_held_perc_capital  annual_risk_perc_capital
US20                      1.137              18.193    109.38              1.04               16.6            820.1              89703                      932                     14920        -1   389007                       -23.1                      -3.8
BUND                      0.740              11.837    127.62              0.58                9.3            868.0             110779                      642                     10274        -1   389007                       -28.5                      -2.6
DAX                     141.462            2263.399  15204.00              0.93               14.9              0.9              13197                      122                      1964        -5   389007                       -17.0                      -2.5
CHF                       0.005               0.077      1.12              0.43                6.9         102517.8             114768                      491                      7864        -1   389007                       -29.5                      -2.0
AUD                       0.004               0.070      0.64              0.69               11.0          82014.3              52079                      359                      5753        -1   389007                       -13.4                      -1.5
US3                       0.218               3.492    102.43              0.21                3.4           1640.3             168013                      358                      5728        -1   389007                       -43.2                      -1.5
JPY                       0.000               0.001      0.01              0.48                7.7       10251783.8              69050                      331                      5299        -1   389007                       -17.8                      -1.4
GBP                       0.006               0.099      1.21              0.51                8.1          51258.9              62264                      316                      5066        -1   389007                       -16.0                      -1.3
RUSSELL                  23.658             378.533   1740.70              1.36               21.7              4.1               7138                       97                      1552        -3   389007                        -5.5                      -1.2
GAS_US_mini               0.112               1.789      3.45              3.24               51.9           2050.4               7073                      229                      3668        -1   389007                        -1.8                      -0.9
COPPER-micro              0.042               0.675      3.59              1.18               18.8           2050.4               7351                       86                      1383        -1   389007                        -1.9                      -0.4
CNH                       0.018               0.282      7.30              0.24                3.9          11212.3              81866                      197                      3158         1   389007                        21.0                       0.8
MXP                       0.000               0.007      0.05              0.82               13.2         410071.4              22234                      182                      2925         2   389007                        11.4                       1.5
LEANHOG                   1.490              23.832     72.35              2.06               32.9            328.1              23734                      488                      7818         1   389007                         6.1                       2.0
NIKKEI                  376.885            6030.162  31945.00              1.18               18.9              0.5              17506                      206                      3304         3   389007                        13.5                       2.5
EU-OIL                    4.298              68.761    373.60              1.15               18.4             43.4              16214                      186                      2984         4   389007                        16.7                       3.1

Sum of abs(notional exposure % capital) 266.4
Sum of abs(annualised risk % capital) 29.0
Net sum of annualised risk % capital -9.2 

=====================================================================================================================================
                                                            Correlations                                                             
=====================================================================================================================================

               CNH  GAS_US_mini   DAX  EU-OIL  LEANHOG   MXP  NIKKEI  RUSSELL   AUD   CHF  COPPER-micro   GBP  BUND   JPY  US20   US3
CNH           1.00         0.25 -0.29   -0.05    -0.23 -0.03   -0.04    -0.24 -0.57 -0.58         -0.61 -0.44 -0.24 -0.51 -0.37 -0.52
GAS_US_mini   0.25         1.00 -0.03    0.16     0.02 -0.13    0.15     0.04 -0.02  0.02         -0.03  0.06  0.03 -0.26 -0.01 -0.05
DAX          -0.29        -0.03  1.00    0.34     0.14  0.49    0.64     0.72  0.50  0.32          0.38  0.35  0.13  0.07  0.23  0.03
EU-OIL       -0.05         0.16  0.34    1.00     0.10  0.38    0.37     0.33  0.31  0.04          0.24  0.15 -0.11 -0.05  0.00 -0.11
LEANHOG      -0.23         0.02  0.14    0.10     1.00  0.02    0.12     0.19  0.22  0.20          0.27  0.23  0.06  0.07  0.01  0.09
MXP          -0.03        -0.13  0.49    0.38     0.02  1.00    0.42     0.40  0.33  0.17          0.28  0.23 -0.11  0.07  0.11 -0.15
NIKKEI       -0.04         0.15  0.64    0.37     0.12  0.42    1.00     0.57  0.30  0.09          0.25  0.15 -0.00 -0.31  0.15 -0.19
RUSSELL      -0.24         0.04  0.72    0.33     0.19  0.40    0.57     1.00  0.56  0.27          0.44  0.40  0.16  0.15  0.21  0.04
AUD          -0.57        -0.02  0.50    0.31     0.22  0.33    0.30     0.56  1.00  0.56          0.58  0.66  0.24  0.47  0.43  0.41
CHF          -0.58         0.02  0.32    0.04     0.20  0.17    0.09     0.27  0.56  1.00          0.43  0.67  0.27  0.50  0.50  0.56
COPPER-micro -0.61        -0.03  0.38    0.24     0.27  0.28    0.25     0.44  0.58  0.43          1.00  0.44  0.07  0.32  0.21  0.18
GBP          -0.44         0.06  0.35    0.15     0.23  0.23    0.15     0.40  0.66  0.67          0.44  1.00  0.37  0.39  0.48  0.57
BUND         -0.24         0.03  0.13   -0.11     0.06 -0.11   -0.00     0.16  0.24  0.27          0.07  0.37  1.00  0.29  0.71  0.62
JPY          -0.51        -0.26  0.07   -0.05     0.07  0.07   -0.31     0.15  0.47  0.50          0.32  0.39  0.29  1.00  0.42  0.61
US20         -0.37        -0.01  0.23    0.00     0.01  0.11    0.15     0.21  0.43  0.50          0.21  0.48  0.71  0.42  1.00  0.69
US3          -0.52        -0.05  0.03   -0.11     0.09 -0.15   -0.19     0.04  0.41  0.56          0.18  0.57  0.62  0.61  0.69  1.00


********************************************************************************
                                 END OF REPORT                                  
********************************************************************************


