
********************************************************************************
                    Risk report produced on 12/10/2023 22:52                    
********************************************************************************


Total risk across all strategies, annualised percentage 12.8
Percentage of capital used for margin 58.1%

========================================
Risk per strategy, annualised percentage
========================================

                  risk
dynamic_TF_carry  12.8


===================
Risk by asset class
===================

Bond      7.4
Equity    2.5
FX        5.0
Metals    0.4
OilGas    1.0
Sector    3.3
dtype: float64


=====================================================
Beta loadings of asset class positions on asset class
=====================================================

Bond     -0.87
FX       -0.72
Equity   -0.14
Metals   -0.02
OilGas   -0.02
Sector    0.17
dtype: float64


========================================================
Beta loadings of full portfolio positions on asset class
========================================================

Bond     -1.26
FX       -1.13
Metals   -0.18
Equity   -0.14
OilGas   -0.02
Sector    0.15
dtype: float64


==================================================================================================================================================================================================================================================================
                                                                                                                         Instrument risk                                                                                                                          
==================================================================================================================================================================================================================================================================

              daily_price_stdev  annual_price_stdev     price  daily_perc_stdev  annual_perc_stdev  point_size_base  contract_exposure  daily_risk_per_contract  annual_risk_per_contract  position  capital  exposure_held_perc_capital  annual_risk_perc_capital
US20                      1.137              18.198    111.69              1.02               16.3            811.6              90644                      923                     14769        -1   377086                       -24.0                      -3.9
BUND                      0.755              12.082    129.16              0.58                9.4            862.8             111439                      651                     10424        -1   377086                       -29.6                      -2.8
DAX                     140.450            2247.200  15532.00              0.90               14.5              0.9              13401                      121                      1938        -5   377086                       -17.8                      -2.6
CHF                       0.005               0.078      1.11              0.44                7.0         101448.7             112455                      494                      7908        -1   377086                       -29.8                      -2.1
AUD                       0.005               0.073      0.63              0.72               11.5          81158.9              51349                      367                      5886        -1   377086                       -13.6                      -1.6
US3                       0.215               3.438    103.01              0.21                3.3           1623.2             167200                      348                      5580        -1   377086                       -44.3                      -1.5
JPY                       0.000               0.001      0.01              0.51                8.1       10144868.7              68416                      346                      5546        -1   377086                       -18.1                      -1.5
GBP                       0.006               0.101      1.22              0.52                8.3          50724.3              61782                      318                      5102        -1   377086                       -16.4                      -1.4
RUSSELL                  22.166             354.657   1745.40              1.27               20.3              4.1               7082                       89                      1439        -3   377086                        -5.6                      -1.1
GAS_US_mini               0.114               1.821      3.64              3.13               50.1           2029.0               7375                      230                      3695        -1   377086                        -2.0                      -1.0
COPPER-micro              0.045               0.719      3.58              1.26               20.1           2029.0               7265                       91                      1459        -1   377086                        -1.9                      -0.4
MXP                       0.000               0.007      0.05              0.82               13.2         405794.7              22286                      183                      2931         2   377086                        11.8                       1.6
NIKKEI                  365.109            5841.752  32435.00              1.13               18.0              0.5              17654                      198                      3179         2   377086                         9.4                       1.7
EU-OIL                    4.562              72.989    366.30              1.25               19.9             43.1              15802                      196                      3148         4   377086                        16.8                       3.3

Sum of abs(notional exposure % capital) 241.1
Sum of abs(annualised risk % capital) 26.5
Net sum of annualised risk % capital -13.3 

======================================================================================================================
                                                     Correlations                                                     
======================================================================================================================

               AUD   CHF   GBP  BUND   JPY  US20   US3  COPPER-micro   DAX  EU-OIL   MXP  NIKKEI  RUSSELL  GAS_US_mini
AUD           1.00  0.65  0.69  0.42  0.39  0.49  0.41          0.62  0.55    0.37  0.43    0.36     0.55         0.23
CHF           0.65  1.00  0.71  0.44  0.55  0.64  0.60          0.41  0.37    0.02  0.31    0.09     0.33         0.09
GBP           0.69  0.71  1.00  0.49  0.36  0.50  0.51          0.52  0.52    0.24  0.33    0.28     0.48         0.18
BUND          0.42  0.44  0.49  1.00  0.33  0.73  0.66          0.21  0.28    0.01  0.18    0.11     0.30         0.10
JPY           0.39  0.55  0.36  0.33  1.00  0.39  0.50          0.27  0.03   -0.11  0.09   -0.31     0.09        -0.14
US20          0.49  0.64  0.50  0.73  0.39  1.00  0.75          0.24  0.28    0.05  0.26    0.21     0.30         0.06
US3           0.41  0.60  0.51  0.66  0.50  0.75  1.00          0.20  0.09   -0.08  0.00   -0.08     0.13        -0.02
COPPER-micro  0.62  0.41  0.52  0.21  0.27  0.24  0.20          1.00  0.36    0.30  0.26    0.25     0.45        -0.00
DAX           0.55  0.37  0.52  0.28  0.03  0.28  0.09          0.36  1.00    0.49  0.47    0.70     0.74         0.21
EU-OIL        0.37  0.02  0.24  0.01 -0.11  0.05 -0.08          0.30  0.49    1.00  0.22    0.47     0.45         0.33
MXP           0.43  0.31  0.33  0.18  0.09  0.26  0.00          0.26  0.47    0.22  1.00    0.36     0.38         0.15
NIKKEI        0.36  0.09  0.28  0.11 -0.31  0.21 -0.08          0.25  0.70    0.47  0.36    1.00     0.65         0.25
RUSSELL       0.55  0.33  0.48  0.30  0.09  0.30  0.13          0.45  0.74    0.45  0.38    0.65     1.00         0.22
GAS_US_mini   0.23  0.09  0.18  0.10 -0.14  0.06 -0.02         -0.00  0.21    0.33  0.15    0.25     0.22         1.00


********************************************************************************
                                 END OF REPORT                                  
********************************************************************************


