
********************************************************************************
                    Risk report produced on 19/03/2026 22:53                    
********************************************************************************


Total risk across all strategies, annualised percentage 7.7
Percentage of capital used for margin 32.5%

========================================
Risk per strategy, annualised percentage
========================================

                  risk
dynamic_TF_carry   7.7


===================
Risk by asset class
===================

Ags       1.1
Bond      0.6
Equity    2.0
FX        2.9
Metals    1.9
OilGas    3.8
Sector    0.5
Vol       0.1
dtype: float64


=====================================================
Beta loadings of asset class positions on asset class
=====================================================

Bond     -0.12
FX       -0.03
Metals   -0.03
Vol      -0.00
Sector    0.03
Ags       0.04
OilGas    0.07
Equity    0.08
dtype: float64


========================================================
Beta loadings of full portfolio positions on asset class
========================================================

Bond     -0.58
Vol      -0.06
FX       -0.05
Metals    0.01
OilGas    0.09
Ags       0.13
Equity    0.20
Sector    0.20
dtype: float64


=================================================================================================================================================================================================================================================================
                                                                                                                         Instrument risk                                                                                                                         
=================================================================================================================================================================================================================================================================

             daily_price_stdev  annual_price_stdev     price  daily_perc_stdev  annual_perc_stdev  point_size_base  contract_exposure  daily_risk_per_contract  annual_risk_per_contract  position  capital  exposure_held_perc_capital  annual_risk_perc_capital
JPY                      0.000               0.001      0.01              0.61                9.8        9422086.9              60197                      368                      5891        -3   686195                       -26.3                      -2.6
BITCOIN               2650.872           42413.955  70320.00              3.77               60.3              0.1               5300                      199                      3197        -4   686195                        -3.1                      -1.9
SP500_micro             54.651             874.418   6608.00              0.83               13.2              3.8              24904                      205                      3295        -2   686195                        -7.3                      -1.0
HANG_mini              347.347            5557.550  25520.00              1.36               21.8              1.0              24546                      334                      5345        -1   686195                        -3.6                      -0.8
EUR_micro                0.006               0.090      1.16              0.48                7.7           9422.1              10957                       52                       846        -6   686195                        -9.6                      -0.7
GAS_US_mini              0.155               2.482      3.10              5.00               80.1           1884.4               5841                      292                      4676        -1   686195                        -0.9                      -0.7
US10                     0.332               5.309    111.42              0.30                4.8            753.8              83986                      250                      4001        -1   686195                       -12.2                      -0.6
V2X                      0.567               9.069     25.30              2.24               35.8             86.4               2186                       48                       783        -1   686195                        -0.3                      -0.1
DOW                    402.489            6439.826  46430.00              0.87               13.9              0.4              17498                      151                      2427         0   686195                         0.0                       0.0
MUMMY                   12.576             201.213    722.00              1.74               27.9              4.7               3407                       59                       949         1   686195                         0.5                       0.1
AUD_micro                0.004               0.071      0.71              0.63               10.1           7537.7               5333                       33                       538         4   686195                         3.1                       0.3
EU-OIL                   4.869              77.898    536.20              0.91               14.5             43.2              23169                      210                      3365         1   686195                         3.4                       0.5
BRE                      0.001               0.024      0.19              0.78               12.4          75376.7              14393                      111                      1787         2   686195                         4.2                       0.5
ZAR                      0.001               0.010      0.06              1.03               16.5         376883.5              22330                      229                      3674         1   686195                         3.3                       0.5
MXP                      0.000               0.007      0.06              0.76               12.1         376883.5              21067                      159                      2557         2   686195                         6.1                       0.7
NZD                      0.004               0.070      0.59              0.74               11.9          75376.7              44400                      329                      5270         1   686195                         6.5                       0.8
FTSECHINAA             127.842            2045.475  14809.00              0.86               13.8              0.8              11162                       96                      1541         4   686195                         6.5                       0.9
SOYOIL                   1.034              16.544     65.01              1.59               25.4            452.3              29401                      467                      7482         1   686195                         4.3                       1.1
KOSPI_mini              21.641             346.257    862.50              2.51               40.1             25.4              21868                      548                      8779         1   686195                         3.2                       1.3
EUROSTX                 68.117            1089.868   5555.00              1.23               19.6              8.6              48006                      588                      9418         1   686195                         7.0                       1.4
GASOILINE                0.053               0.842      2.90              1.81               29.0          31658.2              91887                     1665                     26644         1   686195                        13.4                       3.9

Sum of abs(notional exposure % capital) 124.8
Sum of abs(annualised risk % capital) 20.4
Net sum of annualised risk % capital 3.6 

==================================================================================================================================================================================================
                                                                                           Correlations                                                                                           
==================================================================================================================================================================================================

             EUR_micro   JPY  US10  BITCOIN  EU-OIL  GASOILINE  GAS_US_mini  SOYOIL  AUD_micro   MXP   NZD   ZAR   BRE   DOW  EUROSTX  FTSECHINAA  HANG_mini  KOSPI_mini  MUMMY  SP500_micro   V2X
EUR_micro         1.00  0.70  0.27     0.04   -0.24      -0.24         0.05   -0.01       0.57  0.57  0.70  0.51  0.35  0.09     0.12        0.08       0.43        0.21   0.02         0.09 -0.17
JPY               0.70  1.00  0.47    -0.05   -0.32      -0.30         0.04   -0.16       0.39  0.19  0.49  0.32  0.13  0.01    -0.05       -0.13       0.21       -0.01  -0.08        -0.07  0.08
US10              0.27  0.47  1.00    -0.21   -0.19      -0.29        -0.01   -0.06       0.05 -0.02  0.10  0.16  0.15  0.16     0.02       -0.11       0.12       -0.03  -0.10         0.06 -0.02
BITCOIN           0.04 -0.05 -0.21     1.00    0.25       0.24         0.30    0.15       0.23  0.12  0.18  0.15  0.19  0.27     0.20        0.28       0.14        0.12   0.26         0.44 -0.26
EU-OIL           -0.24 -0.32 -0.19     0.25    1.00       0.74         0.22    0.39       0.36  0.20  0.14  0.23  0.42  0.30     0.42        0.38       0.21        0.47   0.30         0.44 -0.27
GASOILINE        -0.24 -0.30 -0.29     0.24    0.74       1.00         0.26    0.56       0.22  0.05  0.00  0.01  0.28  0.07     0.10        0.32       0.10        0.18   0.24         0.23  0.02
GAS_US_mini       0.05  0.04 -0.01     0.30    0.22       0.26         1.00    0.24       0.19  0.03  0.12  0.01  0.26  0.03     0.06        0.08       0.22        0.15   0.11         0.21 -0.05
SOYOIL           -0.01 -0.16 -0.06     0.15    0.39       0.56         0.24    1.00       0.27  0.13  0.19  0.07  0.40  0.07     0.06        0.22       0.17        0.13   0.18         0.19 -0.03
AUD_micro         0.57  0.39  0.05     0.23    0.36       0.22         0.19    0.27       1.00  0.55  0.89  0.66  0.56  0.47     0.40        0.37       0.49        0.47   0.30         0.55 -0.42
MXP               0.57  0.19 -0.02     0.12    0.20       0.05         0.03    0.13       0.55  1.00  0.55  0.56  0.58  0.30     0.45        0.21       0.43        0.45   0.23         0.37 -0.48
NZD               0.70  0.49  0.10     0.18    0.14       0.00         0.12    0.19       0.89  0.55  1.00  0.63  0.46  0.32     0.29        0.23       0.45        0.38   0.26         0.37 -0.34
ZAR               0.51  0.32  0.16     0.15    0.23       0.01         0.01    0.07       0.66  0.56  0.63  1.00  0.53  0.49     0.63        0.26       0.51        0.49   0.27         0.55 -0.54
BRE               0.35  0.13  0.15     0.19    0.42       0.28         0.26    0.40       0.56  0.58  0.46  0.53  1.00  0.37     0.48        0.31       0.45        0.55   0.36         0.48 -0.46
DOW               0.09  0.01  0.16     0.27    0.30       0.07         0.03    0.07       0.47  0.30  0.32  0.49  0.37  1.00     0.66        0.41       0.33        0.36   0.37         0.89 -0.71
EUROSTX           0.12 -0.05  0.02     0.20    0.42       0.10         0.06    0.06       0.40  0.45  0.29  0.63  0.48  0.66     1.00        0.32       0.51        0.67   0.48         0.71 -0.79
FTSECHINAA        0.08 -0.13 -0.11     0.28    0.38       0.32         0.08    0.22       0.37  0.21  0.23  0.26  0.31  0.41     0.32        1.00       0.55        0.28   0.29         0.45 -0.33
HANG_mini         0.43  0.21  0.12     0.14    0.21       0.10         0.22    0.17       0.49  0.43  0.45  0.51  0.45  0.33     0.51        0.55       1.00        0.38   0.34         0.39 -0.43
KOSPI_mini        0.21 -0.01 -0.03     0.12    0.47       0.18         0.15    0.13       0.47  0.45  0.38  0.49  0.55  0.36     0.67        0.28       0.38        1.00   0.38         0.48 -0.56
MUMMY             0.02 -0.08 -0.10     0.26    0.30       0.24         0.11    0.18       0.30  0.23  0.26  0.27  0.36  0.37     0.48        0.29       0.34        0.38   1.00         0.40 -0.40
SP500_micro       0.09 -0.07  0.06     0.44    0.44       0.23         0.21    0.19       0.55  0.37  0.37  0.55  0.48  0.89     0.71        0.45       0.39        0.48   0.40         1.00 -0.76
V2X              -0.17  0.08 -0.02    -0.26   -0.27       0.02        -0.05   -0.03      -0.42 -0.48 -0.34 -0.54 -0.46 -0.71    -0.79       -0.33      -0.43       -0.56  -0.40        -0.76  1.00


********************************************************************************
                                 END OF REPORT                                  
********************************************************************************


