
********************************************************************************
                    Risk report produced on 03/12/2025 22:53                    
********************************************************************************


Total risk across all strategies, annualised percentage 11.7
Percentage of capital used for margin 42.5%

========================================
Risk per strategy, annualised percentage
========================================

                  risk
dynamic_TF_carry  11.7


===================
Risk by asset class
===================

Ags       1.0
Bond      1.2
Equity    7.6
FX        4.3
Metals    4.7
OilGas    0.8
Sector    0.9
dtype: float64


=====================================================
Beta loadings of asset class positions on asset class
=====================================================

Ags      -0.06
OilGas   -0.04
Sector    0.04
Metals    0.05
Bond      0.11
FX        0.22
Equity    0.66
dtype: float64


========================================================
Beta loadings of full portfolio positions on asset class
========================================================

Bond     -0.23
Ags      -0.09
OilGas    0.02
Metals    0.21
Sector    0.36
FX        0.68
Equity    0.76
dtype: float64


===================================================================================================================================================================================================================================================================
                                                                                                                          Instrument risk                                                                                                                          
===================================================================================================================================================================================================================================================================

               daily_price_stdev  annual_price_stdev     price  daily_perc_stdev  annual_perc_stdev  point_size_base  contract_exposure  daily_risk_per_contract  annual_risk_per_contract  position  capital  exposure_held_perc_capital  annual_risk_perc_capital
BITCOIN                 2952.324           47237.186  93385.00              3.16               50.6              0.1               7050                      222                      3566        -5   616235                        -5.7                      -2.9
JPY                        0.000               0.001      0.01              0.54                8.6        9437630.5              60901                      327                      5234        -2   616235                       -19.8                      -1.7
DAX                      204.814            3277.023  23731.00              0.86               13.8              0.9              20863                      180                      2881        -3   616235                       -10.2                      -1.4
KR10                       0.339               5.425    113.07              0.30                4.8            514.2              58136                      174                      2789        -3   616235                       -28.3                      -1.4
WHEAT                      7.226             115.615    581.75              1.24               19.9             37.8              21961                      272                      4364        -1   616235                        -3.6                      -0.7
KRWUSD_mini                0.003               0.056      0.68              0.51                8.2          18875.3              12848                       65                      1054        -4   616235                        -8.3                      -0.7
RICE                       0.157               2.518      9.90              1.59               25.4           1510.0              14949                      237                      3801        -1   616235                        -2.4                      -0.6
CRUDE_W_micro              0.946              15.134     58.70              1.61               25.8             75.5               4431                       71                      1142        -3   616235                        -2.2                      -0.6
GAS_US_mini                0.113               1.814      5.01              2.26               36.2           1887.5               9456                      213                      3423        -1   616235                        -1.5                      -0.6
EUR_micro                  0.004               0.060      1.17              0.32                5.1           9437.6              11073                       35                       568        -1   616235                        -1.8                      -0.1
AUD_micro                  0.003               0.047      0.66              0.45                7.1           7550.1               4983                       22                       356         1   616235                         0.8                       0.1
BRE                        0.001               0.017      0.19              0.57                9.0          75501.0              14130                       79                      1277         1   616235                         2.3                       0.2
CAD10                      0.364               5.817    122.34              0.30                4.8            540.6              66131                      196                      3144         1   616235                        10.7                       0.5
FTSECHINAA               154.285            2468.554  15075.00              1.02               16.4              0.8              11381                      116                      1863         2   616235                         3.7                       0.6
KOSPI_mini                 9.653             154.454    573.08              1.68               27.0             25.7              14732                      248                      3970         1   616235                         2.4                       0.6
US10U                      0.371               5.939    115.83              0.32                5.1            755.0              87451                      280                      4484         1   616235                        14.2                       0.7
MXP                        0.000               0.004      0.05              0.46                7.4         377505.2              20623                       95                      1521         3   616235                        10.0                       0.7
TOPIX                     33.546             536.734   3343.00              1.00               16.1              4.9              16222                      162                      2604         2   616235                         5.3                       0.8
EU-BASIC                   8.090             129.440    620.30              1.30               20.9             44.0              27267                      355                      5689         1   616235                         4.4                       0.9
RUSSELL                   33.767             540.272   2531.00              1.33               21.3              3.8               9554                      127                      2039         3   616235                         4.7                       1.0
GBP                        0.006               0.089      1.34              0.42                6.6          47188.2              62996                      261                      4187         2   616235                        20.4                       1.4
YENEUR                     0.746              11.929    181.02              0.41                6.6            606.6             109804                      452                      7236         2   616235                        35.6                       2.3
AEX                        7.354             117.660    950.10              0.77               12.4            175.8             167058                     1293                     20688         1   616235                        27.1                       3.4
SILVER                     0.982              15.719     58.96              1.67               26.7            755.0              44511                      741                     11867         2   616235                        14.4                       3.9
MIB                      356.098            5697.564  43485.00              0.82               13.1              4.4             191151                     1565                     25045         1   616235                        31.0                       4.1

Sum of abs(notional exposure % capital) 270.8
Sum of abs(annualised risk % capital) 31.9
Net sum of annualised risk % capital 10.5 

==================================================================================================================================================================================================================================
                                                                                                           Correlations                                                                                                           
==================================================================================================================================================================================================================================

               CAD10  KR10  US10U  EUR_micro   JPY  KRWUSD_mini   AEX  AUD_micro  BITCOIN   BRE   DAX  EU-BASIC  FTSECHINAA   GBP  KOSPI_mini   MIB   MXP  RUSSELL  SILVER  TOPIX  CRUDE_W_micro  YENEUR  GAS_US_mini  RICE  WHEAT
CAD10           1.00  0.51   0.73       0.02  0.35        -0.06  0.03      -0.05     0.00  0.05 -0.04     -0.15       -0.17  0.20       -0.15 -0.17 -0.11     0.02   -0.01  -0.13          -0.31   -0.40        -0.02 -0.12  -0.22
KR10            0.51  1.00   0.54       0.00  0.33         0.13 -0.13      -0.10     0.04 -0.20 -0.05     -0.25       -0.15  0.09       -0.26 -0.24 -0.11     0.14   -0.13  -0.23          -0.32   -0.40        -0.30  0.05  -0.44
US10U           0.73  0.54   1.00       0.08  0.40        -0.03 -0.02      -0.05    -0.19  0.07 -0.10     -0.15       -0.16  0.14       -0.27 -0.21 -0.16    -0.03   -0.09  -0.26          -0.27   -0.41        -0.04 -0.21  -0.32
EUR_micro       0.02  0.00   0.08       1.00  0.59         0.46 -0.06       0.57    -0.00  0.29  0.08     -0.01        0.12  0.77        0.11  0.05  0.38    -0.11    0.06   0.09          -0.18    0.18        -0.11  0.11   0.13
JPY             0.35  0.33   0.40       0.59  1.00         0.50 -0.07       0.31    -0.11  0.09 -0.05     -0.15       -0.01  0.49       -0.23 -0.10  0.03    -0.18    0.02  -0.27          -0.28   -0.66        -0.19  0.10   0.02
KRWUSD_mini    -0.06  0.13  -0.03       0.46  0.50         1.00  0.06       0.50    -0.00  0.19  0.16     -0.07        0.06  0.35        0.13  0.07  0.20     0.01   -0.03   0.02          -0.24   -0.17        -0.17  0.08   0.07
AEX             0.03 -0.13  -0.02      -0.06 -0.07         0.06  1.00       0.43     0.34  0.41  0.66      0.52        0.44  0.20        0.47  0.66  0.27     0.55    0.31   0.57           0.39    0.04         0.06 -0.19   0.04
AUD_micro      -0.05 -0.10  -0.05       0.57  0.31         0.50  0.43       1.00     0.35  0.52  0.61      0.51        0.45  0.70        0.46  0.60  0.47     0.40    0.34   0.55           0.14    0.16         0.07  0.10   0.18
BITCOIN         0.00  0.04  -0.19      -0.00 -0.11        -0.00  0.34       0.35     1.00  0.21  0.44      0.27        0.23  0.24        0.34  0.38  0.21     0.58    0.07   0.40           0.16    0.10        -0.01  0.03  -0.08
BRE             0.05 -0.20   0.07       0.29  0.09         0.19  0.41       0.52     0.21  1.00  0.36      0.34        0.36  0.42        0.43  0.49  0.54     0.31    0.28   0.44           0.23    0.13         0.24 -0.13   0.16
DAX            -0.04 -0.05  -0.10       0.08 -0.05         0.16  0.66       0.61     0.44  0.36  1.00      0.72        0.45  0.46        0.45  0.85  0.37     0.60    0.41   0.70           0.18    0.18         0.10 -0.01  -0.02
EU-BASIC       -0.15 -0.25  -0.15      -0.01 -0.15        -0.07  0.52       0.51     0.27  0.34  0.72      1.00        0.60  0.27        0.44  0.70  0.39     0.48    0.54   0.57           0.35    0.19         0.17  0.02   0.13
FTSECHINAA     -0.17 -0.15  -0.16       0.12 -0.01         0.06  0.44       0.45     0.23  0.36  0.45      0.60        1.00  0.26        0.29  0.54  0.33     0.32    0.25   0.48           0.45    0.15         0.06 -0.10   0.20
GBP             0.20  0.09   0.14       0.77  0.49         0.35  0.20       0.70     0.24  0.42  0.46      0.27        0.26  1.00        0.17  0.39  0.47     0.21    0.26   0.38          -0.11    0.14        -0.04  0.08  -0.01
KOSPI_mini     -0.15 -0.26  -0.27       0.11 -0.23         0.13  0.47       0.46     0.34  0.43  0.45      0.44        0.29  0.17        1.00  0.50  0.37     0.44    0.15   0.64           0.27    0.33         0.11 -0.11   0.20
MIB            -0.17 -0.24  -0.21       0.05 -0.10         0.07  0.66       0.60     0.38  0.49  0.85      0.70        0.54  0.39        0.50  1.00  0.40     0.51    0.36   0.74           0.40    0.19         0.11  0.00   0.06
MXP            -0.11 -0.11  -0.16       0.38  0.03         0.20  0.27       0.47     0.21  0.54  0.37      0.39        0.33  0.47        0.37  0.40  1.00     0.24    0.34   0.40           0.20    0.32         0.06 -0.07   0.17
RUSSELL         0.02  0.14  -0.03      -0.11 -0.18         0.01  0.55       0.40     0.58  0.31  0.60      0.48        0.32  0.21        0.44  0.51  0.24     1.00    0.25   0.57           0.16    0.11         0.01 -0.15  -0.11
SILVER         -0.01 -0.13  -0.09       0.06  0.02        -0.03  0.31       0.34     0.07  0.28  0.41      0.54        0.25  0.26        0.15  0.36  0.34     0.25    1.00   0.27           0.13    0.04         0.15  0.05   0.03
TOPIX          -0.13 -0.23  -0.26       0.09 -0.27         0.02  0.57       0.55     0.40  0.44  0.70      0.57        0.48  0.38        0.64  0.74  0.40     0.57    0.27   1.00           0.29    0.40         0.22 -0.04  -0.01
CRUDE_W_micro  -0.31 -0.32  -0.27      -0.18 -0.28        -0.24  0.39       0.14     0.16  0.23  0.18      0.35        0.45 -0.11        0.27  0.40  0.20     0.16    0.13   0.29           1.00    0.15         0.11  0.05   0.17
YENEUR         -0.40 -0.40  -0.41       0.18 -0.66        -0.17  0.04       0.16     0.10  0.13  0.18      0.19        0.15  0.14        0.33  0.19  0.32     0.11    0.04   0.40           0.15    1.00         0.13 -0.03   0.08
GAS_US_mini    -0.02 -0.30  -0.04      -0.11 -0.19        -0.17  0.06       0.07    -0.01  0.24  0.10      0.17        0.06 -0.04        0.11  0.11  0.06     0.01    0.15   0.22           0.11    0.13         1.00  0.06   0.19
RICE           -0.12  0.05  -0.21       0.11  0.10         0.08 -0.19       0.10     0.03 -0.13 -0.01      0.02       -0.10  0.08       -0.11  0.00 -0.07    -0.15    0.05  -0.04           0.05   -0.03         0.06  1.00   0.08
WHEAT          -0.22 -0.44  -0.32       0.13  0.02         0.07  0.04       0.18    -0.08  0.16 -0.02      0.13        0.20 -0.01        0.20  0.06  0.17    -0.11    0.03  -0.01           0.17    0.08         0.19  0.08   1.00


********************************************************************************
                                 END OF REPORT                                  
********************************************************************************


