
********************************************************************************
                    Risk report produced on 05/09/2023 22:52                    
********************************************************************************


Total risk across all strategies, annualised percentage 13.3
Percentage of capital used for margin 59.4%

========================================
Risk per strategy, annualised percentage
========================================

                  risk
dynamic_TF_carry  13.5


===================
Risk by asset class
===================

Ags       3.1
Bond      6.1
Equity    1.7
FX        4.9
OilGas    1.1
Sector    3.6
Vol       1.9
dtype: float64


=====================================================
Beta loadings of asset class positions on asset class
=====================================================

Bond     -1.22
FX       -0.49
Vol      -0.04
OilGas   -0.01
Equity    0.08
Ags       0.23
Sector    0.23
dtype: float64


========================================================
Beta loadings of full portfolio positions on asset class
========================================================

Bond     -1.67
FX       -0.67
Vol      -0.13
OilGas    0.01
Equity    0.21
Sector    0.25
Ags       0.39
dtype: float64


==================================================================================================================================================================================================================================================================
                                                                                                                         Instrument risk                                                                                                                          
==================================================================================================================================================================================================================================================================

              daily_price_stdev  annual_price_stdev     price  daily_perc_stdev  annual_perc_stdev  point_size_base  contract_exposure  daily_risk_per_contract  annual_risk_per_contract  position  capital  exposure_held_perc_capital  annual_risk_perc_capital
US3                       0.196               3.130    103.64              0.19                3.0           1585.8             164352                      310                      4963        -2   366432                       -89.7                      -2.7
BUND                      0.724              11.580    131.87              0.55                8.8            855.2             112777                      618                      9902        -1   366432                       -30.8                      -2.7
CHF                       0.005               0.079      1.13              0.44                7.0          99112.0             112239                      489                      7839        -1   366432                       -30.6                      -2.1
VIX                       0.543               8.690     16.20              3.35               53.6            792.9              12844                      430                      6890        -1   366432                        -3.5                      -1.9
JPY                       0.000               0.001      0.01              0.58                9.2        9911195.7              67807                      391                      6262        -1   366432                       -18.5                      -1.7
BOBL                      0.343               5.484    115.60              0.30                4.7            855.2              98863                      293                      4689        -1   366432                       -27.0                      -1.3
GAS_US_mini               0.122               1.958      2.76              4.43               70.9           1982.2               5470                      242                      3880        -1   366432                        -1.5                      -1.1
DAX                     130.598            2089.566  15824.00              0.83               13.2              0.9              13532                      111                      1787        -2   366432                        -7.4                      -1.0
FTSECHINAA              150.524            2408.380  12836.00              1.17               18.8              0.8              10177                      119                      1909         1   366432                         2.8                       0.5
SOYBEAN_mini             18.458             295.331   1368.12              1.35               21.6              7.9              10847                      146                      2341         1   366432                         3.0                       0.6
MXP                       0.000               0.006      0.06              0.65               10.4         396447.8              23025                      149                      2398         1   366432                         6.3                       0.7
KOSDAQ                   26.899             430.389   1436.50              1.87               30.0              6.0               8608                      161                      2579         1   366432                         2.3                       0.7
EU-AUTO                   7.329             117.261    597.50              1.23               19.6             42.8              25549                      313                      5014         1   366432                         7.0                       1.4
NIKKEI                  313.832            5021.311  32900.00              0.95               15.3              0.5              17762                      169                      2711         2   366432                         9.7                       1.5
CNH                       0.020               0.321      7.29              0.28                4.4          10868.1              79183                      217                      3487         2   366432                        43.2                       1.9
EU-OIL                    3.729              59.664    350.30              1.06               17.0             42.8              14979                      159                      2551         4   366432                        16.4                       2.8
LIVECOW                   1.099              17.577    180.02              0.61                9.8            317.2              57096                      348                      5574         2   366432                        31.2                       3.0

Sum of abs(notional exposure % capital) 330.9
Sum of abs(annualised risk % capital) 27.6
Net sum of annualised risk % capital -1.4 

===================================================================================================================================================
                                                                   Correlations                                                                    
===================================================================================================================================================

               DAX  EU-AUTO  EU-OIL  FTSECHINAA  GAS_US_mini  KOSDAQ  LIVECOW   MXP  NIKKEI  SOYBEAN_mini   CHF   JPY  BOBL  BUND   US3   CNH   VIX
DAX           1.00     0.81    0.53        0.21         0.12    0.46     0.29  0.53    0.66          0.09  0.30  0.06 -0.12  0.01 -0.14 -0.23 -0.65
EU-AUTO       0.81     1.00    0.43        0.13         0.08    0.45     0.32  0.52    0.56          0.12  0.08 -0.09 -0.31 -0.20 -0.35 -0.07 -0.56
EU-OIL        0.53     0.43    1.00        0.31         0.37    0.40     0.22  0.49    0.46          0.29  0.08 -0.01 -0.28 -0.22 -0.21 -0.17 -0.51
FTSECHINAA    0.21     0.13    0.31        1.00         0.19    0.15    -0.06  0.12    0.27          0.03  0.14  0.07 -0.03 -0.01  0.12 -0.48 -0.27
GAS_US_mini   0.12     0.08    0.37        0.19         1.00    0.12     0.13  0.05    0.22          0.16  0.06 -0.11 -0.09 -0.02 -0.06 -0.00 -0.22
KOSDAQ        0.46     0.45    0.40        0.15         0.12    1.00     0.32  0.35    0.50          0.35  0.14 -0.05 -0.06  0.02 -0.10 -0.14 -0.32
LIVECOW       0.29     0.32    0.22       -0.06         0.13    0.32     1.00  0.29    0.27          0.04  0.04 -0.10 -0.11 -0.07 -0.16  0.04 -0.39
MXP           0.53     0.52    0.49        0.12         0.05    0.35     0.29  1.00    0.51          0.28  0.19  0.00 -0.34 -0.24 -0.25 -0.06 -0.65
NIKKEI        0.66     0.56    0.46        0.27         0.22    0.50     0.27  0.51    1.00          0.23  0.01 -0.29 -0.14 -0.02 -0.32  0.00 -0.57
SOYBEAN_mini  0.09     0.12    0.29        0.03         0.16    0.35     0.04  0.28    0.23          1.00  0.21  0.04 -0.11 -0.05 -0.11 -0.06 -0.16
CHF           0.30     0.08    0.08        0.14         0.06    0.14     0.04  0.19    0.01          0.21  1.00  0.69  0.22  0.28  0.54 -0.49 -0.16
JPY           0.06    -0.09   -0.01        0.07        -0.11   -0.05    -0.10  0.00   -0.29          0.04  0.69  1.00  0.33  0.33  0.57 -0.57  0.03
BOBL         -0.12    -0.31   -0.28       -0.03        -0.09   -0.06    -0.11 -0.34   -0.14         -0.11  0.22  0.33  1.00  0.96  0.67 -0.28  0.33
BUND          0.01    -0.20   -0.22       -0.01        -0.02    0.02    -0.07 -0.24   -0.02         -0.05  0.28  0.33  0.96  1.00  0.62 -0.29  0.19
US3          -0.14    -0.35   -0.21        0.12        -0.06   -0.10    -0.16 -0.25   -0.32         -0.11  0.54  0.57  0.67  0.62  1.00 -0.47  0.30
CNH          -0.23    -0.07   -0.17       -0.48        -0.00   -0.14     0.04 -0.06    0.00         -0.06 -0.49 -0.57 -0.28 -0.29 -0.47  1.00  0.08
VIX          -0.65    -0.56   -0.51       -0.27        -0.22   -0.32    -0.39 -0.65   -0.57         -0.16 -0.16  0.03  0.33  0.19  0.30  0.08  1.00


********************************************************************************
                                 END OF REPORT                                  
********************************************************************************


