
********************************************************************************
                    Risk report produced on 23/02/2024 22:51                    
********************************************************************************


Total risk across all strategies, annualised percentage 11.1
Percentage of capital used for margin 53.0%

========================================
Risk per strategy, annualised percentage
========================================

                  risk
dynamic_TF_carry  11.1


===================
Risk by asset class
===================

Ags       0.7
Bond      3.9
Equity    6.4
FX        5.0
Metals    1.4
OilGas    0.9
Sector    0.6
dtype: float64


=====================================================
Beta loadings of asset class positions on asset class
=====================================================

Bond     -1.25
FX       -0.21
Ags      -0.05
OilGas   -0.01
Sector    0.04
Metals    0.06
Equity    0.59
dtype: float64


========================================================
Beta loadings of full portfolio positions on asset class
========================================================

Bond     -2.46
Ags      -0.01
OilGas    0.03
Metals    0.06
Sector    0.27
FX        0.28
Equity    0.85
dtype: float64


=================================================================================================================================================================================================================================================================
                                                                                                                         Instrument risk                                                                                                                         
=================================================================================================================================================================================================================================================================

             daily_price_stdev  annual_price_stdev     price  daily_perc_stdev  annual_perc_stdev  point_size_base  contract_exposure  daily_risk_per_contract  annual_risk_per_contract  position  capital  exposure_held_perc_capital  annual_risk_perc_capital
BOBL                     0.330               5.278    116.46              0.28                4.5            854.8              99551                      281                      4511        -2   390275                       -51.0                      -2.3
CHF                      0.005               0.084      1.14              0.46                7.4          98705.0             112252                      518                      8295        -1   390275                       -28.8                      -2.1
US2                      0.150               2.403    101.88              0.15                2.4           1579.3             160895                      237                      3795        -2   390275                       -82.5                      -1.9
JPY                      0.000               0.001      0.01              0.56                9.0        9870499.1              65821                      369                      5908        -1   390275                       -16.9                      -1.5
GAS_US_mini              0.115               1.848      1.70              6.81              109.0           1974.1               3346                      227                      3647        -1   390275                        -0.9                      -0.9
CORN                     4.563              73.014    449.50              1.02               16.2             39.5              17747                      180                      2882        -1   390275                        -4.5                      -0.7
EUR_micro                0.004               0.065      1.08              0.37                6.0           9870.5              10692                       39                       637        -3   390275                        -8.2                      -0.5
EU-OIL                   3.462              55.387    345.00              1.00               16.1             42.7              14745                      147                      2367         1   390275                         3.8                       0.6
CNH                      0.016               0.260      7.20              0.23                3.6          10957.3              78862                      178                      2850         1   390275                        20.2                       0.7
IRON                     2.464              39.427    120.05              2.05               32.8             79.0               9479                      194                      3113         1   390275                         2.4                       0.8
MXP                      0.000               0.005      0.06              0.51                8.2         394820.0              22982                      118                      1892         2   390275                        11.8                       1.0
BITCOIN               1141.161           18258.577  50955.00              2.24               35.8              0.1               4023                       90                      1441         3   390275                         3.1                       1.1
EUROSTX                 34.331             549.299   4881.00              0.70               11.3              8.5              41723                      293                      4695         1   390275                        10.7                       1.2
SP500_micro             38.976             623.609   5105.75              0.76               12.2              3.9              20158                      153                      2462         2   390275                        10.3                       1.3
YENEUR                   0.753              12.048    162.42              0.46                7.4            655.5             106467                      493                      7897         1   390275                        27.3                       2.0
R1000                   12.726             203.611   1684.60              0.76               12.1             39.5              66511                      502                      8038         1   390275                        17.0                       2.1
NIKKEI                 342.917            5486.667  39515.00              0.87               13.9              0.5              20721                      179                      2877         4   390275                        21.2                       2.9

Sum of abs(notional exposure % capital) 320.6
Sum of abs(annualised risk % capital) 23.6
Net sum of annualised risk % capital 3.8 

=================================================================================================================================================
                                                                  Correlations                                                                   
=================================================================================================================================================

             BOBL   JPY   US2  GAS_US_mini  NIKKEI  YENEUR  EU-OIL  EUROSTX   MXP  R1000  SP500_micro  BITCOIN   CHF  CORN  EUR_micro  IRON   CNH
BOBL         1.00  0.40  0.70        -0.11   -0.20   -0.38   -0.10     0.10 -0.02   0.08         0.07     0.12  0.31  0.03       0.15  0.15 -0.25
JPY          0.40  1.00  0.52        -0.17   -0.33   -0.64    0.01     0.16  0.10   0.20         0.19    -0.00  0.64  0.08       0.52  0.20 -0.58
US2          0.70  0.52  1.00         0.01   -0.37   -0.30   -0.25    -0.13 -0.14  -0.06        -0.03     0.08  0.41 -0.00       0.35  0.05 -0.36
GAS_US_mini -0.11 -0.17  0.01         1.00    0.14    0.28    0.18    -0.07  0.04   0.10         0.05    -0.06  0.11  0.09       0.13 -0.19  0.09
NIKKEI      -0.20 -0.33 -0.37         0.14    1.00    0.52    0.36     0.52  0.34   0.52         0.56     0.08 -0.04  0.09       0.17  0.09 -0.02
YENEUR      -0.38 -0.64 -0.30         0.28    0.52    1.00    0.02     0.20  0.26   0.19         0.24     0.14 -0.07  0.04       0.29 -0.14  0.13
EU-OIL      -0.10  0.01 -0.25         0.18    0.36    0.02    1.00     0.43  0.26   0.46         0.26    -0.02  0.14  0.15       0.10  0.13 -0.11
EUROSTX      0.10  0.16 -0.13        -0.07    0.52    0.20    0.43     1.00  0.56   0.76         0.72     0.20  0.34 -0.03       0.42  0.20 -0.32
MXP         -0.02  0.10 -0.14         0.04    0.34    0.26    0.26     0.56  1.00   0.51         0.49     0.09  0.30  0.09       0.43  0.25 -0.13
R1000        0.08  0.20 -0.06         0.10    0.52    0.19    0.46     0.76  0.51   1.00         0.89     0.19  0.36  0.06       0.46  0.29 -0.37
SP500_micro  0.07  0.19 -0.03         0.05    0.56    0.24    0.26     0.72  0.49   0.89         1.00     0.14  0.32  0.08       0.49  0.28 -0.37
BITCOIN      0.12 -0.00  0.08        -0.06    0.08    0.14   -0.02     0.20  0.09   0.19         0.14     1.00  0.10  0.06       0.16  0.03 -0.02
CHF          0.31  0.64  0.41         0.11   -0.04   -0.07    0.14     0.34  0.30   0.36         0.32     0.10  1.00  0.16       0.76  0.17 -0.45
CORN         0.03  0.08 -0.00         0.09    0.09    0.04    0.15    -0.03  0.09   0.06         0.08     0.06  0.16  1.00       0.15  0.16 -0.06
EUR_micro    0.15  0.52  0.35         0.13    0.17    0.29    0.10     0.42  0.43   0.46         0.49     0.16  0.76  0.15       1.00  0.09 -0.57
IRON         0.15  0.20  0.05        -0.19    0.09   -0.14    0.13     0.20  0.25   0.29         0.28     0.03  0.17  0.16       0.09  1.00 -0.31
CNH         -0.25 -0.58 -0.36         0.09   -0.02    0.13   -0.11    -0.32 -0.13  -0.37        -0.37    -0.02 -0.45 -0.06      -0.57 -0.31  1.00


********************************************************************************
                                 END OF REPORT                                  
********************************************************************************


