
********************************************************************************
                    Risk report produced on 04/06/2026 22:51                    
********************************************************************************


Total risk across all strategies, annualised percentage 12.7
Percentage of capital used for margin 36.4%

========================================
Risk per strategy, annualised percentage
========================================

                  risk
dynamic_TF_carry  12.6


===================
Risk by asset class
===================

Ags       1.3
Bond      2.9
Equity    8.8
FX        1.9
Metals    1.6
OilGas    4.7
Other     0.2
Sector    1.8
Vol       0.1
dtype: float64


=====================================================
Beta loadings of asset class positions on asset class
=====================================================

Bond     -0.36
Ags      -0.05
FX       -0.04
Metals   -0.03
Vol      -0.00
Other     0.01
OilGas    0.08
Sector    0.09
Equity    0.43
dtype: float64


========================================================
Beta loadings of full portfolio positions on asset class
========================================================

Vol      -0.10
Bond     -0.09
Metals    0.03
OilGas    0.06
Ags       0.06
FX        0.09
Other     0.14
Sector    0.29
Equity    0.38
dtype: float64


==================================================================================================================================================================================================================================================================
                                                                                                                         Instrument risk                                                                                                                          
==================================================================================================================================================================================================================================================================

              daily_price_stdev  annual_price_stdev     price  daily_perc_stdev  annual_perc_stdev  point_size_base  contract_exposure  daily_risk_per_contract  annual_risk_per_contract  position  capital  exposure_held_perc_capital  annual_risk_perc_capital
KR10                      0.492               7.875    106.43              0.46                7.4            486.9              51825                      239                      3834        -4   703630                       -29.5                      -2.2
BITCOIN                1916.122           30657.959  64005.00              2.99               47.9              0.1               4766                      142                      2283        -5   703630                        -3.4                      -1.6
BUXL                      0.818              13.094    108.54              0.75               12.1            864.6              93846                      707                     11321        -1   703630                       -13.3                      -1.6
JPY                       0.000               0.000      0.01              0.48                7.7        9309738.7              58218                      281                      4504        -2   703630                       -16.5                      -1.3
CHF                       0.006               0.092      1.27              0.45                7.2          93097.4             118038                      533                      8528        -1   703630                       -16.8                      -1.2
REDWHEAT                 11.269             180.304    648.00              1.74               27.8             37.2              24130                      419                      6714        -1   703630                        -3.4                      -1.0
LEANHOG                   1.257              20.111    101.62              1.24               19.8            297.9              30275                      374                      5991        -1   703630                        -4.3                      -0.9
KOSDAQ                   49.493             791.886   1890.20              2.62               41.9              4.9               9204                      241                      3856        -1   703630                        -1.3                      -0.5
GAS_US_mini               0.106               1.689      3.37              3.13               50.1           1861.9               6274                      196                      3144        -1   703630                        -0.9                      -0.4
HANGENT_mini            119.330            1909.275   8461.00              1.41               22.6              1.0               8042                      113                      1814        -1   703630                        -1.1                      -0.3
V2X                       0.514               8.217     19.30              2.66               42.6             86.5               1668                       44                       710        -1   703630                        -0.2                      -0.1
EUR_micro                 0.004               0.059      1.17              0.32                5.1           9309.7              10854                       34                       549        -1   703630                        -1.5                      -0.1
AUD_micro                 0.004               0.057      0.71              0.50                8.0           7447.8               5313                       26                       424         2   703630                         1.5                       0.1
RUBBER                    2.812              44.988    230.50              1.22               19.5             37.2               8583                      104                      1675         1   703630                         1.2                       0.2
RUSSELL                  33.276             532.421   2943.70              1.13               18.1              3.7              10962                      123                      1982         1   703630                         1.6                       0.3
MUMMY                    16.030             256.488    745.00              2.15               34.4              4.7               3470                       74                      1194         2   703630                         1.0                       0.3
ZAR                       0.000               0.007      0.06              0.74               11.8         372389.5              22818                      168                      2698         1   703630                         3.2                       0.4
MXP                       0.000               0.004      0.06              0.48                7.7         372389.5              21527                      103                      1652         2   703630                         6.1                       0.5
CANOLA                   10.108             161.730    783.00              1.29               20.7             10.7               8388                      108                      1732         2   703630                         2.4                       0.5
TOPIX                    46.544             744.707   3944.25              1.18               18.9              4.7              18373                      216                      3469         1   703630                         2.6                       0.5
CAD10                     0.452               7.238    120.28              0.38                6.0            535.7              64428                      242                      3876         1   703630                         9.2                       0.6
GBP                       0.005               0.084      1.34              0.39                6.3          46548.7              62468                      245                      3925         1   703630                         8.9                       0.6
NZD                       0.004               0.061      0.59              0.65               10.4          74477.9              43725                      284                      4544         1   703630                         6.2                       0.6
EU-OIL                    7.115             113.842    526.40              1.35               21.6             43.2              22757                      307                      4921         1   703630                         3.2                       0.7
EU-BASIC                 15.215             243.437    870.80              1.75               28.0             43.2              37645                      657                     10524         1   703630                         5.4                       1.5
CAC                      79.804            1276.868   8219.50              0.97               15.5              8.6              71068                      690                     11040         1   703630                        10.1                       1.6
MSCIEMASIA               16.962             271.394   1187.85              1.43               22.8             74.5              88468                     1263                     20212         1   703630                        12.6                       2.9
GASOILINE                 0.067               1.071      3.04              2.20               35.2          31280.7              95068                     2092                     33486         1   703630                        13.5                       4.8
MSCITAIWAN               29.203             467.245   2072.10              1.41               22.5             74.5             154325                     2174                     34799         1   703630                        21.9                       4.9

Sum of abs(notional exposure % capital) 202.8
Sum of abs(annualised risk % capital) 32.2
Net sum of annualised risk % capital 9.8 

================================================================================================================================================================================================================================================================
                                                                                                                          Correlations                                                                                                                          
================================================================================================================================================================================================================================================================

               CHF  EUR_micro   JPY  AUD_micro   CAC  EU-BASIC   GBP  HANGENT_mini  KOSDAQ  MSCIEMASIA  MSCITAIWAN   MXP   NZD  RUSSELL   ZAR  BITCOIN  BUXL  CAD10  KR10  LEANHOG  MUMMY  RUBBER  TOPIX  CANOLA  EU-OIL  GASOILINE  GAS_US_mini  REDWHEAT   V2X
CHF           1.00       0.85  0.71       0.53  0.11      0.17  0.72          0.36    0.34        0.33        0.09  0.50  0.66     0.10  0.41     0.10  0.17   0.24  0.32    -0.00   0.06   -0.00  -0.05   -0.08   -0.36      -0.30        -0.02      0.07 -0.19
EUR_micro     0.85       1.00  0.68       0.58  0.18      0.26  0.82          0.38    0.29        0.38        0.16  0.64  0.71     0.17  0.53     0.08  0.01   0.23  0.24     0.07   0.07    0.08   0.08   -0.12   -0.29      -0.27        -0.08      0.11 -0.27
JPY           0.71       0.68  1.00       0.36 -0.01      0.01  0.54          0.19    0.15        0.15       -0.06  0.22  0.46    -0.02  0.30     0.01  0.31   0.33  0.34     0.02  -0.06    0.10  -0.28   -0.09   -0.27      -0.24         0.00      0.06 -0.00
AUD_micro     0.53       0.58  0.36       1.00  0.37      0.55  0.70          0.48    0.51        0.67        0.50  0.61  0.86     0.45  0.69     0.29  0.05   0.16  0.19     0.21   0.33    0.40   0.37   -0.06    0.14       0.16         0.05      0.21 -0.45
CAC           0.11       0.18 -0.01       0.37  1.00      0.69  0.36          0.38    0.24        0.74        0.57  0.43  0.30     0.60  0.64     0.19  0.13   0.35  0.24     0.00   0.35    0.33   0.58   -0.17    0.22      -0.03        -0.03     -0.19 -0.78
EU-BASIC      0.17       0.26  0.01       0.55  0.69      1.00  0.40          0.43    0.28        0.73        0.57  0.51  0.48     0.64  0.69     0.13  0.16   0.33  0.13     0.24   0.20    0.46   0.47   -0.09    0.16      -0.04        -0.08      0.00 -0.68
GBP           0.72       0.82  0.54       0.70  0.36      0.40  1.00          0.35    0.41        0.53        0.35  0.65  0.80     0.36  0.62     0.25  0.06   0.25  0.27     0.08   0.18    0.19   0.24   -0.15   -0.11      -0.21        -0.05     -0.02 -0.45
HANGENT_mini  0.36       0.38  0.19       0.48  0.38      0.43  0.35          1.00    0.17        0.50        0.26  0.41  0.41     0.21  0.43     0.12  0.09   0.19  0.12     0.18   0.31    0.22   0.32    0.11   -0.01       0.09         0.22      0.07 -0.27
KOSDAQ        0.34       0.29  0.15       0.51  0.24      0.28  0.41          0.17    1.00        0.41        0.36  0.36  0.39     0.27  0.36     0.22  0.09   0.06  0.14     0.01   0.31    0.13   0.22   -0.04    0.16      -0.00        -0.01      0.29 -0.29
MSCIEMASIA    0.33       0.38  0.15       0.67  0.74      0.73  0.53          0.50    0.41        1.00        0.78  0.57  0.61     0.63  0.69     0.26  0.21   0.37  0.18     0.08   0.24    0.37   0.48   -0.05    0.17       0.06         0.00     -0.00 -0.77
MSCITAIWAN    0.09       0.16 -0.06       0.50  0.57      0.57  0.35          0.26    0.36        0.78        1.00  0.37  0.40     0.66  0.40     0.26  0.17   0.27  0.18     0.03   0.23    0.27   0.54   -0.04    0.13       0.10        -0.09     -0.03 -0.65
MXP           0.50       0.64  0.22       0.61  0.43      0.51  0.65          0.41    0.36        0.57        0.37  1.00  0.64     0.43  0.61     0.17 -0.02   0.11  0.08     0.16   0.28    0.13   0.40   -0.13    0.02      -0.06        -0.08      0.03 -0.54
NZD           0.66       0.71  0.46       0.86  0.30      0.48  0.80          0.41    0.39        0.61        0.40  0.64  1.00     0.36  0.65     0.16  0.04   0.19  0.11     0.13   0.18    0.25   0.27   -0.01   -0.09      -0.08        -0.01      0.14 -0.44
RUSSELL       0.10       0.17 -0.02       0.45  0.60      0.64  0.36          0.21    0.27        0.63        0.66  0.43  0.36     1.00  0.48     0.39  0.23   0.27  0.26     0.24   0.34    0.21   0.50   -0.13    0.10      -0.02        -0.17     -0.14 -0.70
ZAR           0.41       0.53  0.30       0.69  0.64      0.69  0.62          0.43    0.36        0.69        0.40  0.61  0.65     0.48  1.00     0.17  0.07   0.38  0.21     0.18   0.26    0.45   0.37   -0.17    0.08      -0.09        -0.09      0.07 -0.60
BITCOIN       0.10       0.08  0.01       0.29  0.19      0.13  0.25          0.12    0.22        0.26        0.26  0.17  0.16     0.39  0.17     1.00 -0.01  -0.05  0.19    -0.01   0.36    0.07   0.06   -0.10    0.24       0.26         0.16      0.10 -0.24
BUXL          0.17       0.01  0.31       0.05  0.13      0.16  0.06          0.09    0.09        0.21        0.17 -0.02  0.04     0.23  0.07    -0.01  1.00   0.63  0.41    -0.09   0.04    0.10  -0.02    0.07   -0.15      -0.20        -0.15     -0.09 -0.11
CAD10         0.24       0.23  0.33       0.16  0.35      0.33  0.25          0.19    0.06        0.37        0.27  0.11  0.19     0.27  0.38    -0.05  0.63   1.00  0.48    -0.08  -0.04    0.10   0.10   -0.08   -0.15      -0.33        -0.15     -0.12 -0.33
KR10          0.32       0.24  0.34       0.19  0.24      0.13  0.27          0.12    0.14        0.18        0.18  0.08  0.11     0.26  0.21     0.19  0.41   0.48  1.00    -0.10   0.09   -0.05  -0.06   -0.19   -0.21      -0.28        -0.08     -0.28 -0.20
LEANHOG      -0.00       0.07  0.02       0.21  0.00      0.24  0.08          0.18    0.01        0.08        0.03  0.16  0.13     0.24  0.18    -0.01 -0.09  -0.08 -0.10     1.00   0.12    0.17   0.05    0.15    0.18       0.12         0.02      0.01 -0.04
MUMMY         0.06       0.07 -0.06       0.33  0.35      0.20  0.18          0.31    0.31        0.24        0.23  0.28  0.18     0.34  0.26     0.36  0.04  -0.04  0.09     0.12   1.00    0.12   0.58   -0.10    0.10       0.11         0.04      0.20 -0.27
RUBBER       -0.00       0.08  0.10       0.40  0.33      0.46  0.19          0.22    0.13        0.37        0.27  0.13  0.25     0.21  0.45     0.07  0.10   0.10 -0.05     0.17   0.12    1.00   0.26    0.12    0.30       0.28         0.02      0.20 -0.13
TOPIX        -0.05       0.08 -0.28       0.37  0.58      0.47  0.24          0.32    0.22        0.48        0.54  0.40  0.27     0.50  0.37     0.06 -0.02   0.10 -0.06     0.05   0.58    0.26   1.00   -0.09    0.06       0.00        -0.12     -0.06 -0.55
CANOLA       -0.08      -0.12 -0.09      -0.06 -0.17     -0.09 -0.15          0.11   -0.04       -0.05       -0.04 -0.13 -0.01    -0.13 -0.17    -0.10  0.07  -0.08 -0.19     0.15  -0.10    0.12  -0.09    1.00    0.07       0.34         0.14      0.14  0.20
EU-OIL       -0.36      -0.29 -0.27       0.14  0.22      0.16 -0.11         -0.01    0.16        0.17        0.13  0.02 -0.09     0.10  0.08     0.24 -0.15  -0.15 -0.21     0.18   0.10    0.30   0.06    0.07    1.00       0.66         0.17      0.20 -0.06
GASOILINE    -0.30      -0.27 -0.24       0.16 -0.03     -0.04 -0.21          0.09   -0.00        0.06        0.10 -0.06 -0.08    -0.02 -0.09     0.26 -0.20  -0.33 -0.28     0.12   0.11    0.28   0.00    0.34    0.66       1.00         0.28      0.35  0.17
GAS_US_mini  -0.02      -0.08  0.00       0.05 -0.03     -0.08 -0.05          0.22   -0.01        0.00       -0.09 -0.08 -0.01    -0.17 -0.09     0.16 -0.15  -0.15 -0.08     0.02   0.04    0.02  -0.12    0.14    0.17       0.28         1.00     -0.03  0.12
REDWHEAT      0.07       0.11  0.06       0.21 -0.19      0.00 -0.02          0.07    0.29       -0.00       -0.03  0.03  0.14    -0.14  0.07     0.10 -0.09  -0.12 -0.28     0.01   0.20    0.20  -0.06    0.14    0.20       0.35        -0.03      1.00  0.20
V2X          -0.19      -0.27 -0.00      -0.45 -0.78     -0.68 -0.45         -0.27   -0.29       -0.77       -0.65 -0.54 -0.44    -0.70 -0.60    -0.24 -0.11  -0.33 -0.20    -0.04  -0.27   -0.13  -0.55    0.20   -0.06       0.17         0.12      0.20  1.00


********************************************************************************
                                 END OF REPORT                                  
********************************************************************************


