
********************************************************************************
           Risk report report produced on 2022-05-17 21:01:28.946858            
********************************************************************************


Total risk across all strategies, annualised percentage 9.9
Percentage of capital used for margin 23.5%

========================================
Risk per strategy, annualised percentage
========================================

                  risk
dynamic_TF_carry   9.9


==================================================================================================================================================================================================================================================================
                                                                                                                         Instrument risk                                                                                                                          
==================================================================================================================================================================================================================================================================

              daily_price_stdev  annual_price_stdev     price  daily_perc_stdev  annual_perc_stdev  point_size_base  contract_exposure  daily_risk_per_contract  annual_risk_per_contract  position  capital  exposure_held_perc_capital  annual_risk_perc_capital
GBPEUR                    0.004               0.064      0.85              0.47                7.6         125000.0             105756                      501                      8027        -1   391290                       -27.0                      -2.1
JPY                       0.000               0.001      0.01              0.61                9.8       10023253.9              77554                      473                      7574        -1   391290                       -19.8                      -1.9
NASDAQ_micro            278.758            4460.120  12488.25              2.23               35.7              1.6              20027                      447                      7152        -1   391290                        -5.1                      -1.8
GBP                       0.009               0.138      1.25              0.69               11.1          50116.3              62550                      432                      6922        -1   391290                       -16.0                      -1.8
SILVER                    0.447               7.159     21.70              2.06               33.0            801.9              17404                      358                      5740        -1   391290                        -4.4                      -1.5
KR10                      0.548               8.764    114.30              0.48                7.7            631.6              72190                      345                      5535        -1   391290                       -18.4                      -1.4
GOLD_micro               17.853             285.640   1819.40              0.98               15.7              8.0              14589                      143                      2290        -2   391290                        -7.5                      -1.2
DJSTX-SMALL               5.073              81.171    330.00              1.54               24.6             42.2              13939                      214                      3428        -1   391290                        -3.6                      -0.9
DAX                     203.535            3256.554  14195.00              1.43               22.9              0.8              11992                      171                      2751        -1   391290                        -3.1                      -0.7
DOW                     421.484            6743.739  32481.00              1.30               20.8              0.4              13022                      168                      2703        -1   391290                        -3.3                      -0.7
V2X                       1.104              17.659     29.05              3.80               60.8             84.5               2454                       93                      1491         1   391290                         0.6                       0.4
MXP                       0.000               0.005      0.05              0.68               10.9         400930.2              19982                      135                      2172         1   391290                         5.1                       0.6
NIKKEI400               222.203            3555.255  16935.00              1.31               21.0              0.6              10507                      137                      2205         1   391290                         2.7                       0.6
BRE                       0.003               0.041      0.20              1.27               20.2          80186.0              16121                      204                      3264         1   391290                         4.1                       0.8
EU-OIL                    6.666             106.650    335.20              1.99               31.8             42.2              14159                      281                      4505         1   391290                         3.6                       1.2
TOPIX                    24.075             385.198   1877.50              1.28               20.5              6.2              11649                      149                      2390         2   391290                         6.0                       1.2
IRON                      4.491              71.859    127.55              3.52               56.3             80.2              10227                      360                      5762         1   391290                         2.6                       1.5
CORN                      9.272             148.344    762.00              1.22               19.5             40.1              30550                      371                      5947         1   391290                         7.8                       1.5
SOYOIL                    1.183              18.936     78.50              1.51               24.1            481.1              37767                      569                      9110         1   391290                         9.7                       2.3
GAS_US_mini               0.303               4.848      8.36              3.62               58.0           2004.7              16758                      607                      9719         1   391290                         4.3                       2.5
SOYBEAN                  15.573             249.168   1528.00              1.02               16.3             40.1              61262                      624                      9989         1   391290                        15.7                       2.6
WHEAT                    18.787             300.591   1119.00              1.68               26.9             40.1              44864                      753                     12051         1   391290                        11.5                       3.1

Sum of abs(notional exposure % capital) 181.9
Sum of abs(annualised risk % capital) 32.3
Net sum of annualised risk % capital 4.3 

==============================================================================================================================================================================================
                                                                                         Correlations                                                                                         
==============================================================================================================================================================================================

               BRE  CORN  GAS_US_mini  GOLD_micro  IRON  SILVER  SOYBEAN  SOYOIL  WHEAT   V2X   DAX  DJSTX-SMALL   DOW  EU-OIL   GBP   MXP  NASDAQ_micro  NIKKEI400  TOPIX   JPY  KR10  GBPEUR
BRE           1.00  0.17         0.11        0.19  0.11    0.20     0.11    0.09   0.19 -0.01  0.10         0.10  0.15    0.12  0.16  0.20          0.16       0.13   0.13  0.03 -0.02   -0.02
CORN          0.17  1.00         0.13        0.15  0.17    0.13     0.38    0.31   0.35  0.12 -0.00         0.06  0.02    0.05  0.05  0.01         -0.02       0.01   0.01  0.06 -0.02   -0.13
GAS_US_mini   0.11  0.13         1.00        0.05  0.05    0.05     0.06    0.12   0.15  0.06 -0.04        -0.07  0.08    0.13  0.06  0.01          0.12       0.04   0.05 -0.07 -0.08   -0.10
GOLD_micro    0.19  0.15         0.05        1.00  0.13    0.47     0.17    0.17   0.22  0.08 -0.09         0.01  0.04    0.02  0.17  0.14          0.02      -0.01  -0.02  0.15 -0.04   -0.04
IRON          0.11  0.17         0.05        0.13  1.00    0.16     0.15    0.20   0.15  0.13 -0.10        -0.06  0.07    0.10  0.04  0.01         -0.02      -0.08  -0.08  0.04  0.00   -0.04
SILVER        0.20  0.13         0.05        0.47  0.16    1.00     0.14    0.17   0.21  0.06 -0.03         0.07  0.08    0.06  0.24  0.15          0.08       0.02   0.01  0.15 -0.02   -0.05
SOYBEAN       0.11  0.38         0.06        0.17  0.15    0.14     1.00    0.40   0.33  0.06  0.03         0.08  0.05    0.07  0.15  0.06         -0.06       0.02   0.02  0.02 -0.05   -0.15
SOYOIL        0.09  0.31         0.12        0.17  0.20    0.17     0.40    1.00   0.28  0.11 -0.03         0.02  0.03    0.10  0.13  0.04         -0.11      -0.04  -0.04  0.01 -0.04   -0.11
WHEAT         0.19  0.35         0.15        0.22  0.15    0.21     0.33    0.28   1.00  0.20 -0.12        -0.09 -0.02    0.03 -0.01 -0.04         -0.06      -0.09  -0.10  0.04 -0.03   -0.16
V2X          -0.01  0.12         0.06        0.08  0.13    0.06     0.06    0.11   0.20  1.00 -0.33        -0.28 -0.30   -0.22 -0.15 -0.29         -0.24      -0.26  -0.27  0.07  0.03   -0.05
DAX           0.10 -0.00        -0.04       -0.09 -0.10   -0.03     0.03   -0.03  -0.12 -0.33  1.00         0.46  0.30    0.20  0.20  0.30          0.28       0.37   0.35 -0.03  0.08    0.13
DJSTX-SMALL   0.10  0.06        -0.07        0.01 -0.06    0.07     0.08    0.02  -0.09 -0.28  0.46         1.00  0.29    0.15  0.29  0.28          0.28       0.35   0.34 -0.03  0.09    0.05
DOW           0.15  0.02         0.08        0.04  0.07    0.08     0.05    0.03  -0.02 -0.30  0.30         0.29  1.00    0.27  0.27  0.29          0.43       0.30   0.32 -0.03  0.03    0.04
EU-OIL        0.12  0.05         0.13        0.02  0.10    0.06     0.07    0.10   0.03 -0.22  0.20         0.15  0.27    1.00  0.20  0.24          0.16       0.20   0.23 -0.05 -0.10    0.01
GBP           0.16  0.05         0.06        0.17  0.04    0.24     0.15    0.13  -0.01 -0.15  0.20         0.29  0.27    0.20  1.00  0.29          0.25       0.21   0.23  0.13  0.02   -0.14
MXP           0.20  0.01         0.01        0.14  0.01    0.15     0.06    0.04  -0.04 -0.29  0.30         0.28  0.29    0.24  0.29  1.00          0.23       0.33   0.33  0.08  0.05    0.11
NASDAQ_micro  0.16 -0.02         0.12        0.02 -0.02    0.08    -0.06   -0.11  -0.06 -0.24  0.28         0.28  0.43    0.16  0.25  0.23          1.00       0.31   0.33  0.04  0.11    0.05
NIKKEI400     0.13  0.01         0.04       -0.01 -0.08    0.02     0.02   -0.04  -0.09 -0.26  0.37         0.35  0.30    0.20  0.21  0.33          0.31       1.00   0.49 -0.09  0.03    0.12
TOPIX         0.13  0.01         0.05       -0.02 -0.08    0.01     0.02   -0.04  -0.10 -0.27  0.35         0.34  0.32    0.23  0.23  0.33          0.33       0.49   1.00 -0.06  0.04    0.09
JPY           0.03  0.06        -0.07        0.15  0.04    0.15     0.02    0.01   0.04  0.07 -0.03        -0.03 -0.03   -0.05  0.13  0.08          0.04      -0.09  -0.06  1.00  0.25    0.04
KR10         -0.02 -0.02        -0.08       -0.04  0.00   -0.02    -0.05   -0.04  -0.03  0.03  0.08         0.09  0.03   -0.10  0.02  0.05          0.11       0.03   0.04  0.25  1.00   -0.00
GBPEUR       -0.02 -0.13        -0.10       -0.04 -0.04   -0.05    -0.15   -0.11  -0.16 -0.05  0.13         0.05  0.04    0.01 -0.14  0.11          0.05       0.12   0.09  0.04 -0.00    1.00


********************************************************************************
                                 END OF REPORT                                  
********************************************************************************


