
********************************************************************************
                    Risk report produced on 13/10/2025 22:53                    
********************************************************************************


Total risk across all strategies, annualised percentage 20.5
Percentage of capital used for margin 45.6%

========================================
Risk per strategy, annualised percentage
========================================

                  risk
dynamic_TF_carry  20.4


===================
Risk by asset class
===================

Ags        3.9
Bond       1.6
Equity    14.8
FX         3.2
Metals     5.4
OilGas     0.4
dtype: float64


=====================================================
Beta loadings of asset class positions on asset class
=====================================================

FX       -0.06
OilGas   -0.01
Ags       0.17
Metals    0.22
Bond      0.38
Equity    1.16
dtype: float64


========================================================
Beta loadings of full portfolio positions on asset class
========================================================

OilGas    0.06
Bond      0.13
Metals    0.41
Ags       0.55
FX        1.10
Equity    1.31
dtype: float64


===================================================================================================================================================================================================================================================================
                                                                                                                          Instrument risk                                                                                                                          
===================================================================================================================================================================================================================================================================

               daily_price_stdev  annual_price_stdev     price  daily_perc_stdev  annual_perc_stdev  point_size_base  contract_exposure  daily_risk_per_contract  annual_risk_per_contract  position  capital  exposure_held_perc_capital  annual_risk_perc_capital
JPY                        0.000               0.001      0.01              0.66               10.6        9371017.3              61928                      409                      6549        -2   621377                       -19.9                      -2.1
SP500_micro               63.548            1016.764   6685.50              0.95               15.2              3.7              25059                      238                      3811        -3   621377                       -12.1                      -1.8
WHEAT                      6.306             100.902    496.75              1.27               20.3             37.5              18620                      236                      3782        -1   621377                        -3.0                      -0.6
RICE                       0.152               2.431     11.01              1.38               22.1           1499.4              16507                      227                      3645        -1   621377                        -2.7                      -0.6
CRUDE_W_micro              1.067              17.065     58.94              1.81               29.0             75.0               4418                       79                      1279        -2   621377                        -1.4                      -0.4
KRWUSD_mini                0.004               0.059      0.70              0.52                8.3          18742.0              13149                       68                      1096        -2   621377                        -4.2                      -0.4
EUR_micro                  0.005               0.077      1.16              0.41                6.6           9371.0              10883                       45                       720        -1   621377                        -1.8                      -0.1
MXP                        0.000               0.005      0.05              0.54                8.6         374840.7              20173                      108                      1732         1   621377                         3.2                       0.3
GBP                        0.005               0.085      1.33              0.40                6.4          46855.1              62500                      248                      3975         1   621377                        10.1                       0.6
OAT                        0.363               5.810    122.09              0.30                4.8            870.4             106265                      316                      5057         1   621377                        17.1                       0.8
LEANHOG                    1.119              17.899     84.82              1.32               21.1            299.9              25436                      335                      5367         1   621377                         4.1                       0.9
FTSECHINAA               238.426            3814.814  14817.00              1.61               25.7              0.7              11108                      178                      2859         2   621377                         3.6                       0.9
CAD10                      0.338               5.411    122.42              0.28                4.4            535.4              65547                      181                      2897         2   621377                        21.1                       0.9
YENEUR                     0.858              13.723    175.70              0.49                7.8            615.1             108074                      527                      8441         1   621377                        17.4                       1.4
PLAT                      27.841             445.449   1681.10              1.66               26.5             37.5              63014                     1043                     16697         1   621377                        10.1                       2.7
SILVER                     0.823              13.166     50.60              1.63               26.0            749.7              37930                      616                      9870         2   621377                        12.2                       3.2
FEEDCOW                    3.657              58.517    376.35              0.97               15.5            374.8             141071                     1370                     21934         1   621377                        22.7                       3.5
AEX                        9.293             148.693    951.80              0.98               15.6            174.1             165686                     1617                     25883         1   621377                        26.7                       4.2
MIB                      379.815            6077.044  41855.00              0.91               14.5              4.4             182149                     1652                     26446         1   621377                        29.3                       4.3
MSCIEAFA                  22.201             355.222   2768.90              0.80               12.8             37.5             103789                      832                     13315         2   621377                        33.4                       4.3
MSCITAIWAN                12.703             203.244   1170.80              1.08               17.4             75.0              87772                      952                     15236         2   621377                        28.3                       4.9

Sum of abs(notional exposure % capital) 284.4
Sum of abs(annualised risk % capital) 38.9
Net sum of annualised risk % capital 26.9 

===================================================================================================================================================================================================
                                                                                           Correlations                                                                                            
===================================================================================================================================================================================================

               CAD10  EUR_micro   GBP   JPY  KRWUSD_mini   OAT   AEX  FTSECHINAA  LEANHOG   MIB  MSCIEAFA  MSCITAIWAN   MXP  PLAT  SILVER  SP500_micro  RICE  WHEAT  CRUDE_W_micro  FEEDCOW  YENEUR
CAD10           1.00       0.21  0.38  0.41         0.27  0.58  0.17       -0.03     0.02  0.23      0.32        0.14 -0.07 -0.03    0.08         0.00 -0.11  -0.13          -0.21    -0.13   -0.32
EUR_micro       0.21       1.00  0.78  0.64         0.56  0.16 -0.04        0.04     0.13  0.01      0.39        0.02  0.34  0.34    0.29        -0.24  0.15   0.12          -0.42    -0.09    0.14
GBP             0.38       0.78  1.00  0.53         0.62  0.23  0.28        0.28     0.22  0.33      0.62        0.26  0.33  0.24    0.41         0.00  0.13   0.03          -0.33    -0.06    0.09
JPY             0.41       0.64  0.53  1.00         0.51  0.42 -0.10       -0.08     0.15 -0.03      0.22       -0.20  0.03 -0.01    0.06        -0.27  0.13   0.15          -0.36    -0.24   -0.65
KRWUSD_mini     0.27       0.56  0.62  0.51         1.00  0.31  0.26        0.18     0.23  0.27      0.43        0.26  0.28  0.17    0.20         0.02  0.14   0.21          -0.08    -0.08   -0.11
OAT             0.58       0.16  0.23  0.42         0.31  1.00  0.07       -0.07     0.10  0.04      0.28       -0.05  0.13  0.09    0.09         0.04 -0.04   0.10          -0.22    -0.23   -0.40
AEX             0.17      -0.04  0.28 -0.10         0.26  0.07  1.00        0.40     0.28  0.88      0.58        0.73  0.13  0.22    0.41         0.33 -0.16   0.01           0.37     0.28    0.08
FTSECHINAA     -0.03       0.04  0.28 -0.08         0.18 -0.07  0.40        1.00     0.25  0.37      0.25        0.25  0.24  0.12    0.26         0.17 -0.08   0.11           0.12     0.17    0.14
LEANHOG         0.02       0.13  0.22  0.15         0.23  0.10  0.28        0.25     1.00  0.32      0.11        0.19  0.18  0.14    0.25         0.00  0.15   0.14           0.23     0.12   -0.07
MIB             0.23       0.01  0.33 -0.03         0.27  0.04  0.88        0.37     0.32  1.00      0.59        0.67  0.15  0.17    0.40         0.25 -0.13   0.01           0.32     0.34    0.04
MSCIEAFA        0.32       0.39  0.62  0.22         0.43  0.28  0.58        0.25     0.11  0.59      1.00        0.44  0.37  0.32    0.47         0.50 -0.19   0.06          -0.05     0.13    0.11
MSCITAIWAN      0.14       0.02  0.26 -0.20         0.26 -0.05  0.73        0.25     0.19  0.67      0.44        1.00  0.27  0.27    0.41         0.36 -0.13  -0.14           0.37     0.23    0.29
MXP            -0.07       0.34  0.33  0.03         0.28  0.13  0.13        0.24     0.18  0.15      0.37        0.27  1.00  0.33    0.32         0.26 -0.04   0.09          -0.00     0.15    0.28
PLAT           -0.03       0.34  0.24 -0.01         0.17  0.09  0.22        0.12     0.14  0.17      0.32        0.27  0.33  1.00    0.69         0.07 -0.05   0.07          -0.01     0.17    0.31
SILVER          0.08       0.29  0.41  0.06         0.20  0.09  0.41        0.26     0.25  0.40      0.47        0.41  0.32  0.69    1.00         0.18  0.01   0.13           0.12     0.24    0.21
SP500_micro     0.00      -0.24  0.00 -0.27         0.02  0.04  0.33        0.17     0.00  0.25      0.50        0.36  0.26  0.07    0.18         1.00 -0.12  -0.11           0.14     0.09    0.09
RICE           -0.11       0.15  0.13  0.13         0.14 -0.04 -0.16       -0.08     0.15 -0.13     -0.19       -0.13 -0.04 -0.05    0.01        -0.12  1.00   0.07          -0.02    -0.09   -0.04
WHEAT          -0.13       0.12  0.03  0.15         0.21  0.10  0.01        0.11     0.14  0.01      0.06       -0.14  0.09  0.07    0.13        -0.11  0.07   1.00           0.29    -0.09   -0.05
CRUDE_W_micro  -0.21      -0.42 -0.33 -0.36        -0.08 -0.22  0.37        0.12     0.23  0.32     -0.05        0.37 -0.00 -0.01    0.12         0.14 -0.02   0.29           1.00     0.32    0.09
FEEDCOW        -0.13      -0.09 -0.06 -0.24        -0.08 -0.23  0.28        0.17     0.12  0.34      0.13        0.23  0.15  0.17    0.24         0.09 -0.09  -0.09           0.32     1.00    0.20
YENEUR         -0.32       0.14  0.09 -0.65        -0.11 -0.40  0.08        0.14    -0.07  0.04      0.11        0.29  0.28  0.31    0.21         0.09 -0.04  -0.05           0.09     0.20    1.00


********************************************************************************
                                 END OF REPORT                                  
********************************************************************************


