
********************************************************************************
                    Risk report produced on 19/06/2025 22:53                    
********************************************************************************


Total risk across all strategies, annualised percentage 12.3
Percentage of capital used for margin 46.1%

========================================
Risk per strategy, annualised percentage
========================================

                  risk
dynamic_TF_carry  12.3


===================
Risk by asset class
===================

Ags       3.8
Bond      1.2
Equity    5.6
FX        3.6
Metals    2.5
OilGas    4.7
dtype: float64


=====================================================
Beta loadings of asset class positions on asset class
=====================================================

OilGas   -0.07
Bond      0.00
Metals    0.03
FX        0.19
Ags       0.21
Equity    0.33
dtype: float64


========================================================
Beta loadings of full portfolio positions on asset class
========================================================

OilGas   -0.07
Bond     -0.02
Metals    0.25
FX        0.31
Ags       0.31
Equity    0.48
dtype: float64


==================================================================================================================================================================================================================================================================
                                                                                                                         Instrument risk                                                                                                                          
==================================================================================================================================================================================================================================================================

              daily_price_stdev  annual_price_stdev     price  daily_perc_stdev  annual_perc_stdev  point_size_base  contract_exposure  daily_risk_per_contract  annual_risk_per_contract  position  capital  exposure_held_perc_capital  annual_risk_perc_capital
DX                        0.421               6.737     98.44              0.43                6.8            746.7              73500                      314                      5030        -4   537769                       -54.7                      -3.7
GAS-PEN                   0.115               1.841      4.08              2.82               45.1           7466.5              30478                      859                     13744        -1   537769                        -5.7                      -2.6
GAS_US_mini               0.116               1.862      4.08              2.86               45.7           1866.6               7606                      217                      3475        -2   537769                        -2.8                      -1.3
JPY                       0.000               0.001      0.01              0.66               10.6        9333129.2              64799                      430                      6891        -1   537769                       -12.0                      -1.3
US10U                     0.524               8.377    112.77              0.46                7.4            746.7              84196                      390                      6254        -1   537769                       -15.7                      -1.2
WHEAT                     9.456             151.303    611.25              1.55               24.8             37.3              22819                      353                      5648        -1   537769                        -4.2                      -1.1
DOW                     405.168            6482.693  42527.00              0.95               15.2              0.4              15876                      151                      2420        -2   537769                        -5.9                      -0.9
COPPER-micro              0.074               1.187      4.91              1.51               24.2           1866.6               9162                      138                      2216        -2   537769                        -3.4                      -0.8
RICE                      0.178               2.851     13.76              1.29               20.7           1493.3              20555                      266                      4257        -1   537769                        -3.8                      -0.8
IRON                      1.133              18.127     91.55              1.24               19.8             74.7               6835                       84                      1353        -2   537769                        -2.5                      -0.5
RUSSELL                  27.033             432.520   2131.40              1.27               20.3              3.7               7957                      100                      1614        -1   537769                        -1.5                      -0.3
MUMMY                     9.945             159.123    753.00              1.32               21.1              5.1               3874                       51                       818         1   537769                         0.7                       0.2
MXP                       0.000               0.005      0.05              0.58                9.2         373325.2              19401                      111                      1790         1   537769                         3.6                       0.3
TOPIX                    29.346             469.532   2793.50              1.05               16.8              5.1              14372                      150                      2415         1   537769                         2.7                       0.4
CAD                       0.003               0.043      0.73              0.36                5.8          74665.0              54688                      198                      3183         1   537769                        10.2                       0.6
MSCISING                  3.844              61.500    403.35              0.95               15.2             58.0              23384                      222                      3565         1   537769                         4.3                       0.7
NIKKEI                  458.014            7328.232  38575.00              1.19               19.0              0.5              19846                      235                      3770         1   537769                         3.7                       0.7
CANOLA                    8.697             139.159    744.20              1.17               18.7             10.9               8100                       94                      1514         3   537769                         4.5                       0.8
LEANHOG                   0.998              15.969     95.15              1.05               16.8            298.7              28417                      298                      4769         1   537769                         5.3                       0.9
BTP                       0.413               6.612    120.62              0.34                5.5            855.4             103179                      353                      5655         1   537769                        19.2                       1.1
PLAT                     26.595             425.526   1323.50              2.01               32.2             37.3              49409                      992                     15885         1   537769                         9.2                       3.0
FEEDCOW                   2.903              46.445    303.80              0.96               15.3            373.3             113416                     1083                     17339         1   537769                        21.1                       3.2
BRENT-LAST                1.472              23.557     73.58              2.00               32.0            746.7              54938                     1099                     17588         1   537769                        10.2                       3.3
MIB                     377.601            6041.623  39025.00              0.97               15.5              4.3             166911                     1615                     25840         1   537769                        31.0                       4.8

Sum of abs(notional exposure % capital) 237.9
Sum of abs(annualised risk % capital) 34.5
Net sum of annualised risk % capital 5.5 

=========================================================================================================================================================================================================
                                                                                              Correlations                                                                                               
=========================================================================================================================================================================================================

               JPY  US10U   BTP   CAD  CANOLA  IRON  RICE  WHEAT  BRENT-LAST  COPPER-micro   DOW  FEEDCOW  LEANHOG   MIB  MSCISING  MUMMY   MXP  NIKKEI  PLAT  RUSSELL  TOPIX  GAS-PEN  GAS_US_mini    DX
JPY           1.00   0.46  0.35  0.42   -0.13  0.03  0.24   0.15       -0.28          0.08 -0.19    -0.34     0.06 -0.18     -0.17  -0.16 -0.06   -0.40 -0.01    -0.24  -0.38    -0.23        -0.26 -0.63
US10U         0.46   1.00  0.41 -0.03   -0.16  0.06 -0.10  -0.24       -0.18         -0.06 -0.02    -0.27    -0.14 -0.09     -0.10  -0.28 -0.16   -0.37 -0.06     0.01  -0.33     0.06         0.03 -0.14
BTP           0.35   0.41  1.00  0.28    0.04  0.19  0.05  -0.04       -0.09          0.11  0.24    -0.10    -0.04  0.14      0.13   0.15  0.16    0.07  0.17     0.28   0.05    -0.23        -0.24 -0.04
CAD           0.42  -0.03  0.28  1.00    0.09 -0.00  0.08   0.37       -0.08          0.21 -0.02     0.01     0.23 -0.03     -0.03   0.22  0.29    0.14  0.17     0.04   0.06    -0.04        -0.03 -0.62
CANOLA       -0.13  -0.16  0.04  0.09    1.00  0.04 -0.08   0.14        0.15         -0.06  0.03    -0.04     0.19  0.04     -0.06   0.03 -0.06    0.06  0.14    -0.01   0.06     0.06         0.07 -0.00
IRON          0.03   0.06  0.19 -0.00    0.04  1.00  0.05   0.05        0.22          0.27  0.11     0.11     0.05  0.17      0.09   0.07  0.02    0.11  0.14     0.19   0.08    -0.12        -0.12 -0.00
RICE          0.24  -0.10  0.05  0.08   -0.08  0.05  1.00   0.08        0.08          0.18 -0.02     0.18     0.07  0.04      0.10   0.02 -0.06   -0.06  0.18    -0.05  -0.05    -0.01        -0.04 -0.24
WHEAT         0.15  -0.24 -0.04  0.37    0.14  0.05  0.08   1.00        0.01          0.24 -0.07    -0.09     0.29  0.04      0.01   0.03  0.24    0.01  0.19    -0.04  -0.00     0.04         0.02 -0.20
BRENT-LAST   -0.28  -0.18 -0.09 -0.08    0.15  0.22  0.08   0.01        1.00          0.48  0.22     0.31     0.31  0.40      0.38   0.44  0.24    0.40  0.39     0.25   0.39     0.12         0.16  0.20
COPPER-micro  0.08  -0.06  0.11  0.21   -0.06  0.27  0.18   0.24        0.48          1.00  0.41     0.35     0.37  0.66      0.62   0.59  0.33    0.52  0.61     0.36   0.54     0.11         0.14 -0.12
DOW          -0.19  -0.02  0.24 -0.02    0.03  0.11 -0.02  -0.07        0.22          0.41  1.00     0.36     0.32  0.74      0.72   0.60  0.20    0.70  0.28     0.86   0.68     0.13         0.11  0.18
FEEDCOW      -0.34  -0.27 -0.10  0.01   -0.04  0.11  0.18  -0.09        0.31          0.35  0.36     1.00     0.33  0.42      0.46   0.42  0.31    0.51  0.35     0.33   0.50     0.19         0.23 -0.03
LEANHOG       0.06  -0.14 -0.04  0.23    0.19  0.05  0.07   0.29        0.31          0.37  0.32     0.33     1.00  0.32      0.28   0.33  0.17    0.26  0.31     0.31   0.25    -0.02         0.00 -0.22
MIB          -0.18  -0.09  0.14 -0.03    0.04  0.17  0.04   0.04        0.40          0.66  0.74     0.42     0.32  1.00      0.84   0.70  0.37    0.76  0.45     0.65   0.79     0.10         0.15  0.08
MSCISING     -0.17  -0.10  0.13 -0.03   -0.06  0.09  0.10   0.01        0.38          0.62  0.72     0.46     0.28  0.84      1.00   0.73  0.34    0.74  0.42     0.69   0.78     0.22         0.24  0.07
MUMMY        -0.16  -0.28  0.15  0.22    0.03  0.07  0.02   0.03        0.44          0.59  0.60     0.42     0.33  0.70      0.73   1.00  0.35    0.85  0.39     0.55   0.86     0.10         0.13 -0.03
MXP          -0.06  -0.16  0.16  0.29   -0.06  0.02 -0.06   0.24        0.24          0.33  0.20     0.31     0.17  0.37      0.34   0.35  1.00    0.44  0.42     0.26   0.41     0.03         0.06 -0.19
NIKKEI       -0.40  -0.37  0.07  0.14    0.06  0.11 -0.06   0.01        0.40          0.52  0.70     0.51     0.26  0.76      0.74   0.85  0.44    1.00  0.37     0.67   0.97     0.16         0.19  0.09
PLAT         -0.01  -0.06  0.17  0.17    0.14  0.14  0.18   0.19        0.39          0.61  0.28     0.35     0.31  0.45      0.42   0.39  0.42    0.37  1.00     0.32   0.35    -0.02         0.01 -0.07
RUSSELL      -0.24   0.01  0.28  0.04   -0.01  0.19 -0.05  -0.04        0.25          0.36  0.86     0.33     0.31  0.65      0.69   0.55  0.26    0.67  0.32     1.00   0.62     0.06         0.02  0.14
TOPIX        -0.38  -0.33  0.05  0.06    0.06  0.08 -0.05  -0.00        0.39          0.54  0.68     0.50     0.25  0.79      0.78   0.86  0.41    0.97  0.35     0.62   1.00     0.20         0.23  0.11
GAS-PEN      -0.23   0.06 -0.23 -0.04    0.06 -0.12 -0.01   0.04        0.12          0.11  0.13     0.19    -0.02  0.10      0.22   0.10  0.03    0.16 -0.02     0.06   0.20     1.00         0.97  0.07
GAS_US_mini  -0.26   0.03 -0.24 -0.03    0.07 -0.12 -0.04   0.02        0.16          0.14  0.11     0.23     0.00  0.15      0.24   0.13  0.06    0.19  0.01     0.02   0.23     0.97         1.00  0.08
DX           -0.63  -0.14 -0.04 -0.62   -0.00 -0.00 -0.24  -0.20        0.20         -0.12  0.18    -0.03    -0.22  0.08      0.07  -0.03 -0.19    0.09 -0.07     0.14   0.11     0.07         0.08  1.00


********************************************************************************
                                 END OF REPORT                                  
********************************************************************************


