
********************************************************************************
                    Risk report produced on 18/10/2024 22:52                    
********************************************************************************


Total risk across all strategies, annualised percentage 12.1
Percentage of capital used for margin 68.2%

========================================
Risk per strategy, annualised percentage
========================================

                  risk
dynamic_TF_carry  12.1


===================
Risk by asset class
===================

Ags        2.7
Bond       0.6
Equity    10.1
FX         1.9
Metals     1.3
OilGas     1.9
Sector     1.6
Vol        1.1
dtype: float64


=====================================================
Beta loadings of asset class positions on asset class
=====================================================

Sector   -0.08
OilGas   -0.04
Vol      -0.02
Ags       0.04
Metals    0.04
FX        0.10
Bond      0.11
Equity    0.79
dtype: float64


========================================================
Beta loadings of full portfolio positions on asset class
========================================================

Vol      -0.20
Bond     -0.05
OilGas   -0.00
Ags       0.06
Metals    0.13
Sector    0.30
FX        0.80
Equity    0.81
dtype: float64


===================================================================================================================================================================================================================================================================
                                                                                                                          Instrument risk                                                                                                                          
===================================================================================================================================================================================================================================================================

               daily_price_stdev  annual_price_stdev     price  daily_perc_stdev  annual_perc_stdev  point_size_base  contract_exposure  daily_risk_per_contract  annual_risk_per_contract  position  capital  exposure_held_perc_capital  annual_risk_perc_capital
GAS-PEN                    0.087               1.386      2.26              3.83               61.3           7669.6              17340                      664                     10628        -1   587177                        -3.0                      -1.8
VIX                        0.510               8.168     18.00              2.84               45.4            767.0              13805                      391                      6264        -1   587177                        -2.4                      -1.1
EU-BASIC                   9.116             145.850    555.00              1.64               26.3             41.6              23077                      379                      6064        -1   587177                        -3.9                      -1.0
SOYMEAL                    4.658              74.528    313.50              1.49               23.8             76.7              24044                      357                      5716        -1   587177                        -4.1                      -1.0
COTTON2                    0.930              14.876     71.06              1.31               20.9            383.5              27250                      356                      5704        -1   587177                        -4.6                      -1.0
EU-AUTO                    8.124             129.992    569.50              1.43               22.8             41.6              23680                      337                      5405        -1   587177                        -4.0                      -0.9
NZD                        0.004               0.060      0.61              0.62                9.9          76695.9              46550                      287                      4599        -1   587177                        -7.9                      -0.8
CORN                       4.896              78.340    404.00              1.21               19.4             38.3              15492                      187                      3004        -1   587177                        -2.6                      -0.5
CRUDE_W_micro              1.525              24.394     68.30              2.23               35.7             76.7               5238                      116                      1870        -1   587177                        -0.9                      -0.3
CANOLA                     8.971             143.533    623.10              1.44               23.0             11.1               6929                       99                      1596        -1   587177                        -1.2                      -0.3
MUMMY                     12.598             201.564    603.00              2.09               33.4              5.1               3084                       64                      1031         1   587177                         0.5                       0.2
TOPIX                     37.281             596.497   2686.75              1.39               22.2              5.1              13745                      190                      3051         1   587177                         2.3                       0.5
KR10                       0.410               6.564    116.58              0.35                5.6            561.4              65449                      230                      3685         1   587177                        11.1                       0.6
RUSSELL                   23.614             377.829   2293.70              1.03               16.5              3.8               8795                       90                      1448         3   587177                         4.5                       0.7
SUGAR11                    0.336               5.383     20.42              1.65               26.4            859.0              17540                      289                      4624         1   587177                         3.0                       0.8
DOW                      267.564            4281.017  43526.00              0.61                9.8              0.4              16691                      102                      1641         3   587177                         8.5                       0.8
MSCISING                   2.691              43.059    348.95              0.77               12.3             58.4              20390                      157                      2516         2   587177                         6.9                       0.9
LIVECOW                    1.110              17.757    187.82              0.59                9.5            306.8              57621                      340                      5447         1   587177                         9.8                       0.9
SILVER                     0.609               9.741     33.79              1.80               28.8            767.0              25915                      466                      7470         1   587177                         4.4                       1.3
YENEUR                     1.007              16.115    161.62              0.62               10.0            639.5             103356                      644                     10305         1   587177                        17.6                       1.8
SMI                       76.978            1231.655  12364.00              0.62               10.0              8.9             109534                      681                     10911         1   587177                        18.7                       1.9
LEANHOG                    1.121              17.935     77.75              1.44               23.1            306.8              23852                      343                      5502         2   587177                         8.1                       1.9
MIB                      283.170            4530.720  35025.00              0.81               12.9              4.2             145638                     1177                     18839         1   587177                        24.8                       3.2
MSCITAIWAN                12.161             194.579    986.30              1.23               19.7             76.7              75645                      932                     14923         2   587177                        25.8                       5.1

Sum of abs(notional exposure % capital) 180.6
Sum of abs(annualised risk % capital) 29.3
Net sum of annualised risk % capital 11.9 

====================================================================================================================================================================================================================
                                                                                                    Correlations                                                                                                    
====================================================================================================================================================================================================================

                DOW  EU-AUTO   MIB  MSCISING  MSCITAIWAN  MUMMY  RUSSELL   SMI  TOPIX  COTTON2  CRUDE_W_micro  EU-BASIC  LEANHOG  LIVECOW   NZD  SILVER  SUGAR11  YENEUR  CANOLA  CORN  GAS-PEN  SOYMEAL  KR10   VIX
DOW            1.00     0.47  0.61      0.58        0.44   0.71     0.85  0.59   0.59     0.23           0.21      0.35     0.17     0.28  0.30    0.36     0.31    0.09   -0.01  0.04    -0.02    -0.03  0.23 -0.65
EU-AUTO        0.47     1.00  0.78      0.34        0.37   0.51     0.53  0.47   0.53     0.17           0.08      0.39     0.21     0.03  0.32    0.21     0.17    0.28    0.12  0.01    -0.13    -0.01 -0.07 -0.35
MIB            0.61     0.78  1.00      0.50        0.37   0.53     0.66  0.54   0.61     0.01           0.12      0.38     0.30     0.24  0.23    0.31     0.22    0.29    0.22 -0.05    -0.05    -0.01 -0.03 -0.57
MSCISING       0.58     0.34  0.50      1.00        0.52   0.59     0.51  0.32   0.56     0.09           0.20      0.38     0.10     0.15  0.25    0.42     0.25    0.23    0.11  0.02     0.08    -0.07  0.10 -0.57
MSCITAIWAN     0.44     0.37  0.37      0.52        1.00   0.49     0.37  0.33   0.52     0.15           0.34      0.42    -0.03     0.22  0.17    0.40     0.29    0.41    0.07 -0.05     0.01    -0.23  0.13 -0.43
MUMMY          0.71     0.51  0.53      0.59        0.49   1.00     0.69  0.36   0.80     0.24           0.27      0.33     0.19     0.23  0.22    0.24     0.42    0.27    0.02  0.01    -0.03    -0.01  0.04 -0.54
RUSSELL        0.85     0.53  0.66      0.51        0.37   0.69     1.00  0.48   0.59     0.25           0.16      0.35     0.30     0.23  0.27    0.33     0.21   -0.01    0.14  0.01    -0.17    -0.04  0.13 -0.52
SMI            0.59     0.47  0.54      0.32        0.33   0.36     0.48  1.00   0.30     0.05          -0.03      0.33     0.17     0.13  0.45    0.19     0.22    0.08   -0.01 -0.05     0.08    -0.04  0.25 -0.41
TOPIX          0.59     0.53  0.61      0.56        0.52   0.80     0.59  0.30   1.00     0.18           0.30      0.43     0.11     0.28  0.07    0.33     0.31    0.51    0.04 -0.08     0.03    -0.11 -0.19 -0.51
COTTON2        0.23     0.17  0.01      0.09        0.15   0.24     0.25  0.05   0.18     1.00           0.17      0.19     0.13     0.12  0.02    0.08     0.22    0.03    0.16  0.08     0.00     0.10 -0.08 -0.10
CRUDE_W_micro  0.21     0.08  0.12      0.20        0.34   0.27     0.16 -0.03   0.30     0.17           1.00      0.22     0.07     0.53 -0.03    0.21     0.40    0.20    0.26  0.13     0.11     0.03 -0.26 -0.09
EU-BASIC       0.35     0.39  0.38      0.38        0.42   0.33     0.35  0.33   0.43     0.19           0.22      1.00     0.14     0.22  0.45    0.48     0.27    0.22    0.17  0.14     0.16     0.23  0.02 -0.23
LEANHOG        0.17     0.21  0.30      0.10       -0.03   0.19     0.30  0.17   0.11     0.13           0.07      0.14     1.00     0.27  0.07    0.09     0.15   -0.12    0.39  0.14    -0.05     0.18 -0.02 -0.03
LIVECOW        0.28     0.03  0.24      0.15        0.22   0.23     0.23  0.13   0.28     0.12           0.53      0.22     0.27     1.00 -0.02    0.21     0.29    0.16    0.26  0.11     0.18     0.07 -0.17 -0.27
NZD            0.30     0.32  0.23      0.25        0.17   0.22     0.27  0.45   0.07     0.02          -0.03      0.45     0.07    -0.02  1.00    0.46     0.31   -0.03    0.05  0.11     0.10     0.24  0.25 -0.12
SILVER         0.36     0.21  0.31      0.42        0.40   0.24     0.33  0.19   0.33     0.08           0.21      0.48     0.09     0.21  0.46    1.00     0.18    0.19    0.24  0.14     0.12     0.14  0.01 -0.22
SUGAR11        0.31     0.17  0.22      0.25        0.29   0.42     0.21  0.22   0.31     0.22           0.40      0.27     0.15     0.29  0.31    0.18     1.00    0.19    0.18 -0.00    -0.02     0.13 -0.08 -0.25
YENEUR         0.09     0.28  0.29      0.23        0.41   0.27    -0.01  0.08   0.51     0.03           0.20      0.22    -0.12     0.16 -0.03    0.19     0.19    1.00    0.07  0.01     0.22    -0.05 -0.21 -0.29
CANOLA        -0.01     0.12  0.22      0.11        0.07   0.02     0.14 -0.01   0.04     0.16           0.26      0.17     0.39     0.26  0.05    0.24     0.18    0.07    1.00  0.37     0.13     0.45 -0.24  0.02
CORN           0.04     0.01 -0.05      0.02       -0.05   0.01     0.01 -0.05  -0.08     0.08           0.13      0.14     0.14     0.11  0.11    0.14    -0.00    0.01    0.37  1.00     0.25     0.61 -0.02  0.07
GAS-PEN       -0.02    -0.13 -0.05      0.08        0.01  -0.03    -0.17  0.08   0.03     0.00           0.11      0.16    -0.05     0.18  0.10    0.12    -0.02    0.22    0.13  0.25     1.00     0.21  0.03 -0.13
SOYMEAL       -0.03    -0.01 -0.01     -0.07       -0.23  -0.01    -0.04 -0.04  -0.11     0.10           0.03      0.23     0.18     0.07  0.24    0.14     0.13   -0.05    0.45  0.61     0.21     1.00 -0.01  0.15
KR10           0.23    -0.07 -0.03      0.10        0.13   0.04     0.13  0.25  -0.19    -0.08          -0.26      0.02    -0.02    -0.17  0.25    0.01    -0.08   -0.21   -0.24 -0.02     0.03    -0.01  1.00 -0.10
VIX           -0.65    -0.35 -0.57     -0.57       -0.43  -0.54    -0.52 -0.41  -0.51    -0.10          -0.09     -0.23    -0.03    -0.27 -0.12   -0.22    -0.25   -0.29    0.02  0.07    -0.13     0.15 -0.10  1.00


********************************************************************************
                                 END OF REPORT                                  
********************************************************************************


