
********************************************************************************
                    Risk report produced on 20/06/2024 22:51                    
********************************************************************************


Total risk across all strategies, annualised percentage 9.2
Percentage of capital used for margin 77.5%

========================================
Risk per strategy, annualised percentage
========================================

                  risk
dynamic_TF_carry   9.3


===================
Risk by asset class
===================

Ags       1.2
Bond      1.4
Equity    5.9
FX        2.8
OilGas    0.6
Vol       3.3
dtype: float64


=====================================================
Beta loadings of asset class positions on asset class
=====================================================

Bond     -0.17
Vol      -0.10
FX       -0.03
OilGas   -0.01
Ags       0.04
Equity    0.57
dtype: float64


========================================================
Beta loadings of full portfolio positions on asset class
========================================================

Vol      -0.27
Bond     -0.20
OilGas    0.01
Ags       0.09
FX        0.70
Equity    0.75
dtype: float64


==================================================================================================================================================================================================================================================================
                                                                                                                         Instrument risk                                                                                                                          
==================================================================================================================================================================================================================================================================

              daily_price_stdev  annual_price_stdev     price  daily_perc_stdev  annual_perc_stdev  point_size_base  contract_exposure  daily_risk_per_contract  annual_risk_per_contract  position  capital  exposure_held_perc_capital  annual_risk_perc_capital
VIX                       0.325               5.207     15.25              2.13               34.1            786.8              11998                      256                      4097        -5   642437                        -9.3                      -3.2
EUROSTX                  45.043             720.684   4935.00              0.91               14.6              8.4              41691                      380                      6088        -2   642437                       -13.0                      -1.9
JPY                       0.000               0.001      0.01              0.56                9.0        9834853.1              63085                      355                      5682        -2   642437                       -19.6                      -1.8
BUND                      0.679              10.861    132.54              0.51                8.2            844.8             111970                      573                      9175        -1   642437                       -17.4                      -1.4
GAS_US_mini               0.116               1.862      2.98              3.90               62.4           1967.0               5871                      228                      3661        -1   642437                        -0.9                      -0.6
CORN                      5.628              90.052    467.75              1.20               19.3             39.3              18401                      221                      3542        -1   642437                        -2.9                      -0.6
RUSSELL                  22.742             363.871   2049.90              1.11               17.8              3.9               8064                       89                      1431        -1   642437                        -1.3                      -0.2
FTSECHINAA              103.397            1654.345  12018.00              0.86               13.8              0.8               9455                       81                      1301        -1   642437                        -1.5                      -0.2
V2X                       0.391               6.254     16.80              2.33               37.2             84.5               1419                       33                       528        -2   642437                        -0.4                      -0.2
MSCISING                  1.962              31.384    310.55              0.63               10.1             58.2              18079                      114                      1827         1   642437                         2.8                       0.3
TOPIX                    23.645             378.321   2710.75              0.87               14.0              5.0              13489                      117                      1882         1   642437                         2.1                       0.3
SP500_micro              34.594             553.511   5432.50              0.63               10.1              3.9              21371                      136                      2177         1   642437                         3.3                       0.3
LIVECOW                   1.419              22.697    182.10              0.78               12.5            314.7              57309                      446                      7142         1   642437                         8.9                       1.1
YENEUR                    0.830              13.273    168.21              0.49                7.9            622.0             104632                      516                      8256         1   642437                        16.3                       1.3
NASDAQ_micro            164.626            2634.021  20209.25              0.81               13.0              1.6              31800                      259                      4144         2   642437                         9.9                       1.3
NIKKEI                  358.460            5735.361  38400.00              0.93               14.9              0.5              19109                      178                      2854         3   642437                         8.9                       1.3
AEX                       5.742              91.865    925.70              0.62                9.9            169.0             156407                      970                     15521         1   642437                        24.3                       2.4
MIB                     350.227            5603.625  33260.00              1.05               16.8              4.2             140491                     1479                     23669         1   642437                        21.9                       3.7

Sum of abs(notional exposure % capital) 164.7
Sum of abs(annualised risk % capital) 22.1
Net sum of annualised risk % capital 1.9 

======================================================================================================================================================================
                                                                             Correlations                                                                             
======================================================================================================================================================================

               V2X   VIX  BUND   JPY   AEX  EUROSTX   MIB  MSCISING  NASDAQ_micro  NIKKEI  RUSSELL  SP500_micro  TOPIX  GAS_US_mini  YENEUR  CORN  FTSECHINAA  LIVECOW
V2X           1.00  0.81  0.08 -0.09 -0.60    -0.74 -0.70     -0.30         -0.44   -0.44    -0.59        -0.59  -0.43        -0.17   -0.24 -0.07       -0.12    -0.07
VIX           0.81  1.00  0.06 -0.17 -0.50    -0.64 -0.59     -0.30         -0.57   -0.37    -0.60        -0.70  -0.42        -0.16   -0.20 -0.11       -0.23    -0.11
BUND          0.08  0.06  1.00  0.38  0.27     0.24  0.06      0.09          0.25   -0.05     0.20         0.24  -0.09        -0.03   -0.30 -0.00       -0.08    -0.10
JPY          -0.09 -0.17  0.38  1.00  0.20     0.30  0.18      0.20          0.28   -0.29     0.27         0.31  -0.29        -0.11   -0.66  0.09        0.01     0.03
AEX          -0.60 -0.50  0.27  0.20  1.00     0.83  0.65      0.40          0.58    0.45     0.68         0.70   0.37         0.02    0.04  0.01        0.22     0.08
EUROSTX      -0.74 -0.64  0.24  0.30  0.83     1.00  0.86      0.29          0.50    0.38     0.71         0.69   0.33        -0.00    0.04  0.03        0.13     0.03
MIB          -0.70 -0.59  0.06  0.18  0.65     0.86  1.00      0.38          0.35    0.47     0.68         0.60   0.46         0.02    0.18  0.02        0.11     0.10
MSCISING     -0.30 -0.30  0.09  0.20  0.40     0.29  0.38      1.00          0.27    0.33     0.37         0.37   0.35         0.10    0.02  0.17        0.39     0.09
NASDAQ_micro -0.44 -0.57  0.25  0.28  0.58     0.50  0.35      0.27          1.00    0.43     0.62         0.92   0.32         0.13    0.07  0.11        0.18     0.25
NIKKEI       -0.44 -0.37 -0.05 -0.29  0.45     0.38  0.47      0.33          0.43    1.00     0.48         0.49   0.93         0.22    0.43  0.05        0.14     0.06
RUSSELL      -0.59 -0.60  0.20  0.27  0.68     0.71  0.68      0.37          0.62    0.48     1.00         0.78   0.42         0.06    0.04  0.09        0.13     0.14
SP500_micro  -0.59 -0.70  0.24  0.31  0.70     0.69  0.60      0.37          0.92    0.49     0.78         1.00   0.42         0.16    0.10  0.13        0.22     0.24
TOPIX        -0.43 -0.42 -0.09 -0.29  0.37     0.33  0.46      0.35          0.32    0.93     0.42         0.42   1.00         0.23    0.42  0.02        0.19     0.06
GAS_US_mini  -0.17 -0.16 -0.03 -0.11  0.02    -0.00  0.02      0.10          0.13    0.22     0.06         0.16   0.23         1.00    0.21  0.09        0.07     0.18
YENEUR       -0.24 -0.20 -0.30 -0.66  0.04     0.04  0.18      0.02          0.07    0.43     0.04         0.10   0.42         0.21    1.00  0.05        0.16     0.05
CORN         -0.07 -0.11 -0.00  0.09  0.01     0.03  0.02      0.17          0.11    0.05     0.09         0.13   0.02         0.09    0.05  1.00        0.01     0.08
FTSECHINAA   -0.12 -0.23 -0.08  0.01  0.22     0.13  0.11      0.39          0.18    0.14     0.13         0.22   0.19         0.07    0.16  0.01        1.00     0.30
LIVECOW      -0.07 -0.11 -0.10  0.03  0.08     0.03  0.10      0.09          0.25    0.06     0.14         0.24   0.06         0.18    0.05  0.08        0.30     1.00


********************************************************************************
                                 END OF REPORT                                  
********************************************************************************


