
********************************************************************************
                    Risk report produced on 05/06/2024 22:52                    
********************************************************************************


Total risk across all strategies, annualised percentage 13.2
Percentage of capital used for margin 71.4%

========================================
Risk per strategy, annualised percentage
========================================

                  risk
dynamic_TF_carry  13.2


===================
Risk by asset class
===================

Ags       2.2
Bond      6.0
Equity    3.6
FX        6.9
Metals    3.4
OilGas    0.6
Sector    0.3
Vol       2.1
dtype: float64


=====================================================
Beta loadings of asset class positions on asset class
=====================================================

Bond     -0.94
FX       -0.14
Metals   -0.10
Vol      -0.05
OilGas   -0.00
Sector    0.02
Ags       0.07
Equity    0.20
dtype: float64


========================================================
Beta loadings of full portfolio positions on asset class
========================================================

Bond     -1.18
FX       -0.27
Metals   -0.12
Vol      -0.10
OilGas    0.02
Ags       0.12
Sector    0.25
Equity    0.32
dtype: float64


===================================================================================================================================================================================================================================================================
                                                                                                                          Instrument risk                                                                                                                          
===================================================================================================================================================================================================================================================================

               daily_price_stdev  annual_price_stdev     price  daily_perc_stdev  annual_perc_stdev  point_size_base  contract_exposure  daily_risk_per_contract  annual_risk_per_contract  position  capital  exposure_held_perc_capital  annual_risk_perc_capital
BUXL                       1.384              22.148    131.36              1.05               16.9            851.8             111890                     1179                     18865        -1   642750                       -17.4                      -2.9
CHF                        0.005               0.081      1.12              0.45                7.2          97874.6             109712                      497                      7952        -2   642750                       -34.1                      -2.5
GOLD_micro                22.951             367.211   2375.90              0.97               15.5              7.8              18603                      179                      2875        -5   642750                       -14.5                      -2.2
VIX                        0.355               5.675     14.35              2.47               39.6            783.0              11235                      277                      4443        -3   642750                        -5.2                      -2.1
JPY                        0.000               0.001      0.01              0.65               10.4        9787455.6              62825                      408                      6532        -2   642750                       -19.5                      -2.0
ALUMINIUM                 40.763             652.206   2562.50              1.59               25.5             19.6              50160                      797                     12766        -1   642750                        -7.8                      -2.0
COTTON2                    1.635              26.157     74.36              2.20               35.2            391.5              29111                      640                     10240        -1   642750                        -4.5                      -1.6
BUND                       0.603               9.653    131.51              0.46                7.3            851.8             112017                      513                      8221        -1   642750                       -17.4                      -1.3
KOSDAQ                    21.188             339.005   1380.50              1.53               24.6              5.7               7930                      121                      1947        -4   642750                        -4.9                      -1.2
CHINAA-CON                18.288             292.613   1986.40              0.92               14.7             19.6              38883                      357                      5727        -1   642750                        -6.0                      -0.9
US10                       0.420               6.713    110.27              0.38                6.1            783.0              86337                      328                      5256        -1   642750                       -13.4                      -0.8
CAD10                      0.560               8.956    121.24              0.46                7.4            572.6              69417                      320                      5127        -1   642750                       -10.8                      -0.8
GAS_US_mini                0.120               1.921      2.78              4.33               69.2           1957.5               5432                      234                      3759        -1   642750                        -0.8                      -0.6
KR10                       0.399               6.390    113.15              0.35                5.6            574.4              64996                      229                      3670        -1   642750                       -10.1                      -0.6
CORN                       5.300              84.794    459.00              1.15               18.5             39.1              17969                      207                      3319        -1   642750                        -2.8                      -0.5
CAD                        0.002               0.039      0.73              0.33                5.3          78299.6              57334                      188                      3023        -1   642750                        -8.9                      -0.5
US2                        0.115               1.840    101.84              0.11                1.8           1566.0             159480                      180                      2881        -1   642750                       -24.8                      -0.4
CRUDE_W_micro              1.247              19.946     74.15              1.68               26.9             78.3               5805                       97                      1561         1   642750                         0.9                       0.2
EU-BANKS                   1.479              23.669    143.10              1.03               16.5             42.6               6094                       63                      1008         2   642750                         1.9                       0.3
GBP                        0.005               0.076      1.28              0.37                6.0          48937.3              62615                      233                      3733         1   642750                         9.7                       0.6
TOPIX                     23.951             383.219   2746.50              0.87               14.0              5.0              13815                      120                      1927         2   642750                         4.3                       0.6
NIKKEI                   379.329            6069.263  38420.00              0.99               15.8              0.5              19326                      190                      3053         2   642750                         6.0                       0.9
SOYMEAL                    5.056              80.903    351.50              1.44               23.0             78.3              27522                      395                      6334         1   642750                         4.3                       1.0
LIVECOW                    1.304              20.862    177.90              0.73               11.7            313.2              55718                      408                      6533         1   642750                         8.7                       1.0
WHEAT                     12.139             194.222    693.75              1.75               28.0             39.1              27160                      475                      7603         1   642750                         4.2                       1.2
IRON                       2.163              34.612    106.85              2.02               32.4             78.3               8366                      169                      2710         3   642750                         3.9                       1.3
FTSETAIWAN                17.057             272.919   1816.25              0.94               15.0             31.3              56884                      534                      8547         1   642750                         8.9                       1.3
MIB                      257.453            4119.254  34595.00              0.74               11.9              4.3             147337                     1096                     17543         1   642750                        22.9                       2.7
MXP                        0.001               0.009      0.06              1.01               16.1         391498.2              22209                      223                      3575         5   642750                        17.3                       2.8
YENEUR                     0.939              15.023    169.53              0.55                8.9            628.8             106599                      590                      9446         2   642750                        33.2                       2.9

Sum of abs(notional exposure % capital) 329.1
Sum of abs(annualised risk % capital) 39.7
Net sum of annualised risk % capital -6.1 

==============================================================================================================================================================================================================================================================
                                                                                                                         Correlations                                                                                                                         
==============================================================================================================================================================================================================================================================

               BUND  BUXL   CAD  CAD10   CHF   GBP  GOLD_micro   JPY  KR10  US10   US2  COTTON2  CRUDE_W_micro  LIVECOW  NIKKEI  TOPIX  YENEUR  CHINAA-CON  EU-BANKS  FTSETAIWAN  KOSDAQ   MIB   MXP  ALUMINIUM  CORN  GAS_US_mini  IRON  SOYMEAL  WHEAT   VIX
BUND           1.00  0.95  0.34   0.66  0.37  0.40        0.39  0.46  0.52  0.75  0.62    -0.21          -0.20    -0.09    0.04  -0.05   -0.22        0.04      0.09        0.14    0.08  0.18  0.20       0.17  0.09         0.09  0.00     0.19   0.05 -0.13
BUXL           0.95  1.00  0.31   0.63  0.35  0.38        0.35  0.40  0.51  0.69  0.51    -0.19          -0.22    -0.14    0.11   0.01   -0.16        0.04      0.11        0.21    0.14  0.20  0.23       0.12  0.08         0.06  0.05     0.24   0.05 -0.17
CAD            0.34  0.31  1.00   0.24  0.50  0.62        0.27  0.40  0.38  0.49  0.35     0.10           0.20     0.21    0.12   0.05    0.05        0.10      0.50        0.37    0.24  0.55  0.43       0.20  0.21         0.13  0.03     0.15   0.34 -0.37
CAD10          0.66  0.63  0.24   1.00  0.48  0.33        0.29  0.58  0.53  0.75  0.69    -0.35          -0.37    -0.21   -0.06  -0.13   -0.41        0.06     -0.03       -0.02    0.09  0.01 -0.04       0.03 -0.12         0.07 -0.17     0.09  -0.04 -0.17
CHF            0.37  0.35  0.50   0.48  1.00  0.56        0.25  0.65  0.44  0.62  0.53    -0.22          -0.22    -0.07   -0.14  -0.18   -0.20        0.01      0.10        0.07    0.17  0.19 -0.03      -0.01  0.07         0.04 -0.05     0.13   0.06 -0.18
GBP            0.40  0.38  0.62   0.33  0.56  1.00        0.34  0.35  0.37  0.52  0.40    -0.02           0.07     0.05    0.22   0.16    0.26        0.07      0.24        0.36    0.08  0.26  0.29       0.19  0.08         0.14  0.05     0.08   0.14 -0.29
GOLD_micro     0.39  0.35  0.27   0.29  0.25  0.34        1.00  0.29  0.17  0.35  0.38    -0.12           0.28     0.10    0.03  -0.06   -0.05        0.20      0.02        0.08   -0.11  0.08  0.31       0.43  0.05         0.12  0.15     0.09   0.02  0.03
JPY            0.46  0.40  0.40   0.58  0.65  0.35        0.29  1.00  0.40  0.60  0.53    -0.06          -0.20    -0.00   -0.28  -0.33   -0.72        0.13      0.08        0.10    0.13  0.10  0.11       0.10  0.13        -0.11 -0.02     0.19   0.06 -0.16
KR10           0.52  0.51  0.38   0.53  0.44  0.37        0.17  0.40  1.00  0.57  0.49    -0.02          -0.16    -0.17    0.10  -0.02   -0.19        0.16      0.03        0.26    0.30  0.23  0.12       0.10 -0.01        -0.06  0.04     0.07   0.06 -0.24
US10           0.75  0.69  0.49   0.75  0.62  0.52        0.35  0.60  0.57  1.00  0.89    -0.20          -0.26    -0.13    0.11   0.04   -0.21        0.11      0.15        0.17    0.13  0.25  0.14       0.04  0.00         0.14 -0.17     0.16   0.05 -0.29
US2            0.62  0.51  0.35   0.69  0.53  0.40        0.38  0.53  0.49  0.89  1.00    -0.21          -0.22    -0.18   -0.04  -0.12   -0.25        0.01     -0.03       -0.06   -0.04  0.07 -0.00       0.03 -0.03         0.19 -0.18     0.07   0.01 -0.03
COTTON2       -0.21 -0.19  0.10  -0.35 -0.22 -0.02       -0.12 -0.06 -0.02 -0.20 -0.21     1.00           0.31     0.22    0.27   0.24    0.08        0.15      0.20        0.32    0.07  0.20  0.30       0.04  0.08         0.01  0.16     0.04   0.02 -0.21
CRUDE_W_micro -0.20 -0.22  0.20  -0.37 -0.22  0.07        0.28 -0.20 -0.16 -0.26 -0.22     0.31           1.00     0.37    0.19   0.14    0.19       -0.02      0.16        0.14   -0.01  0.14  0.33       0.31  0.21         0.17  0.05     0.03   0.15  0.07
LIVECOW       -0.09 -0.14  0.21  -0.21 -0.07  0.05        0.10 -0.00 -0.17 -0.13 -0.18     0.22           0.37     1.00    0.05   0.06    0.04        0.19      0.22        0.06   -0.21  0.25  0.32       0.07  0.04         0.22  0.07    -0.04   0.03 -0.20
NIKKEI         0.04  0.11  0.12  -0.06 -0.14  0.22        0.03 -0.28  0.10  0.11 -0.04     0.27           0.19     0.05    1.00   0.87    0.40        0.24      0.16        0.41    0.24  0.24  0.22      -0.02 -0.13         0.13  0.04    -0.08  -0.11 -0.32
TOPIX         -0.05  0.01  0.05  -0.13 -0.18  0.16       -0.06 -0.33 -0.02  0.04 -0.12     0.24           0.14     0.06    0.87   1.00    0.44        0.26      0.19        0.31    0.16  0.24  0.19      -0.06 -0.14         0.16  0.04    -0.08  -0.08 -0.38
YENEUR        -0.22 -0.16  0.05  -0.41 -0.20  0.26       -0.05 -0.72 -0.19 -0.21 -0.25     0.08           0.19     0.04    0.40   0.44    1.00       -0.01      0.20        0.16   -0.05  0.17  0.18      -0.00 -0.04         0.19  0.05     0.01   0.01 -0.11
CHINAA-CON     0.04  0.04  0.10   0.06  0.01  0.07        0.20  0.13  0.16  0.11  0.01     0.15          -0.02     0.19    0.24   0.26   -0.01        1.00      0.19        0.29    0.26  0.28  0.14       0.27  0.00        -0.03  0.08     0.05  -0.01 -0.27
EU-BANKS       0.09  0.11  0.50  -0.03  0.10  0.24        0.02  0.08  0.03  0.15 -0.03     0.20           0.16     0.22    0.16   0.19    0.20        0.19      1.00        0.32    0.29  0.78  0.45       0.06  0.23         0.22  0.06     0.24   0.31 -0.47
FTSETAIWAN     0.14  0.21  0.37  -0.02  0.07  0.36        0.08  0.10  0.26  0.17 -0.06     0.32           0.14     0.06    0.41   0.31    0.16        0.29      0.32        1.00    0.36  0.28  0.46       0.12  0.20        -0.11  0.17     0.23   0.12 -0.31
KOSDAQ         0.08  0.14  0.24   0.09  0.17  0.08       -0.11  0.13  0.30  0.13 -0.04     0.07          -0.01    -0.21    0.24   0.16   -0.05        0.26      0.29        0.36    1.00  0.33  0.16       0.04  0.08        -0.17  0.02     0.20   0.02 -0.27
MIB            0.18  0.20  0.55   0.01  0.19  0.26        0.08  0.10  0.23  0.25  0.07     0.20           0.14     0.25    0.24   0.24    0.17        0.28      0.78        0.28    0.33  1.00  0.42      -0.07  0.13         0.14 -0.07     0.16   0.17 -0.49
MXP            0.20  0.23  0.43  -0.04 -0.03  0.29        0.31  0.11  0.12  0.14 -0.00     0.30           0.33     0.32    0.22   0.19    0.18        0.14      0.45        0.46    0.16  0.42  1.00       0.23  0.21         0.23  0.25     0.36   0.24 -0.36
ALUMINIUM      0.17  0.12  0.20   0.03 -0.01  0.19        0.43  0.10  0.10  0.04  0.03     0.04           0.31     0.07   -0.02  -0.06   -0.00        0.27      0.06        0.12    0.04 -0.07  0.23       1.00  0.20         0.03  0.39     0.17   0.16  0.05
CORN           0.09  0.08  0.21  -0.12  0.07  0.08        0.05  0.13 -0.01  0.00 -0.03     0.08           0.21     0.04   -0.13  -0.14   -0.04        0.00      0.23        0.20    0.08  0.13  0.21       0.20  1.00         0.12  0.24     0.47   0.74 -0.07
GAS_US_mini    0.09  0.06  0.13   0.07  0.04  0.14        0.12 -0.11 -0.06  0.14  0.19     0.01           0.17     0.22    0.13   0.16    0.19       -0.03      0.22       -0.11   -0.17  0.14  0.23       0.03  0.12         1.00 -0.03     0.02   0.25 -0.21
IRON           0.00  0.05  0.03  -0.17 -0.05  0.05        0.15 -0.02  0.04 -0.17 -0.18     0.16           0.05     0.07    0.04   0.04    0.05        0.08      0.06        0.17    0.02 -0.07  0.25       0.39  0.24        -0.03  1.00     0.29   0.25 -0.01
SOYMEAL        0.19  0.24  0.15   0.09  0.13  0.08        0.09  0.19  0.07  0.16  0.07     0.04           0.03    -0.04   -0.08  -0.08    0.01        0.05      0.24        0.23    0.20  0.16  0.36       0.17  0.47         0.02  0.29     1.00   0.37 -0.14
WHEAT          0.05  0.05  0.34  -0.04  0.06  0.14        0.02  0.06  0.06  0.05  0.01     0.02           0.15     0.03   -0.11  -0.08    0.01       -0.01      0.31        0.12    0.02  0.17  0.24       0.16  0.74         0.25  0.25     0.37   1.00 -0.18
VIX           -0.13 -0.17 -0.37  -0.17 -0.18 -0.29        0.03 -0.16 -0.24 -0.29 -0.03    -0.21           0.07    -0.20   -0.32  -0.38   -0.11       -0.27     -0.47       -0.31   -0.27 -0.49 -0.36       0.05 -0.07        -0.21 -0.01    -0.14  -0.18  1.00


********************************************************************************
                                 END OF REPORT                                  
********************************************************************************


