
********************************************************************************
                    Risk report produced on 02/05/2025 22:53                    
********************************************************************************


Total risk across all strategies, annualised percentage 9.2
Percentage of capital used for margin 41.5%

========================================
Risk per strategy, annualised percentage
========================================

                  risk
dynamic_TF_carry   9.1


===================
Risk by asset class
===================

Ags       1.9
Bond      2.1
Equity    3.0
FX        3.1
Metals    3.1
OilGas    5.8
Vol       0.2
dtype: float64


=====================================================
Beta loadings of asset class positions on asset class
=====================================================

OilGas   -0.16
Metals   -0.13
Ags      -0.01
Vol      -0.00
Equity    0.07
FX        0.23
Bond      0.42
dtype: float64


========================================================
Beta loadings of full portfolio positions on asset class
========================================================

OilGas   -0.20
Ags      -0.19
Metals   -0.16
FX       -0.16
Vol      -0.03
Equity   -0.01
Bond      0.45
dtype: float64


===================================================================================================================================================================================================================================================================
                                                                                                                          Instrument risk                                                                                                                          
===================================================================================================================================================================================================================================================================

               daily_price_stdev  annual_price_stdev     price  daily_perc_stdev  annual_perc_stdev  point_size_base  contract_exposure  daily_risk_per_contract  annual_risk_per_contract  position  capital  exposure_held_perc_capital  annual_risk_perc_capital
BRENT-LAST                 1.407              22.520     60.74              2.32               37.1            751.3              45634                     1057                     16919        -1   538486                        -8.5                      -3.1
GAS-PEN                    0.116               1.856      3.64              3.18               50.9           7513.1              27370                      871                     13942        -1   538486                        -5.1                      -2.6
DX                         0.538               8.606     99.89              0.54                8.6            751.3              75048                      404                      6465        -2   538486                       -27.9                      -2.4
ALUMINIUM                 37.460             599.358   2327.25              1.61               25.8             18.8              43712                      703                     11257        -1   538486                        -8.1                      -2.1
BITCOIN                 2395.139           38322.217  97650.00              2.45               39.2              0.1               7336                      179                      2879        -3   538486                        -4.1                      -1.6
DOW                      632.890           10126.235  41472.00              1.53               24.4              0.4              15579                      237                      3803        -2   538486                        -5.8                      -1.4
CRUDE_W_micro              1.420              22.724     57.31              2.48               39.7             75.1               4305                      106                      1707        -4   538486                        -3.2                      -1.3
SP500_micro               96.542            1544.665   5707.50              1.69               27.1              3.8              21440                      362                      5802        -1   538486                        -4.0                      -1.1
WHEAT                      7.550             120.806    579.00              1.30               20.9             37.6              21750                      283                      4538        -1   538486                        -4.0                      -0.8
GAS_US_mini                0.127               2.027      3.99              3.18               50.8           1878.3               7494                      237                      3807        -1   538486                        -1.4                      -0.7
SOYMEAL                    3.039              48.632    300.70              1.01               16.2             75.1              22592                      228                      3653        -1   538486                        -4.2                      -0.7
COPPER-micro               0.104               1.669      4.68              2.23               35.6           1878.3               8794                      195                      3133        -1   538486                        -1.6                      -0.6
KRWUSD_mini                0.004               0.072      0.71              0.63               10.1          18782.9              13247                       83                      1343        -1   538486                        -2.5                      -0.2
V2X                        0.785              12.563     21.15              3.71               59.4             84.9               1796                       66                      1067        -1   538486                        -0.3                      -0.2
CANOLA                     8.432             134.913    657.10              1.28               20.5             10.9               7142                       91                      1466         1   538486                         1.3                       0.3
MXP                        0.000               0.006      0.05              0.77               12.3         375657.4              19053                      146                      2343         1   538486                         3.5                       0.4
MSCISING                   6.217              99.476    391.15              1.59               25.4             57.5              22502                      357                      5722         1   538486                         4.2                       1.1
KR10                       0.346               5.528    121.05              0.29                4.6            528.5              63980                      182                      2921         2   538486                        23.8                       1.1
NIKKEI                   729.920           11678.723  36805.00              1.98               31.7              0.5              19035                      377                      6040         1   538486                         3.5                       1.1
BTP                        0.489               7.821    119.95              0.41                6.5            849.4             101889                      415                      6643         1   538486                        18.9                       1.2
MUMMY                     14.843             237.494    671.00              2.21               35.4              5.2               3470                       76                      1228         6   538486                         3.9                       1.4
LIVECOW                    1.839              29.426    206.88              0.89               14.2            300.5              62171                      552                      8843         1   538486                        11.5                       1.6
YENEUR                     0.984              15.751    163.56              0.60                9.6            646.5             105742                      636                     10183         1   538486                        19.6                       1.9

Sum of abs(notional exposure % capital) 170.9
Sum of abs(annualised risk % capital) 28.9
Net sum of annualised risk % capital -8.7 

================================================================================================================================================================================================================================
                                                                                                          Correlations                                                                                                          
================================================================================================================================================================================================================================

                BTP  KR10  KRWUSD_mini  ALUMINIUM  BITCOIN  BRENT-LAST  COPPER-micro  CRUDE_W_micro   DOW  LIVECOW  MSCISING  MUMMY   MXP  NIKKEI  SP500_micro  YENEUR  CANOLA  GAS-PEN  GAS_US_mini  SOYMEAL  WHEAT    DX   V2X
BTP            1.00  0.65         0.34      -0.03     0.11       -0.07          0.07          -0.10  0.26     0.06      0.15   0.19  0.18    0.18         0.22   -0.42    0.05    -0.20        -0.19     0.13   0.08 -0.19 -0.32
KR10           0.65  1.00         0.42      -0.17     0.04       -0.30         -0.11          -0.29  0.09    -0.07      0.03  -0.02  0.12   -0.01         0.04   -0.32   -0.10    -0.25        -0.24     0.01  -0.08 -0.38 -0.13
KRWUSD_mini    0.34  0.42         1.00       0.17     0.07        0.07          0.29           0.07  0.06     0.17      0.34   0.32  0.31    0.29         0.02   -0.01    0.15    -0.11        -0.05     0.18   0.19 -0.67 -0.42
ALUMINIUM     -0.03 -0.17         0.17       1.00     0.07        0.29          0.52           0.26  0.16     0.09      0.21   0.17  0.32    0.27         0.20    0.12   -0.12     0.07         0.09     0.27   0.23 -0.07 -0.16
BITCOIN        0.11  0.04         0.07       0.07     1.00        0.11          0.16           0.10  0.41     0.11      0.36   0.29  0.06    0.26         0.35    0.12    0.10     0.09         0.13    -0.06  -0.02  0.02 -0.28
BRENT-LAST    -0.07 -0.30         0.07       0.29     0.11        1.00          0.50           0.99  0.22     0.53      0.40   0.38  0.10    0.39         0.15    0.09    0.04     0.13         0.12     0.01   0.14  0.24 -0.41
COPPER-micro   0.07 -0.11         0.29       0.52     0.16        0.50          1.00           0.47  0.23     0.35      0.59   0.48  0.33    0.49         0.20    0.24   -0.05     0.11         0.13     0.01   0.18 -0.20 -0.52
CRUDE_W_micro -0.10 -0.29         0.07       0.26     0.10        0.99          0.47           1.00  0.21     0.54      0.40   0.37  0.09    0.38         0.14    0.10    0.04     0.14         0.13    -0.01   0.13  0.23 -0.41
DOW            0.26  0.09         0.06       0.16     0.41        0.22          0.23           0.21  1.00     0.20      0.35   0.42  0.17    0.42         0.88   -0.11    0.01     0.15         0.11     0.03  -0.04  0.11 -0.43
LIVECOW        0.06 -0.07         0.17       0.09     0.11        0.53          0.35           0.54  0.20     1.00      0.37   0.36  0.22    0.34         0.10    0.12    0.01     0.07         0.07     0.08   0.09 -0.06 -0.42
MSCISING       0.15  0.03         0.34       0.21     0.36        0.40          0.59           0.40  0.35     0.37      1.00   0.65  0.20    0.72         0.33    0.16   -0.02     0.07         0.12    -0.17  -0.05 -0.05 -0.77
MUMMY          0.19 -0.02         0.32       0.17     0.29        0.38          0.48           0.37  0.42     0.36      0.65   1.00  0.28    0.79         0.37    0.14   -0.02    -0.07        -0.04    -0.04   0.01 -0.13 -0.66
MXP            0.18  0.12         0.31       0.32     0.06        0.10          0.33           0.09  0.17     0.22      0.20   0.28  1.00    0.25         0.23    0.25    0.01    -0.13        -0.08     0.01   0.15 -0.25 -0.24
NIKKEI         0.18 -0.01         0.29       0.27     0.26        0.39          0.49           0.38  0.42     0.34      0.72   0.79  0.25    1.00         0.45    0.31   -0.02    -0.02         0.03    -0.07  -0.03 -0.07 -0.77
SP500_micro    0.22  0.04         0.02       0.20     0.35        0.15          0.20           0.14  0.88     0.10      0.33   0.37  0.23    0.45         1.00    0.04    0.09     0.24         0.20    -0.01  -0.04  0.21 -0.39
YENEUR        -0.42 -0.32        -0.01       0.12     0.12        0.09          0.24           0.10 -0.11     0.12      0.16   0.14  0.25    0.31         0.04    1.00    0.10     0.19         0.23    -0.13  -0.01 -0.02 -0.14
CANOLA         0.05 -0.10         0.15      -0.12     0.10        0.04         -0.05           0.04  0.01     0.01     -0.02  -0.02  0.01   -0.02         0.09    0.10    1.00     0.17         0.13     0.23   0.31 -0.02 -0.00
GAS-PEN       -0.20 -0.25        -0.11       0.07     0.09        0.13          0.11           0.14  0.15     0.07      0.07  -0.07 -0.13   -0.02         0.24    0.19    0.17     1.00         0.97     0.13   0.19  0.14  0.02
GAS_US_mini   -0.19 -0.24        -0.05       0.09     0.13        0.12          0.13           0.13  0.11     0.07      0.12  -0.04 -0.08    0.03         0.20    0.23    0.13     0.97         1.00     0.11   0.17  0.07 -0.02
SOYMEAL        0.13  0.01         0.18       0.27    -0.06        0.01          0.01          -0.01  0.03     0.08     -0.17  -0.04  0.01   -0.07        -0.01   -0.13    0.23     0.13         0.11     1.00   0.45 -0.22  0.08
WHEAT          0.08 -0.08         0.19       0.23    -0.02        0.14          0.18           0.13 -0.04     0.09     -0.05   0.01  0.15   -0.03        -0.04   -0.01    0.31     0.19         0.17     0.45   1.00 -0.07 -0.02
DX            -0.19 -0.38        -0.67      -0.07     0.02        0.24         -0.20           0.23  0.11    -0.06     -0.05  -0.13 -0.25   -0.07         0.21   -0.02   -0.02     0.14         0.07    -0.22  -0.07  1.00  0.15
V2X           -0.32 -0.13        -0.42      -0.16    -0.28       -0.41         -0.52          -0.41 -0.43    -0.42     -0.77  -0.66 -0.24   -0.77        -0.39   -0.14   -0.00     0.02        -0.02     0.08  -0.02  0.15  1.00


********************************************************************************
                                 END OF REPORT                                  
********************************************************************************


