
********************************************************************************
                    Risk report produced on 18/06/2024 22:52                    
********************************************************************************


Total risk across all strategies, annualised percentage 7.6
Percentage of capital used for margin 74.3%

========================================
Risk per strategy, annualised percentage
========================================

                  risk
dynamic_TF_carry   7.6


===================
Risk by asset class
===================

Ags       1.2
Bond      2.9
Equity    4.4
FX        1.6
Metals    0.8
OilGas    0.7
Vol       3.3
dtype: float64


=====================================================
Beta loadings of asset class positions on asset class
=====================================================

Bond     -0.35
FX       -0.13
Vol      -0.10
OilGas   -0.02
Metals    0.03
Ags       0.04
Equity    0.44
dtype: float64


========================================================
Beta loadings of full portfolio positions on asset class
========================================================

Bond     -0.31
Vol      -0.23
FX       -0.03
OilGas   -0.00
Metals    0.07
Ags       0.11
Equity    0.60
dtype: float64


===================================================================================================================================================================================================================================================================
                                                                                                                          Instrument risk                                                                                                                          
===================================================================================================================================================================================================================================================================

               daily_price_stdev  annual_price_stdev     price  daily_perc_stdev  annual_perc_stdev  point_size_base  contract_exposure  daily_risk_per_contract  annual_risk_per_contract  position  capital  exposure_held_perc_capital  annual_risk_perc_capital
VIX                        0.325               5.207     15.25              2.13               34.1            787.7              12013                      256                      4102        -5   641082                        -9.4                      -3.2
BUND                       0.692              11.073    132.60              0.52                8.4            844.8             112015                      584                      9354        -2   641082                       -34.9                      -2.9
JPY                        0.000               0.001      0.01              0.57                9.2        9846784.0              63260                      361                      5788        -2   641082                       -19.7                      -1.8
EUROSTX                   46.058             736.921   4957.00              0.93               14.9              8.4              41874                      389                      6225        -1   641082                        -6.5                      -1.0
GAS_US_mini                0.117               1.865      2.99              3.90               62.4           1969.4               5888                      229                      3673        -1   641082                        -0.9                      -0.6
CORN                       5.568              89.092    466.00              1.19               19.1             39.4              18354                      219                      3509        -1   641082                        -2.9                      -0.5
CRUDE_W_micro              1.298              20.771     80.64              1.61               25.8             78.8               6352                      102                      1636        -1   641082                        -1.0                      -0.3
RUSSELL                   22.744             363.904   2050.10              1.11               17.8              3.9               8074                       89                      1433        -1   641082                        -1.3                      -0.2
V2X                        0.396               6.334     16.75              2.36               37.8             84.5               1414                       33                       535        -2   641082                        -0.4                      -0.2
MSCISING                   1.891              30.262    310.70              0.61                9.7             58.2              18090                      110                      1762         1   641082                         2.8                       0.3
SP500_micro               34.594             553.511   5432.50              0.63               10.1              3.9              21397                      136                      2180         1   641082                         3.3                       0.3
GBP                        0.005               0.081      1.27              0.40                6.4          49233.9              62605                      248                      3976         1   641082                         9.8                       0.6
IRON                       2.047              32.755    108.05              1.89               30.3             78.8               8511                      161                      2580         2   641082                         2.7                       0.8
NIKKEI                   373.397            5974.350  38420.00              0.97               15.6              0.5              19173                      186                      2981         2   641082                         6.0                       0.9
LIVECOW                    1.418              22.687    182.12              0.78               12.5            315.1              57387                      446                      7148         1   641082                         9.0                       1.1
FTSETAIWAN                15.198             243.167   1922.50              0.79               12.6             31.5              60577                      478                      7662         1   641082                         9.4                       1.2
NASDAQ_micro             164.810            2636.953  20195.00              0.82               13.1              1.6              31816                      259                      4154         2   641082                         9.9                       1.3
AEX                        5.784              92.539    927.70              0.62               10.0            169.0             156737                      977                     15634         1   641082                        24.4                       2.4

Sum of abs(notional exposure % capital) 154.3
Sum of abs(annualised risk % capital) 19.6
Net sum of annualised risk % capital -1.8 

=============================================================================================================================================================================
                                                                                Correlations                                                                                 
=============================================================================================================================================================================

                V2X   VIX   AEX  EUROSTX  FTSETAIWAN  MSCISING  NASDAQ_micro  NIKKEI  RUSSELL  SP500_micro  BUND   GBP   JPY  CORN  IRON  CRUDE_W_micro  GAS_US_mini  LIVECOW
V2X            1.00  0.82 -0.60    -0.71       -0.46     -0.33         -0.49   -0.42    -0.58        -0.60  0.02 -0.28 -0.06 -0.08 -0.07          -0.02        -0.15    -0.14
VIX            0.82  1.00 -0.49    -0.64       -0.41     -0.31         -0.59   -0.36    -0.60        -0.70  0.03 -0.31 -0.16 -0.11 -0.04           0.06        -0.15    -0.15
AEX           -0.60 -0.49  1.00     0.84        0.65      0.41          0.60    0.45     0.68         0.70  0.31  0.33  0.19  0.01 -0.01           0.10         0.01     0.11
EUROSTX       -0.71 -0.64  0.84     1.00        0.56      0.33          0.56    0.37     0.72         0.72  0.32  0.37  0.29  0.03 -0.08           0.01        -0.03     0.10
FTSETAIWAN    -0.46 -0.41  0.65     0.56        1.00      0.53          0.58    0.40     0.57         0.62  0.22  0.31  0.22  0.21  0.07           0.21         0.02     0.11
MSCISING      -0.33 -0.31  0.41     0.33        0.53      1.00          0.27    0.34     0.38         0.37  0.08  0.27  0.21  0.17  0.02           0.19         0.10     0.08
NASDAQ_micro  -0.49 -0.59  0.60     0.56        0.58      0.27          1.00    0.45     0.64         0.93  0.24  0.46  0.29  0.11  0.03          -0.00         0.13     0.24
NIKKEI        -0.42 -0.36  0.45     0.37        0.40      0.34          0.45    1.00     0.47         0.49 -0.03  0.12 -0.30  0.05  0.02           0.20         0.21     0.09
RUSSELL       -0.58 -0.60  0.68     0.72        0.57      0.38          0.64    0.47     1.00         0.78  0.23  0.31  0.26  0.10  0.02           0.15         0.05     0.17
SP500_micro   -0.60 -0.70  0.70     0.72        0.62      0.37          0.93    0.49     0.78         1.00  0.25  0.48  0.30  0.13 -0.02           0.08         0.16     0.25
BUND           0.02  0.03  0.31     0.32        0.22      0.08          0.24   -0.03     0.23         0.25  1.00  0.36  0.41 -0.00 -0.01          -0.27        -0.02    -0.14
GBP           -0.28 -0.31  0.33     0.37        0.31      0.27          0.46    0.12     0.31         0.48  0.36  1.00  0.51  0.13 -0.03          -0.02         0.17     0.12
JPY           -0.06 -0.16  0.19     0.29        0.22      0.21          0.29   -0.30     0.26         0.30  0.41  0.51  1.00  0.09  0.00          -0.01        -0.12     0.05
CORN          -0.08 -0.11  0.01     0.03        0.21      0.17          0.11    0.05     0.10         0.13 -0.00  0.13  0.09  1.00  0.16           0.19         0.09     0.08
IRON          -0.07 -0.04 -0.01    -0.08        0.07      0.02          0.03    0.02     0.02        -0.02 -0.01 -0.03  0.00  0.16  1.00          -0.01        -0.06     0.10
CRUDE_W_micro -0.02  0.06  0.10     0.01        0.21      0.19         -0.00    0.20     0.15         0.08 -0.27 -0.02 -0.01  0.19 -0.01           1.00         0.19     0.39
GAS_US_mini   -0.15 -0.15  0.01    -0.03        0.02      0.10          0.13    0.21     0.05         0.16 -0.02  0.17 -0.12  0.09 -0.06           0.19         1.00     0.20
LIVECOW       -0.14 -0.15  0.11     0.10        0.11      0.08          0.24    0.09     0.17         0.25 -0.14  0.12  0.05  0.08  0.10           0.39         0.20     1.00


********************************************************************************
                                 END OF REPORT                                  
********************************************************************************


