
********************************************************************************
                    Risk report produced on 03/12/2024 22:52                    
********************************************************************************


Total risk across all strategies, annualised percentage 10.8
Percentage of capital used for margin 74.2%

========================================
Risk per strategy, annualised percentage
========================================

                  risk
dynamic_TF_carry  10.9


===================
Risk by asset class
===================

Ags       5.3
Equity    4.9
FX        3.2
Metals    2.3
OilGas    3.9
Other     0.8
Vol       2.1
dtype: float64


=====================================================
Beta loadings of asset class positions on asset class
=====================================================

FX       -0.54
OilGas   -0.14
Metals   -0.09
Vol      -0.04
Other     0.03
Equity    0.31
Ags       0.33
dtype: float64


========================================================
Beta loadings of full portfolio positions on asset class
========================================================

FX       -0.79
Vol      -0.19
OilGas   -0.15
Metals   -0.06
Other     0.00
Ags       0.25
Equity    0.45
dtype: float64


===================================================================================================================================================================================================================================================================
                                                                                                                          Instrument risk                                                                                                                          
===================================================================================================================================================================================================================================================================

               daily_price_stdev  annual_price_stdev     price  daily_perc_stdev  annual_perc_stdev  point_size_base  contract_exposure  daily_risk_per_contract  annual_risk_per_contract  position  capital  exposure_held_perc_capital  annual_risk_perc_capital
CHF                        0.006               0.089      1.13              0.49                7.8          98824.8             111780                      547                      8760        -2   586106                       -38.1                      -3.0
BRENT-LAST                 1.305              20.882     71.48              1.83               29.2            790.6              56511                     1031                     16509        -1   586106                        -9.6                      -2.8
ALUMINIUM                 42.479             679.667   2582.00              1.65               26.3             19.8              51033                      839                     13433        -1   586106                        -8.7                      -2.3
VIX                        0.495               7.913     15.95              3.10               49.6            790.6              12610                      390                      6255        -2   586106                        -4.3                      -2.1
GAS_US_mini                0.120               1.924      3.20              3.76               60.1           1976.5               6324                      237                      3802        -2   586106                        -2.2                      -1.3
FTSECHINAH               280.275            4484.397  13610.00              2.06               32.9              1.6              21520                      443                      7090        -1   586106                        -3.7                      -1.2
KOSDAQ                    23.201             371.215   1175.30              1.97               31.6              5.5               6493                      128                      2051        -3   586106                        -3.3                      -1.0
EUROSTX                   42.941             687.050   4838.00              0.89               14.2              8.3              40113                      356                      5696        -1   586106                        -6.8                      -1.0
CRUDE_W_micro              1.319              21.103     67.78              1.95               31.1             79.1               5358                      104                      1668        -3   586106                        -2.7                      -0.9
SOYMEAL                    3.844              61.512    288.00              1.33               21.4             79.1              22769                      303                      4863        -1   586106                        -3.9                      -0.8
CAD                        0.002               0.036      0.71              0.32                5.1          79059.8              56345                      179                      2869        -1   586106                        -9.6                      -0.5
IRON                       1.945              31.121    103.90              1.87               30.0             79.1               8214                      153                      2460        -1   586106                        -1.4                      -0.4
EURO600                    3.627              58.034    513.60              0.71               11.3             41.5              21292                      150                      2405        -1   586106                        -3.6                      -0.4
CANOLA                    10.517             168.274    593.50              1.77               28.4             11.3               6681                      118                      1894        -1   586106                        -1.1                      -0.3
MILLWHEAT                  2.610              41.768    223.00              1.17               18.7             41.5               9244                      108                      1731        -1   586106                        -1.6                      -0.3
MUMMY                     10.083             161.329    644.00              1.57               25.1              5.3               3392                       53                       849         1   586106                         0.6                       0.1
TOPIX                     29.065             465.035   2761.75              1.05               16.8              5.3              14548                      153                      2449         1   586106                         2.5                       0.4
GOLD_micro                28.819             461.104   2662.50              1.08               17.3              7.9              21049                      227                      3645         1   586106                         3.6                       0.6
RUSSELL                   29.089             465.419   2445.30              1.19               19.0              4.0               9666                      114                      1839         2   586106                         3.3                       0.6
RUBBER                     3.495              55.926    201.50              1.73               27.8             39.5               7965                      138                      2210         2   586106                         2.7                       0.8
HANG_mini                325.373            5205.966  19640.00              1.66               26.5              1.0              19950                      330                      5288         1   586106                         3.4                       0.9
MSCISING                   2.922              46.758    377.15              0.77               12.4             58.7              22145                      171                      2745         2   586106                         7.6                       0.9
LEANHOG                    1.146              18.340     88.00              1.30               20.8            316.2              27829                      362                      5799         1   586106                         4.7                       1.0
FANG                     146.388            2342.211  12601.20              1.16               18.6              4.0              49812                      578                      9258         1   586106                         8.5                       1.6
FTSETAIWAN                20.077             321.230   1916.75              1.05               16.8             31.6              60615                      634                     10158         1   586106                        10.3                       1.7
FEEDCOW                    1.855              29.683    255.65              0.73               11.6            395.3             101058                      733                     11733         1   586106                        17.2                       2.0
DOW                      320.159            5122.541  44950.00              0.71               11.4              0.4              17768                      126                      2024         7   586106                        21.2                       2.4
COCOA                    210.868            3373.891   9027.00              2.34               37.4              7.9              71367                     1667                     26673         1   586106                        12.2                       4.6

Sum of abs(notional exposure % capital) 198.4
Sum of abs(annualised risk % capital) 35.9
Net sum of annualised risk % capital -0.7 

===========================================================================================================================================================================================================================================================================
                                                                                                                               Correlations                                                                                                                                
===========================================================================================================================================================================================================================================================================

                DOW  EURO600  EUROSTX  FANG  FTSETAIWAN  KOSDAQ  MSCISING  MUMMY  RUSSELL  TOPIX  BRENT-LAST  CRUDE_W_micro  FEEDCOW  FTSECHINAH  HANG_mini  ALUMINIUM   CAD  CANOLA   CHF  GAS_US_mini  GOLD_micro  IRON  LEANHOG  MILLWHEAT  RUBBER  SOYMEAL  COCOA   VIX
DOW            1.00     0.63     0.47  0.43        0.42    0.45      0.42   0.66     0.86   0.53        0.21           0.21     0.34        0.28       0.29      -0.06  0.24   -0.12  0.07        -0.13        0.14 -0.01     0.12      -0.08   -0.06    -0.00  -0.02 -0.70
EURO600        0.63     1.00     0.91  0.35        0.49    0.51      0.34   0.54     0.57   0.52        0.16           0.13     0.29        0.37       0.40       0.14  0.41    0.02  0.20        -0.03        0.29 -0.01     0.20       0.08    0.09     0.10   0.00 -0.48
EUROSTX        0.47     0.91     1.00  0.44        0.45    0.48      0.28   0.49     0.43   0.53        0.14           0.10     0.20        0.35       0.33       0.21  0.37    0.11  0.15        -0.02        0.27  0.03     0.16       0.07    0.12     0.11   0.09 -0.39
FANG           0.43     0.35     0.44  1.00        0.61    0.40      0.46   0.45     0.32   0.52        0.09           0.08     0.15        0.09       0.05       0.04  0.10   -0.00 -0.19         0.05        0.07 -0.00    -0.21      -0.13   -0.11    -0.22   0.15 -0.60
FTSETAIWAN     0.42     0.49     0.45  0.61        1.00    0.51      0.46   0.49     0.36   0.53        0.37           0.37     0.28        0.28       0.29       0.15  0.23    0.13 -0.06        -0.01        0.24  0.03    -0.04      -0.05    0.07    -0.16   0.02 -0.45
KOSDAQ         0.45     0.51     0.48  0.40        0.51    1.00      0.26   0.42     0.41   0.47        0.23           0.22     0.16        0.28       0.30       0.01  0.18    0.04  0.00        -0.13       -0.02 -0.05    -0.03       0.05    0.07     0.07   0.07 -0.39
MSCISING       0.42     0.34     0.28  0.46        0.46    0.26      1.00   0.51     0.35   0.47        0.11           0.10     0.22        0.22       0.23       0.13  0.19    0.14 -0.22         0.16        0.13 -0.10     0.01       0.05   -0.11    -0.11   0.20 -0.50
MUMMY          0.66     0.54     0.49  0.45        0.49    0.42      0.51   1.00     0.66   0.79        0.26           0.25     0.32        0.22       0.21       0.01  0.22   -0.05 -0.02        -0.07        0.18  0.03     0.16      -0.10    0.03    -0.03   0.07 -0.51
RUSSELL        0.86     0.57     0.43  0.32        0.36    0.41      0.35   0.66     1.00   0.56        0.18           0.17     0.27        0.20       0.24       0.02  0.18   -0.01  0.05        -0.26        0.12  0.02     0.24      -0.10   -0.02    -0.03   0.02 -0.57
TOPIX          0.53     0.52     0.53  0.52        0.53    0.47      0.47   0.79     0.56   1.00        0.30           0.29     0.34        0.20       0.17       0.08  0.12    0.05 -0.25        -0.03        0.19  0.13     0.09      -0.04   -0.02    -0.13   0.05 -0.47
BRENT-LAST     0.21     0.16     0.14  0.09        0.37    0.23      0.11   0.26     0.18   0.30        1.00           0.99     0.49        0.26       0.23       0.23  0.16    0.19 -0.12         0.04        0.10  0.07     0.03       0.08    0.31     0.11  -0.03 -0.09
CRUDE_W_micro  0.21     0.13     0.10  0.08        0.37    0.22      0.10   0.25     0.17   0.29        0.99           1.00     0.49        0.26       0.22       0.18  0.15    0.19 -0.11         0.05        0.09  0.05     0.01       0.08    0.30     0.08  -0.05 -0.09
FEEDCOW        0.34     0.29     0.20  0.15        0.28    0.16      0.22   0.32     0.27   0.34        0.49           0.49     1.00        0.18       0.18       0.10  0.01    0.00 -0.15         0.07        0.12  0.14     0.22       0.05    0.12    -0.07  -0.06 -0.27
FTSECHINAH     0.28     0.37     0.35  0.09        0.28    0.28      0.22   0.22     0.20   0.20        0.26           0.26     0.18        1.00       0.95       0.38  0.42    0.24  0.16         0.23        0.25  0.35     0.18       0.36    0.49     0.35  -0.28 -0.12
HANG_mini      0.29     0.40     0.33  0.05        0.29    0.30      0.23   0.21     0.24   0.17        0.23           0.22     0.18        0.95       1.00       0.39  0.42    0.23  0.22         0.14        0.28  0.31     0.24       0.27    0.50     0.33  -0.33 -0.14
ALUMINIUM     -0.06     0.14     0.21  0.04        0.15    0.01      0.13   0.01     0.02   0.08        0.23           0.18     0.10        0.38       0.39       1.00  0.29    0.07  0.07         0.02        0.41  0.37     0.07       0.24    0.50     0.26  -0.13  0.09
CAD            0.24     0.41     0.37  0.10        0.23    0.18      0.19   0.22     0.18   0.12        0.16           0.15     0.01        0.42       0.42       0.29  1.00    0.05  0.47         0.07        0.35  0.14     0.01       0.10    0.22     0.24  -0.14 -0.13
CANOLA        -0.12     0.02     0.11 -0.00        0.13    0.04      0.14  -0.05    -0.01   0.05        0.19           0.19     0.00        0.24       0.23       0.07  0.05    1.00 -0.07         0.13        0.02  0.09     0.28       0.32    0.16     0.34   0.06  0.03
CHF            0.07     0.20     0.15 -0.19       -0.06    0.00     -0.22  -0.02     0.05  -0.25       -0.12          -0.11    -0.15        0.16       0.22       0.07  0.47   -0.07  1.00        -0.04        0.35  0.03     0.11      -0.08    0.25     0.24  -0.13  0.20
GAS_US_mini   -0.13    -0.03    -0.02  0.05       -0.01   -0.13      0.16  -0.07    -0.26  -0.03        0.04           0.05     0.07        0.23       0.14       0.02  0.07    0.13 -0.04         1.00        0.04 -0.08    -0.09       0.19    0.17     0.14  -0.07 -0.04
GOLD_micro     0.14     0.29     0.27  0.07        0.24   -0.02      0.13   0.18     0.12   0.19        0.10           0.09     0.12        0.25       0.28       0.41  0.35    0.02  0.35         0.04        1.00  0.13     0.15       0.04    0.14     0.06  -0.07  0.05
IRON          -0.01    -0.01     0.03 -0.00        0.03   -0.05     -0.10   0.03     0.02   0.13        0.07           0.05     0.14        0.35       0.31       0.37  0.14    0.09  0.03        -0.08        0.13  1.00     0.17       0.20    0.36     0.26  -0.02  0.08
LEANHOG        0.12     0.20     0.16 -0.21       -0.04   -0.03      0.01   0.16     0.24   0.09        0.03           0.01     0.22        0.18       0.24       0.07  0.01    0.28  0.11        -0.09        0.15  0.17     1.00       0.08    0.14     0.17   0.11 -0.01
MILLWHEAT     -0.08     0.08     0.07 -0.13       -0.05    0.05      0.05  -0.10    -0.10  -0.04        0.08           0.08     0.05        0.36       0.27       0.24  0.10    0.32 -0.08         0.19        0.04  0.20     0.08       1.00    0.14     0.49  -0.07  0.10
RUBBER        -0.06     0.09     0.12 -0.11        0.07    0.07     -0.11   0.03    -0.02  -0.02        0.31           0.30     0.12        0.49       0.50       0.50  0.22    0.16  0.25         0.17        0.14  0.36     0.14       0.14    1.00     0.34  -0.09  0.09
SOYMEAL       -0.00     0.10     0.11 -0.22       -0.16    0.07     -0.11  -0.03    -0.03  -0.13        0.11           0.08    -0.07        0.35       0.33       0.26  0.24    0.34  0.24         0.14        0.06  0.26     0.17       0.49    0.34     1.00  -0.07  0.14
COCOA         -0.02     0.00     0.09  0.15        0.02    0.07      0.20   0.07     0.02   0.05       -0.03          -0.05    -0.06       -0.28      -0.33      -0.13 -0.14    0.06 -0.13        -0.07       -0.07 -0.02     0.11      -0.07   -0.09    -0.07   1.00 -0.02
VIX           -0.70    -0.48    -0.39 -0.60       -0.45   -0.39     -0.50  -0.51    -0.57  -0.47       -0.09          -0.09    -0.27       -0.12      -0.14       0.09 -0.13    0.03  0.20        -0.04        0.05  0.08    -0.01       0.10    0.09     0.14  -0.02  1.00


********************************************************************************
                                 END OF REPORT                                  
********************************************************************************


