
********************************************************************************
                    Risk report produced on 01/01/2026 22:53                    
********************************************************************************


Total risk across all strategies, annualised percentage 16.5
Percentage of capital used for margin 42.3%

========================================
Risk per strategy, annualised percentage
========================================

                  risk
dynamic_TF_carry  16.5


===================
Risk by asset class
===================

Ags        1.0
Bond       1.9
Equity    11.8
FX         3.8
Metals     4.6
OilGas     4.3
dtype: float64


=====================================================
Beta loadings of asset class positions on asset class
=====================================================

Bond     -0.27
OilGas   -0.09
Ags      -0.01
Metals    0.02
FX        0.27
Equity    1.19
dtype: float64


========================================================
Beta loadings of full portfolio positions on asset class
========================================================

Bond     -0.50
OilGas   -0.04
Metals    0.25
Ags       0.28
FX        1.20
Equity    1.28
dtype: float64


===================================================================================================================================================================================================================================================================
                                                                                                                          Instrument risk                                                                                                                          
===================================================================================================================================================================================================================================================================

               daily_price_stdev  annual_price_stdev     price  daily_perc_stdev  annual_perc_stdev  point_size_base  contract_exposure  daily_risk_per_contract  annual_risk_per_contract  position  capital  exposure_held_perc_capital  annual_risk_perc_capital
GAS-PEN                    0.152               2.435      3.69              4.13               66.1           7432.0              27394                     1131                     18100        -1   641415                        -4.3                      -2.8
BITCOIN                 2334.595           37353.518  88085.00              2.65               42.4              0.1               6546                      173                      2776        -5   641415                        -5.1                      -2.2
JPY                        0.000               0.001      0.01              0.54                8.7        9290054.1              59670                      323                      5178        -2   641415                       -18.6                      -1.6
BUXL                       0.703              11.245    110.12              0.64               10.2            872.2              96050                      613                      9808        -1   641415                       -15.0                      -1.5
GAS_US_mini                0.155               2.482      3.71              4.18               66.9           1858.0               6893                      288                      4611        -2   641415                        -2.1                      -1.4
RICE                       0.157               2.518      9.94              1.58               25.3           1486.4              14782                      233                      3742        -1   641415                        -2.3                      -0.6
WHEAT                      5.950              95.200    564.00              1.05               16.9             37.2              20958                      221                      3537        -1   641415                        -3.3                      -0.6
CAD10                      0.391               6.248    120.91              0.32                5.2            542.4              65580                      211                      3388        -1   641415                       -10.2                      -0.5
CRUDE_W_micro              0.925              14.800     57.23              1.62               25.9             74.3               4253                       68                      1099        -2   641415                        -1.3                      -0.3
KRWUSD_mini                0.004               0.071      0.69              0.64               10.3          18580.1              12857                       82                      1326        -1   641415                        -2.0                      -0.2
AUD_micro                  0.003               0.044      0.67              0.42                6.7           7432.0               4960                       20                       330         1   641415                         0.8                       0.1
CAD                        0.002               0.033      0.73              0.28                4.5          74320.4              54324                      154                      2470         1   641415                         8.5                       0.4
MXP                        0.000               0.004      0.06              0.41                6.6         371602.2              20493                       84                      1356         2   641415                         6.4                       0.4
FTSECHINAA               130.502            2088.036  15280.00              0.85               13.7              0.7              11356                       96                      1551         2   641415                         3.5                       0.5
TOPIX                     29.639             474.223   3413.50              0.87               13.9              4.7              16197                      140                      2250         2   641415                         5.1                       0.7
LEANHOG                    0.989              15.827     89.88              1.10               17.6            297.3              26718                      294                      4705         1   641415                         4.2                       0.7
RUSSELL                   27.708             443.331   2498.00              1.11               17.7              3.7               9282                      102                      1647         4   641415                         5.8                       1.0
GBP                        0.005               0.077      1.35              0.36                5.7          46450.3              62582                      222                      3566         2   641415                        19.5                       1.1
YENEUR                     0.775              12.395    183.53              0.42                6.8            593.1             108857                      459                      7352         2   641415                        33.9                       2.3
MSCITAIWAN                13.821             221.135   1266.30              1.09               17.5             74.3              94111                     1027                     16434         1   641415                        14.7                       2.6
AEX                        6.572             105.146    952.05              0.69               11.0            174.4             166081                     1146                     18342         1   641415                        25.9                       2.9
MIB                      321.152            5138.429  45055.00              0.71               11.4              4.4             196492                     1400                     22409         1   641415                        30.6                       3.5
MSCIEAFA                  20.599             329.580   2902.10              0.71               11.4             37.2             107842                      765                     12247         2   641415                        33.6                       3.8
SILVER                     2.264              36.225     70.98              3.19               51.0            743.2              52756                     1682                     26922         1   641415                         8.2                       4.2

Sum of abs(notional exposure % capital) 264.9
Sum of abs(annualised risk % capital) 35.9
Net sum of annualised risk % capital 12.5 

============================================================================================================================================================================================================================
                                                                                                        Correlations                                                                                                        
============================================================================================================================================================================================================================

                AEX  AUD_micro  BITCOIN  FTSECHINAA   MIB  MSCIEAFA  MSCITAIWAN   MXP  RUSSELL  SILVER  TOPIX  GAS-PEN  GAS_US_mini  CRUDE_W_micro  LEANHOG  WHEAT  YENEUR  BUXL  CAD10   CAD   GBP   JPY  KRWUSD_mini  RICE
AEX            1.00       0.37     0.31        0.42  0.75      0.63        0.41  0.25     0.65    0.35   0.51     0.07         0.07           0.24     0.21   0.07    0.05 -0.12  -0.01 -0.04  0.19 -0.05         0.07  0.00
AUD_micro      0.37       1.00     0.27        0.40  0.38      0.74        0.32  0.45     0.47    0.51   0.37     0.09         0.13           0.12     0.25   0.26    0.12 -0.18  -0.30  0.65  0.64  0.33         0.57  0.25
BITCOIN        0.31       0.27     1.00        0.16  0.28      0.26        0.32  0.10     0.38    0.04   0.17    -0.05        -0.04          -0.03     0.10  -0.05   -0.06 -0.06   0.02  0.11  0.16  0.15         0.20 -0.02
FTSECHINAA     0.42       0.40     0.16        1.00  0.34      0.43        0.14  0.34     0.40    0.30   0.27     0.10         0.12           0.18     0.13   0.17    0.08 -0.09  -0.14  0.19  0.26  0.07         0.17 -0.07
MIB            0.75       0.38     0.28        0.34  1.00      0.68        0.33  0.25     0.52    0.40   0.61    -0.01         0.00           0.15     0.26   0.01    0.15 -0.26  -0.09 -0.10  0.22 -0.12         0.07  0.12
MSCIEAFA       0.63       0.74     0.26        0.43  0.68      1.00        0.30  0.39     0.66    0.50   0.58    -0.01         0.00           0.05     0.26   0.10    0.17 -0.14  -0.25  0.34  0.55  0.18         0.35  0.18
MSCITAIWAN     0.41       0.32     0.32        0.14  0.33      0.30        1.00  0.19     0.47    0.17   0.47     0.09         0.10           0.20     0.13   0.09    0.07 -0.09  -0.01  0.11  0.14 -0.13         0.11 -0.03
MXP            0.25       0.45     0.10        0.34  0.25      0.39        0.19  1.00     0.28    0.36   0.19    -0.08        -0.06           0.11     0.16   0.11    0.28 -0.21  -0.16  0.33  0.46  0.10         0.21 -0.04
RUSSELL        0.65       0.47     0.38        0.40  0.52      0.66        0.47  0.28     1.00    0.31   0.47    -0.07        -0.08           0.14     0.33   0.11    0.02 -0.00  -0.06  0.15  0.26  0.01         0.16 -0.03
SILVER         0.35       0.51     0.04        0.30  0.40      0.50        0.17  0.36     0.31    1.00   0.16    -0.08        -0.04           0.20     0.30   0.20    0.21 -0.12  -0.27  0.22  0.33  0.04         0.26  0.22
TOPIX          0.51       0.37     0.17        0.27  0.61      0.58        0.47  0.19     0.47    0.16   1.00    -0.05        -0.06           0.14     0.16  -0.10    0.33 -0.18  -0.02 -0.06  0.21 -0.29        -0.07 -0.07
GAS-PEN        0.07       0.09    -0.05        0.10 -0.01     -0.01        0.09 -0.08    -0.07   -0.08  -0.05     1.00         0.97           0.21    -0.13   0.18   -0.07 -0.19  -0.20  0.07 -0.05 -0.02         0.07  0.06
GAS_US_mini    0.07       0.13    -0.04        0.12  0.00      0.00        0.10 -0.06    -0.08   -0.04  -0.06     0.97         1.00           0.20    -0.11   0.16   -0.05 -0.21  -0.25  0.09 -0.01 -0.02         0.09  0.09
CRUDE_W_micro  0.24       0.12    -0.03        0.18  0.15      0.05        0.20  0.11     0.14    0.20   0.14     0.21         0.20           1.00     0.28   0.28    0.12 -0.04  -0.23  0.04 -0.20 -0.25        -0.12 -0.03
LEANHOG        0.21       0.25     0.10        0.13  0.26      0.26        0.13  0.16     0.33    0.30   0.16    -0.13        -0.11           0.28     1.00   0.17    0.18 -0.11  -0.17  0.15  0.19 -0.04         0.11  0.11
WHEAT          0.07       0.26    -0.05        0.17  0.01      0.10        0.09  0.11     0.11    0.20  -0.10     0.18         0.16           0.28     0.17   1.00   -0.01  0.06  -0.18  0.30 -0.07  0.03         0.22  0.10
YENEUR         0.05       0.12    -0.06        0.08  0.15      0.17        0.07  0.28     0.02    0.21   0.33    -0.07        -0.05           0.12     0.18  -0.01    1.00 -0.46  -0.42  0.06  0.08 -0.68        -0.16 -0.01
BUXL          -0.12      -0.18    -0.06       -0.09 -0.26     -0.14       -0.09 -0.21    -0.00   -0.12  -0.18    -0.19        -0.21          -0.04    -0.11   0.06   -0.46  1.00   0.52 -0.05 -0.18  0.19         0.07 -0.11
CAD10         -0.01      -0.30     0.02       -0.14 -0.09     -0.25       -0.01 -0.16    -0.06   -0.27  -0.02    -0.20        -0.25          -0.23    -0.17  -0.18   -0.42  0.52   1.00 -0.35  0.03  0.27         0.00 -0.15
CAD           -0.04       0.65     0.11        0.19 -0.10      0.34        0.11  0.33     0.15    0.22  -0.06     0.07         0.09           0.04     0.15   0.30    0.06 -0.05  -0.35  1.00  0.49  0.40         0.52  0.18
GBP            0.19       0.64     0.16        0.26  0.22      0.55        0.14  0.46     0.26    0.33   0.21    -0.05        -0.01          -0.20     0.19  -0.07    0.08 -0.18   0.03  0.49  1.00  0.55         0.53  0.15
JPY           -0.05       0.33     0.15        0.07 -0.12      0.18       -0.13  0.10     0.01    0.04  -0.29    -0.02        -0.02          -0.25    -0.04   0.03   -0.68  0.19   0.27  0.40  0.55  1.00         0.55  0.14
KRWUSD_mini    0.07       0.57     0.20        0.17  0.07      0.35        0.11  0.21     0.16    0.26  -0.07     0.07         0.09          -0.12     0.11   0.22   -0.16  0.07   0.00  0.52  0.53  0.55         1.00  0.26
RICE           0.00       0.25    -0.02       -0.07  0.12      0.18       -0.03 -0.04    -0.03    0.22  -0.07     0.06         0.09          -0.03     0.11   0.10   -0.01 -0.11  -0.15  0.18  0.15  0.14         0.26  1.00


********************************************************************************
                                 END OF REPORT                                  
********************************************************************************


