
********************************************************************************
                    Risk report produced on 23/07/2025 22:53                    
********************************************************************************


Total risk across all strategies, annualised percentage 15.6
Percentage of capital used for margin 44.8%

========================================
Risk per strategy, annualised percentage
========================================

                  risk
dynamic_TF_carry  15.7


===================
Risk by asset class
===================

Ags       3.7
Bond      2.0
Equity    9.2
FX        3.9
Metals    3.2
OilGas    3.0
dtype: float64


=====================================================
Beta loadings of asset class positions on asset class
=====================================================

Bond     -0.10
OilGas   -0.06
Metals    0.10
FX        0.17
Ags       0.19
Equity    0.59
dtype: float64


========================================================
Beta loadings of full portfolio positions on asset class
========================================================

Bond     -0.57
OilGas   -0.00
Metals    0.28
Ags       0.54
Equity    0.85
FX        1.49
dtype: float64


===================================================================================================================================================================================================================================================================
                                                                                                                          Instrument risk                                                                                                                          
===================================================================================================================================================================================================================================================================

               daily_price_stdev  annual_price_stdev     price  daily_perc_stdev  annual_perc_stdev  point_size_base  contract_exposure  daily_risk_per_contract  annual_risk_per_contract  position  capital  exposure_held_perc_capital  annual_risk_perc_capital
JPY                        0.000               0.001      0.01              0.60                9.6        9242998.4              63485                      381                      6096        -3   564784                       -33.7                      -3.2
GAS-PEN                    0.118               1.886      3.12              3.78               60.5           7394.4              23055                      871                     13943        -1   564784                        -4.1                      -2.5
CAD10                      0.443               7.094    119.57              0.37                5.9            543.3              64968                      240                      3854        -2   564784                       -23.0                      -1.4
DOW                      329.432            5270.919  45166.00              0.73               11.7              0.4              16698                      121                      1948        -3   564784                        -8.9                      -1.0
US10U                      0.437               6.995    112.86              0.39                6.2            739.4              83452                      323                      5172        -1   564784                       -14.8                      -0.9
WHEAT                      8.548             136.771    562.00              1.52               24.3             37.0              20778                      316                      5056        -1   564784                        -3.7                      -0.9
DX                         0.392               6.270     96.94              0.40                6.5            739.4              71681                      289                      4636        -1   564784                       -12.7                      -0.8
RICE                       0.164               2.616     12.53              1.30               20.9           1478.9              18530                      241                      3869        -1   564784                        -3.3                      -0.7
GAS_US_mini                0.119               1.903      3.12              3.82               61.1           1848.6               5758                      219                      3517        -1   564784                        -1.0                      -0.6
KRWUSD_mini                0.005               0.072      0.73              0.62                9.9          18486.0              13443                       83                      1331        -2   564784                        -4.8                      -0.5
MUMMY                      9.773             156.373    746.00              1.31               21.0              5.0               3747                       49                       785         1   564784                         0.7                       0.1
CRUDE_W_micro              1.292              20.669     64.61              2.00               32.0             73.9               4777                       95                      1528         1   564784                         0.8                       0.3
KOSDAQ                    18.710             299.366   1362.50              1.37               22.0              5.3               7276                       99                      1598         1   564784                         1.3                       0.3
MXP                        0.000               0.004      0.05              0.51                8.2         369719.9              19839                      101                      1617         1   564784                         3.5                       0.3
CAD                        0.003               0.040      0.74              0.34                5.4          73944.0              54522                      185                      2965         1   564784                         9.7                       0.5
RUSSELL                   25.553             408.847   2287.70              1.12               17.9              3.7               8458                       94                      1511         2   564784                         3.0                       0.5
CANOLA                    11.031             176.497    698.40              1.58               25.3             10.9               7589                      119                      1917         2   564784                         2.7                       0.7
GBP                        0.006               0.090      1.36              0.41                6.6          46215.0              62792                      259                      4144         1   564784                        11.1                       0.7
NASDAQ_micro             189.986            3039.779  23294.00              0.82               13.0              1.5              34449                      280                      4495         1   564784                         6.1                       0.8
LEANHOG                    1.202              19.233     90.85              1.32               21.2            295.8              26871                      355                      5688         1   564784                         4.8                       1.0
YENEUR                     0.700              11.206    171.99              0.41                6.5            627.9             108000                      439                      7036         1   564784                        19.1                       1.2
BTP                        0.404               6.459    121.38              0.33                5.3            867.4             105284                      350                      5602         2   564784                        37.3                       2.0
FEEDCOW                    2.856              45.701    332.30              0.86               13.8            369.7             122857                     1056                     16896         1   564784                        21.8                       3.0
PLAT                      30.573             489.169   1454.10              2.10               33.6             37.0              53760                     1130                     18085         1   564784                         9.5                       3.2
MIB                      337.482            5399.710  40870.00              0.83               13.2              4.3             177252                     1463                     23418         1   564784                        31.4                       4.1
MSCIEAFA                  24.272             388.360   2734.00              0.89               14.2             37.0             101081                      897                     14358         2   564784                        35.8                       5.1

Sum of abs(notional exposure % capital) 308.6
Sum of abs(annualised risk % capital) 36.3
Net sum of annualised risk % capital 11.3 

==================================================================================================================================================================================================================================
                                                                                                           Correlations                                                                                                           
==================================================================================================================================================================================================================================

                CAD   GBP  KRWUSD_mini   BTP  CAD10   JPY  US10U  CRUDE_W_micro   DOW  FEEDCOW  KOSDAQ  LEANHOG   MIB  MSCIEAFA  MUMMY   MXP  NASDAQ_micro  PLAT  RUSSELL  YENEUR  CANOLA  GAS-PEN  GAS_US_mini  RICE  WHEAT    DX
CAD            1.00  0.52         0.57  0.27  -0.19  0.45  -0.05          -0.06  0.02     0.08    0.34     0.17  0.03      0.30   0.19  0.34          0.10  0.08     0.05    0.03    0.07    -0.09        -0.08  0.01   0.21 -0.61
GBP            0.52  1.00         0.39  0.32   0.21  0.47   0.18          -0.05  0.26     0.16    0.27     0.21  0.41      0.61   0.34  0.43          0.29  0.24     0.18    0.14   -0.01    -0.20        -0.18  0.09   0.01 -0.65
KRWUSD_mini    0.57  0.39         1.00  0.20  -0.07  0.49   0.01          -0.28  0.09     0.08    0.14     0.10  0.06      0.37   0.10  0.23          0.07  0.06     0.01   -0.12   -0.06    -0.19        -0.19  0.13   0.05 -0.52
BTP            0.27  0.32         0.20  1.00   0.54  0.37   0.40          -0.08  0.21    -0.06    0.12     0.06  0.13      0.16   0.12  0.16          0.24  0.16     0.23   -0.37    0.09    -0.24        -0.25  0.01  -0.08 -0.05
CAD10         -0.19  0.21        -0.07  0.54   1.00  0.35   0.70          -0.26  0.04    -0.35   -0.20    -0.21 -0.06     -0.06  -0.18 -0.14          0.00 -0.08     0.00   -0.43   -0.21    -0.02        -0.08 -0.09  -0.18  0.02
JPY            0.45  0.47         0.49  0.37   0.35  1.00   0.45          -0.29 -0.16    -0.27   -0.17     0.07 -0.15      0.14  -0.16 -0.01         -0.24 -0.04    -0.24   -0.67   -0.10    -0.26        -0.28  0.21   0.05 -0.64
US10U         -0.05  0.18         0.01  0.40   0.70  0.45   1.00          -0.23 -0.00    -0.21   -0.26    -0.13 -0.09     -0.01  -0.27 -0.14         -0.10  0.00    -0.01   -0.44   -0.12     0.01        -0.02 -0.10  -0.28 -0.16
CRUDE_W_micro -0.06 -0.05        -0.28 -0.08  -0.26 -0.29  -0.23           1.00  0.19     0.28    0.23     0.31  0.40      0.23   0.42  0.22          0.25  0.28     0.22    0.15    0.15     0.16         0.20  0.07   0.03  0.23
DOW            0.02  0.26         0.09  0.21   0.04 -0.16  -0.00           0.19  1.00     0.35    0.31     0.22  0.73      0.67   0.55  0.24          0.84  0.27     0.86    0.12   -0.03     0.07         0.06 -0.07  -0.12  0.15
FEEDCOW        0.08  0.16         0.08 -0.06  -0.35 -0.27  -0.21           0.28  0.35     1.00    0.35     0.24  0.44      0.48   0.41  0.34          0.30  0.32     0.30    0.35   -0.02     0.10         0.15  0.09  -0.21 -0.06
KOSDAQ         0.34  0.27         0.14  0.12  -0.20 -0.17  -0.26           0.23  0.31     0.35    1.00     0.14  0.43      0.45   0.61  0.32          0.47  0.25     0.37    0.34    0.02    -0.00         0.01 -0.07   0.11 -0.06
LEANHOG        0.17  0.21         0.10  0.06  -0.21  0.07  -0.13           0.31  0.22     0.24    0.14     1.00  0.26      0.30   0.26  0.11          0.19  0.22     0.21    0.07    0.26     0.01         0.03  0.09   0.32 -0.18
MIB            0.03  0.41         0.06  0.13  -0.06 -0.15  -0.09           0.40  0.73     0.44    0.43     0.26  1.00      0.82   0.69  0.39          0.69  0.38     0.64    0.22    0.03     0.07         0.12  0.01  -0.04  0.05
MSCIEAFA       0.30  0.61         0.37  0.16  -0.06  0.14  -0.01           0.23  0.67     0.48    0.45     0.30  0.82      1.00   0.70  0.40          0.61  0.33     0.55    0.13   -0.03     0.12         0.15  0.10  -0.05 -0.35
MUMMY          0.19  0.34         0.10  0.12  -0.18 -0.16  -0.27           0.42  0.55     0.41    0.61     0.26  0.69      0.70   1.00  0.32          0.55  0.34     0.51    0.27    0.05     0.10         0.14  0.05  -0.02 -0.03
MXP            0.34  0.43         0.23  0.16  -0.14 -0.01  -0.14           0.22  0.24     0.34    0.32     0.11  0.39      0.40   0.32  1.00          0.37  0.36     0.26    0.35   -0.07    -0.03         0.00 -0.11   0.13 -0.22
NASDAQ_micro   0.10  0.29         0.07  0.24   0.00 -0.24  -0.10           0.25  0.84     0.30    0.47     0.19  0.69      0.61   0.55  0.37          1.00  0.30     0.80    0.21    0.03     0.01        -0.01 -0.12  -0.03  0.17
PLAT           0.08  0.24         0.06  0.16  -0.08 -0.04   0.00           0.28  0.27     0.32    0.25     0.22  0.38      0.33   0.34  0.36          0.30  1.00     0.30    0.12    0.08    -0.05        -0.02  0.14   0.19 -0.05
RUSSELL        0.05  0.18         0.01  0.23   0.00 -0.24  -0.01           0.22  0.86     0.30    0.37     0.21  0.64      0.55   0.51  0.26          0.80  0.30     1.00    0.12   -0.08     0.04         0.01 -0.07  -0.02  0.15
YENEUR         0.03  0.14        -0.12 -0.37  -0.43 -0.67  -0.44           0.15  0.12     0.35    0.34     0.07  0.22      0.13   0.27  0.35          0.21  0.12     0.12    1.00    0.06     0.10         0.14 -0.14   0.04  0.04
CANOLA         0.07 -0.01        -0.06  0.09  -0.21 -0.10  -0.12           0.15 -0.03    -0.02    0.02     0.26  0.03     -0.03   0.05 -0.07          0.03  0.08    -0.08    0.06    1.00     0.07         0.08 -0.04   0.05 -0.01
GAS-PEN       -0.09 -0.20        -0.19 -0.24  -0.02 -0.26   0.01           0.16  0.07     0.10   -0.00     0.01  0.07      0.12   0.10 -0.03          0.01 -0.05     0.04    0.10    0.07     1.00         0.97  0.05   0.11  0.10
GAS_US_mini   -0.08 -0.18        -0.19 -0.25  -0.08 -0.28  -0.02           0.20  0.06     0.15    0.01     0.03  0.12      0.15   0.14  0.00         -0.01 -0.02     0.01    0.14    0.08     0.97         1.00  0.02   0.09  0.11
RICE           0.01  0.09         0.13  0.01  -0.09  0.21  -0.10           0.07 -0.07     0.09   -0.07     0.09  0.01      0.10   0.05 -0.11         -0.12  0.14    -0.07   -0.14   -0.04     0.05         0.02  1.00   0.08 -0.21
WHEAT          0.21  0.01         0.05 -0.08  -0.18  0.05  -0.28           0.03 -0.12    -0.21    0.11     0.32 -0.04     -0.05  -0.02  0.13         -0.03  0.19    -0.02    0.04    0.05     0.11         0.09  0.08   1.00 -0.10
DX            -0.61 -0.65        -0.52 -0.05   0.02 -0.64  -0.16           0.23  0.15    -0.06   -0.06    -0.18  0.05     -0.35  -0.03 -0.22          0.17 -0.05     0.15    0.04   -0.01     0.10         0.11 -0.21  -0.10  1.00


********************************************************************************
                                 END OF REPORT                                  
********************************************************************************


