
********************************************************************************
                    Risk report produced on 12/03/2025 22:53                    
********************************************************************************


Total risk across all strategies, annualised percentage 9.9
Percentage of capital used for margin 68.4%

========================================
Risk per strategy, annualised percentage
========================================

                  risk
dynamic_TF_carry   9.9


===================
Risk by asset class
===================

Ags       3.2
Bond      3.1
Equity    5.1
FX        2.5
Metals    2.0
OilGas    2.3
Vol       1.3
dtype: float64


=====================================================
Beta loadings of asset class positions on asset class
=====================================================

Bond     -0.16
OilGas   -0.09
Metals   -0.08
Vol      -0.03
Ags       0.04
Equity    0.15
FX        0.27
dtype: float64


========================================================
Beta loadings of full portfolio positions on asset class
========================================================

Bond     -0.22
OilGas   -0.09
Vol      -0.04
Metals    0.00
Ags       0.04
Equity    0.21
FX        0.30
dtype: float64


==================================================================================================================================================================================================================================================================
                                                                                                                         Instrument risk                                                                                                                          
==================================================================================================================================================================================================================================================================

              daily_price_stdev  annual_price_stdev     price  daily_perc_stdev  annual_perc_stdev  point_size_base  contract_exposure  daily_risk_per_contract  annual_risk_per_contract  position  capital  exposure_held_perc_capital  annual_risk_perc_capital
BUXL                      1.529              24.457    117.04              1.31               20.9            843.2              98693                     1288                     20623        -1   578748                       -17.1                      -3.6
LEANHOG                   1.455              23.273     98.82              1.47               23.5            309.7              30604                      450                      7207        -2   578748                       -10.6                      -2.5
BRENT-LAST                1.072              17.154     70.45              1.52               24.3            774.2              54542                      830                     13281        -1   578748                        -9.4                      -2.3
BITCOIN                2722.442           43559.068  83435.00              3.26               52.2              0.1               6459                      210                      3372        -3   578748                        -3.3                      -1.7
VIX                       0.614               9.829     21.30              2.88               46.1            774.2              16490                      475                      7609        -1   578748                        -2.8                      -1.3
RUSSELL                  23.697             379.156   2027.40              1.17               18.7              3.9               7848                       91                      1467        -5   578748                        -6.8                      -1.3
COPPER-micro              0.075               1.200      4.85              1.55               24.8           1935.5               9382                      145                      2322        -3   578748                        -4.9                      -1.2
SP500_micro              51.831             829.292   5601.00              0.93               14.8              3.9              21681                      200                      3210        -2   578748                        -7.5                      -1.1
NZD                       0.004               0.057      0.57              0.62               10.0          77420.4              44443                      277                      4436        -1   578748                        -7.7                      -0.8
CAD                       0.003               0.042      0.70              0.37                6.0          77420.4              54105                      202                      3243        -1   578748                        -9.3                      -0.6
DOW                     335.060            5360.962  41719.00              0.80               12.9              0.4              16149                      129                      2075        -1   578748                        -2.8                      -0.4
MUMMY                     8.988             143.802    641.00              1.40               22.4              5.2               3345                       46                       750         1   578748                         0.6                       0.1
TOPIX                    23.656             378.495   2699.25              0.88               14.0              5.2              14085                      123                      1975         1   578748                         2.4                       0.3
CAD10                     0.613               9.809    123.45              0.50                7.9            535.3              66077                      328                      5250         1   578748                        11.4                       0.9
MSCISING                  4.161              66.584    385.75              1.08               17.3             58.0              22390                      241                      3864         3   578748                        11.6                       2.0
FEEDCOW                   2.340              37.432    281.95              0.83               13.3            387.1             109143                      905                     14489         1   578748                        18.9                       2.5
GBP                       0.006               0.092      1.30              0.44                7.1          48387.7              62739                      277                      4439         4   578748                        43.4                       3.1
MIB                     397.436            6358.980  38255.00              1.04               16.6              4.2             161292                     1675                     26810         1   578748                        27.9                       4.6

Sum of abs(notional exposure % capital) 198.4
Sum of abs(annualised risk % capital) 30.3
Net sum of annualised risk % capital -3.3 

================================================================================================================================================================
                                                                          Correlations                                                                          
================================================================================================================================================================

              BITCOIN   DOW   MIB  MSCISING  MUMMY  RUSSELL  SP500_micro  TOPIX  BRENT-LAST  COPPER-micro  FEEDCOW  LEANHOG  BUXL  CAD10   CAD   GBP   NZD   VIX
BITCOIN          1.00  0.50  0.28      0.44   0.29     0.61         0.53   0.34        0.06         -0.13     0.03    -0.06  0.16   0.12  0.08  0.11  0.08 -0.53
DOW              0.50  1.00  0.46      0.58   0.47     0.88         0.84   0.43       -0.10          0.01     0.11     0.09  0.26   0.13  0.23  0.16  0.18 -0.72
MIB              0.28  0.46  1.00      0.51   0.45     0.42         0.50   0.54       -0.03          0.27     0.12    -0.05 -0.11  -0.00  0.16  0.31  0.22 -0.50
MSCISING         0.44  0.58  0.51      1.00   0.65     0.60         0.63   0.60        0.03          0.26     0.22    -0.01  0.02   0.03  0.26  0.23  0.22 -0.66
MUMMY            0.29  0.47  0.45      0.65   1.00     0.48         0.50   0.82        0.23          0.23     0.23     0.04 -0.09  -0.16  0.21  0.08  0.08 -0.63
RUSSELL          0.61  0.88  0.42      0.60   0.48     1.00         0.83   0.43       -0.00          0.09     0.07     0.13  0.26   0.06  0.33  0.23  0.24 -0.67
SP500_micro      0.53  0.84  0.50      0.63   0.50     0.83         1.00   0.50        0.04          0.10     0.07     0.02  0.28   0.10  0.29  0.22  0.24 -0.80
TOPIX            0.34  0.43  0.54      0.60   0.82     0.43         0.50   1.00        0.19          0.10     0.31    -0.06 -0.22  -0.20  0.07  0.16  0.02 -0.65
BRENT-LAST       0.06 -0.10 -0.03      0.03   0.23    -0.00         0.04   0.19        1.00          0.31     0.16     0.11 -0.06  -0.36  0.15 -0.29 -0.19  0.06
COPPER-micro    -0.13  0.01  0.27      0.26   0.23     0.09         0.10   0.10        0.31          1.00     0.06     0.23 -0.05  -0.13  0.29  0.10  0.24 -0.03
FEEDCOW          0.03  0.11  0.12      0.22   0.23     0.07         0.07   0.31        0.16          0.06     1.00     0.19 -0.28  -0.31 -0.03 -0.00  0.03 -0.12
LEANHOG         -0.06  0.09 -0.05     -0.01   0.04     0.13         0.02  -0.06        0.11          0.23     0.19     1.00 -0.06  -0.26  0.27 -0.01  0.20 -0.00
BUXL             0.16  0.26 -0.11      0.02  -0.09     0.26         0.28  -0.22       -0.06         -0.05    -0.28    -0.06  1.00   0.61  0.10 -0.05  0.03 -0.05
CAD10            0.12  0.13 -0.00      0.03  -0.16     0.06         0.10  -0.20       -0.36         -0.13    -0.31    -0.26  0.61   1.00 -0.02  0.38  0.22  0.01
CAD              0.08  0.23  0.16      0.26   0.21     0.33         0.29   0.07        0.15          0.29    -0.03     0.27  0.10  -0.02  1.00  0.38  0.66 -0.25
GBP              0.11  0.16  0.31      0.23   0.08     0.23         0.22   0.16       -0.29          0.10    -0.00    -0.01 -0.05   0.38  0.38  1.00  0.69 -0.12
NZD              0.08  0.18  0.22      0.22   0.08     0.24         0.24   0.02       -0.19          0.24     0.03     0.20  0.03   0.22  0.66  0.69  1.00 -0.19
VIX             -0.53 -0.72 -0.50     -0.66  -0.63    -0.67        -0.80  -0.65        0.06         -0.03    -0.12    -0.00 -0.05   0.01 -0.25 -0.12 -0.19  1.00


********************************************************************************
                                 END OF REPORT                                  
********************************************************************************


