
********************************************************************************
                    Risk report produced on 18/09/2023 22:52                    
********************************************************************************


Total risk across all strategies, annualised percentage 14.7
Percentage of capital used for margin 57.1%

========================================
Risk per strategy, annualised percentage
========================================

                  risk
dynamic_TF_carry  14.6


===================
Risk by asset class
===================

Ags       3.5
Bond      9.1
Equity    3.0
FX        2.5
OilGas    1.0
Sector    2.7
Vol       1.6
dtype: float64


=====================================================
Beta loadings of asset class positions on asset class
=====================================================

Bond     -1.55
FX       -0.14
Vol      -0.03
OilGas   -0.02
Equity    0.14
Sector    0.16
Ags       0.28
dtype: float64


========================================================
Beta loadings of full portfolio positions on asset class
========================================================

Bond     -1.82
FX       -0.70
Vol      -0.13
OilGas   -0.00
Equity    0.24
Sector    0.29
Ags       0.47
dtype: float64


==================================================================================================================================================================================================================================================================
                                                                                                                         Instrument risk                                                                                                                          
==================================================================================================================================================================================================================================================================

              daily_price_stdev  annual_price_stdev     price  daily_perc_stdev  annual_perc_stdev  point_size_base  contract_exposure  daily_risk_per_contract  annual_risk_per_contract  position  capital  exposure_held_perc_capital  annual_risk_perc_capital
US20                      0.824              13.183    118.81              0.69               11.1            807.1              95897                      665                     10640        -1   381295                       -25.2                      -2.8
BUND                      0.683              10.925    129.85              0.53                8.4            860.6             111755                      587                      9402        -1   381295                       -29.3                      -2.5
US3                       0.182               2.912    103.38              0.18                2.8           1614.3             166887                      293                      4700        -2   381295                       -87.5                      -2.5
BOBL                      0.330               5.278    115.99              0.28                4.6            860.6              99826                      283                      4542        -2   381295                       -52.4                      -2.4
CHF                       0.004               0.070      1.12              0.39                6.3         100891.9             113417                      443                      7097        -1   381295                       -29.7                      -1.9
VIX                       0.481               7.692     16.45              2.92               46.8            807.1              13277                      388                      6208        -1   381295                        -3.5                      -1.6
NASDAQ_micro            188.468            3015.484  15395.50              1.22               19.6              1.6              24852                      304                      4867        -1   381295                        -6.5                      -1.3
GAS_US_mini               0.113               1.805      3.00              3.77               60.3           2017.8               6043                      227                      3641        -1   381295                        -1.6                      -1.0
DAX                     124.061            1984.969  15976.00              0.78               12.4              0.9              13749                      106                      1708        -2   381295                        -7.2                      -0.9
TOPIX                    18.835             301.365   2392.00              0.79               12.6              5.5              13074                      102                      1647         1   381295                         3.4                       0.4
CNH                       0.022               0.354      7.29              0.30                4.9          11067.6              80683                      244                      3914         1   381295                        21.2                       1.0
SOYBEAN_mini             17.873             285.966   1316.12              1.36               21.7              8.1              10622                      144                      2308         2   381295                         5.6                       1.2
KOSDAQ                   24.122             385.957   1385.00              1.74               27.9              6.1               8444                      147                      2353         2   381295                         4.4                       1.2
EU-OIL                    3.699              59.181    363.40              1.02               16.3             43.0              15637                      159                      2546         4   381295                        16.4                       2.7
NIKKEI                  312.754            5004.057  33045.00              0.95               15.1              0.5              18062                      170                      2735         4   381295                        18.9                       2.9
LIVECOW                   1.187              18.992    191.82              0.62                9.9            322.9              61931                      383                      6131         2   381295                        32.5                       3.2

Sum of abs(notional exposure % capital) 345.3
Sum of abs(annualised risk % capital) 29.5
Net sum of annualised risk % capital -4.3 

=============================================================================================================================================
                                                                Correlations                                                                 
=============================================================================================================================================

              GAS_US_mini  SOYBEAN_mini   DAX  EU-OIL  KOSDAQ  LIVECOW  NASDAQ_micro  NIKKEI  TOPIX  BOBL  BUND   CHF  US20   US3   CNH   VIX
GAS_US_mini          1.00          0.16  0.13    0.36    0.11     0.12          0.12    0.20   0.23 -0.08 -0.01  0.07  0.03 -0.05 -0.01 -0.23
SOYBEAN_mini         0.16          1.00  0.10    0.28    0.37     0.03          0.09    0.23   0.19 -0.11 -0.05  0.22  0.09 -0.11 -0.06 -0.16
DAX                  0.13          0.10  1.00    0.51    0.46     0.27          0.60    0.63   0.61 -0.11  0.02  0.31 -0.00 -0.14 -0.23 -0.64
EU-OIL               0.36          0.28  0.51    1.00    0.35     0.24          0.20    0.47   0.51 -0.29 -0.23  0.05 -0.19 -0.21 -0.17 -0.50
KOSDAQ               0.11          0.37  0.46    0.35    1.00     0.28          0.41    0.47   0.41 -0.04  0.04  0.19  0.07 -0.11 -0.12 -0.31
LIVECOW              0.12          0.03  0.27    0.24    0.28     1.00          0.26    0.29   0.33 -0.12 -0.08  0.01 -0.11 -0.16  0.04 -0.38
NASDAQ_micro         0.12          0.09  0.60    0.20    0.41     0.26          1.00    0.57   0.47  0.19  0.25  0.35  0.24  0.08 -0.26 -0.47
NIKKEI               0.20          0.23  0.63    0.47    0.47     0.29          0.57    1.00   0.95 -0.15 -0.04 -0.02 -0.11 -0.33  0.01 -0.56
TOPIX                0.23          0.19  0.61    0.51    0.41     0.33          0.47    0.95   1.00 -0.24 -0.13 -0.07 -0.17 -0.36  0.02 -0.60
BOBL                -0.08         -0.11 -0.11   -0.29   -0.04    -0.12          0.19   -0.15  -0.24  1.00  0.96  0.24  0.69  0.67 -0.28  0.33
BUND                -0.01         -0.05  0.02   -0.23    0.04    -0.08          0.25   -0.04  -0.13  0.96  1.00  0.30  0.74  0.62 -0.29  0.19
CHF                  0.07          0.22  0.31    0.05    0.19     0.01          0.35   -0.02  -0.07  0.24  0.30  1.00  0.58  0.53 -0.47 -0.16
US20                 0.03          0.09 -0.00   -0.19    0.07    -0.11          0.24   -0.11  -0.17  0.69  0.74  0.58  1.00  0.81 -0.43  0.11
US3                 -0.05         -0.11 -0.14   -0.21   -0.11    -0.16          0.08   -0.33  -0.36  0.67  0.62  0.53  0.81  1.00 -0.48  0.30
CNH                 -0.01         -0.06 -0.23   -0.17   -0.12     0.04         -0.26    0.01   0.02 -0.28 -0.29 -0.47 -0.43 -0.48  1.00  0.08
VIX                 -0.23         -0.16 -0.64   -0.50   -0.31    -0.38         -0.47   -0.56  -0.60  0.33  0.19 -0.16  0.11  0.30  0.08  1.00


********************************************************************************
                                 END OF REPORT                                  
********************************************************************************


