
********************************************************************************
                    Risk report produced on 27/03/2025 22:52                    
********************************************************************************


Total risk across all strategies, annualised percentage 9.9
Percentage of capital used for margin 65.6%

========================================
Risk per strategy, annualised percentage
========================================

                  risk
dynamic_TF_carry   9.9


===================
Risk by asset class
===================

Ags       3.1
Bond      2.6
Equity    5.4
FX        3.5
Metals    2.2
dtype: float64


=====================================================
Beta loadings of asset class positions on asset class
=====================================================

Bond     -0.16
Metals   -0.08
Ags       0.04
Equity    0.29
FX        0.40
dtype: float64


========================================================
Beta loadings of full portfolio positions on asset class
========================================================

Bond     -0.37
Metals    0.04
Ags       0.10
Equity    0.34
FX        0.56
dtype: float64


==================================================================================================================================================================================================================================================================
                                                                                                                         Instrument risk                                                                                                                          
==================================================================================================================================================================================================================================================================

              daily_price_stdev  annual_price_stdev     price  daily_perc_stdev  annual_perc_stdev  point_size_base  contract_exposure  daily_risk_per_contract  annual_risk_per_contract  position  capital  exposure_held_perc_capital  annual_risk_perc_capital
BUXL                      1.318              21.082    117.88              1.12               17.9            833.8              98286                     1098                     17578        -1   578369                       -17.0                      -3.0
LEANHOG                   1.426              22.813     96.22              1.48               23.7            309.6              29792                      441                      7063        -2   578369                       -10.3                      -2.4
BITCOIN                2567.087           41073.395  87355.00              2.94               47.0              0.1               6761                      198                      3179        -4   578369                        -4.7                      -2.2
CHF                       0.004               0.072      1.14              0.39                6.3          96753.0             110757                      433                      6934        -1   578369                       -19.2                      -1.2
KOSDAQ                   23.114             369.824   1183.30              1.95               31.3              5.3               6246                      122                      1952        -3   578369                        -3.2                      -1.0
SP500_micro              53.313             853.000   5744.25              0.93               14.8              3.9              22230                      206                      3301        -1   578369                        -3.8                      -0.6
RUSSELL                  25.069             401.108   2083.10              1.20               19.3              3.9               8061                       97                      1552        -2   578369                        -2.8                      -0.5
CAD                       0.002               0.038      0.70              0.34                5.4          77402.4              54309                      183                      2938        -1   578369                        -9.4                      -0.5
COPPER-micro              0.073               1.166      5.17              1.41               22.6           1935.1               9997                      140                      2255        -1   578369                        -1.7                      -0.4
MUMMY                     7.969             127.507    661.00              1.21               19.3              5.1               3402                       41                       656         1   578369                         0.6                       0.1
NIKKEI                  389.260            6228.159  37425.00              1.04               16.6              0.5              19262                      200                      3205         1   578369                         3.3                       0.6
DAX                     260.394            4166.304  22901.00              1.14               18.2              0.8              19094                      217                      3473         1   578369                         3.3                       0.6
TOPIX                    21.531             344.502   2774.75              0.78               12.4              5.1              14281                      110                      1773         2   578369                         4.9                       0.6
CAD10                     0.514               8.224    123.28              0.42                6.7            542.2              66848                      278                      4459         1   578369                        11.6                       0.8
MSCISING                  3.719              59.509    403.70              0.92               14.7             57.8              23338                      215                      3440         2   578369                         8.1                       1.2
YENEUR                    1.012              16.192    162.38              0.62               10.0            643.4             104470                      651                     10417         1   578369                        18.1                       1.8
FEEDCOW                   2.133              34.130    286.73              0.74               11.9            387.0             110965                      825                     13208         1   578369                        19.2                       2.3
GBP                       0.005               0.084      1.29              0.41                6.5          48376.5              62642                      255                      4086         4   578369                        43.3                       2.8
MIB                     374.445            5991.127  38365.00              0.98               15.6              4.2             159940                     1561                     24976         1   578369                        27.7                       4.3

Sum of abs(notional exposure % capital) 212.2
Sum of abs(annualised risk % capital) 26.9
Net sum of annualised risk % capital 3.3 

======================================================================================================================================================================
                                                                             Correlations                                                                             
======================================================================================================================================================================

              BUXL  CAD10   CHF  BITCOIN  RUSSELL  SP500_micro   DAX  KOSDAQ   MIB  MSCISING  MUMMY  NIKKEI  TOPIX   CAD  COPPER-micro   GBP  FEEDCOW  LEANHOG  YENEUR
BUXL          1.00   0.63  0.20     0.19     0.29         0.32  0.13    0.03  0.04      0.17  -0.03    0.00  -0.06  0.17         -0.16 -0.01    -0.32    -0.14   -0.56
CAD10         0.63   1.00  0.44     0.11     0.03        -0.01  0.05   -0.07 -0.08      0.01  -0.11   -0.18  -0.16  0.06         -0.16  0.35    -0.31    -0.26   -0.47
CHF           0.20   0.44  1.00    -0.26    -0.16        -0.18  0.02    0.01 -0.05     -0.23  -0.23   -0.36  -0.41  0.38          0.17  0.46    -0.18     0.01   -0.22
BITCOIN       0.19   0.11 -0.26     1.00     0.50         0.46  0.21   -0.01  0.16      0.38   0.20    0.22   0.21 -0.03         -0.14 -0.02     0.01     0.08   -0.02
RUSSELL       0.29   0.03 -0.16     0.50     1.00         0.77  0.50    0.26  0.45      0.58   0.48    0.48   0.42  0.28          0.10  0.12     0.11     0.26   -0.01
SP500_micro   0.32  -0.01 -0.18     0.46     0.77         1.00  0.46    0.31  0.41      0.62   0.45    0.52   0.44  0.30          0.13  0.06     0.04     0.16    0.08
DAX           0.13   0.05  0.02     0.21     0.50         0.46  1.00    0.47  0.85      0.58   0.55    0.57   0.53  0.34          0.29  0.47     0.26     0.11    0.17
KOSDAQ        0.03  -0.07  0.01    -0.01     0.26         0.31  0.47    1.00  0.48      0.39   0.35    0.48   0.40  0.28          0.20  0.26     0.06    -0.07    0.23
MIB           0.04  -0.08 -0.05     0.16     0.45         0.41  0.85    0.48  1.00      0.53   0.56    0.53   0.49  0.35          0.37  0.39     0.30     0.06    0.25
MSCISING      0.17   0.01 -0.23     0.38     0.58         0.62  0.58    0.39  0.53      1.00   0.59    0.58   0.60  0.28          0.17  0.22     0.11     0.02    0.18
MUMMY        -0.03  -0.11 -0.23     0.20     0.48         0.45  0.55    0.35  0.56      0.59   1.00    0.67   0.67  0.28          0.23  0.23     0.22     0.15    0.19
NIKKEI        0.00  -0.18 -0.36     0.22     0.48         0.52  0.57    0.48  0.53      0.58   0.67    1.00   0.93  0.17          0.13  0.27     0.21     0.01    0.45
TOPIX        -0.06  -0.16 -0.41     0.21     0.42         0.44  0.53    0.40  0.49      0.60   0.67    0.93   1.00  0.09          0.04  0.27     0.26    -0.00    0.48
CAD           0.17   0.06  0.38    -0.03     0.28         0.30  0.34    0.28  0.35      0.28   0.28    0.17   0.09  1.00          0.47  0.41    -0.07     0.12    0.02
COPPER-micro -0.16  -0.16  0.17    -0.14     0.10         0.13  0.29    0.20  0.37      0.17   0.23    0.13   0.04  0.47          1.00  0.34     0.09     0.12    0.15
GBP          -0.01   0.35  0.46    -0.02     0.12         0.06  0.47    0.26  0.39      0.22   0.23    0.27   0.27  0.41          0.34  1.00     0.10    -0.10    0.25
FEEDCOW      -0.32  -0.31 -0.18     0.01     0.11         0.04  0.26    0.06  0.30      0.11   0.22    0.21   0.26 -0.07          0.09  0.10     1.00     0.15    0.31
LEANHOG      -0.14  -0.26  0.01     0.08     0.26         0.16  0.11   -0.07  0.06      0.02   0.15    0.01  -0.00  0.12          0.12 -0.10     0.15     1.00    0.01
YENEUR       -0.56  -0.47 -0.22    -0.02    -0.01         0.08  0.17    0.23  0.25      0.18   0.19    0.45   0.48  0.02          0.15  0.25     0.31     0.01    1.00


********************************************************************************
                                 END OF REPORT                                  
********************************************************************************


