
********************************************************************************
                    Risk report produced on 16/07/2025 22:53                    
********************************************************************************


Total risk across all strategies, annualised percentage 12.5
Percentage of capital used for margin 43.4%

========================================
Risk per strategy, annualised percentage
========================================

                  risk
dynamic_TF_carry  12.5


===================
Risk by asset class
===================

Ags       3.6
Bond      1.3
Equity    6.5
FX        3.5
Metals    3.2
OilGas    3.2
dtype: float64


=====================================================
Beta loadings of asset class positions on asset class
=====================================================

Bond     -0.14
OilGas   -0.07
Metals    0.07
Ags       0.19
Equity    0.43
FX        0.54
dtype: float64


========================================================
Beta loadings of full portfolio positions on asset class
========================================================

Bond     -0.43
OilGas   -0.03
Metals    0.30
Ags       0.40
Equity    0.66
FX        1.43
dtype: float64


===================================================================================================================================================================================================================================================================
                                                                                                                          Instrument risk                                                                                                                          
===================================================================================================================================================================================================================================================================

               daily_price_stdev  annual_price_stdev     price  daily_perc_stdev  annual_perc_stdev  point_size_base  contract_exposure  daily_risk_per_contract  annual_risk_per_contract  position  capital  exposure_held_perc_capital  annual_risk_perc_capital
GAS-PEN                    0.120               1.925      3.53              3.41               54.5           7458.5              26328                      897                     14354        -1   552950                        -4.8                      -2.6
JPY                        0.000               0.001      0.01              0.61                9.7        9323140.0              63434                      386                      6182        -2   552950                       -22.9                      -2.2
DX                         0.391               6.248     98.02              0.40                6.4            745.9              73108                      291                      4660        -2   552950                       -26.4                      -1.7
US10U                      0.458               7.333    112.22              0.41                6.5            745.9              83698                      341                      5469        -1   552950                       -15.1                      -1.0
WHEAT                      8.527             136.428    562.50              1.52               24.3             37.3              20977                      317                      5087        -1   552950                        -3.8                      -0.9
RICE                       0.171               2.734     12.65              1.35               21.6           1491.7              18870                      254                      4077        -1   552950                        -3.4                      -0.7
CAD10                      0.449               7.188    119.41              0.38                6.0            543.9              64947                      244                      3909        -1   552950                       -11.7                      -0.7
GOLD_micro                31.770             508.313   3356.80              0.95               15.1              7.5              25036                      236                      3791        -1   552950                        -4.5                      -0.7
GAS_US_mini                0.116               1.849      3.60              3.21               51.3           1864.6               6712                      215                      3446        -1   552950                        -1.2                      -0.6
DOW                      350.506            5608.090  44439.00              0.79               12.6              0.4              16572                      130                      2091        -1   552950                        -3.0                      -0.4
IRON                       1.252              20.040    100.40              1.25               20.0             74.6               7488                       93                      1494        -1   552950                        -1.4                      -0.3
MUMMY                     10.246             163.938    725.00              1.41               22.6              5.0               3633                       51                       821         1   552950                         0.7                       0.1
KOSDAQ                    19.497             311.957   1343.20              1.45               23.2              5.4               7215                      104                      1675         1   552950                         1.3                       0.3
MXP                        0.000               0.005      0.05              0.53                8.6         372925.6              19776                      105                      1692         1   552950                         3.6                       0.3
CRUDE_W_micro              1.436              22.977     64.44              2.23               35.7             74.6               4806                      107                      1713         1   552950                         0.9                       0.3
CAD                        0.002               0.039      0.73              0.34                5.4          74585.1              54611                      183                      2932         1   552950                         9.9                       0.5
RUSSELL                   26.841             429.454   2237.50              1.20               19.2              3.7               8344                      100                      1601         2   552950                         3.0                       0.6
CANOLA                    10.939             175.025    676.40              1.62               25.9             10.9               7357                      118                      1903         2   552950                         2.7                       0.7
GBP                        0.006               0.092      1.34              0.43                6.9          46615.7              62530                      268                      4295         1   552950                        11.3                       0.8
BTP                        0.377               6.035    120.38              0.31                5.0            866.7             104338                      326                      5231         1   552950                        18.9                       0.9
LEANHOG                    1.237              19.793     88.65              1.40               22.3            298.3              26447                      369                      5905         1   552950                         4.8                       1.1
YENEUR                     0.744              11.904    171.57              0.43                6.9            626.4             107470                      466                      7456         1   552950                        19.4                       1.3
MSCIEAFA                  22.750             363.998   2644.00              0.86               13.8             37.3              98601                      848                     13574         1   552950                        17.8                       2.5
FEEDCOW                    3.020              48.327    325.90              0.93               14.8            372.9             121536                     1126                     18022         1   552950                        22.0                       3.3
PLAT                      31.399             502.385   1435.20              2.19               35.0             37.3              53522                     1170                     18735         1   552950                         9.7                       3.4
MIB                      345.449            5527.178  40035.00              0.86               13.8              4.3             173500                     1497                     23953         1   552950                        31.4                       4.3

Sum of abs(notional exposure % capital) 255.6
Sum of abs(annualised risk % capital) 32.2
Net sum of annualised risk % capital 8.6 

=========================================================================================================================================================================================================================
                                                                                                      Correlations                                                                                                       
=========================================================================================================================================================================================================================

               CRUDE_W_micro   DOW  FEEDCOW  IRON  KOSDAQ  LEANHOG   MIB  MSCIEAFA  MUMMY  PLAT  RICE  RUSSELL   CAD   GBP  GOLD_micro   MXP  CANOLA  GAS-PEN  GAS_US_mini  WHEAT  YENEUR   BTP  CAD10   JPY  US10U    DX
CRUDE_W_micro           1.00  0.02     0.17  0.16    0.24     0.23  0.16      0.11   0.22  0.24  0.12     0.19  0.01 -0.18        0.37  0.17    0.21     0.11         0.11   0.26    0.20 -0.09  -0.27 -0.35  -0.17  0.30
DOW                     0.02  1.00     0.26  0.14    0.16     0.23  0.50      0.74   0.29  0.18  0.03     0.86  0.09  0.10       -0.10  0.11   -0.06    -0.04        -0.06  -0.00    0.12  0.14  -0.16 -0.17  -0.15  0.04
FEEDCOW                 0.17  0.26     1.00  0.20    0.08     0.20  0.35      0.32   0.28  0.40  0.16     0.28  0.03  0.17        0.10  0.29   -0.20     0.11         0.17  -0.05    0.40 -0.18  -0.33 -0.28  -0.17  0.04
IRON                    0.16  0.14     0.20  1.00    0.27    -0.00  0.21      0.22   0.14  0.18  0.07     0.20  0.11 -0.03        0.15  0.13   -0.04     0.04         0.04   0.19   -0.06 -0.00  -0.19 -0.02  -0.08  0.04
KOSDAQ                  0.24  0.16     0.08  0.27    1.00     0.02  0.25      0.22   0.36  0.11  0.01     0.28  0.13  0.04        0.05  0.10    0.07     0.03        -0.00   0.23    0.03  0.00   0.02 -0.07   0.08  0.02
LEANHOG                 0.23  0.23     0.20 -0.00    0.02     1.00  0.31      0.34   0.30  0.13  0.17     0.29  0.07  0.15        0.09  0.10    0.29    -0.01        -0.01   0.18    0.22 -0.06  -0.19 -0.13  -0.23 -0.10
MIB                     0.16  0.50     0.35  0.21    0.25     0.31  1.00      0.65   0.48  0.21  0.12     0.56 -0.16  0.13       -0.05  0.17   -0.06     0.03         0.05  -0.06    0.10  0.10  -0.03 -0.23  -0.04  0.14
MSCIEAFA                0.11  0.74     0.32  0.22    0.22     0.34  0.65      1.00   0.49  0.29  0.20     0.63  0.35  0.47        0.25  0.30    0.04     0.02         0.04   0.07    0.21  0.00  -0.30  0.05  -0.28 -0.33
MUMMY                   0.22  0.29     0.28  0.14    0.36     0.30  0.48      0.49   1.00  0.18  0.13     0.38  0.14  0.11        0.13  0.11   -0.05    -0.10        -0.06  -0.00    0.15 -0.01  -0.23 -0.18  -0.21  0.05
PLAT                    0.24  0.18     0.40  0.18    0.11     0.13  0.21      0.29   0.18  1.00  0.07     0.23  0.16  0.23        0.39  0.34   -0.11     0.13         0.15   0.23    0.12 -0.08  -0.31  0.03  -0.14 -0.11
RICE                    0.12  0.03     0.16  0.07    0.01     0.17  0.12      0.20   0.13  0.07  1.00     0.00  0.08  0.04        0.18 -0.10   -0.06     0.05         0.08   0.01    0.03 -0.08  -0.23  0.08  -0.20 -0.14
RUSSELL                 0.19  0.86     0.28  0.20    0.28     0.29  0.56      0.63   0.38  0.23  0.00     1.00  0.09  0.11       -0.06  0.22   -0.08    -0.06        -0.08   0.03    0.05  0.21  -0.09 -0.18  -0.03  0.08
CAD                     0.01  0.09     0.03  0.11    0.13     0.07 -0.16      0.35   0.14  0.16  0.08     0.09  1.00  0.52        0.53  0.33    0.22     0.05         0.06   0.28    0.13 -0.00  -0.34  0.39  -0.17 -0.67
GBP                    -0.18  0.10     0.17 -0.03    0.04     0.15  0.13      0.47   0.11  0.23  0.04     0.11  0.52  1.00        0.29  0.39    0.06    -0.03         0.02  -0.09    0.18  0.02   0.05  0.49   0.08 -0.82
GOLD_micro              0.37 -0.10     0.10  0.15    0.05     0.09 -0.05      0.25   0.13  0.39  0.18    -0.06  0.53  0.29        1.00  0.19    0.12     0.03         0.02   0.27    0.04 -0.00  -0.32  0.29  -0.17 -0.35
MXP                     0.17  0.11     0.29  0.13    0.10     0.10  0.17      0.30   0.11  0.34 -0.10     0.22  0.33  0.39        0.19  1.00   -0.04     0.01         0.04   0.07    0.33 -0.00  -0.18 -0.01  -0.06 -0.33
CANOLA                  0.21 -0.06    -0.20 -0.04    0.07     0.29 -0.06      0.04  -0.05 -0.11 -0.06    -0.08  0.22  0.06        0.12 -0.04    1.00     0.12         0.11   0.21    0.14 -0.02  -0.16 -0.06  -0.25 -0.09
GAS-PEN                 0.11 -0.04     0.11  0.04    0.03    -0.01  0.03      0.02  -0.10  0.13  0.05    -0.06  0.05 -0.03        0.03  0.01    0.12     1.00         0.97   0.15    0.07 -0.28  -0.19 -0.09  -0.09  0.03
GAS_US_mini             0.11 -0.06     0.17  0.04   -0.00    -0.01  0.05      0.04  -0.06  0.15  0.08    -0.08  0.06  0.02        0.02  0.04    0.11     0.97         1.00   0.12    0.14 -0.31  -0.23 -0.12  -0.14  0.01
WHEAT                   0.26 -0.00    -0.05  0.19    0.23     0.18 -0.06      0.07  -0.00  0.23  0.01     0.03  0.28 -0.09        0.27  0.07    0.21     0.15         0.12   1.00    0.02 -0.12  -0.21 -0.01  -0.27 -0.02
YENEUR                  0.20  0.12     0.40 -0.06    0.03     0.22  0.10      0.21   0.15  0.12  0.03     0.05  0.13  0.18        0.04  0.33    0.14     0.07         0.14   0.02    1.00 -0.49  -0.53 -0.64  -0.48 -0.07
BTP                    -0.09  0.14    -0.18 -0.00    0.00    -0.06  0.10      0.00  -0.01 -0.08 -0.08     0.21 -0.00  0.02       -0.00 -0.00   -0.02    -0.28        -0.31  -0.12   -0.49  1.00   0.61  0.27   0.55  0.04
CAD10                  -0.27 -0.16    -0.33 -0.19    0.02    -0.19 -0.03     -0.30  -0.23 -0.31 -0.23    -0.09 -0.34  0.05       -0.32 -0.18   -0.16    -0.19        -0.23  -0.21   -0.53  0.61   1.00  0.35   0.81  0.02
JPY                    -0.35 -0.17    -0.28 -0.02   -0.07    -0.13 -0.23      0.05  -0.18  0.03  0.08    -0.18  0.39  0.49        0.29 -0.01   -0.06    -0.09        -0.12  -0.01   -0.64  0.27   0.35  1.00   0.33 -0.67
US10U                  -0.17 -0.15    -0.17 -0.08    0.08    -0.23 -0.04     -0.28  -0.21 -0.14 -0.20    -0.03 -0.17  0.08       -0.17 -0.06   -0.25    -0.09        -0.14  -0.27   -0.48  0.55   0.81  0.33   1.00 -0.05
DX                      0.30  0.04     0.04  0.04    0.02    -0.10  0.14     -0.33   0.05 -0.11 -0.14     0.08 -0.67 -0.82       -0.35 -0.33   -0.09     0.03         0.01  -0.02   -0.07  0.04   0.02 -0.67  -0.05  1.00


********************************************************************************
                                 END OF REPORT                                  
********************************************************************************


