
********************************************************************************
                    Risk report produced on 29/07/2025 22:53                    
********************************************************************************


Total risk across all strategies, annualised percentage 13.6
Percentage of capital used for margin 46.1%

========================================
Risk per strategy, annualised percentage
========================================

                  risk
dynamic_TF_carry  13.6


===================
Risk by asset class
===================

Ags       3.3
Bond      2.1
Equity    7.9
FX        4.6
Metals    2.8
OilGas    2.9
dtype: float64


=====================================================
Beta loadings of asset class positions on asset class
=====================================================

OilGas   -0.06
Bond     -0.03
Metals    0.05
Ags       0.19
FX        0.47
Equity    0.52
dtype: float64


========================================================
Beta loadings of full portfolio positions on asset class
========================================================

Bond     -0.74
OilGas   -0.02
Metals    0.27
Ags       0.48
Equity    0.72
FX        1.25
dtype: float64


===================================================================================================================================================================================================================================================================
                                                                                                                          Instrument risk                                                                                                                          
===================================================================================================================================================================================================================================================================

               daily_price_stdev  annual_price_stdev     price  daily_perc_stdev  annual_perc_stdev  point_size_base  contract_exposure  daily_risk_per_contract  annual_risk_per_contract  position  capital  exposure_held_perc_capital  annual_risk_perc_capital
DX                         0.450               7.195     98.66              0.46                7.3            749.1              73913                      336                      5390        -3   564360                       -39.3                      -2.9
GAS-PEN                    0.112               1.785      3.08              3.62               57.9           7491.3              23080                      835                     13368        -1   564360                        -4.1                      -2.4
JPY                        0.000               0.001      0.01              0.58                9.3        9364172.7              63423                      368                      5902        -2   564360                       -22.5                      -2.1
CAD10                      0.431               6.903    120.28              0.36                5.7            545.4              65604                      235                      3764        -2   564360                       -23.2                      -1.3
GOLD_micro                31.086             497.372   3353.80              0.93               14.8              7.5              25124                      232                      3725        -2   564360                        -8.9                      -1.3
US10U                      0.434               6.943    113.33              0.38                6.1            749.1              84897                      325                      5200        -1   564360                       -15.0                      -0.9
WHEAT                      8.044             128.706    549.75              1.46               23.4             37.5              20591                      301                      4820        -1   564360                        -3.6                      -0.9
RICE                       0.157               2.515     12.38              1.27               20.3           1498.3              18541                      235                      3768        -1   564360                        -3.3                      -0.7
GAS_US_mini                0.111               1.776      3.16              3.51               56.2           1872.8               5918                      207                      3325        -1   564360                        -1.0                      -0.6
KRWUSD_mini                0.004               0.070      0.72              0.61                9.7          18728.3              13473                       82                      1313        -2   564360                        -4.8                      -0.5
MUMMY                     10.183             162.933    745.00              1.37               21.9              5.1               3764                       51                       823         1   564360                         0.7                       0.1
KOSDAQ                    17.764             284.221   1351.60              1.31               21.0              5.3               7223                       94                      1518         1   564360                         1.3                       0.3
CRUDE_W_micro              1.345              21.517     68.44              1.96               31.4             74.9               5127                      100                      1611         1   564360                         0.9                       0.3
MXP                        0.000               0.005      0.05              0.56                8.9         374566.9              19885                      110                      1766         1   564360                         3.5                       0.3
CAD                        0.003               0.040      0.73              0.35                5.5          74913.4              54548                      188                      3017         1   564360                         9.7                       0.5
MSCISING                   3.729              59.662    426.55              0.87               14.0             58.2              24834                      217                      3473         1   564360                         4.4                       0.6
CANOLA                    10.246             163.929    701.10              1.46               23.4             10.9               7648                      111                      1788         2   564360                         2.7                       0.6
NIKKEI                   480.515            7688.246  40655.00              1.18               18.9              0.5              20543                      242                      3885         1   564360                         3.6                       0.7
NASDAQ_micro             180.190            2883.044  23480.25              0.77               12.3              1.5              35179                      269                      4319         1   564360                         6.2                       0.8
LEANHOG                    1.185              18.960     88.52              1.34               21.4            299.7              26526                      355                      5681         1   564360                         4.7                       1.0
BTP                        0.437               6.999    120.78              0.36                5.8            867.5             104778                      379                      6071         1   564360                        18.6                       1.1
BUND                       0.439               7.032    129.68              0.34                5.4            867.5             112498                      381                      6100         1   564360                        19.9                       1.1
YENEUR                     0.744              11.897    171.09              0.43                7.0            631.7             108069                      469                      7514         2   564360                        38.3                       2.7
MSCIEAFA                  26.397             422.358   2663.20              0.99               15.9             37.5              99754                      988                     15820         1   564360                        17.7                       2.8
FEEDCOW                    2.749              43.989    337.30              0.82               13.0            374.6             126341                     1029                     16476         1   564360                        22.4                       2.9
PLAT                      28.116             449.860   1422.60              1.98               31.6             37.5              53285                     1053                     16850         1   564360                         9.4                       3.0
MIB                      329.475            5271.592  41445.00              0.79               12.7              4.3             179770                     1429                     22865         1   564360                        31.9                       4.1

Sum of abs(notional exposure % capital) 321.6
Sum of abs(annualised risk % capital) 36.5
Net sum of annualised risk % capital 9.3 

=================================================================================================================================================================================================================================================
                                                                                                                  Correlations                                                                                                                   
=================================================================================================================================================================================================================================================

               CANOLA  GAS-PEN  GAS_US_mini  WHEAT    DX   BTP  BUND   CAD  CAD10  GOLD_micro   JPY  KRWUSD_mini  US10U  FEEDCOW  KOSDAQ   MIB  MSCIEAFA  MSCISING  MUMMY   MXP  NASDAQ_micro  NIKKEI  PLAT  CRUDE_W_micro  LEANHOG  RICE  YENEUR
CANOLA           1.00     0.15         0.13   0.24 -0.07  0.05  0.09  0.16  -0.13        0.10 -0.06        -0.07  -0.16    -0.15    0.01 -0.08     -0.08     -0.07  -0.11  0.07          0.04   -0.03 -0.03           0.21     0.14 -0.16    0.10
GAS-PEN          0.15     1.00         0.96   0.24  0.26 -0.22 -0.12 -0.02  -0.06       -0.04 -0.22        -0.19   0.06     0.04   -0.04 -0.07     -0.18      0.10  -0.06 -0.02          0.02   -0.15 -0.06           0.23    -0.17 -0.03    0.03
GAS_US_mini      0.13     0.96         1.00   0.25  0.28 -0.24 -0.16 -0.05  -0.09       -0.03 -0.23        -0.17   0.05     0.08   -0.07 -0.02     -0.16      0.14  -0.05 -0.00         -0.03   -0.18 -0.07           0.31    -0.11 -0.00    0.03
WHEAT            0.24     0.24         0.25   1.00  0.03 -0.17 -0.08  0.14  -0.04        0.23  0.10        -0.09  -0.12    -0.03   -0.04 -0.06     -0.05     -0.09   0.01  0.12         -0.09   -0.08 -0.15           0.39     0.07  0.11   -0.14
DX              -0.07     0.26         0.28   0.03  1.00 -0.04  0.05 -0.69  -0.21       -0.35 -0.70        -0.54  -0.34     0.01   -0.01  0.02     -0.44      0.14   0.10 -0.37          0.10    0.06 -0.23           0.29    -0.07  0.00   -0.02
BTP              0.05    -0.22        -0.24  -0.17 -0.04  1.00  0.92  0.06   0.55        0.21  0.22         0.24   0.45     0.11    0.23  0.14      0.17      0.02   0.08  0.14          0.04    0.12  0.07          -0.02     0.07  0.07   -0.35
BUND             0.09    -0.12        -0.16  -0.08  0.05  0.92  1.00  0.03   0.51        0.22  0.22         0.14   0.41     0.04    0.17 -0.11     -0.06     -0.17   0.06 -0.01         -0.12   -0.00 -0.03           0.02     0.01  0.09   -0.42
CAD              0.16    -0.02        -0.05   0.14 -0.69  0.06  0.03  1.00   0.04        0.34  0.45         0.43   0.21     0.01    0.06  0.05      0.36      0.01   0.07  0.36          0.08   -0.00  0.17          -0.06     0.09 -0.00    0.08
CAD10           -0.13    -0.06        -0.09  -0.04 -0.21  0.55  0.51  0.04   1.00       -0.04  0.40         0.11   0.81    -0.05   -0.02  0.24      0.30      0.17   0.09  0.11         -0.07   -0.00 -0.16          -0.12     0.02 -0.12   -0.46
GOLD_micro       0.10    -0.04        -0.03   0.23 -0.35  0.21  0.22  0.34  -0.04        1.00  0.32         0.27   0.00     0.17    0.22  0.01      0.23     -0.11   0.10  0.20         -0.15    0.01  0.33           0.24     0.20  0.14   -0.01
JPY             -0.06    -0.22        -0.23   0.10 -0.70  0.22  0.22  0.45   0.40        0.32  1.00         0.44   0.47    -0.15   -0.03 -0.11      0.17     -0.20  -0.13  0.12         -0.30   -0.35 -0.00          -0.23     0.07  0.08   -0.65
KRWUSD_mini     -0.07    -0.19        -0.17  -0.09 -0.54  0.24  0.14  0.43   0.11        0.27  0.44         1.00   0.23     0.24    0.23  0.23      0.43      0.11   0.17  0.27          0.00    0.07  0.22          -0.13     0.23  0.28   -0.07
US10U           -0.16     0.06         0.05  -0.12 -0.34  0.45  0.41  0.21   0.81        0.00  0.47         0.23   1.00     0.12    0.05  0.20      0.35      0.19   0.10  0.20         -0.09   -0.05  0.02          -0.09     0.08 -0.08   -0.41
FEEDCOW         -0.15     0.04         0.08  -0.03  0.01  0.11  0.04  0.01  -0.05        0.17 -0.15         0.24   0.12     1.00    0.23  0.34      0.37      0.29   0.29  0.31          0.07    0.21  0.22           0.30     0.16  0.10    0.17
KOSDAQ           0.01    -0.04        -0.07  -0.04 -0.01  0.23  0.17  0.06  -0.02        0.22 -0.03         0.23   0.05     0.23    1.00  0.25      0.36      0.22   0.30  0.17          0.34    0.45  0.29           0.19     0.06 -0.01    0.04
MIB             -0.08    -0.07        -0.02  -0.06  0.02  0.14 -0.11  0.05   0.24        0.01 -0.11         0.23   0.20     0.34    0.25  1.00      0.78      0.72   0.40  0.30          0.49    0.40  0.17           0.18     0.25 -0.02    0.05
MSCIEAFA        -0.08    -0.18        -0.16  -0.05 -0.44  0.17 -0.06  0.36   0.30        0.23  0.17         0.43   0.35     0.37    0.36  0.78      1.00      0.58   0.39  0.49          0.53    0.50  0.36           0.10     0.28 -0.06    0.10
MSCISING        -0.07     0.10         0.14  -0.09  0.14  0.02 -0.17  0.01   0.17       -0.11 -0.20         0.11   0.19     0.29    0.22  0.72      0.58      1.00   0.40  0.21          0.50    0.41  0.13           0.18     0.16 -0.10    0.07
MUMMY           -0.11    -0.06        -0.05   0.01  0.10  0.08  0.06  0.07   0.09        0.10 -0.13         0.17   0.10     0.29    0.30  0.40      0.39      0.40   1.00  0.06          0.30    0.44  0.19           0.23     0.35  0.16    0.04
MXP              0.07    -0.02        -0.00   0.12 -0.37  0.14 -0.01  0.36   0.11        0.20  0.12         0.27   0.20     0.31    0.17  0.30      0.49      0.21   0.06  1.00          0.22    0.14  0.35           0.20     0.15 -0.06    0.21
NASDAQ_micro     0.04     0.02        -0.03  -0.09  0.10  0.04 -0.12  0.08  -0.07       -0.15 -0.30         0.00  -0.09     0.07    0.34  0.49      0.53      0.50   0.30  0.22          1.00    0.58  0.30           0.13     0.15 -0.06    0.18
NIKKEI          -0.03    -0.15        -0.18  -0.08  0.06  0.12 -0.00 -0.00  -0.00        0.01 -0.35         0.07  -0.05     0.21    0.45  0.40      0.50      0.41   0.44  0.14          0.58    1.00  0.19           0.10     0.04 -0.09    0.34
PLAT            -0.03    -0.06        -0.07  -0.15 -0.23  0.07 -0.03  0.17  -0.16        0.33 -0.00         0.22   0.02     0.22    0.29  0.17      0.36      0.13   0.19  0.35          0.30    0.19  1.00           0.05     0.25  0.01    0.23
CRUDE_W_micro    0.21     0.23         0.31   0.39  0.29 -0.02  0.02 -0.06  -0.12        0.24 -0.23        -0.13  -0.09     0.30    0.19  0.18      0.10      0.18   0.23  0.20          0.13    0.10  0.05           1.00     0.36  0.20    0.05
LEANHOG          0.14    -0.17        -0.11   0.07 -0.07  0.07  0.01  0.09   0.02        0.20  0.07         0.23   0.08     0.16    0.06  0.25      0.28      0.16   0.35  0.15          0.15    0.04  0.25           0.36     1.00  0.15   -0.03
RICE            -0.16    -0.03        -0.00   0.11  0.00  0.07  0.09 -0.00  -0.12        0.14  0.08         0.28  -0.08     0.10   -0.01 -0.02     -0.06     -0.10   0.16 -0.06         -0.06   -0.09  0.01           0.20     0.15  1.00   -0.09
YENEUR           0.10     0.03         0.03  -0.14 -0.02 -0.35 -0.42  0.08  -0.46       -0.01 -0.65        -0.07  -0.41     0.17    0.04  0.05      0.10      0.07   0.04  0.21          0.18    0.34  0.23           0.05    -0.03 -0.09    1.00


********************************************************************************
                                 END OF REPORT                                  
********************************************************************************


