
********************************************************************************
                    Risk report produced on 07/10/2025 22:53                    
********************************************************************************


Total risk across all strategies, annualised percentage 16.6
Percentage of capital used for margin 45.9%

========================================
Risk per strategy, annualised percentage
========================================

                  risk
dynamic_TF_carry  16.6


===================
Risk by asset class
===================

Ags        4.3
Bond       1.6
Equity    11.1
FX         3.2
Metals     4.5
OilGas     2.1
dtype: float64


=====================================================
Beta loadings of asset class positions on asset class
=====================================================

OilGas   -0.05
FX        0.16
Metals    0.18
Ags       0.23
Bond      0.38
Equity    1.01
dtype: float64


========================================================
Beta loadings of full portfolio positions on asset class
========================================================

OilGas   -0.09
Bond      0.16
Metals    0.42
Ags       0.63
Equity    1.16
FX        1.77
dtype: float64


==================================================================================================================================================================================================================================================================
                                                                                                                         Instrument risk                                                                                                                          
==================================================================================================================================================================================================================================================================

             daily_price_stdev  annual_price_stdev      price  daily_perc_stdev  annual_perc_stdev  point_size_base  contract_exposure  daily_risk_per_contract  annual_risk_per_contract  position  capital  exposure_held_perc_capital  annual_risk_perc_capital
JPY                      0.000               0.001       0.01              0.67               10.7        9287534.6              61613                      411                      6588        -2   620662                       -19.9                      -2.1
GAS-PEN                  0.087               1.397       3.49              2.50               40.1           7430.0              25923                      648                     10383        -1   620662                        -4.2                      -1.7
DX                       0.392               6.275      98.28              0.40                6.4            743.0              73026                      291                      4662        -1   620662                       -11.8                      -0.8
WHEAT                    6.488             103.807     505.75              1.28               20.5             37.2              18788                      241                      3856        -1   620662                        -3.0                      -0.6
RICE                     0.150               2.397      11.16              1.34               21.5           1486.0              16591                      222                      3562        -1   620662                        -2.7                      -0.6
BITCOIN               2564.340           41029.435  122350.00              2.10               33.5              0.1               9090                      190                      3048        -1   620662                        -1.5                      -0.5
GAS_US_mini              0.088               1.409       3.50              2.52               40.3           1857.5               6501                      163                      2617        -1   620662                        -1.0                      -0.4
DAX                    179.103            2865.647   24501.00              0.73               11.7              0.9              21281                      155                      2489        -1   620662                        -3.4                      -0.4
KRWUSD_mini              0.003               0.054       0.71              0.47                7.6          18575.1              13171                       62                       995        -2   620662                        -4.2                      -0.3
MXP                      0.000               0.004       0.05              0.45                7.2         371501.4              20057                       89                      1438         1   620662                         3.2                       0.2
TOPIX                   32.260             516.167    3239.25              1.00               15.9              4.9              15990                      159                      2548         1   620662                         2.6                       0.4
FTSECHINAA             143.087            2289.396   15190.00              0.94               15.1              0.7              11286                      106                      1701         2   620662                         3.6                       0.5
GBP                      0.005               0.084       1.34              0.39                6.3          46437.7              62337                      243                      3899         1   620662                        10.0                       0.6
OAT                      0.349               5.579     120.95              0.29                4.6            868.6             105057                      302                      4845         1   620662                        16.9                       0.8
CAD10                    0.352               5.638     122.37              0.29                4.6            532.5              65163                      187                      3002         2   620662                        21.0                       1.0
YENEUR                   0.880              14.074     176.35              0.50                8.0            617.1             108821                      542                      8684         1   620662                        17.5                       1.4
LEANHOG                  1.143              18.281      86.28              1.32               21.2            297.2              25641                      339                      5433         2   620662                         8.3                       1.8
SILVER                   0.626              10.015      47.52              1.32               21.1            743.0              35311                      465                      7440         2   620662                        11.4                       2.4
MSCITAIWAN              12.583             201.324    1192.50              1.06               16.9             74.3              88603                      934                     14958         1   620662                        14.3                       2.4
PLAT                    25.174             402.782    1651.10              1.52               24.4             37.2              61338                      935                     14963         1   620662                         9.9                       2.4
MIB                    302.754            4844.066   42855.00              0.71               11.3              4.3             186119                     1314                     21037         1   620662                        30.0                       3.4
FEEDCOW                  3.851              61.609     364.80              1.06               16.9            371.5             135523                     1430                     22887         1   620662                        21.8                       3.7
AEX                      8.466             135.453     961.85              0.88               14.1            173.7             167092                     1470                     23530         1   620662                        26.9                       3.8
MSCIEAFA                20.603             329.653    2816.00              0.73               11.7             37.2             104614                      765                     12246         2   620662                        33.7                       3.9

Sum of abs(notional exposure % capital) 282.8
Sum of abs(annualised risk % capital) 36.1
Net sum of annualised risk % capital 21.3 

============================================================================================================================================================================================================
                                                                                                Correlations                                                                                                
============================================================================================================================================================================================================

             CAD10   JPY   OAT   AEX  BITCOIN   DAX   MIB  MSCIEAFA  MSCITAIWAN  TOPIX   GBP  KRWUSD_mini  FEEDCOW  FTSECHINAA  GAS-PEN  GAS_US_mini  LEANHOG   MXP  PLAT  RICE  SILVER  WHEAT  YENEUR    DX
CAD10         1.00  0.36  0.61 -0.03    -0.05 -0.07 -0.09     -0.29       -0.07  -0.04  0.05        -0.06    -0.33       -0.23    -0.18        -0.21    -0.19 -0.15 -0.33 -0.18   -0.36  -0.24   -0.53  0.05
JPY           0.36  1.00  0.27 -0.18     0.10 -0.14 -0.21      0.09       -0.25  -0.27  0.48         0.54    -0.21       -0.12    -0.10        -0.12    -0.20 -0.01 -0.04  0.07   -0.05  -0.04   -0.64 -0.64
OAT           0.61  0.27  1.00  0.03     0.00 -0.05 -0.01     -0.07       -0.15  -0.06 -0.07         0.01    -0.30       -0.09    -0.26        -0.30    -0.13 -0.08 -0.18 -0.18   -0.19  -0.08   -0.52  0.11
AEX          -0.03 -0.18  0.03  1.00     0.27  0.77  0.76      0.58        0.38   0.53  0.12        -0.08     0.28        0.29     0.02         0.00     0.16  0.22  0.27 -0.02    0.36   0.03    0.08  0.12
BITCOIN      -0.05  0.10  0.00  0.27     1.00  0.33  0.25      0.22        0.17   0.11  0.13         0.17     0.06        0.11    -0.02         0.01    -0.13  0.11  0.08  0.00    0.09  -0.08   -0.05 -0.06
DAX          -0.07 -0.14 -0.05  0.77     0.33  1.00  0.87      0.68        0.33   0.60  0.31         0.02     0.34        0.28     0.06         0.07     0.14  0.29  0.28  0.11    0.37  -0.02    0.20 -0.03
MIB          -0.09 -0.21 -0.01  0.76     0.25  0.87  1.00      0.67        0.36   0.66  0.20        -0.05     0.29        0.29    -0.04        -0.04     0.21  0.23  0.23  0.06    0.39  -0.04    0.15  0.06
MSCIEAFA     -0.29  0.09 -0.07  0.58     0.22  0.68  0.67      1.00        0.27   0.61  0.53         0.32     0.28        0.35    -0.04        -0.03     0.20  0.35  0.28  0.17    0.52   0.08    0.23 -0.38
MSCITAIWAN   -0.07 -0.25 -0.15  0.38     0.17  0.33  0.36      0.27        1.00   0.48  0.09        -0.06    -0.07        0.10     0.18         0.20    -0.01  0.19  0.12 -0.02    0.17   0.03    0.12  0.10
TOPIX        -0.04 -0.27 -0.06  0.53     0.11  0.60  0.66      0.61        0.48   1.00  0.30        -0.05     0.24        0.28    -0.06        -0.06     0.17  0.23  0.14 -0.01    0.23  -0.13    0.29  0.01
GBP           0.05  0.48 -0.07  0.12     0.13  0.31  0.20      0.53        0.09   0.30  1.00         0.53     0.09        0.18    -0.03         0.00     0.07  0.41  0.18  0.13    0.23  -0.07    0.20 -0.80
KRWUSD_mini  -0.06  0.54  0.01 -0.08     0.17  0.02 -0.05      0.32       -0.06  -0.05  0.53         1.00     0.07        0.09     0.15         0.18     0.02  0.18  0.13  0.13    0.12   0.12   -0.08 -0.68
FEEDCOW      -0.33 -0.21 -0.30  0.28     0.06  0.34  0.29      0.28       -0.07   0.24  0.09         0.07     1.00        0.18    -0.00         0.01     0.17  0.21  0.30  0.08    0.34  -0.05    0.33  0.00
FTSECHINAA   -0.23 -0.12 -0.09  0.29     0.11  0.28  0.29      0.35        0.10   0.28  0.18         0.09     0.18        1.00     0.01         0.04     0.08  0.29  0.20 -0.11    0.33   0.12    0.21 -0.07
GAS-PEN      -0.18 -0.10 -0.26  0.02    -0.02  0.06 -0.04     -0.04        0.18  -0.06 -0.03         0.15    -0.00        0.01     1.00         0.97    -0.02 -0.05  0.13  0.08    0.08   0.16    0.04  0.07
GAS_US_mini  -0.21 -0.12 -0.30  0.00     0.01  0.07 -0.04     -0.03        0.20  -0.06  0.00         0.18     0.01        0.04     0.97         1.00    -0.02 -0.03  0.14  0.10    0.12   0.14    0.09  0.06
LEANHOG      -0.19 -0.20 -0.13  0.16    -0.13  0.14  0.21      0.20       -0.01   0.17  0.07         0.02     0.17        0.08    -0.02        -0.02     1.00  0.11  0.19  0.12    0.27   0.19    0.26 -0.06
MXP          -0.15 -0.01 -0.08  0.22     0.11  0.29  0.23      0.35        0.19   0.23  0.41         0.18     0.21        0.29    -0.05        -0.03     0.11  1.00  0.32 -0.08    0.31   0.11    0.37 -0.36
PLAT         -0.33 -0.04 -0.18  0.27     0.08  0.28  0.23      0.28        0.12   0.14  0.18         0.13     0.30        0.20     0.13         0.14     0.19  0.32  1.00  0.03    0.75   0.26    0.19 -0.10
RICE         -0.18  0.07 -0.18 -0.02     0.00  0.11  0.06      0.17       -0.02  -0.01  0.13         0.13     0.08       -0.11     0.08         0.10     0.12 -0.08  0.03  1.00    0.17   0.03    0.06 -0.17
SILVER       -0.36 -0.05 -0.19  0.36     0.09  0.37  0.39      0.52        0.17   0.23  0.23         0.12     0.34        0.33     0.08         0.12     0.27  0.31  0.75  0.17    1.00   0.26    0.23 -0.10
WHEAT        -0.24 -0.04 -0.08  0.03    -0.08 -0.02 -0.04      0.08        0.03  -0.13 -0.07         0.12    -0.05        0.12     0.16         0.14     0.19  0.11  0.26  0.03    0.26   1.00    0.06 -0.04
YENEUR       -0.53 -0.64 -0.52  0.08    -0.05  0.20  0.15      0.23        0.12   0.29  0.20        -0.08     0.33        0.21     0.04         0.09     0.26  0.37  0.19  0.06    0.23   0.06    1.00 -0.10
DX            0.05 -0.64  0.11  0.12    -0.06 -0.03  0.06     -0.38        0.10   0.01 -0.80        -0.68     0.00       -0.07     0.07         0.06    -0.06 -0.36 -0.10 -0.17   -0.10  -0.04   -0.10  1.00


********************************************************************************
                                 END OF REPORT                                  
********************************************************************************


