
********************************************************************************
                    Risk report produced on 10/11/2025 22:53                    
********************************************************************************


Total risk across all strategies, annualised percentage 11.2
Percentage of capital used for margin 42.5%

========================================
Risk per strategy, annualised percentage
========================================

                  risk
dynamic_TF_carry  11.2


===================
Risk by asset class
===================

Ags       1.0
Bond      2.0
Equity    8.7
FX        3.7
Metals    2.2
OilGas    2.2
dtype: float64


=====================================================
Beta loadings of asset class positions on asset class
=====================================================

OilGas   -0.05
Metals   -0.01
Ags       0.02
FX        0.03
Bond      0.49
Equity    0.79
dtype: float64


========================================================
Beta loadings of full portfolio positions on asset class
========================================================

OilGas   -0.07
Bond      0.09
Ags       0.11
Metals    0.11
FX        0.37
Equity    0.84
dtype: float64


=================================================================================================================================================================================================================================================================
                                                                                                                         Instrument risk                                                                                                                         
=================================================================================================================================================================================================================================================================

            daily_price_stdev  annual_price_stdev      price  daily_perc_stdev  annual_perc_stdev  point_size_base  contract_exposure  daily_risk_per_contract  annual_risk_per_contract  position  capital  exposure_held_perc_capital  annual_risk_perc_capital
JPY                     0.000               0.001       0.01              0.56                9.0        9509825.6              61956                      349                      5589        -3   612180                       -30.4                      -2.7
GAS-PEN                 0.110               1.762       4.34              2.54               40.6           7607.9              33018                      837                     13407        -1   612180                        -5.4                      -2.2
DAX                   211.220            3379.523   24053.00              0.88               14.1              0.9              21144                      185                      2970        -4   612180                       -13.8                      -1.9
BITCOIN              2908.410           46534.553  106295.00              2.74               43.8              0.1               8086                      221                      3540        -3   612180                        -4.0                      -1.7
GOLD_micro             59.096             945.532    4120.40              1.43               22.9              7.6              31347                      449                      7193        -1   612180                        -5.1                      -1.2
KR10                    0.368               5.886     114.49              0.32                5.1            519.3              59457                      191                      3056        -2   612180                       -19.4                      -1.0
RICE                    0.147               2.355      10.40              1.41               22.6           1521.6              15824                      223                      3582        -1   612180                        -2.6                      -0.6
EUR_micro               0.004               0.064       1.16              0.35                5.5           9509.8              11017                       38                       608        -1   612180                        -1.8                      -0.1
AUD_micro               0.003               0.049       0.65              0.47                7.5           7607.9               4975                       23                       373         4   612180                         3.3                       0.2
MXP                     0.000               0.005       0.05              0.52                8.3         380393.0              20632                      107                      1713         1   612180                         3.4                       0.3
DOW                   329.532            5272.508   47438.00              0.69               11.1              0.4              18045                      125                      2005         1   612180                         2.9                       0.3
BRE                     0.001               0.019       0.19              0.62                9.9          76078.6              14287                       88                      1411         2   612180                         4.7                       0.5
FTSECHINAA            185.633            2970.124   15341.00              1.21               19.4              0.8              11671                      141                      2259         2   612180                         3.8                       0.7
LEANHOG                 1.133              18.134      82.60              1.37               22.0            304.3              25136                      344                      5518         1   612180                         4.1                       0.9
CAD10                   0.383               6.123     122.36              0.31                5.0            542.2              66348                      207                      3320         2   612180                        21.7                       1.1
YENEUR                  0.756              12.093     177.83              0.43                6.8            617.4             109799                      466                      7466         1   612180                        17.9                       1.2
TOPIX                  33.165             530.640    3318.50              1.00               16.0              4.9              16391                      163                      2621         3   612180                         8.0                       1.3
OAT                     0.318               5.096     122.46              0.26                4.2            879.1             107652                      279                      4479         2   612180                        35.2                       1.5
SILVER                  1.027              16.433      50.40              2.04               32.6            760.8              38343                      781                     12502         1   612180                         6.3                       2.0
FTSETAIWAN             29.170             466.719    2283.25              1.28               20.4             30.4              69482                      887                     14202         1   612180                        11.4                       2.3
AEX                     7.903             126.446     961.35              0.82               13.2            175.8             169021                     1389                     22231         1   612180                        27.6                       3.6
MIB                   365.563            5849.012   43625.00              0.84               13.4              4.4             191750                     1606                     25708         1   612180                        31.3                       4.2

Sum of abs(notional exposure % capital) 264.1
Sum of abs(annualised risk % capital) 31.5
Net sum of annualised risk % capital 8.7 

=========================================================================================================================================================================================
                                                                                      Correlations                                                                                       
=========================================================================================================================================================================================

            GOLD_micro  LEANHOG  RICE  SILVER  CAD10  EUR_micro   JPY  KR10   OAT  GAS-PEN  YENEUR  AUD_micro   BRE  FTSECHINAA   MXP   AEX  BITCOIN   DAX   DOW  FTSETAIWAN   MIB  TOPIX
GOLD_micro        1.00     0.15  0.13    0.74   0.12       0.41  0.38  0.13  0.36    -0.23   -0.09       0.20 -0.00        0.04  0.21 -0.08    -0.11 -0.01 -0.19       -0.00 -0.15  -0.07
LEANHOG           0.15     1.00  0.13    0.22   0.03       0.16  0.15  0.05 -0.01    -0.15   -0.05       0.26  0.12        0.18  0.22  0.20     0.17  0.09  0.17        0.03  0.17   0.04
RICE              0.13     0.13  1.00    0.20  -0.08       0.12  0.09  0.05  0.08    -0.10   -0.01       0.15 -0.07       -0.08 -0.05 -0.06    -0.03 -0.06 -0.05       -0.02 -0.01  -0.03
SILVER            0.74     0.22  0.20    1.00   0.00       0.30  0.21 -0.10  0.10    -0.23    0.02       0.23  0.05        0.20  0.21  0.14    -0.05  0.20  0.09        0.22  0.15   0.14
CAD10             0.12     0.03 -0.08    0.00   1.00       0.11  0.39  0.43  0.57    -0.08   -0.46       0.17  0.24       -0.00  0.14  0.17    -0.13  0.11  0.06        0.09  0.15  -0.08
EUR_micro         0.41     0.16  0.12    0.30   0.11       1.00  0.70  0.20  0.01    -0.18    0.01       0.57  0.33        0.08  0.44 -0.14     0.04  0.05 -0.07       -0.12 -0.09  -0.14
JPY               0.38     0.15  0.09    0.21   0.39       0.70  1.00  0.26  0.29    -0.13   -0.69       0.41  0.20        0.00  0.20 -0.13     0.01 -0.02 -0.11       -0.24 -0.07  -0.44
KR10              0.13     0.05  0.05   -0.10   0.43       0.20  0.26  1.00  0.45    -0.30   -0.19       0.11  0.02       -0.03  0.19 -0.02     0.00 -0.03 -0.01       -0.03 -0.09  -0.06
OAT               0.36    -0.01  0.08    0.10   0.57       0.01  0.29  0.45  1.00    -0.25   -0.39       0.04  0.00       -0.05  0.11  0.05    -0.07 -0.07  0.03        0.05 -0.03  -0.06
GAS-PEN          -0.23    -0.15 -0.10   -0.23  -0.08      -0.18 -0.13 -0.30 -0.25     1.00   -0.02       0.03  0.32        0.05 -0.00  0.04     0.06  0.01 -0.04        0.00 -0.03  -0.18
YENEUR           -0.09    -0.05 -0.01    0.02  -0.46       0.01 -0.69 -0.19 -0.39    -0.02    1.00       0.01  0.03        0.08  0.17  0.03    -0.00  0.08  0.06        0.21  0.01   0.47
AUD_micro         0.20     0.26  0.15    0.23   0.17       0.57  0.41  0.11  0.04     0.03    0.01       1.00  0.58        0.41  0.55  0.29     0.31  0.35  0.37        0.30  0.31   0.18
BRE              -0.00     0.12 -0.07    0.05   0.24       0.33  0.20  0.02  0.00     0.32    0.03       0.58  1.00        0.27  0.57  0.29     0.20  0.28  0.30        0.22  0.32   0.04
FTSECHINAA        0.04     0.18 -0.08    0.20  -0.00       0.08  0.00 -0.03 -0.05     0.05    0.08       0.41  0.27        1.00  0.33  0.32     0.08  0.23  0.28        0.29  0.28   0.29
MXP               0.21     0.22 -0.05    0.21   0.14       0.44  0.20  0.19  0.11    -0.00    0.17       0.55  0.57        0.33  1.00  0.22     0.08  0.24  0.12        0.25  0.23   0.12
AEX              -0.08     0.20 -0.06    0.14   0.17      -0.14 -0.13 -0.02  0.05     0.04    0.03       0.29  0.29        0.32  0.22  1.00     0.32  0.67  0.58        0.53  0.73   0.32
BITCOIN          -0.11     0.17 -0.03   -0.05  -0.13       0.04  0.01  0.00 -0.07     0.06   -0.00       0.31  0.20        0.08  0.08  0.32     1.00  0.47  0.45        0.23  0.35   0.16
DAX              -0.01     0.09 -0.06    0.20   0.11       0.05 -0.02 -0.03 -0.07     0.01    0.08       0.35  0.28        0.23  0.24  0.67     0.47  1.00  0.55        0.43  0.77   0.30
DOW              -0.19     0.17 -0.05    0.09   0.06      -0.07 -0.11 -0.01  0.03    -0.04    0.06       0.37  0.30        0.28  0.12  0.58     0.45  0.55  1.00        0.53  0.55   0.43
FTSETAIWAN       -0.00     0.03 -0.02    0.22   0.09      -0.12 -0.24 -0.03  0.05     0.00    0.21       0.30  0.22        0.29  0.25  0.53     0.23  0.43  0.53        1.00  0.53   0.60
MIB              -0.15     0.17 -0.01    0.15   0.15      -0.09 -0.07 -0.09 -0.03    -0.03    0.01       0.31  0.32        0.28  0.23  0.73     0.35  0.77  0.55        0.53  1.00   0.37
TOPIX            -0.07     0.04 -0.03    0.14  -0.08      -0.14 -0.44 -0.06 -0.06    -0.18    0.47       0.18  0.04        0.29  0.12  0.32     0.16  0.30  0.43        0.60  0.37   1.00


********************************************************************************
                                 END OF REPORT                                  
********************************************************************************


