
********************************************************************************
                    Risk report produced on 11/09/2025 22:53                    
********************************************************************************


Total risk across all strategies, annualised percentage 12.6
Percentage of capital used for margin 42.6%

========================================
Risk per strategy, annualised percentage
========================================

                  risk
dynamic_TF_carry  12.6


===================
Risk by asset class
===================

Ags       1.0
Bond      1.0
Equity    9.9
FX        3.2
Metals    2.1
OilGas    3.6
Sector    1.1
dtype: float64


=====================================================
Beta loadings of asset class positions on asset class
=====================================================

OilGas   -0.07
Sector   -0.06
Ags       0.04
FX        0.06
Metals    0.11
Bond      0.18
Equity    0.80
dtype: float64


========================================================
Beta loadings of full portfolio positions on asset class
========================================================

OilGas   -0.08
Ags       0.16
Metals    0.27
Bond      0.29
Sector    0.31
Equity    0.84
FX        0.87
dtype: float64


=================================================================================================================================================================================================================================================================
                                                                                                                         Instrument risk                                                                                                                         
=================================================================================================================================================================================================================================================================

             daily_price_stdev  annual_price_stdev     price  daily_perc_stdev  annual_perc_stdev  point_size_base  contract_exposure  daily_risk_per_contract  annual_risk_per_contract  position  capital  exposure_held_perc_capital  annual_risk_perc_capital
GAS_US_mini              0.091               1.449      2.92              3.10               49.6           1849.6               5400                      167                      2679        -4   579650                        -3.7                      -1.8
JPY                      0.000               0.001      0.01              0.52                8.4        9247922.0              63454                      332                      5324        -2   579650                       -21.9                      -1.8
GAS-PEN                  0.088               1.401      2.93              2.99               47.9           7398.3              21654                      647                     10363        -1   579650                        -3.7                      -1.8
EU-TECH                  9.355             149.678    779.30              1.20               19.2             43.2              33701                      404                      6472        -1   579650                        -5.8                      -1.1
DAX                    186.403            2982.444  23671.00              0.79               12.6              0.9              20473                      161                      2579        -2   579650                        -7.1                      -0.9
WHEAT                    6.212              99.392    521.25              1.19               19.1             37.0              19281                      229                      3676        -1   579650                        -3.3                      -0.6
KRWUSD_mini              0.004               0.058      0.72              0.50                8.0          18495.8              13337                       66                      1064        -1   579650                        -2.3                      -0.2
CANOLA                   9.494             151.904    631.40              1.50               24.1             10.7               6732                      101                      1619         1   579650                         1.2                       0.3
FTSECHINAA             147.677            2362.829  15059.00              0.98               15.7              0.7              11141                      109                      1748         1   579650                         1.9                       0.3
TOPIX                   27.356             437.702   3122.00              0.88               14.0              5.0              15648                      137                      2193         1   579650                         2.7                       0.4
RUSSELL                 26.504             424.070   2416.30              1.10               17.6              3.7               8938                       98                      1568         2   579650                         3.1                       0.5
LEANHOG                  0.986              15.781     89.20              1.11               17.7            295.9              26397                      291                      4670         1   579650                         4.6                       0.8
BTP                      0.415               6.645    120.38              0.35                5.5            864.9             104117                      359                      5747         1   579650                        18.0                       1.0
MXP                      0.000               0.004      0.05              0.48                7.7         369916.9              20001                       96                      1540         4   579650                        13.8                       1.1
YENEUR                   0.644              10.304    172.68              0.37                6.0            626.5             108189                      403                      6455         1   579650                        18.7                       1.1
SILVER                   0.514               8.218     42.08              1.22               19.5            739.8              31135                      379                      6079         2   579650                        10.7                       2.1
MSCITAIWAN              11.681             186.892   1086.20              1.08               17.2             74.0              80360                      864                     13826         1   579650                        13.9                       2.4
MIB                    339.279            5428.466  42420.00              0.80               12.8              4.3             183446                     1467                     23475         1   579650                        31.6                       4.0
MSCIEAFA                21.021             336.329   2772.40              0.76               12.1             37.0             102555                      777                     12441         2   579650                        35.4                       4.3

Sum of abs(notional exposure % capital) 203.4
Sum of abs(annualised risk % capital) 26.5
Net sum of annualised risk % capital 10.1 

===============================================================================================================================================================================
                                                                                 Correlations                                                                                  
===============================================================================================================================================================================

              BTP   JPY  KRWUSD_mini   DAX  EU-TECH  FTSECHINAA   MIB  MSCIEAFA  MSCITAIWAN   MXP  RUSSELL  SILVER  TOPIX  CANOLA  LEANHOG  WHEAT  GAS-PEN  GAS_US_mini  YENEUR
BTP          1.00  0.35         0.29  0.22     0.25       -0.05  0.14      0.33        0.19  0.12     0.24    0.20   0.04   -0.02     0.00  -0.07    -0.12        -0.13   -0.40
JPY          0.35  1.00         0.49 -0.13    -0.29       -0.15 -0.20      0.10       -0.28 -0.11    -0.19   -0.04  -0.44   -0.12     0.07   0.20    -0.24        -0.27   -0.68
KRWUSD_mini  0.29  0.49         1.00  0.22     0.10        0.03  0.13      0.45        0.12  0.24     0.03    0.20   0.04   -0.03     0.07   0.25    -0.11        -0.09   -0.14
DAX          0.22 -0.13         0.22  1.00     0.75        0.40  0.92      0.86        0.65  0.38     0.66    0.45   0.67   -0.09     0.18   0.04    -0.05         0.09    0.17
EU-TECH      0.25 -0.29         0.10  0.75     1.00        0.35  0.68      0.62        0.75  0.35     0.62    0.38   0.57    0.01     0.12   0.02     0.07         0.19    0.21
FTSECHINAA  -0.05 -0.15         0.03  0.40     0.35        1.00  0.44      0.46        0.35  0.38     0.42    0.39   0.37    0.10     0.30   0.26    -0.11        -0.00    0.27
MIB          0.14 -0.20         0.13  0.92     0.68        0.44  1.00      0.85        0.69  0.40     0.70    0.47   0.69   -0.04     0.24   0.04    -0.07         0.11    0.21
MSCIEAFA     0.33  0.10         0.45  0.86     0.62        0.46  0.85      1.00        0.68  0.49     0.69    0.56   0.64   -0.11     0.28   0.04    -0.12         0.03    0.16
MSCITAIWAN   0.19 -0.28         0.12  0.65     0.75        0.35  0.69      0.68        1.00  0.40     0.63    0.53   0.68   -0.07     0.07  -0.12     0.02         0.13    0.32
MXP          0.12 -0.11         0.24  0.38     0.35        0.38  0.40      0.49        0.40  1.00     0.40    0.47   0.35    0.02     0.25   0.17    -0.12        -0.03    0.48
RUSSELL      0.24 -0.19         0.03  0.66     0.62        0.42  0.70      0.69        0.63  0.40     1.00    0.47   0.59   -0.06     0.42  -0.03    -0.07         0.04    0.15
SILVER       0.20 -0.04         0.20  0.45     0.38        0.39  0.47      0.56        0.53  0.47     0.47    1.00   0.28    0.02     0.31   0.26     0.03         0.16    0.26
TOPIX        0.04 -0.44         0.04  0.67     0.57        0.37  0.69      0.64        0.68  0.35     0.59    0.28   1.00   -0.06     0.11  -0.20     0.03         0.11    0.43
CANOLA      -0.02 -0.12        -0.03 -0.09     0.01        0.10 -0.04     -0.11       -0.07  0.02    -0.06    0.02  -0.06    1.00     0.26   0.20     0.09         0.09    0.06
LEANHOG      0.00  0.07         0.07  0.18     0.12        0.30  0.24      0.28        0.07  0.25     0.42    0.31   0.11    0.26     1.00   0.24    -0.02         0.06    0.04
WHEAT       -0.07  0.20         0.25  0.04     0.02        0.26  0.04      0.04       -0.12  0.17    -0.03    0.26  -0.20    0.20     0.24   1.00     0.00         0.08   -0.02
GAS-PEN     -0.12 -0.24        -0.11 -0.05     0.07       -0.11 -0.07     -0.12        0.02 -0.12    -0.07    0.03   0.03    0.09    -0.02   0.00     1.00         0.93    0.08
GAS_US_mini -0.13 -0.27        -0.09  0.09     0.19       -0.00  0.11      0.03        0.13 -0.03     0.04    0.16   0.11    0.09     0.06   0.08     0.93         1.00    0.13
YENEUR      -0.40 -0.68        -0.14  0.17     0.21        0.27  0.21      0.16        0.32  0.48     0.15    0.26   0.43    0.06     0.04  -0.02     0.08         0.13    1.00


********************************************************************************
                                 END OF REPORT                                  
********************************************************************************


