
********************************************************************************
                    Risk report produced on 09/02/2024 22:51                    
********************************************************************************


Total risk across all strategies, annualised percentage 9.6
Percentage of capital used for margin 60.0%

========================================
Risk per strategy, annualised percentage
========================================

                  risk
dynamic_TF_carry   9.6


===================
Risk by asset class
===================

Ags       1.8
Bond      1.7
Equity    6.2
FX        5.5
Metals    1.3
OilGas    1.0
Sector    0.7
Vol       1.4
dtype: float64


=====================================================
Beta loadings of asset class positions on asset class
=====================================================

Bond     -0.38
FX       -0.16
Ags      -0.12
Vol      -0.03
OilGas   -0.01
Metals    0.02
Sector    0.04
Equity    0.58
dtype: float64


========================================================
Beta loadings of full portfolio positions on asset class
========================================================

Bond     -1.51
Vol      -0.20
Ags      -0.04
Metals   -0.04
OilGas    0.02
Sector    0.24
FX        0.29
Equity    0.84
dtype: float64


==================================================================================================================================================================================================================================================================
                                                                                                                         Instrument risk                                                                                                                          
==================================================================================================================================================================================================================================================================

              daily_price_stdev  annual_price_stdev     price  daily_perc_stdev  annual_perc_stdev  point_size_base  contract_exposure  daily_risk_per_contract  annual_risk_per_contract  position  capital  exposure_held_perc_capital  annual_risk_perc_capital
CHF                       0.005               0.085      1.15              0.46                7.4          99045.2             113634                      526                      8429        -1   379113                       -30.0                      -2.2
JPY                       0.000               0.001      0.01              0.62               10.0        9904520.4              66697                      416                      6667        -1   379113                       -17.6                      -1.8
LEANHOG                   1.191              19.053     81.22              1.47               23.5            316.9              25743                      377                      6038        -1   379113                        -6.8                      -1.6
VIX                       0.417               6.677     14.70              2.84               45.4            792.4              11647                      330                      5290        -1   379113                        -3.1                      -1.4
BOBL                      0.363               5.811    116.95              0.31                5.0            853.8              99849                      310                      4961        -1   379113                       -26.3                      -1.3
SILVER                    0.335               5.365     22.63              1.48               23.7            792.4              17931                      265                      4250        -1   379113                        -4.7                      -1.1
US2                       0.152               2.429    102.29              0.15                2.4           1584.7             162106                      240                      3849        -1   379113                       -42.8                      -1.0
GAS_US_mini               0.121               1.929      1.88              6.39              102.3           1980.9               3734                      238                      3820        -1   379113                        -1.0                      -1.0
CORN                      4.370              69.920    468.75              0.93               14.9             39.6              18570                      173                      2770        -1   379113                        -4.9                      -0.7
FTSECHINAA              157.696            2523.142  11395.00              1.38               22.1              0.8               9028                      124                      1999        -1   379113                        -2.4                      -0.5
EUR_micro                 0.004               0.071      1.08              0.41                6.5           9904.5              10694                       43                       700        -2   379113                        -5.6                      -0.4
DOW                     224.531            3592.500  38753.00              0.58                9.3              0.4              15353                       88                      1423         1   379113                         4.0                       0.4
TOPIX                    18.635             298.155   2558.25              0.73               11.7              5.3              13573                       98                      1581         1   379113                         3.6                       0.4
EU-OIL                    3.980              63.676    345.40              1.15               18.4             42.7              14744                      169                      2718         1   379113                         3.9                       0.7
IRON                      2.192              35.064    126.75              1.73               27.7             79.2              10043                      173                      2778         1   379113                         2.6                       0.7
BITCOIN                1154.417           18470.678  47870.00              2.41               38.6              0.1               3793                       91                      1463         2   379113                         2.0                       0.8
CNH                       0.018               0.290      7.20              0.25                4.0          10984.7              79119                      198                      3180         1   379113                        20.9                       0.8
MXP                       0.000               0.005      0.06              0.57                9.1         396180.8              23049                      131                      2100         2   379113                        12.2                       1.1
NASDAQ_micro            169.216            2707.459  18040.25              0.94               15.0              1.6              28588                      268                      4290         1   379113                         7.5                       1.1
KR10                      0.489               7.821    113.07              0.43                6.9            595.2              67294                      290                      4654         1   379113                        17.8                       1.2
NIKKEI                  342.828            5485.254  36940.00              0.93               14.8              0.5              19600                      181                      2910         2   379113                        10.3                       1.5
R1000                    11.908             190.521   1646.70              0.72               11.6             39.6              65239                      471                      7548         1   379113                        17.2                       2.0
CAC                      58.440             935.032   7646.50              0.76               12.2              8.5              65284                      498                      7983         1   379113                        17.2                       2.1
YENEUR                    0.896              14.332    160.34              0.56                8.9            663.2             106343                      594                      9505         1   379113                        28.1                       2.5

Sum of abs(notional exposure % capital) 292.5
Sum of abs(annualised risk % capital) 28.3
Net sum of annualised risk % capital 2.3 

======================================================================================================================================================================================================
                                                                                             Correlations                                                                                             
======================================================================================================================================================================================================

               CNH   VIX  CORN  EU-OIL  FTSECHINAA  IRON  BITCOIN  BOBL   CHF  EUR_micro   JPY  KR10  SILVER   US2   CAC   DOW   MXP  NASDAQ_micro  R1000  GAS_US_mini  LEANHOG  NIKKEI  TOPIX  YENEUR
CNH           1.00  0.17 -0.05   -0.07       -0.30 -0.30    -0.10 -0.34 -0.53      -0.56 -0.45 -0.55   -0.47 -0.38 -0.26 -0.33 -0.18         -0.37  -0.35         0.24    -0.09   -0.09   0.03    0.03
VIX           0.17  1.00 -0.01   -0.11       -0.32 -0.13    -0.01 -0.02 -0.09      -0.19  0.02 -0.23   -0.00  0.17 -0.42 -0.56 -0.39         -0.62  -0.55        -0.06    -0.22   -0.53  -0.59   -0.23
CORN         -0.05 -0.01  1.00    0.14       -0.02  0.21     0.04  0.04  0.12       0.06  0.12 -0.06    0.14 -0.05  0.09  0.06  0.02          0.03   0.07         0.08     0.02   -0.08  -0.08   -0.05
EU-OIL       -0.07 -0.11  0.14    1.00        0.20  0.15     0.03  0.02  0.14       0.08 -0.00  0.05    0.33 -0.07  0.47  0.40  0.21          0.13   0.48         0.21     0.13    0.23   0.23    0.03
FTSECHINAA   -0.30 -0.32 -0.02    0.20        1.00  0.20    -0.08 -0.03  0.03       0.10  0.01  0.13    0.05 -0.04  0.28  0.22  0.25          0.24   0.23        -0.03     0.03    0.30   0.40    0.11
IRON         -0.30 -0.13  0.21    0.15        0.20  1.00     0.01 -0.00  0.20       0.16  0.20  0.11    0.20 -0.09  0.14  0.08  0.15          0.16   0.15        -0.15     0.02    0.02   0.01   -0.05
BITCOIN      -0.10 -0.01  0.04    0.03       -0.08  0.01     1.00  0.37  0.29       0.16  0.15  0.25    0.21  0.26  0.29  0.23  0.09          0.14   0.22         0.13    -0.04   -0.13  -0.13   -0.02
BOBL         -0.34 -0.02  0.04    0.02       -0.03 -0.00     0.37  1.00  0.37       0.33  0.41  0.56    0.32  0.64  0.35  0.38  0.11          0.30   0.35        -0.00     0.02   -0.04  -0.05   -0.18
CHF          -0.53 -0.09  0.12    0.14        0.03  0.20     0.29  0.37  1.00       0.74  0.60  0.51    0.54  0.52  0.37  0.39  0.30          0.35   0.40         0.03     0.08   -0.01  -0.12   -0.02
EUR_micro    -0.56 -0.19  0.06    0.08        0.10  0.16     0.16  0.33  0.74       1.00  0.43  0.39    0.61  0.43  0.40  0.46  0.47          0.48   0.47         0.04     0.16    0.20   0.11    0.34
JPY          -0.45  0.02  0.12   -0.00        0.01  0.20     0.15  0.41  0.60       0.43  1.00  0.45    0.31  0.41  0.16  0.15  0.17          0.13   0.17        -0.25    -0.10   -0.34  -0.35   -0.67
KR10         -0.55 -0.23 -0.06    0.05        0.13  0.11     0.25  0.56  0.51       0.39  0.45  1.00    0.25  0.55  0.29  0.41  0.16          0.37   0.37        -0.03     0.06    0.16   0.04   -0.17
SILVER       -0.47 -0.00  0.14    0.33        0.05  0.20     0.21  0.32  0.54       0.61  0.31  0.25    1.00  0.38  0.29  0.34  0.28          0.21   0.34         0.01     0.06    0.14   0.04    0.14
US2          -0.38  0.17 -0.05   -0.07       -0.04 -0.09     0.26  0.64  0.52       0.43  0.41  0.55    0.38  1.00  0.11  0.17 -0.02          0.11   0.15         0.10     0.15   -0.01  -0.09   -0.11
CAC          -0.26 -0.42  0.09    0.47        0.28  0.14     0.29  0.35  0.37       0.40  0.16  0.29    0.29  0.11  1.00  0.78  0.46          0.60   0.77         0.01     0.22    0.43   0.47    0.18
DOW          -0.33 -0.56  0.06    0.40        0.22  0.08     0.23  0.38  0.39       0.46  0.15  0.41    0.34  0.17  0.78  1.00  0.43          0.76   0.94         0.04     0.24    0.56   0.50    0.18
MXP          -0.18 -0.39  0.02    0.21        0.25  0.15     0.09  0.11  0.30       0.47  0.17  0.16    0.28 -0.02  0.46  0.43  1.00          0.38   0.45         0.10     0.21    0.28   0.31    0.19
NASDAQ_micro -0.37 -0.62  0.03    0.13        0.24  0.16     0.14  0.30  0.35       0.48  0.13  0.37    0.21  0.11  0.60  0.76  0.38          1.00   0.72        -0.01     0.08    0.63   0.49    0.24
R1000        -0.35 -0.55  0.07    0.48        0.23  0.15     0.22  0.35  0.40       0.47  0.17  0.37    0.34  0.15  0.77  0.94  0.45          0.72   1.00         0.13     0.27    0.54   0.48    0.16
GAS_US_mini   0.24 -0.06  0.08    0.21       -0.03 -0.15     0.13 -0.00  0.03       0.04 -0.25 -0.03    0.01  0.10  0.01  0.04  0.10         -0.01   0.13         1.00     0.22    0.23   0.27    0.25
LEANHOG      -0.09 -0.22  0.02    0.13        0.03  0.02    -0.04  0.02  0.08       0.16 -0.10  0.06    0.06  0.15  0.22  0.24  0.21          0.08   0.27         0.22     1.00    0.22   0.30    0.20
NIKKEI       -0.09 -0.53 -0.08    0.23        0.30  0.02    -0.13 -0.04 -0.01       0.20 -0.34  0.16    0.14 -0.01  0.43  0.56  0.28          0.63   0.54         0.23     0.22    1.00   0.89    0.49
TOPIX         0.03 -0.59 -0.08    0.23        0.40  0.01    -0.13 -0.05 -0.12       0.11 -0.35  0.04    0.04 -0.09  0.47  0.50  0.31          0.49   0.48         0.27     0.30    0.89   1.00    0.46
YENEUR        0.03 -0.23 -0.05    0.03        0.11 -0.05    -0.02 -0.18 -0.02       0.34 -0.67 -0.17    0.14 -0.11  0.18  0.18  0.19          0.24   0.16         0.25     0.20    0.49   0.46    1.00


********************************************************************************
                                 END OF REPORT                                  
********************************************************************************


