
********************************************************************************
                    Risk report produced on 17/07/2023 22:52                    
********************************************************************************


Total risk across all strategies, annualised percentage 12.0
Percentage of capital used for margin 62.4%

========================================
Risk per strategy, annualised percentage
========================================

                  risk
dynamic_TF_carry  11.9


===================
Risk by asset class
===================

Ags       5.5
Bond      1.8
Equity    4.3
FX        3.9
Metals    0.3
OilGas    1.1
Sector    2.9
Vol       1.6
dtype: float64


=====================================================
Beta loadings of asset class positions on asset class
=====================================================

Bond     -0.46
FX       -0.37
Vol      -0.04
OilGas   -0.01
Metals    0.01
Sector    0.16
Equity    0.27
Ags       0.28
dtype: float64


========================================================
Beta loadings of full portfolio positions on asset class
========================================================

Bond     -1.15
Vol      -0.20
FX        0.00
OilGas    0.02
Metals    0.02
Sector    0.33
Ags       0.43
Equity    0.51
dtype: float64


==================================================================================================================================================================================================================================================================
                                                                                                                         Instrument risk                                                                                                                          
==================================================================================================================================================================================================================================================================

              daily_price_stdev  annual_price_stdev     price  daily_perc_stdev  annual_perc_stdev  point_size_base  contract_exposure  daily_risk_per_contract  annual_risk_per_contract  position  capital  exposure_held_perc_capital  annual_risk_perc_capital
DAX                     150.411            2406.579  16165.00              0.93               14.9              0.9              13882                      129                      2066        -5   343533                       -20.2                      -3.0
CHF                       0.006               0.094      1.17              0.50                8.1          95554.8             111846                      562                      9005        -1   343533                       -32.6                      -2.6
JPY                       0.000               0.001      0.01              0.61                9.8        9555479.1              69578                      425                      6807        -1   343533                       -20.3                      -2.0
US3                       0.257               4.107    104.45              0.25                3.9           1528.9             159684                      392                      6279        -1   343533                       -46.5                      -1.8
VIX                       0.460               7.359     17.05              2.70               43.2            764.4              13033                      351                      5625        -1   343533                        -3.8                      -1.6
GAS_US_mini               0.125               1.996      2.51              4.97               79.5           1911.1               4796                      238                      3815        -1   343533                        -1.4                      -1.1
BITCOIN                 923.295           14772.728  29885.00              3.09               49.4              0.1               2284                       70                      1129         1   343533                         0.7                       0.3
MXP                       0.000               0.005      0.06              0.50                8.1         382219.2              22558                      113                      1819         1   343533                         6.6                       0.5
SP500_micro              32.984             527.736   4560.50              0.72               11.6              3.8              17431                      126                      2017         1   343533                         5.1                       0.6
RUSSELL                  23.730             379.683   1968.30              1.21               19.3              3.8               7523                       90                      1451         2   343533                         4.4                       0.8
SOYBEAN_mini             24.449             391.182   1376.00              1.78               28.4              7.6              10518                      186                      2990         1   343533                         3.1                       0.9
CNH                       0.022               0.353      7.14              0.31                4.9          10643.0              76014                      235                      3761         1   343533                        22.1                       1.1
GBP                       0.006               0.104      1.31              0.50                7.9          47777.4              62502                      310                      4964         1   343533                        18.2                       1.4
EU-AUTO                   7.582             121.316    638.30              1.19               19.0             42.9              27407                      325                      5209         1   343533                         8.0                       1.5
NIKKEI                  335.243            5363.881  32255.00              1.04               16.6              0.6              17777                      184                      2956         2   343533                        10.3                       1.7
EU-OIL                    4.566              73.054    325.70              1.40               22.4             42.9              13985                      196                      3136         2   343533                         8.1                       1.8
FTSETAIWAN               13.587             217.400   1493.00              0.91               14.6             30.6              45652                      415                      6647         1   343533                        13.3                       1.9
CAC                      75.402            1206.437   7295.00              1.03               16.5              8.6              62647                      647                     10360         1   343533                        18.2                       3.0
SOYOIL                    1.422              22.750     60.34              2.36               37.7            458.7              27675                      652                     10434         1   343533                         8.1                       3.0
LIVECOW                   1.315              21.047    182.48              0.72               11.5            305.8              55796                      402                      6435         2   343533                        32.5                       3.7

Sum of abs(notional exposure % capital) 283.5
Sum of abs(annualised risk % capital) 34.3
Net sum of annualised risk % capital 10.1 

==================================================================================================================================================================================
                                                                                   Correlations                                                                                   
==================================================================================================================================================================================

               CNH   VIX   CHF   GBP   JPY   US3   CAC   DAX  EU-AUTO  EU-OIL  FTSETAIWAN   MXP  NIKKEI  RUSSELL  SP500_micro  BITCOIN  GAS_US_mini  LIVECOW  SOYBEAN_mini  SOYOIL
CNH           1.00  0.12 -0.54 -0.54 -0.53 -0.53 -0.25 -0.29    -0.17   -0.07       -0.29 -0.10   -0.03    -0.32        -0.35    -0.19         0.04     0.13         -0.15    0.05
VIX           0.12  1.00 -0.10 -0.28 -0.06  0.01 -0.57 -0.48    -0.49   -0.37       -0.41 -0.60   -0.39    -0.74        -0.63    -0.28        -0.19    -0.46         -0.16   -0.15
CHF          -0.54 -0.10  1.00  0.75  0.67  0.59  0.33  0.40     0.23    0.14        0.38  0.29    0.11     0.35         0.37     0.07        -0.12     0.04          0.21    0.12
GBP          -0.54 -0.28  0.75  1.00  0.61  0.57  0.38  0.48     0.32    0.20        0.43  0.36    0.23     0.42         0.56     0.18         0.04     0.16          0.30    0.16
JPY          -0.53 -0.06  0.67  0.61  1.00  0.70  0.18  0.28     0.16    0.07        0.17  0.20   -0.28     0.22         0.23     0.02        -0.31     0.00          0.11    0.06
US3          -0.53  0.01  0.59  0.57  0.70  1.00  0.20  0.26     0.09   -0.08        0.14  0.06   -0.12     0.18         0.28     0.21        -0.17    -0.18         -0.06   -0.06
CAC          -0.25 -0.57  0.33  0.38  0.18  0.20  1.00  0.90     0.76    0.55        0.54  0.56    0.52     0.71         0.66     0.17         0.09     0.30         -0.01    0.03
DAX          -0.29 -0.48  0.40  0.48  0.28  0.26  0.90  1.00     0.84    0.51        0.61  0.56    0.59     0.69         0.69     0.01         0.06     0.30          0.02    0.06
EU-AUTO      -0.17 -0.49  0.23  0.32  0.16  0.09  0.76  0.84     1.00    0.46        0.51  0.55    0.53     0.63         0.56    -0.06         0.08     0.32          0.01    0.11
EU-OIL       -0.07 -0.37  0.14  0.20  0.07 -0.08  0.55  0.51     0.46    1.00        0.43  0.54    0.40     0.43         0.30     0.03         0.18     0.17          0.18    0.22
FTSETAIWAN   -0.29 -0.41  0.38  0.43  0.17  0.14  0.54  0.61     0.51    0.43        1.00  0.43    0.65     0.50         0.55     0.16         0.17     0.15          0.06    0.08
MXP          -0.10 -0.60  0.29  0.36  0.20  0.06  0.56  0.56     0.55    0.54        0.43  1.00    0.42     0.58         0.48    -0.02        -0.02     0.24          0.23    0.26
NIKKEI       -0.03 -0.39  0.11  0.23 -0.28 -0.12  0.52  0.59     0.53    0.40        0.65  0.42    1.00     0.49         0.57     0.05         0.32     0.14          0.08    0.11
RUSSELL      -0.32 -0.74  0.35  0.42  0.22  0.18  0.71  0.69     0.63    0.43        0.50  0.58    0.49     1.00         0.83     0.29         0.22     0.39          0.15    0.27
SP500_micro  -0.35 -0.63  0.37  0.56  0.23  0.28  0.66  0.69     0.56    0.30        0.55  0.48    0.57     0.83         1.00     0.32         0.25     0.38          0.17    0.22
BITCOIN      -0.19 -0.28  0.07  0.18  0.02  0.21  0.17  0.01    -0.06    0.03        0.16 -0.02    0.05     0.29         0.32     1.00         0.07     0.11         -0.01   -0.02
GAS_US_mini   0.04 -0.19 -0.12  0.04 -0.31 -0.17  0.09  0.06     0.08    0.18        0.17 -0.02    0.32     0.22         0.25     0.07         1.00     0.01          0.04    0.16
LIVECOW       0.13 -0.46  0.04  0.16  0.00 -0.18  0.30  0.30     0.32    0.17        0.15  0.24    0.14     0.39         0.38     0.11         0.01     1.00          0.10    0.08
SOYBEAN_mini -0.15 -0.16  0.21  0.30  0.11 -0.06 -0.01  0.02     0.01    0.18        0.06  0.23    0.08     0.15         0.17    -0.01         0.04     0.10          1.00    0.62
SOYOIL        0.05 -0.15  0.12  0.16  0.06 -0.06  0.03  0.06     0.11    0.22        0.08  0.26    0.11     0.27         0.22    -0.02         0.16     0.08          0.62    1.00


********************************************************************************
                                 END OF REPORT                                  
********************************************************************************


