
********************************************************************************
                    Risk report produced on 29/09/2023 22:52                    
********************************************************************************


Total risk across all strategies, annualised percentage 17.0
Percentage of capital used for margin 59.0%

========================================
Risk per strategy, annualised percentage
========================================

                  risk
dynamic_TF_carry  16.9


===================
Risk by asset class
===================

Ags       5.2
Bond      9.6
Equity    2.7
FX        6.5
Sector    2.7
Vol       1.8
dtype: float64


=====================================================
Beta loadings of asset class positions on asset class
=====================================================

Bond     -1.25
FX       -1.22
Equity   -0.09
Vol      -0.04
Sector    0.16
Ags       0.30
dtype: float64


========================================================
Beta loadings of full portfolio positions on asset class
========================================================

FX       -1.93
Bond     -1.72
Equity   -0.20
Vol      -0.07
Sector    0.18
Ags       0.39
dtype: float64


==================================================================================================================================================================================================================================================================
                                                                                                                         Instrument risk                                                                                                                          
==================================================================================================================================================================================================================================================================

              daily_price_stdev  annual_price_stdev     price  daily_perc_stdev  annual_perc_stdev  point_size_base  contract_exposure  daily_risk_per_contract  annual_risk_per_contract  position  capital  exposure_held_perc_capital  annual_risk_perc_capital
US20                      0.895              14.321    113.59              0.79               12.6            818.1              92934                      732                     11716        -1   392982                       -23.6                      -3.0
BTP                       0.808              12.928    109.83              0.74               11.8            865.4              95048                      699                     11188        -1   392982                       -24.2                      -2.8
DAX                     133.239            2131.829  15542.00              0.86               13.7              0.9              13450                      115                      1844        -6   392982                       -20.5                      -2.8
BUND                      0.768              12.293    128.72              0.60                9.6            865.4             111396                      664                     10638        -1   392982                       -28.3                      -2.7
US3                       0.182               2.905    103.14              0.18                2.8           1636.3             168758                      297                      4753        -2   392982                       -85.9                      -2.4
CHF                       0.005               0.074      1.10              0.42                6.8         102266.2             112615                      475                      7609        -1   392982                       -28.7                      -1.9
VIX                       0.555               8.882     18.20              3.05               48.8            818.1              14889                      454                      7266        -1   392982                        -3.8                      -1.8
JPY                       0.000               0.001      0.01              0.50                8.1       10226621.9              69290                      349                      5597        -1   392982                       -17.6                      -1.4
AUD                       0.004               0.064      0.65              0.62               10.0          81813.0              52810                      329                      5274        -1   392982                       -13.4                      -1.3
NASDAQ_micro            179.643            2874.294  14880.25              1.21               19.3              1.6              24347                      293                      4703        -1   392982                        -6.2                      -1.2
GBP                       0.005               0.087      1.22              0.45                7.1          51133.1              62423                      278                      4457        -1   392982                       -15.9                      -1.1
NZD                       0.003               0.053      0.60              0.55                8.8          81813.0              49042                      269                      4317        -1   392982                       -12.5                      -1.1
CNH                       0.020               0.318      7.29              0.27                4.4          11212.8              81777                      222                      3565         1   392982                        20.8                       0.9
SOYBEAN_mini             16.475             263.607   1275.62              1.29               20.7              8.2              10436                      134                      2156         2   392982                         5.3                       1.1
LEANHOG                   1.681              26.903     71.78              2.34               37.5            327.3              23488                      550                      8803         1   392982                         6.0                       2.2
NIKKEI                  296.083            4737.321  31825.00              0.93               14.9              0.5              17452                      162                      2597         4   392982                        17.8                       2.6
EU-OIL                    3.847              61.556    362.30              1.06               17.0             43.3              15677                      166                      2663         4   392982                        16.0                       2.7
LIVECOW                   1.373              21.965    187.95              0.73               11.7            327.3              61506                      449                      7187         2   392982                        31.3                       3.7

Sum of abs(notional exposure % capital) 377.8
Sum of abs(annualised risk % capital) 36.7
Net sum of annualised risk % capital -10.3 

==================================================================================================================================================
                                                                   Correlations                                                                   
==================================================================================================================================================

               CNH   VIX   DAX  EU-OIL  LEANHOG  LIVECOW  NASDAQ_micro  NIKKEI  SOYBEAN_mini   AUD   CHF   GBP   NZD   BTP  BUND   JPY  US20   US3
CNH           1.00  0.08 -0.21   -0.16    -0.11     0.05         -0.25    0.02         -0.06 -0.57 -0.44 -0.57 -0.58 -0.27 -0.29 -0.57 -0.40 -0.48
VIX           0.08  1.00 -0.67   -0.46    -0.20    -0.40         -0.50   -0.57         -0.18 -0.42 -0.26 -0.30 -0.24 -0.10  0.14  0.00 -0.02  0.25
DAX          -0.21 -0.67  1.00    0.49     0.25     0.33          0.59    0.65          0.11  0.46  0.38  0.46  0.37  0.31  0.05  0.09  0.09 -0.13
EU-OIL       -0.16 -0.46  0.49    1.00     0.07     0.24          0.18    0.47          0.26  0.31  0.04  0.15  0.21 -0.08 -0.23 -0.02 -0.19 -0.22
LEANHOG      -0.11 -0.20  0.25    0.07     1.00     0.38          0.05    0.20          0.16  0.15  0.14  0.11  0.13  0.12  0.02 -0.03  0.09 -0.09
LIVECOW       0.05 -0.40  0.33    0.24     0.38     1.00          0.24    0.33          0.02  0.09  0.07  0.05 -0.04  0.03 -0.06 -0.10 -0.04 -0.18
NASDAQ_micro -0.25 -0.50  0.59    0.18     0.05     0.24          1.00    0.56          0.12  0.52  0.39  0.48  0.44  0.35  0.27  0.18  0.29  0.11
NIKKEI        0.02 -0.57  0.65    0.47     0.20     0.33          0.56    1.00          0.22  0.26  0.03  0.19  0.16  0.19 -0.03 -0.29 -0.05 -0.33
SOYBEAN_mini -0.06 -0.18  0.11    0.26     0.16     0.02          0.12    0.22          1.00  0.37  0.24  0.22  0.28  0.06 -0.03  0.05  0.13 -0.08
AUD          -0.57 -0.42  0.46    0.31     0.15     0.09          0.52    0.26          0.37  1.00  0.64  0.74  0.88  0.25  0.17  0.54  0.35  0.26
CHF          -0.44 -0.26  0.38    0.04     0.14     0.07          0.39    0.03          0.24  0.64  1.00  0.73  0.57  0.40  0.32  0.67  0.64  0.51
GBP          -0.57 -0.30  0.46    0.15     0.11     0.05          0.48    0.19          0.22  0.74  0.73  1.00  0.75  0.47  0.42  0.55  0.53  0.44
NZD          -0.58 -0.24  0.37    0.21     0.13    -0.04          0.44    0.16          0.28  0.88  0.57  0.75  1.00  0.31  0.26  0.56  0.41  0.36
BTP          -0.27 -0.10  0.31   -0.08     0.12     0.03          0.35    0.19          0.06  0.25  0.40  0.47  0.31  1.00  0.87  0.28  0.69  0.42
BUND         -0.29  0.14  0.05   -0.23     0.02    -0.06          0.27   -0.03         -0.03  0.17  0.32  0.42  0.26  0.87  1.00  0.34  0.73  0.61
JPY          -0.57  0.00  0.09   -0.02    -0.03    -0.10          0.18   -0.29          0.05  0.54  0.67  0.55  0.56  0.28  0.34  1.00  0.56  0.57
US20         -0.40 -0.02  0.09   -0.19     0.09    -0.04          0.29   -0.05          0.13  0.35  0.64  0.53  0.41  0.69  0.73  0.56  1.00  0.77
US3          -0.48  0.25 -0.13   -0.22    -0.09    -0.18          0.11   -0.33         -0.08  0.26  0.51  0.44  0.36  0.42  0.61  0.57  0.77  1.00


********************************************************************************
                                 END OF REPORT                                  
********************************************************************************


