
********************************************************************************
           Risk report report produced on 2023-05-16 22:52:26.918268            
********************************************************************************


Total risk across all strategies, annualised percentage 11.2
Percentage of capital used for margin 61.2%

========================================
Risk per strategy, annualised percentage
========================================

                  risk
dynamic_TF_carry  11.2


===================
Risk by asset class
===================

Ags       4.0
Equity    5.8
FX        3.5
Metals    2.1
OilGas    1.3
Sector    1.9
Vol       1.0
dtype: float64


=====================================================
Beta loadings of asset class positions on asset class
=====================================================

Ags      -0.17
Metals   -0.02
Vol      -0.02
OilGas   -0.01
Sector    0.09
FX        0.13
Equity    0.42
dtype: float64


========================================================
Beta loadings of full portfolio positions on asset class
========================================================

Vol      -0.19
Ags      -0.03
OilGas    0.00
Metals    0.02
Sector    0.32
Equity    0.48
FX        0.55
dtype: float64


==================================================================================================================================================================================================================================================================
                                                                                                                         Instrument risk                                                                                                                          
==================================================================================================================================================================================================================================================================

              daily_price_stdev  annual_price_stdev     price  daily_perc_stdev  annual_perc_stdev  point_size_base  contract_exposure  daily_risk_per_contract  annual_risk_per_contract  position  capital  exposure_held_perc_capital  annual_risk_perc_capital
REDWHEAT                 18.432             294.908    885.75              2.08               33.3             40.0              35397                      736                     11785        -1   340245                       -10.4                      -3.5
LEANHOG                   1.527              24.429     87.22              1.75               28.0            319.7              27886                      488                      7810        -1   340245                        -8.2                      -2.3
AUD                       0.005               0.076      0.67              0.71               11.4          79926.5              53294                      379                      6067        -1   340245                       -15.7                      -1.8
COPPER-micro              0.057               0.913      3.67              1.55               24.9           1998.2               7330                      113                      1823        -3   340245                        -6.5                      -1.6
RUSSELL                  23.345             373.518   1746.40              1.34               21.4              4.0               6979                       93                      1492        -3   340245                        -6.2                      -1.3
GAS_US_mini               0.133               2.133      2.52              5.29               84.6           1998.2               5035                      266                      4261        -1   340245                        -1.5                      -1.3
IRON                      3.122              49.959    101.90              3.06               49.0             79.9               8144                      249                      3993        -1   340245                        -2.4                      -1.2
V2X                       0.609               9.741     19.25              3.16               50.6             86.9               1672                       52                       846        -4   340245                        -2.0                      -1.0
FTSECHINAA              150.216            2403.462  13163.00              1.14               18.3              0.8              10520                      120                      1921        -1   340245                        -3.1                      -0.6
EU-BANKS                  1.750              27.998    101.20              1.73               27.7             43.4               4396                       76                      1216         1   340245                         1.3                       0.4
BITCOIN                1061.171           16978.730  27120.00              3.91               62.6              0.1               2167                       84                      1357         1   340245                         0.6                       0.4
BRE                       0.002               0.028      0.20              0.88               14.1          79926.5              16149                      142                      2272         1   340245                         4.7                       0.7
NASDAQ_micro            145.926            2334.819  13530.00              1.08               17.3              1.6              21628                      233                      3732         1   340245                         6.4                       1.1
KOSDAQ                   20.405             326.478   1223.40              1.67               26.7              6.0               7301                      121                      1948         2   340245                         4.3                       1.1
LIVECOW                   0.945              15.123    162.45              0.58                9.3            319.7              51936                      302                      4834         1   340245                        15.3                       1.4
SILVER                    0.405               6.483     23.94              1.69               27.1            799.3              19138                      323                      5181         1   340245                         5.6                       1.5
EU-AUTO                   7.860             125.766    594.30              1.32               21.2             43.4              25821                      341                      5464         1   340245                         7.6                       1.6
CAC                      58.276             932.421   7404.50              0.79               12.6              8.7              64342                      506                      8102         1   340245                        18.9                       2.4
YENEUR                    0.862              13.786    147.65              0.58                9.3            735.3             108560                      633                     10136         1   340245                        31.9                       3.0
SMI                      82.787            1324.589  11523.00              0.72               11.5              8.9             102847                      738                     11822         1   340245                        30.2                       3.5

Sum of abs(notional exposure % capital) 182.8
Sum of abs(annualised risk % capital) 31.7
Net sum of annualised risk % capital 2.5 

==============================================================================================================================================================================================
                                                                                         Correlations                                                                                         
==============================================================================================================================================================================================

              LEANHOG  LIVECOW  YENEUR   CAC  EU-AUTO  EU-BANKS  NASDAQ_micro  RUSSELL   SMI   AUD  BITCOIN   BRE  COPPER-micro  FTSECHINAA  IRON  KOSDAQ  SILVER  GAS_US_mini  REDWHEAT   V2X
LEANHOG          1.00     0.45    0.17  0.14     0.19      0.26          0.07     0.17 -0.03 -0.05    -0.13  0.22          0.07       -0.14  0.11    0.03   -0.02        -0.05     -0.12 -0.08
LIVECOW          0.45     1.00    0.39  0.31     0.29      0.41          0.24     0.33  0.31 -0.07     0.03  0.11         -0.07       -0.10 -0.07    0.14   -0.11        -0.02     -0.19 -0.29
YENEUR           0.17     0.39    1.00  0.35     0.26      0.37          0.05     0.20  0.30 -0.08     0.16 -0.07         -0.05        0.03 -0.14    0.12   -0.17         0.14     -0.35 -0.28
CAC              0.14     0.31    0.35  1.00     0.83      0.76          0.52     0.69  0.79  0.35     0.17  0.26          0.34        0.18  0.00    0.32    0.09        -0.03     -0.20 -0.80
EU-AUTO          0.19     0.29    0.26  0.83     1.00      0.75          0.46     0.60  0.61  0.33     0.07  0.22          0.31        0.19  0.05    0.33    0.04        -0.05     -0.14 -0.76
EU-BANKS         0.26     0.41    0.37  0.76     0.75      1.00          0.18     0.48  0.52  0.21    -0.07  0.29          0.21        0.16  0.03    0.13   -0.05        -0.04     -0.13 -0.76
NASDAQ_micro     0.07     0.24    0.05  0.52     0.46      0.18          1.00     0.76  0.59  0.55     0.43  0.14          0.26        0.07  0.12    0.46    0.28        -0.01      0.04 -0.42
RUSSELL          0.17     0.33    0.20  0.69     0.60      0.48          0.76     1.00  0.69  0.53     0.33  0.25          0.39        0.09  0.11    0.37    0.23         0.11      0.04 -0.63
SMI             -0.03     0.31    0.30  0.79     0.61      0.52          0.59     0.69  1.00  0.39     0.27  0.17          0.25        0.12 -0.01    0.33    0.13         0.02     -0.07 -0.66
AUD             -0.05    -0.07   -0.08  0.35     0.33      0.21          0.55     0.53  0.39  1.00     0.35  0.30          0.54        0.36  0.30    0.33    0.66         0.02      0.25 -0.39
BITCOIN         -0.13     0.03    0.16  0.17     0.07     -0.07          0.43     0.33  0.27  0.35     1.00  0.35          0.23        0.08  0.08    0.30    0.38        -0.05      0.15 -0.07
BRE              0.22     0.11   -0.07  0.26     0.22      0.29          0.14     0.25  0.17  0.30     0.35  1.00          0.43        0.23  0.32    0.10    0.41        -0.09      0.28 -0.33
COPPER-micro     0.07    -0.07   -0.05  0.34     0.31      0.21          0.26     0.39  0.25  0.54     0.23  0.43          1.00        0.43  0.42    0.35    0.56        -0.05      0.27 -0.28
FTSECHINAA      -0.14    -0.10    0.03  0.18     0.19      0.16          0.07     0.09  0.12  0.36     0.08  0.23          0.43        1.00  0.35    0.03    0.36         0.03     -0.06 -0.27
IRON             0.11    -0.07   -0.14  0.00     0.05      0.03          0.12     0.11 -0.01  0.30     0.08  0.32          0.42        0.35  1.00    0.07    0.30        -0.01      0.23 -0.03
KOSDAQ           0.03     0.14    0.12  0.32     0.33      0.13          0.46     0.37  0.33  0.33     0.30  0.10          0.35        0.03  0.07    1.00    0.21         0.03      0.09 -0.19
SILVER          -0.02    -0.11   -0.17  0.09     0.04     -0.05          0.28     0.23  0.13  0.66     0.38  0.41          0.56        0.36  0.30    0.21    1.00        -0.09      0.29 -0.09
GAS_US_mini     -0.05    -0.02    0.14 -0.03    -0.05     -0.04         -0.01     0.11  0.02  0.02    -0.05 -0.09         -0.05        0.03 -0.01    0.03   -0.09         1.00     -0.00  0.04
REDWHEAT        -0.12    -0.19   -0.35 -0.20    -0.14     -0.13          0.04     0.04 -0.07  0.25     0.15  0.28          0.27       -0.06  0.23    0.09    0.29        -0.00      1.00  0.08
V2X             -0.08    -0.29   -0.28 -0.80    -0.76     -0.76         -0.42    -0.63 -0.66 -0.39    -0.07 -0.33         -0.28       -0.27 -0.03   -0.19   -0.09         0.04      0.08  1.00


********************************************************************************
                                 END OF REPORT                                  
********************************************************************************


