
********************************************************************************
                    Risk report produced on 16/12/2025 22:54                    
********************************************************************************


Total risk across all strategies, annualised percentage 15.4
Percentage of capital used for margin 39.4%

========================================
Risk per strategy, annualised percentage
========================================

                  risk
dynamic_TF_carry  15.3


===================
Risk by asset class
===================

Ags        1.1
Bond       3.1
Equity    10.2
FX         3.6
Metals     4.2
OilGas     2.5
Sector     0.8
dtype: float64


=====================================================
Beta loadings of asset class positions on asset class
=====================================================

Bond     -0.50
OilGas   -0.06
Ags      -0.01
Sector    0.04
Metals    0.11
FX        0.32
Equity    0.92
dtype: float64


========================================================
Beta loadings of full portfolio positions on asset class
========================================================

Bond     -0.78
OilGas    0.03
Ags       0.25
Metals    0.34
Sector    0.51
Equity    1.16
FX        1.42
dtype: float64


===================================================================================================================================================================================================================================================================
                                                                                                                          Instrument risk                                                                                                                          
===================================================================================================================================================================================================================================================================

               daily_price_stdev  annual_price_stdev     price  daily_perc_stdev  annual_perc_stdev  point_size_base  contract_exposure  daily_risk_per_contract  annual_risk_per_contract  position  capital  exposure_held_perc_capital  annual_risk_perc_capital
GAS_US_mini                0.161               2.574      3.66              4.40               70.3           1869.1               6841                      300                      4811        -3   624167                        -3.3                      -2.3
KR10                       0.413               6.610    114.16              0.36                5.8            504.3              57570                      208                      3333        -3   624167                       -27.7                      -1.6
JPY                        0.000               0.001      0.01              0.52                8.3        9345689.6              60312                      311                      4989        -2   624167                       -19.3                      -1.6
BUXL                       0.661              10.574    110.08              0.60                9.6            878.8              96738                      580                      9292        -1   624167                       -15.5                      -1.5
DAX                      185.497            2967.944  24098.00              0.77               12.3              0.9              21177                      163                      2608        -2   624167                        -6.8                      -0.8
CRUDE_W_micro              0.921              14.741     55.01              1.67               26.8             74.8               4112                       68                      1102        -4   624167                        -2.6                      -0.7
WHEAT                      6.458             103.328    559.75              1.15               18.5             37.4              20924                      241                      3862        -1   624167                        -3.4                      -0.6
CAD10                      0.431               6.900    120.72              0.36                5.7            543.2              65572                      234                      3748        -1   624167                       -10.5                      -0.6
RICE                       0.156               2.488      9.51              1.64               26.2           1495.3              14220                      232                      3721        -1   624167                        -2.3                      -0.6
BITCOIN                 2717.491           43479.852  87805.00              3.09               49.5              0.1               6564                      203                      3250        -1   624167                        -1.1                      -0.5
AUD_micro                  0.003               0.044      0.66              0.41                6.6           7476.6               4962                       20                       328         1   624167                         0.8                       0.1
BRE                        0.001               0.021      0.18              0.74               11.8          74765.5              13622                      100                      1603         1   624167                         2.2                       0.3
FTSECHINAA               143.704            2299.264  14941.00              0.96               15.4              0.7              11170                      107                      1719         1   624167                         1.8                       0.3
TOPIX                     32.021             512.343   3383.50              0.95               15.1              4.8              16336                      154                      2473         1   624167                         2.6                       0.4
MXP                        0.000               0.004      0.06              0.44                7.0         373827.6              20631                       89                      1439         2   624167                         6.6                       0.5
EU-BASIC                   7.035             112.562    626.00              1.12               18.0             43.9              27506                      309                      4945         1   624167                         4.4                       0.8
LEANHOG                    1.089              17.423     89.62              1.22               19.4            299.1              26803                      325                      5210         1   624167                         4.3                       0.8
GBP                        0.005               0.081      1.34              0.38                6.1          46728.4              62602                      237                      3801         2   624167                        20.1                       1.2
RUSSELL                   30.859             493.737   2538.40              1.22               19.5              3.7               9489                      115                      1845         5   624167                         7.6                       1.5
FTSETAIWAN                26.512             424.186   2266.50              1.17               18.7             29.9              67782                      792                     12685         1   624167                        10.9                       2.0
MSCIEAFA                  22.114             353.827   2880.30              0.77               12.3             37.4             107673                      826                     13227         1   624167                        17.3                       2.1
YENEUR                     0.687              10.991    183.00              0.38                6.0            603.5             110448                      414                      6633         2   624167                        35.4                       2.1
AEX                        7.009             112.148    935.40              0.75               12.0            175.8             164405                     1231                     19711         1   624167                        26.3                       3.2
MIB                      329.292            5268.680  44055.00              0.75               12.0              4.4             193577                     1446                     23150         1   624167                        31.0                       3.7
SILVER                     1.117              17.877     63.92              1.75               28.0            747.7              47786                      835                     13366         2   624167                        15.3                       4.3

Sum of abs(notional exposure % capital) 279.1
Sum of abs(annualised risk % capital) 34.1
Net sum of annualised risk % capital 12.5 

============================================================================================================================================================================================================================
                                                                                                        Correlations                                                                                                        
============================================================================================================================================================================================================================

               CRUDE_W_micro  YENEUR  GAS_US_mini  RICE  WHEAT  BUXL  CAD10   JPY  KR10   AEX   DAX  EU-BASIC  FTSETAIWAN   MIB  TOPIX  AUD_micro  BITCOIN   BRE  FTSECHINAA   GBP  LEANHOG  MSCIEAFA   MXP  RUSSELL  SILVER
CRUDE_W_micro           1.00    0.12         0.07 -0.07   0.32 -0.18  -0.19 -0.39 -0.21  0.35  0.15      0.30        0.31  0.31   0.30      -0.02     0.07  0.24        0.14 -0.34     0.21     -0.06  0.01     0.09   -0.04
YENEUR                  0.12    1.00         0.04 -0.01  -0.05 -0.43  -0.33 -0.66 -0.21  0.04  0.05      0.14        0.20  0.06   0.38       0.13     0.12  0.16        0.15  0.07    -0.05      0.09  0.32    -0.02    0.15
GAS_US_mini             0.07    0.04         1.00 -0.05   0.22 -0.10  -0.03 -0.05 -0.33 -0.09 -0.08     -0.08       -0.07 -0.05  -0.09       0.05     0.02  0.31       -0.07 -0.12    -0.22     -0.08 -0.07    -0.25    0.03
RICE                   -0.07   -0.01        -0.05  1.00  -0.03  0.01  -0.07  0.15 -0.01 -0.10  0.01     -0.10       -0.09  0.00  -0.10       0.12     0.12 -0.09       -0.04  0.18     0.22     -0.00  0.03     0.06    0.20
WHEAT                   0.32   -0.05         0.22 -0.03   1.00  0.02  -0.14  0.07 -0.29  0.02 -0.07      0.07       -0.10  0.03  -0.03       0.15    -0.07  0.24        0.12 -0.13     0.04     -0.02  0.00    -0.05   -0.07
BUXL                   -0.18   -0.43        -0.10  0.01   0.02  1.00   0.54  0.41  0.56  0.01 -0.05     -0.04       -0.03 -0.09  -0.06       0.12    -0.06  0.03       -0.10  0.13     0.08      0.16  0.00     0.13    0.05
CAD10                  -0.19   -0.33        -0.03 -0.07  -0.14  0.54   1.00  0.42  0.54  0.22  0.25      0.14        0.21  0.24   0.15       0.25     0.03  0.24       -0.01  0.36     0.00      0.33 -0.08     0.09    0.01
JPY                    -0.39   -0.66        -0.05  0.15   0.07  0.41   0.42  1.00  0.29 -0.04  0.05     -0.02       -0.10 -0.00  -0.26       0.39    -0.06  0.03       -0.07  0.53     0.15      0.25  0.01     0.02    0.13
KR10                   -0.21   -0.21        -0.33 -0.01  -0.29  0.56   0.54  0.29  1.00  0.04  0.04     -0.08        0.07 -0.06   0.01       0.01     0.01 -0.04       -0.01  0.26     0.05      0.13  0.03     0.07   -0.13
AEX                     0.35    0.04        -0.09 -0.10   0.02  0.01   0.22 -0.04  0.04  1.00  0.83      0.75        0.79  0.86   0.63       0.39     0.34  0.30        0.41  0.28     0.29      0.61  0.13     0.32    0.30
DAX                     0.15    0.05        -0.08  0.01  -0.07 -0.05   0.25  0.05  0.04  0.83  1.00      0.69        0.71  0.90   0.66       0.44     0.42  0.17        0.32  0.39     0.33      0.72  0.20     0.34    0.40
EU-BASIC                0.30    0.14        -0.08 -0.10   0.07 -0.04   0.14 -0.02 -0.08  0.75  0.69      1.00        0.70  0.71   0.64       0.57     0.34  0.41        0.47  0.32     0.20      0.68  0.29     0.46    0.53
FTSETAIWAN              0.31    0.20        -0.07 -0.09  -0.10 -0.03   0.21 -0.10  0.07  0.79  0.71      0.70        1.00  0.75   0.73       0.52     0.37  0.31        0.33  0.31     0.29      0.54  0.28     0.35    0.36
MIB                     0.31    0.06        -0.05  0.00   0.03 -0.09   0.24 -0.00 -0.06  0.86  0.90      0.71        0.75  1.00   0.68       0.42     0.36  0.31        0.38  0.32     0.35      0.65  0.20     0.29    0.33
TOPIX                   0.30    0.38        -0.09 -0.10  -0.03 -0.06   0.15 -0.26  0.01  0.63  0.66      0.64        0.73  0.68   1.00       0.39     0.28  0.30        0.28  0.31     0.25      0.64  0.29     0.41    0.29
AUD_micro              -0.02    0.13         0.05  0.12   0.15  0.12   0.25  0.39  0.01  0.39  0.44      0.57        0.52  0.42   0.39       1.00     0.27  0.45        0.39  0.68     0.29      0.63  0.42     0.37    0.44
BITCOIN                 0.07    0.12         0.02  0.12  -0.07 -0.06   0.03 -0.06  0.01  0.34  0.42      0.34        0.37  0.36   0.28       0.27     1.00  0.24        0.17  0.16     0.15      0.43  0.12     0.45    0.17
BRE                     0.24    0.16         0.31 -0.09   0.24  0.03   0.24  0.03 -0.04  0.30  0.17      0.41        0.31  0.31   0.30       0.45     0.24  1.00        0.26  0.24     0.07      0.42  0.44     0.33    0.20
FTSECHINAA              0.14    0.15        -0.07 -0.04   0.12 -0.10  -0.01 -0.07 -0.01  0.41  0.32      0.47        0.33  0.38   0.28       0.39     0.17  0.26        1.00  0.23     0.21      0.29  0.27     0.16    0.15
GBP                    -0.34    0.07        -0.12  0.18  -0.13  0.13   0.36  0.53  0.26  0.28  0.39      0.32        0.31  0.32   0.31       0.68     0.16  0.24        0.23  1.00     0.29      0.60  0.34     0.24    0.42
LEANHOG                 0.21   -0.05        -0.22  0.22   0.04  0.08   0.00  0.15  0.05  0.29  0.33      0.20        0.29  0.35   0.25       0.29     0.15  0.07        0.21  0.29     1.00      0.20  0.21     0.30    0.25
MSCIEAFA               -0.06    0.09        -0.08 -0.00  -0.02  0.16   0.33  0.25  0.13  0.61  0.72      0.68        0.54  0.65   0.64       0.63     0.43  0.42        0.29  0.60     0.20      1.00  0.39     0.55    0.47
MXP                     0.01    0.32        -0.07  0.03   0.00  0.00  -0.08  0.01  0.03  0.13  0.20      0.29        0.28  0.20   0.29       0.42     0.12  0.44        0.27  0.34     0.21      0.39  1.00     0.27    0.31
RUSSELL                 0.09   -0.02        -0.25  0.06  -0.05  0.13   0.09  0.02  0.07  0.32  0.34      0.46        0.35  0.29   0.41       0.37     0.45  0.33        0.16  0.24     0.30      0.55  0.27     1.00    0.31
SILVER                 -0.04    0.15         0.03  0.20  -0.07  0.05   0.01  0.13 -0.13  0.30  0.40      0.53        0.36  0.33   0.29       0.44     0.17  0.20        0.15  0.42     0.25      0.47  0.31     0.31    1.00


********************************************************************************
                                 END OF REPORT                                  
********************************************************************************


