
********************************************************************************
                    Risk report produced on 26/05/2025 22:52                    
********************************************************************************


Total risk across all strategies, annualised percentage 7.3
Percentage of capital used for margin 38.9%

========================================
Risk per strategy, annualised percentage
========================================

                  risk
dynamic_TF_carry   7.4


===================
Risk by asset class
===================

Ags       3.1
Bond      0.9
Equity    4.2
FX        2.2
OilGas    3.7
Vol       0.2
dtype: float64


=====================================================
Beta loadings of asset class positions on asset class
=====================================================

OilGas   -0.10
Vol      -0.00
Bond      0.06
Ags       0.15
Equity    0.22
FX        0.23
dtype: float64


========================================================
Beta loadings of full portfolio positions on asset class
========================================================

Bond     -0.09
Vol      -0.08
OilGas   -0.05
Ags       0.19
Equity    0.31
FX        0.42
dtype: float64


===================================================================================================================================================================================================================================================================
                                                                                                                          Instrument risk                                                                                                                          
===================================================================================================================================================================================================================================================================

               daily_price_stdev  annual_price_stdev     price  daily_perc_stdev  annual_perc_stdev  point_size_base  contract_exposure  daily_risk_per_contract  annual_risk_per_contract  position  capital  exposure_held_perc_capital  annual_risk_perc_capital
GAS-PEN                    0.122               1.945      3.30              3.69               59.0           7359.3              24263                      894                     14312        -1   531256                        -4.6                      -2.7
DOW                      519.259            8308.140  41672.00              1.25               19.9              0.4              15333                      191                      3057        -4   531256                       -11.5                      -2.3
CRUDE_W_micro              1.252              20.034     61.17              2.05               32.8             73.6               4501                       92                      1474        -4   531256                        -3.4                      -1.1
WHEAT                      7.719             123.508    581.75              1.33               21.2             36.8              21406                      284                      4544        -1   531256                        -4.0                      -0.9
CAD10                      0.517               8.268    121.44              0.43                6.8            537.0              65207                      277                      4439        -1   531256                       -12.3                      -0.8
GAS_US_mini                0.123               1.971      3.70              3.32               53.2           1839.8               6816                      226                      3626        -1   531256                        -1.3                      -0.7
KRWUSD_mini                0.006               0.091      0.73              0.77               12.4          18398.3              13519                      104                      1673        -2   531256                        -5.1                      -0.6
V2X                        0.613               9.812     20.30              3.02               48.3             84.0               1705                       51                       824        -1   531256                        -0.3                      -0.2
MXP                        0.000               0.006      0.05              0.70               11.2         367966.3              18902                      131                      2110         2   531256                         7.1                       0.8
CANOLA                     8.507             136.117    687.30              1.24               19.8             10.7               7380                       91                      1461         3   531256                         4.2                       0.8
NIKKEI                   547.685            8762.960  37445.00              1.46               23.4              0.5              19332                      282                      4524         1   531256                         3.6                       0.9
MSCISING                   4.928              78.853    406.55              1.21               19.4             57.4              23337                      282                      4526         1   531256                         4.4                       0.9
MUMMY                     11.244             179.905    728.00              1.54               24.7              5.2               3758                       58                       928         6   531256                         4.2                       1.0
BTP                        0.432               6.914    120.53              0.36                5.7            840.1             101258                      363                      5808         1   531256                        19.1                       1.1
YENEUR                     0.855              13.676    162.29              0.53                8.4            645.4             104737                      551                      8825         1   531256                        19.7                       1.7
FEEDCOW                    2.573              41.173    299.35              0.86               13.8            368.0             110150                      946                     15150         1   531256                        20.7                       2.9
MSCIEAFA                  30.912             494.589   2618.50              1.18               18.9             36.8              96351                     1137                     18199         1   531256                        18.1                       3.4

Sum of abs(notional exposure % capital) 143.6
Sum of abs(annualised risk % capital) 22.8
Net sum of annualised risk % capital 4.2 

=================================================================================================================================================================
                                                                          Correlations                                                                           
=================================================================================================================================================================

                DOW  MSCIEAFA  MSCISING  MUMMY  NIKKEI  CRUDE_W_micro  FEEDCOW  GAS-PEN  GAS_US_mini   MXP  YENEUR  CANOLA  WHEAT   BTP  CAD10  KRWUSD_mini   V2X
DOW            1.00      0.73      0.74   0.63    0.72           0.26     0.37     0.16         0.16  0.22    0.09    0.05  -0.04  0.26   0.05         0.07 -0.64
MSCIEAFA       0.73      1.00      0.83   0.73    0.74           0.30     0.46     0.19         0.21  0.36    0.16   -0.05   0.07  0.14  -0.03         0.29 -0.58
MSCISING       0.74      0.83      1.00   0.76    0.75           0.46     0.45     0.24         0.27  0.35    0.13   -0.04  -0.00  0.15  -0.00         0.03 -0.65
MUMMY          0.63      0.73      0.76   1.00    0.86           0.45     0.42     0.09         0.13  0.35    0.27    0.04   0.02  0.13  -0.18         0.11 -0.71
NIKKEI         0.72      0.74      0.75   0.86    1.00           0.42     0.51     0.17         0.19  0.44    0.46    0.04   0.01  0.07  -0.21         0.01 -0.82
CRUDE_W_micro  0.26      0.30      0.46   0.45    0.42           1.00     0.33     0.15         0.18  0.22    0.13    0.07  -0.01 -0.13  -0.23        -0.32 -0.33
FEEDCOW        0.37      0.46      0.45   0.42    0.51           0.33     1.00     0.20         0.25  0.30    0.36   -0.07  -0.16 -0.11  -0.31        -0.05 -0.31
GAS-PEN        0.16      0.19      0.24   0.09    0.17           0.15     0.20     1.00         0.97  0.02    0.12    0.06   0.04 -0.23  -0.04        -0.15 -0.16
GAS_US_mini    0.16      0.21      0.27   0.13    0.19           0.18     0.25     0.97         1.00  0.05    0.18    0.06   0.03 -0.25  -0.08        -0.16 -0.16
MXP            0.22      0.36      0.35   0.35    0.44           0.22     0.30     0.02         0.05  1.00    0.37   -0.10   0.22  0.15  -0.10         0.15 -0.41
YENEUR         0.09      0.16      0.13   0.27    0.46           0.13     0.36     0.12         0.18  0.37    1.00    0.09   0.05 -0.36  -0.45        -0.12 -0.39
CANOLA         0.05     -0.05     -0.04   0.04    0.04           0.07    -0.07     0.06         0.06 -0.10    0.09    1.00   0.16  0.04  -0.19        -0.13 -0.05
WHEAT         -0.04      0.07     -0.00   0.02    0.01          -0.01    -0.16     0.04         0.03  0.22    0.05    0.16   1.00 -0.03  -0.24         0.21  0.05
BTP            0.26      0.14      0.15   0.13    0.07          -0.13    -0.11    -0.23        -0.25  0.15   -0.36    0.04  -0.03  1.00   0.55         0.21 -0.18
CAD10          0.05     -0.03     -0.00  -0.18   -0.21          -0.23    -0.31    -0.04        -0.08 -0.10   -0.45   -0.19  -0.24  0.55   1.00        -0.00  0.01
KRWUSD_mini    0.07      0.29      0.03   0.11    0.01          -0.32    -0.05    -0.15        -0.16  0.15   -0.12   -0.13   0.21  0.21  -0.00         1.00  0.07
V2X           -0.64     -0.58     -0.65  -0.71   -0.82          -0.33    -0.31    -0.16        -0.16 -0.41   -0.39   -0.05   0.05 -0.18   0.01         0.07  1.00


********************************************************************************
                                 END OF REPORT                                  
********************************************************************************


