
********************************************************************************
                    Risk report produced on 21/09/2023 22:52                    
********************************************************************************


Total risk across all strategies, annualised percentage 14.5
Percentage of capital used for margin 57.5%

========================================
Risk per strategy, annualised percentage
========================================

                  risk
dynamic_TF_carry  14.5


===================
Risk by asset class
===================

Ags       4.7
Bond      7.9
Equity    3.0
FX        4.4
OilGas    1.0
Sector    2.7
Vol       1.7
dtype: float64


=====================================================
Beta loadings of asset class positions on asset class
=====================================================

Bond     -1.34
FX       -0.87
Vol      -0.04
OilGas   -0.01
Equity    0.11
Sector    0.16
Ags       0.31
dtype: float64


========================================================
Beta loadings of full portfolio positions on asset class
========================================================

Bond     -1.80
FX       -1.74
Vol      -0.11
OilGas    0.01
Equity    0.21
Sector    0.25
Ags       0.45
dtype: float64


==================================================================================================================================================================================================================================================================
                                                                                                                         Instrument risk                                                                                                                          
==================================================================================================================================================================================================================================================================

              daily_price_stdev  annual_price_stdev     price  daily_perc_stdev  annual_perc_stdev  point_size_base  contract_exposure  daily_risk_per_contract  annual_risk_per_contract  position  capital  exposure_held_perc_capital  annual_risk_perc_capital
US20                      0.855              13.683    116.22              0.74               11.8            811.9              94356                      694                     11108        -1   384465                       -24.5                      -2.9
US3                       0.181               2.893    103.03              0.18                2.8           1623.8             167299                      293                      4697        -2   384465                       -87.0                      -2.4
BUND                      0.661              10.576    129.47              0.51                8.2            863.4             111789                      570                      9131        -1   384465                       -29.1                      -2.4
DAX                     135.935            2174.952  15728.00              0.86               13.8              0.9              13580                      117                      1877        -4   384465                       -14.1                      -2.0
CHF                       0.004               0.068      1.12              0.38                6.1         101485.8             113973                      432                      6914        -1   384465                       -29.6                      -1.8
VIX                       0.499               7.981     17.65              2.83               45.2            811.9              14329                      404                      6479        -1   384465                        -3.7                      -1.7
JPY                       0.000               0.001      0.01              0.54                8.6       10148575.1              69761                      373                      5979        -1   384465                       -18.1                      -1.6
NASDAQ_micro            189.065            3025.042  14909.50              1.27               20.3              1.6              24209                      306                      4911        -1   384465                        -6.3                      -1.3
BOBL                      0.321               5.134    115.78              0.28                4.4            863.4              99969                      277                      4433        -1   384465                       -26.0                      -1.2
NZD                       0.003               0.053      0.59              0.56                8.9          81188.6              48185                      267                      4280        -1   384465                       -12.5                      -1.1
GAS_US_mini               0.114               1.820      2.84              4.00               64.1           2029.7               5764                      230                      3693        -1   384465                        -1.5                      -1.0
TOPIX                    19.058             304.935   2365.75              0.81               12.9              5.5              12947                      104                      1668         2   384465                         6.7                       0.9
CNH                       0.021               0.341      7.30              0.29                4.7          11106.9              81103                      236                      3787         1   384465                        21.1                       1.0
SOYBEAN_mini             17.490             279.839   1294.25              1.35               21.6              8.1              10507                      141                      2271         2   384465                         5.5                       1.2
KOSDAQ                   24.353             389.642   1348.80              1.81               28.9              6.1               8161                      147                      2357         2   384465                         4.2                       1.2
LEANHOG                   1.516              24.261     74.47              2.04               32.6            324.8              24186                      492                      7878         1   384465                         6.3                       2.0
EU-OIL                    3.705              59.284    362.30              1.02               16.4             43.2              15641                      159                      2559         4   384465                        16.3                       2.7
NIKKEI                  313.262            5012.187  32395.00              0.97               15.5              0.5              17729                      171                      2743         4   384465                        18.4                       2.9
LIVECOW                   1.196              19.141    189.72              0.63               10.1            324.8              61614                      388                      6216         2   384465                        32.1                       3.2

Sum of abs(notional exposure % capital) 363.0
Sum of abs(annualised risk % capital) 34.5
Net sum of annualised risk % capital -4.3 

==================================================================================================================================================================
                                                                           Correlations                                                                           
==================================================================================================================================================================

               CNH   VIX  BOBL  BUND   CHF   JPY   NZD  US20   US3   DAX  KOSDAQ  NASDAQ_micro  NIKKEI  TOPIX  EU-OIL  GAS_US_mini  LEANHOG  LIVECOW  SOYBEAN_mini
CNH           1.00  0.06 -0.28 -0.24 -0.61 -0.51 -0.55 -0.41 -0.52 -0.31   -0.21         -0.26   -0.07  -0.01   -0.06         0.28    -0.22     0.10         -0.01
VIX           0.06  1.00  0.05 -0.03  0.01  0.04 -0.23 -0.07  0.18 -0.59   -0.37         -0.57   -0.56  -0.60   -0.36        -0.09    -0.14    -0.33         -0.22
BOBL         -0.28  0.05  1.00  0.96  0.22  0.31  0.29  0.69  0.70  0.06    0.15          0.25   -0.08  -0.12   -0.17        -0.07    -0.01    -0.16         -0.09
BUND         -0.24 -0.03  0.96  1.00  0.23  0.27  0.29  0.74  0.61  0.13    0.21          0.30    0.01  -0.04   -0.13        -0.02     0.00    -0.13         -0.03
CHF          -0.61  0.01  0.22  0.23  1.00  0.49  0.63  0.46  0.56  0.31    0.16          0.31    0.07  -0.01    0.00        -0.04     0.17    -0.06          0.11
JPY          -0.51  0.04  0.31  0.27  0.49  1.00  0.47  0.42  0.60  0.07   -0.05          0.15   -0.32  -0.29   -0.05        -0.32     0.02    -0.10          0.02
NZD          -0.55 -0.23  0.29  0.29  0.63  0.47  1.00  0.46  0.52  0.44    0.25          0.43    0.24   0.20    0.22        -0.03     0.19    -0.04          0.15
US20         -0.41 -0.07  0.69  0.74  0.46  0.42  0.46  1.00  0.73  0.18    0.11          0.26    0.07   0.04   -0.02        -0.03    -0.05    -0.12          0.06
US3          -0.52  0.18  0.70  0.61  0.56  0.60  0.52  0.73  1.00  0.03   -0.09          0.13   -0.18  -0.18   -0.10        -0.11     0.02    -0.18         -0.16
DAX          -0.31 -0.59  0.06  0.13  0.31  0.07  0.44  0.18  0.03  1.00    0.53          0.70    0.63   0.60    0.34        -0.02     0.15     0.16          0.20
KOSDAQ       -0.21 -0.37  0.15  0.21  0.16 -0.05  0.25  0.11 -0.09  0.53    1.00          0.47    0.42   0.34    0.24        -0.10     0.11     0.04          0.25
NASDAQ_micro -0.26 -0.57  0.25  0.30  0.31  0.15  0.43  0.26  0.13  0.70    0.47          1.00    0.61   0.52    0.16        -0.09     0.02     0.15          0.09
NIKKEI       -0.07 -0.56 -0.08  0.01  0.07 -0.32  0.24  0.07 -0.18  0.63    0.42          0.61    1.00   0.94    0.35         0.22     0.16     0.19          0.05
TOPIX        -0.01 -0.60 -0.12 -0.04 -0.01 -0.29  0.20  0.04 -0.18  0.60    0.34          0.52    0.94   1.00    0.44         0.26     0.18     0.17          0.10
EU-OIL       -0.06 -0.36 -0.17 -0.13  0.00 -0.05  0.22 -0.02 -0.10  0.34    0.24          0.16    0.35   0.44    1.00         0.18     0.13     0.05          0.30
GAS_US_mini   0.28 -0.09 -0.07 -0.02 -0.04 -0.32 -0.03 -0.03 -0.11 -0.02   -0.10         -0.09    0.22   0.26    0.18         1.00    -0.06    -0.08          0.13
LEANHOG      -0.22 -0.14 -0.01  0.00  0.17  0.02  0.19 -0.05  0.02  0.15    0.11          0.02    0.16   0.18    0.13        -0.06     1.00     0.36          0.19
LIVECOW       0.10 -0.33 -0.16 -0.13 -0.06 -0.10 -0.04 -0.12 -0.18  0.16    0.04          0.15    0.19   0.17    0.05        -0.08     0.36     1.00          0.06
SOYBEAN_mini -0.01 -0.22 -0.09 -0.03  0.11  0.02  0.15  0.06 -0.16  0.20    0.25          0.09    0.05   0.10    0.30         0.13     0.19     0.06          1.00


********************************************************************************
                                 END OF REPORT                                  
********************************************************************************


