
********************************************************************************
               Risk report produced on 2021-10-13 20:56:47.145026               
********************************************************************************


Total risk across all strategies, annualised percentage 14.7

========================================
Risk per strategy, annualised percentage
========================================

                  risk
dynamic_TF_carry  14.7


==================================================================================================================================================================================================================================================================
                                                                                                                         Instrument risk                                                                                                                          
==================================================================================================================================================================================================================================================================

              daily_price_stdev  annual_price_stdev    price  daily_perc_stdev  annual_perc_stdev  point_size_base  contract_exposure  daily_risk_per_contract  annual_risk_per_contract  position   capital  exposure_held_perc_capital  annual_risk_perc_capital
BUXL                        1.3                20.2    202.5               0.6               10.0            848.9           171928.9                   1073.6                   17178.4      -1.0  377569.6                       -45.5                      -4.5
US20                        0.9                14.7    159.7               0.6                9.2            733.5           117127.0                    674.6                   10793.4      -1.0  377569.6                       -31.0                      -2.9
KR10                        0.4                 6.9    122.5               0.4                5.6            616.6            75543.7                    265.3                    4245.1      -2.0  377569.6                       -40.0                      -2.2
VIX                         0.7                11.5     22.2               3.2               51.9            733.5            16246.5                    526.9                    8429.8      -1.0  377569.6                        -4.3                      -2.2
CHF                         0.0                 0.1      1.1               0.4                6.0          91684.6            99166.0                    373.4                    5974.1      -1.0  377569.6                       -26.3                      -1.6
GBPEUR                      0.0                 0.0      0.8               0.3                5.3         125000.0           106168.8                    351.0                    5616.0      -1.0  377569.6                       -28.1                      -1.5
JPY                         0.0                 0.0      0.0               0.4                6.1        9168457.6            80916.2                    310.8                    4973.0      -1.0  377569.6                       -21.4                      -1.3
LIVECOW                     1.0                16.7    129.0               0.8               13.0            293.4            37840.1                    306.8                    4908.1      -1.0  377569.6                       -10.0                      -1.3
KRWUSD                      0.0                 0.0      0.0               0.4                6.0       91684575.7            76519.9                    288.3                    4612.1      -1.0  377569.6                       -20.3                      -1.2
GBP                         0.0                 0.1      1.4               0.4                7.1          45842.3            62570.1                    276.1                    4417.0      -1.0  377569.6                       -16.6                      -1.2
KOSDAQ                     19.0               303.5   1378.1               1.4               22.0              6.2             8497.1                    117.0                    1871.4      -2.0  377569.6                        -4.5                      -1.0
BOBL                        0.1                 2.2    134.5               0.1                1.6            848.9           114149.5                    115.2                    1842.8      -2.0  377569.6                       -60.5                      -1.0
EU-RETAIL                   4.7                75.5    429.9               1.1               17.6             42.4            18248.1                    200.4                    3206.9      -1.0  377569.6                        -4.8                      -0.8
MXP                         0.0                 0.0      0.0               0.5                7.6         366738.3            17585.1                     83.1                    1330.1      -2.0  377569.6                        -9.3                      -0.7
TOPIX                      23.0               367.6   1977.8               1.2               18.6              6.5            12795.8                    148.6                    2378.0      -1.0  377569.6                        -3.4                      -0.6
RUR                         0.0                 0.0      0.0               0.5                7.9        1833691.5            25176.6                    124.3                    1988.2       1.0  377569.6                         6.7                       0.5
MUMMY                      24.8               396.7   1081.0               2.3               36.7              6.5             6993.9                    160.4                    2566.8       1.0  377569.6                         1.9                       0.7
EURO600                     3.8                61.1    459.4               0.8               13.3             42.4            19500.3                    162.0                    2592.6       1.0  377569.6                         5.2                       0.7
EU-TRAVEL                   3.9                62.6    259.2               1.5               24.2             42.4            11002.4                    166.2                    2659.0       1.0  377569.6                         2.9                       0.7
NASDAQ_micro              138.7              2219.9  14761.5               0.9               15.0              1.5            21654.4                    203.5                    3256.5       1.0  377569.6                         5.7                       0.9
NIKKEI                    395.1              6322.0  28240.0               1.4               22.4              0.6            18270.9                    255.6                    4090.3       1.0  377569.6                         4.8                       1.1
EDOLLAR                     0.0                 0.6     98.5               0.0                0.6           1833.7           180609.4                     71.4                    1141.8       4.0  377569.6                       191.3                       1.2
EU-OIL                      3.5                56.7    286.4               1.2               19.8             42.4            12156.9                    150.5                    2407.7       2.0  377569.6                         6.4                       1.3
FTSECHINAA                211.4              3382.6  16190.0               1.3               20.9              0.7            11875.0                    155.1                    2481.0       2.0  377569.6                         6.3                       1.3
BRENT-LAST                  1.0                16.6     82.6               1.3               20.1            733.5            60621.8                    760.7                   12171.2       1.0  377569.6                        16.1                       3.2
HEATOIL                     0.0                 0.5      2.5               1.2               19.5          30806.0            76762.4                    934.3                   14949.4       1.0  377569.6                        20.3                       4.0
BITCOIN                  2583.5             41336.5  56640.0               4.6               73.0              0.1             4154.4                    189.5                    3031.9       5.0  377569.6                         5.5                       4.0

Sum of abs(notional exposure % capital) 599.2
Sum of abs(annualised risk % capital) 43.7
Net sum of annualised risk % capital -4.6 

=======================================================================================================================================================================================================================================
                                                                                                             Correlations                                                                                                              
=======================================================================================================================================================================================================================================

              BITCOIN  BOBL  BRENT-LAST  BUXL   CHF  EDOLLAR  EU-OIL  EU-RETAIL  EU-TRAVEL  EURO600  FTSECHINAA   GBP  GBPEUR  HEATOIL   JPY  KOSDAQ  KR10  KRWUSD  LIVECOW  MUMMY   MXP  NASDAQ_micro  NIKKEI   RUR  TOPIX  US20   VIX
BITCOIN          1.00  0.23        0.69  0.55 -0.06     0.22    0.95      -0.17       0.30    -0.11        0.21 -0.05    0.40     0.50  0.02   -0.05 -0.05    0.14     0.09   0.13  0.38          0.29   -0.08  0.01  -0.11  0.08  0.24
BOBL             0.23  1.00        0.17  0.43 -0.32     0.80    0.24      -0.27       0.32    -0.16        0.15 -0.39    0.26     0.10  0.16   -0.24 -0.04    0.36     0.21   0.04  0.29          0.51   -0.34 -0.22   0.03  0.16  0.40
BRENT-LAST       0.69  0.17        1.00  0.35 -0.05     0.18    0.63      -0.17       0.24    -0.06        0.16 -0.01    0.45     0.41  0.04   -0.13  0.11    0.08     0.08   0.18  0.27          0.16    0.01  0.08   0.04  0.04  0.18
BUXL             0.55  0.43        0.35  1.00 -0.15     0.36    0.53      -0.46       0.29    -0.18        0.19 -0.05    0.27     0.29  0.12   -0.07  0.10    0.29     0.15   0.25  0.37          0.38   -0.01  0.03   0.14  0.22  0.33
CHF             -0.06 -0.32       -0.05 -0.15  1.00    -0.21   -0.04       0.10      -0.19     0.09       -0.09  0.71   -0.16    -0.10  0.25    0.64 -0.09    0.09    -0.14   0.12 -0.19         -0.24    0.41  0.58   0.09  0.31 -0.11
EDOLLAR          0.22  0.80        0.18  0.36 -0.21     1.00    0.26      -0.20       0.35    -0.25        0.13 -0.34    0.21     0.17  0.14   -0.23 -0.00    0.31     0.12   0.00  0.24          0.46   -0.30 -0.17  -0.06  0.11  0.41
EU-OIL           0.95  0.24        0.63  0.53 -0.04     0.26    1.00      -0.18       0.28    -0.13        0.16 -0.06    0.31     0.43  0.04   -0.06 -0.10    0.17     0.10   0.13  0.43          0.27   -0.11 -0.01  -0.17  0.14  0.24
EU-RETAIL       -0.17 -0.27       -0.17 -0.46  0.10    -0.20   -0.18       1.00      -0.44     0.01       -0.15  0.08   -0.16    -0.11 -0.13    0.02 -0.01   -0.42     0.02  -0.69 -0.46         -0.45    0.11  0.02   0.04 -0.42 -0.27
EU-TRAVEL        0.30  0.32        0.24  0.29 -0.19     0.35    0.28      -0.44       1.00    -0.10        0.11 -0.13    0.17     0.18  0.04   -0.12 -0.07    0.33     0.00   0.32  0.64          0.58   -0.05 -0.01   0.01  0.25  0.19
EURO600         -0.11 -0.16       -0.06 -0.18  0.09    -0.25   -0.13       0.01      -0.10     1.00       -0.07 -0.01   -0.02    -0.14  0.06    0.00 -0.06   -0.29    -0.01   0.05 -0.07         -0.14    0.06 -0.02  -0.01 -0.06 -0.04
FTSECHINAA       0.21  0.15        0.16  0.19 -0.09     0.13    0.16      -0.15       0.11    -0.07        1.00 -0.08    0.22     0.28 -0.04   -0.11  0.05    0.11    -0.04   0.10  0.21          0.15   -0.13 -0.11  -0.09  0.08  0.20
GBP             -0.05 -0.39       -0.01 -0.05  0.71    -0.34   -0.06       0.08      -0.13    -0.01       -0.08  1.00   -0.20     0.02  0.06    0.57 -0.06   -0.10    -0.13   0.17 -0.15         -0.29    0.66  0.67   0.12  0.14 -0.12
GBPEUR           0.40  0.26        0.45  0.27 -0.16     0.21    0.31      -0.16       0.17    -0.02        0.22 -0.20    1.00     0.47  0.17   -0.07  0.12    0.20     0.32  -0.03  0.15          0.13   -0.06 -0.12  -0.13  0.06  0.42
HEATOIL          0.50  0.10        0.41  0.29 -0.10     0.17    0.43      -0.11       0.18    -0.14        0.28  0.02    0.47     1.00 -0.05    0.01  0.12    0.18     0.12   0.06  0.24          0.09    0.02 -0.04   0.12 -0.00  0.23
JPY              0.02  0.16        0.04  0.12  0.25     0.14    0.04      -0.13       0.04     0.06       -0.04  0.06    0.17    -0.05  1.00    0.37  0.05    0.41     0.26   0.04 -0.02          0.10   -0.00  0.12  -0.02  0.27  0.32
KOSDAQ          -0.05 -0.24       -0.13 -0.07  0.64    -0.23   -0.06       0.02      -0.12     0.00       -0.11  0.57   -0.07     0.01  0.37    1.00 -0.11    0.35    -0.11   0.22 -0.14         -0.22    0.29  0.35   0.02  0.44  0.01
KR10            -0.05 -0.04        0.11  0.10 -0.09    -0.00   -0.10      -0.01      -0.07    -0.06        0.05 -0.06    0.12     0.12  0.05   -0.11  1.00   -0.00     0.22  -0.08 -0.15          0.04   -0.05 -0.02  -0.00 -0.13 -0.05
KRWUSD           0.14  0.36        0.08  0.29  0.09     0.31    0.17      -0.42       0.33    -0.29        0.11 -0.10    0.20     0.18  0.41    0.35 -0.00    1.00     0.08   0.26  0.35          0.35   -0.21 -0.06   0.08  0.59  0.26
LIVECOW          0.09  0.21        0.08  0.15 -0.14     0.12    0.10       0.02       0.00    -0.01       -0.04 -0.13    0.32     0.12  0.26   -0.11  0.22    0.08     1.00  -0.08  0.09          0.14   -0.09 -0.08  -0.08 -0.20  0.15
MUMMY            0.13  0.04        0.18  0.25  0.12     0.00    0.13      -0.69       0.32     0.05        0.10  0.17   -0.03     0.06  0.04    0.22 -0.08    0.26    -0.08   1.00  0.31          0.15    0.07  0.15   0.05  0.45  0.08
MXP              0.38  0.29        0.27  0.37 -0.19     0.24    0.43      -0.46       0.64    -0.07        0.21 -0.15    0.15     0.24 -0.02   -0.14 -0.15    0.35     0.09   0.31  1.00          0.53   -0.12 -0.03   0.14  0.29  0.19
NASDAQ_micro     0.29  0.51        0.16  0.38 -0.24     0.46    0.27      -0.45       0.58    -0.14        0.15 -0.29    0.13     0.09  0.10   -0.22  0.04    0.35     0.14   0.15  0.53          1.00   -0.27 -0.17   0.02  0.18  0.30
NIKKEI          -0.08 -0.34        0.01 -0.01  0.41    -0.30   -0.11       0.11      -0.05     0.06       -0.13  0.66   -0.06     0.02 -0.00    0.29 -0.05   -0.21    -0.09   0.07 -0.12         -0.27    1.00  0.80   0.17 -0.03 -0.11
RUR              0.01 -0.22        0.08  0.03  0.58    -0.17   -0.01       0.02      -0.01    -0.02       -0.11  0.67   -0.12    -0.04  0.12    0.35 -0.02   -0.06    -0.08   0.15 -0.03         -0.17    0.80  1.00   0.10  0.10 -0.05
TOPIX           -0.11  0.03        0.04  0.14  0.09    -0.06   -0.17       0.04       0.01    -0.01       -0.09  0.12   -0.13     0.12 -0.02    0.02 -0.00    0.08    -0.08   0.05  0.14          0.02    0.17  0.10   1.00 -0.04 -0.14
US20             0.08  0.16        0.04  0.22  0.31     0.11    0.14      -0.42       0.25    -0.06        0.08  0.14    0.06    -0.00  0.27    0.44 -0.13    0.59    -0.20   0.45  0.29          0.18   -0.03  0.10  -0.04  1.00  0.20
VIX              0.24  0.40        0.18  0.33 -0.11     0.41    0.24      -0.27       0.19    -0.04        0.20 -0.12    0.42     0.23  0.32    0.01 -0.05    0.26     0.15   0.08  0.19          0.30   -0.11 -0.05  -0.14  0.20  1.00


********************************************************************************
                               END OF RISK REPORT                               
********************************************************************************


