
********************************************************************************
                    Risk report produced on 22/01/2024 22:51                    
********************************************************************************


Total risk across all strategies, annualised percentage 7.9
Percentage of capital used for margin 58.2%

========================================
Risk per strategy, annualised percentage
========================================

                  risk
dynamic_TF_carry   7.9


===================
Risk by asset class
===================

Ags       1.6
Bond      2.0
Equity    4.0
FX        4.4
Metals    3.0
OilGas    1.2
Vol       1.6
dtype: float64


=====================================================
Beta loadings of asset class positions on asset class
=====================================================

FX       -0.29
Ags      -0.07
Vol      -0.03
Metals   -0.01
OilGas   -0.01
Bond      0.20
Equity    0.30
dtype: float64


========================================================
Beta loadings of full portfolio positions on asset class
========================================================

FX       -0.31
Bond     -0.16
Vol      -0.12
Metals   -0.01
Ags      -0.01
OilGas    0.01
Equity    0.43
dtype: float64


==================================================================================================================================================================================================================================================================
                                                                                                                         Instrument risk                                                                                                                          
==================================================================================================================================================================================================================================================================

              daily_price_stdev  annual_price_stdev     price  daily_perc_stdev  annual_perc_stdev  point_size_base  contract_exposure  daily_risk_per_contract  annual_risk_per_contract  position  capital  exposure_held_perc_capital  annual_risk_perc_capital
JPY                       0.000               0.001      0.01              0.65               10.4        9834621.0              66988                      434                      6958        -2   368774                       -36.3                      -3.8
PLAT                     14.894             238.307    902.00              1.65               26.4             39.3              35483                      585                      9374        -1   368774                        -9.6                      -2.5
LEANHOG                   1.191              19.054     77.58              1.54               24.6            314.7              24413                      374                      5996        -1   368774                        -6.6                      -1.6
VIX                       0.454               7.266     15.30              2.97               47.5            786.8              12037                      357                      5716        -1   368774                        -3.3                      -1.6
GAS_US_mini               0.144               2.300      2.13              6.75              108.0           1966.9               4189                      282                      4523        -1   368774                        -1.1                      -1.2
BOBL                      0.325               5.203    117.64              0.28                4.4            857.7             100899                      278                      4462        -1   368774                       -27.4                      -1.2
RUSSELL                  25.430             406.881   1986.10              1.28               20.5              3.9               7813                      100                      1600        -2   368774                        -4.2                      -0.9
EUR_micro                 0.005               0.074      1.09              0.42                6.8           9834.6              10725                       45                       728        -2   368774                        -5.8                      -0.4
COPPER-micro              0.043               0.693      3.75              1.15               18.5           1966.9               7374                       85                      1362        -1   368774                        -2.0                      -0.4
BITCOIN                1236.875           19789.996  40395.00              3.06               49.0              0.1               3178                       97                      1557         2   368774                         1.7                       0.8
CNH                       0.019               0.298      7.19              0.26                4.1          10921.4              78499                      203                      3252         1   368774                        21.3                       0.9
MXP                       0.000               0.006      0.06              0.66               10.6         393384.8              22674                      150                      2403         2   368774                        12.3                       1.3
IRON                      2.072              33.146    129.30              1.60               25.6             78.7              10172                      162                      2607         2   368774                         5.5                       1.4
NIKKEI                  343.750            5499.997  36400.00              0.94               15.1              0.5              19336                      182                      2921         2   368774                        10.5                       1.6
FTSETAIWAN               13.960             223.357   1528.25              0.91               14.6             31.5              48095                      439                      7029         1   368774                        13.0                       1.9
R1000                    12.336             197.372   1625.70              0.76               12.1             39.3              63952                      485                      7764         1   368774                        17.3                       2.1
KR10                      0.496               7.935    113.48              0.44                7.0            585.0              66381                      290                      4641         2   368774                        36.0                       2.5

Sum of abs(notional exposure % capital) 213.9
Sum of abs(annualised risk % capital) 26.1
Net sum of annualised risk % capital -1.1 

========================================================================================================================================================
                                                                      Correlations                                                                      
========================================================================================================================================================

               CNH   VIX  GAS_US_mini  LEANHOG  NIKKEI  COPPER-micro  EUR_micro  FTSETAIWAN  IRON  KR10   MXP  PLAT  R1000  RUSSELL  BOBL   JPY  BITCOIN
CNH           1.00  0.32         0.09     0.07   -0.19         -0.53      -0.56       -0.41 -0.17 -0.44 -0.25 -0.47  -0.36    -0.38 -0.34 -0.49    -0.20
VIX           0.32  1.00        -0.14    -0.36   -0.52         -0.32      -0.26       -0.52 -0.23 -0.48 -0.50 -0.19  -0.64    -0.62 -0.12 -0.14    -0.14
GAS_US_mini   0.09 -0.14         1.00     0.21    0.30         -0.06      -0.11        0.08  0.05 -0.02  0.03  0.00   0.13     0.06 -0.18 -0.39     0.00
LEANHOG       0.07 -0.36         0.21     1.00    0.35          0.14       0.14        0.18  0.13  0.07  0.26  0.05   0.33     0.26 -0.17 -0.07    -0.14
NIKKEI       -0.19 -0.52         0.30     0.35    1.00          0.26       0.20        0.57  0.11  0.27  0.44  0.07   0.49     0.39 -0.08 -0.24    -0.14
COPPER-micro -0.53 -0.32        -0.06     0.14    0.26          1.00       0.54        0.44  0.37  0.18  0.42  0.48   0.53     0.52  0.13  0.39     0.17
EUR_micro    -0.56 -0.26        -0.11     0.14    0.20          0.54       1.00        0.41  0.11  0.28  0.42  0.49   0.47     0.42  0.23  0.54     0.15
FTSETAIWAN   -0.41 -0.52         0.08     0.18    0.57          0.44       0.41        1.00  0.30  0.45  0.39  0.14   0.55     0.52  0.14  0.20     0.04
IRON         -0.17 -0.23         0.05     0.13    0.11          0.37       0.11        0.30  1.00  0.20  0.29  0.17   0.35     0.35  0.05  0.14     0.13
KR10         -0.44 -0.48        -0.02     0.07    0.27          0.18       0.28        0.45  0.20  1.00  0.25  0.12   0.40     0.34  0.60  0.33     0.20
MXP          -0.25 -0.50         0.03     0.26    0.44          0.42       0.42        0.39  0.29  0.25  1.00  0.41   0.53     0.48  0.10  0.21    -0.01
PLAT         -0.47 -0.19         0.00     0.05    0.07          0.48       0.49        0.14  0.17  0.12  0.41  1.00   0.48     0.50  0.25  0.46    -0.05
R1000        -0.36 -0.64         0.13     0.33    0.49          0.53       0.47        0.55  0.35  0.40  0.53  0.48   1.00     0.90  0.24  0.25     0.14
RUSSELL      -0.38 -0.62         0.06     0.26    0.39          0.52       0.42        0.52  0.35  0.34  0.48  0.50   0.90     1.00  0.29  0.33     0.16
BOBL         -0.34 -0.12        -0.18    -0.17   -0.08          0.13       0.23        0.14  0.05  0.60  0.10  0.25   0.24     0.29  1.00  0.54     0.29
JPY          -0.49 -0.14        -0.39    -0.07   -0.24          0.39       0.54        0.20  0.14  0.33  0.21  0.46   0.25     0.33  0.54  1.00     0.18
BITCOIN      -0.20 -0.14         0.00    -0.14   -0.14          0.17       0.15        0.04  0.13  0.20 -0.01 -0.05   0.14     0.16  0.29  0.18     1.00


********************************************************************************
                                 END OF REPORT                                  
********************************************************************************


