
********************************************************************************
                    Risk report produced on 02/12/2025 22:53                    
********************************************************************************


Total risk across all strategies, annualised percentage 10.4
Percentage of capital used for margin 42.2%

========================================
Risk per strategy, annualised percentage
========================================

                  risk
dynamic_TF_carry  10.4


===================
Risk by asset class
===================

Ags       1.0
Bond      1.5
Equity    7.4
FX        4.2
Metals    3.5
OilGas    0.8
Sector    0.9
dtype: float64


=====================================================
Beta loadings of asset class positions on asset class
=====================================================

Ags      -0.06
OilGas   -0.04
Metals   -0.01
Sector    0.04
Bond      0.14
FX        0.19
Equity    0.63
dtype: float64


========================================================
Beta loadings of full portfolio positions on asset class
========================================================

Ags      -0.10
Bond     -0.08
OilGas   -0.01
Metals    0.14
Sector    0.32
FX        0.48
Equity    0.70
dtype: float64


===================================================================================================================================================================================================================================================================
                                                                                                                          Instrument risk                                                                                                                          
===================================================================================================================================================================================================================================================================

               daily_price_stdev  annual_price_stdev     price  daily_perc_stdev  annual_perc_stdev  point_size_base  contract_exposure  daily_risk_per_contract  annual_risk_per_contract  position  capital  exposure_held_perc_capital  annual_risk_perc_capital
BITCOIN                 3019.551           48312.811  92250.00              3.27               52.4              0.1               6982                      228                      3656        -5   614745                        -5.7                      -3.0
JPY                        0.000               0.001      0.01              0.54                8.6        9460809.5              60771                      326                      5223        -2   614745                       -19.8                      -1.7
DAX                      210.979            3375.666  23814.00              0.89               14.2              0.9              20923                      185                      2965        -3   614745                       -10.2                      -1.4
KR10                       0.344               5.504    113.39              0.30                4.9            511.0              57940                      175                      2812        -3   614745                       -28.3                      -1.4
WHEAT                      7.352             117.633    584.75              1.26               20.1             37.8              22128                      278                      4451        -1   614745                        -3.6                      -0.7
KRWUSD_mini                0.004               0.057      0.68              0.52                8.3          18921.6              12896                       67                      1075        -4   614745                        -8.4                      -0.7
RICE                       0.155               2.477     10.12              1.53               24.5           1513.7              15318                      234                      3749        -1   614745                        -2.5                      -0.6
CRUDE_W_micro              0.957              15.316     58.37              1.64               26.2             75.7               4417                       72                      1159        -3   614745                        -2.2                      -0.6
GAS_US_mini                0.110               1.755      4.84              2.27               36.3           1892.2               9158                      207                      3321        -1   614745                        -1.5                      -0.5
EUR_micro                  0.004               0.059      1.17              0.32                5.1           9460.8              11053                       34                       559        -2   614745                        -3.6                      -0.2
BRE                        0.001               0.017      0.19              0.57                9.2          75686.5              14107                       81                      1297         1   614745                         2.3                       0.2
FTSECHINAA               157.291            2516.660  15105.00              1.04               16.7              0.8              11432                      119                      1904         1   614745                         1.9                       0.3
KOSPI_mini                 9.799             156.790    565.82              1.73               27.7             25.5              14456                      250                      4005         1   614745                         2.4                       0.7
RUSSELL                   33.546             536.731   2500.40              1.34               21.5              3.8               9462                      126                      2031         2   614745                         3.1                       0.7
MXP                        0.000               0.004      0.05              0.47                7.5         378432.4              20677                       97                      1554         3   614745                        10.1                       0.8
EU-BASIC                   7.505             120.072    604.60              1.24               19.9             43.9              26561                      329                      5275         1   614745                         4.3                       0.9
TOPIX                     34.237             547.799   3341.25              1.02               16.4              4.9              16234                      166                      2661         2   614745                         5.3                       0.9
GBP                        0.005               0.078      1.32              0.37                5.9          47304.0              62483                      231                      3700         2   614745                        20.3                       1.2
CAD10                      0.364               5.821    122.13              0.30                4.8            540.7              66036                      196                      3147         3   614745                        32.2                       1.5
SILVER                     1.001              16.015     59.03              1.70               27.1            756.9              44677                      757                     12120         1   614745                         7.3                       2.0
YENEUR                     0.758              12.122    181.05              0.42                6.7            607.4             109964                      460                      7362         2   614745                        35.8                       2.4
AEX                        7.425             118.796    948.75              0.78               12.5            175.7             166722                     1304                     20875         1   614745                        27.1                       3.4
MIB                      363.688            5819.009  43455.00              0.84               13.4              4.4             190906                     1597                     25564         1   614745                        31.1                       4.2

Sum of abs(notional exposure % capital) 269.0
Sum of abs(annualised risk % capital) 30.0
Net sum of annualised risk % capital 8.4 

================================================================================================================================================================================================================
                                                                                                  Correlations                                                                                                  
================================================================================================================================================================================================================

                AEX  BITCOIN   BRE   DAX  EU-BASIC  FTSECHINAA  KOSPI_mini   MIB   MXP  RUSSELL  SILVER  TOPIX  CRUDE_W_micro  YENEUR  GAS_US_mini  RICE  WHEAT  CAD10  KR10  EUR_micro   GBP   JPY  KRWUSD_mini
AEX            1.00     0.32  0.39  0.75      0.74        0.42        0.60  0.75  0.27     0.66    0.39   0.51           0.24    0.05         0.02  0.01   0.08   0.00  0.01      -0.02  0.20 -0.04         0.09
BITCOIN        0.32     1.00  0.18  0.42      0.29        0.16        0.32  0.30  0.10     0.38    0.07   0.16          -0.03   -0.06        -0.00 -0.02  -0.06   0.01 -0.00       0.14  0.18  0.15         0.22
BRE            0.39     0.18  1.00  0.32      0.38        0.45        0.37  0.38  0.50     0.39    0.36   0.23           0.16    0.08         0.32  0.08   0.22  -0.06 -0.14       0.33  0.41  0.19         0.34
DAX            0.75     0.42  0.32  1.00      0.76        0.30        0.49  0.84  0.29     0.55    0.37   0.60           0.03    0.22         0.07  0.09  -0.02  -0.05 -0.03       0.11  0.34 -0.09         0.11
EU-BASIC       0.74     0.29  0.38  0.76      1.00        0.46        0.56  0.75  0.36     0.58    0.57   0.61           0.17    0.20         0.03  0.14   0.14  -0.16 -0.17       0.15  0.29 -0.05         0.15
FTSECHINAA     0.42     0.16  0.45  0.30      0.46        1.00        0.24  0.35  0.34     0.41    0.31   0.27           0.16    0.10         0.09 -0.09   0.16  -0.15  0.00       0.19  0.25  0.06         0.16
KOSPI_mini     0.60     0.32  0.37  0.49      0.56        0.24        1.00  0.49  0.13     0.41    0.22   0.44           0.17    0.14         0.15  0.06   0.24  -0.04  0.01       0.04  0.08 -0.11         0.14
MIB            0.75     0.30  0.38  0.84      0.75        0.35        0.49  1.00  0.27     0.55    0.41   0.62           0.17    0.12         0.01  0.12   0.03  -0.10 -0.15       0.01  0.24 -0.08         0.10
MXP            0.27     0.10  0.50  0.29      0.36        0.34        0.13  0.27  1.00     0.27    0.36   0.20           0.12    0.29        -0.02 -0.05   0.10  -0.14 -0.02       0.42  0.45  0.08         0.21
RUSSELL        0.66     0.38  0.39  0.55      0.58        0.41        0.41  0.55  0.27     1.00    0.35   0.47           0.14    0.04        -0.08 -0.03   0.10  -0.05  0.11       0.03  0.25 -0.01         0.17
SILVER         0.39     0.07  0.36  0.37      0.57        0.31        0.22  0.41  0.36     0.35    1.00   0.18           0.23    0.18         0.05  0.20   0.22  -0.31 -0.15       0.25  0.31  0.05         0.21
TOPIX          0.51     0.16  0.23  0.60      0.61        0.27        0.44  0.62  0.20     0.47    0.18   1.00           0.17    0.33        -0.02 -0.06  -0.09  -0.04 -0.14      -0.03  0.23 -0.29        -0.06
CRUDE_W_micro  0.24    -0.03  0.16  0.03      0.17        0.16        0.17  0.17  0.12     0.14    0.23   0.17           1.00    0.21         0.10 -0.05   0.26  -0.25 -0.23      -0.19 -0.24 -0.32        -0.21
YENEUR         0.05    -0.06  0.08  0.22      0.20        0.10        0.14  0.12  0.29     0.04    0.18   0.33           0.21    1.00         0.08 -0.00   0.04  -0.51 -0.28       0.23  0.11 -0.66        -0.14
GAS_US_mini    0.02    -0.00  0.32  0.07      0.03        0.09        0.15  0.01 -0.02    -0.08    0.05  -0.02           0.10    0.08         1.00  0.11   0.18  -0.23 -0.23      -0.00 -0.03 -0.09         0.13
RICE           0.01    -0.02  0.08  0.09      0.14       -0.09        0.06  0.12 -0.05    -0.03    0.20  -0.06          -0.05   -0.00         0.11  1.00   0.08  -0.20  0.09       0.18  0.13  0.13         0.23
WHEAT          0.08    -0.06  0.22 -0.02      0.14        0.16        0.24  0.03  0.10     0.10    0.22  -0.09           0.26    0.04         0.18  0.08   1.00  -0.25 -0.22       0.08 -0.10 -0.02         0.17
CAD10          0.00     0.01 -0.06 -0.05     -0.16       -0.15       -0.04 -0.10 -0.14    -0.05   -0.31  -0.04          -0.25   -0.51        -0.23 -0.20  -0.25   1.00  0.44      -0.12  0.08  0.34        -0.06
KR10           0.01    -0.00 -0.14 -0.03     -0.17        0.00        0.01 -0.15 -0.02     0.11   -0.15  -0.14          -0.23   -0.28        -0.23  0.09  -0.22   0.44  1.00      -0.05  0.08  0.21         0.07
EUR_micro     -0.02     0.14  0.33  0.11      0.15        0.19        0.04  0.01  0.42     0.03    0.25  -0.03          -0.19    0.23        -0.00  0.18   0.08  -0.12 -0.05       1.00  0.78  0.55         0.56
GBP            0.20     0.18  0.41  0.34      0.29        0.25        0.08  0.24  0.45     0.25    0.31   0.23          -0.24    0.11        -0.03  0.13  -0.10   0.08  0.08       0.78  1.00  0.53         0.52
JPY           -0.04     0.15  0.19 -0.09     -0.05        0.06       -0.11 -0.08  0.08    -0.01    0.05  -0.29          -0.32   -0.66        -0.09  0.13  -0.02   0.34  0.21       0.55  0.53  1.00         0.55
KRWUSD_mini    0.09     0.22  0.34  0.11      0.15        0.16        0.14  0.10  0.21     0.17    0.21  -0.06          -0.21   -0.14         0.13  0.23   0.17  -0.06  0.07       0.56  0.52  0.55         1.00


********************************************************************************
                                 END OF REPORT                                  
********************************************************************************


