
********************************************************************************
                    Risk report produced on 04/10/2024 22:52                    
********************************************************************************


Total risk across all strategies, annualised percentage 13.2
Percentage of capital used for margin 70.0%

========================================
Risk per strategy, annualised percentage
========================================

                  risk
dynamic_TF_carry  13.2


===================
Risk by asset class
===================

Ags        2.4
Bond       3.7
Equity    10.7
FX         1.6
Metals     1.4
OilGas     1.9
Sector     1.1
dtype: float64


=====================================================
Beta loadings of asset class positions on asset class
=====================================================

OilGas   -0.04
Sector   -0.04
Ags      -0.03
FX       -0.00
Metals    0.04
Bond      0.53
Equity    0.65
dtype: float64


========================================================
Beta loadings of full portfolio positions on asset class
========================================================

OilGas   -0.03
Ags      -0.03
Metals    0.20
Sector    0.28
Bond      0.61
Equity    0.67
FX        0.76
dtype: float64


==================================================================================================================================================================================================================================================================
                                                                                                                         Instrument risk                                                                                                                          
==================================================================================================================================================================================================================================================================

              daily_price_stdev  annual_price_stdev     price  daily_perc_stdev  annual_perc_stdev  point_size_base  contract_exposure  daily_risk_per_contract  annual_risk_per_contract  position  capital  exposure_held_perc_capital  annual_risk_perc_capital
GAS-PEN                   0.090               1.447      2.85              3.17               50.8           7612.9              21696                      688                     11014        -1   568550                        -3.8                      -1.9
JPY                       0.000               0.001      0.01              0.86               13.7        9516124.1              64538                      551                      8829        -1   568550                       -11.4                      -1.6
SOYMEAL                   5.346              85.544    328.50              1.63               26.0             76.1              25008                      407                      6512        -1   568550                        -4.4                      -1.1
EU-AUTO                   9.682             154.911    563.50              1.72               27.5             42.0              23663                      406                      6505        -1   568550                        -4.2                      -1.1
COTTON2                   1.016              16.258     73.30              1.39               22.2            380.6              27901                      386                      6188        -1   568550                        -4.9                      -1.1
BITCOIN                1700.282           27204.512  62630.00              2.71               43.4              0.1               4767                      129                      2071        -2   568550                        -1.7                      -0.7
TOPIX                    44.929             718.870   2694.75              1.67               26.7              5.2              14041                      234                      3745        -1   568550                        -2.5                      -0.7
CORN                      5.023              80.376    425.25              1.18               18.9             38.1              16186                      191                      3059        -1   568550                        -2.8                      -0.5
IRON                      2.336              37.383    108.95              2.14               34.3             76.1               8294                      177                      2845        -1   568550                        -1.5                      -0.5
CANOLA                   10.006             160.099    635.70              1.57               25.2             11.2               7141                      112                      1798        -1   568550                        -1.3                      -0.3
MUMMY                    14.481             231.702    634.00              2.28               36.5              5.2               3303                       75                      1207         1   568550                         0.6                       0.2
BRE                       0.001               0.022      0.18              0.77               12.3          76129.0              13904                      106                      1705         1   568550                         2.4                       0.3
GOLD_micro               19.499             311.980   2666.00              0.73               11.7              7.6              20295                      148                      2375         1   568550                         3.6                       0.4
MSCISING                  2.922              46.758    341.30              0.86               13.7             58.7              20046                      171                      2746         1   568550                         3.5                       0.5
DOW                     257.796            4124.738  42537.00              0.61                9.7              0.4              16191                       98                      1570         2   568550                         5.7                       0.6
SUGAR11                   0.347               5.558     21.27              1.63               26.1            852.6              18135                      296                      4738         1   568550                         3.2                       0.8
GBP                       0.006               0.101      1.31              0.48                7.7          47580.6              62430                      300                      4813         1   568550                        11.0                       0.8
NASDAQ_micro            211.366            3381.848  20194.25              1.05               16.7              1.5              30747                      321                      5149         1   568550                         5.4                       0.9
SILVER                    0.524               8.389     32.37              1.62               25.9            761.3              24642                      399                      6386         1   568550                         4.3                       1.1
US10U                     0.532               8.515    116.62              0.46                7.3            761.3              88785                      405                      6482         1   568550                        15.6                       1.1
KR10                      0.369               5.898    117.27              0.31                5.0            573.3              67235                      211                      3381         2   568550                        23.7                       1.2
US20                      0.784              12.542    121.91              0.64               10.3            761.3              92806                      596                      9547         1   568550                        16.3                       1.7
LEANHOG                   1.013              16.210     76.30              1.33               21.2            304.5              23234                      308                      4936         2   568550                         8.2                       1.7
MSCITAIWAN               13.104             209.667    917.80              1.43               22.8             76.1              69871                      997                     15961         1   568550                        12.3                       2.8
MIB                     319.524            5112.383  33495.00              0.95               15.3              4.2             140658                     1341                     21468         1   568550                        24.7                       3.8
MSCIEAFA                 22.198             355.162   2450.20              0.91               14.5             38.1              93265                      844                     13519         2   568550                        32.8                       4.8

Sum of abs(notional exposure % capital) 211.8
Sum of abs(annualised risk % capital) 32.2
Net sum of annualised risk % capital 13.2 

================================================================================================================================================================================================================================
                                                                                                          Correlations                                                                                                          
================================================================================================================================================================================================================================

               DOW  EU-AUTO   MIB  MSCIEAFA  MSCISING  MSCITAIWAN  MUMMY  NASDAQ_micro  TOPIX  BITCOIN   BRE   GBP  GOLD_micro  SILVER  SUGAR11   JPY  KR10  US10U  US20  CANOLA  CORN  COTTON2  IRON  LEANHOG  SOYMEAL  GAS-PEN
DOW           1.00     0.47  0.60      0.82      0.57        0.44   0.72          0.65   0.60     0.39  0.35  0.50        0.46    0.36     0.32  0.12  0.24   0.30  0.34   -0.02  0.06     0.24 -0.03     0.16    -0.01     0.01
EU-AUTO       0.47     1.00  0.79      0.57      0.34        0.38   0.51          0.37   0.53     0.31  0.24  0.37        0.11    0.22     0.18 -0.12 -0.07  -0.12 -0.08    0.12  0.01     0.17 -0.05     0.21    -0.01    -0.14
MIB           0.60     0.79  1.00      0.70      0.51        0.37   0.55          0.43   0.62     0.34  0.29  0.42        0.22    0.31     0.24 -0.12 -0.05  -0.04 -0.01    0.22 -0.02     0.04 -0.09     0.29     0.02    -0.01
MSCIEAFA      0.82     0.57  0.70      1.00      0.66        0.54   0.70          0.71   0.64     0.39  0.39  0.63        0.47    0.46     0.33  0.12  0.23   0.35  0.38    0.04 -0.05     0.13  0.00     0.13    -0.02     0.04
MSCISING      0.57     0.34  0.51      0.66      1.00        0.53   0.59          0.61   0.57     0.21  0.33  0.41        0.35    0.42     0.25 -0.07  0.11   0.05  0.09    0.11  0.03     0.09 -0.03     0.09    -0.07     0.09
MSCITAIWAN    0.44     0.38  0.37      0.54      0.53        1.00   0.50          0.61   0.51     0.28  0.36  0.39        0.35    0.46     0.33 -0.23  0.17   0.01  0.06    0.08 -0.02     0.18  0.16    -0.02    -0.17     0.07
MUMMY         0.72     0.51  0.55      0.70      0.59        0.50   1.00          0.57   0.80     0.34  0.19  0.45        0.29    0.26     0.42 -0.14  0.06   0.07  0.11    0.02 -0.00     0.24 -0.00     0.21    -0.02    -0.04
NASDAQ_micro  0.65     0.37  0.43      0.71      0.61        0.61   0.57          1.00   0.58     0.23  0.25  0.44        0.33    0.48     0.22 -0.14  0.16   0.16  0.20   -0.04  0.01     0.17 -0.02    -0.15    -0.10     0.18
TOPIX         0.60     0.53  0.62      0.64      0.57        0.51   0.80          0.58   1.00     0.24  0.21  0.35        0.29    0.37     0.33 -0.43 -0.16  -0.13 -0.08    0.04 -0.08     0.18  0.11     0.13    -0.08     0.05
BITCOIN       0.39     0.31  0.34      0.39      0.21        0.28   0.34          0.23   0.24     1.00  0.14  0.26        0.32    0.24     0.04  0.12  0.08   0.09  0.12    0.10  0.13     0.21 -0.09     0.24     0.01    -0.02
BRE           0.35     0.24  0.29      0.39      0.33        0.36   0.19          0.25   0.21     0.14  1.00  0.27        0.23    0.32     0.30 -0.05  0.16   0.11  0.15    0.00  0.12     0.19  0.04     0.06     0.08     0.11
GBP           0.50     0.37  0.42      0.63      0.41        0.39   0.45          0.44   0.35     0.26  0.27  1.00        0.55    0.54     0.29  0.29  0.16   0.30  0.29    0.12  0.08    -0.05 -0.02     0.07    -0.02     0.04
GOLD_micro    0.46     0.11  0.22      0.47      0.35        0.35   0.29          0.33   0.29     0.32  0.23  0.55        1.00    0.77     0.21  0.26  0.11   0.33  0.32    0.03  0.08    -0.04  0.12     0.07     0.02     0.05
SILVER        0.36     0.22  0.31      0.46      0.42        0.46   0.26          0.48   0.37     0.24  0.32  0.54        0.77    1.00     0.17  0.03 -0.06   0.06  0.06    0.23  0.15     0.09  0.22     0.06     0.11     0.11
SUGAR11       0.32     0.18  0.24      0.33      0.25        0.33   0.42          0.22   0.33     0.04  0.30  0.29        0.21    0.17     1.00 -0.05 -0.11  -0.06 -0.10    0.18 -0.03     0.22 -0.01     0.15     0.10    -0.06
JPY           0.12    -0.12 -0.12      0.12     -0.07       -0.23  -0.14         -0.14  -0.43     0.12 -0.05  0.29        0.26    0.03    -0.05  1.00  0.30   0.52  0.48   -0.00  0.04    -0.06 -0.13     0.07     0.06    -0.23
KR10          0.24    -0.07 -0.05      0.23      0.11        0.17   0.06          0.16  -0.16     0.08  0.16  0.16        0.11   -0.06    -0.11  0.30  1.00   0.63  0.65   -0.25 -0.01    -0.09 -0.11    -0.07    -0.05     0.02
US10U         0.30    -0.12 -0.04      0.35      0.05        0.01   0.07          0.16  -0.13     0.09  0.11  0.30        0.33    0.06    -0.06  0.52  0.63   1.00  0.98   -0.32 -0.05    -0.23 -0.12    -0.03    -0.07     0.01
US20          0.34    -0.08 -0.01      0.38      0.09        0.06   0.11          0.20  -0.08     0.12  0.15  0.29        0.32    0.06    -0.10  0.48  0.65   0.98  1.00   -0.34 -0.05    -0.22 -0.11    -0.03    -0.07    -0.01
CANOLA       -0.02     0.12  0.22      0.04      0.11        0.08   0.02         -0.04   0.04     0.10  0.00  0.12        0.03    0.23     0.18 -0.00 -0.25  -0.32 -0.34    1.00  0.39     0.16  0.23     0.38     0.47     0.14
CORN          0.06     0.01 -0.02     -0.05      0.03       -0.02  -0.00          0.01  -0.08     0.13  0.12  0.08        0.08    0.15    -0.03  0.04 -0.01  -0.05 -0.05    0.39  1.00     0.06  0.13     0.17     0.59     0.20
COTTON2       0.24     0.17  0.04      0.13      0.09        0.18   0.24          0.17   0.18     0.21  0.19 -0.05       -0.04    0.09     0.22 -0.06 -0.09  -0.23 -0.22    0.16  0.06     1.00  0.18     0.13     0.08    -0.03
IRON         -0.03    -0.05 -0.09      0.00     -0.03        0.16  -0.00         -0.02   0.11    -0.09  0.04 -0.02        0.12    0.22    -0.01 -0.13 -0.11  -0.12 -0.11    0.23  0.13     0.18  1.00     0.15     0.28    -0.04
LEANHOG       0.16     0.21  0.29      0.13      0.09       -0.02   0.21         -0.15   0.13     0.24  0.06  0.07        0.07    0.06     0.15  0.07 -0.07  -0.03 -0.03    0.38  0.17     0.13  0.15     1.00     0.19    -0.04
SOYMEAL      -0.01    -0.01  0.02     -0.02     -0.07       -0.17  -0.02         -0.10  -0.08     0.01  0.08 -0.02        0.02    0.11     0.10  0.06 -0.05  -0.07 -0.07    0.47  0.59     0.08  0.28     0.19     1.00     0.13
GAS-PEN       0.01    -0.14 -0.01      0.04      0.09        0.07  -0.04          0.18   0.05    -0.02  0.11  0.04        0.05    0.11    -0.06 -0.23  0.02   0.01 -0.01    0.14  0.20    -0.03 -0.04    -0.04     0.13     1.00


********************************************************************************
                                 END OF REPORT                                  
********************************************************************************


