
********************************************************************************
                    Risk report produced on 28/04/2025 22:53                    
********************************************************************************


Total risk across all strategies, annualised percentage 8.5
Percentage of capital used for margin 41.1%

========================================
Risk per strategy, annualised percentage
========================================

                  risk
dynamic_TF_carry   8.5


===================
Risk by asset class
===================

Ags       2.0
Bond      2.1
Equity    3.2
FX        2.4
Metals    3.2
OilGas    4.7
dtype: float64


=====================================================
Beta loadings of asset class positions on asset class
=====================================================

Metals   -0.13
OilGas   -0.13
Ags      -0.01
Equity    0.01
FX        0.19
Bond      0.42
dtype: float64


========================================================
Beta loadings of full portfolio positions on asset class
========================================================

Ags      -0.19
Metals   -0.17
OilGas   -0.17
FX       -0.09
Equity   -0.06
Bond      0.41
dtype: float64


===================================================================================================================================================================================================================================================================
                                                                                                                          Instrument risk                                                                                                                          
===================================================================================================================================================================================================================================================================

               daily_price_stdev  annual_price_stdev     price  daily_perc_stdev  annual_perc_stdev  point_size_base  contract_exposure  daily_risk_per_contract  annual_risk_per_contract  position  capital  exposure_held_perc_capital  annual_risk_perc_capital
BRENT-LAST                 1.451              23.220     64.74              2.24               35.9            751.0              48620                     1089                     17438        -1   539660                        -9.0                      -3.2
GAS-PEN                    0.115               1.836      3.26              3.52               56.3           7510.0              24482                      861                     13791        -1   539660                        -4.5                      -2.6
DOW                      688.079           11009.269  40375.00              1.70               27.3              0.4              15160                      258                      4134        -3   539660                        -8.4                      -2.3
ALUMINIUM                 38.719             619.498   2391.50              1.62               25.9             18.8              44900                      726                     11631        -1   539660                        -8.3                      -2.2
BITCOIN                 2566.396           41062.330  95260.00              2.69               43.1              0.1               7154                      192                      3083        -3   539660                        -4.0                      -1.7
DX                         0.555               8.886     98.82              0.56                9.0            751.0              74218                      417                      6673        -1   539660                       -13.8                      -1.2
SP500_micro              105.592            1689.476   5530.50              1.91               30.5              3.8              20767                      396                      6344        -1   539660                        -3.8                      -1.2
WHEAT                      7.309             116.950    571.50              1.28               20.5             37.6              21459                      274                      4391        -1   539660                        -4.0                      -0.8
GAS_US_mini                0.127               2.031      3.60              3.52               56.3           1877.5               6768                      238                      3813        -1   539660                        -1.3                      -0.7
SOYMEAL                    3.092              49.476    299.30              1.03               16.5             75.1              22477                      232                      3715        -1   539660                        -4.2                      -0.7
COPPER-micro               0.103               1.645      4.91              2.09               33.5           1877.5               9215                      193                      3088        -1   539660                        -1.7                      -0.6
CANOLA                     8.707             139.314    661.20              1.32               21.1             10.8               7163                       94                      1509         1   539660                         1.3                       0.3
CRUDE_W_micro              1.467              23.464     60.79              2.41               38.6             75.1               4565                      110                      1762         1   539660                         0.8                       0.3
MXP                        0.000               0.007      0.05              0.83               13.4         375502.2              19045                      158                      2543         1   539660                         3.5                       0.5
KR10                       0.344               5.504    121.42              0.28                4.5            517.8              62873                      178                      2850         2   539660                        23.3                       1.1
NIKKEI                   791.520           12664.322  35880.00              2.21               35.3              0.5              18776                      414                      6627         1   539660                         3.5                       1.2
BTP                        0.510               8.157    120.04              0.42                6.8            854.2             102538                      435                      6967         1   539660                        19.0                       1.3
MUMMY                     15.989             255.825    668.00              2.39               38.3              5.2               3495                       83                      1338         6   539660                         3.9                       1.5
LIVECOW                    1.929              30.863    205.28              0.94               15.0            300.4              61664                      579                      9271         1   539660                        11.4                       1.7
YENEUR                     0.917              14.677    161.86              0.57                9.1            654.2             105881                      600                      9600         1   539660                        19.6                       1.8

Sum of abs(notional exposure % capital) 149.3
Sum of abs(annualised risk % capital) 26.9
Net sum of annualised risk % capital -7.5 

===================================================================================================================================================================================================
                                                                                           Correlations                                                                                            
===================================================================================================================================================================================================

                BTP  KR10  BITCOIN  BRENT-LAST  COPPER-micro  CRUDE_W_micro   DOW  LIVECOW  MUMMY  NIKKEI  SP500_micro    DX  GAS-PEN  GAS_US_mini  CANOLA  SOYMEAL  WHEAT  ALUMINIUM   MXP  YENEUR
BTP            1.00  0.65     0.11       -0.05          0.10          -0.09  0.25     0.06   0.18    0.17         0.21 -0.19    -0.22        -0.20    0.05     0.14   0.09      -0.02  0.18   -0.42
KR10           0.65  1.00     0.04       -0.31         -0.10          -0.29  0.08    -0.07  -0.02   -0.02         0.04 -0.38    -0.26        -0.25   -0.09     0.02  -0.07      -0.16  0.12   -0.31
BITCOIN        0.11  0.04     1.00        0.11          0.17           0.10  0.42     0.11   0.29    0.27         0.37  0.02     0.10         0.14    0.10    -0.06  -0.02       0.07  0.06    0.11
BRENT-LAST    -0.05 -0.31     0.11        1.00          0.45           0.99  0.30     0.54   0.43    0.46         0.25  0.24     0.18         0.18    0.04     0.01   0.12       0.28  0.11    0.09
COPPER-micro   0.10 -0.10     0.17        0.45          1.00           0.43  0.31     0.36   0.53    0.56         0.29 -0.22     0.15         0.18   -0.06     0.02   0.17       0.53  0.35    0.24
CRUDE_W_micro -0.09 -0.29     0.10        0.99          0.43           1.00  0.29     0.56   0.41    0.44         0.23  0.23     0.18         0.18    0.03    -0.01   0.11       0.25  0.10    0.10
DOW            0.25  0.08     0.42        0.30          0.31           0.29  1.00     0.21   0.41    0.40         0.87  0.12     0.12         0.08    0.02     0.03  -0.02       0.18  0.17   -0.10
LIVECOW        0.06 -0.07     0.11        0.54          0.36           0.56  0.21     1.00   0.36    0.35         0.10 -0.06     0.07         0.07    0.01     0.08   0.09       0.09  0.22    0.12
MUMMY          0.18 -0.02     0.29        0.43          0.53           0.41  0.41     0.36   1.00    0.79         0.36 -0.12    -0.08        -0.06   -0.02    -0.04   0.01       0.18  0.28    0.15
NIKKEI         0.17 -0.02     0.27        0.46          0.56           0.44  0.40     0.35   0.79    1.00         0.43 -0.06    -0.04         0.01   -0.01    -0.07  -0.02       0.28  0.25    0.32
SP500_micro    0.21  0.04     0.37        0.25          0.29           0.23  0.87     0.10   0.36    0.43         1.00  0.24     0.21         0.16    0.10    -0.01  -0.02       0.23  0.23    0.05
DX            -0.19 -0.38     0.02        0.24         -0.22           0.23  0.12    -0.06  -0.12   -0.06         0.24  1.00     0.14         0.08   -0.02    -0.22  -0.07      -0.07 -0.25   -0.02
GAS-PEN       -0.22 -0.26     0.10        0.18          0.15           0.18  0.12     0.07  -0.08   -0.04         0.21  0.14     1.00         0.97    0.18     0.13   0.21       0.08 -0.14    0.20
GAS_US_mini   -0.20 -0.25     0.14        0.18          0.18           0.18  0.08     0.07  -0.06    0.01         0.16  0.08     0.97         1.00    0.13     0.11   0.18       0.11 -0.09    0.24
CANOLA         0.05 -0.09     0.10        0.04         -0.06           0.03  0.02     0.01  -0.02   -0.01         0.10 -0.02     0.18         0.13    1.00     0.23   0.31      -0.12  0.01    0.10
SOYMEAL        0.14  0.02    -0.06        0.01          0.02          -0.01  0.03     0.08  -0.04   -0.07        -0.01 -0.22     0.13         0.11    0.23     1.00   0.45       0.27  0.01   -0.13
WHEAT          0.09 -0.07    -0.02        0.12          0.17           0.11 -0.02     0.09   0.01   -0.02        -0.02 -0.07     0.21         0.18    0.31     0.45   1.00       0.23  0.15   -0.01
ALUMINIUM     -0.02 -0.16     0.07        0.28          0.53           0.25  0.18     0.09   0.18    0.28         0.23 -0.07     0.08         0.11   -0.12     0.27   0.23       1.00  0.32    0.12
MXP            0.18  0.12     0.06        0.11          0.35           0.10  0.17     0.22   0.28    0.25         0.23 -0.25    -0.14        -0.09    0.01     0.01   0.15       0.32  1.00    0.25
YENEUR        -0.42 -0.31     0.11        0.09          0.24           0.10 -0.10     0.12   0.15    0.32         0.05 -0.02     0.20         0.24    0.10    -0.13  -0.01       0.12  0.25    1.00


********************************************************************************
                                 END OF REPORT                                  
********************************************************************************


