
********************************************************************************
                    Risk report produced on 20/01/2025 22:52                    
********************************************************************************


Total risk across all strategies, annualised percentage 11.0
Percentage of capital used for margin 69.2%

========================================
Risk per strategy, annualised percentage
========================================

                  risk
dynamic_TF_carry  11.0


===================
Risk by asset class
===================

Ags       2.1
Bond      4.7
Equity    1.5
FX        6.3
Metals    2.2
OilGas    0.7
Vol       1.6
dtype: float64


=====================================================
Beta loadings of asset class positions on asset class
=====================================================

FX       -0.72
Bond     -0.36
Metals   -0.13
Vol      -0.03
OilGas    0.03
Ags       0.07
Equity    0.14
dtype: float64


========================================================
Beta loadings of full portfolio positions on asset class
========================================================

FX       -1.03
Bond     -0.65
Metals   -0.16
Vol      -0.07
OilGas    0.07
Ags       0.15
Equity    0.26
dtype: float64


===================================================================================================================================================================================================================================================================
                                                                                                                          Instrument risk                                                                                                                          
===================================================================================================================================================================================================================================================================

               daily_price_stdev  annual_price_stdev     price  daily_perc_stdev  annual_perc_stdev  point_size_base  contract_exposure  daily_risk_per_contract  annual_risk_per_contract  position  capital  exposure_held_perc_capital  annual_risk_perc_capital
CHF                        0.005               0.082      1.11              0.46                7.4         102479.2             113751                      522                      8367        -3   575411                       -59.3                      -4.4
BUXL                       1.078              17.246    128.04              0.84               13.5            845.2             108219                      911                     14576        -1   575411                       -18.8                      -2.5
US30                       1.024              16.383    117.66              0.87               13.9            819.8              96458                      839                     13431        -1   575411                       -16.8                      -2.3
ALUMINIUM                 30.744             491.897   2706.75              1.14               18.2             20.5              55477                      630                     10081        -1   575411                        -9.6                      -1.8
VIX                        0.683              10.935     17.85              3.83               61.3            819.8              14634                      560                      8964        -1   575411                        -2.5                      -1.6
JPY                        0.000               0.001      0.01              0.62                9.8       10247917.6              66309                      408                      6531        -1   575411                       -11.5                      -1.1
SUGAR11                    0.265               4.245     17.10              1.55               24.8            918.2              15701                      243                      3898        -1   575411                        -2.7                      -0.7
CAD                        0.003               0.047      0.70              0.42                6.6          81983.3              57433                      238                      3816        -1   575411                       -10.0                      -0.7
COPPER-micro               0.051               0.812      4.32              1.17               18.8           2049.6               8857                      104                      1664        -2   575411                        -3.1                      -0.6
MXP                        0.000               0.007      0.05              0.86               13.8         409916.7              19811                      171                      2736        -1   575411                        -3.4                      -0.5
CANOLA                    10.225             163.605    640.00              1.60               25.6             11.3               7256                      115                      1855        -1   575411                        -1.3                      -0.3
BRE                        0.001               0.022      0.17              0.84               13.5          81983.3              13543                      114                      1828        -1   575411                        -2.4                      -0.3
RUSSELL                   27.060             432.965   2287.90              1.18               18.9              4.1               9378                      110                      1774        -1   575411                        -1.6                      -0.3
TOPIX                     24.599             393.579   2712.25              0.91               14.5              5.3              14243                      129                      2066         1   575411                         2.5                       0.4
MSCISING                   2.988              47.800    379.95              0.79               12.6             60.1              22830                      179                      2872         1   575411                         4.0                       0.5
NIKKEI                   381.027            6096.437  38875.00              0.98               15.7              0.5              20414                      200                      3201         1   575411                         3.5                       0.6
DAX                      149.404            2390.464  21122.00              0.71               11.3              0.8              17852                      126                      2020         2   575411                         6.2                       0.7
CRUDE_W_micro              1.094              17.499     76.13              1.44               23.0             82.0               6241                       89                      1434         3   575411                         3.3                       0.7
YENEUR                     1.000              15.998    161.20              0.62                9.9            656.4             105815                      656                     10501         1   575411                        18.4                       1.8
FEEDCOW                    1.875              30.005    267.58              0.70               11.2            409.9             109683                      768                     12299         1   575411                        19.1                       2.1

Sum of abs(notional exposure % capital) 200.0
Sum of abs(annualised risk % capital) 23.9
Net sum of annualised risk % capital -10.3 

===============================================================================================================================================================================
                                                                                 Correlations                                                                                  
===============================================================================================================================================================================

               ALUMINIUM   BRE   CAD  COPPER-micro   DAX   MXP  RUSSELL  CANOLA  YENEUR  CRUDE_W_micro  FEEDCOW  MSCISING  NIKKEI  SUGAR11  TOPIX  BUXL   CHF   JPY  US30   VIX
ALUMINIUM           1.00  0.42  0.37          0.61  0.18  0.32     0.15    0.14    0.09           0.23     0.10      0.05    0.12     0.15   0.14 -0.04  0.08 -0.00  0.07 -0.11
BRE                 0.42  1.00  0.47          0.46  0.14  0.52     0.38    0.22    0.19           0.33     0.06      0.07    0.24     0.31   0.22  0.01  0.24  0.01  0.18 -0.46
CAD                 0.37  0.47  1.00          0.49  0.20  0.12     0.27    0.10    0.06           0.19     0.02      0.13    0.16     0.28   0.17  0.17  0.45  0.24  0.35 -0.27
COPPER-micro        0.61  0.46  0.49          1.00  0.42  0.41     0.28    0.16    0.21           0.24     0.20      0.28    0.28     0.23   0.30 -0.04  0.21  0.05  0.14 -0.29
DAX                 0.18  0.14  0.20          0.42  1.00  0.27     0.49    0.12   -0.01           0.09     0.19      0.33    0.51     0.27   0.50  0.11  0.11  0.14  0.19 -0.29
MXP                 0.32  0.52  0.12          0.41  0.27  1.00     0.24    0.07    0.32           0.20     0.22      0.28    0.26     0.11   0.30 -0.01 -0.00 -0.19  0.03 -0.28
RUSSELL             0.15  0.38  0.27          0.28  0.49  0.24     1.00    0.08   -0.16           0.19     0.26      0.23    0.47     0.23   0.52  0.23  0.12  0.27  0.31 -0.65
CANOLA              0.14  0.22  0.10          0.16  0.12  0.07     0.08    1.00    0.27           0.22     0.03      0.06    0.14     0.15   0.17 -0.39 -0.02 -0.22 -0.37 -0.15
YENEUR              0.09  0.19  0.06          0.21 -0.01  0.32    -0.16    0.27    1.00           0.08     0.02      0.19    0.43     0.13   0.41 -0.49 -0.20 -0.82 -0.46 -0.11
CRUDE_W_micro       0.23  0.33  0.19          0.24  0.09  0.20     0.19    0.22    0.08           1.00     0.51     -0.05    0.20     0.29   0.23 -0.28 -0.12 -0.11 -0.20 -0.13
FEEDCOW             0.10  0.06  0.02          0.20  0.19  0.22     0.26    0.03    0.02           0.51     1.00      0.14    0.24     0.25   0.30 -0.10 -0.14 -0.10 -0.07 -0.23
MSCISING            0.05  0.07  0.13          0.28  0.33  0.28     0.23    0.06    0.19          -0.05     0.14      1.00    0.39     0.18   0.43 -0.00 -0.18 -0.17 -0.05 -0.27
NIKKEI              0.12  0.24  0.16          0.28  0.51  0.26     0.47    0.14    0.43           0.20     0.24      0.39    1.00     0.38   0.96 -0.06 -0.18 -0.35 -0.06 -0.38
SUGAR11             0.15  0.31  0.28          0.23  0.27  0.11     0.23    0.15    0.13           0.29     0.25      0.18    0.38     1.00   0.35 -0.10  0.20  0.02  0.04 -0.23
TOPIX               0.14  0.22  0.17          0.30  0.50  0.30     0.52    0.17    0.41           0.23     0.30      0.43    0.96     0.35   1.00 -0.07 -0.21 -0.35 -0.05 -0.45
BUXL               -0.04  0.01  0.17         -0.04  0.11 -0.01     0.23   -0.39   -0.49          -0.28    -0.10     -0.00   -0.06    -0.10  -0.07  1.00  0.25  0.49  0.85 -0.07
CHF                 0.08  0.24  0.45          0.21  0.11 -0.00     0.12   -0.02   -0.20          -0.12    -0.14     -0.18   -0.18     0.20  -0.21  0.25  1.00  0.56  0.43  0.07
JPY                -0.00  0.01  0.24          0.05  0.14 -0.19     0.27   -0.22   -0.82          -0.11    -0.10     -0.17   -0.35     0.02  -0.35  0.49  0.56  1.00  0.60  0.01
US30                0.07  0.18  0.35          0.14  0.19  0.03     0.31   -0.37   -0.46          -0.20    -0.07     -0.05   -0.06     0.04  -0.05  0.85  0.43  0.60  1.00 -0.19
VIX                -0.11 -0.46 -0.27         -0.29 -0.29 -0.28    -0.65   -0.15   -0.11          -0.13    -0.23     -0.27   -0.38    -0.23  -0.45 -0.07  0.07  0.01 -0.19  1.00


********************************************************************************
                                 END OF REPORT                                  
********************************************************************************


