
********************************************************************************
                    Risk report produced on 13/03/2026 22:53                    
********************************************************************************


Total risk across all strategies, annualised percentage 8.9
Percentage of capital used for margin 35.3%

========================================
Risk per strategy, annualised percentage
========================================

                  risk
dynamic_TF_carry   8.9


===================
Risk by asset class
===================

Ags       3.3
Bond      1.7
Equity    4.4
FX        2.3
Metals    1.9
OilGas    4.0
dtype: float64


=====================================================
Beta loadings of asset class positions on asset class
=====================================================

Bond     -0.22
Metals   -0.05
Ags      -0.02
OilGas    0.09
FX        0.15
Equity    0.21
dtype: float64


========================================================
Beta loadings of full portfolio positions on asset class
========================================================

Bond     -0.56
Metals    0.02
Ags       0.07
OilGas    0.09
FX        0.14
Equity    0.27
dtype: float64


===================================================================================================================================================================================================================================================================
                                                                                                                          Instrument risk                                                                                                                          
===================================================================================================================================================================================================================================================================

               daily_price_stdev  annual_price_stdev     price  daily_perc_stdev  annual_perc_stdev  point_size_base  contract_exposure  daily_risk_per_contract  annual_risk_per_contract  position  capital  exposure_held_perc_capital  annual_risk_perc_capital
COCOA                    175.806            2812.902   3364.00              5.23               83.6              7.5              25270                     1320                     21130        -1   679959                        -3.7                      -3.1
KR10                       0.453               7.252    110.91              0.41                6.5            502.7              55759                      227                      3646        -3   679959                       -24.6                      -1.6
JPY                        0.000               0.001      0.01              0.56                8.9        9390094.6              58810                      327                      5247        -2   679959                       -17.3                      -1.5
BITCOIN                 2725.033           43600.532  71420.00              3.82               61.0              0.1               5365                      204                      3275        -3   679959                        -2.4                      -1.4
DOW                      395.885            6334.154  46870.00              0.84               13.5              0.4              17604                      148                      2379        -3   679959                        -7.8                      -1.0
COPPER-micro               0.103               1.653      5.68              1.82               29.1           1878.0              10667                      193                      3103        -2   679959                        -3.1                      -0.9
HANG_mini                350.698            5611.169  25554.00              1.37               22.0              1.0              24519                      336                      5384        -1   679959                        -3.6                      -0.8
GAS_US_mini                0.165               2.643      3.12              5.29               84.6           1878.0               5868                      310                      4964        -1   679959                        -0.9                      -0.7
DAX                      290.720            4651.514  23434.00              1.24               19.8              0.9              20208                      250                      4011        -1   679959                        -3.0                      -0.6
US10                       0.328               5.252    111.44              0.29                4.7            751.2              83712                      246                      3945        -1   679959                       -12.3                      -0.6
SP500_micro               53.526             856.421   6637.00              0.81               12.9              3.8              24928                      201                      3216        -1   679959                        -3.7                      -0.5
EUR_micro                  0.005               0.084      1.15              0.46                7.3           9390.1              10767                       49                       784        -2   679959                        -3.2                      -0.2
MUMMY                     12.670             202.712    761.00              1.66               26.6              4.7               3585                       59                       955         1   679959                         0.5                       0.1
AUD_micro                  0.005               0.072      0.70              0.65               10.3           7512.1               5255                       33                       543         3   679959                         2.3                       0.2
RUSSELL                   31.820             509.115   2476.90              1.28               20.6              3.8               9303                      119                      1912         1   679959                         1.4                       0.3
MXP                        0.000               0.006      0.06              0.71               11.4         375603.8              20936                      148                      2377         1   679959                         3.1                       0.3
CRUDE_W_micro              2.165              34.646     92.05              2.35               37.6             75.1               6914                      162                      2602         1   679959                         1.0                       0.4
BRE                        0.002               0.025      0.19              0.83               13.3          75120.8              14058                      116                      1866         2   679959                         4.1                       0.5
CAD10                      0.442               7.076    119.45              0.37                5.9            550.2              65715                      243                      3893         1   679959                         9.7                       0.6
GBP                        0.006               0.092      1.32              0.43                7.0          46950.5              62082                      269                      4319         1   679959                         9.1                       0.6
SOYOIL                     0.715              11.439     67.13              1.07               17.0            450.7              30257                      322                      5156         1   679959                         4.4                       0.8
FTSECHINAA               133.403            2134.454  14817.00              0.90               14.4              0.8              11130                      100                      1603         4   679959                         6.5                       0.9
NZD                        0.004               0.060      0.58              0.65               10.5          75120.8              43438                      283                      4540         2   679959                        12.8                       1.3
BRENT-LAST                 2.113              33.807     98.85              2.14               34.2            751.2              74256                     1587                     25396         1   679959                        10.9                       3.7
MIB                      553.678            8858.851  44375.00              1.25               20.0              4.3             191339                     2387                     38198         1   679959                        28.1                       5.6

Sum of abs(notional exposure % capital) 179.5
Sum of abs(annualised risk % capital) 28.2
Net sum of annualised risk % capital 2.4 

========================================================================================================================================================================================================================================
                                                                                                              Correlations                                                                                                              
========================================================================================================================================================================================================================================

               COPPER-micro   DAX   DOW  FTSECHINAA   MIB  RUSSELL  SP500_micro  BRENT-LAST  CRUDE_W_micro  GAS_US_mini  SOYOIL  BITCOIN  COCOA  MUMMY  CAD10   JPY  KR10  US10  AUD_micro   BRE  EUR_micro   GBP  HANG_mini   MXP   NZD
COPPER-micro           1.00  0.44  0.43        0.40  0.50     0.39         0.49        0.32           0.33         0.05    0.23     0.26  -0.06   0.11  -0.05 -0.09 -0.14 -0.13       0.47  0.29       0.13  0.31       0.35  0.30  0.37
DAX                    0.44  1.00  0.66        0.34  0.84     0.62         0.68        0.04           0.08         0.03   -0.01     0.29   0.07   0.52   0.14 -0.04 -0.02  0.04       0.38  0.37       0.11  0.36       0.49  0.41  0.28
DOW                    0.43  0.66  1.00        0.44  0.71     0.85         0.89        0.10           0.12         0.03    0.07     0.30   0.07   0.36   0.24  0.01  0.08  0.14       0.47  0.36       0.07  0.28       0.33  0.29  0.30
FTSECHINAA             0.40  0.34  0.44        1.00  0.40     0.35         0.47        0.26           0.26         0.08    0.22     0.26   0.07   0.31  -0.04 -0.13 -0.17 -0.10       0.38  0.32       0.10  0.19       0.56  0.22  0.25
MIB                    0.50  0.84  0.71        0.40  1.00     0.60         0.74        0.20           0.24         0.03    0.13     0.20   0.16   0.49   0.08 -0.09 -0.20 -0.00       0.48  0.51       0.10  0.34       0.53  0.44  0.34
RUSSELL                0.39  0.62  0.85        0.35  0.60     1.00         0.82        0.10           0.11        -0.06    0.09     0.38   0.05   0.34   0.17 -0.10  0.09  0.04       0.38  0.34       0.04  0.25       0.21  0.35  0.24
SP500_micro            0.49  0.68  0.89        0.47  0.74     0.82         1.00        0.28           0.30         0.21    0.19     0.47   0.13   0.40   0.17 -0.08  0.07  0.04       0.55  0.48       0.08  0.34       0.39  0.37  0.37
BRENT-LAST             0.32  0.04  0.10        0.26  0.20     0.10         0.28        1.00           0.99         0.29    0.62     0.19   0.05   0.36  -0.23 -0.27 -0.20 -0.25       0.29  0.34      -0.18 -0.09       0.09  0.07  0.11
CRUDE_W_micro          0.33  0.08  0.12        0.26  0.24     0.11         0.30        0.99           1.00         0.29    0.61     0.18   0.08   0.39  -0.23 -0.27 -0.22 -0.24       0.31  0.37      -0.16 -0.06       0.12  0.10  0.13
GAS_US_mini            0.05  0.03  0.03        0.08  0.03    -0.06         0.21        0.29           0.29         1.00    0.24     0.31   0.03   0.11  -0.05  0.04 -0.00 -0.01       0.19  0.27       0.05  0.11       0.22  0.03  0.12
SOYOIL                 0.23 -0.01  0.07        0.22  0.13     0.09         0.19        0.62           0.61         0.24    1.00     0.16  -0.12   0.18  -0.15 -0.16 -0.20 -0.07       0.27  0.40      -0.01  0.00       0.17  0.13  0.18
BITCOIN                0.26  0.29  0.30        0.26  0.20     0.38         0.47        0.19           0.18         0.31    0.16     1.00   0.31   0.29  -0.03 -0.04  0.14 -0.19       0.25  0.21       0.07  0.26       0.15  0.13  0.21
COCOA                 -0.06  0.07  0.07        0.07  0.16     0.05         0.13        0.05           0.08         0.03   -0.12     0.31   1.00   0.21  -0.21  0.00 -0.12 -0.30       0.07  0.05      -0.05  0.08      -0.04 -0.03  0.08
MUMMY                  0.11  0.52  0.36        0.31  0.49     0.34         0.40        0.36           0.39         0.11    0.18     0.29   0.21   1.00  -0.07 -0.09 -0.16 -0.12       0.30  0.35      -0.00  0.19       0.34  0.22  0.24
CAD10                 -0.05  0.14  0.24       -0.04  0.08     0.17         0.17       -0.23          -0.23        -0.05   -0.15    -0.03  -0.21  -0.07   1.00  0.40  0.47  0.76       0.09  0.13       0.20  0.27       0.19  0.00  0.11
JPY                   -0.09 -0.04  0.01       -0.13 -0.09    -0.10        -0.08       -0.27          -0.27         0.04   -0.16    -0.04   0.00  -0.09   0.40  1.00  0.44  0.46       0.39  0.13       0.70  0.56       0.21  0.18  0.48
KR10                  -0.14 -0.02  0.08       -0.17 -0.20     0.09         0.07       -0.20          -0.22        -0.00   -0.20     0.14  -0.12  -0.16   0.47  0.44  1.00  0.55      -0.01 -0.14       0.18  0.22      -0.06 -0.11 -0.02
US10                  -0.13  0.04  0.14       -0.10 -0.00     0.04         0.04       -0.25          -0.24        -0.01   -0.07    -0.19  -0.30  -0.12   0.76  0.46  0.55  1.00       0.04  0.13       0.26  0.24       0.11 -0.03  0.08
AUD_micro              0.47  0.38  0.47        0.38  0.48     0.38         0.55        0.29           0.31         0.19    0.27     0.25   0.07   0.30   0.09  0.39 -0.01  0.04       1.00  0.56       0.57  0.70       0.49  0.54  0.90
BRE                    0.29  0.37  0.36        0.32  0.51     0.34         0.48        0.34           0.37         0.27    0.40     0.21   0.05   0.35   0.13  0.13 -0.14  0.13       0.56  1.00       0.34  0.40       0.45  0.58  0.45
EUR_micro              0.13  0.11  0.07        0.10  0.10     0.04         0.08       -0.18          -0.16         0.05   -0.01     0.07  -0.05  -0.00   0.20  0.70  0.18  0.26       0.57  0.34       1.00  0.81       0.43  0.57  0.69
GBP                    0.31  0.36  0.28        0.19  0.34     0.25         0.34       -0.09          -0.06         0.11    0.00     0.26   0.08   0.19   0.27  0.56  0.22  0.24       0.70  0.40       0.81  1.00       0.46  0.56  0.78
HANG_mini              0.35  0.49  0.33        0.56  0.53     0.21         0.39        0.09           0.12         0.22    0.17     0.15  -0.04   0.34   0.19  0.21 -0.06  0.11       0.49  0.45       0.43  0.46       1.00  0.42  0.45
MXP                    0.30  0.41  0.29        0.22  0.44     0.35         0.37        0.07           0.10         0.03    0.13     0.13  -0.03   0.22   0.00  0.18 -0.11 -0.03       0.54  0.58       0.57  0.56       0.42  1.00  0.55
NZD                    0.37  0.28  0.30        0.25  0.34     0.24         0.37        0.11           0.13         0.12    0.18     0.21   0.08   0.24   0.11  0.48 -0.02  0.08       0.90  0.45       0.69  0.78       0.45  0.55  1.00


********************************************************************************
                                 END OF REPORT                                  
********************************************************************************


