
********************************************************************************
                    Risk report produced on 19/05/2026 22:51                    
********************************************************************************


Total risk across all strategies, annualised percentage 9.5
Percentage of capital used for margin 34.0%

========================================
Risk per strategy, annualised percentage
========================================

                  risk
dynamic_TF_carry   9.5


===================
Risk by asset class
===================

Ags       1.6
Bond      2.6
Equity    6.2
FX        2.2
Metals    1.3
OilGas    4.9
Other     0.3
Sector    1.9
Vol       0.1
dtype: float64


=====================================================
Beta loadings of asset class positions on asset class
=====================================================

Bond     -0.46
Metals   -0.03
Vol      -0.00
Other     0.01
FX        0.07
Sector    0.09
Ags       0.11
OilGas    0.13
Equity    0.31
dtype: float64


========================================================
Beta loadings of full portfolio positions on asset class
========================================================

Bond     -0.41
Vol      -0.08
Metals    0.05
OilGas    0.09
Other     0.11
FX        0.22
Equity    0.25
Sector    0.29
Ags       0.32
dtype: float64


===================================================================================================================================================================================================================================================================
                                                                                                                          Instrument risk                                                                                                                          
===================================================================================================================================================================================================================================================================

               daily_price_stdev  annual_price_stdev     price  daily_perc_stdev  annual_perc_stdev  point_size_base  contract_exposure  daily_risk_per_contract  annual_risk_per_contract  position  capital  exposure_held_perc_capital  annual_risk_perc_capital
JPY                        0.000               0.001      0.01              0.57                9.2        9320672.1              58734                      337                      5396        -3   707464                       -24.9                      -2.3
KR10                       0.462               7.392    106.03              0.44                7.0            495.1              52493                      228                      3659        -3   707464                       -22.3                      -1.6
BITCOIN                 1869.761           29916.178  77095.00              2.43               38.8              0.1               5748                      139                      2230        -4   707464                        -3.3                      -1.3
BUND                       0.447               7.149    123.99              0.36                5.8            868.0             107622                      387                      6205        -1   707464                       -15.2                      -0.9
LEANHOG                    1.212              19.385    102.10              1.19               19.0            298.3              30452                      361                      5781        -1   707464                        -4.3                      -0.8
CAD10                      0.509               8.146    117.95              0.43                6.9            542.4              63979                      276                      4418        -1   707464                        -9.0                      -0.6
DAX                      301.834            4829.340  24502.00              1.23               19.7              0.9              21267                      261                      4191        -1   707464                        -3.0                      -0.6
V2X                        0.555               8.876     22.95              2.42               38.7             86.8               1992                       48                       770        -1   707464                        -0.3                      -0.1
GAS-PEN                    0.094               1.509      3.11              3.03               48.5           7456.5              23189                      703                     11249         0   707464                         0.0                       0.0
RUBBER                     3.182              50.913    221.60              1.44               23.0             37.3               8261                      118                      1898         1   707464                         1.2                       0.3
MUMMY                     13.913             222.605    806.00              1.73               27.6              4.7               3779                       65                      1043         2   707464                         1.1                       0.3
AUD_micro                  0.004               0.064      0.71              0.56                9.0           7456.5               5298                       29                       475         5   707464                         3.7                       0.3
CRUDE_W_micro              2.320              37.122     94.61              2.45               39.2             74.6               7054                      173                      2768         1   707464                         1.0                       0.4
ZAR                        0.000               0.008      0.06              0.84               13.4         372826.9              22267                      185                      2974         1   707464                         3.1                       0.4
CANOLA                     8.892             142.276    757.70              1.17               18.8             10.8               8219                       96                      1543         2   707464                         2.3                       0.4
TOPIX                     45.291             724.662   3841.25              1.18               18.9              4.7              18010                      212                      3397         1   707464                         2.5                       0.5
CORN                       5.737              91.795    498.00              1.15               18.4             37.3              18566                      213                      3422         1   707464                         2.6                       0.5
MXP                        0.000               0.005      0.06              0.55                8.9         372826.9              21385                      118                      1892         2   707464                         6.0                       0.5
NZD                        0.004               0.060      0.58              0.64               10.2          74565.4              43553                      278                      4448         1   707464                         6.2                       0.6
GBP                        0.006               0.100      1.34              0.47                7.5          46603.4              62439                      292                      4683         1   707464                         8.8                       0.7
EU-OIL                     7.043             112.681    543.50              1.30               20.7             43.4              23587                      305                      4890         1   707464                         3.3                       0.7
NIKKEI                   954.837           15277.384  60530.00              1.58               25.2              0.5              28380                      447                      7163         1   707464                         4.0                       1.0
EUROSTX                   71.164            1138.620   5865.00              1.21               19.4              8.7              50907                      617                      9883         1   707464                         7.2                       1.4
LIVECOW                    2.084              33.352    254.62              0.82               13.1            298.3              75944                      621                      9947         1   707464                        10.7                       1.4
RUSSELL                   33.836             541.368   2756.90              1.23               19.6              3.7              10278                      126                      2018         5   707464                         7.3                       1.4
EU-BASIC                  17.127             274.032    801.10              2.14               34.2             43.4              34767                      743                     11892         1   707464                         4.9                       1.7
MSCIEMASIA                18.694             299.098   1094.10              1.71               27.3             74.6              81581                     1393                     22302         1   707464                        11.5                       3.2
GASOILINE                  0.064               1.020      3.58              1.78               28.5          31317.5             111969                     1997                     31954         1   707464                        15.8                       4.5

Sum of abs(notional exposure % capital) 185.5
Sum of abs(annualised risk % capital) 28.4
Net sum of annualised risk % capital 12.0 

===============================================================================================================================================================================================================================================
                                                                                                                 Correlations                                                                                                                  
===============================================================================================================================================================================================================================================

               CANOLA  CORN  CRUDE_W_micro  GAS-PEN  GASOILINE   V2X  BITCOIN  EU-OIL  LEANHOG  LIVECOW  RUBBER   DAX  EU-BASIC  EUROSTX  MSCIEMASIA  MUMMY   MXP  NIKKEI  RUSSELL  TOPIX   ZAR  AUD_micro  BUND  CAD10   GBP   JPY  KR10   NZD
CANOLA           1.00  0.45           0.39     0.03       0.43  0.29     0.02    0.15     0.22    -0.17    0.05 -0.24     -0.18    -0.24       -0.12  -0.02 -0.17   -0.15    -0.10  -0.19 -0.23      -0.02 -0.07  -0.10 -0.01 -0.07 -0.17  0.01
CORN             0.45  1.00           0.37     0.15       0.41  0.20    -0.00    0.06     0.04    -0.12    0.08 -0.18     -0.15    -0.21        0.01  -0.10 -0.16   -0.18    -0.03  -0.26 -0.09       0.18 -0.06  -0.15  0.10  0.14 -0.10  0.14
CRUDE_W_micro    0.39  0.37           1.00     0.32       0.91  0.33     0.05    0.57     0.17     0.05    0.00 -0.42     -0.32    -0.39       -0.43  -0.11 -0.41   -0.35    -0.27  -0.31 -0.51      -0.16 -0.45  -0.48 -0.36 -0.27 -0.39 -0.29
GAS-PEN          0.03  0.15           0.32     1.00       0.22  0.11     0.10    0.10    -0.11    -0.01    0.02 -0.21     -0.12    -0.16       -0.08  -0.24 -0.17   -0.26    -0.25  -0.30 -0.10       0.05 -0.26  -0.32 -0.00  0.08 -0.24  0.06
GASOILINE        0.43  0.41           0.91     0.22       1.00  0.32     0.04    0.63     0.13     0.03    0.02 -0.39     -0.34    -0.37       -0.33  -0.09 -0.32   -0.29    -0.19  -0.26 -0.47      -0.13 -0.36  -0.35 -0.31 -0.25 -0.34 -0.25
V2X              0.29  0.20           0.33     0.11       0.32  1.00    -0.26    0.01    -0.03    -0.13   -0.20 -0.78     -0.67    -0.79       -0.65  -0.51 -0.49   -0.55    -0.71  -0.52 -0.64      -0.48 -0.22  -0.20 -0.33 -0.05 -0.25 -0.39
BITCOIN          0.02 -0.00           0.05     0.10       0.04 -0.26     1.00   -0.05    -0.08     0.01   -0.05  0.27      0.13     0.22        0.23   0.19  0.05    0.04     0.29  -0.06  0.08       0.15 -0.03  -0.02  0.11  0.14  0.08  0.12
EU-OIL           0.15  0.06           0.57     0.10       0.63  0.01    -0.05    1.00     0.18     0.12    0.19  0.01      0.11     0.04       -0.13   0.02 -0.04    0.02    -0.05   0.14 -0.10      -0.05 -0.23  -0.12 -0.22 -0.27 -0.18 -0.13
LEANHOG          0.22  0.04           0.17    -0.11       0.13 -0.03    -0.08    0.18     1.00     0.02    0.10  0.04      0.14     0.04       -0.06   0.09  0.01    0.03     0.20   0.10  0.05      -0.01 -0.20  -0.18  0.00 -0.28 -0.23  0.05
LIVECOW         -0.17 -0.12           0.05    -0.01       0.03 -0.13     0.01    0.12     0.02     1.00    0.03  0.13      0.06     0.07       -0.10  -0.07  0.07   -0.07     0.05   0.02  0.02       0.05 -0.28  -0.32  0.07  0.01 -0.09  0.01
RUBBER           0.05  0.08           0.00     0.02       0.02 -0.20    -0.05    0.19     0.10     0.03    1.00  0.29      0.43     0.26        0.23   0.19  0.09    0.25     0.27   0.26  0.27       0.18  0.11   0.10  0.19  0.10  0.02  0.18
DAX             -0.24 -0.18          -0.42    -0.21      -0.39 -0.78     0.27    0.01     0.04     0.13    0.29  1.00      0.79     0.94        0.70   0.57  0.48    0.68     0.66   0.69  0.70       0.41  0.28   0.22  0.24  0.05  0.25  0.30
EU-BASIC        -0.18 -0.15          -0.32    -0.12      -0.34 -0.67     0.13    0.11     0.14     0.06    0.43  0.79      1.00     0.83        0.71   0.50  0.53    0.67     0.60   0.66  0.74       0.52  0.23   0.11  0.28  0.11  0.14  0.42
EUROSTX         -0.24 -0.21          -0.39    -0.16      -0.37 -0.79     0.22    0.04     0.04     0.07    0.26  0.94      0.83     1.00        0.77   0.55  0.54    0.70     0.67   0.69  0.73       0.42  0.27   0.18  0.24  0.04  0.24  0.30
MSCIEMASIA      -0.12  0.01          -0.43    -0.08      -0.33 -0.65     0.23   -0.13    -0.06    -0.10    0.23  0.70      0.71     0.77        1.00   0.47  0.61    0.68     0.69   0.52  0.78       0.64  0.35   0.26  0.49  0.26  0.30  0.57
MUMMY           -0.02 -0.10          -0.11    -0.24      -0.09 -0.51     0.19    0.02     0.09    -0.07    0.19  0.57      0.50     0.55        0.47   1.00  0.29    0.54     0.46   0.55  0.40       0.35  0.30   0.17  0.13 -0.05  0.33  0.23
MXP             -0.17 -0.16          -0.41    -0.17      -0.32 -0.49     0.05   -0.04     0.01     0.07    0.09  0.48      0.53     0.54        0.61   0.29  1.00    0.38     0.43   0.35  0.67       0.55  0.19   0.19  0.52  0.22  0.28  0.54
NIKKEI          -0.15 -0.18          -0.35    -0.26      -0.29 -0.55     0.04    0.02     0.03    -0.07    0.25  0.68      0.67     0.70        0.68   0.54  0.38    1.00     0.55   0.88  0.55       0.36  0.28   0.19  0.14 -0.14  0.12  0.28
RUSSELL         -0.10 -0.03          -0.27    -0.25      -0.19 -0.71     0.29   -0.05     0.20     0.05    0.27  0.66      0.60     0.67        0.69   0.46  0.43    0.55     1.00   0.50  0.59       0.46  0.30   0.17  0.29  0.06  0.21  0.35
TOPIX           -0.19 -0.26          -0.31    -0.30      -0.26 -0.52    -0.06    0.14     0.10     0.02    0.26  0.69      0.66     0.69        0.52   0.55  0.35    0.88     0.50   1.00  0.51       0.24  0.19   0.15  0.00 -0.19 -0.01  0.13
ZAR             -0.23 -0.09          -0.51    -0.10      -0.47 -0.64     0.08   -0.10     0.05     0.02    0.27  0.70      0.74     0.73        0.78   0.40  0.67    0.55     0.59   0.51  1.00       0.62  0.33   0.28  0.57  0.29  0.29  0.60
AUD_micro       -0.02  0.18          -0.16     0.05      -0.13 -0.48     0.15   -0.05    -0.01     0.05    0.18  0.41      0.52     0.42        0.64   0.35  0.55    0.36     0.46   0.24  0.62       1.00  0.12   0.02  0.69  0.43  0.25  0.89
BUND            -0.07 -0.06          -0.45    -0.26      -0.36 -0.22    -0.03   -0.23    -0.20    -0.28    0.11  0.28      0.23     0.27        0.35   0.30  0.19    0.28     0.30   0.19  0.33       0.12  1.00   0.69  0.12  0.32  0.57  0.17
CAD10           -0.10 -0.15          -0.48    -0.32      -0.35 -0.20    -0.02   -0.12    -0.18    -0.32    0.10  0.22      0.11     0.18        0.26   0.17  0.19    0.19     0.17   0.15  0.28       0.02  0.69   1.00  0.25  0.34  0.59  0.17
GBP             -0.01  0.10          -0.36    -0.00      -0.31 -0.33     0.11   -0.22     0.00     0.07    0.19  0.24      0.28     0.24        0.49   0.13  0.52    0.14     0.29   0.00  0.57       0.69  0.12   0.25  1.00  0.58  0.32  0.82
JPY             -0.07  0.14          -0.27     0.08      -0.25 -0.05     0.14   -0.27    -0.28     0.01    0.10  0.05      0.11     0.04        0.26  -0.05  0.22   -0.14     0.06  -0.19  0.29       0.43  0.32   0.34  0.58  1.00  0.28  0.53
KR10            -0.17 -0.10          -0.39    -0.24      -0.34 -0.25     0.08   -0.18    -0.23    -0.09    0.02  0.25      0.14     0.24        0.30   0.33  0.28    0.12     0.21  -0.01  0.29       0.25  0.57   0.59  0.32  0.28  1.00  0.25
NZD              0.01  0.14          -0.29     0.06      -0.25 -0.39     0.12   -0.13     0.05     0.01    0.18  0.30      0.42     0.30        0.57   0.23  0.54    0.28     0.35   0.13  0.60       0.89  0.17   0.17  0.82  0.53  0.25  1.00


********************************************************************************
                                 END OF REPORT                                  
********************************************************************************


