
********************************************************************************
                    Risk report produced on 17/01/2025 22:53                    
********************************************************************************


Total risk across all strategies, annualised percentage 10.7
Percentage of capital used for margin 69.9%

========================================
Risk per strategy, annualised percentage
========================================

                  risk
dynamic_TF_carry  10.8


===================
Risk by asset class
===================

Ags       2.1
Bond      4.8
Equity    2.2
FX        5.9
Metals    2.1
OilGas    0.8
Vol       1.6
dtype: float64


=====================================================
Beta loadings of asset class positions on asset class
=====================================================

FX       -0.72
Bond     -0.36
Metals   -0.13
Vol      -0.03
OilGas    0.03
Ags       0.07
Equity    0.18
dtype: float64


========================================================
Beta loadings of full portfolio positions on asset class
========================================================

FX       -1.01
Bond     -0.65
Metals   -0.15
Vol      -0.07
OilGas    0.07
Ags       0.17
Equity    0.30
dtype: float64


===================================================================================================================================================================================================================================================================
                                                                                                                          Instrument risk                                                                                                                          
===================================================================================================================================================================================================================================================================

               daily_price_stdev  annual_price_stdev     price  daily_perc_stdev  annual_perc_stdev  point_size_base  contract_exposure  daily_risk_per_contract  annual_risk_per_contract  position  capital  exposure_held_perc_capital  annual_risk_perc_capital
CHF                        0.005               0.074      1.10              0.42                6.7         102454.0             112704                      474                      7597        -3   571183                       -59.2                      -4.0
BUXL                       1.105              17.688    127.92              0.86               13.8            843.3             107877                      932                     14916        -1   571183                       -18.9                      -2.6
US30                       1.028              16.449    117.91              0.87               14.0            819.6              96639                      842                     13482        -1   571183                       -16.9                      -2.4
ALUMINIUM                 30.155             482.486   2690.00              1.12               17.9             20.5              55120                      617                      9886        -1   571183                        -9.7                      -1.7
VIX                        0.684              10.937     17.75              3.85               61.6            819.6              14548                      560                      8964        -1   571183                        -2.5                      -1.6
JPY                        0.000               0.001      0.01              0.62                9.9       10245397.8              66026                      407                      6523        -1   571183                       -11.6                      -1.1
SUGAR11                    0.265               4.245     17.10              1.55               24.8            918.0              15697                      243                      3897        -1   571183                        -2.7                      -0.7
COPPER-micro               0.050               0.808      4.36              1.16               18.5           2049.1               8937                      103                      1655        -2   571183                        -3.1                      -0.6
CAD                        0.002               0.037      0.69              0.33                5.3          81963.2              56800                      188                      3011        -1   571183                        -9.9                      -0.5
MXP                        0.000               0.006      0.05              0.83               13.3         409815.9              19527                      162                      2600        -1   571183                        -3.4                      -0.5
BRE                        0.001               0.022      0.16              0.85               13.6          81963.2              13474                      114                      1834        -1   571183                        -2.4                      -0.3
CANOLA                    10.043             160.696    626.90              1.60               25.6             11.4               7132                      114                      1828        -1   571183                        -1.2                      -0.3
RUSSELL                   26.992             431.871   2283.40              1.18               18.9              4.1               9357                      110                      1769        -1   571183                        -1.6                      -0.3
TOPIX                     24.600             393.607   2678.50              0.92               14.7              5.3              14106                      129                      2072         1   571183                         2.5                       0.4
MSCISING                   3.017              48.269    377.85              0.80               12.8             59.9              22651                      180                      2893         1   571183                         4.0                       0.5
NIKKEI                   383.204            6131.270  38375.00              1.00               16.0              0.5              20210                      201                      3229         1   571183                         3.5                       0.6
CRUDE_W_micro              1.096              17.539     76.05              1.44               23.1             82.0               6233                       89                      1437         3   571183                         3.3                       0.8
DAX                      153.206            2451.302  21029.00              0.73               11.7              0.8              17734                      129                      2067         4   571183                        12.4                       1.4
YENEUR                     0.981              15.692    159.83              0.61                9.8            658.3             105218                      645                     10330         1   571183                        18.4                       1.8
FEEDCOW                    1.875              30.005    267.58              0.70               11.2            409.8             109656                      768                     12296         1   571183                        19.2                       2.2

Sum of abs(notional exposure % capital) 206.4
Sum of abs(annualised risk % capital) 24.3
Net sum of annualised risk % capital -8.9 

===============================================================================================================================================================================
                                                                                 Correlations                                                                                  
===============================================================================================================================================================================

               ALUMINIUM   BRE   CAD  COPPER-micro   DAX   MXP  RUSSELL  CANOLA  YENEUR  CRUDE_W_micro  FEEDCOW  MSCISING  NIKKEI  SUGAR11  TOPIX  BUXL   CHF   JPY  US30   VIX
ALUMINIUM           1.00  0.42  0.37          0.61  0.18  0.32     0.15    0.14    0.09           0.23     0.10      0.05    0.12     0.15   0.14 -0.04  0.08 -0.00  0.07 -0.11
BRE                 0.42  1.00  0.47          0.46  0.14  0.52     0.38    0.22    0.19           0.33     0.06      0.07    0.24     0.31   0.22  0.01  0.24  0.01  0.18 -0.46
CAD                 0.37  0.47  1.00          0.49  0.20  0.12     0.27    0.10    0.06           0.19     0.02      0.13    0.16     0.28   0.17  0.17  0.45  0.24  0.35 -0.27
COPPER-micro        0.61  0.46  0.49          1.00  0.42  0.41     0.28    0.16    0.21           0.24     0.20      0.28    0.28     0.23   0.30 -0.04  0.21  0.05  0.14 -0.29
DAX                 0.18  0.14  0.20          0.42  1.00  0.27     0.49    0.12   -0.01           0.09     0.19      0.33    0.51     0.27   0.50  0.11  0.11  0.14  0.19 -0.29
MXP                 0.32  0.52  0.12          0.41  0.27  1.00     0.24    0.07    0.32           0.20     0.22      0.28    0.26     0.11   0.30 -0.01 -0.00 -0.19  0.03 -0.28
RUSSELL             0.15  0.38  0.27          0.28  0.49  0.24     1.00    0.08   -0.16           0.19     0.26      0.23    0.47     0.23   0.52  0.23  0.12  0.27  0.31 -0.65
CANOLA              0.14  0.22  0.10          0.16  0.12  0.07     0.08    1.00    0.27           0.22     0.03      0.06    0.14     0.15   0.17 -0.39 -0.02 -0.22 -0.37 -0.15
YENEUR              0.09  0.19  0.06          0.21 -0.01  0.32    -0.16    0.27    1.00           0.08     0.02      0.19    0.43     0.13   0.41 -0.49 -0.20 -0.82 -0.46 -0.11
CRUDE_W_micro       0.23  0.33  0.19          0.24  0.09  0.20     0.19    0.22    0.08           1.00     0.51     -0.05    0.20     0.29   0.23 -0.28 -0.12 -0.11 -0.20 -0.13
FEEDCOW             0.10  0.06  0.02          0.20  0.19  0.22     0.26    0.03    0.02           0.51     1.00      0.14    0.24     0.25   0.30 -0.10 -0.14 -0.10 -0.07 -0.23
MSCISING            0.05  0.07  0.13          0.28  0.33  0.28     0.23    0.06    0.19          -0.05     0.14      1.00    0.39     0.18   0.43 -0.00 -0.18 -0.17 -0.05 -0.27
NIKKEI              0.12  0.24  0.16          0.28  0.51  0.26     0.47    0.14    0.43           0.20     0.24      0.39    1.00     0.38   0.96 -0.06 -0.18 -0.35 -0.06 -0.38
SUGAR11             0.15  0.31  0.28          0.23  0.27  0.11     0.23    0.15    0.13           0.29     0.25      0.18    0.38     1.00   0.35 -0.10  0.20  0.02  0.04 -0.23
TOPIX               0.14  0.22  0.17          0.30  0.50  0.30     0.52    0.17    0.41           0.23     0.30      0.43    0.96     0.35   1.00 -0.07 -0.21 -0.35 -0.05 -0.45
BUXL               -0.04  0.01  0.17         -0.04  0.11 -0.01     0.23   -0.39   -0.49          -0.28    -0.10     -0.00   -0.06    -0.10  -0.07  1.00  0.25  0.49  0.85 -0.07
CHF                 0.08  0.24  0.45          0.21  0.11 -0.00     0.12   -0.02   -0.20          -0.12    -0.14     -0.18   -0.18     0.20  -0.21  0.25  1.00  0.56  0.43  0.07
JPY                -0.00  0.01  0.24          0.05  0.14 -0.19     0.27   -0.22   -0.82          -0.11    -0.10     -0.17   -0.35     0.02  -0.35  0.49  0.56  1.00  0.60  0.01
US30                0.07  0.18  0.35          0.14  0.19  0.03     0.31   -0.37   -0.46          -0.20    -0.07     -0.05   -0.06     0.04  -0.05  0.85  0.43  0.60  1.00 -0.19
VIX                -0.11 -0.46 -0.27         -0.29 -0.29 -0.28    -0.65   -0.15   -0.11          -0.13    -0.23     -0.27   -0.38    -0.23  -0.45 -0.07  0.07  0.01 -0.19  1.00


********************************************************************************
                                 END OF REPORT                                  
********************************************************************************


