
********************************************************************************
                    Risk report produced on 18/02/2026 22:53                    
********************************************************************************


Total risk across all strategies, annualised percentage 13.9
Percentage of capital used for margin 37.7%

========================================
Risk per strategy, annualised percentage
========================================

                  risk
dynamic_TF_carry  14.1


===================
Risk by asset class
===================

Ags        2.1
Bond       2.1
Equity    10.8
FX         2.9
Metals     2.2
OilGas     2.2
Sector     1.4
dtype: float64


=====================================================
Beta loadings of asset class positions on asset class
=====================================================

Metals   -0.06
Ags      -0.04
Sector    0.05
OilGas    0.07
FX        0.53
Bond      0.59
Equity    0.74
dtype: float64


========================================================
Beta loadings of full portfolio positions on asset class
========================================================

OilGas    0.09
Ags       0.15
Metals    0.19
Sector    0.34
Bond      0.39
Equity    0.86
FX        1.42
dtype: float64


==================================================================================================================================================================================================================================================================
                                                                                                                         Instrument risk                                                                                                                          
==================================================================================================================================================================================================================================================================

              daily_price_stdev  annual_price_stdev     price  daily_perc_stdev  annual_perc_stdev  point_size_base  contract_exposure  daily_risk_per_contract  annual_risk_per_contract  position  capital  exposure_held_perc_capital  annual_risk_perc_capital
KR10                      0.429               6.865    111.70              0.38                6.1            509.3              56891                      218                      3496        -4   691789                       -32.9                      -2.0
GOLD_micro              117.485            1879.767   5000.10              2.35               37.6              7.4              36855                      865                     13855        -1   691789                        -5.3                      -2.0
HANGTECH                 85.901            1374.410   5387.00              1.59               25.5              4.7              25402                      405                      6481        -2   691789                        -7.3                      -1.9
SP500_micro              53.261             852.176   6882.25              0.77               12.4              3.7              25364                      196                      3140        -3   691789                       -11.0                      -1.4
DX                        0.396               6.342     97.36              0.41                6.5            737.1              71762                      292                      4674        -1   691789                       -10.4                      -0.7
REDWHEAT                  7.789             124.619    575.00              1.35               21.7             36.9              21191                      287                      4592        -1   691789                        -3.1                      -0.7
RICE                      0.175               2.804     10.33              1.70               27.1           1474.2              15228                      258                      4133        -1   691789                        -2.2                      -0.6
WHEAT                     6.536             104.574    590.00              1.11               17.7             36.9              21744                      240                      3854        -1   691789                        -3.1                      -0.6
COPPER-micro              0.129               2.066      5.82              2.22               35.5           1842.7              10726                      237                      3807        -1   691789                        -1.6                      -0.6
KRWUSD_mini               0.004               0.066      0.69              0.59                9.5          18427.1              12773                       75                      1211        -3   691789                        -5.5                      -0.5
MUMMY                    10.905             174.483    747.00              1.46               23.4              4.8               3588                       52                       838         1   691789                         0.5                       0.1
CANOLA                    6.328             101.245    681.70              0.93               14.9             10.8               7361                       68                      1093         1   691789                         1.1                       0.2
TOPIX                    45.361             725.777   3813.75              1.19               19.0              4.8              18322                      217                      3486         1   691789                         2.6                       0.5
BTP                       0.258               4.125    122.24              0.21                3.4            873.0             106715                      225                      3600         1   691789                        15.4                       0.5
NZD                       0.004               0.062      0.60              0.65               10.4          73708.5              44011                      287                      4596         1   691789                         6.4                       0.7
GBP                       0.006               0.102      1.35              0.47                7.5          46067.8              62191                      293                      4694         1   691789                         9.0                       0.7
MXP                       0.000               0.006      0.06              0.60                9.6         368542.7              21342                      128                      2050         3   691789                         9.3                       0.9
CAD                       0.003               0.045      0.73              0.38                6.1          73708.5              53877                      206                      3308         2   691789                        15.6                       1.0
BUND                      0.272               4.356    129.29              0.21                3.4            873.0             112870                      237                      3802         2   691789                        32.6                       1.1
CAD10                     0.313               5.012    122.89              0.25                4.1            540.0              66354                      169                      2706         3   691789                        28.8                       1.2
LIVECOW                   1.927              30.824    238.50              0.81               12.9            294.8              70317                      568                      9088         1   691789                        10.2                       1.3
EU-BASIC                 13.447             215.149    800.50              1.68               26.9             43.7              34941                      586                      9391         1   691789                         5.1                       1.4
RUSSELL                  31.718             507.480   2655.50              1.19               19.1              3.7               9786                      116                      1870         6   691789                         8.5                       1.6
BRENT-LAST                1.310              20.961     69.08              1.90               30.3            737.1              50917                      965                     15450         1   691789                         7.4                       2.2
AEX                       8.785             140.555   1008.75              0.87               13.9            174.6             176127                     1533                     24540         1   691789                        25.5                       3.5
MIB                     412.401            6598.413  46430.00              0.89               14.2              4.4             202666                     1800                     28802         1   691789                        29.3                       4.2
MSCIEAFA                 26.224             419.577   3135.20              0.84               13.4             36.9             115545                      966                     15463         2   691789                        33.4                       4.5

Sum of abs(notional exposure % capital) 323.1
Sum of abs(annualised risk % capital) 36.6
Net sum of annualised risk % capital 14.6 

============================================================================================================================================================================================================================================
                                                                                                                Correlations                                                                                                                
============================================================================================================================================================================================================================================

               BTP  BUND  CAD10  KR10   CAD   GBP  GOLD_micro  HANGTECH  KRWUSD_mini   MXP   NZD  BRENT-LAST  CANOLA  REDWHEAT  RICE  WHEAT   AEX  COPPER-micro  EU-BASIC  LIVECOW   MIB  MSCIEAFA  MUMMY  RUSSELL  SP500_micro  TOPIX    DX
BTP           1.00  0.90   0.63  0.54  0.17  0.30        0.40      0.20         0.27  0.15  0.34       -0.09    0.12      0.09  0.10   0.04  0.25          0.17      0.19     0.03  0.16      0.40   0.16     0.21         0.16   0.17 -0.30
BUND          0.90  1.00   0.56  0.51  0.16  0.14        0.30      0.12         0.15  0.00  0.20       -0.17    0.12      0.09  0.10   0.04  0.02          0.05     -0.03    -0.03 -0.11      0.20   0.04     0.13         0.04  -0.04 -0.22
CAD10         0.63  0.56   1.00  0.49 -0.00  0.31        0.21      0.07         0.21 -0.07  0.29       -0.13   -0.07     -0.05  0.03  -0.09  0.26          0.07      0.16    -0.06  0.23      0.36   0.07     0.12         0.14   0.20 -0.28
KR10          0.54  0.51   0.49  1.00  0.18  0.33        0.30      0.27         0.34  0.08  0.21       -0.18   -0.06     -0.16 -0.09  -0.19  0.05         -0.01     -0.05     0.15 -0.03      0.13  -0.05    -0.02         0.04  -0.11 -0.39
CAD           0.17  0.16  -0.00  0.18  1.00  0.59        0.48      0.41         0.54  0.45  0.75       -0.03   -0.03      0.26  0.18   0.29 -0.04          0.34      0.14     0.09 -0.04      0.37  -0.04     0.10         0.20  -0.06 -0.73
GBP           0.30  0.14   0.31  0.33  0.59  1.00        0.57      0.40         0.62  0.39  0.79       -0.19   -0.10      0.04  0.21   0.03  0.25          0.41      0.30     0.18  0.27      0.55   0.11     0.16         0.16   0.10 -0.83
GOLD_micro    0.40  0.30   0.21  0.30  0.48  0.57        1.00      0.31         0.44  0.39  0.55       -0.02    0.05      0.24  0.19   0.18  0.16          0.29      0.25     0.17  0.03      0.33   0.02     0.11         0.07  -0.04 -0.56
HANGTECH      0.20  0.12   0.07  0.27  0.41  0.40        0.31      1.00         0.38  0.43  0.41        0.01    0.08      0.17  0.10   0.15  0.30          0.31      0.33     0.08  0.14      0.39   0.07     0.28         0.41   0.05 -0.42
KRWUSD_mini   0.27  0.15   0.21  0.34  0.54  0.62        0.44      0.38         1.00  0.28  0.70        0.02    0.05      0.36  0.19   0.35  0.25          0.20      0.23    -0.02  0.11      0.36  -0.01     0.10         0.21  -0.00 -0.65
MXP           0.15  0.00  -0.07  0.08  0.45  0.39        0.39      0.43         0.28  1.00  0.43        0.08    0.02      0.09  0.06   0.09  0.13          0.32      0.31     0.15  0.11      0.38   0.18     0.25         0.24   0.18 -0.43
NZD           0.34  0.20   0.29  0.21  0.75  0.79        0.55      0.41         0.70  0.43  1.00        0.02    0.05      0.29  0.27   0.27  0.27          0.39      0.40     0.03  0.22      0.55   0.07     0.24         0.25   0.13 -0.79
BRENT-LAST   -0.09 -0.17  -0.13 -0.18 -0.03 -0.19       -0.02      0.01         0.02  0.08  0.02        1.00    0.27      0.33  0.09   0.36  0.39          0.14      0.38     0.17  0.30      0.09   0.20     0.14         0.19   0.33  0.28
CANOLA        0.12  0.12  -0.07 -0.06 -0.03 -0.10        0.05      0.08         0.05  0.02  0.05        0.27    1.00      0.30  0.02   0.31  0.04         -0.09      0.07    -0.16 -0.02      0.01   0.09     0.05         0.09   0.12  0.08
REDWHEAT      0.09  0.09  -0.05 -0.16  0.26  0.04        0.24      0.17         0.36  0.09  0.29        0.33    0.30      1.00  0.29   0.93  0.07          0.17      0.13    -0.22  0.02      0.10  -0.09     0.05         0.13  -0.02 -0.11
RICE          0.10  0.10   0.03 -0.09  0.18  0.21        0.19      0.10         0.19  0.06  0.27        0.09    0.02      0.29  1.00   0.16  0.04          0.10      0.08     0.08  0.00      0.14   0.15     0.19         0.15   0.05 -0.15
WHEAT         0.04  0.04  -0.09 -0.19  0.29  0.03        0.18      0.15         0.35  0.09  0.27        0.36    0.31      0.93  0.16   1.00  0.08          0.23      0.11    -0.28  0.01      0.09  -0.12     0.01         0.07  -0.03 -0.13
AEX           0.25  0.02   0.26  0.05 -0.04  0.25        0.16      0.30         0.25  0.13  0.27        0.39    0.04      0.07  0.04   0.08  1.00          0.39      0.74     0.20  0.78      0.62   0.50     0.36         0.42   0.61 -0.07
COPPER-micro  0.17  0.05   0.07 -0.01  0.34  0.41        0.29      0.31         0.20  0.32  0.39        0.14   -0.09      0.17  0.10   0.23  0.39          1.00      0.55     0.10  0.31      0.55   0.15     0.30         0.28   0.30 -0.33
EU-BASIC      0.19 -0.03   0.16 -0.05  0.14  0.30        0.25      0.33         0.23  0.31  0.40        0.38    0.07      0.13  0.08   0.11  0.74          0.55      1.00     0.28  0.66      0.68   0.30     0.45         0.41   0.60 -0.18
LIVECOW       0.03 -0.03  -0.06  0.15  0.09  0.18        0.17      0.08        -0.02  0.15  0.03        0.17   -0.16     -0.22  0.08  -0.28  0.20          0.10      0.28     1.00  0.29      0.22   0.26     0.13         0.05   0.16 -0.06
MIB           0.16 -0.11   0.23 -0.03 -0.04  0.27        0.03      0.14         0.11  0.11  0.22        0.30   -0.02      0.02  0.00   0.01  0.78          0.31      0.66     0.29  1.00      0.59   0.46     0.20         0.30   0.59 -0.06
MSCIEAFA      0.40  0.20   0.36  0.13  0.37  0.55        0.33      0.39         0.36  0.38  0.55        0.09    0.01      0.10  0.14   0.09  0.62          0.55      0.68     0.22  0.59      1.00   0.42     0.53         0.59   0.62 -0.48
MUMMY         0.16  0.04   0.07 -0.05 -0.04  0.11        0.02      0.07        -0.01  0.18  0.07        0.20    0.09     -0.09  0.15  -0.12  0.50          0.15      0.30     0.26  0.46      0.42   1.00     0.32         0.21   0.72  0.10
RUSSELL       0.21  0.13   0.12 -0.02  0.10  0.16        0.11      0.28         0.10  0.25  0.24        0.14    0.05      0.05  0.19   0.01  0.36          0.30      0.45     0.13  0.20      0.53   0.32     1.00         0.74   0.43 -0.06
SP500_micro   0.16  0.04   0.14  0.04  0.20  0.16        0.07      0.41         0.21  0.24  0.25        0.19    0.09      0.13  0.15   0.07  0.42          0.28      0.41     0.05  0.30      0.59   0.21     0.74         1.00   0.36 -0.05
TOPIX         0.17 -0.04   0.20 -0.11 -0.06  0.10       -0.04      0.05        -0.00  0.18  0.13        0.33    0.12     -0.02  0.05  -0.03  0.61          0.30      0.60     0.16  0.59      0.62   0.72     0.43         0.36   1.00  0.09
DX           -0.30 -0.22  -0.28 -0.39 -0.73 -0.83       -0.56     -0.42        -0.65 -0.43 -0.79        0.28    0.08     -0.11 -0.15  -0.13 -0.07         -0.33     -0.18    -0.06 -0.06     -0.48   0.10    -0.06        -0.05   0.09  1.00


********************************************************************************
                                 END OF REPORT                                  
********************************************************************************


