
********************************************************************************
                    Risk report produced on 13/09/2023 22:52                    
********************************************************************************


Total risk across all strategies, annualised percentage 10.9
Percentage of capital used for margin 54.7%

========================================
Risk per strategy, annualised percentage
========================================

                  risk
dynamic_TF_carry  10.9


===================
Risk by asset class
===================

Ags       3.4
Bond      7.1
Equity    2.4
FX        2.0
OilGas    1.0
Sector    1.9
Vol       1.7
dtype: float64


=====================================================
Beta loadings of asset class positions on asset class
=====================================================

Bond     -1.33
Vol      -0.04
OilGas   -0.02
FX        0.05
Equity    0.09
Sector    0.12
Ags       0.28
dtype: float64


========================================================
Beta loadings of full portfolio positions on asset class
========================================================

Bond     -1.52
FX       -0.52
Vol      -0.12
OilGas   -0.01
Equity    0.19
Sector    0.22
Ags       0.43
dtype: float64


==================================================================================================================================================================================================================================================================
                                                                                                                         Instrument risk                                                                                                                          
==================================================================================================================================================================================================================================================================

              daily_price_stdev  annual_price_stdev     price  daily_perc_stdev  annual_perc_stdev  point_size_base  contract_exposure  daily_risk_per_contract  annual_risk_per_contract  position  capital  exposure_held_perc_capital  annual_risk_perc_capital
US20                      0.862              13.797    119.44              0.72               11.6            802.0              95787                      691                     11065        -1   372846                       -25.7                      -3.0
US3                       0.188               3.002    103.59              0.18                2.9           1604.0             166155                      300                      4814        -2   372846                       -89.1                      -2.6
BOBL                      0.323               5.173    116.45              0.28                4.4            861.5             100316                      278                      4455        -2   372846                       -53.8                      -2.4
CHF                       0.005               0.074      1.13              0.41                6.5         100248.6             113631                      464                      7433        -1   372846                       -30.5                      -2.0
VIX                       0.499               7.992     16.70              2.99               47.9            802.0              13393                      400                      6409        -1   372846                        -3.6                      -1.7
NASDAQ_micro            192.108            3073.723  15492.00              1.24               19.8              1.6              24848                      308                      4930        -1   372846                        -6.7                      -1.3
GAS_US_mini               0.117               1.875      3.02              3.87               62.0           2005.0               6065                      235                      3760        -1   372846                        -1.6                      -1.0
DAX                     120.127            1922.027  15735.00              0.76               12.2              0.9              13555                      103                      1655        -2   372846                        -7.3                      -0.9
TOPIX                    18.568             297.093   2353.00              0.79               12.6              5.4              12807                      101                      1617         1   372846                         3.4                       0.4
MXP                       0.000               0.007      0.06              0.73               11.6         400994.5              23233                      169                      2706         1   372846                         6.2                       0.7
CNH                       0.023               0.369      7.29              0.32                5.1          11006.4              80246                      253                      4059         1   372846                        21.5                       1.1
SOYBEAN_mini             17.884             286.145   1344.25              1.33               21.3              8.0              10780                      143                      2294         2   372846                         5.8                       1.2
JPY                       0.000               0.001      0.01              0.58                9.3       10024861.7              68204                      398                      6371         1   372846                        18.3                       1.7
EU-OIL                    3.468              55.483    358.20              0.97               15.5             43.1              15428                      149                      2389         3   372846                        12.4                       1.9
NIKKEI                  306.031            4896.489  32425.00              0.94               15.1              0.5              17649                      166                      2665         4   372846                        18.9                       2.9
LIVECOW                   1.118              17.889    188.35              0.59                9.5            320.8              60421                      358                      5738         2   372846                        32.4                       3.1

Sum of abs(notional exposure % capital) 337.2
Sum of abs(annualised risk % capital) 27.9
Net sum of annualised risk % capital -1.9 

===========================================================================================================================================
                                                               Correlations                                                                
===========================================================================================================================================

               CNH   VIX  BOBL   CHF   JPY  US20   US3   DAX  NASDAQ_micro  NIKKEI  TOPIX  EU-OIL  GAS_US_mini  LIVECOW   MXP  SOYBEAN_mini
CNH           1.00  0.21 -0.22 -0.54 -0.61 -0.29 -0.40 -0.31         -0.36   -0.03   0.02   -0.09         0.16     0.13 -0.30         -0.19
VIX           0.21  1.00  0.05 -0.09 -0.04 -0.03  0.08 -0.54         -0.56   -0.54  -0.57   -0.31        -0.26    -0.24 -0.49         -0.12
BOBL         -0.22  0.05  1.00  0.17  0.33  0.66  0.75  0.03          0.21   -0.14  -0.18   -0.20        -0.14    -0.16 -0.17         -0.09
CHF          -0.54 -0.09  0.17  1.00  0.56  0.44  0.44  0.35          0.37    0.18   0.13    0.09        -0.14    -0.00  0.28          0.17
JPY          -0.61 -0.04  0.33  0.56  1.00  0.33  0.56  0.13          0.25   -0.25  -0.27   -0.03        -0.34    -0.10  0.19          0.09
US20         -0.29 -0.03  0.66  0.44  0.33  1.00  0.73  0.12          0.22    0.03  -0.02   -0.16        -0.03    -0.10 -0.10          0.02
US3          -0.40  0.08  0.75  0.44  0.56  0.73  1.00  0.02          0.23   -0.15  -0.21   -0.18        -0.15    -0.19 -0.18         -0.15
DAX          -0.31 -0.54  0.03  0.35  0.13  0.12  0.02  1.00          0.58    0.64   0.61    0.45         0.05     0.21  0.50          0.20
NASDAQ_micro -0.36 -0.56  0.21  0.37  0.25  0.22  0.23  0.58          1.00    0.62   0.52    0.07         0.04     0.20  0.33          0.06
NIKKEI       -0.03 -0.54 -0.14  0.18 -0.25  0.03 -0.15  0.64          0.62    1.00   0.93    0.37         0.28     0.20  0.27          0.07
TOPIX         0.02 -0.57 -0.18  0.13 -0.27 -0.02 -0.21  0.61          0.52    0.93   1.00    0.48         0.30     0.23  0.29          0.09
EU-OIL       -0.09 -0.31 -0.20  0.09 -0.03 -0.16 -0.18  0.45          0.07    0.37   0.48    1.00         0.21     0.12  0.34          0.23
GAS_US_mini   0.16 -0.26 -0.14 -0.14 -0.34 -0.03 -0.15  0.05          0.04    0.28   0.30    0.21         1.00    -0.05  0.03          0.02
LIVECOW       0.13 -0.24 -0.16 -0.00 -0.10 -0.10 -0.19  0.21          0.20    0.20   0.23    0.12        -0.05     1.00  0.02          0.03
MXP          -0.30 -0.49 -0.17  0.28  0.19 -0.10 -0.18  0.50          0.33    0.27   0.29    0.34         0.03     0.02  1.00          0.27
SOYBEAN_mini -0.19 -0.12 -0.09  0.17  0.09  0.02 -0.15  0.20          0.06    0.07   0.09    0.23         0.02     0.03  0.27          1.00


********************************************************************************
                                 END OF REPORT                                  
********************************************************************************


