
********************************************************************************
                    Risk report produced on 30/06/2026 22:51                    
********************************************************************************


Total risk across all strategies, annualised percentage 8.7
Percentage of capital used for margin 35.3%

========================================
Risk per strategy, annualised percentage
========================================

                  risk
dynamic_TF_carry   8.7


===================
Risk by asset class
===================

Ags       2.2
Bond      1.4
Equity    5.8
FX        4.2
Metals    2.6
OilGas    0.3
Sector    0.7
dtype: float64


=====================================================
Beta loadings of asset class positions on asset class
=====================================================

FX       -0.62
Metals   -0.09
OilGas   -0.01
Sector    0.04
Ags       0.08
Bond      0.16
Equity    0.38
dtype: float64


========================================================
Beta loadings of full portfolio positions on asset class
========================================================

FX       -0.49
Metals   -0.03
OilGas   -0.03
Ags       0.02
Sector    0.17
Bond      0.22
Equity    0.33
dtype: float64


===================================================================================================================================================================================================================================================================
                                                                                                                          Instrument risk                                                                                                                          
===================================================================================================================================================================================================================================================================

               daily_price_stdev  annual_price_stdev     price  daily_perc_stdev  annual_perc_stdev  point_size_base  contract_exposure  daily_risk_per_contract  annual_risk_per_contract  position  capital  exposure_held_perc_capital  annual_risk_perc_capital
CHF                        0.005               0.086      1.25              0.43                6.9          94508.3             117870                      510                      8173        -3   711875                       -49.7                      -3.4
BITCOIN                 1838.179           29410.866  58710.00              3.13               50.1              0.1               4438                      138                      2223        -7   711875                        -4.4                      -2.2
LEANHOG                    1.048              16.768     81.95              1.28               20.5            302.4              24783                      316                      5071        -2   711875                        -7.0                      -1.4
GOLD_micro                69.473            1111.569   4039.00              1.72               27.5              7.6              30537                      525                      8404        -1   711875                        -4.3                      -1.2
JPY                        0.000               0.000      0.01              0.41                6.5        9450831.1              58481                      238                      3814        -2   711875                       -16.4                      -1.1
HANGTECH                  98.728            1579.649   4455.00              2.22               35.5              4.8              21474                      475                      7614        -1   711875                        -3.0                      -1.1
KR10                       0.443               7.092    107.20              0.41                6.6            488.4              52358                      216                      3464        -2   711875                       -14.7                      -1.0
REDWHEAT                   9.502             152.039    637.75              1.49               23.8             37.8              24109                      359                      5747        -1   711875                        -3.4                      -0.8
TOPIX                     50.126             802.019   4019.25              1.25               20.0              4.7              18724                      233                      3736        -1   711875                        -2.6                      -0.5
HANGENT_mini             115.669            1850.698   7478.00              1.55               24.7              1.0               7209                      111                      1784        -2   711875                        -2.0                      -0.5
CRUDE_W_micro              1.986              31.783     69.33              2.87               45.8             75.6               5241                      150                      2403        -1   711875                        -0.7                      -0.3
EUR_micro                  0.004               0.063      1.15              0.35                5.5           9450.8              10827                       37                       598        -1   711875                        -1.5                      -0.1
AUD_micro                  0.004               0.058      0.69              0.53                8.4           7560.7               5224                       27                       440         1   711875                         0.7                       0.1
RUSSELL                   33.845             541.524   3046.70              1.11               17.8              3.8              11517                      127                      2047         1   711875                         1.6                       0.3
DOW                      409.703            6555.249  52719.00              0.78               12.4              0.4              19929                      154                      2478         1   711875                         2.8                       0.3
CANOLA                     8.817             141.074    733.40              1.20               19.2             10.6               7790                       93                      1498         3   711875                         3.3                       0.6
EU-BANKS                   3.565              57.037    294.15              1.21               19.4             43.0              12659                      153                      2454         2   711875                         3.6                       0.7
MXP                        0.000               0.005      0.06              0.54                8.7         378033.2              21479                      116                      1871         3   711875                         9.1                       0.8
YENEUR                     0.654              10.458    185.17              0.35                5.6            582.3             107829                      380                      6090         1   711875                        15.1                       0.9
SOYOIL                     0.903              14.450     65.21              1.38               22.2            453.6              29581                      409                      6555         1   711875                         4.2                       0.9
NIKKEI                  1369.119           21905.910  70550.00              1.94               31.1              0.5              32866                      637                     10205         1   711875                         4.6                       1.4
LIVECOW                    2.137              34.190    236.60              0.90               14.5            302.4              71554                      646                     10339         1   711875                        10.1                       1.5
CAD10                      0.372               5.957    121.07              0.31                4.9            531.1              64303                      197                      3164         4   711875                        36.1                       1.8
SMI                       96.184            1538.939  14204.00              0.68               10.8              9.3             132573                      897                     14363         1   711875                        18.6                       2.0
AEX                        8.997             143.955   1082.55              0.83               13.3            172.2             186367                     1548                     24782         1   711875                        26.2                       3.5

Sum of abs(notional exposure % capital) 245.7
Sum of abs(annualised risk % capital) 28.4
Net sum of annualised risk % capital 1.2 

======================================================================================================================================================================================================================================
                                                                                                             Correlations                                                                                                             
======================================================================================================================================================================================================================================

               CANOLA  CRUDE_W_micro  REDWHEAT  SOYOIL  AUD_micro  BITCOIN   CHF  EUR_micro  GOLD_micro  HANGENT_mini  HANGTECH   JPY   MXP  LEANHOG  LIVECOW  YENEUR  CAD10  KR10   AEX   DOW  EU-BANKS  NIKKEI  RUSSELL   SMI  TOPIX
CANOLA           1.00           0.39      0.23    0.72      -0.01     0.00  0.04      -0.03        0.02          0.11      0.04 -0.03 -0.12     0.20    -0.21   -0.02  -0.08 -0.15 -0.20 -0.11     -0.29   -0.24    -0.10 -0.30  -0.25
CRUDE_W_micro    0.39           1.00      0.43    0.45      -0.09     0.06 -0.29      -0.37       -0.15          0.07     -0.02 -0.21 -0.32     0.18     0.03   -0.12  -0.51 -0.42 -0.13 -0.29     -0.42   -0.37    -0.29 -0.43  -0.29
REDWHEAT         0.23           0.43      1.00    0.34       0.13     0.18 -0.04      -0.14        0.21          0.05      0.08  0.01 -0.20     0.09    -0.06   -0.17  -0.28 -0.33 -0.01 -0.04     -0.12   -0.11     0.07 -0.16  -0.16
SOYOIL           0.72           0.45      0.34    1.00       0.08     0.05  0.08      -0.01        0.18          0.10      0.03  0.06 -0.09     0.13    -0.09   -0.12  -0.15 -0.19 -0.10 -0.06     -0.31   -0.21     0.02 -0.12  -0.18
AUD_micro       -0.01          -0.09      0.13    0.08       1.00     0.31  0.63       0.67        0.44          0.48      0.44  0.43  0.56    -0.01     0.04    0.15   0.01  0.19  0.31  0.46      0.38    0.32     0.47  0.22   0.24
BITCOIN          0.00           0.06      0.18    0.05       0.31     1.00  0.13       0.16        0.09          0.35      0.40  0.15  0.16    -0.10     0.01   -0.02  -0.02  0.07  0.28  0.17      0.23    0.06     0.35  0.02  -0.01
CHF              0.04          -0.29     -0.04    0.08       0.63     0.13  1.00       0.85        0.41          0.32      0.29  0.65  0.40    -0.10    -0.12    0.09   0.21  0.27 -0.04  0.15      0.06   -0.05     0.11  0.02  -0.15
EUR_micro       -0.03          -0.37     -0.14   -0.01       0.67     0.16  0.85       1.00        0.33          0.40      0.34  0.59  0.61    -0.05     0.00    0.28   0.20  0.24  0.08  0.19      0.24    0.07     0.22  0.13   0.00
GOLD_micro       0.02          -0.15      0.21    0.18       0.44     0.09  0.41       0.33        1.00          0.11      0.14  0.19  0.33     0.17    -0.07    0.09   0.10  0.15  0.25  0.23      0.22    0.23     0.28  0.29   0.21
HANGENT_mini     0.11           0.07      0.05    0.10       0.48     0.35  0.32       0.40        0.11          1.00      0.90  0.27  0.35    -0.00    -0.08    0.08  -0.06 -0.00  0.36  0.22      0.25    0.14     0.20  0.08   0.17
HANGTECH         0.04          -0.02      0.08    0.03       0.44     0.40  0.29       0.34        0.14          0.90      1.00  0.27  0.23     0.06    -0.05    0.00  -0.06 -0.01  0.29  0.26      0.29    0.20     0.22  0.02   0.20
JPY             -0.03          -0.21      0.01    0.06       0.43     0.15  0.65       0.59        0.19          0.27      0.27  1.00  0.23    -0.26    -0.02   -0.59   0.31  0.26 -0.02  0.02     -0.03   -0.16     0.06  0.03  -0.20
MXP             -0.12          -0.32     -0.20   -0.09       0.56     0.16  0.40       0.61        0.33          0.35      0.23  0.23  1.00    -0.02     0.04    0.33   0.18  0.26  0.44  0.35      0.43    0.27     0.45  0.34   0.27
LEANHOG          0.20           0.18      0.09    0.13      -0.01    -0.10 -0.10      -0.05        0.17         -0.00      0.06 -0.26 -0.02     1.00     0.05    0.26  -0.22 -0.25 -0.02  0.11      0.06    0.01     0.12 -0.01   0.10
LIVECOW         -0.21           0.03     -0.06   -0.09       0.04     0.01 -0.12       0.00       -0.07         -0.08     -0.05 -0.02  0.04     0.05     1.00    0.02  -0.36 -0.14 -0.08  0.02      0.12    0.02     0.01  0.07   0.09
YENEUR          -0.02          -0.12     -0.17   -0.12       0.15    -0.02  0.09       0.28        0.09          0.08      0.00 -0.59  0.33     0.26     0.02    1.00  -0.18 -0.07  0.10  0.15      0.27    0.23     0.14  0.10   0.23
CAD10           -0.08          -0.51     -0.28   -0.15       0.01    -0.02  0.21       0.20        0.10         -0.06     -0.06  0.31  0.18    -0.22    -0.36   -0.18   1.00  0.61  0.18  0.13      0.13    0.19     0.22  0.27   0.12
KR10            -0.15          -0.42     -0.33   -0.19       0.19     0.07  0.27       0.24        0.15         -0.00     -0.01  0.26  0.26    -0.25    -0.14   -0.07   0.61  1.00  0.20  0.20      0.13    0.08     0.26  0.21  -0.05
AEX             -0.20          -0.13     -0.01   -0.10       0.31     0.28 -0.04       0.08        0.25          0.36      0.29 -0.02  0.44    -0.02    -0.08    0.10   0.18  0.20  1.00  0.56      0.60    0.49     0.65  0.67   0.47
DOW             -0.11          -0.29     -0.04   -0.06       0.46     0.17  0.15       0.19        0.23          0.22      0.26  0.02  0.35     0.11     0.02    0.15   0.13  0.20  0.56  1.00      0.56    0.52     0.85  0.55   0.49
EU-BANKS        -0.29          -0.42     -0.12   -0.31       0.38     0.23  0.06       0.24        0.22          0.25      0.29 -0.03  0.43     0.06     0.12    0.27   0.13  0.13  0.60  0.56      1.00    0.59     0.52  0.58   0.60
NIKKEI          -0.24          -0.37     -0.11   -0.21       0.32     0.06 -0.05       0.07        0.23          0.14      0.20 -0.16  0.27     0.01     0.02    0.23   0.19  0.08  0.49  0.52      0.59    1.00     0.47  0.46   0.88
RUSSELL         -0.10          -0.29      0.07    0.02       0.47     0.35  0.11       0.22        0.28          0.20      0.22  0.06  0.45     0.12     0.01    0.14   0.22  0.26  0.65  0.85      0.52    0.47     1.00  0.57   0.43
SMI             -0.30          -0.43     -0.16   -0.12       0.22     0.02  0.02       0.13        0.29          0.08      0.02  0.03  0.34    -0.01     0.07    0.10   0.27  0.21  0.67  0.55      0.58    0.46     0.57  1.00   0.54
TOPIX           -0.25          -0.29     -0.16   -0.18       0.24    -0.01 -0.15       0.00        0.21          0.17      0.20 -0.20  0.27     0.10     0.09    0.23   0.12 -0.05  0.47  0.49      0.60    0.88     0.43  0.54   1.00


********************************************************************************
                                 END OF REPORT                                  
********************************************************************************


