
********************************************************************************
                    Risk report produced on 19/09/2024 22:52                    
********************************************************************************


Total risk across all strategies, annualised percentage 9.8
Percentage of capital used for margin 67.8%

========================================
Risk per strategy, annualised percentage
========================================

                  risk
dynamic_TF_carry   9.8


===================
Risk by asset class
===================

Ags       2.3
Bond      3.5
Equity    5.9
FX        0.7
Metals    1.8
OilGas    3.6
Sector    0.5
Vol       1.2
dtype: float64


=====================================================
Beta loadings of asset class positions on asset class
=====================================================

Ags      -0.12
OilGas   -0.10
Sector   -0.02
Vol      -0.02
Metals   -0.01
FX        0.11
Equity    0.28
Bond      0.52
dtype: float64


========================================================
Beta loadings of full portfolio positions on asset class
========================================================

Ags      -0.21
Vol      -0.11
OilGas   -0.10
Sector   -0.03
Metals    0.09
Equity    0.28
Bond      0.74
FX        0.80
dtype: float64


==================================================================================================================================================================================================================================================================
                                                                                                                         Instrument risk                                                                                                                          
==================================================================================================================================================================================================================================================================

              daily_price_stdev  annual_price_stdev     price  daily_perc_stdev  annual_perc_stdev  point_size_base  contract_exposure  daily_risk_per_contract  annual_risk_per_contract  position  capital  exposure_held_perc_capital  annual_risk_perc_capital
BRENT-LAST                1.266              20.263     73.89              1.71               27.4            756.0              55862                      957                     15319        -1   588892                        -9.5                      -2.6
GAS-PEN                   0.089               1.427      2.35              3.79               60.7           7560.3              17774                      674                     10785        -1   588892                        -3.0                      -1.8
ALUMINIUM                34.308             548.932   2468.50              1.39               22.2             18.9              46656                      648                     10375        -1   588892                        -7.9                      -1.8
COTTON2                   1.193              19.096     73.07              1.63               26.1            378.0              27621                      451                      7218        -1   588892                        -4.7                      -1.2
VIX                       0.594               9.498     17.95              3.31               52.9            756.0              13570                      448                      7180        -1   588892                        -2.3                      -1.2
WHEAT                     9.461             151.373    566.50              1.67               26.7             37.8              21414                      357                      5722        -1   588892                        -3.6                      -1.0
SOYMEAL                   4.354              69.665    322.70              1.35               21.6             75.6              24396                      329                      5266        -1   588892                        -4.1                      -0.9
CHINAA-CON               16.674             266.780   1796.80              0.93               14.8             18.9              33960                      315                      5042        -1   588892                        -5.8                      -0.9
BITCOIN                1906.190           30499.033  63580.00              3.00               48.0              0.1               4806                      144                      2305        -2   588892                        -1.6                      -0.8
CORN                      4.943              79.089    405.75              1.22               19.5             37.8              15337                      186                      2989        -1   588892                        -2.6                      -0.5
EU-OIL                    4.009              64.137    348.60              1.15               18.4             42.1              14669                      168                      2699        -1   588892                        -2.5                      -0.5
GAS_US_mini               0.076               1.220      2.59              2.94               47.1           1890.1               4895                      144                      2306        -1   588892                        -0.8                      -0.4
IRON                      1.877              30.039     92.60              2.03               32.4             75.6               7000                      141                      2271        -1   588892                        -1.2                      -0.4
FTSECHINAA               92.227            1475.624  11265.00              0.82               13.1              0.8               8516                       69                      1115        -2   588892                        -2.9                      -0.4
CANOLA                   11.388             182.205    593.90              1.92               30.7             11.1               6606                      126                      2026        -1   588892                        -1.1                      -0.3
HANGENT_mini             78.936            1262.969   6299.00              1.25               20.1              1.0               6111                       76                      1225        -1   588892                        -1.0                      -0.2
MUMMY                    15.340             245.447    649.00              2.36               37.8              5.3               3441                       81                      1301         1   588892                         0.6                       0.2
GOLD_micro               20.431             326.894   2612.80              0.78               12.5              7.6              19753                      154                      2471         1   588892                         3.4                       0.4
GBP                       0.006               0.090      1.33              0.42                6.8          47251.7              62740                      265                      4250         1   588892                        10.7                       0.7
LEANHOG                   1.033              16.536     74.32              1.39               22.2            302.4              22476                      312                      5000         1   588892                         3.8                       0.8
US10U                     0.486               7.781    119.02              0.41                6.5            756.0              89978                      367                      5882         1   588892                        15.3                       1.0
SP500_micro              49.211             787.376   5786.00              0.85               13.6              3.8              21871                      186                      2976         2   588892                         7.4                       1.0
SILVER                    0.561               8.983     31.28              1.79               28.7            756.0              23652                      424                      6791         1   588892                         4.0                       1.2
KR10                      0.410               6.565    117.39              0.35                5.6            571.4              67072                      234                      3751         2   588892                        22.8                       1.3
MSCISING                  3.116              49.855    340.35              0.92               14.6             58.5              19896                      182                      2914         3   588892                        10.1                       1.5
US20                      0.760              12.164    125.25              0.61                9.7            756.0              94692                      574                      9196         1   588892                        16.1                       1.6
MSCIEAFA                 21.456             343.298   2455.80              0.87               14.0             37.8              92832                      811                     12977         2   588892                        31.5                       4.4

Sum of abs(notional exposure % capital) 180.3
Sum of abs(annualised risk % capital) 29.0
Net sum of annualised risk % capital -0.8 

=================================================================================================================================================================================================================================================================
                                                                                                                          Correlations                                                                                                                           
=================================================================================================================================================================================================================================================================

              ALUMINIUM  CANOLA  CORN  IRON  LEANHOG  SOYMEAL  WHEAT  BRENT-LAST  COTTON2  EU-OIL  GAS-PEN  GAS_US_mini  KR10  US10U  US20  BITCOIN  CHINAA-CON  FTSECHINAA   GBP  GOLD_micro  HANGENT_mini  MSCIEAFA  MSCISING  MUMMY  SILVER  SP500_micro   VIX
ALUMINIUM          1.00    0.11  0.12  0.42     0.17     0.18   0.23        0.23     0.17    0.21    -0.02        -0.04  0.03  -0.00  0.02     0.06        0.26        0.35  0.20        0.35          0.32      0.21      0.25   0.02    0.51         0.16  0.00
CANOLA             0.11    1.00  0.40  0.18     0.39     0.45   0.42        0.20     0.09    0.18     0.01         0.02 -0.25  -0.19 -0.20     0.06        0.21        0.17  0.13       -0.05          0.13      0.16      0.05   0.05    0.14         0.19 -0.17
CORN               0.12    0.40  1.00  0.06     0.18     0.47   0.57        0.11     0.12    0.10     0.17         0.16 -0.03   0.01  0.03     0.08        0.01       -0.03 -0.01        0.04          0.10      0.04      0.02  -0.07    0.12         0.15  0.02
IRON               0.42    0.18  0.06  1.00     0.06     0.19   0.15        0.21     0.11    0.13    -0.23        -0.21  0.03  -0.10 -0.08    -0.02        0.12        0.22  0.11        0.13          0.07     -0.03     -0.15  -0.19    0.27        -0.02  0.07
LEANHOG            0.17    0.39  0.18  0.06     1.00     0.30   0.21        0.05     0.13    0.08     0.00         0.02 -0.09   0.08  0.08     0.10        0.14        0.08  0.19       -0.02          0.06      0.16      0.05   0.07    0.09         0.09  0.01
SOYMEAL            0.18    0.45  0.47  0.19     0.30     1.00   0.36       -0.14     0.05    0.03    -0.01        -0.01 -0.01   0.13  0.15    -0.01       -0.05       -0.02 -0.06       -0.08          0.10     -0.04     -0.05  -0.15    0.05        -0.08  0.20
WHEAT              0.23    0.42  0.57  0.15     0.21     0.36   1.00       -0.03    -0.09    0.06     0.14         0.15 -0.05  -0.06 -0.04    -0.02       -0.10       -0.07 -0.09       -0.10          0.03     -0.07     -0.03  -0.27    0.07        -0.05 -0.02
BRENT-LAST         0.23    0.20  0.11  0.21     0.05    -0.14  -0.03        1.00     0.35    0.59     0.11         0.16 -0.17  -0.30 -0.31     0.11        0.07        0.07  0.13        0.25          0.12      0.18      0.09   0.11    0.41         0.28 -0.15
COTTON2            0.17    0.09  0.12  0.11     0.13     0.05  -0.09        0.35     1.00    0.30    -0.05         0.03  0.01  -0.18 -0.16     0.16        0.18        0.19  0.12        0.01          0.31      0.27      0.24   0.20    0.15         0.28 -0.23
EU-OIL             0.21    0.18  0.10  0.13     0.08     0.03   0.06        0.59     0.30    1.00     0.13         0.19 -0.06  -0.22 -0.20     0.20        0.23        0.24  0.22        0.21          0.38      0.51      0.34   0.33    0.34         0.38 -0.37
GAS-PEN           -0.02    0.01  0.17 -0.23     0.00    -0.01   0.14        0.11    -0.05    0.13     1.00         0.96 -0.08   0.07  0.06     0.03       -0.09       -0.12  0.04        0.12          0.02      0.10      0.14   0.07    0.18         0.17 -0.22
GAS_US_mini       -0.04    0.02  0.16 -0.21     0.02    -0.01   0.15        0.16     0.03    0.19     0.96         1.00 -0.06   0.05  0.05     0.08       -0.11       -0.14  0.06        0.09          0.01      0.11      0.13   0.08    0.16         0.17 -0.23
KR10               0.03   -0.25 -0.03  0.03    -0.09    -0.01  -0.05       -0.17     0.01   -0.06    -0.08        -0.06  1.00   0.61  0.62     0.13        0.08        0.03  0.20        0.18          0.20      0.21      0.11   0.06    0.06         0.25 -0.03
US10U             -0.00   -0.19  0.01 -0.10     0.08     0.13  -0.06       -0.30    -0.18   -0.22     0.07         0.05  0.61   1.00  0.98     0.15       -0.01       -0.06  0.30        0.30          0.05      0.28     -0.00  -0.01    0.13         0.23 -0.00
US20               0.02   -0.20  0.03 -0.08     0.08     0.15  -0.04       -0.31    -0.16   -0.20     0.06         0.05  0.62   0.98  1.00     0.16        0.00       -0.04  0.30        0.28          0.08      0.30      0.03   0.00    0.12         0.27 -0.01
BITCOIN            0.06    0.06  0.08 -0.02     0.10    -0.01  -0.02        0.11     0.16    0.20     0.03         0.08  0.13   0.15  0.16     1.00        0.19        0.15  0.32        0.32          0.13      0.40      0.20   0.27    0.28         0.26 -0.23
CHINAA-CON         0.26    0.21  0.01  0.12     0.14    -0.05  -0.10        0.07     0.18    0.23    -0.09        -0.11  0.08  -0.01  0.00     0.19        1.00        0.93  0.24        0.28          0.64      0.46      0.40   0.39    0.24         0.40 -0.33
FTSECHINAA         0.35    0.17 -0.03  0.22     0.08    -0.02  -0.07        0.07     0.19    0.24    -0.12        -0.14  0.03  -0.06 -0.04     0.15        0.93        1.00  0.24        0.27          0.65      0.44      0.37   0.36    0.22         0.36 -0.33
GBP                0.20    0.13 -0.01  0.11     0.19    -0.06  -0.09        0.13     0.12    0.22     0.04         0.06  0.20   0.30  0.30     0.32        0.24        0.24  1.00        0.43          0.32      0.68      0.34   0.50    0.48         0.56 -0.39
GOLD_micro         0.35   -0.05  0.04  0.13    -0.02    -0.08  -0.10        0.25     0.01    0.21     0.12         0.09  0.18   0.30  0.28     0.32        0.28        0.27  0.43        1.00          0.17      0.37      0.19   0.19    0.80         0.35 -0.12
HANGENT_mini       0.32    0.13  0.10  0.07     0.06     0.10   0.03        0.12     0.31    0.38     0.02         0.01  0.20   0.05  0.08     0.13        0.64        0.65  0.32        0.17          1.00      0.59      0.48   0.40    0.20         0.47 -0.49
MSCIEAFA           0.21    0.16  0.04 -0.03     0.16    -0.04  -0.07        0.18     0.27    0.51     0.10         0.11  0.21   0.28  0.30     0.40        0.46        0.44  0.68        0.37          0.59      1.00      0.65   0.71    0.43         0.80 -0.69
MSCISING           0.25    0.05  0.02 -0.15     0.05    -0.05  -0.03        0.09     0.24    0.34     0.14         0.13  0.11  -0.00  0.03     0.20        0.40        0.37  0.34        0.19          0.48      0.65      1.00   0.69    0.37         0.60 -0.49
MUMMY              0.02    0.05 -0.07 -0.19     0.07    -0.15  -0.27        0.11     0.20    0.33     0.07         0.08  0.06  -0.01  0.00     0.27        0.39        0.36  0.50        0.19          0.40      0.71      0.69   1.00    0.25         0.63 -0.58
SILVER             0.51    0.14  0.12  0.27     0.09     0.05   0.07        0.41     0.15    0.34     0.18         0.16  0.06   0.13  0.12     0.28        0.24        0.22  0.48        0.80          0.20      0.43      0.37   0.25    1.00         0.45 -0.17
SP500_micro        0.16    0.19  0.15 -0.02     0.09    -0.08  -0.05        0.28     0.28    0.38     0.17         0.17  0.25   0.23  0.27     0.26        0.40        0.36  0.56        0.35          0.47      0.80      0.60   0.63    0.45         1.00 -0.68
VIX                0.00   -0.17  0.02  0.07     0.01     0.20  -0.02       -0.15    -0.23   -0.37    -0.22        -0.23 -0.03  -0.00 -0.01    -0.23       -0.33       -0.33 -0.39       -0.12         -0.49     -0.69     -0.49  -0.58   -0.17        -0.68  1.00


********************************************************************************
                                 END OF REPORT                                  
********************************************************************************


