
********************************************************************************
                    Risk report produced on 19/02/2025 22:53                    
********************************************************************************


Total risk across all strategies, annualised percentage 13.1
Percentage of capital used for margin 72.9%

========================================
Risk per strategy, annualised percentage
========================================

                  risk
dynamic_TF_carry  13.1


===================
Risk by asset class
===================

Ags       2.6
Bond      0.8
Equity    8.8
FX        3.5
Metals    1.3
Vol       2.0
dtype: float64


=====================================================
Beta loadings of asset class positions on asset class
=====================================================

FX       -0.55
Bond     -0.05
Vol      -0.05
Metals    0.07
Ags       0.09
Equity    0.84
dtype: float64


========================================================
Beta loadings of full portfolio positions on asset class
========================================================

Bond     -0.44
FX       -0.33
Vol      -0.20
Metals    0.23
Ags       0.29
Equity    1.06
dtype: float64


==================================================================================================================================================================================================================================================================
                                                                                                                         Instrument risk                                                                                                                          
==================================================================================================================================================================================================================================================================

              daily_price_stdev  annual_price_stdev     price  daily_perc_stdev  annual_perc_stdev  point_size_base  contract_exposure  daily_risk_per_contract  annual_risk_per_contract  position  capital  exposure_held_perc_capital  annual_risk_perc_capital
CHF                       0.005               0.076      1.11              0.43                6.9          99025.2             109863                      473                      7573        -2   586038                       -37.5                      -2.6
VIX                       0.452               7.237     17.85              2.53               40.5            792.2              14140                      358                      5733        -2   586038                        -4.8                      -2.0
FTSETAIWAN               19.691             315.055   1956.75              1.01               16.1             31.7              62005                      623                      9983        -1   586038                       -10.6                      -1.7
BUND                      0.493               7.894    131.49              0.38                6.0            828.5             108941                      408                      6540        -1   586038                       -18.6                      -1.1
JPY                       0.000               0.001      0.01              0.61                9.8        9902519.6              65544                      400                      6403        -1   586038                       -11.2                      -1.1
COPPER-micro              0.063               1.007      4.62              1.36               21.8           1980.5               9159                      124                      1993        -2   586038                        -3.1                      -0.7
SUGAR11                   0.263               4.208     19.37              1.36               21.7            887.3              17186                      233                      3733        -1   586038                        -2.9                      -0.6
CAD                       0.003               0.040      0.70              0.36                5.7          79220.2              55727                      200                      3200        -1   586038                        -9.5                      -0.5
RUSSELL                  21.821             349.135   2290.70              0.95               15.2              4.0               9073                       86                      1382        -2   586038                        -3.1                      -0.5
EUR_micro                 0.005               0.077      1.05              0.46                7.3           9902.5              10387                       47                       763        -3   586038                        -5.3                      -0.4
SP500_micro              38.788             620.604   6165.00              0.63               10.1              4.0              24419                      153                      2458         1   586038                         4.2                       0.4
BITCOIN                2211.301           35380.821  97200.00              2.28               36.4              0.1               7700                      175                      2802         1   586038                         1.3                       0.5
GOLD_micro               25.562             408.985   2948.30              0.87               13.9              7.9              23356                      202                      3239         1   586038                         4.0                       0.6
GBP                       0.006               0.090      1.26              0.45                7.2          49512.6              62316                      278                      4458         1   586038                        10.6                       0.8
HANG_mini               297.239            4755.824  22920.00              1.30               20.7              1.0              23359                      302                      4847         1   586038                         4.0                       0.8
CAD10                     0.552               8.826    123.04              0.45                7.2            558.7              68737                      308                      4930         1   586038                        11.7                       0.8
SILVER                    0.472               7.550     33.51              1.41               22.5            792.2              26542                      373                      5981         1   586038                         4.5                       1.0
MSCISING                  2.471              39.532    405.75              0.61                9.7             59.0              23959                      145                      2334         3   586038                        12.3                       1.2
CAC                      60.545             968.716   8126.50              0.75               11.9              8.3              67329                      501                      8025         1   586038                        11.5                       1.4
TOPIX                    22.302             356.824   2766.00              0.81               12.9              5.2              14451                      116                      1864         6   586038                        14.8                       1.9
SMI                      89.496            1431.939  12751.00              0.70               11.2              8.8             111886                      785                     12564         1   586038                        19.1                       2.1
FEEDCOW                   2.424              38.783    267.08              0.91               14.5            396.1             105788                      960                     15362         1   586038                        18.1                       2.6
MIB                     257.069            4113.099  38470.00              0.67               10.7              4.1             159365                     1064                     17038         1   586038                        27.2                       2.9
MSCITAIWAN               13.481             215.688    984.60              1.37               21.9             79.2              78000                     1067                     17086         1   586038                        13.3                       2.9

Sum of abs(notional exposure % capital) 263.2
Sum of abs(annualised risk % capital) 31.1
Net sum of annualised risk % capital 8.7 

===========================================================================================================================================================================================================================
                                                                                                       Correlations                                                                                                        
===========================================================================================================================================================================================================================

              FEEDCOW  SUGAR11  BITCOIN   CAC  FTSETAIWAN   MIB  MSCISING  MSCITAIWAN  RUSSELL   SMI  SP500_micro  TOPIX  BUND  CAD10   CHF   JPY   CAD  COPPER-micro  EUR_micro   GBP  GOLD_micro  HANG_mini  SILVER   VIX
FEEDCOW          1.00     0.20     0.09  0.19        0.25  0.21      0.27        0.26     0.17  0.17         0.23   0.37 -0.19  -0.30 -0.28 -0.36 -0.06          0.06       0.00 -0.06       -0.11       0.05   -0.01 -0.21
SUGAR11          0.20     1.00    -0.04  0.14        0.16  0.17      0.25        0.13     0.02  0.19         0.09   0.23 -0.15  -0.01  0.08 -0.05  0.18          0.11       0.29  0.34        0.06       0.19    0.07 -0.09
BITCOIN          0.09    -0.04     1.00  0.21        0.27  0.27      0.42        0.29     0.57  0.16         0.47   0.33  0.11   0.16 -0.24 -0.12  0.01         -0.13      -0.02  0.20       -0.02       0.04    0.07 -0.46
CAC              0.19     0.14     0.21  1.00        0.52  0.81      0.46        0.46     0.48  0.69         0.53   0.45 -0.08   0.01  0.10 -0.08  0.36          0.32       0.35  0.45        0.10       0.57    0.27 -0.44
FTSETAIWAN       0.25     0.16     0.27  0.52        1.00  0.49      0.59        0.98     0.49  0.37         0.66   0.75 -0.08  -0.10 -0.21 -0.41  0.29          0.20       0.16  0.33        0.08       0.37    0.26 -0.65
MIB              0.21     0.17     0.27  0.81        0.49  1.00      0.51        0.47     0.44  0.59         0.50   0.54 -0.22  -0.09 -0.09 -0.21  0.25          0.29       0.30  0.38        0.15       0.38    0.24 -0.52
MSCISING         0.27     0.25     0.42  0.46        0.59  0.51      1.00        0.56     0.60  0.33         0.65   0.59 -0.00   0.04 -0.26 -0.20  0.26          0.27       0.03  0.26        0.06       0.28    0.20 -0.66
MSCITAIWAN       0.26     0.13     0.29  0.46        0.98  0.47      0.56        1.00     0.48  0.32         0.65   0.76 -0.11  -0.12 -0.29 -0.44  0.20          0.21       0.08  0.27        0.09       0.32    0.26 -0.65
RUSSELL          0.17     0.02     0.57  0.48        0.49  0.44      0.60        0.48     1.00  0.46         0.80   0.41  0.24   0.11 -0.13  0.01  0.30          0.08       0.07  0.34        0.05       0.17    0.07 -0.63
SMI              0.17     0.19     0.16  0.69        0.37  0.59      0.33        0.32     0.46  1.00         0.53   0.34  0.10   0.16  0.04  0.07  0.31          0.16       0.29  0.46        0.20       0.35    0.19 -0.38
SP500_micro      0.23     0.09     0.47  0.53        0.66  0.50      0.65        0.65     0.80  0.53         1.00   0.50  0.15   0.13 -0.16 -0.16  0.29          0.12       0.08  0.39        0.03       0.22    0.19 -0.77
TOPIX            0.37     0.23     0.33  0.45        0.75  0.54      0.59        0.76     0.41  0.34         0.50   1.00 -0.31  -0.23 -0.47 -0.61  0.09          0.10       0.01  0.19       -0.06       0.27    0.12 -0.67
BUND            -0.19    -0.15     0.11 -0.08       -0.08 -0.22     -0.00       -0.11     0.24  0.10         0.15  -0.31  1.00   0.69  0.23  0.53  0.18         -0.05      -0.09  0.11        0.25       0.03    0.13  0.07
CAD10           -0.30    -0.01     0.16  0.01       -0.10 -0.09      0.04       -0.12     0.11  0.16         0.13  -0.23  0.69   1.00  0.42  0.58  0.13         -0.12       0.22  0.43        0.16       0.10    0.12 -0.03
CHF             -0.28     0.08    -0.24  0.10       -0.21 -0.09     -0.26       -0.29    -0.13  0.04        -0.16  -0.47  0.23   0.42  1.00  0.60  0.38          0.02       0.60  0.52        0.13       0.27    0.15  0.33
JPY             -0.36    -0.05    -0.12 -0.08       -0.41 -0.21     -0.20       -0.44     0.01  0.07        -0.16  -0.61  0.53   0.58  0.60  1.00  0.25          0.11       0.33  0.27        0.25       0.09    0.08  0.33
CAD             -0.06     0.18     0.01  0.36        0.29  0.25      0.26        0.20     0.30  0.31         0.29   0.09  0.18   0.13  0.38  0.25  1.00          0.30       0.39  0.45        0.13       0.39    0.16 -0.19
COPPER-micro     0.06     0.11    -0.13  0.32        0.20  0.29      0.27        0.21     0.08  0.16         0.12   0.10 -0.05  -0.12  0.02  0.11  0.30          1.00       0.14  0.09        0.56       0.49    0.55 -0.04
EUR_micro        0.00     0.29    -0.02  0.35        0.16  0.30      0.03        0.08     0.07  0.29         0.08   0.01 -0.09   0.22  0.60  0.33  0.39          0.14       1.00  0.76        0.13       0.37    0.17 -0.03
GBP             -0.06     0.34     0.20  0.45        0.33  0.38      0.26        0.27     0.34  0.46         0.39   0.19  0.11   0.43  0.52  0.27  0.45          0.09       0.76  1.00        0.13       0.40    0.29 -0.22
GOLD_micro      -0.11     0.06    -0.02  0.10        0.08  0.15      0.06        0.09     0.05  0.20         0.03  -0.06  0.25   0.16  0.13  0.25  0.13          0.56       0.13  0.13        1.00       0.19    0.72  0.13
HANG_mini        0.05     0.19     0.04  0.57        0.37  0.38      0.28        0.32     0.17  0.35         0.22   0.27  0.03   0.10  0.27  0.09  0.39          0.49       0.37  0.40        0.19       1.00    0.31 -0.08
SILVER          -0.01     0.07     0.07  0.27        0.26  0.24      0.20        0.26     0.07  0.19         0.19   0.12  0.13   0.12  0.15  0.08  0.16          0.55       0.17  0.29        0.72       0.31    1.00 -0.03
VIX             -0.21    -0.09    -0.46 -0.44       -0.65 -0.52     -0.66       -0.65    -0.63 -0.38        -0.77  -0.67  0.07  -0.03  0.33  0.33 -0.19         -0.04      -0.03 -0.22        0.13      -0.08   -0.03  1.00


********************************************************************************
                                 END OF REPORT                                  
********************************************************************************


