
********************************************************************************
                    Risk report produced on 21/03/2025 22:53                    
********************************************************************************


Total risk across all strategies, annualised percentage 10.2
Percentage of capital used for margin 66.6%

========================================
Risk per strategy, annualised percentage
========================================

                  risk
dynamic_TF_carry  10.2


===================
Risk by asset class
===================

Ags       3.2
Bond      2.9
Equity    5.2
FX        3.7
Metals    1.7
OilGas    2.2
dtype: float64


=====================================================
Beta loadings of asset class positions on asset class
=====================================================

Bond     -0.16
OilGas   -0.10
Metals   -0.04
Ags       0.04
Equity    0.20
FX        0.41
dtype: float64


========================================================
Beta loadings of full portfolio positions on asset class
========================================================

Bond     -0.33
OilGas   -0.08
Ags       0.05
Metals    0.06
Equity    0.26
FX        0.59
dtype: float64


==================================================================================================================================================================================================================================================================
                                                                                                                         Instrument risk                                                                                                                          
==================================================================================================================================================================================================================================================================

              daily_price_stdev  annual_price_stdev     price  daily_perc_stdev  annual_perc_stdev  point_size_base  contract_exposure  daily_risk_per_contract  annual_risk_per_contract  position  capital  exposure_held_perc_capital  annual_risk_perc_capital
BUXL                      1.431              22.895    119.04              1.20               19.2            837.6              99702                     1198                     19175        -1   580463                       -17.2                      -3.3
LEANHOG                   1.515              24.237     97.38              1.56               24.9            309.2              30111                      468                      7494        -2   580463                       -10.4                      -2.6
BRENT-LAST                1.009              16.150     71.58              1.41               22.6            773.1              55337                      780                     12485        -1   580463                        -9.5                      -2.2
BITCOIN                2637.251           42196.014  84400.00              3.12               50.0              0.1               6524                      203                      3262        -3   580463                        -3.4                      -1.7
CHF                       0.005               0.076      1.14              0.41                6.6          96635.9             110541                      458                      7332        -1   580463                       -19.0                      -1.3
SP500_micro              53.721             859.530   5664.75              0.95               15.2              3.9              21896                      207                      3322        -2   580463                        -7.5                      -1.1
CAD                       0.003               0.041      0.70              0.36                5.8          77308.7              54131                      195                      3133        -1   580463                        -9.3                      -0.5
RUSSELL                  25.227             403.625   2067.30              1.22               19.5              3.9               7991                       97                      1560        -2   580463                        -2.8                      -0.5
COPPER-micro              0.070               1.114      5.11              1.36               21.8           1932.7               9872                      134                      2153        -1   580463                        -1.7                      -0.4
DOW                     341.201            5459.209  42320.00              0.81               12.9              0.4              16358                      131                      2110        -1   580463                        -2.8                      -0.4
MUMMY                     8.431             134.899    663.00              1.27               20.3              5.2               3426                       43                       697         1   580463                         0.6                       0.1
EUR_micro                 0.006               0.090      1.09              0.51                8.2           9663.6              10501                       54                       865         1   580463                         1.8                       0.1
TOPIX                    24.177             386.833   2697.50              0.90               14.3              5.2              13941                      124                      1999         1   580463                         2.4                       0.3
GOLD_micro               24.368             389.895   3053.20              0.80               12.8              7.7              23603                      188                      3014         1   580463                         4.1                       0.5
CAD10                     0.547               8.745    124.13              0.44                7.0            539.8              67001                      295                      4720         1   580463                        11.5                       0.8
YENEUR                    1.027              16.431    160.72              0.64               10.2            646.0             103828                      663                     10614         1   580463                        17.9                       1.8
MSCISING                  3.967              63.473    396.45              1.00               16.0             57.9              22958                      229                      3675         3   580463                        11.9                       1.9
FEEDCOW                   2.244              35.905    285.62              0.79               12.6            386.5             110406                      867                     13879         1   580463                        19.0                       2.4
GBP                       0.005               0.086      1.29              0.42                6.7          48318.0              62421                      260                      4163         4   580463                        43.0                       2.9
MIB                     394.860            6317.761  38980.00              1.01               16.2              4.2             163238                     1653                     26457         1   580463                        28.1                       4.6

Sum of abs(notional exposure % capital) 223.9
Sum of abs(annualised risk % capital) 29.4
Net sum of annualised risk % capital 1.4 

=========================================================================================================================================================================================
                                                                                      Correlations                                                                                       
=========================================================================================================================================================================================

              BITCOIN   DOW   MIB  MSCISING  MUMMY  RUSSELL  SP500_micro  TOPIX  BRENT-LAST  FEEDCOW  LEANHOG  YENEUR  BUXL  CAD10   CAD  COPPER-micro  EUR_micro   GBP  GOLD_micro   CHF
BITCOIN          1.00  0.41  0.18      0.38   0.19     0.48         0.43   0.21        0.00     0.02     0.09    0.00  0.19   0.12 -0.03         -0.18      -0.14 -0.00        0.02 -0.25
DOW              0.41  1.00  0.39      0.56   0.46     0.87         0.84   0.39        0.08     0.14     0.27   -0.06  0.32   0.06  0.25          0.05      -0.21  0.02        0.20 -0.12
MIB              0.18  0.39  1.00      0.54   0.57     0.47         0.44   0.50        0.13     0.30     0.06    0.24  0.04  -0.08  0.35          0.40       0.21  0.38        0.41 -0.06
MSCISING         0.38  0.56  0.54      1.00   0.59     0.58         0.62   0.60        0.03     0.11     0.02    0.19  0.17   0.01  0.28          0.16      -0.09  0.22        0.14 -0.23
MUMMY            0.19  0.46  0.57      0.59   1.00     0.47         0.45   0.67        0.12     0.23     0.16    0.20 -0.03  -0.11  0.28          0.22      -0.01  0.24        0.18 -0.22
RUSSELL          0.48  0.87  0.47      0.58   0.47     1.00         0.76   0.43        0.16     0.12     0.27    0.01  0.29   0.05  0.28          0.07      -0.09  0.14        0.21 -0.15
SP500_micro      0.43  0.84  0.44      0.62   0.45     0.76         1.00   0.45        0.19     0.06     0.18    0.12  0.32   0.01  0.30          0.08      -0.21  0.09        0.20 -0.15
TOPIX            0.21  0.39  0.50      0.60   0.67     0.43         0.45   1.00        0.10     0.27    -0.00    0.48 -0.06  -0.17  0.09          0.03      -0.06  0.28        0.04 -0.41
BRENT-LAST       0.00  0.08  0.13      0.03   0.12     0.16         0.19   0.10        1.00     0.29     0.06    0.18 -0.14  -0.36  0.32          0.36      -0.00 -0.03        0.23 -0.26
FEEDCOW          0.02  0.14  0.30      0.11   0.23     0.12         0.06   0.27        0.29     1.00     0.15    0.31 -0.32  -0.31 -0.07          0.11       0.13  0.10        0.00 -0.18
LEANHOG          0.09  0.27  0.06      0.02   0.16     0.27         0.18  -0.00        0.06     0.15     1.00    0.01 -0.14  -0.27  0.12          0.13       0.04 -0.10       -0.01  0.00
YENEUR           0.00 -0.06  0.24      0.19   0.20     0.01         0.12   0.48        0.18     0.31     0.01    1.00 -0.56  -0.49  0.02          0.18       0.25  0.24        0.05 -0.24
BUXL             0.19  0.32  0.04      0.17  -0.03     0.29         0.32  -0.06       -0.14    -0.32    -0.14   -0.56  1.00   0.63  0.17         -0.16      -0.22 -0.00        0.20  0.20
CAD10            0.12  0.06 -0.08      0.01  -0.11     0.05         0.01  -0.17       -0.36    -0.31    -0.27   -0.49  0.63   1.00  0.06         -0.15       0.16  0.34        0.18  0.44
CAD             -0.03  0.25  0.35      0.28   0.28     0.28         0.30   0.09        0.32    -0.07     0.12    0.02  0.17   0.06  1.00          0.48       0.33  0.41        0.33  0.38
COPPER-micro    -0.18  0.05  0.40      0.16   0.22     0.07         0.08   0.03        0.36     0.11     0.13    0.18 -0.16  -0.15  0.48          1.00       0.45  0.37        0.57  0.20
EUR_micro       -0.14 -0.21  0.21     -0.09  -0.01    -0.09        -0.21  -0.06       -0.00     0.13     0.04    0.25 -0.22   0.16  0.33          0.45       1.00  0.74        0.23  0.56
GBP             -0.00  0.02  0.38      0.22   0.24     0.14         0.09   0.28       -0.03     0.10    -0.10    0.24 -0.00   0.34  0.41          0.37       0.74  1.00        0.37  0.46
GOLD_micro       0.02  0.20  0.41      0.14   0.18     0.21         0.20   0.04        0.23     0.00    -0.01    0.05  0.20   0.18  0.33          0.57       0.23  0.37        1.00  0.19
CHF             -0.25 -0.12 -0.06     -0.23  -0.22    -0.15        -0.15  -0.41       -0.26    -0.18     0.00   -0.24  0.20   0.44  0.38          0.20       0.56  0.46        0.19  1.00


********************************************************************************
                                 END OF REPORT                                  
********************************************************************************


