
********************************************************************************
           Risk report report produced on 2023-03-01 23:00:27.239618            
********************************************************************************


Total risk across all strategies, annualised percentage 7.2
Percentage of capital used for margin 23.7%

========================================
Risk per strategy, annualised percentage
========================================

                  risk
dynamic_TF_carry   7.2


===================
Risk by asset class
===================

Ags       2.6
Bond      4.5
Equity    4.9
Metals    1.8
OilGas    1.6
Sector    0.9
Vol       2.2
dtype: float64


============================
Beta loadings by asset class
============================

Bond     -0.57
Metals   -0.09
Vol      -0.05
OilGas   -0.02
Ags       0.03
Sector    0.04
Equity    0.30
dtype: float64


================================================================================================================================================================================================================================================================
                                                                                                                        Instrument risk                                                                                                                         
================================================================================================================================================================================================================================================================

             daily_price_stdev  annual_price_stdev    price  daily_perc_stdev  annual_perc_stdev  point_size_base  contract_exposure  daily_risk_per_contract  annual_risk_per_contract  position  capital  exposure_held_perc_capital  annual_risk_perc_capital
US20                     0.916              14.661   124.06              0.74               11.8            829.6             102922                      760                     12162        -1   361293                       -28.5                      -3.4
VIX                      0.588               9.402    22.00              2.67               42.7            829.6              18251                      487                      7799        -1   361293                        -5.1                      -2.2
LEANHOG                  1.358              21.732   101.02              1.34               21.5            331.8              33524                      450                      7211        -1   361293                        -9.3                      -2.0
GAS_US_mini              0.177               2.832     2.96              5.99               95.8           2074.0               6128                      367                      5874        -1   361293                        -1.7                      -1.6
BOBL                     0.361               5.781   114.67              0.32                5.0            880.0             100904                      317                      5086        -1   361293                       -27.9                      -1.4
SILVER                   0.355               5.679    21.08              1.68               26.9            829.6              17492                      294                      4711        -1   361293                        -4.8                      -1.3
GOLD_micro              15.390             246.245  1844.90              0.83               13.3              8.3              15305                      127                      2042        -1   361293                        -4.2                      -0.6
MUMMY                   10.978             175.651   737.00              1.49               23.8              6.1               4484                       66                      1068         1   361293                         1.2                       0.3
RUSSELL                 23.168             370.686  1901.60              1.22               19.5              4.1               7887                       96                      1537         2   361293                         4.4                       0.9
EU-OIL                   4.398              70.371   359.60              1.22               19.6             44.0              15821                      193                      3096         1   361293                         4.4                       0.9
EUROSTX                 38.335             613.367  4219.00              0.91               14.5              8.8              37125                      337                      5397         1   361293                        10.3                       1.5
SOYMEAL                  5.769              92.303   461.10              1.25               20.0             83.0              38252                      478                      7657         1   361293                        10.6                       2.1
CAC                     66.049            1056.782  7261.00              0.91               14.6              8.8              63893                      581                      9299         1   361293                        17.7                       2.6

Sum of abs(notional exposure % capital) 130.1
Sum of abs(annualised risk % capital) 20.8
Net sum of annualised risk % capital -4.2 

=======================================================================================================================
                                                     Correlations                                                      
=======================================================================================================================

             BOBL   CAC  EUROSTX  GOLD_micro  MUMMY  RUSSELL  SILVER  US20  LEANHOG  SOYMEAL  EU-OIL  GAS_US_mini   VIX
BOBL         1.00  0.36     0.36        0.36   0.29     0.53    0.24  0.73    -0.04     0.00    0.05        -0.02 -0.32
CAC          0.36  1.00     0.98        0.14   0.44     0.76    0.23  0.23     0.18     0.19    0.31         0.07 -0.65
EUROSTX      0.36  0.98     1.00        0.18   0.49     0.76    0.26  0.26     0.17     0.17    0.29         0.07 -0.65
GOLD_micro   0.36  0.14     0.18        1.00   0.12     0.30    0.79  0.42     0.11     0.02    0.15        -0.11 -0.13
MUMMY        0.29  0.44     0.49        0.12   1.00     0.52    0.12  0.26    -0.14    -0.08    0.15         0.13 -0.35
RUSSELL      0.53  0.76     0.76        0.30   0.52     1.00    0.35  0.37     0.10     0.17    0.30         0.09 -0.67
SILVER       0.24  0.23     0.26        0.79   0.12     0.35    1.00  0.20     0.23     0.20    0.24        -0.10 -0.25
US20         0.73  0.23     0.26        0.42   0.26     0.37    0.20  1.00    -0.12     0.03   -0.01        -0.02 -0.24
LEANHOG     -0.04  0.18     0.17        0.11  -0.14     0.10    0.23 -0.12     1.00     0.20    0.12        -0.19 -0.14
SOYMEAL      0.00  0.19     0.17        0.02  -0.08     0.17    0.20  0.03     0.20     1.00    0.04        -0.01 -0.23
EU-OIL       0.05  0.31     0.29        0.15   0.15     0.30    0.24 -0.01     0.12     0.04    1.00         0.21 -0.33
GAS_US_mini -0.02  0.07     0.07       -0.11   0.13     0.09   -0.10 -0.02    -0.19    -0.01    0.21         1.00 -0.13
VIX         -0.32 -0.65    -0.65       -0.13  -0.35    -0.67   -0.25 -0.24    -0.14    -0.23   -0.33        -0.13  1.00


********************************************************************************
                                 END OF REPORT                                  
********************************************************************************


