
********************************************************************************
                    Risk report produced on 03/09/2025 22:53                    
********************************************************************************


Total risk across all strategies, annualised percentage 12.5
Percentage of capital used for margin 41.9%

========================================
Risk per strategy, annualised percentage
========================================

                  risk
dynamic_TF_carry  12.5


===================
Risk by asset class
===================

Ags        1.0
Equity    10.4
FX         3.3
Metals     2.2
OilGas     3.9
Sector     1.2
dtype: float64


=====================================================
Beta loadings of asset class positions on asset class
=====================================================

OilGas   -0.08
Sector   -0.06
Ags       0.03
Metals    0.11
FX        0.23
Equity    0.76
dtype: float64


========================================================
Beta loadings of full portfolio positions on asset class
========================================================

OilGas   -0.09
Ags       0.17
Metals    0.27
Sector    0.30
Equity    0.80
FX        1.05
dtype: float64


=================================================================================================================================================================================================================================================================
                                                                                                                         Instrument risk                                                                                                                         
=================================================================================================================================================================================================================================================================

             daily_price_stdev  annual_price_stdev     price  daily_perc_stdev  annual_perc_stdev  point_size_base  contract_exposure  daily_risk_per_contract  annual_risk_per_contract  position  capital  exposure_held_perc_capital  annual_risk_perc_capital
JPY                      0.000               0.001      0.01              0.57                9.1        9354361.9              63880                      364                      5825        -2   571349                       -22.4                      -2.0
GAS_US_mini              0.095               1.522      3.06              3.11               49.7           1870.9               5724                      177                      2846        -4   571349                        -4.0                      -2.0
GAS-PEN                  0.093               1.495      3.06              3.05               48.8           7483.5              22936                      699                     11187        -1   571349                        -4.0                      -2.0
EU-TECH                  9.442             151.073    773.80              1.22               19.5             43.5              33672                      410                      6574        -1   571349                        -5.9                      -1.2
DAX                    194.461            3111.380  23651.00              0.82               13.2              0.9              20583                      169                      2707        -2   571349                        -7.2                      -0.9
WHEAT                    6.468             103.494    522.25              1.24               19.8             37.4              19541                      242                      3872        -1   571349                        -3.4                      -0.7
MUMMY                    8.288             132.607    763.00              1.09               17.4              5.0               3843                       41                       667         1   571349                         0.7                       0.1
CANOLA                   9.958             159.324    616.50              1.62               25.8             10.8               6687                      108                      1728         1   571349                         1.2                       0.3
FTSECHINAA             146.528            2344.454  14792.00              0.99               15.8              0.7              11069                      109                      1754         1   571349                         1.9                       0.3
RUSSELL                 28.258             452.131   2344.70              1.21               19.3              3.7               8773                      105                      1691         2   571349                         3.1                       0.6
LEANHOG                  1.067              17.070     87.05              1.23               19.6            299.3              26057                      319                      5109         1   571349                         4.6                       0.9
YENEUR                   0.646              10.331    172.47              0.37                6.0            629.6             108591                      406                      6504         1   571349                        19.0                       1.1
MXP                      0.000               0.004      0.05              0.52                8.3         374174.5              19965                      103                      1657         4   571349                        14.0                       1.2
SILVER                   0.533               8.520     41.72              1.28               20.4            748.3              31224                      398                      6376         2   571349                        10.9                       2.2
MSCITAIWAN              11.699             187.185   1016.30              1.15               18.4             74.8              76054                      875                     14007         1   571349                        13.3                       2.5
MIB                    361.137            5778.189  41870.00              0.86               13.8              4.4             182199                     1571                     25144         1   571349                        31.9                       4.4
MSCIEAFA                22.281             356.501   2690.80              0.83               13.2             37.4             100682                      833                     13339         2   571349                        35.2                       4.7

Sum of abs(notional exposure % capital) 182.7
Sum of abs(annualised risk % capital) 27.1
Net sum of annualised risk % capital 9.5 

============================================================================================================================================================
                                                                        Correlations                                                                        
============================================================================================================================================================

              DAX  EU-TECH  FTSECHINAA   MIB  MSCIEAFA  MSCITAIWAN  MUMMY   MXP  RUSSELL  SILVER  CANOLA  LEANHOG  WHEAT  GAS-PEN  GAS_US_mini  YENEUR   JPY
DAX          1.00     0.79        0.45  0.90      0.80        0.73   0.65  0.38     0.65    0.48   -0.03     0.20  -0.03     0.06         0.09    0.21 -0.07
EU-TECH      0.79     1.00        0.40  0.71      0.58        0.74   0.50  0.44     0.65    0.42    0.05     0.10   0.04     0.11         0.09    0.25 -0.25
FTSECHINAA   0.45     0.40        1.00  0.50      0.50        0.42   0.39  0.29     0.33    0.43    0.12     0.23   0.13     0.04         0.07    0.16 -0.07
MIB          0.90     0.71        0.50  1.00      0.81        0.71   0.68  0.38     0.63    0.48    0.05     0.21  -0.04     0.03         0.07    0.23 -0.17
MSCIEAFA     0.80     0.58        0.50  0.81      1.00        0.70   0.69  0.38     0.55    0.47   -0.02     0.25  -0.03     0.11         0.13    0.17  0.09
MSCITAIWAN   0.73     0.74        0.42  0.71      0.70        1.00   0.67  0.41     0.62    0.42    0.05     0.15  -0.05     0.08         0.09    0.34 -0.28
MUMMY        0.65     0.50        0.39  0.68      0.69        0.67   1.00  0.31     0.50    0.42    0.05     0.23  -0.04     0.09         0.12    0.27 -0.17
MXP          0.38     0.44        0.29  0.38      0.38        0.41   0.31  1.00     0.25    0.40   -0.03     0.13   0.15    -0.00         0.03    0.36 -0.03
RUSSELL      0.65     0.65        0.33  0.63      0.55        0.62   0.50  0.25     1.00    0.33   -0.11     0.20  -0.01     0.03        -0.00    0.13 -0.25
SILVER       0.48     0.42        0.43  0.48      0.47        0.42   0.42  0.40     0.33    1.00   -0.07     0.27   0.23     0.11         0.14    0.18 -0.02
CANOLA      -0.03     0.05        0.12  0.05     -0.02        0.05   0.05 -0.03    -0.11   -0.07    1.00     0.21   0.08     0.05         0.03    0.07 -0.13
LEANHOG      0.20     0.10        0.23  0.21      0.25        0.15   0.23  0.13     0.20    0.27    0.21     1.00   0.33     0.04         0.07    0.07  0.07
WHEAT       -0.03     0.04        0.13 -0.04     -0.03       -0.05  -0.04  0.15    -0.01    0.23    0.08     0.33   1.00     0.14         0.12    0.07  0.03
GAS-PEN      0.06     0.11        0.04  0.03      0.11        0.08   0.09 -0.00     0.03    0.11    0.05     0.04   0.14     1.00         0.97    0.13 -0.25
GAS_US_mini  0.09     0.09        0.07  0.07      0.13        0.09   0.12  0.03    -0.00    0.14    0.03     0.07   0.12     0.97         1.00    0.17 -0.26
YENEUR       0.21     0.25        0.16  0.23      0.17        0.34   0.27  0.36     0.13    0.18    0.07     0.07   0.07     0.13         0.17    1.00 -0.67
JPY         -0.07    -0.25       -0.07 -0.17      0.09       -0.28  -0.17 -0.03    -0.25   -0.02   -0.13     0.07   0.03    -0.25        -0.26   -0.67  1.00


********************************************************************************
                                 END OF REPORT                                  
********************************************************************************


