
********************************************************************************
                    Risk report produced on 01/08/2025 22:53                    
********************************************************************************


Total risk across all strategies, annualised percentage 16.0
Percentage of capital used for margin 48.8%

========================================
Risk per strategy, annualised percentage
========================================

                  risk
dynamic_TF_carry  16.0


===================
Risk by asset class
===================

Ags        3.4
Bond       2.1
Equity    11.3
FX         3.8
Metals     2.9
OilGas     2.9
dtype: float64


=====================================================
Beta loadings of asset class positions on asset class
=====================================================

OilGas   -0.06
Bond     -0.03
Metals    0.05
FX        0.10
Ags       0.20
Equity    0.82
dtype: float64


========================================================
Beta loadings of full portfolio positions on asset class
========================================================

Bond     -0.63
OilGas   -0.02
Metals    0.31
Ags       0.57
Equity    0.98
FX        1.12
dtype: float64


===================================================================================================================================================================================================================================================================
                                                                                                                          Instrument risk                                                                                                                          
===================================================================================================================================================================================================================================================================

               daily_price_stdev  annual_price_stdev     price  daily_perc_stdev  annual_perc_stdev  point_size_base  contract_exposure  daily_risk_per_contract  annual_risk_per_contract  position  capital  exposure_held_perc_capital  annual_risk_perc_capital
JPY                        0.000               0.001      0.01              0.58                9.3        9468154.8              64127                      372                      5967        -3   556547                       -34.6                      -3.2
GAS-PEN                    0.112               1.785      3.08              3.62               57.9           7574.5              23337                      844                     13516        -1   556547                        -4.2                      -2.4
DX                         0.450               7.195     98.66              0.46                7.3            757.5              74734                      340                      5450        -2   556547                       -26.9                      -2.0
CAD10                      0.431               6.903    120.28              0.36                5.7            546.8              65771                      235                      3774        -2   556547                       -23.6                      -1.4
GOLD_micro                31.086             497.372   3353.80              0.93               14.8              7.6              25403                      235                      3767        -2   556547                        -9.1                      -1.4
US10U                      0.434               6.943    113.33              0.38                6.1            757.5              85840                      328                      5258        -1   556547                       -15.4                      -0.9
WHEAT                      8.044             128.706    549.75              1.46               23.4             37.9              20820                      304                      4874        -1   556547                        -3.7                      -0.9
KRWUSD_mini                0.004               0.069      0.71              0.61                9.7          18936.3              13537                       82                      1315        -3   556547                        -7.3                      -0.7
RICE                       0.157               2.515     12.38              1.27               20.3           1514.9              18746                      238                      3810        -1   556547                        -3.4                      -0.7
GAS_US_mini                0.111               1.776      3.16              3.51               56.2           1893.6               5983                      210                      3362        -1   556547                        -1.1                      -0.6
MUMMY                      9.462             151.387    755.00              1.25               20.1              5.0               3800                       47                       761         1   556547                         0.7                       0.1
MXP                        0.000               0.005      0.05              0.56                8.9         378726.2              20106                      111                      1785         1   556547                         3.6                       0.3
KOSDAQ                    21.110             337.764   1296.00              1.63               26.1              5.4               6966                      113                      1815         1   556547                         1.3                       0.3
CRUDE_W_micro              1.345              21.517     68.44              1.96               31.4             75.7               5184                      101                      1629         2   556547                         1.9                       0.6
MSCISING                   3.607              57.715    420.10              0.86               13.7             58.4              24523                      210                      3369         1   556547                         4.4                       0.6
CANOLA                    10.246             163.929    701.10              1.46               23.4             10.9               7667                      112                      1792         2   556547                         2.8                       0.6
NASDAQ_micro             180.190            2883.044  23480.25              0.77               12.3              1.5              35570                      272                      4367         1   556547                         6.4                       0.8
LEANHOG                    1.185              18.960     88.52              1.34               21.4            303.0              26821                      359                      5744         1   556547                         4.8                       1.0
BTP                        0.437               6.999    120.78              0.36                5.8            865.9             104578                      378                      6060         1   556547                        18.8                       1.1
BUND                       0.439               7.032    129.68              0.34                5.4            865.9             112285                      380                      6088         1   556547                        20.2                       1.1
YENEUR                     0.744              11.897    171.09              0.43                7.0            629.2             107642                      467                      7485         1   556547                        19.3                       1.3
SPI200                    49.884             798.149   8630.00              0.58                9.2             12.2             105165                      607                      9726         1   556547                        18.9                       1.7
FEEDCOW                    2.749              43.989    337.30              0.82               13.0            378.7             127744                     1041                     16659         1   556547                        23.0                       3.0
PLAT                      28.116             449.860   1422.60              1.98               31.6             37.9              53877                     1064                     17037         1   556547                         9.7                       3.1
MIB                      329.475            5271.592  41445.00              0.79               12.7              4.3             179428                     1426                     22822         1   556547                        32.2                       4.1
MSCIEAFA                  26.397             422.358   2663.20              0.99               15.9             37.9             100862                      999                     15995         2   556547                        36.2                       5.7

Sum of abs(notional exposure % capital) 333.5
Sum of abs(annualised risk % capital) 39.6
Net sum of annualised risk % capital 11.2 

===========================================================================================================================================================================================================================================
                                                                                                               Correlations                                                                                                                
===========================================================================================================================================================================================================================================

               CANOLA  CRUDE_W_micro  GAS-PEN  GAS_US_mini  WHEAT  YENEUR    DX  FEEDCOW  KOSDAQ   MIB  MSCIEAFA  MSCISING  MUMMY  NASDAQ_micro  SPI200   BTP  BUND  CAD10   JPY  US10U  GOLD_micro  KRWUSD_mini  LEANHOG   MXP  PLAT  RICE
CANOLA           1.00           0.21     0.15         0.13   0.24    0.09 -0.05    -0.14    0.01 -0.08     -0.08     -0.08  -0.11          0.04   -0.01  0.05  0.09  -0.12 -0.06  -0.16        0.09        -0.08     0.14  0.06 -0.03 -0.16
CRUDE_W_micro    0.21           1.00     0.22         0.31   0.37    0.02  0.33     0.32    0.18  0.20      0.06      0.14   0.22          0.13    0.11 -0.01  0.03  -0.09 -0.25  -0.07        0.20        -0.17     0.31  0.17  0.03  0.19
GAS-PEN          0.15           0.22     1.00         0.96   0.24    0.03  0.23     0.03   -0.04 -0.07     -0.17      0.10  -0.06          0.02   -0.11 -0.22 -0.13  -0.07 -0.21   0.06       -0.04        -0.17    -0.16 -0.02 -0.05 -0.03
GAS_US_mini      0.13           0.31     0.96         1.00   0.24    0.03  0.27     0.08   -0.07 -0.02     -0.16      0.14  -0.05         -0.03   -0.13 -0.24 -0.16  -0.09 -0.23   0.05       -0.03        -0.16    -0.11 -0.01 -0.07 -0.00
WHEAT            0.24           0.37     0.24         0.24   1.00   -0.12 -0.00    -0.04   -0.04 -0.07     -0.03     -0.07   0.01         -0.09   -0.09 -0.17 -0.08  -0.05  0.11  -0.13        0.24        -0.06     0.09  0.13 -0.13  0.12
YENEUR           0.09           0.02     0.03         0.03  -0.12    1.00 -0.06     0.15    0.05  0.03      0.13      0.09   0.04          0.18    0.02 -0.35 -0.42  -0.46 -0.62  -0.42        0.01        -0.03     0.00  0.22  0.24 -0.08
DX              -0.05           0.33     0.23         0.27  -0.00   -0.06  1.00     0.06   -0.02  0.05     -0.47      0.08   0.09          0.09    0.09 -0.02  0.06  -0.17 -0.70  -0.30       -0.38        -0.57    -0.12 -0.39 -0.25 -0.01
FEEDCOW         -0.14           0.32     0.03         0.08  -0.04    0.15  0.06     1.00    0.22  0.35      0.33      0.26   0.29          0.07    0.22  0.11  0.04  -0.03 -0.17   0.13        0.15         0.19     0.12  0.29  0.20  0.09
KOSDAQ           0.01           0.18    -0.04        -0.07  -0.04    0.05 -0.02     0.22    1.00  0.24      0.36      0.23   0.30          0.34    0.40  0.22  0.17  -0.03 -0.03   0.05        0.23         0.23     0.07  0.17  0.29 -0.00
MIB             -0.08           0.20    -0.07        -0.02  -0.07    0.03  0.05     0.35    0.24  1.00      0.75      0.69   0.40          0.49    0.47  0.15 -0.11   0.24 -0.12   0.21       -0.00         0.20     0.23  0.28  0.16 -0.03
MSCIEAFA        -0.08           0.06    -0.17        -0.16  -0.03    0.13 -0.47     0.33    0.36  0.75      1.00      0.59   0.38          0.52    0.50  0.16 -0.06   0.28  0.19   0.33        0.25         0.46     0.30  0.50  0.37 -0.05
MSCISING        -0.08           0.14     0.10         0.14  -0.07    0.09  0.08     0.26    0.23  0.69      0.59      1.00   0.40          0.49    0.51  0.02 -0.17   0.15 -0.18   0.18       -0.08         0.15     0.18  0.23  0.15 -0.09
MUMMY           -0.11           0.22    -0.06        -0.05   0.01    0.04  0.09     0.29    0.30  0.40      0.38      0.40   1.00          0.30    0.46  0.08  0.06   0.08 -0.13   0.10        0.10         0.16     0.34  0.06  0.19  0.16
NASDAQ_micro     0.04           0.13     0.02        -0.03  -0.09    0.18  0.09     0.07    0.34  0.49      0.52      0.49   0.30          1.00    0.59  0.04 -0.12  -0.07 -0.29  -0.09       -0.15         0.00     0.15  0.22  0.30 -0.06
SPI200          -0.01           0.11    -0.11        -0.13  -0.09    0.02  0.09     0.22    0.40  0.47      0.50      0.51   0.46          0.59    1.00  0.31  0.21   0.16 -0.14   0.12        0.12         0.15     0.31  0.08  0.28 -0.09
BTP              0.05          -0.01    -0.22        -0.24  -0.17   -0.35 -0.02     0.11    0.22  0.15      0.16      0.02   0.08          0.04    0.31  1.00  0.92   0.55  0.21   0.45        0.20         0.21     0.06  0.13  0.06  0.07
BUND             0.09           0.03    -0.13        -0.16  -0.08   -0.42  0.06     0.04    0.17 -0.11     -0.06     -0.17   0.06         -0.12    0.21  0.92  1.00   0.51  0.22   0.41        0.21         0.13     0.01 -0.01 -0.04  0.09
CAD10           -0.12          -0.09    -0.07        -0.09  -0.05   -0.46 -0.17    -0.03   -0.03  0.24      0.28      0.15   0.08         -0.07    0.16  0.55  0.51   1.00  0.39   0.81       -0.05         0.08     0.00  0.10 -0.17 -0.12
JPY             -0.06          -0.25    -0.21        -0.23   0.11   -0.62 -0.70    -0.17   -0.03 -0.12      0.19     -0.18  -0.13         -0.29   -0.14  0.21  0.22   0.39  1.00   0.46        0.33         0.46     0.09  0.14  0.01  0.08
US10U           -0.16          -0.07     0.06         0.05  -0.13   -0.42 -0.30     0.13    0.05  0.21      0.33      0.18   0.10         -0.09    0.12  0.45  0.41   0.81  0.46   1.00       -0.01         0.20     0.06  0.19  0.01 -0.08
GOLD_micro       0.09           0.20    -0.04        -0.03   0.24    0.01 -0.38     0.15    0.23 -0.00      0.25     -0.08   0.10         -0.15    0.12  0.20  0.21  -0.05  0.33  -0.01        1.00         0.30     0.22  0.22  0.34  0.15
KRWUSD_mini     -0.08          -0.17    -0.17        -0.16  -0.06   -0.03 -0.57     0.19    0.23  0.20      0.46      0.15   0.16          0.00    0.15  0.21  0.13   0.08  0.46   0.20        0.30         1.00     0.26  0.29  0.24  0.28
LEANHOG          0.14           0.31    -0.16        -0.11   0.09    0.00 -0.12     0.12    0.07  0.23      0.30      0.18   0.34          0.15    0.31  0.06  0.01   0.00  0.09   0.06        0.22         0.26     1.00  0.17  0.26  0.16
MXP              0.06           0.17    -0.02        -0.01   0.13    0.22 -0.39     0.29    0.17  0.28      0.50      0.23   0.06          0.22    0.08  0.13 -0.01   0.10  0.14   0.19        0.22         0.29     0.17  1.00  0.36 -0.05
PLAT            -0.03           0.03    -0.05        -0.07  -0.13    0.24 -0.25     0.20    0.29  0.16      0.37      0.15   0.19          0.30    0.28  0.06 -0.04  -0.17  0.01   0.01        0.34         0.24     0.26  0.36  1.00  0.02
RICE            -0.16           0.19    -0.03        -0.00   0.12   -0.08 -0.01     0.09   -0.00 -0.03     -0.05     -0.09   0.16         -0.06   -0.09  0.07  0.09  -0.12  0.08  -0.08        0.15         0.28     0.16 -0.05  0.02  1.00


********************************************************************************
                                 END OF REPORT                                  
********************************************************************************


