
********************************************************************************
                    Risk report produced on 16/02/2024 22:51                    
********************************************************************************


Total risk across all strategies, annualised percentage 10.1
Percentage of capital used for margin 58.5%

========================================
Risk per strategy, annualised percentage
========================================

                  risk
dynamic_TF_carry  10.0


===================
Risk by asset class
===================

Ags       0.8
Bond      3.3
Equity    5.4
FX        5.5
Metals    0.8
Sector    0.6
dtype: float64


=====================================================
Beta loadings of asset class positions on asset class
=====================================================

Bond     -0.96
FX       -0.17
Ags      -0.05
Metals    0.04
Sector    0.04
Equity    0.50
dtype: float64


========================================================
Beta loadings of full portfolio positions on asset class
========================================================

Bond     -2.17
Ags      -0.02
Metals    0.03
Sector    0.25
FX        0.25
Equity    0.74
dtype: float64


===============================================================================================================================================================================================================================================================
                                                                                                                        Instrument risk                                                                                                                        
===============================================================================================================================================================================================================================================================

           daily_price_stdev  annual_price_stdev     price  daily_perc_stdev  annual_perc_stdev  point_size_base  contract_exposure  daily_risk_per_contract  annual_risk_per_contract  position  capital  exposure_held_perc_capital  annual_risk_perc_capital
BOBL                   0.343               5.495    116.57              0.29                4.7            853.9              99544                      293                      4692        -2   386260                       -51.5                      -2.4
CHF                    0.006               0.092      1.14              0.50                8.1          99171.3             112891                      569                      9112        -1   386260                       -29.2                      -2.4
JPY                    0.000               0.001      0.01              0.61                9.7        9917132.4              66300                      403                      6462        -1   386260                       -17.2                      -1.7
US2                    0.159               2.547    101.94              0.16                2.5           1586.7             161754                      252                      4041        -1   386260                       -41.9                      -1.0
CORN                   4.574              73.186    458.00              1.00               16.0             39.7              18168                      181                      2903        -1   386260                        -4.7                      -0.8
EUR_micro              0.004               0.070      1.08              0.41                6.5           9917.1              10697                       43                       694        -2   386260                        -5.5                      -0.4
BITCOIN             1191.395           19062.318  52005.00              2.29               36.7              0.1               4125                       94                      1512         1   386260                         1.1                       0.4
EU-OIL                 3.673              58.761    346.30              1.06               17.0             42.7              14786                      156                      2508         1   386260                         3.8                       0.6
IRON                   2.027              32.432    130.25              1.56               24.9             79.3              10333                      160                      2573         1   386260                         2.7                       0.7
CNH                    0.017               0.274      7.21              0.24                3.8          10986.3              79213                      188                      3010         1   386260                        20.5                       0.8
MXP                    0.000               0.005      0.06              0.56                9.0         396685.3              23154                      129                      2076         2   386260                        12.0                       1.1
CAC                   57.056             912.902   7764.50              0.73               11.8              8.5              66304                      487                      7795         1   386260                        17.2                       2.0
R1000                 13.291             212.657   1664.80              0.80               12.8             39.7              66040                      527                      8435         1   386260                        17.1                       2.2
NIKKEI               334.321            5349.140  38575.00              0.87               13.9              0.5              20375                      176                      2825         3   386260                        15.8                       2.2
YENEUR                 0.820              13.123    161.36              0.51                8.1            660.3             106538                      541                      8664         1   386260                        27.6                       2.2

Sum of abs(notional exposure % capital) 267.8
Sum of abs(annualised risk % capital) 20.9
Net sum of annualised risk % capital 3.5 

==================================================================================================================
                                                   Correlations                                                   
==================================================================================================================

           BOBL   CHF  EUR_micro   JPY   US2  NIKKEI  YENEUR   CAC  EU-OIL   MXP  R1000  BITCOIN  CORN  IRON   CNH
BOBL       1.00  0.32       0.17  0.41  0.70   -0.19   -0.38  0.23   -0.10 -0.02   0.09     0.11  0.02  0.13 -0.27
CHF        0.32  1.00       0.76  0.64  0.42   -0.05   -0.08  0.35    0.14  0.30   0.35     0.11  0.18  0.21 -0.45
EUR_micro  0.17  0.76       1.00  0.52  0.36    0.16    0.28  0.39    0.10  0.43   0.45     0.17  0.16  0.13 -0.56
JPY        0.41  0.64       0.52  1.00  0.52   -0.34   -0.64  0.16    0.02  0.10   0.20     0.00  0.09  0.22 -0.58
US2        0.70  0.42       0.36  0.52  1.00   -0.37   -0.30 -0.04   -0.25 -0.14  -0.05     0.07 -0.01  0.04 -0.38
NIKKEI    -0.19 -0.05       0.16 -0.34 -0.37    1.00    0.52  0.45    0.36  0.34   0.52     0.09  0.10  0.11 -0.01
YENEUR    -0.38 -0.08       0.28 -0.64 -0.30    0.52    1.00  0.14    0.02  0.26   0.19     0.14  0.05 -0.13  0.14
CAC        0.23  0.35       0.39  0.16 -0.04    0.45    0.14  1.00    0.43  0.56   0.75     0.27 -0.03  0.23 -0.28
EU-OIL    -0.10  0.14       0.10  0.02 -0.25    0.36    0.02  0.43    1.00  0.26   0.46    -0.02  0.15  0.14 -0.11
MXP       -0.02  0.30       0.43  0.10 -0.14    0.34    0.26  0.56    0.26  1.00   0.51     0.09  0.09  0.26 -0.12
R1000      0.09  0.35       0.45  0.20 -0.05    0.52    0.19  0.75    0.46  0.51   1.00     0.20  0.08  0.33 -0.35
BITCOIN    0.11  0.11       0.17  0.00  0.07    0.09    0.14  0.27   -0.02  0.09   0.20     1.00  0.05  0.01 -0.02
CORN       0.02  0.18       0.16  0.09 -0.01    0.10    0.05 -0.03    0.15  0.09   0.08     0.05  1.00  0.14 -0.07
IRON       0.13  0.21       0.13  0.22  0.04    0.11   -0.13  0.23    0.14  0.26   0.33     0.01  0.14  1.00 -0.36
CNH       -0.27 -0.45      -0.56 -0.58 -0.38   -0.01    0.14 -0.28   -0.11 -0.12  -0.35    -0.02 -0.07 -0.36  1.00


********************************************************************************
                                 END OF REPORT                                  
********************************************************************************


