
********************************************************************************
                    Risk report produced on 07/11/2025 22:53                    
********************************************************************************


Total risk across all strategies, annualised percentage 11.9
Percentage of capital used for margin 43.5%

========================================
Risk per strategy, annualised percentage
========================================

                  risk
dynamic_TF_carry  11.9


===================
Risk by asset class
===================

Ags       0.9
Bond      2.0
Equity    9.3
FX        4.1
Metals    1.9
OilGas    2.3
dtype: float64


=====================================================
Beta loadings of asset class positions on asset class
=====================================================

FX       -0.08
OilGas   -0.05
Metals   -0.01
Ags       0.02
Bond      0.49
Equity    0.80
dtype: float64


========================================================
Beta loadings of full portfolio positions on asset class
========================================================

OilGas   -0.07
Bond      0.08
Metals    0.09
Ags       0.10
FX        0.27
Equity    0.83
dtype: float64


==================================================================================================================================================================================================================================================================
                                                                                                                         Instrument risk                                                                                                                          
==================================================================================================================================================================================================================================================================

             daily_price_stdev  annual_price_stdev      price  daily_perc_stdev  annual_perc_stdev  point_size_base  contract_exposure  daily_risk_per_contract  annual_risk_per_contract  position  capital  exposure_held_perc_capital  annual_risk_perc_capital
JPY                      0.000               0.001       0.01              0.57                9.1        9531543.7              62317                      354                      5679        -3   611294                       -30.6                      -2.8
GAS-PEN                  0.115               1.834       4.36              2.63               42.1           7625.2              33223                      874                     13984        -1   611294                        -5.4                      -2.3
DAX                    193.976            3103.609   23617.00              0.82               13.1              0.9              20766                      170                      2729        -4   611294                       -13.6                      -1.8
BITCOIN               2902.096           46433.538  103465.00              2.80               44.9              0.1               7889                      221                      3540        -3   611294                        -3.9                      -1.7
GOLD_micro              57.099             913.589    4012.50              1.42               22.8              7.6              30596                      435                      6966        -1   611294                        -5.0                      -1.1
KR10                     0.372               5.953     114.90              0.32                5.2            520.5              59807                      193                      3098        -2   611294                       -19.6                      -1.0
RICE                     0.147               2.359      10.31              1.43               22.9           1525.0              15723                      224                      3596        -1   611294                        -2.6                      -0.6
KRWUSD_mini              0.003               0.055       0.69              0.50                8.0          19063.1              13088                       65                      1049        -3   611294                        -6.4                      -0.5
EUR_micro                0.004               0.065       1.16              0.35                5.6           9531.5              11043                       38                       621        -1   611294                        -1.8                      -0.1
AUD_micro                0.003               0.048       0.65              0.46                7.3           7625.2               4953                       22                       362         3   611294                         2.4                       0.2
MXP                      0.000               0.005       0.05              0.52                8.3         381261.7              20580                      107                      1715         1   611294                         3.4                       0.3
DOW                    329.172            5266.753   46965.00              0.70               11.2              0.4              17905                      125                      2008         1   611294                         2.9                       0.3
BRE                      0.001               0.019       0.19              0.62               10.0          76252.3              14224                       88                      1416         2   611294                         4.7                       0.5
KOSPI_mini               9.934             158.941     551.26              1.80               28.8             26.0              14346                      258                      4136         1   611294                         2.3                       0.7
FTSECHINAA             188.629            3018.063   15423.00              1.22               19.6              0.8              11760                      143                      2301         2   611294                         3.8                       0.8
LEANHOG                  0.957              15.306      79.62              1.20               19.2            305.0              24286                      291                      4668         1   611294                         4.0                       0.8
CAD10                    0.388               6.213     122.43              0.32                5.1            540.0              66115                      209                      3355         2   611294                        21.6                       1.1
YENEUR                   0.761              12.182     177.17              0.43                6.9            620.9             109996                      472                      7562         1   611294                        18.0                       1.2
TOPIX                   33.551             536.818    3281.25              1.02               16.4              5.0              16297                      166                      2666         3   611294                         8.0                       1.3
OAT                      0.322               5.145     122.25              0.26                4.2            879.3             107495                      282                      4524         2   611294                        35.2                       1.5
SILVER                   0.975              15.605      48.14              2.03               32.4            762.5              36704                      743                     11899         1   611294                         6.0                       1.9
FTSETAIWAN              28.790             460.648    2258.50              1.27               20.4             30.5              68886                      878                     14050         1   611294                        11.3                       2.3
AEX                      7.662             122.595     951.55              0.81               12.9            175.9             167341                     1347                     21559         1   611294                        27.4                       3.5
MIB                    309.272            4948.347   42665.00              0.72               11.6              4.4             187579                     1359                     21755         1   611294                        30.7                       3.6

Sum of abs(notional exposure % capital) 270.6
Sum of abs(annualised risk % capital) 31.9
Net sum of annualised risk % capital 8.1 

===================================================================================================================================================================================================================
                                                                                                   Correlations                                                                                                    
===================================================================================================================================================================================================================

             CAD10   JPY  KR10   OAT  EUR_micro  KRWUSD_mini  RICE   AEX  AUD_micro  BITCOIN   BRE   DAX   DOW  FTSECHINAA  FTSETAIWAN  KOSPI_mini   MIB   MXP  TOPIX  GOLD_micro  LEANHOG  SILVER  GAS-PEN  YENEUR
CAD10         1.00  0.50  0.51  0.62       0.25         0.20 -0.08  0.11       0.27     0.11  0.17  0.13  0.17       -0.00        0.11       -0.02  0.08 -0.01   0.01        0.21    -0.06    0.08     0.01   -0.41
JPY           0.50  1.00  0.47  0.39       0.60         0.49  0.20 -0.29       0.25    -0.16 -0.06 -0.17 -0.11       -0.09       -0.27       -0.29 -0.19 -0.05  -0.42        0.22     0.12   -0.05    -0.23   -0.68
KR10          0.51  0.47  1.00  0.47       0.29         0.26  0.16 -0.14       0.03     0.07 -0.12 -0.08 -0.01       -0.19       -0.12       -0.20 -0.22 -0.03  -0.20        0.16    -0.10   -0.10    -0.29   -0.36
OAT           0.62  0.39  0.47  1.00       0.03         0.20 -0.14  0.08       0.07     0.04 -0.05  0.08  0.08       -0.19        0.01       -0.12 -0.02  0.02  -0.13        0.40    -0.11    0.13    -0.14   -0.49
EUR_micro     0.25  0.60  0.29  0.03       1.00         0.53  0.18 -0.15       0.51     0.03  0.23 -0.02 -0.03        0.17        0.01        0.07 -0.01  0.42  -0.06        0.26     0.15    0.16    -0.23    0.15
KRWUSD_mini   0.20  0.49  0.26  0.20       0.53         1.00  0.27  0.12       0.56     0.06  0.17  0.20  0.14        0.12        0.20        0.20  0.16  0.27   0.10        0.32     0.13    0.10    -0.03   -0.11
RICE         -0.08  0.20  0.16 -0.14       0.18         0.27  1.00 -0.10       0.05     0.10 -0.09 -0.07 -0.19       -0.18       -0.12       -0.12 -0.05 -0.12  -0.16       -0.02     0.14    0.02    -0.06   -0.11
AEX           0.11 -0.29 -0.14  0.08      -0.15         0.12 -0.10  1.00       0.48     0.42  0.38  0.81  0.69        0.43        0.77        0.65  0.79  0.31   0.59        0.17     0.13    0.40     0.07    0.21
AUD_micro     0.27  0.25  0.03  0.07       0.51         0.56  0.05  0.48       1.00     0.37  0.57  0.48  0.59        0.49        0.57        0.46  0.54  0.52   0.41        0.36     0.28    0.48    -0.03    0.16
BITCOIN       0.11 -0.16  0.07  0.04       0.03         0.06  0.10  0.42       0.37     1.00  0.27  0.41  0.47        0.25        0.37        0.23  0.40  0.28   0.39        0.02     0.14    0.21    -0.01    0.21
BRE           0.17 -0.06 -0.12 -0.05       0.23         0.17 -0.09  0.38       0.57     0.27  1.00  0.33  0.45        0.44        0.43        0.48  0.47  0.59   0.39        0.12     0.38    0.28     0.15    0.28
DAX           0.13 -0.17 -0.08  0.08      -0.02         0.20 -0.07  0.81       0.48     0.41  0.33  1.00  0.69        0.36        0.65        0.50  0.87  0.36   0.62        0.23     0.17    0.41    -0.04    0.20
DOW           0.17 -0.11 -0.01  0.08      -0.03         0.14 -0.19  0.69       0.59     0.47  0.45  0.69  1.00        0.44        0.66        0.52  0.74  0.32   0.59        0.17     0.36    0.38     0.00    0.11
FTSECHINAA   -0.00 -0.09 -0.19 -0.19       0.17         0.12 -0.18  0.43       0.49     0.25  0.44  0.36  0.44        1.00        0.42        0.44  0.45  0.41   0.44        0.07     0.28    0.22     0.01    0.28
FTSETAIWAN    0.11 -0.27 -0.12  0.01       0.01         0.20 -0.12  0.77       0.57     0.37  0.43  0.65  0.66        0.42        1.00        0.71  0.73  0.40   0.73        0.16     0.14    0.39     0.11    0.34
KOSPI_mini   -0.02 -0.29 -0.20 -0.12       0.07         0.20 -0.12  0.65       0.46     0.23  0.48  0.50  0.52        0.44        0.71        1.00  0.57  0.38   0.62        0.02     0.06    0.16     0.17    0.39
MIB           0.08 -0.19 -0.22 -0.02      -0.01         0.16 -0.05  0.79       0.54     0.40  0.47  0.87  0.74        0.45        0.73        0.57  1.00  0.40   0.68        0.13     0.23    0.39     0.00    0.22
MXP          -0.01 -0.05 -0.03  0.02       0.42         0.27 -0.12  0.31       0.52     0.28  0.59  0.36  0.32        0.41        0.40        0.38  0.40  1.00   0.35        0.24     0.26    0.41    -0.08    0.45
TOPIX         0.01 -0.42 -0.20 -0.13      -0.06         0.10 -0.16  0.59       0.41     0.39  0.39  0.62  0.59        0.44        0.73        0.62  0.68  0.35   1.00       -0.04     0.10    0.14     0.16    0.45
GOLD_micro    0.21  0.22  0.16  0.40       0.26         0.32 -0.02  0.17       0.36     0.02  0.12  0.23  0.17        0.07        0.16        0.02  0.13  0.24  -0.04        1.00     0.21    0.70    -0.07   -0.01
LEANHOG      -0.06  0.12 -0.10 -0.11       0.15         0.13  0.14  0.13       0.28     0.14  0.38  0.17  0.36        0.28        0.14        0.06  0.23  0.26   0.10        0.21     1.00    0.24    -0.02    0.02
SILVER        0.08 -0.05 -0.10  0.13       0.16         0.10  0.02  0.40       0.48     0.21  0.28  0.41  0.38        0.22        0.39        0.16  0.39  0.41   0.14        0.70     0.24    1.00    -0.09    0.21
GAS-PEN       0.01 -0.23 -0.29 -0.14      -0.23        -0.03 -0.06  0.07      -0.03    -0.01  0.15 -0.04  0.00        0.01        0.11        0.17  0.00 -0.08   0.16       -0.07    -0.02   -0.09     1.00    0.07
YENEUR       -0.41 -0.68 -0.36 -0.49       0.15        -0.11 -0.11  0.21       0.16     0.21  0.28  0.20  0.11        0.28        0.34        0.39  0.22  0.45   0.45       -0.01     0.02    0.21     0.07    1.00


********************************************************************************
                                 END OF REPORT                                  
********************************************************************************


