
********************************************************************************
                    Risk report produced on 23/01/2024 22:51                    
********************************************************************************


Total risk across all strategies, annualised percentage 7.8
Percentage of capital used for margin 58.3%

========================================
Risk per strategy, annualised percentage
========================================

                  risk
dynamic_TF_carry   7.8


===================
Risk by asset class
===================

Ags       1.8
Bond      2.0
Equity    4.1
FX        4.3
Metals    2.9
OilGas    1.2
Vol       1.5
dtype: float64


=====================================================
Beta loadings of asset class positions on asset class
=====================================================

FX       -0.28
Ags      -0.07
Vol      -0.03
Metals   -0.02
OilGas   -0.01
Bond      0.20
Equity    0.29
dtype: float64


========================================================
Beta loadings of full portfolio positions on asset class
========================================================

FX       -0.30
Bond     -0.18
Vol      -0.12
Metals   -0.02
Ags      -0.01
OilGas    0.01
Equity    0.44
dtype: float64


==================================================================================================================================================================================================================================================================
                                                                                                                         Instrument risk                                                                                                                          
==================================================================================================================================================================================================================================================================

              daily_price_stdev  annual_price_stdev     price  daily_perc_stdev  annual_perc_stdev  point_size_base  contract_exposure  daily_risk_per_contract  annual_risk_per_contract  position  capital  exposure_held_perc_capital  annual_risk_perc_capital
JPY                       0.000               0.001      0.01              0.64               10.2        9809922.9              66697                      425                      6804        -2   368287                       -36.2                      -3.7
PLAT                     14.777             236.425    908.50              1.63               26.0             39.2              35649                      579                      9277        -1   368287                        -9.7                      -2.5
LEANHOG                   1.307              20.912     80.38              1.63               26.0            313.9              25231                      410                      6564        -1   368287                        -6.9                      -1.8
VIX                       0.452               7.230     14.85              3.04               48.7            784.8              11654                      354                      5674        -1   368287                        -3.2                      -1.5
GAS_US_mini               0.141               2.256      2.16              6.51              104.2           1962.0               4247                      276                      4426        -1   368287                        -1.2                      -1.2
BOBL                      0.320               5.117    117.48              0.27                4.4            856.3             100599                      273                      4381        -1   368287                       -27.3                      -1.2
RUSSELL                  25.504             408.061   1994.50              1.28               20.5              3.9               7826                      100                      1601        -2   368287                        -4.3                      -0.9
KOSDAQ                   21.459             343.343   1284.80              1.67               26.7              5.9               7528                      125                      2011        -1   368287                        -2.0                      -0.5
EUR_micro                 0.005               0.074      1.09              0.42                6.8           9809.9              10665                       45                       722        -2   368287                        -5.8                      -0.4
COPPER-micro              0.045               0.724      3.81              1.19               19.0           1962.0               7468                       88                      1421        -1   368287                        -2.0                      -0.4
TOPIX                    19.439             311.031   2546.75              0.76               12.2              5.3              13587                      103                      1659         1   368287                         3.7                       0.5
BITCOIN                1211.750           19387.993  39600.00              3.06               49.0              0.1               3107                       95                      1521         2   368287                         1.7                       0.8
CNH                       0.019               0.312      7.15              0.27                4.4          10951.9              78293                      213                      3416         1   368287                        21.3                       0.9
MXP                       0.000               0.006      0.06              0.67               10.7         392396.9              22449                      150                      2410         2   368287                        12.2                       1.3
IRON                      2.087              33.396    131.25              1.59               25.4             78.5              10300                      163                      2620         2   368287                         5.6                       1.4
NIKKEI                  337.291            5396.648  36590.00              0.92               14.7              0.5              19521                      179                      2879         2   368287                        10.6                       1.6
FTSETAIWAN               13.708             219.332   1535.00              0.89               14.3             31.4              48186                      430                      6885         1   368287                        13.1                       1.9
R1000                    12.130             194.083   1632.00              0.74               11.9             39.2              64039                      475                      7615         1   368287                        17.4                       2.1
KR10                      0.483               7.728    113.46              0.43                6.8            586.0              66481                      283                      4528         2   368287                        36.1                       2.5

Sum of abs(notional exposure % capital) 220.3
Sum of abs(annualised risk % capital) 27.1
Net sum of annualised risk % capital -1.1 

=======================================================================================================================================================================
                                                                             Correlations                                                                              
=======================================================================================================================================================================

               CNH   VIX  BOBL   JPY  KR10  BITCOIN  GAS_US_mini  LEANHOG  COPPER-micro  EUR_micro  IRON   MXP  PLAT  FTSETAIWAN  KOSDAQ  NIKKEI  R1000  RUSSELL  TOPIX
CNH           1.00  0.24 -0.23 -0.57 -0.29     0.02         0.15    -0.04         -0.63      -0.55 -0.33 -0.37 -0.52       -0.43   -0.27   -0.11  -0.37    -0.38  -0.03
VIX           0.24  1.00 -0.01 -0.06 -0.28    -0.15        -0.14    -0.29         -0.29      -0.25 -0.20 -0.47 -0.09       -0.55   -0.24   -0.55  -0.68    -0.63  -0.59
BOBL         -0.23 -0.01  1.00  0.49  0.61     0.22        -0.11     0.03          0.09       0.17  0.05 -0.01  0.14        0.09    0.29   -0.07   0.24     0.28  -0.09
JPY          -0.57 -0.06  0.49  1.00  0.38     0.02        -0.25     0.02          0.44       0.44  0.18  0.19  0.44        0.26    0.21   -0.20   0.25     0.33  -0.20
KR10         -0.29 -0.28  0.61  0.38  1.00     0.13         0.06     0.09          0.13       0.30  0.03  0.02  0.05        0.26    0.36    0.18   0.31     0.31   0.15
BITCOIN       0.02 -0.15  0.22  0.02  0.13     1.00        -0.03    -0.15          0.10       0.05  0.19 -0.03 -0.11        0.08    0.04   -0.11   0.03     0.05  -0.02
GAS_US_mini   0.15 -0.14 -0.11 -0.25  0.06    -0.03         1.00     0.16         -0.09      -0.03 -0.03  0.09 -0.01        0.01    0.03    0.26   0.07    -0.01   0.31
LEANHOG      -0.04 -0.29  0.03  0.02  0.09    -0.15         0.16     1.00          0.15       0.19  0.14  0.10 -0.02        0.14    0.09    0.26   0.30     0.29   0.29
COPPER-micro -0.63 -0.29  0.09  0.44  0.13     0.10        -0.09     0.15          1.00       0.45  0.45  0.43  0.53        0.46    0.24    0.14   0.41     0.46   0.12
EUR_micro    -0.55 -0.25  0.17  0.44  0.30     0.05        -0.03     0.19          0.45       1.00  0.16  0.42  0.47        0.40    0.20    0.24   0.50     0.50   0.20
IRON         -0.33 -0.20  0.05  0.18  0.03     0.19        -0.03     0.14          0.45       0.16  1.00  0.25  0.30        0.30    0.20    0.12   0.20     0.19   0.19
MXP          -0.37 -0.47 -0.01  0.19  0.02    -0.03         0.09     0.10          0.43       0.42  0.25  1.00  0.41        0.32    0.15    0.40   0.50     0.47   0.46
PLAT         -0.52 -0.09  0.14  0.44  0.05    -0.11        -0.01    -0.02          0.53       0.47  0.30  0.41  1.00        0.19    0.12    0.08   0.38     0.43   0.10
FTSETAIWAN   -0.43 -0.55  0.09  0.26  0.26     0.08         0.01     0.14          0.46       0.40  0.30  0.32  0.19        1.00    0.51    0.50   0.60     0.56   0.40
KOSDAQ       -0.27 -0.24  0.29  0.21  0.36     0.04         0.03     0.09          0.24       0.20  0.20  0.15  0.12        0.51    1.00    0.23   0.47     0.38   0.16
NIKKEI       -0.11 -0.55 -0.07 -0.20  0.18    -0.11         0.26     0.26          0.14       0.24  0.12  0.40  0.08        0.50    0.23    1.00   0.56     0.49   0.91
R1000        -0.37 -0.68  0.24  0.25  0.31     0.03         0.07     0.30          0.41       0.50  0.20  0.50  0.38        0.60    0.47    0.56   1.00     0.90   0.56
RUSSELL      -0.38 -0.63  0.28  0.33  0.31     0.05        -0.01     0.29          0.46       0.50  0.19  0.47  0.43        0.56    0.38    0.49   0.90     1.00   0.49
TOPIX        -0.03 -0.59 -0.09 -0.20  0.15    -0.02         0.31     0.29          0.12       0.20  0.19  0.46  0.10        0.40    0.16    0.91   0.56     0.49   1.00


********************************************************************************
                                 END OF REPORT                                  
********************************************************************************


