
********************************************************************************
                    Risk report produced on 02/10/2025 22:53                    
********************************************************************************


Total risk across all strategies, annualised percentage 17.9
Percentage of capital used for margin 47.6%

========================================
Risk per strategy, annualised percentage
========================================

                  risk
dynamic_TF_carry  17.9


===================
Risk by asset class
===================

Ags        4.6
Bond       1.6
Equity    11.7
FX         2.6
Metals     4.4
OilGas     2.1
dtype: float64


=====================================================
Beta loadings of asset class positions on asset class
=====================================================

OilGas   -0.05
Metals    0.17
Ags       0.23
FX        0.26
Bond      0.39
Equity    0.98
dtype: float64


========================================================
Beta loadings of full portfolio positions on asset class
========================================================

OilGas   -0.09
Bond      0.16
Metals    0.41
Ags       0.63
Equity    1.13
FX        1.78
dtype: float64


==================================================================================================================================================================================================================================================================
                                                                                                                         Instrument risk                                                                                                                          
==================================================================================================================================================================================================================================================================

             daily_price_stdev  annual_price_stdev      price  daily_perc_stdev  annual_perc_stdev  point_size_base  contract_exposure  daily_risk_per_contract  annual_risk_per_contract  position  capital  exposure_held_perc_capital  annual_risk_perc_capital
JPY                      0.000               0.001       0.01              0.52                8.4        9274889.2              63472                      332                      5315        -2   601429                       -21.1                      -1.8
GAS-PEN                  0.084               1.344       3.44              2.44               39.0           7419.9              25546                      623                      9974        -1   601429                        -4.2                      -1.7
DX                       0.401               6.411      97.54              0.41                6.6            742.0              72377                      297                      4756        -2   601429                       -24.1                      -1.6
BITCOIN               2533.928           40542.843  121935.00              2.08               33.2              0.1               9047                      188                      3008        -2   601429                        -3.0                      -1.0
DAX                    187.557            3000.908   24538.00              0.76               12.2              0.9              21370                      163                      2613        -2   601429                        -7.1                      -0.9
KRWUSD_mini              0.003               0.055       0.71              0.48                7.7          18549.8              13235                       63                      1012        -4   601429                        -8.8                      -0.7
WHEAT                    6.712             107.398     514.25              1.31               20.9             37.1              19078                      249                      3984        -1   601429                        -3.2                      -0.7
RICE                     0.152               2.433      11.24              1.35               21.6           1484.0              16687                      225                      3609        -1   601429                        -2.8                      -0.6
GAS_US_mini              0.088               1.408       3.44              2.56               40.9           1855.0               6381                      163                      2611        -1   601429                        -1.1                      -0.4
BRE                      0.001               0.017       0.19              0.56                9.0          74199.1              13967                       78                      1256         1   601429                         2.3                       0.2
MXP                      0.000               0.004       0.05              0.46                7.3         370995.6              19970                       91                      1466         1   601429                         3.3                       0.2
TOPIX                   25.859             413.750    3092.50              0.84               13.4              5.0              15592                      130                      2086         1   601429                         2.6                       0.3
FTSECHINAA             145.840            2333.447   15262.00              0.96               15.3              0.7              11324                      108                      1731         2   601429                         3.8                       0.6
GBP                      0.005               0.085       1.35              0.39                6.3          46374.4              62378                      245                      3931         1   601429                        10.4                       0.7
OAT                      0.351               5.613     121.45              0.29                4.6            870.9             105770                      305                      4888         1   601429                        17.6                       0.8
CAD10                    0.364               5.824     122.54              0.30                4.8            532.2              65213                      193                      3099         2   601429                        21.7                       1.0
YENEUR                   0.649              10.390     172.03              0.38                6.0            630.2             108421                      409                      6548         1   601429                        18.0                       1.1
LEANHOG                  1.194              19.096      86.78              1.38               22.0            296.8              25754                      354                      5667         2   601429                         8.6                       1.9
SILVER                   0.601               9.619      46.77              1.29               20.6            742.0              34702                      446                      7136         2   601429                        11.5                       2.4
MSCITAIWAN              12.197             195.153    1102.20              1.11               17.7             74.2              81782                      905                     14480         1   601429                        13.6                       2.4
PLAT                    25.779             412.456    1595.60              1.62               25.8             37.1              59196                      956                     15301         1   601429                         9.8                       2.5
MIB                    317.207            5075.314   42915.00              0.74               11.8              4.4             186872                     1381                     22100         1   601429                        31.1                       3.7
MSCIEAFA                18.871             301.930    2814.80              0.67               10.7             37.1             104427                      700                     11201         2   601429                        34.7                       3.7
FEEDCOW                  3.924              62.783     352.75              1.11               17.8            371.0             130868                     1455                     23292         1   601429                        21.8                       3.9
AEX                      8.823             141.164     959.50              0.92               14.7            174.2             167125                     1536                     24587         1   601429                        27.8                       4.1

Sum of abs(notional exposure % capital) 314.0
Sum of abs(annualised risk % capital) 38.9
Net sum of annualised risk % capital 20.1 

==================================================================================================================================================================================================================
                                                                                                   Correlations                                                                                                   
==================================================================================================================================================================================================================

             CAD10   JPY   OAT   AEX   BRE   DAX   GBP  KRWUSD_mini   MIB  MSCIEAFA  MSCITAIWAN   MXP  PLAT  SILVER  TOPIX  GAS-PEN  GAS_US_mini  WHEAT  BITCOIN  FEEDCOW  FTSECHINAA  LEANHOG  RICE  YENEUR    DX
CAD10         1.00  0.45  0.58  0.17  0.14  0.26  0.38         0.27  0.23      0.32        0.14 -0.06 -0.03    0.09   0.17    -0.08        -0.05  -0.13    -0.07    -0.12       -0.03     0.02 -0.11   -0.35 -0.31
JPY           0.45  1.00  0.48 -0.07  0.01  0.06  0.54         0.48 -0.01      0.26       -0.21  0.03  0.08    0.10  -0.17    -0.10        -0.05   0.16    -0.12    -0.17       -0.12     0.13  0.07   -0.56 -0.76
OAT           0.58  0.48  1.00  0.07  0.09  0.06  0.24         0.32  0.04      0.28       -0.05  0.14  0.08    0.08   0.02    -0.13        -0.11   0.10    -0.01    -0.24       -0.06     0.11 -0.04   -0.45 -0.30
AEX           0.17 -0.07  0.07  1.00  0.28  0.85  0.29         0.28  0.88      0.58        0.73  0.13  0.21    0.41   0.64    -0.13        -0.12   0.01     0.25     0.27        0.41     0.29 -0.15    0.04 -0.02
BRE           0.14  0.01  0.09  0.28  1.00  0.19  0.30         0.29  0.26      0.46        0.35  0.49  0.30    0.41   0.36     0.22         0.22   0.25     0.19     0.08        0.27     0.14 -0.13    0.22 -0.28
DAX           0.26  0.06  0.06  0.85  0.19  1.00  0.38         0.30  0.91      0.68        0.62  0.16  0.20    0.43   0.65    -0.14        -0.10  -0.03     0.32     0.31        0.32     0.24 -0.12    0.02 -0.14
GBP           0.38  0.54  0.24  0.29  0.30  0.38  1.00         0.61  0.34      0.63        0.27  0.34  0.27    0.42   0.37    -0.18        -0.14   0.03     0.11    -0.04        0.28     0.22  0.12    0.15 -0.83
KRWUSD_mini   0.27  0.48  0.32  0.28  0.29  0.30  0.61         1.00  0.28      0.44        0.27  0.29  0.22    0.22   0.23    -0.08        -0.03   0.21     0.11    -0.04        0.18     0.22  0.11   -0.03 -0.63
MIB           0.23 -0.01  0.04  0.88  0.26  0.91  0.34         0.28  1.00      0.59        0.67  0.15  0.17    0.40   0.70    -0.16        -0.12   0.01     0.25     0.34        0.37     0.32 -0.12    0.03 -0.05
MSCIEAFA      0.32  0.26  0.28  0.58  0.46  0.68  0.63         0.44  0.59      1.00        0.44  0.37  0.32    0.47   0.67    -0.09        -0.07   0.06     0.31     0.12        0.25     0.11 -0.19    0.11 -0.49
MSCITAIWAN    0.14 -0.21 -0.05  0.73  0.35  0.62  0.27         0.27  0.67      0.44        1.00  0.26  0.27    0.41   0.70    -0.09        -0.06  -0.14     0.31     0.23        0.25     0.19 -0.13    0.31 -0.03
MXP          -0.06  0.03  0.14  0.13  0.49  0.16  0.34         0.29  0.15      0.37        0.26  1.00  0.33    0.32   0.26    -0.16        -0.10   0.09     0.10     0.14        0.25     0.18 -0.04    0.31 -0.35
PLAT         -0.03  0.08  0.08  0.21  0.30  0.20  0.27         0.22  0.17      0.32        0.27  0.33  1.00    0.69   0.16    -0.01         0.05   0.07     0.12     0.13        0.14     0.16 -0.03    0.26 -0.31
SILVER        0.09  0.10  0.08  0.41  0.41  0.43  0.42         0.22  0.40      0.47        0.41  0.32  0.69    1.00   0.37     0.12         0.17   0.13     0.24     0.23        0.26     0.26  0.02    0.21 -0.29
TOPIX         0.17 -0.17  0.02  0.64  0.36  0.65  0.37         0.23  0.70      0.67        0.70  0.26  0.16    0.37   1.00    -0.12        -0.11  -0.03     0.27     0.29        0.28     0.23 -0.15    0.30 -0.08
GAS-PEN      -0.08 -0.10 -0.13 -0.13  0.22 -0.14 -0.18        -0.08 -0.16     -0.09       -0.09 -0.16 -0.01    0.12  -0.12     1.00         0.97   0.26     0.05    -0.11        0.00    -0.24 -0.07    0.02  0.14
GAS_US_mini  -0.05 -0.05 -0.11 -0.12  0.22 -0.10 -0.14        -0.03 -0.12     -0.07       -0.06 -0.10  0.05    0.17  -0.11     0.97         1.00   0.24     0.06    -0.10       -0.02    -0.24 -0.05    0.04  0.07
WHEAT        -0.13  0.16  0.10  0.01  0.25 -0.03  0.03         0.21  0.01      0.06       -0.14  0.09  0.07    0.13  -0.03     0.26         0.24   1.00    -0.09    -0.09        0.11     0.14  0.07   -0.05 -0.11
BITCOIN      -0.07 -0.12 -0.01  0.25  0.19  0.32  0.11         0.11  0.25      0.31        0.31  0.10  0.12    0.24   0.27     0.05         0.06  -0.09     1.00     0.02        0.09     0.07  0.06    0.12  0.01
FEEDCOW      -0.12 -0.17 -0.24  0.27  0.08  0.31 -0.04        -0.04  0.34      0.12        0.23  0.14  0.13    0.23   0.29    -0.11        -0.10  -0.09     0.02     1.00        0.18     0.13 -0.06    0.12  0.12
FTSECHINAA   -0.03 -0.12 -0.06  0.41  0.27  0.32  0.28         0.18  0.37      0.25        0.25  0.25  0.14    0.26   0.28     0.00        -0.02   0.11     0.09     0.18        1.00     0.25 -0.09    0.18 -0.03
LEANHOG       0.02  0.13  0.11  0.29  0.14  0.24  0.22         0.22  0.32      0.11        0.19  0.18  0.16    0.26   0.23    -0.24        -0.24   0.14     0.07     0.13        0.25     1.00  0.14   -0.05 -0.16
RICE         -0.11  0.07 -0.04 -0.15 -0.13 -0.12  0.12         0.11 -0.12     -0.19       -0.13 -0.04 -0.03    0.02  -0.15    -0.07        -0.05   0.07     0.06    -0.06       -0.09     0.14  1.00    0.03 -0.08
YENEUR       -0.35 -0.56 -0.45  0.04  0.22  0.02  0.15        -0.03  0.03      0.11        0.31  0.31  0.26    0.21   0.30     0.02         0.04  -0.05     0.12     0.12        0.18    -0.05  0.03    1.00 -0.05
DX           -0.31 -0.76 -0.30 -0.02 -0.28 -0.14 -0.83        -0.63 -0.05     -0.49       -0.03 -0.35 -0.31   -0.29  -0.08     0.14         0.07  -0.11     0.01     0.12       -0.03    -0.16 -0.08   -0.05  1.00


********************************************************************************
                                 END OF REPORT                                  
********************************************************************************


