
********************************************************************************
                    Risk report produced on 09/10/2024 22:52                    
********************************************************************************


Total risk across all strategies, annualised percentage 12.0
Percentage of capital used for margin 69.2%

========================================
Risk per strategy, annualised percentage
========================================

                  risk
dynamic_TF_carry  11.9


===================
Risk by asset class
===================

Ags        2.6
Bond       1.4
Equity    10.5
FX         3.4
Metals     1.4
OilGas     1.9
Sector     1.1
dtype: float64


=====================================================
Beta loadings of asset class positions on asset class
=====================================================

OilGas   -0.04
Sector   -0.04
Metals   -0.00
Ags       0.03
FX        0.07
Bond      0.23
Equity    0.70
dtype: float64


========================================================
Beta loadings of full portfolio positions on asset class
========================================================

OilGas    0.01
Ags       0.08
Metals    0.12
Bond      0.15
Sector    0.29
Equity    0.73
FX        0.93
dtype: float64


===================================================================================================================================================================================================================================================================
                                                                                                                          Instrument risk                                                                                                                          
===================================================================================================================================================================================================================================================================

               daily_price_stdev  annual_price_stdev     price  daily_perc_stdev  annual_perc_stdev  point_size_base  contract_exposure  daily_risk_per_contract  annual_risk_per_contract  position  capital  exposure_held_perc_capital  annual_risk_perc_capital
GAS-PEN                    0.090               1.437      2.67              3.36               53.8           7638.1              20386                      685                     10973        -1   570636                        -3.6                      -1.9
JPY                        0.000               0.001      0.01              0.81               13.0        9547669.6              64547                      525                      8414        -1   570636                       -11.3                      -1.5
SOYMEAL                    5.130              82.074    320.70              1.60               25.6             76.4              24495                      391                      6268        -1   570636                        -4.3                      -1.1
EU-AUTO                    9.169             146.711    564.00              1.63               26.0             41.9              23633                      384                      6147        -1   570636                        -4.1                      -1.1
COTTON2                    0.996              15.938     72.29              1.38               22.0            381.9              27608                      380                      6086        -1   570636                        -4.8                      -1.1
BITCOIN                 1628.618           26057.896  61195.00              2.66               42.6              0.1               4674                      124                      1990        -2   570636                        -1.6                      -0.7
IRON                       2.517              40.272    105.75              2.38               38.1             76.4               8077                      192                      3076        -1   570636                        -1.4                      -0.5
CORN                       4.916              78.655    421.25              1.17               18.7             38.2              16087                      187                      3003        -1   570636                        -2.8                      -0.5
CANOLA                     9.741             155.860    627.00              1.55               24.9             11.2               7014                      108                      1743        -1   570636                        -1.2                      -0.3
MUMMY                     13.450             215.201    631.00              2.13               34.1              5.1               3243                       69                      1106         1   570636                         0.6                       0.2
BRE                        0.001               0.023      0.18              0.79               12.7          76381.4              13626                      107                      1727         1   570636                         2.4                       0.3
CRUDE_W_micro              1.534              24.540     72.26              2.12               34.0             76.4               5519                      117                      1874         1   570636                         1.0                       0.3
DOW                      267.178            4274.841  42728.00              0.63               10.0              0.4              16318                      102                      1632         2   570636                         5.7                       0.6
SUGAR11                    0.351               5.618     20.53              1.71               27.4            855.5              17562                      300                      4805         1   570636                         3.1                       0.8
MSCISING                   2.789              44.622    341.85              0.82               13.1             58.6              20033                      163                      2615         2   570636                         7.0                       0.9
LIVECOW                    1.167              18.671    188.20              0.62                9.9            305.5              57499                      356                      5704         1   570636                        10.1                       1.0
SILVER                     0.548               8.772     30.68              1.79               28.6            763.8              23433                      418                      6700         1   570636                         4.1                       1.2
KR10                       0.438               7.013    116.45              0.38                6.0            569.6              66331                      249                      3994         2   570636                        23.2                       1.4
LEANHOG                    1.023              16.361     75.70              1.35               21.6            305.5              23128                      312                      4998         2   570636                         8.1                       1.8
YENEUR                     1.128              18.043    162.31              0.69               11.1            642.4             104274                      724                     11591         1   570636                        18.3                       2.0
MSCITAIWAN                12.916             206.662    945.80              1.37               21.9             76.4              72241                      986                     15785         1   570636                        12.7                       2.8
MIB                      303.043            4848.695  33720.00              0.90               14.4              4.2             141300                     1269                     20317         1   570636                        24.8                       3.6
MSCIEAFA                  21.179             338.872   2437.00              0.87               13.9             38.2              93070                      808                     12941         2   570636                        32.6                       4.5

Sum of abs(notional exposure % capital) 188.8
Sum of abs(annualised risk % capital) 30.1
Net sum of annualised risk % capital 12.7 

=============================================================================================================================================================================================================
                                                                                                Correlations                                                                                                 
=============================================================================================================================================================================================================

                JPY  KR10  CORN  GAS-PEN  IRON  SOYMEAL  CANOLA  CRUDE_W_micro  LEANHOG  LIVECOW  SUGAR11  YENEUR   DOW  EU-AUTO   MIB  MSCIEAFA  MSCISING  MSCITAIWAN  MUMMY  BITCOIN   BRE  COTTON2  SILVER
JPY            1.00  0.40  0.01    -0.05 -0.05     0.29   -0.33          -0.45    -0.18    -0.33    -0.25   -0.88 -0.08     0.06 -0.10      0.03     -0.02       -0.16  -0.21     0.12  0.06    -0.09    0.13
KR10           0.40  1.00  0.03     0.09 -0.08     0.00   -0.35          -0.28    -0.05    -0.17    -0.16   -0.34  0.19    -0.02 -0.06      0.14      0.15        0.14  -0.05    -0.02 -0.05    -0.07    0.11
CORN           0.01  0.03  1.00     0.12  0.24     0.46    0.13          -0.01    -0.04     0.04     0.04   -0.06  0.06     0.05  0.05      0.08      0.08        0.26  -0.03     0.07  0.16    -0.05    0.09
GAS-PEN       -0.05  0.09  0.12     1.00  0.01     0.08    0.06           0.04    -0.14     0.06     0.10    0.07  0.08    -0.04  0.03      0.12      0.02        0.18   0.08    -0.03  0.28    -0.07    0.03
IRON          -0.05 -0.08  0.24     0.01  1.00     0.37    0.22           0.00    -0.01     0.18     0.01   -0.01  0.00     0.20  0.18      0.21      0.08        0.24   0.12     0.07  0.16     0.19    0.13
SOYMEAL        0.29  0.00  0.46     0.08  0.37     1.00    0.27          -0.29    -0.00     0.11     0.07   -0.28 -0.08     0.16  0.09      0.03     -0.03        0.01   0.01     0.05  0.08    -0.13    0.03
CANOLA        -0.33 -0.35  0.13     0.06  0.22     0.27    1.00           0.20     0.36     0.22     0.42    0.38  0.09     0.09  0.24      0.14     -0.09        0.07   0.19     0.01  0.08     0.13   -0.02
CRUDE_W_micro -0.45 -0.28 -0.01     0.04  0.00    -0.29    0.20           1.00     0.14     0.33     0.24    0.45  0.12    -0.06  0.04      0.06      0.09        0.18  -0.01    -0.11  0.28     0.29    0.26
LEANHOG       -0.18 -0.05 -0.04    -0.14 -0.01    -0.00    0.36           0.14     1.00     0.24     0.16    0.23  0.28     0.08  0.15      0.13      0.08       -0.23   0.11     0.13 -0.21     0.18   -0.01
LIVECOW       -0.33 -0.17  0.04     0.06  0.18     0.11    0.22           0.33     0.24     1.00     0.29    0.32  0.30     0.08  0.18      0.16      0.17        0.22   0.15    -0.03  0.03     0.19    0.14
SUGAR11       -0.25 -0.16  0.04     0.10  0.01     0.07    0.42           0.24     0.16     0.29     1.00    0.33  0.13    -0.06  0.07      0.13      0.07        0.16   0.27    -0.14  0.10     0.40    0.00
YENEUR        -0.88 -0.34 -0.06     0.07 -0.01    -0.28    0.38           0.45     0.23     0.32     0.33    1.00  0.25     0.11  0.29      0.24      0.18        0.25   0.32    -0.08  0.09     0.15    0.06
DOW           -0.08  0.19  0.06     0.08  0.00    -0.08    0.09           0.12     0.28     0.30     0.13    0.25  1.00     0.49  0.61      0.74      0.56        0.39   0.52     0.11  0.17     0.15    0.24
EU-AUTO        0.06 -0.02  0.05    -0.04  0.20     0.16    0.09          -0.06     0.08     0.08    -0.06    0.11  0.49     1.00  0.83      0.69      0.37        0.40   0.48     0.15  0.22     0.13    0.12
MIB           -0.10 -0.06  0.05     0.03  0.18     0.09    0.24           0.04     0.15     0.18     0.07    0.29  0.61     0.83  1.00      0.78      0.46        0.42   0.46     0.14  0.26     0.21    0.16
MSCIEAFA       0.03  0.14  0.08     0.12  0.21     0.03    0.14           0.06     0.13     0.16     0.13    0.24  0.74     0.69  0.78      1.00      0.62        0.54   0.55     0.17  0.41     0.27    0.26
MSCISING      -0.02  0.15  0.08     0.02  0.08    -0.03   -0.09           0.09     0.08     0.17     0.07    0.18  0.56     0.37  0.46      0.62      1.00        0.43   0.42     0.10  0.27     0.16    0.40
MSCITAIWAN    -0.16  0.14  0.26     0.18  0.24     0.01    0.07           0.18    -0.23     0.22     0.16    0.25  0.39     0.40  0.42      0.54      0.43        1.00   0.38     0.07  0.24     0.25    0.23
MUMMY         -0.21 -0.05 -0.03     0.08  0.12     0.01    0.19          -0.01     0.11     0.15     0.27    0.32  0.52     0.48  0.46      0.55      0.42        0.38   1.00     0.08  0.04     0.16   -0.03
BITCOIN        0.12 -0.02  0.07    -0.03  0.07     0.05    0.01          -0.11     0.13    -0.03    -0.14   -0.08  0.11     0.15  0.14      0.17      0.10        0.07   0.08     1.00  0.11     0.30    0.13
BRE            0.06 -0.05  0.16     0.28  0.16     0.08    0.08           0.28    -0.21     0.03     0.10    0.09  0.17     0.22  0.26      0.41      0.27        0.24   0.04     0.11  1.00     0.12    0.28
COTTON2       -0.09 -0.07 -0.05    -0.07  0.19    -0.13    0.13           0.29     0.18     0.19     0.40    0.15  0.15     0.13  0.21      0.27      0.16        0.25   0.16     0.30  0.12     1.00    0.12
SILVER         0.13  0.11  0.09     0.03  0.13     0.03   -0.02           0.26    -0.01     0.14     0.00    0.06  0.24     0.12  0.16      0.26      0.40        0.23  -0.03     0.13  0.28     0.12    1.00


********************************************************************************
                                 END OF REPORT                                  
********************************************************************************


