
********************************************************************************
                    Risk report produced on 07/05/2025 22:53                    
********************************************************************************


Total risk across all strategies, annualised percentage 7.1
Percentage of capital used for margin 40.1%

========================================
Risk per strategy, annualised percentage
========================================

                  risk
dynamic_TF_carry   7.1


===================
Risk by asset class
===================

Ags       2.0
Bond      2.0
Equity    3.6
FX        3.1
Metals    1.6
OilGas    4.9
Vol       0.2
dtype: float64


=====================================================
Beta loadings of asset class positions on asset class
=====================================================

OilGas   -0.15
Metals   -0.04
Ags      -0.01
Vol      -0.00
Equity    0.18
FX        0.22
Bond      0.43
dtype: float64


========================================================
Beta loadings of full portfolio positions on asset class
========================================================

OilGas   -0.15
Ags      -0.09
Vol      -0.05
Metals   -0.03
FX        0.03
Equity    0.18
Bond      0.35
dtype: float64


===================================================================================================================================================================================================================================================================
                                                                                                                          Instrument risk                                                                                                                          
===================================================================================================================================================================================================================================================================

               daily_price_stdev  annual_price_stdev     price  daily_perc_stdev  annual_perc_stdev  point_size_base  contract_exposure  daily_risk_per_contract  annual_risk_per_contract  position  capital  exposure_held_perc_capital  annual_risk_perc_capital
BRENT-LAST                 1.382              22.114     60.84              2.27               36.3            748.5              45541                     1034                     16552        -1   536657                        -8.5                      -3.1
GAS-PEN                    0.112               1.790      3.63              3.08               49.3           7485.5              27172                      837                     13396        -1   536657                        -5.1                      -2.5
DX                         0.524               8.386     99.45              0.53                8.4            748.5              74442                      392                      6277        -2   536657                       -27.7                      -2.3
BITCOIN                 2329.502           37272.034  96910.00              2.40               38.5              0.1               7254                      174                      2789        -3   536657                        -4.1                      -1.6
DOW                      598.245            9571.919  41198.00              1.45               23.2              0.4              15419                      223                      3582        -2   536657                        -5.7                      -1.3
WHEAT                      7.548             120.763    570.50              1.32               21.2             37.4              21352                      282                      4519        -1   536657                        -4.0                      -0.8
GAS_US_mini                0.122               1.956      3.95              3.09               49.5           1871.4               7391                      228                      3659        -1   536657                        -1.4                      -0.7
SOYMEAL                    2.993              47.883    299.40              1.00               16.0             74.9              22411                      224                      3584        -1   536657                        -4.2                      -0.7
KRWUSD_mini                0.006               0.094      0.72              0.82               13.2          18713.6              13428                      110                      1766        -1   536657                        -2.5                      -0.3
CRUDE_W_micro              1.388              22.208     57.42              2.42               38.7             74.9               4298                      103                      1662        -1   536657                        -0.8                      -0.3
V2X                        0.724              11.582     21.85              3.31               53.0             85.1               1859                       61                       985        -1   536657                        -0.3                      -0.2
CANOLA                     8.005             128.073    660.80              1.21               19.4             10.9               7173                       86                      1390         1   536657                         1.3                       0.3
MXP                        0.000               0.006      0.05              0.73               11.7         374272.5              18998                      138                      2220         1   536657                         3.5                       0.4
MSCISING                   5.893              94.284    393.25              1.50               24.0             58.0              22816                      341                      5470         1   536657                         4.3                       1.0
NIKKEI                   683.421           10934.740  36875.00              1.85               29.7              0.5              19296                      357                      5721         1   536657                         3.6                       1.1
KR10                       0.345               5.515    120.96              0.28                4.6            537.1              64965                      185                      2961         2   536657                        24.2                       1.1
BTP                        0.473               7.571    120.54              0.39                6.3            850.9             102561                      402                      6441         1   536657                        19.1                       1.2
MUMMY                     13.823             221.171    676.00              2.04               32.7              5.2               3537                       72                      1157         6   536657                         4.0                       1.3
LIVECOW                    1.777              28.440    208.30              0.85               13.7            299.4              62368                      532                      8515         1   536657                        11.6                       1.6
DAX                      314.892            5038.275  23266.00              1.35               21.7              0.9              19795                      267                      4286         2   536657                         7.4                       1.6
YENEUR                     0.978              15.645    162.37              0.60                9.6            654.1             106207                      639                     10233         1   536657                        19.8                       1.9

Sum of abs(notional exposure % capital) 163.1
Sum of abs(annualised risk % capital) 25.3
Net sum of annualised risk % capital -2.3 

================================================================================================================================================================================================
                                                                                          Correlations                                                                                          
================================================================================================================================================================================================

               BITCOIN  BRENT-LAST  CRUDE_W_micro   DAX   DOW  LIVECOW  MSCISING  MUMMY   MXP  NIKKEI  YENEUR   BTP  KR10  KRWUSD_mini  CANOLA  SOYMEAL  WHEAT    DX  GAS-PEN  GAS_US_mini   V2X
BITCOIN           1.00        0.12           0.13  0.38  0.49     0.16      0.39   0.37  0.15    0.47    0.06  0.30 -0.07        -0.04    0.02    -0.13   0.01  0.11    -0.06        -0.08 -0.47
BRENT-LAST        0.12        1.00           0.99  0.29  0.20     0.31      0.45   0.46  0.21    0.41    0.09 -0.10 -0.28        -0.23    0.02    -0.14   0.06  0.22     0.11         0.16 -0.29
CRUDE_W_micro     0.13        0.99           1.00  0.29  0.21     0.30      0.45   0.47  0.22    0.42    0.10 -0.10 -0.29        -0.24    0.02    -0.14   0.03  0.24     0.14         0.19 -0.31
DAX               0.38        0.29           0.29  1.00  0.80     0.41      0.80   0.71  0.36    0.79    0.21  0.25 -0.03         0.11   -0.02     0.02   0.04  0.02     0.13         0.17 -0.67
DOW               0.49        0.20           0.21  0.80  1.00     0.42      0.74   0.63  0.21    0.72    0.08  0.28 -0.00         0.14    0.02     0.01  -0.03  0.12     0.18         0.17 -0.63
LIVECOW           0.16        0.31           0.30  0.41  0.42     1.00      0.50   0.46  0.29    0.51    0.28 -0.13 -0.28         0.13   -0.12     0.04  -0.02 -0.14     0.13         0.17 -0.34
MSCISING          0.39        0.45           0.45  0.80  0.74     0.50      1.00   0.76  0.35    0.75    0.13  0.16 -0.13         0.07   -0.05     0.01   0.01  0.04     0.27         0.30 -0.65
MUMMY             0.37        0.46           0.47  0.71  0.63     0.46      0.76   1.00  0.35    0.87    0.28  0.13 -0.20         0.11    0.04    -0.04   0.01 -0.04     0.13         0.18 -0.71
MXP               0.15        0.21           0.22  0.36  0.21     0.29      0.35   0.35  1.00    0.44    0.38  0.15 -0.09         0.17   -0.10     0.10   0.22 -0.19     0.06         0.09 -0.40
NIKKEI            0.47        0.41           0.42  0.79  0.72     0.51      0.75   0.87  0.44    1.00    0.46  0.09 -0.29         0.06    0.03    -0.08   0.03  0.10     0.16         0.18 -0.83
YENEUR            0.06        0.09           0.10  0.21  0.08     0.28      0.13   0.28  0.38    0.46    1.00 -0.34 -0.49        -0.06    0.07    -0.11   0.09 -0.00     0.07         0.14 -0.41
BTP               0.30       -0.10          -0.10  0.25  0.28    -0.13      0.16   0.13  0.15    0.09   -0.34  1.00  0.57         0.16    0.06    -0.00  -0.06 -0.02    -0.20        -0.22 -0.19
KR10             -0.07       -0.28          -0.29 -0.03 -0.00    -0.28     -0.13  -0.20 -0.09   -0.29   -0.49  0.57  1.00         0.17   -0.05     0.00  -0.23 -0.16    -0.22        -0.27  0.16
KRWUSD_mini      -0.04       -0.23          -0.24  0.11  0.14     0.13      0.07   0.11  0.17    0.06   -0.06  0.16  0.17         1.00   -0.08     0.26   0.15 -0.51    -0.04        -0.07  0.05
CANOLA            0.02        0.02           0.02 -0.02  0.02    -0.12     -0.05   0.04 -0.10    0.03    0.07  0.06 -0.05        -0.08    1.00     0.09   0.18  0.03     0.04         0.04 -0.03
SOYMEAL          -0.13       -0.14          -0.14  0.02  0.01     0.04      0.01  -0.04  0.10   -0.08   -0.11 -0.00  0.00         0.26    0.09     1.00   0.32 -0.16     0.11         0.13  0.21
WHEAT             0.01        0.06           0.03  0.04 -0.03    -0.02      0.01   0.01  0.22    0.03    0.09 -0.06 -0.23         0.15    0.18     0.32   1.00 -0.17     0.12         0.10  0.04
DX                0.11        0.22           0.24  0.02  0.12    -0.14      0.04  -0.04 -0.19    0.10   -0.00 -0.02 -0.16        -0.51    0.03    -0.16  -0.17  1.00     0.12         0.15 -0.15
GAS-PEN          -0.06        0.11           0.14  0.13  0.18     0.13      0.27   0.13  0.06    0.16    0.07 -0.20 -0.22        -0.04    0.04     0.11   0.12  0.12     1.00         0.97 -0.20
GAS_US_mini      -0.08        0.16           0.19  0.17  0.17     0.17      0.30   0.18  0.09    0.18    0.14 -0.22 -0.27        -0.07    0.04     0.13   0.10  0.15     0.97         1.00 -0.21
V2X              -0.47       -0.29          -0.31 -0.67 -0.63    -0.34     -0.65  -0.71 -0.40   -0.83   -0.41 -0.19  0.16         0.05   -0.03     0.21   0.04 -0.15    -0.20        -0.21  1.00


********************************************************************************
                                 END OF REPORT                                  
********************************************************************************


