
********************************************************************************
                    Risk report produced on 26/03/2025 22:52                    
********************************************************************************


Total risk across all strategies, annualised percentage 9.4
Percentage of capital used for margin 64.6%

========================================
Risk per strategy, annualised percentage
========================================

                  risk
dynamic_TF_carry   9.4


===================
Risk by asset class
===================

Ags       3.0
Bond      2.7
Equity    4.9
FX        3.3
Metals    2.2
dtype: float64


=====================================================
Beta loadings of asset class positions on asset class
=====================================================

Bond     -0.16
Metals   -0.08
Ags       0.04
Equity    0.25
FX        0.39
dtype: float64


========================================================
Beta loadings of full portfolio positions on asset class
========================================================

Bond     -0.35
Metals    0.03
Ags       0.09
Equity    0.30
FX        0.55
dtype: float64


==================================================================================================================================================================================================================================================================
                                                                                                                         Instrument risk                                                                                                                          
==================================================================================================================================================================================================================================================================

              daily_price_stdev  annual_price_stdev     price  daily_perc_stdev  annual_perc_stdev  point_size_base  contract_exposure  daily_risk_per_contract  annual_risk_per_contract  position  capital  exposure_held_perc_capital  annual_risk_perc_capital
BUXL                      1.344              21.510    117.94              1.14               18.2            833.9              98350                     1121                     17937        -1   580915                       -16.9                      -3.1
LEANHOG                   1.458              23.327     96.65              1.51               24.1            309.3              29894                      450                      7215        -2   580915                       -10.3                      -2.5
BITCOIN                2615.933           41854.923  87305.00              3.00               47.9              0.1               6750                      202                      3236        -4   580915                        -4.6                      -2.2
CHF                       0.005               0.072      1.14              0.40                6.3          96658.0             110359                      436                      6983        -1   580915                       -19.0                      -1.2
KOSDAQ                   23.494             375.898   1193.50              1.97               31.5              5.3               6273                      123                      1975        -2   580915                        -2.2                      -0.7
SP500_micro              54.373             869.975   5758.25              0.94               15.1              3.9              22263                      210                      3363        -1   580915                        -3.8                      -0.6
RUSSELL                  25.571             409.139   2089.30              1.22               19.6              3.9               8077                       98                      1581        -2   580915                        -2.8                      -0.5
CAD                       0.002               0.039      0.70              0.34                5.5          77326.4              54356                      186                      2982        -1   580915                        -9.4                      -0.5
COPPER-micro              0.069               1.111      5.28              1.31               21.0           1933.2              10210                      134                      2146        -1   580915                        -1.8                      -0.4
MUMMY                     8.013             128.211    670.00              1.20               19.1              5.1               3443                       41                       659         1   580915                         0.6                       0.1
TOPIX                    20.866             333.859   2788.25              0.75               12.0              5.1              14331                      107                      1716         1   580915                         2.5                       0.3
NIKKEI                  386.127            6178.034  37875.00              1.02               16.3              0.5              19467                      198                      3175         1   580915                         3.4                       0.5
MSCISING                  3.800              60.798    402.70              0.94               15.1             57.8              23272                      219                      3513         1   580915                         4.0                       0.6
DAX                     264.079            4225.264  23082.00              1.14               18.3              0.8              19248                      220                      3523         1   580915                         3.3                       0.6
CAD10                     0.533               8.532    123.03              0.43                6.9            542.0              66688                      289                      4624         1   580915                        11.5                       0.8
YENEUR                    1.006              16.096    161.17              0.62               10.0            642.5             103551                      646                     10341         1   580915                        17.8                       1.8
FEEDCOW                   2.167              34.665    285.18              0.76               12.2            386.6             110257                      837                     13402         1   580915                        19.0                       2.3
GBP                       0.005               0.083      1.29              0.40                6.5          48329.0              62300                      252                      4035         4   580915                        42.9                       2.8
MIB                     377.127            6034.033  38580.00              0.98               15.6              4.2             160859                     1572                     25158         1   580915                        27.7                       4.3

Sum of abs(notional exposure % capital) 203.5
Sum of abs(annualised risk % capital) 25.8
Net sum of annualised risk % capital 2.4 

======================================================================================================================================================================
                                                                             Correlations                                                                             
======================================================================================================================================================================

              BUXL  CAD10   CHF  BITCOIN   DAX  KOSDAQ   MIB  MSCISING  MUMMY  NIKKEI  RUSSELL  SP500_micro  TOPIX  FEEDCOW  YENEUR   CAD  COPPER-micro   GBP  LEANHOG
BUXL          1.00   0.61  0.07     0.16  0.08   -0.05 -0.10      0.02  -0.08   -0.17     0.26         0.28  -0.22    -0.27   -0.55  0.11         -0.03 -0.04    -0.06
CAD10         0.61   1.00  0.34     0.11  0.14   -0.18 -0.01      0.04  -0.17   -0.23     0.07         0.10  -0.20    -0.32   -0.45 -0.03         -0.13  0.36    -0.26
CHF           0.07   0.34  1.00    -0.28 -0.12   -0.27 -0.16     -0.28  -0.41   -0.47    -0.21        -0.27  -0.49    -0.17   -0.12  0.34          0.01  0.55     0.15
BITCOIN       0.16   0.11 -0.28     1.00  0.29    0.24  0.29      0.41   0.31    0.39     0.62         0.54   0.34     0.05    0.04  0.11         -0.06  0.12    -0.07
DAX           0.08   0.14 -0.12     0.29  1.00    0.50  0.83      0.46   0.48    0.55     0.54         0.60   0.54     0.10    0.26  0.20          0.28  0.42     0.02
KOSDAQ       -0.05  -0.18 -0.27     0.24  0.50    1.00  0.54      0.37   0.64    0.67     0.37         0.45   0.63     0.22    0.35  0.34          0.24  0.15     0.01
MIB          -0.10  -0.01 -0.16     0.29  0.83    0.54  1.00      0.45   0.46    0.56     0.42         0.49   0.55     0.15    0.34  0.19          0.29  0.33    -0.03
MSCISING      0.02   0.04 -0.28     0.41  0.46    0.37  0.45      1.00   0.58    0.54     0.57         0.61   0.57     0.17    0.14  0.18          0.18  0.17    -0.04
MUMMY        -0.08  -0.17 -0.41     0.31  0.48    0.64  0.46      0.58   1.00    0.83     0.48         0.50   0.82     0.26    0.33  0.26          0.29  0.11     0.04
NIKKEI       -0.17  -0.23 -0.47     0.39  0.55    0.67  0.56      0.54   0.83    1.00     0.52         0.59   0.95     0.33    0.56  0.19          0.18  0.19    -0.03
RUSSELL       0.26   0.07 -0.21     0.62  0.54    0.37  0.42      0.57   0.48    0.52     1.00         0.83   0.43     0.08    0.03  0.34          0.13  0.23     0.10
SP500_micro   0.28   0.10 -0.27     0.54  0.60    0.45  0.49      0.61   0.50    0.59     0.83         1.00   0.49     0.07    0.16  0.29          0.13  0.21    -0.01
TOPIX        -0.22  -0.20 -0.49     0.34  0.54    0.63  0.55      0.57   0.82    0.95     0.43         0.49   1.00     0.31    0.55  0.09          0.12  0.16    -0.05
FEEDCOW      -0.27  -0.32 -0.17     0.05  0.10    0.22  0.15      0.17   0.26    0.33     0.08         0.07   0.31     1.00    0.33  0.03          0.12  0.03     0.19
YENEUR       -0.55  -0.45 -0.12     0.04  0.26    0.35  0.34      0.14   0.33    0.56     0.03         0.16   0.55     0.33    1.00  0.13          0.08  0.27     0.07
CAD           0.11  -0.03  0.34     0.11  0.20    0.34  0.19      0.18   0.26    0.19     0.34         0.29   0.09     0.03    0.13  1.00          0.36  0.40     0.28
COPPER-micro -0.03  -0.13  0.01    -0.06  0.28    0.24  0.29      0.18   0.29    0.18     0.13         0.13   0.12     0.12    0.08  0.36          1.00  0.13     0.20
GBP          -0.04   0.36  0.55     0.12  0.42    0.15  0.33      0.17   0.11    0.19     0.23         0.21   0.16     0.03    0.27  0.40          0.13  1.00     0.02
LEANHOG      -0.06  -0.26  0.15    -0.07  0.02    0.01 -0.03     -0.04   0.04   -0.03     0.10        -0.01  -0.05     0.19    0.07  0.28          0.20  0.02     1.00


********************************************************************************
                                 END OF REPORT                                  
********************************************************************************


