
********************************************************************************
                    Risk report produced on 28/03/2025 22:52                    
********************************************************************************


Total risk across all strategies, annualised percentage 9.8
Percentage of capital used for margin 65.0%

========================================
Risk per strategy, annualised percentage
========================================

                  risk
dynamic_TF_carry   9.8


===================
Risk by asset class
===================

Ags       3.0
Bond      2.6
Equity    5.3
FX        3.5
Metals    2.2
dtype: float64


=====================================================
Beta loadings of asset class positions on asset class
=====================================================

Bond     -0.16
Metals   -0.07
Ags       0.04
Equity    0.29
FX        0.40
dtype: float64


========================================================
Beta loadings of full portfolio positions on asset class
========================================================

Bond     -0.37
Metals    0.05
Ags       0.09
Equity    0.34
FX        0.56
dtype: float64


==================================================================================================================================================================================================================================================================
                                                                                                                         Instrument risk                                                                                                                          
==================================================================================================================================================================================================================================================================

              daily_price_stdev  annual_price_stdev     price  daily_perc_stdev  annual_perc_stdev  point_size_base  contract_exposure  daily_risk_per_contract  annual_risk_per_contract  position  capital  exposure_held_perc_capital  annual_risk_perc_capital
BUXL                      1.316              21.058    119.04              1.11               17.7            833.0              99165                     1096                     17542        -1   581081                       -17.1                      -3.0
LEANHOG                   1.396              22.335     95.78              1.46               23.3            308.9              29586                      431                      6899        -2   581081                       -10.2                      -2.4
BITCOIN                2585.742           41371.879  84010.00              3.08               49.2              0.1               6488                      199                      3195        -4   581081                        -4.5                      -2.2
CHF                       0.004               0.070      1.15              0.38                6.1          96537.8             110559                      422                      6759        -1   581081                       -19.0                      -1.2
KOSDAQ                   23.056             368.902   1154.90              2.00               31.9              5.3               6080                      121                      1942        -3   581081                        -3.1                      -1.0
SP500_micro              56.312             900.987   5621.00              1.00               16.0              3.9              21705                      217                      3479        -1   581081                        -3.7                      -0.6
RUSSELL                  26.157             418.515   2033.70              1.29               20.6              3.9               7853                      101                      1616        -2   581081                        -2.7                      -0.6
CAD                       0.002               0.037      0.70              0.33                5.3          77230.2              54146                      180                      2885        -1   581081                        -9.3                      -0.5
COPPER-micro              0.071               1.141      5.16              1.38               22.1           1930.8               9960                      137                      2203        -1   581081                        -1.7                      -0.4
MUMMY                     7.839             125.417    663.00              1.18               18.9              5.1               3399                       40                       643         1   581081                         0.6                       0.1
NIKKEI                  391.150            6258.393  36955.00              1.06               16.9              0.5              18950                      200                      3209         1   581081                         3.3                       0.6
DAX                     256.392            4102.265  22728.00              1.13               18.0              0.8              18933                      213                      3417         1   581081                         3.3                       0.6
TOPIX                    22.111             353.769   2750.50              0.80               12.9              5.1              14104                      113                      1814         2   581081                         4.9                       0.6
CAD10                     0.557               8.908    124.10              0.45                7.2            539.2              66918                      300                      4803         1   581081                        11.5                       0.8
MSCISING                  3.721              59.534    402.20              0.93               14.8             57.6              23166                      214                      3429         2   581081                         8.0                       1.2
YENEUR                    1.013              16.205    161.42              0.63               10.0            641.0             103469                      649                     10387         1   581081                        17.8                       1.8
FEEDCOW                   2.127              34.032    284.98              0.75               11.9            386.2             110043                      821                     13141         1   581081                        18.9                       2.3
GBP                       0.005               0.083      1.29              0.40                6.4          48268.9              62469                      250                      4001         4   581081                        43.0                       2.8
MIB                     372.299            5956.780  38080.00              0.98               15.6              4.2             158612                     1550                     24811         1   581081                        27.3                       4.3

Sum of abs(notional exposure % capital) 209.9
Sum of abs(annualised risk % capital) 27.0
Net sum of annualised risk % capital 3.2 

======================================================================================================================================================================
                                                                             Correlations                                                                             
======================================================================================================================================================================

              BUXL  CAD10   CHF  BITCOIN  RUSSELL  SP500_micro   DAX  KOSDAQ   MIB  MSCISING  MUMMY  NIKKEI  TOPIX   CAD  COPPER-micro   GBP  FEEDCOW  LEANHOG  YENEUR
BUXL          1.00   0.63  0.20     0.19     0.29         0.32  0.13    0.03  0.04      0.17  -0.03    0.00  -0.06  0.17         -0.16 -0.01    -0.32    -0.14   -0.56
CAD10         0.63   1.00  0.44     0.11     0.03        -0.01  0.05   -0.07 -0.08      0.01  -0.11   -0.18  -0.16  0.06         -0.16  0.35    -0.31    -0.26   -0.47
CHF           0.20   0.44  1.00    -0.26    -0.16        -0.18  0.02    0.01 -0.05     -0.23  -0.23   -0.36  -0.41  0.38          0.17  0.46    -0.18     0.01   -0.22
BITCOIN       0.19   0.11 -0.26     1.00     0.50         0.46  0.21   -0.01  0.16      0.38   0.20    0.22   0.21 -0.03         -0.14 -0.02     0.01     0.08   -0.02
RUSSELL       0.29   0.03 -0.16     0.50     1.00         0.77  0.50    0.26  0.45      0.58   0.48    0.48   0.42  0.28          0.10  0.12     0.11     0.26   -0.01
SP500_micro   0.32  -0.01 -0.18     0.46     0.77         1.00  0.46    0.31  0.41      0.62   0.45    0.52   0.44  0.30          0.13  0.06     0.04     0.16    0.08
DAX           0.13   0.05  0.02     0.21     0.50         0.46  1.00    0.47  0.85      0.58   0.55    0.57   0.53  0.34          0.29  0.47     0.26     0.11    0.17
KOSDAQ        0.03  -0.07  0.01    -0.01     0.26         0.31  0.47    1.00  0.48      0.39   0.35    0.48   0.40  0.28          0.20  0.26     0.06    -0.07    0.23
MIB           0.04  -0.08 -0.05     0.16     0.45         0.41  0.85    0.48  1.00      0.53   0.56    0.53   0.49  0.35          0.37  0.39     0.30     0.06    0.25
MSCISING      0.17   0.01 -0.23     0.38     0.58         0.62  0.58    0.39  0.53      1.00   0.59    0.58   0.60  0.28          0.17  0.22     0.11     0.02    0.18
MUMMY        -0.03  -0.11 -0.23     0.20     0.48         0.45  0.55    0.35  0.56      0.59   1.00    0.67   0.67  0.28          0.23  0.23     0.22     0.15    0.19
NIKKEI        0.00  -0.18 -0.36     0.22     0.48         0.52  0.57    0.48  0.53      0.58   0.67    1.00   0.93  0.17          0.13  0.27     0.21     0.01    0.45
TOPIX        -0.06  -0.16 -0.41     0.21     0.42         0.44  0.53    0.40  0.49      0.60   0.67    0.93   1.00  0.09          0.04  0.27     0.26    -0.00    0.48
CAD           0.17   0.06  0.38    -0.03     0.28         0.30  0.34    0.28  0.35      0.28   0.28    0.17   0.09  1.00          0.47  0.41    -0.07     0.12    0.02
COPPER-micro -0.16  -0.16  0.17    -0.14     0.10         0.13  0.29    0.20  0.37      0.17   0.23    0.13   0.04  0.47          1.00  0.34     0.09     0.12    0.15
GBP          -0.01   0.35  0.46    -0.02     0.12         0.06  0.47    0.26  0.39      0.22   0.23    0.27   0.27  0.41          0.34  1.00     0.10    -0.10    0.25
FEEDCOW      -0.32  -0.31 -0.18     0.01     0.11         0.04  0.26    0.06  0.30      0.11   0.22    0.21   0.26 -0.07          0.09  0.10     1.00     0.15    0.31
LEANHOG      -0.14  -0.26  0.01     0.08     0.26         0.16  0.11   -0.07  0.06      0.02   0.15    0.01  -0.00  0.12          0.12 -0.10     0.15     1.00    0.01
YENEUR       -0.56  -0.47 -0.22    -0.02    -0.01         0.08  0.17    0.23  0.25      0.18   0.19    0.45   0.48  0.02          0.15  0.25     0.31     0.01    1.00


********************************************************************************
                                 END OF REPORT                                  
********************************************************************************


