
********************************************************************************
                    Risk report produced on 21/08/2023 22:52                    
********************************************************************************


Total risk across all strategies, annualised percentage 12.1
Percentage of capital used for margin 58.1%

========================================
Risk per strategy, annualised percentage
========================================

                  risk
dynamic_TF_carry  12.2


===================
Risk by asset class
===================

Ags       4.2
Bond      3.8
Equity    2.8
FX        4.4
Sector    3.1
dtype: float64


=====================================================
Beta loadings of asset class positions on asset class
=====================================================

Bond     -1.05
FX       -0.55
Equity    0.14
Sector    0.19
Ags       0.28
dtype: float64


========================================================
Beta loadings of full portfolio positions on asset class
========================================================

Bond     -1.63
FX       -0.53
Sector    0.28
Equity    0.31
Ags       0.41
dtype: float64


=============================================================================================================================================================================================================================================================
                                                                                                                       Instrument risk                                                                                                                       
=============================================================================================================================================================================================================================================================

         daily_price_stdev  annual_price_stdev     price  daily_perc_stdev  annual_perc_stdev  point_size_base  contract_exposure  daily_risk_per_contract  annual_risk_per_contract  position  capital  exposure_held_perc_capital  annual_risk_perc_capital
US3                  0.197               3.145    103.30              0.19                3.0           1570.1             162186                      308                      4937        -2   356385                       -91.0                      -2.8
CHF                  0.005               0.080      1.14              0.44                7.0          98131.6             112041                      493                      7889        -1   356385                       -31.4                      -2.2
DAX                140.015            2240.241  15626.00              0.90               14.3              0.9              13347                      119                      1913        -4   356385                       -15.0                      -2.1
JPY                  0.000               0.001      0.01              0.61                9.7        9813157.5              67440                      408                      6528        -1   356385                       -18.9                      -1.8
BOBL                 0.330               5.281    115.02              0.29                4.6            854.2              98251                      281                      4511        -1   356385                       -27.6                      -1.3
RUSSELL             20.706             331.301   1865.00              1.11               17.8              3.9               7320                       81                      1300         1   356385                         2.1                       0.4
MXP                  0.000               0.006      0.06              0.62               10.0         392526.3              22962                      142                      2286         1   356385                         6.4                       0.6
KOSDAQ              32.536             520.576   1439.40              2.26               36.2              5.9               8435                      190                      3050         1   356385                         2.4                       0.9
CNH                  0.022               0.355      7.32              0.30                4.8          10710.9              78359                      237                      3797         1   356385                        22.0                       1.1
EU-AUTO              7.240             115.834    609.00              1.19               19.0             42.7              26010                      309                      4947         1   356385                         7.3                       1.4
NIKKEI             319.989            5119.830  31640.00              1.01               16.2              0.5              17083                      172                      2764         2   356385                         9.6                       1.6
EU-OIL               3.988              63.807    339.80              1.17               18.8             42.7              14513                      170                      2725         3   356385                        12.2                       2.3
SOYOIL               1.099              17.590     63.82              1.72               27.6            471.0              30061                      517                      8285         1   356385                         8.4                       2.3
CAC                 68.982            1103.719   7219.50              0.96               15.3              8.5              61670                      589                      9428         1   356385                        17.3                       2.6
LIVECOW              1.120              17.913    180.22              0.62                9.9            314.0              56594                      351                      5625         2   356385                        31.8                       3.2

Sum of abs(notional exposure % capital) 303.4
Sum of abs(annualised risk % capital) 26.6
Net sum of annualised risk % capital 6.2 

==================================================================================================================
                                                   Correlations                                                   
==================================================================================================================

          CAC   DAX  EU-AUTO  EU-OIL   MXP  NIKKEI  RUSSELL  KOSDAQ  LIVECOW  SOYOIL  BOBL   US3   CHF   JPY   CNH
CAC      1.00  0.90     0.67    0.53  0.48    0.62     0.68    0.40     0.34    0.20  0.01 -0.08  0.28  0.08 -0.26
DAX      0.90  1.00     0.80    0.53  0.55    0.66     0.67    0.46     0.29    0.21 -0.11 -0.15  0.30  0.08 -0.24
EU-AUTO  0.67  0.80     1.00    0.43  0.55    0.56     0.57    0.45     0.32    0.27 -0.31 -0.35  0.08 -0.08 -0.08
EU-OIL   0.53  0.53     0.43    1.00  0.50    0.46     0.50    0.39     0.21    0.35 -0.29 -0.22  0.08  0.00 -0.17
MXP      0.48  0.55     0.55    0.50  1.00    0.52     0.54    0.35     0.32    0.27 -0.38 -0.26  0.19 -0.03 -0.05
NIKKEI   0.62  0.66     0.56    0.46  0.52    1.00     0.56    0.50     0.28    0.27 -0.15 -0.33  0.01 -0.30  0.01
RUSSELL  0.68  0.67     0.57    0.50  0.54    0.56     1.00    0.46     0.51    0.27 -0.11 -0.15  0.26  0.08 -0.30
KOSDAQ   0.40  0.46     0.45    0.39  0.35    0.50     0.46    1.00     0.33    0.21 -0.07 -0.12  0.15 -0.05 -0.13
LIVECOW  0.34  0.29     0.32    0.21  0.32    0.28     0.51    0.33     1.00    0.14 -0.10 -0.17  0.05 -0.09  0.04
SOYOIL   0.20  0.21     0.27    0.35  0.27    0.27     0.27    0.21     0.14    1.00 -0.18 -0.26  0.00 -0.07  0.05
BOBL     0.01 -0.11    -0.31   -0.29 -0.38   -0.15    -0.11   -0.07    -0.10   -0.18  1.00  0.68  0.22  0.32 -0.27
US3     -0.08 -0.15    -0.35   -0.22 -0.26   -0.33    -0.15   -0.12    -0.17   -0.26  0.68  1.00  0.54  0.59 -0.47
CHF      0.28  0.30     0.08    0.08  0.19    0.01     0.26    0.15     0.05    0.00  0.22  0.54  1.00  0.69 -0.49
JPY      0.08  0.08    -0.08    0.00 -0.03   -0.30     0.08   -0.05    -0.09   -0.07  0.32  0.59  0.69  1.00 -0.57
CNH     -0.26 -0.24    -0.08   -0.17 -0.05    0.01    -0.30   -0.13     0.04    0.05 -0.27 -0.47 -0.49 -0.57  1.00


********************************************************************************
                                 END OF REPORT                                  
********************************************************************************


