
********************************************************************************
                    Risk report produced on 05/06/2026 22:51                    
********************************************************************************


Total risk across all strategies, annualised percentage 9.8
Percentage of capital used for margin 36.5%

========================================
Risk per strategy, annualised percentage
========================================

                  risk
dynamic_TF_carry   9.7


===================
Risk by asset class
===================

Ags       1.0
Bond      2.9
Equity    8.5
FX        0.5
Metals    1.6
OilGas    0.5
Other     0.2
Sector    1.8
dtype: float64


=====================================================
Beta loadings of asset class positions on asset class
=====================================================

Bond     -0.36
Metals   -0.03
Ags      -0.03
OilGas   -0.01
Other     0.01
FX        0.08
Sector    0.09
Equity    0.41
dtype: float64


========================================================
Beta loadings of full portfolio positions on asset class
========================================================

Ags      -0.06
OilGas   -0.02
Metals    0.02
Other     0.13
Bond      0.18
Sector    0.22
FX        0.36
Equity    0.40
dtype: float64


==================================================================================================================================================================================================================================================================
                                                                                                                         Instrument risk                                                                                                                          
==================================================================================================================================================================================================================================================================

              daily_price_stdev  annual_price_stdev     price  daily_perc_stdev  annual_perc_stdev  point_size_base  contract_exposure  daily_risk_per_contract  annual_risk_per_contract  position  capital  exposure_held_perc_capital  annual_risk_perc_capital
KR10                      0.492               7.875    106.43              0.46                7.4            482.9              51396                      237                      3803        -4   698429                       -29.4                      -2.2
BITCOIN                1916.122           30657.959  64005.00              2.99               47.9              0.1               4767                      142                      2283        -5   698429                        -3.4                      -1.6
BUXL                      0.818              13.094    108.54              0.75               12.1            865.2              93909                      708                     11329        -1   698429                       -13.4                      -1.6
REDWHEAT                 11.269             180.304    648.00              1.74               27.8             37.2              24132                      419                      6714        -1   698429                        -3.5                      -1.0
KOSDAQ                   49.493             791.886   1890.20              2.62               41.9              4.8               9127                      239                      3824        -1   698429                        -1.3                      -0.5
GAS_US_mini               0.106               1.689      3.37              3.13               50.1           1862.1               6275                      196                      3144        -1   698429                        -0.9                      -0.5
HANGENT_mini            119.330            1909.275   8461.00              1.41               22.6              1.0               8045                      113                      1815        -1   698429                        -1.2                      -0.3
EUR_micro                 0.004               0.059      1.17              0.32                5.1           9310.5              10855                       34                       549        -1   698429                        -1.6                      -0.1
RUBBER                    2.812              44.988    230.50              1.22               19.5             37.2               8584                      104                      1675         1   698429                         1.2                       0.2
CANOLA                   10.108             161.730    783.00              1.29               20.7             10.7               8387                      108                      1732         1   698429                         1.2                       0.2
RUSSELL                  33.276             532.421   2943.70              1.13               18.1              3.7              10962                      123                      1982         1   698429                         1.6                       0.3
CAD10                     0.452               7.238    120.28              0.38                6.0            535.6              64425                      242                      3876         1   698429                         9.2                       0.6
GBP                       0.005               0.084      1.34              0.39                6.3          46552.3              62473                      245                      3926         1   698429                         8.9                       0.6
EU-OIL                    7.115             113.842    526.40              1.35               21.6             43.3              22772                      307                      4924         1   698429                         3.3                       0.7
EU-BASIC                 15.215             243.437    870.80              1.75               28.0             43.3              37671                      658                     10531         1   698429                         5.4                       1.5
CAC                      79.804            1276.868   8219.50              0.97               15.5              8.7              71115                      690                     11047         1   698429                        10.2                       1.6
MSCIEMASIA               16.962             271.394   1187.85              1.43               22.8             74.5              88475                     1263                     20214         1   698429                        12.7                       2.9
MSCITAIWAN               29.203             467.245   2072.10              1.41               22.5             74.5             154337                     2175                     34802         1   698429                        22.1                       5.0

Sum of abs(notional exposure % capital) 130.5
Sum of abs(annualised risk % capital) 21.4
Net sum of annualised risk % capital 5.8 

===============================================================================================================================================================================
                                                                                 Correlations                                                                                  
===============================================================================================================================================================================

              CANOLA  GAS_US_mini  EU-OIL  REDWHEAT  RUBBER  BUXL  CAD10  KR10   CAC  EU-BASIC  MSCIEMASIA  MSCITAIWAN  RUSSELL  BITCOIN  EUR_micro   GBP  HANGENT_mini  KOSDAQ
CANOLA          1.00         0.14    0.07      0.14    0.12  0.07  -0.08 -0.19 -0.17     -0.09       -0.05       -0.04    -0.13    -0.10      -0.12 -0.15          0.11   -0.04
GAS_US_mini     0.14         1.00    0.17     -0.03    0.02 -0.15  -0.15 -0.08 -0.03     -0.08        0.00       -0.09    -0.17     0.16      -0.08 -0.05          0.22   -0.01
EU-OIL          0.07         0.17    1.00      0.20    0.30 -0.15  -0.15 -0.21  0.22      0.16        0.17        0.13     0.10     0.24      -0.29 -0.11         -0.01    0.16
REDWHEAT        0.14        -0.03    0.20      1.00    0.20 -0.09  -0.12 -0.28 -0.19      0.00       -0.00       -0.03    -0.14     0.10       0.11 -0.02          0.07    0.29
RUBBER          0.12         0.02    0.30      0.20    1.00  0.10   0.10 -0.05  0.33      0.46        0.37        0.27     0.21     0.07       0.08  0.19          0.22    0.13
BUXL            0.07        -0.15   -0.15     -0.09    0.10  1.00   0.63  0.41  0.13      0.16        0.21        0.17     0.23    -0.01       0.01  0.06          0.09    0.09
CAD10          -0.08        -0.15   -0.15     -0.12    0.10  0.63   1.00  0.48  0.35      0.33        0.37        0.27     0.27    -0.05       0.23  0.25          0.19    0.06
KR10           -0.19        -0.08   -0.21     -0.28   -0.05  0.41   0.48  1.00  0.24      0.13        0.18        0.18     0.26     0.19       0.24  0.27          0.12    0.14
CAC            -0.17        -0.03    0.22     -0.19    0.33  0.13   0.35  0.24  1.00      0.69        0.74        0.57     0.60     0.19       0.18  0.36          0.38    0.24
EU-BASIC       -0.09        -0.08    0.16      0.00    0.46  0.16   0.33  0.13  0.69      1.00        0.73        0.57     0.64     0.13       0.26  0.40          0.43    0.28
MSCIEMASIA     -0.05         0.00    0.17     -0.00    0.37  0.21   0.37  0.18  0.74      0.73        1.00        0.78     0.63     0.26       0.38  0.53          0.50    0.41
MSCITAIWAN     -0.04        -0.09    0.13     -0.03    0.27  0.17   0.27  0.18  0.57      0.57        0.78        1.00     0.66     0.26       0.16  0.35          0.26    0.36
RUSSELL        -0.13        -0.17    0.10     -0.14    0.21  0.23   0.27  0.26  0.60      0.64        0.63        0.66     1.00     0.39       0.17  0.36          0.21    0.27
BITCOIN        -0.10         0.16    0.24      0.10    0.07 -0.01  -0.05  0.19  0.19      0.13        0.26        0.26     0.39     1.00       0.08  0.25          0.12    0.22
EUR_micro      -0.12        -0.08   -0.29      0.11    0.08  0.01   0.23  0.24  0.18      0.26        0.38        0.16     0.17     0.08       1.00  0.82          0.38    0.29
GBP            -0.15        -0.05   -0.11     -0.02    0.19  0.06   0.25  0.27  0.36      0.40        0.53        0.35     0.36     0.25       0.82  1.00          0.35    0.41
HANGENT_mini    0.11         0.22   -0.01      0.07    0.22  0.09   0.19  0.12  0.38      0.43        0.50        0.26     0.21     0.12       0.38  0.35          1.00    0.17
KOSDAQ         -0.04        -0.01    0.16      0.29    0.13  0.09   0.06  0.14  0.24      0.28        0.41        0.36     0.27     0.22       0.29  0.41          0.17    1.00


********************************************************************************
                                 END OF REPORT                                  
********************************************************************************


