
********************************************************************************
                    Risk report produced on 29/01/2025 22:53                    
********************************************************************************


Total risk across all strategies, annualised percentage 9.8
Percentage of capital used for margin 71.2%

========================================
Risk per strategy, annualised percentage
========================================

                  risk
dynamic_TF_carry   9.8


===================
Risk by asset class
===================

Ags       2.3
Bond      2.5
Equity    6.7
FX        3.8
Metals    1.9
Vol       1.4
dtype: float64


=====================================================
Beta loadings of asset class positions on asset class
=====================================================

Bond     -0.29
FX       -0.27
Metals   -0.06
Vol      -0.03
Ags       0.07
Equity    0.53
dtype: float64


========================================================
Beta loadings of full portfolio positions on asset class
========================================================

Bond     -0.54
Vol      -0.13
FX       -0.04
Metals    0.06
Ags       0.20
Equity    0.63
dtype: float64


===================================================================================================================================================================================================================================================================
                                                                                                                          Instrument risk                                                                                                                          
===================================================================================================================================================================================================================================================================

              daily_price_stdev  annual_price_stdev      price  daily_perc_stdev  annual_perc_stdev  point_size_base  contract_exposure  daily_risk_per_contract  annual_risk_per_contract  position  capital  exposure_held_perc_capital  annual_risk_perc_capital
CHF                       0.005               0.075       1.11              0.42                6.7         100356.5             111601                      468                      7501        -2   569796                       -39.2                      -2.6
US30                      0.998              15.966     119.12              0.84               13.4            802.9              95639                      801                     12818        -1   569796                       -16.8                      -2.2
FTSETAIWAN               24.353             389.651    1871.00              1.30               20.8             32.1              60085                      782                     12513        -1   569796                       -10.5                      -2.2
ALUMINIUM                31.742             507.867    2561.25              1.24               19.8             20.1              51407                      637                     10193        -1   569796                        -9.0                      -1.8
VIX                       0.611               9.770      17.90              3.41               54.6            802.9              14371                      490                      7843        -1   569796                        -2.5                      -1.4
OAT                       0.437               6.984     122.54              0.36                5.7            837.9             102673                      365                      5851        -1   569796                       -18.0                      -1.0
SUGAR11                   0.271               4.342      17.82              1.52               24.4            899.2              16023                      244                      3904        -1   569796                        -2.8                      -0.7
CAD                       0.003               0.041       0.70              0.37                5.9          80285.2              55878                      206                      3308        -1   569796                        -9.8                      -0.6
BRE                       0.001               0.021       0.17              0.78               12.5          80285.2              13592                      106                      1696        -1   569796                        -2.4                      -0.3
CANOLA                    9.323             149.161     648.70              1.44               23.0             11.2               7233                      103                      1663        -1   569796                        -1.3                      -0.3
COPPER-micro              0.049               0.778       4.25              1.14               18.3           2007.1               8532                       97                      1561        -1   569796                        -1.5                      -0.3
DOW                     295.524            4728.380   45020.00              0.66               10.5              0.4              18072                      118                      1898         1   569796                         3.2                       0.3
BITCOIN                2545.497           40727.956  103615.00              2.46               39.3              0.1               8318                      204                      3269         1   569796                         1.5                       0.6
TOPIX                    23.821             381.134    2777.75              0.86               13.7              5.2              14367                      123                      1971         2   569796                         5.0                       0.7
CAD10                     0.552               8.836     122.90              0.45                7.2            557.6              68524                      307                      4926         1   569796                        12.0                       0.9
MSCISING                  2.892              46.270     385.85              0.75               12.0             59.5              22963                      172                      2753         2   569796                         8.1                       1.0
YENEUR                    0.986              15.773     161.74              0.61                9.8            646.5             104569                      637                     10197         1   569796                        18.4                       1.8
MSCIEAFA                 17.736             283.776    2369.10              0.75               12.0             40.1              95101                      711                     11391         1   569796                        16.7                       2.0
FEEDCOW                   2.029              32.464     276.30              0.73               11.7            401.4             110913                      814                     13032         1   569796                        19.5                       2.3
MIB                     265.699            4251.186   36460.00              0.73               11.7              4.2             152744                     1113                     17809         1   569796                        26.8                       3.1
MSCITAIWAN               16.671             266.739     951.10              1.75               28.0             80.3              76359                     1338                     21415         1   569796                        13.4                       3.8

Sum of abs(notional exposure % capital) 238.4
Sum of abs(annualised risk % capital) 29.9
Net sum of annualised risk % capital 3.1 

==========================================================================================================================================================================================
                                                                                       Correlations                                                                                       
==========================================================================================================================================================================================

              CANOLA  FEEDCOW  SUGAR11  YENEUR  ALUMINIUM   BRE   CAD  COPPER-micro   DOW  FTSETAIWAN   MIB  MSCIEAFA  MSCISING  MSCITAIWAN  TOPIX  BITCOIN  CAD10   CHF   OAT  US30   VIX
CANOLA          1.00     0.05     0.40    0.40       0.08  0.17  0.03          0.08 -0.11        0.13  0.23      0.05     -0.12        0.21   0.21    -0.10  -0.25 -0.09 -0.26 -0.32  0.01
FEEDCOW         0.05     1.00     0.19    0.28       0.18  0.10  0.16          0.22  0.21        0.21  0.20      0.20      0.22        0.13   0.23     0.02  -0.29 -0.22 -0.16 -0.20 -0.10
SUGAR11         0.40     0.19     1.00    0.23      -0.03  0.12  0.21          0.05  0.12        0.17  0.05      0.24      0.05        0.18   0.29    -0.14  -0.05  0.05 -0.20 -0.02 -0.16
YENEUR          0.40     0.28     0.23    1.00       0.03  0.18  0.13          0.07 -0.05        0.22  0.16      0.12      0.02        0.20   0.35    -0.20  -0.58 -0.36 -0.53 -0.55 -0.04
ALUMINIUM       0.08     0.18    -0.03    0.03       1.00  0.34  0.26          0.55  0.27        0.35  0.26      0.33      0.36        0.21   0.11     0.21  -0.14 -0.09  0.02 -0.03 -0.27
BRE             0.17     0.10     0.12    0.18       0.34  1.00  0.52          0.31  0.20        0.32  0.14      0.36      0.22        0.30   0.19     0.03  -0.12 -0.02  0.07  0.02 -0.30
CAD             0.03     0.16     0.21    0.13       0.26  0.52  1.00          0.31  0.40        0.32  0.11      0.51      0.18        0.20   0.23    -0.07  -0.06  0.27  0.14  0.23 -0.26
COPPER-micro    0.08     0.22     0.05    0.07       0.55  0.31  0.31          1.00  0.22        0.28  0.34      0.38      0.34        0.27   0.18    -0.08  -0.06  0.10 -0.01  0.12 -0.08
DOW            -0.11     0.21     0.12   -0.05       0.27  0.20  0.40          0.22  1.00        0.50  0.41      0.68      0.57        0.39   0.42     0.27   0.15  0.02  0.30  0.36 -0.76
FTSETAIWAN      0.13     0.21     0.17    0.22       0.35  0.32  0.32          0.28  0.50        1.00  0.37      0.62      0.47        0.87   0.58     0.15  -0.05 -0.14  0.02  0.10 -0.56
MIB             0.23     0.20     0.05    0.16       0.26  0.14  0.11          0.34  0.41        0.37  1.00      0.64      0.35        0.35   0.38     0.18  -0.06 -0.09  0.08 -0.04 -0.33
MSCIEAFA        0.05     0.20     0.24    0.12       0.33  0.36  0.51          0.38  0.68        0.62  0.64      1.00      0.50        0.49   0.59     0.16   0.18  0.16  0.22  0.28 -0.57
MSCISING       -0.12     0.22     0.05    0.02       0.36  0.22  0.18          0.34  0.57        0.47  0.35      0.50      1.00        0.38   0.43     0.32   0.06 -0.15  0.13  0.15 -0.58
MSCITAIWAN      0.21     0.13     0.18    0.20       0.21  0.30  0.20          0.27  0.39        0.87  0.35      0.49      0.38        1.00   0.57     0.06  -0.06 -0.16  0.04  0.11 -0.48
TOPIX           0.21     0.23     0.29    0.35       0.11  0.19  0.23          0.18  0.42        0.58  0.38      0.59      0.43        0.57   1.00     0.09  -0.07 -0.13 -0.06  0.01 -0.44
BITCOIN        -0.10     0.02    -0.14   -0.20       0.21  0.03 -0.07         -0.08  0.27        0.15  0.18      0.16      0.32        0.06   0.09     1.00   0.11 -0.14  0.20  0.05 -0.23
CAD10          -0.25    -0.29    -0.05   -0.58      -0.14 -0.12 -0.06         -0.06  0.15       -0.05 -0.06      0.18      0.06       -0.06  -0.07     0.11   1.00  0.53  0.67  0.73 -0.10
CHF            -0.09    -0.22     0.05   -0.36      -0.09 -0.02  0.27          0.10  0.02       -0.14 -0.09      0.16     -0.15       -0.16  -0.13    -0.14   0.53  1.00  0.36  0.53  0.23
OAT            -0.26    -0.16    -0.20   -0.53       0.02  0.07  0.14         -0.01  0.30        0.02  0.08      0.22      0.13        0.04  -0.06     0.20   0.67  0.36  1.00  0.73 -0.13
US30           -0.32    -0.20    -0.02   -0.55      -0.03  0.02  0.23          0.12  0.36        0.10 -0.04      0.28      0.15        0.11   0.01     0.05   0.73  0.53  0.73  1.00 -0.19
VIX             0.01    -0.10    -0.16   -0.04      -0.27 -0.30 -0.26         -0.08 -0.76       -0.56 -0.33     -0.57     -0.58       -0.48  -0.44    -0.23  -0.10  0.23 -0.13 -0.19  1.00


********************************************************************************
                                 END OF REPORT                                  
********************************************************************************


