
********************************************************************************
           Risk report report produced on 2022-06-09 21:01:32.265928            
********************************************************************************


Total risk across all strategies, annualised percentage 11.7
Percentage of capital used for margin 24.8%

========================================
Risk per strategy, annualised percentage
========================================

                  risk
dynamic_TF_carry  11.7


==================================================================================================================================================================================================================================================================
                                                                                                                         Instrument risk                                                                                                                          
==================================================================================================================================================================================================================================================================

              daily_price_stdev  annual_price_stdev     price  daily_perc_stdev  annual_perc_stdev  point_size_base  contract_exposure  daily_risk_per_contract  annual_risk_per_contract  position  capital  exposure_held_perc_capital  annual_risk_perc_capital
BUND                      0.669              10.708    147.83              0.45                7.2            849.3             125553                      568                      9094        -1   396433                       -31.7                      -2.3
JPY                       0.000               0.001      0.01              0.60                9.6        9969095.8              74354                      445                      7123        -1   396433                       -18.8                      -1.8
LIVECOW                   1.243              19.896    137.45              0.90               14.5            319.0              43848                      396                      6346        -1   396433                       -11.1                      -1.6
KR10                      0.509               8.151    112.56              0.45                7.2            632.2              71155                      322                      5152        -1   396433                       -17.9                      -1.3
DJSTX-SMALL               4.408              70.531    328.10              1.34               21.5             42.5              13932                      187                      2995        -1   396433                        -3.5                      -0.8
GOLD_micro               15.955             255.280   1852.20              0.86               13.8              8.0              14771                      127                      2035        -1   396433                        -3.7                      -0.5
BITCOIN                1441.139           23058.224  30210.00              4.77               76.3              0.1               2409                      114                      1838        -1   396433                        -0.6                      -0.5
NIKKEI400               184.774            2956.377  17790.00              1.04               16.6              0.6              10567                      109                      1756         1   396433                         2.7                       0.4
MXP                       0.000               0.005      0.05              0.57                9.0         398763.8              20293                      114                      1835         1   396433                         5.1                       0.5
TOPIX                    20.290             324.633   1972.50              1.03               16.5              5.9              11716                      120                      1928         1   396433                         3.0                       0.5
V2X                       0.932              14.918     26.25              3.55               56.8             84.9               2229                       79                      1266         2   396433                         1.1                       0.6
IRON                      4.051              64.809    139.65              2.90               46.4             79.8              11137                      323                      5168         1   396433                         2.8                       1.3
CORN                      9.494             151.896    720.00              1.32               21.1             39.9              28710                      378                      6057         1   396433                         7.2                       1.5
EU-OIL                    5.021              80.342    356.70              1.41               22.5             42.5              15147                      213                      3411         2   396433                         7.6                       1.7
EU-BASIC                 11.289             180.622    686.80              1.64               26.3             42.5              29165                      479                      7670         1   396433                         7.4                       1.9
SOYOIL                    1.123              17.968     79.13              1.42               22.7            478.5              37865                      537                      8597         1   396433                         9.6                       2.2
SOYBEAN                  14.921             238.743   1579.00              0.94               15.1             39.9              62964                      595                      9520         1   396433                        15.9                       2.4
CRUDE_W_mini              2.323              37.168    118.92              1.95               31.3            398.8              47422                      926                     14821         1   396433                        12.0                       3.7
GAS_US_mini               0.322               5.146      8.84              3.64               58.2           1993.8              17615                      641                     10260         2   396433                         8.9                       5.2

Sum of abs(notional exposure % capital) 170.6
Sum of abs(annualised risk % capital) 30.7
Net sum of annualised risk % capital 13.1 

=================================================================================================================================================================================
                                                                                  Correlations                                                                                   
=================================================================================================================================================================================

              BUND   JPY  KR10   V2X  BITCOIN  DJSTX-SMALL  LIVECOW   MXP  NIKKEI400  TOPIX  CRUDE_W_mini  GOLD_micro  IRON  CORN  EU-BASIC  EU-OIL  GAS_US_mini  SOYBEAN  SOYOIL
BUND          1.00  0.37  0.34  0.24     0.01        -0.07    -0.13 -0.08      -0.16  -0.15          0.04        0.12 -0.04  0.04     -0.10   -0.09        -0.08    -0.02    0.11
JPY           0.37  1.00  0.27  0.22    -0.04        -0.10    -0.08  0.00      -0.19  -0.19          0.06        0.20 -0.07  0.02     -0.11   -0.08        -0.05     0.03    0.04
KR10          0.34  0.27  1.00  0.06     0.03         0.06    -0.02  0.06      -0.01  -0.01          0.05        0.05 -0.04 -0.04     -0.06   -0.09        -0.09     0.03    0.06
V2X           0.24  0.22  0.06  1.00    -0.13        -0.32    -0.15 -0.21      -0.29  -0.31         -0.04        0.14 -0.00  0.06     -0.22   -0.24        -0.07    -0.07    0.02
BITCOIN       0.01 -0.04  0.03 -0.13     1.00         0.28     0.17  0.13       0.22   0.23          0.09       -0.01  0.13  0.06      0.22    0.14         0.05     0.04    0.02
DJSTX-SMALL  -0.07 -0.10  0.06 -0.32     0.28         1.00     0.19  0.32       0.39   0.40          0.06       -0.11 -0.00  0.09      0.31    0.28         0.16     0.15    0.10
LIVECOW      -0.13 -0.08 -0.02 -0.15     0.17         0.19     1.00  0.11       0.16   0.17          0.03       -0.01  0.06 -0.06      0.10    0.11         0.06     0.07    0.03
MXP          -0.08  0.00  0.06 -0.21     0.13         0.32     0.11  1.00       0.27   0.26          0.00        0.00  0.02  0.06      0.25    0.21         0.10     0.14    0.08
NIKKEI400    -0.16 -0.19 -0.01 -0.29     0.22         0.39     0.16  0.27       1.00   0.49         -0.01       -0.13 -0.01 -0.01      0.24    0.19         0.08     0.08    0.03
TOPIX        -0.15 -0.19 -0.01 -0.31     0.23         0.40     0.17  0.26       0.49   1.00          0.03       -0.11  0.00 -0.00      0.25    0.22         0.09     0.09    0.04
CRUDE_W_mini  0.04  0.06  0.05 -0.04     0.09         0.06     0.03  0.00      -0.01   0.03          1.00        0.26  0.21  0.12      0.23    0.28         0.11     0.14    0.15
GOLD_micro    0.12  0.20  0.05  0.14    -0.01        -0.11    -0.01  0.00      -0.13  -0.11          0.26        1.00  0.17  0.07      0.10    0.05         0.02     0.11    0.10
IRON         -0.04 -0.07 -0.04 -0.00     0.13        -0.00     0.06  0.02      -0.01   0.00          0.21        0.17  1.00  0.12      0.28    0.16         0.11     0.12    0.09
CORN          0.04  0.02 -0.04  0.06     0.06         0.09    -0.06  0.06      -0.01  -0.00          0.12        0.07  0.12  1.00      0.19    0.13         0.16     0.39    0.26
EU-BASIC     -0.10 -0.11 -0.06 -0.22     0.22         0.31     0.10  0.25       0.24   0.25          0.23        0.10  0.28  0.19      1.00    0.40         0.21     0.22    0.11
EU-OIL       -0.09 -0.08 -0.09 -0.24     0.14         0.28     0.11  0.21       0.19   0.22          0.28        0.05  0.16  0.13      0.40    1.00         0.21     0.16    0.14
GAS_US_mini  -0.08 -0.05 -0.09 -0.07     0.05         0.16     0.06  0.10       0.08   0.09          0.11        0.02  0.11  0.16      0.21    0.21         1.00     0.14    0.15
SOYBEAN      -0.02  0.03  0.03 -0.07     0.04         0.15     0.07  0.14       0.08   0.09          0.14        0.11  0.12  0.39      0.22    0.16         0.14     1.00    0.33
SOYOIL        0.11  0.04  0.06  0.02     0.02         0.10     0.03  0.08       0.03   0.04          0.15        0.10  0.09  0.26      0.11    0.14         0.15     0.33    1.00


********************************************************************************
                                 END OF REPORT                                  
********************************************************************************


