
********************************************************************************
                    Risk report produced on 11/11/2025 22:53                    
********************************************************************************


Total risk across all strategies, annualised percentage 11.0
Percentage of capital used for margin 42.1%

========================================
Risk per strategy, annualised percentage
========================================

                  risk
dynamic_TF_carry  11.0


===================
Risk by asset class
===================

Ags       1.0
Bond      1.9
Equity    8.5
FX        3.6
Metals    2.2
OilGas    2.3
dtype: float64


=====================================================
Beta loadings of asset class positions on asset class
=====================================================

OilGas   -0.06
Metals   -0.01
Ags       0.02
FX        0.03
Bond      0.49
Equity    0.78
dtype: float64


========================================================
Beta loadings of full portfolio positions on asset class
========================================================

OilGas   -0.07
Bond      0.11
Metals    0.11
Ags       0.12
FX        0.36
Equity    0.83
dtype: float64


=================================================================================================================================================================================================================================================================
                                                                                                                         Instrument risk                                                                                                                         
=================================================================================================================================================================================================================================================================

            daily_price_stdev  annual_price_stdev      price  daily_perc_stdev  annual_perc_stdev  point_size_base  contract_exposure  daily_risk_per_contract  annual_risk_per_contract  position  capital  exposure_held_perc_capital  annual_risk_perc_capital
JPY                     0.000               0.001       0.01              0.56                8.9        9525623.9              62016                      344                      5518        -3   620086                       -30.0                      -2.7
GAS-PEN                 0.115               1.839       4.55              2.53               40.4           7620.5              34688                      876                     14017        -1   620086                        -5.6                      -2.3
DAX                   207.714            3323.426   24128.00              0.86               13.8              0.9              21236                      182                      2925        -4   620086                       -13.7                      -1.9
BITCOIN              2901.443           46423.090  103170.00              2.81               45.0              0.1               7862                      221                      3537        -3   620086                        -3.8                      -1.7
GOLD_micro             57.865             925.844    4130.20              1.40               22.4              7.6              31474                      440                      7055        -1   620086                        -5.1                      -1.1
KR10                    0.370               5.920     114.99              0.32                5.1            515.4              59269                      190                      3051        -2   620086                       -19.1                      -1.0
RICE                    0.152               2.433      10.60              1.43               23.0           1524.1              16155                      231                      3708        -1   620086                        -2.6                      -0.6
EUR_micro               0.004               0.064       1.16              0.34                5.5           9525.6              11058                       37                       607        -1   620086                        -1.8                      -0.1
AUD_micro               0.003               0.048       0.65              0.46                7.4           7620.5               4977                       22                       366         4   620086                         3.2                       0.2
MXP                     0.000               0.004       0.05              0.51                8.2         381025.0              20735                      106                      1696         1   620086                         3.3                       0.3
DOW                   341.257            5460.110   48036.00              0.71               11.4              0.4              18302                      130                      2080         1   620086                         3.0                       0.3
BRE                     0.001               0.018       0.19              0.61                9.7          76205.0              14395                       87                      1402         2   620086                         4.6                       0.5
FTSECHINAA            183.863            2941.807   15315.00              1.20               19.2              0.8              11670                      140                      2241         2   620086                         3.8                       0.7
LEANHOG                 1.111              17.775      82.35              1.35               21.6            304.8              25101                      338                      5418         1   620086                         4.0                       0.9
CAD10                   0.383               6.124     122.35              0.31                5.0            542.7              66404                      207                      3323         2   620086                        21.4                       1.1
YENEUR                  0.747              11.948     178.37              0.42                6.7            617.7             110173                      461                      7379         1   620086                        17.8                       1.2
TOPIX                  33.012             528.184    3322.50              0.99               15.9              4.9              16417                      163                      2609         3   620086                         7.9                       1.3
OAT                     0.317               5.076     122.72              0.26                4.1            880.2             108015                      279                      4468         2   620086                        34.8                       1.4
SILVER                  1.006              16.103      50.96              1.98               31.6            762.0              38830                      766                     12271         1   620086                         6.3                       2.0
FTSETAIWAN             28.461             455.383    2276.50              1.25               20.0             30.5              69392                      867                     13880         1   620086                        11.2                       2.2
AEX                     7.902             126.433     969.70              0.81               13.0            176.0             170701                     1391                     22256         1   620086                        27.5                       3.6
MIB                   360.571            5769.138   44020.00              0.82               13.1              4.4             193727                     1586                     25389         1   620086                        31.2                       4.1

Sum of abs(notional exposure % capital) 261.7
Sum of abs(annualised risk % capital) 31.2
Net sum of annualised risk % capital 8.4 

=========================================================================================================================================================================================
                                                                                      Correlations                                                                                       
=========================================================================================================================================================================================

            GOLD_micro  LEANHOG  RICE  SILVER  CAD10  EUR_micro   JPY  KR10   OAT  GAS-PEN  YENEUR  AUD_micro   BRE  FTSECHINAA   MXP   AEX  BITCOIN   DAX   DOW  FTSETAIWAN   MIB  TOPIX
GOLD_micro        1.00     0.15  0.13    0.74   0.12       0.41  0.38  0.13  0.36    -0.23   -0.09       0.20 -0.00        0.04  0.21 -0.08    -0.11 -0.01 -0.19       -0.00 -0.15  -0.07
LEANHOG           0.15     1.00  0.13    0.22   0.03       0.16  0.15  0.05 -0.01    -0.15   -0.05       0.26  0.12        0.18  0.22  0.20     0.17  0.09  0.17        0.03  0.17   0.04
RICE              0.13     0.13  1.00    0.20  -0.08       0.12  0.09  0.05  0.08    -0.10   -0.01       0.15 -0.07       -0.08 -0.05 -0.06    -0.03 -0.06 -0.05       -0.02 -0.01  -0.03
SILVER            0.74     0.22  0.20    1.00   0.00       0.30  0.21 -0.10  0.10    -0.23    0.02       0.23  0.05        0.20  0.21  0.14    -0.05  0.20  0.09        0.22  0.15   0.14
CAD10             0.12     0.03 -0.08    0.00   1.00       0.11  0.39  0.43  0.57    -0.08   -0.46       0.17  0.24       -0.00  0.14  0.17    -0.13  0.11  0.06        0.09  0.15  -0.08
EUR_micro         0.41     0.16  0.12    0.30   0.11       1.00  0.70  0.20  0.01    -0.18    0.01       0.57  0.33        0.08  0.44 -0.14     0.04  0.05 -0.07       -0.12 -0.09  -0.14
JPY               0.38     0.15  0.09    0.21   0.39       0.70  1.00  0.26  0.29    -0.13   -0.69       0.41  0.20        0.00  0.20 -0.13     0.01 -0.02 -0.11       -0.24 -0.07  -0.44
KR10              0.13     0.05  0.05   -0.10   0.43       0.20  0.26  1.00  0.45    -0.30   -0.19       0.11  0.02       -0.03  0.19 -0.02     0.00 -0.03 -0.01       -0.03 -0.09  -0.06
OAT               0.36    -0.01  0.08    0.10   0.57       0.01  0.29  0.45  1.00    -0.25   -0.39       0.04  0.00       -0.05  0.11  0.05    -0.07 -0.07  0.03        0.05 -0.03  -0.06
GAS-PEN          -0.23    -0.15 -0.10   -0.23  -0.08      -0.18 -0.13 -0.30 -0.25     1.00   -0.02       0.03  0.32        0.05 -0.00  0.04     0.06  0.01 -0.04        0.00 -0.03  -0.18
YENEUR           -0.09    -0.05 -0.01    0.02  -0.46       0.01 -0.69 -0.19 -0.39    -0.02    1.00       0.01  0.03        0.08  0.17  0.03    -0.00  0.08  0.06        0.21  0.01   0.47
AUD_micro         0.20     0.26  0.15    0.23   0.17       0.57  0.41  0.11  0.04     0.03    0.01       1.00  0.58        0.41  0.55  0.29     0.31  0.35  0.37        0.30  0.31   0.18
BRE              -0.00     0.12 -0.07    0.05   0.24       0.33  0.20  0.02  0.00     0.32    0.03       0.58  1.00        0.27  0.57  0.29     0.20  0.28  0.30        0.22  0.32   0.04
FTSECHINAA        0.04     0.18 -0.08    0.20  -0.00       0.08  0.00 -0.03 -0.05     0.05    0.08       0.41  0.27        1.00  0.33  0.32     0.08  0.23  0.28        0.29  0.28   0.29
MXP               0.21     0.22 -0.05    0.21   0.14       0.44  0.20  0.19  0.11    -0.00    0.17       0.55  0.57        0.33  1.00  0.22     0.08  0.24  0.12        0.25  0.23   0.12
AEX              -0.08     0.20 -0.06    0.14   0.17      -0.14 -0.13 -0.02  0.05     0.04    0.03       0.29  0.29        0.32  0.22  1.00     0.32  0.67  0.58        0.53  0.73   0.32
BITCOIN          -0.11     0.17 -0.03   -0.05  -0.13       0.04  0.01  0.00 -0.07     0.06   -0.00       0.31  0.20        0.08  0.08  0.32     1.00  0.47  0.45        0.23  0.35   0.16
DAX              -0.01     0.09 -0.06    0.20   0.11       0.05 -0.02 -0.03 -0.07     0.01    0.08       0.35  0.28        0.23  0.24  0.67     0.47  1.00  0.55        0.43  0.77   0.30
DOW              -0.19     0.17 -0.05    0.09   0.06      -0.07 -0.11 -0.01  0.03    -0.04    0.06       0.37  0.30        0.28  0.12  0.58     0.45  0.55  1.00        0.53  0.55   0.43
FTSETAIWAN       -0.00     0.03 -0.02    0.22   0.09      -0.12 -0.24 -0.03  0.05     0.00    0.21       0.30  0.22        0.29  0.25  0.53     0.23  0.43  0.53        1.00  0.53   0.60
MIB              -0.15     0.17 -0.01    0.15   0.15      -0.09 -0.07 -0.09 -0.03    -0.03    0.01       0.31  0.32        0.28  0.23  0.73     0.35  0.77  0.55        0.53  1.00   0.37
TOPIX            -0.07     0.04 -0.03    0.14  -0.08      -0.14 -0.44 -0.06 -0.06    -0.18    0.47       0.18  0.04        0.29  0.12  0.32     0.16  0.30  0.43        0.60  0.37   1.00


********************************************************************************
                                 END OF REPORT                                  
********************************************************************************


