
********************************************************************************
                    Risk report produced on 24/01/2024 22:51                    
********************************************************************************


Total risk across all strategies, annualised percentage 8.7
Percentage of capital used for margin 58.7%

========================================
Risk per strategy, annualised percentage
========================================

                  risk
dynamic_TF_carry   8.7


===================
Risk by asset class
===================

Ags       1.8
Bond      2.0
Equity    4.0
FX        4.5
Metals    2.7
OilGas    1.2
Vol       1.5
dtype: float64


=====================================================
Beta loadings of asset class positions on asset class
=====================================================

FX       -0.29
Ags      -0.07
Vol      -0.03
Metals   -0.02
OilGas   -0.01
Bond      0.21
Equity    0.29
dtype: float64


========================================================
Beta loadings of full portfolio positions on asset class
========================================================

FX       -0.31
Bond     -0.17
Vol      -0.12
Metals   -0.02
Ags      -0.01
OilGas    0.01
Equity    0.44
dtype: float64


==================================================================================================================================================================================================================================================================
                                                                                                                         Instrument risk                                                                                                                          
==================================================================================================================================================================================================================================================================

              daily_price_stdev  annual_price_stdev     price  daily_perc_stdev  annual_perc_stdev  point_size_base  contract_exposure  daily_risk_per_contract  annual_risk_per_contract  position  capital  exposure_held_perc_capital  annual_risk_perc_capital
JPY                       0.000               0.001      0.01              0.64               10.2        9839962.8              67256                      428                      6856        -2   368082                       -36.5                      -3.7
PLAT                     14.485             231.764    909.40              1.59               25.5             39.4              35793                      570                      9122        -1   368082                        -9.7                      -2.5
LEANHOG                   1.316              21.057     82.15              1.60               25.6            314.9              25867                      414                      6630        -1   368082                        -7.0                      -1.8
VIX                       0.450               7.199     15.00              3.00               48.0            787.2              11807                      354                      5667        -1   368082                        -3.2                      -1.5
GAS_US_mini               0.139               2.230      2.26              6.18               98.9           1968.0               4437                      274                      4388        -1   368082                        -1.2                      -1.2
BOBL                      0.314               5.029    117.45              0.27                4.3            855.1             100427                      268                      4300        -1   368082                       -27.3                      -1.2
RUSSELL                  25.108             401.734   1980.50              1.27               20.3              3.9               7795                       98                      1581        -2   368082                        -4.2                      -0.9
KOSDAQ                   21.120             337.927   1279.00              1.65               26.4              5.9               7563                      124                      1998        -1   368082                        -2.1                      -0.5
COPPER-micro              0.047               0.751      3.87              1.21               19.4           1968.0               7624                       92                      1477        -1   368082                        -2.1                      -0.4
EUR_micro                 0.005               0.074      1.09              0.42                6.8           9840.0              10733                       45                       726        -2   368082                        -5.8                      -0.4
TOPIX                    19.772             316.347   2524.25              0.78               12.5              5.3              13436                      105                      1683         1   368082                         3.7                       0.5
BITCOIN                1198.515           19176.234  40260.00              2.98               47.6              0.1               3169                       94                      1509         2   368082                         1.7                       0.8
CNH                       0.019               0.310      7.16              0.27                4.3          10972.1              78533                      212                      3406         1   368082                        21.3                       0.9
MXP                       0.000               0.006      0.06              0.67               10.6         393598.5              22651                      150                      2410         2   368082                        12.3                       1.3
IRON                      2.132              34.112    131.95              1.62               25.9             78.7              10387                      167                      2685         2   368082                         5.6                       1.5
NIKKEI                  345.113            5521.810  36140.00              0.95               15.3              0.5              19237                      183                      2939         2   368082                        10.5                       1.6
FTSETAIWAN               13.432             214.913   1539.75              0.87               14.0             31.5              48483                      422                      6767         1   368082                        13.2                       1.8
R1000                    11.860             189.763   1631.60              0.73               11.6             39.4              64219                      466                      7469         1   368082                        17.4                       2.0
KR10                      0.480               7.681    113.13              0.42                6.8            591.4              66903                      283                      4542         2   368082                        36.4                       2.5

Sum of abs(notional exposure % capital) 221.2
Sum of abs(annualised risk % capital) 27.0
Net sum of annualised risk % capital -1.2 

=======================================================================================================================================================================
                                                                             Correlations                                                                              
=======================================================================================================================================================================

               CNH   VIX  FTSETAIWAN  KOSDAQ   MXP  NIKKEI  R1000  RUSSELL  TOPIX  BITCOIN  GAS_US_mini  LEANHOG  BOBL  COPPER-micro  EUR_micro  IRON   JPY  KR10  PLAT
CNH           1.00  0.09       -0.40   -0.26 -0.15   -0.05  -0.30    -0.35   0.05    -0.10         0.24    -0.14 -0.32         -0.64      -0.57 -0.36 -0.55 -0.45 -0.49
VIX           0.09  1.00       -0.50   -0.44 -0.50   -0.59  -0.69    -0.62  -0.62    -0.03         0.01    -0.16  0.05         -0.29      -0.15 -0.15  0.05 -0.25 -0.00
FTSETAIWAN   -0.40 -0.50        1.00    0.52  0.32    0.51   0.54     0.55   0.40     0.05        -0.05     0.15  0.09          0.42       0.34  0.38  0.14  0.41  0.17
KOSDAQ       -0.26 -0.44        0.52    1.00  0.40    0.31   0.58     0.51   0.27     0.09        -0.04     0.11  0.22          0.43       0.20  0.37  0.13  0.39  0.24
MXP          -0.15 -0.50        0.32    0.40  1.00    0.41   0.47     0.39   0.41     0.07         0.01     0.03 -0.10          0.33       0.43  0.25  0.14  0.15  0.25
NIKKEI       -0.05 -0.59        0.51    0.31  0.41    1.00   0.49     0.43   0.93    -0.01         0.19     0.12 -0.14          0.16       0.13  0.17 -0.33  0.22 -0.00
R1000        -0.30 -0.69        0.54    0.58  0.47    0.49   1.00     0.89   0.46     0.19         0.01     0.23  0.25          0.45       0.39  0.20  0.19  0.41  0.30
RUSSELL      -0.35 -0.62        0.55    0.51  0.39    0.43   0.89     1.00   0.36     0.19        -0.14     0.20  0.27          0.48       0.37  0.19  0.26  0.39  0.32
TOPIX         0.05 -0.62        0.40    0.27  0.41    0.93   0.46     0.36   1.00    -0.01         0.21     0.11 -0.16          0.13       0.03  0.17 -0.33  0.14 -0.06
BITCOIN      -0.10 -0.03        0.05    0.09  0.07   -0.01   0.19     0.19  -0.01     1.00         0.04    -0.03  0.27          0.15       0.06  0.12  0.04  0.11  0.05
GAS_US_mini   0.24  0.01       -0.05   -0.04  0.01    0.19   0.01    -0.14   0.21     0.04         1.00     0.15 -0.07         -0.08      -0.04 -0.17 -0.24  0.04 -0.08
LEANHOG      -0.14 -0.16        0.15    0.11  0.03    0.12   0.23     0.20   0.11    -0.03         0.15     1.00  0.09          0.24       0.11  0.04  0.02  0.14  0.05
BOBL         -0.32  0.05        0.09    0.22 -0.10   -0.14   0.25     0.27  -0.16     0.27        -0.07     0.09  1.00          0.14       0.19  0.13  0.43  0.59  0.25
COPPER-micro -0.64 -0.29        0.42    0.43  0.33    0.16   0.45     0.48   0.13     0.15        -0.08     0.24  0.14          1.00       0.47  0.44  0.39  0.27  0.54
EUR_micro    -0.57 -0.15        0.34    0.20  0.43    0.13   0.39     0.37   0.03     0.06        -0.04     0.11  0.19          0.47       1.00  0.14  0.49  0.38  0.45
IRON         -0.36 -0.15        0.38    0.37  0.25    0.17   0.20     0.19   0.17     0.12        -0.17     0.04  0.13          0.44       0.14  1.00  0.21  0.12  0.30
JPY          -0.55  0.05        0.14    0.13  0.14   -0.33   0.19     0.26  -0.33     0.04        -0.24     0.02  0.43          0.39       0.49  0.21  1.00  0.40  0.51
KR10         -0.45 -0.25        0.41    0.39  0.15    0.22   0.41     0.39   0.14     0.11         0.04     0.14  0.59          0.27       0.38  0.12  0.40  1.00  0.28
PLAT         -0.49 -0.00        0.17    0.24  0.25   -0.00   0.30     0.32  -0.06     0.05        -0.08     0.05  0.25          0.54       0.45  0.30  0.51  0.28  1.00


********************************************************************************
                                 END OF REPORT                                  
********************************************************************************


