
********************************************************************************
                    Risk report produced on 21/06/2024 22:51                    
********************************************************************************


Total risk across all strategies, annualised percentage 9.2
Percentage of capital used for margin 77.3%

========================================
Risk per strategy, annualised percentage
========================================

                  risk
dynamic_TF_carry   9.2


===================
Risk by asset class
===================

Ags       1.2
Bond      1.4
Equity    5.9
FX        2.8
OilGas    0.6
Vol       3.3
dtype: float64


=====================================================
Beta loadings of asset class positions on asset class
=====================================================

Bond     -0.17
Vol      -0.10
FX       -0.03
OilGas   -0.01
Ags       0.04
Equity    0.56
dtype: float64


========================================================
Beta loadings of full portfolio positions on asset class
========================================================

Vol      -0.27
Bond     -0.19
OilGas    0.01
Ags       0.08
FX        0.68
Equity    0.75
dtype: float64


==================================================================================================================================================================================================================================================================
                                                                                                                         Instrument risk                                                                                                                          
==================================================================================================================================================================================================================================================================

              daily_price_stdev  annual_price_stdev     price  daily_perc_stdev  annual_perc_stdev  point_size_base  contract_exposure  daily_risk_per_contract  annual_risk_per_contract  position  capital  exposure_held_perc_capital  annual_risk_perc_capital
VIX                       0.325               5.208     15.35              2.12               33.9            789.3              12115                      256                      4110        -5   644817                        -9.4                      -3.2
EUROSTX                  44.986             719.773   4965.00              0.91               14.5              8.5              42002                      380                      6089        -2   644817                       -13.0                      -1.9
JPY                       0.000               0.001      0.01              0.57                9.1        9866214.1              62635                      356                      5704        -2   644817                       -19.4                      -1.8
BUND                      0.659              10.540    132.51              0.50                8.0            846.0             112099                      557                      8916        -1   644817                       -17.4                      -1.4
GAS_US_mini               0.114               1.819      2.84              4.00               64.0           1973.2               5604                      224                      3588        -1   644817                        -0.9                      -0.6
CORN                      5.544              88.710    453.25              1.22               19.6             39.5              17887                      218                      3500        -1   644817                        -2.8                      -0.5
FTSECHINAA              104.827            1677.235  11869.00              0.88               14.1              0.8               9368                       82                      1323        -2   644817                        -2.9                      -0.4
RUSSELL                  22.230             355.684   2038.60              1.09               17.4              3.9               8045                       87                      1403        -1   644817                        -1.2                      -0.2
V2X                       0.386               6.180     16.95              2.28               36.5             84.6               1433                       32                       522        -2   644817                        -0.4                      -0.2
MSCISING                  1.931              30.903    312.45              0.62                9.9             58.3              18221                      112                      1802         1   644817                         2.8                       0.3
TOPIX                    22.955             367.276   2729.75              0.84               13.5              5.0              13555                      113                      1823         1   644817                         2.1                       0.3
SP500_micro              34.594             553.511   5432.50              0.63               10.1              3.9              21439                      136                      2184         1   644817                         3.3                       0.3
LIVECOW                   1.389              22.226    183.28              0.76               12.1            315.7              57863                      438                      7017         1   644817                         9.0                       1.1
YENEUR                    0.812              12.997    169.16              0.48                7.7            620.7             105000                      504                      8067         1   644817                        16.3                       1.3
NASDAQ_micro            162.602            2601.640  20008.50              0.81               13.0              1.6              31585                      256                      4106         2   644817                         9.8                       1.3
NIKKEI                  351.706            5627.295  38575.00              0.91               14.6              0.5              19155                      174                      2794         3   644817                         8.9                       1.3
AEX                       6.113              97.805    924.60              0.66               10.6            169.2             156436                     1034                     16547         1   644817                        24.3                       2.6
MIB                     349.905            5598.485  33415.00              1.05               16.8              4.2             141340                     1480                     23680         1   644817                        21.9                       3.7

Sum of abs(notional exposure % capital) 165.8
Sum of abs(annualised risk % capital) 22.4
Net sum of annualised risk % capital 2.0 

======================================================================================================================================================================
                                                                             Correlations                                                                             
======================================================================================================================================================================

               V2X   VIX  BUND   JPY   AEX  EUROSTX   MIB  MSCISING  NASDAQ_micro  NIKKEI  RUSSELL  SP500_micro  TOPIX  GAS_US_mini  YENEUR  CORN  FTSECHINAA  LIVECOW
V2X           1.00  0.81  0.08 -0.09 -0.60    -0.74 -0.70     -0.29         -0.43   -0.44    -0.59        -0.59  -0.43        -0.17   -0.25 -0.07       -0.12    -0.07
VIX           0.81  1.00  0.05 -0.17 -0.50    -0.64 -0.58     -0.30         -0.57   -0.37    -0.60        -0.70  -0.42        -0.16   -0.21 -0.11       -0.23    -0.12
BUND          0.08  0.05  1.00  0.39  0.27     0.23  0.06      0.09          0.25   -0.05     0.20         0.24  -0.09        -0.04   -0.31 -0.00       -0.08    -0.10
JPY          -0.09 -0.17  0.39  1.00  0.20     0.30  0.17      0.20          0.28   -0.29     0.27         0.31  -0.29        -0.11   -0.66  0.09        0.02     0.04
AEX          -0.60 -0.50  0.27  0.20  1.00     0.83  0.66      0.40          0.58    0.46     0.69         0.70   0.37         0.02    0.05  0.01        0.22     0.08
EUROSTX      -0.74 -0.64  0.23  0.30  0.83     1.00  0.86      0.29          0.50    0.38     0.71         0.69   0.33        -0.00    0.05  0.03        0.13     0.03
MIB          -0.70 -0.58  0.06  0.17  0.66     0.86  1.00      0.38          0.35    0.47     0.68         0.60   0.46         0.02    0.19  0.02        0.11     0.10
MSCISING     -0.29 -0.30  0.09  0.20  0.40     0.29  0.38      1.00          0.27    0.33     0.37         0.37   0.35         0.10    0.01  0.17        0.39     0.09
NASDAQ_micro -0.43 -0.57  0.25  0.28  0.58     0.50  0.35      0.27          1.00    0.43     0.62         0.92   0.32         0.13    0.07  0.12        0.18     0.25
NIKKEI       -0.44 -0.37 -0.05 -0.29  0.46     0.38  0.47      0.33          0.43    1.00     0.48         0.49   0.93         0.22    0.44  0.05        0.14     0.06
RUSSELL      -0.59 -0.60  0.20  0.27  0.69     0.71  0.68      0.37          0.62    0.48     1.00         0.78   0.42         0.06    0.04  0.09        0.13     0.14
SP500_micro  -0.59 -0.70  0.24  0.31  0.70     0.69  0.60      0.37          0.92    0.49     0.78         1.00   0.42         0.16    0.10  0.13        0.22     0.24
TOPIX        -0.43 -0.42 -0.09 -0.29  0.37     0.33  0.46      0.35          0.32    0.93     0.42         0.42   1.00         0.23    0.42  0.02        0.19     0.06
GAS_US_mini  -0.17 -0.16 -0.04 -0.11  0.02    -0.00  0.02      0.10          0.13    0.22     0.06         0.16   0.23         1.00    0.22  0.09        0.07     0.18
YENEUR       -0.25 -0.21 -0.31 -0.66  0.05     0.05  0.19      0.01          0.07    0.44     0.04         0.10   0.42         0.22    1.00  0.05        0.16     0.05
CORN         -0.07 -0.11 -0.00  0.09  0.01     0.03  0.02      0.17          0.12    0.05     0.09         0.13   0.02         0.09    0.05  1.00        0.01     0.08
FTSECHINAA   -0.12 -0.23 -0.08  0.02  0.22     0.13  0.11      0.39          0.18    0.14     0.13         0.22   0.19         0.07    0.16  0.01        1.00     0.30
LIVECOW      -0.07 -0.12 -0.10  0.04  0.08     0.03  0.10      0.09          0.25    0.06     0.14         0.24   0.06         0.18    0.05  0.08        0.30     1.00


********************************************************************************
                                 END OF REPORT                                  
********************************************************************************


