
********************************************************************************
                    Risk report produced on 28/10/2025 22:53                    
********************************************************************************


Total risk across all strategies, annualised percentage 12.8
Percentage of capital used for margin 44.1%

========================================
Risk per strategy, annualised percentage
========================================

                  risk
dynamic_TF_carry  12.8


===================
Risk by asset class
===================

Ags        1.0
Bond       4.5
Equity    10.4
FX         3.8
Metals     2.3
OilGas     3.1
dtype: float64


=====================================================
Beta loadings of asset class positions on asset class
=====================================================

FX       -0.09
OilGas   -0.06
Ags      -0.01
Metals    0.01
Bond      0.85
Equity    1.00
dtype: float64


========================================================
Beta loadings of full portfolio positions on asset class
========================================================

OilGas   -0.09
Ags       0.06
Metals    0.15
Bond      0.65
FX        0.75
Equity    1.05
dtype: float64


==================================================================================================================================================================================================================================================================
                                                                                                                         Instrument risk                                                                                                                          
==================================================================================================================================================================================================================================================================

             daily_price_stdev  annual_price_stdev      price  daily_perc_stdev  annual_perc_stdev  point_size_base  contract_exposure  daily_risk_per_contract  annual_risk_per_contract  position  capital  exposure_held_perc_capital  annual_risk_perc_capital
JPY                      0.000               0.001       0.01              0.59                9.4        9361402.6              61850                      363                      5809        -3   618155                       -30.0                      -2.8
GAS-PEN                  0.110               1.768       3.33              3.32               53.1           7489.1              24938                      827                     13237        -1   618155                        -4.0                      -2.1
BITCOIN               2655.995           42495.922  113755.00              2.33               37.4              0.1               8519                      198                      3182        -2   618155                        -2.8                      -1.0
GAS_US_mini              0.104               1.658       3.84              2.70               43.2           1872.3               7180                      193                      3103        -2   618155                        -2.3                      -1.0
WHEAT                    6.433             102.926     530.25              1.21               19.4             37.4              19855                      240                      3854        -1   618155                        -3.2                      -0.6
RICE                     0.144               2.298      10.62              1.35               21.6           1497.8              15906                      215                      3442        -1   618155                        -2.6                      -0.6
SP500_micro             56.868             909.895    6924.75              0.82               13.1              3.7              25930                      212                      3407        -1   618155                        -4.2                      -0.6
KRWUSD_mini              0.003               0.056       0.70              0.50                8.0          18722.8              13062                       64                      1039        -3   618155                        -6.3                      -0.5
DOW                    354.516            5672.258   47897.00              0.74               11.8              0.4              17935                      132                      2124        -1   618155                        -2.9                      -0.3
AUD_micro                0.003               0.050       0.66              0.47                7.6           7489.1               4933                       23                       373         3   618155                         2.4                       0.2
MXP                      0.000               0.004       0.05              0.46                7.4         374456.1              20213                       93                      1502         1   618155                         3.3                       0.2
TOPIX                   37.125             593.996    3293.50              1.13               18.0              4.9              16222                      182                      2925         1   618155                         2.6                       0.5
KOSPI_mini               7.206             115.299     557.08              1.29               20.7             25.9              14450                      186                      2990         1   618155                         2.3                       0.5
GBP                      0.005               0.077       1.33              0.36                5.8          46807.0              62150                      226                      3618         1   618155                        10.1                       0.6
US10U                    0.370               5.924     116.64              0.32                5.1            748.9              87353                      277                      4436         1   618155                        14.1                       0.7
LEANHOG                  0.998              15.963      80.65              1.24               19.8            299.6              24159                      298                      4781         1   618155                         3.9                       0.8
FTSECHINAA             204.639            3274.220   15731.00              1.30               20.8              0.7              11781                      153                      2452         2   618155                         3.8                       0.8
NIKKEI                 697.522           11160.346   50195.00              1.39               22.2              0.5              24723                      343                      5497         1   618155                         4.0                       0.9
YENEUR                   0.752              12.039     176.89              0.43                6.8            615.7             108908                      463                      7412         1   618155                        17.6                       1.2
CAD10                    0.329               5.262     123.52              0.27                4.3            534.9              66068                      175                      2814         3   618155                        32.1                       1.4
US30                     0.765              12.240     123.84              0.62                9.9            748.9              92748                      572                      9166         1   618155                        15.0                       1.5
SPI200                  50.687             810.984    9034.00              0.56                9.0             12.3             110781                      621                      9944         1   618155                        17.9                       1.6
OAT                      0.358               5.726     122.64              0.29                4.7            872.9             107054                      312                      4998         2   618155                        34.6                       1.6
MSCIEAFA                19.146             306.332    2843.20              0.67               10.8             37.4             106465                      716                     11470         1   618155                        17.2                       1.9
SILVER                   1.094              17.497      47.12              2.32               37.1            748.9              35288                      818                     13103         1   618155                         5.7                       2.1
AEX                      7.963             127.407     973.20              0.82               13.1            174.6             169903                     1390                     22243         1   618155                        27.5                       3.6
MIB                    344.444            5511.103   42725.00              0.81               12.9              4.4             186476                     1503                     24053         1   618155                        30.2                       3.9

Sum of abs(notional exposure % capital) 302.6
Sum of abs(annualised risk % capital) 33.5
Net sum of annualised risk % capital 14.5 

============================================================================================================================================================================================================================================
                                                                                                                Correlations                                                                                                                
============================================================================================================================================================================================================================================

             CAD10   OAT  US10U  US30   JPY   AEX   DOW  KOSPI_mini   MIB  MSCIEAFA  NIKKEI  SP500_micro  SPI200  TOPIX  AUD_micro  BITCOIN  FTSECHINAA   GBP  KRWUSD_mini   MXP  SILVER  GAS-PEN  GAS_US_mini  LEANHOG  RICE  WHEAT  YENEUR
CAD10         1.00  0.60   0.82  0.81  0.34 -0.02 -0.16       -0.04 -0.09     -0.27   -0.05        -0.18   -0.18  -0.05      -0.26    -0.06       -0.19  0.05        -0.05 -0.15   -0.33    -0.18        -0.21    -0.19 -0.17  -0.23   -0.52
OAT           0.60  1.00   0.52  0.53  0.25  0.02  0.02       -0.10 -0.05     -0.08   -0.10         0.01    0.20  -0.11      -0.18    -0.08       -0.09 -0.06         0.02 -0.07   -0.11    -0.31        -0.33    -0.17 -0.16  -0.08   -0.51
US10U         0.82  0.52   1.00  0.95  0.28 -0.03 -0.22        0.03 -0.15     -0.32   -0.03        -0.23   -0.19  -0.05      -0.27    -0.04       -0.21  0.03        -0.10 -0.13   -0.30    -0.08        -0.13    -0.25 -0.24  -0.31   -0.46
US30          0.81  0.53   0.95  1.00  0.22 -0.01 -0.15        0.04 -0.13     -0.29   -0.01        -0.15   -0.18  -0.03      -0.27    -0.02       -0.17 -0.01        -0.14 -0.09   -0.26    -0.11        -0.17    -0.26 -0.28  -0.26   -0.41
JPY           0.34  0.25   0.28  0.22  1.00 -0.07 -0.04       -0.15 -0.10      0.16   -0.32        -0.10    0.00  -0.32       0.30     0.11        0.01  0.53         0.60  0.06    0.04    -0.09        -0.10    -0.09  0.16   0.02   -0.68
AEX          -0.02  0.02  -0.03 -0.01 -0.07  1.00  0.57        0.56  0.75      0.61    0.45         0.62    0.60   0.49       0.35     0.23        0.40  0.14        -0.01  0.25    0.35     0.08         0.06     0.17 -0.00   0.11    0.03
DOW          -0.16  0.02  -0.22 -0.15 -0.04  0.57  1.00        0.35  0.55      0.76    0.41         0.93    0.77   0.45       0.50     0.24        0.40  0.18         0.18  0.19    0.33     0.00        -0.02     0.20  0.04   0.11    0.09
KOSPI_mini   -0.04 -0.10   0.03  0.04 -0.15  0.56  0.35        1.00  0.43      0.39    0.56         0.43    0.36   0.44       0.37     0.23        0.25  0.08        -0.02  0.13    0.20     0.21         0.20    -0.05  0.01   0.23    0.14
MIB          -0.09 -0.05  -0.15 -0.13 -0.10  0.75  0.55        0.43  1.00      0.69    0.51         0.57    0.62   0.61       0.38     0.28        0.35  0.22        -0.00  0.24    0.36     0.01         0.01     0.25  0.09   0.02    0.08
MSCIEAFA     -0.27 -0.08  -0.32 -0.29  0.16  0.61  0.76        0.39  0.69      1.00    0.50         0.78    0.77   0.56       0.76     0.22        0.41  0.53         0.35  0.36    0.50     0.01         0.01     0.23  0.20   0.13    0.16
NIKKEI       -0.05 -0.10  -0.03 -0.01 -0.32  0.45  0.41        0.56  0.51      0.50    1.00         0.49    0.42   0.91       0.35     0.15        0.18  0.19        -0.09  0.16    0.10     0.06         0.05     0.03 -0.05  -0.09    0.32
SP500_micro  -0.18  0.01  -0.23 -0.15 -0.10  0.62  0.93        0.43  0.57      0.78    0.49         1.00    0.77   0.51       0.55     0.24        0.39  0.19         0.15  0.27    0.38     0.02         0.02     0.21  0.11   0.16    0.13
SPI200       -0.18  0.20  -0.19 -0.18  0.00  0.60  0.77        0.36  0.62      0.77    0.42         0.77    1.00   0.48       0.49     0.29        0.31  0.19         0.20  0.19    0.39     0.02         0.02     0.18  0.04   0.11   -0.00
TOPIX        -0.05 -0.11  -0.05 -0.03 -0.32  0.49  0.45        0.44  0.61      0.56    0.91         0.51    0.48   1.00       0.37     0.13        0.26  0.20        -0.12  0.18    0.14     0.01        -0.01     0.13 -0.07  -0.10    0.32
AUD_micro    -0.26 -0.18  -0.27 -0.27  0.30  0.35  0.50        0.37  0.38      0.76    0.35         0.55    0.49   0.37       1.00     0.24        0.40  0.65         0.54  0.44    0.53     0.08         0.13     0.19  0.24   0.23    0.16
BITCOIN      -0.06 -0.08  -0.04 -0.02  0.11  0.23  0.24        0.23  0.28      0.22    0.15         0.24    0.29   0.13       0.24     1.00        0.10  0.11         0.14  0.09    0.02     0.05         0.07    -0.04  0.02  -0.06   -0.06
FTSECHINAA   -0.19 -0.09  -0.21 -0.17  0.01  0.40  0.40        0.25  0.35      0.41    0.18         0.39    0.31   0.26       0.40     0.10        1.00  0.21         0.16  0.32    0.31     0.10         0.12     0.12 -0.06   0.21    0.12
GBP           0.05 -0.06   0.03 -0.01  0.53  0.14  0.18        0.08  0.22      0.53    0.19         0.19    0.19   0.20       0.65     0.11        0.21  1.00         0.57  0.43    0.28    -0.06        -0.01     0.11  0.19  -0.04    0.10
KRWUSD_mini  -0.05  0.02  -0.10 -0.14  0.60 -0.01  0.18       -0.02 -0.00      0.35   -0.09         0.15    0.20  -0.12       0.54     0.14        0.16  0.57         1.00  0.22    0.19     0.12         0.17     0.07  0.19   0.15   -0.18
MXP          -0.15 -0.07  -0.13 -0.09  0.06  0.25  0.19        0.13  0.24      0.36    0.16         0.27    0.19   0.18       0.44     0.09        0.32  0.43         0.22  1.00    0.34    -0.06        -0.02     0.12 -0.03   0.14    0.29
SILVER       -0.33 -0.11  -0.30 -0.26  0.04  0.35  0.33        0.20  0.36      0.50    0.10         0.38    0.39   0.14       0.53     0.02        0.31  0.28         0.19  0.34    1.00     0.01         0.07     0.25  0.22   0.25    0.14
GAS-PEN      -0.18 -0.31  -0.08 -0.11 -0.09  0.08  0.00        0.21  0.01      0.01    0.06         0.02    0.02   0.01       0.08     0.05        0.10 -0.06         0.12 -0.06    0.01     1.00         0.97     0.01  0.07   0.20    0.06
GAS_US_mini  -0.21 -0.33  -0.13 -0.17 -0.10  0.06 -0.02        0.20  0.01      0.01    0.05         0.02    0.02  -0.01       0.13     0.07        0.12 -0.01         0.17 -0.02    0.07     0.97         1.00     0.01  0.10   0.18    0.09
LEANHOG      -0.19 -0.17  -0.25 -0.26 -0.09  0.17  0.20       -0.05  0.25      0.23    0.03         0.21    0.18   0.13       0.19    -0.04        0.12  0.11         0.07  0.12    0.25     0.01         0.01     1.00  0.17   0.20    0.18
RICE         -0.17 -0.16  -0.24 -0.28  0.16 -0.00  0.04        0.01  0.09      0.20   -0.05         0.11    0.04  -0.07       0.24     0.02       -0.06  0.19         0.19 -0.03    0.22     0.07         0.10     0.17  1.00   0.04   -0.02
WHEAT        -0.23 -0.08  -0.31 -0.26  0.02  0.11  0.11        0.23  0.02      0.13   -0.09         0.16    0.11  -0.10       0.23    -0.06        0.21 -0.04         0.15  0.14    0.25     0.20         0.18     0.20  0.04   1.00    0.03
YENEUR       -0.52 -0.51  -0.46 -0.41 -0.68  0.03  0.09        0.14  0.08      0.16    0.32         0.13   -0.00   0.32       0.16    -0.06        0.12  0.10        -0.18  0.29    0.14     0.06         0.09     0.18 -0.02   0.03    1.00


********************************************************************************
                                 END OF REPORT                                  
********************************************************************************


