
********************************************************************************
                    Risk report produced on 19/09/2025 22:53                    
********************************************************************************


Total risk across all strategies, annualised percentage 19.8
Percentage of capital used for margin 45.9%

========================================
Risk per strategy, annualised percentage
========================================

                  risk
dynamic_TF_carry  19.7


===================
Risk by asset class
===================

Ags        4.5
Bond       3.8
Equity    13.3
FX         2.7
Metals     4.4
OilGas     1.8
Sector     1.3
dtype: float64


=====================================================
Beta loadings of asset class positions on asset class
=====================================================

Sector   -0.06
OilGas   -0.04
Metals    0.23
FX        0.25
Ags       0.26
Bond      0.61
Equity    0.92
dtype: float64


========================================================
Beta loadings of full portfolio positions on asset class
========================================================

OilGas   -0.01
Sector    0.39
Metals    0.52
Bond      0.56
Ags       0.67
Equity    1.04
FX        1.94
dtype: float64


====================================================================================================================================================================================================================================================================
                                                                                                                          Instrument risk                                                                                                                           
====================================================================================================================================================================================================================================================================

               daily_price_stdev  annual_price_stdev      price  daily_perc_stdev  annual_perc_stdev  point_size_base  contract_exposure  daily_risk_per_contract  annual_risk_per_contract  position  capital  exposure_held_perc_capital  annual_risk_perc_capital
DAX                      195.189            3123.021   23621.00              0.83               13.2              0.9              20532                      169                      2714        -7   581856                       -24.7                      -3.3
GAS-PEN                    0.091               1.454       2.94              3.10               49.5           7383.6              21678                      671                     10737        -1   581856                        -3.7                      -1.8
JPY                        0.000               0.001       0.01              0.53                8.4        9229553.8              62959                      332                      5313        -2   581856                       -21.6                      -1.8
DX                         0.402               6.430      96.98              0.41                6.6            738.4              71602                      296                      4747        -2   581856                       -24.6                      -1.6
EU-TECH                   10.978             175.646     826.50              1.33               21.3             43.5              35920                      477                      7633        -1   581856                        -6.2                      -1.3
WHEAT                      6.102              97.639     525.00              1.16               18.6             36.9              19382                      225                      3604        -1   581856                        -3.3                      -0.6
BITCOIN                 2308.268           36932.282  118920.00              1.94               31.1              0.1               8780                      170                      2726        -1   581856                        -1.5                      -0.5
KRWUSD_mini                0.004               0.056       0.72              0.49                7.8          18459.1              13261                       64                      1039        -2   581856                        -4.6                      -0.4
BRE                        0.001               0.016       0.19              0.54                8.6          73836.4              13873                       74                      1189         1   581856                         2.4                       0.2
CRUDE_W_micro              1.010              16.165      63.00              1.60               25.7             73.8               4651                       74                      1193         1   581856                         0.8                       0.2
FTSECHINAA               150.364            2405.816   15016.00              1.00               16.0              0.7              11087                      111                      1776         1   581856                         1.9                       0.3
GOLD_micro                27.335             437.358    3674.70              0.74               11.9              7.4              27132                      201                      3229         1   581856                         4.7                       0.6
CAD10                      0.385               6.167     122.33              0.32                5.0            534.8              65420                      206                      3297         1   581856                        11.2                       0.6
NIKKEI                   448.686            7178.974   44900.00              1.00               16.0              0.5              22472                      224                      3593         1   581856                         3.9                       0.6
GBP                        0.005               0.081       1.36              0.37                6.0          46147.8              62562                      234                      3745         1   581856                        10.8                       0.6
TOPIX                     26.234             419.742    3131.25              0.84               13.4              5.0              15672                      131                      2100         2   581856                         5.4                       0.7
RUSSELL                   26.999             431.982    2487.70              1.09               17.4              3.7               9184                       99                      1594         3   581856                         4.7                       0.8
OAT                        0.398               6.369     121.40              0.33                5.2            869.2             105524                      345                      5535         1   581856                        18.1                       1.0
BTP                        0.407               6.511     119.92              0.34                5.4            869.2             104237                      353                      5659         1   581856                        17.9                       1.0
YENEUR                     0.635              10.162     173.66              0.37                5.9            625.6             108647                      397                      6357         1   581856                        18.7                       1.1
LEANHOG                    0.925              14.795      87.78              1.05               16.9            295.3              25923                      273                      4369         2   581856                         8.9                       1.5
US30                       0.898              14.369     120.25              0.75               11.9            738.4              88788                      663                     10609         1   581856                        15.3                       1.8
SILVER                     0.528               8.446      42.12              1.25               20.0            738.4              31103                      389                      6236         2   581856                        10.7                       2.1
MSCITAIWAN                11.035             176.553    1103.80              1.00               16.0             73.8              81500                      814                     13036         1   581856                        14.0                       2.2
PLAT                      23.409             374.537    1416.40              1.65               26.4             36.9              52290                      864                     13827         1   581856                         9.0                       2.4
FEEDCOW                    3.800              60.793     347.48              1.09               17.5            369.2             128281                     1402                     22443         1   581856                        22.0                       3.9
MSCIEAFA                  20.133             322.130    2773.70              0.73               11.6             36.9             102400                      743                     11892         2   581856                        35.2                       4.1
MIB                      359.807            5756.911   42185.00              0.85               13.6              4.3             183341                     1563                     25020         1   581856                        31.5                       4.3
AEX                       10.639             170.219     934.65              1.14               18.2            173.8             162484                     1849                     29591         1   581856                        27.9                       5.1

Sum of abs(notional exposure % capital) 365.2
Sum of abs(annualised risk % capital) 46.4
Net sum of annualised risk % capital 23.8 

============================================================================================================================================================================================================================================================
                                                                                                                        Correlations                                                                                                                        
============================================================================================================================================================================================================================================================

                AEX  BITCOIN   BRE   DAX  EU-TECH  FTSECHINAA   MIB  MSCIEAFA  MSCITAIWAN  NIKKEI  PLAT  RUSSELL  SILVER  TOPIX  CRUDE_W_micro  FEEDCOW  YENEUR    DX  GAS-PEN   BTP  CAD10   JPY   OAT  US30   GBP  GOLD_micro  KRWUSD_mini  LEANHOG  WHEAT
AEX            1.00     0.44  0.37  0.82     0.88        0.42  0.82      0.77        0.75    0.62  0.39     0.69    0.47   0.60           0.37     0.27    0.17  0.08     0.04  0.27   0.11 -0.25  0.15  0.19  0.30        0.18         0.14     0.14   0.02
BITCOIN        0.44     1.00  0.25  0.39     0.41        0.13  0.40      0.38        0.39    0.35  0.24     0.57    0.27   0.35           0.13     0.19    0.14  0.07    -0.06  0.24   0.04 -0.20  0.13 -0.07  0.14        0.04        -0.02     0.13  -0.11
BRE            0.37     0.25  1.00  0.34     0.31        0.36  0.45      0.49        0.37    0.35  0.29     0.52    0.43   0.33           0.38     0.31    0.28 -0.22     0.07  0.09   0.15 -0.09  0.03  0.32  0.32        0.24         0.11     0.36   0.16
DAX            0.82     0.39  0.34  1.00     0.75        0.38  0.90      0.84        0.61    0.61  0.33     0.65    0.42   0.65           0.23     0.37    0.16 -0.02    -0.06  0.22   0.12 -0.14  0.12  0.19  0.39        0.20         0.22     0.18   0.01
EU-TECH        0.88     0.41  0.31  0.75     1.00        0.34  0.68      0.61        0.73    0.60  0.32     0.62    0.37   0.56           0.22     0.19    0.20  0.14     0.07  0.25   0.05 -0.29  0.14  0.13  0.21        0.06         0.09     0.12   0.01
FTSECHINAA     0.42     0.13  0.36  0.38     0.34        1.00  0.45      0.46        0.36    0.32  0.31     0.42    0.40   0.37           0.33     0.40    0.27 -0.07    -0.11 -0.05  -0.08 -0.14 -0.14 -0.03  0.23        0.23         0.04     0.30   0.27
MIB            0.82     0.40  0.45  0.90     0.68        0.45  1.00      0.85        0.69    0.65  0.35     0.70    0.47   0.69           0.38     0.44    0.21  0.00    -0.07  0.14   0.08 -0.19  0.03  0.20  0.37        0.20         0.13     0.24   0.04
MSCIEAFA       0.77     0.38  0.49  0.84     0.61        0.46  0.85      1.00        0.68    0.61  0.47     0.69    0.56   0.64           0.30     0.35    0.16 -0.38    -0.12  0.32   0.27  0.10  0.22  0.31  0.67        0.45         0.45     0.28   0.04
MSCITAIWAN     0.75     0.39  0.37  0.61     0.73        0.36  0.69      0.68        1.00    0.71  0.45     0.62    0.54   0.68           0.34     0.24    0.32  0.03     0.03  0.18   0.09 -0.26  0.06  0.20  0.34        0.20         0.13     0.07  -0.08
NIKKEI         0.62     0.35  0.35  0.61     0.60        0.32  0.65      0.61        0.71    1.00  0.17     0.57    0.26   0.94           0.24     0.26    0.43  0.07     0.01  0.05  -0.04 -0.39 -0.05  0.04  0.34        0.01         0.11     0.06  -0.13
PLAT           0.39     0.24  0.29  0.33     0.32        0.31  0.35      0.47        0.45    0.17  1.00     0.37    0.67   0.14           0.18     0.23    0.23 -0.29    -0.13  0.13   0.03  0.02  0.05  0.06  0.38        0.39         0.29     0.17   0.27
RUSSELL        0.69     0.57  0.52  0.65     0.62        0.42  0.70      0.69        0.62    0.57  0.37     1.00    0.47   0.59           0.33     0.41    0.15  0.02    -0.07  0.24   0.10 -0.18  0.11  0.19  0.29        0.17         0.03     0.42  -0.02
SILVER         0.47     0.27  0.43  0.42     0.37        0.40  0.47      0.56        0.54    0.26  0.67     0.47    1.00   0.29           0.43     0.32    0.26 -0.22     0.03  0.20   0.11 -0.03  0.09  0.12  0.40        0.68         0.20     0.30   0.28
TOPIX          0.60     0.35  0.33  0.65     0.56        0.37  0.69      0.64        0.68    0.94  0.14     0.59    0.29   1.00           0.27     0.36    0.43  0.14     0.03  0.03  -0.02 -0.43 -0.07  0.01  0.31        0.03         0.04     0.11  -0.18
CRUDE_W_micro  0.37     0.13  0.38  0.23     0.22        0.33  0.38      0.30        0.34    0.24  0.18     0.33    0.43   0.27           1.00     0.32    0.21  0.17     0.12 -0.10  -0.17 -0.30 -0.19 -0.05 -0.07        0.26        -0.06     0.28   0.12
FEEDCOW        0.27     0.19  0.31  0.37     0.19        0.40  0.44      0.35        0.24    0.26  0.23     0.41    0.32   0.36           0.32     1.00    0.33  0.11    -0.15 -0.18  -0.28 -0.31 -0.33 -0.14  0.08        0.03        -0.06     0.25  -0.11
YENEUR         0.17     0.14  0.28  0.16     0.20        0.27  0.21      0.16        0.32    0.43  0.23     0.15    0.26   0.43           0.21     0.33    1.00  0.04     0.08 -0.41  -0.46 -0.67 -0.47 -0.37  0.19       -0.03        -0.14     0.04  -0.01
DX             0.08     0.07 -0.22 -0.02     0.14       -0.07  0.00     -0.38        0.03    0.07 -0.29     0.02   -0.22   0.14           0.17     0.11    0.04  1.00     0.28 -0.26  -0.34 -0.72 -0.28 -0.31 -0.79       -0.45        -0.57    -0.13  -0.25
GAS-PEN        0.04    -0.06  0.07 -0.06     0.07       -0.11 -0.07     -0.12        0.03    0.01 -0.13    -0.07    0.03   0.03           0.12    -0.15    0.08  0.28     1.00 -0.13   0.01 -0.24 -0.12  0.06 -0.25       -0.01        -0.11    -0.02   0.01
BTP            0.27     0.24  0.09  0.22     0.25       -0.05  0.14      0.32        0.18    0.05  0.13     0.24    0.20   0.03          -0.10    -0.18   -0.41 -0.26    -0.13  1.00   0.66  0.35  0.96  0.54  0.27        0.40         0.29     0.00  -0.07
CAD10          0.11     0.04  0.15  0.12     0.05       -0.08  0.08      0.27        0.09   -0.04  0.03     0.10    0.11  -0.02          -0.17    -0.28   -0.46 -0.34     0.01  0.66   1.00  0.51  0.68  0.75  0.40        0.26         0.19    -0.07  -0.14
JPY           -0.25    -0.20 -0.09 -0.14    -0.29       -0.14 -0.19      0.10       -0.26   -0.39  0.02    -0.18   -0.03  -0.43          -0.30    -0.31   -0.67 -0.72    -0.24  0.35   0.51  1.00  0.42  0.43  0.41        0.33         0.49     0.07   0.21
OAT            0.15     0.13  0.03  0.12     0.14       -0.14  0.03      0.22        0.06   -0.05  0.05     0.11    0.09  -0.07          -0.19    -0.33   -0.47 -0.28    -0.12  0.96   0.68  0.42  1.00  0.54  0.24        0.38         0.27    -0.06  -0.04
US30           0.19    -0.07  0.32  0.19     0.13       -0.03  0.20      0.31        0.20    0.04  0.06     0.19    0.12   0.01          -0.05    -0.14   -0.37 -0.31     0.06  0.54   0.75  0.43  0.54  1.00  0.29        0.21         0.17     0.04  -0.14
GBP            0.30     0.14  0.32  0.39     0.21        0.23  0.37      0.67        0.34    0.34  0.38     0.29    0.40   0.31          -0.07     0.08    0.19 -0.79    -0.25  0.27   0.40  0.41  0.24  0.29  1.00        0.44         0.43     0.11   0.09
GOLD_micro     0.18     0.04  0.24  0.20     0.06        0.23  0.20      0.45        0.20    0.01  0.39     0.17    0.68   0.03           0.26     0.03   -0.03 -0.45    -0.01  0.40   0.26  0.33  0.38  0.21  0.44        1.00         0.46     0.25   0.26
KRWUSD_mini    0.14    -0.02  0.11  0.22     0.09        0.04  0.13      0.45        0.13    0.11  0.29     0.03    0.20   0.04          -0.06    -0.06   -0.14 -0.57    -0.11  0.29   0.19  0.49  0.27  0.17  0.43        0.46         1.00     0.07   0.25
LEANHOG        0.14     0.13  0.36  0.18     0.12        0.30  0.24      0.28        0.07    0.06  0.17     0.42    0.30   0.11           0.28     0.25    0.04 -0.13    -0.02  0.00  -0.07  0.07 -0.06  0.04  0.11        0.25         0.07     1.00   0.24
WHEAT          0.02    -0.11  0.16  0.01     0.01        0.27  0.04      0.04       -0.08   -0.13  0.27    -0.02    0.28  -0.18           0.12    -0.11   -0.01 -0.25     0.01 -0.07  -0.14  0.21 -0.04 -0.14  0.09        0.26         0.25     0.24   1.00


********************************************************************************
                                 END OF REPORT                                  
********************************************************************************


