
********************************************************************************
           Risk report report produced on 2022-07-05 21:01:00.397905            
********************************************************************************


Total risk across all strategies, annualised percentage 7.8
Percentage of capital used for margin 20.9%

========================================
Risk per strategy, annualised percentage
========================================

                  risk
dynamic_TF_carry   7.8


==================================================================================================================================================================================================================================================================
                                                                                                                         Instrument risk                                                                                                                          
==================================================================================================================================================================================================================================================================

              daily_price_stdev  annual_price_stdev     price  daily_perc_stdev  annual_perc_stdev  point_size_base  contract_exposure  daily_risk_per_contract  annual_risk_per_contract  position  capital  exposure_held_perc_capital  annual_risk_perc_capital
EUR                       0.006               0.099      1.03              0.60                9.6         104909.8             108146                      651                     10418        -1   373148                       -29.0                      -2.8
NASDAQ_micro            254.080            4065.281  11675.00              2.18               34.8              1.7              19597                      426                      6823        -1   373148                        -5.3                      -1.8
KR10                      0.597               9.555    113.19              0.53                8.4            639.7              72412                      382                      6112        -1   373148                       -19.4                      -1.6
SILVER                    0.417               6.668     19.06              2.19               35.0            839.3              15992                      349                      5596        -1   373148                        -4.3                      -1.5
SP500_micro              62.381             998.102   3809.00              1.64               26.2              4.2              15984                      261                      4188        -1   373148                        -4.3                      -1.1
DJSTX-SMALL               5.033              80.536    290.60              1.73               27.7             43.0              12488                      216                      3461        -1   373148                        -3.3                      -0.9
DOW                     419.826            6717.212  30485.00              1.38               22.0              0.4              12792                      176                      2818        -1   373148                        -3.4                      -0.8
KOSDAQ                   26.332             421.314   1072.30              2.46               39.3              6.4               6859                      168                      2695        -1   373148                        -1.8                      -0.7
RUSSELL                  34.546             552.736   1718.10              2.01               32.2              4.2               7209                      144                      2319        -1   373148                        -1.9                      -0.6
GOLD_micro               17.125             274.000   1764.50              0.97               15.5              8.4              14809                      143                      2299        -1   373148                        -4.0                      -0.6
NIKKEI400               197.963            3167.411  16670.00              1.19               19.0              0.6              10290                      122                      1955         1   373148                         2.8                       0.5
BRE                       0.002               0.033      0.18              1.11               17.8          83927.8              15446                      171                      2745         1   373148                         4.1                       0.7
EU-OIL                    6.722             107.554    297.20              2.26               36.2             43.0              12772                      288                      4622         1   373148                         3.4                       1.2
IRON                      4.006              64.096    108.80              3.68               58.9             83.9               9131                      336                      5379         1   373148                         2.4                       1.4
CORN                     12.463             199.415    574.50              2.17               34.7             42.0              24108                      523                      8368         1   373148                         6.5                       2.2
CRUDE_W_mini              2.512              40.184     95.30              2.64               42.2            419.6              39991                     1053                     16862         1   373148                        10.7                       4.5

Sum of abs(notional exposure % capital) 106.6
Sum of abs(annualised risk % capital) 22.9
Net sum of annualised risk % capital -1.9 

==============================================================================================================================================================
                                                                         Correlations                                                                         
==============================================================================================================================================================

              CRUDE_W_mini  GOLD_micro  IRON  SILVER  CORN  DJSTX-SMALL   DOW   EUR  NASDAQ_micro  NIKKEI400  RUSSELL  SP500_micro   BRE  EU-OIL  KOSDAQ  KR10
CRUDE_W_mini          1.00        0.31  0.34    0.30  0.21         0.07  0.23  0.07          0.17       0.16     0.25         0.23  0.27    0.35    0.22  0.13
GOLD_micro            0.31        1.00  0.24    0.56  0.24         0.14  0.14  0.19          0.12       0.12     0.20         0.15  0.29    0.16    0.26  0.09
IRON                  0.34        0.24  1.00    0.26  0.23         0.14  0.23  0.10          0.15       0.08     0.23         0.21  0.25    0.26    0.16  0.14
SILVER                0.30        0.56  0.26    1.00  0.27         0.18  0.16  0.25          0.17       0.13     0.24         0.18  0.30    0.16    0.31  0.04
CORN                  0.21        0.24  0.23    0.27  1.00         0.12  0.09  0.02          0.09       0.09     0.07         0.08  0.22    0.10    0.17  0.01
DJSTX-SMALL           0.07        0.14  0.14    0.18  0.12         1.00  0.44  0.38          0.42       0.46     0.47         0.44  0.28    0.34    0.31  0.26
DOW                   0.23        0.14  0.23    0.16  0.09         0.44  1.00  0.37          0.56       0.40     0.55         0.58  0.30    0.39    0.25  0.23
EUR                   0.07        0.19  0.10    0.25  0.02         0.38  0.37  1.00          0.36       0.34     0.39         0.37  0.27    0.25    0.24  0.09
NASDAQ_micro          0.17        0.12  0.15    0.17  0.09         0.42  0.56  0.36          1.00       0.41     0.52         0.58  0.28    0.29    0.31  0.24
NIKKEI400             0.16        0.12  0.08    0.13  0.09         0.46  0.40  0.34          0.41       1.00     0.43         0.41  0.24    0.34    0.32  0.23
RUSSELL               0.25        0.20  0.23    0.24  0.07         0.47  0.55  0.39          0.52       0.43     1.00         0.55  0.32    0.39    0.30  0.26
SP500_micro           0.23        0.15  0.21    0.18  0.08         0.44  0.58  0.37          0.58       0.41     0.55         1.00  0.30    0.37    0.29  0.25
BRE                   0.27        0.29  0.25    0.30  0.22         0.28  0.30  0.27          0.28       0.24     0.32         0.30  1.00    0.28    0.25  0.11
EU-OIL                0.35        0.16  0.26    0.16  0.10         0.34  0.39  0.25          0.29       0.34     0.39         0.37  0.28    1.00    0.22  0.19
KOSDAQ                0.22        0.26  0.16    0.31  0.17         0.31  0.25  0.24          0.31       0.32     0.30         0.29  0.25    0.22    1.00  0.20
KR10                  0.13        0.09  0.14    0.04  0.01         0.26  0.23  0.09          0.24       0.23     0.26         0.25  0.11    0.19    0.20  1.00


********************************************************************************
                                 END OF REPORT                                  
********************************************************************************


