
********************************************************************************
                    Risk report produced on 04/12/2025 22:53                    
********************************************************************************


Total risk across all strategies, annualised percentage 12.5
Percentage of capital used for margin 43.1%

========================================
Risk per strategy, annualised percentage
========================================

                  risk
dynamic_TF_carry  12.5


===================
Risk by asset class
===================

Ags       1.0
Bond      1.2
Equity    7.8
FX        4.4
Metals    4.3
OilGas    0.9
Sector    0.9
dtype: float64


=====================================================
Beta loadings of asset class positions on asset class
=====================================================

Ags      -0.06
OilGas   -0.04
Sector    0.04
Metals    0.05
Bond      0.10
FX        0.21
Equity    0.65
dtype: float64


========================================================
Beta loadings of full portfolio positions on asset class
========================================================

Bond     -0.22
Ags      -0.09
OilGas    0.02
Metals    0.21
Sector    0.36
FX        0.67
Equity    0.75
dtype: float64


===================================================================================================================================================================================================================================================================
                                                                                                                          Instrument risk                                                                                                                          
===================================================================================================================================================================================================================================================================

               daily_price_stdev  annual_price_stdev     price  daily_perc_stdev  annual_perc_stdev  point_size_base  contract_exposure  daily_risk_per_contract  annual_risk_per_contract  position  capital  exposure_held_perc_capital  annual_risk_perc_capital
BITCOIN                 2922.313           46757.007  92165.00              3.17               50.7              0.1               6908                      219                      3504        -5   615081                        -5.6                      -2.8
JPY                        0.000               0.001      0.01              0.53                8.4        9370244.6              60494                      317                      5085        -2   615081                       -19.7                      -1.7
DAX                      205.735            3291.759  23931.00              0.86               13.8              0.9              20916                      179                      2877        -3   615081                       -10.2                      -1.4
KR10                       0.333               5.327    113.24              0.29                4.7            508.8              57616                      169                      2710        -3   615081                       -28.1                      -1.3
WHEAT                      7.076             113.220    582.50              1.21               19.4             37.5              21832                      265                      4243        -1   615081                        -3.5                      -0.7
KRWUSD_mini                0.003               0.056      0.68              0.52                8.2          18740.5              12719                       65                      1049        -4   615081                        -8.3                      -0.7
RICE                       0.161               2.577     10.09              1.60               25.6           1499.2              15119                      241                      3863        -1   615081                        -2.5                      -0.6
CRUDE_W_micro              0.940              15.047     59.38              1.58               25.3             75.0               4451                       70                      1127        -3   615081                        -2.2                      -0.6
GAS_US_mini                0.111               1.773      5.07              2.19               35.0           1874.0               9492                      207                      3323        -1   615081                        -1.5                      -0.5
EUR_micro                  0.004               0.060      1.17              0.32                5.1           9370.2              10968                       35                       560        -1   615081                        -1.8                      -0.1
AUD_micro                  0.003               0.046      0.66              0.44                7.0           7496.2               4957                       21                       347         1   615081                         0.8                       0.1
BRE                        0.001               0.017      0.19              0.55                8.9          74962.0              14032                       77                      1245         1   615081                         2.3                       0.2
CAD10                      0.364               5.830    121.98              0.30                4.8            536.8              65477                      195                      3129         1   615081                        10.6                       0.5
FTSECHINAA               153.920            2462.722  15072.00              1.02               16.3              0.7              11298                      115                      1846         2   615081                         3.7                       0.6
KOSPI_mini                 9.405             150.484    567.14              1.66               26.5             25.4              14428                      239                      3828         1   615081                         2.3                       0.6
MXP                        0.000               0.004      0.05              0.46                7.3         374809.8              20539                       93                      1499         3   615081                        10.0                       0.7
US10U                      0.380               6.074    115.38              0.33                5.3            749.6              86487                      284                      4552         1   615081                        14.1                       0.7
TOPIX                     34.584             553.351   3396.75              1.02               16.3              4.8              16398                      166                      2671         2   615081                         5.3                       0.9
EU-BASIC                   7.815             125.034    622.70              1.25               20.1             43.7              27212                      341                      5464         1   615081                         4.4                       0.9
RUSSELL                   33.268             532.290   2553.30              1.30               20.8              3.7               9570                      124                      1995         3   615081                         4.7                       1.0
GBP                        0.005               0.088      1.33              0.41                6.6          46851.2              62490                      256                      4102         2   615081                        20.3                       1.3
YENEUR                     0.746              11.932    180.53              0.41                6.6            603.5             108945                      450                      7200         2   615081                        35.4                       2.3
AEX                        7.237             115.785    950.45              0.76               12.2            174.8             166142                     1264                     20239         1   615081                        27.0                       3.3
MIB                      348.958            5583.328  43455.00              0.80               12.8              4.4             189902                     1524                     24399         1   615081                        30.9                       4.0
SILVER                     1.022              16.348     57.36              1.78               28.5            749.6              42998                      765                     12254         2   615081                        14.0                       4.0

Sum of abs(notional exposure % capital) 269.2
Sum of abs(annualised risk % capital) 31.5
Net sum of annualised risk % capital 10.7 

==================================================================================================================================================================================================================================
                                                                                                           Correlations                                                                                                           
==================================================================================================================================================================================================================================

               EUR_micro   GBP  KRWUSD_mini  CAD10   JPY  KR10  US10U   AEX  AUD_micro  BITCOIN   BRE   DAX  EU-BASIC  FTSECHINAA  KOSPI_mini   MIB   MXP  RUSSELL  SILVER  TOPIX  RICE  WHEAT  CRUDE_W_micro  GAS_US_mini  YENEUR
EUR_micro           1.00  0.77         0.49   0.23  0.59  0.20   0.27 -0.13       0.51     0.06  0.25 -0.00      0.12        0.17        0.08  0.02  0.44    -0.01    0.19  -0.05  0.19   0.21          -0.13        -0.23    0.17
GBP                 0.77  1.00         0.43   0.39  0.40  0.18   0.33  0.23       0.63     0.27  0.36  0.36      0.38        0.29        0.22  0.36  0.47     0.28    0.32   0.32  0.07  -0.04          -0.06        -0.11    0.21
KRWUSD_mini         0.49  0.43         1.00   0.19  0.48  0.25   0.16  0.10       0.53     0.04  0.12  0.17     -0.02        0.11        0.17  0.12  0.21     0.01    0.03   0.07  0.23   0.25          -0.02        -0.04   -0.13
CAD10               0.23  0.39         0.19   1.00  0.49  0.55   0.78  0.14       0.22     0.08  0.13  0.17      0.13        0.00       -0.02  0.10 -0.02     0.19    0.03   0.06 -0.07  -0.21          -0.16        -0.07   -0.41
JPY                 0.59  0.40         0.48   0.49  1.00  0.43   0.50 -0.23       0.25    -0.11 -0.05 -0.13     -0.13       -0.07       -0.24 -0.15 -0.06    -0.14   -0.04  -0.39  0.20   0.15          -0.26        -0.26   -0.68
KR10                0.20  0.18         0.25   0.55  0.43  1.00   0.54 -0.05      -0.04     0.04 -0.18  0.01     -0.10       -0.18       -0.17 -0.16 -0.09     0.17   -0.21  -0.12  0.12  -0.26          -0.30        -0.39   -0.38
US10U               0.27  0.33         0.16   0.78  0.50  0.54   1.00  0.01       0.16    -0.10  0.17  0.08      0.12       -0.06        0.01  0.05  0.00     0.14    0.03  -0.05 -0.14  -0.20          -0.19        -0.02   -0.38
AEX                -0.13  0.23         0.10   0.14 -0.23 -0.05   0.01  1.00       0.47     0.47  0.38  0.83      0.74        0.44        0.68  0.80  0.30     0.67    0.40   0.61 -0.05  -0.05           0.34         0.19    0.16
AUD_micro           0.51  0.63         0.53   0.22  0.25 -0.04   0.16  0.47       1.00     0.39  0.57  0.47      0.58        0.51        0.47  0.54  0.52     0.47    0.48   0.41  0.06   0.21           0.35         0.08    0.17
BITCOIN             0.06  0.27         0.04   0.08 -0.11  0.04  -0.10  0.47       0.39     1.00  0.32  0.44      0.42        0.30        0.33  0.44  0.29     0.51    0.25   0.40  0.14  -0.13           0.17         0.08    0.18
BRE                 0.25  0.36         0.12   0.13 -0.05 -0.18   0.17  0.38       0.57     0.32  1.00  0.34      0.46        0.45        0.49  0.49  0.61     0.44    0.34   0.40 -0.04   0.12           0.41         0.26    0.29
DAX                -0.00  0.36         0.17   0.17 -0.13  0.01   0.08  0.83       0.47     0.44  0.34  1.00      0.71        0.37        0.53  0.88  0.35     0.67    0.41   0.64 -0.03  -0.11           0.20         0.10    0.17
EU-BASIC            0.12  0.38        -0.02   0.13 -0.13 -0.10   0.12  0.74       0.58     0.42  0.46  0.71      1.00        0.52        0.47  0.71  0.47     0.66    0.58   0.56 -0.09   0.03           0.29         0.06    0.28
FTSECHINAA          0.17  0.29         0.11   0.00 -0.07 -0.18  -0.06  0.44       0.51     0.30  0.45  0.37      0.52        1.00        0.46  0.46  0.40     0.36    0.23   0.43 -0.15   0.26           0.37         0.08    0.25
KOSPI_mini          0.08  0.22         0.17  -0.02 -0.24 -0.17   0.01  0.68       0.47     0.33  0.49  0.53      0.47        0.46        1.00  0.59  0.36     0.43    0.20   0.61 -0.08   0.10           0.32         0.26    0.33
MIB                 0.02  0.36         0.12   0.10 -0.15 -0.16   0.05  0.80       0.54     0.44  0.49  0.88      0.71        0.46        0.59  1.00  0.42     0.67    0.43   0.70  0.00  -0.00           0.38         0.18    0.20
MXP                 0.44  0.47         0.21  -0.02 -0.06 -0.09   0.00  0.30       0.52     0.29  0.61  0.35      0.47        0.40        0.36  0.42  1.00     0.37    0.45   0.35 -0.08   0.09           0.28         0.00    0.47
RUSSELL            -0.01  0.28         0.01   0.19 -0.14  0.17   0.14  0.67       0.47     0.51  0.44  0.67      0.66        0.36        0.43  0.67  0.37     1.00    0.41   0.56 -0.09  -0.16           0.25        -0.06    0.15
SILVER              0.19  0.32         0.03   0.03 -0.04 -0.21   0.03  0.40       0.48     0.25  0.34  0.41      0.58        0.23        0.20  0.43  0.45     0.41    1.00   0.18  0.07   0.06           0.29         0.08    0.24
TOPIX              -0.05  0.32         0.07   0.06 -0.39 -0.12  -0.05  0.61       0.41     0.40  0.40  0.64      0.56        0.43        0.61  0.70  0.35     0.56    0.18   1.00 -0.13  -0.16           0.28         0.22    0.43
RICE                0.19  0.07         0.23  -0.07  0.20  0.12  -0.14 -0.05       0.06     0.14 -0.04 -0.03     -0.09       -0.15       -0.08  0.00 -0.08    -0.09    0.07  -0.13  1.00   0.07          -0.04        -0.03   -0.09
WHEAT               0.21 -0.04         0.25  -0.21  0.15 -0.26  -0.20 -0.05       0.21    -0.13  0.12 -0.11      0.03        0.26        0.10 -0.00  0.09    -0.16    0.06  -0.16  0.07   1.00           0.20         0.09    0.00
CRUDE_W_micro      -0.13 -0.06        -0.02  -0.16 -0.26 -0.30  -0.19  0.34       0.35     0.17  0.41  0.20      0.29        0.37        0.32  0.38  0.28     0.25    0.29   0.28 -0.04   0.20           1.00         0.26    0.21
GAS_US_mini        -0.23 -0.11        -0.04  -0.07 -0.26 -0.39  -0.02  0.19       0.08     0.08  0.26  0.10      0.06        0.08        0.26  0.18  0.00    -0.06    0.08   0.22 -0.03   0.09           0.26         1.00    0.12
YENEUR              0.17  0.21        -0.13  -0.41 -0.68 -0.38  -0.38  0.16       0.17     0.18  0.29  0.17      0.28        0.25        0.33  0.20  0.47     0.15    0.24   0.43 -0.09   0.00           0.21         0.12    1.00


********************************************************************************
                                 END OF REPORT                                  
********************************************************************************


