
********************************************************************************
                    Risk report produced on 27/10/2025 22:54                    
********************************************************************************


Total risk across all strategies, annualised percentage 14.9
Percentage of capital used for margin 46.9%

========================================
Risk per strategy, annualised percentage
========================================

                  risk
dynamic_TF_carry  14.9


===================
Risk by asset class
===================

Ags        1.0
Bond       4.7
Equity    11.2
FX         3.8
Metals     2.2
OilGas     3.2
dtype: float64


=====================================================
Beta loadings of asset class positions on asset class
=====================================================

FX       -0.09
OilGas   -0.07
Ags      -0.01
Metals    0.01
Bond      0.86
Equity    1.01
dtype: float64


========================================================
Beta loadings of full portfolio positions on asset class
========================================================

OilGas   -0.09
Ags       0.06
Metals    0.15
Bond      0.65
FX        0.76
Equity    1.06
dtype: float64


==================================================================================================================================================================================================================================================================
                                                                                                                         Instrument risk                                                                                                                          
==================================================================================================================================================================================================================================================================

             daily_price_stdev  annual_price_stdev      price  daily_perc_stdev  annual_perc_stdev  point_size_base  contract_exposure  daily_risk_per_contract  annual_risk_per_contract  position  capital  exposure_held_perc_capital  annual_risk_perc_capital
JPY                      0.000               0.001       0.01              0.60                9.6        9380968.6              61684                      369                      5904        -3   614062                       -30.1                      -2.9
GAS-PEN                  0.112               1.799       3.39              3.32               53.1           7504.8              25411                      843                     13502        -1   614062                        -4.1                      -2.2
GAS_US_mini              0.104               1.662       4.05              2.57               41.0           1876.2               7598                      194                      3118        -2   614062                        -2.5                      -1.0
BITCOIN               2589.488           41431.812  111440.00              2.32               37.2              0.1               8363                      194                      3109        -2   614062                        -2.7                      -1.0
WHEAT                    6.031              96.497     513.00              1.18               18.8             37.5              19249                      226                      3620        -1   614062                        -3.1                      -0.6
SP500_micro             57.592             921.479    6838.50              0.84               13.5              3.8              25660                      216                      3457        -1   614062                        -4.2                      -0.6
RICE                     0.141               2.252      10.46              1.35               21.5           1501.0              15699                      211                      3380        -1   614062                        -2.6                      -0.6
KRWUSD_mini              0.004               0.056       0.70              0.50                8.0          18761.9              13097                       65                      1052        -3   614062                        -6.4                      -0.5
DOW                    368.129            5890.065   47466.00              0.78               12.4              0.4              17811                      138                      2210        -1   614062                        -2.9                      -0.4
AUD_micro                0.003               0.049       0.65              0.47                7.5           7504.8               4889                       22                       366         3   614062                         2.4                       0.2
MXP                      0.000               0.004       0.05              0.47                7.5         375238.7              20236                       94                      1510         1   614062                         3.3                       0.2
TOPIX                   37.332             597.307    3319.00              1.12               18.0              4.9              16285                      183                      2930         1   614062                         2.7                       0.5
KOSPI_mini               7.159             114.546     564.20              1.27               20.3             26.1              14743                      187                      2993         1   614062                         2.4                       0.5
GBP                      0.005               0.078       1.33              0.37                5.9          46904.8              62402                      228                      3652         1   614062                        10.2                       0.6
US10U                    0.382               6.117     116.44              0.33                5.3            750.5              87383                      286                      4590         1   614062                        14.2                       0.7
LEANHOG                  1.029              16.463      81.80              1.26               20.1            300.2              24555                      308                      4941         1   614062                         4.0                       0.8
FTSECHINAA             208.394            3334.305   15641.00              1.33               21.3              0.8              11738                      156                      2502         2   614062                         3.8                       0.8
NIKKEI                 708.751           11340.023   50425.00              1.41               22.5              0.5              24742                      347                      5564         1   614062                         4.0                       0.9
YENEUR                   0.756              12.100     177.33              0.43                6.8            613.3             108765                      463                      7421         1   614062                        17.7                       1.2
CAD10                    0.326               5.213     123.23              0.26                4.2            536.8              66150                      174                      2798         3   614062                        32.3                       1.4
US30                     0.776              12.414     122.94              0.63               10.1            750.5              92261                      582                      9316         1   614062                        15.0                       1.5
SPI200                  50.538             808.602    9070.00              0.56                8.9             12.3             111300                      620                      9922         1   614062                        18.1                       1.6
OAT                      0.370               5.915     122.43              0.30                4.8            872.6             106829                      322                      5161         2   614062                        34.8                       1.7
MSCIEAFA                19.465             311.436    2827.80              0.69               11.0             37.5             106110                      730                     11686         1   614062                        17.3                       1.9
SILVER                   1.103              17.647      48.48              2.28               36.4            750.5              36383                      827                     13243         1   614062                         5.9                       2.2
AEX                      8.053             128.850     976.80              0.82               13.2            174.5             170467                     1405                     22486         1   614062                        27.8                       3.7
MIB                    348.100            5569.600   42150.00              0.83               13.2              4.4             183896                     1518                     24299         1   614062                        29.9                       4.0

Sum of abs(notional exposure % capital) 304.4
Sum of abs(annualised risk % capital) 34.2
Net sum of annualised risk % capital 14.6 

============================================================================================================================================================================================================================================
                                                                                                                Correlations                                                                                                                
============================================================================================================================================================================================================================================

             CAD10   JPY   OAT  US10U  US30  GAS-PEN  GAS_US_mini  RICE  WHEAT  YENEUR  AUD_micro  FTSECHINAA   GBP  KRWUSD_mini  LEANHOG   MXP  SILVER   AEX  BITCOIN   DOW  KOSPI_mini   MIB  MSCIEAFA  NIKKEI  SP500_micro  SPI200  TOPIX
CAD10         1.00  0.41  0.56   0.82  0.82    -0.05        -0.04 -0.12  -0.14   -0.33       0.32       -0.03  0.38         0.25     0.00 -0.07    0.06  0.17    -0.08  0.11        0.11  0.22      0.32    0.11        -0.00    0.20   0.16
JPY           0.41  1.00  0.44   0.51  0.40    -0.10        -0.05  0.14   0.13   -0.66       0.39       -0.10  0.52         0.52     0.12  0.01    0.12 -0.11    -0.18 -0.08       -0.28 -0.06      0.20   -0.34        -0.28    0.05  -0.28
OAT           0.56  0.44  1.00   0.62  0.63    -0.18        -0.16 -0.05   0.06   -0.43       0.22       -0.09  0.22         0.30     0.03  0.09    0.16  0.04    -0.11  0.04        0.00 -0.03      0.24    0.04        -0.02    0.27  -0.02
US10U         0.82  0.51  0.62   1.00  0.96     0.04         0.04 -0.05  -0.06   -0.39       0.36       -0.02  0.40         0.28     0.05 -0.00    0.11  0.05    -0.17  0.13        0.10  0.10      0.29    0.02        -0.01    0.14   0.07
US30          0.82  0.40  0.63   0.96  1.00     0.01         0.01 -0.11  -0.07   -0.36       0.31       -0.01  0.31         0.22     0.03  0.01    0.08  0.14    -0.12  0.19        0.18  0.15      0.31    0.11         0.08    0.17   0.13
GAS-PEN      -0.05 -0.10 -0.18   0.04  0.01     1.00         0.97 -0.09   0.29    0.03       0.09        0.05 -0.18        -0.09    -0.20 -0.12   -0.07 -0.08     0.06  0.01        0.01 -0.09     -0.07   -0.10         0.09   -0.16  -0.07
GAS_US_mini  -0.04 -0.05 -0.16   0.04  0.01     0.97         1.00 -0.06   0.27    0.05       0.15        0.02 -0.13        -0.04    -0.19 -0.07   -0.01 -0.08     0.09 -0.04       -0.01 -0.06     -0.05   -0.12         0.04   -0.13  -0.07
RICE         -0.12  0.14 -0.05  -0.05 -0.11    -0.09        -0.06  1.00   0.06   -0.04       0.07       -0.09  0.14         0.15     0.17 -0.05    0.06 -0.17     0.06 -0.17       -0.17 -0.12     -0.19   -0.20        -0.12   -0.26  -0.20
WHEAT        -0.14  0.13  0.06  -0.06 -0.07     0.29         0.27  0.06   1.00   -0.03       0.19        0.13  0.02         0.19     0.14  0.10    0.06  0.02    -0.06 -0.06       -0.05  0.03      0.06   -0.01        -0.10   -0.11  -0.01
YENEUR       -0.33 -0.66 -0.43  -0.39 -0.36     0.03         0.05 -0.04  -0.03    1.00       0.12        0.15  0.09        -0.13    -0.04  0.29    0.13  0.08     0.20 -0.01        0.23  0.08      0.12    0.44         0.10   -0.01   0.38
AUD_micro     0.32  0.39  0.22   0.36  0.31     0.09         0.15  0.07   0.19    0.12       1.00        0.34  0.74         0.65     0.27  0.41    0.44  0.37     0.19  0.29        0.30  0.39      0.61    0.36         0.20    0.39   0.38
FTSECHINAA   -0.03 -0.10 -0.09  -0.02 -0.01     0.05         0.02 -0.09   0.13    0.15       0.34        1.00  0.27         0.17     0.25  0.25    0.16  0.41     0.09  0.21        0.31  0.38      0.25    0.25         0.18    0.18   0.28
GBP           0.38  0.52  0.22   0.40  0.31    -0.18        -0.13  0.14   0.02    0.09       0.74        0.27  1.00         0.62     0.22  0.33    0.38  0.27     0.10  0.12        0.15  0.32      0.62    0.29        -0.00    0.25   0.32
KRWUSD_mini   0.25  0.52  0.30   0.28  0.22    -0.09        -0.04  0.15   0.19   -0.13       0.65        0.17  0.62         1.00     0.22  0.27    0.23  0.24     0.08  0.07        0.19  0.25      0.42    0.15         0.00    0.36   0.15
LEANHOG       0.00  0.12  0.03   0.05  0.03    -0.20        -0.19  0.17   0.14   -0.04       0.27        0.25  0.22         0.22     1.00  0.19    0.20  0.28     0.13  0.09        0.15  0.34      0.13    0.16         0.03    0.30   0.21
MXP          -0.07  0.01  0.09  -0.00  0.01    -0.12        -0.07 -0.05   0.10    0.29       0.41        0.25  0.33         0.27     0.19  1.00    0.24  0.13     0.12  0.25        0.32  0.17      0.38    0.26         0.27    0.28   0.26
SILVER        0.06  0.12  0.16   0.11  0.08    -0.07        -0.01  0.06   0.06    0.13       0.44        0.16  0.38         0.23     0.20  0.24    1.00  0.30     0.15  0.13        0.17  0.27      0.39    0.24         0.11    0.29   0.25
AEX           0.17 -0.11  0.04   0.05  0.14    -0.08        -0.08 -0.17   0.02    0.08       0.37        0.41  0.27         0.24     0.28  0.13    0.30  1.00     0.25  0.33        0.65  0.86      0.58    0.67         0.33    0.64   0.65
BITCOIN      -0.08 -0.18 -0.11  -0.17 -0.12     0.06         0.09  0.06  -0.06    0.20       0.19        0.09  0.10         0.08     0.13  0.12    0.15  0.25     1.00  0.42        0.14  0.30      0.32    0.28         0.44    0.39   0.29
DOW           0.11 -0.08  0.04   0.13  0.19     0.01        -0.04 -0.17  -0.06   -0.01       0.29        0.21  0.12         0.07     0.09  0.25    0.13  0.33     0.42  1.00        0.31  0.30      0.57    0.42         0.87    0.47   0.41
KOSPI_mini    0.11 -0.28  0.00   0.10  0.18     0.01        -0.01 -0.17  -0.05    0.23       0.30        0.31  0.15         0.19     0.15  0.32    0.17  0.65     0.14  0.31        1.00  0.56      0.37    0.67         0.38    0.48   0.63
MIB           0.22 -0.06 -0.03   0.10  0.15    -0.09        -0.06 -0.12   0.03    0.08       0.39        0.38  0.32         0.25     0.34  0.17    0.27  0.86     0.30  0.30        0.56  1.00      0.59    0.62         0.28    0.60   0.68
MSCIEAFA      0.32  0.20  0.24   0.29  0.31    -0.07        -0.05 -0.19   0.06    0.12       0.61        0.25  0.62         0.42     0.13  0.38    0.39  0.58     0.32  0.57        0.37  0.59      1.00    0.63         0.50    0.62   0.65
NIKKEI        0.11 -0.34  0.04   0.02  0.11    -0.10        -0.12 -0.20  -0.01    0.44       0.36        0.25  0.29         0.15     0.16  0.26    0.24  0.67     0.28  0.42        0.67  0.62      0.63    1.00         0.45    0.58   0.94
SP500_micro  -0.00 -0.28 -0.02  -0.01  0.08     0.09         0.04 -0.12  -0.10    0.10       0.20        0.18 -0.00         0.00     0.03  0.27    0.11  0.33     0.44  0.87        0.38  0.28      0.50    0.45         1.00    0.41   0.42
SPI200        0.20  0.05  0.27   0.14  0.17    -0.16        -0.13 -0.26  -0.11   -0.01       0.39        0.18  0.25         0.36     0.30  0.28    0.29  0.64     0.39  0.47        0.48  0.60      0.62    0.58         0.41    1.00   0.61
TOPIX         0.16 -0.28 -0.02   0.07  0.13    -0.07        -0.07 -0.20  -0.01    0.38       0.38        0.28  0.32         0.15     0.21  0.26    0.25  0.65     0.29  0.41        0.63  0.68      0.65    0.94         0.42    0.61   1.00


********************************************************************************
                                 END OF REPORT                                  
********************************************************************************


