
********************************************************************************
                    Risk report produced on 31/01/2025 22:53                    
********************************************************************************


Total risk across all strategies, annualised percentage 10.4
Percentage of capital used for margin 71.5%

========================================
Risk per strategy, annualised percentage
========================================

                  risk
dynamic_TF_carry  10.4


===================
Risk by asset class
===================

Ags       5.2
Bond      2.5
Equity    7.2
FX        3.8
Metals    2.1
Vol       1.3
dtype: float64


=====================================================
Beta loadings of asset class positions on asset class
=====================================================

FX       -0.37
Bond     -0.29
Metals   -0.06
Vol      -0.03
Ags       0.36
Equity    0.63
dtype: float64


========================================================
Beta loadings of full portfolio positions on asset class
========================================================

Bond     -0.48
Vol      -0.15
FX       -0.05
Metals    0.11
Ags       0.46
Equity    0.78
dtype: float64


===================================================================================================================================================================================================================================================================
                                                                                                                          Instrument risk                                                                                                                          
===================================================================================================================================================================================================================================================================

              daily_price_stdev  annual_price_stdev      price  daily_perc_stdev  annual_perc_stdev  point_size_base  contract_exposure  daily_risk_per_contract  annual_risk_per_contract  position  capital  exposure_held_perc_capital  annual_risk_perc_capital
CHF                       0.005               0.072       1.10              0.41                6.5         100577.7             110987                      453                      7255        -2   571574                       -38.8                      -2.5
US30                      0.978              15.652     118.19              0.83               13.2            804.6              95096                      787                     12594        -1   571574                       -16.6                      -2.2
FTSETAIWAN               24.129             386.060    1911.75              1.26               20.2             32.2              61529                      776                     12425        -1   571574                       -10.8                      -2.2
ALUMINIUM                32.501             520.023    2576.00              1.26               20.2             20.1              51817                      653                     10460        -1   571574                        -9.1                      -1.8
VIX                       0.572               9.159      18.40              3.11               49.8            804.6              14805                      460                      7369        -1   571574                        -2.6                      -1.3
CAD                       0.002               0.040       0.69              0.36                5.8          80462.2              55539                      201                      3217        -2   571574                       -19.4                      -1.1
OAT                       0.454               7.261     123.45              0.37                5.9            836.3             103241                      379                      6072        -1   571574                       -18.1                      -1.1
SUGAR11                   0.259               4.147      17.91              1.45               23.2            901.2              16140                      233                      3737        -1   571574                        -2.8                      -0.7
RUSSELL                  24.239             387.823    2287.00              1.06               17.0              4.0               9200                       97                      1560        -1   571574                        -1.6                      -0.3
COPPER-micro              0.048               0.764       4.26              1.12               17.9           2011.6               8567                       96                      1537        -1   571574                        -1.5                      -0.3
MSCISING                  2.877              46.029     391.65              0.73               11.8             59.4              23255                      170                      2733         1   571574                         4.1                       0.5
BITCOIN                2514.781           40236.499  103500.00              2.43               38.9              0.1               8327                      202                      3237         1   571574                         1.5                       0.6
CAD10                     0.528               8.451     123.92              0.43                6.8            556.3              68934                      293                      4701         1   571574                        12.1                       0.8
TOPIX                    23.200             371.194    2786.50              0.83               13.3              5.2              14492                      120                      1930         3   571574                         7.6                       1.0
YENEUR                    0.952              15.239     160.52              0.59                9.5            650.1             104359                      619                      9907         1   571574                        18.3                       1.7
SMI                      77.146            1234.335   12575.00              0.61                9.8              8.8             111126                      681                     10907         1   571574                        19.4                       1.9
MSCIEAFA                 18.060             288.962    2370.50              0.76               12.2             40.2              95367                      726                     11625         1   571574                        16.7                       2.0
FEEDCOW                   2.244              35.910     273.58              0.82               13.1            402.3             110062                      902                     14446         1   571574                        19.3                       2.5
MIB                     252.324            4037.178   36590.00              0.69               11.0              4.2             153001                     1055                     16881         1   571574                        26.8                       3.0
MSCITAIWAN               16.194             259.112     973.50              1.66               26.6             80.5              78329                     1303                     20848         1   571574                        13.7                       3.6
COFFEE                    5.222              83.554     371.35              1.41               22.5            301.7             112048                     1575                     25210         1   571574                        19.6                       4.4

Sum of abs(notional exposure % capital) 280.4
Sum of abs(annualised risk % capital) 35.5
Net sum of annualised risk % capital 8.5 

=============================================================================================================================================================================================
                                                                                        Correlations                                                                                         
=============================================================================================================================================================================================

              FEEDCOW  FTSETAIWAN  MSCISING  MSCITAIWAN  SUGAR11  YENEUR  ALUMINIUM   CAD  COPPER-micro   MIB  MSCIEAFA  RUSSELL   SMI  TOPIX  CAD10   CHF   OAT  US30  BITCOIN  COFFEE   VIX
FEEDCOW          1.00        0.15      0.15        0.14     0.26    0.02       0.10  0.01          0.19  0.29      0.20     0.25  0.09   0.30  -0.19 -0.13 -0.09 -0.06     0.07    0.10 -0.22
FTSETAIWAN       0.15        1.00      0.51        0.97     0.23    0.44       0.10  0.15          0.21  0.31      0.42     0.22  0.34   0.47  -0.05 -0.01  0.03 -0.06     0.15   -0.11 -0.23
MSCISING         0.15        0.51      1.00        0.45     0.19    0.20       0.05  0.12          0.26  0.36      0.39     0.22  0.26   0.44   0.00 -0.16  0.03 -0.04     0.22    0.04 -0.26
MSCITAIWAN       0.14        0.97      0.45        1.00     0.17    0.44       0.09  0.09          0.19  0.26      0.35     0.18  0.30   0.43  -0.09 -0.03 -0.01 -0.12     0.12   -0.13 -0.15
SUGAR11          0.26        0.23      0.19        0.17     1.00    0.11       0.13  0.25          0.21  0.21      0.42     0.20  0.28   0.35   0.05  0.21 -0.07  0.06     0.00    0.06 -0.22
YENEUR           0.02        0.44      0.20        0.44     0.11    1.00       0.10  0.05          0.19  0.18      0.12    -0.15  0.02   0.40  -0.43 -0.17 -0.39 -0.45    -0.08   -0.18 -0.10
ALUMINIUM        0.10        0.10      0.05        0.09     0.13    0.10       1.00  0.37          0.60  0.11      0.26     0.15 -0.04   0.14  -0.09  0.09  0.10  0.06    -0.02    0.07 -0.11
CAD              0.01        0.15      0.12        0.09     0.25    0.05       0.37  1.00          0.50  0.23      0.47     0.27  0.27   0.16   0.17  0.44  0.25  0.34    -0.04    0.05 -0.27
COPPER-micro     0.19        0.21      0.26        0.19     0.21    0.19       0.60  0.50          1.00  0.37      0.52     0.28  0.20   0.29  -0.02  0.19  0.08  0.13     0.03    0.04 -0.30
MIB              0.29        0.31      0.36        0.26     0.21    0.18       0.11  0.23          0.37  1.00      0.63     0.44  0.54   0.53  -0.06  0.01  0.06  0.04     0.26   -0.03 -0.31
MSCIEAFA         0.20        0.42      0.39        0.35     0.42    0.12       0.26  0.47          0.52  0.63      1.00     0.60  0.64   0.62   0.30  0.33  0.35  0.43     0.24   -0.04 -0.52
RUSSELL          0.25        0.22      0.22        0.18     0.20   -0.15       0.15  0.27          0.28  0.44      0.60     1.00  0.27   0.51   0.10  0.12  0.23  0.30     0.40   -0.01 -0.65
SMI              0.09        0.34      0.26        0.30     0.28    0.02      -0.04  0.27          0.20  0.54      0.64     0.27  1.00   0.25   0.32  0.32  0.25  0.31     0.08    0.02 -0.14
TOPIX            0.30        0.47      0.44        0.43     0.35    0.40       0.14  0.16          0.29  0.53      0.62     0.51  0.25   1.00  -0.17 -0.19 -0.04 -0.05     0.15   -0.19 -0.44
CAD10           -0.19       -0.05      0.00       -0.09     0.05   -0.43      -0.09  0.17         -0.02 -0.06      0.30     0.10  0.32  -0.17   1.00  0.43  0.70  0.78     0.11    0.17 -0.04
CHF             -0.13       -0.01     -0.16       -0.03     0.21   -0.17       0.09  0.44          0.19  0.01      0.33     0.12  0.32  -0.19   0.43  1.00  0.28  0.43    -0.06    0.16  0.07
OAT             -0.09        0.03      0.03       -0.01    -0.07   -0.39       0.10  0.25          0.08  0.06      0.35     0.23  0.25  -0.04   0.70  0.28  1.00  0.80     0.22    0.06 -0.08
US30            -0.06       -0.06     -0.04       -0.12     0.06   -0.45       0.06  0.34          0.13  0.04      0.43     0.30  0.31  -0.05   0.78  0.43  0.80  1.00     0.17    0.15 -0.19
BITCOIN          0.07        0.15      0.22        0.12     0.00   -0.08      -0.02 -0.04          0.03  0.26      0.24     0.40  0.08   0.15   0.11 -0.06  0.22  0.17     1.00    0.10 -0.24
COFFEE           0.10       -0.11      0.04       -0.13     0.06   -0.18       0.07  0.05          0.04 -0.03     -0.04    -0.01  0.02  -0.19   0.17  0.16  0.06  0.15     0.10    1.00  0.10
VIX             -0.22       -0.23     -0.26       -0.15    -0.22   -0.10      -0.11 -0.27         -0.30 -0.31     -0.52    -0.65 -0.14  -0.44  -0.04  0.07 -0.08 -0.19    -0.24    0.10  1.00


********************************************************************************
                                 END OF REPORT                                  
********************************************************************************


