
********************************************************************************
                    Risk report produced on 11/06/2024 22:51                    
********************************************************************************


Total risk across all strategies, annualised percentage 11.5
Percentage of capital used for margin 70.8%

========================================
Risk per strategy, annualised percentage
========================================

                  risk
dynamic_TF_carry  11.5


===================
Risk by asset class
===================

Ags       1.2
Bond      3.0
Equity    8.3
FX        2.7
Metals    1.1
OilGas    1.2
Sector    0.3
Vol       2.6
dtype: float64


=====================================================
Beta loadings of asset class positions on asset class
=====================================================

Bond     -0.44
Vol      -0.07
OilGas   -0.04
Sector    0.02
Ags       0.03
Metals    0.04
FX        0.32
Equity    0.86
dtype: float64


========================================================
Beta loadings of full portfolio positions on asset class
========================================================

Vol      -0.21
Bond     -0.16
OilGas   -0.01
Metals    0.13
Ags       0.13
Sector    0.38
FX        0.59
Equity    0.99
dtype: float64


===================================================================================================================================================================================================================================================================
                                                                                                                          Instrument risk                                                                                                                          
===================================================================================================================================================================================================================================================================

               daily_price_stdev  annual_price_stdev     price  daily_perc_stdev  annual_perc_stdev  point_size_base  contract_exposure  daily_risk_per_contract  annual_risk_per_contract  position  capital  exposure_held_perc_capital  annual_risk_perc_capital
VIX                        0.331               5.300     14.20              2.33               37.3            785.1              11148                      260                      4161        -4   649342                        -6.9                      -2.6
BUND                       0.610               9.760    130.18              0.47                7.5            845.3             110037                      515                      8250        -2   649342                       -33.9                      -2.5
CRUDE_W_micro              1.355              21.676     77.48              1.75               28.0             78.5               6082                      106                      1701        -4   649342                        -3.7                      -1.0
KR10                       0.419               6.701    113.05              0.37                5.9            574.1              64902                      240                      3847        -1   649342                       -10.0                      -0.6
GAS_US_mini                0.117               1.865      3.20              3.64               58.2           1962.8               6290                      228                      3660        -1   649342                        -1.0                      -0.6
CORN                       5.449              87.189    464.75              1.17               18.8             39.3              18243                      213                      3422        -1   649342                        -2.8                      -0.5
GOLD_micro                26.345             421.521   2330.90              1.13               18.1              7.9              18300                      206                      3309        -1   649342                        -2.8                      -0.5
MSCISING                   1.971              31.540    310.05              0.64               10.2             58.0              17994                      114                      1830         1   649342                         2.8                       0.3
SP500_micro               35.097             561.553   5379.00              0.65               10.4              3.9              21115                      137                      2204         1   649342                         3.3                       0.3
EU-BANKS                   1.634              26.149    140.00              1.17               18.7             42.3               5916                       69                      1105         2   649342                         1.8                       0.3
BITCOIN                 1570.705           25131.286  67520.00              2.33               37.2              0.1               5301                      123                      1973         2   649342                         1.6                       0.6
IRON                       2.078              33.247    104.40              1.99               31.8             78.5               8196                      163                      2610         2   649342                         2.5                       0.8
TOPIX                     22.642             362.274   2784.50              0.81               13.0              5.0              13897                      113                      1808         3   649342                         6.4                       0.8
NIKKEI                   356.744            5707.897  39145.00              0.91               14.6              0.5              19537                      178                      2848         2   649342                         6.0                       0.9
LIVECOW                    1.344              21.500    178.88              0.75               12.0            314.0              56174                      421                      6751         1   649342                         8.7                       1.0
FTSETAIWAN                14.535             232.560   1831.75              0.79               12.7             31.4              57524                      456                      7303         1   649342                         8.9                       1.1
MSCIEAFA                  18.102             289.631   2344.50              0.77               12.4             39.3              92033                      710                     11369         1   649342                        14.2                       1.8
AEX                        5.511              88.170    921.95              0.60                9.6            169.1             155860                      931                     14905         1   649342                        24.0                       2.3
YENEUR                     0.876              14.010    168.61              0.52                8.3            623.9             105190                      546                      8740         2   649342                        32.4                       2.7
MIB                      274.371            4389.937  34000.00              0.81               12.9              4.2             143696                     1159                     18553         1   649342                        22.1                       2.9

Sum of abs(notional exposure % capital) 195.8
Sum of abs(annualised risk % capital) 24.1
Net sum of annualised risk % capital 7.5 

===============================================================================================================================================================================================
                                                                                         Correlations                                                                                          
===============================================================================================================================================================================================

               BITCOIN  CORN  GAS_US_mini  IRON  BUND  GOLD_micro  KR10  CRUDE_W_micro  LIVECOW  YENEUR   AEX  EU-BANKS  FTSETAIWAN   MIB  MSCIEAFA  MSCISING  NIKKEI  SP500_micro  TOPIX   VIX
BITCOIN           1.00  0.07         0.00 -0.02  0.09        0.13  0.05          -0.01    -0.11   -0.06  0.05     -0.09        0.11 -0.04      0.08      0.12   -0.03         0.06  -0.04 -0.07
CORN              0.07  1.00         0.08  0.09  0.06        0.03  0.05           0.04    -0.11    0.00  0.11      0.01        0.21 -0.02      0.08      0.08   -0.03         0.11  -0.00 -0.02
GAS_US_mini       0.00  0.08         1.00  0.02  0.03        0.02  0.19           0.01     0.08    0.07  0.06     -0.06        0.04 -0.06      0.09      0.04    0.19         0.10   0.19 -0.19
IRON             -0.02  0.09         0.02  1.00  0.10        0.05  0.00          -0.04     0.08   -0.08  0.21      0.02        0.09  0.01      0.11      0.14    0.10        -0.01   0.16 -0.09
BUND              0.09  0.06         0.03  0.10  1.00        0.34  0.65          -0.18    -0.04   -0.32  0.31     -0.05        0.22  0.14      0.31      0.18    0.11         0.32   0.12 -0.04
GOLD_micro        0.13  0.03         0.02  0.05  0.34        1.00  0.16           0.25     0.03   -0.12 -0.01      0.06        0.02  0.17      0.16      0.08   -0.12         0.04  -0.13  0.20
KR10              0.05  0.05         0.19  0.00  0.65        0.16  1.00          -0.29    -0.12   -0.27  0.30     -0.04        0.17  0.15      0.38      0.19    0.13         0.32   0.11 -0.16
CRUDE_W_micro    -0.01  0.04         0.01 -0.04 -0.18        0.25 -0.29           1.00     0.24    0.20  0.11      0.33        0.09  0.26      0.15      0.09    0.19         0.16   0.20 -0.08
LIVECOW          -0.11 -0.11         0.08  0.08 -0.04        0.03 -0.12           0.24     1.00    0.25  0.16      0.23        0.09  0.29      0.23      0.22    0.13         0.25   0.11 -0.24
YENEUR           -0.06  0.00         0.07 -0.08 -0.32       -0.12 -0.27           0.20     0.25    1.00  0.06      0.34       -0.03  0.23      0.09      0.07    0.22         0.14   0.18 -0.24
AEX               0.05  0.11         0.06  0.21  0.31       -0.01  0.30           0.11     0.16    0.06  1.00      0.42        0.66  0.61      0.64      0.48    0.46         0.71   0.42 -0.58
EU-BANKS         -0.09  0.01        -0.06  0.02 -0.05        0.06 -0.04           0.33     0.23    0.34  0.42      1.00        0.26  0.80      0.51      0.44    0.14         0.35   0.24 -0.39
FTSETAIWAN        0.11  0.21         0.04  0.09  0.22        0.02  0.17           0.09     0.09   -0.03  0.66      0.26        1.00  0.40      0.59      0.41    0.47         0.72   0.41 -0.52
MIB              -0.04 -0.02        -0.06  0.01  0.14        0.17  0.15           0.26     0.29    0.23  0.61      0.80        0.40  1.00      0.70      0.52    0.39         0.58   0.41 -0.53
MSCIEAFA          0.08  0.08         0.09  0.11  0.31        0.16  0.38           0.15     0.23    0.09  0.64      0.51        0.59  0.70      1.00      0.56    0.52         0.80   0.55 -0.65
MSCISING          0.12  0.08         0.04  0.14  0.18        0.08  0.19           0.09     0.22    0.07  0.48      0.44        0.41  0.52      0.56      1.00    0.29         0.47   0.32 -0.45
NIKKEI           -0.03 -0.03         0.19  0.10  0.11       -0.12  0.13           0.19     0.13    0.22  0.46      0.14        0.47  0.39      0.52      0.29    1.00         0.64   0.92 -0.52
SP500_micro       0.06  0.11         0.10 -0.01  0.32        0.04  0.32           0.16     0.25    0.14  0.71      0.35        0.72  0.58      0.80      0.47    0.64         1.00   0.59 -0.73
TOPIX            -0.04 -0.00         0.19  0.16  0.12       -0.13  0.11           0.20     0.11    0.18  0.42      0.24        0.41  0.41      0.55      0.32    0.92         0.59   1.00 -0.51
VIX              -0.07 -0.02        -0.19 -0.09 -0.04        0.20 -0.16          -0.08    -0.24   -0.24 -0.58     -0.39       -0.52 -0.53     -0.65     -0.45   -0.52        -0.73  -0.51  1.00


********************************************************************************
                                 END OF REPORT                                  
********************************************************************************


