
********************************************************************************
               Risk report produced on 2021-10-20 20:56:50.295830               
********************************************************************************


Total risk across all strategies, annualised percentage 20.7

========================================
Risk per strategy, annualised percentage
========================================

                  risk
dynamic_TF_carry  20.7


=================================================================================================================================================================================================================================================================
                                                                                                                         Instrument risk                                                                                                                         
=================================================================================================================================================================================================================================================================

             daily_price_stdev  annual_price_stdev    price  daily_perc_stdev  annual_perc_stdev  point_size_base  contract_exposure  daily_risk_per_contract  annual_risk_per_contract  position   capital  exposure_held_perc_capital  annual_risk_perc_capital
BUND                       0.5                 7.4    168.7               0.3                4.4            843.1           142263.4                    390.4                    6247.1      -2.0  383387.4                       -74.2                      -3.3
US20                       0.9                14.4    158.1               0.6                9.1            723.9           114449.1                    653.6                   10456.9      -1.0  383387.4                       -29.9                      -2.7
GAS_US_mini                0.3                 4.4      5.4               5.1               81.0           1809.8             9836.4                    498.0                    7968.4      -1.0  383387.4                        -2.6                      -2.1
BTP                        0.5                 8.4    151.4               0.3                5.6            843.1           127609.5                    443.4                    7094.3      -1.0  383387.4                       -33.3                      -1.9
GBPEUR                     0.0                 0.0      0.8               0.3                5.4         125000.0           105481.2                    355.7                    5691.4      -1.0  383387.4                       -27.5                      -1.5
JPY                        0.0                 0.0      0.0               0.4                6.1        9049151.4            79257.0                    304.4                    4870.3      -1.0  383387.4                       -20.7                      -1.3
KRWUSD                     0.0                 0.0      0.0               0.4                6.3       90491513.7            76411.0                    301.5                    4823.3      -1.0  383387.4                       -19.9                      -1.3
LIVECOW                    1.0                15.9    130.2               0.8               12.2            289.6            37709.6                    288.5                    4615.7      -1.0  383387.4                        -9.8                      -1.2
KR10                       0.5                 7.4    122.7               0.4                6.0            616.3            75606.6                    283.7                    4539.6      -1.0  383387.4                       -19.7                      -1.2
EUR                        0.0                 0.0      1.2               0.3                4.2          90491.5           105603.6                    274.8                    4397.5      -1.0  383387.4                       -27.5                      -1.1
BOBL                       0.2                 2.7    134.4               0.1                2.0            843.1           113309.9                    143.4                    2294.5      -1.0  383387.4                       -29.6                      -0.6
BRE                        0.0                 0.0      0.2               0.8               13.6          72393.2            13019.9                    110.4                    1767.0      -1.0  383387.4                        -3.4                      -0.5
GOLD_micro                15.5               247.4   1784.1               0.9               13.9              7.2            12915.7                    111.9                    1790.8       1.0  383387.4                         3.4                       0.5
US5                        0.2                 2.6    122.0               0.1                2.1            723.9            88291.4                    116.3                    1860.8       1.0  383387.4                        23.0                       0.5
EDOLLAR                    0.0                 0.7     98.4               0.0                0.7           1809.8           178141.6                     76.5                    1224.5       2.0  383387.4                        92.9                       0.6
US10                       0.3                 5.0    130.6               0.2                3.8            723.9            94563.6                    226.8                    3629.6       1.0  383387.4                        24.7                       0.9
NZD                        0.0                 0.1      0.7               0.5                8.7          72393.2            52119.5                    283.9                    4543.1       1.0  383387.4                        13.6                       1.2
EU-OIL                     3.4                54.5    297.4               1.1               18.3             42.2            12537.5                    143.6                    2297.0       2.0  383387.4                         6.5                       1.2
SOYBEAN                    9.1               145.0   1250.0               0.7               11.6             36.2            45245.8                    328.0                    5247.9       1.0  383387.4                        11.8                       1.4
FTSETAIWAN                16.3               261.2   1475.0               1.1               17.7             29.0            42712.0                    472.8                    7564.7       1.0  383387.4                        11.1                       2.0
BRENT-LAST                 1.0                16.1     84.6               1.2               19.0            723.9            61251.9                    727.8                   11645.0       1.0  383387.4                        16.0                       3.0
FTSECHINAA               215.2              3443.1  15853.0               1.4               21.7              0.7            11476.5                    155.8                    2492.6       5.0  383387.4                        15.0                       3.3
HEATOIL                    0.0                 0.5      2.6               1.2               18.8          30405.1            77849.3                    915.3                   14644.4       1.0  383387.4                        20.3                       3.8
BITCOIN                 2385.8             38173.4  67410.0               3.5               56.6              0.1             4880.0                    172.7                    2763.5       7.0  383387.4                         8.9                       5.0
AEX                        7.6               121.2    803.2               0.9               15.1            168.6           135433.9                   1277.4                   20437.7       1.0  383387.4                        35.3                       5.3
SP400                     25.9               414.5   2779.4               0.9               14.9             72.4           201209.7                   1875.3                   30004.4       1.0  383387.4                        52.5                       7.8

Sum of abs(notional exposure % capital) 633.1
Sum of abs(annualised risk % capital) 55.1
Net sum of annualised risk % capital 18.1 

============================================================================================================================================================================================================================
                                                                                                        Correlations                                                                                                        
============================================================================================================================================================================================================================

              AEX  BITCOIN  BOBL   BRE  BRENT-LAST   BTP  BUND  EDOLLAR  EU-OIL   EUR  FTSECHINAA  FTSETAIWAN  GAS_US_mini  GBPEUR  GOLD_micro  HEATOIL   JPY  KR10  KRWUSD  LIVECOW   NZD  SOYBEAN  SP400  US10  US20   US5
AEX          1.00     0.14 -0.01  0.09        0.30  0.23 -0.05    -0.12    0.59  0.15        0.19        0.31         0.04   -0.12        0.07     0.17 -0.09  0.03    0.15     0.10  0.44     0.04   0.33 -0.09 -0.13 -0.07
BITCOIN      0.14     1.00 -0.00  0.05        0.02  0.08 -0.01    -0.06    0.11  0.02        0.09        0.13        -0.07   -0.08        0.08     0.02 -0.01 -0.05    0.10     0.16  0.12     0.06   0.08 -0.06 -0.07 -0.07
BOBL        -0.01    -0.00  1.00  0.00       -0.18  0.66  0.93     0.60   -0.24 -0.10       -0.11       -0.03         0.03    0.01        0.20    -0.11  0.29  0.07   -0.11    -0.06 -0.07     0.01  -0.10  0.66  0.62  0.64
BRE          0.09     0.05  0.00  1.00        0.07  0.06 -0.02    -0.05    0.11  0.16        0.14        0.24        -0.13   -0.05        0.06     0.20  0.04 -0.00    0.23     0.03  0.14     0.12   0.29 -0.04 -0.07 -0.04
BRENT-LAST   0.30     0.02 -0.18  0.07        1.00 -0.10 -0.24    -0.22    0.55  0.16        0.13        0.13         0.10   -0.13        0.02     0.49 -0.18  0.03    0.22     0.18  0.33     0.19   0.21 -0.21 -0.26 -0.16
BTP          0.23     0.08  0.66  0.06       -0.10  1.00  0.69     0.30   -0.01 -0.06       -0.02        0.04        -0.01   -0.02        0.16    -0.07  0.16  0.07    0.02     0.07  0.00     0.07   0.08  0.42  0.40  0.35
BUND        -0.05    -0.01  0.93 -0.02       -0.24  0.69  1.00     0.61   -0.28 -0.10       -0.13       -0.04        -0.01    0.04        0.22    -0.16  0.35  0.07   -0.13    -0.09 -0.11     0.01  -0.14  0.73  0.74  0.64
EDOLLAR     -0.12    -0.06  0.60 -0.05       -0.22  0.30  0.61     1.00   -0.26  0.21       -0.06       -0.07         0.01    0.06        0.32    -0.16  0.53  0.09   -0.13    -0.09  0.04    -0.03  -0.14  0.89  0.71  0.95
EU-OIL       0.59     0.11 -0.24  0.11        0.55 -0.01 -0.28    -0.26    1.00  0.13        0.16        0.20         0.07   -0.12       -0.04     0.26 -0.23 -0.01    0.14     0.18  0.35     0.07   0.35 -0.30 -0.33 -0.25
EUR          0.15     0.02 -0.10  0.16        0.16 -0.06 -0.10     0.21    0.13  1.00        0.12        0.19         0.01    0.04        0.48     0.09  0.48  0.08    0.18     0.05  0.67     0.13   0.25  0.14  0.01  0.21
FTSECHINAA   0.19     0.09 -0.11  0.14        0.13 -0.02 -0.13    -0.06    0.16  0.12        1.00        0.32         0.08   -0.11        0.08     0.15 -0.03 -0.05    0.24     0.01  0.17     0.06   0.27 -0.05 -0.07 -0.05
FTSETAIWAN   0.31     0.13 -0.03  0.24        0.13  0.04 -0.04    -0.07    0.20  0.19        0.32        1.00         0.01   -0.14        0.04     0.22  0.06 -0.03    0.52     0.08  0.24     0.05   0.38 -0.05 -0.04 -0.05
GAS_US_mini  0.04    -0.07  0.03 -0.13        0.10 -0.01 -0.01     0.01    0.07  0.01        0.08        0.01         1.00   -0.06        0.05     0.04  0.05  0.09   -0.04    -0.02  0.05    -0.02   0.01 -0.00 -0.03  0.01
GBPEUR      -0.12    -0.08  0.01 -0.05       -0.13 -0.02  0.04     0.06   -0.12  0.04       -0.11       -0.14        -0.06    1.00        0.08    -0.20  0.05  0.01   -0.03    -0.01 -0.15    -0.05  -0.18  0.03  0.02  0.03
GOLD_micro   0.07     0.08  0.20  0.06        0.02  0.16  0.22     0.32   -0.04  0.48        0.08        0.04         0.05    0.08        1.00    -0.04  0.45  0.03    0.20     0.04  0.35     0.21   0.04  0.32  0.23  0.32
HEATOIL      0.17     0.02 -0.11  0.20        0.49 -0.07 -0.16    -0.16    0.26  0.09        0.15        0.22         0.04   -0.20       -0.04     1.00 -0.16 -0.04    0.20     0.10  0.18     0.09   0.41 -0.19 -0.21 -0.15
JPY         -0.09    -0.01  0.29  0.04       -0.18  0.16  0.35     0.53   -0.23  0.48       -0.03        0.06         0.05    0.05        0.45    -0.16  1.00  0.03   -0.04    -0.13  0.29     0.03  -0.06  0.53  0.47  0.52
KR10         0.03    -0.05  0.07 -0.00        0.03  0.07  0.07     0.09   -0.01  0.08       -0.05       -0.03         0.09    0.01        0.03    -0.04  0.03  1.00   -0.10    -0.06 -0.01     0.03  -0.03  0.08  0.10  0.07
KRWUSD       0.15     0.10 -0.11  0.23        0.22  0.02 -0.13    -0.13    0.14  0.18        0.24        0.52        -0.04   -0.03        0.20     0.20 -0.04 -0.10    1.00     0.30  0.27     0.26   0.22 -0.14 -0.18 -0.10
LIVECOW      0.10     0.16 -0.06  0.03        0.18  0.07 -0.09    -0.09    0.18  0.05        0.01        0.08        -0.02   -0.01        0.04     0.10 -0.13 -0.06    0.30     1.00  0.05     0.08   0.16 -0.09 -0.12 -0.09
NZD          0.44     0.12 -0.07  0.14        0.33  0.00 -0.11     0.04    0.35  0.67        0.17        0.24         0.05   -0.15        0.35     0.18  0.29 -0.01    0.27     0.05  1.00     0.18   0.28  0.01 -0.11  0.06
SOYBEAN      0.04     0.06  0.01  0.12        0.19  0.07  0.01    -0.03    0.07  0.13        0.06        0.05        -0.02   -0.05        0.21     0.09  0.03  0.03    0.26     0.08  0.18     1.00   0.03 -0.01 -0.08 -0.00
SP400        0.33     0.08 -0.10  0.29        0.21  0.08 -0.14    -0.14    0.35  0.25        0.27        0.38         0.01   -0.18        0.04     0.41 -0.06 -0.03    0.22     0.16  0.28     0.03   1.00 -0.18 -0.22 -0.13
US10        -0.09    -0.06  0.66 -0.04       -0.21  0.42  0.73     0.89   -0.30  0.14       -0.05       -0.05        -0.00    0.03        0.32    -0.19  0.53  0.08   -0.14    -0.09  0.01    -0.01  -0.18  1.00  0.90  0.94
US20        -0.13    -0.07  0.62 -0.07       -0.26  0.40  0.74     0.71   -0.33  0.01       -0.07       -0.04        -0.03    0.02        0.23    -0.21  0.47  0.10   -0.18    -0.12 -0.11    -0.08  -0.22  0.90  1.00  0.75
US5         -0.07    -0.07  0.64 -0.04       -0.16  0.35  0.64     0.95   -0.25  0.21       -0.05       -0.05         0.01    0.03        0.32    -0.15  0.52  0.07   -0.10    -0.09  0.06    -0.00  -0.13  0.94  0.75  1.00


********************************************************************************
                               END OF RISK REPORT                               
********************************************************************************


