
********************************************************************************
                    Risk report produced on 01/10/2024 22:52                    
********************************************************************************


Total risk across all strategies, annualised percentage 13.8
Percentage of capital used for margin 71.1%

========================================
Risk per strategy, annualised percentage
========================================

                  risk
dynamic_TF_carry  13.8


===================
Risk by asset class
===================

Ags        2.8
Bond       3.3
Equity    10.9
FX         0.8
Metals     2.2
OilGas     1.9
dtype: float64


=====================================================
Beta loadings of asset class positions on asset class
=====================================================

Ags      -0.10
OilGas   -0.04
Metals   -0.02
FX        0.11
Bond      0.53
Equity    0.87
dtype: float64


========================================================
Beta loadings of full portfolio positions on asset class
========================================================

Ags      -0.16
OilGas   -0.03
Metals    0.15
Bond      0.71
Equity    0.90
FX        0.99
dtype: float64


=================================================================================================================================================================================================================================================================
                                                                                                                         Instrument risk                                                                                                                         
=================================================================================================================================================================================================================================================================

             daily_price_stdev  annual_price_stdev     price  daily_perc_stdev  annual_perc_stdev  point_size_base  contract_exposure  daily_risk_per_contract  annual_risk_per_contract  position  capital  exposure_held_perc_capital  annual_risk_perc_capital
ALUMINIUM               37.527             600.433   2571.00              1.46               23.4             18.7              48067                      701                     11225        -1   576177                        -8.3                      -1.9
GAS-PEN                  0.090               1.444      2.89              3.12               50.0           7478.3              21604                      674                     10799        -1   576177                        -3.7                      -1.9
CAC                     75.802            1212.838   7581.50              1.00               16.0              8.3              63143                      631                     10101        -1   576177                       -11.0                      -1.8
COTTON2                  1.055              16.876     73.25              1.44               23.0            373.9              27389                      394                      6310        -1   576177                        -4.8                      -1.1
SOYMEAL                  5.226              83.608    344.40              1.52               24.3             74.8              25755                      390                      6252        -1   576177                        -4.5                      -1.1
WHEAT                    9.310             148.961    597.25              1.56               24.9             37.4              22332                      348                      5569        -1   576177                        -3.9                      -1.0
CHINAA-CON              15.219             243.508   2185.00              0.70               11.1             18.7              40850                      284                      4552        -1   576177                        -7.1                      -0.8
BITCOIN               1739.203           27827.242  61940.00              2.81               44.9              0.1               4632                      130                      2081        -2   576177                        -1.6                      -0.7
CORN                     5.144              82.302    428.50              1.20               19.2             37.4              16022                      192                      3077        -1   576177                        -2.8                      -0.5
IRON                     2.453              39.252    108.90              2.25               36.0             74.8               8143                      183                      2935        -1   576177                        -1.4                      -0.5
CANOLA                  10.655             170.479    623.80              1.71               27.3             11.1               6896                      117                      1884        -1   576177                        -1.2                      -0.3
MUMMY                   14.212             227.393    654.00              2.17               34.8              5.2               3391                       73                      1179         1   576177                         0.6                       0.2
DAX                    161.218            2579.488  19357.00              0.83               13.3              0.8              16121                      134                      2148         1   576177                         2.8                       0.4
SP500_micro             42.261             676.181   5775.50              0.73               11.7              3.7              21595                      158                      2528         1   576177                         3.7                       0.4
GBP                      0.006               0.096      1.33              0.45                7.2          46739.6              62070                      280                      4493         1   576177                        10.8                       0.8
US10U                    0.462               7.396    118.91              0.39                6.2            747.8              88922                      345                      5530         1   576177                        15.4                       1.0
KR10                     0.370               5.920    117.38              0.32                5.0            566.5              66493                      209                      3353         2   576177                        23.1                       1.2
US20                     0.707              11.318    125.03              0.57                9.1            747.8              93502                      529                      8464         1   576177                        16.2                       1.5
MSCISING                 3.182              50.912    339.85              0.94               15.0             58.1              19759                      185                      2960         3   576177                        10.3                       1.5
LEANHOG                  0.967              15.468     74.53              1.30               20.8            299.1              22292                      289                      4626         2   576177                         7.7                       1.6
SPI200                  55.009             880.140   8259.00              0.67               10.7             13.0             106972                      712                     11399         1   576177                        18.6                       2.0
FTSETAIWAN              25.574             409.188   1869.50              1.37               21.9             29.9              55923                      765                     12240         1   576177                         9.7                       2.1
SILVER                   0.556               8.889     31.66              1.75               28.1            747.8              23680                      415                      6647         2   576177                         8.2                       2.3
MIB                    308.941            4943.051  33705.00              0.92               14.7              4.2             140357                     1286                     20584         1   576177                        24.4                       3.6
MSCIEAFA                22.778             364.454   2475.80              0.92               14.7             37.4              92574                      851                     13627         2   576177                        32.1                       4.7

Sum of abs(notional exposure % capital) 233.9
Sum of abs(annualised risk % capital) 34.9
Net sum of annualised risk % capital 11.7 

=========================================================================================================================================================================================================================
                                                                                                      Correlations                                                                                                       
=========================================================================================================================================================================================================================

             BITCOIN  LEANHOG  ALUMINIUM  COTTON2  IRON  CANOLA  CORN  GAS-PEN  SOYMEAL  WHEAT  KR10  US10U  US20   CAC  CHINAA-CON   DAX  FTSETAIWAN   GBP   MIB  MSCIEAFA  MSCISING  MUMMY  SILVER  SP500_micro  SPI200
BITCOIN         1.00     0.26       0.05     0.21 -0.05    0.10  0.17    -0.02     0.03   0.14  0.08   0.09  0.12  0.40        0.15  0.39        0.29  0.25  0.33      0.39      0.21   0.33    0.25         0.31    0.46
LEANHOG         0.26     1.00       0.04     0.13  0.12    0.38  0.14    -0.05     0.17   0.17 -0.06  -0.03 -0.03  0.31        0.13  0.24        0.04  0.09  0.30      0.13      0.10   0.22    0.07        -0.00    0.26
ALUMINIUM       0.05     0.04       1.00     0.17  0.34    0.13  0.12    -0.05     0.18   0.16 -0.17  -0.09 -0.08  0.23        0.16  0.17        0.25  0.26  0.12      0.20      0.30   0.08    0.48         0.14    0.05
COTTON2         0.21     0.13       0.17     1.00  0.19    0.16  0.05    -0.03     0.07   0.06 -0.09  -0.23 -0.21  0.11        0.19  0.17        0.22 -0.06  0.03      0.12      0.09   0.24    0.09         0.21    0.28
IRON           -0.05     0.12       0.34     0.19  1.00    0.24  0.03    -0.07     0.23   0.20 -0.11  -0.13 -0.11  0.04        0.16  0.01        0.19  0.01 -0.07     -0.00     -0.00   0.02    0.24        -0.04   -0.03
CANOLA          0.10     0.38       0.13     0.16  0.24    1.00  0.40     0.14     0.48   0.46 -0.25  -0.31 -0.34  0.21        0.14  0.20        0.07  0.12  0.22      0.04      0.11   0.02    0.23        -0.01    0.07
CORN            0.17     0.14       0.12     0.05  0.03    0.40  1.00     0.19     0.58   0.66 -0.00  -0.05 -0.05  0.01        0.03  0.02        0.00  0.11  0.00     -0.05      0.05   0.01    0.16         0.05    0.07
GAS-PEN        -0.02    -0.05      -0.05    -0.03 -0.07    0.14  0.19     1.00     0.12   0.19  0.02   0.01 -0.00 -0.02        0.01 -0.05        0.08  0.05 -0.00      0.04      0.09  -0.04    0.11         0.13   -0.00
SOYMEAL         0.03     0.17       0.18     0.07  0.23    0.48  0.58     0.12     1.00   0.55 -0.04  -0.07 -0.08  0.15        0.07  0.03       -0.12  0.00  0.04     -0.02     -0.06  -0.01    0.12        -0.07    0.04
WHEAT           0.14     0.17       0.16     0.06  0.20    0.46  0.66     0.19     0.55   1.00 -0.02  -0.09 -0.09  0.13       -0.05  0.09       -0.03  0.00  0.07      0.02      0.12  -0.09    0.14         0.01   -0.00
KR10            0.08    -0.06      -0.17    -0.09 -0.11   -0.25 -0.00     0.02    -0.04  -0.02  1.00   0.63  0.65  0.02       -0.01  0.06        0.18  0.16 -0.05      0.24      0.10   0.06   -0.05         0.22    0.27
US10U           0.09    -0.03      -0.09    -0.23 -0.13   -0.31 -0.05     0.01    -0.07  -0.09  0.63   1.00  0.98  0.14       -0.04  0.10        0.05  0.31 -0.03      0.35      0.05   0.07    0.07         0.21    0.29
US20            0.12    -0.03      -0.08    -0.21 -0.11   -0.34 -0.05    -0.00    -0.08  -0.09  0.65   0.98  1.00  0.15       -0.02  0.13        0.10  0.28 -0.01      0.37      0.09   0.11    0.06         0.26    0.35
CAC             0.40     0.31       0.23     0.11  0.04    0.21  0.01    -0.02     0.15   0.13  0.02   0.14  0.15  1.00        0.29  0.87        0.33  0.44  0.80      0.76      0.38   0.46    0.34         0.52    0.56
CHINAA-CON      0.15     0.13       0.16     0.19  0.16    0.14  0.03     0.01     0.07  -0.05 -0.01  -0.04 -0.02  0.29        1.00  0.32        0.42  0.32  0.30      0.43      0.44   0.39    0.34         0.42    0.43
DAX             0.39     0.24       0.17     0.17  0.01    0.20  0.02    -0.05     0.03   0.09  0.06   0.10  0.13  0.87        0.32  1.00        0.50  0.52  0.84      0.82      0.48   0.61    0.37         0.65    0.66
FTSETAIWAN      0.29     0.04       0.25     0.22  0.19    0.07  0.00     0.08    -0.12  -0.03  0.18   0.05  0.10  0.33        0.42  0.50        1.00  0.37  0.41      0.61      0.58   0.55    0.44         0.68    0.57
GBP             0.25     0.09       0.26    -0.06  0.01    0.12  0.11     0.05     0.00   0.00  0.16   0.31  0.28  0.44        0.32  0.52        0.37  1.00  0.42      0.63      0.40   0.44    0.55         0.50    0.36
MIB             0.33     0.30       0.12     0.03 -0.07    0.22  0.00    -0.00     0.04   0.07 -0.05  -0.03 -0.01  0.80        0.30  0.84        0.41  0.42  1.00      0.70      0.50   0.55    0.31         0.55    0.54
MSCIEAFA        0.39     0.13       0.20     0.12 -0.00    0.04 -0.05     0.04    -0.02   0.02  0.24   0.35  0.37  0.76        0.43  0.82        0.61  0.63  0.70      1.00      0.66   0.70    0.46         0.81    0.75
MSCISING        0.21     0.10       0.30     0.09 -0.00    0.11  0.05     0.09    -0.06   0.12  0.10   0.05  0.09  0.38        0.44  0.48        0.58  0.40  0.50      0.66      1.00   0.58    0.42         0.66    0.58
MUMMY           0.33     0.22       0.08     0.24  0.02    0.02  0.01    -0.04    -0.01  -0.09  0.06   0.07  0.11  0.46        0.39  0.61        0.55  0.44  0.55      0.70      0.58   1.00    0.26         0.68    0.71
SILVER          0.25     0.07       0.48     0.09  0.24    0.23  0.16     0.11     0.12   0.14 -0.05   0.07  0.06  0.34        0.34  0.37        0.44  0.55  0.31      0.46      0.42   0.26    1.00         0.46    0.29
SP500_micro     0.31    -0.00       0.14     0.21 -0.04   -0.01  0.05     0.13    -0.07   0.01  0.22   0.21  0.26  0.52        0.42  0.65        0.68  0.50  0.55      0.81      0.66   0.68    0.46         1.00    0.70
SPI200          0.46     0.26       0.05     0.28 -0.03    0.07  0.07    -0.00     0.04  -0.00  0.27   0.29  0.35  0.56        0.43  0.66        0.57  0.36  0.54      0.75      0.58   0.71    0.29         0.70    1.00


********************************************************************************
                                 END OF REPORT                                  
********************************************************************************


