
********************************************************************************
                    Risk report produced on 04/08/2025 22:53                    
********************************************************************************


Total risk across all strategies, annualised percentage 17.5
Percentage of capital used for margin 49.3%

========================================
Risk per strategy, annualised percentage
========================================

                  risk
dynamic_TF_carry  17.6


===================
Risk by asset class
===================

Ags        3.9
Bond       2.0
Equity    12.5
FX         4.5
Metals     3.1
OilGas     2.9
dtype: float64


=====================================================
Beta loadings of asset class positions on asset class
=====================================================

OilGas   -0.06
Bond     -0.03
Metals    0.05
FX        0.12
Ags       0.20
Equity    0.88
dtype: float64


========================================================
Beta loadings of full portfolio positions on asset class
========================================================

Bond     -0.66
OilGas   -0.02
Metals    0.25
Ags       0.57
Equity    1.04
FX        1.11
dtype: float64


===================================================================================================================================================================================================================================================================
                                                                                                                          Instrument risk                                                                                                                          
===================================================================================================================================================================================================================================================================

               daily_price_stdev  annual_price_stdev     price  daily_perc_stdev  annual_perc_stdev  point_size_base  contract_exposure  daily_risk_per_contract  annual_risk_per_contract  position  capital  exposure_held_perc_capital  annual_risk_perc_capital
JPY                        0.000               0.001      0.01              0.73               11.7        9415628.4              64379                      469                      7509        -3   548571                       -35.2                      -4.1
GAS-PEN                    0.107               1.719      2.92              3.68               58.9           7532.5              21987                      809                     12947        -1   548571                        -4.0                      -2.4
DX                         0.508               8.129     98.58              0.52                8.2            753.3              74251                      382                      6123        -2   548571                       -27.1                      -2.2
GOLD_micro                33.720             539.519   3404.00              0.99               15.8              7.5              25640                      253                      4063        -2   548571                        -9.3                      -1.5
CAD10                      0.437               6.984    121.13              0.36                5.8            546.7              66225                      238                      3818        -2   548571                       -24.1                      -1.4
US10U                      0.504               8.069    114.52              0.44                7.0            753.3              86258                      379                      6078        -1   548571                       -15.7                      -1.1
WHEAT                      7.503             120.051    536.75              1.40               22.4             37.7              20215                      282                      4521        -1   548571                        -3.7                      -0.8
RICE                       0.147               2.347     12.31              1.19               19.1           1506.5              18545                      220                      3535        -1   548571                        -3.4                      -0.6
GAS_US_mini                0.110               1.768      2.94              3.76               60.1           1883.1               5536                      208                      3329        -1   548571                        -1.0                      -0.6
KRWUSD_mini                0.004               0.069      0.72              0.60                9.5          18831.3              13611                       81                      1296        -2   548571                        -5.0                      -0.5
MUMMY                      9.299             148.782    757.00              1.23               19.7              5.1               3858                       47                       758         1   548571                         0.7                       0.1
MXP                        0.000               0.005      0.05              0.54                8.7         376625.1              19806                      107                      1725         1   548571                         3.6                       0.3
KOSDAQ                    22.225             355.597   1315.50              1.69               27.0              5.4               7109                      120                      1921         1   548571                         1.3                       0.4
CRUDE_W_micro              1.349              21.584     65.22              2.07               33.1             75.3               4912                      101                      1625         2   548571                         1.8                       0.6
CANOLA                     9.985             159.766    682.50              1.46               23.4             10.9               7462                      109                      1746         2   548571                         2.7                       0.6
MSCISING                   3.998              63.972    419.25              0.95               15.3             58.5              24529                      233                      3742         1   548571                         4.5                       0.7
LEANHOG                    1.126              18.020     90.85              1.24               19.8            301.3              27373                      339                      5429         1   548571                         5.0                       1.0
NASDAQ_micro             227.962            3647.389  23258.00              0.98               15.7              1.5              35038                      343                      5494         1   548571                         6.4                       1.0
BUND                       0.422               6.760    130.27              0.32                5.2            871.6             113543                      368                      5891         1   548571                        20.7                       1.1
BTP                        0.425               6.806    121.32              0.35                5.6            871.6             105743                      370                      5932         1   548571                        19.3                       1.1
YENEUR                     0.855              13.672    169.67              0.50                8.1            637.1             108100                      544                      8711         1   548571                        19.7                       1.6
SPI200                    52.521             840.340   8610.00              0.61                9.8             12.2             105078                      640                     10255         1   548571                        19.2                       1.9
FEEDCOW                    3.136              50.173    334.02              0.94               15.0            376.6             125802                     1181                     18896         1   548571                        22.9                       3.4
PLAT                      32.450             519.203   1344.90              2.41               38.6             37.7              50652                     1222                     19554         1   548571                         9.2                       3.6
MIB                      415.670            6650.715  40790.00              1.02               16.3              4.4             177763                     1811                     28983         1   548571                        32.4                       5.3
MSCIEAFA                  26.168             418.692   2638.70              0.99               15.9             37.7              99380                      985                     15769         2   548571                        36.2                       5.7

Sum of abs(notional exposure % capital) 334.1
Sum of abs(annualised risk % capital) 43.6
Net sum of annualised risk % capital 13.2 

===========================================================================================================================================================================================================================================
                                                                                                               Correlations                                                                                                                
===========================================================================================================================================================================================================================================

               CRUDE_W_micro  FEEDCOW  NASDAQ_micro  YENEUR  CANOLA  GAS-PEN  GAS_US_mini  RICE  WHEAT    DX  KOSDAQ  LEANHOG   MIB  MSCIEAFA  MSCISING  MUMMY   MXP  PLAT  SPI200   BTP  BUND  CAD10  GOLD_micro   JPY  KRWUSD_mini  US10U
CRUDE_W_micro           1.00     0.36          0.08    0.09    0.23     0.16         0.14  0.06   0.26  0.38    0.10     0.27  0.32     -0.01      0.25   0.24  0.05  0.04    0.18 -0.12 -0.21  -0.19       -0.05 -0.34        -0.08  -0.20
FEEDCOW                 0.36     1.00          0.09    0.12   -0.13    -0.04        -0.03 -0.02  -0.08  0.02    0.30     0.17  0.40      0.25      0.28   0.32  0.27  0.04    0.31  0.04 -0.13   0.01        0.09 -0.11         0.12   0.14
NASDAQ_micro            0.08     0.09          1.00    0.15    0.09     0.10         0.06 -0.15  -0.13  0.23    0.28    -0.06  0.15      0.39      0.22   0.25  0.25  0.02    0.37  0.03 -0.07  -0.08       -0.29 -0.37        -0.08  -0.10
YENEUR                  0.09     0.12          0.15    1.00    0.09     0.10         0.13 -0.09  -0.07 -0.04    0.24    -0.08  0.07      0.17      0.15   0.13  0.32  0.31   -0.04 -0.36 -0.51  -0.39        0.04 -0.57        -0.04  -0.41
CANOLA                  0.23    -0.13          0.09    0.09    1.00     0.21         0.17 -0.18   0.31  0.03    0.06     0.18 -0.02     -0.03     -0.03  -0.04 -0.01  0.12    0.04  0.04  0.03  -0.15        0.13 -0.09         0.14  -0.19
GAS-PEN                 0.16    -0.04          0.10    0.10    0.21     1.00         0.97 -0.07   0.27  0.19   -0.05    -0.25 -0.14     -0.08      0.05  -0.12 -0.19 -0.03   -0.14 -0.21 -0.13  -0.09        0.05 -0.18        -0.11   0.01
GAS_US_mini             0.14    -0.03          0.06    0.13    0.17     0.97         1.00 -0.07   0.27  0.13   -0.03    -0.26 -0.08     -0.04      0.10  -0.10 -0.15  0.02   -0.10 -0.19 -0.14  -0.09        0.12 -0.15        -0.07   0.00
RICE                    0.06    -0.02         -0.15   -0.09   -0.18    -0.07        -0.07  1.00   0.04 -0.02   -0.15     0.20 -0.10     -0.20     -0.16  -0.01 -0.10 -0.06   -0.15  0.00  0.02  -0.17       -0.02  0.08        -0.02  -0.04
WHEAT                   0.26    -0.08         -0.13   -0.07    0.31     0.27         0.27  0.04   1.00 -0.12   -0.04     0.17  0.02      0.08     -0.06  -0.04  0.10  0.14   -0.07  0.08  0.13  -0.10        0.30  0.20         0.17  -0.02
DX                      0.38     0.02          0.23   -0.04    0.03     0.19         0.13 -0.02  -0.12  1.00   -0.19    -0.16 -0.11     -0.51     -0.01  -0.08 -0.32 -0.42   -0.19 -0.28 -0.22  -0.31       -0.59 -0.76        -0.64  -0.39
KOSDAQ                  0.10     0.30          0.28    0.24    0.06    -0.05        -0.03 -0.15  -0.04 -0.19    1.00     0.13  0.47      0.48      0.46   0.48  0.36  0.26    0.49  0.17 -0.03   0.06        0.10 -0.07         0.38   0.04
LEANHOG                 0.27     0.17         -0.06   -0.08    0.18    -0.25        -0.26  0.20   0.17 -0.16    0.13     1.00  0.41      0.19      0.18   0.44  0.17  0.20    0.34  0.23  0.10  -0.01        0.21  0.14         0.26   0.07
MIB                     0.32     0.40          0.15    0.07   -0.02    -0.14        -0.08 -0.10   0.02 -0.11    0.47     0.41  1.00      0.59      0.76   0.62  0.22  0.19    0.67  0.22 -0.12   0.28        0.25  0.01         0.34   0.20
MSCIEAFA               -0.01     0.25          0.39    0.17   -0.03    -0.08        -0.04 -0.20   0.08 -0.51    0.48     0.19  0.59      1.00      0.54   0.55  0.41  0.41    0.65  0.36  0.12   0.34        0.41  0.24         0.49   0.34
MSCISING                0.25     0.28          0.22    0.15   -0.03     0.05         0.10 -0.16  -0.06 -0.01    0.46     0.18  0.76      0.54      1.00   0.62  0.18  0.23    0.72  0.14 -0.15   0.19        0.20 -0.14         0.30   0.05
MUMMY                   0.24     0.32          0.25    0.13   -0.04    -0.12        -0.10 -0.01  -0.04 -0.08    0.48     0.44  0.62      0.55      0.62   1.00  0.27  0.16    0.64  0.20 -0.01   0.05        0.23 -0.07         0.27   0.08
MXP                     0.05     0.27          0.25    0.32   -0.01    -0.19        -0.15 -0.10   0.10 -0.32    0.36     0.17  0.22      0.41      0.18   0.27  1.00  0.40    0.30  0.19  0.01  -0.10        0.15 -0.01         0.28  -0.01
PLAT                    0.04     0.04          0.02    0.31    0.12    -0.03         0.02 -0.06   0.14 -0.42    0.26     0.20  0.19      0.41      0.23   0.16  0.40  1.00    0.30  0.23  0.09  -0.03        0.47  0.11         0.34   0.05
SPI200                  0.18     0.31          0.37   -0.04    0.04    -0.14        -0.10 -0.15  -0.07 -0.19    0.49     0.34  0.67      0.65      0.72   0.64  0.30  0.30    1.00  0.39  0.15   0.25        0.27  0.11         0.49   0.17
BTP                    -0.12     0.04          0.03   -0.36    0.04    -0.21        -0.19  0.00   0.08 -0.28    0.17     0.23  0.22      0.36      0.14   0.20  0.19  0.23    0.39  1.00  0.88   0.56        0.45  0.40         0.37   0.60
BUND                   -0.21    -0.13         -0.07   -0.51    0.03    -0.13        -0.14  0.02   0.13 -0.22   -0.03     0.10 -0.12      0.12     -0.15  -0.01  0.01  0.09    0.15  0.88  1.00   0.51        0.36  0.47         0.23   0.58
CAD10                  -0.19     0.01         -0.08   -0.39   -0.15    -0.09        -0.09 -0.17  -0.10 -0.31    0.06    -0.01  0.28      0.34      0.19   0.05 -0.10 -0.03    0.25  0.56  0.51   1.00        0.27  0.46         0.29   0.81
GOLD_micro             -0.05     0.09         -0.29    0.04    0.13     0.05         0.12 -0.02   0.30 -0.59    0.10     0.21  0.25      0.41      0.20   0.23  0.15  0.47    0.27  0.45  0.36   0.27        1.00  0.48         0.52   0.33
JPY                    -0.34    -0.11         -0.37   -0.57   -0.09    -0.18        -0.15  0.08   0.20 -0.76   -0.07     0.14  0.01      0.24     -0.14  -0.07 -0.01  0.11    0.11  0.40  0.47   0.46        0.48  1.00         0.49   0.52
KRWUSD_mini            -0.08     0.12         -0.08   -0.04    0.14    -0.11        -0.07 -0.02   0.17 -0.64    0.38     0.26  0.34      0.49      0.30   0.27  0.28  0.34    0.49  0.37  0.23   0.29        0.52  0.49         1.00   0.30
US10U                  -0.20     0.14         -0.10   -0.41   -0.19     0.01         0.00 -0.04  -0.02 -0.39    0.04     0.07  0.20      0.34      0.05   0.08 -0.01  0.05    0.17  0.60  0.58   0.81        0.33  0.52         0.30   1.00


********************************************************************************
                                 END OF REPORT                                  
********************************************************************************


