
********************************************************************************
                    Risk report produced on 17/12/2025 22:53                    
********************************************************************************


Total risk across all strategies, annualised percentage 16.2
Percentage of capital used for margin 44.2%

========================================
Risk per strategy, annualised percentage
========================================

                  risk
dynamic_TF_carry  16.3


===================
Risk by asset class
===================

Ags        1.1
Bond       2.9
Equity    10.6
FX         3.7
Metals     4.7
OilGas     4.2
Sector     0.8
dtype: float64


=====================================================
Beta loadings of asset class positions on asset class
=====================================================

Bond     -0.50
OilGas   -0.14
Ags      -0.01
Sector    0.04
Metals    0.10
FX        0.36
Equity    0.95
dtype: float64


========================================================
Beta loadings of full portfolio positions on asset class
========================================================

Bond     -0.77
OilGas   -0.01
Ags       0.22
Metals    0.31
Sector    0.51
Equity    1.16
FX        1.42
dtype: float64


===================================================================================================================================================================================================================================================================
                                                                                                                          Instrument risk                                                                                                                          
===================================================================================================================================================================================================================================================================

               daily_price_stdev  annual_price_stdev     price  daily_perc_stdev  annual_perc_stdev  point_size_base  contract_exposure  daily_risk_per_contract  annual_risk_per_contract  position  capital  exposure_held_perc_capital  annual_risk_perc_capital
GAS_US_mini                0.160               2.555      3.83              4.17               66.7           1872.7               7172                      299                      4784        -4   625235                        -4.6                      -3.1
GASOILINE                  0.026               0.416      1.94              1.34               21.5          31461.7              60928                      818                     13096        -1   625235                        -9.7                      -2.1
KR10                       0.413               6.610    114.16              0.36                5.8            504.7              57616                      208                      3336        -3   625235                       -27.6                      -1.6
JPY                        0.000               0.001      0.01              0.51                8.2        9363611.5              60643                      311                      4985        -2   625235                       -19.4                      -1.6
BITCOIN                 2687.160           42994.567  86300.00              3.11               49.8              0.1               6464                      201                      3220        -3   625235                        -3.1                      -1.5
BUXL                       0.651              10.412    110.16              0.59                9.5            876.9              96604                      570                      9130        -1   625235                       -15.5                      -1.5
DAX                      183.313            2933.009  23992.00              0.76               12.2              0.9              21039                      160                      2572        -2   625235                        -6.7                      -0.8
WHEAT                      6.338             101.409    559.75              1.13               18.1             37.5              20965                      237                      3798        -1   625235                        -3.4                      -0.6
CAD10                      0.422               6.758    120.57              0.35                5.6            543.5              65534                      229                      3673        -1   625235                       -10.5                      -0.6
RICE                       0.153               2.447      9.68              1.58               25.3           1498.2              14509                      229                      3666        -1   625235                        -2.3                      -0.6
CRUDE_W_micro              0.935              14.952     55.89              1.67               26.8             74.9               4186                       70                      1120        -2   625235                        -1.3                      -0.4
AUD_micro                  0.003               0.044      0.66              0.42                6.7           7490.9               4948                       20                       332         1   625235                         0.8                       0.1
FTSECHINAA               138.615            2217.840  14963.00              0.93               14.8              0.7              11208                      103                      1661         1   625235                         1.8                       0.3
MXP                        0.000               0.004      0.06              0.44                7.0         374544.5              20607                       89                      1435         2   625235                         6.6                       0.5
BRE                        0.001               0.022      0.18              0.77               12.3          74908.9              13539                      103                      1660         2   625235                         4.3                       0.5
EU-BASIC                   7.068             113.086    634.40              1.11               17.8             43.8              27816                      309                      4958         1   625235                         4.4                       0.8
TOPIX                     32.283             516.525   3362.00              0.96               15.4              4.8              16208                      155                      2490         2   625235                         5.2                       0.8
LEANHOG                    1.126              18.010     88.08              1.28               20.4            299.6              26390                      337                      5396         1   625235                         4.2                       0.9
GBP                        0.005               0.080      1.34              0.37                6.0          46818.1              62619                      234                      3749         2   625235                        20.0                       1.2
RUSSELL                   30.568             489.083   2516.80              1.21               19.4              3.7               9426                      114                      1831         5   625235                         7.5                       1.5
FTSETAIWAN                26.092             417.480   2263.50              1.15               18.4             30.0              67822                      781                     12509         1   625235                        10.8                       2.0
MSCIEAFA                  22.227             355.634   2857.30              0.78               12.4             37.5             107018                      832                     13320         1   625235                        17.1                       2.1
YENEUR                     0.700              11.195    182.14              0.38                6.1            602.6             109765                      421                      6746         2   625235                        35.1                       2.2
AEX                        6.900             110.402    931.80              0.74               11.8            175.4             163427                     1210                     19363         1   625235                        26.1                       3.1
MIB                      324.336            5189.380  44295.00              0.73               11.7              4.4             194221                     1422                     22754         1   625235                        31.1                       3.6
SILVER                     1.192              19.064     66.78              1.78               28.5            749.1              50024                      892                     14280         2   625235                        16.0                       4.6

Sum of abs(notional exposure % capital) 295.1
Sum of abs(annualised risk % capital) 38.6
Net sum of annualised risk % capital 9.8 

=======================================================================================================================================================================================================================================
                                                                                                             Correlations                                                                                                              
=======================================================================================================================================================================================================================================

               BUXL  CAD10   JPY  KR10   AEX   DAX  EU-BASIC  FTSETAIWAN   MIB  MSCIEAFA  RUSSELL  TOPIX  AUD_micro  BITCOIN   BRE  FTSECHINAA   GBP  LEANHOG   MXP  SILVER  GAS_US_mini  RICE  WHEAT  CRUDE_W_micro  GASOILINE  YENEUR
BUXL           1.00   0.52  0.17  0.36 -0.11 -0.26     -0.21       -0.12 -0.25     -0.14    -0.01  -0.18      -0.22    -0.06 -0.17       -0.10 -0.20    -0.12 -0.22   -0.13        -0.22 -0.13   0.03          -0.07      -0.06   -0.45
CAD10          0.52   1.00  0.27  0.41 -0.01 -0.07     -0.21       -0.08 -0.09     -0.25    -0.06  -0.02      -0.32     0.03  0.04       -0.15  0.02    -0.17 -0.16   -0.32        -0.24 -0.17  -0.20          -0.25      -0.22   -0.43
JPY            0.17   0.27  1.00  0.20 -0.04 -0.09     -0.03       -0.00 -0.09      0.18    -0.01  -0.29       0.30     0.14  0.16        0.06  0.54    -0.05  0.09    0.05        -0.03  0.12  -0.02          -0.30      -0.32   -0.66
KR10           0.36   0.41  0.20  1.00  0.02 -0.03     -0.16        0.02 -0.15     -0.07     0.10  -0.14      -0.09    -0.01 -0.13        0.01  0.07    -0.10 -0.03   -0.17        -0.11  0.09  -0.21          -0.20      -0.26   -0.29
AEX           -0.11  -0.01 -0.04  0.02  1.00  0.74      0.73        0.71  0.75      0.63     0.66   0.50       0.39     0.32  0.37        0.42  0.20     0.21  0.26    0.37         0.07  0.01   0.08           0.25       0.28    0.03
DAX           -0.26  -0.07 -0.09 -0.03  0.74  1.00      0.76        0.54  0.84      0.68     0.55   0.60       0.43     0.42  0.30        0.29  0.34     0.26  0.30    0.37         0.05  0.08  -0.03           0.03       0.06    0.22
EU-BASIC      -0.21  -0.21 -0.03 -0.16  0.73  0.76      1.00        0.65  0.74      0.73     0.57   0.60       0.62     0.27  0.34        0.46  0.31     0.30  0.36    0.56         0.07  0.13   0.14           0.18       0.19    0.18
FTSETAIWAN    -0.12  -0.08 -0.00  0.02  0.71  0.54      0.65        1.00  0.58      0.65     0.71   0.51       0.53     0.34  0.52        0.44  0.31     0.16  0.38    0.36         0.13  0.01   0.15           0.17       0.18    0.10
MIB           -0.25  -0.09 -0.09 -0.15  0.75  0.84      0.74        0.58  1.00      0.69     0.55   0.62       0.42     0.30  0.37        0.35  0.23     0.27  0.26    0.40         0.01  0.12   0.03           0.17       0.23    0.11
MSCIEAFA      -0.14  -0.25  0.18 -0.07  0.63  0.68      0.73        0.65  0.69      1.00     0.66   0.58       0.76     0.26  0.41        0.43  0.55     0.26  0.39    0.52         0.01  0.17   0.10           0.05       0.04    0.17
RUSSELL       -0.01  -0.06 -0.01  0.10  0.66  0.55      0.57        0.71  0.55      0.66     1.00   0.47       0.47     0.38  0.37        0.40  0.26     0.32  0.27    0.35        -0.08 -0.03   0.10           0.13       0.15    0.05
TOPIX         -0.18  -0.02 -0.29 -0.14  0.50  0.60      0.60        0.51  0.62      0.58     0.47   1.00       0.38     0.16  0.23        0.27  0.22     0.16  0.19    0.18        -0.05 -0.06  -0.09           0.15       0.16    0.34
AUD_micro     -0.22  -0.32  0.30 -0.09  0.39  0.43      0.62        0.53  0.42      0.76     0.47   0.38       1.00     0.27  0.43        0.40  0.63     0.24  0.44    0.54         0.12  0.23   0.22           0.08       0.05    0.17
BITCOIN       -0.06   0.03  0.14 -0.01  0.32  0.42      0.27        0.34  0.30      0.26     0.38   0.16       0.27     1.00  0.19        0.16  0.17     0.10  0.10    0.07        -0.04 -0.02  -0.06          -0.04      -0.02   -0.05
BRE           -0.17   0.04  0.16 -0.13  0.37  0.30      0.34        0.52  0.37      0.41     0.37   0.23       0.43     0.19  1.00        0.43  0.37     0.09  0.47    0.33         0.18  0.08   0.23           0.14       0.21    0.09
FTSECHINAA    -0.10  -0.15  0.06  0.01  0.42  0.29      0.46        0.44  0.35      0.43     0.40   0.27       0.40     0.16  0.43        1.00  0.25     0.13  0.33    0.30         0.11 -0.09   0.16           0.17       0.20    0.09
GBP           -0.20   0.02  0.54  0.07  0.20  0.34      0.31        0.31  0.23      0.55     0.26   0.22       0.63     0.17  0.37        0.25  1.00     0.19  0.45    0.32        -0.02  0.13  -0.11          -0.24      -0.25    0.10
LEANHOG       -0.12  -0.17 -0.05 -0.10  0.21  0.26      0.30        0.16  0.27      0.26     0.32   0.16       0.24     0.10  0.09        0.13  0.19     1.00  0.16    0.33        -0.11  0.11   0.17           0.28       0.23    0.19
MXP           -0.22  -0.16  0.09 -0.03  0.26  0.30      0.36        0.38  0.26      0.39     0.27   0.19       0.44     0.10  0.47        0.33  0.45     0.16  1.00    0.38        -0.06 -0.05   0.09           0.10       0.14    0.30
SILVER        -0.13  -0.32  0.05 -0.17  0.37  0.37      0.56        0.36  0.40      0.52     0.35   0.18       0.54     0.07  0.33        0.30  0.32     0.33  0.38    1.00        -0.04  0.20   0.21           0.20       0.19    0.19
GAS_US_mini   -0.22  -0.24 -0.03 -0.11  0.07  0.05      0.07        0.13  0.01      0.01    -0.08  -0.05       0.12    -0.04  0.18        0.11 -0.02    -0.11 -0.06   -0.04         1.00  0.08   0.15           0.19       0.16   -0.04
RICE          -0.13  -0.17  0.12  0.09  0.01  0.08      0.13        0.01  0.12      0.17    -0.03  -0.06       0.23    -0.02  0.08       -0.09  0.13     0.11 -0.05    0.20         0.08  1.00   0.08          -0.05      -0.06    0.00
WHEAT          0.03  -0.20 -0.02 -0.21  0.08 -0.03      0.14        0.15  0.03      0.10     0.10  -0.09       0.22    -0.06  0.23        0.16 -0.11     0.17  0.09    0.21         0.15  0.08   1.00           0.26       0.26    0.03
CRUDE_W_micro -0.07  -0.25 -0.30 -0.20  0.25  0.03      0.18        0.17  0.17      0.05     0.13   0.15       0.08    -0.04  0.14        0.17 -0.24     0.28  0.10    0.20         0.19 -0.05   0.26           1.00       0.94    0.16
GASOILINE     -0.06  -0.22 -0.32 -0.26  0.28  0.06      0.19        0.18  0.23      0.04     0.15   0.16       0.05    -0.02  0.21        0.20 -0.25     0.23  0.14    0.19         0.16 -0.06   0.26           0.94       1.00    0.16
YENEUR        -0.45  -0.43 -0.66 -0.29  0.03  0.22      0.18        0.10  0.11      0.17     0.05   0.34       0.17    -0.05  0.09        0.09  0.10     0.19  0.30    0.19        -0.04  0.00   0.03           0.16       0.16    1.00


********************************************************************************
                                 END OF REPORT                                  
********************************************************************************


