
********************************************************************************
                    Risk report produced on 17/11/2025 22:53                    
********************************************************************************


Total risk across all strategies, annualised percentage 9.7
Percentage of capital used for margin 42.3%

========================================
Risk per strategy, annualised percentage
========================================

                  risk
dynamic_TF_carry   9.7


===================
Risk by asset class
===================

Ags       0.6
Bond      1.6
Equity    7.6
FX        3.4
Metals    1.1
OilGas    1.2
dtype: float64


=====================================================
Beta loadings of asset class positions on asset class
=====================================================

Ags      -0.03
Metals   -0.02
OilGas    0.04
Bond      0.12
FX        0.30
Equity    0.66
dtype: float64


========================================================
Beta loadings of full portfolio positions on asset class
========================================================

Bond     -0.22
Ags      -0.10
Metals    0.05
OilGas    0.08
FX        0.48
Equity    0.72
dtype: float64


===================================================================================================================================================================================================================================================================
                                                                                                                          Instrument risk                                                                                                                          
===================================================================================================================================================================================================================================================================

               daily_price_stdev  annual_price_stdev     price  daily_perc_stdev  annual_perc_stdev  point_size_base  contract_exposure  daily_risk_per_contract  annual_risk_per_contract  position  capital  exposure_held_perc_capital  annual_risk_perc_capital
KR10                       0.361               5.784    113.90              0.32                5.1            519.2              59140                      187                      3003        -3   617216                       -28.7                      -1.5
CRUDE_W_micro              1.020              16.325     59.54              1.71               27.4             76.1               4528                       77                      1241        -6   617216                        -4.4                      -1.2
BITCOIN                 2817.615           45081.834  91555.00              3.08               49.2              0.1               6962                      214                      3428        -2   617216                        -2.3                      -1.1
DAX                      219.520            3512.325  23618.00              0.93               14.9              0.9              20848                      193                      3100        -2   617216                        -6.8                      -1.0
JPY                        0.000               0.001      0.01              0.53                8.5        9506317.9              61425                      326                      5224        -1   617216                       -10.0                      -0.8
RICE                       0.148               2.364     10.45              1.41               22.6           1521.0              15894                      224                      3595        -1   617216                        -2.6                      -0.6
SP500_micro               58.319             933.098   6665.75              0.87               14.0              3.8              25346                      221                      3548        -1   617216                        -4.1                      -0.6
KRWUSD_mini                0.004               0.061      0.69              0.56                8.9          19012.6              13044                       72                      1167        -3   617216                        -6.3                      -0.6
EUR_micro                  0.004               0.062      1.17              0.33                5.3           9506.3              11083                       36                       587         2   617216                         3.6                       0.2
AUD_micro                  0.003               0.048      0.65              0.46                7.4           7605.1               4931                       22                       363         4   617216                         3.2                       0.2
MXP                        0.000               0.004      0.05              0.50                8.1         380252.7              20571                      103                      1660         2   617216                         6.7                       0.5
KOSPI_mini                 9.639             154.223    576.18              1.67               26.8             26.0              14958                      250                      4003         1   617216                         2.4                       0.6
NIKKEI                   686.357           10981.715  50305.00              1.36               21.8              0.5              24731                      337                      5399         1   617216                         4.0                       0.9
BRE                        0.001               0.018      0.19              0.60                9.6          76050.5              14229                       84                      1359         4   617216                         9.2                       0.9
TOPIX                     32.277             516.428   3344.75              0.96               15.4              4.9              16444                      158                      2538         3   617216                         8.0                       1.2
OAT                        0.320               5.118    122.35              0.26                4.2            882.8             108004                      282                      4518         2   617216                        35.0                       1.5
YENEUR                     0.714              11.417    179.60              0.40                6.4            614.5             110372                      438                      7016         2   617216                        35.8                       2.3
GASOILINE                  0.028               0.446      1.91              1.46               23.3          31941.2              61052                      889                     14232         1   617216                         9.9                       2.3
AEX                        7.771             124.335    946.25              0.82               13.1            176.6             167060                     1371                     21951         1   617216                        27.1                       3.6
MIB                      379.916            6078.660  43445.00              0.87               14.0              4.4             191755                     1676                     26829         1   617216                        31.1                       4.3

Sum of abs(notional exposure % capital) 241.2
Sum of abs(annualised risk % capital) 25.9
Net sum of annualised risk % capital 11.1 

=========================================================================================================================================================================================
                                                                                      Correlations                                                                                       
=========================================================================================================================================================================================

               EUR_micro   JPY  KRWUSD_mini  KR10   OAT  RICE   AEX  AUD_micro  BITCOIN   BRE   DAX   MIB   MXP  SP500_micro  CRUDE_W_micro  GASOILINE  KOSPI_mini  NIKKEI  TOPIX  YENEUR
EUR_micro           1.00  0.69         0.52  0.18  0.03  0.13 -0.14       0.57     0.03  0.33  0.07 -0.06  0.45        -0.12          -0.42      -0.46        0.04   -0.13  -0.13    0.03
JPY                 0.69  1.00         0.51  0.27  0.28  0.08 -0.13       0.40     0.01  0.19 -0.04 -0.09  0.18        -0.20          -0.41      -0.42       -0.11   -0.42  -0.45   -0.69
KRWUSD_mini         0.52  0.51         1.00  0.37  0.17  0.32  0.17       0.49     0.14  0.17  0.16  0.13  0.22         0.11          -0.23      -0.26        0.09    0.08  -0.04   -0.18
KR10                0.18  0.27         0.37  1.00  0.43  0.03 -0.02       0.09     0.02 -0.00 -0.05 -0.14  0.15        -0.03          -0.18      -0.21       -0.06   -0.02  -0.06   -0.22
OAT                 0.03  0.28         0.17  0.43  1.00  0.09  0.04       0.05    -0.09  0.01 -0.07 -0.01  0.12        -0.02          -0.16      -0.13        0.14    0.01  -0.06   -0.35
RICE                0.13  0.08         0.32  0.03  0.09  1.00 -0.05       0.16    -0.04 -0.05 -0.05  0.02 -0.03         0.03           0.00       0.00        0.02    0.02  -0.03    0.01
AEX                -0.14 -0.13         0.17 -0.02  0.04 -0.05  1.00       0.29     0.32  0.29  0.67  0.71  0.22         0.63           0.32       0.34        0.44    0.37   0.32    0.04
AUD_micro           0.57  0.40         0.49  0.09  0.05  0.16  0.29       1.00     0.30  0.59  0.36  0.33  0.56         0.40          -0.03      -0.09        0.37    0.22   0.19    0.04
BITCOIN             0.03  0.01         0.14  0.02 -0.09 -0.04  0.32       0.30     1.00  0.19  0.46  0.31  0.06         0.51           0.05       0.03        0.06    0.16   0.15   -0.01
BRE                 0.33  0.19         0.17 -0.00  0.01 -0.05  0.29       0.59     0.19  1.00  0.29  0.33  0.58         0.33           0.15       0.17        0.20    0.02   0.05    0.06
DAX                 0.07 -0.04         0.16 -0.05 -0.07 -0.05  0.67       0.36     0.46  0.29  1.00  0.76  0.25         0.54          -0.08      -0.06        0.25    0.27   0.30    0.12
MIB                -0.06 -0.09         0.13 -0.14 -0.01  0.02  0.71       0.33     0.31  0.33  0.76  1.00  0.26         0.54           0.12       0.16        0.38    0.30   0.37    0.08
MXP                 0.45  0.18         0.22  0.15  0.12 -0.03  0.22       0.56     0.06  0.58  0.25  0.26  1.00         0.19           0.08       0.08        0.18    0.08   0.12    0.20
SP500_micro        -0.12 -0.20         0.11 -0.03 -0.02  0.03  0.63       0.40     0.51  0.33  0.54  0.54  0.19         1.00           0.18       0.18        0.46    0.52   0.49    0.13
CRUDE_W_micro      -0.42 -0.41        -0.23 -0.18 -0.16  0.00  0.32      -0.03     0.05  0.15 -0.08  0.12  0.08         0.18           1.00       0.96        0.07    0.10   0.17    0.15
GASOILINE          -0.46 -0.42        -0.26 -0.21 -0.13  0.00  0.34      -0.09     0.03  0.17 -0.06  0.16  0.08         0.18           0.96       1.00        0.06    0.10   0.17    0.13
KOSPI_mini          0.04 -0.11         0.09 -0.06  0.14  0.02  0.44       0.37     0.06  0.20  0.25  0.38  0.18         0.46           0.07       0.06        1.00    0.53   0.42    0.15
NIKKEI             -0.13 -0.42         0.08 -0.02  0.01  0.02  0.37       0.22     0.16  0.02  0.27  0.30  0.08         0.52           0.10       0.10        0.53    1.00   0.90    0.44
TOPIX              -0.13 -0.45        -0.04 -0.06 -0.06 -0.03  0.32       0.19     0.15  0.05  0.30  0.37  0.12         0.49           0.17       0.17        0.42    0.90   1.00    0.47
YENEUR              0.03 -0.69        -0.18 -0.22 -0.35  0.01  0.04       0.04    -0.01  0.06  0.12  0.08  0.20         0.13           0.15       0.13        0.15    0.44   0.47    1.00


********************************************************************************
                                 END OF REPORT                                  
********************************************************************************


