
********************************************************************************
                    Risk report produced on 26/02/2025 22:53                    
********************************************************************************


Total risk across all strategies, annualised percentage 11.5
Percentage of capital used for margin 71.4%

========================================
Risk per strategy, annualised percentage
========================================

                  risk
dynamic_TF_carry  11.6


===================
Risk by asset class
===================

Ags       2.8
Bond      2.2
Equity    9.0
FX        2.9
Metals    0.7
OilGas    0.7
Vol       2.0
dtype: float64


=====================================================
Beta loadings of asset class positions on asset class
=====================================================

FX       -0.46
Bond     -0.17
Vol      -0.05
Metals   -0.03
OilGas    0.01
Ags       0.20
Equity    0.78
dtype: float64


========================================================
Beta loadings of full portfolio positions on asset class
========================================================

Bond     -0.38
Vol      -0.18
FX       -0.11
OilGas    0.02
Metals    0.11
Ags       0.33
Equity    0.93
dtype: float64


==================================================================================================================================================================================================================================================================
                                                                                                                         Instrument risk                                                                                                                          
==================================================================================================================================================================================================================================================================

              daily_price_stdev  annual_price_stdev     price  daily_perc_stdev  annual_perc_stdev  point_size_base  contract_exposure  daily_risk_per_contract  annual_risk_per_contract  position  capital  exposure_held_perc_capital  annual_risk_perc_capital
BUXL                      1.201              19.212    128.30              0.94               15.0            829.7             106445                      996                     15939        -1   578791                       -18.4                      -2.8
CHF                       0.005               0.076      1.12              0.42                6.8          98817.7             110458                      468                      7500        -2   578791                       -38.2                      -2.6
VIX                       0.458               7.322     18.50              2.47               39.6            790.5              14625                      361                      5788        -2   578791                        -5.1                      -2.0
RUSSELL                  24.530             392.485   2196.00              1.12               17.9              4.0               8680                       96                      1551        -3   578791                        -4.5                      -0.8
COPPER-micro              0.062               0.991      4.56              1.36               21.7           1976.4               9012                      122                      1958        -2   578791                        -3.1                      -0.7
EUR_micro                 0.005               0.076      1.05              0.45                7.3           9881.8              10412                       47                       755        -5   578791                        -9.0                      -0.7
CAD                       0.002               0.040      0.70              0.35                5.7          79054.2              55614                      197                      3153        -1   578791                        -9.6                      -0.5
SP500_micro              42.470             679.516   6026.25              0.70               11.3              4.0              23820                      167                      2685        -1   578791                        -4.1                      -0.5
MUMMY                     8.691             139.054    650.00              1.34               21.4              5.3               3435                       45                       734         1   578791                         0.6                       0.1
CORN                      4.080              65.287    470.25              0.87               13.9             39.5              18587                      161                      2580         1   578791                         3.2                       0.4
MSCISING                  2.846              45.531    393.30              0.72               11.6             59.1              23234                      168                      2689         1   578791                         4.0                       0.5
GAS_US_mini               0.132               2.108      4.04              3.27               52.2           1976.4               7974                      260                      4166         1   578791                         1.4                       0.7
GBP                       0.006               0.089      1.26              0.44                7.0          49408.9              62388                      274                      4386         1   578791                        10.8                       0.8
CAD10                     0.549               8.785    123.88              0.44                7.1            551.8              68351                      302                      4847         1   578791                        11.8                       0.8
HANG_mini               347.751            5564.010  23701.00              1.47               23.5              1.0              24110                      353                      5660         1   578791                         4.2                       1.0
TOPIX                    21.998             351.966   2701.75              0.81               13.0              5.3              14278                      116                      1860         4   578791                         9.9                       1.3
SMI                      86.312            1380.987  12891.00              0.67               10.7              8.8             113861                      762                     12197         1   578791                        19.7                       2.1
MSCIEAFA                 21.691             347.059   2436.10              0.89               14.2             39.5              96291                      857                     13718         1   578791                        16.6                       2.4
FEEDCOW                   2.470              39.520    270.45              0.91               14.6            395.3             106901                      976                     15621         1   578791                        18.5                       2.7
MSCITAIWAN               12.543             200.680    970.40              1.29               20.7             79.1              76714                      991                     15864         1   578791                        13.3                       2.7
MIB                     247.652            3962.430  38495.00              0.64               10.3              4.1             159688                     1027                     16437         1   578791                        27.6                       2.8

Sum of abs(notional exposure % capital) 233.6
Sum of abs(annualised risk % capital) 28.9
Net sum of annualised risk % capital 7.7 

=================================================================================================================================================================================================
                                                                                          Correlations                                                                                           
=================================================================================================================================================================================================

               CAD  COPPER-micro  EUR_micro   GBP  HANG_mini   MIB  MSCIEAFA  MSCISING  MSCITAIWAN  RUSSELL   SMI  SP500_micro  TOPIX  BUXL  CAD10   CHF  CORN  GAS_US_mini  FEEDCOW  MUMMY   VIX
CAD           1.00          0.46       0.46  0.57       0.36  0.26      0.49      0.11        0.20     0.24  0.27         0.28   0.11  0.15   0.06  0.53  0.20         0.12    -0.03   0.16 -0.15
COPPER-micro  0.46          1.00       0.43  0.43       0.55  0.41      0.50      0.27        0.35     0.15  0.37         0.33   0.22 -0.12  -0.04  0.20  0.23         0.22     0.19   0.10 -0.25
EUR_micro     0.46          0.43       1.00  0.73       0.30  0.27      0.62      0.10        0.14     0.21  0.34         0.26   0.14  0.06   0.21  0.64  0.04        -0.17     0.02   0.01 -0.17
GBP           0.57          0.43       0.73  1.00       0.41  0.41      0.71      0.25        0.28     0.34  0.48         0.38   0.34  0.04   0.24  0.54  0.08        -0.21     0.01   0.22 -0.32
HANG_mini     0.36          0.55       0.30  0.41       1.00  0.20      0.47      0.27        0.29     0.12  0.30         0.32   0.34 -0.06   0.00  0.19  0.35         0.25     0.11   0.29 -0.23
MIB           0.26          0.41       0.27  0.41       0.20  1.00      0.66      0.46        0.42     0.35  0.60         0.45   0.40  0.04   0.11  0.05 -0.05        -0.16     0.11   0.26 -0.39
MSCIEAFA      0.49          0.50       0.62  0.71       0.47  0.66      1.00      0.44        0.46     0.50  0.73         0.66   0.56  0.14   0.30  0.34  0.07        -0.17     0.15   0.36 -0.49
MSCISING      0.11          0.27       0.10  0.25       0.27  0.46      0.44      1.00        0.44     0.35  0.39         0.53   0.47  0.01   0.02 -0.13  0.05        -0.08     0.24   0.39 -0.50
MSCITAIWAN    0.20          0.35       0.14  0.28       0.29  0.42      0.46      0.44        1.00     0.26  0.36         0.60   0.59  0.04  -0.00  0.03  0.05        -0.01     0.21   0.21 -0.33
RUSSELL       0.24          0.15       0.21  0.34       0.12  0.35      0.50      0.35        0.26     1.00  0.38         0.71   0.36  0.15   0.18  0.04  0.06        -0.19     0.23   0.29 -0.68
SMI           0.27          0.37       0.34  0.48       0.30  0.60      0.73      0.39        0.36     0.38  1.00         0.52   0.41  0.15   0.30  0.07  0.00        -0.11     0.15   0.23 -0.45
SP500_micro   0.28          0.33       0.26  0.38       0.32  0.45      0.66      0.53        0.60     0.71  0.52         1.00   0.53  0.10   0.14  0.01  0.12        -0.00     0.28   0.29 -0.81
TOPIX         0.11          0.22       0.14  0.34       0.34  0.40      0.56      0.47        0.59     0.36  0.41         0.53   1.00  0.00   0.01 -0.12  0.01        -0.19     0.34   0.61 -0.41
BUXL          0.15         -0.12       0.06  0.04      -0.06  0.04      0.14      0.01        0.04     0.15  0.15         0.10   0.00  1.00   0.72  0.21 -0.07        -0.17    -0.13   0.11 -0.05
CAD10         0.06         -0.04       0.21  0.24       0.00  0.11      0.30      0.02       -0.00     0.18  0.30         0.14   0.01  0.72   1.00  0.21 -0.08        -0.21    -0.28   0.06 -0.22
CHF           0.53          0.20       0.64  0.54       0.19  0.05      0.34     -0.13        0.03     0.04  0.07         0.01  -0.12  0.21   0.21  1.00 -0.01        -0.16    -0.26   0.03  0.18
CORN          0.20          0.23       0.04  0.08       0.35 -0.05      0.07      0.05        0.05     0.06  0.00         0.12   0.01 -0.07  -0.08 -0.01  1.00         0.36     0.13   0.06 -0.10
GAS_US_mini   0.12          0.22      -0.17 -0.21       0.25 -0.16     -0.17     -0.08       -0.01    -0.19 -0.11        -0.00  -0.19 -0.17  -0.21 -0.16  0.36         1.00     0.15  -0.05  0.00
FEEDCOW      -0.03          0.19       0.02  0.01       0.11  0.11      0.15      0.24        0.21     0.23  0.15         0.28   0.34 -0.13  -0.28 -0.26  0.13         0.15     1.00   0.20 -0.21
MUMMY         0.16          0.10       0.01  0.22       0.29  0.26      0.36      0.39        0.21     0.29  0.23         0.29   0.61  0.11   0.06  0.03  0.06        -0.05     0.20   1.00 -0.20
VIX          -0.15         -0.25      -0.17 -0.32      -0.23 -0.39     -0.49     -0.50       -0.33    -0.68 -0.45        -0.81  -0.41 -0.05  -0.22  0.18 -0.10         0.00    -0.21  -0.20  1.00


********************************************************************************
                                 END OF REPORT                                  
********************************************************************************


