
********************************************************************************
                    Risk report produced on 02/03/2026 22:53                    
********************************************************************************


Total risk across all strategies, annualised percentage 15.0
Percentage of capital used for margin 36.9%

========================================
Risk per strategy, annualised percentage
========================================

                  risk
dynamic_TF_carry  14.8


===================
Risk by asset class
===================

Ags        3.2
Bond       1.9
Equity    11.4
FX         2.3
Metals     2.0
OilGas     2.6
Sector     1.4
dtype: float64


=====================================================
Beta loadings of asset class positions on asset class
=====================================================

Metals   -0.05
Ags      -0.04
Sector    0.05
OilGas    0.09
Bond      0.27
FX        0.40
Equity    0.87
dtype: float64


========================================================
Beta loadings of full portfolio positions on asset class
========================================================

Bond     -0.12
Ags       0.03
OilGas    0.10
Metals    0.17
Sector    0.38
Equity    0.92
FX        1.33
dtype: float64


===================================================================================================================================================================================================================================================================
                                                                                                                          Instrument risk                                                                                                                          
===================================================================================================================================================================================================================================================================

               daily_price_stdev  annual_price_stdev     price  daily_perc_stdev  annual_perc_stdev  point_size_base  contract_exposure  daily_risk_per_contract  annual_risk_per_contract  position  capital  exposure_held_perc_capital  annual_risk_perc_capital
COCOA                    185.535            2968.564   3032.00              6.12               97.9              7.5              22660                     1386                     22186        -1   698781                        -3.2                      -3.2
BITCOIN                 2941.040           47056.633  69130.00              4.25               68.1              0.1               5166                      219                      3516        -3   698781                        -2.2                      -1.5
KR10                       0.402               6.430    112.84              0.36                5.7            511.8              57746                      205                      3290        -3   698781                       -24.8                      -1.4
COPPER-micro               0.113               1.811      5.97              1.89               30.3           1868.4              11161                      211                      3383        -2   698781                        -3.2                      -1.0
SP500_micro               51.485             823.757   6907.50              0.75               11.9              3.7              25812                      192                      3078        -2   698781                        -7.4                      -0.9
JPY                        0.000               0.001      0.01              0.63               10.0        9342092.5              59420                      372                      5955        -1   698781                        -8.5                      -0.9
DX                         0.370               5.918     98.06              0.38                6.0            747.4              73290                      276                      4423        -1   698781                       -10.5                      -0.6
MUMMY                     10.590             169.436    765.00              1.38               22.1              4.8               3643                       50                       807         1   698781                         0.5                       0.1
CANOLA                     6.082              97.313    697.20              0.87               14.0             10.9               7628                       66                      1064         1   698781                         1.1                       0.2
CRUDE_W_micro              1.330              21.287     70.26              1.89               30.3             74.7               5251                       99                      1590         1   698781                         0.8                       0.2
AUD_micro                  0.004               0.063      0.71              0.56                8.9           7473.7               5308                       29                       472         4   698781                         3.0                       0.3
BRE                        0.001               0.017      0.19              0.56                9.0          74736.7              14330                       80                      1289         2   698781                         4.1                       0.4
TOPIX                     41.648             666.371   3881.50              1.07               17.2              4.8              18488                      198                      3174         1   698781                         2.6                       0.5
NZD                        0.004               0.056      0.60              0.59                9.4          74736.7              44524                      262                      4196         1   698781                         6.4                       0.6
GBP                        0.006               0.095      1.34              0.44                7.1          46710.5              62596                      278                      4455         1   698781                         9.0                       0.6
MXP                        0.000               0.005      0.06              0.57                9.1         373683.7              21550                      122                      1965         3   698781                         9.3                       0.8
RUSSELL                   30.274             484.385   2653.40              1.14               18.3              3.7               9915                      113                      1810         5   698781                         7.1                       1.3
EU-BASIC                  13.785             220.554    800.40              1.72               27.6             43.8              35093                      604                      9670         1   698781                         5.0                       1.4
CAD10                      0.350               5.592    122.03              0.29                4.6            547.1              66760                      191                      3059         5   698781                        47.8                       2.2
BRENT-LAST                 1.373              21.967     76.68              1.79               28.6            747.4              57308                     1026                     16417         1   698781                         8.2                       2.3
AEX                        8.267             132.270   1020.05              0.81               13.0            175.4             178896                     1449                     23197         1   698781                        25.6                       3.3
MSCIEAFA                  26.284             420.545   3097.10              0.85               13.6             37.4             115733                      982                     15715         2   698781                        33.1                       4.5
MIB                      456.040            7296.641  46175.00              0.99               15.8              4.4             202454                     1999                     31992         1   698781                        29.0                       4.6

Sum of abs(notional exposure % capital) 252.4
Sum of abs(annualised risk % capital) 32.8
Net sum of annualised risk % capital 13.8 

==============================================================================================================================================================================================================
                                                                                                 Correlations                                                                                                 
==============================================================================================================================================================================================================

               BRENT-LAST  CANOLA  CRUDE_W_micro    DX  CAD10  COCOA   JPY  KR10  AUD_micro   GBP   NZD   AEX  BITCOIN   BRE  COPPER-micro  EU-BASIC   MIB  MSCIEAFA  MUMMY   MXP  RUSSELL  SP500_micro  TOPIX
BRENT-LAST           1.00    0.28           0.99  0.28  -0.12  -0.18 -0.26 -0.17       0.10 -0.19  0.01  0.40     0.12  0.27          0.14      0.38  0.30      0.09   0.20  0.08     0.14         0.19   0.33
CANOLA               0.28    1.00           0.27  0.09  -0.06  -0.13 -0.16 -0.04       0.02 -0.10  0.04  0.05     0.01  0.26         -0.09      0.08 -0.02      0.01   0.10  0.01     0.05         0.08   0.13
CRUDE_W_micro        0.99    0.27           1.00  0.29  -0.13  -0.16 -0.27 -0.16       0.08 -0.18 -0.00  0.38     0.11  0.24          0.12      0.35  0.29      0.06   0.20  0.07     0.11         0.17   0.31
DX                   0.28    0.09           0.29  1.00  -0.24   0.01 -0.80 -0.34      -0.72 -0.83 -0.79 -0.06    -0.11 -0.33         -0.34     -0.18 -0.06     -0.49   0.13 -0.44    -0.06        -0.07   0.07
CAD10               -0.12   -0.06          -0.13 -0.24   1.00  -0.11  0.34  0.50       0.17  0.29  0.25  0.26     0.03  0.20          0.06      0.16  0.23      0.35   0.09 -0.08     0.11         0.12   0.19
COCOA               -0.18   -0.13          -0.16  0.01  -0.11   1.00  0.05 -0.07      -0.03  0.05  0.02  0.06     0.17 -0.14         -0.14     -0.17  0.13     -0.01   0.12 -0.24     0.08         0.11   0.00
JPY                 -0.26   -0.16          -0.27 -0.80   0.34   0.05  1.00  0.38       0.52  0.57  0.57 -0.01    -0.01  0.15          0.07      0.01 -0.05      0.28  -0.19  0.16    -0.01        -0.06  -0.26
KR10                -0.17   -0.04          -0.16 -0.34   0.50  -0.07  0.38  1.00       0.06  0.31  0.16  0.05     0.14 -0.02         -0.03     -0.06 -0.04      0.11  -0.00  0.05    -0.03         0.01  -0.12
AUD_micro            0.10    0.02           0.08 -0.72   0.17  -0.03  0.52  0.06       1.00  0.71  0.91  0.36     0.16  0.54          0.47      0.51  0.30      0.61   0.03  0.47     0.28         0.38   0.24
GBP                 -0.19   -0.10          -0.18 -0.83   0.29   0.05  0.57  0.31       0.71  1.00  0.79  0.26     0.24  0.31          0.42      0.31  0.27      0.56   0.09  0.40     0.16         0.17   0.11
NZD                  0.01    0.04          -0.00 -0.79   0.25   0.02  0.57  0.16       0.91  0.79  1.00  0.27     0.17  0.45          0.41      0.41  0.23      0.56   0.02  0.43     0.25         0.27   0.16
AEX                  0.40    0.05           0.38 -0.06   0.26   0.06 -0.01  0.05       0.36  0.26  0.27  1.00     0.33  0.34          0.40      0.75  0.78      0.62   0.46  0.13     0.35         0.42   0.62
BITCOIN              0.12    0.01           0.11 -0.11   0.03   0.17 -0.01  0.14       0.16  0.24  0.17  0.33     1.00  0.20          0.25      0.25  0.20      0.29   0.11  0.10     0.40         0.50   0.11
BRE                  0.27    0.26           0.24 -0.33   0.20  -0.14  0.15 -0.02       0.54  0.31  0.45  0.34     0.20  1.00          0.25      0.45  0.26      0.44   0.06  0.45     0.30         0.42   0.26
COPPER-micro         0.14   -0.09           0.12 -0.34   0.06  -0.14  0.07 -0.03       0.47  0.42  0.41  0.40     0.25  0.25          1.00      0.56  0.32      0.55   0.12  0.32     0.30         0.29   0.32
EU-BASIC             0.38    0.08           0.35 -0.18   0.16  -0.17  0.01 -0.06       0.51  0.31  0.41  0.75     0.25  0.45          0.56      1.00  0.66      0.68   0.26  0.31     0.44         0.42   0.62
MIB                  0.30   -0.02           0.29 -0.06   0.23   0.13 -0.05 -0.04       0.30  0.27  0.23  0.78     0.20  0.26          0.32      0.66  1.00      0.59   0.43  0.12     0.20         0.31   0.59
MSCIEAFA             0.09    0.01           0.06 -0.49   0.35  -0.01  0.28  0.11       0.61  0.56  0.56  0.62     0.29  0.44          0.55      0.68  0.59      1.00   0.38  0.38     0.53         0.60   0.63
MUMMY                0.20    0.10           0.20  0.13   0.09   0.12 -0.19 -0.00       0.03  0.09  0.02  0.46     0.11  0.06          0.12      0.26  0.43      0.38   1.00  0.16     0.30         0.17   0.67
MXP                  0.08    0.01           0.07 -0.44  -0.08  -0.24  0.16  0.05       0.47  0.40  0.43  0.13     0.10  0.45          0.32      0.31  0.12      0.38   0.16  1.00     0.25         0.25   0.20
RUSSELL              0.14    0.05           0.11 -0.06   0.11   0.08 -0.01 -0.03       0.28  0.16  0.25  0.35     0.40  0.30          0.30      0.44  0.20      0.53   0.30  0.25     1.00         0.74   0.44
SP500_micro          0.19    0.08           0.17 -0.07   0.12   0.11 -0.06  0.01       0.38  0.17  0.27  0.42     0.50  0.42          0.29      0.42  0.31      0.60   0.17  0.25     0.74         1.00   0.37
TOPIX                0.33    0.13           0.31  0.07   0.19   0.00 -0.26 -0.12       0.24  0.11  0.16  0.62     0.11  0.26          0.32      0.62  0.59      0.63   0.67  0.20     0.44         0.37   1.00


********************************************************************************
                                 END OF REPORT                                  
********************************************************************************


