
********************************************************************************
                    Risk report produced on 05/09/2024 22:52                    
********************************************************************************


Total risk across all strategies, annualised percentage 8.2
Percentage of capital used for margin 69.7%

========================================
Risk per strategy, annualised percentage
========================================

                  risk
dynamic_TF_carry   8.3


===================
Risk by asset class
===================

Ags       2.7
Bond      1.3
Equity    6.8
FX        0.7
Metals    1.2
OilGas    3.6
Sector    0.9
Vol       1.3
dtype: float64


=====================================================
Beta loadings of asset class positions on asset class
=====================================================

Ags      -0.15
OilGas   -0.10
Sector   -0.05
Metals   -0.04
Vol      -0.02
FX        0.02
Bond      0.22
Equity    0.35
dtype: float64


========================================================
Beta loadings of full portfolio positions on asset class
========================================================

Ags      -0.18
Vol      -0.10
OilGas   -0.09
Metals   -0.01
Sector    0.20
Bond      0.24
Equity    0.31
FX        0.33
dtype: float64


==================================================================================================================================================================================================================================================================
                                                                                                                         Instrument risk                                                                                                                          
==================================================================================================================================================================================================================================================================

              daily_price_stdev  annual_price_stdev     price  daily_perc_stdev  annual_perc_stdev  point_size_base  contract_exposure  daily_risk_per_contract  annual_risk_per_contract  position  capital  exposure_held_perc_capital  annual_risk_perc_capital
BRENT-LAST                1.291              20.654     72.45              1.78               28.5            760.5              55095                      981                     15706        -1   590681                        -9.3                      -2.7
GAS-PEN                   0.087               1.388      2.26              3.84               61.4           7604.6              17186                      659                     10557        -1   590681                        -2.9                      -1.8
VIX                       0.653              10.452     19.10              3.42               54.7            760.5              14524                      496                      7948        -1   590681                        -2.5                      -1.3
BITCOIN                1789.214           28627.424  56540.00              3.16               50.6              0.1               4299                      136                      2176        -3   590681                        -2.2                      -1.1
CORN                      5.295              84.719    410.75              1.29               20.6             38.0              15617                      201                      3221        -2   590681                        -5.3                      -1.1
COTTON2                   1.022              16.344     69.47              1.47               23.5            380.2              26414                      388                      6214        -1   590681                        -4.5                      -1.1
SOYMEAL                   4.941              79.051    328.50              1.50               24.1             76.0              24980                      375                      6011        -1   590681                        -4.2                      -1.0
WHEAT                     9.304             148.867    574.75              1.62               25.9             38.0              21853                      353                      5660        -1   590681                        -3.7                      -1.0
CHINAA-CON               17.982             287.706   1811.60              0.99               15.9             19.0              34441                      341                      5469        -1   590681                        -5.8                      -0.9
EU-AUTO                   6.376             102.011    592.70              1.08               17.2             42.1              24970                      268                      4297        -1   590681                        -4.2                      -0.7
MXP                       0.001               0.008      0.05              1.01               16.1         380228.1              19019                      191                      3058        -1   590681                        -3.2                      -0.5
EU-OIL                    4.065              65.039    344.30              1.18               18.9             42.1              14505                      171                      2740        -1   590681                        -2.5                      -0.5
GAS_US_mini               0.080               1.282      2.59              3.09               49.5           1901.1               4923                      152                      2437        -1   590681                        -0.8                      -0.4
FTSECHINAA               99.843            1597.492  11441.00              0.87               14.0              0.8               8700                       75                      1214        -2   590681                        -2.9                      -0.4
IRON                      1.931              30.894     90.95              2.12               34.0             76.0               6916                      146                      2349        -1   590681                        -1.2                      -0.4
CANOLA                   10.727             171.628    600.30              1.79               28.6             11.3               6758                      120                      1932        -1   590681                        -1.1                      -0.3
HANGENT_mini             82.778            1324.442   6069.00              1.36               21.8              1.0               5921                       80                      1292        -1   590681                        -1.0                      -0.2
EU-BANKS                  1.712              27.398    142.20              1.20               19.3             42.1               5990                       72                      1154         1   590681                         1.0                       0.2
MUMMY                    16.948             271.170    656.00              2.58               41.3              5.3               3478                       89                      1437         1   590681                         0.6                       0.2
MSCISING                  3.244              51.900    321.60              1.01               16.1             58.4              18776                      189                      3030         1   590681                         3.2                       0.5
GBP                       0.005               0.088      1.32              0.42                6.7          47528.5              62642                      260                      4166         1   590681                        10.6                       0.7
DOW                     291.658            4666.531  40854.00              0.71               11.4              0.4              15533                      110                      1774         3   590681                         7.9                       0.9
LEANHOG                   1.138              18.213     72.03              1.58               25.3            304.2              21908                      346                      5540         1   590681                         3.7                       0.9
NIKKEI                  797.052           12752.828  36435.00              2.19               35.0              0.5              19317                      422                      6761         1   590681                         3.3                       1.1
KR10                      0.410               6.560    116.63              0.35                5.6            566.8              66109                      232                      3718         2   590681                        22.4                       1.3
MSCIEAFA                 21.411             342.575   2406.90              0.89               14.2             38.0              91517                      814                     13025         1   590681                        15.5                       2.2
MIB                     301.657            4826.516  33855.00              0.89               14.3              4.2             142629                     1270                     20333         1   590681                        24.1                       3.4

Sum of abs(notional exposure % capital) 149.6
Sum of abs(annualised risk % capital) 26.8
Net sum of annualised risk % capital -4.0 

=====================================================================================================================================================================================================================================================
                                                                                                                    Correlations                                                                                                                     
=====================================================================================================================================================================================================================================================

              BITCOIN  CHINAA-CON   DOW  EU-AUTO  EU-BANKS  EU-OIL  FTSECHINAA   GBP  HANGENT_mini   MIB  MSCIEAFA  MSCISING  MUMMY   MXP  NIKKEI  CANOLA  CORN  IRON  LEANHOG  SOYMEAL  WHEAT  GAS-PEN  GAS_US_mini  BRENT-LAST  COTTON2  KR10   VIX
BITCOIN          1.00        0.19  0.37     0.29      0.38    0.19        0.15  0.31          0.11  0.34      0.39      0.19   0.27  0.23    0.12    0.05  0.06 -0.04     0.08    -0.02  -0.02     0.01         0.07        0.08     0.13  0.14 -0.23
CHINAA-CON       0.19        1.00  0.35     0.31      0.35    0.18        0.93  0.22          0.64  0.38      0.44      0.41   0.38  0.24    0.30    0.18 -0.01  0.09     0.10    -0.06  -0.08    -0.08        -0.11        0.00     0.15  0.12 -0.33
DOW              0.37        0.35  1.00     0.61      0.64    0.40        0.30  0.52          0.38  0.70      0.82      0.60   0.66  0.48    0.52    0.10  0.10 -0.12     0.11    -0.07  -0.02     0.07         0.10        0.12     0.18  0.24 -0.58
EU-AUTO          0.29        0.31  0.61     1.00      0.67    0.46        0.29  0.37          0.42  0.79      0.68      0.50   0.60  0.38    0.54    0.18  0.11 -0.09     0.12     0.06  -0.01    -0.00         0.02        0.03     0.32  0.01 -0.46
EU-BANKS         0.38        0.35  0.64     0.67      1.00    0.57        0.30  0.37          0.34  0.88      0.68      0.61   0.63  0.47    0.55    0.32  0.09 -0.08     0.19     0.00   0.08     0.11         0.14        0.14     0.23 -0.11 -0.62
EU-OIL           0.19        0.18  0.40     0.46      0.57    1.00        0.20  0.22          0.31  0.56      0.48      0.32   0.34  0.34    0.33    0.14  0.06  0.08    -0.01    -0.00   0.08     0.12         0.19        0.53     0.20 -0.04 -0.38
FTSECHINAA       0.15        0.93  0.30     0.29      0.30    0.20        1.00  0.23          0.65  0.34      0.43      0.39   0.35  0.29    0.34    0.14 -0.04  0.21     0.04    -0.03  -0.05    -0.11        -0.13        0.02     0.18  0.08 -0.33
GBP              0.31        0.22  0.52     0.37      0.37    0.22        0.23  1.00          0.28  0.40      0.66      0.31   0.47  0.32    0.33    0.12 -0.02  0.08     0.14    -0.07  -0.08     0.03         0.06        0.11     0.05  0.23 -0.38
HANGENT_mini     0.11        0.64  0.38     0.42      0.34    0.31        0.65  0.28          1.00  0.44      0.57      0.47   0.40  0.33    0.23    0.10  0.06  0.05     0.01     0.09   0.03    -0.00         0.00        0.02     0.25  0.22 -0.49
MIB              0.34        0.38  0.70     0.79      0.88    0.56        0.34  0.40          0.44  1.00      0.74      0.61   0.68  0.51    0.60    0.24  0.06 -0.15     0.09    -0.06  -0.02     0.12         0.13        0.13     0.25  0.00 -0.66
MSCIEAFA         0.39        0.44  0.82     0.68      0.68    0.48        0.43  0.66          0.57  0.74      1.00      0.65   0.71  0.55    0.55    0.13  0.00 -0.06     0.11    -0.06  -0.06     0.09         0.11        0.11     0.22  0.24 -0.70
MSCISING         0.19        0.41  0.60     0.50      0.61    0.32        0.39  0.31          0.47  0.61      0.65      1.00   0.71  0.46    0.64    0.04 -0.01 -0.17     0.02    -0.06  -0.04     0.11         0.12        0.05     0.20  0.09 -0.49
MUMMY            0.27        0.38  0.66     0.60      0.63    0.34        0.35  0.47          0.40  0.68      0.71      0.71   1.00  0.34    0.76    0.04 -0.07 -0.20     0.06    -0.16  -0.26     0.08         0.09        0.10     0.21  0.08 -0.58
MXP              0.23        0.24  0.48     0.38      0.47    0.34        0.29  0.32          0.33  0.51      0.55      0.46   0.34  1.00    0.45    0.06  0.09  0.04    -0.02    -0.04   0.07     0.15         0.20        0.21     0.30  0.13 -0.49
NIKKEI           0.12        0.30  0.52     0.54      0.55    0.33        0.34  0.33          0.23  0.60      0.55      0.64   0.76  0.45    1.00    0.05 -0.16 -0.08    -0.07    -0.21  -0.14     0.15         0.16        0.20     0.27 -0.06 -0.56
CANOLA           0.05        0.18  0.10     0.18      0.32    0.14        0.14  0.12          0.10  0.24      0.13      0.04   0.04  0.06    0.05    1.00  0.40  0.16     0.37     0.45   0.44     0.01         0.02        0.16     0.06 -0.23 -0.16
CORN             0.06       -0.01  0.10     0.11      0.09    0.06       -0.04 -0.02          0.06  0.06      0.00     -0.01  -0.07  0.09   -0.16    0.40  1.00  0.04     0.15     0.46   0.58     0.15         0.15        0.07     0.06 -0.04  0.03
IRON            -0.04        0.09 -0.12    -0.09     -0.08    0.08        0.21  0.08          0.05 -0.15     -0.06     -0.17  -0.20  0.04   -0.08    0.16  0.04  1.00     0.03     0.19   0.16    -0.25        -0.22        0.17     0.08  0.04  0.07
LEANHOG          0.08        0.10  0.11     0.12      0.19   -0.01        0.04  0.14          0.01  0.09      0.11      0.02   0.06 -0.02   -0.07    0.37  0.15  0.03     1.00     0.29   0.22    -0.02         0.01       -0.04     0.07 -0.09  0.02
SOYMEAL         -0.02       -0.06 -0.07     0.06      0.00   -0.00       -0.03 -0.07          0.09 -0.06     -0.06     -0.06  -0.16 -0.04   -0.21    0.45  0.46  0.19     0.29     1.00   0.36    -0.03        -0.02       -0.19     0.02 -0.02  0.21
WHEAT           -0.02       -0.08 -0.02    -0.01      0.08    0.08       -0.05 -0.08          0.03 -0.02     -0.06     -0.04  -0.26  0.07   -0.14    0.44  0.58  0.16     0.22     0.36   1.00     0.13         0.14       -0.02    -0.10 -0.07 -0.02
GAS-PEN          0.01       -0.08  0.07    -0.00      0.11    0.12       -0.11  0.03         -0.00  0.12      0.09      0.11   0.08  0.15    0.15    0.01  0.15 -0.25    -0.02    -0.03   0.13     1.00         0.96        0.09    -0.10 -0.11 -0.22
GAS_US_mini      0.07       -0.11  0.10     0.02      0.14    0.19       -0.13  0.06          0.00  0.13      0.11      0.12   0.09  0.20    0.16    0.02  0.15 -0.22     0.01    -0.02   0.14     0.96         1.00        0.15     0.00 -0.08 -0.24
BRENT-LAST       0.08        0.00  0.12     0.03      0.14    0.53        0.02  0.11          0.02  0.13      0.11      0.05   0.10  0.21    0.20    0.16  0.07  0.17    -0.04    -0.19  -0.02     0.09         0.15        1.00     0.25 -0.17 -0.14
COTTON2          0.13        0.15  0.18     0.32      0.23    0.20        0.18  0.05          0.25  0.25      0.22      0.20   0.21  0.30    0.27    0.06  0.06  0.08     0.07     0.02  -0.10    -0.10         0.00        0.25     1.00 -0.01 -0.23
KR10             0.14        0.12  0.24     0.01     -0.11   -0.04        0.08  0.23          0.22  0.00      0.24      0.09   0.08  0.13   -0.06   -0.23 -0.04  0.04    -0.09    -0.02  -0.07    -0.11        -0.08       -0.17    -0.01  1.00 -0.04
VIX             -0.23       -0.33 -0.58    -0.46     -0.62   -0.38       -0.33 -0.38         -0.49 -0.66     -0.70     -0.49  -0.58 -0.49   -0.56   -0.16  0.03  0.07     0.02     0.21  -0.02    -0.22        -0.24       -0.14    -0.23 -0.04  1.00


********************************************************************************
                                 END OF REPORT                                  
********************************************************************************


