
********************************************************************************
                    Risk report produced on 03/10/2024 22:52                    
********************************************************************************


Total risk across all strategies, annualised percentage 11.9
Percentage of capital used for margin 68.8%

========================================
Risk per strategy, annualised percentage
========================================

                  risk
dynamic_TF_carry  11.9


===================
Risk by asset class
===================

Ags        2.6
Bond       3.5
Equity    10.9
FX         1.7
Metals     1.5
OilGas     1.9
Sector     1.1
dtype: float64


=====================================================
Beta loadings of asset class positions on asset class
=====================================================

Sector   -0.04
OilGas   -0.04
Ags      -0.03
FX       -0.00
Metals    0.04
Bond      0.54
Equity    0.64
dtype: float64


========================================================
Beta loadings of full portfolio positions on asset class
========================================================

Ags      -0.03
OilGas   -0.03
Metals    0.21
Sector    0.28
Bond      0.63
Equity    0.67
FX        0.76
dtype: float64


==================================================================================================================================================================================================================================================================
                                                                                                                         Instrument risk                                                                                                                          
==================================================================================================================================================================================================================================================================

              daily_price_stdev  annual_price_stdev     price  daily_perc_stdev  annual_perc_stdev  point_size_base  contract_exposure  daily_risk_per_contract  annual_risk_per_contract  position  capital  exposure_held_perc_capital  annual_risk_perc_capital
GAS-PEN                   0.088               1.409      2.96              2.97               47.6           7585.9              22454                      667                     10687        -1   568524                        -3.9                      -1.9
JPY                       0.000               0.001      0.01              0.83               13.3        9482376.1              65177                      542                      8675        -1   568524                       -11.5                      -1.5
SOYMEAL                   5.428              86.846    331.30              1.64               26.2             75.9              25132                      411                      6588        -1   568524                        -4.4                      -1.2
EU-AUTO                   9.601             153.609    552.80              1.74               27.8             41.8              23120                      401                      6424        -1   568524                        -4.1                      -1.1
COTTON2                   1.033              16.523     72.70              1.42               22.7            379.3              27574                      391                      6267        -1   568524                        -4.9                      -1.1
BITCOIN                1709.297           27348.758  60910.00              2.81               44.9              0.1               4620                      129                      2074        -2   568524                        -1.6                      -0.7
TOPIX                    46.167             738.679   2690.00              1.72               27.5              5.2              13924                      238                      3823        -1   568524                        -2.4                      -0.7
CORN                      5.069              81.097    428.00              1.18               18.9             37.9              16233                      192                      3075        -1   568524                        -2.9                      -0.5
IRON                      2.381              38.092    108.55              2.19               35.1             75.9               8234                      180                      2889        -1   568524                        -1.4                      -0.5
CANOLA                   10.228             163.648    635.10              1.61               25.8             11.2               7124                      114                      1835        -1   568524                        -1.3                      -0.3
MUMMY                    14.559             232.945    633.00              2.30               36.8              5.2               3276                       75                      1205         1   568524                         0.6                       0.2
BRE                       0.001               0.023      0.18              0.78               12.5          75859.0              13836                      108                      1733         1   568524                         2.4                       0.3
GOLD_micro               19.639             314.222   2678.30              0.73               11.7              7.6              20317                      148                      2383         1   568524                         3.6                       0.4
MSCISING                  2.964              47.419    340.40              0.87               13.9             58.6              19933                      173                      2776         1   568524                         3.5                       0.5
DOW                     263.373            4213.964  42224.00              0.62               10.0              0.4              16015                       99                      1598         2   568524                         5.6                       0.6
SUGAR11                   0.346               5.532     21.54              1.61               25.7            849.6              18300                      293                      4700         1   568524                         3.2                       0.8
GBP                       0.007               0.104      1.31              0.50                7.9          47411.9              62180                      308                      4939         1   568524                        10.9                       0.9
NASDAQ_micro            212.090            3393.446  19942.00              1.06               17.0              1.5              30255                      321                      5148         1   568524                         5.3                       0.9
US10U                     0.479               7.665    117.84              0.41                6.5            758.6              89395                      363                      5814         1   568524                        15.7                       1.0
SILVER                    0.536               8.581     32.37              1.66               26.5            758.6              24555                      406                      6509         1   568524                         4.3                       1.1
KR10                      0.369               5.911    117.91              0.31                5.0            570.8              67307                      210                      3374         2   568524                        23.7                       1.2
US20                      0.731              11.688    123.47              0.59                9.5            758.6              93662                      554                      8866         1   568524                        16.5                       1.6
LEANHOG                   1.030              16.484     76.38              1.35               21.6            303.4              23174                      312                      5001         2   568524                         8.2                       1.8
MSCITAIWAN               13.279             212.460    907.50              1.46               23.4             75.9              68842                     1007                     16117         1   568524                        12.1                       2.8
MIB                     311.961            4991.380  33080.00              0.94               15.1              4.2             138356                     1304                     20876         1   568524                        24.3                       3.7
MSCIEAFA                 22.747             363.951   2438.20              0.93               14.9             37.9              92479                      862                     13804         2   568524                        32.5                       4.9

Sum of abs(notional exposure % capital) 210.8
Sum of abs(annualised risk % capital) 32.2
Net sum of annualised risk % capital 13.2 

================================================================================================================================================================================================================================
                                                                                                          Correlations                                                                                                          
================================================================================================================================================================================================================================

               DOW  EU-AUTO   MIB  MSCIEAFA  MSCISING  MSCITAIWAN  MUMMY  NASDAQ_micro  TOPIX   JPY  KR10  US10U  US20  CORN  IRON  SOYMEAL   BRE   GBP  GOLD_micro  SILVER  BITCOIN  CANOLA  COTTON2  GAS-PEN  LEANHOG  SUGAR11
DOW           1.00     0.51  0.67      0.71      0.65        0.48   0.59          0.62   0.53 -0.22  0.11   0.02  0.04  0.15 -0.10    -0.05  0.40  0.40        0.14    0.19     0.30    0.14     0.19     0.17     0.15     0.23
EU-AUTO       0.51     1.00  0.79      0.62      0.46        0.41   0.44          0.46   0.51 -0.37 -0.10  -0.24 -0.19 -0.00  0.02    -0.04  0.25  0.29       -0.01    0.12     0.19    0.22     0.20    -0.07     0.14     0.07
MIB           0.67     0.79  1.00      0.69      0.57        0.51   0.57          0.43   0.69 -0.47 -0.15  -0.30 -0.25  0.07  0.03    -0.01  0.33  0.27        0.01    0.15     0.25    0.39     0.24     0.12     0.08     0.16
MSCIEAFA      0.71     0.62  0.69      1.00      0.67        0.64   0.61          0.63   0.64 -0.23  0.04  -0.04 -0.03 -0.01  0.15    -0.14  0.48  0.59        0.26    0.41     0.32    0.11     0.23     0.15     0.10     0.25
MSCISING      0.65     0.46  0.57      0.67      1.00        0.64   0.69          0.59   0.65 -0.33 -0.03  -0.14 -0.13 -0.06 -0.06    -0.15  0.44  0.39        0.18    0.32     0.28    0.04     0.17     0.17     0.06     0.32
MSCITAIWAN    0.48     0.41  0.51      0.64      0.64        1.00   0.75          0.69   0.81 -0.56 -0.10  -0.30 -0.29 -0.02  0.02    -0.34  0.42  0.31        0.18    0.32     0.24    0.04     0.32     0.15    -0.18     0.33
MUMMY         0.59     0.44  0.57      0.61      0.69        0.75   1.00          0.51   0.89 -0.57 -0.15  -0.36 -0.37 -0.09 -0.07    -0.34  0.28  0.28        0.05    0.17     0.36    0.13     0.18     0.16    -0.01     0.35
NASDAQ_micro  0.62     0.46  0.43      0.63      0.59        0.69   0.51          1.00   0.54 -0.33  0.10  -0.05 -0.02 -0.02  0.04    -0.12  0.36  0.43        0.15    0.34     0.15    0.04     0.24     0.16    -0.03     0.19
TOPIX         0.53     0.51  0.69      0.64      0.65        0.81   0.89          0.54   1.00 -0.75 -0.32  -0.53 -0.52 -0.05 -0.01    -0.28  0.34  0.19        0.03    0.17     0.33    0.22     0.19     0.22    -0.06     0.28
JPY          -0.22    -0.37 -0.47     -0.23     -0.33       -0.56  -0.57         -0.33  -0.75  1.00  0.51   0.70  0.67 -0.05  0.06     0.18 -0.02  0.17        0.24    0.12    -0.17   -0.26    -0.10    -0.27     0.03    -0.23
KR10          0.11    -0.10 -0.15      0.04     -0.03       -0.10  -0.15          0.10  -0.32  0.51  1.00   0.70  0.70 -0.02  0.05     0.09  0.07  0.17        0.12    0.06    -0.16   -0.24     0.01    -0.08    -0.04    -0.08
US10U         0.02    -0.24 -0.30     -0.04     -0.14       -0.30  -0.36         -0.05  -0.53  0.70  0.70   1.00  0.98  0.00 -0.02     0.11  0.17  0.27        0.22    0.06    -0.21   -0.29    -0.19    -0.01     0.01    -0.11
US20          0.04    -0.19 -0.25     -0.03     -0.13       -0.29  -0.37         -0.02  -0.52  0.67  0.70   0.98  1.00  0.04 -0.04     0.15  0.19  0.24        0.18    0.05    -0.23   -0.30    -0.17    -0.02     0.00    -0.14
CORN          0.15    -0.00  0.07     -0.01     -0.06       -0.02  -0.09         -0.02  -0.05 -0.05 -0.02   0.00  0.04  1.00  0.04     0.48  0.16 -0.12       -0.04   -0.07    -0.01    0.32     0.02     0.24    -0.02    -0.01
IRON         -0.10     0.02  0.03      0.15     -0.06        0.02  -0.07          0.04  -0.01  0.06  0.05  -0.02 -0.04  0.04  1.00     0.26  0.11  0.03        0.03    0.17     0.05    0.16     0.11    -0.24    -0.06    -0.03
SOYMEAL      -0.05    -0.04 -0.01     -0.14     -0.15       -0.34  -0.34         -0.12  -0.28  0.18  0.09   0.11  0.15  0.48  0.26     1.00  0.05 -0.04       -0.13   -0.05    -0.14    0.34    -0.14     0.04     0.12    -0.05
BRE           0.40     0.25  0.33      0.48      0.44        0.42   0.28          0.36   0.34 -0.02  0.07   0.17  0.19  0.16  0.11     0.05  1.00  0.33        0.31    0.41     0.15   -0.08     0.09     0.31    -0.06     0.10
GBP           0.40     0.29  0.27      0.59      0.39        0.31   0.28          0.43   0.19  0.17  0.17   0.27  0.24 -0.12  0.03    -0.04  0.33  1.00        0.38    0.46     0.21    0.04     0.10     0.08     0.17     0.28
GOLD_micro    0.14    -0.01  0.01      0.26      0.18        0.18   0.05          0.15   0.03  0.24  0.12   0.22  0.18 -0.04  0.03    -0.13  0.31  0.38        1.00    0.76     0.25   -0.13     0.05     0.17    -0.01     0.10
SILVER        0.19     0.12  0.15      0.41      0.32        0.32   0.17          0.34   0.17  0.12  0.06   0.06  0.05 -0.07  0.17    -0.05  0.41  0.46        0.76    1.00     0.19   -0.02     0.11     0.18     0.06     0.05
BITCOIN       0.30     0.19  0.25      0.32      0.28        0.24   0.36          0.15   0.33 -0.17 -0.16  -0.21 -0.23 -0.01  0.05    -0.14  0.15  0.21        0.25    0.19     1.00    0.07     0.10     0.03     0.13     0.06
CANOLA        0.14     0.22  0.39      0.11      0.04        0.04   0.13          0.04   0.22 -0.26 -0.24  -0.29 -0.30  0.32  0.16     0.34 -0.08  0.04       -0.13   -0.02     0.07    1.00     0.05     0.14     0.24     0.09
COTTON2       0.19     0.20  0.24      0.23      0.17        0.32   0.18          0.24   0.19 -0.10  0.01  -0.19 -0.17  0.02  0.11    -0.14  0.09  0.10        0.05    0.11     0.10    0.05     1.00    -0.08     0.01     0.23
GAS-PEN       0.17    -0.07  0.12      0.15      0.17        0.15   0.16          0.16   0.22 -0.27 -0.08  -0.01 -0.02  0.24 -0.24     0.04  0.31  0.08        0.17    0.18     0.03    0.14    -0.08     1.00     0.10     0.02
LEANHOG       0.15     0.14  0.08      0.10      0.06       -0.18  -0.01         -0.03  -0.06  0.03 -0.04   0.01  0.00 -0.02 -0.06     0.12 -0.06  0.17       -0.01    0.06     0.13    0.24     0.01     0.10     1.00     0.08
SUGAR11       0.23     0.07  0.16      0.25      0.32        0.33   0.35          0.19   0.28 -0.23 -0.08  -0.11 -0.14 -0.01 -0.03    -0.05  0.10  0.28        0.10    0.05     0.06    0.09     0.23     0.02     0.08     1.00


********************************************************************************
                                 END OF REPORT                                  
********************************************************************************


