
********************************************************************************
                    Risk report produced on 07/07/2023 22:51                    
********************************************************************************


Total risk across all strategies, annualised percentage 13.7
Percentage of capital used for margin 62.0%

========================================
Risk per strategy, annualised percentage
========================================

                  risk
dynamic_TF_carry  13.7


===================
Risk by asset class
===================

Ags       3.5
Bond      1.5
Equity    4.9
FX        7.6
Metals    0.3
OilGas    1.1
Sector    2.9
Vol       1.8
dtype: float64


=====================================================
Beta loadings of asset class positions on asset class
=====================================================

FX       -0.82
Bond     -0.46
Vol      -0.04
OilGas   -0.01
Metals    0.01
Ags       0.08
Sector    0.15
Equity    0.34
dtype: float64


========================================================
Beta loadings of full portfolio positions on asset class
========================================================

Bond     -1.83
FX       -0.51
Vol      -0.17
Metals   -0.02
OilGas    0.02
Ags       0.23
Sector    0.25
Equity    0.36
dtype: float64


==================================================================================================================================================================================================================================================================
                                                                                                                         Instrument risk                                                                                                                          
==================================================================================================================================================================================================================================================================

              daily_price_stdev  annual_price_stdev     price  daily_perc_stdev  annual_perc_stdev  point_size_base  contract_exposure  daily_risk_per_contract  annual_risk_per_contract  position  capital  exposure_held_perc_capital  annual_risk_perc_capital
JPY                       0.000               0.001      0.01              0.60                9.5        9809692.0              69771                      415                      6644        -2   353646                       -39.5                      -3.8
CHF                       0.005               0.081      1.13              0.45                7.2          98096.9             111217                      497                      7952        -1   353646                       -31.4                      -2.2
LEANHOG                   1.536              24.583     95.15              1.61               25.8            313.9              29868                      482                      7716        -1   353646                        -8.4                      -2.2
VIX                       0.503               8.047     17.90              2.81               45.0            784.8              14047                      394                      6315        -1   353646                        -4.0                      -1.8
US3                       0.217               3.469    103.60              0.21                3.3           1569.6             162607                      340                      5444        -1   353646                       -46.0                      -1.5
GAS_US_mini               0.129               2.058      2.56              5.01               80.2           1961.9               5032                      252                      4037        -1   353646                        -1.4                      -1.1
DAX                     154.044            2464.708  15711.00              0.98               15.7              0.9              13424                      131                      2106        -1   353646                        -3.8                      -0.6
BITCOIN                 912.525           14600.397  30295.00              3.01               48.2              0.1               2377                       71                      1145         1   353646                         0.7                       0.3
MXP                       0.000               0.005      0.06              0.55                8.7         392387.7              22609                      123                      1973         1   353646                         6.4                       0.6
SP500_micro              34.821             557.128   4455.00              0.78               12.5              3.9              17480                      136                      2186         1   353646                         4.9                       0.6
NIKKEI                  338.405            5414.475  32580.00              1.04               16.6              0.5              17806                      184                      2959         1   353646                         5.0                       0.8
SOYBEAN_mini             25.529             408.463   1320.88              1.93               30.9              7.8              10365                      200                      3205         1   353646                         2.9                       0.9
EU-AUTO                   8.233             131.721    631.00              1.30               20.9             42.7              26958                      351                      5627         1   353646                         7.6                       1.6
EU-OIL                    4.635              74.154    323.60              1.43               22.9             42.7              13825                      198                      3168         2   353646                         7.8                       1.8
FTSETAIWAN               13.037             208.599   1430.25              0.91               14.6             31.4              44896                      409                      6548         1   353646                        12.7                       1.9
CAC                      77.046            1232.732   7122.00              1.08               17.3              8.5              60854                      658                     10533         1   353646                        17.2                       3.0
CNH                       0.020               0.327      7.25              0.28                4.5          10824.4              78454                      221                      3542         3   353646                        66.6                       3.0
LIVECOW                   1.238              19.812    176.95              0.70               11.2            313.9              55546                      388                      6219         2   353646                        31.4                       3.5

Sum of abs(notional exposure % capital) 297.7
Sum of abs(annualised risk % capital) 31.2
Net sum of annualised risk % capital 4.8 

====================================================================================================================================================================
                                                                            Correlations                                                                            
====================================================================================================================================================================

               CAC   DAX  EU-AUTO  EU-OIL  FTSETAIWAN   MXP  NIKKEI  SP500_micro  GAS_US_mini  LEANHOG  LIVECOW  SOYBEAN_mini  BITCOIN   CHF   JPY   US3   CNH   VIX
CAC           1.00  0.89     0.66    0.55        0.52  0.48    0.66         0.74         0.23     0.23     0.34          0.17     0.29  0.32  0.04 -0.10 -0.26 -0.63
DAX           0.89  1.00     0.81    0.56        0.61  0.54    0.70         0.71         0.14     0.15     0.30          0.06     0.17  0.31  0.05 -0.16 -0.23 -0.66
EU-AUTO       0.66  0.81     1.00    0.48        0.49  0.56    0.57         0.52         0.13     0.17     0.34          0.14    -0.01  0.11 -0.10 -0.37 -0.05 -0.61
EU-OIL        0.55  0.56     0.48    1.00        0.47  0.54    0.55         0.42         0.29     0.02     0.26          0.30     0.12  0.03 -0.07 -0.28 -0.13 -0.47
FTSETAIWAN    0.52  0.61     0.49    0.47        1.00  0.46    0.66         0.59         0.24     0.04     0.19          0.20     0.21  0.27  0.10 -0.10 -0.33 -0.48
MXP           0.48  0.54     0.56    0.54        0.46  1.00    0.54         0.42         0.08     0.05     0.28          0.21     0.11  0.13 -0.12 -0.33 -0.04 -0.69
NIKKEI        0.66  0.70     0.57    0.55        0.66  0.54    1.00         0.67         0.29     0.14     0.24          0.18     0.17  0.11 -0.23 -0.34 -0.04 -0.67
SP500_micro   0.74  0.71     0.52    0.42        0.59  0.42    0.67         1.00         0.24     0.10     0.37          0.15     0.48  0.34  0.07 -0.04 -0.28 -0.66
GAS_US_mini   0.23  0.14     0.13    0.29        0.24  0.08    0.29         0.24         1.00     0.05     0.09          0.17     0.14  0.04 -0.18 -0.16  0.05 -0.16
LEANHOG       0.23  0.15     0.17    0.02        0.04  0.05    0.14         0.10         0.05     1.00     0.34          0.24    -0.11  0.12 -0.07 -0.13 -0.04 -0.04
LIVECOW       0.34  0.30     0.34    0.26        0.19  0.28    0.24         0.37         0.09     0.34     1.00          0.04     0.14 -0.06 -0.20 -0.30  0.03 -0.47
SOYBEAN_mini  0.17  0.06     0.14    0.30        0.20  0.21    0.18         0.15         0.17     0.24     0.04          1.00     0.14  0.16  0.03 -0.13 -0.07 -0.08
BITCOIN       0.29  0.17    -0.01    0.12        0.21  0.11    0.17         0.48         0.14    -0.11     0.14          0.14     1.00  0.30  0.16  0.16 -0.15 -0.23
CHF           0.32  0.31     0.11    0.03        0.27  0.13    0.11         0.34         0.04     0.12    -0.06          0.16     0.30  1.00  0.60  0.53 -0.51 -0.10
JPY           0.04  0.05    -0.10   -0.07        0.10 -0.12   -0.23         0.07        -0.18    -0.07    -0.20          0.03     0.16  0.60  1.00  0.58 -0.56  0.15
US3          -0.10 -0.16    -0.37   -0.28       -0.10 -0.33   -0.34        -0.04        -0.16    -0.13    -0.30         -0.13     0.16  0.53  0.58  1.00 -0.48  0.40
CNH          -0.26 -0.23    -0.05   -0.13       -0.33 -0.04   -0.04        -0.28         0.05    -0.04     0.03         -0.07    -0.15 -0.51 -0.56 -0.48  1.00 -0.01
VIX          -0.63 -0.66    -0.61   -0.47       -0.48 -0.69   -0.67        -0.66        -0.16    -0.04    -0.47         -0.08    -0.23 -0.10  0.15  0.40 -0.01  1.00


********************************************************************************
                                 END OF REPORT                                  
********************************************************************************


