
********************************************************************************
                    Risk report produced on 07/12/2023 22:51                    
********************************************************************************


Total risk across all strategies, annualised percentage 8.5
Percentage of capital used for margin 56.8%

========================================
Risk per strategy, annualised percentage
========================================

                  risk
dynamic_TF_carry   8.5


===================
Risk by asset class
===================

Ags       2.6
Bond      1.2
Equity    2.6
FX        3.6
Metals    1.7
OilGas    5.0
Sector    1.6
Vol       1.6
dtype: float64


=====================================================
Beta loadings of asset class positions on asset class
=====================================================

Ags      -0.14
OilGas   -0.07
Vol      -0.03
Bond      0.03
Metals    0.07
Sector    0.08
Equity    0.19
FX        0.62
dtype: float64


========================================================
Beta loadings of full portfolio positions on asset class
========================================================

Bond     -0.12
Vol      -0.10
OilGas   -0.04
Ags      -0.03
Metals    0.07
Sector    0.16
Equity    0.32
FX        0.82
dtype: float64


=================================================================================================================================================================================================================================================================
                                                                                                                         Instrument risk                                                                                                                         
=================================================================================================================================================================================================================================================================

             daily_price_stdev  annual_price_stdev     price  daily_perc_stdev  annual_perc_stdev  point_size_base  contract_exposure  daily_risk_per_contract  annual_risk_per_contract  position  capital  exposure_held_perc_capital  annual_risk_perc_capital
GAS-PEN                  0.121               1.934      2.50              4.84               77.4           7964.2              19910                      962                     15406        -1   372369                        -5.3                      -4.1
LIVECOW                  1.928              30.845    162.48              1.19               19.0            318.6              51759                      614                      9826        -1   372369                       -13.9                      -2.6
VIX                      0.462               7.386     16.35              2.82               45.2            796.4              13021                      367                      5882        -1   372369                        -3.5                      -1.6
US2                      0.153               2.449    102.47              0.15                2.4           1592.8             163216                      243                      3901        -1   372369                       -43.8                      -1.0
GAS_US_mini              0.118               1.883      2.58              4.57               73.1           1991.1               5126                      234                      3748        -1   372369                        -1.4                      -1.0
EUR_micro                0.005               0.083      1.08              0.48                7.7           9955.3              10797                       51                       827        -4   372369                       -11.6                      -0.9
FTSECHINAA             118.192            1891.079  11300.00              1.05               16.7              0.8               8999                       94                      1506        -1   372369                        -2.4                      -0.4
IRON                     2.147              34.360    130.55              1.64               26.3             79.6              10397                      171                      2736         1   372369                         2.8                       0.7
CNH                      0.020               0.316      7.15              0.28                4.4          11113.4              79492                      219                      3512         1   372369                        21.3                       0.9
KR10                     0.554               8.869    111.74              0.50                7.9            601.7              67233                      333                      5336         1   372369                        18.1                       1.4
NIKKEI                 313.258            5012.120  32750.00              0.96               15.3              0.5              17835                      170                      2729         2   372369                         9.6                       1.5
MXP                      0.000               0.007      0.06              0.75               12.1         398211.2              22765                      171                      2746         2   372369                        12.2                       1.5
BITCOIN               1080.409           17286.544  43780.00              2.47               39.5              0.1               3486                       86                      1376         4   372369                         3.7                       1.5
EU-OIL                   4.381              70.096    350.20              1.25               20.0             42.9              15006                      187                      3003         2   372369                         8.1                       1.6
FTSETAIWAN              11.857             189.709   1486.50              0.80               12.8             31.9              47355                      377                      6043         1   372369                        12.7                       1.6
YENEUR                   1.055              16.885    154.83              0.68               10.9            680.7             105399                      718                     11494         1   372369                        28.3                       3.1

Sum of abs(notional exposure % capital) 198.7
Sum of abs(annualised risk % capital) 25.4
Net sum of annualised risk % capital 2.2 

==================================================================================================================================================
                                                                   Correlations                                                                   
==================================================================================================================================================

              CNH   VIX  BITCOIN  KR10   US2  EU-OIL  GAS-PEN  GAS_US_mini  LIVECOW  EUR_micro  FTSECHINAA  FTSETAIWAN  IRON   MXP  NIKKEI  YENEUR
CNH          1.00  0.18    -0.14 -0.57 -0.43   -0.04     0.24         0.24     0.12      -0.55       -0.41       -0.36 -0.31 -0.18   -0.12   -0.01
VIX          0.18  1.00    -0.15 -0.31  0.05   -0.29    -0.16        -0.20    -0.23      -0.30       -0.35       -0.57 -0.11 -0.50   -0.64   -0.25
BITCOIN     -0.14 -0.15     1.00  0.27  0.27   -0.11    -0.04         0.03    -0.21       0.13       -0.05        0.04  0.03 -0.00    0.04    0.03
KR10        -0.57 -0.31     0.27  1.00  0.54    0.02    -0.10        -0.12    -0.15       0.35        0.16        0.35  0.12  0.15    0.18   -0.12
US2         -0.43  0.05     0.27  0.54  1.00   -0.16    -0.08        -0.06    -0.24       0.41       -0.01       -0.07 -0.05 -0.04   -0.12   -0.12
EU-OIL      -0.04 -0.29    -0.11  0.02 -0.16    1.00     0.22         0.29     0.18       0.04        0.28        0.33  0.15  0.17    0.44    0.15
GAS-PEN      0.24 -0.16    -0.04 -0.10 -0.08    0.22     1.00         0.88     0.17      -0.02        0.07       -0.06 -0.09 -0.00    0.13    0.20
GAS_US_mini  0.24 -0.20     0.03 -0.12 -0.06    0.29     0.88         1.00     0.19      -0.01        0.07       -0.00 -0.05  0.10    0.18    0.21
LIVECOW      0.12 -0.23    -0.21 -0.15 -0.24    0.18     0.17         0.19     1.00       0.08        0.14        0.05  0.01  0.33    0.22    0.13
EUR_micro   -0.55 -0.30     0.13  0.35  0.41    0.04    -0.02        -0.01     0.08       1.00        0.22        0.38  0.14  0.46    0.27    0.46
FTSECHINAA  -0.41 -0.35    -0.05  0.16 -0.01    0.28     0.07         0.07     0.14       0.22        1.00        0.47  0.26  0.30    0.42    0.23
FTSETAIWAN  -0.36 -0.57     0.04  0.35 -0.07    0.33    -0.06        -0.00     0.05       0.38        0.47        1.00  0.25  0.44    0.65    0.26
IRON        -0.31 -0.11     0.03  0.12 -0.05    0.15    -0.09        -0.05     0.01       0.14        0.26        0.25  1.00  0.15    0.14    0.01
MXP         -0.18 -0.50    -0.00  0.15 -0.04    0.17    -0.00         0.10     0.33       0.46        0.30        0.44  0.15  1.00    0.43    0.30
NIKKEI      -0.12 -0.64     0.04  0.18 -0.12    0.44     0.13         0.18     0.22       0.27        0.42        0.65  0.14  0.43    1.00    0.49
YENEUR      -0.01 -0.25     0.03 -0.12 -0.12    0.15     0.20         0.21     0.13       0.46        0.23        0.26  0.01  0.30    0.49    1.00


********************************************************************************
                                 END OF REPORT                                  
********************************************************************************


