
********************************************************************************
                    Risk report produced on 13/11/2024 22:52                    
********************************************************************************


Total risk across all strategies, annualised percentage 12.6
Percentage of capital used for margin 69.8%

========================================
Risk per strategy, annualised percentage
========================================

                  risk
dynamic_TF_carry  12.6


===================
Risk by asset class
===================

Ags       2.4
Bond      2.8
Equity    8.0
FX        4.2
Metals    1.2
OilGas    3.4
Sector    0.9
Vol       1.2
dtype: float64


=====================================================
Beta loadings of asset class positions on asset class
=====================================================

FX       -0.55
Bond     -0.19
OilGas   -0.09
Ags      -0.05
Sector   -0.04
Vol      -0.02
Metals    0.02
Equity    0.51
dtype: float64


========================================================
Beta loadings of full portfolio positions on asset class
========================================================

Bond     -0.32
FX       -0.30
Vol      -0.17
Ags      -0.13
OilGas   -0.07
Metals    0.07
Sector    0.18
Equity    0.59
dtype: float64


===================================================================================================================================================================================================================================================================
                                                                                                                          Instrument risk                                                                                                                          
===================================================================================================================================================================================================================================================================

               daily_price_stdev  annual_price_stdev     price  daily_perc_stdev  annual_perc_stdev  point_size_base  contract_exposure  daily_risk_per_contract  annual_risk_per_contract  position  capital  exposure_held_perc_capital  annual_risk_perc_capital
BUXL                       1.266              20.257    132.80              0.95               15.3            832.9             110607                     1054                     16872        -1   593249                       -18.6                      -2.8
GAS-PEN                    0.103               1.654      2.98              3.46               55.4           7848.1              23426                      811                     12982        -1   593249                        -3.9                      -2.2
CHF                        0.006               0.088      1.13              0.49                7.8          98100.8             111123                      541                      8663        -1   593249                       -18.7                      -1.5
JPY                        0.000               0.001      0.01              0.76               12.2        9810076.9              63333                      483                      7733        -1   593249                       -10.7                      -1.3
VIX                        0.561               8.980     15.55              3.61               57.8            784.8              12203                      440                      7047        -1   593249                        -2.1                      -1.2
GAS_US_mini                0.096               1.535      3.21              2.99               47.8           1962.0               6298                      188                      3010        -2   593249                        -2.1                      -1.0
COTTON2                    0.869              13.897     68.84              1.26               20.2            392.4              27013                      340                      5453        -1   593249                        -4.6                      -0.9
CRUDE_W_micro              1.440              23.043     67.71              2.13               34.0             78.5               5313                      113                      1808        -3   593249                        -2.7                      -0.9
EU-AUTO                    7.805             124.881    525.10              1.49               23.8             41.6              21867                      325                      5200        -1   593249                        -3.7                      -0.9
NZD                        0.004               0.061      0.59              0.65               10.4          78480.6              46177                      300                      4803        -1   593249                        -7.8                      -0.8
SOYMEAL                    3.704              59.258    293.70              1.26               20.2             78.5              23049                      290                      4650        -1   593249                        -3.9                      -0.8
CAD                        0.002               0.039      0.72              0.34                5.4          78480.6              56121                      189                      3036        -1   593249                        -9.5                      -0.5
CORN                       4.547              72.751    426.00              1.07               17.1             39.2              16716                      178                      2854        -1   593249                        -2.8                      -0.5
IRON                       2.227              35.630    100.45              2.22               35.5             78.5               7883                      174                      2796        -1   593249                        -1.3                      -0.5
MXP                        0.000               0.007      0.05              0.87               13.9         392403.1              19011                      165                      2643        -1   593249                        -3.2                      -0.4
MILLWHEAT                  2.420              38.715    221.00              1.09               17.5             41.6               9203                      100                      1612        -1   593249                        -1.6                      -0.3
MUMMY                     12.309             196.944    623.00              1.98               31.6              5.1               3153                       62                       996         1   593249                         0.5                       0.2
DOW                      363.129            5810.070  44127.00              0.82               13.2              0.4              17315                      142                      2279         1   593249                         2.9                       0.4
TOPIX                     32.026             512.409   2715.75              1.18               18.9              5.1              13746                      162                      2593         1   593249                         2.3                       0.4
SP500_micro               44.720             715.518   6011.75              0.74               11.9              3.9              23590                      175                      2807         1   593249                         4.0                       0.5
RUSSELL                   32.286             516.582   2385.40              1.35               21.7              3.9               9360                      126                      2027         2   593249                         3.2                       0.7
MSCISING                   2.738              43.802    365.45              0.75               12.0             58.6              21402                      160                      2565         2   593249                         7.2                       0.9
NASDAQ_micro             204.784            3276.542  21192.50              0.97               15.5              1.6              33264                      321                      5142         1   593249                         5.6                       0.9
BITCOIN                 2667.586           42681.382  91985.00              2.90               46.4              0.1               7219                      209                      3349         2   593249                         2.4                       1.1
YENEUR                     0.872              13.954    163.86              0.53                8.5            632.7             103680                      551                      8829         1   593249                        17.5                       1.5
LEANHOG                    1.137              18.188     81.80              1.39               22.2            313.9              25678                      356                      5709         2   593249                         8.7                       1.9
MSCITAIWAN                11.936             190.981    958.40              1.25               19.9             78.5              75215                      936                     14988         1   593249                        12.7                       2.5
MIB                      308.948            4943.175  33310.00              0.93               14.8              4.2             138718                     1286                     20585         1   593249                        23.4                       3.5

Sum of abs(notional exposure % capital) 187.6
Sum of abs(annualised risk % capital) 31.0
Net sum of annualised risk % capital -2.0 

============================================================================================================================================================================================================================================================
                                                                                                                        Correlations                                                                                                                        
============================================================================================================================================================================================================================================================

               BUXL   CHF   JPY   VIX  BITCOIN   DOW  EU-AUTO   MIB  MSCISING  MSCITAIWAN  MUMMY  NASDAQ_micro  RUSSELL  SP500_micro  TOPIX  YENEUR  CORN  IRON  MILLWHEAT  SOYMEAL   CAD  COTTON2   MXP   NZD  CRUDE_W_micro  GAS-PEN  GAS_US_mini  LEANHOG
BUXL           1.00  0.39  0.51  0.24    -0.06  0.01    -0.24 -0.32     -0.14       -0.21  -0.28          0.01     0.03         0.03  -0.43   -0.48  0.07  0.10      -0.12     0.15  0.21    -0.12  0.00  0.15          -0.22    -0.12        -0.14    -0.06
CHF            0.39  1.00  0.72  0.53    -0.32 -0.33    -0.13 -0.32     -0.36       -0.50  -0.42         -0.35    -0.27        -0.33  -0.61   -0.45 -0.12  0.09      -0.19     0.19  0.39    -0.20 -0.22  0.42          -0.12    -0.05        -0.11     0.13
JPY            0.51  0.72  1.00  0.43    -0.19 -0.19    -0.34 -0.43     -0.31       -0.56  -0.50         -0.32    -0.13        -0.28  -0.72   -0.86 -0.05  0.05      -0.14     0.27  0.21    -0.08 -0.15  0.33          -0.25    -0.19        -0.25    -0.04
VIX            0.24  0.53  0.43  1.00    -0.47 -0.76    -0.36 -0.59     -0.70       -0.64  -0.70         -0.69    -0.66        -0.77  -0.71   -0.43 -0.01  0.20      -0.05     0.14 -0.15    -0.13 -0.27 -0.18           0.09    -0.28        -0.29     0.11
BITCOIN       -0.06 -0.32 -0.19 -0.47     1.00  0.51     0.14  0.21      0.40        0.28   0.36          0.33     0.60         0.42   0.34    0.10  0.07  0.00       0.01    -0.14  0.02     0.07  0.03  0.05          -0.09     0.08         0.09     0.03
DOW            0.01 -0.33 -0.19 -0.76     0.51  1.00     0.37  0.54      0.66        0.44   0.53          0.70     0.87         0.86   0.47    0.17  0.13 -0.14       0.02    -0.02  0.25     0.14  0.29  0.20          -0.16     0.19         0.16    -0.03
EU-AUTO       -0.24 -0.13 -0.34 -0.36     0.14  0.37     1.00  0.79      0.38        0.37   0.38          0.41     0.39         0.45   0.45    0.49 -0.06  0.02      -0.12    -0.01  0.30     0.16  0.32  0.28          -0.01    -0.06        -0.03     0.09
MIB           -0.32 -0.32 -0.43 -0.59     0.21  0.54     0.79  1.00      0.50        0.49   0.52          0.42     0.50         0.51   0.62    0.56 -0.01 -0.00       0.08     0.01  0.23     0.20  0.40  0.21          -0.03     0.09         0.11     0.03
MSCISING      -0.14 -0.36 -0.31 -0.70     0.40  0.66     0.38  0.50      1.00        0.62   0.68          0.62     0.65         0.68   0.64    0.34 -0.01 -0.09      -0.08    -0.15  0.25     0.15  0.36  0.23           0.01     0.20         0.17     0.01
MSCITAIWAN    -0.21 -0.50 -0.56 -0.64     0.28  0.44     0.37  0.49      0.62        1.00   0.74          0.66     0.47         0.64   0.80    0.57 -0.01 -0.02      -0.02    -0.34  0.14     0.32  0.41  0.12           0.27     0.13         0.15    -0.17
MUMMY         -0.28 -0.42 -0.50 -0.70     0.36  0.53     0.38  0.52      0.68        0.74   1.00          0.49     0.53         0.56   0.88    0.51 -0.05 -0.08      -0.15    -0.29  0.18     0.21  0.24  0.11           0.22     0.17         0.16    -0.04
NASDAQ_micro   0.01 -0.35 -0.32 -0.69     0.33  0.70     0.41  0.42      0.62        0.66   0.49          1.00     0.66         0.94   0.52    0.37 -0.01 -0.01      -0.08    -0.09  0.17     0.21  0.39  0.28          -0.05     0.20         0.16    -0.13
RUSSELL        0.03 -0.27 -0.13 -0.66     0.60  0.87     0.39  0.50      0.65        0.47   0.53          0.66     1.00         0.79   0.48    0.16  0.08 -0.03      -0.06    -0.09  0.27     0.19  0.31  0.22          -0.14     0.06         0.03     0.00
SP500_micro    0.03 -0.33 -0.28 -0.77     0.42  0.86     0.45  0.51      0.68        0.64   0.56          0.94     0.79         1.00   0.54    0.33  0.02 -0.08      -0.06    -0.09  0.27     0.20  0.37  0.30          -0.07     0.20         0.16    -0.08
TOPIX         -0.43 -0.61 -0.72 -0.71     0.34  0.47     0.45  0.62      0.64        0.80   0.88          0.52     0.48         0.54   1.00    0.71  0.00 -0.00       0.03    -0.28  0.08     0.20  0.36  0.01           0.26     0.22         0.24    -0.05
YENEUR        -0.48 -0.45 -0.86 -0.43     0.10  0.17     0.49  0.56      0.34        0.57   0.51          0.37     0.16         0.33   0.71    1.00 -0.05  0.02       0.08    -0.21  0.06     0.08  0.32 -0.02           0.25     0.22         0.26     0.11
CORN           0.07 -0.12 -0.05 -0.01     0.07  0.13    -0.06 -0.01     -0.01       -0.01  -0.05         -0.01     0.08         0.02   0.00   -0.05  1.00  0.05       0.51     0.42  0.09     0.07  0.10 -0.07           0.04     0.26         0.29     0.02
IRON           0.10  0.09  0.05  0.20     0.00 -0.14     0.02 -0.00     -0.09       -0.02  -0.08         -0.01    -0.03        -0.08  -0.00    0.02  0.05  1.00       0.08     0.24  0.09     0.06  0.03  0.15           0.06    -0.19        -0.17    -0.07
MILLWHEAT     -0.12 -0.19 -0.14 -0.05     0.01  0.02    -0.12  0.08     -0.08       -0.02  -0.15         -0.08    -0.06        -0.06   0.03    0.08  0.51  0.08       1.00     0.23 -0.02    -0.02  0.12 -0.10          -0.00     0.12         0.13     0.10
SOYMEAL        0.15  0.19  0.27  0.14    -0.14 -0.02    -0.01  0.01     -0.15       -0.34  -0.29         -0.09    -0.09        -0.09  -0.28   -0.21  0.42  0.24       0.23     1.00  0.05    -0.10 -0.00  0.09          -0.26     0.09         0.10     0.03
CAD            0.21  0.39  0.21 -0.15     0.02  0.25     0.30  0.23      0.25        0.14   0.18          0.17     0.27         0.27   0.08    0.06  0.09  0.09      -0.02     0.05  1.00     0.13  0.18  0.71           0.10     0.15         0.14     0.12
COTTON2       -0.12 -0.20 -0.08 -0.13     0.07  0.14     0.16  0.20      0.15        0.32   0.21          0.21     0.19         0.20   0.20    0.08  0.07  0.06      -0.02    -0.10  0.13     1.00  0.28  0.11           0.35    -0.05        -0.01     0.01
MXP            0.00 -0.22 -0.15 -0.27     0.03  0.29     0.32  0.40      0.36        0.41   0.24          0.39     0.31         0.37   0.36    0.32  0.10  0.03       0.12    -0.00  0.18     0.28  1.00  0.08           0.29     0.24         0.24    -0.04
NZD            0.15  0.42  0.33 -0.18     0.05  0.20     0.28  0.21      0.23        0.12   0.11          0.28     0.22         0.30   0.01   -0.02 -0.07  0.15      -0.10     0.09  0.71     0.11  0.08  1.00          -0.18     0.24         0.18     0.02
CRUDE_W_micro -0.22 -0.12 -0.25  0.09    -0.09 -0.16    -0.01 -0.03      0.01        0.27   0.22         -0.05    -0.14        -0.07   0.26    0.25  0.04  0.06      -0.00    -0.26  0.10     0.35  0.29 -0.18           1.00     0.08         0.10     0.10
GAS-PEN       -0.12 -0.05 -0.19 -0.28     0.08  0.19    -0.06  0.09      0.20        0.13   0.17          0.20     0.06         0.20   0.22    0.22  0.26 -0.19       0.12     0.09  0.15    -0.05  0.24  0.24           0.08     1.00         0.96     0.06
GAS_US_mini   -0.14 -0.11 -0.25 -0.29     0.09  0.16    -0.03  0.11      0.17        0.15   0.16          0.16     0.03         0.16   0.24    0.26  0.29 -0.17       0.13     0.10  0.14    -0.01  0.24  0.18           0.10     0.96         1.00     0.08
LEANHOG       -0.06  0.13 -0.04  0.11     0.03 -0.03     0.09  0.03      0.01       -0.17  -0.04         -0.13     0.00        -0.08  -0.05    0.11  0.02 -0.07       0.10     0.03  0.12     0.01 -0.04  0.02           0.10     0.06         0.08     1.00


********************************************************************************
                                 END OF REPORT                                  
********************************************************************************


