
********************************************************************************
                    Risk report produced on 08/05/2025 22:53                    
********************************************************************************


Total risk across all strategies, annualised percentage 6.8
Percentage of capital used for margin 40.8%

========================================
Risk per strategy, annualised percentage
========================================

                  risk
dynamic_TF_carry   6.8


===================
Risk by asset class
===================

Ags       2.1
Bond      2.0
Equity    2.8
FX        3.3
Metals    1.6
OilGas    4.8
Vol       0.2
dtype: float64


=====================================================
Beta loadings of asset class positions on asset class
=====================================================

OilGas   -0.15
Metals   -0.04
Ags      -0.01
Vol      -0.00
Equity    0.13
FX        0.22
Bond      0.43
dtype: float64


========================================================
Beta loadings of full portfolio positions on asset class
========================================================

OilGas   -0.15
Ags      -0.09
Vol      -0.04
Metals   -0.03
FX        0.02
Equity    0.09
Bond      0.36
dtype: float64


====================================================================================================================================================================================================================================================================
                                                                                                                          Instrument risk                                                                                                                           
====================================================================================================================================================================================================================================================================

               daily_price_stdev  annual_price_stdev      price  daily_perc_stdev  annual_perc_stdev  point_size_base  contract_exposure  daily_risk_per_contract  annual_risk_per_contract  position  capital  exposure_held_perc_capital  annual_risk_perc_capital
BRENT-LAST                 1.413              22.605      62.44              2.26               36.2            750.8              46877                     1060                     16970        -1   536863                        -8.7                      -3.2
DX                         0.555               8.874     100.49              0.55                8.8            750.8              75443                      416                      6662        -2   536863                       -28.1                      -2.5
GAS-PEN                    0.110               1.755       3.60              3.05               48.7           7507.6              27034                      823                     13172        -1   536863                        -5.0                      -2.5
BITCOIN                 2456.076           39297.223  101730.00              2.41               38.6              0.1               7637                      184                      2950        -3   536863                        -4.3                      -1.6
DOW                      590.701            9451.216   41751.00              1.41               22.6              0.4              15672                      221                      3547        -2   536863                        -5.8                      -1.3
WHEAT                      7.443             119.094     566.00              1.32               21.0             37.5              21246                      279                      4470        -1   536863                        -4.0                      -0.8
GAS_US_mini                0.120               1.915       3.95              3.03               48.5           1876.9               7413                      224                      3594        -1   536863                        -1.4                      -0.7
SOYMEAL                    2.948              47.175     298.70              0.99               15.8             75.1              22425                      221                      3541        -1   536863                        -4.2                      -0.7
CRUDE_W_micro              1.422              22.754      59.08              2.41               38.5             75.1               4435                      106                      1708        -1   536863                        -0.8                      -0.3
KRWUSD_mini                0.006               0.090       0.72              0.78               12.5          18768.9              13494                      105                      1689        -1   536863                        -2.5                      -0.3
V2X                        0.705              11.285      21.65              3.26               52.1             84.9               1837                       59                       957        -1   536863                        -0.3                      -0.2
CANOLA                     7.930             126.886     661.60              1.20               19.2             10.8               7176                       86                      1376         1   536863                         1.3                       0.3
MXP                        0.000               0.006       0.05              0.72               11.4         375378.2              19129                      136                      2190         1   536863                         3.6                       0.4
MSCISING                   5.755              92.081     394.20              1.46               23.4             57.9              22831                      333                      5333         1   536863                         4.3                       1.0
SP500_micro               89.374            1429.989    5719.25              1.56               25.0              3.8              21468                      335                      5367         1   536863                         4.0                       1.0
NIKKEI                   669.762           10716.186   37025.00              1.81               28.9              0.5              19314                      349                      5590         1   536863                         3.6                       1.0
KR10                       0.336               5.381     121.06              0.28                4.4            539.8              65347                      181                      2904         2   536863                        24.3                       1.1
BTP                        0.465               7.443     120.39              0.39                6.2            848.6             102161                      394                      6316         1   536863                        19.0                       1.2
MUMMY                     13.643             218.294     671.00              2.03               32.5              5.2               3500                       71                      1138         6   536863                         3.9                       1.3
LIVECOW                    1.745              27.919     209.78              0.83               13.3            300.3              62995                      523                      8383         1   536863                        11.7                       1.6
YENEUR                     0.978              15.654     163.43              0.60                9.6            652.1             106569                      637                     10207         1   536863                        19.9                       1.9

Sum of abs(notional exposure % capital) 160.7
Sum of abs(annualised risk % capital) 24.9
Net sum of annualised risk % capital -3.3 

=======================================================================================================================================================================================================
                                                                                             Correlations                                                                                              
=======================================================================================================================================================================================================

               BITCOIN  BRENT-LAST  CRUDE_W_micro   DOW  LIVECOW  MSCISING  MUMMY  NIKKEI  SP500_micro  KRWUSD_mini   MXP  YENEUR   BTP  KR10  CANOLA    DX  GAS-PEN  GAS_US_mini  SOYMEAL  WHEAT   V2X
BITCOIN           1.00        0.25           0.24  0.52     0.23      0.50   0.36    0.36         0.54         0.08  0.20    0.03  0.33  0.10    0.06  0.06    -0.01         0.10    -0.13  -0.15 -0.44
BRENT-LAST        0.25        1.00           0.99  0.53     0.52      0.58   0.36    0.33         0.55         0.09  0.32    0.16  0.03 -0.25    0.03  0.04     0.03         0.19    -0.03   0.04 -0.37
CRUDE_W_micro     0.24        0.99           1.00  0.54     0.54      0.59   0.36    0.33         0.57         0.08  0.32    0.17  0.03 -0.24    0.02  0.04     0.04         0.21    -0.04   0.01 -0.39
DOW               0.52        0.53           0.54  1.00     0.50      0.82   0.63    0.62         0.95         0.24  0.30    0.04  0.32  0.03    0.01  0.04     0.07         0.23    -0.00  -0.06 -0.70
LIVECOW           0.23        0.52           0.54  0.50     1.00      0.50   0.42    0.38         0.47         0.20  0.36    0.28 -0.04 -0.23    0.04 -0.09    -0.08         0.08    -0.06  -0.08 -0.37
MSCISING          0.50        0.58           0.59  0.82     0.50      1.00   0.68    0.68         0.85         0.24  0.42    0.19  0.27 -0.07   -0.07  0.04     0.07         0.25    -0.04   0.00 -0.69
MUMMY             0.36        0.36           0.36  0.63     0.42      0.68   1.00    0.73         0.63         0.26  0.36    0.23  0.14 -0.07    0.00 -0.07     0.04         0.16    -0.04  -0.08 -0.62
NIKKEI            0.36        0.33           0.33  0.62     0.38      0.68   0.73    1.00         0.69         0.19  0.36    0.42  0.12 -0.12   -0.09  0.10     0.07         0.16    -0.09  -0.05 -0.75
SP500_micro       0.54        0.55           0.57  0.95     0.47      0.85   0.63    0.69         1.00         0.26  0.37    0.14  0.32 -0.01    0.02  0.04     0.08         0.25    -0.04  -0.06 -0.75
KRWUSD_mini       0.08        0.09           0.08  0.24     0.20      0.24   0.26    0.19         0.26         1.00  0.34   -0.03  0.25  0.26    0.03 -0.56    -0.09        -0.05     0.15   0.22 -0.14
MXP               0.20        0.32           0.32  0.30     0.36      0.42   0.36    0.36         0.37         0.34  1.00    0.46  0.15 -0.05   -0.00 -0.38    -0.07         0.02     0.03   0.15 -0.42
YENEUR            0.03        0.16           0.17  0.04     0.28      0.19   0.23    0.42         0.14        -0.03  0.46    1.00 -0.37 -0.44    0.03 -0.03     0.09         0.14    -0.17   0.01 -0.34
BTP               0.33        0.03           0.03  0.32    -0.04      0.27   0.14    0.12         0.32         0.25  0.15   -0.37  1.00  0.56    0.00 -0.18    -0.12        -0.10     0.06  -0.05 -0.22
KR10              0.10       -0.25          -0.24  0.03    -0.23     -0.07  -0.07   -0.12        -0.01         0.26 -0.05   -0.44  0.56  1.00   -0.14 -0.24    -0.12        -0.23    -0.10  -0.21  0.07
CANOLA            0.06        0.03           0.02  0.01     0.04     -0.07   0.00   -0.09         0.02         0.03 -0.00    0.03  0.00 -0.14    1.00 -0.02     0.04         0.03     0.23   0.28  0.06
DX                0.06        0.04           0.04  0.04    -0.09      0.04  -0.07    0.10         0.04        -0.56 -0.38   -0.03 -0.18 -0.24   -0.02  1.00     0.26         0.22    -0.16  -0.14 -0.05
GAS-PEN          -0.01        0.03           0.04  0.07    -0.08      0.07   0.04    0.07         0.08        -0.09 -0.07    0.09 -0.12 -0.12    0.04  0.26     1.00         0.92     0.03   0.05 -0.03
GAS_US_mini       0.10        0.19           0.21  0.23     0.08      0.25   0.16    0.16         0.25        -0.05  0.02    0.14 -0.10 -0.23    0.03  0.22     0.92         1.00     0.08   0.11 -0.15
SOYMEAL          -0.13       -0.03          -0.04 -0.00    -0.06     -0.04  -0.04   -0.09        -0.04         0.15  0.03   -0.17  0.06 -0.10    0.23 -0.16     0.03         0.08     1.00   0.38  0.14
WHEAT            -0.15        0.04           0.01 -0.06    -0.08      0.00  -0.08   -0.05        -0.06         0.22  0.15    0.01 -0.05 -0.21    0.28 -0.14     0.05         0.11     0.38   1.00 -0.01
V2X              -0.44       -0.37          -0.39 -0.70    -0.37     -0.69  -0.62   -0.75        -0.75        -0.14 -0.42   -0.34 -0.22  0.07    0.06 -0.05    -0.03        -0.15     0.14  -0.01  1.00


********************************************************************************
                                 END OF REPORT                                  
********************************************************************************


