
********************************************************************************
                    Risk report produced on 18/12/2025 22:53                    
********************************************************************************


Total risk across all strategies, annualised percentage 12.5
Percentage of capital used for margin 46.4%

========================================
Risk per strategy, annualised percentage
========================================

                  risk
dynamic_TF_carry  12.6


===================
Risk by asset class
===================

Ags       1.2
Bond      1.8
Equity    7.9
FX        4.0
Metals    4.4
OilGas    4.5
dtype: float64


=====================================================
Beta loadings of asset class positions on asset class
=====================================================

Bond     -0.28
OilGas   -0.13
Ags      -0.01
Metals    0.10
FX        0.35
Equity    0.66
dtype: float64


========================================================
Beta loadings of full portfolio positions on asset class
========================================================

Bond     -0.51
OilGas   -0.01
Ags       0.17
Metals    0.26
Equity    0.84
FX        1.24
dtype: float64


===================================================================================================================================================================================================================================================================
                                                                                                                          Instrument risk                                                                                                                          
===================================================================================================================================================================================================================================================================

               daily_price_stdev  annual_price_stdev     price  daily_perc_stdev  annual_perc_stdev  point_size_base  contract_exposure  daily_risk_per_contract  annual_risk_per_contract  position  capital  exposure_held_perc_capital  annual_risk_perc_capital
GAS_US_mini                0.160               2.557      3.62              4.41               70.5           1870.3               6779                      298                      4782        -4   626571                        -4.3                      -3.1
GASOILINE                  0.026               0.418      1.94              1.35               21.6          31420.3              60807                      821                     13144        -1   626571                        -9.7                      -2.1
JPY                        0.000               0.001      0.01              0.51                8.1        9351282.8              60582                      307                      4915        -2   626571                       -19.3                      -1.6
BITCOIN                 2628.037           42048.584  85390.00              3.08               49.2              0.1               6388                      196                      3145        -3   626571                        -3.1                      -1.5
BUXL                       0.641              10.251    109.78              0.58                9.3            878.6              96455                      562                      9006        -1   626571                       -15.4                      -1.4
DAX                      185.649            2970.380  24188.00              0.77               12.3              0.9              21252                      163                      2609        -2   626571                        -6.8                      -0.8
RICE                       0.159               2.540      9.90              1.60               25.7           1496.2              14804                      237                      3800        -1   626571                        -2.4                      -0.6
WHEAT                      6.265             100.238    562.25              1.11               17.8             37.4              21031                      234                      3749        -1   626571                        -3.4                      -0.6
CAD10                      0.417               6.668    120.72              0.35                5.5            543.2              65570                      226                      3621        -1   626571                       -10.5                      -0.6
CRUDE_W_micro              0.968              15.490     55.78              1.74               27.8             74.8               4172                       72                      1158        -2   626571                        -1.3                      -0.4
AUD_micro                  0.003               0.044      0.66              0.41                6.6           7481.0               4948                       20                       325         1   626571                         0.8                       0.1
FTSECHINAA               142.655            2282.473  15040.00              0.95               15.2              0.7              11251                      106                      1707         1   626571                         1.8                       0.3
TOPIX                     31.939             511.016   3363.50              0.95               15.2              4.8              16140                      153                      2452         1   626571                         2.6                       0.4
MXP                        0.000               0.004      0.06              0.43                6.8         374051.3              20602                       88                      1409         2   626571                         6.6                       0.4
BRE                        0.001               0.022      0.18              0.75               12.0          74810.3              13518                      101                      1626         2   626571                         4.3                       0.5
LEANHOG                    1.111              17.769     88.88              1.25               20.0            299.2              26595                      332                      5317         1   626571                         4.2                       0.8
GBP                        0.005               0.079      1.34              0.37                5.9          46756.4              62574                      229                      3679         2   626571                        20.0                       1.2
RUSSELL                   30.254             484.072   2530.00              1.20               19.1              3.7               9463                      113                      1810         5   626571                         7.6                       1.4
FTSETAIWAN                25.684             410.948   2259.00              1.14               18.2             29.9              67598                      768                     12297         1   626571                        10.8                       2.0
MSCIEAFA                  22.374             357.983   2875.70              0.78               12.4             37.4             107565                      836                     13390         1   626571                        17.2                       2.1
YENEUR                     0.701              11.222    181.70              0.39                6.2            599.8             108991                      420                      6731         2   626571                        34.8                       2.1
MIB                      319.424            5110.788  44475.00              0.72               11.5              4.4             195384                     1403                     22452         1   626571                        31.2                       3.6
SILVER                     1.179              18.869     65.33              1.81               28.9            748.1              48873                      882                     14115         2   626571                        15.6                       4.5

Sum of abs(notional exposure % capital) 233.7
Sum of abs(annualised risk % capital) 32.1
Net sum of annualised risk % capital 6.7 

=================================================================================================================================================================================================================
                                                                                                  Correlations                                                                                                   
=================================================================================================================================================================================================================

               BUXL  CAD10   JPY  AUD_micro  BITCOIN   BRE   DAX  FTSECHINAA  FTSETAIWAN   MIB  MSCIEAFA  RUSSELL  TOPIX   GBP  LEANHOG   MXP  SILVER  RICE  WHEAT  CRUDE_W_micro  GASOILINE  GAS_US_mini  YENEUR
BUXL           1.00   0.60  0.41       0.07     0.03 -0.03  0.01       -0.11        0.01 -0.07      0.13     0.10  -0.14  0.08    -0.02 -0.03    0.04 -0.07  -0.10          -0.13      -0.15        -0.12   -0.55
CAD10          0.60   1.00  0.49       0.15     0.05  0.17  0.10       -0.04        0.07  0.10      0.30     0.13   0.02  0.34    -0.06 -0.02    0.00 -0.10  -0.19          -0.18      -0.21        -0.05   -0.41
JPY            0.41   0.49  1.00       0.23    -0.14 -0.06 -0.15       -0.11       -0.26 -0.14      0.12    -0.16  -0.41  0.41     0.15 -0.03   -0.02  0.11   0.11          -0.29      -0.31        -0.29   -0.65
AUD_micro      0.07   0.15  0.23       1.00     0.39  0.52  0.48        0.51        0.56  0.54      0.76     0.48   0.42  0.63     0.30  0.51    0.48  0.06   0.20           0.34       0.32         0.06    0.19
BITCOIN        0.03   0.05 -0.14       0.39     1.00  0.32  0.45        0.33        0.43  0.43      0.45     0.51   0.41  0.24     0.18  0.27    0.23  0.18  -0.10           0.20       0.21         0.11    0.18
BRE           -0.03   0.17 -0.06       0.52     0.32  1.00  0.30        0.44        0.40  0.47      0.49     0.40   0.38  0.30     0.32  0.55    0.29  0.00   0.15           0.42       0.43         0.31    0.26
DAX            0.01   0.10 -0.15       0.48     0.45  0.30  1.00        0.38        0.66  0.87      0.82     0.68   0.65  0.36     0.27  0.34    0.41 -0.01  -0.11           0.20       0.21         0.09    0.17
FTSECHINAA    -0.11  -0.04 -0.11       0.51     0.33  0.44  0.38        1.00        0.45  0.44      0.46     0.37   0.45  0.26     0.27  0.37    0.20 -0.09   0.28           0.40       0.40         0.13    0.26
FTSETAIWAN     0.01   0.07 -0.26       0.56     0.43  0.40  0.66        0.45        1.00  0.71      0.68     0.59   0.73  0.29     0.17  0.34    0.35 -0.05  -0.01           0.36       0.35         0.24    0.30
MIB           -0.07   0.10 -0.14       0.54     0.43  0.47  0.87        0.44        0.71  1.00      0.85     0.67   0.69  0.36     0.32  0.42    0.43 -0.01  -0.01           0.37       0.39         0.16    0.20
MSCIEAFA       0.13   0.30  0.12       0.76     0.45  0.49  0.82        0.46        0.68  0.85      1.00     0.68   0.65  0.65     0.35  0.52    0.51 -0.00  -0.05           0.27       0.26         0.03    0.18
RUSSELL        0.10   0.13 -0.16       0.48     0.51  0.40  0.68        0.37        0.59  0.67      0.68     1.00   0.57  0.29     0.45  0.37    0.40 -0.08  -0.16           0.25       0.21        -0.05    0.16
TOPIX         -0.14   0.02 -0.41       0.42     0.41  0.38  0.65        0.45        0.73  0.69      0.65     0.57   1.00  0.31     0.16  0.33    0.17 -0.09  -0.14           0.30       0.30         0.22    0.43
GBP            0.08   0.34  0.41       0.63     0.24  0.30  0.36        0.26        0.29  0.36      0.65     0.29   0.31  1.00     0.22  0.48    0.34  0.02  -0.08          -0.09      -0.13        -0.17    0.21
LEANHOG       -0.02  -0.06  0.15       0.30     0.18  0.32  0.27        0.27        0.17  0.32      0.35     0.45   0.16  0.22     1.00  0.31    0.33  0.11   0.01           0.21       0.16        -0.01    0.02
MXP           -0.03  -0.02 -0.03       0.51     0.27  0.55  0.34        0.37        0.34  0.42      0.52     0.37   0.33  0.48     0.31  1.00    0.46 -0.12   0.05           0.24       0.22        -0.05    0.47
SILVER         0.04   0.00 -0.02       0.48     0.23  0.29  0.41        0.20        0.35  0.43      0.51     0.40   0.17  0.34     0.33  0.46    1.00  0.02   0.02           0.26       0.25         0.03    0.25
RICE          -0.07  -0.10  0.11       0.06     0.18  0.00 -0.01       -0.09       -0.05 -0.01     -0.00    -0.08  -0.09  0.02     0.11 -0.12    0.02  1.00   0.13           0.02       0.06         0.08   -0.09
WHEAT         -0.10  -0.19  0.11       0.20    -0.10  0.15 -0.11        0.28       -0.01 -0.01     -0.05    -0.16  -0.14 -0.08     0.01  0.05    0.02  0.13   1.00           0.23       0.27         0.15   -0.01
CRUDE_W_micro -0.13  -0.18 -0.29       0.34     0.20  0.42  0.20        0.40        0.36  0.37      0.27     0.25   0.30 -0.09     0.21  0.24    0.26  0.02   0.23           1.00       0.96         0.30    0.20
GASOILINE     -0.15  -0.21 -0.31       0.32     0.21  0.43  0.21        0.40        0.35  0.39      0.26     0.21   0.30 -0.13     0.16  0.22    0.25  0.06   0.27           0.96       1.00         0.32    0.18
GAS_US_mini   -0.12  -0.05 -0.29       0.06     0.11  0.31  0.09        0.13        0.24  0.16      0.03    -0.05   0.22 -0.17    -0.01 -0.05    0.03  0.08   0.15           0.30       0.32         1.00    0.09
YENEUR        -0.55  -0.41 -0.65       0.19     0.18  0.26  0.17        0.26        0.30  0.20      0.18     0.16   0.43  0.21     0.02  0.47    0.25 -0.09  -0.01           0.20       0.18         0.09    1.00


********************************************************************************
                                 END OF REPORT                                  
********************************************************************************


