
********************************************************************************
                    Risk report produced on 20/02/2026 22:53                    
********************************************************************************


Total risk across all strategies, annualised percentage 14.1
Percentage of capital used for margin 38.3%

========================================
Risk per strategy, annualised percentage
========================================

                  risk
dynamic_TF_carry  14.1


===================
Risk by asset class
===================

Ags        2.1
Bond       2.0
Equity    11.0
FX         2.8
Metals     2.1
OilGas     2.2
Sector     1.4
dtype: float64


=====================================================
Beta loadings of asset class positions on asset class
=====================================================

Metals   -0.06
Ags      -0.04
Sector    0.05
OilGas    0.08
FX        0.52
Bond      0.58
Equity    0.77
dtype: float64


========================================================
Beta loadings of full portfolio positions on asset class
========================================================

OilGas    0.09
Ags       0.15
Metals    0.22
Sector    0.35
Bond      0.39
Equity    0.89
FX        1.43
dtype: float64


==================================================================================================================================================================================================================================================================
                                                                                                                         Instrument risk                                                                                                                          
==================================================================================================================================================================================================================================================================

              daily_price_stdev  annual_price_stdev     price  daily_perc_stdev  annual_perc_stdev  point_size_base  contract_exposure  daily_risk_per_contract  annual_risk_per_contract  position  capital  exposure_held_perc_capital  annual_risk_perc_capital
KR10                      0.418               6.690    111.93              0.37                6.0            512.4              57349                      214                      3427        -4   697469                       -32.9                      -2.0
GOLD_micro              111.616            1785.860   5100.20              2.19               35.0              7.4              37906                      829                     13273        -1   697469                        -5.4                      -1.9
HANGTECH                 85.824            1373.184   5257.00              1.63               26.1              4.8              24998                      408                      6529        -2   697469                        -7.2                      -1.9
SP500_micro              51.964             831.427   6912.75              0.75               12.0              3.7              25689                      193                      3089        -3   697469                       -11.0                      -1.3
REDWHEAT                  8.011             128.175    598.00              1.34               21.4             37.2              22222                      297                      4763        -1   697469                        -3.2                      -0.7
DX                        0.383               6.126     97.44              0.39                6.3            743.2              72424                      284                      4553        -1   697469                       -10.4                      -0.7
WHEAT                     7.145             114.312    615.50              1.16               18.6             37.2              22873                      265                      4248        -1   697469                        -3.3                      -0.6
RICE                      0.170               2.716     10.18              1.67               26.7           1486.5              15124                      252                      4037        -1   697469                        -2.2                      -0.6
COPPER-micro              0.125               2.005      5.94              2.11               33.8           1858.1              11031                      232                      3725        -1   697469                        -1.6                      -0.5
KRWUSD_mini               0.004               0.065      0.69              0.59                9.4          18580.9              12828                       75                      1211        -3   697469                        -5.5                      -0.5
BITCOIN                2937.354           46997.656  68150.00              4.31               69.0              0.1               5065                      218                      3493         0   697469                         0.0                       0.0
MUMMY                    10.988             175.807    736.00              1.49               23.9              4.8               3525                       52                       842         1   697469                         0.5                       0.1
CANOLA                    6.149              98.377    686.90              0.90               14.3             10.9               7461                       66                      1068         1   697469                         1.1                       0.2
BTP                       0.253               4.045    122.28              0.21                3.3            873.7             106842                      220                      3534         1   697469                        15.3                       0.5
NZD                       0.004               0.060      0.60              0.62               10.0          74323.7              44427                      276                      4429         1   697469                         6.4                       0.6
GBP                       0.006               0.098      1.35              0.46                7.3          46452.3              62636                      285                      4567         1   697469                         9.0                       0.7
MXP                       0.000               0.005      0.06              0.58                9.3         371618.7              21643                      126                      2018         3   697469                         9.3                       0.9
CAD                       0.003               0.043      0.73              0.37                5.9          74323.7              54349                      198                      3183         2   697469                        15.6                       0.9
TOPIX                    43.900             702.392   3809.25              1.15               18.4              4.8              18247                      210                      3364         2   697469                         5.2                       1.0
BUND                      0.265               4.234    129.33              0.20                3.3            873.7             113002                      231                      3699         2   697469                        32.4                       1.1
CAD10                     0.302               4.831    122.98              0.25                3.9            543.1              66791                      163                      2623         3   697469                        28.7                       1.1
LIVECOW                   1.883              30.134    237.30              0.79               12.7            297.3              70548                      559                      8958         1   697469                        10.1                       1.3
EU-BASIC                 13.641             218.253    792.60              1.72               27.5             43.7              34626                      595                      9534         1   697469                         5.0                       1.4
RUSSELL                  30.382             486.119   2663.00              1.14               18.3              3.7               9896                      112                      1806         6   697469                         8.5                       1.6
BRENT-LAST                1.294              20.703     70.54              1.83               29.3            743.2              52427                      961                     15387         1   697469                         7.5                       2.2
AEX                       8.543             136.688   1013.90              0.84               13.5            174.7             177179                     1492                     23886         1   697469                        25.4                       3.4
MIB                     431.185            6898.958  46515.00              0.93               14.8              4.4             203212                     1883                     30139         1   697469                        29.1                       4.3
MSCIEAFA                 25.462             407.393   3153.50              0.81               12.9             37.2             117189                      946                     15139         2   697469                        33.6                       4.3

Sum of abs(notional exposure % capital) 325.4
Sum of abs(annualised risk % capital) 36.3
Net sum of annualised risk % capital 14.9 

=====================================================================================================================================================================================================================================================
                                                                                                                    Correlations                                                                                                                     
=====================================================================================================================================================================================================================================================

              BRENT-LAST  CANOLA  REDWHEAT  WHEAT   AEX  BITCOIN  COPPER-micro  EU-BASIC  LIVECOW   MIB  MSCIEAFA  MUMMY  RICE  RUSSELL  SP500_micro  TOPIX   BTP  BUND  CAD10  KR10   CAD   GBP  GOLD_micro  HANGTECH  KRWUSD_mini   MXP   NZD    DX
BRENT-LAST          1.00    0.28      0.33   0.36  0.39     0.11          0.13      0.38     0.17  0.30      0.08   0.21  0.07     0.14         0.19   0.32 -0.09 -0.16  -0.12 -0.17 -0.04 -0.19       -0.02      0.01         0.01  0.08  0.01  0.28
CANOLA              0.28    1.00      0.30   0.31  0.04     0.00         -0.10      0.06    -0.16 -0.02      0.00   0.11 -0.01     0.05         0.07   0.12  0.13  0.13  -0.06 -0.04 -0.05 -0.10        0.05      0.07         0.04  0.01  0.03  0.10
REDWHEAT            0.33    0.30      1.00   0.93  0.07    -0.01          0.15      0.12    -0.22  0.01      0.09  -0.05  0.23     0.04         0.10  -0.03  0.11  0.11  -0.03 -0.12  0.22  0.02        0.24      0.15         0.34  0.07  0.24 -0.08
WHEAT               0.36    0.31      0.93   1.00  0.07     0.00          0.22      0.10    -0.28  0.01      0.07  -0.09  0.12     0.00         0.06  -0.03  0.05  0.06  -0.07 -0.16  0.26  0.02        0.18      0.14         0.34  0.07  0.24 -0.10
AEX                 0.39    0.04      0.07   0.07  1.00     0.32          0.39      0.74     0.20  0.78      0.62   0.49  0.04     0.36         0.41   0.61  0.25  0.02   0.25  0.05 -0.04  0.25        0.16      0.30         0.25  0.13  0.26 -0.07
BITCOIN             0.11    0.00     -0.01   0.00  0.32     1.00          0.24      0.23     0.13  0.19      0.28   0.13  0.07     0.40         0.49   0.09  0.08 -0.06   0.03  0.14  0.10  0.23        0.25      0.47         0.21  0.10  0.17 -0.12
COPPER-micro        0.13   -0.10      0.15   0.22  0.39     0.24          1.00      0.55     0.10  0.31      0.55   0.14  0.12     0.30         0.28   0.31  0.16  0.04   0.06 -0.03  0.35  0.42        0.29      0.31         0.19  0.33  0.40 -0.34
EU-BASIC            0.38    0.06      0.12   0.10  0.74     0.23          0.55      1.00     0.28  0.66      0.68   0.29  0.09     0.45         0.42   0.61  0.18 -0.03   0.16 -0.06  0.15  0.30        0.25      0.33         0.23  0.31  0.41 -0.19
LIVECOW             0.17   -0.16     -0.22  -0.28  0.20     0.13          0.10      0.28     1.00  0.29      0.22   0.26  0.08     0.13         0.05   0.16  0.03 -0.03  -0.06  0.15  0.10  0.19        0.17      0.08        -0.02  0.15  0.03 -0.06
MIB                 0.30   -0.02      0.01   0.01  0.78     0.19          0.31      0.66     0.29  1.00      0.59   0.45  0.02     0.20         0.31   0.59  0.16 -0.12   0.22 -0.04 -0.03  0.27        0.03      0.14         0.11  0.12  0.23 -0.06
MSCIEAFA            0.08    0.00      0.09   0.07  0.62     0.28          0.55      0.68     0.22  0.59      1.00   0.39  0.17     0.54         0.59   0.62  0.38  0.18   0.35  0.11  0.38  0.56        0.33      0.40         0.36  0.38  0.55 -0.49
MUMMY               0.21    0.11     -0.05  -0.09  0.49     0.13          0.14      0.29     0.26  0.45      0.39   1.00  0.09     0.30         0.18   0.68  0.18  0.06   0.09 -0.00 -0.07  0.10        0.02      0.06        -0.01  0.16  0.03  0.13
RICE                0.07   -0.01      0.23   0.12  0.04     0.07          0.12      0.09     0.08  0.02      0.17   0.09  1.00     0.19         0.18   0.07  0.07  0.05  -0.01 -0.15  0.22  0.22        0.18      0.12         0.19  0.08  0.31 -0.19
RUSSELL             0.14    0.05      0.04   0.00  0.36     0.40          0.30      0.45     0.13  0.20      0.54   0.30  0.19     1.00         0.74   0.44  0.20  0.13   0.11 -0.03  0.11  0.16        0.11      0.28         0.11  0.25  0.25 -0.06
SP500_micro         0.19    0.07      0.10   0.06  0.41     0.49          0.28      0.42     0.05  0.31      0.59   0.18  0.18     0.74         1.00   0.37  0.15  0.03   0.12  0.01  0.21  0.17        0.07      0.41         0.21  0.25  0.27 -0.07
TOPIX               0.32    0.12     -0.03  -0.03  0.61     0.09          0.31      0.61     0.16  0.59      0.62   0.68  0.07     0.44         0.37   1.00  0.16 -0.05   0.18 -0.12 -0.04  0.11       -0.04      0.06         0.01  0.19  0.15  0.07
BTP                -0.09    0.13      0.11   0.05  0.25     0.08          0.16      0.18     0.03  0.16      0.38   0.18  0.07     0.20         0.15   0.16  1.00  0.90   0.63  0.55  0.15  0.29        0.40      0.19         0.26  0.14  0.31 -0.28
BUND               -0.16    0.13      0.11   0.06  0.02    -0.06          0.04     -0.03    -0.03 -0.12      0.18   0.06  0.05     0.13         0.03  -0.05  0.90  1.00   0.57  0.53  0.13  0.13        0.30      0.11         0.15 -0.01  0.17 -0.19
CAD10              -0.12   -0.06     -0.03  -0.07  0.25     0.03          0.06      0.16    -0.06  0.22      0.35   0.09 -0.01     0.11         0.12   0.18  0.63  0.57   1.00  0.50 -0.03  0.29        0.21      0.06         0.21 -0.08  0.25 -0.25
KR10               -0.17   -0.04     -0.12  -0.16  0.05     0.14         -0.03     -0.06     0.15 -0.04      0.11  -0.00 -0.15    -0.03         0.01  -0.12  0.55  0.53   0.50  1.00  0.13  0.31        0.30      0.24         0.32  0.05  0.16 -0.34
CAD                -0.04   -0.05      0.22   0.26 -0.04     0.10          0.35      0.15     0.10 -0.03      0.38  -0.07  0.22     0.11         0.21  -0.04  0.15  0.13  -0.03  0.13  1.00  0.60        0.47      0.42         0.54  0.46  0.76 -0.74
GBP                -0.19   -0.10      0.02   0.02  0.25     0.23          0.42      0.30     0.19  0.27      0.56   0.10  0.22     0.16         0.17   0.11  0.29  0.13   0.29  0.31  0.60  1.00        0.57      0.41         0.62  0.40  0.79 -0.83
GOLD_micro         -0.02    0.05      0.24   0.18  0.16     0.25          0.29      0.25     0.17  0.03      0.33   0.02  0.18     0.11         0.07  -0.04  0.40  0.30   0.21  0.30  0.47  0.57        1.00      0.31         0.44  0.39  0.53 -0.55
HANGTECH            0.01    0.07      0.15   0.14  0.30     0.47          0.31      0.33     0.08  0.14      0.40   0.06  0.12     0.28         0.41   0.06  0.19  0.11   0.06  0.24  0.42  0.41        0.31      1.00         0.37  0.43  0.42 -0.42
KRWUSD_mini         0.01    0.04      0.34   0.34  0.25     0.21          0.19      0.23    -0.02  0.11      0.36  -0.01  0.19     0.11         0.21   0.01  0.26  0.15   0.21  0.32  0.54  0.62        0.44      0.37         1.00  0.28  0.70 -0.65
MXP                 0.08    0.01      0.07   0.07  0.13     0.10          0.33      0.31     0.15  0.12      0.38   0.16  0.08     0.25         0.25   0.19  0.14 -0.01  -0.08  0.05  0.46  0.40        0.39      0.43         0.28  1.00  0.43 -0.44
NZD                 0.01    0.03      0.24   0.24  0.26     0.17          0.40      0.41     0.03  0.23      0.55   0.03  0.31     0.25         0.27   0.15  0.31  0.17   0.25  0.16  0.76  0.79        0.53      0.42         0.70  0.43  1.00 -0.80
DX                  0.28    0.10     -0.08  -0.10 -0.07    -0.12         -0.34     -0.19    -0.06 -0.06     -0.49   0.13 -0.19    -0.06        -0.07   0.07 -0.28 -0.19  -0.25 -0.34 -0.74 -0.83       -0.55     -0.42        -0.65 -0.44 -0.80  1.00


********************************************************************************
                                 END OF REPORT                                  
********************************************************************************


