
********************************************************************************
                    Risk report produced on 27/02/2024 22:51                    
********************************************************************************


Total risk across all strategies, annualised percentage 8.8
Percentage of capital used for margin 51.2%

========================================
Risk per strategy, annualised percentage
========================================

                  risk
dynamic_TF_carry   8.8


===================
Risk by asset class
===================

Ags       1.6
Bond      3.5
Equity    5.6
FX        4.8
Metals    1.4
OilGas    0.9
Sector    0.6
dtype: float64


=====================================================
Beta loadings of asset class positions on asset class
=====================================================

Bond     -0.95
FX       -0.21
Ags      -0.09
OilGas   -0.01
Sector    0.04
Metals    0.04
Equity    0.55
dtype: float64


========================================================
Beta loadings of full portfolio positions on asset class
========================================================

Bond     -1.90
Metals   -0.15
Ags      -0.07
OilGas    0.02
FX        0.20
Sector    0.22
Equity    0.76
dtype: float64


=================================================================================================================================================================================================================================================================
                                                                                                                         Instrument risk                                                                                                                         
=================================================================================================================================================================================================================================================================

             daily_price_stdev  annual_price_stdev     price  daily_perc_stdev  annual_perc_stdev  point_size_base  contract_exposure  daily_risk_per_contract  annual_risk_per_contract  position  capital  exposure_held_perc_capital  annual_risk_perc_capital
BOBL                     0.324               5.179    116.10              0.28                4.5            855.6              99337                      276                      4431        -2   388947                       -51.1                      -2.3
CHF                      0.005               0.081      1.14              0.45                7.1          98572.7             112313                      499                      7997        -1   388947                       -28.9                      -2.1
CORN                     5.065              81.035    461.00              1.10               17.6             39.4              18176                      199                      3195        -2   388947                        -9.3                      -1.6
JPY                      0.000               0.001      0.01              0.54                8.7        9857266.8              65693                      356                      5711        -1   388947                       -16.9                      -1.5
US3                      0.222               3.549    104.20              0.21                3.4           1577.2             164332                      349                      5597        -1   388947                       -42.3                      -1.4
GAS_US_mini              0.116               1.857      1.96              5.92               94.7           1971.5               3864                      228                      3660        -1   388947                        -1.0                      -0.9
EUR_micro                0.004               0.063      1.09              0.36                5.8           9857.3              10697                       38                       620        -3   388947                        -8.3                      -0.5
GOLD_micro              12.957             207.308   2039.10              0.64               10.2              7.9              16079                      102                      1634        -1   388947                        -4.1                      -0.4
EU-OIL                   3.423              54.761    345.40              0.99               15.9             42.8              14776                      146                      2342         1   388947                         3.8                       0.6
CNH                      0.016               0.252      7.20              0.22                3.5          10937.7              78771                      172                      2759         1   388947                        20.3                       0.7
NIKKEI                 338.466            5415.462  39160.00              0.86               13.8              0.5              20518                      177                      2837         1   388947                         5.3                       0.7
MXP                      0.000               0.005      0.06              0.50                8.0         394290.7              23038                      114                      1833         2   388947                        11.8                       0.9
EUROSTX                 33.476             535.623   4898.00              0.68               10.9              8.6              41908                      286                      4582         1   388947                        10.8                       1.2
SP500_micro             37.912             606.592   5085.75              0.75               11.9              3.9              20052                      149                      2391         2   388947                        10.3                       1.2
BITCOIN               1326.344           21221.498  57745.00              2.30               36.8              0.1               4553                      104                      1673         3   388947                         3.5                       1.3
FTSETAIWAN              11.424             182.780   1609.50              0.71               11.4             31.5              50768                      360                      5765         1   388947                        13.1                       1.5
YENEUR                   0.743              11.882    162.82              0.46                7.3            655.0             106641                      486                      7782         1   388947                        27.4                       2.0
R1000                   12.383             198.122   1677.70              0.74               11.8             39.4              66150                      488                      7811         1   388947                        17.0                       2.0

Sum of abs(notional exposure % capital) 285.2
Sum of abs(annualised risk % capital) 22.8
Net sum of annualised risk % capital 1.4 

===================================================================================================================================================================
                                                                           Correlations                                                                            
===================================================================================================================================================================

             BITCOIN  CORN  GAS_US_mini  YENEUR   CNH  BOBL   CHF  EUR_micro  GOLD_micro   JPY   US3  EU-OIL  EUROSTX  FTSETAIWAN   MXP  NIKKEI  R1000  SP500_micro
BITCOIN         1.00  0.05        -0.11    0.00  0.01  0.15 -0.15       0.02        0.01 -0.00 -0.03   -0.16     0.07        0.09 -0.02   -0.06   0.02         0.09
CORN            0.05  1.00         0.07    0.03 -0.14 -0.00  0.07       0.07        0.05  0.02 -0.01    0.04     0.01        0.10  0.08   -0.06   0.01         0.07
GAS_US_mini    -0.11  0.07         1.00    0.20  0.15 -0.07  0.03      -0.01       -0.00 -0.21  0.06    0.12    -0.05       -0.01  0.09    0.17   0.04         0.03
YENEUR          0.00  0.03         0.20    1.00  0.17 -0.41 -0.09       0.24       -0.22 -0.73 -0.32   -0.03     0.05        0.02  0.07    0.36   0.10         0.11
CNH             0.01 -0.14         0.15    0.17  1.00 -0.23 -0.50      -0.56       -0.47 -0.57 -0.42   -0.15    -0.40       -0.41 -0.36   -0.11  -0.38        -0.35
BOBL            0.15 -0.00        -0.07   -0.41 -0.23  1.00  0.28       0.18        0.33  0.49  0.75   -0.05     0.21        0.04 -0.01   -0.10   0.24         0.22
CHF            -0.15  0.07         0.03   -0.09 -0.50  0.28  1.00       0.73        0.50  0.55  0.51    0.19     0.28        0.32  0.26    0.06   0.38         0.31
EUR_micro       0.02  0.07        -0.01    0.24 -0.56  0.18  0.73       1.00        0.37  0.45  0.44    0.04     0.38        0.36  0.40    0.21   0.49         0.46
GOLD_micro      0.01  0.05        -0.00   -0.22 -0.47  0.33  0.50       0.37        1.00  0.43  0.52    0.20     0.03        0.09  0.20    0.10   0.20         0.16
JPY            -0.00  0.02        -0.21   -0.73 -0.57  0.49  0.55       0.45        0.43  1.00  0.59    0.03     0.24        0.24  0.19   -0.21   0.25         0.22
US3            -0.03 -0.01         0.06   -0.32 -0.42  0.75  0.51       0.44        0.52  0.59  1.00   -0.06     0.13        0.13  0.09    0.05   0.29         0.27
EU-OIL         -0.16  0.04         0.12   -0.03 -0.15 -0.05  0.19       0.04        0.20  0.03 -0.06    1.00     0.37        0.13  0.36    0.17   0.39         0.16
EUROSTX         0.07  0.01        -0.05    0.05 -0.40  0.21  0.28       0.38        0.03  0.24  0.13    0.37     1.00        0.59  0.47    0.46   0.72         0.70
FTSETAIWAN      0.09  0.10        -0.01    0.02 -0.41  0.04  0.32       0.36        0.09  0.24  0.13    0.13     0.59        1.00  0.28    0.43   0.56         0.71
MXP            -0.02  0.08         0.09    0.07 -0.36 -0.01  0.26       0.40        0.20  0.19  0.09    0.36     0.47        0.28  1.00    0.37   0.48         0.38
NIKKEI         -0.06 -0.06         0.17    0.36 -0.11 -0.10  0.06       0.21        0.10 -0.21  0.05    0.17     0.46        0.43  0.37    1.00   0.54         0.61
R1000           0.02  0.01         0.04    0.10 -0.38  0.24  0.38       0.49        0.20  0.25  0.29    0.39     0.72        0.56  0.48    0.54   1.00         0.89
SP500_micro     0.09  0.07         0.03    0.11 -0.35  0.22  0.31       0.46        0.16  0.22  0.27    0.16     0.70        0.71  0.38    0.61   0.89         1.00


********************************************************************************
                                 END OF REPORT                                  
********************************************************************************


