
********************************************************************************
                    Risk report produced on 08/12/2023 22:51                    
********************************************************************************


Total risk across all strategies, annualised percentage 8.7
Percentage of capital used for margin 57.3%

========================================
Risk per strategy, annualised percentage
========================================

                  risk
dynamic_TF_carry   8.7


===================
Risk by asset class
===================

Ags       2.8
Bond      1.2
Equity    2.7
FX        3.7
Metals    1.7
OilGas    5.1
Sector    1.6
Vol       1.6
dtype: float64


=====================================================
Beta loadings of asset class positions on asset class
=====================================================

Ags      -0.14
OilGas   -0.07
Vol      -0.03
Bond      0.04
Metals    0.07
Sector    0.08
Equity    0.19
FX        0.63
dtype: float64


========================================================
Beta loadings of full portfolio positions on asset class
========================================================

Bond     -0.14
Vol      -0.10
OilGas   -0.04
Ags      -0.02
Metals    0.07
Sector    0.16
Equity    0.33
FX        0.83
dtype: float64


=================================================================================================================================================================================================================================================================
                                                                                                                         Instrument risk                                                                                                                         
=================================================================================================================================================================================================================================================================

             daily_price_stdev  annual_price_stdev     price  daily_perc_stdev  annual_perc_stdev  point_size_base  contract_exposure  daily_risk_per_contract  annual_risk_per_contract  position  capital  exposure_held_perc_capital  annual_risk_perc_capital
GAS-PEN                  0.121               1.934      2.50              4.84               77.4           7949.4              19873                      961                     15377        -1   369807                        -5.4                      -4.2
LIVECOW                  2.021              32.338    165.80              1.22               19.5            318.0              52720                      642                     10282        -1   369807                       -14.3                      -2.8
VIX                      0.456               7.292     16.00              2.85               45.6            794.9              12719                      362                      5796        -1   369807                        -3.4                      -1.6
US2                      0.161               2.582    102.18              0.16                2.5           1589.9             162460                      256                      4104        -1   369807                       -43.9                      -1.1
GAS_US_mini              0.116               1.857      2.56              4.53               72.4           1987.4               5097                      230                      3691        -1   369807                        -1.4                      -1.0
EUR_micro                0.005               0.082      1.08              0.48                7.6           9936.8              10738                       51                       819        -4   369807                       -11.6                      -0.9
FTSECHINAA             117.797            1884.750  11368.00              1.04               16.6              0.8               9036                       93                      1498        -1   369807                        -2.4                      -0.4
IRON                     2.205              35.283    133.10              1.66               26.5             79.5              10580                      175                      2804         1   369807                         2.9                       0.8
CNH                      0.020               0.312      7.15              0.27                4.4          11087.5              79286                      216                      3461         1   369807                        21.4                       0.9
KR10                     0.538               8.606    111.90              0.48                7.7            609.4              68194                      327                      5245         1   369807                        18.4                       1.4
BITCOIN               1055.947           16895.148  44520.00              2.37               37.9              0.1               3539                       83                      1343         4   369807                         3.8                       1.5
MXP                      0.000               0.007      0.06              0.76               12.1         397472.1              22878                      173                      2777         2   369807                        12.4                       1.5
NIKKEI                 328.477            5255.628  32160.00              1.02               16.3              0.6              17733                      181                      2898         2   369807                         9.6                       1.6
FTSETAIWAN              11.856             189.703   1497.50              0.79               12.7             31.8              47617                      377                      6032         1   369807                        12.9                       1.6
EU-OIL                   4.434              70.949    354.50              1.25               20.0             42.8              15189                      189                      3039         2   369807                         8.2                       1.6
YENEUR                   1.078              17.253    155.82              0.69               11.1            689.3             107404                      743                     11892         1   369807                        29.0                       3.2

Sum of abs(notional exposure % capital) 201.0
Sum of abs(annualised risk % capital) 26.1
Net sum of annualised risk % capital 2.1 

==================================================================================================================================================
                                                                   Correlations                                                                   
==================================================================================================================================================

              CNH   VIX  BITCOIN  KR10   US2  EU-OIL  GAS-PEN  GAS_US_mini  LIVECOW  EUR_micro  FTSECHINAA  FTSETAIWAN  IRON   MXP  NIKKEI  YENEUR
CNH          1.00  0.18    -0.14 -0.57 -0.43   -0.04     0.24         0.24     0.12      -0.55       -0.41       -0.36 -0.31 -0.18   -0.12   -0.01
VIX          0.18  1.00    -0.15 -0.31  0.05   -0.29    -0.16        -0.20    -0.23      -0.30       -0.35       -0.57 -0.11 -0.50   -0.64   -0.25
BITCOIN     -0.14 -0.15     1.00  0.27  0.27   -0.11    -0.04         0.03    -0.21       0.13       -0.05        0.04  0.03 -0.00    0.04    0.03
KR10        -0.57 -0.31     0.27  1.00  0.54    0.02    -0.10        -0.12    -0.15       0.35        0.16        0.35  0.12  0.15    0.18   -0.12
US2         -0.43  0.05     0.27  0.54  1.00   -0.16    -0.08        -0.06    -0.24       0.41       -0.01       -0.07 -0.05 -0.04   -0.12   -0.12
EU-OIL      -0.04 -0.29    -0.11  0.02 -0.16    1.00     0.22         0.29     0.18       0.04        0.28        0.33  0.15  0.17    0.44    0.15
GAS-PEN      0.24 -0.16    -0.04 -0.10 -0.08    0.22     1.00         0.88     0.17      -0.02        0.07       -0.06 -0.09 -0.00    0.13    0.20
GAS_US_mini  0.24 -0.20     0.03 -0.12 -0.06    0.29     0.88         1.00     0.19      -0.01        0.07       -0.00 -0.05  0.10    0.18    0.21
LIVECOW      0.12 -0.23    -0.21 -0.15 -0.24    0.18     0.17         0.19     1.00       0.08        0.14        0.05  0.01  0.33    0.22    0.13
EUR_micro   -0.55 -0.30     0.13  0.35  0.41    0.04    -0.02        -0.01     0.08       1.00        0.22        0.38  0.14  0.46    0.27    0.46
FTSECHINAA  -0.41 -0.35    -0.05  0.16 -0.01    0.28     0.07         0.07     0.14       0.22        1.00        0.47  0.26  0.30    0.42    0.23
FTSETAIWAN  -0.36 -0.57     0.04  0.35 -0.07    0.33    -0.06        -0.00     0.05       0.38        0.47        1.00  0.25  0.44    0.65    0.26
IRON        -0.31 -0.11     0.03  0.12 -0.05    0.15    -0.09        -0.05     0.01       0.14        0.26        0.25  1.00  0.15    0.14    0.01
MXP         -0.18 -0.50    -0.00  0.15 -0.04    0.17    -0.00         0.10     0.33       0.46        0.30        0.44  0.15  1.00    0.43    0.30
NIKKEI      -0.12 -0.64     0.04  0.18 -0.12    0.44     0.13         0.18     0.22       0.27        0.42        0.65  0.14  0.43    1.00    0.49
YENEUR      -0.01 -0.25     0.03 -0.12 -0.12    0.15     0.20         0.21     0.13       0.46        0.23        0.26  0.01  0.30    0.49    1.00


********************************************************************************
                                 END OF REPORT                                  
********************************************************************************


