
********************************************************************************
                    Risk report produced on 18/06/2026 22:51                    
********************************************************************************


Total risk across all strategies, annualised percentage 9.4
Percentage of capital used for margin 34.3%

========================================
Risk per strategy, annualised percentage
========================================

                  risk
dynamic_TF_carry   9.4


===================
Risk by asset class
===================

Ags       2.4
Bond      1.4
Equity    5.7
FX        4.6
Metals    2.8
OilGas    0.5
Sector    2.0
dtype: float64


=====================================================
Beta loadings of asset class positions on asset class
=====================================================

FX       -0.53
Metals   -0.08
OilGas   -0.00
Ags       0.06
Sector    0.11
Bond      0.28
Equity    0.43
dtype: float64


========================================================
Beta loadings of full portfolio positions on asset class
========================================================

FX       -0.29
OilGas   -0.02
Metals    0.04
Ags       0.06
Bond      0.21
Sector    0.33
Equity    0.47
dtype: float64


===================================================================================================================================================================================================================================================================
                                                                                                                          Instrument risk                                                                                                                          
===================================================================================================================================================================================================================================================================

               daily_price_stdev  annual_price_stdev     price  daily_perc_stdev  annual_perc_stdev  point_size_base  contract_exposure  daily_risk_per_contract  annual_risk_per_contract  position  capital  exposure_held_perc_capital  annual_risk_perc_capital
CHF                        0.006               0.096      1.25              0.48                7.7          93924.6             117631                      565                      9040        -3   699328                       -50.5                      -3.9
BITCOIN                 1919.400           30710.399  62650.00              3.06               49.0              0.1               4707                      144                      2307        -8   699328                        -5.4                      -2.6
LEANHOG                    1.155              18.477     81.28              1.42               22.7            300.6              24427                      347                      5553        -2   699328                        -7.0                      -1.6
JPY                        0.000               0.000      0.01              0.45                7.1        9392458.2              58468                      260                      4171        -2   699328                       -16.7                      -1.2
REDWHEAT                  10.006             160.090    664.25              1.51               24.1             37.6              24955                      375                      6014        -1   699328                        -3.6                      -0.9
DAX                      241.565            3865.044  25231.00              0.96               15.3              0.9              21828                      208                      3343        -1   699328                        -3.1                      -0.5
COPPER-micro               0.108               1.730      6.44              1.68               26.9           1878.5              12089                      203                      3249        -1   699328                        -1.7                      -0.5
GAS_US_mini                0.099               1.578      3.22              3.07               49.1           1878.5               6039                      185                      2963        -1   699328                        -0.9                      -0.4
HANGENT_mini             115.110            1841.754   7940.00              1.45               23.2              1.0               7612                      110                      1765        -1   699328                        -1.1                      -0.3
CRUDE_W_micro              2.134              34.142     74.94              2.85               45.6             75.1               5630                      160                      2565         1   699328                         0.8                       0.4
EU-BANKS                   3.841              61.460    296.85              1.29               20.7             43.3              12840                      166                      2658         1   699328                         1.8                       0.4
CANOLA                     9.659             154.542    734.30              1.32               21.0             10.7               7820                      102                      1645         2   699328                         2.2                       0.5
AUD_micro                  0.003               0.056      0.70              0.50                8.0           7514.0               5256                       26                       420         9   699328                         6.8                       0.5
EU-OIL                     7.070             113.124    496.00              1.43               22.8             43.3              21455                      305                      4893         1   699328                         3.1                       0.7
MXP                        0.000               0.005      0.06              0.51                8.1         375698.3              21471                      109                      1748         3   699328                         9.2                       0.8
DOW                      462.017            7392.277  51982.00              0.89               14.2              0.4              19529                      173                      2777         2   699328                         5.6                       0.8
YENEUR                     0.669              10.701    184.67              0.36                5.8            584.8             107987                      391                      6257         1   699328                        15.4                       0.9
SOYOIL                     0.907              14.504     65.94              1.37               22.0            450.8              29728                      408                      6539         1   699328                         4.3                       0.9
NIKKEI                  1186.479           18983.669  71205.00              1.67               26.7              0.5              33310                      555                      8880         1   699328                         4.8                       1.3
CAC                       72.453            1159.256   8464.50              0.86               13.7              8.7              73229                      626                     10029         1   699328                        10.5                       1.4
CAD10                      0.394               6.304    120.78              0.33                5.2            532.5              64319                      209                      3357         3   699328                        27.6                       1.4
EU-BASIC                  15.237             243.798    835.00              1.82               29.2             43.3              36119                      659                     10545         1   699328                         5.2                       1.5
LIVECOW                    2.343              37.482    240.10              0.98               15.6            300.6              72164                      704                     11265         1   699328                        10.3                       1.6
AEX                        8.789             140.630   1085.00              0.81               13.0            173.0             187733                     1520                     24332         1   699328                        26.8                       3.5

Sum of abs(notional exposure % capital) 224.4
Sum of abs(annualised risk % capital) 28.5
Net sum of annualised risk % capital 4.7 

==================================================================================================================================================================================================================================
                                                                                                           Correlations                                                                                                           
==================================================================================================================================================================================================================================

                AEX  AUD_micro   CAC  COPPER-micro   DAX   DOW  EU-BANKS  EU-BASIC  HANGENT_mini   MXP  NIKKEI  CAD10   CHF   JPY  BITCOIN  LEANHOG  LIVECOW  YENEUR  CRUDE_W_micro  EU-OIL  CANOLA  GAS_US_mini  REDWHEAT  SOYOIL
AEX            1.00       0.43  0.80          0.45  0.84  0.64      0.67      0.60          0.36  0.39    0.60   0.22  0.10 -0.09     0.37     0.11     0.16    0.18           0.12    0.30   -0.19         0.08     -0.16   -0.00
AUD_micro      0.43       1.00  0.37          0.56  0.44  0.53      0.45      0.60          0.52  0.62    0.49   0.19  0.56  0.36     0.34     0.27     0.05    0.15           0.20    0.16   -0.02         0.06      0.23    0.16
CAC            0.80       0.37  1.00          0.48  0.85  0.69      0.77      0.64          0.33  0.45    0.66   0.37  0.12 -0.00     0.22    -0.01     0.27    0.21          -0.05    0.17   -0.19        -0.01     -0.18   -0.07
COPPER-micro   0.45       0.56  0.48          1.00  0.43  0.53      0.47      0.70          0.38  0.42    0.45   0.16  0.21 -0.01     0.26     0.14     0.05    0.31           0.13    0.12   -0.03        -0.01      0.19    0.12
DAX            0.84       0.44  0.85          0.43  1.00  0.66      0.76      0.64          0.42  0.44    0.60   0.27  0.13 -0.01     0.37     0.15     0.25    0.18           0.04    0.23   -0.23         0.01     -0.16   -0.03
DOW            0.64       0.53  0.69          0.53  0.66  1.00      0.64      0.63          0.31  0.41    0.65   0.40  0.14  0.03     0.30     0.26     0.12    0.16          -0.06    0.06   -0.11        -0.03     -0.16   -0.01
EU-BANKS       0.67       0.45  0.77          0.47  0.76  0.64      1.00      0.68          0.30  0.57    0.59   0.23  0.17  0.02     0.23     0.18     0.26    0.30          -0.13    0.10   -0.23        -0.04     -0.05   -0.15
EU-BASIC       0.60       0.60  0.64          0.70  0.64  0.63      0.68      1.00          0.47  0.53    0.61   0.37  0.25  0.02     0.23     0.32     0.05    0.29          -0.01    0.16   -0.04        -0.06      0.04    0.11
HANGENT_mini   0.36       0.52  0.33          0.38  0.42  0.31      0.30      0.47          1.00  0.41    0.36   0.19  0.39  0.18     0.16     0.26    -0.16    0.16           0.16    0.04    0.16         0.20      0.09    0.26
MXP            0.39       0.62  0.45          0.42  0.44  0.41      0.57      0.53          0.41  1.00    0.47   0.15  0.51  0.22     0.22     0.19     0.15    0.40          -0.06    0.01   -0.12        -0.06      0.05   -0.04
NIKKEI         0.60       0.49  0.66          0.45  0.60  0.65      0.59      0.61          0.36  0.47    1.00   0.28  0.18 -0.14     0.19    -0.02     0.01    0.42          -0.11   -0.08   -0.06        -0.09      0.01   -0.06
CAD10          0.22       0.19  0.37          0.16  0.27  0.40      0.23      0.37          0.19  0.15    0.28   1.00  0.26  0.32     0.01    -0.05    -0.14   -0.17          -0.30   -0.16   -0.08        -0.13     -0.10   -0.16
CHF            0.10       0.56  0.12          0.21  0.13  0.14      0.17      0.25          0.39  0.51    0.18   0.26  1.00  0.70     0.15     0.06    -0.15   -0.03          -0.23   -0.33   -0.06        -0.02      0.09   -0.04
JPY           -0.09       0.36 -0.00         -0.01 -0.01  0.03      0.02      0.02          0.18  0.22   -0.14   0.32  0.70  1.00     0.02     0.03    -0.07   -0.61          -0.21   -0.26   -0.09         0.00      0.06   -0.12
BITCOIN        0.37       0.34  0.22          0.26  0.37  0.30      0.23      0.23          0.16  0.22    0.19   0.01  0.15  0.02     1.00     0.04     0.18    0.09           0.16    0.21   -0.10         0.17      0.11    0.06
LEANHOG        0.11       0.27 -0.01          0.14  0.15  0.26      0.18      0.32          0.26  0.19   -0.02  -0.05  0.06  0.03     0.04     1.00     0.12    0.08           0.22    0.21    0.19         0.02      0.02    0.22
LIVECOW        0.16       0.05  0.27          0.05  0.25  0.12      0.26      0.05         -0.16  0.15    0.01  -0.14 -0.15 -0.07     0.18     0.12     1.00    0.10           0.02    0.25   -0.14        -0.03     -0.10   -0.05
YENEUR         0.18       0.15  0.21          0.31  0.18  0.16      0.30      0.29          0.16  0.40    0.42  -0.17 -0.03 -0.61     0.09     0.08     0.10    1.00           0.03    0.05   -0.02        -0.10      0.02    0.01
CRUDE_W_micro  0.12       0.20 -0.05          0.13  0.04 -0.06     -0.13     -0.01          0.16 -0.06   -0.11  -0.30 -0.23 -0.21     0.16     0.22     0.02    0.03           1.00    0.67    0.32         0.22      0.27    0.56
EU-OIL         0.30       0.16  0.17          0.12  0.23  0.06      0.10      0.16          0.04  0.01   -0.08  -0.16 -0.33 -0.26     0.21     0.21     0.25    0.05           0.67    1.00    0.10         0.15      0.20    0.37
CANOLA        -0.19      -0.02 -0.19         -0.03 -0.23 -0.11     -0.23     -0.04          0.16 -0.12   -0.06  -0.08 -0.06 -0.09    -0.10     0.19    -0.14   -0.02           0.32    0.10    1.00         0.13      0.15    0.76
GAS_US_mini    0.08       0.06 -0.01         -0.01  0.01 -0.03     -0.04     -0.06          0.20 -0.06   -0.09  -0.13 -0.02  0.00     0.17     0.02    -0.03   -0.10           0.22    0.15    0.13         1.00     -0.03    0.28
REDWHEAT      -0.16       0.23 -0.18          0.19 -0.16 -0.16     -0.05      0.04          0.09  0.05    0.01  -0.10  0.09  0.06     0.11     0.02    -0.10    0.02           0.27    0.20    0.15        -0.03      1.00    0.16
SOYOIL        -0.00       0.16 -0.07          0.12 -0.03 -0.01     -0.15      0.11          0.26 -0.04   -0.06  -0.16 -0.04 -0.12     0.06     0.22    -0.05    0.01           0.56    0.37    0.76         0.28      0.16    1.00


********************************************************************************
                                 END OF REPORT                                  
********************************************************************************


