
********************************************************************************
                    Risk report produced on 01/09/2023 22:52                    
********************************************************************************


Total risk across all strategies, annualised percentage 12.9
Percentage of capital used for margin 60.9%

========================================
Risk per strategy, annualised percentage
========================================

                  risk
dynamic_TF_carry  13.0


===================
Risk by asset class
===================

Ags       3.2
Bond      6.3
Equity    1.7
FX        5.0
OilGas    1.1
Sector    3.8
Vol       1.9
dtype: float64


=====================================================
Beta loadings of asset class positions on asset class
=====================================================

Bond     -1.25
FX       -0.50
Vol      -0.04
OilGas   -0.02
Equity    0.08
Sector    0.24
Ags       0.24
dtype: float64


========================================================
Beta loadings of full portfolio positions on asset class
========================================================

Bond     -1.71
FX       -0.68
Vol      -0.13
OilGas    0.01
Equity    0.21
Sector    0.25
Ags       0.40
dtype: float64


==================================================================================================================================================================================================================================================================
                                                                                                                         Instrument risk                                                                                                                          
==================================================================================================================================================================================================================================================================

              daily_price_stdev  annual_price_stdev     price  daily_perc_stdev  annual_perc_stdev  point_size_base  contract_exposure  daily_risk_per_contract  annual_risk_per_contract  position  capital  exposure_held_perc_capital  annual_risk_perc_capital
US3                       0.199               3.180    103.71              0.19                3.1           1579.4             163795                      313                      5022        -2   358082                       -91.5                      -2.8
BUND                      0.730              11.681    132.36              0.55                8.8            856.3             113336                      625                     10002        -1   358082                       -31.7                      -2.8
CHF                       0.005               0.080      1.13              0.44                7.1          98712.8             111658                      493                      7895        -1   358082                       -31.2                      -2.2
VIX                       0.544               8.697     16.15              3.37               53.9            789.7              12753                      429                      6868        -1   358082                        -3.6                      -1.9
JPY                       0.000               0.001      0.01              0.58                9.3        9871278.5              67692                      395                      6323        -1   358082                       -18.9                      -1.8
BOBL                      0.344               5.505    115.86              0.30                4.8            856.3              99207                      294                      4714        -1   358082                       -27.7                      -1.3
GAS_US_mini               0.122               1.958      2.76              4.42               70.8           1974.3               5458                      241                      3864        -1   358082                        -1.5                      -1.1
DAX                     132.080            2113.286  15886.00              0.83               13.3              0.9              13602                      113                      1809        -2   358082                        -7.6                      -1.0
FTSECHINAA              148.973            2383.566  12684.00              1.17               18.8              0.8              10016                      117                      1882         1   358082                         2.8                       0.5
SOYBEAN_mini             18.458             295.331   1368.12              1.35               21.6              7.9              10804                      145                      2332         1   358082                         3.0                       0.7
MXP                       0.000               0.006      0.06              0.66               10.5         394851.1              23031                      151                      2419         1   358082                         6.4                       0.7
KOSDAQ                   27.913             446.605   1457.90              1.91               30.6              6.0               8762                      167                      2684         1   358082                         2.4                       0.7
EU-AUTO                   7.447             119.147    596.00              1.25               20.0             42.8              25516                      318                      5101         1   358082                         7.1                       1.4
NIKKEI                  322.639            5162.216  32765.00              0.98               15.8              0.5              17782                      175                      2801         2   358082                         9.9                       1.6
CNH                       0.020               0.328      7.27              0.28                4.5          10871.5              78982                      222                      3564         2   358082                        44.1                       2.0
EU-OIL                    3.800              60.807    351.40              1.08               17.3             42.8              15044                      162                      2603         4   358082                        16.8                       2.9
LIVECOW                   1.099              17.577    180.02              0.61                9.8            315.9              56866                      347                      5552         2   358082                        31.8                       3.1

Sum of abs(notional exposure % capital) 338.0
Sum of abs(annualised risk % capital) 28.5
Net sum of annualised risk % capital -1.3 

===================================================================================================================================================
                                                                   Correlations                                                                    
===================================================================================================================================================

               CNH   VIX  BOBL  BUND   CHF   JPY   US3  GAS_US_mini  LIVECOW   DAX  EU-AUTO  EU-OIL  FTSECHINAA  KOSDAQ   MXP  NIKKEI  SOYBEAN_mini
CNH           1.00  0.07 -0.39 -0.37 -0.66 -0.44 -0.50         0.20     0.08 -0.31    -0.22   -0.06       -0.48   -0.21 -0.11   -0.07         -0.23
VIX           0.07  1.00 -0.07 -0.13 -0.00  0.12  0.14        -0.22    -0.49 -0.56    -0.55   -0.33       -0.32   -0.37 -0.49   -0.61         -0.27
BOBL         -0.39 -0.07  1.00  0.98  0.35  0.36  0.69         0.02    -0.05  0.17    -0.06   -0.05        0.06    0.05  0.09    0.01         -0.05
BUND         -0.37 -0.13  0.98  1.00  0.39  0.33  0.65         0.07    -0.04  0.23     0.00   -0.03        0.07    0.08  0.14    0.07          0.01
CHF          -0.66 -0.00  0.35  0.39  1.00  0.55  0.61         0.04     0.04  0.29     0.16   -0.02        0.20    0.13  0.20    0.02          0.25
JPY          -0.44  0.12  0.36  0.33  0.55  1.00  0.53        -0.16     0.00  0.00    -0.03   -0.12       -0.02   -0.04  0.02   -0.33          0.13
US3          -0.50  0.14  0.69  0.65  0.61  0.53  1.00        -0.07    -0.02  0.05    -0.19   -0.14        0.10   -0.15  0.00   -0.15         -0.08
GAS_US_mini   0.20 -0.22  0.02  0.07  0.04 -0.16 -0.07         1.00     0.11  0.18     0.09    0.30        0.01   -0.08  0.22    0.21          0.12
LIVECOW       0.08 -0.49 -0.05 -0.04  0.04  0.00 -0.02         0.11     1.00  0.20     0.24    0.03       -0.07    0.02  0.33    0.24          0.09
DAX          -0.31 -0.56  0.17  0.23  0.29  0.00  0.05         0.18     0.20  1.00     0.84    0.48        0.32    0.42  0.47    0.71          0.24
EU-AUTO      -0.22 -0.55 -0.06  0.00  0.16 -0.03 -0.19         0.09     0.24  0.84     1.00    0.43        0.34    0.44  0.39    0.63          0.25
EU-OIL       -0.06 -0.33 -0.05 -0.03 -0.02 -0.12 -0.14         0.30     0.03  0.48     0.43    1.00        0.32    0.35  0.26    0.40          0.39
FTSECHINAA   -0.48 -0.32  0.06  0.07  0.20 -0.02  0.10         0.01    -0.07  0.32     0.34    0.32        1.00    0.31  0.22    0.36          0.24
KOSDAQ       -0.21 -0.37  0.05  0.08  0.13 -0.04 -0.15        -0.08     0.02  0.42     0.44    0.35        0.31    1.00  0.17    0.37          0.30
MXP          -0.11 -0.49  0.09  0.14  0.20  0.02  0.00         0.22     0.33  0.47     0.39    0.26        0.22    0.17  1.00    0.38          0.27
NIKKEI       -0.07 -0.61  0.01  0.07  0.02 -0.33 -0.15         0.21     0.24  0.71     0.63    0.40        0.36    0.37  0.38    1.00          0.20
SOYBEAN_mini -0.23 -0.27 -0.05  0.01  0.25  0.13 -0.08         0.12     0.09  0.24     0.25    0.39        0.24    0.30  0.27    0.20          1.00


********************************************************************************
                                 END OF REPORT                                  
********************************************************************************


