
********************************************************************************
                    Risk report produced on 07/11/2024 22:52                    
********************************************************************************


Total risk across all strategies, annualised percentage 11.1
Percentage of capital used for margin 68.6%

========================================
Risk per strategy, annualised percentage
========================================

                  risk
dynamic_TF_carry  11.1


===================
Risk by asset class
===================

Ags       2.4
Bond      2.7
Equity    6.3
FX        4.1
Metals    2.2
OilGas    2.6
Sector    1.6
Vol       1.3
dtype: float64


=====================================================
Beta loadings of asset class positions on asset class
=====================================================

FX       -0.49
Bond     -0.18
Sector   -0.08
OilGas   -0.07
Ags      -0.07
Vol      -0.02
Metals    0.09
Equity    0.40
dtype: float64


========================================================
Beta loadings of full portfolio positions on asset class
========================================================

Bond     -0.32
FX       -0.29
Vol      -0.14
Ags      -0.13
OilGas   -0.05
Sector    0.14
Metals    0.14
Equity    0.46
dtype: float64


===================================================================================================================================================================================================================================================================
                                                                                                                          Instrument risk                                                                                                                          
===================================================================================================================================================================================================================================================================

               daily_price_stdev  annual_price_stdev     price  daily_perc_stdev  annual_perc_stdev  point_size_base  contract_exposure  daily_risk_per_contract  annual_risk_per_contract  position  capital  exposure_held_perc_capital  annual_risk_perc_capital
BUXL                       1.225              19.602    130.22              0.94               15.1            831.3             108246                     1018                     16294        -1   595291                       -18.2                      -2.7
GAS-PEN                    0.096               1.535      2.75              3.48               55.7           7733.1              21297                      741                     11870        -1   595291                        -3.6                      -2.0
CHF                        0.006               0.093      1.15              0.50                8.0          96664.3             111246                      559                      8953        -1   595291                       -18.7                      -1.5
JPY                        0.000               0.001      0.01              0.80               12.8        9666430.8              63547                      506                      8106        -1   595291                       -10.7                      -1.4
VIX                        0.610               9.763     15.80              3.86               61.8            773.3              12218                      471                      7549        -1   595291                        -2.1                      -1.3
EU-BASIC                   8.711             139.378    571.30              1.52               24.4             41.6              23744                      362                      5792        -1   595291                        -4.0                      -1.0
COTTON2                    0.867              13.868     71.03              1.22               19.5            386.7              27464                      335                      5362        -1   595291                        -4.6                      -0.9
EU-AUTO                    7.827             125.233    546.60              1.43               22.9             41.6              22718                      325                      5205        -1   595291                        -3.8                      -0.9
SOYMEAL                    3.929              62.870    301.20              1.30               20.9             77.3              23292                      303                      4861        -1   595291                        -3.9                      -0.8
NZD                        0.004               0.062      0.60              0.65               10.3          77331.4              46634                      301                      4822        -1   595291                        -7.8                      -0.8
CRUDE_W_micro              1.470              23.522     71.72              2.05               32.8             77.3               5546                      113                      1819        -2   595291                        -1.9                      -0.6
CORN                       4.757              76.113    428.25              1.11               17.8             38.7              16558                      183                      2942        -1   595291                        -2.8                      -0.5
GAS_US_mini                0.089               1.422      2.95              3.01               48.2           1933.3               5703                      171                      2749        -1   595291                        -1.0                      -0.5
HANGENT_mini             163.658            2618.524   7482.00              2.19               35.0              1.0               7443                      162                      2605        -1   595291                        -1.3                      -0.4
MXP                        0.000               0.006      0.05              0.79               12.6         386657.2              19394                      152                      2447        -1   595291                        -3.3                      -0.4
MILLWHEAT                  2.508              40.134    226.00              1.11               17.8             41.6               9393                      104                      1668        -1   595291                        -1.6                      -0.3
CANOLA                     9.131             146.089    659.50              1.38               22.2             11.1               7346                      101                      1627        -1   595291                        -1.2                      -0.3
MUMMY                     13.174             210.786    613.00              2.15               34.4              5.0               3079                       66                      1059         1   595291                         0.5                       0.2
BITCOIN                 2071.051           33136.810  77795.00              2.66               42.6              0.1               6015                      160                      2562         1   595291                         1.0                       0.4
GOLD_micro                26.750             427.996   2714.20              0.99               15.8              7.7              20989                      206                      3309         1   595291                         3.5                       0.6
RUSSELL                   32.746             523.940   2401.00              1.36               21.8              3.9               9283                      126                      2025         2   595291                         3.1                       0.7
NIKKEI                   571.358            9141.729  39365.00              1.45               23.2              0.5              19777                      287                      4592         1   595291                         3.3                       0.8
MSCISING                   2.683              42.923    352.70              0.76               12.2             58.2              20537                      156                      2499         2   595291                         6.9                       0.8
YENEUR                     0.878              14.054    164.57              0.53                8.5            628.0             103351                      551                      8825         1   595291                        17.4                       1.5
PLAT                      16.030             256.476   1004.50              1.60               25.5             38.7              38839                      619                      9916         1   595291                         6.5                       1.7
LEANHOG                    1.179              18.863     81.40              1.45               23.2            309.3              25179                      364                      5834         2   595291                         8.5                       2.0
MSCITAIWAN                10.285             164.563    982.30              1.05               16.8             77.3              75962                      795                     12725         1   595291                        12.8                       2.1
MIB                      278.687            4458.995  33870.00              0.82               13.2              4.2             140773                     1158                     18532         1   595291                        23.6                       3.1

Sum of abs(notional exposure % capital) 177.6
Sum of abs(annualised risk % capital) 30.2
Net sum of annualised risk % capital -2.4 

==================================================================================================================================================================================================================================================================
                                                                                                                           Correlations                                                                                                                           
==================================================================================================================================================================================================================================================================

               BUXL   CHF   JPY   VIX  SOYMEAL  BITCOIN  EU-AUTO  EU-BASIC  HANGENT_mini   MIB  MSCISING  MSCITAIWAN  MUMMY   MXP  NIKKEI  RUSSELL  YENEUR  GOLD_micro   NZD  PLAT  CANOLA  CORN  COTTON2  CRUDE_W_micro  GAS-PEN  GAS_US_mini  LEANHOG  MILLWHEAT
BUXL           1.00  0.43  0.52  0.28     0.16    -0.10    -0.23     -0.09         -0.06 -0.32     -0.16       -0.21  -0.29  0.00   -0.42     0.00   -0.48        0.19  0.16  0.15   -0.30  0.06    -0.11          -0.22    -0.14        -0.16    -0.05      -0.13
CHF            0.43  1.00  0.73  0.46     0.19    -0.19    -0.18     -0.11          0.08 -0.36     -0.29       -0.50  -0.40 -0.26   -0.57    -0.13   -0.52        0.10  0.44  0.00   -0.17 -0.05    -0.21          -0.20    -0.01        -0.08     0.11      -0.19
JPY            0.52  0.73  1.00  0.43     0.27    -0.16    -0.35     -0.21         -0.06 -0.44     -0.29       -0.56  -0.49 -0.16   -0.71    -0.09   -0.88        0.18  0.33  0.08   -0.31 -0.03    -0.08          -0.27    -0.18        -0.24    -0.04      -0.14
VIX            0.28  0.46  0.43  1.00     0.13    -0.33    -0.45     -0.25         -0.08 -0.68     -0.66       -0.66  -0.71 -0.33   -0.71    -0.58   -0.53        0.01 -0.20 -0.16   -0.12  0.08    -0.14           0.01    -0.25        -0.27     0.07      -0.04
SOYMEAL        0.16  0.19  0.27  0.13     1.00    -0.14    -0.01      0.06          0.09  0.01     -0.14       -0.33  -0.29 -0.01   -0.30    -0.09   -0.22       -0.10  0.09 -0.04    0.27  0.43    -0.09          -0.27     0.08         0.09     0.04       0.23
BITCOIN       -0.10 -0.19 -0.16 -0.33    -0.14     1.00     0.23      0.17          0.07  0.29      0.29        0.27   0.35  0.08    0.32     0.46    0.21        0.30  0.08  0.15    0.07 -0.05     0.09           0.01     0.01         0.03     0.11      -0.01
EU-AUTO       -0.23 -0.18 -0.35 -0.45    -0.01     0.23     1.00      0.44          0.25  0.79      0.44        0.39   0.40  0.32    0.50     0.51    0.49       -0.02  0.29  0.09    0.18 -0.04     0.16          -0.03    -0.05        -0.03     0.08      -0.12
EU-BASIC      -0.09 -0.11 -0.21 -0.25     0.06     0.17     0.44      1.00          0.73  0.48      0.45        0.49   0.34  0.38    0.47     0.44    0.32        0.27  0.39  0.48    0.17  0.14     0.19           0.17     0.18         0.16     0.04       0.02
HANGENT_mini  -0.06  0.08 -0.06 -0.08     0.09     0.07     0.25      0.73          1.00  0.24      0.33        0.28   0.25  0.28    0.29     0.23    0.21        0.19  0.35  0.24    0.15  0.13     0.20           0.26     0.22         0.23     0.09      -0.02
MIB           -0.32 -0.36 -0.44 -0.68     0.01     0.29     0.79      0.48          0.24  1.00      0.55        0.50   0.53  0.39    0.65     0.61    0.55        0.02  0.21  0.19    0.34  0.00     0.20          -0.04     0.10         0.12     0.02       0.09
MSCISING      -0.16 -0.29 -0.29 -0.66    -0.14     0.29     0.44      0.45          0.33  0.55      1.00        0.62   0.68  0.40    0.64     0.61    0.40        0.16  0.25  0.28    0.01 -0.08     0.16           0.07     0.16         0.14     0.04      -0.10
MSCITAIWAN    -0.21 -0.50 -0.56 -0.66    -0.33     0.27     0.39      0.49          0.28  0.50      0.62        1.00   0.73  0.42    0.83     0.48    0.59        0.18  0.13  0.36    0.05 -0.03     0.32           0.30     0.12         0.13    -0.16      -0.03
MUMMY         -0.29 -0.40 -0.49 -0.71    -0.29     0.35     0.40      0.34          0.25  0.53      0.68        0.73   1.00  0.25    0.87     0.54    0.53        0.03  0.11  0.18    0.10 -0.08     0.21           0.25     0.16         0.15    -0.03      -0.15
MXP            0.00 -0.26 -0.16 -0.33    -0.01     0.08     0.32      0.38          0.28  0.39      0.40        0.42   0.25  1.00    0.40     0.39    0.32        0.25  0.08  0.42    0.02  0.12     0.28           0.28     0.26         0.25    -0.05       0.13
NIKKEI        -0.42 -0.57 -0.71 -0.71    -0.30     0.32     0.50      0.47          0.29  0.65      0.64        0.83   0.87  0.40    1.00     0.52    0.75        0.05  0.06  0.16    0.19 -0.07     0.25           0.32     0.22         0.22    -0.05      -0.03
RUSSELL        0.00 -0.13 -0.09 -0.58    -0.09     0.46     0.51      0.44          0.23  0.61      0.61        0.48   0.54  0.39    0.52     1.00    0.26        0.19  0.26  0.29    0.03 -0.03     0.21          -0.05    -0.00        -0.03     0.06      -0.08
YENEUR        -0.48 -0.52 -0.88 -0.53    -0.22     0.21     0.49      0.32          0.21  0.55      0.40        0.59   0.53  0.32    0.75     0.26    1.00       -0.08 -0.02  0.01    0.34 -0.02     0.08           0.24     0.24         0.28     0.10       0.08
GOLD_micro     0.19  0.10  0.18  0.01    -0.10     0.30    -0.02      0.27          0.19  0.02      0.16        0.18   0.03  0.25    0.05     0.19   -0.08        1.00  0.23  0.58   -0.08 -0.02     0.05           0.12     0.16         0.10     0.02      -0.06
NZD            0.16  0.44  0.33 -0.20     0.09     0.08     0.29      0.39          0.35  0.21      0.25        0.13   0.11  0.08    0.06     0.26   -0.02        0.23  1.00  0.23   -0.07 -0.07     0.12          -0.19     0.23         0.16     0.02      -0.10
PLAT           0.15  0.00  0.08 -0.16    -0.04     0.15     0.09      0.48          0.24  0.19      0.28        0.36   0.18  0.42    0.16     0.29    0.01        0.58  0.23  1.00   -0.08 -0.05     0.15           0.03     0.05         0.03    -0.13      -0.06
CANOLA        -0.30 -0.17 -0.31 -0.12     0.27     0.07     0.18      0.17          0.15  0.34      0.01        0.05   0.10  0.02    0.19     0.03    0.34       -0.08 -0.07 -0.08    1.00  0.34     0.05           0.15     0.12         0.15     0.30       0.41
CORN           0.06 -0.05 -0.03  0.08     0.43    -0.05    -0.04      0.14          0.13  0.00     -0.08       -0.03  -0.08  0.12   -0.07    -0.03   -0.02       -0.02 -0.07 -0.05    0.34  1.00     0.07           0.08     0.25         0.28     0.04       0.52
COTTON2       -0.11 -0.21 -0.08 -0.14    -0.09     0.09     0.16      0.19          0.20  0.20      0.16        0.32   0.21  0.28    0.25     0.21    0.08        0.05  0.12  0.15    0.05  0.07     1.00           0.36    -0.07        -0.02     0.01      -0.03
CRUDE_W_micro -0.22 -0.20 -0.27  0.01    -0.27     0.01    -0.03      0.17          0.26 -0.04      0.07        0.30   0.25  0.28    0.32    -0.05    0.24        0.12 -0.19  0.03    0.15  0.08     0.36           1.00     0.11         0.12     0.08       0.00
GAS-PEN       -0.14 -0.01 -0.18 -0.25     0.08     0.01    -0.05      0.18          0.22  0.10      0.16        0.12   0.16  0.26    0.22    -0.00    0.24        0.16  0.23  0.05    0.12  0.25    -0.07           0.11     1.00         0.96     0.06       0.12
GAS_US_mini   -0.16 -0.08 -0.24 -0.27     0.09     0.03    -0.03      0.16          0.23  0.12      0.14        0.13   0.15  0.25    0.22    -0.03    0.28        0.10  0.16  0.03    0.15  0.28    -0.02           0.12     0.96         1.00     0.08       0.13
LEANHOG       -0.05  0.11 -0.04  0.07     0.04     0.11     0.08      0.04          0.09  0.02      0.04       -0.16  -0.03 -0.05   -0.05     0.06    0.10        0.02  0.02 -0.13    0.30  0.04     0.01           0.08     0.06         0.08     1.00       0.10
MILLWHEAT     -0.13 -0.19 -0.14 -0.04     0.23    -0.01    -0.12      0.02         -0.02  0.09     -0.10       -0.03  -0.15  0.13   -0.03    -0.08    0.08       -0.06 -0.10 -0.06    0.41  0.52    -0.03           0.00     0.12         0.13     0.10       1.00


********************************************************************************
                                 END OF REPORT                                  
********************************************************************************


