
********************************************************************************
                    Risk report produced on 28/06/2024 22:52                    
********************************************************************************


Total risk across all strategies, annualised percentage 11.4
Percentage of capital used for margin 77.0%

========================================
Risk per strategy, annualised percentage
========================================

                  risk
dynamic_TF_carry  11.5


===================
Risk by asset class
===================

Ags       1.2
Bond      2.5
Equity    6.6
FX        3.6
Metals    1.8
OilGas    2.7
Vol       3.0
dtype: float64


=====================================================
Beta loadings of asset class positions on asset class
=====================================================

Bond     -0.34
Vol      -0.10
Metals   -0.06
Ags       0.05
OilGas    0.11
FX        0.13
Equity    0.59
dtype: float64


========================================================
Beta loadings of full portfolio positions on asset class
========================================================

Bond     -0.43
Vol      -0.27
Metals   -0.00
OilGas    0.14
Ags       0.17
FX        0.71
Equity    0.73
dtype: float64


===================================================================================================================================================================================================================================================================
                                                                                                                          Instrument risk                                                                                                                          
===================================================================================================================================================================================================================================================================

               daily_price_stdev  annual_price_stdev     price  daily_perc_stdev  annual_perc_stdev  point_size_base  contract_exposure  daily_risk_per_contract  annual_risk_per_contract  position  capital  exposure_held_perc_capital  annual_risk_perc_capital
VIX                        0.302               4.827     14.85              2.03               32.5            791.6              11755                      238                      3821        -5   657085                        -8.9                      -2.9
BUND                       0.617               9.869    131.63              0.47                7.5            846.3             111399                      522                      8352        -2   657085                       -33.9                      -2.5
EUROSTX                   41.883             670.124   4926.00              0.85               13.6              8.5              41689                      354                      5671        -2   657085                       -12.7                      -1.7
ALUMINIUM                 35.125             562.001   2463.75              1.43               22.8             19.8              48759                      695                     11122        -1   657085                        -7.4                      -1.7
JPY                        0.000               0.001      0.01              0.54                8.6        9895346.8              62266                      335                      5372        -2   657085                       -19.0                      -1.6
CHINAA-CON                15.915             254.645   1936.60              0.82               13.1             19.8              38326                      314                      5039        -1   657085                        -5.8                      -0.8
BITCOIN                 1657.908           26526.531  60805.00              2.73               43.6              0.1               4813                      131                      2099        -2   657085                        -1.5                      -0.6
CORN                       5.812              92.991    421.50              1.38               22.1             39.6              16683                      230                      3680        -1   657085                        -2.5                      -0.6
GAS_US_mini                0.110               1.758      2.60              4.23               67.8           1979.1               5135                      217                      3479        -1   657085                        -0.8                      -0.5
FTSECHINAA                99.811            1596.984  11954.00              0.83               13.4              0.8               9463                       79                      1264        -2   657085                        -2.9                      -0.4
DAX                      139.499            2231.985  18402.00              0.76               12.1              0.8              15573                      118                      1888        -1   657085                        -2.4                      -0.3
KOSDAQ                    17.185             274.955   1368.50              1.26               20.1              5.7               7817                       98                      1570        -1   657085                        -1.2                      -0.2
RUSSELL                   20.943             335.091   2058.10              1.02               16.3              4.0               8146                       82                      1326        -1   657085                        -1.2                      -0.2
V2X                        0.370               5.913     16.95              2.18               34.9             84.6               1434                       31                       500        -2   657085                        -0.4                      -0.2
CRUDE_W_micro              1.207              19.307     79.51              1.52               24.3             79.2               6294                       95                      1528         0   657085                         0.0                       0.0
MSCISING                   1.893              30.295    316.65              0.60                9.6             58.3              18456                      110                      1765         1   657085                         2.8                       0.3
SP500_micro               34.594             553.511   5432.50              0.63               10.1              4.0              21502                      136                      2190         1   657085                         3.3                       0.3
NASDAQ_micro             164.474            2631.585  19997.75              0.82               13.2              1.6              31661                      260                      4166         1   657085                         4.8                       0.6
TOPIX                     22.828             365.242   2815.50              0.81               13.0              4.9              13845                      112                      1796         3   657085                         6.3                       0.8
LIVECOW                    1.343              21.494    184.62              0.73               11.6            316.7              58461                      425                      6805         1   657085                         8.9                       1.0
DOW                      244.257            3908.113  39361.00              0.62                9.9              0.4              15579                       96                      1546         5   657085                        11.9                       1.2
NIKKEI                   342.440            5479.048  39620.00              0.86               13.8              0.5              19483                      168                      2694         3   657085                         8.9                       1.2
FTSETAIWAN                16.321             261.141   1935.50              0.84               13.5             31.7              61287                      516                      8269         1   657085                         9.3                       1.3
YENEUR                     0.761              12.177    170.88              0.45                7.1            614.7             105041                      467                      7485         2   657085                        32.0                       2.3
AEX                        5.636              90.178    924.85              0.61                9.8            169.3             156541                      953                     15263         1   657085                        23.8                       2.3
GASOILINE                  0.034               0.538      2.28              1.47               23.6          33248.4              75839                     1118                     17896         1   657085                        11.5                       2.7
MIB                      340.856            5453.689  33340.00              1.02               16.4              4.2             141079                     1442                     23077         1   657085                        21.5                       3.5

Sum of abs(notional exposure % capital) 245.6
Sum of abs(annualised risk % capital) 31.7
Net sum of annualised risk % capital 3.3 

=================================================================================================================================================================================================================================================================
                                                                                                                          Correlations                                                                                                                           
=================================================================================================================================================================================================================================================================

                V2X   VIX  GAS_US_mini  YENEUR  ALUMINIUM  CHINAA-CON  CORN  CRUDE_W_micro  FTSECHINAA  GASOILINE  LIVECOW  BITCOIN  BUND   JPY   AEX   DAX   DOW  EUROSTX  FTSETAIWAN  KOSDAQ   MIB  MSCISING  NASDAQ_micro  NIKKEI  RUSSELL  SP500_micro  TOPIX
V2X            1.00  0.80        -0.17   -0.23      -0.00       -0.12 -0.09           0.02       -0.13      -0.04    -0.06    -0.11  0.07 -0.10 -0.61 -0.76 -0.58    -0.74       -0.28   -0.32 -0.69     -0.30         -0.44   -0.42    -0.59        -0.59  -0.41
VIX            0.80  1.00        -0.15   -0.22       0.07       -0.24 -0.08           0.09       -0.22       0.01    -0.13    -0.12  0.06 -0.14 -0.49 -0.64 -0.64    -0.64       -0.29   -0.34 -0.59     -0.30         -0.56   -0.38    -0.60        -0.70  -0.43
GAS_US_mini   -0.17 -0.15         1.00    0.20      -0.17        0.10  0.10           0.17        0.08       0.08     0.17     0.01 -0.03 -0.10  0.02 -0.00  0.17    -0.01       -0.01   -0.15  0.02      0.09          0.12    0.20     0.05         0.16   0.22
YENEUR        -0.23 -0.22         0.20    1.00       0.02        0.14  0.00          -0.00        0.15       0.02     0.08    -0.10 -0.31 -0.67  0.02  0.06  0.03     0.05       -0.01    0.09  0.20      0.01          0.05    0.45     0.03         0.09   0.44
ALUMINIUM     -0.00  0.07        -0.17    0.02       1.00        0.18  0.15           0.17        0.26       0.14     0.03    -0.02 -0.02  0.12 -0.03  0.02 -0.13     0.04        0.11   -0.12  0.07      0.19         -0.13   -0.05     0.06        -0.10  -0.04
CHINAA-CON    -0.12 -0.24         0.10    0.14       0.18        1.00  0.05           0.17        0.94       0.22     0.33    -0.06 -0.04  0.08  0.25  0.12  0.27     0.16        0.39    0.16  0.14      0.39          0.28    0.12     0.19         0.32   0.13
CORN          -0.09 -0.08         0.10    0.00       0.15        0.05  1.00           0.19        0.03       0.16     0.03     0.15  0.01  0.14  0.03  0.09  0.13     0.03        0.22    0.09  0.00      0.17          0.13    0.00     0.10         0.14  -0.02
CRUDE_W_micro  0.02  0.09         0.17   -0.00       0.17        0.17  0.19           1.00        0.13       0.91     0.40    -0.04 -0.23 -0.01  0.07 -0.05  0.08    -0.05        0.25   -0.01  0.04      0.20          0.01    0.17     0.13         0.07   0.17
FTSECHINAA    -0.13 -0.22         0.08    0.15       0.26        0.94  0.03           0.13        1.00       0.17     0.28    -0.15 -0.08  0.03  0.23  0.09  0.18     0.13        0.29    0.09  0.11      0.39          0.19    0.13     0.14         0.23   0.18
GASOILINE     -0.04  0.01         0.08    0.02       0.14        0.22  0.16           0.91        0.17       1.00     0.43    -0.02 -0.14  0.02  0.14  0.03  0.20     0.06        0.26    0.03  0.14      0.18          0.07    0.20     0.21         0.16   0.19
LIVECOW       -0.06 -0.13         0.17    0.08       0.03        0.33  0.03           0.40        0.28       0.43     1.00    -0.19 -0.11 -0.00  0.06 -0.04  0.20     0.03        0.14   -0.08  0.11      0.09          0.24    0.09     0.14         0.23   0.09
BITCOIN       -0.11 -0.12         0.01   -0.10      -0.02       -0.06  0.15          -0.04       -0.15      -0.02    -0.19     1.00  0.16  0.21  0.21  0.28  0.22     0.30        0.19    0.13  0.22      0.04          0.08    0.03     0.28         0.18  -0.05
BUND           0.07  0.06        -0.03   -0.31      -0.02       -0.04  0.01          -0.23       -0.08      -0.14    -0.11     0.16  1.00  0.39  0.28  0.21  0.32     0.24        0.28    0.11  0.05      0.09          0.26   -0.06     0.20         0.25  -0.10
JPY           -0.10 -0.14        -0.10   -0.67       0.12        0.08  0.14          -0.01        0.03       0.02    -0.00     0.21  0.39  1.00  0.21  0.27  0.31     0.28        0.20    0.11  0.15      0.20          0.30   -0.32     0.27         0.31  -0.32
AEX           -0.61 -0.49         0.02    0.02      -0.03        0.25  0.03           0.07        0.23       0.14     0.06     0.21  0.28  0.21  1.00  0.77  0.65     0.82        0.53    0.34  0.64      0.40          0.58    0.43     0.68         0.70   0.35
DAX           -0.76 -0.64        -0.00    0.06       0.02        0.12  0.09          -0.05        0.09       0.03    -0.04     0.28  0.21  0.27  0.77  1.00  0.70     0.96        0.34    0.39  0.85      0.29          0.50    0.39     0.71         0.68   0.34
DOW           -0.58 -0.64         0.17    0.03      -0.13        0.27  0.13           0.08        0.18       0.20     0.20     0.22  0.32  0.31  0.65  0.70  1.00     0.72        0.44    0.47  0.66      0.36          0.67    0.36     0.76         0.86   0.34
EUROSTX       -0.74 -0.64        -0.01    0.05       0.04        0.16  0.03          -0.05        0.13       0.06     0.03     0.30  0.24  0.28  0.82  0.96  0.72     1.00        0.33    0.38  0.86      0.29          0.49    0.38     0.71         0.69   0.33
FTSETAIWAN    -0.28 -0.29        -0.01   -0.01       0.11        0.39  0.22           0.25        0.29       0.26     0.14     0.19  0.28  0.20  0.53  0.34  0.44     0.33        1.00    0.33  0.22      0.50          0.57    0.28     0.46         0.54   0.20
KOSDAQ        -0.32 -0.34        -0.15    0.09      -0.12        0.16  0.09          -0.01        0.09       0.03    -0.08     0.13  0.11  0.11  0.34  0.39  0.47     0.38        0.33    1.00  0.42      0.43          0.36    0.32     0.48         0.47   0.27
MIB           -0.69 -0.59         0.02    0.20       0.07        0.14  0.00           0.04        0.11       0.14     0.11     0.22  0.05  0.15  0.64  0.85  0.66     0.86        0.22    0.42  1.00      0.38          0.34    0.48     0.68         0.59   0.47
MSCISING      -0.30 -0.30         0.09    0.01       0.19        0.39  0.17           0.20        0.39       0.18     0.09     0.04  0.09  0.20  0.40  0.29  0.36     0.29        0.50    0.43  0.38      1.00          0.27    0.32     0.37         0.36   0.35
NASDAQ_micro  -0.44 -0.56         0.12    0.05      -0.13        0.28  0.13           0.01        0.19       0.07     0.24     0.08  0.26  0.30  0.58  0.50  0.67     0.49        0.57    0.36  0.34      0.27          1.00    0.41     0.62         0.92   0.30
NIKKEI        -0.42 -0.38         0.20    0.45      -0.05        0.12  0.00           0.17        0.13       0.20     0.09     0.03 -0.06 -0.32  0.43  0.39  0.36     0.38        0.28    0.32  0.48      0.32          0.41    1.00     0.47         0.47   0.93
RUSSELL       -0.59 -0.60         0.05    0.03       0.06        0.19  0.10           0.13        0.14       0.21     0.14     0.28  0.20  0.27  0.68  0.71  0.76     0.71        0.46    0.48  0.68      0.37          0.62    0.47     1.00         0.78   0.42
SP500_micro   -0.59 -0.70         0.16    0.09      -0.10        0.32  0.14           0.07        0.23       0.16     0.23     0.18  0.25  0.31  0.70  0.68  0.86     0.69        0.54    0.47  0.59      0.36          0.92    0.47     0.78         1.00   0.40
TOPIX         -0.41 -0.43         0.22    0.44      -0.04        0.13 -0.02           0.17        0.18       0.19     0.09    -0.05 -0.10 -0.32  0.35  0.34  0.34     0.33        0.20    0.27  0.47      0.35          0.30    0.93     0.42         0.40   1.00


********************************************************************************
                                 END OF REPORT                                  
********************************************************************************


