
********************************************************************************
                    Risk report produced on 15/01/2024 22:50                    
********************************************************************************


Total risk across all strategies, annualised percentage 8.8
Percentage of capital used for margin 59.2%

========================================
Risk per strategy, annualised percentage
========================================

                  risk
dynamic_TF_carry   8.8


===================
Risk by asset class
===================

Ags       1.8
Bond      2.2
Equity    5.3
FX        4.2
Metals    2.0
OilGas    1.2
Vol       1.5
dtype: float64


=====================================================
Beta loadings of asset class positions on asset class
=====================================================

FX       -0.26
Ags      -0.07
Vol      -0.03
OilGas   -0.02
Metals    0.05
Bond      0.21
Equity    0.45
dtype: float64


========================================================
Beta loadings of full portfolio positions on asset class
========================================================

Bond     -0.15
Vol      -0.15
FX       -0.14
Ags       0.01
OilGas    0.01
Metals    0.03
Equity    0.69
dtype: float64


==================================================================================================================================================================================================================================================================
                                                                                                                         Instrument risk                                                                                                                          
==================================================================================================================================================================================================================================================================

              daily_price_stdev  annual_price_stdev     price  daily_perc_stdev  annual_perc_stdev  point_size_base  contract_exposure  daily_risk_per_contract  annual_risk_per_contract  position  capital  exposure_held_perc_capital  annual_risk_perc_capital
JPY                       0.000               0.001      0.01              0.67               10.7        9809692.0              67956                      455                      7283        -2   365930                       -37.1                      -4.0
LEANHOG                   1.280              20.474     78.58              1.63               26.1            313.9              24665                      401                      6427        -1   365930                        -6.7                      -1.8
VIX                       0.435               6.964     14.55              2.99               47.9            784.8              11418                      341                      5465        -1   365930                        -3.1                      -1.5
BOBL                      0.333               5.334    118.20              0.28                4.5            860.0             101647                      286                      4586        -1   365930                       -27.8                      -1.3
GAS_US_mini               0.136               2.178      3.34              4.08               65.3           1961.9               6543                      267                      4273        -1   365930                        -1.8                      -1.2
GOLD_micro               15.997             255.946   2073.20              0.77               12.3              7.8              16269                      125                      2008        -2   365930                        -8.9                      -1.1
RUSSELL                  26.395             422.322   1962.30              1.35               21.5              3.9               7699                      103                      1657        -2   365930                        -4.2                      -0.9
EUR_micro                 0.005               0.075      1.10              0.43                6.9           9809.7              10768                       46                       738        -2   365930                        -5.9                      -0.4
FTSECHINAA              114.526            1832.418  11015.00              1.04               16.6              0.8               8644                       89                      1438        -1   365930                        -2.4                      -0.4
COPPER-micro              0.045               0.720      3.74              1.20               19.3           1961.9               7328                       88                      1411        -1   365930                        -2.0                      -0.4
MXP                       0.000               0.005      0.06              0.57                9.0         392387.7              22989                      129                      2079         2   365930                        12.6                       1.1
BITCOIN                1294.730           20715.679  43050.00              3.01               48.1              0.1               3378                      101                      1625         3   365930                         2.8                       1.3
IRON                      2.140              34.236    127.45              1.68               26.9             78.5              10001                      167                      2686         2   365930                         5.5                       1.5
FTSETAIWAN               10.751             172.010   1513.50              0.71               11.4             31.4              47510                      337                      5399         1   365930                        13.0                       1.5
NIKKEI                  327.865            5245.843  35945.00              0.91               14.6              0.5              19397                      176                      2830         2   365930                        10.6                       1.5
CAC                      55.893             894.280   7413.00              0.75               12.1              8.6              63749                      480                      7690         1   365930                        17.4                       2.1
R1000                    12.523             200.361   1626.80              0.77               12.3             39.2              63833                      491                      7861         1   365930                        17.4                       2.1
KR10                      0.502               8.034    114.35              0.44                7.0            594.1              67932                      298                      4772         2   365930                        37.1                       2.6

Sum of abs(notional exposure % capital) 216.3
Sum of abs(annualised risk % capital) 26.7
Net sum of annualised risk % capital 0.7 

==========================================================================================================================================================================
                                                                               Correlations                                                                               
==========================================================================================================================================================================

              BOBL  GOLD_micro   JPY  KR10  BITCOIN  GAS_US_mini  LEANHOG   CAC  FTSETAIWAN   MXP  NIKKEI  R1000  RUSSELL  COPPER-micro  EUR_micro  FTSECHINAA  IRON   VIX
BOBL          1.00        0.32  0.38  0.54     0.14        -0.14    -0.04  0.17        0.09 -0.05   -0.13   0.09     0.09          0.10       0.14       -0.04  0.13  0.18
GOLD_micro    0.32        1.00  0.49  0.17     0.15        -0.07    -0.02  0.12        0.16  0.10    0.06   0.18     0.09          0.43       0.51        0.14  0.22  0.01
JPY           0.38        0.49  1.00  0.21     0.04        -0.21    -0.16  0.12        0.12  0.07   -0.31   0.17     0.17          0.38       0.51        0.02  0.18 -0.05
KR10          0.54        0.17  0.21  1.00     0.16        -0.03     0.12  0.32        0.37  0.16    0.17   0.28     0.24          0.11       0.32        0.01  0.14 -0.11
BITCOIN       0.14        0.15  0.04  0.16     1.00         0.09     0.02  0.26        0.09  0.07    0.06   0.23     0.23          0.10       0.21       -0.11  0.04 -0.12
GAS_US_mini  -0.14       -0.07 -0.21 -0.03     0.09         1.00     0.23  0.09        0.12  0.09    0.27   0.17     0.11         -0.03       0.11        0.22 -0.10 -0.20
LEANHOG      -0.04       -0.02 -0.16  0.12     0.02         0.23     1.00  0.33        0.15  0.29    0.40   0.26     0.25          0.05       0.19        0.06  0.00 -0.28
CAC           0.17        0.12  0.12  0.32     0.26         0.09     0.33  1.00        0.56  0.57    0.51   0.75     0.68          0.35       0.41        0.13  0.18 -0.56
FTSETAIWAN    0.09        0.16  0.12  0.37     0.09         0.12     0.15  0.56        1.00  0.41    0.53   0.59     0.60          0.45       0.43        0.32  0.21 -0.42
MXP          -0.05        0.10  0.07  0.16     0.07         0.09     0.29  0.57        0.41  1.00    0.39   0.49     0.44          0.46       0.43        0.14  0.25 -0.59
NIKKEI       -0.13        0.06 -0.31  0.17     0.06         0.27     0.40  0.51        0.53  0.39    1.00   0.56     0.52          0.25       0.20        0.27  0.08 -0.54
R1000         0.09        0.18  0.17  0.28     0.23         0.17     0.26  0.75        0.59  0.49    0.56   1.00     0.87          0.51       0.45        0.28  0.32 -0.66
RUSSELL       0.09        0.09  0.17  0.24     0.23         0.11     0.25  0.68        0.60  0.44    0.52   0.87     1.00          0.46       0.38        0.19  0.27 -0.58
COPPER-micro  0.10        0.43  0.38  0.11     0.10        -0.03     0.05  0.35        0.45  0.46    0.25   0.51     0.46          1.00       0.50        0.32  0.53 -0.33
EUR_micro     0.14        0.51  0.51  0.32     0.21         0.11     0.19  0.41        0.43  0.43    0.20   0.45     0.38          0.50       1.00        0.19  0.08 -0.37
FTSECHINAA   -0.04        0.14  0.02  0.01    -0.11         0.22     0.06  0.13        0.32  0.14    0.27   0.28     0.19          0.32       0.19        1.00  0.23 -0.23
IRON          0.13        0.22  0.18  0.14     0.04        -0.10     0.00  0.18        0.21  0.25    0.08   0.32     0.27          0.53       0.08        0.23  1.00 -0.17
VIX           0.18        0.01 -0.05 -0.11    -0.12        -0.20    -0.28 -0.56       -0.42 -0.59   -0.54  -0.66    -0.58         -0.33      -0.37       -0.23 -0.17  1.00


********************************************************************************
                                 END OF REPORT                                  
********************************************************************************


