
********************************************************************************
           Risk report report produced on 2023-02-09 23:01:59.450038            
********************************************************************************


Total risk across all strategies, annualised percentage 8.1
Percentage of capital used for margin 24.1%

========================================
Risk per strategy, annualised percentage
========================================

                  risk
dynamic_TF_carry   8.1


===================
Risk by asset class
===================

Ags       2.2
Bond      2.9
Equity    3.9
FX        0.7
Metals    1.0
OilGas    1.8
Sector    3.3
Vol       2.1
dtype: float64


============================
Beta loadings by asset class
============================

Bond     -0.54
Ags      -0.08
Vol      -0.05
OilGas   -0.01
Metals    0.03
FX        0.04
Sector    0.17
Equity    0.28
dtype: float64


=================================================================================================================================================================================================================================================================
                                                                                                                         Instrument risk                                                                                                                         
=================================================================================================================================================================================================================================================================

             daily_price_stdev  annual_price_stdev     price  daily_perc_stdev  annual_perc_stdev  point_size_base  contract_exposure  daily_risk_per_contract  annual_risk_per_contract  position  capital  exposure_held_perc_capital  annual_risk_perc_capital
LEANHOG                  1.498              23.961     83.18              1.80               28.8            330.6              27494                      495                      7920        -1   357505                        -7.7                      -2.2
VIX                      0.577               9.237     21.75              2.65               42.5            826.4              17974                      477                      7633        -1   357505                        -5.0                      -2.1
GAS_US_mini              0.195               3.112      2.51              7.75              124.0           2066.0               5185                      401                      6430        -1   357505                        -1.5                      -1.8
BOBL                     0.435               6.964    117.18              0.37                5.9            887.0             103942                      386                      6177        -1   357505                       -29.1                      -1.7
US5                      0.374               5.984    108.16              0.35                5.5            826.4              89388                      309                      4945        -1   357505                       -25.0                      -1.4
KOSDAQ                  15.568             249.094   1110.20              1.40               22.4              6.5               7266                      101                      1630        -1   357505                        -2.0                      -0.5
DOW                    297.846            4765.538  33679.00              0.88               14.1              0.4              13916                      123                      1969         1   357505                         3.9                       0.6
FTSECHINAA             168.735            2699.765  13655.00              1.24               19.8              0.8              11284                      139                      2231         1   357505                         3.2                       0.6
BRE                      0.002               0.030      0.19              0.99               15.8          82641.2              15615                      154                      2468         1   357505                         4.4                       0.7
IRON                     2.674              42.790    122.85              2.18               34.8             82.6              10152                      221                      3536         1   357505                         2.8                       1.0
RUSSELL                 27.324             437.181   1923.00              1.42               22.7              4.1               7945                      112                      1806         2   357505                         4.4                       1.0
EU-BASIC                 8.642             138.275    652.10              1.33               21.2             44.4              28921                      383                      6132         1   357505                         8.1                       1.7
EU-OIL                   4.746              75.944    358.40              1.32               21.2             44.4              15895                      210                      3368         2   357505                         8.9                       1.9
CAC                     63.560            1016.966   7193.00              0.88               14.1              8.9              63804                      563                      9020         1   357505                        17.8                       2.5

Sum of abs(notional exposure % capital) 123.8
Sum of abs(annualised risk % capital) 19.7
Net sum of annualised risk % capital 0.3 

==========================================================================================================================
                                                       Correlations                                                       
==========================================================================================================================

              BRE   CAC   DOW  EU-BASIC  EU-OIL  KOSDAQ  RUSSELL  BOBL   US5  FTSECHINAA  GAS_US_mini  IRON  LEANHOG   VIX
BRE          1.00  0.31  0.32      0.47    0.46    0.12     0.38  0.13  0.10        0.14         0.04  0.04     0.14 -0.45
CAC          0.31  1.00  0.86      0.65    0.51    0.46     0.83  0.38  0.26        0.26         0.28  0.07     0.17 -0.74
DOW          0.32  0.86  1.00      0.59    0.52    0.42     0.87  0.42  0.31        0.17         0.34  0.03     0.25 -0.76
EU-BASIC     0.47  0.65  0.59      1.00    0.72    0.34     0.58  0.21  0.14        0.38         0.36  0.44     0.05 -0.52
EU-OIL       0.46  0.51  0.52      0.72    1.00    0.21     0.50  0.17  0.01        0.19         0.38  0.12    -0.01 -0.43
KOSDAQ       0.12  0.46  0.42      0.34    0.21    1.00     0.51  0.15  0.13        0.28         0.00  0.16     0.17 -0.32
RUSSELL      0.38  0.83  0.87      0.58    0.50    0.51     1.00  0.44  0.32        0.28         0.25  0.08     0.17 -0.72
BOBL         0.13  0.38  0.42      0.21    0.17    0.15     0.44  1.00  0.76        0.10         0.11 -0.03    -0.06 -0.26
US5          0.10  0.26  0.31      0.14    0.01    0.13     0.32  0.76  1.00        0.22         0.04  0.11     0.07 -0.18
FTSECHINAA   0.14  0.26  0.17      0.38    0.19    0.28     0.28  0.10  0.22        1.00         0.00  0.36    -0.12 -0.32
GAS_US_mini  0.04  0.28  0.34      0.36    0.38    0.00     0.25  0.11  0.04        0.00         1.00  0.05    -0.03 -0.22
IRON         0.04  0.07  0.03      0.44    0.12    0.16     0.08 -0.03  0.11        0.36         0.05  1.00     0.00 -0.02
LEANHOG      0.14  0.17  0.25      0.05   -0.01    0.17     0.17 -0.06  0.07       -0.12        -0.03  0.00     1.00 -0.07
VIX         -0.45 -0.74 -0.76     -0.52   -0.43   -0.32    -0.72 -0.26 -0.18       -0.32        -0.22 -0.02    -0.07  1.00


********************************************************************************
                                 END OF REPORT                                  
********************************************************************************


