
********************************************************************************
                    Risk report produced on 20/06/2023 22:52                    
********************************************************************************


Total risk across all strategies, annualised percentage 13.2
Percentage of capital used for margin 65.2%

========================================
Risk per strategy, annualised percentage
========================================

                  risk
dynamic_TF_carry  13.3


===================
Risk by asset class
===================

Ags       3.7
Bond      1.7
Equity    4.2
FX        5.2
Metals    0.3
OilGas    6.1
Sector    3.0
Vol       2.7
dtype: float64


=====================================================
Beta loadings of asset class positions on asset class
=====================================================

Bond     -0.47
FX       -0.26
OilGas   -0.08
Vol      -0.06
Metals    0.01
Ags       0.02
Sector    0.17
Equity    0.25
dtype: float64


========================================================
Beta loadings of full portfolio positions on asset class
========================================================

Bond     -1.47
Vol      -0.20
OilGas   -0.02
Metals   -0.01
FX        0.07
Ags       0.16
Sector    0.32
Equity    0.36
dtype: float64


=================================================================================================================================================================================================================================================================
                                                                                                                         Instrument risk                                                                                                                         
=================================================================================================================================================================================================================================================================

             daily_price_stdev  annual_price_stdev     price  daily_perc_stdev  annual_perc_stdev  point_size_base  contract_exposure  daily_risk_per_contract  annual_risk_per_contract  position  capital  exposure_held_perc_capital  annual_risk_perc_capital
GAS-PEN                  0.141               2.263      2.72              5.20               83.2           7823.8              21288                     1106                     17707        -1   350084                        -6.1                      -5.1
CHF                      0.006               0.089      1.12              0.49                7.9          97797.6             109919                      541                      8656        -1   350084                       -31.4                      -2.5
LEANHOG                  1.584              25.345     95.55              1.66               26.5            313.0              29902                      495                      7931        -1   350084                        -8.5                      -2.3
JPY                      0.000               0.001      0.01              0.59                9.4        9779759.8              70120                      410                      6565        -1   350084                       -20.0                      -1.9
VIX                      0.518               8.288     17.90              2.89               46.3            782.4              14004                      405                      6484        -1   350084                        -4.0                      -1.9
US3                      0.235               3.761    104.68              0.22                3.6           1564.8             163798                      367                      5885        -1   350084                       -46.8                      -1.7
GAS_US_mini              0.131               2.100      2.58              5.08               81.2           1956.0               5056                      256                      4108        -1   350084                        -1.4                      -1.2
DOW                    276.643            4426.290  34373.00              0.80               12.9              0.4              13446                      108                      1731        -2   350084                        -7.7                      -1.0
V2X                      0.586               9.380     16.80              3.49               55.8             85.5               1436                       50                       801        -4   350084                        -1.6                      -0.9
RUSSELL                 26.149             418.382   1885.70              1.39               22.2              3.9               7376                      102                      1636        -1   350084                        -2.1                      -0.5
REDWHEAT                18.032             288.507    835.75              2.16               34.5             39.1              32693                      705                     11286         0   350084                         0.0                       0.0
EU-BANKS                 1.439              23.031    104.45              1.38               22.0             42.7               4464                       61                       984         1   350084                         1.3                       0.3
BITCOIN                972.073           15553.173  28295.00              3.44               55.0              0.1               2213                       76                      1216         1   350084                         0.6                       0.3
MXP                      0.000               0.005      0.06              0.53                8.4         391190.4              22329                      117                      1885         1   350084                         6.4                       0.5
BRE                      0.002               0.025      0.21              0.74               11.8          78238.1              16304                      120                      1930         1   350084                         4.7                       0.6
GBP                      0.007               0.104      1.28              0.51                8.2          48898.8              62429                      319                      5104         1   350084                        17.8                       1.5
EU-AUTO                  8.183             130.922    637.00              1.28               20.6             42.7              27226                      349                      5595         1   350084                         7.8                       1.6
EU-OIL                   4.218              67.485    332.50              1.27               20.3             42.7              14211                      180                      2884         2   350084                         8.1                       1.6
NIKKEI                 339.530            5432.487  33190.00              1.02               16.4              0.6              18282                      187                      2992         2   350084                        10.4                       1.7
FTSETAIWAN              12.931             206.889   1487.75              0.87               13.9             31.3              46559                      404                      6474         1   350084                        13.3                       1.8
CAC                     63.315            1013.033   7383.00              0.86               13.7              8.5              63112                      541                      8659         1   350084                        18.0                       2.5
CNH                      0.020               0.314      7.17              0.27                4.4          10896.1              78078                      213                      3422         3   350084                        66.9                       2.9
LIVECOW                  1.313              21.013    169.68              0.77               12.4            313.0              53100                      411                      6576         2   350084                        30.3                       3.8

Sum of abs(notional exposure % capital) 315.2
Sum of abs(annualised risk % capital) 38.1
Net sum of annualised risk % capital 0.1 

================================================================================================================================================================================================
                                                                                          Correlations                                                                                          
================================================================================================================================================================================================

              CAC   DOW  EU-AUTO  EU-BANKS  EU-OIL  FTSETAIWAN   MXP  NIKKEI  RUSSELL  BITCOIN   BRE   CHF  GAS-PEN  GAS_US_mini   GBP  LEANHOG  LIVECOW   CNH  REDWHEAT   V2X   VIX   JPY   US3
CAC          1.00  0.78     0.68      0.70    0.56        0.53  0.48    0.66     0.70     0.30  0.32  0.33     0.25         0.23  0.47     0.23     0.35 -0.26     -0.10 -0.63 -0.64  0.05 -0.10
DOW          0.78  1.00     0.52      0.51    0.49        0.56  0.44    0.63     0.82     0.44  0.24  0.30     0.27         0.24  0.48     0.16     0.43 -0.24     -0.01 -0.60 -0.69  0.03 -0.04
EU-AUTO      0.68  0.52     1.00      0.77    0.49        0.49  0.56    0.58     0.57     0.05  0.28  0.13     0.13         0.19  0.18     0.16     0.36 -0.04     -0.09 -0.67 -0.64 -0.13 -0.37
EU-BANKS     0.70  0.51     0.77      1.00    0.57        0.43  0.60    0.57     0.58     0.05  0.37  0.18     0.20         0.20  0.18     0.20     0.41 -0.09     -0.09 -0.74 -0.72 -0.10 -0.46
EU-OIL       0.56  0.49     0.49      0.57    1.00        0.46  0.54    0.54     0.55     0.14  0.47  0.03     0.26         0.32  0.16     0.00     0.31 -0.11      0.11 -0.56 -0.52 -0.12 -0.28
FTSETAIWAN   0.53  0.56     0.49      0.43    0.46        1.00  0.47    0.66     0.55     0.23  0.34  0.27     0.20         0.26  0.45     0.03     0.23 -0.32      0.07 -0.54 -0.51  0.08 -0.09
MXP          0.48  0.44     0.56      0.60    0.54        0.47  1.00    0.54     0.52     0.14  0.46  0.14     0.07         0.09  0.23     0.04     0.29 -0.03      0.15 -0.67 -0.71 -0.13 -0.33
NIKKEI       0.66  0.63     0.58      0.57    0.54        0.66  0.54    1.00     0.62     0.19  0.31  0.11     0.31         0.31  0.33     0.13     0.28 -0.03     -0.07 -0.70 -0.71 -0.27 -0.35
RUSSELL      0.70  0.82     0.57      0.58    0.55        0.55  0.52    0.62     1.00     0.46  0.28  0.18     0.32         0.30  0.33     0.17     0.49 -0.26      0.11 -0.64 -0.74 -0.04 -0.22
BITCOIN      0.30  0.44     0.05      0.05    0.14        0.23  0.14    0.19     0.46     1.00  0.03  0.27     0.00         0.04  0.43    -0.12     0.14 -0.19      0.09 -0.10 -0.25  0.22  0.18
BRE          0.32  0.24     0.28      0.37    0.47        0.34  0.46    0.31     0.28     0.03  1.00  0.11    -0.04         0.01  0.19     0.12     0.23 -0.17      0.02 -0.40 -0.38 -0.01 -0.07
CHF          0.33  0.30     0.13      0.18    0.03        0.27  0.14    0.11     0.18     0.27  0.11  1.00     0.03         0.01  0.68     0.14    -0.03 -0.52     -0.03 -0.20 -0.11  0.63  0.54
GAS-PEN      0.25  0.27     0.13      0.20    0.26        0.20  0.07    0.31     0.32     0.00 -0.04  0.03     1.00         0.82  0.14     0.05     0.17  0.03     -0.09 -0.19 -0.21 -0.16 -0.19
GAS_US_mini  0.23  0.24     0.19      0.20    0.32        0.26  0.09    0.31     0.30     0.04  0.01  0.01     0.82         1.00  0.14     0.06     0.08  0.03     -0.00 -0.17 -0.16 -0.15 -0.17
GBP          0.47  0.48     0.18      0.18    0.16        0.45  0.23    0.33     0.33     0.43  0.19  0.68     0.14         0.14  1.00     0.09     0.10 -0.62      0.01 -0.25 -0.24  0.50  0.45
LEANHOG      0.23  0.16     0.16      0.20    0.00        0.03  0.04    0.13     0.17    -0.12  0.12  0.14     0.05         0.06  0.09     1.00     0.32 -0.04      0.03 -0.14 -0.05 -0.07 -0.10
LIVECOW      0.35  0.43     0.36      0.41    0.31        0.23  0.29    0.28     0.49     0.14  0.23 -0.03     0.17         0.08  0.10     0.32     1.00  0.00     -0.02 -0.39 -0.46 -0.16 -0.28
CNH         -0.26 -0.24    -0.04     -0.09   -0.11       -0.32 -0.03   -0.03    -0.26    -0.19 -0.17 -0.52     0.03         0.03 -0.62    -0.04     0.00  1.00      0.00  0.03  0.02 -0.54 -0.50
REDWHEAT    -0.10 -0.01    -0.09     -0.09    0.11        0.07  0.15   -0.07     0.11     0.09  0.02 -0.03    -0.09        -0.00  0.01     0.03    -0.02  0.00      1.00  0.04  0.04  0.02 -0.05
V2X         -0.63 -0.60    -0.67     -0.74   -0.56       -0.54 -0.67   -0.70    -0.64    -0.10 -0.40 -0.20    -0.19        -0.17 -0.25    -0.14    -0.39  0.03      0.04  1.00  0.87  0.10  0.37
VIX         -0.64 -0.69    -0.64     -0.72   -0.52       -0.51 -0.71   -0.71    -0.74    -0.25 -0.38 -0.11    -0.21        -0.16 -0.24    -0.05    -0.46  0.02      0.04  0.87  1.00  0.12  0.41
JPY          0.05  0.03    -0.13     -0.10   -0.12        0.08 -0.13   -0.27    -0.04     0.22 -0.01  0.63    -0.16        -0.15  0.50    -0.07    -0.16 -0.54      0.02  0.10  0.12  1.00  0.61
US3         -0.10 -0.04    -0.37     -0.46   -0.28       -0.09 -0.33   -0.35    -0.22     0.18 -0.07  0.54    -0.19        -0.17  0.45    -0.10    -0.28 -0.50     -0.05  0.37  0.41  0.61  1.00


********************************************************************************
                                 END OF REPORT                                  
********************************************************************************


