
********************************************************************************
                    Risk report produced on 27/11/2025 22:53                    
********************************************************************************


Total risk across all strategies, annualised percentage 8.5
Percentage of capital used for margin 39.9%

========================================
Risk per strategy, annualised percentage
========================================

                  risk
dynamic_TF_carry   8.5


===================
Risk by asset class
===================

Ags       0.6
Bond      1.9
Equity    5.0
FX        4.2
Metals    3.3
OilGas    0.8
Sector    0.9
dtype: float64


=====================================================
Beta loadings of asset class positions on asset class
=====================================================

OilGas   -0.03
Ags      -0.03
Metals   -0.01
FX        0.01
Sector    0.04
Equity    0.39
Bond      0.42
dtype: float64


========================================================
Beta loadings of full portfolio positions on asset class
========================================================

Ags      -0.07
OilGas   -0.01
Bond      0.03
Metals    0.08
Sector    0.22
FX        0.32
Equity    0.46
dtype: float64


===================================================================================================================================================================================================================================================================
                                                                                                                          Instrument risk                                                                                                                          
===================================================================================================================================================================================================================================================================

               daily_price_stdev  annual_price_stdev     price  daily_perc_stdev  annual_perc_stdev  point_size_base  contract_exposure  daily_risk_per_contract  annual_risk_per_contract  position  capital  exposure_held_perc_capital  annual_risk_perc_capital
BITCOIN                 2777.726           44443.610  90705.00              3.06               49.0              0.1               6849                      209                      3355        -5   609141                        -5.6                      -2.8
JPY                        0.000               0.001      0.01              0.55                8.8        9438735.1              60440                      331                      5296        -2   609141                       -19.8                      -1.7
KR10                       0.368               5.894    113.76              0.32                5.2            511.0              58132                      188                      3012        -3   609141                       -28.6                      -1.5
DAX                      214.929            3438.865  23804.00              0.90               14.4              0.9              20837                      188                      3010        -2   609141                        -6.8                      -1.0
KRWUSD_mini                0.004               0.059      0.68              0.54                8.7          18877.5              12917                       70                      1121        -4   609141                        -8.5                      -0.7
RICE                       0.159               2.541     10.14              1.57               25.0           1510.2              15320                      239                      3837        -1   609141                        -2.5                      -0.6
SP500_micro               59.966             959.449   6828.00              0.88               14.1              3.8              25779                      226                      3622        -1   609141                        -4.2                      -0.6
CRUDE_W_micro              0.980              15.682     58.30              1.68               26.9             75.5               4402                       74                      1184        -3   609141                        -2.2                      -0.6
GAS_US_mini                0.111               1.781      4.62              2.41               38.6           1887.7               8711                      210                      3362        -1   609141                        -1.4                      -0.6
EUR_micro                  0.004               0.062      1.17              0.33                5.3           9438.7              11006                       36                       581        -3   609141                        -5.4                      -0.3
AUD_micro                  0.003               0.048      0.65              0.46                7.4           7551.0               4923                       22                       362         4   609141                         3.2                       0.2
FTSECHINAA               166.150            2658.407  15134.00              1.10               17.6              0.8              11427                      125                      2007         1   609141                         1.9                       0.3
MXP                        0.000               0.004      0.05              0.49                7.8         377549.4              20553                      100                      1606         2   609141                         6.7                       0.5
GBP                        0.005               0.081      1.32              0.38                6.1          47193.7              62493                      240                      3842         1   609141                        10.3                       0.6
EU-BASIC                   7.776             124.421    597.60              1.30               20.8             43.8              26155                      340                      5445         1   609141                         4.3                       0.9
TOPIX                     35.509             568.141   3368.75              1.05               16.9              4.8              16291                      171                      2747         2   609141                         5.3                       0.9
CAD10                      0.342               5.464    123.14              0.28                4.4            538.0              66251                      183                      2939         2   609141                        21.8                       1.0
OAT                        0.300               4.806    122.85              0.24                3.9            875.4             107537                      262                      4206         2   609141                        35.3                       1.4
KOSPI_mini                10.367             165.873    563.48              1.84               29.4             25.6              14397                      264                      4238         2   609141                         4.7                       1.4
SILVER                     1.027              16.427     53.76              1.91               30.6            755.1              40590                      775                     12403         1   609141                         6.7                       2.0
YENEUR                     0.754              12.072    181.33              0.42                6.7            604.5             109616                      456                      7297         2   609141                        36.0                       2.4
MIB                      383.985            6143.759  43275.00              0.89               14.2              4.4             189405                     1680                     26889         1   609141                        31.1                       4.4

Sum of abs(notional exposure % capital) 252.3
Sum of abs(annualised risk % capital) 26.4
Net sum of annualised risk % capital 5.6 

==================================================================================================================================================================================================================
                                                                                                   Correlations                                                                                                   
==================================================================================================================================================================================================================

               CAD10   JPY  KR10   OAT  BITCOIN   DAX  EU-BASIC  FTSECHINAA  KOSPI_mini   MIB   MXP  SILVER  SP500_micro  TOPIX  AUD_micro  EUR_micro   GBP  KRWUSD_mini  CRUDE_W_micro  GAS_US_mini  YENEUR  RICE
CAD10           1.00  0.37  0.50  0.62    -0.01 -0.03     -0.13       -0.16       -0.16 -0.15 -0.10    0.01         0.03  -0.13      -0.03       0.03  0.23        -0.05          -0.32        -0.02   -0.41 -0.13
JPY             0.37  1.00  0.36  0.35    -0.10 -0.07     -0.18       -0.03       -0.23 -0.12  0.02   -0.01        -0.18  -0.28       0.30       0.58  0.48         0.50          -0.28        -0.19   -0.66  0.11
KR10            0.50  0.36  1.00  0.38     0.03 -0.03     -0.22       -0.13       -0.28 -0.22 -0.09   -0.09         0.01  -0.23      -0.08       0.02  0.13         0.15          -0.32        -0.30   -0.41  0.04
OAT             0.62  0.35  0.38  1.00    -0.02  0.03     -0.04       -0.10       -0.07 -0.13  0.04    0.13         0.02  -0.11       0.03       0.02  0.18         0.13          -0.26        -0.17   -0.40 -0.18
BITCOIN        -0.01 -0.10  0.03 -0.02     1.00  0.45      0.30        0.24        0.34  0.39  0.22    0.09         0.55   0.40       0.36       0.00  0.25         0.00           0.16        -0.01    0.10  0.03
DAX            -0.03 -0.07 -0.03  0.03     0.45  1.00      0.72        0.44        0.45  0.85  0.36    0.40         0.72   0.70       0.60       0.07  0.45         0.15           0.19         0.09    0.19 -0.01
EU-BASIC       -0.13 -0.18 -0.22 -0.04     0.30  0.72      1.00        0.60        0.45  0.69  0.38    0.52         0.54   0.58       0.51      -0.03  0.25        -0.08           0.36         0.16    0.20  0.03
FTSECHINAA     -0.16 -0.03 -0.13 -0.10     0.24  0.44      0.60        1.00        0.30  0.53  0.32    0.23         0.40   0.48       0.44       0.11  0.25         0.05           0.45         0.06    0.15 -0.09
KOSPI_mini     -0.16 -0.23 -0.28 -0.07     0.34  0.45      0.45        0.30        1.00  0.50  0.37    0.16         0.56   0.65       0.47       0.12  0.18         0.13           0.27         0.11    0.33 -0.11
MIB            -0.15 -0.12 -0.22 -0.13     0.39  0.85      0.69        0.53        0.50  1.00  0.40    0.35         0.70   0.75       0.59       0.04  0.38         0.07           0.41         0.11    0.20  0.01
MXP            -0.10  0.02 -0.09  0.04     0.22  0.36      0.38        0.32        0.37  0.40  1.00    0.33         0.32   0.40       0.47       0.37  0.46         0.19           0.20         0.06    0.33 -0.07
SILVER          0.01 -0.01 -0.09  0.13     0.09  0.40      0.52        0.23        0.16  0.35  0.33    1.00         0.25   0.28       0.33       0.04  0.23        -0.04           0.14         0.14    0.05  0.06
SP500_micro     0.03 -0.18  0.01  0.02     0.55  0.72      0.54        0.40        0.56  0.70  0.32    0.25         1.00   0.71       0.55      -0.05  0.29         0.07           0.27         0.03    0.17 -0.10
TOPIX          -0.13 -0.28 -0.23 -0.11     0.40  0.70      0.58        0.48        0.65  0.75  0.40    0.28         0.71   1.00       0.55       0.09  0.38         0.02           0.29         0.22    0.40 -0.04
AUD_micro      -0.03  0.30 -0.08  0.03     0.36  0.60      0.51        0.44        0.47  0.59  0.47    0.33         0.55   0.55       1.00       0.57  0.69         0.49           0.14         0.07    0.16  0.10
EUR_micro       0.03  0.58  0.02  0.02     0.00  0.07     -0.03        0.11        0.12  0.04  0.37    0.04        -0.05   0.09       0.57       1.00  0.77         0.46          -0.18        -0.12    0.18  0.12
GBP             0.23  0.48  0.13  0.18     0.25  0.45      0.25        0.25        0.18  0.38  0.46    0.23         0.29   0.38       0.69       0.77  1.00         0.35          -0.11        -0.05    0.15  0.09
KRWUSD_mini    -0.05  0.50  0.15  0.13     0.00  0.15     -0.08        0.05        0.13  0.07  0.19   -0.04         0.07   0.02       0.49       0.46  0.35         1.00          -0.24        -0.17   -0.17  0.08
CRUDE_W_micro  -0.32 -0.28 -0.32 -0.26     0.16  0.19      0.36        0.45        0.27  0.41  0.20    0.14         0.27   0.29       0.14      -0.18 -0.11        -0.24           1.00         0.11    0.15  0.05
GAS_US_mini    -0.02 -0.19 -0.30 -0.17    -0.01  0.09      0.16        0.06        0.11  0.11  0.06    0.14         0.03   0.22       0.07      -0.12 -0.05        -0.17           0.11         1.00    0.13  0.07
YENEUR         -0.41 -0.66 -0.41 -0.40     0.10  0.19      0.20        0.15        0.33  0.20  0.33    0.05         0.17   0.40       0.16       0.18  0.15        -0.17           0.15         0.13    1.00 -0.03
RICE           -0.13  0.11  0.04 -0.18     0.03 -0.01      0.03       -0.09       -0.11  0.01 -0.07    0.06        -0.10  -0.04       0.10       0.12  0.09         0.08           0.05         0.07   -0.03  1.00


********************************************************************************
                                 END OF REPORT                                  
********************************************************************************


