
********************************************************************************
                    Risk report produced on 15/12/2025 22:53                    
********************************************************************************


Total risk across all strategies, annualised percentage 12.1
Percentage of capital used for margin 40.6%

========================================
Risk per strategy, annualised percentage
========================================

                  risk
dynamic_TF_carry  12.1


===================
Risk by asset class
===================

Ags       0.8
Bond      1.3
Equity    8.2
FX        3.4
Metals    4.7
Sector    0.8
dtype: float64


=====================================================
Beta loadings of asset class positions on asset class
=====================================================

Bond     -0.07
Ags      -0.06
Sector    0.04
Metals    0.07
FX        0.23
Equity    0.74
dtype: float64


========================================================
Beta loadings of full portfolio positions on asset class
========================================================

Bond     -0.40
Ags      -0.09
Metals    0.24
Sector    0.41
Equity    0.86
FX        0.97
dtype: float64


================================================================================================================================================================================================================================================================
                                                                                                                        Instrument risk                                                                                                                         
================================================================================================================================================================================================================================================================

            daily_price_stdev  annual_price_stdev     price  daily_perc_stdev  annual_perc_stdev  point_size_base  contract_exposure  daily_risk_per_contract  annual_risk_per_contract  position  capital  exposure_held_perc_capital  annual_risk_perc_capital
BITCOIN              2757.285           44116.562  86035.00              3.20               51.3              0.1               6435                      206                      3299        -5   621828                        -5.2                      -2.7
JPY                     0.000               0.001      0.01              0.52                8.3        9350198.6              60341                      312                      4992        -2   621828                       -19.4                      -1.6
KR10                    0.385               6.154    113.60              0.34                5.4            505.7              57442                      194                      3111        -3   621828                       -27.7                      -1.5
DAX                   185.115            2961.837  24215.00              0.76               12.2              0.9              21259                      162                      2600        -2   621828                        -6.8                      -0.8
WHEAT                   6.402             102.436    567.75              1.13               18.0             37.4              21234                      239                      3831        -1   621828                        -3.4                      -0.6
RICE                    0.154               2.460      9.72              1.58               25.3           1496.0              14548                      230                      3680        -1   621828                        -2.3                      -0.6
AUD_micro               0.003               0.045      0.66              0.42                6.7           7480.2               4968                       20                       332         1   621828                         0.8                       0.1
BRE                     0.001               0.021      0.18              0.71               11.4          74801.6              13756                       97                      1561         1   621828                         2.2                       0.3
FTSECHINAA            141.499            2263.979  15221.00              0.93               14.9              0.7              11385                      105                      1693         1   621828                         1.8                       0.3
US10U                   0.361               5.774    114.70              0.31                5.0            748.0              85799                      269                      4319         1   621828                        13.8                       0.7
EU-BASIC                7.126             114.021    625.60              1.14               18.2             43.9              27462                      312                      5005         1   621828                         4.4                       0.8
RUSSELL                31.134             498.140   2561.20              1.22               19.4              3.7               9579                      116                      1863         4   621828                         6.2                       1.2
GBP                     0.005               0.081      1.34              0.38                6.1          46751.0              62632                      237                      3802         2   621828                        20.1                       1.2
FTSETAIWAN             26.818             429.084   2289.75              1.17               18.7             29.9              68510                      802                     12838         1   621828                        11.0                       2.1
YENEUR                  0.687              10.991    183.00              0.38                6.0            602.9             110332                      414                      6626         2   621828                        35.5                       2.1
AEX                     6.744             107.911    945.20              0.71               11.4            175.6             165966                     1184                     18948         1   621828                        26.7                       3.0
MIB                   333.664            5338.624  44120.00              0.76               12.1              4.4             193674                     1464                     23435         1   621828                        31.1                       3.8
SILVER                  1.128              18.044     63.89              1.77               28.2            748.0              47790                      843                     13497         2   621828                        15.4                       4.3

Sum of abs(notional exposure % capital) 233.8
Sum of abs(annualised risk % capital) 27.7
Net sum of annualised risk % capital 12.1 

=======================================================================================================================================================
                                                                     Correlations                                                                      
=======================================================================================================================================================

             JPY  KR10  US10U   AEX   DAX  EU-BASIC  FTSETAIWAN   MIB  AUD_micro  BITCOIN   BRE  FTSECHINAA   GBP  RUSSELL  SILVER  RICE  WHEAT  YENEUR
JPY         1.00  0.29   0.50 -0.04  0.05     -0.02       -0.10 -0.00       0.39    -0.06  0.03       -0.07  0.53     0.02    0.13  0.15   0.07   -0.66
KR10        0.29  1.00   0.53  0.04  0.04     -0.08        0.07 -0.06       0.01     0.01 -0.04       -0.01  0.26     0.07   -0.13 -0.01  -0.29   -0.21
US10U       0.50  0.53   1.00  0.08  0.16      0.07        0.08  0.13       0.30    -0.11  0.22       -0.02  0.44     0.10    0.15  0.01  -0.17   -0.35
AEX        -0.04  0.04   0.08  1.00  0.83      0.75        0.79  0.86       0.39     0.34  0.30        0.41  0.28     0.32    0.30 -0.10   0.02    0.04
DAX         0.05  0.04   0.16  0.83  1.00      0.69        0.71  0.90       0.44     0.42  0.17        0.32  0.39     0.34    0.40  0.01  -0.07    0.05
EU-BASIC   -0.02 -0.08   0.07  0.75  0.69      1.00        0.70  0.71       0.57     0.34  0.41        0.47  0.32     0.46    0.53 -0.10   0.07    0.14
FTSETAIWAN -0.10  0.07   0.08  0.79  0.71      0.70        1.00  0.75       0.52     0.37  0.31        0.33  0.31     0.35    0.36 -0.09  -0.10    0.20
MIB        -0.00 -0.06   0.13  0.86  0.90      0.71        0.75  1.00       0.42     0.36  0.31        0.38  0.32     0.29    0.33  0.00   0.03    0.06
AUD_micro   0.39  0.01   0.30  0.39  0.44      0.57        0.52  0.42       1.00     0.27  0.45        0.39  0.68     0.37    0.44  0.12   0.15    0.13
BITCOIN    -0.06  0.01  -0.11  0.34  0.42      0.34        0.37  0.36       0.27     1.00  0.24        0.17  0.16     0.45    0.17  0.12  -0.07    0.12
BRE         0.03 -0.04   0.22  0.30  0.17      0.41        0.31  0.31       0.45     0.24  1.00        0.26  0.24     0.33    0.20 -0.09   0.24    0.16
FTSECHINAA -0.07 -0.01  -0.02  0.41  0.32      0.47        0.33  0.38       0.39     0.17  0.26        1.00  0.23     0.16    0.15 -0.04   0.12    0.15
GBP         0.53  0.26   0.44  0.28  0.39      0.32        0.31  0.32       0.68     0.16  0.24        0.23  1.00     0.24    0.42  0.18  -0.13    0.07
RUSSELL     0.02  0.07   0.10  0.32  0.34      0.46        0.35  0.29       0.37     0.45  0.33        0.16  0.24     1.00    0.31  0.06  -0.05   -0.02
SILVER      0.13 -0.13   0.15  0.30  0.40      0.53        0.36  0.33       0.44     0.17  0.20        0.15  0.42     0.31    1.00  0.20  -0.07    0.15
RICE        0.15 -0.01   0.01 -0.10  0.01     -0.10       -0.09  0.00       0.12     0.12 -0.09       -0.04  0.18     0.06    0.20  1.00  -0.03   -0.01
WHEAT       0.07 -0.29  -0.17  0.02 -0.07      0.07       -0.10  0.03       0.15    -0.07  0.24        0.12 -0.13    -0.05   -0.07 -0.03   1.00   -0.05
YENEUR     -0.66 -0.21  -0.35  0.04  0.05      0.14        0.20  0.06       0.13     0.12  0.16        0.15  0.07    -0.02    0.15 -0.01  -0.05    1.00


********************************************************************************
                                 END OF REPORT                                  
********************************************************************************


