
********************************************************************************
                    Risk report produced on 25/11/2024 22:52                    
********************************************************************************


Total risk across all strategies, annualised percentage 11.5
Percentage of capital used for margin 72.3%

========================================
Risk per strategy, annualised percentage
========================================

                  risk
dynamic_TF_carry  11.5


===================
Risk by asset class
===================

Ags       1.5
Bond      2.8
Equity    5.3
FX        4.0
Metals    2.9
OilGas    3.9
Other     0.7
Vol       2.2
dtype: float64


=====================================================
Beta loadings of asset class positions on asset class
=====================================================

FX       -0.57
Bond     -0.17
OilGas   -0.11
Vol      -0.04
Metals   -0.04
Ags      -0.02
Other     0.03
Equity    0.37
dtype: float64


========================================================
Beta loadings of full portfolio positions on asset class
========================================================

FX       -0.93
Bond     -0.39
Vol      -0.18
Ags      -0.10
OilGas   -0.09
Other     0.02
Metals    0.02
Equity    0.50
dtype: float64


===================================================================================================================================================================================================================================================================
                                                                                                                          Instrument risk                                                                                                                          
===================================================================================================================================================================================================================================================================

               daily_price_stdev  annual_price_stdev     price  daily_perc_stdev  annual_perc_stdev  point_size_base  contract_exposure  daily_risk_per_contract  annual_risk_per_contract  position  capital  exposure_held_perc_capital  annual_risk_perc_capital
US30                       1.309              20.941    125.66              1.04               16.7            793.7              99732                     1038                     16620        -1   588503                       -16.9                      -2.8
GAS-PEN                    0.117               1.869      3.43              3.40               54.5           7936.9              27231                      926                     14830        -1   588503                        -4.6                      -2.5
JPY                        0.000               0.001      0.01              0.71               11.4        9921186.1              64547                      458                      7336        -2   588503                       -21.9                      -2.5
ALUMINIUM                 45.586             729.381   2608.00              1.75               28.0             19.8              51748                      904                     14472        -1   588503                        -8.8                      -2.5
VIX                        0.513               8.206     16.55              3.10               49.6            793.7              13135                      407                      6513        -2   588503                        -4.5                      -2.2
CHF                        0.006               0.092      1.13              0.51                8.2          99211.9             112258                      572                      9161        -1   588503                       -19.1                      -1.6
EURO600                    3.871              61.944    510.40              0.76               12.1             41.6              21231                      161                      2576        -3   588503                       -10.8                      -1.3
GAS_US_mini                0.110               1.766      3.40              3.25               51.9           1984.2               6746                      218                      3503        -2   588503                        -2.3                      -1.2
CRUDE_W_micro              1.402              22.434     68.67              2.04               32.7             79.4               5450                      111                      1780        -3   588503                        -2.8                      -0.9
SOYMEAL                    3.633              58.122    296.00              1.23               19.6             79.4              23493                      288                      4613        -1   588503                        -4.0                      -0.8
KOSDAQ                    24.490             391.843   1197.50              2.05               32.7              5.6               6756                      138                      2210        -2   588503                        -2.3                      -0.8
CAD                        0.002               0.037      0.72              0.33                5.2          79369.5              56832                      185                      2973        -1   588503                        -9.7                      -0.5
IRON                       2.177              34.828    100.55              2.16               34.6             79.4               7980                      172                      2764        -1   588503                        -1.4                      -0.5
HANGENT_mini             139.543            2232.685   6879.00              2.03               32.5              1.0               7016                      142                      2277        -1   588503                        -1.2                      -0.4
CANOLA                    10.928             174.846    606.50              1.80               28.8             11.4               6905                      124                      1990        -1   588503                        -1.2                      -0.3
MILLWHEAT                  2.779              44.462    225.00              1.24               19.8             41.6               9359                      115                      1849        -1   588503                        -1.6                      -0.3
MUMMY                     10.938             175.011    640.00              1.71               27.3              5.1               3292                       56                       900         1   588503                         0.6                       0.2
DOW                      336.225            5379.605  44800.00              0.75               12.0              0.4              17778                      133                      2134         1   588503                         3.0                       0.4
NIKKEI                   482.109            7713.739  38875.00              1.24               19.8              0.5              19998                      248                      3968         1   588503                         3.4                       0.7
RUBBER                     3.465              55.443    190.80              1.82               29.1             39.7               7571                      137                      2200         2   588503                         2.6                       0.7
TOPIX                     28.726             459.610   2725.00              1.05               16.9              5.1              14018                      147                      2364         2   588503                         4.8                       0.8
SP500_micro               41.518             664.289   5999.00              0.69               11.1              4.0              23806                      164                      2636         2   588503                         8.1                       0.9
LEANHOG                    1.085              17.362     86.05              1.26               20.2            317.5              27318                      344                      5512         1   588503                         4.6                       0.9
MSCISING                   3.028              48.445    373.05              0.81               13.0             59.0              22009                      178                      2858         2   588503                         7.5                       1.0
BITCOIN                 2579.918           41278.691  95975.00              2.69               43.0              0.1               7617                      204                      3276         2   588503                         2.6                       1.1
FANG                     149.622            2393.950  12359.40              1.21               19.4              4.0              49047                      593                      9500         1   588503                         8.3                       1.6
MIB                      299.700            4795.201  33550.00              0.89               14.3              4.2             139561                     1246                     19947         1   588503                        23.7                       3.4

Sum of abs(notional exposure % capital) 182.3
Sum of abs(annualised risk % capital) 32.8
Net sum of annualised risk % capital -9.4 

=====================================================================================================================================================================================================================================================
                                                                                                                    Correlations                                                                                                                     
=====================================================================================================================================================================================================================================================

                DOW  EURO600  FANG  KOSDAQ   MIB  MSCISING  MUMMY  NIKKEI  SP500_micro  TOPIX  BITCOIN   CHF   JPY  LEANHOG  US30  ALUMINIUM   CAD  CRUDE_W_micro  HANGENT_mini  IRON  RUBBER  CANOLA  GAS-PEN  GAS_US_mini  MILLWHEAT  SOYMEAL   VIX
DOW            1.00     0.65  0.56    0.39  0.49      0.48   0.48    0.48         0.85   0.52     0.18 -0.01 -0.01     0.06  0.26       0.10  0.33           0.18          0.28  0.02    0.24    0.06    -0.01        -0.04      -0.04     0.01 -0.72
EURO600        0.65     1.00  0.42    0.44  0.77      0.52   0.33    0.55         0.66   0.54     0.10  0.10  0.02     0.08  0.32       0.22  0.37           0.11          0.39  0.05    0.27    0.10    -0.03        -0.09      -0.02     0.01 -0.57
FANG           0.56     0.42  1.00    0.38  0.25      0.45   0.36    0.57         0.82   0.53     0.00 -0.20 -0.23    -0.12  0.09       0.15  0.13           0.19          0.26  0.09    0.19   -0.09     0.05         0.00      -0.21    -0.13 -0.65
KOSDAQ         0.39     0.44  0.38    1.00  0.32      0.27   0.34    0.62         0.43   0.58    -0.04  0.12  0.02     0.02  0.19       0.28  0.22           0.13          0.43  0.17    0.23   -0.11    -0.04        -0.12       0.05     0.00 -0.31
MIB            0.49     0.77  0.25    0.32  1.00      0.42   0.27    0.44         0.46   0.46     0.15  0.01 -0.12     0.19  0.08      -0.00  0.23          -0.01          0.16 -0.09    0.07    0.22    -0.25        -0.30      -0.11    -0.08 -0.43
MSCISING       0.48     0.52  0.45    0.27  0.42      1.00   0.41    0.45         0.57   0.49     0.23 -0.20 -0.10     0.06  0.06       0.15  0.07           0.02          0.27 -0.07    0.06   -0.13    -0.03        -0.04      -0.06    -0.08 -0.61
MUMMY          0.48     0.33  0.36    0.34  0.27      0.41   1.00    0.58         0.46   0.66     0.18  0.09 -0.09     0.16  0.18       0.10  0.15           0.08          0.23  0.12    0.06   -0.06    -0.03        -0.07      -0.10    -0.00 -0.34
NIKKEI         0.48     0.55  0.57    0.62  0.44      0.45   0.58    1.00         0.58   0.94    -0.01 -0.09 -0.24     0.03  0.09       0.24  0.18           0.13          0.41  0.29    0.21   -0.05    -0.04        -0.07      -0.07    -0.14 -0.43
SP500_micro    0.85     0.66  0.82    0.43  0.46      0.57   0.46    0.58         1.00   0.57     0.12 -0.06 -0.11     0.01  0.26       0.19  0.33           0.22          0.38  0.03    0.30   -0.02     0.09         0.03      -0.11    -0.03 -0.79
TOPIX          0.52     0.54  0.53    0.58  0.46      0.49   0.66    0.94         0.57   1.00     0.03 -0.12 -0.29     0.10  0.07       0.22  0.16           0.14          0.40  0.28    0.16    0.01    -0.06        -0.11      -0.07    -0.09 -0.50
BITCOIN        0.18     0.10  0.00   -0.04  0.15      0.23   0.18   -0.01         0.12   0.03     1.00 -0.02  0.11     0.10  0.07      -0.01 -0.03          -0.22         -0.06 -0.09   -0.00   -0.18    -0.14        -0.08      -0.03    -0.14 -0.13
CHF           -0.01     0.10 -0.20    0.12  0.01     -0.20   0.09   -0.09        -0.06  -0.12    -0.02  1.00  0.67     0.10  0.39       0.23  0.51          -0.01          0.24  0.04    0.22    0.00    -0.06        -0.14      -0.04     0.18  0.27
JPY           -0.01     0.02 -0.23    0.02 -0.12     -0.10  -0.09   -0.24        -0.11  -0.29     0.11  0.67  1.00     0.00  0.50       0.09  0.34          -0.16          0.03 -0.02    0.13   -0.23    -0.17        -0.22      -0.00     0.12  0.17
LEANHOG        0.06     0.08 -0.12    0.02  0.19      0.06   0.16    0.03         0.01   0.10     0.10  0.10  0.00     1.00 -0.05       0.10  0.04           0.23          0.08  0.12    0.05    0.21    -0.22        -0.16      -0.01     0.01  0.07
US30           0.26     0.32  0.09    0.19  0.08      0.06   0.18    0.09         0.26   0.07     0.07  0.39  0.50    -0.05  1.00      -0.00  0.33          -0.17         -0.00 -0.05   -0.02   -0.28     0.08         0.01      -0.09     0.04 -0.15
ALUMINIUM      0.10     0.22  0.15    0.28 -0.00      0.15   0.10    0.24         0.19   0.22    -0.01  0.23  0.09     0.10 -0.00       1.00  0.46           0.25          0.47  0.38    0.55    0.05     0.17         0.11       0.16     0.18 -0.10
CAD            0.33     0.37  0.13    0.22  0.23      0.07   0.15    0.18         0.33   0.16    -0.03  0.51  0.34     0.04  0.33       0.46  1.00           0.23          0.43  0.25    0.37    0.15     0.08         0.01       0.12     0.27 -0.18
CRUDE_W_micro  0.18     0.11  0.19    0.13 -0.01      0.02   0.08    0.13         0.22   0.14    -0.22 -0.01 -0.16     0.23 -0.17       0.25  0.23           1.00          0.16  0.19    0.15    0.15     0.08         0.11       0.09     0.01 -0.07
HANGENT_mini   0.28     0.39  0.26    0.43  0.16      0.27   0.23    0.41         0.38   0.40    -0.06  0.24  0.03     0.08 -0.00       0.47  0.43           0.16          1.00  0.37    0.52    0.19     0.29         0.20       0.13     0.18 -0.27
IRON           0.02     0.05  0.09    0.17 -0.09     -0.07   0.12    0.29         0.03   0.28    -0.09  0.04 -0.02     0.12 -0.05       0.38  0.25           0.19          0.37  1.00    0.26    0.14     0.01         0.06       0.29     0.19  0.08
RUBBER         0.24     0.27  0.19    0.23  0.07      0.06   0.06    0.21         0.30   0.16    -0.00  0.22  0.13     0.05 -0.02       0.55  0.37           0.15          0.52  0.26    1.00    0.27     0.15         0.04       0.07     0.20 -0.22
CANOLA         0.06     0.10 -0.09   -0.11  0.22     -0.13  -0.06   -0.05        -0.02   0.01    -0.18  0.00 -0.23     0.21 -0.28       0.05  0.15           0.15          0.19  0.14    0.27    1.00     0.01         0.01       0.23     0.50 -0.07
GAS-PEN       -0.01    -0.03  0.05   -0.04 -0.25     -0.03  -0.03   -0.04         0.09  -0.06    -0.14 -0.06 -0.17    -0.22  0.08       0.17  0.08           0.08          0.29  0.01    0.15    0.01     1.00         0.94       0.25     0.19 -0.06
GAS_US_mini   -0.04    -0.09  0.00   -0.12 -0.30     -0.04  -0.07   -0.07         0.03  -0.11    -0.08 -0.14 -0.22    -0.16  0.01       0.11  0.01           0.11          0.20  0.06    0.04    0.01     0.94         1.00       0.30     0.14  0.01
MILLWHEAT     -0.04    -0.02 -0.21    0.05 -0.11     -0.06  -0.10   -0.07        -0.11  -0.07    -0.03 -0.04 -0.00    -0.01 -0.09       0.16  0.12           0.09          0.13  0.29    0.07    0.23     0.25         0.30       1.00     0.48  0.12
SOYMEAL        0.01     0.01 -0.13    0.00 -0.08     -0.08  -0.00   -0.14        -0.03  -0.09    -0.14  0.18  0.12     0.01  0.04       0.18  0.27           0.01          0.18  0.19    0.20    0.50     0.19         0.14       0.48     1.00 -0.00
VIX           -0.72    -0.57 -0.65   -0.31 -0.43     -0.61  -0.34   -0.43        -0.79  -0.50    -0.13  0.27  0.17     0.07 -0.15      -0.10 -0.18          -0.07         -0.27  0.08   -0.22   -0.07    -0.06         0.01       0.12    -0.00  1.00


********************************************************************************
                                 END OF REPORT                                  
********************************************************************************


