
********************************************************************************
                    Risk report produced on 16/07/2024 22:52                    
********************************************************************************


Total risk across all strategies, annualised percentage 15.0
Percentage of capital used for margin 78.5%

========================================
Risk per strategy, annualised percentage
========================================

                  risk
dynamic_TF_carry  15.1


===================
Risk by asset class
===================

Ags        1.5
Bond       2.5
Equity    12.7
FX         4.3
Metals     2.7
OilGas     3.0
Sector     1.4
Vol        1.8
dtype: float64


=====================================================
Beta loadings of asset class positions on asset class
=====================================================

Bond     -0.15
FX       -0.11
Metals   -0.09
Sector   -0.08
Vol      -0.07
Ags      -0.02
OilGas    0.08
Equity    1.32
dtype: float64


========================================================
Beta loadings of full portfolio positions on asset class
========================================================

Vol      -0.38
Bond     -0.15
Metals    0.03
OilGas    0.12
Ags       0.18
Sector    0.33
FX        0.63
Equity    1.33
dtype: float64


===================================================================================================================================================================================================================================================================
                                                                                                                          Instrument risk                                                                                                                          
===================================================================================================================================================================================================================================================================

               daily_price_stdev  annual_price_stdev     price  daily_perc_stdev  annual_perc_stdev  point_size_base  contract_exposure  daily_risk_per_contract  annual_risk_per_contract  position  capital  exposure_held_perc_capital  annual_risk_perc_capital
BUXL                       1.412              22.598    131.86              1.07               17.1            840.2             110792                     1186                     18987        -1   664865                       -16.7                      -2.9
BITCOIN                 1912.656           30602.504  65210.00              2.93               46.9              0.1               5032                      147                      2361        -6   664865                        -4.5                      -2.1
GAS_US_mini                0.096               1.544      2.20              4.39               70.2           1929.3               4244                      186                      2978        -4   664865                        -2.6                      -1.8
JPY                        0.000               0.001      0.01              0.60                9.7        9646662.1              61478                      371                      5945        -2   664865                       -18.5                      -1.8
VIX                        0.297               4.752     17.55              1.69               27.1            771.7              13543                      229                      3667        -3   664865                        -6.1                      -1.7
ALUMINIUM                 31.800             508.800   2351.75              1.35               21.6             19.3              45373                      613                      9816        -1   664865                        -6.8                      -1.5
EU-AUTO                    6.777             108.426    634.30              1.07               17.1             42.0              26647                      284                      4555        -2   664865                        -8.0                      -1.4
COTTON2                    1.206              19.291     71.30              1.69               27.1            385.9              27512                      465                      7443        -1   664865                        -4.1                      -1.1
CHF                        0.004               0.069      1.13              0.38                6.1          96466.6             108684                      417                      6683        -1   664865                       -16.3                      -1.0
CORN                       6.491             103.862    409.25              1.59               25.4             38.6              15791                      250                      4007        -1   664865                        -2.4                      -0.6
FTSECHINAA               100.671            1610.731  12128.00              0.83               13.3              0.8               9359                       77                      1243        -3   664865                        -4.2                      -0.6
V2X                        0.342               5.470     15.65              2.18               35.0             84.0               1314                       28                       459        -2   664865                        -0.4                      -0.1
CRUDE_W_micro              1.091              17.455     78.82              1.38               22.1             77.2               6082                       84                      1347         0   664865                         0.0                       0.0
IRON                       2.098              33.570    107.55              1.95               31.2             77.2               8299                      161                      2590         1   664865                         1.2                       0.4
MXP                        0.000               0.008      0.06              0.87               14.0         385866.5              21650                      189                      3030         1   664865                         3.3                       0.5
NZD                        0.003               0.051      0.60              0.53                8.4          77173.3              46674                      245                      3925         1   664865                         7.0                       0.6
CAD10                      0.517               8.279    121.67              0.43                6.8            563.9              68604                      291                      4668         1   664865                        10.3                       0.7
MSCISING                   2.545              40.717    326.55              0.78               12.5             57.4              18736                      146                      2336         2   664865                         5.6                       0.7
LIVECOW                    1.235              19.767    184.58              0.67               10.7            308.7              56977                      381                      6102         1   664865                         8.6                       0.9
TOPIX                     20.979             335.657   2912.50              0.72               11.5              4.9              14161                      102                      1632         4   664865                         8.5                       1.0
DOW                      261.788            4188.605  41250.00              0.63               10.2              0.4              15916                      101                      1616         5   664865                        12.0                       1.2
FTSETAIWAN                17.053             272.853   1998.50              0.85               13.7             30.9              61692                      526                      8422         1   664865                         9.3                       1.3
FANG                     137.451            2199.214  11943.00              1.15               18.4              3.9              46084                      530                      8486         1   664865                         6.9                       1.3
NIKKEI                   402.456            6439.295  41340.00              0.97               15.6              0.5              20100                      195                      3130         3   664865                         9.1                       1.4
SPI200                    53.314             853.026   7992.00              0.67               10.7             13.0             103894                      693                     11089         1   664865                        15.6                       1.7
MSCIEAFA                  18.163             290.603   2420.40              0.75               12.0             38.6              93395                      700                     11213         1   664865                        14.0                       1.7
MSCITAIWAN                11.027             176.435    983.80              1.12               17.9             77.2              75923                      851                     13616         1   664865                        11.4                       2.0
AEX                        5.552              88.836    935.50              0.59                9.5            168.0             157207                      933                     14928         1   664865                        23.6                       2.2
GASOILINE                  0.030               0.487      2.26              1.35               21.6          32412.8              73107                      987                     15795         1   664865                        11.0                       2.4
YENEUR                     0.832              13.312    171.51              0.49                7.8            607.8             104242                      505                      8090         2   664865                        31.4                       2.4
MIB                      306.580            4905.273  34555.00              0.89               14.2              4.2             145171                     1287                     20607         1   664865                        21.8                       3.1

Sum of abs(notional exposure % capital) 301.2
Sum of abs(annualised risk % capital) 42.1
Net sum of annualised risk % capital 8.9 

===============================================================================================================================================================================================================================================================================
                                                                                                                                 Correlations                                                                                                                                  
===============================================================================================================================================================================================================================================================================

                AEX   DOW  EU-AUTO  FANG  FTSETAIWAN   MIB  MSCIEAFA  MSCISING  MSCITAIWAN  NIKKEI   NZD  SPI200  TOPIX  CRUDE_W_micro  GASOILINE  LIVECOW  YENEUR  ALUMINIUM  BITCOIN  CORN  COTTON2  FTSECHINAA  GAS_US_mini  IRON   MXP   V2X   VIX  BUXL  CAD10   CHF   JPY
AEX            1.00  0.56     0.56  0.48        0.60  0.57      0.63      0.48        0.62    0.44  0.29    0.73   0.39           0.07       0.21     0.10    0.07       0.10     0.07  0.12     0.22        0.28         0.06  0.20  0.18 -0.64 -0.58  0.25   0.12  0.11  0.10
DOW            0.56  1.00     0.52  0.28        0.43  0.59      0.73      0.43        0.25    0.42  0.34    0.74   0.38           0.12       0.15     0.18    0.10       0.05    -0.02  0.01     0.07        0.22         0.05 -0.05  0.30 -0.57 -0.62  0.27   0.15  0.28  0.18
EU-AUTO        0.56  0.52     1.00  0.17        0.29  0.78      0.59      0.37        0.19    0.37  0.27    0.61   0.37           0.11       0.15     0.11    0.09       0.15     0.07 -0.05     0.17        0.20        -0.14 -0.00  0.33 -0.55 -0.38  0.13  -0.01  0.07  0.10
FANG           0.48  0.28     0.17  1.00        0.59 -0.00      0.32      0.19        0.56    0.57  0.24    0.26   0.47           0.05       0.12     0.19    0.13      -0.07    -0.02  0.14     0.14       -0.05         0.05  0.15  0.02 -0.29 -0.43  0.24   0.20  0.01 -0.04
FTSETAIWAN     0.60  0.43     0.29  0.59        1.00  0.24      0.47      0.40        0.84    0.41  0.41    0.50   0.33           0.14       0.19     0.12   -0.03       0.03     0.04  0.23     0.25        0.26         0.05  0.07  0.37 -0.34 -0.45  0.26   0.19  0.17  0.20
MIB            0.57  0.59     0.78 -0.00        0.24  1.00      0.74      0.46        0.20    0.32  0.24    0.65   0.33           0.13       0.18     0.05    0.25       0.20     0.03 -0.03     0.23        0.32        -0.04  0.03  0.36 -0.75 -0.52 -0.04  -0.11  0.05  0.01
MSCIEAFA       0.63  0.73     0.59  0.32        0.47  0.74      1.00      0.56        0.32    0.51  0.47    0.77   0.53           0.07       0.10     0.09    0.12       0.18     0.08  0.03     0.20        0.32         0.06  0.11  0.42 -0.71 -0.65  0.14   0.16  0.33  0.27
MSCISING       0.48  0.43     0.37  0.19        0.40  0.46      0.56      1.00        0.27    0.31  0.34    0.55   0.34           0.08       0.08     0.17    0.06       0.24     0.07  0.03     0.07        0.45         0.01  0.15  0.29 -0.42 -0.45  0.15   0.11  0.19  0.15
MSCITAIWAN     0.62  0.25     0.19  0.56        0.84  0.20      0.32      0.27        1.00    0.38  0.28    0.45   0.28           0.13       0.24     0.12   -0.06      -0.04     0.02  0.25     0.27        0.09         0.16  0.14  0.16 -0.22 -0.33  0.29   0.18  0.09  0.15
NIKKEI         0.44  0.42     0.37  0.57        0.41  0.32      0.51      0.31        0.38    1.00  0.09    0.51   0.92           0.20       0.21     0.14    0.23      -0.10    -0.09 -0.08     0.25        0.07         0.13  0.14  0.21 -0.44 -0.52  0.13   0.03 -0.07 -0.17
NZD            0.29  0.34     0.27  0.24        0.41  0.24      0.47      0.34        0.28    0.09  1.00    0.30   0.08          -0.02      -0.03     0.16   -0.05       0.27     0.07  0.05     0.03        0.37         0.11  0.12  0.29 -0.27 -0.26  0.22   0.24  0.51  0.44
SPI200         0.73  0.74     0.61  0.26        0.50  0.65      0.77      0.55        0.45    0.51  0.30    1.00   0.46           0.13       0.14     0.06   -0.04       0.16     0.07  0.05     0.18        0.25         0.14  0.14  0.33 -0.61 -0.54  0.30   0.24  0.23  0.27
TOPIX          0.39  0.38     0.37  0.47        0.33  0.33      0.53      0.34        0.28    0.92  0.08    0.46   1.00           0.19       0.15     0.13    0.20      -0.08    -0.11 -0.09     0.23        0.03         0.12  0.20  0.27 -0.44 -0.51  0.11   0.01 -0.09 -0.16
CRUDE_W_micro  0.07  0.12     0.11  0.05        0.14  0.13      0.07      0.08        0.13    0.20 -0.02    0.13   0.19           1.00       0.81     0.30    0.24       0.28    -0.09  0.02     0.22        0.06         0.00 -0.04  0.26 -0.05 -0.06 -0.11  -0.27 -0.07 -0.21
GASOILINE      0.21  0.15     0.15  0.12        0.19  0.18      0.10      0.08        0.24    0.21 -0.03    0.14   0.15           0.81       1.00     0.26    0.22       0.29     0.02 -0.01     0.20        0.17        -0.02  0.06  0.23 -0.15 -0.21 -0.18  -0.32 -0.07 -0.18
LIVECOW        0.10  0.18     0.11  0.19        0.12  0.05      0.09      0.17        0.12    0.14  0.16    0.06   0.13           0.30       0.26     1.00    0.23       0.16    -0.19 -0.08     0.18        0.08         0.04  0.10  0.05 -0.14 -0.19  0.04  -0.10 -0.01 -0.15
YENEUR         0.07  0.10     0.09  0.13       -0.03  0.25      0.12      0.06       -0.06    0.23 -0.05   -0.04   0.20           0.24       0.22     0.23    1.00       0.05    -0.10 -0.02     0.02        0.03         0.06 -0.03  0.07 -0.31 -0.26 -0.33  -0.45 -0.21 -0.78
ALUMINIUM      0.10  0.05     0.15 -0.07        0.03  0.20      0.18      0.24       -0.04   -0.10  0.27    0.16  -0.08           0.28       0.29     0.16    0.05       1.00     0.09  0.04     0.15        0.33        -0.05  0.33  0.26 -0.21 -0.05 -0.14  -0.20  0.09  0.14
BITCOIN        0.07 -0.02     0.07 -0.02        0.04  0.03      0.08      0.07        0.02   -0.09  0.07    0.07  -0.11          -0.09       0.02    -0.19   -0.10       0.09     1.00  0.14     0.19        0.05         0.05 -0.05  0.06  0.04 -0.06  0.07   0.07 -0.13  0.12
CORN           0.12  0.01    -0.05  0.14        0.23 -0.03      0.03      0.03        0.25   -0.08  0.05    0.05  -0.09           0.02      -0.01    -0.08   -0.02       0.04     0.14  1.00     0.00       -0.05         0.15  0.07  0.08 -0.06  0.02  0.12   0.12  0.07  0.05
COTTON2        0.22  0.07     0.17  0.14        0.25  0.23      0.20      0.07        0.27    0.25  0.03    0.18   0.23           0.22       0.20     0.18    0.02       0.15     0.19  0.00     1.00        0.13         0.00  0.14  0.18 -0.20 -0.20 -0.13  -0.26 -0.20 -0.04
FTSECHINAA     0.28  0.22     0.20 -0.05        0.26  0.32      0.32      0.45        0.09    0.07  0.37    0.25   0.03           0.06       0.17     0.08    0.03       0.33     0.05 -0.05     0.13        1.00         0.04  0.12  0.19 -0.31 -0.33 -0.18  -0.17  0.09  0.16
GAS_US_mini    0.06  0.05    -0.14  0.05        0.05 -0.04      0.06      0.01        0.16    0.13  0.11    0.14   0.12           0.00      -0.02     0.04    0.06      -0.05     0.05  0.15     0.00        0.04         1.00  0.00 -0.08 -0.11 -0.17  0.04   0.15  0.03 -0.06
IRON           0.20 -0.05    -0.00  0.15        0.07  0.03      0.11      0.15        0.14    0.14  0.12    0.14   0.20          -0.04       0.06     0.10   -0.03       0.33    -0.05  0.07     0.14        0.12         0.00  1.00  0.12 -0.18 -0.10  0.08  -0.07 -0.03  0.01
MXP            0.18  0.30     0.33  0.02        0.37  0.36      0.42      0.29        0.16    0.21  0.29    0.33   0.27           0.26       0.23     0.05    0.07       0.26     0.06  0.08     0.18        0.19        -0.08  0.12  1.00 -0.32 -0.23  0.05  -0.12  0.04  0.15
V2X           -0.64 -0.57    -0.55 -0.29       -0.34 -0.75     -0.71     -0.42       -0.22   -0.44 -0.27   -0.61  -0.44          -0.05      -0.15    -0.14   -0.31      -0.21     0.04 -0.06    -0.20       -0.31        -0.11 -0.18 -0.32  1.00  0.76  0.04  -0.00 -0.02  0.01
VIX           -0.58 -0.62    -0.38 -0.43       -0.45 -0.52     -0.65     -0.45       -0.33   -0.52 -0.26   -0.54  -0.51          -0.06      -0.21    -0.19   -0.26      -0.05    -0.06  0.02    -0.20       -0.33        -0.17 -0.10 -0.23  0.76  1.00  0.00  -0.01  0.03  0.05
BUXL           0.25  0.27     0.13  0.24        0.26 -0.04      0.14      0.15        0.29    0.13  0.22    0.30   0.11          -0.11      -0.18     0.04   -0.33      -0.14     0.07  0.12    -0.13       -0.18         0.04  0.08  0.05  0.04  0.00  1.00   0.66  0.20  0.32
CAD10          0.12  0.15    -0.01  0.20        0.19 -0.11      0.16      0.11        0.18    0.03  0.24    0.24   0.01          -0.27      -0.32    -0.10   -0.45      -0.20     0.07  0.12    -0.26       -0.17         0.15 -0.07 -0.12 -0.00 -0.01  0.66   1.00  0.30  0.50
CHF            0.11  0.28     0.07  0.01        0.17  0.05      0.33      0.19        0.09   -0.07  0.51    0.23  -0.09          -0.07      -0.07    -0.01   -0.21       0.09    -0.13  0.07    -0.20        0.09         0.03 -0.03  0.04 -0.02  0.03  0.20   0.30  1.00  0.54
JPY            0.10  0.18     0.10 -0.04        0.20  0.01      0.27      0.15        0.15   -0.17  0.44    0.27  -0.16          -0.21      -0.18    -0.15   -0.78       0.14     0.12  0.05    -0.04        0.16        -0.06  0.01  0.15  0.01  0.05  0.32   0.50  0.54  1.00


********************************************************************************
                                 END OF REPORT                                  
********************************************************************************


