
********************************************************************************
           Risk report report produced on 2022-05-18 21:02:00.303918            
********************************************************************************


Total risk across all strategies, annualised percentage 9.9
Percentage of capital used for margin 23.2%

========================================
Risk per strategy, annualised percentage
========================================

                  risk
dynamic_TF_carry   9.8


==================================================================================================================================================================================================================================================================
                                                                                                                         Instrument risk                                                                                                                          
==================================================================================================================================================================================================================================================================

              daily_price_stdev  annual_price_stdev     price  daily_perc_stdev  annual_perc_stdev  point_size_base  contract_exposure  daily_risk_per_contract  annual_risk_per_contract  position  capital  exposure_held_perc_capital  annual_risk_perc_capital
JPY                       0.000               0.001      0.01              0.62                9.9       10070899.1              78583                      484                      7759        -1   392440                       -20.0                      -2.0
NASDAQ_micro            294.591            4713.460  11974.25              2.46               39.4              1.6              19294                      474                      7595        -1   392440                        -4.9                      -1.9
SILVER                    0.438               7.013     21.44              2.04               32.7            805.7              17273                      353                      5650        -1   392440                        -4.4                      -1.4
LIVECOW                   1.083              17.329    131.52              0.82               13.2            322.3              42386                      349                      5584        -1   392440                       -10.8                      -1.4
KR10                      0.538               8.606    113.94              0.47                7.6            633.7              72199                      340                      5453        -1   392440                       -18.4                      -1.4
GOLD_micro               17.542             280.676   1813.80              0.97               15.5              8.1              14613                      141                      2261        -2   392440                        -7.4                      -1.2
DJSTX-SMALL               5.004              80.068    326.10              1.53               24.6             42.3              13809                      211                      3390        -1   392440                        -3.5                      -0.9
DOW                     444.067            7105.073  31785.00              1.40               22.4              0.4              12804                      178                      2862        -1   392440                        -3.3                      -0.7
RUSSELL                  38.177             610.829   1771.70              2.15               34.5              4.0               7137                      153                      2460        -1   392440                        -1.8                      -0.6
BITCOIN                1619.951           25919.209  29015.00              5.58               89.3              0.1               2337                      130                      2088        -1   392440                        -0.6                      -0.5
V2X                       1.128              18.045     30.60              3.69               59.0             84.7               2591                       95                      1528         1   392440                         0.7                       0.4
MXP                       0.000               0.005      0.05              0.68               10.8         402836.0              20016                      135                      2166         1   392440                         5.1                       0.6
NIKKEI400               223.099            3569.584  16700.00              1.34               21.4              0.6              10475                      139                      2239         1   392440                         2.7                       0.6
TOPIX                    24.213             387.404   1851.75              1.31               20.9              6.3              11615                      151                      2430         1   392440                         3.0                       0.6
EU-OIL                    6.503             104.045    336.00              1.94               31.0             42.3              14228                      275                      4406         1   392440                         3.6                       1.1
IRON                      4.505              72.074    121.15              3.72               59.5             80.6               9760                      362                      5806         1   392440                         2.5                       1.5
CORN                     10.249             163.987    738.00              1.39               22.2             40.3              29729                      412                      6605         1   392440                         7.6                       1.7
GAS_US_mini               0.297               4.750      8.47              3.51               56.1           2014.2              17060                      597                      9567         1   392440                         4.3                       2.4
SOYBEAN                  16.236             259.779   1501.00              1.08               17.3             40.3              60465                      654                     10464         1   392440                        15.4                       2.7
WHEAT                    19.067             305.071   1097.00              1.74               27.8             40.3              44191                      768                     12289         1   392440                        11.3                       3.1
CRUDE_W_mini              2.943              47.093    104.48              2.82               45.1            402.8              42086                     1185                     18970         1   392440                        10.7                       4.8

Sum of abs(notional exposure % capital) 142.0
Sum of abs(annualised risk % capital) 31.5
Net sum of annualised risk % capital 7.5 

=====================================================================================================================================================================================================
                                                                                            Correlations                                                                                             
=====================================================================================================================================================================================================

              BITCOIN  DJSTX-SMALL   DOW  EU-OIL  LIVECOW   MXP  NASDAQ_micro  NIKKEI400  RUSSELL  TOPIX   JPY  KR10  GOLD_micro  SILVER  WHEAT  CORN  CRUDE_W_mini  GAS_US_mini  IRON  SOYBEAN   V2X
BITCOIN          1.00         0.27  0.30    0.20     0.18  0.12          0.32       0.28     0.33   0.28 -0.05  0.06        0.02    0.10   0.02  0.08          0.10         0.08  0.09     0.04 -0.18
DJSTX-SMALL      0.27         1.00  0.38    0.28     0.23  0.30          0.37       0.39     0.39   0.38  0.01  0.13       -0.07    0.08  -0.12  0.16          0.04         0.14  0.01     0.16 -0.34
DOW              0.30         0.38  1.00    0.27     0.22  0.32          0.43       0.37     0.47   0.37 -0.01  0.09        0.04    0.14  -0.05  0.09          0.12         0.08  0.09     0.12 -0.31
EU-OIL           0.20         0.28  0.27    1.00     0.14  0.21          0.22       0.18     0.28   0.21  0.03 -0.04        0.04    0.13   0.08  0.18          0.31         0.22  0.15     0.16 -0.22
LIVECOW          0.18         0.23  0.22    0.14     1.00  0.09          0.21       0.15     0.18   0.15 -0.07  0.05       -0.05   -0.00  -0.11 -0.00          0.01         0.03 -0.00     0.06 -0.07
MXP              0.12         0.30  0.32    0.21     0.09  1.00          0.25       0.30     0.29   0.30  0.11  0.08        0.09    0.17  -0.05  0.08         -0.00         0.11  0.07     0.14 -0.20
NASDAQ_micro     0.32         0.37  0.43    0.22     0.21  0.25          1.00       0.37     0.45   0.39  0.03  0.13       -0.02    0.07  -0.07  0.05          0.11         0.10  0.03    -0.01 -0.27
NIKKEI400        0.28         0.39  0.37    0.18     0.15  0.30          0.37       1.00     0.36   0.50 -0.06  0.03       -0.09    0.02  -0.15  0.05         -0.01         0.04 -0.03     0.05 -0.27
RUSSELL          0.33         0.39  0.47    0.28     0.18  0.29          0.45       0.36     1.00   0.37  0.07  0.12        0.06    0.18  -0.02  0.12          0.18         0.09  0.10     0.06 -0.29
TOPIX            0.28         0.38  0.37    0.21     0.15  0.30          0.39       0.50     0.37   1.00 -0.04  0.04       -0.08    0.02  -0.14  0.05          0.02         0.04 -0.03     0.04 -0.27
JPY             -0.05         0.01 -0.01    0.03    -0.07  0.11          0.03      -0.06     0.07  -0.04  1.00  0.31        0.23    0.15   0.14  0.12          0.18        -0.00  0.06     0.07  0.07
KR10             0.06         0.13  0.09   -0.04     0.05  0.08          0.13       0.03     0.12   0.04  0.31  1.00       -0.00   -0.00  -0.01 -0.01          0.12        -0.09  0.03    -0.03 -0.04
GOLD_micro       0.02        -0.07  0.04    0.04    -0.05  0.09         -0.02      -0.09     0.06  -0.08  0.23 -0.00        1.00    0.45   0.29  0.14          0.21         0.09  0.16     0.14  0.19
SILVER           0.10         0.08  0.14    0.13    -0.00  0.17          0.07       0.02     0.18   0.02  0.15 -0.00        0.45    1.00   0.25  0.16          0.20         0.13  0.19     0.18  0.07
WHEAT            0.02        -0.12 -0.05    0.08    -0.11 -0.05         -0.07      -0.15    -0.02  -0.14  0.14 -0.01        0.29    0.25   1.00  0.32          0.24         0.12  0.13     0.23  0.21
CORN             0.08         0.16  0.09    0.18    -0.00  0.08          0.05       0.05     0.12   0.05  0.12 -0.01        0.14    0.16   0.32  1.00          0.21         0.15  0.20     0.38  0.03
CRUDE_W_mini     0.10         0.04  0.12    0.31     0.01 -0.00          0.11      -0.01     0.18   0.02  0.18  0.12        0.21    0.20   0.24  0.21          1.00         0.19  0.22     0.13  0.01
GAS_US_mini      0.08         0.14  0.08    0.22     0.03  0.11          0.10       0.04     0.09   0.04 -0.00 -0.09        0.09    0.13   0.12  0.15          0.19         1.00  0.13     0.15 -0.01
IRON             0.09         0.01  0.09    0.15    -0.00  0.07          0.03      -0.03     0.10  -0.03  0.06  0.03        0.16    0.19   0.13  0.20          0.22         0.13  1.00     0.19  0.05
SOYBEAN          0.04         0.16  0.12    0.16     0.06  0.14         -0.01       0.05     0.06   0.04  0.07 -0.03        0.14    0.18   0.23  0.38          0.13         0.15  0.19     1.00  0.03
V2X             -0.18        -0.34 -0.31   -0.22    -0.07 -0.20         -0.27      -0.27    -0.29  -0.27  0.07 -0.04        0.19    0.07   0.21  0.03          0.01        -0.01  0.05     0.03  1.00


********************************************************************************
                                 END OF REPORT                                  
********************************************************************************


