
********************************************************************************
                    Risk report produced on 15/05/2026 22:51                    
********************************************************************************


Total risk across all strategies, annualised percentage 10.7
Percentage of capital used for margin 34.4%

========================================
Risk per strategy, annualised percentage
========================================

                  risk
dynamic_TF_carry  10.7


===================
Risk by asset class
===================

Ags       1.6
Bond      2.2
Equity    6.5
FX        2.6
Metals    1.3
OilGas    4.8
Other     0.3
Sector    2.1
Vol       0.1
dtype: float64


=====================================================
Beta loadings of asset class positions on asset class
=====================================================

Bond     -0.39
Metals   -0.03
Vol      -0.00
Other     0.01
Sector    0.09
OilGas    0.11
Ags       0.11
FX        0.17
Equity    0.35
dtype: float64


========================================================
Beta loadings of full portfolio positions on asset class
========================================================

Bond     -0.20
Vol      -0.08
Metals    0.05
OilGas    0.06
Other     0.12
Equity    0.29
Ags       0.29
Sector    0.30
FX        0.44
dtype: float64


================================================================================================================================================================================================================================================================
                                                                                                                        Instrument risk                                                                                                                         
================================================================================================================================================================================================================================================================

            daily_price_stdev  annual_price_stdev     price  daily_perc_stdev  annual_perc_stdev  point_size_base  contract_exposure  daily_risk_per_contract  annual_risk_per_contract  position  capital  exposure_held_perc_capital  annual_risk_perc_capital
JPY                     0.000               0.001      0.01              0.59                9.5        9369366.7              59176                      352                      5633        -3   706343                       -25.1                      -2.4
BITCOIN              1868.590           29897.435  79170.00              2.36               37.8              0.1               5934                      140                      2240        -4   706343                        -3.4                      -1.3
DAX                   305.398            4886.362  24035.00              1.27               20.3              0.9              20958                      266                      4260        -2   706343                        -5.9                      -1.2
KR10                    0.472               7.554    106.32              0.44                7.1            498.1              52956                      235                      3762        -2   706343                       -15.0                      -1.1
BUND                    0.467               7.472    124.27              0.38                6.0            872.0             108361                      407                      6515        -1   706343                       -15.3                      -0.9
LEANHOG                 1.256              20.102    103.35              1.22               19.5            299.8              30986                      376                      6027        -1   706343                        -4.4                      -0.9
CAD10                   0.505               8.087    117.99              0.43                6.9            545.0              64305                      275                      4407        -1   706343                        -9.1                      -0.6
DOW                   415.967            6655.475  49667.00              0.84               13.4              0.4              18613                      155                      2494        -1   706343                        -2.6                      -0.4
V2X                     0.569               9.096     22.35              2.54               40.7             87.2               1948                       49                       793        -1   706343                        -0.3                      -0.1
GAS-PEN                 0.096               1.532      2.97              3.23               51.6           7495.5              22254                      717                     11484         0   706343                         0.0                       0.0
RUBBER                  3.323              53.164    218.90              1.52               24.3             37.5               8203                      124                      1992         1   706343                         1.2                       0.3
MUMMY                  14.654             234.467    790.00              1.85               29.7              4.7               3733                       69                      1108         2   706343                         1.1                       0.3
AUD_micro               0.004               0.062      0.71              0.55                8.7           7495.5               5357                       29                       468         5   706343                         3.8                       0.3
CORN                    4.979              79.672    481.25              1.03               16.6             37.5              18036                      186                      2985         1   706343                         2.6                       0.4
CANOLA                  8.906             142.497    738.30              1.21               19.3             10.9               8047                       97                      1553         2   706343                         2.3                       0.4
KOSDAQ                 42.041             672.658   1944.60              2.16               34.6              5.0               9685                      209                      3350         1   706343                         1.4                       0.5
TOPIX                  45.104             721.670   3871.00              1.17               18.6              4.7              18292                      213                      3410         1   706343                         2.6                       0.5
MXP                     0.000               0.005      0.06              0.56                8.9         374774.7              21545                      120                      1923         2   706343                         6.1                       0.5
NZD                     0.004               0.060      0.58              0.64               10.2          74954.9              43822                      279                      4464         1   706343                         6.2                       0.6
EU-OIL                  6.957             111.304    532.60              1.31               20.9             43.6              23221                      303                      4852         1   706343                         3.3                       0.7
RUSSELL                33.772             540.356   2804.70              1.20               19.3              3.7              10511                      126                      2025         5   706343                         7.4                       1.4
LIVECOW                 2.159              34.537    253.95              0.85               13.6            299.8              76139                      647                     10354         1   706343                        10.8                       1.5
EU-BASIC               17.479             279.667    818.50              2.14               34.2             43.6              35686                      762                     12193         1   706343                         5.1                       1.7
GBP                     0.006               0.098      1.33              0.46                7.3          46846.8              62395                      286                      4580         3   706343                        26.5                       1.9
MSCIEAFA               38.435             614.964   3024.50              1.27               20.3             37.5             113350                     1440                     23047         1   706343                        16.0                       3.3
MSCIEMASIA             19.266             308.260   1107.50              1.74               27.8             75.0              83012                     1444                     23105         1   706343                        11.8                       3.3
GASOILINE               0.067               1.068      3.56              1.88               30.0          31481.1             112034                     2100                     33612         1   706343                        15.9                       4.8

Sum of abs(notional exposure % capital) 205.2
Sum of abs(annualised risk % capital) 31.3
Net sum of annualised risk % capital 13.5 

==============================================================================================================================================================================================================================
                                                                                                         Correlations                                                                                                         
==============================================================================================================================================================================================================================

            CANOLA  CORN  GASOILINE   V2X  AUD_micro   DAX   DOW  EU-BASIC   GBP  MSCIEAFA  MSCIEMASIA   MXP   NZD  RUSSELL  EU-OIL  LEANHOG  LIVECOW  MUMMY  RUBBER  TOPIX  GAS-PEN  KOSDAQ  BITCOIN  BUND  CAD10   JPY  KR10
CANOLA        1.00  0.38       0.41  0.22      -0.07 -0.25 -0.14     -0.14 -0.17     -0.23       -0.12 -0.21 -0.10    -0.11    0.11     0.20    -0.11   0.07    0.06   0.05     0.13    0.07    -0.04 -0.06  -0.15 -0.25 -0.08
CORN          0.38  1.00       0.41  0.24       0.16 -0.24 -0.17     -0.10 -0.02     -0.26       -0.05 -0.12  0.04    -0.21    0.14     0.08    -0.13   0.01    0.21  -0.09     0.29    0.22    -0.09 -0.23  -0.27 -0.02 -0.25
GASOILINE     0.41  0.41       1.00  0.20      -0.04 -0.11 -0.19     -0.11 -0.34     -0.26       -0.10 -0.28 -0.26    -0.16    0.54     0.17     0.15   0.20    0.16   0.11     0.07    0.08     0.08 -0.34  -0.22 -0.37 -0.17
V2X           0.22  0.24       0.20  1.00      -0.43 -0.72 -0.64     -0.62 -0.41     -0.66       -0.58 -0.41 -0.48    -0.58   -0.29    -0.03    -0.19  -0.20   -0.32  -0.41     0.14   -0.08    -0.31 -0.21  -0.34 -0.24 -0.11
AUD_micro    -0.07  0.16      -0.04 -0.43       1.00  0.38  0.38      0.52  0.69      0.62        0.68  0.54  0.89     0.35    0.22     0.03    -0.05   0.13    0.38   0.19     0.22    0.48     0.19  0.14   0.21  0.48  0.07
DAX          -0.25 -0.24      -0.11 -0.72       0.38  1.00  0.51      0.63  0.38      0.77        0.61  0.31  0.37     0.44    0.37    -0.00     0.24   0.33    0.31   0.39    -0.14    0.12     0.36  0.30   0.44  0.25  0.20
DOW          -0.14 -0.17      -0.19 -0.64       0.38  0.51  1.00      0.57  0.25      0.68        0.58  0.39  0.41     0.84    0.06     0.03     0.04   0.20    0.24   0.40    -0.03    0.01     0.35  0.30   0.30  0.16  0.02
EU-BASIC     -0.14 -0.10      -0.11 -0.62       0.52  0.63  0.57      1.00  0.35      0.74        0.67  0.49  0.50     0.51    0.38     0.13     0.11   0.31    0.61   0.58    -0.02    0.13     0.23  0.20   0.30  0.17 -0.01
GBP          -0.17 -0.02      -0.34 -0.41       0.69  0.38  0.25      0.35  1.00      0.56        0.50  0.51  0.80     0.29    0.01     0.03     0.09   0.05    0.24   0.10    -0.01    0.50     0.22  0.16   0.26  0.55  0.17
MSCIEAFA     -0.23 -0.26      -0.26 -0.66       0.62  0.77  0.68      0.74  0.56      1.00        0.76  0.57  0.61     0.57    0.21    -0.04     0.15   0.27    0.26   0.50    -0.08    0.14     0.24  0.38   0.46  0.39  0.16
MSCIEMASIA   -0.12 -0.05      -0.10 -0.58       0.68  0.61  0.58      0.67  0.50      0.76        1.00  0.58  0.62     0.57    0.21    -0.17    -0.05   0.21    0.41   0.35     0.12    0.38     0.37  0.30   0.26  0.28  0.01
MXP          -0.21 -0.12      -0.28 -0.41       0.54  0.31  0.39      0.49  0.51      0.57        0.58  1.00  0.57     0.40    0.03    -0.00     0.06   0.17    0.13   0.26     0.01    0.28     0.10  0.17   0.08  0.25  0.02
NZD          -0.10  0.04      -0.26 -0.48       0.89  0.37  0.41      0.50  0.80      0.61        0.62  0.57  1.00     0.42    0.08     0.06    -0.09   0.05    0.32   0.13     0.15    0.43     0.23  0.28   0.29  0.59  0.11
RUSSELL      -0.11 -0.21      -0.16 -0.58       0.35  0.44  0.84      0.51  0.29      0.57        0.57  0.40  0.42     1.00    0.05     0.03     0.01   0.18    0.16   0.32    -0.15    0.01     0.45  0.33   0.20  0.16 -0.02
EU-OIL        0.11  0.14       0.54 -0.29       0.22  0.37  0.06      0.38  0.01      0.21        0.21  0.03  0.08     0.05    1.00     0.20     0.17   0.29    0.38   0.40     0.00    0.30     0.06 -0.14   0.05 -0.18 -0.18
LEANHOG       0.20  0.08       0.17 -0.03       0.03 -0.00  0.03      0.13  0.03     -0.04       -0.17 -0.00  0.06     0.03    0.20     1.00     0.13   0.30    0.17   0.26    -0.15   -0.05    -0.05 -0.08  -0.02 -0.15 -0.06
LIVECOW      -0.11 -0.13       0.15 -0.19      -0.05  0.24  0.04      0.11  0.09      0.15       -0.05  0.06 -0.09     0.01    0.17     0.13     1.00   0.04    0.10   0.20    -0.33   -0.01     0.01 -0.08  -0.06 -0.02  0.13
MUMMY         0.07  0.01       0.20 -0.20       0.13  0.33  0.20      0.31  0.05      0.27        0.21  0.17  0.05     0.18    0.29     0.30     0.04   1.00    0.21   0.57     0.02   -0.12     0.05 -0.02   0.06 -0.21  0.05
RUBBER        0.06  0.21       0.16 -0.32       0.38  0.31  0.24      0.61  0.24      0.26        0.41  0.13  0.32     0.16    0.38     0.17     0.10   0.21    1.00   0.38     0.09    0.22     0.09 -0.01   0.07  0.08  0.01
TOPIX         0.05 -0.09       0.11 -0.41       0.19  0.39  0.40      0.58  0.10      0.50        0.35  0.26  0.13     0.32    0.40     0.26     0.20   0.57    0.38   1.00    -0.21   -0.04    -0.01 -0.00   0.18 -0.23 -0.10
GAS-PEN       0.13  0.29       0.07  0.14       0.22 -0.14 -0.03     -0.02 -0.01     -0.08        0.12  0.01  0.15    -0.15    0.00    -0.15    -0.33   0.02    0.09  -0.21     1.00    0.21     0.10 -0.12  -0.07  0.02 -0.21
KOSDAQ        0.07  0.22       0.08 -0.08       0.48  0.12  0.01      0.13  0.50      0.14        0.38  0.28  0.43     0.01    0.30    -0.05    -0.01  -0.12    0.22  -0.04     0.21    1.00     0.12 -0.09  -0.08  0.18 -0.04
BITCOIN      -0.04 -0.09       0.08 -0.31       0.19  0.36  0.35      0.23  0.22      0.24        0.37  0.10  0.23     0.45    0.06    -0.05     0.01   0.05    0.09  -0.01     0.10    0.12     1.00  0.06   0.08  0.07  0.11
BUND         -0.06 -0.23      -0.34 -0.21       0.14  0.30  0.30      0.20  0.16      0.38        0.30  0.17  0.28     0.33   -0.14    -0.08    -0.08  -0.02   -0.01  -0.00    -0.12   -0.09     0.06  1.00   0.60  0.45  0.46
CAD10        -0.15 -0.27      -0.22 -0.34       0.21  0.44  0.30      0.30  0.26      0.46        0.26  0.08  0.29     0.20    0.05    -0.02    -0.06   0.06    0.07   0.18    -0.07   -0.08     0.08  0.60   1.00  0.39  0.52
JPY          -0.25 -0.02      -0.37 -0.24       0.48  0.25  0.16      0.17  0.55      0.39        0.28  0.25  0.59     0.16   -0.18    -0.15    -0.02  -0.21    0.08  -0.23     0.02    0.18     0.07  0.45   0.39  1.00  0.31
KR10         -0.08 -0.25      -0.17 -0.11       0.07  0.20  0.02     -0.01  0.17      0.16        0.01  0.02  0.11    -0.02   -0.18    -0.06     0.13   0.05    0.01  -0.10    -0.21   -0.04     0.11  0.46   0.52  0.31  1.00


********************************************************************************
                                 END OF REPORT                                  
********************************************************************************


