
********************************************************************************
                    Risk report produced on 12/01/2024 22:51                    
********************************************************************************


Total risk across all strategies, annualised percentage 8.8
Percentage of capital used for margin 59.5%

========================================
Risk per strategy, annualised percentage
========================================

                  risk
dynamic_TF_carry   8.8


===================
Risk by asset class
===================

Ags       1.8
Bond      2.3
Equity    5.2
FX        4.3
Metals    2.0
OilGas    1.2
Vol       1.5
dtype: float64


=====================================================
Beta loadings of asset class positions on asset class
=====================================================

FX       -0.26
Ags      -0.07
Vol      -0.03
OilGas   -0.02
Metals    0.05
Bond      0.21
Equity    0.45
dtype: float64


========================================================
Beta loadings of full portfolio positions on asset class
========================================================

Bond     -0.15
Vol      -0.15
FX       -0.14
Ags       0.01
OilGas    0.01
Metals    0.04
Equity    0.69
dtype: float64


==================================================================================================================================================================================================================================================================
                                                                                                                         Instrument risk                                                                                                                          
==================================================================================================================================================================================================================================================================

              daily_price_stdev  annual_price_stdev     price  daily_perc_stdev  annual_perc_stdev  point_size_base  contract_exposure  daily_risk_per_contract  annual_risk_per_contract  position  capital  exposure_held_perc_capital  annual_risk_perc_capital
JPY                       0.000               0.001      0.01              0.67               10.7        9786459.5              68240                      456                      7301        -2   365886                       -37.3                      -4.0
LEANHOG                   1.280              20.474     78.58              1.63               26.1            313.2              24607                      400                      6411        -1   365886                        -6.7                      -1.8
VIX                       0.428               6.852     14.40              2.97               47.6            782.9              11274                      335                      5364        -1   365886                        -3.1                      -1.5
BOBL                      0.334               5.342    118.46              0.28                4.5            859.3             101796                      286                      4590        -1   365886                       -27.8                      -1.3
GAS_US_mini               0.136               2.178      3.34              4.08               65.3           1957.3               6527                      266                      4263        -1   365886                        -1.8                      -1.2
GOLD_micro               15.899             254.382   2071.50              0.77               12.3              7.8              16218                      124                      1991        -2   365886                        -8.9                      -1.1
RUSSELL                  26.389             422.227   1963.30              1.34               21.5              3.9               7685                      103                      1652        -2   365886                        -4.2                      -0.9
EUR_micro                 0.005               0.077      1.10              0.44                7.0           9786.5              10747                       47                       752        -2   365886                        -5.9                      -0.4
FTSECHINAA              116.820            1869.125  11050.00              1.06               16.9              0.8               8651                       91                      1463        -1   365886                        -2.4                      -0.4
COPPER-micro              0.045               0.715      3.74              1.19               19.1           1957.3               7322                       87                      1399        -1   365886                        -2.0                      -0.4
MXP                       0.000               0.005      0.06              0.57                9.2         391458.4              22978                      132                      2113         2   365886                        12.6                       1.2
BITCOIN                1324.998           21199.970  43645.00              3.04               48.6              0.1               3417                      103                      1659         3   365886                         2.8                       1.4
IRON                      2.074              33.190    133.00              1.56               25.0             78.3              10412                      162                      2598         2   365886                         5.7                       1.4
FTSETAIWAN               10.944             175.104   1512.25              0.72               11.6             31.3              47358                      342                      5483         1   365886                        12.9                       1.5
NIKKEI                  331.709            5307.351  35460.00              0.94               15.0              0.5              19124                      178                      2862         2   365886                        10.5                       1.6
CAC                      54.381             870.099   7454.50              0.73               11.7              8.6              64059                      467                      7477         1   365886                        17.5                       2.0
R1000                    12.519             200.297   1629.10              0.77               12.3             39.1              63772                      490                      7840         1   365886                        17.4                       2.1
KR10                      0.511               8.175    114.23              0.45                7.2            596.8              68169                      304                      4878         2   365886                        37.3                       2.7

Sum of abs(notional exposure % capital) 216.8
Sum of abs(annualised risk % capital) 26.9
Net sum of annualised risk % capital 0.9 

==========================================================================================================================================================================
                                                                               Correlations                                                                               
==========================================================================================================================================================================

              BOBL  GOLD_micro   JPY  KR10  BITCOIN  GAS_US_mini  LEANHOG   CAC  FTSETAIWAN   MXP  NIKKEI  R1000  RUSSELL  COPPER-micro  EUR_micro  FTSECHINAA  IRON   VIX
BOBL          1.00        0.32  0.38  0.54     0.14        -0.14    -0.04  0.17        0.09 -0.05   -0.13   0.09     0.09          0.10       0.14       -0.04  0.13  0.18
GOLD_micro    0.32        1.00  0.49  0.17     0.15        -0.07    -0.02  0.12        0.16  0.10    0.06   0.18     0.09          0.43       0.51        0.14  0.22  0.01
JPY           0.38        0.49  1.00  0.21     0.04        -0.21    -0.16  0.12        0.12  0.07   -0.31   0.17     0.17          0.38       0.51        0.02  0.18 -0.05
KR10          0.54        0.17  0.21  1.00     0.16        -0.02     0.11  0.32        0.37  0.15    0.17   0.28     0.24          0.11       0.31        0.01  0.14 -0.11
BITCOIN       0.14        0.15  0.04  0.16     1.00         0.09     0.02  0.26        0.09  0.07    0.06   0.23     0.23          0.10       0.21       -0.11  0.04 -0.12
GAS_US_mini  -0.14       -0.07 -0.21 -0.02     0.09         1.00     0.23  0.09        0.12  0.09    0.27   0.17     0.11         -0.03       0.11        0.22 -0.10 -0.20
LEANHOG      -0.04       -0.02 -0.16  0.11     0.02         0.23     1.00  0.33        0.15  0.29    0.40   0.26     0.25          0.05       0.19        0.06  0.00 -0.28
CAC           0.17        0.12  0.12  0.32     0.26         0.09     0.33  1.00        0.56  0.57    0.51   0.75     0.68          0.35       0.41        0.13  0.18 -0.56
FTSETAIWAN    0.09        0.16  0.12  0.37     0.09         0.12     0.15  0.56        1.00  0.41    0.53   0.59     0.60          0.45       0.43        0.32  0.21 -0.42
MXP          -0.05        0.10  0.07  0.15     0.07         0.09     0.29  0.57        0.41  1.00    0.39   0.49     0.44          0.46       0.43        0.14  0.25 -0.59
NIKKEI       -0.13        0.06 -0.31  0.17     0.06         0.27     0.40  0.51        0.53  0.39    1.00   0.56     0.52          0.25       0.20        0.27  0.08 -0.54
R1000         0.09        0.18  0.17  0.28     0.23         0.17     0.26  0.75        0.59  0.49    0.56   1.00     0.87          0.51       0.45        0.28  0.32 -0.66
RUSSELL       0.09        0.09  0.17  0.24     0.23         0.11     0.25  0.68        0.60  0.44    0.52   0.87     1.00          0.46       0.38        0.19  0.27 -0.58
COPPER-micro  0.10        0.43  0.38  0.11     0.10        -0.03     0.05  0.35        0.45  0.46    0.25   0.51     0.46          1.00       0.50        0.32  0.53 -0.33
EUR_micro     0.14        0.51  0.51  0.31     0.21         0.11     0.19  0.41        0.43  0.43    0.20   0.45     0.38          0.50       1.00        0.19  0.08 -0.37
FTSECHINAA   -0.04        0.14  0.02  0.01    -0.11         0.22     0.06  0.13        0.32  0.14    0.27   0.28     0.19          0.32       0.19        1.00  0.23 -0.23
IRON          0.13        0.22  0.18  0.14     0.04        -0.10     0.00  0.18        0.21  0.25    0.08   0.32     0.27          0.53       0.08        0.23  1.00 -0.17
VIX           0.18        0.01 -0.05 -0.11    -0.12        -0.20    -0.28 -0.56       -0.42 -0.59   -0.54  -0.66    -0.58         -0.33      -0.37       -0.23 -0.17  1.00


********************************************************************************
                                 END OF REPORT                                  
********************************************************************************


