
********************************************************************************
                    Risk report produced on 17/10/2024 22:52                    
********************************************************************************


Total risk across all strategies, annualised percentage 12.9
Percentage of capital used for margin 68.7%

========================================
Risk per strategy, annualised percentage
========================================

                  risk
dynamic_TF_carry  12.9


===================
Risk by asset class
===================

Ags        2.6
Bond       0.6
Equity    10.4
FX         1.8
Metals     1.1
OilGas     1.8
Sector     0.9
Vol        1.1
dtype: float64


=====================================================
Beta loadings of asset class positions on asset class
=====================================================

Sector   -0.04
OilGas   -0.03
Vol      -0.02
Metals    0.03
Ags       0.04
Bond      0.11
FX        0.18
Equity    0.70
dtype: float64


========================================================
Beta loadings of full portfolio positions on asset class
========================================================

Vol      -0.21
Bond     -0.07
OilGas    0.02
Ags       0.10
Metals    0.12
Sector    0.29
FX        0.48
Equity    0.80
dtype: float64


===================================================================================================================================================================================================================================================================
                                                                                                                          Instrument risk                                                                                                                          
===================================================================================================================================================================================================================================================================

               daily_price_stdev  annual_price_stdev     price  daily_perc_stdev  annual_perc_stdev  point_size_base  contract_exposure  daily_risk_per_contract  annual_risk_per_contract  position  capital  exposure_held_perc_capital  annual_risk_perc_capital
GAS-PEN                    0.087               1.399      2.34              3.74               59.8           7701.2              18005                      673                     10775        -1   582879                        -3.1                      -1.8
VIX                        0.517               8.280     18.40              2.81               45.0            770.1              14170                      398                      6376        -1   582879                        -2.4                      -1.1
SOYMEAL                    4.750              76.007    314.80              1.51               24.1             77.0              24243                      365                      5853        -1   582879                        -4.2                      -1.0
COTTON2                    0.942              15.078     70.86              1.33               21.3            385.1              27285                      362                      5805        -1   582879                        -4.7                      -1.0
EU-AUTO                    8.208             131.325    563.60              1.46               23.3             41.8              23553                      343                      5488        -1   582879                        -4.0                      -0.9
CORN                       4.969              79.512    406.75              1.22               19.5             38.5              15662                      191                      3061        -1   582879                        -2.7                      -0.5
IRON                       2.376              38.020    102.25              2.32               37.2             77.0               7874                      183                      2928        -1   582879                        -1.4                      -0.5
CANOLA                     9.171             146.728    622.10              1.47               23.6             11.2               6961                      102                      1641        -1   582879                        -1.2                      -0.3
MUMMY                     12.551             200.813    612.00              2.05               32.8              5.2               3152                       64                      1034         1   582879                         0.5                       0.2
RUSSELL                   24.026             384.411   2297.00              1.05               16.7              3.9               8844                       92                      1480         1   582879                         1.5                       0.3
CRUDE_W_micro              1.532              24.520     69.64              2.20               35.2             77.0               5363                      118                      1888         1   582879                         0.9                       0.3
TOPIX                     38.093             609.495   2692.00              1.42               22.6              5.2              13864                      196                      3139         1   582879                         2.4                       0.5
KR10                       0.409               6.542    117.03              0.35                5.6            563.7              65973                      230                      3688         1   582879                        11.3                       0.6
SUGAR11                    0.343               5.491     20.46              1.68               26.8            862.5              17647                      295                      4735         1   582879                         3.0                       0.8
MSCISING                   2.662              42.598    348.45              0.76               12.2             58.6              20435                      156                      2498         2   582879                         7.0                       0.9
DOW                      273.515            4376.239  43527.00              0.63               10.1              0.4              16760                      105                      1685         3   582879                         8.6                       0.9
LIVECOW                    1.116              17.850    186.85              0.60                9.6            308.0              57558                      343                      5498         1   582879                         9.9                       0.9
SILVER                     0.506               8.104     31.83              1.59               25.5            770.1              24512                      390                      6241         1   582879                         4.2                       1.1
YENEUR                     1.027              16.426    161.89              0.63               10.1            643.8             104224                      660                     10575         1   582879                        17.9                       1.8
FTSETAIWAN                22.143             354.295   1934.50              1.14               18.3             30.8              59592                      682                     10914         1   582879                        10.2                       1.9
LEANHOG                    1.142              18.273     77.72              1.47               23.5            308.0              23943                      351                      5628         2   582879                         8.2                       1.9
MSCIEAFA                  19.566             313.058   2417.00              0.81               13.0             38.5              93069                      753                     12054         1   582879                        16.0                       2.1
MSCITAIWAN                11.899             190.376    959.80              1.24               19.8             77.0              73916                      916                     14661         1   582879                        12.7                       2.5
MIB                      288.488            4615.804  34890.00              0.83               13.2              4.2             145807                     1205                     19289         1   582879                        25.0                       3.3

Sum of abs(notional exposure % capital) 163.0
Sum of abs(annualised risk % capital) 27.1
Net sum of annualised risk % capital 12.9 

==========================================================================================================================================================================================================================
                                                                                                       Correlations                                                                                                       
==========================================================================================================================================================================================================================

                DOW  EU-AUTO  FTSETAIWAN   MIB  MSCIEAFA  MSCISING  MSCITAIWAN  MUMMY  RUSSELL  TOPIX  COTTON2  CRUDE_W_micro  LIVECOW  SILVER  SUGAR11  YENEUR  CANOLA  CORN  IRON  LEANHOG  SOYMEAL  GAS-PEN  KR10   VIX
DOW            1.00     0.60        0.53  0.70      0.80      0.64        0.51   0.65     0.87   0.50     0.26           0.15     0.29    0.46     0.37    0.27    0.13  0.07 -0.08     0.12    -0.06     0.09  0.22 -0.58
EU-AUTO        0.60     1.00        0.56  0.77      0.67      0.50        0.51   0.58     0.62   0.57     0.39           0.16     0.21    0.22     0.24    0.34    0.23  0.08 -0.06     0.17     0.06    -0.00 -0.04 -0.46
FTSETAIWAN     0.53     0.56        1.00  0.54      0.61      0.63        0.97   0.59     0.53   0.66     0.35           0.30     0.26    0.38     0.32    0.59    0.06  0.02  0.07    -0.10    -0.15     0.00  0.12 -0.52
MIB            0.70     0.77        0.54  1.00      0.71      0.61        0.50   0.67     0.69   0.64     0.28           0.17     0.38    0.28     0.28    0.46    0.25  0.02 -0.12     0.10    -0.07     0.08 -0.01 -0.64
MSCIEAFA       0.80     0.67        0.61  0.71      1.00      0.64        0.55   0.71     0.73   0.56     0.31           0.18     0.27    0.44     0.42    0.34    0.17  0.07 -0.01     0.15     0.02     0.15  0.20 -0.66
MSCISING       0.64     0.50        0.63  0.61      0.64      1.00        0.59   0.68     0.55   0.61     0.26           0.08     0.16    0.40     0.26    0.43    0.08 -0.05 -0.18     0.05    -0.08     0.13  0.07 -0.53
MSCITAIWAN     0.51     0.51        0.97  0.50      0.55      0.59        1.00   0.56     0.49   0.65     0.34           0.34     0.26    0.39     0.31    0.61    0.05  0.01  0.10    -0.16    -0.17     0.03  0.11 -0.47
MUMMY          0.65     0.58        0.59  0.67      0.71      0.68        0.56   1.00     0.62   0.76     0.23           0.10     0.22    0.27     0.43    0.43    0.07 -0.04 -0.12     0.05    -0.07     0.09  0.07 -0.56
RUSSELL        0.87     0.62        0.53  0.69      0.73      0.55        0.49   0.62     1.00   0.48     0.33           0.20     0.33    0.38     0.32    0.23    0.18  0.06 -0.05     0.20    -0.06    -0.02  0.15 -0.49
TOPIX          0.50     0.57        0.66  0.64      0.56      0.61        0.65   0.76     0.48   1.00     0.28           0.20     0.32    0.21     0.32    0.70    0.15 -0.06  0.00     0.03    -0.12     0.13 -0.21 -0.54
COTTON2        0.26     0.39        0.35  0.28      0.31      0.26        0.34   0.23     0.33   0.28     1.00           0.38     0.31    0.15     0.36    0.22    0.12  0.15  0.05     0.16     0.07    -0.02  0.00 -0.26
CRUDE_W_micro  0.15     0.16        0.30  0.17      0.18      0.08        0.34   0.10     0.20   0.20     0.38           1.00     0.53    0.34     0.37    0.41    0.20  0.13  0.11     0.06    -0.18     0.17 -0.21 -0.17
LIVECOW        0.29     0.21        0.26  0.38      0.27      0.16        0.26   0.22     0.33   0.32     0.31           0.53     1.00    0.24     0.37    0.33    0.20  0.05  0.09     0.15    -0.14     0.13 -0.22 -0.31
SILVER         0.46     0.22        0.38  0.28      0.44      0.40        0.39   0.27     0.38   0.21     0.15           0.34     0.24    1.00     0.23    0.24    0.16  0.07  0.21     0.07     0.05     0.18  0.06 -0.23
SUGAR11        0.37     0.24        0.32  0.28      0.42      0.26        0.31   0.43     0.32   0.32     0.36           0.37     0.37    0.23     1.00    0.24    0.21 -0.01  0.13     0.08     0.04    -0.06  0.03 -0.36
YENEUR         0.27     0.34        0.59  0.46      0.34      0.43        0.61   0.43     0.23   0.70     0.22           0.41     0.33    0.24     0.24    1.00    0.11 -0.14 -0.00    -0.01    -0.30     0.14 -0.30 -0.46
CANOLA         0.13     0.23        0.06  0.25      0.17      0.08        0.05   0.07     0.18   0.15     0.12           0.20     0.20    0.16     0.21    0.11    1.00  0.36  0.18     0.40     0.39     0.04 -0.27 -0.17
CORN           0.07     0.08        0.02  0.02      0.07     -0.05        0.01  -0.04     0.06  -0.06     0.15           0.13     0.05    0.07    -0.01   -0.14    0.36  1.00  0.19     0.17     0.53     0.24 -0.01  0.11
IRON          -0.08    -0.06        0.07 -0.12     -0.01     -0.18        0.10  -0.12    -0.05   0.00     0.05           0.11     0.09    0.21     0.13   -0.00    0.18  0.19  1.00     0.02     0.32    -0.17  0.08  0.15
LEANHOG        0.12     0.17       -0.10  0.10      0.15      0.05       -0.16   0.05     0.20   0.03     0.16           0.06     0.15    0.07     0.08   -0.01    0.40  0.17  0.02     1.00     0.23     0.02 -0.13  0.02
SOYMEAL       -0.06     0.06       -0.15 -0.07      0.02     -0.08       -0.17  -0.07    -0.06  -0.12     0.07          -0.18    -0.14    0.05     0.04   -0.30    0.39  0.53  0.32     0.23     1.00     0.08  0.06  0.22
GAS-PEN        0.09    -0.00        0.00  0.08      0.15      0.13        0.03   0.09    -0.02   0.13    -0.02           0.17     0.13    0.18    -0.06    0.14    0.04  0.24 -0.17     0.02     0.08     1.00 -0.07 -0.20
KR10           0.22    -0.04        0.12 -0.01      0.20      0.07        0.11   0.07     0.15  -0.21     0.00          -0.21    -0.22    0.06     0.03   -0.30   -0.27 -0.01  0.08    -0.13     0.06    -0.07  1.00 -0.02
VIX           -0.58    -0.46       -0.52 -0.64     -0.66     -0.53       -0.47  -0.56    -0.49  -0.54    -0.26          -0.17    -0.31   -0.23    -0.36   -0.46   -0.17  0.11  0.15     0.02     0.22    -0.20 -0.02  1.00


********************************************************************************
                                 END OF REPORT                                  
********************************************************************************


