
********************************************************************************
                    Risk report produced on 09/09/2025 22:53                    
********************************************************************************


Total risk across all strategies, annualised percentage 11.6
Percentage of capital used for margin 42.5%

========================================
Risk per strategy, annualised percentage
========================================

                  risk
dynamic_TF_carry  11.6


===================
Risk by asset class
===================

Ags       1.0
Bond      1.0
Equity    9.0
FX        2.9
Metals    2.2
OilGas    3.6
Sector    1.1
dtype: float64


=====================================================
Beta loadings of asset class positions on asset class
=====================================================

OilGas   -0.08
Sector   -0.06
Ags       0.03
Metals    0.11
Bond      0.18
FX        0.22
Equity    0.77
dtype: float64


========================================================
Beta loadings of full portfolio positions on asset class
========================================================

OilGas   -0.09
Ags       0.15
Metals    0.26
Bond      0.28
Sector    0.30
Equity    0.82
FX        1.01
dtype: float64


=================================================================================================================================================================================================================================================================
                                                                                                                         Instrument risk                                                                                                                         
=================================================================================================================================================================================================================================================================

             daily_price_stdev  annual_price_stdev     price  daily_perc_stdev  annual_perc_stdev  point_size_base  contract_exposure  daily_risk_per_contract  annual_risk_per_contract  position  capital  exposure_held_perc_capital  annual_risk_perc_capital
JPY                      0.000               0.001      0.01              0.55                8.7        9203797.9              63055                      343                      5501        -2   574615                       -21.9                      -1.9
GAS_US_mini              0.090               1.443      3.12              2.89               46.2           1840.8               5752                      166                      2656        -4   574615                        -4.0                      -1.8
GAS-PEN                  0.088               1.408      3.09              2.85               45.6           7363.0              22751                      647                     10365        -1   574615                        -4.0                      -1.8
EU-TECH                  9.342             149.469    793.10              1.18               18.8             43.4              34393                      405                      6481        -1   574615                        -6.0                      -1.1
DAX                    193.047            3088.754  23742.00              0.81               13.0              0.9              20591                      167                      2678        -2   574615                        -7.2                      -0.9
WHEAT                    6.191              99.049    519.50              1.19               19.1             36.8              19125                      227                      3646        -1   574615                        -3.3                      -0.6
CANOLA                   9.648             154.365    618.40              1.56               25.0             10.7               6600                      102                      1647         1   574615                         1.1                       0.3
FTSECHINAA             147.624            2361.981  14784.00              1.00               16.0              0.7              10885                      108                      1739         1   574615                         1.9                       0.3
RUSSELL                 26.453             423.244   2383.80              1.11               17.8              3.7               8776                       97                      1558         2   574615                         3.1                       0.5
LEANHOG                  1.005              16.078     87.80              1.14               18.3            294.5              25858                      295                      4735         1   574615                         4.5                       0.8
BTP                      0.431               6.898    120.22              0.36                5.7            867.3             104268                      373                      5982         1   574615                        18.1                       1.0
MXP                      0.000               0.004      0.05              0.49                7.8         368151.9              19758                       96                      1541         4   574615                        13.8                       1.1
YENEUR                   0.669              10.698    172.51              0.39                6.2            626.9             108138                      419                      6705         1   574615                        18.8                       1.2
SILVER                   0.526               8.422     41.40              1.27               20.3            736.3              30479                      387                      6201         2   574615                        10.6                       2.2
MSCITAIWAN              11.346             181.533   1051.60              1.08               17.3             73.6              77429                      835                     13366         1   574615                        13.5                       2.3
MIB                    345.326            5525.211  41965.00              0.82               13.2              4.3             181984                     1497                     23960         1   574615                        31.7                       4.2
MSCIEAFA                21.132             338.113   2744.90              0.77               12.3             36.8             101054                      777                     12447         2   574615                        35.2                       4.3

Sum of abs(notional exposure % capital) 198.7
Sum of abs(annualised risk % capital) 26.3
Net sum of annualised risk % capital 10.1 

===========================================================================================================================================================
                                                                       Correlations                                                                        
===========================================================================================================================================================

             CANOLA  GAS-PEN  GAS_US_mini  WHEAT  YENEUR   BTP   JPY   DAX  EU-TECH   MIB  MSCIEAFA  MSCITAIWAN  RUSSELL  FTSECHINAA  LEANHOG   MXP  SILVER
CANOLA         1.00     0.15         0.11   0.25    0.10  0.03 -0.08 -0.06    -0.02 -0.07     -0.09       -0.07    -0.14        0.05     0.10  0.07   -0.13
GAS-PEN        0.15     1.00         0.96   0.26    0.03 -0.21 -0.16 -0.04     0.09 -0.11     -0.17        0.12    -0.16        0.05    -0.13  0.02   -0.01
GAS_US_mini    0.11     0.96         1.00   0.26    0.02 -0.22 -0.17 -0.03     0.10 -0.08     -0.17        0.08    -0.13        0.05    -0.05  0.03   -0.01
WHEAT          0.25     0.26         0.26   1.00   -0.13 -0.17  0.13 -0.09    -0.07 -0.08     -0.01       -0.15    -0.06        0.09     0.11  0.16    0.20
YENEUR         0.10     0.03         0.02  -0.13    1.00 -0.36 -0.58  0.12     0.08  0.05      0.11        0.24    -0.04        0.10    -0.05  0.20    0.17
BTP            0.03    -0.21        -0.22  -0.17   -0.36  1.00  0.22  0.02     0.12  0.10      0.14        0.03     0.18       -0.02     0.10  0.12    0.01
JPY           -0.08    -0.16        -0.17   0.13   -0.58  0.22  1.00 -0.05    -0.19 -0.11      0.28       -0.19    -0.03        0.00     0.16  0.22    0.16
DAX           -0.06    -0.04        -0.03  -0.09    0.12  0.02 -0.05  1.00     0.68  0.81      0.75        0.46     0.50        0.27     0.12  0.25    0.32
EU-TECH       -0.02     0.09         0.10  -0.07    0.08  0.12 -0.19  0.68     1.00  0.58      0.51        0.61     0.52        0.28     0.17  0.16    0.28
MIB           -0.07    -0.11        -0.08  -0.08    0.05  0.10 -0.11  0.81     0.58  1.00      0.73        0.46     0.52        0.26     0.17  0.24    0.31
MSCIEAFA      -0.09    -0.17        -0.17  -0.01    0.11  0.14  0.28  0.75     0.51  0.73      1.00        0.45     0.57        0.39     0.26  0.51    0.50
MSCITAIWAN    -0.07     0.12         0.08  -0.15    0.24  0.03 -0.19  0.46     0.61  0.46      0.45        1.00     0.44        0.21     0.01  0.26    0.28
RUSSELL       -0.14    -0.16        -0.13  -0.06   -0.04  0.18 -0.03  0.50     0.52  0.52      0.57        0.44     1.00        0.26     0.31  0.21    0.34
FTSECHINAA     0.05     0.05         0.05   0.09    0.10 -0.02  0.00  0.27     0.28  0.26      0.39        0.21     0.26        1.00     0.14  0.32    0.30
LEANHOG        0.10    -0.13        -0.05   0.11   -0.05  0.10  0.16  0.12     0.17  0.17      0.26        0.01     0.31        0.14     1.00  0.21    0.34
MXP            0.07     0.02         0.03   0.16    0.20  0.12  0.22  0.25     0.16  0.24      0.51        0.26     0.21        0.32     0.21  1.00    0.34
SILVER        -0.13    -0.01        -0.01   0.20    0.17  0.01  0.16  0.32     0.28  0.31      0.50        0.28     0.34        0.30     0.34  0.34    1.00


********************************************************************************
                                 END OF REPORT                                  
********************************************************************************


