
********************************************************************************
                    Risk report produced on 17/12/2024 22:52                    
********************************************************************************


Total risk across all strategies, annualised percentage 11.6
Percentage of capital used for margin 76.8%

========================================
Risk per strategy, annualised percentage
========================================

                  risk
dynamic_TF_carry  11.6


===================
Risk by asset class
===================

Ags       2.6
Equity    7.9
FX        4.2
Metals    2.6
OilGas    3.9
Other     0.7
Vol       1.8
dtype: float64


=====================================================
Beta loadings of asset class positions on asset class
=====================================================

FX       -0.85
OilGas   -0.11
Vol      -0.05
Metals    0.01
Other     0.03
Ags       0.07
Equity    0.67
dtype: float64


========================================================
Beta loadings of full portfolio positions on asset class
========================================================

FX       -0.61
Vol      -0.24
OilGas   -0.09
Other     0.02
Ags       0.06
Metals    0.12
Equity    0.84
dtype: float64


===================================================================================================================================================================================================================================================================
                                                                                                                          Instrument risk                                                                                                                          
===================================================================================================================================================================================================================================================================

              daily_price_stdev  annual_price_stdev      price  daily_perc_stdev  annual_perc_stdev  point_size_base  contract_exposure  daily_risk_per_contract  annual_risk_per_contract  position  capital  exposure_held_perc_capital  annual_risk_perc_capital
CHF                       0.005               0.086       1.12              0.48                7.6          98612.3             110352                      527                      8439        -2   591031                       -37.3                      -2.9
BRENT-LAST                1.176              18.821      72.94              1.61               25.8            788.9              57542                      927                     14847        -1   591031                        -9.7                      -2.5
GAS-PEN                   0.109               1.737       2.93              3.71               59.3           7889.0              23106                      856                     13702        -1   591031                        -3.9                      -2.3
ALUMINIUM                38.050             608.808    2492.75              1.53               24.4             19.7              49163                      750                     12007        -1   591031                        -8.3                      -2.0
VIX                       0.422               6.749      16.95              2.49               39.8            788.9              13371                      332                      5324        -2   591031                        -4.5                      -1.8
CAD                       0.002               0.037       0.70              0.33                5.3          78889.9              55171                      181                      2908        -2   591031                       -18.7                      -1.0
MXP                       0.000               0.006       0.05              0.70               11.2         394449.3              19572                      137                      2195        -2   591031                        -6.6                      -0.7
SOYMEAL                   3.439              55.027     287.10              1.20               19.2             78.9              22649                      271                      4341        -1   591031                        -3.8                      -0.7
CANOLA                    9.948             159.165     601.60              1.65               26.5             11.1               6654                      110                      1760        -2   591031                        -2.3                      -0.6
GAS_US_mini               0.105               1.674       3.10              3.38               54.0           1972.2               6113                      206                      3301        -1   591031                        -1.0                      -0.6
MILLWHEAT                 2.473              39.571     232.00              1.07               17.1             41.4               9610                      102                      1639        -1   591031                        -1.6                      -0.3
DOW                     279.519            4472.303   43381.00              0.64               10.3              0.4              17111                      110                      1764         1   591031                         2.9                       0.3
NIKKEI                  408.371            6533.941   39440.00              1.04               16.6              0.5              20182                      208                      3343         1   591031                         3.4                       0.6
TOPIX                    25.549             408.778    2736.50              0.93               14.9              5.1              14003                      130                      2091         2   591031                         4.7                       0.7
RUBBER                    3.417              54.679     201.50              1.70               27.1             39.4               7948                      134                      2156         2   591031                         2.7                       0.7
DX                        0.372               5.956     106.66              0.35                5.6            788.9              84147                      293                      4698         1   591031                        14.2                       0.8
NASDAQ_micro            192.222            3075.556   21959.25              0.88               14.0              1.6              34647                      303                      4852         1   591031                         5.9                       0.8
LEANHOG                   1.173              18.772      83.20              1.41               22.6            315.6              26254                      370                      5923         1   591031                         4.4                       1.0
FTSETAIWAN               17.972             287.557    1923.00              0.93               15.0             31.6              60682                      567                      9074         1   591031                        10.3                       1.5
BITCOIN                2484.051           39744.812  106705.00              2.33               37.2              0.1               8417                      195                      3135         3   591031                         4.3                       1.6
MSCISING                  2.725              43.599     379.35              0.72               11.5             58.4              22155                      159                      2546         4   591031                        15.0                       1.7
FANG                    162.496            2599.939   13663.80              1.19               19.0              3.9              53896                      640                     10255         1   591031                         9.1                       1.7
FEEDCOW                   1.822              29.155     258.12              0.71               11.3            394.4             101817                      718                     11500         1   591031                        17.2                       1.9
MIB                     269.156            4306.492   34405.00              0.78               12.5              4.1             142521                     1114                     17839         1   591031                        24.1                       3.0

Sum of abs(notional exposure % capital) 215.9
Sum of abs(annualised risk % capital) 31.7
Net sum of annualised risk % capital 0.9 

===========================================================================================================================================================================================================================
                                                                                                       Correlations                                                                                                        
===========================================================================================================================================================================================================================

                DX   VIX   DOW  FANG  FTSETAIWAN   MIB  MSCISING  NASDAQ_micro  NIKKEI  TOPIX  BITCOIN  BRENT-LAST  FEEDCOW  LEANHOG   MXP  ALUMINIUM   CAD  CANOLA   CHF  GAS-PEN  GAS_US_mini  MILLWHEAT  RUBBER  SOYMEAL
DX            1.00  0.06 -0.29 -0.05       -0.09 -0.15     -0.01         -0.14    0.01   0.05    -0.06        0.06     0.13    -0.11 -0.16      -0.19 -0.57    0.09 -0.73     0.06         0.08       0.12   -0.25    -0.15
VIX           0.06  1.00 -0.69 -0.56       -0.43 -0.40     -0.49         -0.68   -0.38  -0.45    -0.27       -0.08    -0.27    -0.02 -0.28       0.08 -0.13    0.06  0.20    -0.10        -0.03       0.11    0.09     0.14
DOW          -0.29 -0.69  1.00  0.38        0.42  0.41      0.43          0.58    0.45   0.49     0.31        0.18     0.31     0.15  0.29      -0.03  0.27   -0.19  0.07    -0.11        -0.17      -0.12   -0.05    -0.01
FANG         -0.05 -0.56  0.38  1.00        0.61  0.33      0.46          0.91    0.59   0.55     0.18        0.10     0.14    -0.22  0.32       0.05  0.06    0.06 -0.20     0.03         0.02      -0.08   -0.08    -0.20
FTSETAIWAN   -0.09 -0.43  0.42  0.61        1.00  0.42      0.48          0.61    0.59   0.54     0.18        0.35     0.24    -0.02  0.45       0.19  0.22    0.10 -0.07    -0.05        -0.07      -0.06    0.09    -0.16
MIB          -0.15 -0.40  0.41  0.33        0.42  1.00      0.37          0.40    0.58   0.59     0.28        0.16     0.27     0.24  0.38       0.10  0.24    0.26 -0.02    -0.08        -0.09       0.14   -0.03     0.02
MSCISING     -0.01 -0.49  0.43  0.46        0.48  0.37      1.00          0.53    0.40   0.48     0.30        0.10     0.19     0.02  0.29       0.16  0.20    0.10 -0.22     0.10         0.10       0.03   -0.09    -0.11
NASDAQ_micro -0.14 -0.68  0.58  0.91        0.61  0.40      0.53          1.00    0.61   0.60     0.18        0.11     0.21    -0.15  0.29       0.03  0.15    0.03 -0.15     0.11         0.06      -0.08   -0.08    -0.11
NIKKEI        0.01 -0.38  0.45  0.59        0.59  0.58      0.40          0.61    1.00   0.96     0.16        0.29     0.25     0.06  0.30       0.09  0.10    0.05 -0.23    -0.06        -0.08      -0.06    0.02    -0.14
TOPIX         0.05 -0.45  0.49  0.55        0.54  0.59      0.48          0.60    0.96   1.00     0.19        0.30     0.31     0.08  0.34       0.10  0.10    0.08 -0.25    -0.04        -0.05      -0.01    0.00    -0.12
BITCOIN      -0.06 -0.27  0.31  0.18        0.18  0.28      0.30          0.18    0.16   0.19     1.00       -0.10     0.06     0.24  0.08      -0.05 -0.03    0.06 -0.09    -0.02         0.01       0.01   -0.17    -0.08
BRENT-LAST    0.06 -0.08  0.18  0.10        0.35  0.16      0.10          0.11    0.29   0.30    -0.10        1.00     0.49     0.01  0.27       0.21  0.15    0.21 -0.11     0.07         0.05       0.09    0.30     0.11
FEEDCOW       0.13 -0.27  0.31  0.14        0.24  0.27      0.19          0.21    0.25   0.31     0.06        0.49     1.00     0.21  0.28       0.07 -0.01    0.03 -0.14     0.09         0.10       0.06    0.11    -0.06
LEANHOG      -0.11 -0.02  0.15 -0.22       -0.02  0.24      0.02         -0.15    0.06   0.08     0.24        0.01     0.21     1.00 -0.01       0.09  0.04    0.21  0.11    -0.09        -0.11       0.05    0.13     0.17
MXP          -0.16 -0.28  0.29  0.32        0.45  0.38      0.29          0.29    0.30   0.34     0.08        0.27     0.28    -0.01  1.00       0.35  0.13    0.05 -0.05    -0.07        -0.05       0.19    0.10    -0.03
ALUMINIUM    -0.19  0.08 -0.03  0.05        0.19  0.10      0.16          0.03    0.09   0.10    -0.05        0.21     0.07     0.09  0.35       1.00  0.30    0.03  0.06    -0.07        -0.04       0.21    0.50     0.26
CAD          -0.57 -0.13  0.27  0.06        0.22  0.24      0.20          0.15    0.10   0.10    -0.03        0.15    -0.01     0.04  0.13       0.30  1.00   -0.01  0.46     0.09         0.05       0.08    0.22     0.24
CANOLA        0.09  0.06 -0.19  0.06        0.10  0.26      0.10          0.03    0.05   0.08     0.06        0.21     0.03     0.21  0.05       0.03 -0.01    1.00 -0.07     0.21         0.17       0.36    0.16     0.32
CHF          -0.73  0.20  0.07 -0.20       -0.07 -0.02     -0.22         -0.15   -0.23  -0.25    -0.09       -0.11    -0.14     0.11 -0.05       0.06  0.46   -0.07  1.00    -0.04        -0.04      -0.08    0.25     0.24
GAS-PEN       0.06 -0.10 -0.11  0.03       -0.05 -0.08      0.10          0.11   -0.06  -0.04    -0.02        0.07     0.09    -0.09 -0.07      -0.07  0.09    0.21 -0.04     1.00         0.96       0.21    0.20     0.21
GAS_US_mini   0.08 -0.03 -0.17  0.02       -0.07 -0.09      0.10          0.06   -0.08  -0.05     0.01        0.05     0.10    -0.11 -0.05      -0.04  0.05    0.17 -0.04     0.96         1.00       0.21    0.15     0.15
MILLWHEAT     0.12  0.11 -0.12 -0.08       -0.06  0.14      0.03         -0.08   -0.06  -0.01     0.01        0.09     0.06     0.05  0.19       0.21  0.08    0.36 -0.08     0.21         0.21       1.00    0.14     0.49
RUBBER       -0.25  0.09 -0.05 -0.08        0.09 -0.03     -0.09         -0.08    0.02   0.00    -0.17        0.30     0.11     0.13  0.10       0.50  0.22    0.16  0.25     0.20         0.15       0.14    1.00     0.34
SOYMEAL      -0.15  0.14 -0.01 -0.20       -0.16  0.02     -0.11         -0.11   -0.14  -0.12    -0.08        0.11    -0.06     0.17 -0.03       0.26  0.24    0.32  0.24     0.21         0.15       0.49    0.34     1.00


********************************************************************************
                                 END OF REPORT                                  
********************************************************************************


