
********************************************************************************
                    Risk report produced on 17/04/2025 22:52                    
********************************************************************************


Total risk across all strategies, annualised percentage 9.6
Percentage of capital used for margin 40.2%

========================================
Risk per strategy, annualised percentage
========================================

                  risk
dynamic_TF_carry   9.6


===================
Risk by asset class
===================

Ags       3.0
Bond      1.2
Equity    1.6
FX        3.4
Metals    4.8
OilGas    4.7
Sector    0.5
dtype: float64


=====================================================
Beta loadings of asset class positions on asset class
=====================================================

Metals   -0.16
Ags      -0.15
OilGas   -0.13
Bond     -0.09
Equity    0.00
Sector    0.01
FX        0.38
dtype: float64


========================================================
Beta loadings of full portfolio positions on asset class
========================================================

Ags      -0.21
Metals   -0.18
OilGas   -0.16
Equity   -0.12
Bond     -0.01
Sector    0.01
FX        0.11
dtype: float64


=================================================================================================================================================================================================================================================================
                                                                                                                         Instrument risk                                                                                                                         
=================================================================================================================================================================================================================================================================

             daily_price_stdev  annual_price_stdev     price  daily_perc_stdev  annual_perc_stdev  point_size_base  contract_exposure  daily_risk_per_contract  annual_risk_per_contract  position  capital  exposure_held_perc_capital  annual_risk_perc_capital
BRENT-LAST               1.586              25.383     66.81              2.37               38.0            756.9              50571                     1200                     19213        -1   540695                        -9.4                      -3.6
GAS-PEN                  0.123               1.975      3.40              3.63               58.0           7569.4              25773                      934                     14952        -1   540695                        -4.8                      -2.8
LEANHOG                  1.485              23.766     98.02              1.52               24.2            302.8              29679                      449                      7195        -2   540695                       -11.0                      -2.7
BITCOIN               2722.676           43562.823  85290.00              3.19               51.1              0.1               6455                      206                      3297        -4   540695                        -4.8                      -2.4
ALUMINIUM               40.695             651.123   2302.00              1.77               28.3             18.9              43562                      770                     12321        -1   540695                        -8.1                      -2.3
SILVER                   0.773              12.364     32.70              2.36               37.8            756.9              24748                      584                      9358        -1   540695                        -4.6                      -1.7
US10U                    0.623               9.968    113.34              0.55                8.8            756.9              85794                      471                      7545        -1   540695                       -15.9                      -1.4
SP500_micro            113.860            1821.752   5332.50              2.14               34.2              3.8              20182                      430                      6894        -1   540695                        -3.7                      -1.3
WHEAT                    7.515             120.233    597.25              1.26               20.1             37.8              22604                      284                      4550        -1   540695                        -4.2                      -0.8
RUSSELL                 43.111             689.776   1891.60              2.28               36.5              3.8               7159                      163                      2610        -1   540695                        -1.3                      -0.5
MXP                      0.000               0.007      0.05              0.92               14.8         378472.5              19059                      176                      2817         1   540695                         3.5                       0.5
EU-BANKS                 4.125              66.002    172.50              2.39               38.3             43.0               7412                      177                      2836         1   540695                         1.4                       0.5
KR10                     0.355               5.683    120.61              0.29                4.7            534.6              64477                      189                      3037         1   540695                        11.9                       0.6
YENEUR                   0.948              15.162    161.41              0.59                9.4            662.9             107006                      628                     10051         1   540695                        19.8                       1.9
MUMMY                   17.825             285.201    636.00              2.80               44.8              5.3               3373                       94                      1512         7   540695                         4.4                       2.0
GBP                      0.007               0.115      1.33              0.54                8.7          47309.1              62755                      339                      5431         2   540695                        23.2                       2.0

Sum of abs(notional exposure % capital) 132.0
Sum of abs(annualised risk % capital) 27.0
Net sum of annualised risk % capital -12.0 

====================================================================================================================================================
                                                                    Correlations                                                                    
====================================================================================================================================================

             KR10  US10U  BITCOIN  LEANHOG  MUMMY  RUSSELL  SP500_micro  ALUMINIUM  BRENT-LAST  EU-BANKS   GBP   MXP  SILVER  GAS-PEN  WHEAT  YENEUR
KR10         1.00   0.54     0.09    -0.20  -0.08     0.04        -0.02      -0.17       -0.28     -0.21  0.10 -0.07   -0.11    -0.13  -0.22   -0.45
US10U        0.54   1.00    -0.05    -0.09  -0.02     0.08         0.06       0.03       -0.08      0.06  0.29 -0.04    0.12     0.06  -0.07   -0.44
BITCOIN      0.09  -0.05     1.00     0.22   0.35     0.58         0.54       0.13        0.25      0.33  0.15  0.17    0.28    -0.01  -0.14    0.03
LEANHOG     -0.20  -0.09     0.22     1.00   0.33     0.45         0.43       0.32        0.33      0.37  0.13  0.18    0.31     0.01   0.26    0.05
MUMMY       -0.08  -0.02     0.35     0.33   1.00     0.63         0.63       0.28        0.37      0.66  0.40  0.34    0.35     0.02  -0.08    0.23
RUSSELL      0.04   0.08     0.58     0.45   0.63     1.00         0.88       0.37        0.56      0.67  0.33  0.33    0.54    -0.01  -0.02    0.07
SP500_micro -0.02   0.06     0.54     0.43   0.63     0.88         1.00       0.44        0.64      0.70  0.36  0.38    0.60     0.04  -0.02    0.14
ALUMINIUM   -0.17   0.03     0.13     0.32   0.28     0.37         0.44       1.00        0.48      0.51  0.34  0.38    0.63     0.08   0.30    0.13
BRENT-LAST  -0.28  -0.08     0.25     0.33   0.37     0.56         0.64       0.48        1.00      0.60  0.18  0.29    0.56     0.08   0.01    0.17
EU-BANKS    -0.21   0.06     0.33     0.37   0.66     0.67         0.70       0.51        0.60      1.00  0.51  0.54    0.63    -0.02   0.16    0.29
GBP          0.10   0.29     0.15     0.13   0.40     0.33         0.36       0.34        0.18      0.51  1.00  0.45    0.53    -0.20   0.03    0.27
MXP         -0.07  -0.04     0.17     0.18   0.34     0.33         0.38       0.38        0.29      0.54  0.45  1.00    0.51    -0.06   0.16    0.47
SILVER      -0.11   0.12     0.28     0.31   0.35     0.54         0.60       0.63        0.56      0.63  0.53  0.51    1.00     0.00   0.16    0.26
GAS-PEN     -0.13   0.06    -0.01     0.01   0.02    -0.01         0.04       0.08        0.08     -0.02 -0.20 -0.06    0.00     1.00   0.06    0.09
WHEAT       -0.22  -0.07    -0.14     0.26  -0.08    -0.02        -0.02       0.30        0.01      0.16  0.03  0.16    0.16     0.06   1.00    0.01
YENEUR      -0.45  -0.44     0.03     0.05   0.23     0.07         0.14       0.13        0.17      0.29  0.27  0.47    0.26     0.09   0.01    1.00


********************************************************************************
                                 END OF REPORT                                  
********************************************************************************


