
********************************************************************************
                    Risk report produced on 24/04/2025 22:53                    
********************************************************************************


Total risk across all strategies, annualised percentage 7.6
Percentage of capital used for margin 40.5%

========================================
Risk per strategy, annualised percentage
========================================

                  risk
dynamic_TF_carry   7.6


===================
Risk by asset class
===================

Ags       2.3
Bond      1.7
Equity    2.2
FX        2.5
Metals    3.0
OilGas    4.5
dtype: float64


=====================================================
Beta loadings of asset class positions on asset class
=====================================================

OilGas   -0.13
Metals   -0.11
Ags      -0.01
Equity    0.03
FX        0.20
Bond      0.32
dtype: float64


========================================================
Beta loadings of full portfolio positions on asset class
========================================================

Ags      -0.16
OilGas   -0.16
Metals   -0.12
FX       -0.01
Equity   -0.01
Bond      0.32
dtype: float64


===================================================================================================================================================================================================================================================================
                                                                                                                          Instrument risk                                                                                                                          
===================================================================================================================================================================================================================================================================

               daily_price_stdev  annual_price_stdev     price  daily_perc_stdev  annual_perc_stdev  point_size_base  contract_exposure  daily_risk_per_contract  annual_risk_per_contract  position  capital  exposure_held_perc_capital  annual_risk_perc_capital
HEATOIL                    0.040               0.641      2.08              1.92               30.8          31659.3              65898                     1268                     20295        -1   539713                       -12.2                      -3.8
GAS-PEN                    0.116               1.848      3.10              3.73               59.7           7537.9              23352                      870                     13931        -1   539713                        -4.3                      -2.6
DOW                      724.767           11596.277  40205.00              1.80               28.8              0.4              15153                      273                      4370        -3   539713                        -8.4                      -2.4
ALUMINIUM                 39.477             631.636   2375.00              1.66               26.6             18.8              44756                      743                     11903        -1   539713                        -8.3                      -2.2
BITCOIN                 2666.735           42667.767  93410.00              2.85               45.7              0.1               7041                      201                      3216        -3   539713                        -3.9                      -1.8
DX                         0.565               9.045     99.17              0.57                9.1            753.8              74753                      426                      6818        -1   539713                       -13.9                      -1.3
WHEAT                      7.218             115.482    581.00              1.24               19.9             37.7              21897                      272                      4352        -1   539713                        -4.1                      -0.8
GAS_US_mini                0.126               2.021      3.38              3.73               59.7           1884.5               6378                      238                      3808        -1   539713                        -1.2                      -0.7
SOYMEAL                    3.146              50.335    300.10              1.05               16.8             75.4              22621                      237                      3794        -1   539713                        -4.2                      -0.7
RUSSELL                   42.333             677.331   1959.70              2.16               34.6              3.8               7386                      159                      2552        -1   539713                        -1.4                      -0.5
BRENT-LAST                 1.499              23.990     65.50              2.29               36.6            753.8              49373                     1130                     18083         0   539713                         0.0                       0.0
CANOLA                     9.067             145.071    656.30              1.38               22.1             10.9               7132                       98                      1576         1   539713                         1.3                       0.3
MXP                        0.000               0.007      0.05              0.87               13.8         376896.3              19108                      165                      2646         1   539713                         3.5                       0.5
KR10                       0.343               5.480    120.90              0.28                4.5            521.4              63041                      178                      2857         1   539713                        11.7                       0.5
CRUDE_W_micro              1.523              24.376     61.53              2.48               39.6             75.4               4638                      114                      1837         3   539713                         2.6                       1.0
NIKKEI                   816.962           13071.384  35155.00              2.32               37.2              0.5              18555                      431                      6899         1   539713                         3.4                       1.3
BTP                        0.516               8.260    120.49              0.43                6.9            854.5             102961                      441                      7058         1   539713                        19.1                       1.3
MUMMY                     16.682             266.909    657.00              2.54               40.6              5.3               3467                       88                      1408         6   539713                         3.9                       1.6
YENEUR                     0.902              14.430    161.96              0.56                8.9            659.8             106855                      595                      9520         1   539713                        19.8                       1.8
LIVECOW                    2.016              32.258    204.08              0.99               15.8            301.5              61532                      607                      9726         1   539713                        11.4                       1.8

Sum of abs(notional exposure % capital) 138.6
Sum of abs(annualised risk % capital) 26.9
Net sum of annualised risk % capital -6.7 

==========================================================================================================================================================================================
                                                                                       Correlations                                                                                       
==========================================================================================================================================================================================

                BTP  KR10  ALUMINIUM  BITCOIN  BRENT-LAST  CRUDE_W_micro   DOW  HEATOIL  LIVECOW  MUMMY   MXP  NIKKEI  RUSSELL  CANOLA  SOYMEAL  WHEAT    DX  GAS-PEN  GAS_US_mini  YENEUR
BTP            1.00  0.55       0.02     0.33        0.03           0.03  0.33    -0.03    -0.04   0.13  0.16    0.12     0.35    0.00     0.06  -0.05 -0.18    -0.13        -0.11   -0.36
KR10           0.55  1.00      -0.16     0.10       -0.25          -0.24  0.03    -0.29    -0.24  -0.07 -0.04   -0.14     0.05   -0.13    -0.09  -0.22 -0.25    -0.14        -0.23   -0.44
ALUMINIUM      0.02 -0.16       1.00     0.14        0.48           0.47  0.39     0.43     0.19   0.28  0.39    0.37     0.37   -0.11     0.26   0.31 -0.25     0.07         0.19    0.13
BITCOIN        0.33  0.10       0.14     1.00        0.27           0.26  0.52     0.25     0.23   0.35  0.19    0.36     0.59    0.06    -0.13  -0.13  0.06    -0.02         0.09    0.03
BRENT-LAST     0.03 -0.25       0.48     0.27        1.00           0.99  0.59     0.94     0.57   0.38  0.33    0.41     0.57    0.03    -0.03   0.01  0.06     0.07         0.24    0.17
CRUDE_W_micro  0.03 -0.24       0.47     0.26        0.99           1.00  0.59     0.93     0.58   0.39  0.33    0.40     0.57    0.02    -0.05  -0.02  0.06     0.08         0.25    0.18
DOW            0.33  0.03       0.39     0.52        0.59           0.59  1.00     0.51     0.49   0.63  0.29    0.60     0.91    0.01    -0.00  -0.02  0.02     0.04         0.20    0.04
HEATOIL       -0.03 -0.29       0.43     0.25        0.94           0.93  0.51     1.00     0.51   0.34  0.27    0.35     0.49    0.08    -0.08   0.07  0.09     0.08         0.24    0.17
LIVECOW       -0.04 -0.24       0.19     0.23        0.57           0.58  0.49     0.51     1.00   0.41  0.36    0.35     0.43    0.04    -0.06  -0.08 -0.10    -0.12         0.05    0.28
MUMMY          0.13 -0.07       0.28     0.35        0.38           0.39  0.63     0.34     0.41   1.00  0.36    0.74     0.64    0.00    -0.04  -0.08 -0.08     0.02         0.15    0.23
MXP            0.16 -0.04       0.39     0.19        0.33           0.33  0.29     0.27     0.36   0.36  1.00    0.37     0.36   -0.00     0.03   0.16 -0.38    -0.07         0.02    0.46
NIKKEI         0.12 -0.14       0.37     0.36        0.41           0.40  0.60     0.35     0.35   0.74  0.37    1.00     0.65   -0.10    -0.10  -0.02  0.08     0.00         0.11    0.43
RUSSELL        0.35  0.05       0.37     0.59        0.57           0.57  0.91     0.49     0.43   0.64  0.36    0.65     1.00   -0.02    -0.01  -0.02 -0.02    -0.02         0.13    0.07
CANOLA         0.00 -0.13      -0.11     0.06        0.03           0.02  0.01     0.08     0.04   0.00 -0.00   -0.10    -0.02    1.00     0.24   0.29 -0.02     0.04         0.03    0.03
SOYMEAL        0.06 -0.09       0.26    -0.13       -0.03          -0.05 -0.00    -0.08    -0.06  -0.04  0.03   -0.10    -0.01    0.24     1.00   0.40 -0.16     0.04         0.08   -0.17
WHEAT         -0.05 -0.22       0.31    -0.13        0.01          -0.02 -0.02     0.07    -0.08  -0.08  0.16   -0.02    -0.02    0.29     0.40   1.00 -0.13     0.06         0.14    0.01
DX            -0.18 -0.25      -0.25     0.06        0.06           0.06  0.02     0.09    -0.10  -0.08 -0.38    0.08    -0.02   -0.02    -0.16  -0.13  1.00     0.25         0.21   -0.03
GAS-PEN       -0.13 -0.14       0.07    -0.02        0.07           0.08  0.04     0.08    -0.12   0.02 -0.07    0.00    -0.02    0.04     0.04   0.06  0.25     1.00         0.92    0.09
GAS_US_mini   -0.11 -0.23       0.19     0.09        0.24           0.25  0.20     0.24     0.05   0.15  0.02    0.11     0.13    0.03     0.08   0.14  0.21     0.92         1.00    0.14
YENEUR        -0.36 -0.44       0.13     0.03        0.17           0.18  0.04     0.17     0.28   0.23  0.46    0.43     0.07    0.03    -0.17   0.01 -0.03     0.09         0.14    1.00


********************************************************************************
                                 END OF REPORT                                  
********************************************************************************


