
********************************************************************************
                    Risk report produced on 06/11/2023 22:52                    
********************************************************************************


Total risk across all strategies, annualised percentage 10.5
Percentage of capital used for margin 54.6%

========================================
Risk per strategy, annualised percentage
========================================

                  risk
dynamic_TF_carry  10.5


===================
Risk by asset class
===================

Ags       1.9
Bond      4.1
Equity    3.7
FX        5.5
Metals    0.6
OilGas    1.2
Sector    3.3
dtype: float64


=====================================================
Beta loadings of asset class positions on asset class
=====================================================

FX       -0.66
Bond     -0.27
Equity   -0.21
OilGas   -0.02
Metals    0.01
Ags       0.06
Sector    0.17
dtype: float64


========================================================
Beta loadings of full portfolio positions on asset class
========================================================

FX       -0.93
Bond     -0.50
Equity   -0.15
Metals   -0.11
OilGas    0.00
Ags       0.06
Sector    0.10
dtype: float64


==================================================================================================================================================================================================================================================================
                                                                                                                         Instrument risk                                                                                                                          
==================================================================================================================================================================================================================================================================

              daily_price_stdev  annual_price_stdev     price  daily_perc_stdev  annual_perc_stdev  point_size_base  contract_exposure  daily_risk_per_contract  annual_risk_per_contract  position  capital  exposure_held_perc_capital  annual_risk_perc_capital
US20                      1.198              19.172    112.56              1.06               17.0            806.2              90750                      966                     15457        -1   376834                       -24.1                      -4.1
DAX                     137.653            2202.443  15212.00              0.90               14.5              0.9              13177                      119                      1907        -6   376834                       -21.0                      -3.0
BUND                      0.669              10.711    129.69              0.52                8.3            866.2             112343                      579                      9278        -1   376834                       -29.8                      -2.5
CHF                       0.005               0.082      1.12              0.46                7.4         100778.0             112619                      518                      8288        -1   376834                       -29.9                      -2.2
RUSSELL                  25.303             404.850   1744.50              1.45               23.2              4.0               7032                      101                      1631        -4   376834                        -7.5                      -1.7
JPY                       0.000               0.001      0.01              0.59                9.5       10077800.6              67632                      400                      6411        -1   376834                       -17.9                      -1.7
AUD                       0.004               0.070      0.65              0.67               10.8          80622.4              52400                      352                      5642        -1   376834                       -13.9                      -1.5
NZD                       0.004               0.066      0.60              0.70               11.1          80622.4              48091                      334                      5351        -1   376834                       -12.8                      -1.4
GAS_US_mini               0.135               2.153      3.58              3.76               60.1           2015.6               7215                      271                      4339        -1   376834                        -1.9                      -1.2
EURO600                   3.844              61.501    444.80              0.86               13.8             43.3              19265                      166                      2663        -1   376834                        -5.1                      -0.7
COPPER-micro              0.040               0.636      3.71              1.07               17.1           2015.6               7480                       80                      1282        -1   376834                        -2.0                      -0.3
BITCOIN                 845.403           13526.452  35330.00              2.39               38.3              0.1               2848                       68                      1090         2   376834                         1.5                       0.6
MXP                       0.000               0.007      0.06              0.77               12.4         403112.0              22840                      176                      2830         2   376834                        12.1                       1.5
LEANHOG                   1.421              22.731     75.85              1.87               30.0            322.5              24460                      458                      7330         1   376834                         6.5                       1.9
OAT                       0.676              10.824    124.18              0.54                8.7            866.2             107570                      586                      9376         1   376834                        28.5                       2.5
NIKKEI                  392.648            6282.366  32670.00              1.20               19.2              0.5              17627                      211                      3389         3   376834                        14.0                       2.7
EU-OIL                    4.483              71.732    360.80              1.24               19.9             43.3              15627                      194                      3106         4   376834                        16.6                       3.3

Sum of abs(notional exposure % capital) 245.1
Sum of abs(annualised risk % capital) 32.8
Net sum of annualised risk % capital -7.8 

=================================================================================================================================================
                                                                  Correlations                                                                   
=================================================================================================================================================

              BITCOIN  GAS_US_mini   DAX  EURO600   MXP  NIKKEI  RUSSELL  EU-OIL  LEANHOG  BUND   OAT  US20   AUD   CHF  COPPER-micro   JPY   NZD
BITCOIN          1.00         0.10 -0.08    -0.03 -0.03   -0.08     0.18   -0.03    -0.06  0.19  0.17  0.11  0.16  0.06          0.20  0.03  0.18
GAS_US_mini      0.10         1.00  0.09     0.15 -0.02    0.25     0.20    0.14     0.10 -0.04 -0.04  0.02  0.03 -0.17         -0.04 -0.32  0.03
DAX             -0.08         0.09  1.00     0.93  0.57    0.69     0.69    0.52     0.34  0.36  0.41  0.40  0.52  0.33          0.44  0.28  0.47
EURO600         -0.03         0.15  0.93     1.00  0.60    0.72     0.70    0.60     0.33  0.38  0.42  0.40  0.49  0.27          0.42  0.21  0.44
MXP             -0.03        -0.02  0.57     0.60  1.00    0.48     0.45    0.44     0.28  0.20  0.24  0.34  0.47  0.16          0.39  0.19  0.37
NIKKEI          -0.08         0.25  0.69     0.72  0.48    1.00     0.54    0.50     0.26  0.16  0.21  0.25  0.31  0.05          0.31 -0.19  0.27
RUSSELL          0.18         0.20  0.69     0.70  0.45    0.54     1.00    0.45     0.40  0.22  0.26  0.30  0.58  0.27          0.53  0.18  0.47
EU-OIL          -0.03         0.14  0.52     0.60  0.44    0.50     0.45    1.00     0.27 -0.12 -0.08 -0.03  0.26  0.11          0.41 -0.00  0.17
LEANHOG         -0.06         0.10  0.34     0.33  0.28    0.26     0.40    0.27     1.00 -0.14 -0.11  0.04  0.27 -0.06          0.18  0.01  0.24
BUND             0.19        -0.04  0.36     0.38  0.20    0.16     0.22   -0.12    -0.14  1.00  0.99  0.74  0.27  0.28          0.11  0.44  0.31
OAT              0.17        -0.04  0.41     0.42  0.24    0.21     0.26   -0.08    -0.11  0.99  1.00  0.75  0.30  0.31          0.15  0.44  0.34
US20             0.11         0.02  0.40     0.40  0.34    0.25     0.30   -0.03     0.04  0.74  0.75  1.00  0.39  0.31          0.24  0.44  0.44
AUD              0.16         0.03  0.52     0.49  0.47    0.31     0.58    0.26     0.27  0.27  0.30  0.39  1.00  0.60          0.68  0.56  0.88
CHF              0.06        -0.17  0.33     0.27  0.16    0.05     0.27    0.11    -0.06  0.28  0.31  0.31  0.60  1.00          0.45  0.63  0.58
COPPER-micro     0.20        -0.04  0.44     0.42  0.39    0.31     0.53    0.41     0.18  0.11  0.15  0.24  0.68  0.45          1.00  0.41  0.60
JPY              0.03        -0.32  0.28     0.21  0.19   -0.19     0.18   -0.00     0.01  0.44  0.44  0.44  0.56  0.63          0.41  1.00  0.57
NZD              0.18         0.03  0.47     0.44  0.37    0.27     0.47    0.17     0.24  0.31  0.34  0.44  0.88  0.58          0.60  0.57  1.00


********************************************************************************
                                 END OF REPORT                                  
********************************************************************************


