
********************************************************************************
                    Risk report produced on 03/11/2025 22:53                    
********************************************************************************


Total risk across all strategies, annualised percentage 13.3
Percentage of capital used for margin 43.3%

========================================
Risk per strategy, annualised percentage
========================================

                  risk
dynamic_TF_carry  13.3


===================
Risk by asset class
===================

Ags        0.9
Bond       3.3
Equity    10.7
FX         4.0
Metals     1.6
OilGas     2.2
dtype: float64


=====================================================
Beta loadings of asset class positions on asset class
=====================================================

OilGas   -0.05
FX       -0.02
Metals    0.00
Ags       0.02
Bond      0.66
Equity    0.95
dtype: float64


========================================================
Beta loadings of full portfolio positions on asset class
========================================================

OilGas   -0.07
Ags       0.12
Metals    0.15
Bond      0.28
FX        0.65
Equity    0.99
dtype: float64


==================================================================================================================================================================================================================================================================
                                                                                                                         Instrument risk                                                                                                                          
==================================================================================================================================================================================================================================================================

             daily_price_stdev  annual_price_stdev      price  daily_perc_stdev  annual_perc_stdev  point_size_base  contract_exposure  daily_risk_per_contract  annual_risk_per_contract  position  capital  exposure_held_perc_capital  annual_risk_perc_capital
JPY                      0.000               0.001       0.01              0.58                9.3        9509500.0              61935                      358                      5742        -3   617683                       -30.1                      -2.8
GAS-PEN                  0.111               1.769       4.05              2.73               43.7           7607.6              30810                      841                     13458        -1   617683                        -5.0                      -2.2
GOLD_micro              60.351             965.614    4023.00              1.50               24.0              7.6              30605                      459                      7346        -1   617683                        -5.0                      -1.2
BITCOIN               2746.617           43945.873  107250.00              2.56               41.0              0.1               8159                      208                      3343        -2   617683                        -2.6                      -1.1
SP500_micro             53.207             851.310    6886.25              0.77               12.4              3.8              26193                      202                      3238        -2   617683                        -8.5                      -1.0
KR10                     0.340               5.433     116.22              0.29                4.7            525.9              61117                      178                      2857        -2   617683                       -19.8                      -0.9
RICE                     0.150               2.400      10.56              1.42               22.7           1521.5              16074                      228                      3652        -1   617683                        -2.6                      -0.6
KRWUSD_mini              0.003               0.053       0.70              0.48                7.6          19019.0              13336                       63                      1013        -3   617683                        -6.5                      -0.5
DAX                    192.408            3078.531   24189.00              0.80               12.7              0.9              21230                      168                      2702        -1   617683                        -3.4                      -0.4
AUD_micro                0.003               0.047       0.65              0.45                7.2           7607.6               4977                       22                       358         3   617683                         2.4                       0.2
MXP                      0.000               0.004       0.05              0.46                7.3         380380.0              20475                       93                      1493         1   617683                         3.3                       0.2
BRE                      0.001               0.019       0.19              0.64               10.2          76076.0              14100                       89                      1432         2   617683                         4.6                       0.5
KOSPI_mini               6.931             110.904     597.60              1.16               18.6             26.3              15713                      182                      2916         1   617683                         2.5                       0.5
LEANHOG                  0.955              15.288      80.35              1.19               19.0            304.3              24450                      290                      4652         1   617683                         4.0                       0.8
FTSECHINAA             199.329            3189.258   15295.00              1.30               20.9              0.8              11635                      151                      2426         2   617683                         3.8                       0.8
TOPIX                   35.029             560.471    3317.00              1.06               16.9              4.9              16365                      172                      2765         2   617683                         5.3                       0.9
CAD10                    0.391               6.251     122.59              0.32                5.1            542.9              66559                      212                      3393         2   617683                        21.6                       1.1
YENEUR                   0.743              11.895     177.32              0.42                6.7            616.7             109358                      458                      7336         1   617683                        17.7                       1.2
OAT                      0.336               5.381     122.48              0.27                4.4            877.7             107501                      295                      4723         2   617683                        34.8                       1.5
US30                     0.821              13.133     120.91              0.68               10.9            760.8              91980                      624                      9991         1   617683                        14.9                       1.6
MSCIEAFA                18.545             296.722    2809.60              0.66               10.6             38.0             106871                      705                     11286         1   617683                        17.3                       1.8
SILVER                   1.033              16.520      48.04              2.15               34.4            760.8              36546                      785                     12567         1   617683                         5.9                       2.0
FTSETAIWAN              29.318             469.089    2313.75              1.27               20.3             30.4              70408                      892                     14274         1   617683                        11.4                       2.3
AEX                      7.754             124.071     969.50              0.80               12.8            175.5             170187                     1361                     21779         1   617683                        27.6                       3.5
MIB                    320.814            5133.029   42970.00              0.75               11.9              4.4             188575                     1407                     22526         1   617683                        30.5                       3.6

Sum of abs(notional exposure % capital) 291.1
Sum of abs(annualised risk % capital) 33.2
Net sum of annualised risk % capital 11.8 

===============================================================================================================================================================================================================================
                                                                                                         Correlations                                                                                                          
===============================================================================================================================================================================================================================

             GAS-PEN  RICE  CAD10   JPY  KR10   OAT  US30  GOLD_micro  KRWUSD_mini  LEANHOG  SILVER   AEX  AUD_micro   DAX  FTSETAIWAN  KOSPI_mini   MIB  MSCIEAFA  TOPIX  BITCOIN   BRE  FTSECHINAA   MXP  SP500_micro  YENEUR
GAS-PEN         1.00 -0.09  -0.05 -0.09 -0.26 -0.17  0.03       -0.01        -0.09    -0.19   -0.07 -0.09       0.07 -0.11       -0.05       -0.01 -0.10     -0.07  -0.07     0.06  0.27        0.04 -0.12         0.07    0.03
RICE           -0.09  1.00  -0.12  0.14 -0.06 -0.05 -0.11       -0.02         0.14     0.17    0.06 -0.17       0.06 -0.13       -0.19       -0.17 -0.12     -0.20  -0.20     0.06 -0.12       -0.09 -0.05        -0.13   -0.04
CAD10          -0.05 -0.12   1.00  0.41  0.46  0.56  0.82        0.27         0.25     0.01    0.06  0.17       0.31  0.26        0.19        0.09  0.22      0.31   0.16    -0.08  0.13       -0.03 -0.07        -0.01   -0.33
JPY            -0.09  0.14   0.41  1.00  0.28  0.44  0.40        0.34         0.51     0.13    0.12 -0.12       0.37 -0.01       -0.19       -0.28 -0.06      0.20  -0.28    -0.19 -0.01       -0.11  0.01        -0.29   -0.66
KR10           -0.26 -0.06   0.46  0.28  1.00  0.54  0.51        0.19         0.26     0.02   -0.10 -0.03      -0.02 -0.02        0.01       -0.06 -0.12      0.03  -0.02    -0.13 -0.11       -0.12  0.03        -0.16   -0.23
OAT            -0.17 -0.05   0.56  0.44  0.54  1.00  0.63        0.43         0.29     0.05    0.17  0.04       0.20  0.01       -0.00       -0.02 -0.04      0.23  -0.02    -0.11  0.00       -0.10  0.09        -0.04   -0.43
US30            0.03 -0.11   0.82  0.40  0.51  0.63  1.00        0.29         0.20     0.06    0.10  0.13       0.27  0.17        0.11        0.12  0.13      0.29   0.12    -0.13  0.20       -0.04  0.02         0.04   -0.36
GOLD_micro     -0.01 -0.02   0.27  0.34  0.19  0.43  0.29        1.00         0.33     0.20    0.70  0.12       0.37  0.23        0.14       -0.06  0.08      0.28   0.13    -0.02  0.06       -0.04  0.15        -0.26    0.05
KRWUSD_mini    -0.09  0.14   0.25  0.51  0.26  0.29  0.20        0.33         1.00     0.21    0.22  0.24       0.65  0.26        0.27        0.21  0.26      0.42   0.15     0.08  0.27        0.18  0.26         0.02   -0.13
LEANHOG        -0.19  0.17   0.01  0.13  0.02  0.05  0.06        0.20         0.21     1.00    0.21  0.27       0.24  0.26        0.24        0.10  0.32      0.12   0.21     0.12  0.15        0.22  0.20         0.01   -0.05
SILVER         -0.07  0.06   0.06  0.12 -0.10  0.17  0.10        0.70         0.22     0.21    1.00  0.29       0.40  0.34        0.33        0.13  0.25      0.38   0.24     0.15  0.23        0.14  0.25         0.09    0.12
AEX            -0.09 -0.17   0.17 -0.12 -0.03  0.04  0.13        0.12         0.24     0.27    0.29  1.00       0.37  0.84        0.78        0.64  0.86      0.58   0.65     0.25  0.29        0.42  0.13         0.34    0.09
AUD_micro       0.07  0.06   0.31  0.37 -0.02  0.20  0.27        0.37         0.65     0.24    0.40  0.37       1.00  0.40        0.48        0.34  0.40      0.61   0.37     0.20  0.55        0.36  0.40         0.23    0.13
DAX            -0.11 -0.13   0.26 -0.01 -0.02  0.01  0.17        0.23         0.26     0.26    0.34  0.84       0.40  1.00        0.68        0.47  0.90      0.67   0.65     0.36  0.20        0.31  0.17         0.26    0.08
FTSETAIWAN     -0.05 -0.19   0.19 -0.19  0.01 -0.00  0.11        0.14         0.27     0.24    0.33  0.78       0.48  0.68        1.00        0.72  0.74      0.48   0.74     0.29  0.35        0.31  0.27         0.34    0.25
KOSPI_mini     -0.01 -0.17   0.09 -0.28 -0.06 -0.02  0.12       -0.06         0.21     0.10    0.13  0.64       0.34  0.47        0.72        1.00  0.57      0.37   0.60     0.15  0.37        0.34  0.29         0.41    0.23
MIB            -0.10 -0.12   0.22 -0.06 -0.12 -0.04  0.13        0.08         0.26     0.32    0.25  0.86       0.40  0.90        0.74        0.57  1.00      0.60   0.68     0.30  0.30        0.39  0.17         0.29    0.08
MSCIEAFA       -0.07 -0.20   0.31  0.20  0.03  0.23  0.29        0.28         0.42     0.12    0.38  0.58       0.61  0.67        0.48        0.37  0.60      1.00   0.65     0.33  0.47        0.26  0.37         0.50    0.12
TOPIX          -0.07 -0.20   0.16 -0.28 -0.02 -0.02  0.12        0.13         0.15     0.21    0.24  0.65       0.37  0.65        0.74        0.60  0.68      0.65   1.00     0.29  0.35        0.27  0.26         0.41    0.38
BITCOIN         0.06  0.06  -0.08 -0.19 -0.13 -0.11 -0.13       -0.02         0.08     0.12    0.15  0.25       0.20  0.36        0.29        0.15  0.30      0.33   0.29     1.00  0.23        0.10  0.12         0.44    0.20
BRE             0.27 -0.12   0.13 -0.01 -0.11  0.00  0.20        0.06         0.27     0.15    0.23  0.29       0.55  0.20        0.35        0.37  0.30      0.47   0.35     0.23  1.00        0.31  0.49         0.45    0.21
FTSECHINAA      0.04 -0.09  -0.03 -0.11 -0.12 -0.10 -0.04       -0.04         0.18     0.22    0.14  0.42       0.36  0.31        0.31        0.34  0.39      0.26   0.27     0.10  0.31        1.00  0.24         0.21    0.16
MXP            -0.12 -0.05  -0.07  0.01  0.03  0.09  0.02        0.15         0.26     0.20    0.25  0.13       0.40  0.17        0.27        0.29  0.17      0.37   0.26     0.12  0.49        0.24  1.00         0.26    0.29
SP500_micro     0.07 -0.13  -0.01 -0.29 -0.16 -0.04  0.04       -0.26         0.02     0.01    0.09  0.34       0.23  0.26        0.34        0.41  0.29      0.50   0.41     0.44  0.45        0.21  0.26         1.00    0.11
YENEUR          0.03 -0.04  -0.33 -0.66 -0.23 -0.43 -0.36        0.05        -0.13    -0.05    0.12  0.09       0.13  0.08        0.25        0.23  0.08      0.12   0.38     0.20  0.21        0.16  0.29         0.11    1.00


********************************************************************************
                                 END OF REPORT                                  
********************************************************************************


