
********************************************************************************
                    Risk report produced on 01/06/2026 22:51                    
********************************************************************************


Total risk across all strategies, annualised percentage 10.1
Percentage of capital used for margin 35.3%

========================================
Risk per strategy, annualised percentage
========================================

                  risk
dynamic_TF_carry  10.1


===================
Risk by asset class
===================

Ags       1.6
Bond      3.2
Equity    4.1
FX        1.9
Metals    0.3
OilGas    5.6
Other     0.2
Sector    1.8
Vol       0.1
dtype: float64


=====================================================
Beta loadings of asset class positions on asset class
=====================================================

Bond     -0.39
FX       -0.09
Metals   -0.01
Vol      -0.00
Other     0.01
OilGas    0.05
Sector    0.09
Ags       0.10
Equity    0.22
dtype: float64


========================================================
Beta loadings of full portfolio positions on asset class
========================================================

Bond     -0.39
Vol      -0.06
OilGas    0.03
FX        0.03
Metals    0.06
Other     0.10
Equity    0.20
Sector    0.27
Ags       0.31
dtype: float64


===================================================================================================================================================================================================================================================================
                                                                                                                          Instrument risk                                                                                                                          
===================================================================================================================================================================================================================================================================

               daily_price_stdev  annual_price_stdev     price  daily_perc_stdev  annual_perc_stdev  point_size_base  contract_exposure  daily_risk_per_contract  annual_risk_per_contract  position  capital  exposure_held_perc_capital  annual_risk_perc_capital
KR10                       0.480               7.674    106.69              0.45                7.2            492.5              52547                      236                      3779        -4   703040                       -29.9                      -2.2
GAS-PEN                    0.102               1.632      3.29              3.10               49.6           7439.5              24475                      758                     12138        -1   703040                        -3.5                      -1.7
BUXL                       0.823              13.172    109.08              0.75               12.1            864.4              94287                      711                     11385        -1   703040                       -13.4                      -1.6
JPY                        0.000               0.001      0.01              0.51                8.1        9299349.8              58302                      296                      4745        -2   703040                       -16.6                      -1.4
CHF                        0.006               0.092      1.27              0.45                7.2          92993.5             118403                      535                      8568        -1   703040                       -16.8                      -1.2
LEANHOG                    1.274              20.388     99.72              1.28               20.4            297.6              29676                      379                      6067        -1   703040                        -4.2                      -0.9
KOSDAQ                    50.361             805.773   1847.50              2.73               43.6              4.9               9099                      248                      3968        -1   703040                        -1.3                      -0.6
DAX                      271.452            4343.226  25056.00              1.08               17.3              0.9              21658                      234                      3754        -1   703040                        -3.1                      -0.5
GAS_US_mini                0.106               1.701      3.18              3.34               53.5           1859.9               5914                      197                      3163        -1   703040                        -0.8                      -0.4
BITCOIN                 1789.937           28638.996  71555.00              2.50               40.0              0.1               5323                      133                      2130        -1   703040                        -0.8                      -0.3
HANGENT_mini             100.079            1601.269   8456.00              1.18               18.9              0.9               8026                       94                      1519        -1   703040                        -1.1                      -0.2
V2X                        0.523               8.365     20.05              2.61               41.7             86.4               1733                       45                       723        -1   703040                        -0.2                      -0.1
EUR_micro                  0.004               0.061      1.17              0.33                5.2           9299.3              10863                       35                       569        -1   703040                        -1.5                      -0.1
RUBBER                     2.874              45.977    229.30              1.25               20.1             37.2               8529                      106                      1710         1   703040                         1.2                       0.2
AUD_micro                  0.004               0.058      0.72              0.51                8.1           7439.5               5327                       26                       431         5   703040                         3.8                       0.3
MUMMY                     17.487             279.796    773.00              2.26               36.2              4.7               3601                       81                      1303         2   703040                         1.0                       0.4
CRUDE_W_micro              2.312              36.990     86.53              2.67               42.7             74.4               6437                      171                      2751         1   703040                         0.9                       0.4
ZAR                        0.000               0.007      0.06              0.76               12.2         371974.0              22802                      173                      2782         1   703040                         3.2                       0.4
CANOLA                     9.280             148.474    775.30              1.20               19.2             10.8               8338                       99                      1596         2   703040                         2.4                       0.5
CORN                       5.445              87.113    472.25              1.15               18.4             37.2              17566                      202                      3240         1   703040                         2.5                       0.5
MXP                        0.000               0.005      0.06              0.49                7.9         371974.0              21403                      105                      1693         2   703040                         6.1                       0.5
TOPIX                     45.957             735.316   3919.25              1.17               18.8              4.7              18260                      214                      3425         1   703040                         2.6                       0.5
NZD                        0.004               0.061      0.59              0.64               10.3          74394.8              44190                      284                      4552         1   703040                         6.3                       0.6
EU-OIL                     7.242             115.874    525.10              1.38               22.1             43.2              22694                      313                      5008         1   703040                         3.2                       0.7
RUSSELL                   32.222             515.556   2919.70              1.10               17.7              3.7              10860                      119                      1917         3   703040                         4.6                       0.8
NIKKEI                   996.940           15951.034  67160.00              1.48               23.8              0.5              31291                      464                      7431         1   703040                         4.5                       1.1
EU-BASIC                  14.528             232.443    867.50              1.67               26.8             43.2              37492                      627                     10046         1   703040                         5.3                       1.4
LIVECOW                    2.114              33.827    248.82              0.85               13.6            297.6              74045                      629                     10066         1   703040                        10.5                       1.4
MSCIEMASIA                17.339             277.428   1207.75              1.44               23.0             74.4              89850                     1289                     20639         1   703040                        12.8                       2.9
GASOILINE                  0.069               1.100      3.09              2.22               35.6          31245.8              96590                     2148                     34371         1   703040                        13.7                       4.9

Sum of abs(notional exposure % capital) 177.8
Sum of abs(annualised risk % capital) 28.7
Net sum of annualised risk % capital 6.3 

=============================================================================================================================================================================================================================================================================
                                                                                                                                Correlations                                                                                                                                 
=============================================================================================================================================================================================================================================================================

               AUD_micro   CHF  EUR_micro   JPY   MXP   NZD   ZAR  BITCOIN  BUXL   DAX  EU-BASIC  HANGENT_mini  KOSDAQ  KR10  MSCIEMASIA  MUMMY  NIKKEI  RUBBER  RUSSELL  TOPIX  CANOLA  CORN  CRUDE_W_micro  EU-OIL  GASOILINE  LEANHOG  LIVECOW  GAS-PEN  GAS_US_mini   V2X
AUD_micro           1.00  0.62       0.64  0.48  0.58  0.87  0.68     0.20  0.02  0.31      0.53          0.48    0.48  0.11        0.65   0.17    0.35    0.42     0.35   0.21   -0.03  0.22          -0.01    0.22       0.01     0.09    -0.04     0.17         0.19 -0.39
CHF                 0.62  1.00       0.85  0.74  0.50  0.72  0.57     0.06  0.24  0.16      0.22          0.31    0.32  0.30        0.33  -0.07    0.04    0.08     0.13  -0.13   -0.14  0.09          -0.40   -0.21      -0.41    -0.06    -0.02     0.02         0.02 -0.19
EUR_micro           0.64  0.85       1.00  0.66  0.59  0.72  0.63     0.10  0.07  0.18      0.27          0.37    0.36  0.21        0.37  -0.08    0.16    0.13     0.15   0.05   -0.18  0.01          -0.39   -0.13      -0.40    -0.01     0.10    -0.05        -0.03 -0.27
JPY                 0.48  0.74       0.66  1.00  0.27  0.58  0.45     0.07  0.39  0.22      0.18          0.22    0.18  0.31        0.28  -0.19   -0.10    0.10     0.16  -0.21   -0.23  0.00          -0.37   -0.17      -0.35    -0.13    -0.02     0.01         0.04 -0.22
MXP                 0.58  0.50       0.59  0.27  1.00  0.59  0.68     0.12  0.01  0.28      0.51          0.44    0.29  0.05        0.58   0.20    0.34    0.19     0.42   0.29   -0.18 -0.05          -0.27    0.04      -0.25     0.02     0.06     0.00         0.00 -0.40
NZD                 0.87  0.72       0.72  0.58  0.59  1.00  0.70     0.22  0.21  0.34      0.53          0.38    0.46  0.16        0.64   0.11    0.34    0.34     0.44   0.18   -0.07  0.06          -0.27    0.02      -0.25     0.10    -0.09     0.11         0.10 -0.50
ZAR                 0.68  0.57       0.63  0.45  0.68  0.70  1.00     0.24  0.17  0.54      0.70          0.44    0.31  0.21        0.69   0.17    0.39    0.43     0.44   0.31   -0.26 -0.14          -0.39    0.06      -0.39    -0.00     0.02     0.03         0.02 -0.51
BITCOIN             0.20  0.06       0.10  0.07  0.12  0.22  0.24     1.00  0.04  0.32      0.22          0.27    0.11  0.11        0.34   0.05    0.13    0.10     0.44  -0.01   -0.04 -0.06           0.02    0.08       0.10    -0.03     0.01     0.09         0.13 -0.27
BUXL                0.02  0.24       0.07  0.39  0.01  0.21  0.17     0.04  1.00  0.21      0.12          0.00    0.02  0.42        0.24   0.03    0.11    0.02     0.25   0.02    0.05 -0.11          -0.27   -0.13      -0.22    -0.05    -0.11    -0.11        -0.12 -0.14
DAX                 0.31  0.16       0.18  0.22  0.28  0.34  0.54     0.32  0.21  1.00      0.55          0.20    0.08  0.17        0.56   0.28    0.32    0.25     0.42   0.34   -0.27 -0.29          -0.18    0.32      -0.15    -0.04     0.23    -0.11        -0.09 -0.70
EU-BASIC            0.53  0.22       0.27  0.18  0.51  0.53  0.70     0.22  0.12  0.55      1.00          0.33    0.24  0.09        0.69   0.38    0.66    0.62     0.52   0.62   -0.07 -0.03          -0.20    0.28      -0.09     0.20     0.10    -0.08        -0.09 -0.62
HANGENT_mini        0.48  0.31       0.37  0.22  0.44  0.38  0.44     0.27  0.00  0.20      0.33          1.00    0.43  0.13        0.51   0.16    0.26    0.23     0.11   0.16    0.12  0.27           0.07    0.16       0.11     0.09     0.05     0.07         0.09 -0.05
KOSDAQ              0.48  0.32       0.36  0.18  0.29  0.46  0.31     0.11  0.02  0.08      0.24          0.43    1.00  0.08        0.45   0.03    0.38    0.26     0.07   0.10    0.13  0.24           0.04    0.16       0.06     0.04    -0.02     0.12         0.11 -0.16
KR10                0.11  0.30       0.21  0.31  0.05  0.16  0.21     0.11  0.42  0.17      0.09          0.13    0.08  1.00        0.10   0.14    0.11    0.07     0.02   0.00   -0.02 -0.19          -0.13   -0.23      -0.16     0.01     0.12    -0.25        -0.24 -0.17
MSCIEMASIA          0.65  0.33       0.37  0.28  0.58  0.64  0.69     0.34  0.24  0.56      0.69          0.51    0.45  0.10        1.00   0.29    0.64    0.41     0.58   0.42   -0.06 -0.03          -0.21    0.09      -0.11    -0.10    -0.06     0.06         0.06 -0.61
MUMMY               0.17 -0.07      -0.08 -0.19  0.20  0.11  0.17     0.05  0.03  0.28      0.38          0.16    0.03  0.14        0.29   1.00    0.54    0.24     0.21   0.61    0.12  0.05           0.12    0.18       0.18     0.35     0.03    -0.04        -0.01 -0.26
NIKKEI              0.35  0.04       0.16 -0.10  0.34  0.34  0.39     0.13  0.11  0.32      0.66          0.26    0.38  0.11        0.64   0.54    1.00    0.41     0.42   0.87    0.13 -0.02          -0.03    0.15       0.07     0.18     0.07    -0.20        -0.20 -0.50
RUBBER              0.42  0.08       0.13  0.10  0.19  0.34  0.43     0.10  0.02  0.25      0.62          0.23    0.26  0.07        0.41   0.24    0.41    1.00     0.18   0.40    0.09  0.27           0.10    0.35       0.19     0.22     0.11     0.04         0.00 -0.29
RUSSELL             0.35  0.13       0.15  0.16  0.42  0.44  0.44     0.44  0.25  0.42      0.52          0.11    0.07  0.02        0.58   0.21    0.42    0.18     1.00   0.34   -0.09 -0.19          -0.26    0.01      -0.16     0.06     0.01    -0.17        -0.18 -0.58
TOPIX               0.21 -0.13       0.05 -0.21  0.29  0.18  0.31    -0.01  0.02  0.34      0.62          0.16    0.10  0.00        0.42   0.61    0.87    0.40     0.34   1.00    0.09 -0.04           0.02    0.29       0.10     0.31     0.18    -0.25        -0.25 -0.44
CANOLA             -0.03 -0.14      -0.18 -0.23 -0.18 -0.07 -0.26    -0.04  0.05 -0.27     -0.07          0.12    0.13 -0.02       -0.06   0.12    0.13    0.09    -0.09   0.09    1.00  0.39           0.34    0.08       0.41     0.24    -0.11     0.09         0.05  0.19
CORN                0.22  0.09       0.01  0.00 -0.05  0.06 -0.14    -0.06 -0.11 -0.29     -0.03          0.27    0.24 -0.19       -0.03   0.05   -0.02    0.27    -0.19  -0.04    0.39  1.00           0.39    0.15       0.44     0.14    -0.11     0.23         0.25  0.25
CRUDE_W_micro      -0.01 -0.40      -0.39 -0.37 -0.27 -0.27 -0.39     0.02 -0.27 -0.18     -0.20          0.07    0.04 -0.13       -0.21   0.12   -0.03    0.10    -0.26   0.02    0.34  0.39           1.00    0.52       0.94     0.15     0.14     0.05         0.06  0.29
EU-OIL              0.22 -0.21      -0.13 -0.17  0.04  0.02  0.06     0.08 -0.13  0.32      0.28          0.16    0.16 -0.23        0.09   0.18    0.15    0.35     0.01   0.29    0.08  0.15           0.52    1.00       0.55     0.16     0.18     0.03         0.02 -0.17
GASOILINE           0.01 -0.41      -0.40 -0.35 -0.25 -0.25 -0.39     0.10 -0.22 -0.15     -0.09          0.11    0.06 -0.16       -0.11   0.18    0.07    0.19    -0.16   0.10    0.41  0.44           0.94    0.55       1.00     0.18     0.16     0.05         0.07  0.24
LEANHOG             0.09 -0.06      -0.01 -0.13  0.02  0.10 -0.00    -0.03 -0.05 -0.04      0.20          0.09    0.04  0.01       -0.10   0.35    0.18    0.22     0.06   0.31    0.24  0.14           0.15    0.16       0.18     1.00     0.13    -0.18        -0.16 -0.05
LIVECOW            -0.04 -0.02       0.10 -0.02  0.06 -0.09  0.02     0.01 -0.11  0.23      0.10          0.05   -0.02  0.12       -0.06   0.03    0.07    0.11     0.01   0.18   -0.11 -0.11           0.14    0.18       0.16     0.13     1.00    -0.32        -0.34 -0.17
GAS-PEN             0.17  0.02      -0.05  0.01  0.00  0.11  0.03     0.09 -0.11 -0.11     -0.08          0.07    0.12 -0.25        0.06  -0.04   -0.20    0.04    -0.17  -0.25    0.09  0.23           0.05    0.03       0.05    -0.18    -0.32     1.00         0.95  0.16
GAS_US_mini         0.19  0.02      -0.03  0.04  0.00  0.10  0.02     0.13 -0.12 -0.09     -0.09          0.09    0.11 -0.24        0.06  -0.01   -0.20    0.00    -0.18  -0.25    0.05  0.25           0.06    0.02       0.07    -0.16    -0.34     0.95         1.00  0.17
V2X                -0.39 -0.19      -0.27 -0.22 -0.40 -0.50 -0.51    -0.27 -0.14 -0.70     -0.62         -0.05   -0.16 -0.17       -0.61  -0.26   -0.50   -0.29    -0.58  -0.44    0.19  0.25           0.29   -0.17       0.24    -0.05    -0.17     0.16         0.17  1.00


********************************************************************************
                                 END OF REPORT                                  
********************************************************************************


