
********************************************************************************
                    Risk report produced on 19/12/2023 22:50                    
********************************************************************************


Total risk across all strategies, annualised percentage 7.9
Percentage of capital used for margin 57.1%

========================================
Risk per strategy, annualised percentage
========================================

                  risk
dynamic_TF_carry   7.9


===================
Risk by asset class
===================

Ags       2.5
Bond      1.4
Equity    4.8
FX        3.1
Metals    1.9
OilGas    5.0
Vol       1.5
dtype: float64


=====================================================
Beta loadings of asset class positions on asset class
=====================================================

Ags      -0.14
FX       -0.08
OilGas   -0.06
Vol      -0.03
Bond      0.03
Metals    0.07
Equity    0.49
dtype: float64


========================================================
Beta loadings of full portfolio positions on asset class
========================================================

Bond     -0.15
Vol      -0.12
OilGas   -0.04
Ags      -0.02
Metals    0.08
FX        0.12
Equity    0.63
dtype: float64


=================================================================================================================================================================================================================================================================
                                                                                                                         Instrument risk                                                                                                                         
=================================================================================================================================================================================================================================================================

             daily_price_stdev  annual_price_stdev     price  daily_perc_stdev  annual_perc_stdev  point_size_base  contract_exposure  daily_risk_per_contract  annual_risk_per_contract  position  capital  exposure_held_perc_capital  annual_risk_perc_capital
GAS-PEN                  0.120               1.924      2.42              4.98               79.6           7901.1              19089                      950                     15200        -1   369617                        -5.2                      -4.1
LIVECOW                  1.816              29.049    168.75              1.08               17.2            316.0              53332                      573                      9180        -1   369617                       -14.4                      -2.5
JPY                      0.000               0.001      0.01              0.74               11.8        9876387.1              69638                      512                      8205        -1   369617                       -18.8                      -2.2
VIX                      0.452               7.226     16.10              2.81               44.9            790.1              12720                      356                      5709        -1   369617                        -3.4                      -1.5
US2                      0.179               2.869    102.70              0.17                2.8           1580.2             162293                      283                      4534        -1   369617                       -43.9                      -1.2
GAS_US_mini              0.116               1.857      2.40              4.83               77.2           1975.3               4750                      229                      3667        -1   369617                        -1.3                      -1.0
EUR_micro                0.006               0.091      1.10              0.51                8.2           9876.4              10880                       56                       896        -2   369617                        -5.9                      -0.5
IRON                     2.090              33.434    130.70              1.60               25.6             79.0              10326                      165                      2641         1   369617                         2.8                       0.7
DOW                    233.948            3743.174  37871.00              0.62                9.9              0.4              14961                       92                      1478         2   369617                         8.1                       0.8
CNH                      0.020               0.323      7.13              0.28                4.5          11049.4              78828                      222                      3566         1   369617                        21.3                       1.0
MXP                      0.000               0.006      0.06              0.68               10.8         395055.5              22802                      154                      2468         2   369617                        12.3                       1.3
NIKKEI                 306.937            4910.996  33005.00              0.93               14.9              0.5              18144                      168                      2699         2   369617                         9.8                       1.5
KR10                     0.588               9.401    113.52              0.52                8.3            603.6              68525                      354                      5674         1   369617                        18.5                       1.5
FTSETAIWAN              11.270             180.319   1518.50              0.74               11.9             31.6              47991                      356                      5698         1   369617                        13.0                       1.5
BITCOIN               1209.339           19349.425  42460.00              2.85               45.6              0.1               3354                       95                      1528         4   369617                         3.6                       1.7
CAC                     51.569             825.098   7598.00              0.68               10.9              8.6              65592                      445                      7122         1   369617                        17.7                       1.9

Sum of abs(notional exposure % capital) 200.0
Sum of abs(annualised risk % capital) 24.9
Net sum of annualised risk % capital -1.1 

========================================================================================================================================
                                                              Correlations                                                              
========================================================================================================================================

              CNH   VIX  EUR_micro   JPY   US2  BITCOIN   CAC   DOW  FTSETAIWAN  IRON  KR10   MXP  NIKKEI  GAS-PEN  GAS_US_mini  LIVECOW
CNH          1.00  0.30      -0.54 -0.46 -0.43    -0.16 -0.36 -0.35       -0.37 -0.17 -0.43 -0.22   -0.22     0.06         0.06    -0.01
VIX          0.30  1.00      -0.26 -0.11 -0.10    -0.09 -0.63 -0.66       -0.53 -0.33 -0.50 -0.55   -0.57    -0.23        -0.16    -0.34
EUR_micro   -0.54 -0.26       1.00  0.52  0.48     0.09  0.39  0.46        0.39  0.10  0.26  0.40    0.24    -0.08        -0.10     0.18
JPY         -0.46 -0.11       0.52  1.00  0.60     0.11  0.27  0.23        0.13  0.11  0.32  0.18   -0.23    -0.39        -0.36    -0.10
US2         -0.43 -0.10       0.48  0.60  1.00     0.24  0.16  0.28        0.11 -0.06  0.48  0.01   -0.11    -0.16        -0.14    -0.08
BITCOIN     -0.16 -0.09       0.09  0.11  0.24     1.00  0.10  0.11       -0.03  0.11  0.18 -0.08   -0.14    -0.08         0.02    -0.28
CAC         -0.36 -0.63       0.39  0.27  0.16     0.10  1.00  0.70        0.56  0.26  0.51  0.57    0.57     0.08         0.05     0.21
DOW         -0.35 -0.66       0.46  0.23  0.28     0.11  0.70  1.00        0.54  0.31  0.45  0.47    0.55     0.16         0.16     0.38
FTSETAIWAN  -0.37 -0.53       0.39  0.13  0.11    -0.03  0.56  0.54        1.00  0.30  0.43  0.38    0.69     0.12         0.12     0.24
IRON        -0.17 -0.33       0.10  0.11 -0.06     0.11  0.26  0.31        0.30  1.00  0.19  0.29    0.22     0.12         0.11     0.02
KR10        -0.43 -0.50       0.26  0.32  0.48     0.18  0.51  0.45        0.43  0.19  1.00  0.25    0.33     0.02        -0.01     0.04
MXP         -0.22 -0.55       0.40  0.18  0.01    -0.08  0.57  0.47        0.38  0.29  0.25  1.00    0.49     0.05         0.04     0.35
NIKKEI      -0.22 -0.57       0.24 -0.23 -0.11    -0.14  0.57  0.55        0.69  0.22  0.33  0.49    1.00     0.26         0.22     0.36
GAS-PEN      0.06 -0.23      -0.08 -0.39 -0.16    -0.08  0.08  0.16        0.12  0.12  0.02  0.05    0.26     1.00         0.90     0.17
GAS_US_mini  0.06 -0.16      -0.10 -0.36 -0.14     0.02  0.05  0.16        0.12  0.11 -0.01  0.04    0.22     0.90         1.00     0.16
LIVECOW     -0.01 -0.34       0.18 -0.10 -0.08    -0.28  0.21  0.38        0.24  0.02  0.04  0.35    0.36     0.17         0.16     1.00


********************************************************************************
                                 END OF REPORT                                  
********************************************************************************


