
********************************************************************************
                    Risk report produced on 21/11/2025 22:53                    
********************************************************************************


Total risk across all strategies, annualised percentage 10.1
Percentage of capital used for margin 41.7%

========================================
Risk per strategy, annualised percentage
========================================

                  risk
dynamic_TF_carry  10.1


===================
Risk by asset class
===================

Ags       0.7
Bond      1.4
Equity    5.5
FX        4.6
Metals    1.9
OilGas    1.8
Sector    0.9
dtype: float64


=====================================================
Beta loadings of asset class positions on asset class
=====================================================

Ags      -0.03
Metals   -0.00
Sector    0.04
OilGas    0.05
Bond      0.12
FX        0.13
Equity    0.37
dtype: float64


========================================================
Beta loadings of full portfolio positions on asset class
========================================================

Bond     -0.35
Ags      -0.09
OilGas    0.10
Metals    0.11
Sector    0.22
FX        0.31
Equity    0.48
dtype: float64


===================================================================================================================================================================================================================================================================
                                                                                                                          Instrument risk                                                                                                                          
===================================================================================================================================================================================================================================================================

               daily_price_stdev  annual_price_stdev     price  daily_perc_stdev  annual_perc_stdev  point_size_base  contract_exposure  daily_risk_per_contract  annual_risk_per_contract  position  capital  exposure_held_perc_capital  annual_risk_perc_capital
JPY                        0.000               0.001      0.01              0.56                9.0        9553142.2              61216                      342                      5485        -2   609310                       -20.1                      -1.8
BITCOIN                 2688.748           43019.974  83910.00              3.20               51.3              0.1               6412                      205                      3287        -3   609310                        -3.2                      -1.6
DAX                      217.935            3486.955  23126.00              0.94               15.1              0.9              20395                      192                      3075        -3   609310                       -10.0                      -1.5
KR10                       0.352               5.635    114.36              0.31                4.9            513.4              58710                      180                      2893        -3   609310                       -28.9                      -1.4
SP500_micro               60.142             962.271   6652.50              0.90               14.5              3.8              25420                      229                      3677        -2   609310                        -8.3                      -1.2
GOLD_micro                52.386             838.173   4119.10              1.27               20.3              7.6              31480                      400                      6405        -1   609310                        -5.2                      -1.1
KRWUSD_mini                0.004               0.059      0.68              0.54                8.6          19106.3              12996                       70                      1123        -4   609310                        -8.5                      -0.7
RICE                       0.164               2.623     10.38              1.58               25.3           1528.5              15858                      250                      4010        -1   609310                        -2.6                      -0.7
CRUDE_W_micro              1.006              16.098     57.62              1.75               27.9             76.4               4403                       76                      1230        -3   609310                        -2.2                      -0.6
GAS_US_mini                0.108               1.728      4.73              2.28               36.5           1910.6               9037                      206                      3300        -1   609310                        -1.5                      -0.5
EUR_micro                  0.004               0.062      1.16              0.33                5.3           9553.1              11064                       36                       587        -2   609310                        -3.6                      -0.2
AUD_micro                  0.003               0.047      0.65              0.45                7.3           7642.5               4934                       22                       358         4   609310                         3.2                       0.2
FTSECHINAA               177.365            2837.847  14934.00              1.19               19.0              0.8              11413                      135                      2168         1   609310                         1.9                       0.4
MXP                        0.000               0.004      0.05              0.49                7.9         382125.7              20623                      101                      1622         2   609310                         6.8                       0.5
BRE                        0.001               0.018      0.18              0.61                9.7          76425.1              14115                       85                      1372         4   609310                         9.3                       0.9
EU-BASIC                   7.784             124.536    570.60              1.36               21.8             44.1              25162                      343                      5491         1   609310                         4.1                       0.9
TOPIX                     36.341             581.451   3299.25              1.10               17.6              4.9              16042                      176                      2827         2   609310                         5.3                       0.9
NIKKEI                   790.949           12655.178  48780.00              1.62               25.9              0.5              23719                      384                      6153         1   609310                         3.9                       1.0
OAT                        0.302               4.826    122.28              0.25                3.9            881.9             107844                      266                      4256         2   609310                        35.4                       1.4
KOSPI_mini                10.779             172.462    541.76              1.99               31.8             25.7              13906                      276                      4426         2   609310                         4.6                       1.5
SILVER                     0.998              15.968     49.80              2.00               32.1            764.3              38063                      762                     12203         1   609310                         6.2                       2.0
GASOILINE                  0.028               0.453      1.82              1.56               24.9          32098.6              58432                      908                     14541         1   609310                         9.6                       2.4
YENEUR                     0.777              12.429    179.84              0.43                6.9            607.8             109309                      472                      7554         2   609310                        35.9                       2.5
MIB                      398.165            6370.641  42280.00              0.94               15.1              4.4             186444                     1755                     28092         1   609310                        30.6                       4.6

Sum of abs(notional exposure % capital) 250.9
Sum of abs(annualised risk % capital) 30.5
Net sum of annualised risk % capital 7.9 

==========================================================================================================================================================================================================================================
                                                                                                               Correlations                                                                                                               
==========================================================================================================================================================================================================================================

               EUR_micro   JPY  KR10  KRWUSD_mini   OAT  GOLD_micro  SILVER  GAS_US_mini  RICE  AUD_micro  BITCOIN   BRE   DAX  EU-BASIC  FTSECHINAA  KOSPI_mini   MIB   MXP  NIKKEI  SP500_micro  TOPIX  CRUDE_W_micro  GASOILINE  YENEUR
EUR_micro           1.00  0.63  0.23         0.50  0.20        0.48    0.32        -0.05  0.20       0.63     0.04  0.23  0.12      0.10        0.08       -0.08  0.06  0.36    0.03        -0.17   0.05          -0.43      -0.40    0.14
JPY                 0.63  1.00  0.32         0.50  0.45        0.33    0.13        -0.07  0.16       0.39    -0.07  0.01  0.05     -0.05       -0.06       -0.24 -0.01  0.02   -0.30        -0.21  -0.25          -0.39      -0.37   -0.65
KR10                0.23  0.32  1.00         0.32  0.51        0.14   -0.10        -0.34 -0.03       0.07     0.03 -0.09  0.03     -0.05        0.00       -0.00 -0.08  0.05    0.02        -0.03  -0.01          -0.22      -0.22   -0.23
KRWUSD_mini         0.50  0.50  0.32         1.00  0.26        0.20    0.07        -0.13  0.05       0.59     0.13  0.22  0.21      0.22        0.18        0.20  0.19  0.20    0.17         0.02   0.11          -0.07      -0.11   -0.16
OAT                 0.20  0.45  0.51         0.26  1.00        0.47    0.23        -0.14  0.03       0.24    -0.05  0.04  0.07      0.09       -0.05        0.00  0.02  0.14    0.04         0.03   0.02          -0.28      -0.20   -0.39
GOLD_micro          0.48  0.33  0.14         0.20  0.47        1.00    0.74         0.13  0.10       0.39     0.05  0.11  0.30      0.28       -0.01       -0.03  0.18  0.21    0.10        -0.15   0.18          -0.22      -0.13    0.06
SILVER              0.32  0.13 -0.10         0.07  0.23        0.74    1.00         0.06  0.19       0.41     0.17  0.28  0.39      0.52        0.16        0.13  0.33  0.31    0.20         0.14   0.28          -0.04       0.04    0.14
GAS_US_mini        -0.05 -0.07 -0.34        -0.13 -0.14        0.13    0.06         1.00 -0.02       0.08     0.01  0.26 -0.05     -0.09       -0.06       -0.07 -0.05 -0.05   -0.15        -0.03  -0.05           0.07       0.10    0.06
RICE                0.20  0.16 -0.03         0.05  0.03        0.10    0.19        -0.02  1.00       0.12     0.13 -0.06 -0.01     -0.10       -0.04       -0.13 -0.00  0.03   -0.18        -0.02  -0.12          -0.06      -0.02   -0.02
AUD_micro           0.63  0.39  0.07         0.59  0.24        0.39    0.41         0.08  0.12       1.00     0.27  0.56  0.43      0.56        0.40        0.36  0.43  0.42    0.39         0.28   0.39          -0.02       0.02    0.12
BITCOIN             0.04 -0.07  0.03         0.13 -0.05        0.05    0.17         0.01  0.13       0.27     1.00  0.24  0.43      0.34        0.18        0.22  0.36  0.13    0.32         0.53   0.30           0.07       0.13    0.13
BRE                 0.23  0.01 -0.09         0.22  0.04        0.11    0.28         0.26 -0.06       0.56     0.24  1.00  0.23      0.46        0.31        0.37  0.33  0.51    0.37         0.46   0.37           0.27       0.32    0.21
DAX                 0.12  0.05  0.03         0.21  0.07        0.30    0.39        -0.05 -0.01       0.43     0.43  0.23  1.00      0.69        0.34        0.50  0.91  0.19    0.57         0.35   0.65           0.16       0.25    0.05
EU-BASIC            0.10 -0.05 -0.05         0.22  0.09        0.28    0.52        -0.09 -0.10       0.56     0.34  0.46  0.69      1.00        0.49        0.53  0.71  0.30    0.65         0.44   0.65           0.32       0.36    0.14
FTSECHINAA          0.08 -0.06  0.00         0.18 -0.05       -0.01    0.16        -0.06 -0.04       0.40     0.18  0.31  0.34      0.49        1.00        0.35  0.40  0.26    0.28         0.26   0.28           0.13       0.16    0.14
KOSPI_mini         -0.08 -0.24 -0.00         0.20  0.00       -0.03    0.13        -0.07 -0.13       0.36     0.22  0.37  0.50      0.53        0.35        1.00  0.57  0.28    0.69         0.44   0.60           0.34       0.37    0.19
MIB                 0.06 -0.01 -0.08         0.19  0.02        0.18    0.33        -0.05 -0.00       0.43     0.36  0.33  0.91      0.71        0.40        0.57  1.00  0.20    0.61         0.36   0.69           0.32       0.41    0.06
MXP                 0.36  0.02  0.05         0.20  0.14        0.21    0.31        -0.05  0.03       0.42     0.13  0.51  0.19      0.30        0.26        0.28  0.20  1.00    0.24         0.27   0.28           0.01       0.04    0.31
NIKKEI              0.03 -0.30  0.02         0.17  0.04        0.10    0.20        -0.15 -0.18       0.39     0.32  0.37  0.57      0.65        0.28        0.69  0.61  0.24    1.00         0.48   0.92           0.30       0.34    0.40
SP500_micro        -0.17 -0.21 -0.03         0.02  0.03       -0.15    0.14        -0.03 -0.02       0.28     0.53  0.46  0.35      0.44        0.26        0.44  0.36  0.27    0.48         1.00   0.42           0.16       0.21    0.07
TOPIX               0.05 -0.25 -0.01         0.11  0.02        0.18    0.28        -0.05 -0.12       0.39     0.30  0.37  0.65      0.65        0.28        0.60  0.69  0.28    0.92         0.42   1.00           0.30       0.36    0.37
CRUDE_W_micro      -0.43 -0.39 -0.22        -0.07 -0.28       -0.22   -0.04         0.07 -0.06      -0.02     0.07  0.27  0.16      0.32        0.13        0.34  0.32  0.01    0.30         0.16   0.30           1.00       0.95    0.12
GASOILINE          -0.40 -0.37 -0.22        -0.11 -0.20       -0.13    0.04         0.10 -0.02       0.02     0.13  0.32  0.25      0.36        0.16        0.37  0.41  0.04    0.34         0.21   0.36           0.95       1.00    0.11
YENEUR              0.14 -0.65 -0.23        -0.16 -0.39        0.06    0.14         0.06 -0.02       0.12     0.13  0.21  0.05      0.14        0.14        0.19  0.06  0.31    0.40         0.07   0.37           0.12       0.11    1.00


********************************************************************************
                                 END OF REPORT                                  
********************************************************************************


