
********************************************************************************
                    Risk report produced on 30/04/2025 22:53                    
********************************************************************************


Total risk across all strategies, annualised percentage 8.0
Percentage of capital used for margin 40.6%

========================================
Risk per strategy, annualised percentage
========================================

                  risk
dynamic_TF_carry   8.0


===================
Risk by asset class
===================

Ags       2.0
Bond      2.1
Equity    2.2
FX        2.3
Metals    3.3
OilGas    5.5
Vol       0.2
dtype: float64


=====================================================
Beta loadings of asset class positions on asset class
=====================================================

OilGas   -0.14
Metals   -0.12
Ags      -0.01
Vol      -0.00
Equity    0.07
FX        0.19
Bond      0.42
dtype: float64


========================================================
Beta loadings of full portfolio positions on asset class
========================================================

Ags      -0.18
OilGas   -0.18
Metals   -0.15
FX       -0.09
Equity   -0.03
Vol      -0.02
Bond      0.41
dtype: float64


===================================================================================================================================================================================================================================================================
                                                                                                                          Instrument risk                                                                                                                          
===================================================================================================================================================================================================================================================================

               daily_price_stdev  annual_price_stdev     price  daily_perc_stdev  annual_perc_stdev  point_size_base  contract_exposure  daily_risk_per_contract  annual_risk_per_contract  position  capital  exposure_held_perc_capital  annual_risk_perc_capital
BRENT-LAST                 1.461              23.376     60.98              2.40               38.3            746.4              45512                     1090                     17446        -1   537047                        -8.5                      -3.2
GAS-PEN                    0.112               1.790      3.33              3.36               53.7           7463.6              24868                      835                     13360        -1   537047                        -4.6                      -2.5
ALUMINIUM                 38.673             618.765   2316.00              1.67               26.7             18.7              43214                      721                     11545        -1   537047                        -8.0                      -2.1
BITCOIN                 2467.334           39477.340  94630.00              2.61               41.7              0.1               7062                      184                      2946        -3   537047                        -3.9                      -1.6
DOW                      657.679           10522.871  40481.00              1.62               26.0              0.4              15106                      245                      3926        -2   537047                        -5.6                      -1.5
DX                         0.534               8.548     99.26              0.54                8.6            746.4              74083                      398                      6379        -1   537047                       -13.8                      -1.2
SP500_micro              100.601            1609.617   5540.75              1.82               29.1              3.7              20676                      375                      6006        -1   537047                        -3.9                      -1.1
WHEAT                      7.353             117.650    569.75              1.29               20.6             37.3              21261                      274                      4390        -1   537047                        -4.0                      -0.8
GAS_US_mini                0.122               1.958      3.64              3.37               53.9           1865.9               6782                      228                      3653        -1   537047                        -1.3                      -0.7
SOYMEAL                    3.033              48.532    300.60              1.01               16.1             74.6              22435                      226                      3622        -1   537047                        -4.2                      -0.7
CRUDE_W_micro              1.476              23.610     57.09              2.58               41.4             74.6               4260                      110                      1762        -2   537047                        -1.6                      -0.7
COPPER-micro               0.110               1.756      4.60              2.39               38.2           1865.9               8583                      204                      3275        -1   537047                        -1.6                      -0.6
V2X                        0.785              12.566     21.95              3.58               57.2             85.0               1864                       66                      1067        -1   537047                        -0.3                      -0.2
CANOLA                     8.759             140.148    651.20              1.35               21.5             10.8               7030                       94                      1513         1   537047                         1.3                       0.3
MXP                        0.000               0.007      0.05              0.80               12.8         373178.9              18920                      151                      2426         1   537047                         3.5                       0.5
HANG_mini                314.913            5038.603  21995.00              1.43               22.9              1.0              21163                      303                      4848         1   537047                         3.9                       0.9
KR10                       0.345               5.524    121.32              0.28                4.6            524.4              63621                      181                      2896         2   537047                        23.7                       1.1
NIKKEI                   756.776           12108.408  35915.00              2.11               33.7              0.5              18810                      396                      6341         1   537047                         3.5                       1.2
BTP                        0.489               7.831    120.29              0.41                6.5            849.5             102187                      415                      6652         1   537047                        19.0                       1.2
MUMMY                     15.325             245.197    670.00              2.29               36.6              5.2               3509                       80                      1284         6   537047                         3.9                       1.4
LIVECOW                    1.883              30.122    204.18              0.92               14.8            298.5              60955                      562                      8992         1   537047                        11.4                       1.7
YENEUR                     0.884              14.148    161.57              0.55                8.8            654.7             105777                      578                      9262         1   537047                        19.7                       1.7

Sum of abs(notional exposure % capital) 151.2
Sum of abs(annualised risk % capital) 26.9
Net sum of annualised risk % capital -6.9 

====================================================================================================================================================================================================================
                                                                                                    Correlations                                                                                                    
====================================================================================================================================================================================================================

               ALUMINIUM  BITCOIN  BRENT-LAST  COPPER-micro  CRUDE_W_micro   DOW  HANG_mini  LIVECOW  MUMMY   MXP  NIKKEI  SP500_micro  YENEUR   BTP  KR10  CANOLA  SOYMEAL  WHEAT    DX  GAS-PEN  GAS_US_mini   V2X
ALUMINIUM           1.00     0.18        0.42          0.62           0.41  0.34       0.40     0.33   0.35  0.33    0.42         0.40    0.05  0.07 -0.18   -0.17     0.08   0.18 -0.01     0.28         0.28 -0.34
BITCOIN             0.18     1.00        0.12          0.13           0.12  0.50       0.13     0.17   0.37  0.15    0.47         0.54    0.06  0.30 -0.07    0.02    -0.13   0.01  0.11    -0.06        -0.07 -0.47
BRENT-LAST          0.42     0.12        1.00          0.58           0.99  0.26       0.09     0.36   0.48  0.21    0.45         0.32    0.11 -0.08 -0.29    0.01    -0.13   0.06  0.25     0.17         0.23 -0.29
COPPER-micro        0.62     0.13        0.58          1.00           0.57  0.52       0.45     0.45   0.62  0.33    0.57         0.57    0.11  0.10 -0.21   -0.03     0.13   0.20 -0.09     0.16         0.20 -0.42
CRUDE_W_micro       0.41     0.12        0.99          0.57           1.00  0.27       0.07     0.36   0.50  0.21    0.47         0.33    0.12 -0.09 -0.29    0.01    -0.14   0.03  0.27     0.21         0.25 -0.31
DOW                 0.34     0.50        0.26          0.52           0.27  1.00       0.22     0.40   0.63  0.22    0.71         0.93    0.08  0.28 -0.00    0.03     0.00  -0.02  0.11     0.16         0.15 -0.65
HANG_mini           0.40     0.13        0.09          0.45           0.07  0.22       1.00     0.20   0.33  0.35    0.37         0.28    0.16  0.18 -0.02    0.10     0.13   0.18 -0.40     0.10         0.11 -0.28
LIVECOW             0.33     0.17        0.36          0.45           0.36  0.40       0.20     1.00   0.46  0.30    0.50         0.40    0.28 -0.14 -0.28   -0.11     0.03  -0.02 -0.15     0.11         0.15 -0.35
MUMMY               0.35     0.37        0.48          0.62           0.50  0.63       0.33     0.46   1.00  0.35    0.87         0.66    0.28  0.13 -0.20    0.04    -0.04   0.01 -0.04     0.13         0.18 -0.71
MXP                 0.33     0.15        0.21          0.33           0.21  0.22       0.35     0.30   0.35  1.00    0.45         0.32    0.38  0.16 -0.09   -0.10     0.10   0.22 -0.18     0.07         0.10 -0.40
NIKKEI              0.42     0.47        0.45          0.57           0.47  0.71       0.37     0.50   0.87  0.45    1.00         0.78    0.45  0.09 -0.29    0.03    -0.09   0.03  0.10     0.14         0.17 -0.84
SP500_micro         0.40     0.54        0.32          0.57           0.33  0.93       0.28     0.40   0.66  0.32    0.78         1.00    0.15  0.30 -0.03    0.03    -0.03  -0.01  0.14     0.12         0.11 -0.71
YENEUR              0.05     0.06        0.11          0.11           0.12  0.08       0.16     0.28   0.28  0.38    0.45         0.15    1.00 -0.35 -0.48    0.08    -0.11   0.09 -0.00     0.07         0.13 -0.41
BTP                 0.07     0.30       -0.08          0.10          -0.09  0.28       0.18    -0.14   0.13  0.16    0.09         0.30   -0.35  1.00  0.56    0.06    -0.01  -0.06 -0.02    -0.22        -0.23 -0.19
KR10               -0.18    -0.07       -0.29         -0.21          -0.29 -0.00      -0.02    -0.28  -0.20 -0.09   -0.29        -0.03   -0.48  0.56  1.00   -0.05     0.00  -0.23 -0.16    -0.22        -0.27  0.16
CANOLA             -0.17     0.02        0.01         -0.03           0.01  0.03       0.10    -0.11   0.04 -0.10    0.03         0.03    0.08  0.06 -0.05    1.00     0.09   0.18  0.04     0.05         0.05 -0.03
SOYMEAL             0.08    -0.13       -0.13          0.13          -0.14  0.00       0.13     0.03  -0.04  0.10   -0.09        -0.03   -0.11 -0.01  0.00    0.09     1.00   0.32 -0.16     0.11         0.13  0.21
WHEAT               0.18     0.01        0.06          0.20           0.03 -0.02       0.18    -0.02   0.01  0.22    0.03        -0.01    0.09 -0.06 -0.23    0.18     0.32   1.00 -0.17     0.13         0.11  0.05
DX                 -0.01     0.11        0.25         -0.09           0.27  0.11      -0.40    -0.15  -0.04 -0.18    0.10         0.14   -0.00 -0.02 -0.16    0.04    -0.16  -0.17  1.00     0.11         0.14 -0.15
GAS-PEN             0.28    -0.06        0.17          0.16           0.21  0.16       0.10     0.11   0.13  0.07    0.14         0.12    0.07 -0.22 -0.22    0.05     0.11   0.13  0.11     1.00         0.96 -0.21
GAS_US_mini         0.28    -0.07        0.23          0.20           0.25  0.15       0.11     0.15   0.18  0.10    0.17         0.11    0.13 -0.23 -0.27    0.05     0.13   0.11  0.14     0.96         1.00 -0.21
V2X                -0.34    -0.47       -0.29         -0.42          -0.31 -0.65      -0.28    -0.35  -0.71 -0.40   -0.84        -0.71   -0.41 -0.19  0.16   -0.03     0.21   0.05 -0.15    -0.21        -0.21  1.00


********************************************************************************
                                 END OF REPORT                                  
********************************************************************************


