
********************************************************************************
                    Risk report produced on 09/12/2025 22:53                    
********************************************************************************


Total risk across all strategies, annualised percentage 13.6
Percentage of capital used for margin 41.7%

========================================
Risk per strategy, annualised percentage
========================================

                  risk
dynamic_TF_carry  13.7


===================
Risk by asset class
===================

Ags       0.9
Bond      1.8
Equity    9.0
FX        3.9
Metals    4.9
Sector    0.8
dtype: float64


=====================================================
Beta loadings of asset class positions on asset class
=====================================================

Bond     -0.15
Ags      -0.06
Sector    0.04
Metals    0.06
FX        0.37
Equity    0.81
dtype: float64


========================================================
Beta loadings of full portfolio positions on asset class
========================================================

Bond     -0.56
Ags      -0.09
Metals    0.25
Sector    0.44
Equity    0.94
FX        1.11
dtype: float64


================================================================================================================================================================================================================================================================
                                                                                                                        Instrument risk                                                                                                                         
================================================================================================================================================================================================================================================================

            daily_price_stdev  annual_price_stdev     price  daily_perc_stdev  annual_perc_stdev  point_size_base  contract_exposure  daily_risk_per_contract  annual_risk_per_contract  position  capital  exposure_held_perc_capital  annual_risk_perc_capital
BITCOIN              2872.177           45954.838  93930.00              3.06               48.9              0.1               7046                      215                      3447        -5   615265                        -5.7                      -2.8
KR10                    0.372               5.946    112.77              0.33                5.3            510.3              57544                      189                      3033        -4   615265                       -37.4                      -2.0
JPY                     0.000               0.001      0.01              0.52                8.3        9376676.1              59823                      309                      4951        -2   615265                       -19.4                      -1.6
DAX                   195.955            3135.283  24185.00              0.81               13.0              0.9              21124                      171                      2738        -2   615265                        -6.9                      -0.9
WHEAT                   6.692             107.069    578.00              1.16               18.5             37.5              21678                      250                      4015        -1   615265                        -3.5                      -0.7
RICE                    0.160               2.568     10.04              1.60               25.6           1500.3              15070                      240                      3852        -1   615265                        -2.4                      -0.6
AUD_micro               0.003               0.045      0.66              0.43                6.8           7501.3               4982                       21                       340         1   615265                         0.8                       0.1
BRE                     0.001               0.021      0.18              0.72               11.6          75013.4              13731                       99                      1589         1   615265                         2.2                       0.3
FTSECHINAA            149.744            2395.897  15368.00              0.97               15.6              0.8              11528                      112                      1797         2   615265                         3.7                       0.6
US10U                   0.368               5.890    114.67              0.32                5.1            750.1              86019                      276                      4418         1   615265                        14.0                       0.7
MXP                     0.000               0.004      0.05              0.46                7.3         375067.0              20606                       94                      1512         3   615265                        10.0                       0.7
TOPIX                  31.523             504.363   3383.50              0.93               14.9              4.8              16271                      151                      2425         2   615265                         5.3                       0.8
EU-BASIC                7.414             118.621    621.90              1.19               19.1             43.7              27160                      323                      5180         1   615265                         4.4                       0.8
RUSSELL                31.307             500.914   2555.80              1.22               19.6              3.8               9585                      117                      1878         4   615265                         6.2                       1.2
GBP                     0.005               0.083      1.33              0.39                6.2          46883.4              62373                      243                      3892         2   615265                        20.3                       1.3
FTSETAIWAN             27.187             434.998   2315.25              1.17               18.8             30.0              69469                      815                     13052         1   615265                        11.3                       2.1
YENEUR                  0.724              11.585    182.32              0.40                6.4            601.1             109597                      435                      6964         2   615265                        35.6                       2.3
AEX                     6.893             110.294    948.20              0.73               11.6            174.7             165644                     1204                     19267         1   615265                        26.9                       3.1
MIB                   331.627            5306.036  43620.00              0.76               12.2              4.4             190503                     1448                     23173         1   615265                        31.0                       3.8
SILVER                  1.065              17.048     61.12              1.74               27.9            750.1              45848                      799                     12788         2   615265                        14.9                       4.2

Sum of abs(notional exposure % capital) 261.9
Sum of abs(annualised risk % capital) 30.6
Net sum of annualised risk % capital 13.4 

====================================================================================================================================================================
                                                                            Correlations                                                                            
====================================================================================================================================================================

             JPY  KR10  US10U   AEX   DAX  EU-BASIC  FTSETAIWAN   MIB  RUSSELL  TOPIX  AUD_micro  BITCOIN   BRE  FTSECHINAA   GBP   MXP  SILVER  RICE  WHEAT  YENEUR
JPY         1.00  0.20   0.24 -0.04 -0.08     -0.03       -0.00 -0.08    -0.01  -0.29       0.30     0.15  0.16        0.06  0.54  0.09    0.06  0.12  -0.03   -0.67
KR10        0.20  1.00   0.42  0.01 -0.03     -0.16        0.01 -0.15     0.11  -0.14      -0.08    -0.00 -0.13        0.00  0.08 -0.02   -0.15  0.09  -0.22   -0.28
US10U       0.24  0.42   1.00 -0.05 -0.09     -0.22       -0.12 -0.17    -0.08  -0.04      -0.32    -0.01 -0.04       -0.18  0.03 -0.14   -0.30 -0.26  -0.32   -0.41
AEX        -0.04  0.01  -0.05  1.00  0.75      0.73        0.71  0.75     0.66   0.51       0.40     0.32  0.38        0.42  0.20  0.27    0.39  0.01   0.08    0.05
DAX        -0.08 -0.03  -0.09  0.75  1.00      0.76        0.55  0.84     0.55   0.59       0.43     0.42  0.30        0.30  0.34  0.29    0.37  0.08  -0.03    0.22
EU-BASIC   -0.03 -0.16  -0.22  0.73  0.76      1.00        0.65  0.74     0.58   0.60       0.63     0.28  0.34        0.46  0.31  0.37    0.58  0.14   0.14    0.19
FTSETAIWAN -0.00  0.01  -0.12  0.71  0.55      0.65        1.00  0.58     0.72   0.52       0.53     0.35  0.53        0.44  0.32  0.40    0.40  0.01   0.14    0.12
MIB        -0.08 -0.15  -0.17  0.75  0.84      0.74        0.58  1.00     0.55   0.62       0.42     0.30  0.37        0.35  0.23  0.27    0.41  0.12   0.03    0.12
RUSSELL    -0.01  0.11  -0.08  0.66  0.55      0.58        0.72  0.55     1.00   0.47       0.47     0.38  0.37        0.41  0.25  0.27    0.35 -0.03   0.10    0.04
TOPIX      -0.29 -0.14  -0.04  0.51  0.59      0.60        0.52  0.62     0.47   1.00       0.38     0.16  0.23        0.27  0.22  0.19    0.17 -0.06  -0.09    0.33
AUD_micro   0.30 -0.08  -0.32  0.40  0.43      0.63        0.53  0.42     0.47   0.38       1.00     0.27  0.43        0.40  0.63  0.44    0.55  0.23   0.22    0.16
BITCOIN     0.15 -0.00  -0.01  0.32  0.42      0.28        0.35  0.30     0.38   0.16       0.27     1.00  0.18        0.16  0.17  0.10    0.06 -0.02  -0.06   -0.06
BRE         0.16 -0.13  -0.04  0.38  0.30      0.34        0.53  0.37     0.37   0.23       0.43     0.18  1.00        0.43  0.37  0.47    0.33  0.08   0.23    0.09
FTSECHINAA  0.06  0.00  -0.18  0.42  0.30      0.46        0.44  0.35     0.41   0.27       0.40     0.16  0.43        1.00  0.25  0.34    0.31 -0.09   0.16    0.10
GBP         0.54  0.08   0.03  0.20  0.34      0.31        0.32  0.23     0.25   0.22       0.63     0.17  0.37        0.25  1.00  0.45    0.32  0.13  -0.10    0.10
MXP         0.09 -0.02  -0.14  0.27  0.29      0.37        0.40  0.27     0.27   0.19       0.44     0.10  0.47        0.34  0.45  1.00    0.37 -0.05   0.10    0.29
SILVER      0.06 -0.15  -0.30  0.39  0.37      0.58        0.40  0.41     0.35   0.17       0.55     0.06  0.33        0.31  0.32  0.37    1.00  0.20   0.22    0.17
RICE        0.12  0.09  -0.26  0.01  0.08      0.14        0.01  0.12    -0.03  -0.06       0.23    -0.02  0.08       -0.09  0.13 -0.05    0.20  1.00   0.08    0.00
WHEAT      -0.03 -0.22  -0.32  0.08 -0.03      0.14        0.14  0.03     0.10  -0.09       0.22    -0.06  0.23        0.16 -0.10  0.10    0.22  0.08   1.00    0.04
YENEUR     -0.67 -0.28  -0.41  0.05  0.22      0.19        0.12  0.12     0.04   0.33       0.16    -0.06  0.09        0.10  0.10  0.29    0.17  0.00   0.04    1.00


********************************************************************************
                                 END OF REPORT                                  
********************************************************************************


