
********************************************************************************
                    Risk report produced on 03/09/2024 22:52                    
********************************************************************************


Total risk across all strategies, annualised percentage 8.5
Percentage of capital used for margin 65.5%

========================================
Risk per strategy, annualised percentage
========================================

                  risk
dynamic_TF_carry   8.5


===================
Risk by asset class
===================

Ags       2.7
Bond      1.2
Equity    7.5
FX        0.8
Metals    0.8
OilGas    1.9
Sector    0.9
Vol       1.3
dtype: float64


=====================================================
Beta loadings of asset class positions on asset class
=====================================================

Ags      -0.13
OilGas   -0.05
Sector   -0.05
Metals   -0.03
Vol      -0.02
FX        0.02
Bond      0.22
Equity    0.42
dtype: float64


========================================================
Beta loadings of full portfolio positions on asset class
========================================================

Ags      -0.12
Vol      -0.12
OilGas   -0.05
Metals    0.00
Bond      0.25
Sector    0.27
FX        0.39
Equity    0.40
dtype: float64


===================================================================================================================================================================================================================================================================
                                                                                                                          Instrument risk                                                                                                                          
===================================================================================================================================================================================================================================================================

               daily_price_stdev  annual_price_stdev     price  daily_perc_stdev  annual_perc_stdev  point_size_base  contract_exposure  daily_risk_per_contract  annual_risk_per_contract  position  capital  exposure_held_perc_capital  annual_risk_perc_capital
GAS-PEN                    0.086               1.382      2.20              3.93               62.8           7621.3              16766                      658                     10534        -1   606044                        -2.8                      -1.7
CORN                       5.438              87.002    409.00              1.33               21.3             38.1              15585                      207                      3315        -3   606044                        -7.7                      -1.6
VIX                        0.665              10.634     18.90              3.52               56.3            762.1              14404                      506                      8104        -1   606044                        -2.4                      -1.3
COTTON2                    1.050              16.801     70.50              1.49               23.8            381.1              26865                      400                      6402        -1   606044                        -4.4                      -1.1
CHINAA-CON                18.436             294.984   1829.40              1.01               16.1             19.1              34855                      351                      5620        -1   606044                        -5.8                      -0.9
WHEAT                      9.066             145.053    566.50              1.60               25.6             38.1              21587                      345                      5527        -1   606044                        -3.6                      -0.9
BITCOIN                 1844.811           29516.983  58335.00              3.16               50.6              0.1               4445                      140                      2249        -2   606044                        -1.5                      -0.7
EU-AUTO                    6.443             103.094    601.30              1.07               17.1             42.1              25336                      271                      4343        -1   606044                        -4.2                      -0.7
CRUDE_W_micro              1.429              22.857     69.03              2.07               33.1             76.2               5260                      108                      1742        -2   606044                        -1.7                      -0.6
MXP                        0.001               0.008      0.05              1.04               16.6         381064.2              19159                      198                      3174        -1   606044                        -3.2                      -0.5
EU-OIL                     4.178              66.852    346.30              1.21               19.3             42.1              14591                      176                      2816        -1   606044                        -2.4                      -0.5
IRON                       1.933              30.934     94.75              2.04               32.6             76.2               7221                      147                      2357        -1   606044                        -1.2                      -0.4
CANOLA                    10.788             172.606    601.40              1.79               28.7             11.3               6776                      121                      1944        -1   606044                        -1.1                      -0.3
HANGENT_mini              84.182            1346.908   6174.00              1.36               21.8              1.0               6035                       82                      1316        -1   606044                        -1.0                      -0.2
FTSECHINAA               102.456            1639.291  11530.00              0.89               14.2              0.8               8787                       78                      1249        -1   606044                        -1.4                      -0.2
EU-BANKS                   1.748              27.964    140.70              1.24               19.9             42.1               5928                       73                      1178         1   606044                         1.0                       0.2
MUMMY                     16.681             266.892    678.00              2.46               39.4              5.2               3531                       86                      1390         1   606044                         0.6                       0.2
MSCISING                   3.294              52.698    323.60              1.02               16.3             58.2              18841                      191                      3068         1   606044                         3.1                       0.5
GBP                        0.006               0.091      1.31              0.44                7.0          47633.0              62432                      272                      4353         1   606044                        10.3                       0.7
DOW                      301.320            4821.127  41054.00              0.73               11.7              0.4              15644                      114                      1837         3   606044                         7.7                       0.9
LEANHOG                    1.138              18.212     73.78              1.54               24.7            304.9              22490                      347                      5552         1   606044                         3.7                       0.9
KR10                       0.404               6.463    115.85              0.35                5.6            565.1              65468                      228                      3652         2   606044                        21.6                       1.2
MSCIEAFA                  21.875             350.003   2421.20              0.90               14.5             38.1              92263                      833                     13337         1   606044                        15.2                       2.2
FTSETAIWAN                29.130             466.074   1852.25              1.57               25.2             30.5              56466                      888                     14208         1   606044                         9.3                       2.3
MIB                      312.098            4993.563  33940.00              0.92               14.7              4.2             143007                     1315                     21040         1   606044                        23.6                       3.5

Sum of abs(notional exposure % capital) 140.5
Sum of abs(annualised risk % capital) 24.2
Net sum of annualised risk % capital 1.0 

=======================================================================================================================================================================================================================================
                                                                                                             Correlations                                                                                                              
=======================================================================================================================================================================================================================================

               CHINAA-CON   DOW  EU-AUTO  EU-BANKS  FTSECHINAA  FTSETAIWAN   GBP  HANGENT_mini   MIB  MSCIEAFA  MSCISING  MUMMY  BITCOIN  COTTON2  GAS-PEN  IRON  KR10  CRUDE_W_micro  EU-OIL   MXP  CANOLA  CORN  LEANHOG  WHEAT   VIX
CHINAA-CON           1.00  0.26     0.26      0.26        0.88        0.31  0.23          0.55  0.32      0.29      0.39   0.28     0.14     0.11     0.06  0.02 -0.06           0.06   -0.01  0.13    0.07 -0.04     0.09  -0.25 -0.26
DOW                  0.26  1.00     0.59      0.53        0.25        0.44  0.42          0.28  0.64      0.73      0.50   0.52    -0.04     0.01     0.06 -0.14  0.21           0.10    0.19  0.29    0.07  0.05     0.27  -0.07 -0.62
EU-AUTO              0.26  0.59     1.00      0.66        0.27        0.45  0.32          0.38  0.81      0.69      0.50   0.48     0.02     0.20    -0.10  0.01  0.04           0.15    0.35  0.35    0.05  0.01     0.19  -0.11 -0.46
EU-BANKS             0.26  0.53     0.66      1.00        0.27        0.30  0.24          0.26  0.87      0.63      0.40   0.29    -0.03     0.10    -0.02 -0.03 -0.17           0.21    0.46  0.35    0.35  0.03     0.30   0.06 -0.54
FTSECHINAA           0.88  0.25     0.27      0.27        1.00        0.27  0.30          0.53  0.34      0.33      0.42   0.26     0.11     0.16     0.03  0.06 -0.14           0.08   -0.04  0.23    0.04 -0.10     0.10  -0.09 -0.30
FTSETAIWAN           0.31  0.44     0.45      0.30        0.27        1.00  0.38          0.48  0.41      0.58      0.51   0.45    -0.12     0.16     0.15  0.03  0.07           0.23    0.23  0.50    0.05  0.21    -0.20   0.00 -0.62
GBP                  0.23  0.42     0.32      0.24        0.30        0.38  1.00          0.30  0.33      0.60      0.44   0.26     0.06     0.08     0.06 -0.04  0.20           0.01   -0.07  0.30   -0.00  0.08     0.09  -0.06 -0.27
HANGENT_mini         0.55  0.28     0.38      0.26        0.53        0.48  0.30          1.00  0.42      0.47      0.52   0.30    -0.09     0.16     0.19  0.15  0.07           0.12    0.23  0.22   -0.01  0.11    -0.08   0.04 -0.45
MIB                  0.32  0.64     0.81      0.87        0.34        0.41  0.33          0.42  1.00      0.75      0.49   0.42    -0.00     0.20    -0.00  0.04 -0.02           0.17    0.40  0.37    0.26  0.04     0.21   0.00 -0.58
MSCIEAFA             0.29  0.73     0.69      0.63        0.33        0.58  0.60          0.47  0.75      1.00      0.64   0.55    -0.02     0.21     0.11  0.04  0.19           0.12    0.28  0.44    0.12  0.06     0.14  -0.02 -0.69
MSCISING             0.39  0.50     0.50      0.40        0.42        0.51  0.44          0.52  0.49      0.64      1.00   0.43    -0.03     0.06     0.01  0.06  0.16           0.08    0.18  0.30   -0.08  0.07     0.05   0.01 -0.45
MUMMY                0.28  0.52     0.48      0.29        0.26        0.45  0.26          0.30  0.42      0.55      0.43   1.00    -0.00     0.09     0.04  0.10 -0.03           0.04    0.16  0.16    0.13  0.01     0.11  -0.17 -0.46
BITCOIN              0.14 -0.04     0.02     -0.03        0.11       -0.12  0.06         -0.09 -0.00     -0.02     -0.03  -0.00     1.00     0.22    -0.06 -0.08  0.02          -0.12   -0.26 -0.01   -0.01  0.05     0.11  -0.05  0.09
COTTON2              0.11  0.01     0.20      0.10        0.16        0.16  0.08          0.16  0.20      0.21      0.06   0.09     0.22     1.00    -0.09  0.20 -0.03           0.20    0.04  0.10    0.01 -0.03     0.10   0.00 -0.11
GAS-PEN              0.06  0.06    -0.10     -0.02        0.03        0.15  0.06          0.19 -0.00      0.11      0.01   0.04    -0.06    -0.09     1.00 -0.05  0.13           0.07   -0.05  0.05   -0.01  0.09    -0.16  -0.02 -0.26
IRON                 0.02 -0.14     0.01     -0.03        0.06        0.03 -0.04          0.15  0.04      0.04      0.06   0.10    -0.08     0.20    -0.05  1.00 -0.06          -0.04    0.12  0.03    0.17  0.10    -0.06   0.17  0.00
KR10                -0.06  0.21     0.04     -0.17       -0.14        0.07  0.20          0.07 -0.02      0.19      0.16  -0.03     0.02    -0.03     0.13 -0.06  1.00          -0.29   -0.13 -0.07   -0.32  0.03    -0.05  -0.17 -0.00
CRUDE_W_micro        0.06  0.10     0.15      0.21        0.08        0.23  0.01          0.12  0.17      0.12      0.08   0.04    -0.12     0.20     0.07 -0.04 -0.29           1.00    0.54  0.34    0.12 -0.01    -0.00   0.02 -0.18
EU-OIL              -0.01  0.19     0.35      0.46       -0.04        0.23 -0.07          0.23  0.40      0.28      0.18   0.16    -0.26     0.04    -0.05  0.12 -0.13           0.54    1.00  0.37    0.26  0.04     0.04   0.14 -0.20
MXP                  0.13  0.29     0.35      0.35        0.23        0.50  0.30          0.22  0.37      0.44      0.30   0.16    -0.01     0.10     0.05  0.03 -0.07           0.34    0.37  1.00    0.10  0.01    -0.09   0.05 -0.41
CANOLA               0.07  0.07     0.05      0.35        0.04        0.05 -0.00         -0.01  0.26      0.12     -0.08   0.13    -0.01     0.01    -0.01  0.17 -0.32           0.12    0.26  0.10    1.00  0.21     0.28   0.34 -0.13
CORN                -0.04  0.05     0.01      0.03       -0.10        0.21  0.08          0.11  0.04      0.06      0.07   0.01     0.05    -0.03     0.09  0.10  0.03          -0.01    0.04  0.01    0.21  1.00    -0.03   0.52 -0.01
LEANHOG              0.09  0.27     0.19      0.30        0.10       -0.20  0.09         -0.08  0.21      0.14      0.05   0.11     0.11     0.10    -0.16 -0.06 -0.05          -0.00    0.04 -0.09    0.28 -0.03     1.00  -0.04  0.01
WHEAT               -0.25 -0.07    -0.11      0.06       -0.09        0.00 -0.06          0.04  0.00     -0.02      0.01  -0.17    -0.05     0.00    -0.02  0.17 -0.17           0.02    0.14  0.05    0.34  0.52    -0.04   1.00 -0.09
VIX                 -0.26 -0.62    -0.46     -0.54       -0.30       -0.62 -0.27         -0.45 -0.58     -0.69     -0.45  -0.46     0.09    -0.11    -0.26  0.00 -0.00          -0.18   -0.20 -0.41   -0.13 -0.01     0.01  -0.09  1.00


********************************************************************************
                                 END OF REPORT                                  
********************************************************************************


