
********************************************************************************
                    Risk report produced on 05/01/2026 22:53                    
********************************************************************************


Total risk across all strategies, annualised percentage 14.9
Percentage of capital used for margin 41.4%

========================================
Risk per strategy, annualised percentage
========================================

                  risk
dynamic_TF_carry  14.8


===================
Risk by asset class
===================

Ags        1.1
Bond       1.8
Equity    12.1
FX         3.5
Metals     4.9
OilGas     1.0
dtype: float64


=====================================================
Beta loadings of asset class positions on asset class
=====================================================

Bond     -0.26
OilGas   -0.03
Ags      -0.01
Metals    0.01
FX        0.25
Equity    1.18
dtype: float64


========================================================
Beta loadings of full portfolio positions on asset class
========================================================

Bond     -0.47
OilGas    0.04
Metals    0.24
Ags       0.31
FX        1.17
Equity    1.26
dtype: float64


===================================================================================================================================================================================================================================================================
                                                                                                                          Instrument risk                                                                                                                          
===================================================================================================================================================================================================================================================================

               daily_price_stdev  annual_price_stdev     price  daily_perc_stdev  annual_perc_stdev  point_size_base  contract_exposure  daily_risk_per_contract  annual_risk_per_contract  position  capital  exposure_held_perc_capital  annual_risk_perc_capital
BITCOIN                 2495.021           39920.332  94915.00              2.63               42.1              0.1               7051                      185                      2965        -6   659911                        -6.4                      -2.7
JPY                        0.000               0.001      0.01              0.54                8.6        9286568.7              59814                      321                      5142        -2   659911                       -18.1                      -1.6
BUXL                       0.708              11.333    109.38              0.65               10.4            868.3              94971                      615                      9840        -1   659911                       -14.4                      -1.5
GAS_US_mini                0.152               2.431      3.52              4.32               69.1           1857.3               6537                      282                      4515        -1   659911                        -1.0                      -0.7
RICE                       0.184               2.937     10.15              1.81               28.9           1485.9              15088                      272                      4363        -1   659911                        -2.3                      -0.7
WHEAT                      5.930              94.876    568.75              1.04               16.7             37.1              21126                      220                      3524        -1   659911                        -3.2                      -0.5
CAD10                      0.402               6.438    121.02              0.33                5.3            539.6              65303                      217                      3473        -1   659911                        -9.9                      -0.5
CRUDE_W_micro              0.928              14.847     58.09              1.60               25.6             74.3               4315                       68                      1102        -3   659911                        -2.0                      -0.5
KRWUSD_mini                0.004               0.068      0.69              0.61                9.8          18573.1              12848                       78                      1255        -1   659911                        -1.9                      -0.2
AUD_micro                  0.003               0.044      0.67              0.41                6.6           7429.3               4990                       20                       328         1   659911                         0.8                       0.0
CAD                        0.002               0.033      0.73              0.28                4.5          74292.5              54162                      153                      2453         1   659911                         8.2                       0.4
MXP                        0.000               0.004      0.06              0.40                6.5         371462.7              20605                       83                      1329         2   659911                         6.2                       0.4
FTSECHINAA               128.122            2049.952  15466.00              0.83               13.3              0.7              11490                       95                      1522         2   659911                         3.5                       0.5
TOPIX                     29.362             469.793   3478.25              0.84               13.5              4.7              16495                      139                      2228         2   659911                         5.0                       0.7
LEANHOG                    1.092              17.470     91.48              1.19               19.1            297.2              27183                      324                      5191         1   659911                         4.1                       0.8
RUSSELL                   28.831             461.300   2567.00              1.12               18.0              3.7               9535                      107                      1713         4   659911                         5.8                       1.0
GBP                        0.005               0.080      1.35              0.37                5.9          46432.8              62879                      231                      3701         2   659911                        19.1                       1.1
YENEUR                     0.778              12.455    182.66              0.43                6.8            592.8             108283                      461                      7383         2   659911                        32.8                       2.2
MSCITAIWAN                16.691             267.052   1339.60              1.25               19.9             74.3              99522                     1240                     19840         1   659911                        15.1                       3.0
AEX                        7.465             119.433    985.30              0.76               12.1            173.7             171101                     1296                     20740         1   659911                        25.9                       3.1
MIB                      323.025            5168.405  45895.00              0.70               11.3              4.3             199246                     1402                     22437         1   659911                        30.2                       3.4
MSCIEAFA                  21.361             341.771   2968.00              0.72               11.5             37.1             110250                      793                     12695         2   659911                        33.4                       3.8
SILVER                     2.312              36.997     76.08              3.04               48.6            742.9              56518                     1717                     27486         1   659911                         8.6                       4.2

Sum of abs(notional exposure % capital) 257.9
Sum of abs(annualised risk % capital) 33.5
Net sum of annualised risk % capital 15.7 

===================================================================================================================================================================================================================
                                                                                                   Correlations                                                                                                    
===================================================================================================================================================================================================================

               CRUDE_W_micro  GAS_US_mini  WHEAT  YENEUR  BUXL  CAD10   JPY  AUD_micro   CAD   GBP  KRWUSD_mini  MSCIEAFA   AEX  BITCOIN  FTSECHINAA  LEANHOG   MIB  MSCITAIWAN   MXP  RICE  RUSSELL  SILVER  TOPIX
CRUDE_W_micro           1.00         0.32   0.41    0.13 -0.02  -0.12 -0.39       0.01 -0.09 -0.33        -0.14     -0.05  0.31     0.09        0.12     0.25  0.09        0.08  0.07  0.08     0.15   -0.13   0.18
GAS_US_mini             0.32         1.00   0.32   -0.09 -0.13   0.01 -0.08       0.04 -0.08 -0.15        -0.19     -0.08  0.10     0.10        0.05    -0.19  0.01       -0.04 -0.02  0.05    -0.08   -0.19  -0.15
WHEAT                   0.41         0.32   1.00   -0.07 -0.04  -0.05  0.07       0.21  0.19 -0.04        -0.01      0.04  0.02    -0.04        0.13     0.09 -0.04       -0.07  0.16  0.11     0.02    0.13   0.05
YENEUR                  0.13        -0.09  -0.07    1.00 -0.37  -0.45 -0.69       0.04  0.16 -0.09        -0.13      0.02 -0.01    -0.06        0.06    -0.05  0.03        0.21  0.21 -0.01    -0.06    0.14   0.42
BUXL                   -0.02        -0.13  -0.04   -0.37  1.00   0.54  0.23      -0.03  0.02 -0.03         0.13      0.00 -0.00    -0.05       -0.12     0.05 -0.13       -0.03 -0.03  0.06     0.05   -0.00  -0.02
CAD10                  -0.12         0.01  -0.05   -0.45  0.54   1.00  0.36       0.11 -0.07  0.27         0.12      0.22  0.16    -0.09        0.02    -0.01  0.13        0.02  0.07 -0.01     0.12   -0.03  -0.01
JPY                    -0.39        -0.08   0.07   -0.69  0.23   0.36  1.00       0.41  0.37  0.65         0.45      0.34 -0.06     0.08        0.02     0.15  0.00       -0.16  0.18  0.12     0.07    0.15  -0.36
AUD_micro               0.01         0.04   0.21    0.04 -0.03   0.11  0.41       1.00  0.75  0.70         0.49      0.72  0.33     0.38        0.40     0.28  0.35        0.29  0.55  0.24     0.48    0.35   0.26
CAD                    -0.09        -0.08   0.19    0.16  0.02  -0.07  0.37       0.75  1.00  0.59         0.48      0.46  0.08     0.21        0.14     0.27  0.07        0.11  0.43  0.17     0.25    0.29   0.04
GBP                    -0.33        -0.15  -0.04   -0.09 -0.03   0.27  0.65       0.70  0.59  1.00         0.53      0.68  0.16     0.21        0.21     0.21  0.27        0.13  0.45  0.21     0.33    0.38   0.08
KRWUSD_mini            -0.14        -0.19  -0.01   -0.13  0.13   0.12  0.45       0.49  0.48  0.53         1.00      0.40  0.15     0.15        0.14     0.30  0.11        0.14  0.21  0.37     0.21    0.19   0.02
MSCIEAFA               -0.05        -0.08   0.04    0.02  0.00   0.22  0.34       0.72  0.46  0.68         0.40      1.00  0.66     0.46        0.36     0.22  0.72        0.38  0.49  0.14     0.64    0.42   0.48
AEX                     0.31         0.10   0.02   -0.01 -0.00   0.16 -0.06       0.33  0.08  0.16         0.15      0.66  1.00     0.40        0.33     0.15  0.72        0.40  0.22  0.01     0.55    0.12   0.36
BITCOIN                 0.09         0.10  -0.04   -0.06 -0.05  -0.09  0.08       0.38  0.21  0.21         0.15      0.46  0.40     1.00        0.11     0.17  0.37        0.23  0.07  0.07     0.55    0.02   0.23
FTSECHINAA              0.12         0.05   0.13    0.06 -0.12   0.02  0.02       0.40  0.14  0.21         0.14      0.36  0.33     0.11        1.00     0.13  0.28        0.24  0.33 -0.04     0.19    0.20   0.30
LEANHOG                 0.25        -0.19   0.09   -0.05  0.05  -0.01  0.15       0.28  0.27  0.21         0.30      0.22  0.15     0.17        0.13     1.00  0.10        0.05  0.21  0.10     0.32    0.23   0.04
MIB                     0.09         0.01  -0.04    0.03 -0.13   0.13  0.00       0.35  0.07  0.27         0.11      0.72  0.72     0.37        0.28     0.10  1.00        0.34  0.27  0.07     0.42    0.20   0.41
MSCITAIWAN              0.08        -0.04  -0.07    0.21 -0.03   0.02 -0.16       0.29  0.11  0.13         0.14      0.38  0.40     0.23        0.24     0.05  0.34        1.00  0.22  0.10     0.36    0.20   0.52
MXP                     0.07        -0.02   0.16    0.21 -0.03   0.07  0.18       0.55  0.43  0.45         0.21      0.49  0.22     0.07        0.33     0.21  0.27        0.22  1.00 -0.01     0.21    0.31   0.14
RICE                    0.08         0.05   0.11   -0.01  0.06  -0.01  0.12       0.24  0.17  0.21         0.37      0.14  0.01     0.07       -0.04     0.10  0.07        0.10 -0.01  1.00     0.12    0.25   0.06
RUSSELL                 0.15        -0.08   0.02   -0.06  0.05   0.12  0.07       0.48  0.25  0.33         0.21      0.64  0.55     0.55        0.19     0.32  0.42        0.36  0.21  0.12     1.00    0.29   0.44
SILVER                 -0.13        -0.19   0.13    0.14 -0.00  -0.03  0.15       0.35  0.29  0.38         0.19      0.42  0.12     0.02        0.20     0.23  0.20        0.20  0.31  0.25     0.29    1.00   0.22
TOPIX                   0.18        -0.15   0.05    0.42 -0.02  -0.01 -0.36       0.26  0.04  0.08         0.02      0.48  0.36     0.23        0.30     0.04  0.41        0.52  0.14  0.06     0.44    0.22   1.00


********************************************************************************
                                 END OF REPORT                                  
********************************************************************************


