
********************************************************************************
                    Risk report produced on 26/09/2023 22:52                    
********************************************************************************


Total risk across all strategies, annualised percentage 14.6
Percentage of capital used for margin 57.7%

========================================
Risk per strategy, annualised percentage
========================================

                  risk
dynamic_TF_carry  14.6


===================
Risk by asset class
===================

Ags       5.0
Bond      9.0
Equity    2.4
FX        4.4
OilGas    0.9
Sector    2.6
Vol       1.9
dtype: float64


=====================================================
Beta loadings of asset class positions on asset class
=====================================================

Bond     -1.26
FX       -0.85
Vol      -0.04
OilGas   -0.01
Equity    0.01
Sector    0.16
Ags       0.30
dtype: float64


========================================================
Beta loadings of full portfolio positions on asset class
========================================================

FX       -1.80
Bond     -1.62
Vol      -0.09
OilGas    0.00
Equity    0.07
Sector    0.22
Ags       0.43
dtype: float64


==================================================================================================================================================================================================================================================================
                                                                                                                         Instrument risk                                                                                                                          
==================================================================================================================================================================================================================================================================

              daily_price_stdev  annual_price_stdev     price  daily_perc_stdev  annual_perc_stdev  point_size_base  contract_exposure  daily_risk_per_contract  annual_risk_per_contract  position  capital  exposure_held_perc_capital  annual_risk_perc_capital
US20                      0.933              14.926    114.50              0.81               13.0            820.0              93887                      764                     12239        -1   390396                       -24.0                      -3.1
BTP                       0.706              11.301    110.23              0.64               10.3            868.2              95700                      613                      9811        -1   390396                       -24.5                      -2.5
DAX                     134.760            2156.161  15406.00              0.87               14.0              0.9              13375                      116                      1871        -5   390396                       -17.1                      -2.4
US3                       0.176               2.811    103.06              0.17                2.7           1639.9             169017                      288                      4609        -2   390396                       -86.6                      -2.4
BUND                      0.633              10.134    128.94              0.49                7.9            868.2             111944                      549                      8797        -1   390396                       -28.7                      -2.3
VIX                       0.564               9.030     19.25              2.93               46.9            820.0              15784                      462                      7404        -1   390396                        -4.0                      -1.9
CHF                       0.004               0.069      1.10              0.39                6.3         102496.8             112997                      443                      7093        -1   390396                       -28.9                      -1.8
JPY                       0.000               0.001      0.01              0.52                8.4       10249682.3              69682                      364                      5824        -1   390396                       -17.8                      -1.5
NASDAQ_micro            189.865            3037.834  14672.75              1.29               20.7              1.6              24062                      311                      4981        -1   390396                        -6.2                      -1.3
NZD                       0.003               0.052      0.59              0.55                8.7          81997.5              48743                      265                      4254        -1   390396                       -12.5                      -1.1
GAS_US_mini               0.111               1.782      2.86              3.90               62.4           2049.9               5852                      228                      3652        -1   390396                        -1.5                      -0.9
TOPIX                    18.399             294.391   2352.25              0.78               12.5              5.5              12947                      101                      1620         1   390396                         3.3                       0.4
CNH                       0.020               0.327      7.31              0.28                4.5          11215.3              81994                      229                      3672         1   390396                        21.0                       0.9
SOYBEAN_mini             16.634             266.136   1304.38              1.28               20.4              8.2              10695                      136                      2182         2   390396                         5.5                       1.1
LEANHOG                   1.484              23.738     72.40              2.05               32.8            328.0              23746                      486                      7785         1   390396                         6.1                       2.0
EU-OIL                    3.611              57.778    359.40              1.00               16.1             43.4              15601                      156                      2508         4   390396                        16.0                       2.6
NIKKEI                  305.114            4881.819  32155.00              0.95               15.2              0.6              17699                      167                      2687         4   390396                        18.1                       2.8
LIVECOW                   1.304              20.859    188.52              0.69               11.1            328.0              61834                      427                      6841         2   390396                        31.7                       3.5

Sum of abs(notional exposure % capital) 353.5
Sum of abs(annualised risk % capital) 34.5
Net sum of annualised risk % capital -7.9 

==========================================================================================================================================================
                                                                       Correlations                                                                       
==========================================================================================================================================================

               CNH   VIX   BTP  BUND   CHF   JPY   NZD  US20   US3  GAS_US_mini  LEANHOG  LIVECOW  SOYBEAN_mini   DAX  EU-OIL  NASDAQ_micro  NIKKEI  TOPIX
CNH           1.00  0.20 -0.18 -0.17 -0.50 -0.60 -0.54 -0.26 -0.38         0.16    -0.08     0.07         -0.15 -0.32   -0.12         -0.33   -0.07  -0.03
VIX           0.20  1.00 -0.16 -0.02 -0.13 -0.05 -0.24 -0.06  0.06        -0.25    -0.22    -0.25         -0.17 -0.57   -0.31         -0.59   -0.58  -0.59
BTP          -0.18 -0.16  1.00  0.88  0.29  0.25  0.22  0.63  0.53        -0.11     0.11    -0.01          0.10  0.30   -0.08          0.35    0.09   0.05
BUND         -0.17 -0.02  0.88  1.00  0.22  0.28  0.19  0.74  0.70        -0.08    -0.00    -0.10          0.01  0.13   -0.16          0.27   -0.05  -0.09
CHF          -0.50 -0.13  0.29  0.22  1.00  0.55  0.56  0.46  0.44        -0.13     0.16    -0.01          0.21  0.36    0.08          0.39    0.20   0.14
JPY          -0.60 -0.05  0.25  0.28  0.55  1.00  0.52  0.33  0.55        -0.34     0.06    -0.09          0.08  0.13   -0.02          0.25   -0.23  -0.25
NZD          -0.54 -0.24  0.22  0.19  0.56  0.52  1.00  0.23  0.38         0.05     0.21     0.04          0.16  0.36    0.12          0.42    0.20   0.15
US20         -0.26 -0.06  0.63  0.74  0.46  0.33  0.23  1.00  0.73        -0.03     0.01    -0.10          0.05  0.13   -0.16          0.24    0.04  -0.01
US3          -0.38  0.06  0.53  0.70  0.44  0.55  0.38  0.73  1.00        -0.15    -0.05    -0.19         -0.12  0.02   -0.18          0.24   -0.14  -0.19
GAS_US_mini   0.16 -0.25 -0.11 -0.08 -0.13 -0.34  0.05 -0.03 -0.15         1.00     0.01    -0.05          0.02  0.05    0.21          0.04    0.27   0.29
LEANHOG      -0.08 -0.22  0.11 -0.00  0.16  0.06  0.21  0.01 -0.05         0.01     1.00     0.41          0.27  0.31    0.21          0.15    0.27   0.31
LIVECOW       0.07 -0.25 -0.01 -0.10 -0.01 -0.09  0.04 -0.10 -0.19        -0.05     0.41     1.00          0.02  0.24    0.15          0.20    0.25   0.29
SOYBEAN_mini -0.15 -0.17  0.10  0.01  0.21  0.08  0.16  0.05 -0.12         0.02     0.27     0.02          1.00  0.22    0.22          0.11    0.10   0.10
DAX          -0.32 -0.57  0.30  0.13  0.36  0.13  0.36  0.13  0.02         0.05     0.31     0.24          0.22  1.00    0.46          0.58    0.66   0.63
EU-OIL       -0.12 -0.31 -0.08 -0.16  0.08 -0.02  0.12 -0.16 -0.18         0.21     0.21     0.15          0.22  0.46    1.00          0.07    0.38   0.50
NASDAQ_micro -0.33 -0.59  0.35  0.27  0.39  0.25  0.42  0.24  0.24         0.04     0.15     0.20          0.11  0.58    0.07          1.00    0.62   0.52
NIKKEI       -0.07 -0.58  0.09 -0.05  0.20 -0.23  0.20  0.04 -0.14         0.27     0.27     0.25          0.10  0.66    0.38          0.62    1.00   0.93
TOPIX        -0.03 -0.59  0.05 -0.09  0.14 -0.25  0.15 -0.01 -0.19         0.29     0.31     0.29          0.10  0.63    0.50          0.52    0.93   1.00


********************************************************************************
                                 END OF REPORT                                  
********************************************************************************


