
********************************************************************************
               Risk report produced on 2021-10-11 20:56:43.554416               
********************************************************************************


Total risk across all strategies, annualised percentage 9.5

========================================
Risk per strategy, annualised percentage
========================================

                  risk
dynamic_TF_carry   9.6


==================================================================================================================================================================================================================================================================
                                                                                                                         Instrument risk                                                                                                                          
==================================================================================================================================================================================================================================================================

              daily_price_stdev  annual_price_stdev    price  daily_perc_stdev  annual_perc_stdev  point_size_base  contract_exposure  daily_risk_per_contract  annual_risk_per_contract  position   capital  exposure_held_perc_capital  annual_risk_perc_capital
JPY                         0.0                 0.0      0.0               0.4                6.1        9173739.6            80930.7                    310.3                    4964.3      -2.0  375168.2                       -43.1                      -2.6
CAC                        62.6              1001.0   6570.0               1.0               15.2              8.5            55797.2                    531.3                    8501.4      -1.0  375168.2                       -14.9                      -2.3
BTP                         0.5                 8.6    151.3               0.4                5.7            849.3           128503.3                    454.4                    7269.7      -1.0  375168.2                       -34.3                      -1.9
KOSDAQ                     18.5               295.7   1384.8               1.3               21.4              6.1             8503.9                    113.5                    1815.6      -4.0  375168.2                        -9.1                      -1.9
OAT                         0.5                 7.7    165.1               0.3                4.7            849.3           140214.8                    408.9                    6543.1      -1.0  375168.2                       -37.4                      -1.7
BUND                        0.4                 6.9    168.8               0.3                4.1            849.3           143314.6                    366.5                    5863.7      -1.0  375168.2                       -38.2                      -1.6
LIVECOW                     1.1                16.9    130.3               0.8               12.9            293.6            38258.2                    309.4                    4950.7      -1.0  375168.2                       -10.2                      -1.3
SILVER                      0.4                 6.3     22.6               1.7               27.8            733.9            16604.5                    288.1                    4609.3      -1.0  375168.2                        -4.4                      -1.2
GBP                         0.0                 0.1      1.4               0.4                6.9          45868.7            62431.9                    270.9                    4333.8      -1.0  375168.2                       -16.6                      -1.2
KR10                        0.4                 6.4    123.0               0.3                5.2            614.1            75502.4                    244.8                    3916.7      -1.0  375168.2                       -20.1                      -1.0
CAD                         0.0                 0.1      0.8               0.4                6.3          73389.9            58906.4                    231.7                    3707.1      -1.0  375168.2                       -15.7                      -1.0
BOBL                        0.1                 2.2    134.6               0.1                1.6            849.3           114320.5                    115.5                    1848.5      -2.0  375168.2                       -60.9                      -1.0
EU-RETAIL                   4.8                77.0    424.3               1.1               18.2             42.5            18017.3                    204.4                    3270.6      -1.0  375168.2                        -4.8                      -0.9
FTSECHINAA                209.5              3352.4  15913.0               1.3               21.1              0.7            11678.5                    153.8                    2460.3      -1.0  375168.2                        -3.1                      -0.7
DOW                       296.9              4750.7  34692.0               0.9               13.7              0.4            12730.2                    109.0                    1743.3      -1.0  375168.2                        -3.4                      -0.5
MXP                         0.0                 0.0      0.0               0.5                7.2         366949.6            17452.1                     78.7                    1260.0      -1.0  375168.2                        -4.7                      -0.3
EU-BANKS                    1.5                24.2    101.6               1.5               23.8             42.5             4316.4                     64.3                    1028.8       1.0  375168.2                         1.2                       0.3
NASDAQ_micro              131.8              2109.0  14809.0               0.9               14.2              1.5            21736.6                    193.5                    3095.6       1.0  375168.2                         5.8                       0.8
CORN                        6.3               100.2    532.8               1.2               18.8             36.7            19549.2                    229.7                    3675.6       1.0  375168.2                         5.2                       1.0
EDOLLAR                     0.0                 0.6     98.5               0.0                0.6           1834.7           180713.5                     70.7                    1131.1       4.0  375168.2                       192.7                       1.2
EU-OIL                      3.6                57.5    286.1               1.3               20.1             42.5            12148.8                    152.6                    2442.1       2.0  375168.2                         6.5                       1.3
BITCOIN                  2586.6             41386.3  58000.0               4.5               71.4              0.1             4256.6                    189.8                    3037.3       2.0  375168.2                         2.3                       1.6
US10                        0.3                 4.7    130.9               0.2                3.6            733.9            96060.5                    217.5                    3480.0       2.0  375168.2                        51.2                       1.9
LEANHOG                     1.6                26.1     80.1               2.0               32.6            293.6            23514.1                    479.7                    7675.4       1.0  375168.2                         6.3                       2.0
CRUDE_W_mini                1.1                17.6     80.5               1.4               21.8            366.9            29539.4                    403.3                    6453.0       2.0  375168.2                        15.7                       3.4
GASOILINE                   0.0                 0.5      2.3               1.3               20.3          30823.8            72075.2                    914.5                   14631.2       1.0  375168.2                        19.2                       3.9

Sum of abs(notional exposure % capital) 626.9
Sum of abs(annualised risk % capital) 38.6
Net sum of annualised risk % capital -4 

==============================================================================================================================================================================================================================
                                                                                                         Correlations                                                                                                         
==============================================================================================================================================================================================================================

              BITCOIN  BOBL   BTP  BUND   CAC   CAD  CORN  CRUDE_W_mini   DOW  EDOLLAR  EU-BANKS  EU-OIL  EU-RETAIL  FTSECHINAA  GASOILINE   GBP   JPY  KOSDAQ  KR10  LEANHOG  LIVECOW   MXP  NASDAQ_micro   OAT  SILVER  US10
BITCOIN          1.00  0.10  0.18  0.11  0.02 -0.02 -0.05          0.23  0.10    -0.04      0.05   -0.04       0.12        0.01       0.17  0.06  0.13    0.04  0.04     0.04     0.07  0.01         -0.03  0.02    0.03  0.01
BOBL             0.10  1.00  0.04 -0.12  0.60 -0.08 -0.11         -0.01  0.72     0.15      0.41    0.12       0.02       -0.23      -0.02  0.94  0.10    0.95 -0.17    -0.11     0.75 -0.11         -0.14 -0.13   -0.29 -0.24
BTP              0.18  0.04  1.00  0.15  0.10  0.09  0.08          0.07  0.08     0.01      0.18    0.27       0.09        0.26       0.15  0.04 -0.06    0.04  0.22     0.39     0.08  0.27          0.09  0.16    0.28  0.51
BUND             0.11 -0.12  0.15  1.00 -0.14  0.13  0.09          0.09  0.06    -0.09     -0.12   -0.20       0.22        0.14       0.12 -0.11 -0.07   -0.09  0.10     0.08    -0.13  0.18          0.02 -0.03    0.17  0.21
CAC              0.02  0.60  0.10 -0.14  1.00 -0.21 -0.19          0.07  0.24     0.12      0.64    0.31      -0.09       -0.24      -0.10  0.53  0.07    0.58 -0.13     0.08     0.90 -0.12         -0.22 -0.10   -0.31 -0.15
CAD             -0.02 -0.08  0.09  0.13 -0.21  1.00  0.16          0.17  0.04     0.10     -0.21    0.11       0.16        0.20       0.02 -0.09 -0.25   -0.07  0.31     0.17    -0.19  0.45          0.27  0.16    0.34  0.37
CORN            -0.05 -0.11  0.08  0.09 -0.19  0.16  1.00          0.01  0.13     0.30     -0.15    0.29      -0.16        0.53       0.23 -0.04  0.11   -0.05  0.27     0.35    -0.16  0.32          0.74  0.20    0.24  0.32
CRUDE_W_mini     0.23 -0.01  0.07  0.09  0.07  0.17  0.01          1.00 -0.01    -0.11      0.05   -0.06       0.12        0.03      -0.06 -0.04 -0.08    0.05  0.05     0.08     0.02  0.16         -0.03  0.06   -0.04  0.10
DOW              0.10  0.72  0.08  0.06  0.24  0.04  0.13         -0.01  1.00     0.14      0.12    0.09       0.05        0.01      -0.00  0.83  0.09    0.71 -0.01     0.04     0.37  0.05          0.15 -0.03   -0.06 -0.07
EDOLLAR         -0.04  0.15  0.01 -0.09  0.12  0.10  0.30         -0.11  0.14     1.00      0.20    0.46      -0.07        0.15       0.05  0.19  0.02    0.14  0.03     0.25     0.19  0.36          0.50  0.08    0.07  0.10
EU-BANKS         0.05  0.41  0.18 -0.12  0.64 -0.21 -0.15          0.05  0.12     0.20      1.00    0.44      -0.13       -0.22       0.00  0.35 -0.00    0.35 -0.15     0.34     0.65 -0.13         -0.16 -0.13   -0.23 -0.09
EU-OIL          -0.04  0.12  0.27 -0.20  0.31  0.11  0.29         -0.06  0.09     0.46      0.44    1.00      -0.14        0.18      -0.01  0.15 -0.07    0.11  0.20     0.59     0.28  0.30          0.38  0.06    0.17  0.28
EU-RETAIL        0.12  0.02  0.09  0.22 -0.09  0.16 -0.16          0.12  0.05    -0.07     -0.13   -0.14       1.00        0.04       0.11  0.02  0.00    0.02  0.00    -0.02    -0.10  0.06         -0.02  0.05   -0.01  0.13
FTSECHINAA       0.01 -0.23  0.26  0.14 -0.24  0.20  0.53          0.03  0.01     0.15     -0.22    0.18       0.04        1.00       0.09 -0.16  0.02   -0.18  0.43     0.36    -0.27  0.41          0.66  0.16    0.48  0.44
GASOILINE        0.17 -0.02  0.15  0.12 -0.10  0.02  0.23         -0.06 -0.00     0.05      0.00   -0.01       0.11        0.09       1.00 -0.02  0.10   -0.05  0.16     0.18    -0.05  0.07          0.05  0.27    0.08  0.12
GBP              0.06  0.94  0.04 -0.11  0.53 -0.09 -0.04         -0.04  0.83     0.19      0.35    0.15       0.02       -0.16      -0.02  1.00  0.05    0.91 -0.12    -0.04     0.68 -0.05         -0.05 -0.08   -0.25 -0.19
JPY              0.13  0.10 -0.06 -0.07  0.07 -0.25  0.11         -0.08  0.09     0.02     -0.00   -0.07       0.00        0.02       0.10  0.05  1.00    0.08 -0.08     0.06     0.06 -0.08          0.11 -0.12    0.03 -0.12
KOSDAQ           0.04  0.95  0.04 -0.09  0.58 -0.07 -0.05          0.05  0.71     0.14      0.35    0.11       0.02       -0.18      -0.05  0.91  0.08    1.00 -0.10    -0.08     0.70 -0.02         -0.10 -0.14   -0.23 -0.13
KR10             0.04 -0.17  0.22  0.10 -0.13  0.31  0.27          0.05 -0.01     0.03     -0.15    0.20       0.00        0.43       0.16 -0.12 -0.08   -0.10  1.00     0.37    -0.16  0.40          0.28  0.13    0.73  0.48
LEANHOG          0.04 -0.11  0.39  0.08  0.08  0.17  0.35          0.08  0.04     0.25      0.34    0.59      -0.02        0.36       0.18 -0.04  0.06   -0.08  0.37     1.00     0.01  0.33          0.39  0.10    0.34  0.49
LIVECOW          0.07  0.75  0.08 -0.13  0.90 -0.19 -0.16          0.02  0.37     0.19      0.65    0.28      -0.10       -0.27      -0.05  0.68  0.06    0.70 -0.16     0.01     1.00 -0.15         -0.18 -0.10   -0.33 -0.24
MXP              0.01 -0.11  0.27  0.18 -0.12  0.45  0.32          0.16  0.05     0.36     -0.13    0.30       0.06        0.41       0.07 -0.05 -0.08   -0.02  0.40     0.33    -0.15  1.00          0.49  0.15    0.47  0.56
NASDAQ_micro    -0.03 -0.14  0.09  0.02 -0.22  0.27  0.74         -0.03  0.15     0.50     -0.16    0.38      -0.02        0.66       0.05 -0.05  0.11   -0.10  0.28     0.39    -0.18  0.49          1.00  0.17    0.31  0.33
OAT              0.02 -0.13  0.16 -0.03 -0.10  0.16  0.20          0.06 -0.03     0.08     -0.13    0.06       0.05        0.16       0.27 -0.08 -0.12   -0.14  0.13     0.10    -0.10  0.15          0.17  1.00    0.14  0.21
SILVER           0.03 -0.29  0.28  0.17 -0.31  0.34  0.24         -0.04 -0.06     0.07     -0.23    0.17      -0.01        0.48       0.08 -0.25  0.03   -0.23  0.73     0.34    -0.33  0.47          0.31  0.14    1.00  0.47
US10             0.01 -0.24  0.51  0.21 -0.15  0.37  0.32          0.10 -0.07     0.10     -0.09    0.28       0.13        0.44       0.12 -0.19 -0.12   -0.13  0.48     0.49    -0.24  0.56          0.33  0.21    0.47  1.00


********************************************************************************
                               END OF RISK REPORT                               
********************************************************************************


