
********************************************************************************
                    Risk report produced on 04/03/2024 22:51                    
********************************************************************************


Total risk across all strategies, annualised percentage 10.6
Percentage of capital used for margin 53.5%

========================================
Risk per strategy, annualised percentage
========================================

                  risk
dynamic_TF_carry  10.6


===================
Risk by asset class
===================

Ags       1.6
Bond      4.2
Equity    7.3
FX        4.8
Metals    1.5
OilGas    0.9
Sector    0.6
dtype: float64


=====================================================
Beta loadings of asset class positions on asset class
=====================================================

Bond     -1.34
FX       -0.18
Ags      -0.09
OilGas   -0.01
Sector    0.04
Metals    0.05
Equity    0.79
dtype: float64


========================================================
Beta loadings of full portfolio positions on asset class
========================================================

Bond     -2.68
Metals   -0.16
Ags      -0.06
OilGas    0.02
FX        0.27
Sector    0.31
Equity    1.07
dtype: float64


=================================================================================================================================================================================================================================================================
                                                                                                                         Instrument risk                                                                                                                         
=================================================================================================================================================================================================================================================================

             daily_price_stdev  annual_price_stdev     price  daily_perc_stdev  annual_perc_stdev  point_size_base  contract_exposure  daily_risk_per_contract  annual_risk_per_contract  position  capital  exposure_held_perc_capital  annual_risk_perc_capital
BOBL                     0.306               4.902    116.25              0.26                4.2            856.4              99553                      262                      4197        -2   394020                       -50.5                      -2.1
CHF                      0.005               0.080      1.13              0.44                7.0          98684.0             111690                      490                      7847        -1   394020                       -28.3                      -2.0
CORN                     5.099              81.582    463.25              1.10               17.6             39.5              18286                      201                      3220        -2   394020                        -9.3                      -1.6
US3                      0.226               3.623    104.50              0.22                3.5           1578.9             164993                      357                      5719        -1   394020                       -41.9                      -1.5
JPY                      0.000               0.001      0.01              0.52                8.4        9868395.1              65703                      343                      5491        -1   394020                       -16.7                      -1.4
GAS_US_mini              0.115               1.839      2.08              5.53               88.4           1973.7               4105                      226                      3629        -1   394020                        -1.0                      -0.9
US2                      0.143               2.294    102.00              0.14                2.2           1578.9             161046                      226                      3622        -1   394020                       -40.9                      -0.9
GOLD_micro              15.860             253.762   2125.00              0.75               11.9              7.9              16776                      125                      2003        -1   394020                        -4.3                      -0.5
EUR_micro                0.004               0.062      1.09              0.36                5.7           9868.4              10720                       38                       609        -3   394020                        -8.2                      -0.5
SP500_micro             36.212             579.387   5153.00              0.70               11.2              3.9              20340                      142                      2287         1   394020                         5.2                       0.6
EU-OIL                   3.384              54.150    345.00              0.98               15.7             42.8              14772                      144                      2318         1   394020                         3.7                       0.6
CNH                      0.015               0.240      7.21              0.21                3.3          10948.4              78894                      164                      2626         1   394020                        20.0                       0.7
MXP                      0.000               0.004      0.06              0.48                7.6         394735.8              23226                      110                      1768         2   394020                        11.8                       0.9
EUROSTX                 31.277             500.427   4915.00              0.64               10.2              8.6              42090                      267                      4285         1   394020                        10.7                       1.1
FTSETAIWAN              11.032             176.518   1641.75              0.67               10.8             31.6              51844                      348                      5574         1   394020                        13.2                       1.4
BITCOIN               1518.867           24301.869  68130.00              2.23               35.7              0.1               5378                      119                      1918         3   394020                         4.1                       1.5
CAC                     47.707             763.304   7957.50              0.60                9.6              8.6              68146                      408                      6536         1   394020                        17.3                       1.7
R1000                   11.494             183.902   1696.50              0.68               10.8             39.5              66966                      453                      7259         1   394020                        17.0                       1.8
YENEUR                   0.767              12.273    163.16              0.47                7.5            656.4             107090                      503                      8055         1   394020                        27.2                       2.0
NIKKEI                 364.788            5836.612  40085.00              0.91               14.6              0.5              21047                      191                      3064         3   394020                        16.0                       2.3

Sum of abs(notional exposure % capital) 347.3
Sum of abs(annualised risk % capital) 26.0
Net sum of annualised risk % capital 3.2 

===============================================================================================================================================================================
                                                                                 Correlations                                                                                  
===============================================================================================================================================================================

             GAS_US_mini  YENEUR   CNH   CAC  EU-OIL  EUROSTX  FTSETAIWAN   MXP  NIKKEI  R1000  SP500_micro  BOBL   CHF  EUR_micro  GOLD_micro   JPY   US2   US3  BITCOIN  CORN
GAS_US_mini         1.00    0.30  0.09 -0.05    0.09    -0.07       -0.01  0.00    0.19   0.06         0.09 -0.16 -0.10      -0.06       -0.15 -0.33 -0.05 -0.07    -0.07  0.10
YENEUR              0.30    1.00  0.07 -0.02    0.02    -0.02        0.13  0.07    0.43   0.08         0.09 -0.48 -0.14       0.19       -0.15 -0.69 -0.30 -0.30    -0.12 -0.04
CNH                 0.09    0.07  1.00 -0.37   -0.13    -0.43       -0.39 -0.24   -0.18  -0.38        -0.43 -0.34 -0.43      -0.57       -0.43 -0.49 -0.41 -0.46    -0.15 -0.06
CAC                -0.05   -0.02 -0.37  1.00    0.50     0.94        0.51  0.54    0.47   0.71         0.67  0.29  0.23       0.35        0.13  0.27  0.13  0.24     0.10 -0.06
EU-OIL              0.09    0.02 -0.13  0.50    1.00     0.45        0.28  0.41    0.25   0.44         0.26 -0.08  0.19       0.13        0.19  0.06 -0.10 -0.04    -0.07  0.10
EUROSTX            -0.07   -0.02 -0.43  0.94    0.45     1.00        0.61  0.49    0.50   0.71         0.73  0.26  0.23       0.38        0.16  0.30  0.12  0.23     0.07 -0.03
FTSETAIWAN         -0.01    0.13 -0.39  0.51    0.28     0.61        1.00  0.32    0.48   0.51         0.62  0.07  0.21       0.32        0.05  0.14  0.05  0.12     0.01  0.10
MXP                 0.00    0.07 -0.24  0.54    0.41     0.49        0.32  1.00    0.42   0.52         0.45  0.13  0.24       0.42        0.16  0.23  0.05  0.15     0.02  0.05
NIKKEI              0.19    0.43 -0.18  0.47    0.25     0.50        0.48  0.42    1.00   0.47         0.59 -0.12 -0.03       0.18       -0.05 -0.25 -0.11 -0.05    -0.06 -0.05
R1000               0.06    0.08 -0.38  0.71    0.44     0.71        0.51  0.52    0.47   1.00         0.89  0.25  0.28       0.46        0.23  0.27  0.23  0.29     0.15 -0.01
SP500_micro         0.09    0.09 -0.43  0.67    0.26     0.73        0.62  0.45    0.59   0.89         1.00  0.26  0.26       0.44        0.21  0.24  0.26  0.31     0.09  0.03
BOBL               -0.16   -0.48 -0.34  0.29   -0.08     0.26        0.07  0.13   -0.12   0.25         0.26  1.00  0.37       0.26        0.37  0.57  0.72  0.75     0.22 -0.02
CHF                -0.10   -0.14 -0.43  0.23    0.19     0.23        0.21  0.24   -0.03   0.28         0.26  0.37  1.00       0.76        0.56  0.63  0.49  0.53     0.02  0.04
EUR_micro          -0.06    0.19 -0.57  0.35    0.13     0.38        0.32  0.42    0.18   0.46         0.44  0.26  0.76       1.00        0.50  0.55  0.48  0.53     0.11  0.02
GOLD_micro         -0.15   -0.15 -0.43  0.13    0.19     0.16        0.05  0.16   -0.05   0.23         0.21  0.37  0.56       0.50        1.00  0.49  0.51  0.48     0.09  0.04
JPY                -0.33   -0.69 -0.49  0.27    0.06     0.30        0.14  0.23   -0.25   0.27         0.24  0.57  0.63       0.55        0.49  1.00  0.60  0.63     0.16  0.05
US2                -0.05   -0.30 -0.41  0.13   -0.10     0.12        0.05  0.05   -0.11   0.23         0.26  0.72  0.49       0.48        0.51  0.60  1.00  0.98     0.21 -0.05
US3                -0.07   -0.30 -0.46  0.24   -0.04     0.23        0.12  0.15   -0.05   0.29         0.31  0.75  0.53       0.53        0.48  0.63  0.98  1.00     0.18 -0.05
BITCOIN            -0.07   -0.12 -0.15  0.10   -0.07     0.07        0.01  0.02   -0.06   0.15         0.09  0.22  0.02       0.11        0.09  0.16  0.21  0.18     1.00  0.02
CORN                0.10   -0.04 -0.06 -0.06    0.10    -0.03        0.10  0.05   -0.05  -0.01         0.03 -0.02  0.04       0.02        0.04  0.05 -0.05 -0.05     0.02  1.00


********************************************************************************
                                 END OF REPORT                                  
********************************************************************************


