
********************************************************************************
                    Risk report produced on 04/07/2024 22:52                    
********************************************************************************


Total risk across all strategies, annualised percentage 10.9
Percentage of capital used for margin 73.3%

========================================
Risk per strategy, annualised percentage
========================================

                  risk
dynamic_TF_carry  10.9


===================
Risk by asset class
===================

Ags       1.1
Bond      2.5
Equity    7.3
FX        3.9
Metals    1.9
OilGas    2.7
Sector    0.7
Vol       1.9
dtype: float64


=====================================================
Beta loadings of asset class positions on asset class
=====================================================

FX       -0.34
Bond     -0.33
Metals   -0.07
Vol      -0.06
Sector   -0.04
Ags       0.05
OilGas    0.10
Equity    0.68
dtype: float64


========================================================
Beta loadings of full portfolio positions on asset class
========================================================

Bond     -0.50
Vol      -0.23
FX       -0.12
Metals   -0.03
OilGas    0.14
Ags       0.16
Sector    0.21
Equity    0.70
dtype: float64


===================================================================================================================================================================================================================================================================
                                                                                                                          Instrument risk                                                                                                                          
===================================================================================================================================================================================================================================================================

               daily_price_stdev  annual_price_stdev     price  daily_perc_stdev  annual_perc_stdev  point_size_base  contract_exposure  daily_risk_per_contract  annual_risk_per_contract  position  capital  exposure_held_perc_capital  annual_risk_perc_capital
BUND                       0.635              10.152    130.57              0.49                7.8            846.4             110520                      537                      8593        -2   674809                       -32.8                      -2.5
VIX                        0.312               4.993     14.30              2.18               34.9            784.5              11217                      244                      3917        -3   674809                        -5.0                      -1.7
ALUMINIUM                 34.503             552.054   2512.50              1.37               22.0             19.6              49273                      676                     10826        -1   674809                        -7.3                      -1.6
JPY                        0.000               0.001      0.01              0.52                8.3        9805652.0              61491                      317                      5078        -2   674809                       -18.2                      -1.5
CHF                        0.005               0.075      1.12              0.42                6.7          98056.5             109901                      457                      7319        -1   674809                       -16.3                      -1.1
GAS_US_mini                0.105               1.683      2.48              4.25               68.0           1961.1               4853                      206                      3301        -2   674809                        -1.4                      -1.0
BITCOIN                 1716.052           27456.828  58570.00              2.93               46.9              0.1               4594                      134                      2153        -3   674809                        -2.0                      -1.0
EUROSTX                   42.098             673.563   5024.00              0.84               13.4              8.5              42525                      356                      5701        -1   674809                        -6.3                      -0.8
EU-AUTO                    6.951             111.211    639.20              1.09               17.4             42.3              27052                      294                      4706        -1   674809                        -4.0                      -0.7
CHINAA-CON                14.894             238.302   1941.20              0.77               12.3             19.6              38069                      292                      4673        -1   674809                        -5.6                      -0.7
CORN                       5.558              88.930    420.75              1.32               21.1             39.2              16502                      218                      3488        -1   674809                        -2.4                      -0.5
FTSECHINAA                98.314            1573.023  12031.00              0.82               13.1              0.8               9437                       77                      1233        -2   674809                        -2.8                      -0.4
KOSDAQ                    20.173             322.773   1401.80              1.44               23.0              5.7               7955                      114                      1831        -1   674809                        -1.2                      -0.3
RUSSELL                   20.216             323.453   2054.00              0.98               15.7              3.9               8056                       79                      1268        -1   674809                        -1.2                      -0.2
V2X                        0.380               6.073     15.65              2.43               38.8             84.6               1324                       32                       514        -2   674809                        -0.4                      -0.2
CRUDE_W_micro              1.177              18.826     81.43              1.44               23.1             78.4               6387                       92                      1476         0   674809                         0.0                       0.0
SP500_micro               34.594             553.511   5432.50              0.63               10.1              3.9              21307                      135                      2171         1   674809                         3.2                       0.3
NASDAQ_micro             160.772            2572.352  20419.00              0.79               12.6              1.6              32035                      252                      4035         1   674809                         4.7                       0.6
MSCISING                   2.390              38.239    325.50              0.73               11.7             58.0              18874                      138                      2217         2   674809                         5.6                       0.7
DOW                      229.442            3671.070  39631.00              0.58                9.3              0.4              15544                       89                      1439         4   674809                         9.2                       0.9
LIVECOW                    1.294              20.705    186.58              0.69               11.1            313.8              58543                      406                      6496         1   674809                         8.7                       1.0
TOPIX                     21.775             348.404   2892.75              0.75               12.0              4.9              14054                      105                      1692         4   674809                         8.3                       1.0
NIKKEI                   334.299            5348.783  40810.00              0.82               13.1              0.5              19827                      162                      2598         3   674809                         8.8                       1.2
FTSETAIWAN                16.186             258.978   1969.25              0.82               13.2             31.4              61791                      507                      8126         1   674809                         9.2                       1.2
YENEUR                     0.740              11.839    173.03              0.43                6.8            607.3             105081                      449                      7189         2   674809                        31.1                       2.1
AEX                        5.404              86.457    937.85              0.58                9.2            169.3             158767                      914                     14636         1   674809                        23.5                       2.2
GASOILINE                  0.033               0.531      2.34              1.42               22.7          32947.0              77092                     1093                     17503         1   674809                        11.4                       2.6
MIB                      341.033            5456.530  34240.00              1.00               15.9              4.2             144911                     1443                     23093         1   674809                        21.5                       3.4

Sum of abs(notional exposure % capital) 252.1
Sum of abs(annualised risk % capital) 31.4
Net sum of annualised risk % capital 3.0 

==========================================================================================================================================================================================================================================================================
                                                                                                                               Correlations                                                                                                                               
==========================================================================================================================================================================================================================================================================

                V2X   VIX  BITCOIN  BUND   CHF  CORN   JPY  ALUMINIUM  CHINAA-CON  CRUDE_W_micro  FTSECHINAA  GASOILINE  GAS_US_mini  LIVECOW  NIKKEI  TOPIX  YENEUR   AEX   DOW  EU-AUTO  EUROSTX  FTSETAIWAN  KOSDAQ   MIB  MSCISING  NASDAQ_micro  RUSSELL  SP500_micro
V2X            1.00  0.79    -0.09  0.11 -0.08 -0.04 -0.09      -0.01       -0.13          -0.01       -0.14      -0.06        -0.11    -0.05   -0.43  -0.44   -0.28 -0.60 -0.56    -0.50    -0.73       -0.27   -0.33 -0.67     -0.33         -0.46    -0.58        -0.56
VIX            0.79  1.00    -0.12  0.07 -0.13 -0.06 -0.13       0.07       -0.24           0.08       -0.22       0.00        -0.13    -0.13   -0.39  -0.44   -0.23 -0.49 -0.64    -0.46    -0.64       -0.29   -0.35 -0.59     -0.31         -0.56    -0.60        -0.69
BITCOIN       -0.09 -0.12     1.00  0.17  0.05  0.16  0.22      -0.02       -0.06          -0.05       -0.15      -0.02         0.03    -0.19    0.02  -0.06   -0.11  0.22  0.22     0.24     0.30        0.19    0.13  0.21      0.03          0.08     0.28         0.18
BUND           0.11  0.07     0.17  1.00  0.38  0.03  0.39      -0.02       -0.04          -0.24       -0.08      -0.15        -0.01    -0.11   -0.08  -0.13   -0.33  0.26  0.32     0.03     0.22        0.28    0.10  0.05      0.06          0.24     0.19         0.25
CHF           -0.08 -0.13     0.05  0.38  1.00  0.18  0.64      -0.01        0.08          -0.08        0.02       0.00         0.08     0.00   -0.19  -0.21   -0.19  0.16  0.34     0.11     0.23        0.20    0.17  0.15      0.07          0.29     0.20         0.31
CORN          -0.04 -0.06     0.16  0.03  0.18  1.00  0.14       0.14        0.04           0.16        0.02       0.14         0.13     0.03   -0.03  -0.05   -0.04  0.02  0.12     0.00     0.01        0.21    0.07 -0.00      0.12          0.11     0.09         0.14
JPY           -0.09 -0.13     0.22  0.39  0.64  0.14  1.00       0.12        0.08          -0.02        0.03       0.01        -0.09    -0.01   -0.32  -0.32   -0.66  0.21  0.31     0.08     0.28        0.20    0.11  0.14      0.19          0.29     0.26         0.31
ALUMINIUM     -0.01  0.07    -0.02 -0.02 -0.01  0.14  0.12       1.00        0.18           0.18        0.26       0.14        -0.18     0.03   -0.05  -0.03    0.03 -0.02 -0.13     0.00     0.04        0.11   -0.12  0.07      0.20         -0.12     0.06        -0.10
CHINAA-CON    -0.13 -0.24    -0.06 -0.04  0.08  0.04  0.08       0.18        1.00           0.17        0.94       0.22         0.09     0.33    0.12   0.14    0.14  0.26  0.27     0.02     0.16        0.39    0.16  0.14      0.39          0.28     0.20         0.32
CRUDE_W_micro -0.01  0.08    -0.05 -0.24 -0.08  0.16 -0.02       0.18        0.17           1.00        0.14       0.91         0.15     0.40    0.18   0.18    0.03  0.08  0.08     0.01    -0.04        0.25    0.00  0.04      0.22          0.02     0.13         0.06
FTSECHINAA    -0.14 -0.22    -0.15 -0.08  0.02  0.02  0.03       0.26        0.94           0.14        1.00       0.18         0.07     0.28    0.14   0.18    0.15  0.24  0.19    -0.04     0.14        0.29    0.10  0.11      0.39          0.19     0.14         0.23
GASOILINE     -0.06  0.00    -0.02 -0.15  0.00  0.14  0.01       0.14        0.22           0.91        0.18       1.00         0.06     0.43    0.21   0.20    0.04  0.14  0.20     0.11     0.06        0.27    0.04  0.14      0.19          0.08     0.21         0.16
GAS_US_mini   -0.11 -0.13     0.03 -0.01  0.08  0.13 -0.09      -0.18        0.09           0.15        0.07       0.06         1.00     0.17    0.17   0.18    0.15  0.00  0.17    -0.14    -0.03       -0.02   -0.16  0.01      0.05          0.10     0.04         0.16
LIVECOW       -0.05 -0.13    -0.19 -0.11  0.00  0.03 -0.01       0.03        0.33           0.40        0.28       0.43         0.17     1.00    0.09   0.09    0.08  0.06  0.20    -0.00     0.03        0.14   -0.08  0.11      0.09          0.23     0.14         0.23
NIKKEI        -0.43 -0.39     0.02 -0.08 -0.19 -0.03 -0.32      -0.05        0.12           0.18        0.14       0.21         0.17     0.09    1.00   0.93    0.47  0.43  0.36     0.40     0.39        0.28    0.33  0.48      0.34          0.42     0.47         0.46
TOPIX         -0.44 -0.44    -0.06 -0.13 -0.21 -0.05 -0.32      -0.03        0.14           0.18        0.18       0.20         0.18     0.09    0.93   1.00    0.46  0.35  0.34     0.34     0.33        0.21    0.28  0.47      0.37          0.32     0.42         0.39
YENEUR        -0.28 -0.23    -0.11 -0.33 -0.19 -0.04 -0.66       0.03        0.14           0.03        0.15       0.04         0.15     0.08    0.47   0.46    1.00  0.04  0.03     0.08     0.06       -0.01    0.11  0.20      0.06          0.08     0.04         0.08
AEX           -0.60 -0.49     0.22  0.26  0.16  0.02  0.21      -0.02        0.26           0.08        0.24       0.14         0.00     0.06    0.43   0.35    0.04  1.00  0.65     0.56     0.82        0.53    0.34  0.64      0.40          0.59     0.68         0.70
DOW           -0.56 -0.64     0.22  0.32  0.34  0.12  0.31      -0.13        0.27           0.08        0.19       0.20         0.17     0.20    0.36   0.34    0.03  0.65  1.00     0.51     0.72        0.44    0.47  0.66      0.36          0.67     0.76         0.86
EU-AUTO       -0.50 -0.46     0.24  0.03  0.11  0.00  0.08       0.00        0.02           0.01       -0.04       0.11        -0.14    -0.00    0.40   0.34    0.08  0.56  0.51     1.00     0.73        0.28    0.43  0.79      0.24          0.34     0.57         0.52
EUROSTX       -0.73 -0.64     0.30  0.22  0.23  0.01  0.28       0.04        0.16          -0.04        0.14       0.06        -0.03     0.03    0.39   0.33    0.06  0.82  0.72     0.73     1.00        0.33    0.39  0.86      0.29          0.49     0.71         0.69
FTSETAIWAN    -0.27 -0.29     0.19  0.28  0.20  0.21  0.20       0.11        0.39           0.25        0.29       0.27        -0.02     0.14    0.28   0.21   -0.01  0.53  0.44     0.28     0.33        1.00    0.33  0.22      0.49          0.57     0.46         0.54
KOSDAQ        -0.33 -0.35     0.13  0.10  0.17  0.07  0.11      -0.12        0.16           0.00        0.10       0.04        -0.16    -0.08    0.33   0.28    0.11  0.34  0.47     0.43     0.39        0.33    1.00  0.42      0.44          0.36     0.49         0.47
MIB           -0.67 -0.59     0.21  0.05  0.15 -0.00  0.14       0.07        0.14           0.04        0.11       0.14         0.01     0.11    0.48   0.47    0.20  0.64  0.66     0.79     0.86        0.22    0.42  1.00      0.38          0.34     0.68         0.59
MSCISING      -0.33 -0.31     0.03  0.06  0.07  0.12  0.19       0.20        0.39           0.22        0.39       0.19         0.05     0.09    0.34   0.37    0.06  0.40  0.36     0.24     0.29        0.49    0.44  0.38      1.00          0.29     0.37         0.35
NASDAQ_micro  -0.46 -0.56     0.08  0.24  0.29  0.11  0.29      -0.12        0.28           0.02        0.19       0.08         0.10     0.23    0.42   0.32    0.08  0.59  0.67     0.34     0.49        0.57    0.36  0.34      0.29          1.00     0.62         0.90
RUSSELL       -0.58 -0.60     0.28  0.19  0.20  0.09  0.26       0.06        0.20           0.13        0.14       0.21         0.04     0.14    0.47   0.42    0.04  0.68  0.76     0.57     0.71        0.46    0.49  0.68      0.37          0.62     1.00         0.78
SP500_micro   -0.56 -0.69     0.18  0.25  0.31  0.14  0.31      -0.10        0.32           0.06        0.23       0.16         0.16     0.23    0.46   0.39    0.08  0.70  0.86     0.52     0.69        0.54    0.47  0.59      0.35          0.90     0.78         1.00


********************************************************************************
                                 END OF REPORT                                  
********************************************************************************


