
********************************************************************************
                    Risk report produced on 10/02/2026 22:53                    
********************************************************************************


Total risk across all strategies, annualised percentage 15.4
Percentage of capital used for margin 39.9%

========================================
Risk per strategy, annualised percentage
========================================

                  risk
dynamic_TF_carry  15.4


===================
Risk by asset class
===================

Ags        2.4
Bond       1.7
Equity    11.1
FX         4.1
Metals     3.8
OilGas     2.0
Sector     1.2
dtype: float64


=====================================================
Beta loadings of asset class positions on asset class
=====================================================

Bond     -0.14
Metals   -0.05
Ags       0.05
Sector    0.05
OilGas    0.07
FX        0.46
Equity    0.84
dtype: float64


========================================================
Beta loadings of full portfolio positions on asset class
========================================================

Bond     -0.93
Metals    0.07
OilGas    0.14
Sector    0.42
Ags       0.50
Equity    1.04
FX        1.30
dtype: float64


=================================================================================================================================================================================================================================================================
                                                                                                                         Instrument risk                                                                                                                         
=================================================================================================================================================================================================================================================================

             daily_price_stdev  annual_price_stdev     price  daily_perc_stdev  annual_perc_stdev  point_size_base  contract_exposure  daily_risk_per_contract  annual_risk_per_contract  position  capital  exposure_held_perc_capital  annual_risk_perc_capital
BITCOIN               3215.061           51440.982  69120.00              4.65               74.4              0.1               5054                      235                      3761        -7   701821                        -5.0                      -3.8
KR10                     0.396               6.335    110.38              0.36                5.7            498.8              55052                      197                      3159        -4   701821                       -31.4                      -1.8
HANGTECH                89.892            1438.266   5468.00              1.64               26.3              4.7              25578                      420                      6727        -1   701821                        -3.6                      -1.0
JPY                      0.000               0.001      0.01              0.66               10.6        9141402.9              59391                      393                      6295        -1   701821                        -8.5                      -0.9
REDWHEAT                 7.037             112.586    558.50              1.26               20.2             36.6              20421                      257                      4116        -1   701821                        -2.9                      -0.6
WHEAT                    5.944              95.102    579.75              1.03               16.4             36.6              21198                      217                      3477        -1   701821                        -3.0                      -0.5
RICE                     0.143               2.288     11.22              1.27               20.4           1462.6              16417                      209                      3346        -1   701821                        -2.3                      -0.5
SP500_micro             52.678             842.856   6977.50              0.75               12.1              3.7              25513                      192                      3081        -1   701821                        -3.6                      -0.4
DAX                    206.668            3306.692  25060.00              0.82               13.2              0.9              21819                      179                      2879        -1   701821                        -3.1                      -0.4
KRWUSD_mini              0.004               0.069      0.69              0.63               10.1          18282.8              12552                       79                      1264        -2   701821                        -3.6                      -0.4
MUMMY                   10.651             170.421    718.00              1.48               23.7              4.7               3379                       50                       802         1   701821                         0.5                       0.1
BUND                     0.287               4.593    128.63              0.22                3.6            870.7             111996                      249                      3998         1   701821                        16.0                       0.6
NZD                      0.004               0.059      0.61              0.61                9.7          73131.2              44299                      269                      4317         1   701821                         6.3                       0.6
FTSECHINAA             123.929            1982.859  15014.00              0.83               13.2              0.7              10979                       90                      1450         3   701821                         4.7                       0.6
GBP                      0.007               0.107      1.37              0.49                7.8          45707.0              62403                      305                      4884         1   701821                         8.9                       0.7
BRE                      0.001               0.018      0.19              0.59                9.4          73131.2              14022                       82                      1323         4   701821                         8.0                       0.8
RUSSELL                 31.645             506.318   2695.40              1.17               18.8              3.7               9855                      115                      1851         3   701821                         4.2                       0.8
MXP                      0.000               0.006      0.06              0.63               10.0         365656.1              21211                      133                      2128         3   701821                         9.1                       0.9
CAD                      0.003               0.046      0.74              0.39                6.3          73131.2              54073                      212                      3397         2   701821                        15.4                       1.0
TOPIX                   48.603             777.647   3856.00              1.26               20.2              4.7              18148                      228                      3660         2   701821                         5.2                       1.0
EU-BASIC                12.136             194.178    777.00              1.56               25.0             43.5              33826                      528                      8453         1   701821                         4.8                       1.2
LIVECOW                  2.036              32.578    233.82              0.87               13.9            292.5              68399                      595                      9529         1   701821                         9.7                       1.4
LEANHOG                  1.062              16.997     95.58              1.11               17.8            292.5              27958                      310                      4971         2   701821                         8.0                       1.4
BRENT-LAST               1.210              19.358     67.58              1.79               28.6            731.3              49422                      884                     14156         1   701821                         7.0                       2.0
YENEUR                   0.888              14.214    183.42              0.48                7.7            588.3             107911                      522                      8362         2   701821                        30.8                       2.4
AEX                      8.103             129.643   1003.35              0.81               12.9            174.1             174721                     1410                     22575         1   701821                        24.9                       3.2
MIB                    395.731            6331.695  46965.00              0.84               13.5              4.4             204459                     1722                     27564         1   701821                        29.1                       3.9
MSCIEAFA                28.838             461.410   3147.00              0.92               14.7             36.6             115071                     1054                     16871         2   701821                        32.8                       4.8

Sum of abs(notional exposure % capital) 292.4
Sum of abs(annualised risk % capital) 37.7
Net sum of annualised risk % capital 17.1 

==============================================================================================================================================================================================================================================
                                                                                                                 Correlations                                                                                                                 
==============================================================================================================================================================================================================================================

              AEX   DAX  EU-BASIC   MIB  MSCIEAFA  MUMMY  RUSSELL  SP500_micro  TOPIX  LIVECOW  YENEUR  BITCOIN   BRE  BRENT-LAST  FTSECHINAA  HANGTECH  LEANHOG   MXP  REDWHEAT  RICE  WHEAT  BUND  KR10   CAD   GBP   JPY  KRWUSD_mini   NZD
AEX          1.00  0.73      0.72  0.73      0.60   0.35     0.64         0.62   0.46     0.14    0.01     0.33  0.32        0.24        0.38      0.34     0.24  0.23      0.05  0.08   0.07 -0.06  0.02 -0.12  0.11 -0.06        -0.02  0.18
DAX          0.73  1.00      0.71  0.80      0.65   0.43     0.57         0.56   0.59     0.30    0.21     0.34  0.25       -0.01        0.30      0.40     0.27  0.23     -0.07  0.11  -0.04 -0.24 -0.00 -0.13  0.20 -0.16        -0.00  0.22
EU-BASIC     0.72  0.71      1.00  0.68      0.70   0.32     0.54         0.60   0.52     0.21    0.18     0.20  0.32        0.21        0.39      0.42     0.34  0.37      0.13  0.22   0.16 -0.25 -0.18  0.12  0.30 -0.03         0.14  0.46
MIB          0.73  0.80      0.68  1.00      0.66   0.39     0.47         0.56   0.56     0.16    0.13     0.23  0.28        0.14        0.36      0.26     0.22  0.19     -0.05  0.11  -0.03 -0.24 -0.08 -0.15  0.13 -0.14        -0.00  0.18
MSCIEAFA     0.60  0.65      0.70  0.66      1.00   0.40     0.65         0.76   0.57     0.16    0.19     0.12  0.39        0.04        0.42      0.40     0.28  0.37      0.03  0.22   0.11 -0.19 -0.07  0.26  0.48  0.13         0.29  0.56
MUMMY        0.35  0.43      0.32  0.39      0.40   1.00     0.36         0.34   0.59     0.06    0.18     0.07  0.10        0.26        0.15      0.22     0.30  0.06      0.07  0.22   0.02 -0.01  0.01 -0.01  0.02 -0.20        -0.02  0.15
RUSSELL      0.64  0.57      0.54  0.47      0.65   0.36     1.00         0.81   0.49     0.10    0.04     0.28  0.35        0.08        0.36      0.23     0.38  0.28      0.05  0.07   0.13  0.03  0.06  0.01  0.16 -0.06         0.08  0.23
SP500_micro  0.62  0.56      0.60  0.56      0.76   0.34     0.81         1.00   0.47     0.01    0.10     0.28  0.38        0.13        0.41      0.37     0.24  0.23      0.12  0.11   0.18 -0.03  0.09  0.13  0.19 -0.06         0.20  0.35
TOPIX        0.46  0.59      0.52  0.56      0.57   0.59     0.49         0.47   1.00     0.08    0.32    -0.06  0.21        0.10        0.27      0.09     0.23  0.15     -0.07  0.12  -0.09 -0.09 -0.12 -0.23  0.03 -0.38        -0.20  0.12
LIVECOW      0.14  0.30      0.21  0.16      0.16   0.06     0.10         0.01   0.08     1.00    0.23     0.04 -0.03       -0.01       -0.03      0.03     0.14  0.13     -0.18  0.05  -0.16 -0.29  0.08  0.14  0.18 -0.11         0.11  0.12
YENEUR       0.01  0.21      0.18  0.13      0.19   0.18     0.04         0.10   0.32     0.23    1.00    -0.15  0.02        0.05        0.08     -0.00     0.18  0.29     -0.05 -0.03  -0.02 -0.51 -0.27  0.05  0.07 -0.66        -0.13  0.07
BITCOIN      0.33  0.34      0.20  0.23      0.12   0.07     0.28         0.28  -0.06     0.04   -0.15     1.00  0.08       -0.02        0.12      0.46     0.03  0.03     -0.05 -0.09  -0.04 -0.07  0.04  0.06  0.12  0.18         0.14  0.12
BRE          0.32  0.25      0.32  0.28      0.39   0.10     0.35         0.38   0.21    -0.03    0.02     0.08  1.00        0.20        0.36      0.31     0.12  0.43      0.20  0.14   0.27 -0.13 -0.17  0.24  0.36  0.20         0.31  0.41
BRENT-LAST   0.24 -0.01      0.21  0.14      0.04   0.26     0.08         0.13   0.10    -0.01    0.05    -0.02  0.20        1.00        0.14      0.03     0.24  0.09      0.33  0.10   0.30 -0.02 -0.16  0.09 -0.12 -0.14        -0.11  0.08
FTSECHINAA   0.38  0.30      0.39  0.36      0.42   0.15     0.36         0.41   0.27    -0.03    0.08     0.12  0.36        0.14        1.00      0.45     0.09  0.25      0.12 -0.10   0.13 -0.08  0.10  0.10  0.18  0.03         0.12  0.19
HANGTECH     0.34  0.40      0.42  0.26      0.40   0.22     0.23         0.37   0.09     0.03   -0.00     0.46  0.31        0.03        0.45      1.00     0.09  0.18      0.09 -0.06   0.15 -0.22 -0.06  0.37  0.34  0.27         0.26  0.41
LEANHOG      0.24  0.27      0.34  0.22      0.28   0.30     0.38         0.24   0.23     0.14    0.18     0.03  0.12        0.24        0.09      0.09     1.00  0.22      0.15  0.21   0.19 -0.15 -0.16  0.05  0.13 -0.08         0.04  0.22
MXP          0.23  0.23      0.37  0.19      0.37   0.06     0.28         0.23   0.15     0.13    0.29     0.03  0.43        0.09        0.25      0.18     0.22  1.00      0.06  0.00   0.13 -0.24 -0.14  0.33  0.44  0.09         0.21  0.40
REDWHEAT     0.05 -0.07      0.13 -0.05      0.03   0.07     0.05         0.12  -0.07    -0.18   -0.05    -0.05  0.20        0.33        0.12      0.09     0.15  0.06      1.00  0.16   0.92  0.05 -0.18  0.25 -0.01  0.06         0.19  0.23
RICE         0.08  0.11      0.22  0.11      0.22   0.22     0.07         0.11   0.12     0.05   -0.03    -0.09  0.14        0.10       -0.10     -0.06     0.21  0.00      0.16  1.00   0.14 -0.01  0.05  0.05  0.08  0.09         0.12  0.25
WHEAT        0.07 -0.04      0.16 -0.03      0.11   0.02     0.13         0.18  -0.09    -0.16   -0.02    -0.04  0.27        0.30        0.13      0.15     0.19  0.13      0.92  0.14   1.00  0.00 -0.23  0.31  0.00  0.07         0.25  0.29
BUND        -0.06 -0.24     -0.25 -0.24     -0.19  -0.01     0.03        -0.03  -0.09    -0.29   -0.51    -0.07 -0.13       -0.02       -0.08     -0.22    -0.15 -0.24      0.05 -0.01   0.00  1.00  0.35 -0.14 -0.19  0.17        -0.04 -0.15
KR10         0.02 -0.00     -0.18 -0.08     -0.07   0.01     0.06         0.09  -0.12     0.08   -0.27     0.04 -0.17       -0.16        0.10     -0.06    -0.16 -0.14     -0.18  0.05  -0.23  0.35  1.00 -0.08  0.03  0.16         0.06 -0.07
CAD         -0.12 -0.13      0.12 -0.15      0.26  -0.01     0.01         0.13  -0.23     0.14    0.05     0.06  0.24        0.09        0.10      0.37     0.05  0.33      0.25  0.05   0.31 -0.14 -0.08  1.00  0.57  0.46         0.58  0.70
GBP          0.11  0.20      0.30  0.13      0.48   0.02     0.16         0.19   0.03     0.18    0.07     0.12  0.36       -0.12        0.18      0.34     0.13  0.44     -0.01  0.08   0.00 -0.19  0.03  0.57  1.00  0.59         0.59  0.76
JPY         -0.06 -0.16     -0.03 -0.14      0.13  -0.20    -0.06        -0.06  -0.38    -0.11   -0.66     0.18  0.20       -0.14        0.03      0.27    -0.08  0.09      0.06  0.09   0.07  0.17  0.16  0.46  0.59  1.00         0.58  0.50
KRWUSD_mini -0.02 -0.00      0.14 -0.00      0.29  -0.02     0.08         0.20  -0.20     0.11   -0.13     0.14  0.31       -0.11        0.12      0.26     0.04  0.21      0.19  0.12   0.25 -0.04  0.06  0.58  0.59  0.58         1.00  0.64
NZD          0.18  0.22      0.46  0.18      0.56   0.15     0.23         0.35   0.12     0.12    0.07     0.12  0.41        0.08        0.19      0.41     0.22  0.40      0.23  0.25   0.29 -0.15 -0.07  0.70  0.76  0.50         0.64  1.00


********************************************************************************
                                 END OF REPORT                                  
********************************************************************************


