
********************************************************************************
                    Risk report produced on 06/03/2025 22:53                    
********************************************************************************


Total risk across all strategies, annualised percentage 10.3
Percentage of capital used for margin 70.4%

========================================
Risk per strategy, annualised percentage
========================================

                  risk
dynamic_TF_carry  10.3


===================
Risk by asset class
===================

Ags       3.4
Bond      1.1
Equity    6.4
FX        3.1
Metals    1.2
OilGas    2.2
Vol       2.4
dtype: float64


=====================================================
Beta loadings of asset class positions on asset class
=====================================================

OilGas   -0.09
Vol      -0.06
Metals   -0.05
Bond     -0.05
FX       -0.00
Ags       0.03
Equity    0.34
dtype: float64


========================================================
Beta loadings of full portfolio positions on asset class
========================================================

Vol      -0.10
OilGas   -0.09
Bond      0.00
Metals    0.05
FX        0.07
Ags       0.09
Equity    0.53
dtype: float64


==================================================================================================================================================================================================================================================================
                                                                                                                         Instrument risk                                                                                                                          
==================================================================================================================================================================================================================================================================

              daily_price_stdev  annual_price_stdev     price  daily_perc_stdev  annual_perc_stdev  point_size_base  contract_exposure  daily_risk_per_contract  annual_risk_per_contract  position  capital  exposure_held_perc_capital  annual_risk_perc_capital
CHF                       0.005               0.084      1.13              0.46                7.4          96897.7             109833                      505                      8092        -2   584951                       -37.6                      -2.8
LEANHOG                   1.565              25.035     97.00              1.61               25.8            310.1              30077                      485                      7762        -2   584951                       -10.3                      -2.7
VIX                       0.566               9.060     21.50              2.63               42.1            775.2              16666                      438                      7023        -2   584951                        -5.7                      -2.4
BRENT-LAST                1.054              16.857     69.10              1.52               24.4            775.2              53565                      816                     13067        -1   584951                        -9.2                      -2.2
BTP                       0.671              10.742    116.00              0.58                9.3            837.4              97139                      562                      8995        -1   584951                       -16.6                      -1.5
RUSSELL                  23.846             381.530   2071.30              1.15               18.4              3.9               8028                       92                      1478        -5   584951                        -6.9                      -1.3
SP500_micro              51.065             817.033   5727.50              0.89               14.3              3.9              22199                      197                      3166        -2   584951                        -7.6                      -1.1
BITCOIN                2304.932           36878.918  89970.00              2.56               41.0              0.1               6974                      178                      2858        -2   584951                        -2.4                      -1.0
COPPER-micro              0.073               1.173      4.80              1.53               24.4           1938.0               9294                      142                      2272        -2   584951                        -3.2                      -0.8
CAD                       0.003               0.041      0.70              0.37                5.9          77518.2              54208                      199                      3199        -1   584951                        -9.3                      -0.5
DOW                     325.871            5213.941  42524.00              0.77               12.3              0.4              16481                      126                      2020        -1   584951                        -2.8                      -0.3
EUR_micro                 0.006               0.100      1.09              0.57                9.2           9689.8              10520                       60                       965        -1   584951                        -1.8                      -0.2
MUMMY                     8.461             135.370    634.00              1.33               21.4              5.2               3303                       44                       705         1   584951                         0.6                       0.1
TOPIX                    20.784             332.545   2754.00              0.75               12.1              5.2              14351                      108                      1732         2   584951                         4.9                       0.6
CAD10                     0.594               9.511    123.36              0.48                7.7            540.7              66703                      321                      5143         1   584951                        11.4                       0.9
MSCISING                  3.486              55.780    408.45              0.85               13.7             58.2              23762                      202                      3245         3   584951                        12.2                       1.7
SMI                      91.827            1469.235  13018.00              0.71               11.3              8.7             113363                      799                     12794         1   584951                        19.4                       2.2
FEEDCOW                   2.344              37.507    273.77              0.86               13.7            387.6             106112                      908                     14537         1   584951                        18.1                       2.5
GBP                       0.006               0.095      1.29              0.46                7.4          48448.9              62460                      286                      4591         4   584951                        42.7                       3.1
MIB                     397.181            6354.899  38865.00              1.02               16.4              4.2             162730                     1663                     26608         1   584951                        27.8                       4.5

Sum of abs(notional exposure % capital) 250.5
Sum of abs(annualised risk % capital) 32.4
Net sum of annualised risk % capital -1.2 

=================================================================================================================================================================================
                                                                                  Correlations                                                                                   
=================================================================================================================================================================================

               CAD  COPPER-micro  EUR_micro   GBP   BTP  CAD10   CHF  BRENT-LAST  FEEDCOW  BITCOIN   DOW  LEANHOG   MIB  MSCISING  MUMMY  RUSSELL   SMI  SP500_micro  TOPIX   VIX
CAD           1.00          0.47       0.45  0.43  0.20   0.08  0.38        0.32    -0.10    -0.03  0.25     0.15  0.29      0.23   0.25     0.26  0.22         0.30   0.07 -0.27
COPPER-micro  0.47          1.00       0.40  0.33  0.05  -0.11  0.16        0.38     0.02    -0.14  0.12     0.10  0.37      0.18   0.20     0.10  0.16         0.18   0.05 -0.13
EUR_micro     0.45          0.40       1.00  0.76  0.25   0.28  0.60        0.06     0.01    -0.06 -0.04    -0.12  0.29      0.03  -0.01     0.03  0.36         0.02   0.01  0.05
GBP           0.43          0.33       0.76  1.00  0.34   0.38  0.44       -0.00     0.05     0.03  0.10    -0.16  0.41      0.27   0.24     0.19  0.47         0.19   0.31 -0.10
BTP           0.20          0.05       0.25  0.34  1.00   0.69  0.29       -0.22    -0.13     0.28  0.29    -0.05  0.21      0.21   0.06     0.32  0.33         0.25   0.02 -0.11
CAD10         0.08         -0.11       0.28  0.38  0.69   1.00  0.47       -0.37    -0.29     0.10  0.03    -0.25 -0.06      0.01  -0.09     0.03  0.27        -0.04  -0.18  0.07
CHF           0.38          0.16       0.60  0.44  0.29   0.47  1.00       -0.25    -0.24    -0.23 -0.08    -0.02 -0.10     -0.24  -0.25    -0.13  0.10        -0.12  -0.41  0.24
BRENT-LAST    0.32          0.38       0.06 -0.00 -0.22  -0.37 -0.25        1.00     0.32    -0.01  0.06     0.08  0.12     -0.00   0.11     0.14 -0.05         0.17   0.10 -0.07
FEEDCOW      -0.10          0.02       0.01  0.05 -0.13  -0.29 -0.24        0.32     1.00     0.07  0.23     0.11  0.28      0.14   0.22     0.16  0.20         0.17   0.30 -0.18
BITCOIN      -0.03         -0.14      -0.06  0.03  0.28   0.10 -0.23       -0.01     0.07     1.00  0.39     0.13  0.21      0.38   0.20     0.48  0.20         0.42   0.20 -0.38
DOW           0.25          0.12      -0.04  0.10  0.29   0.03 -0.08        0.06     0.23     0.39  1.00     0.38  0.42      0.54   0.49     0.86  0.48         0.82   0.37 -0.69
LEANHOG       0.15          0.10      -0.12 -0.16 -0.05  -0.25 -0.02        0.08     0.11     0.13  0.38     1.00  0.10      0.10   0.18     0.35  0.12         0.32   0.03 -0.24
MIB           0.29          0.37       0.29  0.41  0.21  -0.06 -0.10        0.12     0.28     0.21  0.42     0.10  1.00      0.51   0.55     0.48  0.60         0.48   0.51 -0.46
MSCISING      0.23          0.18       0.03  0.27  0.21   0.01 -0.24       -0.00     0.14     0.38  0.54     0.10  0.51      1.00   0.58     0.56  0.41         0.60   0.59 -0.53
MUMMY         0.25          0.20      -0.01  0.24  0.06  -0.09 -0.25        0.11     0.22     0.20  0.49     0.18  0.55      0.58   1.00     0.47  0.41         0.49   0.68 -0.46
RUSSELL       0.26          0.10       0.03  0.19  0.32   0.03 -0.13        0.14     0.16     0.48  0.86     0.35  0.48      0.56   0.47     1.00  0.38         0.76   0.41 -0.60
SMI           0.22          0.16       0.36  0.47  0.33   0.27  0.10       -0.05     0.20     0.20  0.48     0.12  0.60      0.41   0.41     0.38  1.00         0.45   0.37 -0.31
SP500_micro   0.30          0.18       0.02  0.19  0.25  -0.04 -0.12        0.17     0.17     0.42  0.82     0.32  0.48      0.60   0.49     0.76  0.45         1.00   0.45 -0.76
TOPIX         0.07          0.05       0.01  0.31  0.02  -0.18 -0.41        0.10     0.30     0.20  0.37     0.03  0.51      0.59   0.68     0.41  0.37         0.45   1.00 -0.44
VIX          -0.27         -0.13       0.05 -0.10 -0.11   0.07  0.24       -0.07    -0.18    -0.38 -0.69    -0.24 -0.46     -0.53  -0.46    -0.60 -0.31        -0.76  -0.44  1.00


********************************************************************************
                                 END OF REPORT                                  
********************************************************************************


