
********************************************************************************
               Risk report produced on 2021-10-27 20:57:08.975955               
********************************************************************************


Total risk across all strategies, annualised percentage 28.8

========================================
Risk per strategy, annualised percentage
========================================

                  risk
dynamic_TF_carry  28.8


=================================================================================================================================================================================================================================================================
                                                                                                                         Instrument risk                                                                                                                         
=================================================================================================================================================================================================================================================================

             daily_price_stdev  annual_price_stdev    price  daily_perc_stdev  annual_perc_stdev  point_size_base  contract_exposure  daily_risk_per_contract  annual_risk_per_contract  position   capital  exposure_held_perc_capital  annual_risk_perc_capital
BUND                       0.5                 7.9    169.8               0.3                4.7            845.7           143559.9                    417.2                    6675.5      -2.0  384208.4                       -74.7                      -3.5
VIX                        0.6                 9.1     22.2               2.6               41.1            729.3            16189.5                    416.2                    6658.6      -2.0  384208.4                        -8.4                      -3.5
US20                       0.9                14.9    161.1               0.6                9.2            729.3           117478.6                    679.0                   10864.4      -1.0  384208.4                       -30.6                      -2.8
GAS_US_mini                0.3                 4.4      6.1               4.5               71.3           1823.1            11175.9                    497.8                    7965.2      -1.0  384208.4                        -2.9                      -2.1
BTP                        0.5                 8.1    151.7               0.3                5.3            845.7           128287.2                    426.8                    6828.2      -1.0  384208.4                       -33.4                      -1.8
GBPEUR                     0.0                 0.0      0.8               0.3                4.9         125000.0           105618.8                    323.5                    5175.4      -1.0  384208.4                       -27.5                      -1.3
LIVECOW                    1.1                17.0    131.4               0.8               13.0            291.7            38344.3                    310.7                    4970.4      -1.0  384208.4                       -10.0                      -1.3
JPY                        0.0                 0.0      0.0               0.4                5.9        9115703.8            80163.5                    293.7                    4699.9      -1.0  384208.4                       -20.9                      -1.2
EUR                        0.0                 0.0      1.2               0.2                4.0          91157.0           105956.4                    263.2                    4211.1      -1.0  384208.4                       -27.6                      -1.1
KR10                       0.4                 6.1    121.7               0.3                5.0            622.9            75778.7                    237.9                    3806.8      -1.0  384208.4                       -19.7                      -1.0
BOBL                       0.2                 3.3    134.4               0.2                2.4            845.7           113657.2                    173.3                    2773.5      -1.0  384208.4                       -29.6                      -0.7
BRE                        0.0                 0.0      0.2               0.9               14.2          72925.6            12988.1                    115.3                    1845.6      -1.0  384208.4                        -3.4                      -0.5
US5                        0.2                 2.9    122.0               0.1                2.4            729.3            88946.5                    132.2                    2115.3       1.0  384208.4                        23.2                       0.6
EDOLLAR                    0.0                 0.7     98.4               0.0                0.7           1823.1           179415.3                     80.4                    1286.9       2.0  384208.4                        93.4                       0.7
EU-OIL                     2.8                44.2    294.7               0.9               15.0             42.3            12460.9                    116.8                    1869.1       2.0  384208.4                         6.5                       1.0
NIKKEI                   368.8              5901.3  28860.0               1.3               20.4              0.6            18506.8                    236.5                    3784.3       1.0  384208.4                         4.8                       1.0
US10                       0.3                 5.3    131.2               0.3                4.0            729.3            95669.3                    241.7                    3867.7       1.0  384208.4                        24.9                       1.0
NZD                        0.0                 0.1      0.7               0.5                8.2          72925.6            52357.0                    268.4                    4293.8       1.0  384208.4                        13.6                       1.1
DAX                      116.0              1855.6  15703.0               0.7               11.8              0.8            13279.5                     98.1                    1569.2       4.0  384208.4                        13.8                       1.6
SOYBEAN                   11.4               182.5   1237.0               0.9               14.8             36.5            45104.5                    415.9                    6655.0       1.0  384208.4                        11.7                       1.7
PLAT                      19.7               314.9   1018.2               1.9               30.9             36.5            37126.4                    717.5                   11480.4       1.0  384208.4                         9.7                       3.0
BRENT-LAST                 1.1                17.1     83.7               1.3               20.4            729.3            61046.0                    777.2                   12435.5       1.0  384208.4                        15.9                       3.2
FTSECHINAA               202.7              3243.9  15847.0               1.3               20.5              0.7            11556.5                    147.9                    2365.6       6.0  384208.4                        18.0                       3.7
HEATOIL                    0.0                 0.5      2.5               1.4               21.7          30628.8            76192.1                   1032.0                   16512.7       1.0  384208.4                        19.8                       4.3
AEX                        6.2                98.6    815.8               0.8               12.1            169.1           137970.1                   1042.4                   16678.8       1.0  384208.4                        35.9                       4.3
BITCOIN                 2456.0             39296.0  58905.0               4.2               66.7              0.1             4295.7                    179.1                    2865.7       6.0  384208.4                         6.7                       4.5
SP400                     23.0               368.4   2767.3               0.8               13.3             72.9           201807.1                   1679.3                   26869.0       1.0  384208.4                        52.5                       7.0

Sum of abs(notional exposure % capital) 639.1
Sum of abs(annualised risk % capital) 59.5
Net sum of annualised risk % capital 17.9 

======================================================================================================================================================================================================================
                                                                                                     Correlations                                                                                                     
======================================================================================================================================================================================================================

              AEX  BITCOIN  BOBL   BRE  BRENT-LAST   BTP  BUND   DAX  EDOLLAR  EU-OIL   EUR  FTSECHINAA  GAS_US_mini  GBPEUR  HEATOIL   JPY  KR10  LIVECOW  NIKKEI   NZD  PLAT  SOYBEAN  SP400  US10  US20   US5   VIX
AEX          1.00     0.29 -0.23  0.25        0.24  0.45 -0.18  0.81    -0.36    0.71  0.12        0.38         0.01   -0.37     0.36 -0.24  0.15     0.37    0.63  0.38  0.33     0.12   0.73 -0.36 -0.34 -0.40 -0.69
BITCOIN      0.29     1.00 -0.17  0.03        0.24  0.34 -0.13  0.31    -0.10    0.34 -0.00        0.09        -0.12   -0.13     0.23 -0.14 -0.03     0.29    0.25  0.11  0.32     0.15   0.32 -0.20 -0.24 -0.17 -0.23
BOBL        -0.23    -0.17  1.00 -0.07       -0.38  0.19  0.90 -0.19     0.54   -0.32  0.18       -0.25         0.02    0.05    -0.23  0.47  0.28    -0.03   -0.15 -0.05  0.03    -0.03  -0.07  0.62  0.55  0.61  0.12
BRE          0.25     0.03 -0.07  1.00        0.12  0.09 -0.10  0.35     0.02    0.20  0.39        0.17        -0.03   -0.09     0.39  0.04 -0.13    -0.02    0.23  0.49  0.19     0.25   0.40 -0.01 -0.09  0.02 -0.25
BRENT-LAST   0.24     0.24 -0.38  0.12        1.00 -0.14 -0.50  0.42    -0.20    0.62  0.09        0.05         0.22   -0.13     0.87 -0.28 -0.03     0.11    0.10  0.15  0.26     0.13   0.39 -0.33 -0.44 -0.20 -0.29
BTP          0.45     0.34  0.19  0.09       -0.14  1.00  0.29  0.34     0.19    0.22 -0.01       -0.06        -0.10   -0.08     0.06  0.06  0.14     0.36    0.29  0.01  0.03     0.13   0.31  0.14  0.09  0.12 -0.10
BUND        -0.18    -0.13  0.90 -0.10       -0.50  0.29  1.00 -0.16     0.51   -0.36  0.15       -0.28        -0.09    0.05    -0.30  0.45  0.41     0.01   -0.12 -0.06 -0.01    -0.05  -0.09  0.67  0.70  0.56  0.15
DAX          0.81     0.31 -0.19  0.35        0.42  0.34 -0.16  1.00    -0.28    0.69  0.32        0.38         0.06   -0.35     0.48 -0.12  0.11     0.29    0.62  0.53  0.45     0.24   0.86 -0.32 -0.34 -0.34 -0.76
EDOLLAR     -0.36    -0.10  0.54  0.02       -0.20  0.19  0.51 -0.28     1.00   -0.47  0.32       -0.19         0.01    0.19    -0.22  0.66  0.13    -0.09   -0.22  0.02  0.03     0.09  -0.17  0.88  0.65  0.90  0.46
EU-OIL       0.71     0.34 -0.32  0.20        0.62  0.22 -0.36  0.69    -0.47    1.00  0.03        0.31         0.06   -0.37     0.61 -0.37 -0.08     0.26    0.42  0.30  0.34     0.20   0.64 -0.54 -0.55 -0.52 -0.67
EUR          0.12    -0.00  0.18  0.39        0.09 -0.01  0.15  0.32     0.32    0.03  1.00        0.18         0.07    0.05     0.08  0.55  0.10    -0.17    0.30  0.70  0.47     0.21   0.41  0.33  0.21  0.37 -0.21
FTSECHINAA   0.38     0.09 -0.25  0.17        0.05 -0.06 -0.28  0.38    -0.19    0.31  0.18        1.00         0.21   -0.31     0.16 -0.09 -0.27    -0.01    0.41  0.34  0.41     0.19   0.41 -0.18 -0.20 -0.18 -0.42
GAS_US_mini  0.01    -0.12  0.02 -0.03        0.22 -0.10 -0.09  0.06     0.01    0.06  0.07        0.21         1.00   -0.22     0.12  0.04 -0.04    -0.15    0.02  0.14  0.09     0.05   0.12 -0.04 -0.10  0.03 -0.15
GBPEUR      -0.37    -0.13  0.05 -0.09       -0.13 -0.08  0.05 -0.35     0.19   -0.37  0.05       -0.31        -0.22    1.00    -0.26  0.11  0.04    -0.03   -0.28 -0.30 -0.21    -0.14  -0.42  0.19  0.17  0.22  0.31
HEATOIL      0.36     0.23 -0.23  0.39        0.87  0.06 -0.30  0.48    -0.22    0.61  0.08        0.16         0.12   -0.26     1.00 -0.26 -0.06     0.13    0.24  0.25  0.28     0.26   0.46 -0.33 -0.44 -0.26 -0.39
JPY         -0.24    -0.14  0.47  0.04       -0.28  0.06  0.45 -0.12     0.66   -0.37  0.55       -0.09         0.04    0.11    -0.26  1.00  0.21    -0.20   -0.07  0.30  0.07     0.07  -0.01  0.70  0.59  0.68  0.30
KR10         0.15    -0.03  0.28 -0.13       -0.03  0.14  0.41  0.11     0.13   -0.08  0.10       -0.27        -0.04    0.04    -0.06  0.21  1.00     0.05   -0.08 -0.04 -0.05    -0.15  -0.00  0.27  0.32  0.17 -0.08
LIVECOW      0.37     0.29 -0.03 -0.02        0.11  0.36  0.01  0.29    -0.09    0.26 -0.17       -0.01        -0.15   -0.03     0.13 -0.20  0.05     1.00    0.14 -0.15  0.03    -0.06   0.27 -0.12 -0.13 -0.13 -0.17
NIKKEI       0.63     0.25 -0.15  0.23        0.10  0.29 -0.12  0.62    -0.22    0.42  0.30        0.41         0.02   -0.28     0.24 -0.07 -0.08     0.14    1.00  0.54  0.36     0.15   0.64 -0.20 -0.18 -0.21 -0.51
NZD          0.38     0.11 -0.05  0.49        0.15  0.01 -0.06  0.53     0.02    0.30  0.70        0.34         0.14   -0.30     0.25  0.30 -0.04    -0.15    0.54  1.00  0.48     0.30   0.64  0.00 -0.08  0.02 -0.42
PLAT         0.33     0.32  0.03  0.19        0.26  0.03 -0.01  0.45     0.03    0.34  0.47        0.41         0.09   -0.21     0.28  0.07 -0.05     0.03    0.36  0.48  1.00     0.27   0.55 -0.01 -0.09 -0.00 -0.45
SOYBEAN      0.12     0.15 -0.03  0.25        0.13  0.13 -0.05  0.24     0.09    0.20  0.21        0.19         0.05   -0.14     0.26  0.07 -0.15    -0.06    0.15  0.30  0.27     1.00   0.25 -0.03 -0.14  0.03 -0.09
SP400        0.73     0.32 -0.07  0.40        0.39  0.31 -0.09  0.86    -0.17    0.64  0.41        0.41         0.12   -0.42     0.46 -0.01 -0.00     0.27    0.64  0.64  0.55     0.25   1.00 -0.23 -0.29 -0.21 -0.70
US10        -0.36    -0.20  0.62 -0.01       -0.33  0.14  0.67 -0.32     0.88   -0.54  0.33       -0.18        -0.04    0.19    -0.33  0.70  0.27    -0.12   -0.20  0.00 -0.01    -0.03  -0.23  1.00  0.90  0.90  0.43
US20        -0.34    -0.24  0.55 -0.09       -0.44  0.09  0.70 -0.34     0.65   -0.55  0.21       -0.20        -0.10    0.17    -0.44  0.59  0.32    -0.13   -0.18 -0.08 -0.09    -0.14  -0.29  0.90  1.00  0.72  0.40
US5         -0.40    -0.17  0.61  0.02       -0.20  0.12  0.56 -0.34     0.90   -0.52  0.37       -0.18         0.03    0.22    -0.26  0.68  0.17    -0.13   -0.21  0.02 -0.00     0.03  -0.21  0.90  0.72  1.00  0.46
VIX         -0.69    -0.23  0.12 -0.25       -0.29 -0.10  0.15 -0.76     0.46   -0.67 -0.21       -0.42        -0.15    0.31    -0.39  0.30 -0.08    -0.17   -0.51 -0.42 -0.45    -0.09  -0.70  0.43  0.40  0.46  1.00


********************************************************************************
                               END OF RISK REPORT                               
********************************************************************************


