
********************************************************************************
                    Risk report produced on 02/11/2023 22:52                    
********************************************************************************


Total risk across all strategies, annualised percentage 13.3
Percentage of capital used for margin 53.8%

========================================
Risk per strategy, annualised percentage
========================================

                  risk
dynamic_TF_carry  13.3


===================
Risk by asset class
===================

Ags       2.0
Bond      6.1
Equity    4.6
FX        6.0
Metals    0.4
Sector    3.0
dtype: float64


=====================================================
Beta loadings of asset class positions on asset class
=====================================================

FX       -0.82
Bond     -0.52
Equity   -0.28
Metals   -0.00
Ags       0.06
Sector    0.16
dtype: float64


========================================================
Beta loadings of full portfolio positions on asset class
========================================================

FX       -1.23
Bond     -0.79
Equity   -0.32
Metals   -0.18
Ags       0.07
Sector    0.10
dtype: float64


==================================================================================================================================================================================================================================================================
                                                                                                                         Instrument risk                                                                                                                          
==================================================================================================================================================================================================================================================================

              daily_price_stdev  annual_price_stdev     price  daily_perc_stdev  annual_perc_stdev  point_size_base  contract_exposure  daily_risk_per_contract  annual_risk_per_contract  position  capital  exposure_held_perc_capital  annual_risk_perc_capital
US20                      1.225              19.604    112.59              1.09               17.4            821.2              92464                     1006                     16099        -1   387164                       -23.9                      -4.2
DAX                     142.263            2276.203  15218.00              0.93               15.0              0.9              13245                      123                      1981        -6   387164                       -20.5                      -3.1
BUND                      0.649              10.388    129.84              0.50                8.0            870.4             113014                      565                      9041        -1   387164                       -29.2                      -2.3
CHF                       0.005               0.081      1.11              0.45                7.3         102652.5             113831                      516                      8264        -1   387164                       -29.4                      -2.1
JPY                       0.000               0.001      0.01              0.58                9.3       10265254.2              68659                      400                      6408        -1   387164                       -17.7                      -1.7
RUSSELL                  23.858             381.721   1720.00              1.39               22.2              4.1               7062                       97                      1567        -4   387164                        -7.3                      -1.6
AUD                       0.004               0.067      0.64              0.65               10.4          82122.0              52886                      343                      5500        -1   387164                       -13.7                      -1.4
NASDAQ_micro            196.506            3144.099  14977.00              1.31               21.0              1.6              24598                      322                      5163        -1   387164                        -6.4                      -1.3
NZD                       0.004               0.059      0.59              0.62               10.0          82122.0              48410                      301                      4821        -1   387164                       -12.5                      -1.2
GBP                       0.006               0.094      1.22              0.48                7.7          51326.3              62648                      300                      4813        -1   387164                       -16.2                      -1.2
EURO600                   3.940              63.033    444.20              0.89               14.2             43.5              19331                      171                      2743        -1   387164                        -5.0                      -0.7
COPPER-micro              0.040               0.643      3.69              1.09               17.4           2053.1               7572                       82                      1320        -1   387164                        -2.0                      -0.3
BITCOIN                 861.159           13778.548  35310.00              2.44               39.0              0.1               2899                       70                      1131         1   387164                         0.7                       0.3
MXP                       0.000               0.007      0.06              0.79               12.6         410610.2              23252                      183                      2935         2   387164                        12.0                       1.5
LEANHOG                   1.474              23.580     76.03              1.94               31.0            328.5              24973                      484                      7745         1   387164                         6.5                       2.0
NIKKEI                  386.179            6178.862  31930.00              1.21               19.4              0.5              17435                      210                      3373         3   387164                        13.5                       2.6
EU-OIL                    4.178              66.846    365.70              1.14               18.3             43.5              15915                      181                      2909         4   387164                        16.4                       3.0

Sum of abs(notional exposure % capital) 232.9
Sum of abs(annualised risk % capital) 30.5
Net sum of annualised risk % capital -11.7 

==================================================================================================================================================
                                                                   Correlations                                                                   
==================================================================================================================================================

              BUND   CHF   JPY  US20  BITCOIN   AUD  COPPER-micro   DAX  EURO600   GBP  NASDAQ_micro   NZD  RUSSELL  EU-OIL   MXP  NIKKEI  LEANHOG
BUND          1.00  0.40  0.32  0.72     0.31  0.42          0.22  0.26     0.34  0.49          0.40  0.39     0.26   -0.03  0.17    0.09     0.06
CHF           0.40  1.00  0.55  0.63     0.19  0.62          0.38  0.33     0.30  0.67          0.40  0.55     0.28    0.05  0.22    0.06     0.07
JPY           0.32  0.55  1.00  0.41     0.06  0.39          0.27  0.04     0.03  0.36          0.10  0.37     0.08   -0.10  0.05   -0.31    -0.02
US20          0.72  0.63  0.41  1.00     0.23  0.49          0.24  0.28     0.33  0.50          0.37  0.46     0.28    0.03  0.22    0.18     0.19
BITCOIN       0.31  0.19  0.06  0.23     1.00  0.22          0.22  0.15     0.14  0.23          0.34  0.14     0.18   -0.09  0.04    0.06    -0.15
AUD           0.42  0.62  0.39  0.49     0.22  1.00          0.62  0.54     0.59  0.69          0.52  0.85     0.53    0.34  0.42    0.35     0.26
COPPER-micro  0.22  0.38  0.27  0.24     0.22  0.62          1.00  0.33     0.33  0.52          0.30  0.52     0.40    0.26  0.25    0.22     0.18
DAX           0.26  0.33  0.04  0.28     0.15  0.54          0.33  1.00     0.92  0.52          0.72  0.52     0.75    0.48  0.48    0.71     0.15
EURO600       0.34  0.30  0.03  0.33     0.14  0.59          0.33  0.92     1.00  0.49          0.71  0.55     0.80    0.63  0.46    0.72     0.20
GBP           0.49  0.67  0.36  0.50     0.23  0.69          0.52  0.52     0.49  1.00          0.50  0.71     0.46    0.21  0.33    0.27     0.22
NASDAQ_micro  0.40  0.40  0.10  0.37     0.34  0.52          0.30  0.72     0.71  0.50          1.00  0.40     0.78    0.27  0.34    0.64     0.02
NZD           0.39  0.55  0.37  0.46     0.14  0.85          0.52  0.52     0.55  0.71          0.40  1.00     0.45    0.28  0.27    0.27     0.30
RUSSELL       0.26  0.28  0.08  0.28     0.18  0.53          0.40  0.75     0.80  0.46          0.78  0.45     1.00    0.47  0.39    0.66     0.20
EU-OIL       -0.03  0.05 -0.10  0.03    -0.09  0.34          0.26  0.48     0.63  0.21          0.27  0.28     0.47    1.00  0.22    0.49     0.16
MXP           0.17  0.22  0.05  0.22     0.04  0.42          0.25  0.48     0.46  0.33          0.34  0.27     0.39    0.22  1.00    0.38     0.24
NIKKEI        0.09  0.06 -0.31  0.18     0.06  0.35          0.22  0.71     0.72  0.27          0.64  0.27     0.66    0.49  0.38    1.00     0.21
LEANHOG       0.06  0.07 -0.02  0.19    -0.15  0.26          0.18  0.15     0.20  0.22          0.02  0.30     0.20    0.16  0.24    0.21     1.00


********************************************************************************
                                 END OF REPORT                                  
********************************************************************************


