
********************************************************************************
                    Risk report produced on 25/09/2025 22:53                    
********************************************************************************


Total risk across all strategies, annualised percentage 18.4
Percentage of capital used for margin 48.8%

========================================
Risk per strategy, annualised percentage
========================================

                  risk
dynamic_TF_carry  18.4


===================
Risk by asset class
===================

Ags        4.9
Bond       2.7
Equity    10.9
FX         2.6
Metals     4.8
OilGas     2.1
dtype: float64


=====================================================
Beta loadings of asset class positions on asset class
=====================================================

OilGas   -0.05
Metals    0.25
Ags       0.26
FX        0.40
Bond      0.44
Equity    0.83
dtype: float64


========================================================
Beta loadings of full portfolio positions on asset class
========================================================

OilGas   -0.08
Bond      0.36
Metals    0.49
Ags       0.63
Equity    1.03
FX        1.72
dtype: float64


==================================================================================================================================================================================================================================================================
                                                                                                                         Instrument risk                                                                                                                          
==================================================================================================================================================================================================================================================================

             daily_price_stdev  annual_price_stdev      price  daily_perc_stdev  annual_perc_stdev  point_size_base  contract_exposure  daily_risk_per_contract  annual_risk_per_contract  position  capital  exposure_held_perc_capital  annual_risk_perc_capital
DAX                    184.664            2954.623   23668.00              0.78               12.5              0.9              20656                      161                      2578        -8   596578                       -27.7                      -3.5
GAS-PEN                  0.085               1.367       2.90              2.95               47.2           7432.9              21555                      635                     10163        -1   596578                        -3.6                      -1.7
DX                       0.423               6.771      98.20              0.43                6.9            743.3              72990                      314                      5032        -2   596578                       -24.5                      -1.7
JPY                      0.000               0.001       0.01              0.54                8.6        9291089.8              62505                      336                      5387        -1   596578                       -10.5                      -0.9
WHEAT                    6.678             106.848     526.25              1.27               20.3             37.2              19557                      248                      3970        -1   596578                        -3.3                      -0.7
BITCOIN               2329.202           37267.240  110535.00              2.11               33.7              0.1               8215                      173                      2770        -1   596578                        -1.4                      -0.5
GAS_US_mini              0.088               1.407       3.21              2.74               43.8           1858.2               5964                      163                      2614        -1   596578                        -1.0                      -0.4
KRWUSD_mini              0.003               0.056       0.72              0.49                7.8          18582.2              13291                       64                      1039        -2   596578                        -4.5                      -0.3
BRE                      0.001               0.018       0.19              0.60                9.6          74328.7              13832                       82                      1323         1   596578                         2.3                       0.2
MXP                      0.000               0.004       0.05              0.48                7.7         371643.6              19890                       95                      1524         1   596578                         3.3                       0.3
FTSECHINAA             140.881            2254.103   15242.00              0.92               14.8              0.7              11329                      104                      1675         1   596578                         1.9                       0.3
CAD10                    0.364               5.829     122.10              0.30                4.8            534.9              65312                      194                      3118         1   596578                        10.9                       0.5
GOLD_micro              28.468             455.493    3786.60              0.75               12.0              7.4              28145                      211                      3385         1   596578                         4.7                       0.6
NIKKEI                 433.611            6937.780   45495.00              0.95               15.2              0.5              22723                      216                      3465         1   596578                         3.8                       0.6
GBP                      0.006               0.090       1.33              0.42                6.8          46455.4              61980                      262                      4197         1   596578                        10.4                       0.7
OAT                      0.370               5.919     120.75              0.31                4.9            872.7             105384                      322                      5165         1   596578                        17.7                       0.9
YENEUR                   0.613               9.802     174.06              0.35                5.6            624.3             108674                      382                      6119         1   596578                        18.2                       1.0
RUSSELL                 26.645             426.315    2428.30              1.10               17.6              3.7               9024                       99                      1584         4   596578                         6.1                       1.1
TOPIX                   25.100             401.601    3157.00              0.80               12.7              5.0              15768                      125                      2005         4   596578                        10.6                       1.3
US30                     0.853              13.654     119.72              0.71               11.4            743.3              88985                      634                     10148         1   596578                        14.9                       1.7
LEANHOG                  1.091              17.451      88.70              1.23               19.7            297.3              26371                      324                      5188         2   596578                         8.8                       1.7
MSCIEAFA                19.563             313.001    2740.60              0.71               11.4             37.2             101852                      727                     11632         1   596578                        17.1                       1.9
MSCITAIWAN              11.280             180.479    1125.80              1.00               16.0             74.3              83679                      838                     13414         1   596578                        14.0                       2.2
SILVER                   0.593               9.487      45.38              1.31               20.9            743.3              33734                      440                      7051         2   596578                        11.3                       2.4
PLAT                    26.314             421.024    1567.50              1.68               26.9             37.2              58255                      977                     15647         1   596578                         9.8                       2.6
MIB                    330.264            5284.219   42045.00              0.79               12.6              4.4             183472                     1441                     23058         1   596578                        30.8                       3.9
FEEDCOW                  4.044              64.700     351.72              1.15               18.4            371.6             130716                     1502                     24045         1   596578                        21.9                       4.0
AEX                      9.589             153.419     936.55              1.02               16.4            174.5             163473                     1673                     26779         1   596578                        27.4                       4.5

Sum of abs(notional exposure % capital) 322.4
Sum of abs(annualised risk % capital) 42.1
Net sum of annualised risk % capital 22.7 

===============================================================================================================================================================================================================================================
                                                                                                                 Correlations                                                                                                                  
===============================================================================================================================================================================================================================================

             FEEDCOW  YENEUR    DX  GAS-PEN  GAS_US_mini   AEX  BITCOIN   BRE   DAX  FTSECHINAA   MIB  MSCIEAFA  MSCITAIWAN   MXP  NIKKEI  PLAT  RUSSELL  SILVER  TOPIX  CAD10   JPY   OAT  US30   GBP  GOLD_micro  KRWUSD_mini  LEANHOG  WHEAT
FEEDCOW         1.00    0.34  0.14    -0.19        -0.08  0.30     0.16  0.31  0.38        0.38  0.42      0.34        0.25  0.29    0.27  0.26     0.41    0.33   0.35  -0.29 -0.33 -0.34 -0.16  0.04        0.05        -0.08     0.26  -0.13
YENEUR          0.34    1.00  0.05     0.06         0.11  0.18     0.13  0.28  0.17        0.27  0.21      0.16        0.32  0.48    0.44  0.24     0.16    0.27   0.43  -0.46 -0.67 -0.48 -0.38  0.17       -0.02        -0.14     0.05  -0.02
DX              0.14    0.05  1.00     0.25         0.24  0.11     0.04 -0.22 -0.01       -0.07 -0.00     -0.38        0.04 -0.35    0.08 -0.25     0.03   -0.21   0.13  -0.34 -0.73 -0.29 -0.32 -0.79       -0.43        -0.58    -0.11  -0.27
GAS-PEN        -0.19    0.06  0.25     1.00         0.93 -0.00    -0.03  0.06 -0.07       -0.10 -0.06     -0.11        0.01 -0.11   -0.00 -0.17    -0.09    0.01   0.04   0.02 -0.21 -0.10  0.08 -0.21       -0.03        -0.09    -0.05   0.03
GAS_US_mini    -0.08    0.11  0.24     0.93         1.00  0.13     0.07  0.19  0.06        0.01  0.11      0.03        0.11 -0.02    0.06 -0.08     0.02    0.13   0.11  -0.01 -0.24 -0.12  0.08 -0.14        0.07        -0.06     0.03   0.11
AEX             0.30    0.18  0.11    -0.00         0.13  1.00     0.40  0.37  0.81        0.41  0.80      0.75        0.75  0.32    0.62  0.42     0.70    0.48   0.58   0.10 -0.26  0.12  0.16  0.26        0.20         0.12     0.16  -0.01
BITCOIN         0.16    0.13  0.04    -0.03         0.07  0.40     1.00  0.24  0.37        0.13  0.40      0.39        0.37  0.23    0.33  0.20     0.55    0.25   0.36   0.05 -0.18  0.15 -0.05  0.17        0.02        -0.00     0.12  -0.08
BRE             0.31    0.28 -0.22     0.06         0.19  0.37     0.24  1.00  0.35        0.36  0.45      0.49        0.37  0.58    0.35  0.28     0.52    0.43   0.33   0.15 -0.09  0.02  0.32  0.31        0.24         0.11     0.36   0.15
DAX             0.38    0.17 -0.01    -0.07         0.06  0.81     0.37  0.35  1.00        0.37  0.89      0.83        0.61  0.36    0.61  0.34     0.65    0.43   0.64   0.11 -0.15  0.11  0.18  0.37        0.21         0.21     0.19   0.00
FTSECHINAA      0.38    0.27 -0.07    -0.10         0.01  0.41     0.13  0.36  0.37        1.00  0.45      0.46        0.36  0.39    0.31  0.30     0.41    0.39   0.37  -0.08 -0.13 -0.14 -0.03  0.23        0.23         0.04     0.30   0.27
MIB             0.42    0.21 -0.00    -0.06         0.11  0.80     0.40  0.45  0.89        0.45  1.00      0.85        0.68  0.41    0.65  0.34     0.70    0.47   0.69   0.08 -0.19  0.04  0.20  0.37        0.19         0.14     0.23   0.05
MSCIEAFA        0.34    0.16 -0.38    -0.11         0.03  0.75     0.39  0.49  0.83        0.46  0.85      1.00        0.67  0.50    0.61  0.45     0.68    0.55   0.64   0.27  0.10  0.22  0.32  0.67        0.44         0.45     0.28   0.05
MSCITAIWAN      0.25    0.32  0.04     0.01         0.11  0.75     0.37  0.37  0.61        0.36  0.68      0.67        1.00  0.40    0.71  0.46     0.63    0.54   0.67   0.09 -0.27  0.05  0.19  0.31        0.20         0.11     0.08  -0.10
MXP             0.29    0.48 -0.35    -0.11        -0.02  0.32     0.23  0.58  0.36        0.39  0.41      0.50        0.40  1.00    0.34  0.41     0.40    0.47   0.35  -0.04 -0.10  0.04  0.04  0.42        0.29         0.24     0.25   0.19
NIKKEI          0.27    0.44  0.08    -0.00         0.06  0.62     0.33  0.35  0.61        0.31  0.65      0.61        0.71  0.34    1.00  0.18     0.58    0.27   0.93  -0.04 -0.39 -0.05  0.03  0.32        0.02         0.11     0.06  -0.14
PLAT            0.26    0.24 -0.25    -0.17        -0.08  0.42     0.20  0.28  0.34        0.30  0.34      0.45        0.46  0.41    0.18  1.00     0.38    0.67   0.13   0.01 -0.00  0.02  0.03  0.33        0.40         0.26     0.19   0.24
RUSSELL         0.41    0.16  0.03    -0.09         0.02  0.70     0.55  0.52  0.65        0.41  0.70      0.68        0.63  0.40    0.58  0.38     1.00    0.48   0.58   0.10 -0.19  0.10  0.18  0.27        0.18         0.02     0.43  -0.04
SILVER          0.33    0.27 -0.21     0.01         0.13  0.48     0.25  0.43  0.43        0.39  0.47      0.55        0.54  0.47    0.27  0.67     0.48    1.00   0.28   0.11 -0.04  0.08  0.10  0.37        0.69         0.18     0.32   0.26
TOPIX           0.35    0.43  0.13     0.04         0.11  0.58     0.36  0.33  0.64        0.37  0.69      0.64        0.67  0.35    0.93  0.13     0.58    0.28   1.00  -0.02 -0.43 -0.06  0.01  0.31        0.03         0.04     0.11  -0.17
CAD10          -0.29   -0.46 -0.34     0.02        -0.01  0.10     0.05  0.15  0.11       -0.08  0.08      0.27        0.09 -0.04   -0.04  0.01     0.10    0.11  -0.02   1.00  0.51  0.68  0.75  0.40        0.25         0.19    -0.08  -0.13
JPY            -0.33   -0.67 -0.73    -0.21        -0.24 -0.26    -0.18 -0.09 -0.15       -0.13 -0.19      0.10       -0.27 -0.10   -0.39 -0.00    -0.19   -0.04  -0.43   0.51  1.00  0.42  0.44  0.42        0.32         0.50     0.05   0.23
OAT            -0.34   -0.48 -0.29    -0.10        -0.12  0.12     0.15  0.02  0.11       -0.14  0.04      0.22        0.05  0.04   -0.05  0.02     0.10    0.08  -0.06   0.68  0.42  1.00  0.55  0.25        0.37         0.28    -0.08  -0.02
US30           -0.16   -0.38 -0.32     0.08         0.08  0.16    -0.05  0.32  0.18       -0.03  0.20      0.32        0.19  0.04    0.03  0.03     0.18    0.10   0.01   0.75  0.44  0.55  1.00  0.30        0.19         0.18     0.02  -0.12
GBP             0.04    0.17 -0.79    -0.21        -0.14  0.26     0.17  0.31  0.37        0.23  0.37      0.67        0.31  0.42    0.32  0.33     0.27    0.37   0.31   0.40  0.42  0.25  0.30  1.00        0.41         0.44     0.08   0.11
GOLD_micro      0.05   -0.02 -0.43    -0.03         0.07  0.20     0.02  0.24  0.21        0.23  0.19      0.44        0.20  0.29    0.02  0.40     0.18    0.69   0.03   0.25  0.32  0.37  0.19  0.41        1.00         0.44     0.27   0.24
KRWUSD_mini    -0.08   -0.14 -0.58    -0.09        -0.06  0.12    -0.00  0.11  0.21        0.04  0.14      0.45        0.11  0.24    0.11  0.26     0.02    0.18   0.04   0.19  0.50  0.28  0.18  0.44        0.44         1.00     0.05   0.26
LEANHOG         0.26    0.05 -0.11    -0.05         0.03  0.16     0.12  0.36  0.19        0.30  0.23      0.28        0.08  0.25    0.06  0.19     0.43    0.32   0.11  -0.08  0.05 -0.08  0.02  0.08        0.27         0.05     1.00   0.22
WHEAT          -0.13   -0.02 -0.27     0.03         0.11 -0.01    -0.08  0.15  0.00        0.27  0.05      0.05       -0.10  0.19   -0.14  0.24    -0.04    0.26  -0.17  -0.13  0.23 -0.02 -0.12  0.11        0.24         0.26     0.22   1.00


********************************************************************************
                                 END OF REPORT                                  
********************************************************************************


