
********************************************************************************
                    Risk report produced on 29/04/2025 22:53                    
********************************************************************************


Total risk across all strategies, annualised percentage 8.2
Percentage of capital used for margin 40.7%

========================================
Risk per strategy, annualised percentage
========================================

                  risk
dynamic_TF_carry   8.2


===================
Risk by asset class
===================

Ags       2.0
Bond      2.1
Equity    2.7
FX        2.4
Metals    3.3
OilGas    5.2
dtype: float64


=====================================================
Beta loadings of asset class positions on asset class
=====================================================

OilGas   -0.14
Metals   -0.13
Ags      -0.01
Equity    0.07
FX        0.19
Bond      0.42
dtype: float64


========================================================
Beta loadings of full portfolio positions on asset class
========================================================

Ags      -0.18
OilGas   -0.17
Metals   -0.15
FX       -0.09
Equity   -0.03
Bond      0.40
dtype: float64


===================================================================================================================================================================================================================================================================
                                                                                                                          Instrument risk                                                                                                                          
===================================================================================================================================================================================================================================================================

               daily_price_stdev  annual_price_stdev     price  daily_perc_stdev  annual_perc_stdev  point_size_base  contract_exposure  daily_risk_per_contract  annual_risk_per_contract  position  capital  exposure_held_perc_capital  annual_risk_perc_capital
BRENT-LAST                 1.445              23.112     63.18              2.29               36.6            745.7              47116                     1077                     17235        -1   536204                        -8.8                      -3.2
GAS-PEN                    0.114               1.830      3.36              3.41               54.6           7457.5              25019                      853                     13650        -1   536204                        -4.7                      -2.5
ALUMINIUM                 38.519             616.301   2366.75              1.63               26.0             18.6              44124                      718                     11490        -1   536204                        -8.2                      -2.1
BITCOIN                 2503.502           40056.031  96120.00              2.60               41.7              0.1               7168                      186                      2987        -3   536204                        -4.0                      -1.7
DOW                      673.216           10771.453  40720.00              1.65               26.5              0.4              15183                      251                      4016        -2   536204                        -5.7                      -1.5
DX                         0.540               8.645     99.04              0.55                8.7            745.7              73858                      402                      6447        -1   536204                       -13.8                      -1.2
SP500_micro              102.894            1646.299   5585.75              1.84               29.5              3.7              20827                      383                      6138        -1   536204                        -3.9                      -1.1
WHEAT                      7.298             116.774    563.75              1.29               20.7             37.3              21020                      272                      4354        -1   536204                        -3.9                      -0.8
GAS_US_mini                0.124               1.990      3.65              3.41               54.5           1864.4               6804                      231                      3710        -1   536204                        -1.3                      -0.7
SOYMEAL                    3.083              49.320    301.20              1.02               16.4             74.6              22461                      229                      3678        -1   536204                        -4.2                      -0.7
COPPER-micro               0.101               1.610      4.86              2.07               33.1           1864.4               9058                      187                      3001        -1   536204                        -1.7                      -0.6
CRUDE_W_micro              1.457              23.305     59.34              2.45               39.3             74.6               4425                      108                      1737        -1   536204                        -0.8                      -0.3
CANOLA                     8.874             141.986    651.60              1.36               21.8             10.8               7006                       95                      1526         1   536204                         1.3                       0.3
MXP                        0.000               0.007      0.05              0.82               13.1         372872.8              18923                      154                      2470         1   536204                         3.5                       0.5
HANG_mini                322.574            5161.181  21942.00              1.47               23.5              1.0              21093                      310                      4961         1   536204                         3.9                       0.9
KR10                       0.341               5.450    121.08              0.28                4.5            514.8              62326                      175                      2805         2   536204                        23.2                       1.0
NIKKEI                   774.547           12392.760  36105.00              2.15               34.3              0.5              18901                      405                      6487         1   536204                         3.5                       1.2
BTP                        0.499               7.990    120.00              0.42                6.7            849.2             101906                      424                      6785         1   536204                        19.0                       1.3
MUMMY                     15.660             250.564    670.00              2.34               37.4              5.2               3507                       81                      1311         6   536204                         3.9                       1.5
LIVECOW                    1.886              30.174    205.70              0.92               14.7            298.3              61359                      562                      9000         1   536204                        11.4                       1.7
YENEUR                     0.903              14.456    161.51              0.56                9.0            654.4             105693                      591                      9460         1   536204                        19.7                       1.8

Sum of abs(notional exposure % capital) 150.4
Sum of abs(annualised risk % capital) 26.6
Net sum of annualised risk % capital -6.2 

==============================================================================================================================================================================================================
                                                                                                 Correlations                                                                                                 
==============================================================================================================================================================================================================

                BTP  KR10  BITCOIN    DX  CANOLA  GAS-PEN  GAS_US_mini  HANG_mini  SOYMEAL  WHEAT  ALUMINIUM  COPPER-micro   DOW  MUMMY  NIKKEI  SP500_micro  BRENT-LAST  CRUDE_W_micro  LIVECOW   MXP  YENEUR
BTP            1.00  0.59     0.09  0.08   -0.07    -0.30        -0.31      -0.04     0.06  -0.10      -0.13         -0.05  0.16   0.04    0.05         0.13       -0.09          -0.10    -0.23  0.00   -0.50
KR10           0.59  1.00    -0.07 -0.08   -0.19    -0.18        -0.19      -0.06    -0.05  -0.21      -0.23         -0.19  0.05  -0.12   -0.14         0.00       -0.23          -0.21    -0.20 -0.00   -0.39
BITCOIN        0.09 -0.07     1.00 -0.01    0.03     0.01         0.04      -0.01     0.01  -0.01       0.23         -0.07  0.23  -0.03    0.14         0.23       -0.05          -0.05     0.06  0.02   -0.02
DX             0.08 -0.08    -0.01  1.00   -0.16    -0.06        -0.10      -0.43    -0.23  -0.14      -0.07         -0.15  0.07  -0.05    0.03         0.06        0.31           0.33    -0.03 -0.29   -0.08
CANOLA        -0.07 -0.19     0.03 -0.16    1.00     0.10         0.09       0.25     0.06   0.10       0.01         -0.03  0.07  -0.03    0.02         0.10       -0.02          -0.05     0.01 -0.00    0.21
GAS-PEN       -0.30 -0.18     0.01 -0.06    0.10     1.00         0.96       0.22     0.06   0.12       0.27          0.21 -0.03  -0.10    0.04         0.04        0.19           0.19     0.15  0.08    0.10
GAS_US_mini   -0.31 -0.19     0.04 -0.10    0.09     0.96         1.00       0.24     0.07   0.06       0.26          0.20 -0.06  -0.07    0.07         0.02        0.19           0.18     0.19  0.12    0.19
HANG_mini     -0.04 -0.06    -0.01 -0.43    0.25     0.22         0.24       1.00     0.33   0.25       0.40          0.44  0.23   0.25    0.32         0.31        0.08           0.05     0.15  0.25    0.16
SOYMEAL        0.06 -0.05     0.01 -0.23    0.06     0.06         0.07       0.33     1.00   0.24       0.30          0.25  0.15   0.09    0.06         0.16       -0.17          -0.15     0.09  0.00   -0.13
WHEAT         -0.10 -0.21    -0.01 -0.14    0.10     0.12         0.06       0.25     0.24   1.00       0.23          0.24  0.09   0.01    0.02         0.16        0.09           0.08    -0.04  0.16    0.04
ALUMINIUM     -0.13 -0.23     0.23 -0.07    0.01     0.27         0.26       0.40     0.30   0.23       1.00          0.66  0.50   0.17    0.38         0.58        0.39           0.38     0.29  0.28    0.12
COPPER-micro  -0.05 -0.19    -0.07 -0.15   -0.03     0.21         0.20       0.44     0.25   0.24       0.66          1.00  0.46   0.44    0.51         0.52        0.46           0.46     0.38  0.26    0.12
DOW            0.16  0.05     0.23  0.07    0.07    -0.03        -0.06       0.23     0.15   0.09       0.50          0.46  1.00   0.37    0.47         0.92        0.26           0.29     0.15  0.07    0.11
MUMMY          0.04 -0.12    -0.03 -0.05   -0.03    -0.10        -0.07       0.25     0.09   0.01       0.17          0.44  0.37   1.00    0.69         0.41        0.28           0.26     0.21  0.17    0.15
NIKKEI         0.05 -0.14     0.14  0.03    0.02     0.04         0.07       0.32     0.06   0.02       0.38          0.51  0.47   0.69    1.00         0.60        0.42           0.42     0.33  0.26    0.28
SP500_micro    0.13  0.00     0.23  0.06    0.10     0.04         0.02       0.31     0.16   0.16       0.58          0.52  0.92   0.41    0.60         1.00        0.37           0.39     0.21  0.18    0.17
BRENT-LAST    -0.09 -0.23    -0.05  0.31   -0.02     0.19         0.19       0.08    -0.17   0.09       0.39          0.46  0.26   0.28    0.42         0.37        1.00           0.97     0.45  0.25    0.26
CRUDE_W_micro -0.10 -0.21    -0.05  0.33   -0.05     0.19         0.18       0.05    -0.15   0.08       0.38          0.46  0.29   0.26    0.42         0.39        0.97           1.00     0.44  0.23    0.28
LIVECOW       -0.23 -0.20     0.06 -0.03    0.01     0.15         0.19       0.15     0.09  -0.04       0.29          0.38  0.15   0.21    0.33         0.21        0.45           0.44     1.00  0.24    0.38
MXP            0.00 -0.00     0.02 -0.29   -0.00     0.08         0.12       0.25     0.00   0.16       0.28          0.26  0.07   0.17    0.26         0.18        0.25           0.23     0.24  1.00    0.33
YENEUR        -0.50 -0.39    -0.02 -0.08    0.21     0.10         0.19       0.16    -0.13   0.04       0.12          0.12  0.11   0.15    0.28         0.17        0.26           0.28     0.38  0.33    1.00


********************************************************************************
                                 END OF REPORT                                  
********************************************************************************


