
********************************************************************************
                    Risk report produced on 20/03/2024 22:52                    
********************************************************************************


Total risk across all strategies, annualised percentage 16.4
Percentage of capital used for margin 36.0%

========================================
Risk per strategy, annualised percentage
========================================

                  risk
dynamic_TF_carry  16.4


===================
Risk by asset class
===================

Ags       4.4
Bond      4.8
Equity    8.4
FX        3.2
Metals    3.6
OilGas    3.8
Vol       0.9
dtype: float64


=====================================================
Beta loadings of asset class positions on asset class
=====================================================

Bond     -1.30
Metals   -0.32
Vol      -0.02
Ags       0.06
OilGas    0.12
FX        0.13
Equity    0.81
dtype: float64


========================================================
Beta loadings of full portfolio positions on asset class
========================================================

Bond     -2.37
Metals   -0.57
Vol      -0.24
OilGas    0.20
Ags       0.29
FX        0.57
Equity    1.04
dtype: float64


==================================================================================================================================================================================================================================================================
                                                                                                                         Instrument risk                                                                                                                          
==================================================================================================================================================================================================================================================================

              daily_price_stdev  annual_price_stdev     price  daily_perc_stdev  annual_perc_stdev  point_size_base  contract_exposure  daily_risk_per_contract  annual_risk_per_contract  position  capital  exposure_held_perc_capital  annual_risk_perc_capital
GOLD_micro               15.471             247.544   2208.00              0.70               11.2              7.9              17391                      121                      1949       -10   537720                       -32.3                      -3.6
BUND                      0.560               8.968    131.92              0.42                6.8            853.9             112649                      478                      7657        -2   537720                       -41.9                      -2.8
CHF                       0.005               0.074      1.13              0.41                6.5          98455.8             111397                      455                      7290        -1   537720                       -20.7                      -1.4
JPY                       0.000               0.001      0.01              0.57                9.1        9845581.9              65965                      377                      6032        -1   537720                       -12.3                      -1.1
CORN                      4.754              76.059    475.25              1.00               16.0             39.4              18716                      187                      2995        -2   537720                        -7.0                      -1.1
US3                       0.208               3.329    104.33              0.20                3.2           1575.3             164347                      327                      5244        -1   537720                       -30.6                      -1.0
VIX                       0.393               6.283     16.20              2.42               38.8            787.6              12759                      309                      4948        -1   537720                        -2.4                      -0.9
DX                        0.349               5.577    103.06              0.34                5.4            787.6              81174                      274                      4392        -1   537720                       -15.1                      -0.8
BOBL                      0.292               4.666    117.57              0.25                4.0            853.9             100395                      249                      3984        -1   537720                       -18.7                      -0.7
GAS_US_mini               0.105               1.684      1.84              5.74               91.8           1969.1               3613                      207                      3316        -1   537720                        -0.7                      -0.6
US2                       0.131               2.099    102.33              0.13                2.1           1575.3             161202                      206                      3305        -1   537720                       -30.0                      -0.6
MILLWHEAT                 2.972              47.556    209.75              1.42               22.7             42.7               8955                      126                      2030        -1   537720                        -1.7                      -0.4
SP500_micro              36.183             578.935   5290.50              0.68               10.9              3.9              20835                      142                      2279         1   537720                         3.9                       0.4
MXP                       0.000               0.005      0.06              0.49                7.8         393823.3              23263                      113                      1809         3   537720                        13.0                       1.0
LIVECOW                   1.256              20.095    184.85              0.68               10.9            315.1              58238                      395                      6331         1   537720                        10.8                       1.2
YENEUR                    0.851              13.618    163.67              0.52                8.3            649.0             106214                      552                      8837         1   537720                        19.8                       1.6
NASDAQ_micro            178.286            2852.570  18534.50              0.96               15.4              1.6              29197                      280                      4493         2   537720                        10.9                       1.7
MIB                     200.606            3209.704  33740.00              0.59                9.5              4.3             144056                      856                     13704         1   537720                        26.8                       2.5
NIKKEI                  414.441            6631.051  40140.00              1.03               16.5              0.5              20839                      215                      3442         4   537720                        15.5                       2.6
AEX                       6.267             100.274    862.75              0.73               11.6            170.8             147344                     1070                     17125         1   537720                        27.4                       3.2
COCOA                   161.831            2589.291   7830.00              2.07               33.1              7.9              61672                     1274                     20394         1   537720                        11.5                       3.8
GASOILINE                 0.039               0.620      2.68              1.44               23.1          33081.2              88803                     1281                     20511         1   537720                        16.5                       3.8

Sum of abs(notional exposure % capital) 369.5
Sum of abs(annualised risk % capital) 36.8
Net sum of annualised risk % capital 6.8 

==============================================================================================================================================================================================
                                                                                         Correlations                                                                                         
==============================================================================================================================================================================================

                DX   VIX  BOBL  BUND   CHF  GOLD_micro   JPY   US2   US3  CORN  GAS_US_mini  MILLWHEAT   AEX   MIB   MXP  NASDAQ_micro  SP500_micro  COCOA  GASOILINE  LIVECOW  NIKKEI  YENEUR
DX            1.00  0.22 -0.35 -0.38 -0.71       -0.51 -0.56 -0.43 -0.48 -0.17        -0.06       0.03 -0.33 -0.32 -0.36         -0.45        -0.48  -0.17      -0.11    -0.14   -0.12   -0.10
VIX           0.22  1.00  0.21  0.09 -0.19        0.04 -0.09  0.25  0.14 -0.08        -0.09      -0.04 -0.46 -0.54 -0.53         -0.59        -0.69  -0.20      -0.04    -0.16   -0.37   -0.28
BOBL         -0.35  0.21  1.00  0.96  0.30        0.34  0.41  0.71  0.73  0.02        -0.10      -0.08  0.12 -0.07 -0.00          0.11         0.08  -0.20      -0.17    -0.08   -0.15   -0.38
BUND         -0.38  0.09  0.96  1.00  0.33        0.35  0.36  0.61  0.67  0.05        -0.07      -0.07  0.23  0.09  0.11          0.18         0.18  -0.13      -0.15    -0.10   -0.00   -0.27
CHF          -0.71 -0.19  0.30  0.33  1.00        0.47  0.63  0.39  0.45  0.17         0.09       0.03  0.23  0.27  0.29          0.28         0.32  -0.08       0.05    -0.07   -0.07   -0.08
GOLD_micro   -0.51  0.04  0.34  0.35  0.47        1.00  0.51  0.45  0.46  0.11         0.02      -0.08  0.09  0.19  0.17          0.13         0.18   0.23       0.17     0.09    0.07   -0.13
JPY          -0.56 -0.09  0.41  0.36  0.63        0.51  1.00  0.50  0.54  0.11        -0.19      -0.03  0.11  0.06  0.14          0.21         0.21  -0.01       0.04     0.01   -0.33   -0.64
US2          -0.43  0.25  0.71  0.61  0.39        0.45  0.50  1.00  0.97 -0.01         0.04      -0.15 -0.11 -0.27 -0.13          0.04        -0.03  -0.20      -0.18    -0.14   -0.29   -0.29
US3          -0.48  0.14  0.73  0.67  0.45        0.46  0.54  0.97  1.00  0.03         0.05      -0.15 -0.02 -0.14  0.01          0.09         0.03  -0.19      -0.16    -0.12   -0.23   -0.27
CORN         -0.17 -0.08  0.02  0.05  0.17        0.11  0.11 -0.01  0.03  1.00         0.04       0.67 -0.04  0.00  0.10          0.08         0.10   0.04       0.12    -0.00    0.03    0.03
GAS_US_mini  -0.06 -0.09 -0.10 -0.07  0.09        0.02 -0.19  0.04  0.05  0.04         1.00       0.06 -0.08 -0.05  0.01          0.00         0.03  -0.28       0.13     0.05    0.22    0.29
MILLWHEAT     0.03 -0.04 -0.08 -0.07  0.03       -0.08 -0.03 -0.15 -0.15  0.67         0.06       1.00 -0.17 -0.09  0.03         -0.04         0.00  -0.11       0.11    -0.04   -0.11   -0.04
AEX          -0.33 -0.46  0.12  0.23  0.23        0.09  0.11 -0.11 -0.02 -0.04        -0.08      -0.17  1.00  0.69  0.35          0.61         0.70   0.33       0.23     0.20    0.50    0.14
MIB          -0.32 -0.54 -0.07  0.09  0.27        0.19  0.06 -0.27 -0.14  0.00        -0.05      -0.09  0.69  1.00  0.64          0.41         0.61   0.30       0.20     0.22    0.48    0.26
MXP          -0.36 -0.53 -0.00  0.11  0.29        0.17  0.14 -0.13  0.01  0.10         0.01       0.03  0.35  0.64  1.00          0.39         0.49   0.27       0.14     0.19    0.29    0.22
NASDAQ_micro -0.45 -0.59  0.11  0.18  0.28        0.13  0.21  0.04  0.09  0.08         0.00      -0.04  0.61  0.41  0.39          1.00         0.93   0.28       0.08     0.26    0.46    0.19
SP500_micro  -0.48 -0.69  0.08  0.18  0.32        0.18  0.21 -0.03  0.03  0.10         0.03       0.00  0.70  0.61  0.49          0.93         1.00   0.33       0.21     0.29    0.49    0.23
COCOA        -0.17 -0.20 -0.20 -0.13 -0.08        0.23 -0.01 -0.20 -0.19  0.04        -0.28      -0.11  0.33  0.30  0.27          0.28         0.33   1.00       0.31     0.23    0.15    0.19
GASOILINE    -0.11 -0.04 -0.17 -0.15  0.05        0.17  0.04 -0.18 -0.16  0.12         0.13       0.11  0.23  0.20  0.14          0.08         0.21   0.31       1.00     0.47    0.20    0.06
LIVECOW      -0.14 -0.16 -0.08 -0.10 -0.07        0.09  0.01 -0.14 -0.12 -0.00         0.05      -0.04  0.20  0.22  0.19          0.26         0.29   0.23       0.47     1.00    0.17    0.09
NIKKEI       -0.12 -0.37 -0.15 -0.00 -0.07        0.07 -0.33 -0.29 -0.23  0.03         0.22      -0.11  0.50  0.48  0.29          0.46         0.49   0.15       0.20     0.17    1.00    0.49
YENEUR       -0.10 -0.28 -0.38 -0.27 -0.08       -0.13 -0.64 -0.29 -0.27  0.03         0.29      -0.04  0.14  0.26  0.22          0.19         0.23   0.19       0.06     0.09    0.49    1.00


********************************************************************************
                                 END OF REPORT                                  
********************************************************************************


