
********************************************************************************
                    Risk report produced on 12/05/2026 22:53                    
********************************************************************************


Total risk across all strategies, annualised percentage 10.6
Percentage of capital used for margin 37.4%

========================================
Risk per strategy, annualised percentage
========================================

                  risk
dynamic_TF_carry  10.6


===================
Risk by asset class
===================

Ags       1.6
Bond      1.0
Equity    7.1
FX        2.2
Metals    1.2
OilGas    4.7
Other     0.2
Sector    1.6
Vol       0.1
dtype: float64


=====================================================
Beta loadings of asset class positions on asset class
=====================================================

Bond     -0.15
Metals   -0.03
Vol      -0.00
Other     0.01
OilGas    0.06
Sector    0.09
Ags       0.11
FX        0.25
Equity    0.43
dtype: float64


========================================================
Beta loadings of full portfolio positions on asset class
========================================================

Vol      -0.14
Bond     -0.07
OilGas    0.01
Metals    0.06
Other     0.12
Ags       0.28
Sector    0.34
Equity    0.43
FX        0.51
dtype: float64


==================================================================================================================================================================================================================================================================
                                                                                                                         Instrument risk                                                                                                                          
==================================================================================================================================================================================================================================================================

              daily_price_stdev  annual_price_stdev     price  daily_perc_stdev  annual_perc_stdev  point_size_base  contract_exposure  daily_risk_per_contract  annual_risk_per_contract  position  capital  exposure_held_perc_capital  annual_risk_perc_capital
DAX                     302.632            4842.120  24010.00              1.26               20.2              0.9              20802                      262                      4195        -3   700771                        -8.9                      -1.8
GAS-PEN                   0.099               1.583      2.81              3.52               56.3           7365.0              20725                      728                     11660        -1   700771                        -3.0                      -1.7
JPY                       0.000               0.001      0.01              0.62                9.9        9206306.0              58598                      362                      5804        -2   700771                       -16.7                      -1.7
BITCOIN                1808.560           28936.965  80980.00              2.23               35.7              0.1               5964                      133                      2131        -4   700771                        -3.4                      -1.2
KR10                      0.459               7.338    107.84              0.43                6.8            500.7              53999                      229                      3674        -2   700771                       -15.4                      -1.0
LEANHOG                   1.134              18.137    102.92              1.10               17.6            294.6              30321                      333                      5343        -1   700771                        -4.3                      -0.8
DOW                     426.076            6817.218  49880.00              0.85               13.7              0.4              18368                      156                      2510        -1   700771                        -2.6                      -0.4
HANGENT_mini            101.216            1619.461   8904.00              1.14               18.2              0.9               8376                       95                      1523        -1   700771                        -1.2                      -0.2
V2X                       0.592               9.473     22.65              2.61               41.8             86.6               1962                       51                       820        -1   700771                        -0.3                      -0.1
RUBBER                    2.366              37.852    220.80              1.07               17.1             36.8               8131                       87                      1393         1   700771                         1.2                       0.2
AUD_micro                 0.004               0.061      0.72              0.52                8.4           7365.0               5335                       27                       447         5   700771                         3.8                       0.3
MUMMY                    15.367             245.877    806.00              1.91               30.5              4.7               3776                       72                      1152         2   700771                         1.1                       0.3
CORN                      4.159              66.544    501.00              0.83               13.3             36.8              18449                      153                      2450         1   700771                         2.6                       0.3
CANOLA                    8.966             143.458    753.80              1.19               19.0             10.8               8112                       96                      1543         2   700771                         2.3                       0.4
KOSDAQ                   40.848             653.561   1992.90              2.05               32.8              5.0               9979                      204                      3272         1   700771                         1.4                       0.5
TOPIX                    46.696             747.143   3878.50              1.20               19.3              4.7              18172                      218                      3500         1   700771                         2.6                       0.5
MXP                       0.000               0.005      0.06              0.56                8.9         368252.2              21318                      118                      1898         2   700771                         6.1                       0.5
NZD                       0.004               0.058      0.60              0.60                9.7          73650.4              43884                      265                      4245         1   700771                         6.3                       0.6
EU-OIL                    7.446             119.128    529.90              1.41               22.5             43.3              22955                      322                      5160         1   700771                         3.3                       0.7
EU-BASIC                 13.607             217.712    833.00              1.63               26.1             43.3              36086                      589                      9431         1   700771                         5.1                       1.3
LIVECOW                   2.032              32.507    247.60              0.82               13.1            294.6              72943                      598                      9576         1   700771                        10.4                       1.4
RUSSELL                  33.211             531.381   2840.50              1.17               18.7              3.7              10460                      122                      1956         5   700771                         7.5                       1.4
GBP                       0.006               0.093      1.35              0.43                6.8          46031.5              62299                      266                      4260         3   700771                        26.7                       1.8
MSCIEMASIA               18.454             295.266   1110.30              1.66               26.6             73.7              81774                     1359                     21746         1   700771                        11.7                       3.1
GASOILINE                 0.070               1.119      3.54              1.97               31.6          30933.2             109587                     2163                     34622         1   700771                        15.6                       4.9
MIB                     528.527            8456.432  48515.00              1.09               17.4              4.3             210173                     2289                     36634         1   700771                        30.0                       5.2

Sum of abs(notional exposure % capital) 193.5
Sum of abs(annualised risk % capital) 32.3
Net sum of annualised risk % capital 14.5 

=============================================================================================================================================================================================================================
                                                                                                        Correlations                                                                                                         
=============================================================================================================================================================================================================================

              BITCOIN   DAX   DOW  EU-BASIC   MIB  MSCIEMASIA  MUMMY   MXP  RUBBER  RUSSELL  TOPIX  AUD_micro   GBP  HANGENT_mini   JPY  KOSDAQ  KR10   NZD  EU-OIL  LEANHOG  LIVECOW  CANOLA  CORN  GAS-PEN  GASOILINE   V2X
BITCOIN          1.00  0.29  0.36      0.25  0.14        0.36   0.24  0.16    0.16     0.49   0.10       0.30  0.26          0.32  0.16    0.25  0.16  0.28    0.06    -0.09     0.04   -0.02  0.00     0.09       0.11 -0.24
DAX              0.29  1.00  0.66      0.67  0.83        0.62   0.46  0.41    0.30     0.57   0.59       0.34  0.22          0.31  0.02   -0.01  0.10  0.27   -0.05     0.03     0.19   -0.19 -0.23    -0.20      -0.28 -0.68
DOW              0.36  0.66  1.00      0.49  0.58        0.59   0.29  0.29    0.28     0.85   0.53       0.41  0.25          0.22  0.08    0.19  0.05  0.37    0.04     0.12     0.11   -0.09 -0.08    -0.16      -0.13 -0.69
EU-BASIC         0.25  0.67  0.49      1.00  0.67        0.54   0.40  0.47    0.56     0.46   0.57       0.45  0.22          0.44  0.07    0.21 -0.01  0.34    0.13     0.07     0.10   -0.20 -0.21    -0.11      -0.16 -0.53
MIB              0.14  0.83  0.58      0.67  1.00        0.58   0.42  0.41    0.36     0.44   0.56       0.32  0.19          0.28  0.03    0.04  0.06  0.25    0.11     0.01     0.12   -0.21 -0.20    -0.14      -0.19 -0.68
MSCIEMASIA       0.36  0.62  0.59      0.54  0.58        1.00   0.28  0.62    0.34     0.59   0.58       0.64  0.56          0.50  0.32    0.49  0.12  0.61    0.12    -0.17     0.04   -0.15 -0.04    -0.06      -0.16 -0.62
MUMMY            0.24  0.46  0.29      0.40  0.42        0.28   1.00  0.23    0.08     0.35   0.54       0.29  0.08          0.30 -0.12    0.00  0.31  0.16    0.14     0.03     0.18    0.02 -0.12    -0.13       0.17 -0.37
MXP              0.16  0.41  0.29      0.47  0.41        0.62   0.23  1.00    0.22     0.34   0.39       0.65  0.55          0.37  0.33    0.35  0.25  0.61    0.16    -0.07     0.19   -0.14 -0.10    -0.03      -0.21 -0.40
RUBBER           0.16  0.30  0.28      0.56  0.36        0.34   0.08  0.22    1.00     0.22   0.25       0.33  0.20          0.12  0.12    0.15 -0.11  0.25    0.17     0.07     0.07    0.05  0.05     0.06       0.08 -0.19
RUSSELL          0.49  0.57  0.85      0.46  0.44        0.59   0.35  0.34    0.22     1.00   0.46       0.40  0.31          0.17  0.11    0.20  0.14  0.40    0.06     0.17     0.15   -0.11 -0.09    -0.18      -0.04 -0.66
TOPIX            0.10  0.59  0.53      0.57  0.56        0.58   0.54  0.39    0.25     0.46   1.00       0.29  0.09          0.28 -0.14    0.06  0.01  0.22    0.09    -0.11     0.08   -0.13 -0.27    -0.31      -0.23 -0.56
AUD_micro        0.30  0.34  0.41      0.45  0.32        0.64   0.29  0.65    0.33     0.40   0.29       1.00  0.77          0.50  0.56    0.53  0.23  0.91    0.19    -0.10     0.07   -0.01  0.12     0.17       0.01 -0.35
GBP              0.26  0.22  0.25      0.22  0.19        0.56   0.08  0.55    0.20     0.31   0.09       0.77  1.00          0.44  0.72    0.52  0.23  0.82    0.01    -0.10     0.16   -0.10  0.08     0.05      -0.17 -0.26
HANGENT_mini     0.32  0.31  0.22      0.44  0.28        0.50   0.30  0.37    0.12     0.17   0.28       0.50  0.44          1.00  0.33    0.49  0.06  0.40    0.09    -0.16    -0.03   -0.02  0.02     0.16      -0.01 -0.18
JPY              0.16  0.02  0.08      0.07  0.03        0.32  -0.12  0.33    0.12     0.11  -0.14       0.56  0.72          0.33  1.00    0.44  0.24  0.61   -0.07    -0.19     0.16   -0.11  0.15     0.03      -0.13  0.01
KOSDAQ           0.25 -0.01  0.19      0.21  0.04        0.49   0.00  0.35    0.15     0.20   0.06       0.53  0.52          0.49  0.44    1.00  0.12  0.48    0.25    -0.19    -0.04   -0.04  0.17     0.25       0.14 -0.08
KR10             0.16  0.10  0.05     -0.01  0.06        0.12   0.31  0.25   -0.11     0.14   0.01       0.23  0.23          0.06  0.24    0.12  1.00  0.27   -0.24    -0.11     0.09   -0.20 -0.20    -0.17      -0.23 -0.22
NZD              0.28  0.27  0.37      0.34  0.25        0.61   0.16  0.61    0.25     0.40   0.22       0.91  0.82          0.40  0.61    0.48  0.27  1.00    0.04    -0.05     0.06   -0.03  0.10     0.10      -0.16 -0.37
EU-OIL           0.06 -0.05  0.04      0.13  0.11        0.12   0.14  0.16    0.17     0.06   0.09       0.19  0.01          0.09 -0.07    0.25 -0.24  0.04    1.00     0.04     0.19    0.16  0.13     0.18       0.58  0.06
LEANHOG         -0.09  0.03  0.12      0.07  0.01       -0.17   0.03 -0.07    0.07     0.17  -0.11      -0.10 -0.10         -0.16 -0.19   -0.19 -0.11 -0.05    0.04     1.00     0.04    0.17 -0.02    -0.19       0.06 -0.04
LIVECOW          0.04  0.19  0.11      0.10  0.12        0.04   0.18  0.19    0.07     0.15   0.08       0.07  0.16         -0.03  0.16   -0.04  0.09  0.06    0.19     0.04     1.00   -0.00 -0.02    -0.22       0.05 -0.12
CANOLA          -0.02 -0.19 -0.09     -0.20 -0.21       -0.15   0.02 -0.14    0.05    -0.11  -0.13      -0.01 -0.10         -0.02 -0.11   -0.04 -0.20 -0.03    0.16     0.17    -0.00    1.00  0.44     0.14       0.45  0.30
CORN             0.00 -0.23 -0.08     -0.21 -0.20       -0.04  -0.12 -0.10    0.05    -0.09  -0.27       0.12  0.08          0.02  0.15    0.17 -0.20  0.10    0.13    -0.02    -0.02    0.44  1.00     0.33       0.46  0.27
GAS-PEN          0.09 -0.20 -0.16     -0.11 -0.14       -0.06  -0.13 -0.03    0.06    -0.18  -0.31       0.17  0.05          0.16  0.03    0.25 -0.17  0.10    0.18    -0.19    -0.22    0.14  0.33     1.00       0.30  0.19
GASOILINE        0.11 -0.28 -0.13     -0.16 -0.19       -0.16   0.17 -0.21    0.08    -0.04  -0.23       0.01 -0.17         -0.01 -0.13    0.14 -0.23 -0.16    0.58     0.06     0.05    0.45  0.46     0.30       1.00  0.30
V2X             -0.24 -0.68 -0.69     -0.53 -0.68       -0.62  -0.37 -0.40   -0.19    -0.66  -0.56      -0.35 -0.26         -0.18  0.01   -0.08 -0.22 -0.37    0.06    -0.04    -0.12    0.30  0.27     0.19       0.30  1.00


********************************************************************************
                                 END OF REPORT                                  
********************************************************************************


