
********************************************************************************
                    Risk report produced on 20/11/2024 22:52                    
********************************************************************************


Total risk across all strategies, annualised percentage 11.5
Percentage of capital used for margin 72.7%

========================================
Risk per strategy, annualised percentage
========================================

                  risk
dynamic_TF_carry  11.5


===================
Risk by asset class
===================

Ags       1.9
Bond      2.6
Equity    5.1
FX        3.9
Metals    2.9
OilGas    3.7
Other     0.7
Vol       2.3
dtype: float64


=====================================================
Beta loadings of asset class positions on asset class
=====================================================

FX       -0.56
Bond     -0.16
OilGas   -0.10
Ags      -0.10
Vol      -0.05
Metals   -0.05
Other     0.03
Equity    0.32
dtype: float64


========================================================
Beta loadings of full portfolio positions on asset class
========================================================

FX       -0.89
Bond     -0.37
Ags      -0.19
Vol      -0.15
OilGas   -0.09
Metals   -0.02
Other     0.01
Equity    0.42
dtype: float64


===================================================================================================================================================================================================================================================================
                                                                                                                          Instrument risk                                                                                                                          
===================================================================================================================================================================================================================================================================

               daily_price_stdev  annual_price_stdev     price  daily_perc_stdev  annual_perc_stdev  point_size_base  contract_exposure  daily_risk_per_contract  annual_risk_per_contract  position  capital  exposure_held_perc_capital  annual_risk_perc_capital
US30                       1.229              19.671    122.75              1.00               16.0            787.2              96629                      967                     15485        -1   589664                       -16.4                      -2.6
ALUMINIUM                 48.641             778.258   2601.00              1.87               29.9             19.7              51188                      957                     15316        -1   589664                        -8.7                      -2.6
JPY                        0.000               0.001      0.01              0.74               11.8        9840117.8              63522                      469                      7516        -2   589664                       -21.5                      -2.5
GAS-PEN                    0.115               1.841      3.40              3.38               54.2           7872.1              26765                      905                     14493        -1   589664                        -4.5                      -2.5
VIX                        0.537               8.590     17.35              3.09               49.5            787.2              13658                      422                      6762        -2   589664                        -4.6                      -2.3
CHF                        0.005               0.086      1.13              0.47                7.5          98401.2             111547                      525                      8415        -1   589664                       -18.9                      -1.4
EURO600                    3.894              62.304    501.90              0.78               12.4             41.7              20913                      162                      2596        -3   589664                       -10.6                      -1.3
GAS_US_mini                0.100               1.608      3.40              2.96               47.3           1968.0               6691                      197                      3164        -2   589664                        -2.3                      -1.1
COTTON2                    0.973              15.567     68.97              1.41               22.6            393.6              27146                      382                      6127        -1   589664                        -4.6                      -1.0
CRUDE_W_micro              1.400              22.396     68.76              2.04               32.6             78.7               5412                      110                      1763        -3   589664                        -2.8                      -0.9
SOYMEAL                    3.596              57.532    291.80              1.23               19.7             78.7              22970                      283                      4528        -1   589664                        -3.9                      -0.8
CAD                        0.002               0.040      0.72              0.35                5.6          78720.9              56328                      195                      3133        -1   589664                        -9.6                      -0.5
CORN                       4.683              74.930    430.25              1.09               17.4             39.4              16934                      184                      2949        -1   589664                        -2.9                      -0.5
IRON                       2.238              35.801    100.35              2.23               35.7             78.7               7899                      176                      2818        -1   589664                        -1.3                      -0.5
HANGENT_mini             146.752            2348.035   7078.00              2.07               33.2              1.0               7160                      148                      2375        -1   589664                        -1.2                      -0.4
KOSDAQ                    24.388             390.204   1189.20              2.05               32.8              5.6               6707                      137                      2200        -1   589664                        -1.1                      -0.4
CANOLA                    10.901             174.420    630.10              1.73               27.7             11.3               7108                      122                      1967        -1   589664                        -1.2                      -0.3
MILLWHEAT                  2.536              40.579    229.00              1.11               17.7             41.7               9542                      105                      1690        -1   589664                        -1.6                      -0.3
MUMMY                     11.457             183.309    630.00              1.82               29.1              5.1               3191                       58                       928         1   589664                         0.5                       0.2
DOW                      337.009            5392.151  43353.00              0.78               12.4              0.4              17063                      132                      2122         1   589664                         2.9                       0.4
TOPIX                     29.634             474.146   2702.75              1.10               17.5              5.1              13693                      150                      2402         1   589664                         2.3                       0.4
BITCOIN                 2451.753           39228.053  95350.00              2.57               41.1              0.1               7506                      193                      3088         1   589664                         1.3                       0.5
NIKKEI                   498.325            7973.199  38365.00              1.30               20.8              0.5              19437                      252                      4039         1   589664                         3.3                       0.7
RUBBER                     3.499              55.992    193.60              1.81               28.9             39.4               7620                      137                      2203         2   589664                         2.6                       0.7
NASDAQ_micro             212.809            3404.944  20631.25              1.03               16.5              1.6              32482                      335                      5360         1   589664                         5.5                       0.9
SP500_micro               44.263             708.208   5907.75              0.75               12.0              3.9              23253                      174                      2787         2   589664                         7.9                       0.9
LEANHOG                    1.130              18.083     80.42              1.41               22.5            314.9              25324                      355                      5693         1   589664                         4.3                       1.0
MSCISING                   3.029              48.469    374.25              0.81               13.0             58.8              22000                      178                      2849         2   589664                         7.5                       1.0
MIB                      315.108            5041.735  33350.00              0.94               15.1              4.2             138965                     1313                     21008         1   589664                        23.6                       3.6

Sum of abs(notional exposure % capital) 179.4
Sum of abs(annualised risk % capital) 32.2
Net sum of annualised risk % capital -11.6 

============================================================================================================================================================================================================================================================================
                                                                                                                                Correlations                                                                                                                                
============================================================================================================================================================================================================================================================================

                CHF   JPY  US30   VIX   DOW  EURO600  KOSDAQ   MIB  MSCISING  MUMMY  NASDAQ_micro  NIKKEI  SP500_micro  TOPIX  CANOLA  CORN  LEANHOG  MILLWHEAT  SOYMEAL  BITCOIN  GAS-PEN  GAS_US_mini  ALUMINIUM   CAD  COTTON2  CRUDE_W_micro  HANGENT_mini  IRON  RUBBER
CHF            1.00  0.72  0.61  0.52 -0.31    -0.26   -0.32 -0.31     -0.37  -0.42         -0.33   -0.56        -0.31  -0.61   -0.21 -0.12     0.14      -0.19     0.19    -0.32    -0.05        -0.11       0.06  0.39    -0.18          -0.12          0.09  0.10    0.17
JPY            0.72  1.00  0.68  0.43 -0.18    -0.37   -0.45 -0.43     -0.32  -0.49         -0.30   -0.69        -0.26  -0.71   -0.32 -0.05    -0.03      -0.14     0.27    -0.19    -0.18        -0.25       0.01  0.21    -0.07          -0.25         -0.06  0.06    0.18
US30           0.61  0.68  1.00  0.20  0.06    -0.06   -0.25 -0.21     -0.15  -0.32          0.02   -0.42         0.05  -0.48   -0.30  0.05    -0.03      -0.17     0.23    -0.23     0.05        -0.04      -0.02  0.41    -0.08          -0.26          0.02  0.02    0.09
VIX            0.52  0.43  0.20  1.00 -0.75    -0.61   -0.51 -0.59     -0.69  -0.70         -0.68   -0.70        -0.76  -0.71   -0.18 -0.01     0.10      -0.05     0.13    -0.46    -0.29        -0.29       0.01 -0.15    -0.14           0.09         -0.07  0.19    0.02
DOW           -0.31 -0.18  0.06 -0.75  1.00     0.68    0.31  0.54      0.62   0.53          0.72    0.52         0.87   0.47    0.14  0.13    -0.00       0.02    -0.01     0.48     0.21         0.15      -0.05  0.27     0.18          -0.17          0.17 -0.10    0.07
EURO600       -0.26 -0.37 -0.06 -0.61  0.68     1.00    0.58  0.83      0.57   0.57          0.62    0.68         0.71   0.65    0.17  0.05    -0.02       0.00    -0.01     0.23     0.19         0.16       0.20  0.35     0.25          -0.05          0.42  0.11    0.20
KOSDAQ        -0.32 -0.45 -0.25 -0.51  0.31     0.58    1.00  0.54      0.46   0.68          0.41    0.74         0.42   0.73    0.10  0.03    -0.04       0.03    -0.22     0.14     0.06         0.08       0.20  0.21     0.30           0.29          0.34  0.12    0.05
MIB           -0.31 -0.43 -0.21 -0.59  0.54     0.83    0.54  1.00      0.49   0.52          0.42    0.63         0.52   0.62    0.32 -0.01     0.04       0.08     0.02     0.21     0.09         0.11       0.11  0.24     0.21          -0.03          0.25  0.01    0.13
MSCISING      -0.37 -0.32 -0.15 -0.69  0.62     0.57    0.46  0.49      1.00   0.67          0.57    0.62         0.64   0.63    0.06 -0.00    -0.01      -0.08    -0.15     0.40     0.19         0.18       0.24  0.23     0.12           0.01          0.28 -0.10   -0.01
MUMMY         -0.42 -0.49 -0.32 -0.70  0.53     0.57    0.68  0.52      0.67   1.00          0.49    0.86         0.56   0.88    0.12 -0.05    -0.03      -0.15    -0.29     0.36     0.18         0.16       0.08  0.18     0.22           0.21          0.25 -0.07    0.06
NASDAQ_micro  -0.33 -0.30  0.02 -0.68  0.72     0.62    0.41  0.42      0.57   0.49          1.00    0.60         0.95   0.52    0.07 -0.02    -0.11      -0.08    -0.07     0.31     0.21         0.15       0.11  0.20     0.25          -0.06          0.25  0.02    0.02
NIKKEI        -0.56 -0.69 -0.42 -0.70  0.52     0.68    0.74  0.63      0.62   0.86          0.60    1.00         0.61   0.97    0.22 -0.04    -0.04      -0.03    -0.29     0.33     0.24         0.23       0.14  0.13     0.28           0.27          0.31  0.03    0.08
SP500_micro   -0.31 -0.26  0.05 -0.76  0.87     0.71    0.42  0.52      0.64   0.56          0.95    0.61         1.00   0.54    0.09  0.02    -0.05      -0.06    -0.07     0.40     0.22         0.15       0.06  0.29     0.24          -0.09          0.24 -0.05    0.04
TOPIX         -0.61 -0.71 -0.48 -0.71  0.47     0.65    0.73  0.62      0.63   0.88          0.52    0.97         0.54   1.00    0.24 -0.00    -0.04       0.02    -0.28     0.34     0.23         0.23       0.13  0.09     0.21           0.25          0.30  0.01    0.07
CANOLA        -0.21 -0.32 -0.30 -0.18  0.14     0.17    0.10  0.32      0.06   0.12          0.07    0.22         0.09   0.24    1.00  0.37     0.28       0.41     0.26     0.15     0.15         0.17       0.03  0.05     0.07           0.11          0.15  0.12    0.19
CORN          -0.12 -0.05  0.05 -0.01  0.13     0.05    0.03 -0.01     -0.00  -0.05         -0.02   -0.04         0.02  -0.00    0.37  1.00     0.02       0.51     0.42     0.07     0.26         0.30      -0.04  0.09     0.07           0.04          0.13  0.05    0.18
LEANHOG        0.14 -0.03 -0.03  0.10 -0.00    -0.02   -0.04  0.04     -0.01  -0.03         -0.11   -0.04        -0.05  -0.04    0.28  0.02     1.00       0.10     0.04     0.03     0.07         0.09       0.14  0.13     0.03           0.09          0.10 -0.05   -0.07
MILLWHEAT     -0.19 -0.14 -0.17 -0.05  0.02     0.00    0.03  0.08     -0.08  -0.15         -0.08   -0.03        -0.06   0.02    0.41  0.51     0.10       1.00     0.23     0.01     0.11         0.13      -0.01 -0.02    -0.03          -0.00         -0.01  0.07   -0.01
SOYMEAL        0.19  0.27  0.23  0.13 -0.01    -0.01   -0.22  0.02     -0.15  -0.29         -0.07   -0.29        -0.07  -0.28    0.26  0.42     0.04       0.23     1.00    -0.14     0.09         0.10      -0.04  0.06    -0.08          -0.26          0.09  0.25    0.27
BITCOIN       -0.32 -0.19 -0.23 -0.46  0.48     0.23    0.14  0.21      0.40   0.36          0.31    0.33         0.40   0.34    0.15  0.07     0.03       0.01    -0.14     1.00     0.08         0.09       0.04  0.01     0.06          -0.09          0.04 -0.00   -0.04
GAS-PEN       -0.05 -0.18  0.05 -0.29  0.21     0.19    0.06  0.09      0.19   0.18          0.21    0.24         0.22   0.23    0.15  0.26     0.07       0.11     0.09     0.08     1.00         0.95       0.07  0.17    -0.03           0.08          0.25 -0.17    0.26
GAS_US_mini   -0.11 -0.25 -0.04 -0.29  0.15     0.16    0.08  0.11      0.18   0.16          0.15    0.23         0.15   0.23    0.17  0.30     0.09       0.13     0.10     0.09     0.95         1.00       0.08  0.14    -0.01           0.11          0.25 -0.17    0.25
ALUMINIUM      0.06  0.01 -0.02  0.01 -0.05     0.20    0.20  0.11      0.24   0.08          0.11    0.14         0.06   0.13    0.03 -0.04     0.14      -0.01    -0.04     0.04     0.07         0.08       1.00  0.26     0.16           0.25          0.45  0.45    0.25
CAD            0.39  0.21  0.41 -0.15  0.27     0.35    0.21  0.24      0.23   0.18          0.20    0.13         0.29   0.09    0.05  0.09     0.13      -0.02     0.06     0.01     0.17         0.14       0.26  1.00     0.16           0.08          0.39  0.11    0.22
COTTON2       -0.18 -0.07 -0.08 -0.14  0.18     0.25    0.30  0.21      0.12   0.22          0.25    0.28         0.24   0.21    0.07  0.07     0.03      -0.03    -0.08     0.06    -0.03        -0.01       0.16  0.16     1.00           0.32          0.22  0.09    0.20
CRUDE_W_micro -0.12 -0.25 -0.26  0.09 -0.17    -0.05    0.29 -0.03      0.01   0.21         -0.06    0.27        -0.09   0.25    0.11  0.04     0.09      -0.00    -0.26    -0.09     0.08         0.11       0.25  0.08     0.32           1.00          0.24  0.05    0.11
HANGENT_mini   0.09 -0.06  0.02 -0.07  0.17     0.42    0.34  0.25      0.28   0.25          0.25    0.31         0.24   0.30    0.15  0.13     0.10      -0.01     0.09     0.04     0.25         0.25       0.45  0.39     0.22           0.24          1.00  0.44    0.58
IRON           0.10  0.06  0.02  0.19 -0.10     0.11    0.12  0.01     -0.10  -0.07          0.02    0.03        -0.05   0.01    0.12  0.05    -0.05       0.07     0.25    -0.00    -0.17        -0.17       0.45  0.11     0.09           0.05          0.44  1.00    0.31
RUBBER         0.17  0.18  0.09  0.02  0.07     0.20    0.05  0.13     -0.01   0.06          0.02    0.08         0.04   0.07    0.19  0.18    -0.07      -0.01     0.27    -0.04     0.26         0.25       0.25  0.22     0.20           0.11          0.58  0.31    1.00


********************************************************************************
                                 END OF REPORT                                  
********************************************************************************


