
********************************************************************************
                    Risk report produced on 13/05/2025 22:53                    
********************************************************************************


Total risk across all strategies, annualised percentage 6.0
Percentage of capital used for margin 40.4%

========================================
Risk per strategy, annualised percentage
========================================

                  risk
dynamic_TF_carry   6.0


===================
Risk by asset class
===================

Ags       2.0
Bond      2.0
Equity    2.2
FX        2.4
Metals    1.6
OilGas    4.9
Vol       0.2
dtype: float64


=====================================================
Beta loadings of asset class positions on asset class
=====================================================

OilGas   -0.15
Metals   -0.04
Ags      -0.01
Vol      -0.00
Equity    0.12
FX        0.27
Bond      0.42
dtype: float64


========================================================
Beta loadings of full portfolio positions on asset class
========================================================

OilGas   -0.16
Ags      -0.12
Metals   -0.04
Vol      -0.03
FX        0.00
Equity    0.09
Bond      0.35
dtype: float64


====================================================================================================================================================================================================================================================================
                                                                                                                          Instrument risk                                                                                                                           
====================================================================================================================================================================================================================================================================

               daily_price_stdev  annual_price_stdev      price  daily_perc_stdev  annual_perc_stdev  point_size_base  contract_exposure  daily_risk_per_contract  annual_risk_per_contract  position  capital  exposure_held_perc_capital  annual_risk_perc_capital
BRENT-LAST                 1.400              22.404      66.13              2.12               33.9            757.4              50090                     1060                     16969        -1   533065                        -9.4                      -3.2
GAS-PEN                    0.110               1.759       3.68              2.99               47.9           7574.5              27836                      832                     13320        -1   533065                        -5.2                      -2.5
BITCOIN                 2380.078           38081.249  104615.00              2.28               36.4              0.1               7924                      180                      2884        -3   533065                        -4.5                      -1.6
DOW                      580.375            9285.994   42319.00              1.37               21.9              0.4              16027                      219                      3516        -2   533065                        -6.0                      -1.3
DX                         0.526               8.417     100.84              0.52                8.3            757.4              76384                      398                      6375        -1   533065                       -14.3                      -1.2
WHEAT                      7.374             117.980     554.25              1.33               21.3             37.9              20990                      279                      4468        -1   533065                        -3.9                      -0.8
SOYMEAL                    3.165              50.644     299.70              1.06               16.9             75.7              22700                      239                      3836        -1   533065                        -4.3                      -0.7
GAS_US_mini                0.116               1.854       3.97              2.92               46.7           1893.6               7517                      219                      3510        -1   533065                        -1.4                      -0.7
KRWUSD_mini                0.006               0.093       0.71              0.82               13.2          18936.2              13397                      110                      1762        -1   533065                        -2.5                      -0.3
CRUDE_W_micro              1.412              22.598      62.74              2.25               36.0             75.7               4752                      106                      1711        -1   533065                        -0.9                      -0.3
V2X                        0.711              11.369      19.35              3.67               58.8             84.2               1628                       59                       957        -1   533065                        -0.3                      -0.2
CANOLA                     7.957             127.313     690.00              1.15               18.5             10.8               7484                       86                      1380         1   533065                         1.4                       0.3
MXP                        0.000               0.006       0.05              0.71               11.4         378724.8              19443                      138                      2214         1   533065                         3.6                       0.4
MSCISING                   5.616              89.850     395.70              1.42               22.7             58.1              22985                      326                      5219         1   533065                         4.3                       1.0
NIKKEI                   637.634           10202.141   38270.00              1.67               26.7              0.5              19614                      326                      5228         1   533065                         3.7                       1.0
KR10                       0.346               5.543     119.81              0.29                4.6            536.9              64329                      186                      2976         2   533065                        24.1                       1.1
MUMMY                     12.775             204.408     692.00              1.85               29.5              5.1               3546                       65                      1047         6   533065                         4.0                       1.2
BTP                        0.468               7.481     119.31              0.39                6.3            841.8             100433                      393                      6297         1   533065                        18.8                       1.2
LIVECOW                    1.680              26.886     211.42              0.79               12.7            303.0              64057                      509                      8146         1   533065                        12.0                       1.5
YENEUR                     0.939              15.022     164.69              0.57                9.1            640.6             105508                      601                      9623         1   533065                        19.8                       1.8

Sum of abs(notional exposure % capital) 144.4
Sum of abs(annualised risk % capital) 22.3
Net sum of annualised risk % capital -3.3 

==========================================================================================================================================================================================
                                                                                       Correlations                                                                                       
==========================================================================================================================================================================================

               BITCOIN  CANOLA  GAS-PEN  GAS_US_mini  KRWUSD_mini  SOYMEAL  WHEAT   V2X  BRENT-LAST  CRUDE_W_micro   DOW  LIVECOW  MSCISING  MUMMY   MXP  NIKKEI  YENEUR   BTP  KR10    DX
BITCOIN           1.00    0.04     0.03         0.05         0.12     0.01  -0.04 -0.16       -0.02          -0.03  0.22     0.07      0.26  -0.02  0.03    0.15   -0.03  0.09 -0.10  0.01
CANOLA            0.04    1.00     0.09         0.08         0.06     0.06   0.09  0.05        0.01          -0.02  0.06     0.02     -0.03  -0.02  0.01    0.03    0.20 -0.06 -0.20 -0.15
GAS-PEN           0.03    0.09     1.00         0.97         0.17     0.07   0.11 -0.01        0.09           0.10  0.03     0.19      0.09  -0.08  0.07    0.10    0.10 -0.28 -0.19 -0.02
GAS_US_mini       0.05    0.08     0.97         1.00         0.21     0.07   0.05 -0.01        0.07           0.07  0.01     0.22      0.11  -0.04  0.11    0.13    0.19 -0.29 -0.20 -0.06
KRWUSD_mini       0.12    0.06     0.17         0.21         1.00     0.31   0.11  0.13       -0.35          -0.35  0.14    -0.00      0.03   0.08  0.13    0.08   -0.07  0.02  0.08 -0.68
SOYMEAL           0.01    0.06     0.07         0.07         0.31     1.00   0.24  0.01       -0.17          -0.15  0.15     0.09      0.05   0.09  0.00    0.06   -0.12  0.06 -0.05 -0.23
WHEAT            -0.04    0.09     0.11         0.05         0.11     0.24   1.00  0.01        0.04           0.04  0.09    -0.07      0.03   0.00  0.14   -0.00    0.05 -0.11 -0.18 -0.16
V2X              -0.16    0.05    -0.01        -0.01         0.13     0.01   0.01  1.00       -0.39          -0.38 -0.52    -0.34     -0.70  -0.42 -0.27   -0.65   -0.15 -0.21  0.05 -0.19
BRENT-LAST       -0.02    0.01     0.09         0.07        -0.35    -0.17   0.04 -0.39        1.00           0.97  0.17     0.40      0.36   0.24  0.25    0.35    0.23 -0.09 -0.24  0.29
CRUDE_W_micro    -0.03   -0.02     0.10         0.07        -0.35    -0.15   0.04 -0.38        0.97           1.00  0.20     0.39      0.37   0.22  0.24    0.35    0.25 -0.10 -0.22  0.30
DOW               0.22    0.06     0.03         0.01         0.14     0.15   0.09 -0.52        0.17           0.20  1.00     0.16      0.68   0.38  0.06    0.49    0.12  0.15  0.04  0.08
LIVECOW           0.07    0.02     0.19         0.22        -0.00     0.09  -0.07 -0.34        0.40           0.39  0.16     1.00      0.36   0.21  0.24    0.35    0.38 -0.25 -0.22 -0.01
MSCISING          0.26   -0.03     0.09         0.11         0.03     0.05   0.03 -0.70        0.36           0.37  0.68     0.36      1.00   0.46  0.18    0.62    0.11  0.10 -0.07  0.12
MUMMY            -0.02   -0.02    -0.08        -0.04         0.08     0.09   0.00 -0.42        0.24           0.22  0.38     0.21      0.46   1.00  0.16    0.69    0.16  0.04 -0.13 -0.04
MXP               0.03    0.01     0.07         0.11         0.13     0.00   0.14 -0.27        0.25           0.24  0.06     0.24      0.18   0.16  1.00    0.26    0.32  0.00 -0.01 -0.28
NIKKEI            0.15    0.03     0.10         0.13         0.08     0.06  -0.00 -0.65        0.35           0.35  0.49     0.35      0.62   0.69  0.26    1.00    0.27  0.05 -0.15  0.05
YENEUR           -0.03    0.20     0.10         0.19        -0.07    -0.12   0.05 -0.15        0.23           0.25  0.12     0.38      0.11   0.16  0.32    0.27    1.00 -0.50 -0.38 -0.09
BTP               0.09   -0.06    -0.28        -0.29         0.02     0.06  -0.11 -0.21       -0.09          -0.10  0.15    -0.25      0.10   0.04  0.00    0.05   -0.50  1.00  0.57  0.09
KR10             -0.10   -0.20    -0.19        -0.20         0.08    -0.05  -0.18  0.05       -0.24          -0.22  0.04    -0.22     -0.07  -0.13 -0.01   -0.15   -0.38  0.57  1.00 -0.09
DX                0.01   -0.15    -0.02        -0.06        -0.68    -0.23  -0.16 -0.19        0.29           0.30  0.08    -0.01      0.12  -0.04 -0.28    0.05   -0.09  0.09 -0.09  1.00


********************************************************************************
                                 END OF REPORT                                  
********************************************************************************


