
********************************************************************************
                    Risk report produced on 06/11/2025 22:53                    
********************************************************************************


Total risk across all strategies, annualised percentage 11.1
Percentage of capital used for margin 43.9%

========================================
Risk per strategy, annualised percentage
========================================

                  risk
dynamic_TF_carry  11.1


===================
Risk by asset class
===================

Ags       0.9
Bond      2.0
Equity    8.9
FX        4.1
Metals    2.0
OilGas    2.3
dtype: float64


=====================================================
Beta loadings of asset class positions on asset class
=====================================================

FX       -0.08
OilGas   -0.05
Metals   -0.01
Ags       0.02
Bond      0.49
Equity    0.80
dtype: float64


========================================================
Beta loadings of full portfolio positions on asset class
========================================================

OilGas   -0.06
Bond      0.05
Metals    0.10
Ags       0.10
FX        0.28
Equity    0.83
dtype: float64


==================================================================================================================================================================================================================================================================
                                                                                                                         Instrument risk                                                                                                                          
==================================================================================================================================================================================================================================================================

             daily_price_stdev  annual_price_stdev      price  daily_perc_stdev  annual_perc_stdev  point_size_base  contract_exposure  daily_risk_per_contract  annual_risk_per_contract  position  capital  exposure_held_perc_capital  annual_risk_perc_capital
JPY                      0.000               0.001       0.01              0.57                9.2        9575278.9              62761                      360                      5763        -3   617968                       -30.5                      -2.8
GAS-PEN                  0.115               1.838       4.23              2.71               43.4           7660.2              32418                      879                     14077        -1   617968                        -5.2                      -2.3
DAX                    194.233            3107.724   23821.00              0.82               13.0              0.9              20997                      171                      2739        -4   617968                       -13.6                      -1.8
BITCOIN               2896.423           46342.767  101735.00              2.85               45.6              0.1               7793                      221                      3549        -3   617968                        -3.8                      -1.7
GOLD_micro              58.252             932.038    3993.90              1.46               23.3              7.7              30594                      446                      7139        -1   617968                        -5.0                      -1.2
KR10                     0.380               6.087     115.11              0.33                5.3            527.2              60687                      200                      3209        -2   617968                       -19.6                      -1.0
RICE                     0.150               2.396      10.30              1.45               23.3           1532.0              15780                      229                      3670        -1   617968                        -2.6                      -0.6
KRWUSD_mini              0.003               0.055       0.69              0.49                7.9          19150.6              13238                       65                      1047        -3   617968                        -6.4                      -0.5
EUR_micro                0.004               0.066       1.16              0.36                5.7           9575.3              11079                       39                       632        -1   617968                        -1.8                      -0.1
AUD_micro                0.003               0.048       0.65              0.46                7.4           7660.2               4969                       22                       367         3   617968                         2.4                       0.2
MXP                      0.000               0.004       0.05              0.51                8.2         383011.2              20560                      105                      1692         1   617968                         3.3                       0.3
DOW                    328.352            5253.638   47197.00              0.70               11.1              0.4              18076                      125                      2012         1   617968                         2.9                       0.3
BRE                      0.001               0.019       0.19              0.63               10.1          76602.2              14240                       90                      1444         2   617968                         4.6                       0.5
KOSPI_mini               9.009             144.144     574.78              1.57               25.1             26.4              15151                      237                      3799         1   617968                         2.5                       0.6
FTSECHINAA             190.297            3044.754   15444.00              1.23               19.7              0.8              11830                      145                      2332         2   617968                         3.8                       0.8
LEANHOG                  0.959              15.350      79.05              1.21               19.4            306.4              24221                      293                      4703         1   617968                         3.9                       0.8
CAD10                    0.378               6.050     122.93              0.31                4.9            543.1              66766                      205                      3285         2   617968                        21.6                       1.1
YENEUR                   0.762              12.195     176.52              0.43                6.9            621.8             109761                      473                      7583         1   617968                        17.8                       1.2
TOPIX                   34.254             548.064    3324.25              1.03               16.5              5.0              16536                      170                      2726         3   617968                         8.0                       1.3
OAT                      0.326               5.210     122.35              0.27                4.3            881.5             107847                      287                      4592         2   617968                        34.9                       1.5
SILVER                   0.997              15.953      47.92              2.08               33.3            766.0              36711                      763                     12220         1   617968                         5.9                       2.0
FTSETAIWAN              28.617             457.874    2296.75              1.25               19.9             30.6              70374                      876                     14029         1   617968                        11.4                       2.3
AEX                      7.600             121.605     960.25              0.79               12.7            176.3             169285                     1339                     21438         1   617968                        27.4                       3.5
MIB                    314.852            5037.636   42735.00              0.74               11.8              4.4             188347                     1387                     22202         1   617968                        30.5                       3.6

Sum of abs(notional exposure % capital) 269.4
Sum of abs(annualised risk % capital) 32.0
Net sum of annualised risk % capital 8.0 

===================================================================================================================================================================================================================
                                                                                                   Correlations                                                                                                    
===================================================================================================================================================================================================================

              AEX  AUD_micro  BITCOIN   BRE   DAX   DOW  FTSECHINAA  FTSETAIWAN  KOSPI_mini   MIB   MXP  TOPIX  GAS-PEN  YENEUR  CAD10   JPY  KR10   OAT  GOLD_micro  SILVER  EUR_micro  KRWUSD_mini  LEANHOG  RICE
AEX          1.00       0.41     0.32  0.39  0.64  0.61        0.42        0.57        0.45  0.65  0.25   0.58     0.07    0.07   0.04 -0.11 -0.12  0.07        0.20    0.31      -0.08         0.02     0.12 -0.18
AUD_micro    0.41       1.00     0.35  0.52  0.59  0.49        0.43        0.56        0.47  0.59  0.46   0.54     0.04    0.18  -0.04  0.29 -0.09  0.04        0.25    0.34       0.57         0.51     0.30  0.11
BITCOIN      0.32       0.35     1.00  0.20  0.42  0.45        0.20        0.40        0.28  0.39  0.20   0.41     0.00    0.16  -0.05 -0.15 -0.06 -0.02       -0.10    0.08       0.00        -0.02    -0.01  0.07
BRE          0.39       0.52     0.20  1.00  0.35  0.37        0.33        0.45        0.46  0.46  0.53   0.45     0.18    0.15   0.08  0.06 -0.16  0.09        0.18    0.27       0.27         0.20     0.18 -0.11
DAX          0.64       0.59     0.42  0.35  1.00  0.69        0.42        0.65        0.42  0.86  0.36   0.71     0.07    0.21  -0.04 -0.09 -0.05  0.03        0.16    0.41       0.07         0.13     0.18  0.00
DOW          0.61       0.49     0.45  0.37  0.69  1.00        0.39        0.64        0.44  0.68  0.22   0.66     0.09    0.14  -0.01 -0.13 -0.04 -0.02       -0.03    0.21      -0.04         0.09     0.18 -0.11
FTSECHINAA   0.42       0.43     0.20  0.33  0.42  0.39        1.00        0.42        0.28  0.51  0.31   0.49     0.07    0.18  -0.17 -0.06 -0.14 -0.11        0.01    0.23       0.10         0.04     0.23 -0.08
FTSETAIWAN   0.57       0.56     0.40  0.45  0.65  0.64        0.42        1.00        0.70  0.68  0.44   0.81     0.10    0.36  -0.14 -0.24 -0.19 -0.04        0.07    0.31       0.08         0.08     0.10 -0.02
KOSPI_mini   0.45       0.47     0.28  0.46  0.42  0.44        0.28        0.70        1.00  0.52  0.39   0.67     0.13    0.39  -0.20 -0.28 -0.37 -0.07        0.10    0.21       0.12         0.07    -0.06 -0.11
MIB          0.65       0.59     0.39  0.46  0.86  0.68        0.51        0.68        0.52  1.00  0.38   0.76     0.07    0.21  -0.15 -0.15 -0.19 -0.13        0.08    0.35       0.01         0.06     0.21  0.02
MXP          0.25       0.46     0.20  0.53  0.36  0.22        0.31        0.44        0.39  0.38  1.00   0.40     0.03    0.34  -0.10  0.01 -0.08  0.03        0.17    0.32       0.37         0.20     0.14 -0.06
TOPIX        0.58       0.54     0.41  0.45  0.71  0.66        0.49        0.81        0.67  0.76  0.40   1.00     0.20    0.41  -0.14 -0.29 -0.27 -0.12        0.10    0.28       0.08         0.01     0.11 -0.03
GAS-PEN      0.07       0.04     0.00  0.18  0.07  0.09        0.07        0.10        0.13  0.07  0.03   0.20     1.00    0.14   0.01 -0.21 -0.28 -0.19        0.02    0.05      -0.13        -0.17     0.00  0.09
YENEUR       0.07       0.18     0.16  0.15  0.21  0.14        0.18        0.36        0.39  0.21  0.34   0.41     0.14    1.00  -0.41 -0.66 -0.43 -0.41       -0.20    0.06       0.19        -0.16     0.05 -0.05
CAD10        0.04      -0.04    -0.05  0.08 -0.04 -0.01       -0.17       -0.14       -0.20 -0.15 -0.10  -0.14     0.01   -0.41   1.00  0.39  0.49  0.63        0.15    0.01       0.05        -0.06    -0.15 -0.12
JPY         -0.11       0.29    -0.15  0.06 -0.09 -0.13       -0.06       -0.24       -0.28 -0.15  0.01  -0.29    -0.21   -0.66   0.39  1.00  0.43  0.37        0.31   -0.01       0.58         0.51     0.11  0.12
KR10        -0.12      -0.09    -0.06 -0.16 -0.05 -0.04       -0.14       -0.19       -0.37 -0.19 -0.08  -0.27    -0.28   -0.43   0.49  0.43  1.00  0.43        0.09   -0.11       0.07         0.15    -0.08  0.06
OAT          0.07       0.04    -0.02  0.09  0.03 -0.02       -0.11       -0.04       -0.07 -0.13  0.03  -0.12    -0.19   -0.41   0.63  0.37  0.43  1.00        0.37    0.12       0.03         0.14    -0.04 -0.17
GOLD_micro   0.20       0.25    -0.10  0.18  0.16 -0.03        0.01        0.07        0.10  0.08  0.17   0.10     0.02   -0.20   0.15  0.31  0.09  0.37        1.00    0.70       0.20         0.15     0.13 -0.02
SILVER       0.31       0.34     0.08  0.27  0.41  0.21        0.23        0.31        0.21  0.35  0.32   0.28     0.05    0.06   0.01 -0.01 -0.11  0.12        0.70    1.00       0.05         0.01     0.22  0.08
EUR_micro   -0.08       0.57     0.00  0.27  0.07 -0.04        0.10        0.08        0.12  0.01  0.37   0.08    -0.13    0.19   0.05  0.58  0.07  0.03        0.20    0.05       1.00         0.48     0.20  0.13
KRWUSD_mini  0.02       0.51    -0.02  0.20  0.13  0.09        0.04        0.08        0.07  0.06  0.20   0.01    -0.17   -0.16  -0.06  0.51  0.15  0.14        0.15    0.01       0.48         1.00     0.09  0.08
LEANHOG      0.12       0.30    -0.01  0.18  0.18  0.18        0.23        0.10       -0.06  0.21  0.14   0.11     0.00    0.05  -0.15  0.11 -0.08 -0.04        0.13    0.22       0.20         0.09     1.00  0.16
RICE        -0.18       0.11     0.07 -0.11  0.00 -0.11       -0.08       -0.02       -0.11  0.02 -0.06  -0.03     0.09   -0.05  -0.12  0.12  0.06 -0.17       -0.02    0.08       0.13         0.08     0.16  1.00


********************************************************************************
                                 END OF REPORT                                  
********************************************************************************


