
********************************************************************************
                    Roll report produced on 08/10/2026 22:47                    
********************************************************************************



==========================================================================================================================================================
                                                             Status and time to roll in days                                                              
==========================================================================================================================================================

                   status  roll_expiry  price_expiry  carry_expiry contract_priced contract_fwd  position_priced  relative_volume_fwd  contract_volume_fwd
MILKDRY           No_Open          -99            81            53        20261200     20270100              0.0                0.692                   36
VIX_mini          No_Open          -48            12           -23        20261000     20261100              0.0                0.078                  139
STEEL             No_Open          -44            46            18        20261100     20261200              0.0                0.646                   81
OATIES            No_Open          -24            66           -25        20261200     20270300              0.0                0.158                   48
LUMBER-new        No_Open          -15            35            98        20261100     20270100              0.0                0.260                   75
GASOILINE_micro   No_Open          -10            20            49        20261100     20261200              0.0                0.000                    0
GASOILINE         Passive           -8            52            21        20261200     20270100              1.0                0.386                 4091
GICS              No_Open           -4             6            38        20261000     20261100              0.0                0.000                    0
IBEX              No_Open           -3             7            42        20261000     20261100              0.0                0.002                   13
IBEX_mini         No_Open           -3             7            42        20261000     20261100              0.0                0.034                   87
KOSPI_mini        No_Open           -2            -1            34        20261000     20261100              0.0                0.395                31237
BOVESPA           No_Open            0             5            68        20261000     20261200              0.0                0.000                    0
SUGAR16           No_Open            0            60            -1        20270100     20270300              0.0                0.346                   14
KRWUSD            No_Open            0            10            38        20261000     20261100              0.0                1.084                   26
CRUDE_W_mini      No_Open            1            41            10        20261200     20270100              0.0                0.052                   16
CAC               No_Open            2             7            42        20261000     20261100              0.0                0.001                   28
CHINAA-CON        No_Open            2             7            42        20261000     20261100              0.0                0.001                    2
AEX_mini          No_Open            2             7            42        20261000     20261100              0.0                0.000                    0
AEX               No_Open            2             7            42        20261000     20261100              0.0                0.000                    4
COAL              No_Roll            4            49            21        20261100     20261200              0.0                0.164                   13
COAL-GEORDIE      No_Open            4            49            21        20261100     20261200              0.0                0.495                    4
TWD               No_Open            5            10            38        20261000     20261100              0.0                0.154                  180
CNH-onshore       No_Open            5            10            38        20261000     20261100              0.0                0.000                    0
WHEAT             No_Roll            6            66           -25        20261200     20271200              0.0                0.004                  123
SOYOIL            Passive            7            97            66        20270100     20270300              0.0                0.710                 5825
SOYMEAL           Passive            7            97            66        20270100     20270300              2.0                0.605                 7243
RICE              No_Roll            7            97            35        20270100     20270300              0.0                0.167                   21
INR               No_Roll            9            19            48        20261000     20261100              0.0                0.072                   12
FTSECHINAA        No_Roll           10            20            49        20261000     20261100              0.0                0.012                 2016
HANGENT_mini      No_Roll           10            20            49        20261000     20261100              0.0                0.012                   41
FTSEVIET          No_Roll           10            20            49        20261000     20261100              0.0                0.000                    0
FTSETAIWAN        No_Roll           10            20            49        20261000     20261100              0.0                0.000                    9
FTSEINDO          No_Roll           10            20            49        20261000     20261100              0.0                0.000                    0
GAS_US_mini       No_Roll           11            46            18        20261200     20270100             -1.0                0.351                   16
GAS-PEN           No_Roll           11            46            18        20261200     20270100              0.0                  NaN                    0
BRENT-LAST        No_Roll           12            52            21        20270100     20270200              1.0                0.019                   55
SGX               No_Roll           13            23            53        20261100     20261200              0.0                0.000                    0
HANG_mini         No_Roll           15            20            49        20261000     20261100              0.0                0.011                  397
MSCITAIWAN        No_Roll           15            20            49        20261000     20261100              0.0                0.000                    0
MSCISING          No_Roll           15            20            49        20261000     20261100              0.0                0.000                    7
HANGTECH          No_Roll           15            20            49        20261000     20261100              0.0                0.001                   63
HANG              No_Roll           15            20            49        20261000     20261100              0.0                0.003                  122
HANGENT           No_Roll           15            20            49        20261000     20261100              0.0                0.002                  111
FTSECHINAH        No_Roll           15            20            49        20261000     20261100              0.0                0.000                    0
CLP               No_Roll           16            21            52        20261100     20261200              0.0                0.000                    0
BRE               No_Roll           16            21            52        20261100     20261200              0.0                0.005                  149
COPPER-mini       No_Roll           17            47           138        20261200     20270300              0.0                0.070                    2
GOLD-mini         No_Roll           17            47           110        20261200     20270200              0.0                0.008                    7
COPPER-micro      Passive           17            47            81        20261200     20270300             -1.0                0.035                  162
TWD-mini          No_Roll           18            23            53        20261100     20261200              0.0                0.000                    0
IG                No_Roll           18            23            53        20261100     20261200              0.0           784975.562                   78
HIGHYIELD         No_Roll           18            23            53        20261100     20261200              0.0          1395327.468                  139
RUBBER            No_Roll           22            52            82        20261200     20270100              1.0                1.015                 3524
COPPER_LME        No_Roll           23            68           103        20261200     20270100              0.0                0.221                   36
LEAD_LME          No_Roll           23            68           103        20261200     20270100              0.0                0.232                   34
NICKEL_LME        No_Roll           23            68           103        20261200     20270100              0.0                0.071                   22
TIN_LME           No_Roll           23            68           103        20261200     20270100              0.0                0.243                    1
ZINC_LME          No_Roll           23            68           103        20261200     20270100              0.0                0.198                   47
KRWUSD_mini       No_Roll           28            38            73        20261100     20261200              0.0                0.003                   11
SGD               No_Roll           28            38            66        20261100     20261200              0.0                0.000                    0
CRUDE_W_micro     No_Roll           30            70            41        20270100     20270200              0.0                0.142                  149
VNKI              No_Roll           35            95            60        20270100     20270200              0.0                0.000                    0
DX                No_Roll           36            66           157        20261200     20270300              0.0                0.000                    7
WHEAT_mini        No_Roll           36            66           154        20261200     20270300              0.0                0.052                   14
CORN_mini         No_Roll           36            66           154        20261200     20270300              0.0                0.060                   22
SILVER            No_Roll           36            81            47        20261200     20270300              0.0                0.006                  103
ALUMINIUM         No_Roll           36            81           110        20261200     20270100              0.0                0.034                    2
COTTON            No_Roll           37            42           133        20261200     20270300              0.0                0.000                    0
SPI200            No_Roll           39            69            84        20261200     20270300              0.0                0.000                    0
FTSE100           No_Roll           40            70           161        20261200     20270300              0.0                0.000                    1
HOUSE-US          No_Roll           40            45           136        20261100     20270200              0.0                  NaN                    0
BUTTER            No_Roll           41            81            53        20261200     20270100              0.0                0.855                   45
WHEY              No_Roll           41            81            53        20261200     20270100              0.0                1.472                    3
CHEESE            No_Roll           41            81            53        20261200     20270100              0.0                0.676                   73
BRENT_W           No_Roll           42            82            52        20270200     20270300              0.0                0.679                18939
VIX               No_Roll           43           103            68        20270100     20270200              0.0                0.466                 1425
JGB-mini          No_Roll           43            63           154        20261200     20270300              0.0                  NaN                    0
V2X               No_Roll           43           103            68        20270100     20270200              0.0                0.075                   71
JGB-SGX-mini      No_Roll           43            63           154        20261200     20270300              0.0                0.000                    1
ETHER-micro       No_Roll           44            49            76        20261100     20261200              0.0                0.128                   62
HEATOIL-ICE       No_Roll           44            49            82        20261200     20270100              0.0                0.019                    6
GASOILINE_ICE     No_Roll           44            49            82        20261200     20270100              0.0                0.188                   30
ETHEREUM          No_Roll           44            49            76        20261100     20261200              0.0                0.043                    4
BITCOIN           No_Roll           45            49            76        20261100     20261200              0.0                0.190                   75
JGB               No_Roll           46            66           157        20261200     20270300              0.0                0.000                    1
GAS-LAST          No_Roll           46            81            47        20270100     20270200              0.0                0.594                   34
GAS_US            No_Roll           46            81            47        20270100     20270200              0.0                0.367                 4076
US10U             No_Roll           48            73           161        20261200     20270300             -1.0                0.000                    1
US20              No_Roll           48            73           161        20261200     20270300              0.0                0.000                   52
US10              No_Roll           48            73           161        20261200     20270300             -3.0                0.000                   95
US30              No_Roll           48            73           161        20261200     20270300              0.0                0.000                   20
CAD2              No_Roll           50            70           161        20261200     20270300              0.0                0.000                    0
CAD10             No_Roll           50            70           161        20261200     20270300              0.0                0.000                    0
CAD5              No_Roll           50            70           161        20261200     20270300              0.0                0.000                    0
GOLD              No_Roll           51            81           138        20261200     20270200              0.0                0.011                  580
OJ                No_Roll           51            91           152        20270100     20270300              0.0                0.114                   15
FED               No_Roll           51           231           203        20270500     20270600              0.0                0.305                  889
PALLAD            No_Roll           51            81           171        20261200     20270300              0.0                0.015                   37
GOLD_micro        No_Roll           51            81           138        20261200     20270200             -1.0                0.016                 1874
SOYBEAN_mini      No_Roll           52            97           154        20270100     20270300              0.0                0.390                   44
IRON              No_Roll           52           112            83        20270100     20270200              0.0                0.297                 3063
HEATOIL           No_Roll           52           112            83        20270200     20270300              0.0                1.362                 1560
MILKWET           No_Roll           54           144           116        20270200     20270300              0.0                0.439                   11
BUXL              No_Roll           55            60           150        20261200     20270300             -1.0                0.000                    1
SHATZ             No_Roll           55            60           150        20261200     20270300              0.0                0.000                    0
BTP               No_Roll           55            60           150        20261200     20270300             -1.0                0.000                   17
BOBL              No_Roll           55            60           150        20261200     20270300              0.0                0.000                    1
BUND              No_Roll           55            60           150        20261200     20270300              0.0                0.000                    6
BONO              No_Roll           55            60           150        20261200     20270300              0.0                0.000                    0
BTP3              No_Roll           55            60           150        20261200     20270300              0.0                0.000                    0
CH10              No_Roll           55            60           150        20261200     20270300              0.0                0.000                    0
OAT               No_Roll           55            60           150        20261200     20270300              0.0                0.000                    6
IRS               No_Roll           56            66           157        20261200     20270300              0.0                0.000                    0
NZD               No_Roll           56            66           157        20261200     20270300              0.0                0.000                    2
CNH               No_Roll           56            66           101        20261200     20270100              0.0                0.014                  818
MILK              No_Roll           56           116            81        20270100     20270200              0.0                0.697                   50
SGD_mini          No_Roll           56            66           101        20261200     20270100              0.0                0.000                    0
PLN               No_Roll           56            66           157        20261200     20270300              0.0                0.000                    0
TOPIX             No_Roll           57            62           153        20261200     20270300              0.0                0.001                   14
JP-REALESTATE     No_Roll           57            62           153        20261200     20270300              0.0                0.069                   11
NIKKEI            No_Roll           57            62            90        20261200     20270300              0.0                0.011                 3445
MUMMY             No_Roll           57            62           153        20261200     20270300              0.0                0.012                   17
NIKKEI400         No_Roll           57            62           153        20261200     20270300              0.0                0.000                    0
US2               No_Roll           58            83           173        20261200     20270300              0.0                0.000                   46
US3               No_Roll           58            83           173        20261200     20270300              0.0                0.000                    0
ALUMINIUM_LME     No_Roll           58           103           131        20270100     20270200              0.0                0.195                   19
US5               No_Roll           58            83           173        20261200     20270300              0.0                0.000                   10
R1000             No_Roll           60            70           161        20261200     20270300              0.0                0.000                    0
EU-CONSTRUCTION   No_Roll           60            70           161        20261200     20270300              0.0                0.000                    0
OMX               No_Roll           60            70           161        20261200     20270300              0.0                  NaN                    0
EU-BANKS          No_Roll           60            70           161        20261200     20270300              0.0                0.000                    0
EU-INSURE         No_Roll           60            70           161        20261200     20270300              0.0                0.000                    0
EU-CHEM           No_Roll           60            70           161        20261200     20270300              0.0                0.000                    0
KOSDAQ            No_Roll           61            62           153        20261200     20270300              0.0                0.000                    5
NOK               No_Roll           61            66           157        20261200     20270300              0.0                0.000                    0
MXP               No_Roll           61            66           157        20261200     20270300              0.0                0.000                    1
EURAUD            No_Roll           61            66           157        20261200     20270300              0.0                0.000                    0
EURCHF            No_Roll           61            66           157        20261200     20270300              0.0                0.000                    0
CZK               No_Roll           61            66           157        20261200     20270300              0.0                0.000                    0
JPY_mini          No_Roll           61            66           157        20261200     20270300              0.0                0.250                    6
AUD_micro         No_Roll           61            66           157        20261200     20270300              0.0                0.002                    2
KOSPI             No_Roll           61            62           153        20261200     20270300              0.0                0.000                   21
CHFJPY            No_Roll           61            66           157        20261200     20270300              0.0                0.000                    0
YENEUR            No_Roll           61            66           157        20261200     20270300              0.0                0.000                    0
CHF_micro         No_Roll           61            66           157        20261200     20270300              0.0                0.004                    1
GBPJPY            No_Roll           61            66           157        20261200     20270300              0.0                0.000                    0
CHF               No_Roll           61            66           157        20261200     20270300             -3.0                0.000                    4
GBP               No_Roll           61            66           157        20261200     20270300              0.0                0.000                    8
GBPCHF            No_Roll           61            66           157        20261200     20270300              0.0                0.000                    0
EUR               No_Roll           61            66           157        20261200     20270300              0.0                0.003                  259
AUD               No_Roll           61            66           157        20261200     20270300              0.0                0.000                    9
EURCAD            No_Roll           61            66           157        20261200     20270300              0.0                0.000                    0
GBPEUR            No_Roll           61            66           157        20261200     20270300              0.0                0.008                   15
GBP_micro         No_Roll           61            66           157        20261200     20270300              0.0                0.005                    5
EUR_mini          No_Roll           61            66           157        20261200     20270300              0.0                0.004                    4
JPY               No_Roll           61            66           157        20261200     20270300              0.0                0.001                   26
EUR_micro         No_Roll           61            66           157        20261200     20270300              0.0                0.017                  156
ZAR               No_Roll           61            66           157        20261200     20270300              1.0                0.000                    0
AUDJPY            No_Roll           61            66           157        20261200     20270300              0.0                0.000                    0
SEK               No_Roll           61            66           157        20261200     20270300              0.0                0.016                    2
CAD_micro         No_Roll           62            67           158        20261200     20270300              0.0                0.003                    3
CAD               No_Roll           62            67           158        20261200     20270300             -3.0                0.004                  159
BBCOMM            No_Roll           63            68           159        20261200     20270300              0.0                0.017                    5
SWISSLEAD         No_Roll           65            70           161        20261200     20270300              0.0                  NaN                    0
EU-DJ-TELECOM     No_Roll           65            70           161        20261200     20270300              0.0                0.000                    0
SP400             No_Roll           65            70           161        20261200     20270300              0.0                0.000                    0
EU-TRAVEL         No_Roll           65            70           161        20261200     20270300              0.0                0.000                    0
EU-DJ-TECH        No_Roll           65            70           161        20261200     20270300              0.0                0.000                    0
EPRA-EUROPE       No_Roll           65            70           161        20261200     20270300              0.0                0.000                    0
RUSSELL_mini      No_Roll           65            70           161        20261200     20270300              0.0                0.000                   66
EU-RETAIL         No_Roll           65            70           161        20261200     20270300              0.0                0.000                    0
EU-OIL            No_Roll           65            70           161        20261200     20270300              0.0                0.000                    0
US-STAPLES        No_Roll           65            70           161        20261200     20270300              0.0                0.000                    0
EU-BASIC          No_Roll           65            70           161        20261200     20270300              1.0                0.000                    0
NASDAQ            No_Roll           65            70           161        20261200     20270300              0.0                0.001                  409
EU-FOOD           No_Roll           65            70           161        20261200     20270300              0.0                0.000                    0
EURO600           No_Roll           65            70           161        20261200     20270300              0.0                0.000                    0
DOW               No_Roll           65            70           161        20261200     20270300              0.0                0.002                  184
SMI-MID           No_Roll           65            70           161        20261200     20270300              0.0                0.000                    0
EU-MID            No_Roll           65            70           161        20261200     20270300              0.0                0.000                    0
SP500_micro       No_Roll           65            70           161        20261200     20270300              2.0                0.001                 1133
US-INDUSTRY       No_Roll           65            70           161        20261200     20270300              0.0                0.000                    0
US-DISCRETE       No_Roll           65            70           161        20261200     20270300              0.0                0.000                    0
EU-DJ-UTIL        No_Roll           65            70           161        20261200     20270300              0.0                0.000                    0
GASOIL            No_Roll           65           125            95        20270200     20270300              0.0                1.333                 4761
EU-REALESTATE     No_Roll           65            70           161        20261200     20270300              0.0                0.000                    0
US-MATERIAL       No_Roll           65            70           161        20261200     20270300              0.0                0.000                    0
EUROSTX           No_Roll           65            70           161        20261200     20270300              0.0                0.000                   26
DAX               No_Roll           65            70           161        20261200     20270300              0.0                0.000                    7
EU-AUTO           No_Roll           65            70           161        20261200     20270300              0.0                0.000                    0
EU-UTILS          No_Roll           65            70           161        20261200     20270300              0.0                0.000                    0
RUSSELL           No_Roll           65            70           161        20261200     20270300             -1.0                0.002                  138
US-ENERGY         No_Roll           65            70           161        20261200     20270300              0.0                0.000                    0
FANG              No_Roll           65            70           161        20261200     20270300              0.0                0.000                    0
EUROSTX-SMALL     No_Roll           65            70           161        20261200     20270300              0.0                0.000                    0
US-HEALTH         No_Roll           65            70           161        20261200     20270300              0.0                0.000                    0
CRUDE_ICE         No_Roll           65            70           102        20270100     20270200              0.0                0.431                  147
EUROSTX-LARGE     No_Roll           65            70           161        20261200     20270300              0.0                0.000                    0
MIB               No_Roll           65            70           161        20261200     20270300              0.0                0.000                    0
EU-DJ-OIL         No_Roll           65            70           161        20261200     20270300              0.0                0.000                    0
NASDAQ_micro      No_Roll           65            70           161        20261200     20270300              1.0                0.001                 1945
MSCIASIA          No_Roll           65            70           161        20261200     20270300              0.0                0.000                    0
DOW_mini          No_Roll           65            70           161        20261200     20270300              0.0                0.002                  107
MSCIEAFA          No_Roll           65            70           161        20261200     20270300              0.0                  NaN                    0
SP500             No_Roll           65            70           161        20261200     20270300              0.0                0.000                  427
EUROSTX200-LARGE  No_Roll           65            70           161        20261200     20270300              0.0                0.000                    0
EU-MEDIA          No_Roll           65            70           161        20261200     20270300              0.0                0.000                    0
EU-DIV30          No_Roll           65            70           161        20261200     20270300              0.0                0.000                    0
MSCIWORLD         No_Roll           65            70           161        20261200     20270300              0.0                0.000                    0
EU-TECH           No_Roll           65            70           161        20261200     20270300              0.0                0.000                    0
FTSE250           No_Roll           65            70           161        20261200     20270300              0.0                0.000                    0
EU-HEALTH         No_Roll           65            70           161        20261200     20270300              0.0                0.000                    0
US-UTILS          No_Roll           65            70           161        20261200     20270300              0.0                0.000                    0
SMI               No_Roll           65            70           161        20261200     20270300              0.0                0.000                    4
EU-HOUSE          No_Roll           65            70           161        20261200     20270300              0.0                0.000                    0
KR3               No_Roll           66            67           158        20261200     20270300              0.0                  NaN                    0
KR10              No_Roll           66            67           158        20261200     20270300              0.0                0.000                    2
US-REALESTATE     No_Roll           68            70           161        20261200     20270300              0.0                0.000                    0
SOFR              No_Roll           75          1075           983        20290600     20290900              0.0                0.856                21283
SONIA3            No_Roll           75          1075           984        20290600     20290900              0.0                0.887                 7780
GILT              No_Roll           76            81           167        20261200     20270300              0.0                0.000                   19
FEEDCOW           No_Roll           77           167           111        20270300     20270400              0.0                0.243                  294
PLAT              No_Roll           80           110           201        20270100     20270400             -1.0                0.020                  144
LIVECOW           No_Roll           80           140            83        20270200     20270400              0.0                0.862                 3203
MILLWHEAT         No_Roll           92           152            62        20270300     20270500              0.0                0.167                 2021
CANOLA            No_Roll           94           154            97        20270300     20270500              0.0                0.326                 1775
EURIBOR           No_Roll          101           801           710        20281200     20290300              0.0                0.315                   57
EURIBOR-ICE       No_Roll          101           801           710        20281200     20290300              0.0                0.606                25202
ROBUSTA           No_Roll          115           165           108        20270300     20270500              0.0                0.248                  456
WHEAT_ICE         No_Roll          124           224           165        20270500     20271100              0.0                0.081                   13
REDWHEAT          No_Roll          127           217           154        20270500     20270700              0.0                1.545                 1179
LEANHOG           No_Roll          127           187           126        20270400     20270600             -2.0                0.637                 2034
SUGAR_WHITE       No_Roll          128           188           126        20270500     20270800              0.0                0.302                  520
SARONA            No_Roll          140           340           249        20270600     20270900              0.0                0.556                 2514
COPPER            No_Roll          141           171           201        20270300     20270700              0.0                0.055                   34
SUGAR11           No_Roll          143           203           140        20270500     20270700              0.0                0.706                10654
COTTON2           No_Roll          149           209           150        20270500     20270700              0.0                0.321                  592
COCOA             No_Roll          166           216           157        20270500     20270700              0.0                0.654                  910
COCOA_LDN         No_Roll          166           216           154        20270500     20270700              0.0                0.786                  774
EUA               No_Roll          167           437           353        20271200     20281200              0.0                0.099                  100
COFFEE            No_Roll          171           221           160        20270500     20270700              0.0                0.466                  440
MSCIEMASIA        No_Roll          247           252           616        20270600     20280600              0.0                0.000                    0
SOYBEAN           No_Roll          339           399           340        20271100     20281100              0.0                0.003                    6
CRUDE_W           No_Roll          366           406           376        20271200     20281200              0.0                0.160                 2185
CORN              No_Roll          371           431           340        20271200     20281200              0.0                0.007                   23

Roll_exp is days until preferred roll set by roll parameters. Prc_exp is days until price contract expires, Crry_exp is days until carry contract expires
Contract suffix: p=price, f=forward, c=carry
Contract volumes over recent days, normalised so largest volume is 1.0

********************************************************************************
                                 END OF REPORT                                  
********************************************************************************


