
********************************************************************************
                   Status report produced on 05/02/2026 22:58                   
********************************************************************************


Delayed methods: No delays
Delayed adjusted / FX prices: No delays

===============================================
           Delayed optimal positions           
===============================================

                                    last_update
dynamic_TF_carry/SGX 2024-12-02 22:31:28.544775

Instruments at trade limit: No constraints

================================================
         Instruments at position limit          
================================================

                 keys  position pos_limit  spare
122               SGX         0       0.0    0.0
57            TIN_LME         0       0.0    0.0
146           SMI-MID         0       0.0    0.0
148            KRWUSD         0       0.0    0.0
149              VNKI         0       0.0    0.0
154               MIB         1       1.0    0.0
50               GICS         0       0.0    0.0
49               COAL         0       0.0    0.0
156           EU-CHEM         0       0.0    0.0
158  EUROSTX200-LARGE         0       0.0    0.0
161   GASOILINE_micro         0       0.0    0.0
45             EURCAD         0       0.0    0.0
163            BUTTER         0       0.0    0.0
165               CLP         0       0.0    0.0
175            YENEUR         2       2.0    0.0
40           EU-MEDIA         0       0.0    0.0
140           MILKDRY         0       0.0    0.0
177       HEATOIL-ICE         0       0.0    0.0
59           AEX_mini         0       0.0    0.0
135          JGB-mini         0       0.0    0.0
90             GBPJPY         0       0.0    0.0
95             NASDAQ         0       0.0    0.0
103          JPY_mini         0       0.0    0.0
105       CNH-onshore         0       0.0    0.0
77             COTTON         0       0.0    0.0
106              WHEY         0       0.0    0.0
112             STEEL         0       0.0    0.0
113                IG         0       0.0    0.0
118           BOVESPA         0       0.0    0.0
70              R1000         0       0.0    0.0
123      COAL-GEORDIE         0       0.0    0.0
127     EUROSTX-LARGE         0       0.0    0.0
66             EURAUD         0       0.0    0.0
134               IRS         0       0.0    0.0
62           HOUSE-US         0       0.0    0.0
137            PALLAD         0       0.0    0.0
38          SWISSLEAD         0       0.0    0.0
172         EU-RETAIL         0       0.0    0.0
181          SGD_mini         0       0.0    0.0
2            ETHEREUM         0       0.0    0.0
3           EU-TRAVEL         0       0.0    0.0
236          TWD-mini         0       0.0    0.0
6                CH10         0       0.0    0.0
233               SEK         0       0.0    0.0
9       EU-DJ-TELECOM         0       0.0    0.0
10                CZK         0       0.0    0.0
229          MSCIEAFA         2       2.0    0.0
12    EU-CONSTRUCTION         0       0.0    0.0
223         HIGHYIELD         0       0.0    0.0
14                AEX         1       1.0    0.0
218         CHF_micro         0       0.0    0.0
212            EURCHF         0       0.0    0.0
19             AUDJPY         0       0.0    0.0
21                JGB         0       0.0    0.0
217            CHFJPY         0       0.0    0.0
191               PLN         0       0.0    0.0
34         BRENT-LAST         1       1.0    0.0
33         EU-DJ-TECH         0       0.0    0.0
32        COPPER-mini         0       0.0    0.0
190               NOK         0       0.0    0.0
198             SP400         0       0.0    0.0
202       EPRA-EUROPE         0       0.0    0.0
203               OMX         0       0.0    0.0
87         COPPER_LME         0       0.0    0.0
206          EU-HOUSE         0       0.0    0.0
207           MILKWET         0       0.0    0.0
204               TWD         0       0.0    0.0


=========================================================
         Overrides in database consider deleting         
=========================================================

                                                 override
NICKEL_LME             Override Close because in database
OATIES           Override Reduce only because in database
RICE             Override Reduce only because in database
VIX_mini         Override Reduce only because in database
LUMBER-new       Override Reduce only because in database
STEEL            Override Reduce only because in database
COPPER-mini      Override Reduce only because in database
KRWUSD           Override Reduce only because in database
COAL             Override Reduce only because in database
IBEX_mini        Override Reduce only because in database
IBEX             Override Reduce only because in database
GICS             Override Reduce only because in database
CHINAA-CON       Override Reduce only because in database
COAL-GEORDIE     Override Reduce only because in database
SILVER           Override Reduce only because in database
WHEY             Override Reduce only because in database
BOVESPA          Override Reduce only because in database
WHEAT_mini       Override Reduce only because in database
CORN_mini        Override Reduce only because in database
CRUDE_W_mini     Override Reduce only because in database
WHEAT_ICE        Override Reduce only because in database
VNKI             Override Reduce only because in database
GASOILINE_micro  Override Reduce only because in database

Locked instruments (position mismatch): []

==============================================
Status of adjusted price / FX price collection
==============================================

                         last_update
SGX              2026-02-02 23:00:00
SGD_mini         2026-02-04 23:00:00
OMX              2026-02-04 23:00:00
JGB-mini         2026-02-04 23:00:00
CNH-onshore      2026-02-04 23:00:00
EPRA-EUROPE      2026-02-04 23:00:00
IRS              2026-02-04 23:00:00
SGD              2026-02-04 23:00:00
COTTON           2026-02-04 23:00:00
HOUSE-US         2026-02-04 23:00:00
KRWUSD           2026-02-04 23:00:00
CLP              2026-02-04 23:00:00
CZK              2026-02-04 23:00:00
SUGAR16          2026-02-04 23:00:00
TWD-mini         2026-02-04 23:00:00
BOVESPA          2026-02-04 23:00:00
TIN_LME          2026-02-04 23:00:00
GASOILINE_micro  2026-02-04 23:00:00
SWISSLEAD        2026-02-04 23:00:00
EUROSTX-LARGE    2026-02-04 23:00:00
GAS-PEN          2026-02-04 23:00:00
FTSEVIET         2026-02-04 23:00:00
MSCIEMASIA       2026-02-04 23:00:00
HANGENT_mini     2026-02-05 03:00:00
TWD              2026-02-05 03:00:00
MUMMY*           2026-02-05 04:00:00
FTSEINDO         2026-02-05 04:00:00
KRWUSD_mini*     2026-02-05 04:00:00
SPI200           2026-02-05 04:00:00
KR3              2026-02-05 04:00:00
KR10*            2026-02-05 05:00:00
KOSPI_mini       2026-02-05 05:00:00
HANGTECH*        2026-02-05 05:00:00
KOSDAQ           2026-02-05 05:00:00
JP-REALESTATE    2026-02-05 05:00:00
JGB-SGX-mini     2026-02-05 05:00:00
JGB              2026-02-05 05:00:00
IRON             2026-02-05 05:00:00
HANG_mini        2026-02-05 05:00:00
HANGENT          2026-02-05 05:00:00
HANG             2026-02-05 05:00:00
FTSETAIWAN       2026-02-05 05:00:00
FTSECHINAH       2026-02-05 05:00:00
KOSPI            2026-02-05 05:00:00
MSCISING         2026-02-05 05:00:00
FTSECHINAA*      2026-02-05 05:00:00
MSCITAIWAN*      2026-02-05 05:00:00
TOPIX*           2026-02-05 05:00:00
RUBBER           2026-02-05 05:00:00
CHINAA-CON       2026-02-05 05:00:00
CNH              2026-02-05 05:00:00
VNKI             2026-02-05 05:00:00
NIKKEI           2026-02-05 05:00:00
NIKKEI400        2026-02-05 05:00:00
SMI-MID          2026-02-05 07:00:00
EUROSTX200-LARGE 2026-02-05 09:00:00
LEAD_LME         2026-02-05 13:00:00
NICKEL_LME       2026-02-05 13:00:00
COAL-GEORDIE     2026-02-05 14:00:00
MSCIWORLD        2026-02-05 14:00:00
EU-RETAIL        2026-02-05 14:00:00
CH10             2026-02-05 14:00:00
CHFJPY           2026-02-05 14:30:00
GICS             2026-02-05 14:30:00
BRENT_W          2026-02-05 15:00:00
EU-TRAVEL        2026-02-05 15:00:00
EUA              2026-02-05 15:00:00
GILT             2026-02-05 15:00:00
FTSE100          2026-02-05 15:00:00
EURIBOR-ICE      2026-02-05 15:00:00
WHEAT_ICE        2026-02-05 15:00:00
GASOIL           2026-02-05 15:00:00
EUROSTX-SMALL    2026-02-05 15:00:00
AEX_mini         2026-02-05 15:00:00
ZINC_LME         2026-02-05 15:00:00
ALUMINIUM_LME    2026-02-05 15:00:00
EURIBOR          2026-02-05 15:00:00
COPPER_LME       2026-02-05 15:00:00
MILLWHEAT        2026-02-05 15:00:00
EU-MID           2026-02-05 15:00:00
HEATOIL-ICE      2026-02-05 15:00:00
EU-HOUSE         2026-02-05 15:00:00
CRUDE_ICE        2026-02-05 15:00:00
IBEX             2026-02-05 15:00:00
IBEX_mini        2026-02-05 15:00:00
FTSE250          2026-02-05 15:00:00
EU-DJ-TELECOM    2026-02-05 15:00:00
SARONA           2026-02-05 15:00:00
EU-DJ-OIL        2026-02-05 15:00:00
SONIA3           2026-02-05 15:00:00
ROBUSTA          2026-02-05 15:00:00
MIB*             2026-02-05 15:00:00
COCOA_LDN        2026-02-05 15:00:00
COAL             2026-02-05 15:00:00
MSCIASIA         2026-02-05 16:00:00
GASOILINE_ICE    2026-02-05 16:00:00
PLN              2026-02-05 16:00:00
V2X              2026-02-05 16:00:00
GBPCHF           2026-02-05 16:00:00
SHATZ            2026-02-05 16:00:00
SUGAR_WHITE      2026-02-05 16:00:00
OAT              2026-02-05 16:00:00
SMI              2026-02-05 16:00:00
AEX*             2026-02-05 16:00:00
EU-BASIC*        2026-02-05 16:00:00
EU-REALESTATE    2026-02-05 16:00:00
EU-TECH          2026-02-05 16:00:00
EU-UTILS         2026-02-05 16:00:00
EU-MEDIA         2026-02-05 16:00:00
EU-CHEM          2026-02-05 16:00:00
BTP3             2026-02-05 16:00:00
EU-BANKS         2026-02-05 16:00:00
BUXL             2026-02-05 16:00:00
BTP              2026-02-05 16:00:00
DAX              2026-02-05 16:00:00
EU-INSURE        2026-02-05 16:00:00
EU-HEALTH        2026-02-05 16:00:00
BONO             2026-02-05 16:00:00
EU-FOOD          2026-02-05 16:00:00
BOBL             2026-02-05 16:00:00
EU-DJ-UTIL       2026-02-05 16:00:00
EURO600          2026-02-05 16:00:00
EU-DJ-TECH       2026-02-05 16:00:00
EUROSTX          2026-02-05 16:00:00
EU-DIV30         2026-02-05 16:00:00
CAC              2026-02-05 16:00:00
BUND             2026-02-05 16:00:00
EU-CONSTRUCTION  2026-02-05 16:00:00
EU-AUTO          2026-02-05 16:00:00
EU-OIL           2026-02-05 16:00:00
SUGAR11          2026-02-05 17:00:00
DX               2026-02-05 17:00:00
EURCAD           2026-02-05 17:00:00
COFFEE           2026-02-05 18:00:00
AUDJPY           2026-02-05 18:00:00
COCOA            2026-02-05 18:00:00
INR              2026-02-05 18:00:00
MILKDRY          2026-02-05 18:00:00
ALUMINIUM        2026-02-05 18:00:00
OJ               2026-02-05 18:00:00
BRENT-LAST*      2026-02-05 19:00:00
CORN             2026-02-05 19:00:00
CORN_mini        2026-02-05 19:00:00
US-INDUSTRY      2026-02-05 19:00:00
CHF_micro        2026-02-05 19:00:00
STEEL            2026-02-05 19:00:00
SOYBEAN          2026-02-05 19:00:00
SOYBEAN_mini     2026-02-05 19:00:00
CAD2             2026-02-05 19:00:00
SOYMEAL          2026-02-05 19:00:00
SOYOIL           2026-02-05 19:00:00
CANOLA           2026-02-05 19:00:00
NOK              2026-02-05 19:00:00
RICE*            2026-02-05 19:00:00
R1000            2026-02-05 19:00:00
CHEESE           2026-02-05 19:00:00
PALLAD           2026-02-05 19:00:00
FEEDCOW          2026-02-05 19:00:00
OATIES           2026-02-05 19:00:00
COTTON2          2026-02-05 19:00:00
REDWHEAT*        2026-02-05 19:00:00
BBCOMM           2026-02-05 19:00:00
BUTTER           2026-02-05 19:00:00
EURAUD           2026-02-05 19:00:00
MILKWET          2026-02-05 19:00:00
US-DISCRETE      2026-02-05 19:00:00
GBPJPY           2026-02-05 19:00:00
LUMBER-new       2026-02-05 19:00:00
LIVECOW*         2026-02-05 19:00:00
CRUDE_W_micro    2026-02-05 19:00:00
LEANHOG*         2026-02-05 19:00:00
WHEY             2026-02-05 19:00:00
WHEAT_mini       2026-02-05 19:00:00
WHEAT*           2026-02-05 19:00:00
IG               2026-02-05 19:00:00
VIX              2026-02-05 20:00:00
SP500_micro      2026-02-05 20:00:00
SP500            2026-02-05 20:00:00
BITCOIN*         2026-02-05 20:00:00
VIX_mini         2026-02-05 20:00:00
AUD_micro        2026-02-05 20:00:00
YENEUR*          2026-02-05 20:00:00
ZAR              2026-02-05 20:00:00
SP400            2026-02-05 20:00:00
AUD              2026-02-05 20:00:00
US3              2026-02-05 20:00:00
US30             2026-02-05 20:00:00
US20             2026-02-05 20:00:00
US2              2026-02-05 20:00:00
US10U            2026-02-05 20:00:00
US10             2026-02-05 20:00:00
US-UTILS         2026-02-05 20:00:00
US-STAPLES       2026-02-05 20:00:00
US-REALESTATE    2026-02-05 20:00:00
US-MATERIAL      2026-02-05 20:00:00
US-HEALTH        2026-02-05 20:00:00
BRE*             2026-02-05 20:00:00
US-ENERGY        2026-02-05 20:00:00
US5              2026-02-05 20:00:00
FED              2026-02-05 20:00:00
CHF              2026-02-05 20:00:00
SILVER           2026-02-05 20:00:00
JPY_mini         2026-02-05 20:00:00
JPY*             2026-02-05 20:00:00
HIGHYIELD        2026-02-05 20:00:00
SOFR             2026-02-05 20:00:00
GOLD_micro       2026-02-05 20:00:00
GOLD-mini        2026-02-05 20:00:00
GOLD             2026-02-05 20:00:00
EUR              2026-02-05 20:00:00
GBP_micro        2026-02-05 20:00:00
GBPEUR           2026-02-05 20:00:00
GBP*             2026-02-05 20:00:00
GAS_US_mini      2026-02-05 20:00:00
GAS_US           2026-02-05 20:00:00
EURCHF           2026-02-05 20:00:00
GASOILINE        2026-02-05 20:00:00
EUR_micro        2026-02-05 20:00:00
GAS-LAST         2026-02-05 20:00:00
EUR_mini         2026-02-05 20:00:00
FANG             2026-02-05 20:00:00
ETHEREUM         2026-02-05 20:00:00
ETHER-micro      2026-02-05 20:00:00
HEATOIL          2026-02-05 20:00:00
DOW*             2026-02-05 20:00:00
CAD*             2026-02-05 20:00:00
CAD10            2026-02-05 20:00:00
SEK              2026-02-05 20:00:00
CAD5             2026-02-05 20:00:00
DOW_mini         2026-02-05 20:00:00
RUSSELL*         2026-02-05 20:00:00
CAD_micro        2026-02-05 20:00:00
PLAT             2026-02-05 20:00:00
NZD*             2026-02-05 20:00:00
COPPER           2026-02-05 20:00:00
RUSSELL_mini     2026-02-05 20:00:00
NASDAQ           2026-02-05 20:00:00
MXP*             2026-02-05 20:00:00
COPPER-micro     2026-02-05 20:00:00
COPPER-mini      2026-02-05 20:00:00
MSCIEAFA*        2026-02-05 20:00:00
CRUDE_W          2026-02-05 20:00:00
MILK             2026-02-05 20:00:00
CRUDE_W_mini     2026-02-05 20:00:00
NASDAQ_micro*    2026-02-05 20:00:00
CHFUSD           2026-02-05 23:00:00
JPYUSD           2026-02-05 23:00:00
EURUSD           2026-02-05 23:00:00
CADUSD           2026-02-05 23:00:00
KRWUSD           2026-02-05 23:00:00
SGDUSD           2026-02-05 23:00:00
SEKUSD           2026-02-05 23:00:00
GBPUSD           2026-02-05 23:00:00
MXPUSD           2026-02-05 23:00:00
HKDUSD           2026-02-05 23:00:00
CNHUSD           2026-02-05 23:00:00
AUDUSD           2026-02-05 23:00:00


============================================================
           Status of optimal position generation            
============================================================

                                                 last_update
dynamic_TF_carry/SGX              2024-12-02 22:31:28.544775
dynamic_TF_carry/EU-CONSTRUCTION  2026-02-05 22:31:39.725362
dynamic_TF_carry/FTSETAIWAN       2026-02-05 22:31:39.725626
dynamic_TF_carry/SOYBEAN_mini     2026-02-05 22:31:39.725868
dynamic_TF_carry/EU-REALESTATE    2026-02-05 22:31:39.726104
dynamic_TF_carry/EU-DIV30         2026-02-05 22:31:39.726337
dynamic_TF_carry/LIVECOW          2026-02-05 22:31:39.726571
dynamic_TF_carry/CAD10            2026-02-05 22:31:39.726804
dynamic_TF_carry/EU-HOUSE         2026-02-05 22:31:39.727037
dynamic_TF_carry/MSCISING         2026-02-05 22:31:39.727269
dynamic_TF_carry/WHEY             2026-02-05 22:31:39.727500
dynamic_TF_carry/TWD              2026-02-05 22:31:39.727731
dynamic_TF_carry/MILLWHEAT        2026-02-05 22:31:39.727962
dynamic_TF_carry/EU-OIL           2026-02-05 22:31:39.728193
dynamic_TF_carry/OMX              2026-02-05 22:31:39.728654
dynamic_TF_carry/FTSEINDO         2026-02-05 22:31:39.728882
dynamic_TF_carry/HANGTECH         2026-02-05 22:31:39.729111
dynamic_TF_carry/EU-UTILS         2026-02-05 22:31:39.729339
dynamic_TF_carry/KR10             2026-02-05 22:31:39.729574
dynamic_TF_carry/GBPCHF           2026-02-05 22:31:39.729807
dynamic_TF_carry/COFFEE           2026-02-05 22:31:39.730037
dynamic_TF_carry/US5              2026-02-05 22:31:39.730268
dynamic_TF_carry/US-INDUSTRY      2026-02-05 22:31:39.730498
dynamic_TF_carry/US20             2026-02-05 22:31:39.730958
dynamic_TF_carry/REDWHEAT         2026-02-05 22:31:39.731187
dynamic_TF_carry/MXP              2026-02-05 22:31:39.731416
dynamic_TF_carry/GAS_US_mini      2026-02-05 22:31:39.731646
dynamic_TF_carry/US-HEALTH        2026-02-05 22:31:39.732106
dynamic_TF_carry/RUSSELL          2026-02-05 22:31:39.732336
dynamic_TF_carry/BITCOIN          2026-02-05 22:31:39.732796
dynamic_TF_carry/TOPIX            2026-02-05 22:31:39.733026
dynamic_TF_carry/CAD5             2026-02-05 22:31:39.733255
dynamic_TF_carry/COCOA            2026-02-05 22:31:39.733484
dynamic_TF_carry/EUR              2026-02-05 22:31:39.733717
dynamic_TF_carry/SOYOIL           2026-02-05 22:31:39.733946
dynamic_TF_carry/SMI-MID          2026-02-05 22:31:39.734176
dynamic_TF_carry/FTSECHINAH       2026-02-05 22:31:39.734405
dynamic_TF_carry/SEK              2026-02-05 22:31:39.734634
dynamic_TF_carry/CHFJPY           2026-02-05 22:31:39.734864
dynamic_TF_carry/JP-REALESTATE    2026-02-05 22:31:39.735324
dynamic_TF_carry/MIB              2026-02-05 22:31:39.735553
dynamic_TF_carry/SUGAR_WHITE      2026-02-05 22:31:39.735784
dynamic_TF_carry/GASOILINE        2026-02-05 22:31:39.736017
dynamic_TF_carry/MSCIASIA         2026-02-05 22:31:39.736249
dynamic_TF_carry/R1000            2026-02-05 22:31:39.736480
dynamic_TF_carry/CZK              2026-02-05 22:31:39.736711
dynamic_TF_carry/LUMBER-new       2026-02-05 22:31:39.736940
dynamic_TF_carry/EU-DJ-UTIL       2026-02-05 22:31:39.737171
dynamic_TF_carry/EU-FOOD          2026-02-05 22:31:39.737402
dynamic_TF_carry/YENEUR           2026-02-05 22:31:39.737636
dynamic_TF_carry/EURIBOR-ICE      2026-02-05 22:31:39.737869
dynamic_TF_carry/KRWUSD           2026-02-05 22:31:39.738099
dynamic_TF_carry/ZINC_LME         2026-02-05 22:31:39.738328
dynamic_TF_carry/HANGENT_mini     2026-02-05 22:31:39.738559
dynamic_TF_carry/FTSE250          2026-02-05 22:31:39.738789
dynamic_TF_carry/BOVESPA          2026-02-05 22:31:39.739021
dynamic_TF_carry/PALLAD           2026-02-05 22:31:39.739252
dynamic_TF_carry/WHEAT_ICE        2026-02-05 22:31:39.739484
dynamic_TF_carry/FTSE100          2026-02-05 22:31:39.739946
dynamic_TF_carry/HIGHYIELD        2026-02-05 22:31:39.740177
dynamic_TF_carry/KRWUSD_mini      2026-02-05 22:31:39.740408
dynamic_TF_carry/KOSPI_mini       2026-02-05 22:31:39.740640
dynamic_TF_carry/EUROSTX          2026-02-05 22:31:39.740870
dynamic_TF_carry/MSCIEAFA         2026-02-05 22:31:39.741101
dynamic_TF_carry/GBPJPY           2026-02-05 22:31:39.741332
dynamic_TF_carry/STEEL            2026-02-05 22:31:39.741566
dynamic_TF_carry/US-STAPLES       2026-02-05 22:31:39.741798
dynamic_TF_carry/SONIA3           2026-02-05 22:31:39.742029
dynamic_TF_carry/DAX              2026-02-05 22:31:39.742260
dynamic_TF_carry/SOFR             2026-02-05 22:31:39.742491
dynamic_TF_carry/FANG             2026-02-05 22:31:39.742723
dynamic_TF_carry/NIKKEI           2026-02-05 22:31:39.742953
dynamic_TF_carry/AUD_micro        2026-02-05 22:31:39.743185
dynamic_TF_carry/US-MATERIAL      2026-02-05 22:31:39.743418
dynamic_TF_carry/EU-MID           2026-02-05 22:31:39.743649
dynamic_TF_carry/EU-TECH          2026-02-05 22:31:39.743878
dynamic_TF_carry/SPI200           2026-02-05 22:31:39.744109
dynamic_TF_carry/BRE              2026-02-05 22:31:39.744342
dynamic_TF_carry/CAD              2026-02-05 22:31:39.744573
dynamic_TF_carry/US-ENERGY        2026-02-05 22:31:39.744803
dynamic_TF_carry/SOYMEAL          2026-02-05 22:31:39.745033
dynamic_TF_carry/PLAT             2026-02-05 22:31:39.745262
dynamic_TF_carry/CORN             2026-02-05 22:31:39.745493
dynamic_TF_carry/MILK             2026-02-05 22:31:39.745730
dynamic_TF_carry/CAC              2026-02-05 22:31:39.745962
dynamic_TF_carry/FEEDCOW          2026-02-05 22:31:39.746192
dynamic_TF_carry/DOW              2026-02-05 22:31:39.746423
dynamic_TF_carry/SP500_micro      2026-02-05 22:31:39.746654
dynamic_TF_carry/EURIBOR          2026-02-05 22:31:39.746885
dynamic_TF_carry/KOSDAQ           2026-02-05 22:31:39.747117
dynamic_TF_carry/BTP              2026-02-05 22:31:39.747348
dynamic_TF_carry/HEATOIL          2026-02-05 22:31:39.747579
dynamic_TF_carry/SARONA           2026-02-05 22:31:39.747812
dynamic_TF_carry/EU-BANKS         2026-02-05 22:31:39.748042
dynamic_TF_carry/EU-TRAVEL        2026-02-05 22:31:39.748271
dynamic_TF_carry/MILKWET          2026-02-05 22:31:39.748501
dynamic_TF_carry/VNKI             2026-02-05 22:31:39.748730
dynamic_TF_carry/NIKKEI400        2026-02-05 22:31:39.748961
dynamic_TF_carry/GAS-PEN          2026-02-05 22:31:39.749191
dynamic_TF_carry/HANG_mini        2026-02-05 22:31:39.749420
dynamic_TF_carry/OJ               2026-02-05 22:31:39.749655
dynamic_TF_carry/CLP              2026-02-05 22:31:39.749886
dynamic_TF_carry/COPPER           2026-02-05 22:31:39.750116
dynamic_TF_carry/FED              2026-02-05 22:31:39.750347
dynamic_TF_carry/IRON             2026-02-05 22:31:39.750576
dynamic_TF_carry/GBP              2026-02-05 22:31:39.750807
dynamic_TF_carry/KR3              2026-02-05 22:31:39.751036
dynamic_TF_carry/ALUMINIUM        2026-02-05 22:31:39.751266
dynamic_TF_carry/FTSEVIET         2026-02-05 22:31:39.751496
dynamic_TF_carry/CH10             2026-02-05 22:31:39.751727
dynamic_TF_carry/COAL             2026-02-05 22:31:39.751958
dynamic_TF_carry/EU-CHEM          2026-02-05 22:31:39.752188
dynamic_TF_carry/GILT             2026-02-05 22:31:39.752417
dynamic_TF_carry/US10U            2026-02-05 22:31:39.752876
dynamic_TF_carry/EURAUD           2026-02-05 22:31:39.753105
dynamic_TF_carry/CAD2             2026-02-05 22:31:39.753333
dynamic_TF_carry/EU-HEALTH        2026-02-05 22:31:39.753562
dynamic_TF_carry/EURCAD           2026-02-05 22:31:39.753796
dynamic_TF_carry/US10             2026-02-05 22:31:39.754026
dynamic_TF_carry/RICE             2026-02-05 22:31:39.754282
dynamic_TF_carry/AUD              2026-02-05 22:31:39.754512
dynamic_TF_carry/SOYBEAN          2026-02-05 22:31:39.754742
dynamic_TF_carry/WHEAT            2026-02-05 22:31:39.754971
dynamic_TF_carry/US-DISCRETE      2026-02-05 22:31:39.755202
dynamic_TF_carry/MILKDRY          2026-02-05 22:31:39.755433
dynamic_TF_carry/COPPER_LME       2026-02-05 22:31:39.755662
dynamic_TF_carry/EU-BASIC         2026-02-05 22:31:39.755893
dynamic_TF_carry/DX               2026-02-05 22:31:39.756125
dynamic_TF_carry/EURCHF           2026-02-05 22:31:39.756356
dynamic_TF_carry/GBPEUR           2026-02-05 22:31:39.756588
dynamic_TF_carry/EURO600          2026-02-05 22:31:39.756817
dynamic_TF_carry/IRS              2026-02-05 22:31:39.757048
dynamic_TF_carry/EUA              2026-02-05 22:31:39.757277
dynamic_TF_carry/CHEESE           2026-02-05 22:31:39.757508
dynamic_TF_carry/ZAR              2026-02-05 22:31:39.757742
dynamic_TF_carry/PLN              2026-02-05 22:31:39.757973
dynamic_TF_carry/CRUDE_W_micro    2026-02-05 22:31:39.758204
dynamic_TF_carry/ETHEREUM         2026-02-05 22:31:39.758434
dynamic_TF_carry/BBCOMM           2026-02-05 22:31:39.758665
dynamic_TF_carry/US-UTILS         2026-02-05 22:31:39.758894
dynamic_TF_carry/CRUDE_W_mini     2026-02-05 22:31:39.759123
dynamic_TF_carry/RUBBER           2026-02-05 22:31:39.759352
dynamic_TF_carry/US-REALESTATE    2026-02-05 22:31:39.759812
dynamic_TF_carry/MSCIEMASIA       2026-02-05 22:31:39.760043
dynamic_TF_carry/NOK              2026-02-05 22:31:39.760272
dynamic_TF_carry/COPPER-micro     2026-02-05 22:31:39.760502
dynamic_TF_carry/BUTTER           2026-02-05 22:31:39.760963
dynamic_TF_carry/V2X              2026-02-05 22:31:39.761193
dynamic_TF_carry/US3              2026-02-05 22:31:39.761423
dynamic_TF_carry/JPY              2026-02-05 22:31:39.761656
dynamic_TF_carry/BUND             2026-02-05 22:31:39.761886
dynamic_TF_carry/BUXL             2026-02-05 22:31:39.762115
dynamic_TF_carry/EPRA-EUROPE      2026-02-05 22:31:39.762345
dynamic_TF_carry/MSCITAIWAN       2026-02-05 22:31:39.762576
dynamic_TF_carry/OATIES           2026-02-05 22:31:39.762805
dynamic_TF_carry/NASDAQ_micro     2026-02-05 22:31:39.763035
dynamic_TF_carry/EUROSTX-LARGE    2026-02-05 22:31:39.763265
dynamic_TF_carry/CRUDE_ICE        2026-02-05 22:31:39.763724
dynamic_TF_carry/LEAD_LME         2026-02-05 22:31:39.763954
dynamic_TF_carry/EU-INSURE        2026-02-05 22:31:39.764184
dynamic_TF_carry/BOBL             2026-02-05 22:31:39.764416
dynamic_TF_carry/EUROSTX-SMALL    2026-02-05 22:31:39.764645
dynamic_TF_carry/GASOIL           2026-02-05 22:31:39.764874
dynamic_TF_carry/JGB              2026-02-05 22:31:39.765105
dynamic_TF_carry/EUROSTX200-LARGE 2026-02-05 22:31:39.765335
dynamic_TF_carry/SUGAR11          2026-02-05 22:31:39.765569
dynamic_TF_carry/US2              2026-02-05 22:31:39.765801
dynamic_TF_carry/IG               2026-02-05 22:31:39.766259
dynamic_TF_carry/MUMMY            2026-02-05 22:31:39.766489
dynamic_TF_carry/SGD              2026-02-05 22:31:39.766948
dynamic_TF_carry/SILVER           2026-02-05 22:31:39.767177
dynamic_TF_carry/EU-RETAIL        2026-02-05 22:31:39.767406
dynamic_TF_carry/BRENT_W          2026-02-05 22:31:39.767636
dynamic_TF_carry/EUR_micro        2026-02-05 22:31:39.767866
dynamic_TF_carry/AUDJPY           2026-02-05 22:31:39.768096
dynamic_TF_carry/COCOA_LDN        2026-02-05 22:31:39.768324
dynamic_TF_carry/GICS             2026-02-05 22:31:39.768555
dynamic_TF_carry/NZD              2026-02-05 22:31:39.768785
dynamic_TF_carry/SMI              2026-02-05 22:31:39.769015
dynamic_TF_carry/BRENT-LAST       2026-02-05 22:31:39.769244
dynamic_TF_carry/SP400            2026-02-05 22:31:39.769474
dynamic_TF_carry/US30             2026-02-05 22:31:39.769710
dynamic_TF_carry/ROBUSTA          2026-02-05 22:31:39.769943
dynamic_TF_carry/BTP3             2026-02-05 22:31:39.770174
dynamic_TF_carry/COAL-GEORDIE     2026-02-05 22:31:39.770404
dynamic_TF_carry/CANOLA           2026-02-05 22:31:39.770635
dynamic_TF_carry/SWISSLEAD        2026-02-05 22:31:39.770866
dynamic_TF_carry/SHATZ            2026-02-05 22:31:39.771097
dynamic_TF_carry/CHINAA-CON       2026-02-05 22:31:39.771328
dynamic_TF_carry/INR              2026-02-05 22:31:39.771559
dynamic_TF_carry/GAS-LAST         2026-02-05 22:31:39.771790
dynamic_TF_carry/SUGAR16          2026-02-05 22:31:39.772025
dynamic_TF_carry/FTSECHINAA       2026-02-05 22:31:39.772257
dynamic_TF_carry/NICKEL_LME       2026-02-05 22:31:39.772489
dynamic_TF_carry/IBEX_mini        2026-02-05 22:31:39.772724
dynamic_TF_carry/TIN_LME          2026-02-05 22:31:39.773418
dynamic_TF_carry/LEANHOG          2026-02-05 22:31:39.773654
dynamic_TF_carry/COTTON2          2026-02-05 22:31:39.773887
dynamic_TF_carry/HOUSE-US         2026-02-05 22:31:39.774121
dynamic_TF_carry/JGB-SGX-mini     2026-02-05 22:31:39.774352
dynamic_TF_carry/EU-MEDIA         2026-02-05 22:31:39.774582
dynamic_TF_carry/VIX              2026-02-05 22:31:39.774812
dynamic_TF_carry/CHF              2026-02-05 22:31:39.775043
dynamic_TF_carry/CNH              2026-02-05 22:31:39.775274
dynamic_TF_carry/AEX              2026-02-05 22:31:39.775505
dynamic_TF_carry/EU-DJ-TELECOM    2026-02-05 22:31:39.775736
dynamic_TF_carry/MSCIWORLD        2026-02-05 22:31:39.775966
dynamic_TF_carry/OAT              2026-02-05 22:31:39.776197
dynamic_TF_carry/BONO             2026-02-05 22:31:39.776427
dynamic_TF_carry/GOLD_micro       2026-02-05 22:31:39.776657
dynamic_TF_carry/KOSPI            2026-02-05 22:31:39.776889
dynamic_TF_carry/EU-AUTO          2026-02-05 22:31:39.777120
dynamic_TF_carry/COTTON           2026-02-05 22:31:39.777350


======================================================================================================================
                                                Status of trade limits                                                
======================================================================================================================

                   period_days  trade_limit  trades_since_last_reset  trade_capacity_remaining   time_since_last_reset
 KR10                       30            5                      4.0                       1.0 20 days 20:57:26.728410
 TOPIX                       1            4                      2.0                       2.0  0 days 20:57:21.048629
 MXP                         1            4                      2.0                       2.0  0 days 07:59:51.821818
 SMI                        30            4                      1.0                       3.0 28 days 14:59:46.560858
 CHF                        30            4                      1.0                       3.0  2 days 07:59:33.174915
 CHF                        14            4                      1.0                       3.0  2 days 07:59:33.176142
 KR10                       14            4                      1.0                       3.0  3 days 20:54:16.113262
 LEANHOG                    14            4                      1.0                       3.0  3 days 07:29:53.057250
 CAD                        14            4                      1.0                       3.0 10 days 07:59:45.401189
 YENEUR                     14            4                      1.0                       3.0  3 days 07:59:41.980873
 JPY                        30            5                      2.0                       3.0 16 days 07:59:22.506814
 RUSSELL                     1            4                      1.0                       3.0  0 days 07:59:53.364617
 YENEUR                     30            4                      1.0                       3.0  3 days 07:59:41.979169
 GAS_US_mini                14            4                      1.0                       3.0 10 days 08:59:53.208238
 NIKKEI                      1            4                      1.0                       3.0  0 days 20:59:11.150587
 BUTTER                      1            4                      0.0                       4.0  0 days 00:00:00.000001
 EU-MEDIA                    1            4                      0.0                       4.0  0 days 00:00:00.000002
 EU-HOUSE                    1            4                      0.0                       4.0  0 days 00:00:00.000001
 EU-DJ-UTIL                  1            4                      0.0                       4.0  0 days 00:00:00.000002
 EU-DJ-TELECOM               1            4                      0.0                       4.0  0 days 00:00:00.000002
 EU-DJ-TECH                  1            4                      0.0                       4.0  0 days 00:00:00.000001
 EU-CONSTRUCTION             1            4                      0.0                       4.0  0 days 00:00:00.000001
 CZK                         1            4                      0.0                       4.0  0 days 00:00:00.000002
 COTTON                      1            4                      0.0                       4.0  0 days 00:00:00.000001
 COPPER-mini                 1            4                      0.0                       4.0  0 days 00:00:00.000001
 CNH-onshore                 1            4                      0.0                       4.0  0 days 00:00:00.000002
 EU-MID                      1            4                      0.0                       4.0  0 days 00:00:00.000002
 CLP                         1            4                      0.0                       4.0  0 days 00:00:00.000001
 CH10                        1            4                      0.0                       4.0  0 days 00:00:00.000002
 BOVESPA                     1            4                      0.0                       4.0  0 days 00:00:00.000002
 EU-DJ-OIL                   1            4                      0.0                       4.0  0 days 00:00:00.000002
 CORN                        1            4                      0.0                       4.0  0 days 00:00:00.000003
 EUROSTX200-LARGE            1            4                      0.0                       4.0  0 days 00:00:00.000001
 EURCHF                      1            4                      0.0                       4.0  0 days 00:00:00.000002
 US-ENERGY                   1            4                      0.0                       4.0  0 days 00:00:00.000002
 US-DISCRETE                 1            4                      0.0                       4.0  0 days 00:00:00.000001
 SMI-MID                     1            4                      0.0                       4.0  0 days 00:00:00.000002
 SGX                         1            4                      0.0                       4.0  0 days 00:00:00.000001
 SGD                         1            4                      0.0                       4.0  0 days 00:00:00.000002
 OMX                         1            4                      0.0                       4.0  0 days 00:00:00.000001
 MSCIASIA                    1            4                      0.0                       4.0  0 days 00:00:00.000002
 MILKWET                     1            4                      0.0                       4.0  0 days 00:00:00.000002
 MILKDRY                     1            4                      0.0                       4.0  0 days 00:00:00.000001
 MID-DAX                     1            4                      0.0                       4.0  0 days 00:00:00.000002
 JP-REALESTATE               1            4                      0.0                       4.0  0 days 00:00:00.000001
 JGB-SGX-mini                1            4                      0.0                       4.0  0 days 00:00:00.000001
 IRS                         1            4                      0.0                       4.0  0 days 00:00:00.000002
 FTSEINDO                    1            4                      0.0                       4.0  0 days 00:00:00.000001
 EUROSTX-SMALL               1            4                      0.0                       4.0  0 days 00:00:00.000002
 EUROSTX-LARGE               1            4                      0.0                       4.0  0 days 00:00:00.000001
 EURIBOR                     1            4                      0.0                       4.0  0 days 00:00:00.000001
 EU-REALESTATE               1            4                      0.0                       4.0  0 days 00:00:00.000001
 BEL20                       1            4                      0.0                       4.0  0 days 00:00:00.000001
 US3                        30            4                      0.0                       4.0  0 days 00:00:00.000001
 US30                       30            4                      0.0                       4.0  0 days 00:00:00.000001
 ZAR                         1            4                      0.0                       4.0  0 days 00:00:00.000002
 JGB                        14            4                      0.0                       4.0  0 days 00:00:00.000002
 HEATOIL                    14            4                      0.0                       4.0  0 days 00:00:00.000001
 GBPEUR                     14            4                      0.0                       4.0  0 days 00:00:00.000001
 GAS-LAST                   14            4                      0.0                       4.0  0 days 00:00:00.000002
 FTSETAIWAN                 14            4                      0.0                       4.0  0 days 00:00:00.000001
 EU-TECH                    14            4                      0.0                       4.0  0 days 00:00:00.000001
 EU-CHEM                    14            4                      0.0                       4.0  0 days 00:00:00.000002
 NOK                        14            4                      0.0                       4.0  0 days 00:00:00.000002
 ETHEREUM                   14            4                      0.0                       4.0  0 days 00:00:00.000001
 BUXL                       14            4                      0.0                       4.0  0 days 00:00:00.000002
 BTP3                       14            4                      0.0                       4.0  0 days 00:00:00.000002
 BRENT-LAST                 14            4                      0.0                       4.0  0 days 08:59:50.800660
 BONO                       14            4                      0.0                       4.0  0 days 00:00:00.000002
 YENEUR                      1            4                      0.0                       4.0  0 days 07:59:38.417647
 US3                         1            4                      0.0                       4.0  0 days 00:00:00.000002
 US10U                       1            4                      0.0                       4.0  0 days 00:00:00.000001
 US-REALESTATE               1            4                      0.0                       4.0  0 days 00:00:00.000002
 CNH                        14            4                      0.0                       4.0  0 days 00:00:00.000002
 R1000                      14            4                      0.0                       4.0  0 days 00:00:00.000001
 REDWHEAT                   14            4                      0.0                       4.0  3 days 07:29:49.213830
 SEK                        14            4                      0.0                       4.0  0 days 00:00:00.000001
 US-HEALTH                   1            4                      0.0                       4.0  0 days 00:00:00.000002
 US10U                      30            4                      0.0                       4.0  0 days 00:00:00.000001
 SP400                      30            4                      0.0                       4.0  0 days 00:00:00.000001
 SEK                        30            4                      0.0                       4.0  0 days 00:00:00.000002
 NOK                        30            4                      0.0                       4.0  0 days 00:00:00.000001
 JGB                        30            4                      0.0                       4.0  0 days 00:00:00.000001
 HEATOIL                    30            4                      0.0                       4.0  0 days 00:00:00.000001
 GBPEUR                     30            4                      0.0                       4.0  0 days 00:00:00.000001
 GASOILINE                  30            4                      0.0                       4.0  0 days 00:00:00.000002
 GAS-LAST                   30            4                      0.0                       4.0  0 days 00:00:00.000002
 ETHEREUM                   30            4                      0.0                       4.0  0 days 00:00:00.000002
 BUXL                       30            4                      0.0                       4.0 20 days 14:59:45.883902
 BTP3                       30            4                      0.0                       4.0  0 days 00:00:00.000002
 BRENT-LAST                 30            4                      0.0                       4.0  0 days 08:59:50.799893
