
********************************************************************************
                   Status report produced on 20/09/2024 22:55                   
********************************************************************************


Delayed methods: No delays

=================================
  Delayed adjusted / FX prices   
=================================

                      last_update
TIN_LME       2024-09-05 23:00:00
NICKEL_LME    2024-09-06 11:00:00
ZINC_LME      2024-09-06 12:00:00
LEAD_LME      2024-09-06 15:00:00
ALUMINIUM_LME 2024-09-06 15:00:01
COPPER_LME    2024-09-06 15:00:01
TWD           2024-09-16 23:00:00
SGX           2024-09-16 23:00:00
CNH-onshore   2024-09-16 23:00:00

Delayed optimal positions: No delays

==========================================================================================================
                                        Instruments at trade limit                                        
==========================================================================================================

       period_days  trade_limit  trades_since_last_reset  trade_capacity_remaining   time_since_last_reset
 KR10           30            5                      5.0                       0.0 29 days 20:55:12.218707


================================================
         Instruments at position limit          
================================================

                 keys  position pos_limit  spare
0             BOVESPA         0       0.0    0.0
75                SGX         0       0.0    0.0
165              WHEY         0       0.0    0.0
169          TWD-mini         0       0.0    0.0
71           HOUSE-US         0       0.0    0.0
70             KRWUSD         0       0.0    0.0
69    GASOILINE_micro         0       0.0    0.0
171             R1000         0       0.0    0.0
63      EU-DJ-TELECOM         0       0.0    0.0
174         EU-RETAIL         0       0.0    0.0
176       EPRA-EUROPE         0       0.0    0.0
117          EU-HOUSE         0       0.0    0.0
58                RUR         0       0.0    0.0
56            MILKDRY         0       0.0    0.0
184         HIGHYIELD         0       0.0    0.0
187              CH10         0       0.0    0.0
188          AEX_mini         0       0.0    0.0
48               COAL         0       0.0    0.0
159            COTTON         0       0.0    0.0
155            BUTTER         0       0.0    0.0
82            ETHANOL         0       0.0    0.0
84      EUROSTX-LARGE         0       0.0    0.0
115  EUROSTX200-LARGE         0       0.0    0.0
124           MILKWET         0       0.0    0.0
113               NOK         0       0.0    0.0
128            EURCHF         0       0.0    0.0
130            AUDJPY         0       0.0    0.0
131      COAL-GEORDIE         0       0.0    0.0
103            EURAUD         0       0.0    0.0
133         SWISSLEAD         0       0.0    0.0
197         EU-TRAVEL         0       0.0    0.0
135        COPPER_LME         0       0.0    0.0
138             STEEL         0       0.0    0.0
140                IG         0       0.0    0.0
144       CNH-onshore         0       0.0    0.0
93        COPPER-mini         0       0.0    0.0
91        HEATOIL-ICE         0       0.0    0.0
149          SGD_mini         0       0.0    0.0
89           JGB-mini         0       0.0    0.0
150               TWD         0       0.0    0.0
137             SP400         0       0.0    0.0
198               OMX         0       0.0    0.0
120          MSCIEAFA         2       2.0    0.0
208               CLP         0       0.0    0.0
12            EU-CHEM         0       0.0    0.0
11             NASDAQ         0       0.0    0.0
228           SMI-MID         0       0.0    0.0
210            GBPJPY         0       0.0    0.0
213          EU-MEDIA         0       0.0    0.0
221               CZK         0       0.0    0.0
232   EU-CONSTRUCTION         0       0.0    0.0
206               JGB         0       0.0    0.0
33             EURCAD         0       0.0    0.0
7            ETHEREUM         0       0.0    0.0
15                PLN         0       0.0    0.0
226            CHFJPY         0       0.0    0.0
35                SEK         0       0.0    0.0
238           GAS-PEN        -1       1.0    0.0
36           JPY_mini         0       0.0    0.0
225               IRS         0       0.0    0.0
38            US-TECH         0       0.0    0.0
201              GICS         0       0.0    0.0
42             PALLAD         0       0.0    0.0
219        EU-DJ-TECH         0       0.0    0.0
241              VNKI         0       0.0    0.0
23            TIN_LME         0       0.0    0.0
14          CHF_micro         0       0.0    0.0


=========================================================
         Overrides in database consider deleting         
=========================================================

                                                 override
NICKEL_LME             Override Close because in database
RICE             Override Reduce only because in database
VNKI             Override Reduce only because in database
OATIES           Override Reduce only because in database
GASOILINE_micro  Override Reduce only because in database
INR              Override Reduce only because in database
FTSEINDO         Override Reduce only because in database
BUTTER           Override Reduce only because in database
STEEL            Override Reduce only because in database
COTTON           Override Reduce only because in database
COAL             Override Reduce only because in database
CHEESE           Override Reduce only because in database
SGX              Override Reduce only because in database
GAS_US_mini      Override Reduce only because in database
FTSECHINAH       Override Reduce only because in database
HIGHYIELD        Override Reduce only because in database
MSCISING         Override Reduce only because in database
GAS-LAST         Override Reduce only because in database
CLP              Override Reduce only because in database
MSCITAIWAN       Override Reduce only because in database
HANGTECH         Override Reduce only because in database
IG               Override Reduce only because in database
OJ               Override Reduce only because in database
SOYBEAN_mini     Override Reduce only because in database
ETHANOL          Override Reduce only because in database
BB3M             Override Reduce only because in database
GAS-PEN          Override Reduce only because in database

Locked instruments (position mismatch): []

==============================================
Status of adjusted price / FX price collection
==============================================

                         last_update
TIN_LME          2024-09-05 23:00:00
NICKEL_LME       2024-09-06 11:00:00
ZINC_LME         2024-09-06 12:00:00
LEAD_LME         2024-09-06 15:00:00
ALUMINIUM_LME    2024-09-06 15:00:01
COPPER_LME       2024-09-06 15:00:01
TWD              2024-09-16 23:00:00
SGX              2024-09-16 23:00:00
CNH-onshore      2024-09-16 23:00:00
BB3M             2024-09-18 23:00:00
COTTON           2024-09-18 23:00:00
CLP              2024-09-18 23:00:00
BOVESPA          2024-09-18 23:00:00
CZK              2024-09-18 23:00:00
CHFJPY           2024-09-18 23:00:00
ETHANOL          2024-09-18 23:00:00
RUR              2024-09-18 23:00:00
MSCIEMASIA       2024-09-18 23:00:00
GBPCHF           2024-09-18 23:00:00
EUROSTX-LARGE    2024-09-18 23:00:01
OMX              2024-09-18 23:00:01
COAL-GEORDIE     2024-09-19 11:00:00
MSCIWORLD        2024-09-19 12:00:01
EURIBOR          2024-09-19 13:00:00
EU-MID           2024-09-19 13:00:01
SWISSLEAD        2024-09-19 13:00:01
EUROSTX200-LARGE 2024-09-19 13:00:01
EU-CHEM          2024-09-19 14:00:01
SMI-MID          2024-09-19 14:00:01
AEX_mini         2024-09-19 14:00:01
PLN              2024-09-19 14:30:00
GICS             2024-09-19 14:30:00
SONIA3           2024-09-19 15:00:00
SUGAR16          2024-09-19 15:00:00
CRUDE_ICE        2024-09-19 15:00:00
FTSE100          2024-09-19 15:00:00
WHEAT_ICE        2024-09-19 15:00:00
SUGAR_WHITE      2024-09-19 15:00:00
GILT             2024-09-19 15:00:00
EURIBOR-ICE      2024-09-19 15:00:00
EUA              2024-09-19 15:00:00
GASOIL           2024-09-19 15:00:00
V2X              2024-09-19 15:00:00
GASOILINE_ICE    2024-09-19 15:00:00
IBEX             2024-09-19 15:00:00
SARONA           2024-09-19 15:00:00
HEATOIL-ICE      2024-09-19 15:00:00
MILLWHEAT        2024-09-19 15:00:00
BRENT_W          2024-09-19 15:00:00
IRS              2024-09-19 15:00:00
MIB              2024-09-19 15:00:00
BONO             2024-09-19 15:00:00
CH10             2024-09-19 15:00:00
COAL             2024-09-19 15:00:00
ROBUSTA          2024-09-19 15:00:00
COCOA_LDN        2024-09-19 15:00:00
EU-DJ-TELECOM    2024-09-19 15:00:01
EU-REALESTATE    2024-09-19 15:00:01
EU-DJ-UTIL       2024-09-19 15:00:01
MSCIASIA         2024-09-19 15:00:01
EU-TRAVEL        2024-09-19 15:00:01
EU-FOOD          2024-09-19 15:00:01
EU-DJ-TECH       2024-09-19 15:00:01
EU-DJ-OIL        2024-09-19 15:00:01
EPRA-EUROPE      2024-09-19 15:00:01
EUROSTX-SMALL    2024-09-19 15:00:01
FTSE250          2024-09-19 15:00:01
EU-HOUSE         2024-09-19 15:00:01
IBEX_mini        2024-09-19 15:00:01
EU-MEDIA         2024-09-19 15:00:01
EUROSTX          2024-09-19 16:00:00
KRWUSD           2024-09-19 16:00:00
SHATZ            2024-09-19 16:00:00
EU-OIL*          2024-09-19 16:00:00
IG               2024-09-19 16:00:00
SMI              2024-09-19 16:00:00
OAT              2024-09-19 16:00:00
EURO600          2024-09-19 16:00:00
AEX              2024-09-19 16:00:00
BUXL             2024-09-19 16:00:00
DAX*             2024-09-19 16:00:00
BTP              2024-09-19 16:00:00
BTP3             2024-09-19 16:00:00
BUND             2024-09-19 16:00:00
BOBL             2024-09-19 16:00:00
CAC              2024-09-19 16:00:00
DJSTX-SMALL      2024-09-19 16:00:01
EU-AUTO          2024-09-19 16:00:01
EU-HEALTH        2024-09-19 16:00:01
EU-INSURE        2024-09-19 16:00:01
EU-DIV30         2024-09-19 16:00:01
EU-CONSTRUCTION  2024-09-19 16:00:01
EU-RETAIL        2024-09-19 16:00:01
EU-TECH          2024-09-19 16:00:01
EU-BASIC         2024-09-19 16:00:01
EU-UTILS         2024-09-19 16:00:01
EU-BANKS         2024-09-19 16:00:01
SUGAR11          2024-09-19 17:00:00
HIGHYIELD        2024-09-19 17:00:00
EURAUD           2024-09-19 17:00:00
R1000            2024-09-19 17:00:01
COCOA            2024-09-19 18:00:00
MILKDRY          2024-09-19 18:00:00
OJ               2024-09-19 18:00:00
COFFEE           2024-09-19 18:00:00
BBCOMM           2024-09-19 18:00:00
GBPJPY           2024-09-19 18:00:00
ALUMINIUM*       2024-09-19 18:00:00
EURCAD           2024-09-19 18:00:00
MILKWET          2024-09-19 18:00:01
US-PROPERTY      2024-09-19 18:00:01
REDWHEAT         2024-09-19 19:00:00
WHEY             2024-09-19 19:00:00
HOUSE-US         2024-09-19 19:00:00
ETHER-micro      2024-09-19 19:00:00
BUTTER           2024-09-19 19:00:00
AUDJPY           2024-09-19 19:00:00
OATIES           2024-09-19 19:00:00
NOK              2024-09-19 19:00:00
CAD10            2024-09-19 19:00:00
CHEESE           2024-09-19 19:00:00
LEANHOG*         2024-09-19 19:00:00
LIVECOW          2024-09-19 19:00:00
CAD5             2024-09-19 19:00:00
CANOLA*          2024-09-19 19:00:00
MILK             2024-09-19 19:00:00
RICE             2024-09-19 19:00:00
FANG             2024-09-19 19:00:00
WHEAT_mini       2024-09-19 19:00:00
STEEL            2024-09-19 19:00:00
GAS_US_mini*     2024-09-19 19:00:00
WHEAT*           2024-09-19 19:00:00
CORN_mini        2024-09-19 19:00:00
GASOILINE_micro  2024-09-19 19:00:00
GBPEUR           2024-09-19 19:00:00
COTTON2*         2024-09-19 19:00:00
SOYOIL           2024-09-19 19:00:00
FEEDCOW          2024-09-19 19:00:00
CORN*            2024-09-19 19:00:00
GAS-PEN*         2024-09-19 19:00:00
SEK              2024-09-19 19:00:00
SOYBEAN_mini     2024-09-19 19:00:00
SOYMEAL*         2024-09-19 19:00:00
CRUDE_W_micro    2024-09-19 19:00:00
SOYBEAN          2024-09-19 19:00:00
US-DISCRETE      2024-09-19 19:00:01
NASDAQ           2024-09-19 20:00:00
CAD2             2024-09-19 20:00:00
MXP              2024-09-19 20:00:00
SOFR             2024-09-19 20:00:00
RUSSELL          2024-09-19 20:00:00
CAD              2024-09-19 20:00:00
SP400            2024-09-19 20:00:00
AUD              2024-09-19 20:00:00
PALLAD           2024-09-19 20:00:00
PLAT             2024-09-19 20:00:00
SILVER*          2024-09-19 20:00:00
AUD_micro        2024-09-19 20:00:00
BRENT-LAST       2024-09-19 20:00:00
SP500            2024-09-19 20:00:00
SP500_micro*     2024-09-19 20:00:00
RUSSELL_mini     2024-09-19 20:00:00
NASDAQ_micro     2024-09-19 20:00:00
NZD              2024-09-19 20:00:00
US10U*           2024-09-19 20:00:00
LUMBER-new       2024-09-19 20:00:00
CAD_micro        2024-09-19 20:00:00
GOLD_micro       2024-09-19 20:00:00
GOLD-mini        2024-09-19 20:00:00
GOLD             2024-09-19 20:00:00
COPPER-mini      2024-09-19 20:00:00
GBP_micro        2024-09-19 20:00:00
GBP*             2024-09-19 20:00:00
GAS_US           2024-09-19 20:00:00
GASOILINE        2024-09-19 20:00:00
CRUDE_W          2024-09-19 20:00:00
YENEUR           2024-09-19 20:00:00
CRUDE_W_mini     2024-09-19 20:00:00
FED              2024-09-19 20:00:00
EUR_mini         2024-09-19 20:00:00
EUR_micro        2024-09-19 20:00:00
DOW              2024-09-19 20:00:00
DOW_mini         2024-09-19 20:00:00
DX               2024-09-19 20:00:00
ETHEREUM         2024-09-19 20:00:00
EURCHF           2024-09-19 20:00:00
EUR              2024-09-19 20:00:00
VIX*             2024-09-19 20:00:00
COPPER-micro     2024-09-19 20:00:00
GAS-LAST         2024-09-19 20:00:00
COPPER           2024-09-19 20:00:00
CHF              2024-09-19 20:00:00
US10             2024-09-19 20:00:00
US2              2024-09-19 20:00:00
JPY_mini         2024-09-19 20:00:00
HEATOIL          2024-09-19 20:00:00
US20*            2024-09-19 20:00:00
US3              2024-09-19 20:00:00
US30             2024-09-19 20:00:00
JPY              2024-09-19 20:00:00
INR              2024-09-19 20:00:00
CHF_micro        2024-09-19 20:00:00
US5              2024-09-19 20:00:00
ZAR              2024-09-19 20:00:00
MSCIEAFA*        2024-09-19 20:00:01
US-STAPLES       2024-09-19 20:00:01
US-REALESTATE    2024-09-19 20:00:01
US-FINANCE       2024-09-19 20:00:01
US-TECH          2024-09-19 20:00:01
US-MATERIAL      2024-09-19 20:00:01
US-UTILS         2024-09-19 20:00:01
VIX_mini         2024-09-19 20:00:01
BRE              2024-09-19 20:00:01
US-INDUSTRY      2024-09-19 20:00:01
US-HEALTH        2024-09-19 20:00:01
BITCOIN*         2024-09-19 20:00:01
US-ENERGY        2024-09-19 20:00:01
FTSEVIET         2024-09-19 23:00:00
TWD-mini         2024-09-19 23:00:00
SGD_mini         2024-09-19 23:00:00
VNKI             2024-09-19 23:00:00
JGB-mini         2024-09-20 01:00:00
HANGTECH         2024-09-20 04:00:00
SPI200*          2024-09-20 04:00:00
CHINAA-CON*      2024-09-20 04:00:00
FTSECHINAH       2024-09-20 04:00:00
FTSEINDO         2024-09-20 04:00:00
HANG             2024-09-20 04:00:00
HANGENT          2024-09-20 04:00:00
HANG_mini        2024-09-20 04:00:00
JP-REALESTATE    2024-09-20 04:00:00
HANGENT_mini*    2024-09-20 04:00:00
SGD              2024-09-20 04:00:00
KR3              2024-09-20 05:00:00
CNH              2024-09-20 05:00:00
FTSECHINAA*      2024-09-20 05:00:00
RUBBER           2024-09-20 05:00:00
KRWUSD_mini      2024-09-20 05:00:00
FTSETAIWAN       2024-09-20 05:00:00
NIKKEI           2024-09-20 05:00:00
MUMMY*           2024-09-20 05:00:00
TOPIX            2024-09-20 05:00:00
NIKKEI400        2024-09-20 05:00:00
MSCITAIWAN       2024-09-20 05:00:00
IRON*            2024-09-20 05:00:00
JGB              2024-09-20 05:00:00
JGB-SGX-mini     2024-09-20 05:00:00
MSCISING*        2024-09-20 05:00:00
KOSDAQ           2024-09-20 05:00:00
KOSPI            2024-09-20 05:00:00
KOSPI_mini       2024-09-20 05:00:00
KR10*            2024-09-20 05:00:00
JPYUSD           2024-09-20 23:00:00
CNHUSD           2024-09-20 23:00:00
AUDUSD           2024-09-20 23:00:00
KRWUSD           2024-09-20 23:00:00
CHFUSD           2024-09-20 23:00:00
GBPUSD           2024-09-20 23:00:00
MXPUSD           2024-09-20 23:00:00
SGDUSD           2024-09-20 23:00:00
CADUSD           2024-09-20 23:00:00
HKDUSD           2024-09-20 23:00:00
EURUSD           2024-09-20 23:00:00
SEKUSD           2024-09-20 23:00:00


============================================================
           Status of optimal position generation            
============================================================

                                                 last_update
dynamic_TF_carry/GBPEUR           2024-09-20 22:31:27.764257
dynamic_TF_carry/MILLWHEAT        2024-09-20 22:31:27.764482
dynamic_TF_carry/VIX              2024-09-20 22:31:27.764696
dynamic_TF_carry/BUND             2024-09-20 22:31:27.764905
dynamic_TF_carry/FTSETAIWAN       2024-09-20 22:31:27.765112
dynamic_TF_carry/WHEAT_ICE        2024-09-20 22:31:27.765323
dynamic_TF_carry/NIKKEI           2024-09-20 22:31:27.765529
dynamic_TF_carry/MILKDRY          2024-09-20 22:31:27.765734
dynamic_TF_carry/ROBUSTA          2024-09-20 22:31:27.765940
dynamic_TF_carry/PALLAD           2024-09-20 22:31:27.766145
dynamic_TF_carry/SONIA3           2024-09-20 22:31:27.766350
dynamic_TF_carry/US-MATERIAL      2024-09-20 22:31:27.766556
dynamic_TF_carry/COTTON2          2024-09-20 22:31:27.766760
dynamic_TF_carry/MSCISING         2024-09-20 22:31:27.766964
dynamic_TF_carry/FTSE100          2024-09-20 22:31:27.767166
dynamic_TF_carry/ETHANOL          2024-09-20 22:31:27.767370
dynamic_TF_carry/SOYBEAN_mini     2024-09-20 22:31:27.767573
dynamic_TF_carry/US-STAPLES       2024-09-20 22:31:27.767981
dynamic_TF_carry/US-HEALTH        2024-09-20 22:31:27.768185
dynamic_TF_carry/CAD2             2024-09-20 22:31:27.768389
dynamic_TF_carry/BONO             2024-09-20 22:31:27.768592
dynamic_TF_carry/CHEESE           2024-09-20 22:31:27.768795
dynamic_TF_carry/PLN              2024-09-20 22:31:27.768999
dynamic_TF_carry/NZD              2024-09-20 22:31:27.769205
dynamic_TF_carry/EURIBOR          2024-09-20 22:31:27.769410
dynamic_TF_carry/MSCIWORLD        2024-09-20 22:31:27.769613
dynamic_TF_carry/COFFEE           2024-09-20 22:31:27.769816
dynamic_TF_carry/LEAD_LME         2024-09-20 22:31:27.770021
dynamic_TF_carry/SOYOIL           2024-09-20 22:31:27.770225
dynamic_TF_carry/COCOA_LDN        2024-09-20 22:31:27.770430
dynamic_TF_carry/KR10             2024-09-20 22:31:27.770634
dynamic_TF_carry/AUD              2024-09-20 22:31:27.770838
dynamic_TF_carry/DJSTX-SMALL      2024-09-20 22:31:27.771042
dynamic_TF_carry/RICE             2024-09-20 22:31:27.771245
dynamic_TF_carry/TWD              2024-09-20 22:31:27.771449
dynamic_TF_carry/KOSPI_mini       2024-09-20 22:31:27.771652
dynamic_TF_carry/FTSECHINAA       2024-09-20 22:31:27.771857
dynamic_TF_carry/EUROSTX          2024-09-20 22:31:27.772061
dynamic_TF_carry/LUMBER-new       2024-09-20 22:31:27.772265
dynamic_TF_carry/BITCOIN          2024-09-20 22:31:27.772467
dynamic_TF_carry/GASOIL           2024-09-20 22:31:27.772671
dynamic_TF_carry/ALUMINIUM        2024-09-20 22:31:27.772875
dynamic_TF_carry/EURCHF           2024-09-20 22:31:27.773080
dynamic_TF_carry/SILVER           2024-09-20 22:31:27.773288
dynamic_TF_carry/MILKWET          2024-09-20 22:31:27.773494
dynamic_TF_carry/HANGENT_mini     2024-09-20 22:31:27.773697
dynamic_TF_carry/GBPCHF           2024-09-20 22:31:27.773901
dynamic_TF_carry/LIVECOW          2024-09-20 22:31:27.774105
dynamic_TF_carry/EU-UTILS         2024-09-20 22:31:27.774309
dynamic_TF_carry/FTSEINDO         2024-09-20 22:31:27.774512
dynamic_TF_carry/SGX              2024-09-20 22:31:27.774716
dynamic_TF_carry/BBCOMM           2024-09-20 22:31:27.774920
dynamic_TF_carry/SUGAR11          2024-09-20 22:31:27.775124
dynamic_TF_carry/ZINC_LME         2024-09-20 22:31:27.775328
dynamic_TF_carry/IRS              2024-09-20 22:31:27.775533
dynamic_TF_carry/BB3M             2024-09-20 22:31:27.775735
dynamic_TF_carry/KRWUSD           2024-09-20 22:31:27.775938
dynamic_TF_carry/R1000            2024-09-20 22:31:27.776141
dynamic_TF_carry/US-TECH          2024-09-20 22:31:27.776345
dynamic_TF_carry/DX               2024-09-20 22:31:27.776549
dynamic_TF_carry/LEANHOG          2024-09-20 22:31:27.776753
dynamic_TF_carry/EU-REALESTATE    2024-09-20 22:31:27.776956
dynamic_TF_carry/EU-RETAIL        2024-09-20 22:31:27.777366
dynamic_TF_carry/KR3              2024-09-20 22:31:27.777775
dynamic_TF_carry/FTSECHINAH       2024-09-20 22:31:27.777978
dynamic_TF_carry/US-DISCRETE      2024-09-20 22:31:27.778181
dynamic_TF_carry/COPPER-micro     2024-09-20 22:31:27.778385
dynamic_TF_carry/PLAT             2024-09-20 22:31:27.778588
dynamic_TF_carry/BUXL             2024-09-20 22:31:27.778791
dynamic_TF_carry/US-REALESTATE    2024-09-20 22:31:27.778996
dynamic_TF_carry/GICS             2024-09-20 22:31:27.779199
dynamic_TF_carry/CLP              2024-09-20 22:31:27.779403
dynamic_TF_carry/OATIES           2024-09-20 22:31:27.779606
dynamic_TF_carry/OJ               2024-09-20 22:31:27.779810
dynamic_TF_carry/CNH              2024-09-20 22:31:27.780014
dynamic_TF_carry/KOSDAQ           2024-09-20 22:31:27.780219
dynamic_TF_carry/BRENT_W          2024-09-20 22:31:27.780630
dynamic_TF_carry/FTSE250          2024-09-20 22:31:27.780835
dynamic_TF_carry/RUBBER           2024-09-20 22:31:27.781039
dynamic_TF_carry/EURO600          2024-09-20 22:31:27.781246
dynamic_TF_carry/GBP              2024-09-20 22:31:27.781450
dynamic_TF_carry/ZAR              2024-09-20 22:31:27.781655
dynamic_TF_carry/REDWHEAT         2024-09-20 22:31:27.781859
dynamic_TF_carry/EU-AUTO          2024-09-20 22:31:27.782063
dynamic_TF_carry/BRENT-LAST       2024-09-20 22:31:27.782267
dynamic_TF_carry/EU-DJ-TELECOM    2024-09-20 22:31:27.782471
dynamic_TF_carry/AEX              2024-09-20 22:31:27.782676
dynamic_TF_carry/COPPER_LME       2024-09-20 22:31:27.782881
dynamic_TF_carry/US-INDUSTRY      2024-09-20 22:31:27.783085
dynamic_TF_carry/CAC              2024-09-20 22:31:27.783290
dynamic_TF_carry/EU-TECH          2024-09-20 22:31:27.783495
dynamic_TF_carry/EU-FOOD          2024-09-20 22:31:27.783700
dynamic_TF_carry/EU-TRAVEL        2024-09-20 22:31:27.784109
dynamic_TF_carry/KOSPI            2024-09-20 22:31:27.784312
dynamic_TF_carry/MUMMY            2024-09-20 22:31:27.784516
dynamic_TF_carry/EU-HEALTH        2024-09-20 22:31:27.784721
dynamic_TF_carry/DOW              2024-09-20 22:31:27.784926
dynamic_TF_carry/DAX              2024-09-20 22:31:27.785131
dynamic_TF_carry/US30             2024-09-20 22:31:27.785337
dynamic_TF_carry/MIB              2024-09-20 22:31:27.785542
dynamic_TF_carry/SGD              2024-09-20 22:31:27.785747
dynamic_TF_carry/COCOA            2024-09-20 22:31:27.785949
dynamic_TF_carry/FEEDCOW          2024-09-20 22:31:27.786153
dynamic_TF_carry/EU-HOUSE         2024-09-20 22:31:27.786359
dynamic_TF_carry/V2X              2024-09-20 22:31:27.786564
dynamic_TF_carry/JGB-SGX-mini     2024-09-20 22:31:27.786770
dynamic_TF_carry/SWISSLEAD        2024-09-20 22:31:27.786977
dynamic_TF_carry/US-UTILS         2024-09-20 22:31:27.787183
dynamic_TF_carry/COTTON           2024-09-20 22:31:27.787387
dynamic_TF_carry/NASDAQ_micro     2024-09-20 22:31:27.787591
dynamic_TF_carry/GASOILINE        2024-09-20 22:31:27.787795
dynamic_TF_carry/US20             2024-09-20 22:31:27.787999
dynamic_TF_carry/EU-BANKS         2024-09-20 22:31:27.788203
dynamic_TF_carry/EU-CHEM          2024-09-20 22:31:27.788408
dynamic_TF_carry/HOUSE-US         2024-09-20 22:31:27.788612
dynamic_TF_carry/MSCIEMASIA       2024-09-20 22:31:27.788816
dynamic_TF_carry/EU-MEDIA         2024-09-20 22:31:27.789020
dynamic_TF_carry/CAD10            2024-09-20 22:31:27.789225
dynamic_TF_carry/EUROSTX200-LARGE 2024-09-20 22:31:27.789429
dynamic_TF_carry/GOLD_micro       2024-09-20 22:31:27.789632
dynamic_TF_carry/US10             2024-09-20 22:31:27.789835
dynamic_TF_carry/EUR_micro        2024-09-20 22:31:27.790040
dynamic_TF_carry/BOBL             2024-09-20 22:31:27.790244
dynamic_TF_carry/IRON             2024-09-20 22:31:27.790447
dynamic_TF_carry/TOPIX            2024-09-20 22:31:27.790652
dynamic_TF_carry/WHEY             2024-09-20 22:31:27.790856
dynamic_TF_carry/MILK             2024-09-20 22:31:27.791061
dynamic_TF_carry/EUR              2024-09-20 22:31:27.791265
dynamic_TF_carry/NOK              2024-09-20 22:31:27.791469
dynamic_TF_carry/IG               2024-09-20 22:31:27.791673
dynamic_TF_carry/KRWUSD_mini      2024-09-20 22:31:27.791876
dynamic_TF_carry/GAS_US_mini      2024-09-20 22:31:27.792081
dynamic_TF_carry/VNKI             2024-09-20 22:31:27.792285
dynamic_TF_carry/CHFJPY           2024-09-20 22:31:27.792486
dynamic_TF_carry/EUROSTX-LARGE    2024-09-20 22:31:27.792690
dynamic_TF_carry/SMI              2024-09-20 22:31:27.792892
dynamic_TF_carry/EURAUD           2024-09-20 22:31:27.793096
dynamic_TF_carry/SUGAR16          2024-09-20 22:31:27.793302
dynamic_TF_carry/MSCIEAFA         2024-09-20 22:31:27.793506
dynamic_TF_carry/CAD              2024-09-20 22:31:27.793709
dynamic_TF_carry/CRUDE_ICE        2024-09-20 22:31:27.793913
dynamic_TF_carry/EURIBOR-ICE      2024-09-20 22:31:27.794116
dynamic_TF_carry/EU-MID           2024-09-20 22:31:27.794321
dynamic_TF_carry/HIGHYIELD        2024-09-20 22:31:27.794524
dynamic_TF_carry/SOFR             2024-09-20 22:31:27.794727
dynamic_TF_carry/JGB              2024-09-20 22:31:27.794931
dynamic_TF_carry/EU-OIL           2024-09-20 22:31:27.795134
dynamic_TF_carry/BUTTER           2024-09-20 22:31:27.795339
dynamic_TF_carry/RUSSELL          2024-09-20 22:31:27.795544
dynamic_TF_carry/MXP              2024-09-20 22:31:27.795749
dynamic_TF_carry/SHATZ            2024-09-20 22:31:27.795954
dynamic_TF_carry/JP-REALESTATE    2024-09-20 22:31:27.796158
dynamic_TF_carry/IBEX_mini        2024-09-20 22:31:27.796360
dynamic_TF_carry/FTSEVIET         2024-09-20 22:31:27.796563
dynamic_TF_carry/US2              2024-09-20 22:31:27.796766
dynamic_TF_carry/FED              2024-09-20 22:31:27.796970
dynamic_TF_carry/INR              2024-09-20 22:31:27.797177
dynamic_TF_carry/EU-DJ-UTIL       2024-09-20 22:31:27.797381
dynamic_TF_carry/MSCITAIWAN       2024-09-20 22:31:27.797584
dynamic_TF_carry/EU-DIV30         2024-09-20 22:31:27.797788
dynamic_TF_carry/AUDJPY           2024-09-20 22:31:27.797993
dynamic_TF_carry/WHEAT            2024-09-20 22:31:27.798402
dynamic_TF_carry/ETHEREUM         2024-09-20 22:31:27.798609
dynamic_TF_carry/CORN             2024-09-20 22:31:27.798815
dynamic_TF_carry/US-ENERGY        2024-09-20 22:31:27.799021
dynamic_TF_carry/BOVESPA          2024-09-20 22:31:27.799226
dynamic_TF_carry/SEK              2024-09-20 22:31:27.799433
dynamic_TF_carry/AUD_micro        2024-09-20 22:31:27.799639
dynamic_TF_carry/EURCAD           2024-09-20 22:31:27.799846
dynamic_TF_carry/BTP              2024-09-20 22:31:27.800051
dynamic_TF_carry/SARONA           2024-09-20 22:31:27.800256
dynamic_TF_carry/GAS-PEN          2024-09-20 22:31:27.800462
dynamic_TF_carry/GBPJPY           2024-09-20 22:31:27.800667
dynamic_TF_carry/SMI-MID          2024-09-20 22:31:27.800872
dynamic_TF_carry/EU-BASIC         2024-09-20 22:31:27.801076
dynamic_TF_carry/SUGAR_WHITE      2024-09-20 22:31:27.801284
dynamic_TF_carry/SPI200           2024-09-20 22:31:27.801488
dynamic_TF_carry/US10U            2024-09-20 22:31:27.801693
dynamic_TF_carry/US-FINANCE       2024-09-20 22:31:27.801897
dynamic_TF_carry/NICKEL_LME       2024-09-20 22:31:27.802102
dynamic_TF_carry/YENEUR           2024-09-20 22:31:27.802305
dynamic_TF_carry/EU-INSURE        2024-09-20 22:31:27.802509
dynamic_TF_carry/SP400            2024-09-20 22:31:27.802713
dynamic_TF_carry/TIN_LME          2024-09-20 22:31:27.802917
dynamic_TF_carry/FANG             2024-09-20 22:31:27.803120
dynamic_TF_carry/HANG_mini        2024-09-20 22:31:27.803324
dynamic_TF_carry/SOYBEAN          2024-09-20 22:31:27.803527
dynamic_TF_carry/COPPER           2024-09-20 22:31:27.803730
dynamic_TF_carry/NIKKEI400        2024-09-20 22:31:27.803934
dynamic_TF_carry/HEATOIL          2024-09-20 22:31:27.804137
dynamic_TF_carry/GILT             2024-09-20 22:31:27.804544
dynamic_TF_carry/US5              2024-09-20 22:31:27.804747
dynamic_TF_carry/CZK              2024-09-20 22:31:27.804950
dynamic_TF_carry/JPY              2024-09-20 22:31:27.805157
dynamic_TF_carry/STEEL            2024-09-20 22:31:27.805361
dynamic_TF_carry/CHINAA-CON       2024-09-20 22:31:27.805567
dynamic_TF_carry/COAL             2024-09-20 22:31:27.805772
dynamic_TF_carry/CAD5             2024-09-20 22:31:27.805976
dynamic_TF_carry/EU-CONSTRUCTION  2024-09-20 22:31:27.806180
dynamic_TF_carry/EPRA-EUROPE      2024-09-20 22:31:27.806384
dynamic_TF_carry/SP500_micro      2024-09-20 22:31:27.806589
dynamic_TF_carry/BTP3             2024-09-20 22:31:27.806793
dynamic_TF_carry/GAS-LAST         2024-09-20 22:31:27.806997
dynamic_TF_carry/CHF              2024-09-20 22:31:27.807200
dynamic_TF_carry/RUR              2024-09-20 22:31:27.807405
dynamic_TF_carry/US-PROPERTY      2024-09-20 22:31:27.807608
dynamic_TF_carry/COAL-GEORDIE     2024-09-20 22:31:27.807811
dynamic_TF_carry/EUA              2024-09-20 22:31:27.808015
dynamic_TF_carry/CRUDE_W_micro    2024-09-20 22:31:27.808218
dynamic_TF_carry/EUROSTX-SMALL    2024-09-20 22:31:27.808421
dynamic_TF_carry/MSCIASIA         2024-09-20 22:31:27.808624
dynamic_TF_carry/CANOLA           2024-09-20 22:31:27.808827
dynamic_TF_carry/HANGTECH         2024-09-20 22:31:27.809031
dynamic_TF_carry/SOYMEAL          2024-09-20 22:31:27.809238
dynamic_TF_carry/US3              2024-09-20 22:31:27.809442
dynamic_TF_carry/BRE              2024-09-20 22:31:27.809646
dynamic_TF_carry/OAT              2024-09-20 22:31:27.809850
dynamic_TF_carry/OMX              2024-09-20 22:31:27.810054
dynamic_TF_carry/CH10             2024-09-20 22:31:27.810257
dynamic_TF_carry/CRUDE_W_mini     2024-09-20 22:31:27.810459


======================================================================================================================
                                                Status of trade limits                                                
======================================================================================================================

                   period_days  trade_limit  trades_since_last_reset  trade_capacity_remaining   time_since_last_reset
 KR10                       30            5                      5.0                       0.0 29 days 20:56:01.937855
 BRENT-LAST                 30            4                      3.0                       1.0 28 days 08:56:22.595314
 KR10                       14            4                      3.0                       1.0 10 days 20:53:55.828721
 VIX                        30            5                      3.0                       2.0 29 days 07:53:13.565446
 BITCOIN                    30           15                     12.0                       3.0 29 days 07:53:11.045303
 EU-HOUSE                    1            4                      0.0                       4.0  0 days 00:00:00.000002
 EU-DJ-UTIL                  1            4                      0.0                       4.0  0 days 00:00:00.000002
 EU-DJ-TELECOM               1            4                      0.0                       4.0  0 days 00:00:00.000002
 EU-DJ-TECH                  1            4                      0.0                       4.0  0 days 00:00:00.000002
 EU-DJ-OIL                   1            4                      0.0                       4.0  0 days 00:00:00.000002
 EU-CONSTRUCTION             1            4                      0.0                       4.0  0 days 00:00:00.000002
 ETHANOL                     1            4                      0.0                       4.0  0 days 00:00:00.000001
 CZK                         1            4                      0.0                       4.0  0 days 00:00:00.000001
 CORN                        1            4                      0.0                       4.0  0 days 00:00:00.000002
 COPPER-mini                 1            4                      0.0                       4.0  0 days 00:00:00.000001
 CNH-onshore                 1            4                      0.0                       4.0  0 days 00:00:00.000001
 CLP                         1            4                      0.0                       4.0  0 days 00:00:00.000001
 CH10                        1            4                      0.0                       4.0  0 days 00:00:00.000001
 BUTTER                      1            4                      0.0                       4.0  0 days 00:00:00.000001
 BOVESPA                     1            4                      0.0                       4.0  0 days 00:00:00.000001
 BEL20                       1            4                      0.0                       4.0  0 days 00:00:00.000002
 ALUMINIUM                   1            4                      0.0                       4.0  0 days 00:00:00.000002
 YENEUR                     30            4                      0.0                       4.0  0 days 00:00:00.000002
 EU-MEDIA                    1            4                      0.0                       4.0  0 days 00:00:00.000001
 COTTON                      1            4                      0.0                       4.0  0 days 00:00:00.000001
 EU-MID                      1            4                      0.0                       4.0  0 days 00:00:00.000001
 EURCHF                      1            4                      0.0                       4.0  0 days 00:00:00.000001
 US-HEALTH                   1            4                      0.0                       4.0  0 days 00:00:00.000002
 US-FINANCE                  1            4                      0.0                       4.0  0 days 00:00:00.000002
 US-ENERGY                   1            4                      0.0                       4.0  0 days 00:00:00.000002
 US-DISCRETE                 1            4                      0.0                       4.0  0 days 00:00:00.000001
 SMI-MID                     1            4                      0.0                       4.0  0 days 00:00:00.000001
 SGX                         1            4                      0.0                       4.0  0 days 00:00:00.000001
 SGD                         1            4                      0.0                       4.0  0 days 00:00:00.000001
 OMX                         1            4                      0.0                       4.0  0 days 00:00:00.000001
 MSCIASIA                    1            4                      0.0                       4.0  0 days 00:00:00.000002
 EU-REALESTATE               1            4                      0.0                       4.0  0 days 00:00:00.000001
 MILKWET                     1            4                      0.0                       4.0  0 days 00:00:00.000002
 MID-DAX                     1            4                      0.0                       4.0  0 days 00:00:00.000002
 JP-REALESTATE               1            4                      0.0                       4.0  0 days 00:00:00.000002
 JGB-SGX-mini                1            4                      0.0                       4.0  0 days 00:00:00.000002
 IRS                         1            4                      0.0                       4.0  0 days 00:00:00.000002
 FTSEINDO                    1            4                      0.0                       4.0  0 days 00:00:00.000002
 EUROSTX200-LARGE            1            4                      0.0                       4.0  0 days 00:00:00.000001
 EUROSTX-SMALL               1            4                      0.0                       4.0  0 days 00:00:00.000001
 EUROSTX-LARGE               1            4                      0.0                       4.0  0 days 00:00:00.000001
 EURIBOR                     1            4                      0.0                       4.0  0 days 00:00:00.000001
 MILKDRY                     1            4                      0.0                       4.0  0 days 00:00:00.000002
 US30                       30            4                      0.0                       4.0  0 days 00:00:00.000002
 US10U                      30            4                      0.0                       4.0  7 days 07:56:27.212557
 US-INDUSTRY                 1            4                      0.0                       4.0  0 days 00:00:00.000002
 KRWUSD                     14            4                      0.0                       4.0  0 days 00:00:00.000001
 JGB                        14            4                      0.0                       4.0  0 days 00:00:00.000001
 HEATOIL                    14            4                      0.0                       4.0  0 days 00:00:00.000001
 GBPEUR                     14            4                      0.0                       4.0  0 days 00:00:00.000001
 GAS-LAST                   14            4                      0.0                       4.0  0 days 00:00:00.000001
 FTSETAIWAN                 14            4                      0.0                       4.0  0 days 00:00:00.000001
 EU-TECH                    14            4                      0.0                       4.0  0 days 00:00:00.000001
 EU-CHEM                    14            4                      0.0                       4.0  0 days 00:00:00.000002
 ETHEREUM                   14            4                      0.0                       4.0  0 days 00:00:00.000001
 CNH                        14            4                      0.0                       4.0  0 days 00:00:00.000001
 BUXL                       14            4                      0.0                       4.0  0 days 00:00:00.000001
 BTP3                       14            4                      0.0                       4.0  0 days 00:00:00.000001
 BRENT-LAST                 14            4                      0.0                       4.0  0 days 07:53:46.329091
 BONO                       14            4                      0.0                       4.0  0 days 00:00:00.000002
 YENEUR                      1            4                      0.0                       4.0  0 days 00:00:00.000002
 US3                         1            4                      0.0                       4.0  0 days 00:00:00.000001
 US10U                       1            4                      0.0                       4.0  0 days 00:00:00.000001
 US-REALESTATE               1            4                      0.0                       4.0  0 days 00:00:00.000001
 TOPIX                       1            4                      0.0                       4.0  0 days 00:00:00.000001
 ZAR                         1            4                      0.0                       4.0  0 days 00:00:00.000002
 NOK                        14            4                      0.0                       4.0  0 days 00:00:00.000002
 R1000                      14            4                      0.0                       4.0  0 days 00:00:00.000002
 REDWHEAT                   14            4                      0.0                       4.0  0 days 00:00:00.000002
 SP400                      30            4                      0.0                       4.0  0 days 00:00:00.000002
 SEK                        30            4                      0.0                       4.0  0 days 00:00:00.000002
 NOK                        30            4                      0.0                       4.0  0 days 00:00:00.000001
 JGB                        30            4                      0.0                       4.0  0 days 00:00:00.000001
