
********************************************************************************
                   Status report produced on 13/09/2024 22:55                   
********************************************************************************


Delayed methods: No delays

=================================
  Delayed adjusted / FX prices   
=================================

                      last_update
TIN_LME       2024-09-05 23:00:00
ALUMINIUM_LME 2024-09-06 10:00:00
NICKEL_LME    2024-09-06 11:00:00
ZINC_LME      2024-09-06 12:00:00
COPPER_LME    2024-09-06 15:00:00
LEAD_LME      2024-09-06 15:00:00
SGX           2024-09-09 23:00:00
TWD           2024-09-09 23:00:00

Delayed optimal positions: No delays

==========================================================================================================
                                        Instruments at trade limit                                        
==========================================================================================================

       period_days  trade_limit  trades_since_last_reset  trade_capacity_remaining   time_since_last_reset
 KR10           30            5                      5.0                       0.0 22 days 20:55:27.332455


================================================
         Instruments at position limit          
================================================

                 keys  position pos_limit  spare
142        BRENT-LAST        -1       1.0    0.0
149          HOUSE-US         0       0.0    0.0
164          JPY_mini         0       0.0    0.0
103            EURAUD         0       0.0    0.0
105          SGD_mini         0       0.0    0.0
106  EUROSTX200-LARGE         0       0.0    0.0
107           TIN_LME         0       0.0    0.0
228         CHF_micro         0       0.0    0.0
210      COAL-GEORDIE         0       0.0    0.0
45             COTTON         0       0.0    0.0
148               CZK         0       0.0    0.0
194           BOVESPA         0       0.0    0.0
41             CHFJPY         0       0.0    0.0
78         EU-DJ-TECH         0       0.0    0.0
169              VNKI         0       0.0    0.0
46             EURCAD         0       0.0    0.0
117           EU-CHEM         0       0.0    0.0
99             NASDAQ         0       0.0    0.0
60             AUDJPY         0       0.0    0.0
221               JGB         0       0.0    0.0
83            ETHANOL         0       0.0    0.0
156              GICS         0       0.0    0.0
87                SEK         0       0.0    0.0
197             STEEL         0       0.0    0.0
70               COAL         0       0.0    0.0
161         EU-RETAIL         0       0.0    0.0
185     EU-DJ-TELECOM         0       0.0    0.0
67        CNH-onshore         0       0.0    0.0
93         COPPER_LME         0       0.0    0.0
215             SP400         0       0.0    0.0
152              CH10         0       0.0    0.0
63                 IG         0       0.0    0.0
196               NOK         0       0.0    0.0
216               OMX         0       0.0    0.0
35             GBPJPY         0       0.0    0.0
208         HIGHYIELD         0       0.0    0.0
193       COPPER-mini         0       0.0    0.0
129             R1000         0       0.0    0.0
203       HEATOIL-ICE         0       0.0    0.0
132            EURCHF         0       0.0    0.0
178            PALLAD         0       0.0    0.0
241         EU-TRAVEL         0       0.0    0.0
11        EPRA-EUROPE         0       0.0    0.0
10                SGX         0       0.0    0.0
9            JGB-mini         0       0.0    0.0
133          AEX_mini         0       0.0    0.0
201               PLN         0       0.0    0.0
242          ETHEREUM         0       0.0    0.0
135          EU-HOUSE         0       0.0    0.0
3             US-TECH         0       0.0    0.0
138           GAS-PEN        -1       1.0    0.0
140               RUR         0       0.0    0.0
128               TWD         0       0.0    0.0
170   GASOILINE_micro         0       0.0    0.0
79             KRWUSD         0       0.0    0.0
28          SWISSLEAD         0       0.0    0.0
239           MILKWET         0       0.0    0.0
175           MILKDRY         0       0.0    0.0
22      EUROSTX-LARGE         0       0.0    0.0
118              WHEY         0       0.0    0.0
23             BUTTER         0       0.0    0.0
24           EU-MEDIA         0       0.0    0.0
250           SMI-MID         0       0.0    0.0
145               CLP         0       0.0    0.0
27    EU-CONSTRUCTION         0       0.0    0.0
198               IRS         0       0.0    0.0
120          TWD-mini         0       0.0    0.0


==========================================================
         Overrides in database consider deleting          
==========================================================

                                                  override
NICKEL_LME              Override Close because in database
BB3M              Override Reduce only because in database
ALUMINIUM_LME     Override Reduce only because in database
SPI200            Override Reduce only because in database
FTSE100           Override Reduce only because in database
JGB-mini          Override Reduce only because in database
GAS-PEN           Override Reduce only because in database
RICE              Override Reduce only because in database
VNKI              Override Reduce only because in database
SGD               Override Reduce only because in database
CNH-onshore       Override Reduce only because in database
TWD-mini          Override Reduce only because in database
IRS               Override Reduce only because in database
NIKKEI400         Override Reduce only because in database
JP-REALESTATE     Override Reduce only because in database
TWD               Override Reduce only because in database
VIX_mini          Override Reduce only because in database
MIB               Override Reduce only because in database
MSCIASIA          Override Reduce only because in database
CZK               Override Reduce only because in database
FTSE250           Override Reduce only because in database
EU-REALESTATE     Override Reduce only because in database
IBEX              Override Reduce only because in database
OATIES            Override Reduce only because in database
EU-DJ-UTIL        Override Reduce only because in database
EUROSTX           Override Reduce only because in database
RUR               Override Reduce only because in database
CHINAA-CON        Override Reduce only because in database
CAC               Override Reduce only because in database
US-PROPERTY       Override Reduce only because in database
US-ENERGY         Override Reduce only because in database
US-HEALTH         Override Reduce only because in database
EU-HOUSE          Override Reduce only because in database
EURAUD            Override Reduce only because in database
FANG              Override Reduce only because in database
EU-UTILS          Override Reduce only because in database
EU-AUTO           Override Reduce only because in database
EU-INSURE         Override Reduce only because in database
DAX               Override Reduce only because in database
EUROSTX-SMALL     Override Reduce only because in database
DJSTX-SMALL       Override Reduce only because in database
US-MATERIAL       Override Reduce only because in database
US-FINANCE        Override Reduce only because in database
US-DISCRETE       Override Reduce only because in database
US-INDUSTRY       Override Reduce only because in database
US-TECH           Override Reduce only because in database
EU-MID            Override Reduce only because in database
EURO600           Override Reduce only because in database
EU-MEDIA          Override Reduce only because in database
EUROSTX-LARGE     Override Reduce only because in database
US-UTILS          Override Reduce only because in database
EU-HEALTH         Override Reduce only because in database
GASOILINE_micro   Override Reduce only because in database
EU-TECH           Override Reduce only because in database
MSCIWORLD         Override Reduce only because in database
YENEUR            Override Reduce only because in database
SMI               Override Reduce only because in database
EU-DIV30          Override Reduce only because in database
EUROSTX200-LARGE  Override Reduce only because in database
OMX               Override Reduce only because in database
INR               Override Reduce only because in database
MSCIEAFA          Override Reduce only because in database
DOW_mini          Override Reduce only because in database
CHFJPY            Override Reduce only because in database
NOK               Override Reduce only because in database
IBEX_mini         Override Reduce only because in database
EU-DJ-OIL         Override Reduce only because in database
EU-BANKS          Override Reduce only because in database
EU-FOOD           Override Reduce only because in database
RUSSELL_mini      Override Reduce only because in database
EU-OIL            Override Reduce only because in database
EU-DJ-TECH        Override Reduce only because in database
CAD_micro         Override Reduce only because in database
US-STAPLES        Override Reduce only because in database
AEX               Override Reduce only because in database
R1000             Override Reduce only because in database
AEX_mini          Override Reduce only because in database
GBPJPY            Override Reduce only because in database
NASDAQ            Override Reduce only because in database
SP400             Override Reduce only because in database
EU-BASIC          Override Reduce only because in database
GBPCHF            Override Reduce only because in database
EU-CHEM           Override Reduce only because in database
EU-TRAVEL         Override Reduce only because in database
EU-DJ-TELECOM     Override Reduce only because in database
EU-CONSTRUCTION   Override Reduce only because in database
EPRA-EUROPE       Override Reduce only because in database
EU-RETAIL         Override Reduce only because in database
EURCHF            Override Reduce only because in database
SWISSLEAD         Override Reduce only because in database
SMI-MID           Override Reduce only because in database
FTSEINDO          Override Reduce only because in database
FTSECHINAA        Override Reduce only because in database
BUTTER            Override Reduce only because in database
FTSETAIWAN        Override Reduce only because in database
STEEL             Override Reduce only because in database
COTTON            Override Reduce only because in database
US-REALESTATE     Override Reduce only because in database
COAL              Override Reduce only because in database
CHEESE            Override Reduce only because in database
HANGENT_mini      Override Reduce only because in database
SGX               Override Reduce only because in database
FTSEVIET          Override Reduce only because in database

Locked instruments (position mismatch): []

==============================================
Status of adjusted price / FX price collection
==============================================

                         last_update
TIN_LME          2024-09-05 23:00:00
ALUMINIUM_LME    2024-09-06 10:00:00
NICKEL_LME       2024-09-06 11:00:00
ZINC_LME         2024-09-06 12:00:00
COPPER_LME       2024-09-06 15:00:00
LEAD_LME         2024-09-06 15:00:00
SGX              2024-09-09 23:00:00
TWD              2024-09-09 23:00:00
JGB-mini         2024-09-11 23:00:00
SEK              2024-09-12 23:00:00
GBPCHF           2024-09-12 23:00:00
GBPEUR           2024-09-12 23:00:00
RUR              2024-09-12 23:00:00
GBPJPY           2024-09-12 23:00:00
OMX              2024-09-12 23:00:00
CZK              2024-09-12 23:00:00
COTTON           2024-09-12 23:00:00
CLP              2024-09-12 23:00:00
SGD_mini         2024-09-12 23:00:00
CNH-onshore      2024-09-12 23:00:00
MILKWET          2024-09-12 23:00:00
COAL-GEORDIE     2024-09-12 23:00:00
MSCIEMASIA       2024-09-12 23:00:00
ETHANOL          2024-09-12 23:00:00
NIKKEI400        2024-09-12 23:00:00
IG               2024-09-12 23:00:00
HOUSE-US         2024-09-12 23:00:00
BB3M             2024-09-12 23:00:00
EURAUD           2024-09-12 23:00:00
TWD-mini         2024-09-12 23:00:00
EUROSTX-LARGE    2024-09-12 23:00:00
BOVESPA          2024-09-12 23:00:00
SWISSLEAD        2024-09-12 23:00:00
GASOILINE_micro  2024-09-12 23:00:00
IRS              2024-09-12 23:00:00
JP-REALESTATE    2024-09-12 23:00:00
VNKI             2024-09-13 01:00:00
FTSEVIET         2024-09-13 03:00:00
KR10*            2024-09-13 03:00:00
KR3              2024-09-13 04:00:00
HANGENT_mini*    2024-09-13 04:00:00
JGB-SGX-mini     2024-09-13 04:00:00
HANG             2024-09-13 04:00:00
HANG_mini        2024-09-13 04:00:00
HANGENT          2024-09-13 04:00:00
IRON*            2024-09-13 04:00:00
HANGTECH         2024-09-13 04:00:00
FTSEINDO         2024-09-13 04:00:00
FTSECHINAH       2024-09-13 04:00:00
SPI200           2024-09-13 04:00:00
SGD              2024-09-13 04:00:00
MSCITAIWAN       2024-09-13 05:00:00
FTSETAIWAN       2024-09-13 05:00:00
TOPIX            2024-09-13 05:00:00
JGB              2024-09-13 05:00:00
FTSECHINAA*      2024-09-13 05:00:00
KOSDAQ           2024-09-13 05:00:00
KOSPI            2024-09-13 05:00:00
MUMMY*           2024-09-13 05:00:00
RUBBER           2024-09-13 05:00:00
CHINAA-CON*      2024-09-13 05:00:00
KOSPI_mini       2024-09-13 05:00:00
KRWUSD_mini      2024-09-13 05:00:00
CNH              2024-09-13 05:00:00
NIKKEI           2024-09-13 05:00:00
MSCISING*        2024-09-13 05:00:00
EPRA-EUROPE      2024-09-13 10:00:00
WHEAT_ICE        2024-09-13 14:00:00
SUGAR16          2024-09-13 14:00:00
GAS-PEN*         2024-09-13 14:30:00
GICS             2024-09-13 14:30:00
GASOILINE_ICE    2024-09-13 15:00:00
EU-UTILS         2024-09-13 15:00:00
EUA              2024-09-13 15:00:00
EUROSTX-SMALL    2024-09-13 15:00:00
HEATOIL-ICE      2024-09-13 15:00:00
EURIBOR-ICE      2024-09-13 15:00:00
EUROSTX200-LARGE 2024-09-13 15:00:00
FTSE250          2024-09-13 15:00:00
FTSE100          2024-09-13 15:00:00
EURIBOR          2024-09-13 15:00:00
GILT             2024-09-13 15:00:00
HIGHYIELD        2024-09-13 15:00:00
DJSTX-SMALL      2024-09-13 15:00:00
EU-REALESTATE    2024-09-13 15:00:00
AEX_mini         2024-09-13 15:00:00
BRENT_W          2024-09-13 15:00:00
SUGAR_WHITE      2024-09-13 15:00:00
SONIA3           2024-09-13 15:00:00
SARONA           2024-09-13 15:00:00
CH10             2024-09-13 15:00:00
ROBUSTA          2024-09-13 15:00:00
EU-RETAIL        2024-09-13 15:00:00
COCOA_LDN        2024-09-13 15:00:00
MSCIWORLD        2024-09-13 15:00:00
COAL             2024-09-13 15:00:00
MSCIASIA         2024-09-13 15:00:00
EU-MID           2024-09-13 15:00:00
IBEX             2024-09-13 15:00:00
IBEX_mini        2024-09-13 15:00:00
EU-HOUSE         2024-09-13 15:00:00
CRUDE_ICE        2024-09-13 15:00:00
GASOIL           2024-09-13 15:00:00
EU-DJ-TECH       2024-09-13 15:00:00
EU-CHEM          2024-09-13 15:00:00
MIB              2024-09-13 15:00:00
MILLWHEAT        2024-09-13 15:00:00
SMI              2024-09-13 16:00:00
V2X              2024-09-13 16:00:00
YENEUR           2024-09-13 16:00:00
OAT              2024-09-13 16:00:00
SHATZ            2024-09-13 16:00:00
SMI-MID          2024-09-13 16:00:00
AEX              2024-09-13 16:00:00
EU-HEALTH        2024-09-13 16:00:00
EU-MEDIA         2024-09-13 16:00:00
EU-INSURE        2024-09-13 16:00:00
DAX              2024-09-13 16:00:00
BTP              2024-09-13 16:00:00
EU-FOOD          2024-09-13 16:00:00
EU-DJ-UTIL       2024-09-13 16:00:00
EU-DJ-TELECOM    2024-09-13 16:00:00
EU-DJ-OIL        2024-09-13 16:00:00
EU-DIV30         2024-09-13 16:00:00
EU-CONSTRUCTION  2024-09-13 16:00:00
BONO             2024-09-13 16:00:00
EU-BASIC         2024-09-13 16:00:00
EU-BANKS*        2024-09-13 16:00:00
EU-AUTO          2024-09-13 16:00:00
BOBL             2024-09-13 16:00:00
EU-OIL*          2024-09-13 16:00:00
EU-TECH          2024-09-13 16:00:00
EU-TRAVEL        2024-09-13 16:00:00
BTP3             2024-09-13 16:00:00
EURCHF           2024-09-13 16:00:00
EURO600          2024-09-13 16:00:00
BUXL             2024-09-13 16:00:00
EUROSTX          2024-09-13 16:00:00
CHFJPY           2024-09-13 16:00:00
BUND             2024-09-13 16:00:00
CAC              2024-09-13 16:00:00
EURCAD           2024-09-13 17:00:00
SUGAR11          2024-09-13 17:00:00
COFFEE           2024-09-13 18:00:00
MILKDRY          2024-09-13 18:00:00
BUTTER           2024-09-13 18:00:00
PLN              2024-09-13 18:00:00
KRWUSD           2024-09-13 18:00:00
NOK              2024-09-13 18:00:00
COCOA            2024-09-13 18:00:00
OJ               2024-09-13 18:00:00
COPPER-mini      2024-09-13 19:00:00
CORN_mini        2024-09-13 19:00:00
CORN*            2024-09-13 19:00:00
OATIES           2024-09-13 19:00:00
REDWHEAT         2024-09-13 19:00:00
CHEESE           2024-09-13 19:00:00
STEEL            2024-09-13 19:00:00
CANOLA*          2024-09-13 19:00:00
CAD5             2024-09-13 19:00:00
CAD10            2024-09-13 19:00:00
SOYOIL           2024-09-13 19:00:00
SOYBEAN          2024-09-13 19:00:00
RICE             2024-09-13 19:00:00
COTTON2*         2024-09-13 19:00:00
MILK             2024-09-13 19:00:00
SOYMEAL*         2024-09-13 19:00:00
WHEAT*           2024-09-13 19:00:00
AUDJPY           2024-09-13 19:00:00
WHEAT_mini       2024-09-13 19:00:00
WHEY             2024-09-13 19:00:00
LEANHOG*         2024-09-13 19:00:00
BBCOMM           2024-09-13 19:00:00
FANG             2024-09-13 19:00:00
LIVECOW          2024-09-13 19:00:00
GAS_US_mini*     2024-09-13 19:00:00
ALUMINIUM*       2024-09-13 19:00:00
SOYBEAN_mini     2024-09-13 19:00:00
CRUDE_W_mini     2024-09-13 19:00:00
FEEDCOW          2024-09-13 19:00:00
SP500            2024-09-13 20:00:00
AUD              2024-09-13 20:00:00
ZAR              2024-09-13 20:00:00
SP500_micro*     2024-09-13 20:00:00
AUD_micro        2024-09-13 20:00:00
VIX_mini         2024-09-13 20:00:00
VIX*             2024-09-13 20:00:00
SP400            2024-09-13 20:00:00
US5              2024-09-13 20:00:00
US-PROPERTY      2024-09-13 20:00:00
US-REALESTATE    2024-09-13 20:00:00
US-MATERIAL      2024-09-13 20:00:00
US-STAPLES       2024-09-13 20:00:00
US-TECH          2024-09-13 20:00:00
US-INDUSTRY      2024-09-13 20:00:00
US-HEALTH        2024-09-13 20:00:00
US-FINANCE       2024-09-13 20:00:00
US-ENERGY        2024-09-13 20:00:00
US30             2024-09-13 20:00:00
US-DISCRETE      2024-09-13 20:00:00
US-UTILS         2024-09-13 20:00:00
US10             2024-09-13 20:00:00
US10U*           2024-09-13 20:00:00
US2              2024-09-13 20:00:00
US20*            2024-09-13 20:00:00
BRE              2024-09-13 20:00:00
US3              2024-09-13 20:00:00
BITCOIN*         2024-09-13 20:00:00
BRENT-LAST*      2024-09-13 20:00:00
GAS-LAST         2024-09-13 20:00:00
SILVER*          2024-09-13 20:00:00
DOW_mini         2024-09-13 20:00:00
DX               2024-09-13 20:00:00
ETHER-micro      2024-09-13 20:00:00
SOFR             2024-09-13 20:00:00
JPY_mini         2024-09-13 20:00:00
JPY              2024-09-13 20:00:00
INR              2024-09-13 20:00:00
HEATOIL          2024-09-13 20:00:00
LUMBER-new       2024-09-13 20:00:00
EUR              2024-09-13 20:00:00
GOLD-mini        2024-09-13 20:00:00
GOLD             2024-09-13 20:00:00
EUR_micro        2024-09-13 20:00:00
GBP_micro        2024-09-13 20:00:00
EUR_mini         2024-09-13 20:00:00
FED              2024-09-13 20:00:00
GBP*             2024-09-13 20:00:00
GAS_US           2024-09-13 20:00:00
GOLD_micro       2024-09-13 20:00:00
DOW*             2024-09-13 20:00:00
ETHEREUM         2024-09-13 20:00:00
MSCIEAFA*        2024-09-13 20:00:00
CAD              2024-09-13 20:00:00
CAD2             2024-09-13 20:00:00
CAD_micro        2024-09-13 20:00:00
RUSSELL_mini     2024-09-13 20:00:00
CRUDE_W_micro    2024-09-13 20:00:00
CHF              2024-09-13 20:00:00
GASOILINE        2024-09-13 20:00:00
R1000            2024-09-13 20:00:00
PLAT             2024-09-13 20:00:00
RUSSELL*         2024-09-13 20:00:00
PALLAD           2024-09-13 20:00:00
CHF_micro        2024-09-13 20:00:00
NZD              2024-09-13 20:00:00
COPPER           2024-09-13 20:00:00
COPPER-micro     2024-09-13 20:00:00
NASDAQ_micro     2024-09-13 20:00:00
NASDAQ           2024-09-13 20:00:00
MXP              2024-09-13 20:00:00
CRUDE_W          2024-09-13 20:00:00
JPYUSD           2024-09-13 23:00:00
CNHUSD           2024-09-13 23:00:00
AUDUSD           2024-09-13 23:00:00
KRWUSD           2024-09-13 23:00:00
CHFUSD           2024-09-13 23:00:00
GBPUSD           2024-09-13 23:00:00
MXPUSD           2024-09-13 23:00:00
SGDUSD           2024-09-13 23:00:00
CADUSD           2024-09-13 23:00:00
HKDUSD           2024-09-13 23:00:00
EURUSD           2024-09-13 23:00:00
SEKUSD           2024-09-13 23:00:00


============================================================
           Status of optimal position generation            
============================================================

                                                 last_update
dynamic_TF_carry/EUROSTX200-LARGE 2024-09-13 22:31:24.824480
dynamic_TF_carry/VNKI             2024-09-13 22:31:24.824706
dynamic_TF_carry/EU-DJ-TELECOM    2024-09-13 22:31:24.824918
dynamic_TF_carry/US20             2024-09-13 22:31:24.825125
dynamic_TF_carry/EUROSTX-LARGE    2024-09-13 22:31:24.825337
dynamic_TF_carry/RUBBER           2024-09-13 22:31:24.825543
dynamic_TF_carry/SMI-MID          2024-09-13 22:31:24.825749
dynamic_TF_carry/IBEX_mini        2024-09-13 22:31:24.825957
dynamic_TF_carry/CAD5             2024-09-13 22:31:24.826160
dynamic_TF_carry/MILLWHEAT        2024-09-13 22:31:24.826364
dynamic_TF_carry/EURCAD           2024-09-13 22:31:24.826569
dynamic_TF_carry/IRON             2024-09-13 22:31:24.826774
dynamic_TF_carry/JPY              2024-09-13 22:31:24.826978
dynamic_TF_carry/RICE             2024-09-13 22:31:24.827183
dynamic_TF_carry/COAL             2024-09-13 22:31:24.827386
dynamic_TF_carry/SEK              2024-09-13 22:31:24.827590
dynamic_TF_carry/SOYMEAL          2024-09-13 22:31:24.827794
dynamic_TF_carry/GOLD_micro       2024-09-13 22:31:24.827999
dynamic_TF_carry/R1000            2024-09-13 22:31:24.828204
dynamic_TF_carry/KOSDAQ           2024-09-13 22:31:24.828408
dynamic_TF_carry/EU-TECH          2024-09-13 22:31:24.828612
dynamic_TF_carry/EU-INSURE        2024-09-13 22:31:24.828816
dynamic_TF_carry/ETHEREUM         2024-09-13 22:31:24.829021
dynamic_TF_carry/BBCOMM           2024-09-13 22:31:24.829229
dynamic_TF_carry/OJ               2024-09-13 22:31:24.829432
dynamic_TF_carry/TWD              2024-09-13 22:31:24.829636
dynamic_TF_carry/FTSEVIET         2024-09-13 22:31:24.829839
dynamic_TF_carry/EU-TRAVEL        2024-09-13 22:31:24.830044
dynamic_TF_carry/CRUDE_ICE        2024-09-13 22:31:24.830451
dynamic_TF_carry/EU-AUTO          2024-09-13 22:31:24.830654
dynamic_TF_carry/AUDJPY           2024-09-13 22:31:24.830857
dynamic_TF_carry/LEAD_LME         2024-09-13 22:31:24.831061
dynamic_TF_carry/MUMMY            2024-09-13 22:31:24.831265
dynamic_TF_carry/YENEUR           2024-09-13 22:31:24.831471
dynamic_TF_carry/ZINC_LME         2024-09-13 22:31:24.831674
dynamic_TF_carry/NOK              2024-09-13 22:31:24.831878
dynamic_TF_carry/SONIA3           2024-09-13 22:31:24.832083
dynamic_TF_carry/OMX              2024-09-13 22:31:24.832286
dynamic_TF_carry/US-ENERGY        2024-09-13 22:31:24.832489
dynamic_TF_carry/COCOA            2024-09-13 22:31:24.832692
dynamic_TF_carry/EU-MEDIA         2024-09-13 22:31:24.832896
dynamic_TF_carry/US-TECH          2024-09-13 22:31:24.833100
dynamic_TF_carry/BTP              2024-09-13 22:31:24.833310
dynamic_TF_carry/CZK              2024-09-13 22:31:24.833516
dynamic_TF_carry/GBPCHF           2024-09-13 22:31:24.833720
dynamic_TF_carry/SGD              2024-09-13 22:31:24.833924
dynamic_TF_carry/ETHANOL          2024-09-13 22:31:24.834130
dynamic_TF_carry/ZAR              2024-09-13 22:31:24.834333
dynamic_TF_carry/MSCIASIA         2024-09-13 22:31:24.834539
dynamic_TF_carry/CLP              2024-09-13 22:31:24.834744
dynamic_TF_carry/CRUDE_W_micro    2024-09-13 22:31:24.834948
dynamic_TF_carry/BRENT_W          2024-09-13 22:31:24.835152
dynamic_TF_carry/CORN             2024-09-13 22:31:24.835355
dynamic_TF_carry/JGB              2024-09-13 22:31:24.835559
dynamic_TF_carry/PALLAD           2024-09-13 22:31:24.835764
dynamic_TF_carry/GBP              2024-09-13 22:31:24.835969
dynamic_TF_carry/GAS-PEN          2024-09-13 22:31:24.836174
dynamic_TF_carry/OATIES           2024-09-13 22:31:24.836580
dynamic_TF_carry/US10U            2024-09-13 22:31:24.836783
dynamic_TF_carry/US2              2024-09-13 22:31:24.836987
dynamic_TF_carry/COTTON           2024-09-13 22:31:24.837199
dynamic_TF_carry/EU-DIV30         2024-09-13 22:31:24.837404
dynamic_TF_carry/US-HEALTH        2024-09-13 22:31:24.837607
dynamic_TF_carry/EURIBOR          2024-09-13 22:31:24.837811
dynamic_TF_carry/BUTTER           2024-09-13 22:31:24.838015
dynamic_TF_carry/COAL-GEORDIE     2024-09-13 22:31:24.838219
dynamic_TF_carry/SHATZ            2024-09-13 22:31:24.838422
dynamic_TF_carry/EUROSTX          2024-09-13 22:31:24.838625
dynamic_TF_carry/GASOILINE        2024-09-13 22:31:24.838829
dynamic_TF_carry/US10             2024-09-13 22:31:24.839032
dynamic_TF_carry/US30             2024-09-13 22:31:24.839236
dynamic_TF_carry/SGX              2024-09-13 22:31:24.839440
dynamic_TF_carry/MSCISING         2024-09-13 22:31:24.839644
dynamic_TF_carry/NZD              2024-09-13 22:31:24.839849
dynamic_TF_carry/EU-DJ-UTIL       2024-09-13 22:31:24.840053
dynamic_TF_carry/GAS_US_mini      2024-09-13 22:31:24.840257
dynamic_TF_carry/EU-CHEM          2024-09-13 22:31:24.840463
dynamic_TF_carry/EUROSTX-SMALL    2024-09-13 22:31:24.840667
dynamic_TF_carry/GBPJPY           2024-09-13 22:31:24.840872
dynamic_TF_carry/CHF              2024-09-13 22:31:24.841079
dynamic_TF_carry/CANOLA           2024-09-13 22:31:24.841287
dynamic_TF_carry/PLN              2024-09-13 22:31:24.841493
dynamic_TF_carry/DX               2024-09-13 22:31:24.841697
dynamic_TF_carry/SOYBEAN          2024-09-13 22:31:24.841903
dynamic_TF_carry/NASDAQ_micro     2024-09-13 22:31:24.842108
dynamic_TF_carry/COFFEE           2024-09-13 22:31:24.842312
dynamic_TF_carry/HEATOIL          2024-09-13 22:31:24.842517
dynamic_TF_carry/SWISSLEAD        2024-09-13 22:31:24.842723
dynamic_TF_carry/CHFJPY           2024-09-13 22:31:24.842928
dynamic_TF_carry/TIN_LME          2024-09-13 22:31:24.843131
dynamic_TF_carry/STEEL            2024-09-13 22:31:24.843336
dynamic_TF_carry/CAD              2024-09-13 22:31:24.843540
dynamic_TF_carry/CHEESE           2024-09-13 22:31:24.843744
dynamic_TF_carry/HANGENT_mini     2024-09-13 22:31:24.843949
dynamic_TF_carry/US5              2024-09-13 22:31:24.844152
dynamic_TF_carry/BITCOIN          2024-09-13 22:31:24.844356
dynamic_TF_carry/US-FINANCE       2024-09-13 22:31:24.844765
dynamic_TF_carry/KR10             2024-09-13 22:31:24.844970
dynamic_TF_carry/BRENT-LAST       2024-09-13 22:31:24.845176
dynamic_TF_carry/HOUSE-US         2024-09-13 22:31:24.845381
dynamic_TF_carry/KOSPI_mini       2024-09-13 22:31:24.845586
dynamic_TF_carry/EURO600          2024-09-13 22:31:24.845998
dynamic_TF_carry/KR3              2024-09-13 22:31:24.846204
dynamic_TF_carry/US-INDUSTRY      2024-09-13 22:31:24.846408
dynamic_TF_carry/KRWUSD_mini      2024-09-13 22:31:24.846613
dynamic_TF_carry/COCOA_LDN        2024-09-13 22:31:24.846818
dynamic_TF_carry/BOBL             2024-09-13 22:31:24.847022
dynamic_TF_carry/CH10             2024-09-13 22:31:24.847227
dynamic_TF_carry/FTSETAIWAN       2024-09-13 22:31:24.847431
dynamic_TF_carry/ALUMINIUM        2024-09-13 22:31:24.847634
dynamic_TF_carry/DJSTX-SMALL      2024-09-13 22:31:24.847837
dynamic_TF_carry/WHEY             2024-09-13 22:31:24.848040
dynamic_TF_carry/CRUDE_W_mini     2024-09-13 22:31:24.848245
dynamic_TF_carry/SP500_micro      2024-09-13 22:31:24.848450
dynamic_TF_carry/JGB-SGX-mini     2024-09-13 22:31:24.848655
dynamic_TF_carry/GBPEUR           2024-09-13 22:31:24.848858
dynamic_TF_carry/PLAT             2024-09-13 22:31:24.849062
dynamic_TF_carry/US-MATERIAL      2024-09-13 22:31:24.849475
dynamic_TF_carry/US-REALESTATE    2024-09-13 22:31:24.849679
dynamic_TF_carry/FED              2024-09-13 22:31:24.849883
dynamic_TF_carry/CHINAA-CON       2024-09-13 22:31:24.850087
dynamic_TF_carry/EPRA-EUROPE      2024-09-13 22:31:24.850289
dynamic_TF_carry/SPI200           2024-09-13 22:31:24.850695
dynamic_TF_carry/SILVER           2024-09-13 22:31:24.850898
dynamic_TF_carry/EUA              2024-09-13 22:31:24.851101
dynamic_TF_carry/US-STAPLES       2024-09-13 22:31:24.851306
dynamic_TF_carry/EU-CONSTRUCTION  2024-09-13 22:31:24.851510
dynamic_TF_carry/SMI              2024-09-13 22:31:24.851713
dynamic_TF_carry/AUD_micro        2024-09-13 22:31:24.851915
dynamic_TF_carry/FTSE100          2024-09-13 22:31:24.852119
dynamic_TF_carry/TOPIX            2024-09-13 22:31:24.852322
dynamic_TF_carry/EURIBOR-ICE      2024-09-13 22:31:24.852525
dynamic_TF_carry/REDWHEAT         2024-09-13 22:31:24.852728
dynamic_TF_carry/BRE              2024-09-13 22:31:24.852931
dynamic_TF_carry/CNH              2024-09-13 22:31:24.853134
dynamic_TF_carry/COPPER-micro     2024-09-13 22:31:24.853340
dynamic_TF_carry/CAD2             2024-09-13 22:31:24.853542
dynamic_TF_carry/HIGHYIELD        2024-09-13 22:31:24.853744
dynamic_TF_carry/COPPER_LME       2024-09-13 22:31:24.853948
dynamic_TF_carry/MILKWET          2024-09-13 22:31:24.854152
dynamic_TF_carry/FTSECHINAA       2024-09-13 22:31:24.854355
dynamic_TF_carry/VIX              2024-09-13 22:31:24.854558
dynamic_TF_carry/CAC              2024-09-13 22:31:24.854763
dynamic_TF_carry/FANG             2024-09-13 22:31:24.854966
dynamic_TF_carry/GICS             2024-09-13 22:31:24.855170
dynamic_TF_carry/AUD              2024-09-13 22:31:24.855374
dynamic_TF_carry/MILK             2024-09-13 22:31:24.855578
dynamic_TF_carry/EU-BASIC         2024-09-13 22:31:24.855783
dynamic_TF_carry/LIVECOW          2024-09-13 22:31:24.855988
dynamic_TF_carry/US3              2024-09-13 22:31:24.856193
dynamic_TF_carry/FTSEINDO         2024-09-13 22:31:24.856396
dynamic_TF_carry/SUGAR16          2024-09-13 22:31:24.856601
dynamic_TF_carry/BTP3             2024-09-13 22:31:24.856807
dynamic_TF_carry/EU-FOOD          2024-09-13 22:31:24.857009
dynamic_TF_carry/IRS              2024-09-13 22:31:24.857216
dynamic_TF_carry/SP400            2024-09-13 22:31:24.857420
dynamic_TF_carry/EU-HOUSE         2024-09-13 22:31:24.857623
dynamic_TF_carry/BB3M             2024-09-13 22:31:24.857827
dynamic_TF_carry/RUSSELL          2024-09-13 22:31:24.858030
dynamic_TF_carry/EUR              2024-09-13 22:31:24.858234
dynamic_TF_carry/BONO             2024-09-13 22:31:24.858439
dynamic_TF_carry/EU-OIL           2024-09-13 22:31:24.858643
dynamic_TF_carry/GASOIL           2024-09-13 22:31:24.858848
dynamic_TF_carry/GILT             2024-09-13 22:31:24.859052
dynamic_TF_carry/SOYOIL           2024-09-13 22:31:24.859257
dynamic_TF_carry/BUXL             2024-09-13 22:31:24.859461
dynamic_TF_carry/INR              2024-09-13 22:31:24.859666
dynamic_TF_carry/IG               2024-09-13 22:31:24.859870
dynamic_TF_carry/EUR_micro        2024-09-13 22:31:24.860075
dynamic_TF_carry/CAD10            2024-09-13 22:31:24.860279
dynamic_TF_carry/SOYBEAN_mini     2024-09-13 22:31:24.860485
dynamic_TF_carry/FTSE250          2024-09-13 22:31:24.860688
dynamic_TF_carry/US-UTILS         2024-09-13 22:31:24.860892
dynamic_TF_carry/SARONA           2024-09-13 22:31:24.861096
dynamic_TF_carry/V2X              2024-09-13 22:31:24.861303
dynamic_TF_carry/SOFR             2024-09-13 22:31:24.861508
dynamic_TF_carry/MSCIEAFA         2024-09-13 22:31:24.861711
dynamic_TF_carry/EURAUD           2024-09-13 22:31:24.861915
dynamic_TF_carry/LEANHOG          2024-09-13 22:31:24.862120
dynamic_TF_carry/JP-REALESTATE    2024-09-13 22:31:24.862325
dynamic_TF_carry/ROBUSTA          2024-09-13 22:31:24.862528
dynamic_TF_carry/SUGAR11          2024-09-13 22:31:24.862733
dynamic_TF_carry/US-PROPERTY      2024-09-13 22:31:24.862938
dynamic_TF_carry/COTTON2          2024-09-13 22:31:24.863144
dynamic_TF_carry/COPPER           2024-09-13 22:31:24.863349
dynamic_TF_carry/NIKKEI           2024-09-13 22:31:24.863554
dynamic_TF_carry/FEEDCOW          2024-09-13 22:31:24.863759
dynamic_TF_carry/EU-REALESTATE    2024-09-13 22:31:24.863965
dynamic_TF_carry/HANGTECH         2024-09-13 22:31:24.864169
dynamic_TF_carry/WHEAT            2024-09-13 22:31:24.864374
dynamic_TF_carry/EU-UTILS         2024-09-13 22:31:24.864580
dynamic_TF_carry/DOW              2024-09-13 22:31:24.864784
dynamic_TF_carry/KOSPI            2024-09-13 22:31:24.865195
dynamic_TF_carry/FTSECHINAH       2024-09-13 22:31:24.865400
dynamic_TF_carry/MSCIWORLD        2024-09-13 22:31:24.865604
dynamic_TF_carry/KRWUSD           2024-09-13 22:31:24.865810
dynamic_TF_carry/MIB              2024-09-13 22:31:24.866015
dynamic_TF_carry/MSCIEMASIA       2024-09-13 22:31:24.866220
dynamic_TF_carry/RUR              2024-09-13 22:31:24.866425
dynamic_TF_carry/EU-BANKS         2024-09-13 22:31:24.866630
dynamic_TF_carry/WHEAT_ICE        2024-09-13 22:31:24.866835
dynamic_TF_carry/BUND             2024-09-13 22:31:24.867040
dynamic_TF_carry/EU-RETAIL        2024-09-13 22:31:24.867244
dynamic_TF_carry/LUMBER-new       2024-09-13 22:31:24.867448
dynamic_TF_carry/AEX              2024-09-13 22:31:24.867652
dynamic_TF_carry/EU-MID           2024-09-13 22:31:24.867856
dynamic_TF_carry/NICKEL_LME       2024-09-13 22:31:24.868061
dynamic_TF_carry/SUGAR_WHITE      2024-09-13 22:31:24.868266
dynamic_TF_carry/OAT              2024-09-13 22:31:24.868471
dynamic_TF_carry/MXP              2024-09-13 22:31:24.868677
dynamic_TF_carry/NIKKEI400        2024-09-13 22:31:24.868883
dynamic_TF_carry/EU-HEALTH        2024-09-13 22:31:24.869088
dynamic_TF_carry/BOVESPA          2024-09-13 22:31:24.869294
dynamic_TF_carry/MILKDRY          2024-09-13 22:31:24.869499
dynamic_TF_carry/EURCHF           2024-09-13 22:31:24.869703
dynamic_TF_carry/GAS-LAST         2024-09-13 22:31:24.869908
dynamic_TF_carry/HANG_mini        2024-09-13 22:31:24.870112
dynamic_TF_carry/MSCITAIWAN       2024-09-13 22:31:24.870318
dynamic_TF_carry/DAX              2024-09-13 22:31:24.870523
dynamic_TF_carry/US-DISCRETE      2024-09-13 22:31:24.870728


======================================================================================================================
                                                Status of trade limits                                                
======================================================================================================================

                   period_days  trade_limit  trades_since_last_reset  trade_capacity_remaining   time_since_last_reset
 KR10                       30            5                      5.0                       0.0 22 days 20:56:17.442563
 KR10                       14            4                      3.0                       1.0  3 days 20:54:11.333429
 BRENT-LAST                 30            4                      2.0                       2.0 21 days 08:56:38.100019
 VIX                        30            5                      3.0                       2.0 22 days 07:53:29.070150
 EU-HOUSE                    1            4                      0.0                       4.0  0 days 00:00:00.000001
 EU-DJ-UTIL                  1            4                      0.0                       4.0  0 days 00:00:00.000002
 EU-DJ-TELECOM               1            4                      0.0                       4.0  0 days 00:00:00.000001
 EU-DJ-TECH                  1            4                      0.0                       4.0  0 days 00:00:00.000001
 EU-DJ-OIL                   1            4                      0.0                       4.0  0 days 00:00:00.000001
 EU-CONSTRUCTION             1            4                      0.0                       4.0  0 days 00:00:00.000001
 ETHANOL                     1            4                      0.0                       4.0  0 days 00:00:00.000001
 CZK                         1            4                      0.0                       4.0  0 days 00:00:00.000001
 CORN                        1            4                      0.0                       4.0  0 days 00:00:00.000003
 EU-MEDIA                    1            4                      0.0                       4.0  0 days 00:00:00.000001
 CNH-onshore                 1            4                      0.0                       4.0  0 days 00:00:00.000001
 CLP                         1            4                      0.0                       4.0  0 days 00:00:00.000001
 CH10                        1            4                      0.0                       4.0  0 days 00:00:00.000001
 BUTTER                      1            4                      0.0                       4.0  0 days 00:00:00.000001
 BOVESPA                     1            4                      0.0                       4.0  0 days 00:00:00.000001
 BEL20                       1            4                      0.0                       4.0  0 days 00:00:00.000001
 ALUMINIUM                   1            4                      0.0                       4.0  0 days 00:00:00.000001
 YENEUR                     30            4                      0.0                       4.0  0 days 00:00:00.000001
 COTTON                      1            4                      0.0                       4.0  0 days 00:00:00.000001
 COPPER-mini                 1            4                      0.0                       4.0  0 days 00:00:00.000001
 EU-REALESTATE               1            4                      0.0                       4.0  0 days 00:00:00.000002
 EURCHF                      1            4                      0.0                       4.0  0 days 00:00:00.000002
 US-HEALTH                   1            4                      0.0                       4.0  0 days 00:00:00.000001
 US-FINANCE                  1            4                      0.0                       4.0  0 days 00:00:00.000001
 US-ENERGY                   1            4                      0.0                       4.0  0 days 00:00:00.000001
 US-DISCRETE                 1            4                      0.0                       4.0  0 days 00:00:00.000001
 SMI-MID                     1            4                      0.0                       4.0  0 days 00:00:00.000001
 SGX                         1            4                      0.0                       4.0  0 days 00:00:00.000001
 SGD                         1            4                      0.0                       4.0  0 days 00:00:00.000001
 OMX                         1            4                      0.0                       4.0  0 days 00:00:00.000001
 MSCIASIA                    1            4                      0.0                       4.0  0 days 00:00:00.000002
 EU-MID                      1            4                      0.0                       4.0  0 days 00:00:00.000002
 MILKWET                     1            4                      0.0                       4.0  0 days 00:00:00.000002
 MID-DAX                     1            4                      0.0                       4.0  0 days 00:00:00.000002
 JP-REALESTATE               1            4                      0.0                       4.0  0 days 00:00:00.000002
 JGB-SGX-mini                1            4                      0.0                       4.0  0 days 00:00:00.000001
