
********************************************************************************
                   Status report produced on 24/05/2024 22:57                   
********************************************************************************


Delayed methods: No delays

============================
Delayed adjusted / FX prices
============================

               last_update
KRWUSD 2024-05-17 23:00:00
SGX    2024-05-20 23:00:00
TWD    2024-05-20 23:00:00

Delayed optimal positions: No delays
Instruments at trade limit: No constraints

================================================
         Instruments at position limit          
================================================

                 keys  position pos_limit  spare
115  EUROSTX200-LARGE         0       0.0    0.0
53             COTTON         0       0.0    0.0
94                RUR         0       0.0    0.0
162             STEEL         0       0.0    0.0
50           TWD-mini         0       0.0    0.0
49        CNH-onshore         0       0.0    0.0
160          EU-HOUSE         0       0.0    0.0
135          JGB-mini         0       0.0    0.0
46        HEATOIL-ICE         0       0.0    0.0
96             CHFJPY         0       0.0    0.0
44            ETHANOL         0       0.0    0.0
156          EU-MEDIA         0       0.0    0.0
218        COPPER_LME         0       0.0    0.0
137            EURCHF         0       0.0    0.0
40             EURAUD         0       0.0    0.0
199           TIN_LME         0       0.0    0.0
54            BOVESPA         0       0.0    0.0
98             AUDJPY         0       0.0    0.0
55           HOUSE-US         0       0.0    0.0
186               MIB         1       1.0    0.0
80                IRS         0       0.0    0.0
81                TWD         0       0.0    0.0
165     EUROSTX-LARGE         0       0.0    0.0
204               CLP         0       0.0    0.0
127          JPY_mini         0       0.0    0.0
207            KRWUSD         0       0.0    0.0
69    GASOILINE_micro         0       0.0    0.0
128          SGD_mini         0       0.0    0.0
67             NASDAQ         0       0.0    0.0
129               SGX         0       0.0    0.0
209          AEX_mini         0       0.0    0.0
62               CH10         0       0.0    0.0
210           MILKDRY         0       0.0    0.0
211           EU-CHEM         0       0.0    0.0
189            GBPJPY         0       0.0    0.0
185           SMI-MID         0       0.0    0.0
223           US-TECH         0       0.0    0.0
78       COAL-GEORDIE         0       0.0    0.0
99        COPPER-mini         0       0.0    0.0
249         EU-RETAIL         0       0.0    0.0
3              BUTTER         0       0.0    0.0
175                IG         0       0.0    0.0
176            EURCAD         0       0.0    0.0
147         EU-TRAVEL         0       0.0    0.0
179              COAL         0       0.0    0.0
153              GICS         0       0.0    0.0
245               NOK         0       0.0    0.0
145            YENEUR         2       2.0    0.0
243              WHEY         0       0.0    0.0
154             R1000         0       0.0    0.0
36               BUXL        -1       1.0    0.0
16               VNKI         0       0.0    0.0
240          ETHEREUM         0       0.0    0.0
106           MILKWET         0       0.0    0.0
15                JGB         0       0.0    0.0
20             PALLAD         0       0.0    0.0
104   EU-CONSTRUCTION         0       0.0    0.0
22              SP400         0       0.0    0.0
103         HIGHYIELD         0       0.0    0.0
142        EU-DJ-TECH         0       0.0    0.0
25                OMX         0       0.0    0.0
229         SWISSLEAD         0       0.0    0.0
139     EU-DJ-TELECOM         0       0.0    0.0
141               CZK         0       0.0    0.0
184               PLN         0       0.0    0.0
28        EPRA-EUROPE         0       0.0    0.0
29                SEK         0       0.0    0.0
30          CHF_micro         0       0.0    0.0


=========================================================
         Overrides in database consider deleting         
=========================================================

                                                 override
NICKEL_LME             Override Close because in database
OATIES           Override Reduce only because in database
GAS-LAST         Override Reduce only because in database
RICE             Override Reduce only because in database
GOLD-mini        Override Reduce only because in database
VIX_mini         Override Reduce only because in database
GASOILINE_micro  Override Reduce only because in database
COAL-GEORDIE     Override Reduce only because in database
KRWUSD           Override Reduce only because in database
DX               Override Reduce only because in database
COAL             Override Reduce only because in database
US30             Override Reduce only because in database
SPI200           Override Reduce only because in database
JGB-SGX-mini     Override Reduce only because in database
FTSEINDO         Override Reduce only because in database
GAS_US_mini      Override Reduce only because in database
FTSECHINAH       Override Reduce only because in database
JGB              Override Reduce only because in database
FTSE100          Override Reduce only because in database
FTSETAIWAN       Override Reduce only because in database
HOUSE-US         Override Reduce only because in database
JGB-mini         Override Reduce only because in database
US10             Override Reduce only because in database
MSCISING         Override Reduce only because in database
US20             Override Reduce only because in database
CHEESE           Override Reduce only because in database
HANG             Override Reduce only because in database
INR              Override Reduce only because in database
WHEY             Override Reduce only because in database
MSCITAIWAN       Override Reduce only because in database
VNKI             Override Reduce only because in database
SOYBEAN_mini     Override Reduce only because in database
CAD10            Override Reduce only because in database
CAD5             Override Reduce only because in database
HIGHYIELD        Override Reduce only because in database
LUMBER-new       Override Reduce only because in database
STEEL            Override Reduce only because in database

Locked instruments (position mismatch): []

==============================================
Status of adjusted price / FX price collection
==============================================

                         last_update
KRWUSD           2024-05-17 23:00:00
SGX              2024-05-20 23:00:00
TWD              2024-05-20 23:00:00
PLN              2024-05-23 23:00:00
OMX              2024-05-23 23:00:00
CHFJPY           2024-05-23 23:00:00
RUR              2024-05-23 23:00:00
NICKEL_LME       2024-05-23 23:00:00
SGD_mini         2024-05-23 23:00:00
COTTON           2024-05-23 23:00:00
MSCIWORLD        2024-05-23 23:00:00
CZK              2024-05-23 23:00:00
SUGAR16          2024-05-23 23:00:00
HOUSE-US         2024-05-23 23:00:00
CLP              2024-05-23 23:00:00
TIN_LME          2024-05-23 23:00:00
SWISSLEAD        2024-05-23 23:00:00
AUDJPY           2024-05-23 23:00:00
IRS              2024-05-23 23:00:00
IG               2024-05-23 23:00:00
WHEY             2024-05-23 23:00:00
ETHANOL          2024-05-23 23:00:00
JGB-mini         2024-05-23 23:00:00
BB3M             2024-05-23 23:00:00
CNH-onshore      2024-05-23 23:00:00
VNKI             2024-05-23 23:00:00
EU-DJ-TECH       2024-05-23 23:00:00
TWD-mini         2024-05-23 23:00:00
BOVESPA          2024-05-23 23:00:00
SGD              2024-05-24 02:00:00
MSCITAIWAN       2024-05-24 04:00:00
HANGENT_mini     2024-05-24 04:00:00
JGB-SGX-mini     2024-05-24 04:00:00
HANGENT          2024-05-24 04:00:00
HANG_mini        2024-05-24 04:00:00
KRWUSD_mini      2024-05-24 04:00:00
HANGTECH         2024-05-24 04:00:00
CHINAA-CON       2024-05-24 04:00:00
FTSEINDO         2024-05-24 04:00:00
HANG             2024-05-24 04:00:00
FTSECHINAA       2024-05-24 04:00:00
SPI200*          2024-05-24 04:00:00
FTSEVIET         2024-05-24 05:00:00
KR10             2024-05-24 05:00:00
KR3              2024-05-24 05:00:00
TOPIX*           2024-05-24 05:00:00
FTSECHINAH       2024-05-24 05:00:00
CNH              2024-05-24 05:00:00
KOSDAQ*          2024-05-24 05:00:00
JP-REALESTATE    2024-05-24 05:00:00
FTSETAIWAN*      2024-05-24 05:00:00
MSCISING         2024-05-24 05:00:00
KOSPI            2024-05-24 05:00:00
MUMMY            2024-05-24 05:00:00
JGB              2024-05-24 05:00:00
NIKKEI*          2024-05-24 05:00:00
NIKKEI400        2024-05-24 05:00:00
RUBBER           2024-05-24 05:00:00
IRON*            2024-05-24 05:00:00
KOSPI_mini       2024-05-24 05:00:00
EU-HOUSE         2024-05-24 08:00:00
EPRA-EUROPE      2024-05-24 08:00:00
EUROSTX-LARGE    2024-05-24 10:00:00
COAL-GEORDIE     2024-05-24 10:00:00
EU-RETAIL        2024-05-24 11:00:00
ALUMINIUM_LME    2024-05-24 13:00:00
ZINC_LME         2024-05-24 14:00:00
EU-MID           2024-05-24 14:00:00
COAL             2024-05-24 14:00:00
EURIBOR          2024-05-24 14:00:00
GASOILINE_micro  2024-05-24 14:30:00
IBEX             2024-05-24 15:00:00
EURIBOR-ICE      2024-05-24 15:00:00
EUA              2024-05-24 15:00:00
IBEX_mini        2024-05-24 15:00:00
FTSE250          2024-05-24 15:00:00
FTSE100          2024-05-24 15:00:00
GBPCHF           2024-05-24 15:00:00
GICS             2024-05-24 15:00:00
GILT             2024-05-24 15:00:00
EUROSTX200-LARGE 2024-05-24 15:00:00
HEATOIL-ICE      2024-05-24 15:00:00
EURAUD           2024-05-24 15:00:00
MILLWHEAT        2024-05-24 15:00:00
EU-INSURE        2024-05-24 15:00:00
AEX_mini         2024-05-24 15:00:00
WHEAT_ICE        2024-05-24 15:00:00
V2X              2024-05-24 15:00:00
BONO             2024-05-24 15:00:00
BRENT_W          2024-05-24 15:00:00
SUGAR_WHITE      2024-05-24 15:00:00
SONIA3           2024-05-24 15:00:00
CH10             2024-05-24 15:00:00
EU-REALESTATE    2024-05-24 15:00:00
ROBUSTA          2024-05-24 15:00:00
COCOA_LDN        2024-05-24 15:00:00
SARONA           2024-05-24 15:00:00
COPPER_LME       2024-05-24 15:00:00
CRUDE_ICE        2024-05-24 15:00:00
MSCIASIA         2024-05-24 15:00:00
GASOILINE_ICE    2024-05-24 15:00:00
MILKWET          2024-05-24 15:00:00
MIB*             2024-05-24 15:00:00
LEAD_LME         2024-05-24 15:00:00
EU-DJ-OIL        2024-05-24 15:00:00
EU-DJ-TELECOM    2024-05-24 15:00:00
EU-DJ-UTIL       2024-05-24 15:00:00
GASOIL           2024-05-24 15:00:00
SHATZ            2024-05-24 16:00:00
GBPJPY           2024-05-24 16:00:00
SMI              2024-05-24 16:00:00
SMI-MID          2024-05-24 16:00:00
OAT              2024-05-24 16:00:00
AEX              2024-05-24 16:00:00
EU-TECH          2024-05-24 16:00:00
EU-BASIC         2024-05-24 16:00:00
EU-CHEM          2024-05-24 16:00:00
EU-CONSTRUCTION  2024-05-24 16:00:00
EU-DIV30         2024-05-24 16:00:00
EU-FOOD          2024-05-24 16:00:00
EU-HEALTH        2024-05-24 16:00:00
EU-MEDIA         2024-05-24 16:00:00
EU-OIL           2024-05-24 16:00:00
EU-TRAVEL        2024-05-24 16:00:00
EU-UTILS         2024-05-24 16:00:00
CAC*             2024-05-24 16:00:00
EURCAD           2024-05-24 16:00:00
EU-BANKS*        2024-05-24 16:00:00
EURO600          2024-05-24 16:00:00
EUROSTX          2024-05-24 16:00:00
EU-AUTO          2024-05-24 16:00:00
BTP              2024-05-24 16:00:00
BUXL*            2024-05-24 16:00:00
DAX              2024-05-24 16:00:00
BOBL             2024-05-24 16:00:00
DJSTX-SMALL      2024-05-24 16:00:00
BUND*            2024-05-24 16:00:00
BTP3             2024-05-24 16:00:00
EUROSTX-SMALL    2024-05-24 16:00:00
ALUMINIUM*       2024-05-24 17:00:00
MSCIEMASIA       2024-05-24 17:00:00
MILKDRY          2024-05-24 17:00:00
SUGAR11          2024-05-24 17:00:00
STEEL            2024-05-24 17:00:00
COFFEE           2024-05-24 18:00:00
OJ               2024-05-24 18:00:00
BBCOMM           2024-05-24 18:00:00
COCOA            2024-05-24 18:00:00
COPPER-mini      2024-05-24 19:00:00
CHEESE           2024-05-24 19:00:00
CORN*            2024-05-24 19:00:00
OATIES           2024-05-24 19:00:00
RICE             2024-05-24 19:00:00
COPPER-micro     2024-05-24 19:00:00
GAS-PEN          2024-05-24 19:00:00
CAD5             2024-05-24 19:00:00
SILVER*          2024-05-24 19:00:00
CORN_mini        2024-05-24 19:00:00
CAD10*           2024-05-24 19:00:00
SOYBEAN          2024-05-24 19:00:00
SOYBEAN_mini     2024-05-24 19:00:00
SOYMEAL*         2024-05-24 19:00:00
SOYOIL           2024-05-24 19:00:00
BUTTER           2024-05-24 19:00:00
BRE              2024-05-24 19:00:00
US-MATERIAL      2024-05-24 19:00:00
WHEAT*           2024-05-24 19:00:00
WHEAT_mini       2024-05-24 19:00:00
CANOLA           2024-05-24 19:00:00
COTTON2*         2024-05-24 19:00:00
REDWHEAT         2024-05-24 19:00:00
LUMBER-new       2024-05-24 19:00:00
FANG             2024-05-24 19:00:00
LEANHOG          2024-05-24 19:00:00
GBPEUR           2024-05-24 19:00:00
LIVECOW*         2024-05-24 19:00:00
MILK             2024-05-24 19:00:00
FEEDCOW          2024-05-24 19:00:00
ETHER-micro      2024-05-24 19:00:00
US-TECH          2024-05-24 20:00:00
US-STAPLES       2024-05-24 20:00:00
US-REALESTATE    2024-05-24 20:00:00
US-PROPERTY      2024-05-24 20:00:00
US-INDUSTRY      2024-05-24 20:00:00
CRUDE_W_micro*   2024-05-24 20:00:00
US-FINANCE       2024-05-24 20:00:00
US-ENERGY        2024-05-24 20:00:00
US-DISCRETE      2024-05-24 20:00:00
FED              2024-05-24 20:00:00
BRENT-LAST       2024-05-24 20:00:00
GBP_micro        2024-05-24 20:00:00
CRUDE_W          2024-05-24 20:00:00
US-HEALTH        2024-05-24 20:00:00
US-UTILS         2024-05-24 20:00:00
US10U            2024-05-24 20:00:00
GOLD             2024-05-24 20:00:00
GAS-LAST         2024-05-24 20:00:00
ZAR              2024-05-24 20:00:00
YENEUR*          2024-05-24 20:00:00
AUD              2024-05-24 20:00:00
GAS_US           2024-05-24 20:00:00
AUD_micro        2024-05-24 20:00:00
GAS_US_mini*     2024-05-24 20:00:00
US10             2024-05-24 20:00:00
GBP*             2024-05-24 20:00:00
VIX*             2024-05-24 20:00:00
BITCOIN*         2024-05-24 20:00:00
US5              2024-05-24 20:00:00
US30             2024-05-24 20:00:00
US3*             2024-05-24 20:00:00
US20             2024-05-24 20:00:00
US2*             2024-05-24 20:00:00
VIX_mini         2024-05-24 20:00:00
GOLD-mini        2024-05-24 20:00:00
EUR_mini         2024-05-24 20:00:00
EUR_micro        2024-05-24 20:00:00
CHF_micro        2024-05-24 20:00:00
DX*              2024-05-24 20:00:00
GASOILINE        2024-05-24 20:00:00
GOLD_micro*      2024-05-24 20:00:00
PLAT             2024-05-24 20:00:00
PALLAD           2024-05-24 20:00:00
COPPER           2024-05-24 20:00:00
CHF*             2024-05-24 20:00:00
DOW_mini         2024-05-24 20:00:00
NOK              2024-05-24 20:00:00
DOW              2024-05-24 20:00:00
MSCIEAFA         2024-05-24 20:00:00
CRUDE_W_mini     2024-05-24 20:00:00
NASDAQ_micro*    2024-05-24 20:00:00
NASDAQ           2024-05-24 20:00:00
MXP*             2024-05-24 20:00:00
NZD              2024-05-24 20:00:00
RUSSELL          2024-05-24 20:00:00
R1000            2024-05-24 20:00:00
SEK              2024-05-24 20:00:00
SP500_micro      2024-05-24 20:00:00
SP500            2024-05-24 20:00:00
RUSSELL_mini     2024-05-24 20:00:00
HEATOIL          2024-05-24 20:00:00
EURCHF           2024-05-24 20:00:00
HIGHYIELD        2024-05-24 20:00:00
EUR              2024-05-24 20:00:00
SP400            2024-05-24 20:00:00
CAD              2024-05-24 20:00:00
INR              2024-05-24 20:00:00
JPY*             2024-05-24 20:00:00
CAD2             2024-05-24 20:00:00
JPY_mini         2024-05-24 20:00:00
CAD_micro        2024-05-24 20:00:00
ETHEREUM         2024-05-24 20:00:00
SOFR             2024-05-24 20:00:00
JPYUSD           2024-05-24 23:00:00
CNHUSD           2024-05-24 23:00:00
AUDUSD           2024-05-24 23:00:00
KRWUSD           2024-05-24 23:00:00
CHFUSD           2024-05-24 23:00:00
GBPUSD           2024-05-24 23:00:00
MXPUSD           2024-05-24 23:00:00
SGDUSD           2024-05-24 23:00:00
HKDUSD           2024-05-24 23:00:00
CADUSD           2024-05-24 23:00:00
EURUSD           2024-05-24 23:00:00
SEKUSD           2024-05-24 23:00:00


============================================================
           Status of optimal position generation            
============================================================

                                                 last_update
dynamic_TF_carry/HANG_mini        2024-05-24 22:31:22.386264
dynamic_TF_carry/US2              2024-05-24 22:31:22.386491
dynamic_TF_carry/US-UTILS         2024-05-24 22:31:22.386705
dynamic_TF_carry/EU-TECH          2024-05-24 22:31:22.386916
dynamic_TF_carry/SP500_micro      2024-05-24 22:31:22.387125
dynamic_TF_carry/CAD10            2024-05-24 22:31:22.387333
dynamic_TF_carry/SPI200           2024-05-24 22:31:22.387541
dynamic_TF_carry/SEK              2024-05-24 22:31:22.387748
dynamic_TF_carry/SMI              2024-05-24 22:31:22.387955
dynamic_TF_carry/JGB              2024-05-24 22:31:22.388162
dynamic_TF_carry/ZINC_LME         2024-05-24 22:31:22.388368
dynamic_TF_carry/MILK             2024-05-24 22:31:22.388575
dynamic_TF_carry/GASOILINE        2024-05-24 22:31:22.388781
dynamic_TF_carry/MILKWET          2024-05-24 22:31:22.389193
dynamic_TF_carry/HIGHYIELD        2024-05-24 22:31:22.389402
dynamic_TF_carry/WHEAT_ICE        2024-05-24 22:31:22.389608
dynamic_TF_carry/US20             2024-05-24 22:31:22.390020
dynamic_TF_carry/SMI-MID          2024-05-24 22:31:22.390226
dynamic_TF_carry/COCOA_LDN        2024-05-24 22:31:22.390432
dynamic_TF_carry/V2X              2024-05-24 22:31:22.390638
dynamic_TF_carry/EPRA-EUROPE      2024-05-24 22:31:22.390845
dynamic_TF_carry/EU-DJ-UTIL       2024-05-24 22:31:22.391050
dynamic_TF_carry/CHF              2024-05-24 22:31:22.391254
dynamic_TF_carry/US-PROPERTY      2024-05-24 22:31:22.391460
dynamic_TF_carry/DJSTX-SMALL      2024-05-24 22:31:22.391665
dynamic_TF_carry/NIKKEI400        2024-05-24 22:31:22.391870
dynamic_TF_carry/COPPER-micro     2024-05-24 22:31:22.392075
dynamic_TF_carry/EU-TRAVEL        2024-05-24 22:31:22.392279
dynamic_TF_carry/MXP              2024-05-24 22:31:22.392485
dynamic_TF_carry/FED              2024-05-24 22:31:22.392691
dynamic_TF_carry/NOK              2024-05-24 22:31:22.392898
dynamic_TF_carry/CNH              2024-05-24 22:31:22.393103
dynamic_TF_carry/BONO             2024-05-24 22:31:22.393313
dynamic_TF_carry/COFFEE           2024-05-24 22:31:22.393520
dynamic_TF_carry/CAD5             2024-05-24 22:31:22.393933
dynamic_TF_carry/JGB-SGX-mini     2024-05-24 22:31:22.394138
dynamic_TF_carry/LEANHOG          2024-05-24 22:31:22.394345
dynamic_TF_carry/CRUDE_W_micro    2024-05-24 22:31:22.394550
dynamic_TF_carry/US3              2024-05-24 22:31:22.394756
dynamic_TF_carry/COCOA            2024-05-24 22:31:22.394961
dynamic_TF_carry/IBEX_mini        2024-05-24 22:31:22.395167
dynamic_TF_carry/MSCIEMASIA       2024-05-24 22:31:22.395373
dynamic_TF_carry/SOYOIL           2024-05-24 22:31:22.395579
dynamic_TF_carry/CAD              2024-05-24 22:31:22.395784
dynamic_TF_carry/TWD              2024-05-24 22:31:22.395990
dynamic_TF_carry/JP-REALESTATE    2024-05-24 22:31:22.396195
dynamic_TF_carry/US-REALESTATE    2024-05-24 22:31:22.396400
dynamic_TF_carry/SGD              2024-05-24 22:31:22.396606
dynamic_TF_carry/GICS             2024-05-24 22:31:22.396812
dynamic_TF_carry/FTSECHINAH       2024-05-24 22:31:22.397018
dynamic_TF_carry/AUDJPY           2024-05-24 22:31:22.397223
dynamic_TF_carry/MILLWHEAT        2024-05-24 22:31:22.397433
dynamic_TF_carry/CRUDE_ICE        2024-05-24 22:31:22.397846
dynamic_TF_carry/CLP              2024-05-24 22:31:22.398052
dynamic_TF_carry/EU-CONSTRUCTION  2024-05-24 22:31:22.398259
dynamic_TF_carry/KOSDAQ           2024-05-24 22:31:22.398464
dynamic_TF_carry/OAT              2024-05-24 22:31:22.398671
dynamic_TF_carry/EU-MID           2024-05-24 22:31:22.398877
dynamic_TF_carry/SOYBEAN_mini     2024-05-24 22:31:22.399082
dynamic_TF_carry/US-HEALTH        2024-05-24 22:31:22.399288
dynamic_TF_carry/CAC              2024-05-24 22:31:22.399494
dynamic_TF_carry/IG               2024-05-24 22:31:22.399701
dynamic_TF_carry/EU-INSURE        2024-05-24 22:31:22.399908
dynamic_TF_carry/BOBL             2024-05-24 22:31:22.400114
dynamic_TF_carry/EU-UTILS         2024-05-24 22:31:22.400320
dynamic_TF_carry/KOSPI            2024-05-24 22:31:22.400526
dynamic_TF_carry/MSCIWORLD        2024-05-24 22:31:22.400731
dynamic_TF_carry/COPPER           2024-05-24 22:31:22.400938
dynamic_TF_carry/EUA              2024-05-24 22:31:22.401144
dynamic_TF_carry/CHINAA-CON       2024-05-24 22:31:22.401353
dynamic_TF_carry/CHFJPY           2024-05-24 22:31:22.401560
dynamic_TF_carry/EURCAD           2024-05-24 22:31:22.401766
dynamic_TF_carry/LUMBER-new       2024-05-24 22:31:22.401971
dynamic_TF_carry/US-FINANCE       2024-05-24 22:31:22.402177
dynamic_TF_carry/LEAD_LME         2024-05-24 22:31:22.402385
dynamic_TF_carry/FTSETAIWAN       2024-05-24 22:31:22.402591
dynamic_TF_carry/BBCOMM           2024-05-24 22:31:22.402796
dynamic_TF_carry/FTSE100          2024-05-24 22:31:22.403003
dynamic_TF_carry/COPPER_LME       2024-05-24 22:31:22.403211
dynamic_TF_carry/US-ENERGY        2024-05-24 22:31:22.403418
dynamic_TF_carry/OMX              2024-05-24 22:31:22.403624
dynamic_TF_carry/SGX              2024-05-24 22:31:22.403829
dynamic_TF_carry/MSCIEAFA         2024-05-24 22:31:22.404034
dynamic_TF_carry/IRS              2024-05-24 22:31:22.404240
dynamic_TF_carry/TOPIX            2024-05-24 22:31:22.404445
dynamic_TF_carry/US-INDUSTRY      2024-05-24 22:31:22.404651
dynamic_TF_carry/EU-HOUSE         2024-05-24 22:31:22.404858
dynamic_TF_carry/OJ               2024-05-24 22:31:22.405064
dynamic_TF_carry/EU-OIL           2024-05-24 22:31:22.405270
dynamic_TF_carry/CORN             2024-05-24 22:31:22.405479
dynamic_TF_carry/COTTON2          2024-05-24 22:31:22.405686
dynamic_TF_carry/BRENT-LAST       2024-05-24 22:31:22.405893
dynamic_TF_carry/FANG             2024-05-24 22:31:22.406100
dynamic_TF_carry/KR3              2024-05-24 22:31:22.406307
dynamic_TF_carry/EU-BASIC         2024-05-24 22:31:22.406513
dynamic_TF_carry/AUD_micro        2024-05-24 22:31:22.406720
dynamic_TF_carry/ROBUSTA          2024-05-24 22:31:22.406926
dynamic_TF_carry/R1000            2024-05-24 22:31:22.407132
dynamic_TF_carry/CHEESE           2024-05-24 22:31:22.407338
dynamic_TF_carry/LIVECOW          2024-05-24 22:31:22.407544
dynamic_TF_carry/EU-BANKS         2024-05-24 22:31:22.407750
dynamic_TF_carry/US-STAPLES       2024-05-24 22:31:22.407956
dynamic_TF_carry/RUR              2024-05-24 22:31:22.408185
dynamic_TF_carry/AUD              2024-05-24 22:31:22.408398
dynamic_TF_carry/BUXL             2024-05-24 22:31:22.408812
dynamic_TF_carry/NIKKEI           2024-05-24 22:31:22.409019
dynamic_TF_carry/GAS_US_mini      2024-05-24 22:31:22.409226
dynamic_TF_carry/KOSPI_mini       2024-05-24 22:31:22.409435
dynamic_TF_carry/MSCISING         2024-05-24 22:31:22.409642
dynamic_TF_carry/EUROSTX200-LARGE 2024-05-24 22:31:22.409848
dynamic_TF_carry/HOUSE-US         2024-05-24 22:31:22.410054
dynamic_TF_carry/NZD              2024-05-24 22:31:22.410466
dynamic_TF_carry/US10U            2024-05-24 22:31:22.410672
dynamic_TF_carry/REDWHEAT         2024-05-24 22:31:22.410878
dynamic_TF_carry/BRENT_W          2024-05-24 22:31:22.411085
dynamic_TF_carry/SOYBEAN          2024-05-24 22:31:22.411290
dynamic_TF_carry/EURIBOR          2024-05-24 22:31:22.411497
dynamic_TF_carry/COAL             2024-05-24 22:31:22.411704
dynamic_TF_carry/BTP              2024-05-24 22:31:22.411910
dynamic_TF_carry/EURIBOR-ICE      2024-05-24 22:31:22.412117
dynamic_TF_carry/EURAUD           2024-05-24 22:31:22.412322
dynamic_TF_carry/PLAT             2024-05-24 22:31:22.412527
dynamic_TF_carry/EUR_micro        2024-05-24 22:31:22.412733
dynamic_TF_carry/SHATZ            2024-05-24 22:31:22.412939
dynamic_TF_carry/EU-REALESTATE    2024-05-24 22:31:22.413145
dynamic_TF_carry/GILT             2024-05-24 22:31:22.413354
dynamic_TF_carry/COAL-GEORDIE     2024-05-24 22:31:22.413561
dynamic_TF_carry/KRWUSD           2024-05-24 22:31:22.413768
dynamic_TF_carry/EU-CHEM          2024-05-24 22:31:22.413974
dynamic_TF_carry/EUROSTX          2024-05-24 22:31:22.414180
dynamic_TF_carry/KRWUSD_mini      2024-05-24 22:31:22.414386
dynamic_TF_carry/HANGTECH         2024-05-24 22:31:22.414593
dynamic_TF_carry/BOVESPA          2024-05-24 22:31:22.414799
dynamic_TF_carry/SUGAR16          2024-05-24 22:31:22.415006
dynamic_TF_carry/US-DISCRETE      2024-05-24 22:31:22.415212
dynamic_TF_carry/FTSEINDO         2024-05-24 22:31:22.415417
dynamic_TF_carry/GASOIL           2024-05-24 22:31:22.415622
dynamic_TF_carry/BITCOIN          2024-05-24 22:31:22.415828
dynamic_TF_carry/CRUDE_W_mini     2024-05-24 22:31:22.416033
dynamic_TF_carry/HEATOIL          2024-05-24 22:31:22.416240
dynamic_TF_carry/SUGAR11          2024-05-24 22:31:22.416446
dynamic_TF_carry/US-TECH          2024-05-24 22:31:22.416651
dynamic_TF_carry/EU-DJ-TELECOM    2024-05-24 22:31:22.416857
dynamic_TF_carry/FTSEVIET         2024-05-24 22:31:22.417064
dynamic_TF_carry/RUSSELL          2024-05-24 22:31:22.417269
dynamic_TF_carry/SONIA3           2024-05-24 22:31:22.417478
dynamic_TF_carry/GOLD_micro       2024-05-24 22:31:22.417686
dynamic_TF_carry/CAD2             2024-05-24 22:31:22.417893
dynamic_TF_carry/SARONA           2024-05-24 22:31:22.418099
dynamic_TF_carry/DX               2024-05-24 22:31:22.418305
dynamic_TF_carry/PLN              2024-05-24 22:31:22.418510
dynamic_TF_carry/SUGAR_WHITE      2024-05-24 22:31:22.418922
dynamic_TF_carry/EU-AUTO          2024-05-24 22:31:22.419127
dynamic_TF_carry/SP400            2024-05-24 22:31:22.419332
dynamic_TF_carry/EU-HEALTH        2024-05-24 22:31:22.419538
dynamic_TF_carry/CZK              2024-05-24 22:31:22.419746
dynamic_TF_carry/ZAR              2024-05-24 22:31:22.419952
dynamic_TF_carry/EUROSTX-LARGE    2024-05-24 22:31:22.420156
dynamic_TF_carry/US30             2024-05-24 22:31:22.420361
dynamic_TF_carry/CANOLA           2024-05-24 22:31:22.420566
dynamic_TF_carry/EU-MEDIA         2024-05-24 22:31:22.420771
dynamic_TF_carry/MUMMY            2024-05-24 22:31:22.420977
dynamic_TF_carry/VIX              2024-05-24 22:31:22.421183
dynamic_TF_carry/INR              2024-05-24 22:31:22.421391
dynamic_TF_carry/AEX              2024-05-24 22:31:22.421597
dynamic_TF_carry/WHEY             2024-05-24 22:31:22.421804
dynamic_TF_carry/EU-DIV30         2024-05-24 22:31:22.422011
dynamic_TF_carry/DOW              2024-05-24 22:31:22.422218
dynamic_TF_carry/GBP              2024-05-24 22:31:22.422424
dynamic_TF_carry/GAS-LAST         2024-05-24 22:31:22.422632
dynamic_TF_carry/US-MATERIAL      2024-05-24 22:31:22.422839
dynamic_TF_carry/SOFR             2024-05-24 22:31:22.423045
dynamic_TF_carry/MSCIASIA         2024-05-24 22:31:22.423250
dynamic_TF_carry/HANGENT_mini     2024-05-24 22:31:22.423456
dynamic_TF_carry/PALLAD           2024-05-24 22:31:22.423664
dynamic_TF_carry/IRON             2024-05-24 22:31:22.423870
dynamic_TF_carry/TIN_LME          2024-05-24 22:31:22.424076
dynamic_TF_carry/KR10             2024-05-24 22:31:22.424282
dynamic_TF_carry/CH10             2024-05-24 22:31:22.424486
dynamic_TF_carry/FTSE250          2024-05-24 22:31:22.424691
dynamic_TF_carry/FEEDCOW          2024-05-24 22:31:22.424896
dynamic_TF_carry/MILKDRY          2024-05-24 22:31:22.425102
dynamic_TF_carry/OATIES           2024-05-24 22:31:22.425310
dynamic_TF_carry/VNKI             2024-05-24 22:31:22.425517
dynamic_TF_carry/JPY              2024-05-24 22:31:22.425723
dynamic_TF_carry/BUTTER           2024-05-24 22:31:22.425928
dynamic_TF_carry/BRE              2024-05-24 22:31:22.426135
dynamic_TF_carry/DAX              2024-05-24 22:31:22.426342
dynamic_TF_carry/GAS-PEN          2024-05-24 22:31:22.426547
dynamic_TF_carry/GBPJPY           2024-05-24 22:31:22.426754
dynamic_TF_carry/EUR              2024-05-24 22:31:22.426960
dynamic_TF_carry/COTTON           2024-05-24 22:31:22.427166
dynamic_TF_carry/ALUMINIUM        2024-05-24 22:31:22.427370
dynamic_TF_carry/EURO600          2024-05-24 22:31:22.427576
dynamic_TF_carry/WHEAT            2024-05-24 22:31:22.427781
dynamic_TF_carry/GBPEUR           2024-05-24 22:31:22.427990
dynamic_TF_carry/US5              2024-05-24 22:31:22.428198
dynamic_TF_carry/GBPCHF           2024-05-24 22:31:22.428405
dynamic_TF_carry/YENEUR           2024-05-24 22:31:22.428611
dynamic_TF_carry/FTSECHINAA       2024-05-24 22:31:22.428819
dynamic_TF_carry/MSCITAIWAN       2024-05-24 22:31:22.429026
dynamic_TF_carry/NASDAQ_micro     2024-05-24 22:31:22.429232
dynamic_TF_carry/EURCHF           2024-05-24 22:31:22.429442
dynamic_TF_carry/BB3M             2024-05-24 22:31:22.429650
dynamic_TF_carry/US10             2024-05-24 22:31:22.429856
dynamic_TF_carry/MIB              2024-05-24 22:31:22.430062
dynamic_TF_carry/SOYMEAL          2024-05-24 22:31:22.430268
dynamic_TF_carry/ETHEREUM         2024-05-24 22:31:22.430475
dynamic_TF_carry/STEEL            2024-05-24 22:31:22.430681
dynamic_TF_carry/SILVER           2024-05-24 22:31:22.430887
dynamic_TF_carry/BTP3             2024-05-24 22:31:22.431093
dynamic_TF_carry/ETHANOL          2024-05-24 22:31:22.431300
dynamic_TF_carry/BUND             2024-05-24 22:31:22.431506
dynamic_TF_carry/EU-RETAIL        2024-05-24 22:31:22.431713
dynamic_TF_carry/EU-FOOD          2024-05-24 22:31:22.431919
dynamic_TF_carry/RUBBER           2024-05-24 22:31:22.432126
dynamic_TF_carry/RICE             2024-05-24 22:31:22.432332
dynamic_TF_carry/SWISSLEAD        2024-05-24 22:31:22.432540
dynamic_TF_carry/EUROSTX-SMALL    2024-05-24 22:31:22.432747
dynamic_TF_carry/NICKEL_LME       2024-05-24 22:31:22.432953


======================================================================================================================
                                                Status of trade limits                                                
======================================================================================================================

                   period_days  trade_limit  trades_since_last_reset  trade_capacity_remaining   time_since_last_reset
 VIX                        30            5                      4.0                       1.0 28 days 07:57:44.906422
 CAC                        30            5                      4.0                       1.0 29 days 14:57:47.621375
 YENEUR                     30            4                      1.0                       3.0 21 days 07:57:47.574535
 VIX                        14            4                      1.0                       3.0 10 days 07:52:48.783668
 GAS_US_mini                30            6                      3.0                       3.0 25 days 08:57:25.149406
 EU-MID                      1            4                      0.0                       4.0  0 days 00:00:00.000001
 EU-MEDIA                    1            4                      0.0                       4.0  0 days 00:00:00.000002
 EU-HOUSE                    1            4                      0.0                       4.0  0 days 00:00:00.000002
 EU-DJ-UTIL                  1            4                      0.0                       4.0  0 days 00:00:00.000002
 EU-DJ-TELECOM               1            4                      0.0                       4.0  0 days 00:00:00.000002
 EU-DJ-TECH                  1            4                      0.0                       4.0  0 days 00:00:00.000001
 EU-DJ-OIL                   1            4                      0.0                       4.0  0 days 00:00:00.000001
 EU-CONSTRUCTION             1            4                      0.0                       4.0  0 days 00:00:00.000001
 ETHANOL                     1            4                      0.0                       4.0  0 days 00:00:00.000001
 CORN                        1            4                      0.0                       4.0  0 days 00:00:00.000002
 COPPER-mini                 1            4                      0.0                       4.0  0 days 00:00:00.000002
 CNH-onshore                 1            4                      0.0                       4.0  0 days 00:00:00.000002
 CLP                         1            4                      0.0                       4.0  0 days 00:00:00.000002
 CH10                        1            4                      0.0                       4.0  0 days 00:00:00.000002
 BUTTER                      1            4                      0.0                       4.0  0 days 00:00:00.000001
 BOVESPA                     1            4                      0.0                       4.0  0 days 00:00:00.000001
 BEL20                       1            4                      0.0                       4.0  0 days 00:00:00.000001
 ALUMINIUM                   1            4                      0.0                       4.0  0 days 00:00:00.000001
 CZK                         1            4                      0.0                       4.0  0 days 00:00:00.000001
 COTTON                      1            4                      0.0                       4.0  0 days 00:00:00.000002
 EU-REALESTATE               1            4                      0.0                       4.0  0 days 00:00:00.000001
 EURIBOR                     1            4                      0.0                       4.0  0 days 00:00:00.000002
 US-INDUSTRY                 1            4                      0.0                       4.0  0 days 00:00:00.000002
 US-HEALTH                   1            4                      0.0                       4.0  0 days 00:00:00.000001
 US-FINANCE                  1            4                      0.0                       4.0  0 days 00:00:00.000001
 US-ENERGY                   1            4                      0.0                       4.0  0 days 00:00:00.000001
 US-DISCRETE                 1            4                      0.0                       4.0  0 days 00:00:00.000001
 SMI-MID                     1            4                      0.0                       4.0  0 days 00:00:00.000001
 SGX                         1            4                      0.0                       4.0  0 days 00:00:00.000002
 SGD                         1            4                      0.0                       4.0  0 days 00:00:00.000002
 OMX                         1            4                      0.0                       4.0  0 days 00:00:00.000002
 EURCHF                      1            4                      0.0                       4.0  0 days 00:00:00.000001
 MSCIASIA                    1            4                      0.0                       4.0  0 days 00:00:00.000001
 MILKDRY                     1            4                      0.0                       4.0  0 days 00:00:00.000001
 MID-DAX                     1            4                      0.0                       4.0  0 days 00:00:00.000001
 JP-REALESTATE               1            4                      0.0                       4.0  0 days 00:00:00.000001
 JGB-SGX-mini                1            4                      0.0                       4.0  0 days 00:00:00.000001
 IRS                         1            4                      0.0                       4.0  0 days 00:00:00.000001
 FTSEINDO                    1            4                      0.0                       4.0  0 days 00:00:00.000001
 EUROSTX200-LARGE            1            4                      0.0                       4.0  0 days 00:00:00.000001
 EUROSTX-SMALL               1            4                      0.0                       4.0  0 days 00:00:00.000002
 EUROSTX-LARGE               1            4                      0.0                       4.0  0 days 00:00:00.000002
 MILKWET                     1            4                      0.0                       4.0  0 days 00:00:00.000001
 US30                       30            4                      0.0                       4.0  0 days 00:00:00.000001
 US10U                      30            4                      0.0                       4.0  0 days 00:00:00.000001
 US-MATERIAL                 1            4                      0.0                       4.0  0 days 00:00:00.000002
 KRWUSD                     14            4                      0.0                       4.0  0 days 00:00:00.000002
 JGB                        14            4                      0.0                       4.0  0 days 00:00:00.000002
 HEATOIL                    14            4                      0.0                       4.0  0 days 00:00:00.000001
 GBPEUR                     14            4                      0.0                       4.0  0 days 00:00:00.000001
 GAS-LAST                   14            4                      0.0                       4.0  0 days 00:00:00.000001
 FTSETAIWAN                 14            4                      0.0                       4.0  0 days 00:00:00.000002
 EU-TECH                    14            4                      0.0                       4.0  0 days 00:00:00.000001
 EU-CHEM                    14            4                      0.0                       4.0  0 days 00:00:00.000001
 ETHEREUM                   14            4                      0.0                       4.0  0 days 00:00:00.000001
 CNH                        14            4                      0.0                       4.0  0 days 00:00:00.000001
 BUXL                       14            4                      0.0                       4.0  0 days 00:00:00.000001
 BTP3                       14            4                      0.0                       4.0  0 days 00:00:00.000001
 BRENT-LAST                 14            4                      0.0                       4.0  0 days 00:00:00.000001
 BONO                       14            4                      0.0                       4.0  0 days 00:00:00.000001
 YENEUR                      1            4                      0.0                       4.0  0 days 00:00:00.000001
 US3                         1            4                      0.0                       4.0  0 days 00:00:00.000001
 US10U                       1            4                      0.0                       4.0  0 days 00:00:00.000001
 US-REALESTATE               1            4                      0.0                       4.0  0 days 00:00:00.000002
 TOPIX                       1            4                      0.0                       4.0  0 days 00:00:00.000002
 ZAR                         1            4                      0.0                       4.0  0 days 00:00:00.000001
 NOK                        14            4                      0.0                       4.0  0 days 00:00:00.000002
 R1000                      14            4                      0.0                       4.0  0 days 00:00:00.000001
 REDWHEAT                   14            4                      0.0                       4.0  0 days 00:00:00.000001
 SP400                      30            4                      0.0                       4.0  0 days 00:00:00.000002
 SEK                        30            4                      0.0                       4.0  0 days 00:00:00.000002
 NOK                        30            4                      0.0                       4.0  0 days 00:00:00.000002
 JGB                        30            4                      0.0                       4.0  0 days 00:00:00.000002
