
********************************************************************************
                   Status report produced on 07/08/2025 22:57                   
********************************************************************************


Delayed methods: No delays

====================================
    Delayed adjusted / FX prices    
====================================

                         last_update
RUR              2025-06-12 23:00:01
SWISSLEAD        2025-07-31 23:00:00
MILKDRY          2025-08-01 23:00:00
CAD5             2025-08-01 23:00:00
CAD2             2025-08-01 23:00:00
CAD10            2025-08-01 23:00:00
CHFJPY           2025-08-01 23:00:00
MSCIEMASIA       2025-08-01 23:00:00
CLP              2025-08-01 23:00:00
KRWUSD           2025-08-01 23:00:00
OMX              2025-08-01 23:00:00
COAL-GEORDIE     2025-08-01 23:00:00
HOUSE-US         2025-08-01 23:00:00
MILKWET          2025-08-01 23:00:00
BOVESPA          2025-08-01 23:00:00
COTTON           2025-08-01 23:00:00
GBPCHF           2025-08-01 23:00:00
GASOILINE_micro  2025-08-01 23:00:00
WHEY             2025-08-01 23:00:00
EPRA-EUROPE      2025-08-01 23:00:00
EUROSTX-LARGE    2025-08-01 23:00:00
SUGAR16          2025-08-01 23:00:00
CANOLA           2025-08-01 23:00:00
COPPER_LME       2025-08-04 07:00:00
EU-DJ-TELECOM    2025-08-04 08:00:00
AEX_mini         2025-08-04 08:00:00
TIN_LME          2025-08-04 09:00:00
COAL             2025-08-04 10:00:00
EU-RETAIL        2025-08-04 13:00:00
MSCIWORLD        2025-08-04 14:00:00
EU-HOUSE         2025-08-04 14:00:00
EURIBOR          2025-08-04 14:00:00
PLN              2025-08-04 14:30:00
MILLWHEAT        2025-08-04 15:00:00
FTSE250          2025-08-04 15:00:00
FTSE100          2025-08-04 15:00:00
EUROSTX200-LARGE 2025-08-04 15:00:00
EUROSTX-SMALL    2025-08-04 15:00:00
SONIA3           2025-08-04 15:00:00
EU-CHEM          2025-08-04 15:00:00
EURIBOR-ICE      2025-08-04 15:00:00
EU-DJ-TECH       2025-08-04 15:00:00
WHEAT_ICE        2025-08-04 15:00:00
ALUMINIUM_LME    2025-08-04 15:00:00
EUA              2025-08-04 15:00:00
EU-TRAVEL        2025-08-04 15:00:00
EU-MEDIA         2025-08-04 15:00:00
EU-MID           2025-08-04 15:00:00
EU-DJ-OIL        2025-08-04 15:00:00
CH10             2025-08-04 15:00:00
GASOIL           2025-08-04 15:00:00
BRENT_W          2025-08-04 15:00:00
MIB              2025-08-04 15:00:00
ZINC_LME         2025-08-04 15:00:00
LEAD_LME         2025-08-04 15:00:00
NICKEL_LME       2025-08-04 15:00:00
IRS              2025-08-04 15:00:00
EU-TECH          2025-08-04 15:00:00
IBEX_mini        2025-08-04 15:00:00
IBEX             2025-08-04 15:00:00
SARONA           2025-08-04 15:00:00
HEATOIL-ICE      2025-08-04 15:00:00
COCOA_LDN        2025-08-04 15:00:00
V2X              2025-08-04 15:00:00
GILT             2025-08-04 15:00:00
BONO             2025-08-04 15:00:00
CRUDE_ICE        2025-08-04 15:00:00
ROBUSTA          2025-08-04 15:00:00
EUROSTX          2025-08-04 16:00:00
EURO600          2025-08-04 16:00:00
SMI-MID          2025-08-04 16:00:00
SMI              2025-08-04 16:00:00
OAT              2025-08-04 16:00:00
GICS             2025-08-04 16:00:00
EU-UTILS         2025-08-04 16:00:00
SUGAR_WHITE      2025-08-04 16:00:00
GASOILINE_ICE    2025-08-04 16:00:00
MSCIASIA         2025-08-04 16:00:00
SHATZ            2025-08-04 16:00:00
AEX              2025-08-04 16:00:00
EU-OIL           2025-08-04 16:00:00
BUND             2025-08-04 16:00:00
CZK              2025-08-04 16:00:00
DAX              2025-08-04 16:00:00
BTP3             2025-08-04 16:00:00
BTP              2025-08-04 16:00:00
BOBL             2025-08-04 16:00:00
EU-REALESTATE    2025-08-04 16:00:00
BUXL             2025-08-04 16:00:00
EU-AUTO          2025-08-04 16:00:00
EU-BANKS         2025-08-04 16:00:00
CAC              2025-08-04 16:00:00
EU-CONSTRUCTION  2025-08-04 16:00:00
EU-DIV30         2025-08-04 16:00:00
EU-INSURE        2025-08-04 16:00:00
EU-HEALTH        2025-08-04 16:00:00
EU-DJ-UTIL       2025-08-04 16:00:00
EU-FOOD          2025-08-04 16:00:00
EU-BASIC         2025-08-04 16:00:00
BUTTER           2025-08-04 17:00:00
SUGAR11          2025-08-04 17:00:00
EURAUD           2025-08-04 17:00:00
OJ               2025-08-04 18:00:00
ALUMINIUM        2025-08-04 18:00:00
HIGHYIELD        2025-08-04 18:00:00
EURCAD           2025-08-04 18:00:00
AUDJPY           2025-08-04 18:00:00
COFFEE           2025-08-04 18:00:00
STEEL            2025-08-04 18:00:00
COCOA            2025-08-04 18:00:00
LEANHOG          2025-08-04 19:00:00
INR              2025-08-04 19:00:00
IG               2025-08-04 19:00:00
LUMBER-new       2025-08-04 19:00:00
MILK             2025-08-04 19:00:00
CHEESE           2025-08-04 19:00:00
LIVECOW          2025-08-04 19:00:00
REDWHEAT         2025-08-04 19:00:00
US-ENERGY        2025-08-04 19:00:00
US-DISCRETE      2025-08-04 19:00:00
OATIES           2025-08-04 19:00:00
RICE             2025-08-04 19:00:00
BITCOIN          2025-08-04 19:00:00
BBCOMM           2025-08-04 19:00:00
SOYBEAN          2025-08-04 19:00:00
SOYBEAN_mini     2025-08-04 19:00:00
SOYMEAL          2025-08-04 19:00:00
SOYOIL           2025-08-04 19:00:00
CAD_micro        2025-08-04 19:00:00
COPPER-mini      2025-08-04 19:00:00
GAS-LAST         2025-08-04 19:00:00
CORN             2025-08-04 19:00:00
CORN_mini        2025-08-04 19:00:00
DX               2025-08-04 19:00:00
COTTON2          2025-08-04 19:00:00
GAS-PEN          2025-08-04 19:00:00
WHEAT            2025-08-04 19:00:00
GOLD             2025-08-04 19:00:00
WHEAT_mini       2025-08-04 19:00:00
GBPJPY           2025-08-04 19:00:00
FEEDCOW          2025-08-04 19:00:00
US5              2025-08-04 20:00:00
BRE              2025-08-04 20:00:00
BRENT-LAST       2025-08-04 20:00:00
DOW_mini         2025-08-04 20:00:00
R1000            2025-08-04 20:00:00
PLAT             2025-08-04 20:00:00
PALLAD           2025-08-04 20:00:00
GASOILINE        2025-08-04 20:00:00
CRUDE_W_mini     2025-08-04 20:00:00
NZD              2025-08-04 20:00:00
DOW              2025-08-04 20:00:00
RUSSELL          2025-08-04 20:00:00
YENEUR           2025-08-04 20:00:00
NOK              2025-08-04 20:00:00
EUR              2025-08-04 20:00:00
EURCHF           2025-08-04 20:00:00
ETHEREUM         2025-08-04 20:00:00
AUD              2025-08-04 20:00:00
SP500_micro      2025-08-04 20:00:00
SP500            2025-08-04 20:00:00
SP400            2025-08-04 20:00:00
RUSSELL_mini     2025-08-04 20:00:00
EUR_micro        2025-08-04 20:00:00
FANG             2025-08-04 20:00:00
FED              2025-08-04 20:00:00
SOFR             2025-08-04 20:00:00
AUD_micro        2025-08-04 20:00:00
ETHER-micro      2025-08-04 20:00:00
SILVER           2025-08-04 20:00:00
SEK              2025-08-04 20:00:00
EUR_mini         2025-08-04 20:00:00
HEATOIL          2025-08-04 20:00:00
CRUDE_W_micro    2025-08-04 20:00:00
US10             2025-08-04 20:00:00
GOLD_micro       2025-08-04 20:00:00
US3              2025-08-04 20:00:00
US20             2025-08-04 20:00:00
VIX              2025-08-04 20:00:00
US2              2025-08-04 20:00:00
JPY              2025-08-04 20:00:00
JPY_mini         2025-08-04 20:00:00
US10U            2025-08-04 20:00:00
GOLD-mini        2025-08-04 20:00:00
US-UTILS         2025-08-04 20:00:00
US-STAPLES       2025-08-04 20:00:00
COPPER           2025-08-04 20:00:00
GAS_US           2025-08-04 20:00:00
US-REALESTATE    2025-08-04 20:00:00
US30             2025-08-04 20:00:00
US-MATERIAL      2025-08-04 20:00:00
CHF_micro        2025-08-04 20:00:00
NASDAQ_micro     2025-08-04 20:00:00
NASDAQ           2025-08-04 20:00:00
MXP              2025-08-04 20:00:00
GAS_US_mini      2025-08-04 20:00:00
GBP              2025-08-04 20:00:00
US-HEALTH        2025-08-04 20:00:00
US-INDUSTRY      2025-08-04 20:00:00
ZAR              2025-08-04 20:00:00
CRUDE_W          2025-08-04 20:00:00
CAD              2025-08-04 20:00:00
GBPEUR           2025-08-04 20:00:00
CHF              2025-08-04 20:00:00
GBP_micro        2025-08-04 20:00:00
COPPER-micro     2025-08-04 20:00:00
MSCIEAFA         2025-08-04 20:00:00
VIX_mini         2025-08-04 20:00:00


===============================================
           Delayed optimal positions           
===============================================

                                    last_update
dynamic_TF_carry/SGX 2024-12-02 22:31:28.544775

Instruments at trade limit: No constraints

================================================
         Instruments at position limit          
================================================

                 keys  position pos_limit  spare
103               NOK         0       0.0    0.0
67            MILKWET         0       0.0    0.0
65           SGD_mini         0       0.0    0.0
64        EPRA-EUROPE         0       0.0    0.0
63            TIN_LME         0       0.0    0.0
159          ETHEREUM         0       0.0    0.0
161            EURCHF         0       0.0    0.0
59                IRS         0       0.0    0.0
113               CZK         0       0.0    0.0
163            NASDAQ         0       0.0    0.0
165          EU-MEDIA         0       0.0    0.0
53              R1000         0       0.0    0.0
52             GBPJPY         0       0.0    0.0
166  EUROSTX200-LARGE         0       0.0    0.0
47                OMX         0       0.0    0.0
209          TWD-mini         0       0.0    0.0
172          HOUSE-US         0       0.0    0.0
44           AEX_mini         0       0.0    0.0
155           MILKDRY         0       0.0    0.0
174           SMI-MID         0       0.0    0.0
69       COAL-GEORDIE         0       0.0    0.0
229         CHF_micro         0       0.0    0.0
219         EU-RETAIL         0       0.0    0.0
104               SGX         0       0.0    0.0
207     EUROSTX-LARGE         0       0.0    0.0
128         HIGHYIELD         0       0.0    0.0
98             KRWUSD         0       0.0    0.0
129         SWISSLEAD         0       0.0    0.0
95    EU-CONSTRUCTION         0       0.0    0.0
94          EU-TRAVEL         0       0.0    0.0
132            PALLAD         0       0.0    0.0
139          JGB-mini         0       0.0    0.0
214           GAS-PEN        -1       1.0    0.0
85                SEK         0       0.0    0.0
227               TWD         0       0.0    0.0
83        HEATOIL-ICE         0       0.0    0.0
79    GASOILINE_micro         0       0.0    0.0
143        COPPER_LME         0       0.0    0.0
148               RUR         0       0.0    0.0
70                PLN         0       0.0    0.0
177     EU-DJ-TELECOM         0       0.0    0.0
162               JGB         0       0.0    0.0
39                MIB         1       1.0    0.0
1                CH10         0       0.0    0.0
2              COTTON         0       0.0    0.0
4            JPY_mini         0       0.0    0.0
204              WHEY         0       0.0    0.0
6             EU-CHEM         0       0.0    0.0
202            CHFJPY         0       0.0    0.0
198            AUDJPY         0       0.0    0.0
196            BUTTER         0       0.0    0.0
15           EU-HOUSE         0       0.0    0.0
19            BOVESPA         0       0.0    0.0
20        CNH-onshore         0       0.0    0.0
240            EURAUD         0       0.0    0.0
193                IG         0       0.0    0.0
190               CLP         0       0.0    0.0
16               COAL         0       0.0    0.0
112       COPPER-mini         0       0.0    0.0
183             SP400         0       0.0    0.0
38              STEEL         0       0.0    0.0
186        EU-DJ-TECH         0       0.0    0.0
235            EURCAD         0       0.0    0.0
31               GICS         0       0.0    0.0
181              VNKI         0       0.0    0.0


=======================================================
        Overrides in database consider deleting        
=======================================================

                                               override
NICKEL_LME           Override Close because in database
RICE           Override Reduce only because in database
COAL           Override Reduce only because in database
GAS-PEN        Override Reduce only because in database
GAS_US_mini    Override Reduce only because in database
VNKI           Override Reduce only because in database
VIX_mini       Override Reduce only because in database
STEEL          Override Reduce only because in database
COPPER-mini    Override Reduce only because in database
IBEX_mini      Override Reduce only because in database
BOVESPA        Override Reduce only because in database
IBEX           Override Reduce only because in database
WHEAT_mini     Override Reduce only because in database
CRUDE_W_micro  Override Reduce only because in database
GICS           Override Reduce only because in database
CHINAA-CON     Override Reduce only because in database
SGD            Override Reduce only because in database
KRWUSD         Override Reduce only because in database
CNH-onshore    Override Reduce only because in database
COAL-GEORDIE   Override Reduce only because in database
CRUDE_W_mini   Override Reduce only because in database
AEX            Override Reduce only because in database
TWD-mini       Override Reduce only because in database
WHEAT_ICE      Override Reduce only because in database
AEX_mini       Override Reduce only because in database
CAC            Override Reduce only because in database

Locked instruments (position mismatch): []

==============================================
Status of adjusted price / FX price collection
==============================================

                         last_update
RUR              2025-06-12 23:00:01
SWISSLEAD        2025-07-31 23:00:00
MILKDRY          2025-08-01 23:00:00
CAD5             2025-08-01 23:00:00
CAD2             2025-08-01 23:00:00
CAD10            2025-08-01 23:00:00
CHFJPY           2025-08-01 23:00:00
MSCIEMASIA       2025-08-01 23:00:00
CLP              2025-08-01 23:00:00
KRWUSD           2025-08-01 23:00:00
OMX              2025-08-01 23:00:00
COAL-GEORDIE     2025-08-01 23:00:00
HOUSE-US         2025-08-01 23:00:00
MILKWET          2025-08-01 23:00:00
BOVESPA          2025-08-01 23:00:00
COTTON           2025-08-01 23:00:00
GBPCHF           2025-08-01 23:00:00
GASOILINE_micro  2025-08-01 23:00:00
WHEY             2025-08-01 23:00:00
EPRA-EUROPE      2025-08-01 23:00:00
EUROSTX-LARGE    2025-08-01 23:00:00
SUGAR16          2025-08-01 23:00:00
CANOLA*          2025-08-01 23:00:00
COPPER_LME       2025-08-04 07:00:00
EU-DJ-TELECOM    2025-08-04 08:00:00
AEX_mini         2025-08-04 08:00:00
TIN_LME          2025-08-04 09:00:00
COAL             2025-08-04 10:00:00
EU-RETAIL        2025-08-04 13:00:00
MSCIWORLD        2025-08-04 14:00:00
EU-HOUSE         2025-08-04 14:00:00
EURIBOR          2025-08-04 14:00:00
PLN              2025-08-04 14:30:00
MILLWHEAT        2025-08-04 15:00:00
FTSE250          2025-08-04 15:00:00
FTSE100          2025-08-04 15:00:00
EUROSTX200-LARGE 2025-08-04 15:00:00
EUROSTX-SMALL    2025-08-04 15:00:00
SONIA3           2025-08-04 15:00:00
EU-CHEM          2025-08-04 15:00:00
EURIBOR-ICE      2025-08-04 15:00:00
EU-DJ-TECH       2025-08-04 15:00:00
WHEAT_ICE        2025-08-04 15:00:00
ALUMINIUM_LME    2025-08-04 15:00:00
EUA              2025-08-04 15:00:00
EU-TRAVEL        2025-08-04 15:00:00
EU-MEDIA         2025-08-04 15:00:00
EU-MID           2025-08-04 15:00:00
EU-DJ-OIL        2025-08-04 15:00:00
CH10             2025-08-04 15:00:00
GASOIL           2025-08-04 15:00:00
BRENT_W          2025-08-04 15:00:00
MIB*             2025-08-04 15:00:00
ZINC_LME         2025-08-04 15:00:00
LEAD_LME         2025-08-04 15:00:00
NICKEL_LME       2025-08-04 15:00:00
IRS              2025-08-04 15:00:00
EU-TECH          2025-08-04 15:00:00
IBEX_mini        2025-08-04 15:00:00
IBEX             2025-08-04 15:00:00
SARONA           2025-08-04 15:00:00
HEATOIL-ICE      2025-08-04 15:00:00
COCOA_LDN        2025-08-04 15:00:00
V2X              2025-08-04 15:00:00
GILT             2025-08-04 15:00:00
BONO             2025-08-04 15:00:00
CRUDE_ICE        2025-08-04 15:00:00
ROBUSTA          2025-08-04 15:00:00
EUROSTX          2025-08-04 16:00:00
EURO600          2025-08-04 16:00:00
SMI-MID          2025-08-04 16:00:00
SMI              2025-08-04 16:00:00
OAT              2025-08-04 16:00:00
GICS             2025-08-04 16:00:00
EU-UTILS         2025-08-04 16:00:00
SUGAR_WHITE      2025-08-04 16:00:00
GASOILINE_ICE    2025-08-04 16:00:00
MSCIASIA         2025-08-04 16:00:00
SHATZ            2025-08-04 16:00:00
AEX              2025-08-04 16:00:00
EU-OIL           2025-08-04 16:00:00
BUND*            2025-08-04 16:00:00
CZK              2025-08-04 16:00:00
DAX*             2025-08-04 16:00:00
BTP3             2025-08-04 16:00:00
BTP*             2025-08-04 16:00:00
BOBL             2025-08-04 16:00:00
EU-REALESTATE    2025-08-04 16:00:00
BUXL             2025-08-04 16:00:00
EU-AUTO          2025-08-04 16:00:00
EU-BANKS         2025-08-04 16:00:00
CAC              2025-08-04 16:00:00
EU-CONSTRUCTION  2025-08-04 16:00:00
EU-DIV30         2025-08-04 16:00:00
EU-INSURE        2025-08-04 16:00:00
EU-HEALTH        2025-08-04 16:00:00
EU-DJ-UTIL       2025-08-04 16:00:00
EU-FOOD          2025-08-04 16:00:00
EU-BASIC         2025-08-04 16:00:00
BUTTER           2025-08-04 17:00:00
SUGAR11          2025-08-04 17:00:00
EURAUD           2025-08-04 17:00:00
OJ               2025-08-04 18:00:00
ALUMINIUM        2025-08-04 18:00:00
HIGHYIELD        2025-08-04 18:00:00
EURCAD           2025-08-04 18:00:00
AUDJPY           2025-08-04 18:00:00
COFFEE           2025-08-04 18:00:00
STEEL            2025-08-04 18:00:00
COCOA            2025-08-04 18:00:00
LEANHOG*         2025-08-04 19:00:00
INR              2025-08-04 19:00:00
IG               2025-08-04 19:00:00
LUMBER-new       2025-08-04 19:00:00
MILK             2025-08-04 19:00:00
CHEESE           2025-08-04 19:00:00
LIVECOW          2025-08-04 19:00:00
REDWHEAT         2025-08-04 19:00:00
US-ENERGY        2025-08-04 19:00:00
US-DISCRETE      2025-08-04 19:00:00
OATIES           2025-08-04 19:00:00
RICE*            2025-08-04 19:00:00
BITCOIN          2025-08-04 19:00:00
BBCOMM           2025-08-04 19:00:00
SOYBEAN          2025-08-04 19:00:00
SOYBEAN_mini     2025-08-04 19:00:00
SOYMEAL          2025-08-04 19:00:00
SOYOIL           2025-08-04 19:00:00
CAD_micro        2025-08-04 19:00:00
COPPER-mini      2025-08-04 19:00:00
GAS-LAST         2025-08-04 19:00:00
CORN             2025-08-04 19:00:00
CORN_mini        2025-08-04 19:00:00
DX               2025-08-04 19:00:00
COTTON2          2025-08-04 19:00:00
GAS-PEN*         2025-08-04 19:00:00
WHEAT*           2025-08-04 19:00:00
GOLD             2025-08-04 19:00:00
WHEAT_mini       2025-08-04 19:00:00
GBPJPY           2025-08-04 19:00:00
FEEDCOW*         2025-08-04 19:00:00
US5              2025-08-04 20:00:00
BRE              2025-08-04 20:00:00
BRENT-LAST       2025-08-04 20:00:00
DOW_mini         2025-08-04 20:00:00
R1000            2025-08-04 20:00:00
PLAT             2025-08-04 20:00:00
PALLAD           2025-08-04 20:00:00
GASOILINE        2025-08-04 20:00:00
CRUDE_W_mini     2025-08-04 20:00:00
NZD*             2025-08-04 20:00:00
DOW*             2025-08-04 20:00:00
RUSSELL          2025-08-04 20:00:00
YENEUR*          2025-08-04 20:00:00
NOK              2025-08-04 20:00:00
EUR              2025-08-04 20:00:00
EURCHF           2025-08-04 20:00:00
ETHEREUM         2025-08-04 20:00:00
AUD              2025-08-04 20:00:00
SP500_micro      2025-08-04 20:00:00
SP500            2025-08-04 20:00:00
SP400            2025-08-04 20:00:00
RUSSELL_mini     2025-08-04 20:00:00
EUR_micro        2025-08-04 20:00:00
FANG             2025-08-04 20:00:00
FED              2025-08-04 20:00:00
SOFR             2025-08-04 20:00:00
AUD_micro        2025-08-04 20:00:00
ETHER-micro      2025-08-04 20:00:00
SILVER           2025-08-04 20:00:00
SEK              2025-08-04 20:00:00
EUR_mini         2025-08-04 20:00:00
HEATOIL          2025-08-04 20:00:00
CRUDE_W_micro    2025-08-04 20:00:00
US10             2025-08-04 20:00:00
GOLD_micro       2025-08-04 20:00:00
US3              2025-08-04 20:00:00
US20             2025-08-04 20:00:00
VIX              2025-08-04 20:00:00
US2              2025-08-04 20:00:00
JPY*             2025-08-04 20:00:00
JPY_mini         2025-08-04 20:00:00
US10U            2025-08-04 20:00:00
GOLD-mini        2025-08-04 20:00:00
US-UTILS         2025-08-04 20:00:00
US-STAPLES       2025-08-04 20:00:00
COPPER           2025-08-04 20:00:00
GAS_US           2025-08-04 20:00:00
US-REALESTATE    2025-08-04 20:00:00
US30             2025-08-04 20:00:00
US-MATERIAL      2025-08-04 20:00:00
CHF_micro        2025-08-04 20:00:00
NASDAQ_micro     2025-08-04 20:00:00
NASDAQ           2025-08-04 20:00:00
MXP*             2025-08-04 20:00:00
GAS_US_mini*     2025-08-04 20:00:00
GBP              2025-08-04 20:00:00
US-HEALTH        2025-08-04 20:00:00
US-INDUSTRY      2025-08-04 20:00:00
ZAR              2025-08-04 20:00:00
CRUDE_W          2025-08-04 20:00:00
CAD              2025-08-04 20:00:00
GBPEUR           2025-08-04 20:00:00
CHF              2025-08-04 20:00:00
GBP_micro        2025-08-04 20:00:00
COPPER-micro     2025-08-04 20:00:00
MSCIEAFA         2025-08-04 20:00:00
VIX_mini         2025-08-04 20:00:00
SGX              2025-08-04 23:00:00
CNH-onshore      2025-08-04 23:00:00
SGD              2025-08-06 23:00:00
VNKI             2025-08-06 23:00:00
JGB-mini         2025-08-07 00:45:00
SGD_mini         2025-08-07 01:00:00
TWD-mini         2025-08-07 03:00:00
TWD              2025-08-07 04:00:00
HANGTECH         2025-08-07 04:00:00
HANGENT          2025-08-07 04:00:00
JGB-SGX-mini     2025-08-07 04:00:00
JP-REALESTATE    2025-08-07 04:00:00
HANGENT_mini     2025-08-07 04:00:00
SPI200*          2025-08-07 04:00:00
HANG             2025-08-07 04:00:00
HANG_mini*       2025-08-07 04:00:00
IRON             2025-08-07 04:00:00
MSCITAIWAN       2025-08-07 04:00:00
FTSECHINAH       2025-08-07 04:00:00
KRWUSD_mini*     2025-08-07 04:00:00
FTSEINDO         2025-08-07 05:00:00
FTSEVIET         2025-08-07 05:00:00
FTSECHINAA       2025-08-07 05:00:00
CNH              2025-08-07 05:00:00
CHINAA-CON       2025-08-07 05:00:00
FTSETAIWAN       2025-08-07 05:00:00
TOPIX            2025-08-07 05:00:00
KOSDAQ*          2025-08-07 05:00:00
KOSPI            2025-08-07 05:00:00
KOSPI_mini       2025-08-07 05:00:00
KR10*            2025-08-07 05:00:00
KR3              2025-08-07 05:00:00
MSCISING*        2025-08-07 05:00:00
MUMMY*           2025-08-07 05:00:00
NIKKEI*          2025-08-07 05:00:00
NIKKEI400        2025-08-07 05:00:00
RUBBER           2025-08-07 05:00:00
JGB              2025-08-07 05:00:00
HKDUSD           2025-08-07 23:00:00
CHFUSD           2025-08-07 23:00:00
JPYUSD           2025-08-07 23:00:00
EURUSD           2025-08-07 23:00:00
CADUSD           2025-08-07 23:00:00
MXPUSD           2025-08-07 23:00:00
CNHUSD           2025-08-07 23:00:00
SEKUSD           2025-08-07 23:00:00
GBPUSD           2025-08-07 23:00:00
SGDUSD           2025-08-07 23:00:00
KRWUSD           2025-08-07 23:00:00
AUDUSD           2025-08-07 23:00:00


============================================================
           Status of optimal position generation            
============================================================

                                                 last_update
dynamic_TF_carry/SGX              2024-12-02 22:31:28.544775
dynamic_TF_carry/IG               2025-08-07 22:31:38.750398
dynamic_TF_carry/TOPIX            2025-08-07 22:31:38.750638
dynamic_TF_carry/KR10             2025-08-07 22:31:38.750873
dynamic_TF_carry/R1000            2025-08-07 22:31:38.751336
dynamic_TF_carry/GBPEUR           2025-08-07 22:31:38.751567
dynamic_TF_carry/COCOA_LDN        2025-08-07 22:31:38.751796
dynamic_TF_carry/CH10             2025-08-07 22:31:38.752025
dynamic_TF_carry/EU-HOUSE         2025-08-07 22:31:38.752254
dynamic_TF_carry/RUSSELL          2025-08-07 22:31:38.752482
dynamic_TF_carry/COAL             2025-08-07 22:31:38.752710
dynamic_TF_carry/EUR              2025-08-07 22:31:38.752939
dynamic_TF_carry/US-INDUSTRY      2025-08-07 22:31:38.753167
dynamic_TF_carry/NZD              2025-08-07 22:31:38.753397
dynamic_TF_carry/BONO             2025-08-07 22:31:38.753631
dynamic_TF_carry/CORN             2025-08-07 22:31:38.753860
dynamic_TF_carry/EURCHF           2025-08-07 22:31:38.754088
dynamic_TF_carry/EUROSTX200-LARGE 2025-08-07 22:31:38.754317
dynamic_TF_carry/VIX              2025-08-07 22:31:38.754565
dynamic_TF_carry/BRENT_W          2025-08-07 22:31:38.754795
dynamic_TF_carry/PLN              2025-08-07 22:31:38.755024
dynamic_TF_carry/WHEY             2025-08-07 22:31:38.755254
dynamic_TF_carry/SHATZ            2025-08-07 22:31:38.755482
dynamic_TF_carry/COPPER-micro     2025-08-07 22:31:38.755711
dynamic_TF_carry/EUROSTX-LARGE    2025-08-07 22:31:38.755940
dynamic_TF_carry/US-HEALTH        2025-08-07 22:31:38.756169
dynamic_TF_carry/US-MATERIAL      2025-08-07 22:31:38.756625
dynamic_TF_carry/FTSEVIET         2025-08-07 22:31:38.756853
dynamic_TF_carry/MSCISING         2025-08-07 22:31:38.757082
dynamic_TF_carry/HOUSE-US         2025-08-07 22:31:38.757310
dynamic_TF_carry/OJ               2025-08-07 22:31:38.757539
dynamic_TF_carry/BUND             2025-08-07 22:31:38.757773
dynamic_TF_carry/CRUDE_ICE        2025-08-07 22:31:38.758005
dynamic_TF_carry/US-DISCRETE      2025-08-07 22:31:38.758235
dynamic_TF_carry/YENEUR           2025-08-07 22:31:38.758463
dynamic_TF_carry/COTTON           2025-08-07 22:31:38.758692
dynamic_TF_carry/EU-UTILS         2025-08-07 22:31:38.758921
dynamic_TF_carry/GBPCHF           2025-08-07 22:31:38.759149
dynamic_TF_carry/EU-CONSTRUCTION  2025-08-07 22:31:38.759377
dynamic_TF_carry/BUTTER           2025-08-07 22:31:38.759606
dynamic_TF_carry/US3              2025-08-07 22:31:38.759834
dynamic_TF_carry/KR3              2025-08-07 22:31:38.760062
dynamic_TF_carry/GAS-LAST         2025-08-07 22:31:38.760289
dynamic_TF_carry/CAD5             2025-08-07 22:31:38.760517
dynamic_TF_carry/EU-MEDIA         2025-08-07 22:31:38.760744
dynamic_TF_carry/KOSPI_mini       2025-08-07 22:31:38.760973
dynamic_TF_carry/ROBUSTA          2025-08-07 22:31:38.761201
dynamic_TF_carry/SWISSLEAD        2025-08-07 22:31:38.761429
dynamic_TF_carry/EUA              2025-08-07 22:31:38.761660
dynamic_TF_carry/JGB              2025-08-07 22:31:38.761889
dynamic_TF_carry/SOYBEAN          2025-08-07 22:31:38.762119
dynamic_TF_carry/CAD10            2025-08-07 22:31:38.762346
dynamic_TF_carry/VNKI             2025-08-07 22:31:38.762575
dynamic_TF_carry/EU-FOOD          2025-08-07 22:31:38.762803
dynamic_TF_carry/IRON             2025-08-07 22:31:38.763032
dynamic_TF_carry/EUROSTX-SMALL    2025-08-07 22:31:38.763261
dynamic_TF_carry/JGB-SGX-mini     2025-08-07 22:31:38.763488
dynamic_TF_carry/KRWUSD           2025-08-07 22:31:38.763715
dynamic_TF_carry/EU-DIV30         2025-08-07 22:31:38.763944
dynamic_TF_carry/EUR_micro        2025-08-07 22:31:38.764172
dynamic_TF_carry/HANGENT_mini     2025-08-07 22:31:38.764401
dynamic_TF_carry/EU-HEALTH        2025-08-07 22:31:38.764630
dynamic_TF_carry/FTSEINDO         2025-08-07 22:31:38.764859
dynamic_TF_carry/SUGAR_WHITE      2025-08-07 22:31:38.765087
dynamic_TF_carry/DX               2025-08-07 22:31:38.765317
dynamic_TF_carry/EU-DJ-UTIL       2025-08-07 22:31:38.765546
dynamic_TF_carry/COFFEE           2025-08-07 22:31:38.765780
dynamic_TF_carry/MSCIWORLD        2025-08-07 22:31:38.766009
dynamic_TF_carry/CAD              2025-08-07 22:31:38.766237
dynamic_TF_carry/PALLAD           2025-08-07 22:31:38.766466
dynamic_TF_carry/SUGAR16          2025-08-07 22:31:38.766696
dynamic_TF_carry/BRENT-LAST       2025-08-07 22:31:38.766924
dynamic_TF_carry/SMI              2025-08-07 22:31:38.767152
dynamic_TF_carry/US30             2025-08-07 22:31:38.767382
dynamic_TF_carry/COTTON2          2025-08-07 22:31:38.767610
dynamic_TF_carry/SOFR             2025-08-07 22:31:38.767838
dynamic_TF_carry/DOW              2025-08-07 22:31:38.768068
dynamic_TF_carry/EU-INSURE        2025-08-07 22:31:38.768298
dynamic_TF_carry/TWD              2025-08-07 22:31:38.768526
dynamic_TF_carry/MILKDRY          2025-08-07 22:31:38.768757
dynamic_TF_carry/AUDJPY           2025-08-07 22:31:38.768986
dynamic_TF_carry/COPPER           2025-08-07 22:31:38.769215
dynamic_TF_carry/EU-AUTO          2025-08-07 22:31:38.769443
dynamic_TF_carry/NICKEL_LME       2025-08-07 22:31:38.769675
dynamic_TF_carry/NOK              2025-08-07 22:31:38.769905
dynamic_TF_carry/SARONA           2025-08-07 22:31:38.770365
dynamic_TF_carry/WHEAT            2025-08-07 22:31:38.770595
dynamic_TF_carry/GOLD_micro       2025-08-07 22:31:38.770825
dynamic_TF_carry/ETHEREUM         2025-08-07 22:31:38.771054
dynamic_TF_carry/MSCIASIA         2025-08-07 22:31:38.771284
dynamic_TF_carry/EU-BANKS         2025-08-07 22:31:38.771514
dynamic_TF_carry/MILLWHEAT        2025-08-07 22:31:38.771743
dynamic_TF_carry/SOYOIL           2025-08-07 22:31:38.771972
dynamic_TF_carry/CLP              2025-08-07 22:31:38.772201
dynamic_TF_carry/CHEESE           2025-08-07 22:31:38.772431
dynamic_TF_carry/V2X              2025-08-07 22:31:38.772661
dynamic_TF_carry/EURIBOR-ICE      2025-08-07 22:31:38.772891
dynamic_TF_carry/FEEDCOW          2025-08-07 22:31:38.773122
dynamic_TF_carry/DAX              2025-08-07 22:31:38.773352
dynamic_TF_carry/BTP              2025-08-07 22:31:38.773585
dynamic_TF_carry/SPI200           2025-08-07 22:31:38.773815
dynamic_TF_carry/HEATOIL          2025-08-07 22:31:38.774044
dynamic_TF_carry/US-ENERGY        2025-08-07 22:31:38.774273
dynamic_TF_carry/IRS              2025-08-07 22:31:38.774503
dynamic_TF_carry/EU-OIL           2025-08-07 22:31:38.774731
dynamic_TF_carry/EURIBOR          2025-08-07 22:31:38.774961
dynamic_TF_carry/REDWHEAT         2025-08-07 22:31:38.775191
dynamic_TF_carry/BUXL             2025-08-07 22:31:38.775421
dynamic_TF_carry/SGD              2025-08-07 22:31:38.775653
dynamic_TF_carry/CANOLA           2025-08-07 22:31:38.775882
dynamic_TF_carry/CZK              2025-08-07 22:31:38.776111
dynamic_TF_carry/LEANHOG          2025-08-07 22:31:38.776339
dynamic_TF_carry/EU-BASIC         2025-08-07 22:31:38.776568
dynamic_TF_carry/EURCAD           2025-08-07 22:31:38.776796
dynamic_TF_carry/OMX              2025-08-07 22:31:38.777026
dynamic_TF_carry/HIGHYIELD        2025-08-07 22:31:38.777252
dynamic_TF_carry/FTSECHINAA       2025-08-07 22:31:38.777719
dynamic_TF_carry/FANG             2025-08-07 22:31:38.778177
dynamic_TF_carry/BRE              2025-08-07 22:31:38.778405
dynamic_TF_carry/AEX              2025-08-07 22:31:38.778634
dynamic_TF_carry/GASOIL           2025-08-07 22:31:38.778862
dynamic_TF_carry/SEK              2025-08-07 22:31:38.779091
dynamic_TF_carry/MSCITAIWAN       2025-08-07 22:31:38.779320
dynamic_TF_carry/BITCOIN          2025-08-07 22:31:38.779548
dynamic_TF_carry/JP-REALESTATE    2025-08-07 22:31:38.779778
dynamic_TF_carry/GASOILINE        2025-08-07 22:31:38.780006
dynamic_TF_carry/EU-RETAIL        2025-08-07 22:31:38.780233
dynamic_TF_carry/MSCIEMASIA       2025-08-07 22:31:38.780462
dynamic_TF_carry/SOYMEAL          2025-08-07 22:31:38.780691
dynamic_TF_carry/CRUDE_W_mini     2025-08-07 22:31:38.780919
dynamic_TF_carry/LUMBER-new       2025-08-07 22:31:38.781146
dynamic_TF_carry/BOVESPA          2025-08-07 22:31:38.781374
dynamic_TF_carry/AUD              2025-08-07 22:31:38.781605
dynamic_TF_carry/MUMMY            2025-08-07 22:31:38.781834
dynamic_TF_carry/US2              2025-08-07 22:31:38.782063
dynamic_TF_carry/EU-MID           2025-08-07 22:31:38.782289
dynamic_TF_carry/GILT             2025-08-07 22:31:38.782516
dynamic_TF_carry/JPY              2025-08-07 22:31:38.782744
dynamic_TF_carry/SILVER           2025-08-07 22:31:38.782972
dynamic_TF_carry/TIN_LME          2025-08-07 22:31:38.783200
dynamic_TF_carry/RUR              2025-08-07 22:31:38.783427
dynamic_TF_carry/EU-TRAVEL        2025-08-07 22:31:38.783656
dynamic_TF_carry/PLAT             2025-08-07 22:31:38.783884
dynamic_TF_carry/US10             2025-08-07 22:31:38.784112
dynamic_TF_carry/EURO600          2025-08-07 22:31:38.784341
dynamic_TF_carry/SP500_micro      2025-08-07 22:31:38.784804
dynamic_TF_carry/GICS             2025-08-07 22:31:38.785033
dynamic_TF_carry/RICE             2025-08-07 22:31:38.785262
dynamic_TF_carry/SUGAR11          2025-08-07 22:31:38.785492
dynamic_TF_carry/SONIA3           2025-08-07 22:31:38.785725
dynamic_TF_carry/EU-REALESTATE    2025-08-07 22:31:38.785955
dynamic_TF_carry/HANG_mini        2025-08-07 22:31:38.786183
dynamic_TF_carry/KRWUSD_mini      2025-08-07 22:31:38.786411
dynamic_TF_carry/MILK             2025-08-07 22:31:38.786639
dynamic_TF_carry/US-STAPLES       2025-08-07 22:31:38.786870
dynamic_TF_carry/US10U            2025-08-07 22:31:38.787098
dynamic_TF_carry/COCOA            2025-08-07 22:31:38.787347
dynamic_TF_carry/US-REALESTATE    2025-08-07 22:31:38.787578
dynamic_TF_carry/ALUMINIUM        2025-08-07 22:31:38.787809
dynamic_TF_carry/KOSDAQ           2025-08-07 22:31:38.788270
dynamic_TF_carry/BTP3             2025-08-07 22:31:38.788499
dynamic_TF_carry/US5              2025-08-07 22:31:38.788728
dynamic_TF_carry/EU-CHEM          2025-08-07 22:31:38.788957
dynamic_TF_carry/GBPJPY           2025-08-07 22:31:38.789188
dynamic_TF_carry/EPRA-EUROPE      2025-08-07 22:31:38.789417
dynamic_TF_carry/FED              2025-08-07 22:31:38.789652
dynamic_TF_carry/STEEL            2025-08-07 22:31:38.789880
dynamic_TF_carry/CHINAA-CON       2025-08-07 22:31:38.790114
dynamic_TF_carry/AUD_micro        2025-08-07 22:31:38.790345
dynamic_TF_carry/CAC              2025-08-07 22:31:38.790576
dynamic_TF_carry/CNH              2025-08-07 22:31:38.791037
dynamic_TF_carry/EUROSTX          2025-08-07 22:31:38.791267
dynamic_TF_carry/FTSECHINAH       2025-08-07 22:31:38.791728
dynamic_TF_carry/COAL-GEORDIE     2025-08-07 22:31:38.791958
dynamic_TF_carry/ZAR              2025-08-07 22:31:38.792188
dynamic_TF_carry/EURAUD           2025-08-07 22:31:38.792418
dynamic_TF_carry/MXP              2025-08-07 22:31:38.792648
dynamic_TF_carry/CRUDE_W_micro    2025-08-07 22:31:38.792878
dynamic_TF_carry/SMI-MID          2025-08-07 22:31:38.793105
dynamic_TF_carry/WHEAT_ICE        2025-08-07 22:31:38.793334
dynamic_TF_carry/GBP              2025-08-07 22:31:38.793567
dynamic_TF_carry/NIKKEI400        2025-08-07 22:31:38.793798
dynamic_TF_carry/EU-TECH          2025-08-07 22:31:38.794027
dynamic_TF_carry/ZINC_LME         2025-08-07 22:31:38.794258
dynamic_TF_carry/US-UTILS         2025-08-07 22:31:38.794488
dynamic_TF_carry/OATIES           2025-08-07 22:31:38.794719
dynamic_TF_carry/INR              2025-08-07 22:31:38.794948
dynamic_TF_carry/CAD2             2025-08-07 22:31:38.795177
dynamic_TF_carry/BOBL             2025-08-07 22:31:38.795407
dynamic_TF_carry/COPPER_LME       2025-08-07 22:31:38.795636
dynamic_TF_carry/FTSE100          2025-08-07 22:31:38.796096
dynamic_TF_carry/SOYBEAN_mini     2025-08-07 22:31:38.796326
dynamic_TF_carry/CHF              2025-08-07 22:31:38.796557
dynamic_TF_carry/GAS-PEN          2025-08-07 22:31:38.796789
dynamic_TF_carry/LIVECOW          2025-08-07 22:31:38.797020
dynamic_TF_carry/MIB              2025-08-07 22:31:38.797251
dynamic_TF_carry/OAT              2025-08-07 22:31:38.797482
dynamic_TF_carry/RUBBER           2025-08-07 22:31:38.797718
dynamic_TF_carry/EU-DJ-TELECOM    2025-08-07 22:31:38.798177
dynamic_TF_carry/FTSETAIWAN       2025-08-07 22:31:38.798405
dynamic_TF_carry/BBCOMM           2025-08-07 22:31:38.798864
dynamic_TF_carry/KOSPI            2025-08-07 22:31:38.799093
dynamic_TF_carry/NIKKEI           2025-08-07 22:31:38.799322
dynamic_TF_carry/US20             2025-08-07 22:31:38.799551
dynamic_TF_carry/HANGTECH         2025-08-07 22:31:38.799780
dynamic_TF_carry/LEAD_LME         2025-08-07 22:31:38.800009
dynamic_TF_carry/GAS_US_mini      2025-08-07 22:31:38.800238
dynamic_TF_carry/CHFJPY           2025-08-07 22:31:38.800467
dynamic_TF_carry/NASDAQ_micro     2025-08-07 22:31:38.800696
dynamic_TF_carry/FTSE250          2025-08-07 22:31:38.800927
dynamic_TF_carry/SP400            2025-08-07 22:31:38.801157
dynamic_TF_carry/MSCIEAFA         2025-08-07 22:31:38.801388
dynamic_TF_carry/IBEX_mini        2025-08-07 22:31:38.801620
dynamic_TF_carry/MILKWET          2025-08-07 22:31:38.801851


======================================================================================================================
                                                Status of trade limits                                                
======================================================================================================================

                   period_days  trade_limit  trades_since_last_reset  trade_capacity_remaining   time_since_last_reset
 JPY                        30            5                      4.0                       1.0 20 days 07:58:06.653641
 CAD                        30            6                      4.0                       2.0 20 days 07:57:43.021713
 US10U                      30            4                      1.0                       3.0 23 days 07:58:02.922957
 YENEUR                     30            4                      1.0                       3.0  9 days 07:58:03.485969
 BTP                        30            4                      1.0                       3.0 16 days 14:58:07.907787
 JPY                        14            4                      1.0                       3.0  2 days 07:58:08.035118
 YENEUR                     14            4                      1.0                       3.0  9 days 07:58:03.488679
 EU-DJ-UTIL                  1            4                      0.0                       4.0  0 days 00:00:00.000001
 EU-DJ-TELECOM               1            4                      0.0                       4.0  0 days 00:00:00.000001
 EU-DJ-TECH                  1            4                      0.0                       4.0  0 days 00:00:00.000001
 EU-DJ-OIL                   1            4                      0.0                       4.0  0 days 00:00:00.000002
 EU-CONSTRUCTION             1            4                      0.0                       4.0  0 days 00:00:00.000002
 CZK                         1            4                      0.0                       4.0  0 days 00:00:00.000001
 COTTON                      1            4                      0.0                       4.0  0 days 00:00:00.000001
 CLP                         1            4                      0.0                       4.0  0 days 00:00:00.000002
 CNH-onshore                 1            4                      0.0                       4.0  0 days 00:00:00.000001
 CH10                        1            4                      0.0                       4.0  0 days 00:00:00.000002
 BUTTER                      1            4                      0.0                       4.0  0 days 00:00:00.000002
 BOVESPA                     1            4                      0.0                       4.0  0 days 00:00:00.000001
 BEL20                       1            4                      0.0                       4.0  0 days 00:00:00.000001
 ALUMINIUM                   1            4                      0.0                       4.0  0 days 00:00:00.000002
 US30                       30            4                      0.0                       4.0  0 days 00:00:00.000001
 COPPER-mini                 1            4                      0.0                       4.0  0 days 00:00:00.000001
 EU-HOUSE                    1            4                      0.0                       4.0  0 days 00:00:00.000002
 CORN                        1            4                      0.0                       4.0  0 days 00:00:00.000003
