
********************************************************************************
                   Status report produced on 15/07/2024 22:55                   
********************************************************************************


Delayed methods: No delays

===============================
 Delayed adjusted / FX prices  
===============================

                    last_update
HEATOIL     2024-05-31 19:00:00
SGD         2024-06-13 23:00:00
SP500_micro 2024-06-14 20:00:00
EUR_micro   2024-06-14 20:00:00
SGX         2024-07-08 23:00:00
CNH-onshore 2024-07-08 23:00:01
TWD         2024-07-11 23:00:01

Delayed optimal positions: No delays

========================================================================================================
                                       Instruments at trade limit                                       
========================================================================================================

      period_days  trade_limit  trades_since_last_reset  trade_capacity_remaining  time_since_last_reset
 VIX           30            5                      5.0                       0.0 7 days 07:50:40.277431


================================================
         Instruments at position limit          
================================================

                 keys  position pos_limit  spare
123            BUTTER         0       0.0    0.0
54             NASDAQ         0       0.0    0.0
99            EU-CHEM         0       0.0    0.0
195               RUR         0       0.0    0.0
197     EUROSTX-LARGE         0       0.0    0.0
50                CLP         0       0.0    0.0
100               IRS         0       0.0    0.0
55             EURAUD         0       0.0    0.0
199         EU-TRAVEL         0       0.0    0.0
46             EURCAD         0       0.0    0.0
103         CHF_micro         0       0.0    0.0
142               JGB         0       0.0    0.0
41          HIGHYIELD         0       0.0    0.0
167             STEEL         0       0.0    0.0
201            PALLAD         0       0.0    0.0
147              BUXL        -1       1.0    0.0
203       COPPER-mini         0       0.0    0.0
150           ETHANOL         0       0.0    0.0
58             CHFJPY         0       0.0    0.0
82            MILKWET         0       0.0    0.0
76             KRWUSD         0       0.0    0.0
86           SGD_mini         0       0.0    0.0
160           TIN_LME         0       0.0    0.0
171            YENEUR         2       2.0    0.0
89        CNH-onshore         0       0.0    0.0
57         EU-DJ-TECH         0       0.0    0.0
176     EU-DJ-TELECOM         0       0.0    0.0
91                CZK         0       0.0    0.0
156      COAL-GEORDIE         0       0.0    0.0
189               AEX         1       1.0    0.0
62               WHEY         0       0.0    0.0
122       EPRA-EUROPE         0       0.0    0.0
152          EU-MEDIA         0       0.0    0.0
68           JGB-mini         0       0.0    0.0
204           SMI-MID         0       0.0    0.0
40           EU-HOUSE         0       0.0    0.0
205            AUDJPY         0       0.0    0.0
218               OMX         0       0.0    0.0
221        COPPER_LME         0       0.0    0.0
35                MIB         1       1.0    0.0
14   EUROSTX200-LARGE         0       0.0    0.0
225         GASOILINE         1       1.0    0.0
226             SP400         0       0.0    0.0
136              VNKI         0       0.0    0.0
228   EU-CONSTRUCTION         0       0.0    0.0
114              GICS         0       0.0    0.0
135               TWD         0       0.0    0.0
131              COAL         0       0.0    0.0
117                IG         0       0.0    0.0
119          AEX_mini         0       0.0    0.0
2             US-TECH         0       0.0    0.0
1            JPY_mini         0       0.0    0.0
216               SEK         0       0.0    0.0
137       HEATOIL-ICE         0       0.0    0.0
15                SGX         0       0.0    0.0
213         EU-RETAIL         0       0.0    0.0
107               NOK         0       0.0    0.0
32    GASOILINE_micro         0       0.0    0.0
206           BOVESPA         0       0.0    0.0
30               CH10         0       0.0    0.0
29             EURCHF         0       0.0    0.0
20                PLN         0       0.0    0.0
28           HOUSE-US         0       0.0    0.0
81             COTTON         0       0.0    0.0
209             R1000         0       0.0    0.0
27             GBPJPY         0       0.0    0.0
140           MILKDRY         0       0.0    0.0
25           ETHEREUM         0       0.0    0.0
110         SWISSLEAD         0       0.0    0.0
138          TWD-mini         0       0.0    0.0


=========================================================
         Overrides in database consider deleting         
=========================================================

                                                 override
NICKEL_LME             Override Close because in database
BB3M             Override Reduce only because in database
RICE             Override Reduce only because in database
VIX_mini         Override Reduce only because in database
GOLD-mini        Override Reduce only because in database
SOYBEAN_mini     Override Reduce only because in database
IBEX             Override Reduce only because in database
CRUDE_W_mini     Override Reduce only because in database
GASOILINE_micro  Override Reduce only because in database
IBEX_mini        Override Reduce only because in database
VNKI             Override Reduce only because in database
CAC              Override Reduce only because in database
COAL             Override Reduce only because in database
AEX              Override Reduce only because in database
AEX_mini         Override Reduce only because in database
FTSEINDO         Override Reduce only because in database
FTSECHINAA       Override Reduce only because in database
FTSETAIWAN       Override Reduce only because in database
STEEL            Override Reduce only because in database
INR              Override Reduce only because in database
MILKWET          Override Reduce only because in database
SGX              Override Reduce only because in database
FTSEVIET         Override Reduce only because in database
GAS_US_mini      Override Reduce only because in database
FTSECHINAH       Override Reduce only because in database
BRENT-LAST       Override Reduce only because in database
MSCISING         Override Reduce only because in database
GAS-PEN          Override Reduce only because in database
HANG             Override Reduce only because in database
MSCITAIWAN       Override Reduce only because in database
HANGTECH         Override Reduce only because in database
HANGENT          Override Reduce only because in database

Locked instruments (position mismatch): []

==============================================
Status of adjusted price / FX price collection
==============================================

                         last_update
HEATOIL          2024-05-31 19:00:00
SGD              2024-06-13 23:00:00
SP500_micro      2024-06-14 20:00:00
EUR_micro        2024-06-14 20:00:00
SGX              2024-07-08 23:00:00
CNH-onshore      2024-07-08 23:00:01
TWD              2024-07-11 23:00:01
COAL-GEORDIE     2024-07-12 23:00:00
COTTON           2024-07-12 23:00:00
MSCIWORLD        2024-07-12 23:00:00
IRS              2024-07-12 23:00:00
RUSSELL          2024-07-12 23:00:00
CH10             2024-07-12 23:00:00
RUR              2024-07-12 23:00:00
JGB              2024-07-12 23:00:00
OMX              2024-07-12 23:00:00
JGB-mini         2024-07-12 23:00:00
CZK              2024-07-12 23:00:00
JP-REALESTATE    2024-07-12 23:00:00
MILKWET          2024-07-12 23:00:00
ETHANOL          2024-07-12 23:00:00
CLP              2024-07-12 23:00:00
MSCIEMASIA       2024-07-12 23:00:00
HOUSE-US         2024-07-12 23:00:00
VNKI             2024-07-12 23:00:00
TIN_LME          2024-07-12 23:00:00
BOVESPA          2024-07-12 23:00:00
SWISSLEAD        2024-07-12 23:00:00
BB3M             2024-07-12 23:00:00
SUGAR16          2024-07-12 23:00:00
SMI-MID          2024-07-12 23:00:00
TWD-mini         2024-07-15 05:00:00
MSCITAIWAN*      2024-07-15 06:00:00
KOSPI            2024-07-15 07:00:00
KOSDAQ           2024-07-15 07:00:00
SGD_mini         2024-07-15 07:00:00
KOSPI_mini       2024-07-15 07:00:00
KR10             2024-07-15 07:00:00
KR3              2024-07-15 07:00:00
FTSECHINAH       2024-07-15 08:00:00
FTSEINDO         2024-07-15 08:00:00
FTSETAIWAN*      2024-07-15 08:00:00
KRWUSD_mini      2024-07-15 08:00:00
HANGENT          2024-07-15 08:00:00
HANGENT_mini     2024-07-15 08:00:00
IRON*            2024-07-15 08:00:00
HANG             2024-07-15 08:00:00
HANG_mini        2024-07-15 08:00:00
JGB-SGX-mini     2024-07-15 08:00:00
FTSEVIET         2024-07-15 08:00:00
HANGTECH         2024-07-15 08:00:00
FTSECHINAA*      2024-07-15 08:00:00
RUBBER           2024-07-15 08:00:00
MSCISING*        2024-07-15 08:00:00
CHINAA-CON*      2024-07-15 08:00:00
CNH              2024-07-15 08:00:00
SPI200*          2024-07-15 08:10:00
MUMMY            2024-07-15 08:30:00
NIKKEI400        2024-07-15 08:30:00
TOPIX*           2024-07-15 09:00:00
NIKKEI*          2024-07-15 09:00:00
LEAD_LME         2024-07-15 10:00:00
EUROSTX-LARGE    2024-07-15 12:00:00
EUROSTX-SMALL    2024-07-15 12:00:00
EU-RETAIL        2024-07-15 12:00:00
EU-HOUSE         2024-07-15 14:00:00
ZINC_LME         2024-07-15 14:00:00
EURIBOR          2024-07-15 14:00:00
EUROSTX200-LARGE 2024-07-15 14:00:00
EUA              2024-07-15 15:00:00
SUGAR_WHITE      2024-07-15 15:00:00
BRENT_W          2024-07-15 15:00:00
FTSE250          2024-07-15 15:00:00
GASOILINE_ICE    2024-07-15 15:00:00
SONIA3           2024-07-15 15:00:00
WHEAT_ICE        2024-07-15 15:00:00
ALUMINIUM_LME    2024-07-15 15:00:00
AEX_mini         2024-07-15 15:00:00
FTSE100          2024-07-15 15:00:00
GILT             2024-07-15 15:00:00
GASOIL           2024-07-15 15:00:00
MSCIASIA         2024-07-15 15:00:00
HEATOIL-ICE      2024-07-15 15:00:00
MILLWHEAT        2024-07-15 15:00:00
COPPER_LME       2024-07-15 15:00:00
DJSTX-SMALL      2024-07-15 15:00:00
MIB*             2024-07-15 15:00:00
EPRA-EUROPE      2024-07-15 15:00:00
NICKEL_LME       2024-07-15 15:00:00
COCOA_LDN        2024-07-15 15:00:00
COAL             2024-07-15 15:00:00
EU-REALESTATE    2024-07-15 15:00:00
ROBUSTA          2024-07-15 15:00:00
EU-DJ-OIL        2024-07-15 15:00:00
SARONA           2024-07-15 15:00:00
IBEX_mini        2024-07-15 15:00:00
IBEX             2024-07-15 15:00:00
EU-INSURE        2024-07-15 15:00:00
CRUDE_ICE        2024-07-15 15:00:00
EU-MID           2024-07-15 15:00:00
GICS             2024-07-15 16:00:00
OAT              2024-07-15 16:00:00
SHATZ            2024-07-15 16:00:00
V2X*             2024-07-15 16:00:00
GASOILINE_micro  2024-07-15 16:00:00
SMI              2024-07-15 16:00:00
AEX*             2024-07-15 16:00:00
EU-AUTO*         2024-07-15 16:00:00
EU-MEDIA         2024-07-15 16:00:00
DAX              2024-07-15 16:00:00
EU-OIL           2024-07-15 16:00:00
EU-TECH          2024-07-15 16:00:00
EU-TRAVEL        2024-07-15 16:00:00
BONO             2024-07-15 16:00:00
EU-UTILS         2024-07-15 16:00:00
EU-BANKS         2024-07-15 16:00:00
EU-DJ-UTIL       2024-07-15 16:00:00
EU-DJ-TELECOM    2024-07-15 16:00:00
BBCOMM           2024-07-15 16:00:00
BTP              2024-07-15 16:00:00
EU-DJ-TECH       2024-07-15 16:00:00
EU-HEALTH        2024-07-15 16:00:00
EU-FOOD          2024-07-15 16:00:00
BTP3             2024-07-15 16:00:00
EU-CONSTRUCTION  2024-07-15 16:00:00
BUND             2024-07-15 16:00:00
EU-CHEM          2024-07-15 16:00:00
EURIBOR-ICE      2024-07-15 16:00:00
EURO600          2024-07-15 16:00:00
CAC              2024-07-15 16:00:00
EUROSTX          2024-07-15 16:00:00
BUXL*            2024-07-15 16:00:00
BOBL             2024-07-15 16:00:00
EU-BASIC         2024-07-15 16:00:00
EU-DIV30         2024-07-15 16:00:00
EURCAD           2024-07-15 17:00:00
WHEY             2024-07-15 17:00:00
SUGAR11          2024-07-15 17:00:00
OJ               2024-07-15 18:00:00
BRE              2024-07-15 18:00:00
COCOA            2024-07-15 18:00:00
KRWUSD           2024-07-15 18:00:00
COFFEE           2024-07-15 18:00:00
IG               2024-07-15 18:00:00
OATIES           2024-07-15 19:00:00
COPPER-micro     2024-07-15 19:00:00
US-HEALTH        2024-07-15 19:00:00
US-INDUSTRY      2024-07-15 19:00:00
CORN*            2024-07-15 19:00:00
CORN_mini        2024-07-15 19:00:00
COTTON2*         2024-07-15 19:00:00
LEANHOG          2024-07-15 19:00:00
FEEDCOW          2024-07-15 19:00:00
REDWHEAT         2024-07-15 19:00:00
RICE             2024-07-15 19:00:00
CHFJPY           2024-07-15 19:00:00
CANOLA           2024-07-15 19:00:00
STEEL            2024-07-15 19:00:00
CAD5             2024-07-15 19:00:00
CAD10*           2024-07-15 19:00:00
SOYOIL           2024-07-15 19:00:00
BUTTER           2024-07-15 19:00:00
SOYBEAN          2024-07-15 19:00:00
PLN              2024-07-15 19:00:00
CRUDE_W_micro*   2024-07-15 19:00:00
SOYMEAL          2024-07-15 19:00:00
GAS-PEN          2024-07-15 19:00:00
ETHER-micro      2024-07-15 19:00:00
WHEAT_mini       2024-07-15 19:00:00
INR              2024-07-15 19:00:00
GBPJPY           2024-07-15 19:00:00
AUDJPY           2024-07-15 19:00:00
SOYBEAN_mini     2024-07-15 19:00:00
GBPEUR           2024-07-15 19:00:00
WHEAT            2024-07-15 19:00:00
LIVECOW*         2024-07-15 19:00:00
LUMBER-new       2024-07-15 19:00:00
ALUMINIUM*       2024-07-15 19:00:00
MILK             2024-07-15 19:00:00
MILKDRY          2024-07-15 19:00:00
FANG*            2024-07-15 19:00:00
EURCHF           2024-07-15 19:00:00
US-PROPERTY      2024-07-15 20:00:00
SP400            2024-07-15 20:00:00
SP500            2024-07-15 20:00:00
VIX_mini         2024-07-15 20:00:00
YENEUR*          2024-07-15 20:00:00
ZAR              2024-07-15 20:00:00
AUD              2024-07-15 20:00:00
BRENT-LAST       2024-07-15 20:00:00
US30             2024-07-15 20:00:00
AUD_micro        2024-07-15 20:00:00
US-MATERIAL      2024-07-15 20:00:00
US-STAPLES       2024-07-15 20:00:00
US-FINANCE       2024-07-15 20:00:00
US-ENERGY        2024-07-15 20:00:00
US-DISCRETE      2024-07-15 20:00:00
US-TECH          2024-07-15 20:00:00
US-UTILS         2024-07-15 20:00:00
BITCOIN*         2024-07-15 20:00:00
US10             2024-07-15 20:00:00
US10U            2024-07-15 20:00:00
US2              2024-07-15 20:00:00
US20             2024-07-15 20:00:00
US3              2024-07-15 20:00:00
US-REALESTATE    2024-07-15 20:00:00
US5              2024-07-15 20:00:00
VIX*             2024-07-15 20:00:00
FED              2024-07-15 20:00:00
PLAT             2024-07-15 20:00:00
SILVER           2024-07-15 20:00:00
DX               2024-07-15 20:00:00
ETHEREUM         2024-07-15 20:00:00
JPY_mini         2024-07-15 20:00:00
SOFR             2024-07-15 20:00:00
HIGHYIELD        2024-07-15 20:00:00
EUR              2024-07-15 20:00:00
EURAUD           2024-07-15 20:00:00
GOLD_micro       2024-07-15 20:00:00
DOW_mini         2024-07-15 20:00:00
GOLD-mini        2024-07-15 20:00:00
GBP_micro        2024-07-15 20:00:00
GBPCHF           2024-07-15 20:00:00
GBP              2024-07-15 20:00:00
GAS_US_mini*     2024-07-15 20:00:00
GAS_US           2024-07-15 20:00:00
GASOILINE*       2024-07-15 20:00:00
GAS-LAST         2024-07-15 20:00:00
EUR_mini         2024-07-15 20:00:00
GOLD             2024-07-15 20:00:00
DOW*             2024-07-15 20:00:00
JPY*             2024-07-15 20:00:00
MSCIEAFA*        2024-07-15 20:00:00
CAD              2024-07-15 20:00:00
CAD2             2024-07-15 20:00:00
SEK              2024-07-15 20:00:00
CAD_micro        2024-07-15 20:00:00
CRUDE_W_mini     2024-07-15 20:00:00
CHEESE           2024-07-15 20:00:00
CHF*             2024-07-15 20:00:00
R1000            2024-07-15 20:00:00
PALLAD           2024-07-15 20:00:00
RUSSELL_mini     2024-07-15 20:00:00
NZD*             2024-07-15 20:00:00
NOK              2024-07-15 20:00:00
COPPER           2024-07-15 20:00:00
NASDAQ_micro     2024-07-15 20:00:00
NASDAQ           2024-07-15 20:00:00
MXP*             2024-07-15 20:00:00
COPPER-mini      2024-07-15 20:00:00
CRUDE_W          2024-07-15 20:00:00
CHF_micro        2024-07-15 20:00:00
JPYUSD           2024-07-15 23:00:00
CNHUSD           2024-07-15 23:00:00
AUDUSD           2024-07-15 23:00:00
KRWUSD           2024-07-15 23:00:00
CHFUSD           2024-07-15 23:00:00
GBPUSD           2024-07-15 23:00:00
MXPUSD           2024-07-15 23:00:00
SGDUSD           2024-07-15 23:00:00
HKDUSD           2024-07-15 23:00:00
CADUSD           2024-07-15 23:00:00
EURUSD           2024-07-15 23:00:00
SEKUSD           2024-07-15 23:00:00


============================================================
           Status of optimal position generation            
============================================================

                                                 last_update
dynamic_TF_carry/NZD              2024-07-15 22:31:23.765095
dynamic_TF_carry/EU-DIV30         2024-07-15 22:31:23.765333
dynamic_TF_carry/SPI200           2024-07-15 22:31:23.765548
dynamic_TF_carry/FED              2024-07-15 22:31:23.765761
dynamic_TF_carry/OJ               2024-07-15 22:31:23.765972
dynamic_TF_carry/EURCHF           2024-07-15 22:31:23.766182
dynamic_TF_carry/CHEESE           2024-07-15 22:31:23.766391
dynamic_TF_carry/CLP              2024-07-15 22:31:23.766602
dynamic_TF_carry/SP500_micro      2024-07-15 22:31:23.766811
dynamic_TF_carry/EU-DJ-UTIL       2024-07-15 22:31:23.767019
dynamic_TF_carry/US-DISCRETE      2024-07-15 22:31:23.767227
dynamic_TF_carry/BRE              2024-07-15 22:31:23.767436
dynamic_TF_carry/COCOA            2024-07-15 22:31:23.767645
dynamic_TF_carry/REDWHEAT         2024-07-15 22:31:23.767853
dynamic_TF_carry/SOYBEAN_mini     2024-07-15 22:31:23.768063
dynamic_TF_carry/GAS-PEN          2024-07-15 22:31:23.768269
dynamic_TF_carry/TWD              2024-07-15 22:31:23.768478
dynamic_TF_carry/RUR              2024-07-15 22:31:23.768687
dynamic_TF_carry/HANGTECH         2024-07-15 22:31:23.768896
dynamic_TF_carry/OATIES           2024-07-15 22:31:23.769104
dynamic_TF_carry/PLAT             2024-07-15 22:31:23.769316
dynamic_TF_carry/EU-REALESTATE    2024-07-15 22:31:23.769524
dynamic_TF_carry/BB3M             2024-07-15 22:31:23.769733
dynamic_TF_carry/MILLWHEAT        2024-07-15 22:31:23.769941
dynamic_TF_carry/FEEDCOW          2024-07-15 22:31:23.770149
dynamic_TF_carry/GAS-LAST         2024-07-15 22:31:23.770357
dynamic_TF_carry/ETHANOL          2024-07-15 22:31:23.770565
dynamic_TF_carry/US-MATERIAL      2024-07-15 22:31:23.770772
dynamic_TF_carry/FTSECHINAH       2024-07-15 22:31:23.770982
dynamic_TF_carry/CAD              2024-07-15 22:31:23.771190
dynamic_TF_carry/US-TECH          2024-07-15 22:31:23.771398
dynamic_TF_carry/IBEX_mini        2024-07-15 22:31:23.771812
dynamic_TF_carry/DAX              2024-07-15 22:31:23.772018
dynamic_TF_carry/SILVER           2024-07-15 22:31:23.772226
dynamic_TF_carry/BUXL             2024-07-15 22:31:23.772434
dynamic_TF_carry/BRENT-LAST       2024-07-15 22:31:23.772641
dynamic_TF_carry/STEEL            2024-07-15 22:31:23.772847
dynamic_TF_carry/YENEUR           2024-07-15 22:31:23.773265
dynamic_TF_carry/US3              2024-07-15 22:31:23.773474
dynamic_TF_carry/TIN_LME          2024-07-15 22:31:23.773681
dynamic_TF_carry/COPPER_LME       2024-07-15 22:31:23.773889
dynamic_TF_carry/AUDJPY           2024-07-15 22:31:23.774098
dynamic_TF_carry/HEATOIL          2024-07-15 22:31:23.774306
dynamic_TF_carry/US-FINANCE       2024-07-15 22:31:23.774515
dynamic_TF_carry/EUROSTX          2024-07-15 22:31:23.774723
dynamic_TF_carry/EURIBOR-ICE      2024-07-15 22:31:23.774932
dynamic_TF_carry/ZAR              2024-07-15 22:31:23.775140
dynamic_TF_carry/GAS_US_mini      2024-07-15 22:31:23.775349
dynamic_TF_carry/CAD5             2024-07-15 22:31:23.775559
dynamic_TF_carry/FANG             2024-07-15 22:31:23.775767
dynamic_TF_carry/HANG_mini        2024-07-15 22:31:23.775976
dynamic_TF_carry/US-REALESTATE    2024-07-15 22:31:23.776185
dynamic_TF_carry/EU-OIL           2024-07-15 22:31:23.776394
dynamic_TF_carry/BTP              2024-07-15 22:31:23.776604
dynamic_TF_carry/BONO             2024-07-15 22:31:23.776813
dynamic_TF_carry/CAC              2024-07-15 22:31:23.777023
dynamic_TF_carry/RUSSELL          2024-07-15 22:31:23.777235
dynamic_TF_carry/WHEAT_ICE        2024-07-15 22:31:23.777444
dynamic_TF_carry/IRS              2024-07-15 22:31:23.777653
dynamic_TF_carry/GBPEUR           2024-07-15 22:31:23.777860
dynamic_TF_carry/KRWUSD_mini      2024-07-15 22:31:23.778066
dynamic_TF_carry/CAD2             2024-07-15 22:31:23.778274
dynamic_TF_carry/COAL-GEORDIE     2024-07-15 22:31:23.778690
dynamic_TF_carry/MXP              2024-07-15 22:31:23.779107
dynamic_TF_carry/NIKKEI           2024-07-15 22:31:23.779314
dynamic_TF_carry/US20             2024-07-15 22:31:23.779523
dynamic_TF_carry/COPPER           2024-07-15 22:31:23.779732
dynamic_TF_carry/EU-BASIC         2024-07-15 22:31:23.779940
dynamic_TF_carry/EU-MID           2024-07-15 22:31:23.780148
dynamic_TF_carry/KR3              2024-07-15 22:31:23.780356
dynamic_TF_carry/PALLAD           2024-07-15 22:31:23.780563
dynamic_TF_carry/US10U            2024-07-15 22:31:23.780769
dynamic_TF_carry/SEK              2024-07-15 22:31:23.780976
dynamic_TF_carry/EU-UTILS         2024-07-15 22:31:23.781187
dynamic_TF_carry/ROBUSTA          2024-07-15 22:31:23.781395
dynamic_TF_carry/US5              2024-07-15 22:31:23.781604
dynamic_TF_carry/CRUDE_W_micro    2024-07-15 22:31:23.781812
dynamic_TF_carry/EU-CHEM          2024-07-15 22:31:23.782020
dynamic_TF_carry/BOVESPA          2024-07-15 22:31:23.782228
dynamic_TF_carry/EU-BANKS         2024-07-15 22:31:23.782437
dynamic_TF_carry/OMX              2024-07-15 22:31:23.782645
dynamic_TF_carry/SUGAR_WHITE      2024-07-15 22:31:23.782852
dynamic_TF_carry/EUROSTX-SMALL    2024-07-15 22:31:23.783058
dynamic_TF_carry/CH10             2024-07-15 22:31:23.783265
dynamic_TF_carry/FTSE100          2024-07-15 22:31:23.783472
dynamic_TF_carry/NICKEL_LME       2024-07-15 22:31:23.783680
dynamic_TF_carry/SHATZ            2024-07-15 22:31:23.783888
dynamic_TF_carry/SOYOIL           2024-07-15 22:31:23.784096
dynamic_TF_carry/SMI-MID          2024-07-15 22:31:23.784306
dynamic_TF_carry/NOK              2024-07-15 22:31:23.784514
dynamic_TF_carry/JGB              2024-07-15 22:31:23.784723
dynamic_TF_carry/SOFR             2024-07-15 22:31:23.784931
dynamic_TF_carry/TOPIX            2024-07-15 22:31:23.785146
dynamic_TF_carry/EU-TRAVEL        2024-07-15 22:31:23.785356
dynamic_TF_carry/BBCOMM           2024-07-15 22:31:23.785564
dynamic_TF_carry/EPRA-EUROPE      2024-07-15 22:31:23.785771
dynamic_TF_carry/DJSTX-SMALL      2024-07-15 22:31:23.785980
dynamic_TF_carry/NIKKEI400        2024-07-15 22:31:23.786188
dynamic_TF_carry/OAT              2024-07-15 22:31:23.786397
dynamic_TF_carry/WHEY             2024-07-15 22:31:23.786605
dynamic_TF_carry/LEANHOG          2024-07-15 22:31:23.786814
dynamic_TF_carry/GASOIL           2024-07-15 22:31:23.787022
dynamic_TF_carry/SWISSLEAD        2024-07-15 22:31:23.787230
dynamic_TF_carry/COFFEE           2024-07-15 22:31:23.787438
dynamic_TF_carry/CANOLA           2024-07-15 22:31:23.787646
dynamic_TF_carry/JP-REALESTATE    2024-07-15 22:31:23.787854
dynamic_TF_carry/GOLD_micro       2024-07-15 22:31:23.788062
dynamic_TF_carry/EURAUD           2024-07-15 22:31:23.788270
dynamic_TF_carry/INR              2024-07-15 22:31:23.788688
dynamic_TF_carry/SARONA           2024-07-15 22:31:23.788894
dynamic_TF_carry/BTP3             2024-07-15 22:31:23.789102
dynamic_TF_carry/US-INDUSTRY      2024-07-15 22:31:23.789312
dynamic_TF_carry/MSCIEMASIA       2024-07-15 22:31:23.789520
dynamic_TF_carry/GILT             2024-07-15 22:31:23.789728
dynamic_TF_carry/GASOILINE        2024-07-15 22:31:23.789936
dynamic_TF_carry/VNKI             2024-07-15 22:31:23.790144
dynamic_TF_carry/EU-AUTO          2024-07-15 22:31:23.790350
dynamic_TF_carry/BUTTER           2024-07-15 22:31:23.790558
dynamic_TF_carry/IRON             2024-07-15 22:31:23.790765
dynamic_TF_carry/US-STAPLES       2024-07-15 22:31:23.790973
dynamic_TF_carry/CNH              2024-07-15 22:31:23.791181
dynamic_TF_carry/US30             2024-07-15 22:31:23.791388
dynamic_TF_carry/EURIBOR          2024-07-15 22:31:23.791595
dynamic_TF_carry/GBPJPY           2024-07-15 22:31:23.791803
dynamic_TF_carry/ZINC_LME         2024-07-15 22:31:23.792011
dynamic_TF_carry/US-PROPERTY      2024-07-15 22:31:23.792219
dynamic_TF_carry/LEAD_LME         2024-07-15 22:31:23.792428
dynamic_TF_carry/US-ENERGY        2024-07-15 22:31:23.792635
dynamic_TF_carry/EURCAD           2024-07-15 22:31:23.792843
dynamic_TF_carry/DX               2024-07-15 22:31:23.793049
dynamic_TF_carry/MSCITAIWAN       2024-07-15 22:31:23.793261
dynamic_TF_carry/EU-HOUSE         2024-07-15 22:31:23.793470
dynamic_TF_carry/GICS             2024-07-15 22:31:23.793679
dynamic_TF_carry/CZK              2024-07-15 22:31:23.793887
dynamic_TF_carry/EU-HEALTH        2024-07-15 22:31:23.794095
dynamic_TF_carry/HIGHYIELD        2024-07-15 22:31:23.794302
dynamic_TF_carry/EU-TECH          2024-07-15 22:31:23.794509
dynamic_TF_carry/MSCISING         2024-07-15 22:31:23.794718
dynamic_TF_carry/COTTON           2024-07-15 22:31:23.794925
dynamic_TF_carry/KRWUSD           2024-07-15 22:31:23.795133
dynamic_TF_carry/BOBL             2024-07-15 22:31:23.795341
dynamic_TF_carry/EU-MEDIA         2024-07-15 22:31:23.795548
dynamic_TF_carry/SGX              2024-07-15 22:31:23.795754
dynamic_TF_carry/NASDAQ_micro     2024-07-15 22:31:23.795962
dynamic_TF_carry/IG               2024-07-15 22:31:23.796170
dynamic_TF_carry/CHINAA-CON       2024-07-15 22:31:23.796379
dynamic_TF_carry/BRENT_W          2024-07-15 22:31:23.796587
dynamic_TF_carry/FTSE250          2024-07-15 22:31:23.796796
dynamic_TF_carry/COAL             2024-07-15 22:31:23.797005
dynamic_TF_carry/HOUSE-US         2024-07-15 22:31:23.797216
dynamic_TF_carry/AUD              2024-07-15 22:31:23.797425
dynamic_TF_carry/EURO600          2024-07-15 22:31:23.797635
dynamic_TF_carry/US-UTILS         2024-07-15 22:31:23.797844
dynamic_TF_carry/FTSEINDO         2024-07-15 22:31:23.798052
dynamic_TF_carry/MILK             2024-07-15 22:31:23.798260
dynamic_TF_carry/SUGAR16          2024-07-15 22:31:23.798469
dynamic_TF_carry/SOYBEAN          2024-07-15 22:31:23.798677
dynamic_TF_carry/EUA              2024-07-15 22:31:23.798884
dynamic_TF_carry/CRUDE_ICE        2024-07-15 22:31:23.799094
dynamic_TF_carry/GBP              2024-07-15 22:31:23.799302
dynamic_TF_carry/EUR              2024-07-15 22:31:23.799511
dynamic_TF_carry/EU-FOOD          2024-07-15 22:31:23.799718
dynamic_TF_carry/RICE             2024-07-15 22:31:23.799926
dynamic_TF_carry/PLN              2024-07-15 22:31:23.800135
dynamic_TF_carry/KR10             2024-07-15 22:31:23.800342
dynamic_TF_carry/SONIA3           2024-07-15 22:31:23.800551
dynamic_TF_carry/EU-RETAIL        2024-07-15 22:31:23.800759
dynamic_TF_carry/CHF              2024-07-15 22:31:23.800967
dynamic_TF_carry/VIX              2024-07-15 22:31:23.801180
dynamic_TF_carry/US-HEALTH        2024-07-15 22:31:23.801390
dynamic_TF_carry/COPPER-micro     2024-07-15 22:31:23.801599
dynamic_TF_carry/KOSPI            2024-07-15 22:31:23.801806
dynamic_TF_carry/DOW              2024-07-15 22:31:23.802015
dynamic_TF_carry/FTSEVIET         2024-07-15 22:31:23.802222
dynamic_TF_carry/KOSDAQ           2024-07-15 22:31:23.802429
dynamic_TF_carry/SUGAR11          2024-07-15 22:31:23.802637
dynamic_TF_carry/KOSPI_mini       2024-07-15 22:31:23.802846
dynamic_TF_carry/GBPCHF           2024-07-15 22:31:23.803053
dynamic_TF_carry/CHFJPY           2024-07-15 22:31:23.803260
dynamic_TF_carry/ALUMINIUM        2024-07-15 22:31:23.803467
dynamic_TF_carry/EUROSTX200-LARGE 2024-07-15 22:31:23.803675
dynamic_TF_carry/EU-INSURE        2024-07-15 22:31:23.803882
dynamic_TF_carry/CORN             2024-07-15 22:31:23.804089
dynamic_TF_carry/LUMBER-new       2024-07-15 22:31:23.804296
dynamic_TF_carry/SP400            2024-07-15 22:31:23.804503
dynamic_TF_carry/SOYMEAL          2024-07-15 22:31:23.804710
dynamic_TF_carry/R1000            2024-07-15 22:31:23.804916
dynamic_TF_carry/MSCIASIA         2024-07-15 22:31:23.805122
dynamic_TF_carry/AEX              2024-07-15 22:31:23.805333
dynamic_TF_carry/BITCOIN          2024-07-15 22:31:23.805542
dynamic_TF_carry/EUR_micro        2024-07-15 22:31:23.805750
dynamic_TF_carry/US2              2024-07-15 22:31:23.805958
dynamic_TF_carry/MUMMY            2024-07-15 22:31:23.806373
dynamic_TF_carry/WHEAT            2024-07-15 22:31:23.806582
dynamic_TF_carry/MSCIWORLD        2024-07-15 22:31:23.806790
dynamic_TF_carry/BUND             2024-07-15 22:31:23.806999
dynamic_TF_carry/MILKWET          2024-07-15 22:31:23.807209
dynamic_TF_carry/EUROSTX-LARGE    2024-07-15 22:31:23.807418
dynamic_TF_carry/LIVECOW          2024-07-15 22:31:23.807627
dynamic_TF_carry/FTSETAIWAN       2024-07-15 22:31:23.807836
dynamic_TF_carry/SMI              2024-07-15 22:31:23.808045
dynamic_TF_carry/ETHEREUM         2024-07-15 22:31:23.808463
dynamic_TF_carry/HANGENT_mini     2024-07-15 22:31:23.808671
dynamic_TF_carry/JPY              2024-07-15 22:31:23.808879
dynamic_TF_carry/V2X              2024-07-15 22:31:23.809088
dynamic_TF_carry/FTSECHINAA       2024-07-15 22:31:23.809300
dynamic_TF_carry/MSCIEAFA         2024-07-15 22:31:23.809508
dynamic_TF_carry/CRUDE_W_mini     2024-07-15 22:31:23.809717
dynamic_TF_carry/SGD              2024-07-15 22:31:23.809925
dynamic_TF_carry/MILKDRY          2024-07-15 22:31:23.810134
dynamic_TF_carry/JGB-SGX-mini     2024-07-15 22:31:23.810344
dynamic_TF_carry/EU-CONSTRUCTION  2024-07-15 22:31:23.810554
dynamic_TF_carry/US10             2024-07-15 22:31:23.810762
dynamic_TF_carry/MIB              2024-07-15 22:31:23.810971
dynamic_TF_carry/AUD_micro        2024-07-15 22:31:23.811180
dynamic_TF_carry/RUBBER           2024-07-15 22:31:23.811388
dynamic_TF_carry/EU-DJ-TELECOM    2024-07-15 22:31:23.811597
dynamic_TF_carry/COTTON2          2024-07-15 22:31:23.811806
dynamic_TF_carry/CAD10            2024-07-15 22:31:23.812015
dynamic_TF_carry/COCOA_LDN        2024-07-15 22:31:23.812224


======================================================================================================================
                                                Status of trade limits                                                
======================================================================================================================

                   period_days  trade_limit  trades_since_last_reset  trade_capacity_remaining   time_since_last_reset
 VIX                        30            5                      5.0                       0.0  7 days 07:51:28.817375
 VIX                         1            4                      2.0                       2.0  0 days 07:56:07.413371
 VIX                        14            4                      2.0                       2.0  0 days 07:56:07.410684
 GAS_US_mini                14            4                      1.0                       3.0  6 days 08:45:03.503693
 YENEUR                     30            4                      1.0                       3.0 26 days 07:56:12.525786
 EU-MEDIA                    1            4                      0.0                       4.0  0 days 00:00:00.000002
 EU-HOUSE                    1            4                      0.0                       4.0  0 days 00:00:00.000002
 EU-DJ-UTIL                  1            4                      0.0                       4.0  0 days 00:00:00.000002
 EU-DJ-TELECOM               1            4                      0.0                       4.0  0 days 00:00:00.000002
 EU-DJ-TECH                  1            4                      0.0                       4.0  0 days 00:00:00.000002
 EU-DJ-OIL                   1            4                      0.0                       4.0  0 days 00:00:00.000002
 EU-CONSTRUCTION             1            4                      0.0                       4.0  0 days 00:00:00.000002
 ETHANOL                     1            4                      0.0                       4.0  0 days 00:00:00.000002
 CZK                         1            4                      0.0                       4.0  0 days 00:00:00.000001
 CORN                        1            4                      0.0                       4.0  0 days 00:00:00.000003
 COPPER-mini                 1            4                      0.0                       4.0  0 days 00:00:00.000001
 CNH-onshore                 1            4                      0.0                       4.0  0 days 00:00:00.000001
 CLP                         1            4                      0.0                       4.0  0 days 00:00:00.000001
 CH10                        1            4                      0.0                       4.0  0 days 00:00:00.000002
 BUTTER                      1            4                      0.0                       4.0  0 days 00:00:00.000002
 BOVESPA                     1            4                      0.0                       4.0  0 days 00:00:00.000002
 BEL20                       1            4                      0.0                       4.0  0 days 00:00:00.000002
 ALUMINIUM                   1            4                      0.0                       4.0  0 days 00:00:00.000002
 COTTON                      1            4                      0.0                       4.0  0 days 00:00:00.000001
 EU-MID                      1            4                      0.0                       4.0  0 days 00:00:00.000002
 EURCHF                      1            4                      0.0                       4.0  0 days 00:00:00.000002
 EURIBOR                     1            4                      0.0                       4.0  0 days 00:00:00.000002
 US-HEALTH                   1            4                      0.0                       4.0  0 days 00:00:00.000002
 US-FINANCE                  1            4                      0.0                       4.0  0 days 00:00:00.000002
 US-ENERGY                   1            4                      0.0                       4.0  0 days 00:00:00.000002
 US-DISCRETE                 1            4                      0.0                       4.0  0 days 00:00:00.000002
 SMI-MID                     1            4                      0.0                       4.0  0 days 00:00:00.000002
 SGX                         1            4                      0.0                       4.0  0 days 00:00:00.000002
 SGD                         1            4                      0.0                       4.0  0 days 00:00:00.000002
 OMX                         1            4                      0.0                       4.0  0 days 00:00:00.000002
 MSCIASIA                    1            4                      0.0                       4.0  0 days 00:00:00.000001
 MILKWET                     1            4                      0.0                       4.0  0 days 00:00:00.000001
 MILKDRY                     1            4                      0.0                       4.0  0 days 00:00:00.000002
 MID-DAX                     1            4                      0.0                       4.0  0 days 00:00:00.000002
 JP-REALESTATE               1            4                      0.0                       4.0  0 days 00:00:00.000002
 JGB-SGX-mini                1            4                      0.0                       4.0  0 days 00:00:00.000001
 IRS                         1            4                      0.0                       4.0  0 days 00:00:00.000001
 FTSEINDO                    1            4                      0.0                       4.0  0 days 00:00:00.000002
 EUROSTX200-LARGE            1            4                      0.0                       4.0  0 days 00:00:00.000002
 EUROSTX-SMALL               1            4                      0.0                       4.0  0 days 00:00:00.000002
 EUROSTX-LARGE               1            4                      0.0                       4.0  0 days 00:00:00.000002
 EU-REALESTATE               1            4                      0.0                       4.0  0 days 00:00:00.000002
 US30                       30            4                      0.0                       4.0  0 days 00:00:00.000001
 US10U                      30            4                      0.0                       4.0  0 days 00:00:00.000001
 US-INDUSTRY                 1            4                      0.0                       4.0  0 days 00:00:00.000002
 ZAR                         1            4                      0.0                       4.0  0 days 00:00:00.000002
 KRWUSD                     14            4                      0.0                       4.0  0 days 00:00:00.000002
 JGB                        14            4                      0.0                       4.0  0 days 00:00:00.000002
 HEATOIL                    14            4                      0.0                       4.0  0 days 00:00:00.000002
 GBPEUR                     14            4                      0.0                       4.0  0 days 00:00:00.000002
 GAS-LAST                   14            4                      0.0                       4.0  0 days 00:00:00.000002
 FTSETAIWAN                 14            4                      0.0                       4.0  0 days 00:00:00.000002
 EU-TECH                    14            4                      0.0                       4.0  0 days 00:00:00.000002
 EU-CHEM                    14            4                      0.0                       4.0  0 days 00:00:00.000002
 NOK                        14            4                      0.0                       4.0  0 days 00:00:00.000002
 ETHEREUM                   14            4                      0.0                       4.0  0 days 00:00:00.000001
 BUXL                       14            4                      0.0                       4.0 10 days 14:56:18.320198
 BTP3                       14            4                      0.0                       4.0  0 days 00:00:00.000002
 BRENT-LAST                 14            4                      0.0                       4.0  0 days 00:00:00.000002
 BONO                       14            4                      0.0                       4.0  0 days 00:00:00.000002
 YENEUR                      1            4                      0.0                       4.0  0 days 00:00:00.000002
 US3                         1            4                      0.0                       4.0  0 days 00:00:00.000002
 US10U                       1            4                      0.0                       4.0  0 days 00:00:00.000002
 US-REALESTATE               1            4                      0.0                       4.0  0 days 00:00:00.000002
 TOPIX                       1            4                      0.0                       4.0  0 days 00:00:00.000002
 CNH                        14            4                      0.0                       4.0  0 days 00:00:00.000002
 US3                        30            4                      0.0                       4.0  0 days 00:00:00.000001
 R1000                      14            4                      0.0                       4.0  0 days 00:00:00.000002
 SEK                        14            4                      0.0                       4.0  0 days 00:00:00.000002
 SP400                      30            4                      0.0                       4.0  0 days 00:00:00.000002
