
********************************************************************************
                   Status report produced on 19/06/2024 22:54                   
********************************************************************************


Delayed methods: No delays

===============================
 Delayed adjusted / FX prices  
===============================

                    last_update
HEATOIL     2024-05-31 19:00:00
SGD         2024-06-13 23:00:00
SP500_micro 2024-06-14 20:00:00
EUR_micro   2024-06-14 20:00:00

Delayed optimal positions: No delays
Instruments at trade limit: No constraints

================================================
         Instruments at position limit          
================================================

                 keys  position pos_limit  spare
96                CLP         0       0.0    0.0
210               SEK         0       0.0    0.0
53         COPPER_LME         0       0.0    0.0
208  EUROSTX200-LARGE         0       0.0    0.0
121              WHEY         0       0.0    0.0
227               NOK         0       0.0    0.0
49                OMX         0       0.0    0.0
48          HIGHYIELD         0       0.0    0.0
47             NASDAQ         0       0.0    0.0
207           ETHANOL         0       0.0    0.0
206           MILKWET         0       0.0    0.0
174               TWD         0       0.0    0.0
95               CH10         0       0.0    0.0
41                CZK         0       0.0    0.0
142             STEEL         0       0.0    0.0
77        EPRA-EUROPE         0       0.0    0.0
188            KRWUSD         0       0.0    0.0
38    GASOILINE_micro         0       0.0    0.0
176               JGB         0       0.0    0.0
212       COPPER-mini         0       0.0    0.0
76                 IG         0       0.0    0.0
215          HOUSE-US         0       0.0    0.0
74                PLN         0       0.0    0.0
73           ETHEREUM         0       0.0    0.0
72             GBPJPY         0       0.0    0.0
180         SWISSLEAD         0       0.0    0.0
70         EU-DJ-TECH         0       0.0    0.0
69                SGX         0       0.0    0.0
81            EU-CHEM         0       0.0    0.0
67             EURAUD         0       0.0    0.0
128            PALLAD         0       0.0    0.0
133   EU-CONSTRUCTION         0       0.0    0.0
134      COAL-GEORDIE         0       0.0    0.0
220               MIB         1       1.0    0.0
246          SGD_mini         0       0.0    0.0
221           SMI-MID         0       0.0    0.0
229              GICS         0       0.0    0.0
182          JPY_mini         0       0.0    0.0
145             SP400         0       0.0    0.0
17                RUR         0       0.0    0.0
150         CHF_micro         0       0.0    0.0
152            BUTTER         0       0.0    0.0
14                AEX         1       1.0    0.0
237            EURCAD         0       0.0    0.0
200     EUROSTX-LARGE         0       0.0    0.0
143              COAL         0       0.0    0.0
171            COTTON         0       0.0    0.0
106       CNH-onshore         0       0.0    0.0
169           US-TECH         0       0.0    0.0
5            TWD-mini         0       0.0    0.0
168     EU-DJ-TELECOM         0       0.0    0.0
2                 IRS         0       0.0    0.0
116           BOVESPA         0       0.0    0.0
197          JGB-mini         0       0.0    0.0
19           EU-MEDIA         0       0.0    0.0
234       HEATOIL-ICE         0       0.0    0.0
28              R1000         0       0.0    0.0
34           EU-HOUSE         0       0.0    0.0
21           AEX_mini         0       0.0    0.0
202              VNKI         0       0.0    0.0
23             AUDJPY         0       0.0    0.0
232           MILKDRY         0       0.0    0.0
33             EURCHF         0       0.0    0.0
230         EU-TRAVEL         0       0.0    0.0
203         EU-RETAIL         0       0.0    0.0
32             CHFJPY         0       0.0    0.0
31            TIN_LME         0       0.0    0.0
247               VIX        -5       5.0    0.0


==========================================================
         Overrides in database consider deleting          
==========================================================

                                                  override
NICKEL_LME              Override Close because in database
SOYBEAN_mini      Override Reduce only because in database
STEEL             Override Reduce only because in database
CRUDE_W_mini      Override Reduce only because in database
SUGAR16           Override Reduce only because in database
MILKWET           Override Reduce only because in database
COPPER-mini       Override Reduce only because in database
MSCIASIA          Override Reduce only because in database
VNKI              Override Reduce only because in database
FTSEINDO          Override Reduce only because in database
FTSE250           Override Reduce only because in database
EU-REALESTATE     Override Reduce only because in database
CORN_mini         Override Reduce only because in database
EU-DJ-UTIL        Override Reduce only because in database
US-PROPERTY       Override Reduce only because in database
EU-HOUSE          Override Reduce only because in database
FANG              Override Reduce only because in database
EU-UTILS          Override Reduce only because in database
EU-AUTO           Override Reduce only because in database
EU-INSURE         Override Reduce only because in database
DAX               Override Reduce only because in database
EUROSTX-SMALL     Override Reduce only because in database
DJSTX-SMALL       Override Reduce only because in database
US-MATERIAL       Override Reduce only because in database
COTTON            Override Reduce only because in database
US-FINANCE        Override Reduce only because in database
US-DISCRETE       Override Reduce only because in database
BB3M              Override Reduce only because in database
EU-MID            Override Reduce only because in database
US-REALESTATE     Override Reduce only because in database
EU-MEDIA          Override Reduce only because in database
EUROSTX-LARGE     Override Reduce only because in database
EU-HEALTH         Override Reduce only because in database
COAL              Override Reduce only because in database
GASOILINE_micro   Override Reduce only because in database
EU-TECH           Override Reduce only because in database
MSCIWORLD         Override Reduce only because in database
EUROSTX200-LARGE  Override Reduce only because in database
OMX               Override Reduce only because in database
INR               Override Reduce only because in database
IBEX_mini         Override Reduce only because in database
EU-DJ-OIL         Override Reduce only because in database
EU-FOOD           Override Reduce only because in database
EU-DJ-TECH        Override Reduce only because in database
US-STAPLES        Override Reduce only because in database
AEX               Override Reduce only because in database
AEX_mini          Override Reduce only because in database
EU-BASIC          Override Reduce only because in database
EU-CHEM           Override Reduce only because in database
SGX               Override Reduce only because in database
EU-TRAVEL         Override Reduce only because in database
EU-DJ-TELECOM     Override Reduce only because in database
EU-CONSTRUCTION   Override Reduce only because in database
EPRA-EUROPE       Override Reduce only because in database
EU-RETAIL         Override Reduce only because in database
MSCIEMASIA        Override Reduce only because in database
FTSEVIET          Override Reduce only because in database
SWISSLEAD         Override Reduce only because in database
SMI-MID           Override Reduce only because in database
GAS_US_mini       Override Reduce only because in database
FTSECHINAH        Override Reduce only because in database
COAL-GEORDIE      Override Reduce only because in database
MSCISING          Override Reduce only because in database
CHEESE            Override Reduce only because in database
GAS-PEN           Override Reduce only because in database
HANG              Override Reduce only because in database
WHEY              Override Reduce only because in database
CLP               Override Reduce only because in database
MSCITAIWAN        Override Reduce only because in database
RICE              Override Reduce only because in database
HANGTECH          Override Reduce only because in database
HANGENT           Override Reduce only because in database
ETHANOL           Override Reduce only because in database
HIGHYIELD         Override Reduce only because in database
GAS-LAST          Override Reduce only because in database
IG                Override Reduce only because in database
VIX_mini          Override Reduce only because in database

Locked instruments (position mismatch): []

==============================================
Status of adjusted price / FX price collection
==============================================

                         last_update
HEATOIL          2024-05-31 19:00:00
SGD              2024-06-13 23:00:00
SP500_micro*     2024-06-14 20:00:00
EUR_micro        2024-06-14 20:00:00
CNH-onshore      2024-06-17 23:00:00
SGX              2024-06-17 23:00:00
RUSSELL_mini     2024-06-18 23:00:00
SILVER           2024-06-18 23:00:00
LEANHOG          2024-06-18 23:00:00
SWISSLEAD        2024-06-18 23:00:00
TIN_LME          2024-06-18 23:00:00
LIVECOW*         2024-06-18 23:00:00
LUMBER-new       2024-06-18 23:00:00
MILK             2024-06-18 23:00:00
TWD              2024-06-18 23:00:00
MILKDRY          2024-06-18 23:00:00
MILKWET          2024-06-18 23:00:00
TWD-mini         2024-06-18 23:00:00
US-DISCRETE      2024-06-18 23:00:00
US-ENERGY        2024-06-18 23:00:00
US-FINANCE       2024-06-18 23:00:00
US-HEALTH        2024-06-18 23:00:00
US-INDUSTRY      2024-06-18 23:00:00
US-MATERIAL      2024-06-18 23:00:00
ETHANOL          2024-06-18 23:00:00
EPRA-EUROPE      2024-06-18 23:00:00
US-PROPERTY      2024-06-18 23:00:00
IRS              2024-06-18 23:00:00
SOFR             2024-06-18 23:00:00
IG               2024-06-18 23:00:00
GASOILINE_micro  2024-06-18 23:00:00
GAS_US_mini*     2024-06-18 23:00:00
GASOILINE        2024-06-18 23:00:00
SOYOIL           2024-06-18 23:00:00
GAS-PEN          2024-06-18 23:00:00
GAS-LAST         2024-06-18 23:00:00
GBPCHF           2024-06-18 23:00:00
SOYMEAL          2024-06-18 23:00:00
SOYBEAN_mini     2024-06-18 23:00:00
SOYBEAN          2024-06-18 23:00:00
GICS             2024-06-18 23:00:00
GOLD             2024-06-18 23:00:00
GOLD-mini        2024-06-18 23:00:00
FEEDCOW          2024-06-18 23:00:00
FED              2024-06-18 23:00:00
GOLD_micro       2024-06-18 23:00:00
SP400            2024-06-18 23:00:00
RUSSELL*         2024-06-18 23:00:00
EUROSTX-LARGE    2024-06-18 23:00:00
SP500            2024-06-18 23:00:00
STEEL            2024-06-18 23:00:00
SUGAR11          2024-06-18 23:00:00
HIGHYIELD        2024-06-18 23:00:00
HOUSE-US         2024-06-18 23:00:00
SUGAR16          2024-06-18 23:00:00
DOW              2024-06-18 23:00:00
DOW_mini         2024-06-18 23:00:00
US-REALESTATE    2024-06-18 23:00:00
US2              2024-06-18 23:00:00
US20             2024-06-18 23:00:00
US3              2024-06-18 23:00:00
US30             2024-06-18 23:00:00
OMX              2024-06-18 23:00:00
BUTTER           2024-06-18 23:00:00
US5              2024-06-18 23:00:00
PALLAD           2024-06-18 23:00:00
VIX*             2024-06-18 23:00:00
PLAT             2024-06-18 23:00:00
BRENT-LAST       2024-06-18 23:00:00
VIX_mini         2024-06-18 23:00:00
BOVESPA          2024-06-18 23:00:00
WHEAT            2024-06-18 23:00:00
R1000            2024-06-18 23:00:00
BBCOMM           2024-06-18 23:00:00
BB3M             2024-06-18 23:00:00
WHEAT_mini       2024-06-18 23:00:00
WHEY             2024-06-18 23:00:00
REDWHEAT         2024-06-18 23:00:00
RICE             2024-06-18 23:00:00
ALUMINIUM        2024-06-18 23:00:00
RUR              2024-06-18 23:00:00
US10             2024-06-18 23:00:00
US-UTILS         2024-06-18 23:00:00
US10U            2024-06-18 23:00:00
CHEESE           2024-06-18 23:00:00
CZK              2024-06-18 23:00:00
CRUDE_W_mini     2024-06-18 23:00:00
CRUDE_W_micro    2024-06-18 23:00:00
CRUDE_W          2024-06-18 23:00:00
MSCIWORLD        2024-06-18 23:00:00
COTTON2          2024-06-18 23:00:00
COTTON           2024-06-18 23:00:00
CORN_mini        2024-06-18 23:00:00
CORN*            2024-06-18 23:00:00
COPPER-mini      2024-06-18 23:00:00
COPPER-micro     2024-06-18 23:00:00
COPPER           2024-06-18 23:00:00
COFFEE           2024-06-18 23:00:00
OJ               2024-06-18 23:00:00
NASDAQ           2024-06-18 23:00:00
NASDAQ_micro*    2024-06-18 23:00:00
US-TECH          2024-06-18 23:00:00
OATIES           2024-06-18 23:00:00
COCOA            2024-06-18 23:00:00
US-STAPLES       2024-06-18 23:00:00
GAS_US           2024-06-18 23:00:00
SGD_mini         2024-06-18 23:00:00
NICKEL_LME       2024-06-18 23:00:00
CLP              2024-06-18 23:00:00
JGB-mini         2024-06-19 01:00:00
VNKI             2024-06-19 02:00:00
HANGENT          2024-06-19 04:00:00
HANG_mini        2024-06-19 04:00:00
KRWUSD_mini      2024-06-19 04:00:00
HANG             2024-06-19 04:00:00
MSCITAIWAN       2024-06-19 04:00:00
HANGENT_mini     2024-06-19 04:00:00
HANGTECH         2024-06-19 04:00:00
FTSEVIET         2024-06-19 04:00:00
FTSEINDO         2024-06-19 04:00:00
FTSECHINAH       2024-06-19 04:00:00
FTSECHINAA       2024-06-19 04:00:00
CHINAA-CON       2024-06-19 04:00:00
SPI200           2024-06-19 04:00:00
CNH              2024-06-19 05:00:00
MSCISING*        2024-06-19 05:00:00
JGB              2024-06-19 05:00:00
JGB-SGX-mini     2024-06-19 05:00:00
NIKKEI400        2024-06-19 05:00:00
JP-REALESTATE    2024-06-19 05:00:00
NIKKEI*          2024-06-19 05:00:00
KOSDAQ           2024-06-19 05:00:00
KR10             2024-06-19 05:00:00
KOSPI_mini       2024-06-19 05:00:00
KR3              2024-06-19 05:00:00
TOPIX*           2024-06-19 05:00:00
RUBBER           2024-06-19 05:00:00
MUMMY            2024-06-19 05:00:00
FTSETAIWAN*      2024-06-19 05:00:00
KOSPI            2024-06-19 05:00:00
IRON             2024-06-19 05:00:00
EU-DJ-TELECOM    2024-06-19 08:00:00
MSCIEMASIA       2024-06-19 09:00:00
AEX_mini         2024-06-19 09:00:00
COAL-GEORDIE     2024-06-19 10:00:00
EURIBOR          2024-06-19 11:00:00
FANG             2024-06-19 12:00:00
EU-MEDIA         2024-06-19 14:00:00
MSCIASIA         2024-06-19 14:00:00
COAL             2024-06-19 14:00:00
ZINC_LME         2024-06-19 14:00:00
EU-DJ-UTIL       2024-06-19 14:00:00
EU-MID           2024-06-19 14:00:00
DJSTX-SMALL      2024-06-19 15:00:00
CRUDE_ICE        2024-06-19 15:00:00
ROBUSTA          2024-06-19 15:00:00
COPPER_LME       2024-06-19 15:00:00
CHFJPY           2024-06-19 15:00:00
SARONA           2024-06-19 15:00:00
ALUMINIUM_LME    2024-06-19 15:00:00
WHEAT_ICE        2024-06-19 15:00:00
PLN              2024-06-19 15:00:00
BRENT_W          2024-06-19 15:00:00
V2X*             2024-06-19 15:00:00
BUXL             2024-06-19 15:00:00
CH10             2024-06-19 15:00:00
COCOA_LDN        2024-06-19 15:00:00
GASOIL           2024-06-19 15:00:00
LEAD_LME         2024-06-19 15:00:00
MILLWHEAT        2024-06-19 15:00:00
GILT             2024-06-19 15:00:00
FTSE250          2024-06-19 15:00:00
FTSE100          2024-06-19 15:00:00
EUROSTX-SMALL    2024-06-19 15:00:00
EURIBOR-ICE      2024-06-19 15:00:00
SONIA3           2024-06-19 15:00:00
EURCAD           2024-06-19 15:00:00
HEATOIL-ICE      2024-06-19 15:00:00
EUA              2024-06-19 15:00:00
EU-UTILS         2024-06-19 15:00:00
IBEX             2024-06-19 15:00:00
IBEX_mini        2024-06-19 15:00:00
EU-TRAVEL        2024-06-19 15:00:00
EU-RETAIL        2024-06-19 15:00:00
EU-REALESTATE    2024-06-19 15:00:00
SUGAR_WHITE      2024-06-19 15:00:00
GASOILINE_ICE    2024-06-19 15:00:00
EU-INSURE        2024-06-19 15:00:00
MIB*             2024-06-19 15:00:00
EU-DJ-OIL        2024-06-19 15:00:00
EU-DIV30         2024-06-19 15:00:00
EUROSTX200-LARGE 2024-06-19 15:00:00
SMI-MID          2024-06-19 16:00:00
SMI              2024-06-19 16:00:00
SHATZ            2024-06-19 16:00:00
AEX*             2024-06-19 16:00:00
EURO600          2024-06-19 16:00:00
EU-AUTO          2024-06-19 16:00:00
EU-BANKS         2024-06-19 16:00:00
EU-BASIC         2024-06-19 16:00:00
EU-CHEM          2024-06-19 16:00:00
EU-CONSTRUCTION  2024-06-19 16:00:00
EU-DJ-TECH       2024-06-19 16:00:00
EU-FOOD          2024-06-19 16:00:00
EU-HEALTH        2024-06-19 16:00:00
EU-HOUSE         2024-06-19 16:00:00
EU-OIL           2024-06-19 16:00:00
EU-TECH          2024-06-19 16:00:00
EURAUD           2024-06-19 16:00:00
DAX              2024-06-19 16:00:00
EUROSTX*         2024-06-19 16:00:00
OAT              2024-06-19 16:00:00
BUND*            2024-06-19 16:00:00
NOK              2024-06-19 16:00:00
AUDJPY           2024-06-19 16:00:00
BOBL             2024-06-19 16:00:00
CAC              2024-06-19 16:00:00
BONO             2024-06-19 16:00:00
GBPJPY           2024-06-19 16:00:00
BTP3             2024-06-19 16:00:00
BTP              2024-06-19 16:00:00
BRE              2024-06-19 17:00:00
KRWUSD           2024-06-19 17:00:00
MSCIEAFA         2024-06-19 17:00:00
INR              2024-06-19 18:00:00
SEK              2024-06-19 18:00:00
CAD5             2024-06-19 19:00:00
CAD10            2024-06-19 19:00:00
ZAR              2024-06-19 19:00:00
CANOLA           2024-06-19 19:00:00
DX               2024-06-19 19:00:00
ETHER-micro      2024-06-19 19:00:00
CHF_micro        2024-06-19 20:00:00
AUD              2024-06-19 20:00:00
NZD              2024-06-19 20:00:00
YENEUR*          2024-06-19 20:00:00
MXP              2024-06-19 20:00:00
BITCOIN          2024-06-19 20:00:00
JPY_mini         2024-06-19 20:00:00
JPY*             2024-06-19 20:00:00
GBP_micro        2024-06-19 20:00:00
AUD_micro        2024-06-19 20:00:00
GBP              2024-06-19 20:00:00
EUR_mini         2024-06-19 20:00:00
CAD              2024-06-19 20:00:00
EURCHF           2024-06-19 20:00:00
CAD2             2024-06-19 20:00:00
EUR              2024-06-19 20:00:00
CAD_micro        2024-06-19 20:00:00
ETHEREUM         2024-06-19 20:00:00
CHF              2024-06-19 20:00:00
GBPEUR           2024-06-19 20:00:00
JPYUSD           2024-06-19 23:00:00
CNHUSD           2024-06-19 23:00:00
AUDUSD           2024-06-19 23:00:00
KRWUSD           2024-06-19 23:00:00
CHFUSD           2024-06-19 23:00:00
HKDUSD           2024-06-19 23:00:00
MXPUSD           2024-06-19 23:00:00
SGDUSD           2024-06-19 23:00:00
GBPUSD           2024-06-19 23:00:00
CADUSD           2024-06-19 23:00:00
EURUSD           2024-06-19 23:00:00
SEKUSD           2024-06-19 23:00:00


============================================================
           Status of optimal position generation            
============================================================

                                                 last_update
dynamic_TF_carry/BRE              2024-06-19 22:31:23.245460
dynamic_TF_carry/KRWUSD_mini      2024-06-19 22:31:23.245698
dynamic_TF_carry/GOLD_micro       2024-06-19 22:31:23.245922
dynamic_TF_carry/EUROSTX200-LARGE 2024-06-19 22:31:23.246142
dynamic_TF_carry/GICS             2024-06-19 22:31:23.246358
dynamic_TF_carry/SGD              2024-06-19 22:31:23.246792
dynamic_TF_carry/EU-TRAVEL        2024-06-19 22:31:23.247008
dynamic_TF_carry/BUTTER           2024-06-19 22:31:23.247222
dynamic_TF_carry/US-MATERIAL      2024-06-19 22:31:23.247451
dynamic_TF_carry/JGB              2024-06-19 22:31:23.247683
dynamic_TF_carry/SMI              2024-06-19 22:31:23.248116
dynamic_TF_carry/V2X              2024-06-19 22:31:23.248331
dynamic_TF_carry/WHEY             2024-06-19 22:31:23.248547
dynamic_TF_carry/COAL             2024-06-19 22:31:23.248763
dynamic_TF_carry/BB3M             2024-06-19 22:31:23.248978
dynamic_TF_carry/EU-AUTO          2024-06-19 22:31:23.249196
dynamic_TF_carry/SWISSLEAD        2024-06-19 22:31:23.249413
dynamic_TF_carry/EUROSTX          2024-06-19 22:31:23.249630
dynamic_TF_carry/FTSECHINAH       2024-06-19 22:31:23.249846
dynamic_TF_carry/FTSECHINAA       2024-06-19 22:31:23.250061
dynamic_TF_carry/SUGAR11          2024-06-19 22:31:23.250277
dynamic_TF_carry/HANGTECH         2024-06-19 22:31:23.250494
dynamic_TF_carry/STEEL            2024-06-19 22:31:23.250709
dynamic_TF_carry/SARONA           2024-06-19 22:31:23.250923
dynamic_TF_carry/KOSDAQ           2024-06-19 22:31:23.251139
dynamic_TF_carry/ALUMINIUM        2024-06-19 22:31:23.251354
dynamic_TF_carry/FTSEVIET         2024-06-19 22:31:23.251569
dynamic_TF_carry/CAD10            2024-06-19 22:31:23.251784
dynamic_TF_carry/COTTON2          2024-06-19 22:31:23.252000
dynamic_TF_carry/US20             2024-06-19 22:31:23.252215
dynamic_TF_carry/OAT              2024-06-19 22:31:23.252431
dynamic_TF_carry/EU-INSURE        2024-06-19 22:31:23.252646
dynamic_TF_carry/PLAT             2024-06-19 22:31:23.252862
dynamic_TF_carry/HEATOIL          2024-06-19 22:31:23.253076
dynamic_TF_carry/CH10             2024-06-19 22:31:23.253295
dynamic_TF_carry/REDWHEAT         2024-06-19 22:31:23.253509
dynamic_TF_carry/DAX              2024-06-19 22:31:23.253724
dynamic_TF_carry/CANOLA           2024-06-19 22:31:23.253939
dynamic_TF_carry/AUD_micro        2024-06-19 22:31:23.254154
dynamic_TF_carry/CHINAA-CON       2024-06-19 22:31:23.254369
dynamic_TF_carry/CORN             2024-06-19 22:31:23.254584
dynamic_TF_carry/CAC              2024-06-19 22:31:23.254799
dynamic_TF_carry/FEEDCOW          2024-06-19 22:31:23.255015
dynamic_TF_carry/DJSTX-SMALL      2024-06-19 22:31:23.255232
dynamic_TF_carry/US-DISCRETE      2024-06-19 22:31:23.255449
dynamic_TF_carry/MILKDRY          2024-06-19 22:31:23.255664
dynamic_TF_carry/EURCHF           2024-06-19 22:31:23.255879
dynamic_TF_carry/EU-HEALTH        2024-06-19 22:31:23.256094
dynamic_TF_carry/BUND             2024-06-19 22:31:23.256309
dynamic_TF_carry/NICKEL_LME       2024-06-19 22:31:23.256525
dynamic_TF_carry/US-ENERGY        2024-06-19 22:31:23.256740
dynamic_TF_carry/EURAUD           2024-06-19 22:31:23.256956
dynamic_TF_carry/ETHEREUM         2024-06-19 22:31:23.257174
dynamic_TF_carry/MSCIASIA         2024-06-19 22:31:23.257390
dynamic_TF_carry/OJ               2024-06-19 22:31:23.257605
dynamic_TF_carry/COAL-GEORDIE     2024-06-19 22:31:23.257821
dynamic_TF_carry/MILK             2024-06-19 22:31:23.258035
dynamic_TF_carry/US-FINANCE       2024-06-19 22:31:23.258249
dynamic_TF_carry/KR10             2024-06-19 22:31:23.258463
dynamic_TF_carry/SOYOIL           2024-06-19 22:31:23.258679
dynamic_TF_carry/FTSE100          2024-06-19 22:31:23.258894
dynamic_TF_carry/NIKKEI           2024-06-19 22:31:23.259109
dynamic_TF_carry/US3              2024-06-19 22:31:23.259325
dynamic_TF_carry/NZD              2024-06-19 22:31:23.259539
dynamic_TF_carry/EU-DJ-TELECOM    2024-06-19 22:31:23.259758
dynamic_TF_carry/BRENT-LAST       2024-06-19 22:31:23.259974
dynamic_TF_carry/MSCISING         2024-06-19 22:31:23.260407
dynamic_TF_carry/CLP              2024-06-19 22:31:23.260623
dynamic_TF_carry/EU-FOOD          2024-06-19 22:31:23.260839
dynamic_TF_carry/FTSETAIWAN       2024-06-19 22:31:23.261055
dynamic_TF_carry/IG               2024-06-19 22:31:23.261274
dynamic_TF_carry/GBPCHF           2024-06-19 22:31:23.261491
dynamic_TF_carry/CHFJPY           2024-06-19 22:31:23.261705
dynamic_TF_carry/SUGAR_WHITE      2024-06-19 22:31:23.261920
dynamic_TF_carry/BRENT_W          2024-06-19 22:31:23.262136
dynamic_TF_carry/US-REALESTATE    2024-06-19 22:31:23.262357
dynamic_TF_carry/LUMBER-new       2024-06-19 22:31:23.262576
dynamic_TF_carry/MUMMY            2024-06-19 22:31:23.263009
dynamic_TF_carry/EU-MID           2024-06-19 22:31:23.263226
dynamic_TF_carry/GASOIL           2024-06-19 22:31:23.263443
dynamic_TF_carry/COCOA            2024-06-19 22:31:23.263659
dynamic_TF_carry/COCOA_LDN        2024-06-19 22:31:23.264092
dynamic_TF_carry/RUSSELL          2024-06-19 22:31:23.264308
dynamic_TF_carry/GBPEUR           2024-06-19 22:31:23.264523
dynamic_TF_carry/US-PROPERTY      2024-06-19 22:31:23.264739
dynamic_TF_carry/BTP3             2024-06-19 22:31:23.264955
dynamic_TF_carry/HANG_mini        2024-06-19 22:31:23.265173
dynamic_TF_carry/JP-REALESTATE    2024-06-19 22:31:23.265389
dynamic_TF_carry/HANGENT_mini     2024-06-19 22:31:23.265605
dynamic_TF_carry/LEAD_LME         2024-06-19 22:31:23.265820
dynamic_TF_carry/ZINC_LME         2024-06-19 22:31:23.266036
dynamic_TF_carry/BOBL             2024-06-19 22:31:23.266253
dynamic_TF_carry/EU-UTILS         2024-06-19 22:31:23.266469
dynamic_TF_carry/EU-CHEM          2024-06-19 22:31:23.266685
dynamic_TF_carry/SOYBEAN_mini     2024-06-19 22:31:23.266901
dynamic_TF_carry/GAS-PEN          2024-06-19 22:31:23.267118
dynamic_TF_carry/EUR              2024-06-19 22:31:23.267332
dynamic_TF_carry/GBPJPY           2024-06-19 22:31:23.267547
dynamic_TF_carry/IRS              2024-06-19 22:31:23.267763
dynamic_TF_carry/SILVER           2024-06-19 22:31:23.267978
dynamic_TF_carry/IBEX_mini        2024-06-19 22:31:23.268193
dynamic_TF_carry/COPPER-micro     2024-06-19 22:31:23.268409
dynamic_TF_carry/EU-REALESTATE    2024-06-19 22:31:23.268625
dynamic_TF_carry/MSCITAIWAN       2024-06-19 22:31:23.268841
dynamic_TF_carry/SPI200           2024-06-19 22:31:23.269057
dynamic_TF_carry/GASOILINE        2024-06-19 22:31:23.269278
dynamic_TF_carry/CRUDE_ICE        2024-06-19 22:31:23.269496
dynamic_TF_carry/EU-MEDIA         2024-06-19 22:31:23.269712
dynamic_TF_carry/FED              2024-06-19 22:31:23.269928
dynamic_TF_carry/FTSE250          2024-06-19 22:31:23.270143
dynamic_TF_carry/CAD2             2024-06-19 22:31:23.270359
dynamic_TF_carry/COFFEE           2024-06-19 22:31:23.270574
dynamic_TF_carry/EURIBOR-ICE      2024-06-19 22:31:23.270789
dynamic_TF_carry/CHF              2024-06-19 22:31:23.271004
dynamic_TF_carry/CZK              2024-06-19 22:31:23.271220
dynamic_TF_carry/CHEESE           2024-06-19 22:31:23.271436
dynamic_TF_carry/MSCIWORLD        2024-06-19 22:31:23.271651
dynamic_TF_carry/US-HEALTH        2024-06-19 22:31:23.271864
dynamic_TF_carry/NOK              2024-06-19 22:31:23.272079
dynamic_TF_carry/CNH              2024-06-19 22:31:23.272293
dynamic_TF_carry/COTTON           2024-06-19 22:31:23.272507
dynamic_TF_carry/US30             2024-06-19 22:31:23.272721
dynamic_TF_carry/US2              2024-06-19 22:31:23.272936
dynamic_TF_carry/EUROSTX-LARGE    2024-06-19 22:31:23.273153
dynamic_TF_carry/EU-RETAIL        2024-06-19 22:31:23.273369
dynamic_TF_carry/ETHANOL          2024-06-19 22:31:23.273584
dynamic_TF_carry/TIN_LME          2024-06-19 22:31:23.273800
dynamic_TF_carry/BBCOMM           2024-06-19 22:31:23.274015
dynamic_TF_carry/EU-OIL           2024-06-19 22:31:23.274228
dynamic_TF_carry/AEX              2024-06-19 22:31:23.274444
dynamic_TF_carry/AUD              2024-06-19 22:31:23.274658
dynamic_TF_carry/BTP              2024-06-19 22:31:23.274875
dynamic_TF_carry/TOPIX            2024-06-19 22:31:23.275090
dynamic_TF_carry/EPRA-EUROPE      2024-06-19 22:31:23.275305
dynamic_TF_carry/MIB              2024-06-19 22:31:23.275522
dynamic_TF_carry/EU-BASIC         2024-06-19 22:31:23.275736
dynamic_TF_carry/DX               2024-06-19 22:31:23.275951
dynamic_TF_carry/GILT             2024-06-19 22:31:23.276167
dynamic_TF_carry/SMI-MID          2024-06-19 22:31:23.276381
dynamic_TF_carry/WHEAT            2024-06-19 22:31:23.276596
dynamic_TF_carry/AUDJPY           2024-06-19 22:31:23.276811
dynamic_TF_carry/EU-HOUSE         2024-06-19 22:31:23.277026
dynamic_TF_carry/COPPER           2024-06-19 22:31:23.277253
dynamic_TF_carry/KOSPI            2024-06-19 22:31:23.277469
dynamic_TF_carry/US-TECH          2024-06-19 22:31:23.277685
dynamic_TF_carry/MXP              2024-06-19 22:31:23.277902
dynamic_TF_carry/SOYBEAN          2024-06-19 22:31:23.278118
dynamic_TF_carry/DOW              2024-06-19 22:31:23.278335
dynamic_TF_carry/HIGHYIELD        2024-06-19 22:31:23.278550
dynamic_TF_carry/MSCIEMASIA       2024-06-19 22:31:23.278766
dynamic_TF_carry/SP400            2024-06-19 22:31:23.278982
dynamic_TF_carry/NIKKEI400        2024-06-19 22:31:23.279197
dynamic_TF_carry/TWD              2024-06-19 22:31:23.279410
dynamic_TF_carry/SHATZ            2024-06-19 22:31:23.279624
dynamic_TF_carry/BUXL             2024-06-19 22:31:23.279838
dynamic_TF_carry/JGB-SGX-mini     2024-06-19 22:31:23.280052
dynamic_TF_carry/MILKWET          2024-06-19 22:31:23.280266
dynamic_TF_carry/EUA              2024-06-19 22:31:23.280480
dynamic_TF_carry/EU-BANKS         2024-06-19 22:31:23.280695
dynamic_TF_carry/US10U            2024-06-19 22:31:23.280910
dynamic_TF_carry/MSCIEAFA         2024-06-19 22:31:23.281124
dynamic_TF_carry/FTSEINDO         2024-06-19 22:31:23.281342
dynamic_TF_carry/US5              2024-06-19 22:31:23.281555
dynamic_TF_carry/SEK              2024-06-19 22:31:23.281769
dynamic_TF_carry/BITCOIN          2024-06-19 22:31:23.281982
dynamic_TF_carry/EURIBOR          2024-06-19 22:31:23.282196
dynamic_TF_carry/EURCAD           2024-06-19 22:31:23.282411
dynamic_TF_carry/EU-CONSTRUCTION  2024-06-19 22:31:23.282626
dynamic_TF_carry/SONIA3           2024-06-19 22:31:23.282840
dynamic_TF_carry/RUBBER           2024-06-19 22:31:23.283056
dynamic_TF_carry/BONO             2024-06-19 22:31:23.283271
dynamic_TF_carry/EUR_micro        2024-06-19 22:31:23.283486
dynamic_TF_carry/PLN              2024-06-19 22:31:23.283700
dynamic_TF_carry/YENEUR           2024-06-19 22:31:23.283913
dynamic_TF_carry/US10             2024-06-19 22:31:23.284126
dynamic_TF_carry/OMX              2024-06-19 22:31:23.284341
dynamic_TF_carry/CRUDE_W_mini     2024-06-19 22:31:23.284554
dynamic_TF_carry/MILLWHEAT        2024-06-19 22:31:23.284767
dynamic_TF_carry/KRWUSD           2024-06-19 22:31:23.284981
dynamic_TF_carry/CAD5             2024-06-19 22:31:23.285203
dynamic_TF_carry/EU-DIV30         2024-06-19 22:31:23.285417
dynamic_TF_carry/CRUDE_W_micro    2024-06-19 22:31:23.285632
dynamic_TF_carry/WHEAT_ICE        2024-06-19 22:31:23.285846
dynamic_TF_carry/US-STAPLES       2024-06-19 22:31:23.286060
dynamic_TF_carry/RUR              2024-06-19 22:31:23.286275
dynamic_TF_carry/EUROSTX-SMALL    2024-06-19 22:31:23.286489
dynamic_TF_carry/LIVECOW          2024-06-19 22:31:23.286704
dynamic_TF_carry/HOUSE-US         2024-06-19 22:31:23.286919
dynamic_TF_carry/NASDAQ_micro     2024-06-19 22:31:23.287133
dynamic_TF_carry/US-INDUSTRY      2024-06-19 22:31:23.287346
dynamic_TF_carry/R1000            2024-06-19 22:31:23.287560
dynamic_TF_carry/ZAR              2024-06-19 22:31:23.287773
dynamic_TF_carry/SOYMEAL          2024-06-19 22:31:23.287987
dynamic_TF_carry/INR              2024-06-19 22:31:23.288202
dynamic_TF_carry/SOFR             2024-06-19 22:31:23.288414
dynamic_TF_carry/KR3              2024-06-19 22:31:23.288629
dynamic_TF_carry/GAS-LAST         2024-06-19 22:31:23.288843
dynamic_TF_carry/GBP              2024-06-19 22:31:23.289059
dynamic_TF_carry/IRON             2024-06-19 22:31:23.289278
dynamic_TF_carry/BOVESPA          2024-06-19 22:31:23.289711
dynamic_TF_carry/EU-TECH          2024-06-19 22:31:23.289927
dynamic_TF_carry/COPPER_LME       2024-06-19 22:31:23.290143
dynamic_TF_carry/EURO600          2024-06-19 22:31:23.290359
dynamic_TF_carry/FANG             2024-06-19 22:31:23.290574
dynamic_TF_carry/EU-DJ-UTIL       2024-06-19 22:31:23.290789
dynamic_TF_carry/JPY              2024-06-19 22:31:23.291004
dynamic_TF_carry/RICE             2024-06-19 22:31:23.291218
dynamic_TF_carry/US-UTILS         2024-06-19 22:31:23.291433
dynamic_TF_carry/KOSPI_mini       2024-06-19 22:31:23.291648
dynamic_TF_carry/SUGAR16          2024-06-19 22:31:23.291864
dynamic_TF_carry/OATIES           2024-06-19 22:31:23.292079
dynamic_TF_carry/GAS_US_mini      2024-06-19 22:31:23.292295
dynamic_TF_carry/PALLAD           2024-06-19 22:31:23.292509
dynamic_TF_carry/SGX              2024-06-19 22:31:23.292724
dynamic_TF_carry/VIX              2024-06-19 22:31:23.292938
dynamic_TF_carry/VNKI             2024-06-19 22:31:23.293156
dynamic_TF_carry/LEANHOG          2024-06-19 22:31:23.293372
dynamic_TF_carry/CAD              2024-06-19 22:31:23.293587
dynamic_TF_carry/ROBUSTA          2024-06-19 22:31:23.293803
dynamic_TF_carry/SP500_micro      2024-06-19 22:31:23.294019


======================================================================================================================
                                                Status of trade limits                                                
======================================================================================================================

                   period_days  trade_limit  trades_since_last_reset  trade_capacity_remaining   time_since_last_reset
 VIX                        14            4                      3.0                       1.0 12 days 07:54:20.120637
 BUXL                       30            4                      2.0                       2.0 20 days 13:24:13.570267
 GBP                        14            4                      2.0                       2.0  9 days 05:19:35.368695
 VIX                        30            5                      3.0                       2.0 12 days 07:54:20.122390
 BUND                       30            4                      1.0                       3.0 12 days 14:54:54.941406
 BUND                       14            4                      1.0                       3.0 12 days 14:54:54.939677
 CHF                        30            4                      1.0                       3.0 13 days 07:54:55.639278
 US10                       30            4                      1.0                       3.0 16 days 07:55:03.010318
 CHF                        14            4                      1.0                       3.0 13 days 07:54:55.640559
 IRON                        1            4                      1.0                       3.0  0 days 21:54:58.477939
 CNH-onshore                 1            4                      0.0                       4.0  0 days 00:00:00.000002
 EU-MEDIA                    1            4                      0.0                       4.0  0 days 00:00:00.000001
 EU-HOUSE                    1            4                      0.0                       4.0  0 days 00:00:00.000001
 EU-DJ-UTIL                  1            4                      0.0                       4.0  0 days 00:00:00.000001
 BUTTER                      1            4                      0.0                       4.0  0 days 00:00:00.000002
 EU-DJ-TELECOM               1            4                      0.0                       4.0  0 days 00:00:00.000001
 EU-DJ-TECH                  1            4                      0.0                       4.0  0 days 00:00:00.000001
 CH10                        1            4                      0.0                       4.0  0 days 00:00:00.000002
 EU-MID                      1            4                      0.0                       4.0  0 days 00:00:00.000002
 EU-DJ-OIL                   1            4                      0.0                       4.0  0 days 00:00:00.000001
 EU-CONSTRUCTION             1            4                      0.0                       4.0  0 days 00:00:00.000001
 ETHANOL                     1            4                      0.0                       4.0  0 days 00:00:00.000001
 CZK                         1            4                      0.0                       4.0  0 days 00:00:00.000001
 COTTON                      1            4                      0.0                       4.0  0 days 00:00:00.000001
 COPPER-mini                 1            4                      0.0                       4.0  0 days 00:00:00.000002
 CLP                         1            4                      0.0                       4.0  0 days 00:00:00.000002
 EU-REALESTATE               1            4                      0.0                       4.0  0 days 00:00:00.000002
 EUROSTX-LARGE               1            4                      0.0                       4.0  0 days 00:00:00.000001
 EURIBOR                     1            4                      0.0                       4.0  0 days 00:00:00.000001
 US-INDUSTRY                 1            4                      0.0                       4.0  0 days 00:00:00.000001
 US-HEALTH                   1            4                      0.0                       4.0  0 days 00:00:00.000001
 US-FINANCE                  1            4                      0.0                       4.0  0 days 00:00:00.000002
 US-ENERGY                   1            4                      0.0                       4.0  0 days 00:00:00.000002
 US-DISCRETE                 1            4                      0.0                       4.0  0 days 00:00:00.000002
 SMI-MID                     1            4                      0.0                       4.0  0 days 00:00:00.000002
 SGX                         1            4                      0.0                       4.0  0 days 00:00:00.000001
 SGD                         1            4                      0.0                       4.0  0 days 00:00:00.000001
 OMX                         1            4                      0.0                       4.0  0 days 00:00:00.000001
 EURCHF                      1            4                      0.0                       4.0  0 days 00:00:00.000001
 MSCIASIA                    1            4                      0.0                       4.0  0 days 00:00:00.000001
 MILKDRY                     1            4                      0.0                       4.0  0 days 00:00:00.000001
 MID-DAX                     1            4                      0.0                       4.0  0 days 00:00:00.000001
 JP-REALESTATE               1            4                      0.0                       4.0  0 days 00:00:00.000001
 JGB-SGX-mini                1            4                      0.0                       4.0  0 days 00:00:00.000001
 IRS                         1            4                      0.0                       4.0  0 days 00:00:00.000001
 FTSEINDO                    1            4                      0.0                       4.0  0 days 00:00:00.000001
 EUROSTX200-LARGE            1            4                      0.0                       4.0  0 days 00:00:00.000001
 EUROSTX-SMALL               1            4                      0.0                       4.0  0 days 00:00:00.000001
 BOVESPA                     1            4                      0.0                       4.0  0 days 00:00:00.000002
 MILKWET                     1            4                      0.0                       4.0  0 days 00:00:00.000001
 BEL20                       1            4                      0.0                       4.0  0 days 00:00:00.000002
 CORN                        1            4                      0.0                       4.0  0 days 00:00:00.000003
 YENEUR                     30            4                      0.0                       4.0  0 days 07:54:40.690515
 NOK                        14            4                      0.0                       4.0  0 days 00:00:00.000002
 ZAR                         1            4                      0.0                       4.0  0 days 00:00:00.000001
 KRWUSD                     14            4                      0.0                       4.0  0 days 00:00:00.000001
 JGB                        14            4                      0.0                       4.0  0 days 00:00:00.000001
 IRON                       14            5                      1.0                       4.0  0 days 21:54:58.476149
