
********************************************************************************
                   Status report produced on 01/09/2025 22:57                   
********************************************************************************



=====================================================================================================
                                           Delayed methods                                           
=====================================================================================================

                       process_name              last_start                last_end currently_running
liquidity_report        run_reports 2025-08-22 23:00:15.178 2025-08-22 23:02:38.525             False
instrument_risk_report  run_reports 2025-08-22 23:02:38.528 2025-08-22 23:04:37.432             False
min_capital             run_reports 2025-08-22 23:04:37.435 2025-08-22 23:06:36.098             False
duplicate_market        run_reports 2025-08-22 23:06:36.101 2025-08-22 23:11:18.830             False
remove_markets_report   run_reports 2025-08-22 23:11:18.833 2025-08-22 23:16:01.791             False
market_monitor_report   run_reports 2025-08-22 23:16:01.794 2025-08-22 23:27:08.232             False


===============================
 Delayed adjusted / FX prices  
===============================

                    last_update
RUR         2025-06-12 23:00:02
HIGHYIELD   2025-08-22 19:00:01
IG          2025-08-22 19:00:01
SGX         2025-08-25 23:00:00
TWD-mini    2025-08-25 23:00:00
TWD         2025-08-27 23:00:00
CNH-onshore 2025-08-28 23:00:00
SGD         2025-08-28 23:00:00


===============================================
           Delayed optimal positions           
===============================================

                                    last_update
dynamic_TF_carry/SGX 2024-12-02 22:31:28.544775

Instruments at trade limit: No constraints

================================================
         Instruments at position limit          
================================================

                 keys  position pos_limit  spare
122       CNH-onshore         0       0.0    0.0
133            NASDAQ         0       0.0    0.0
131         CHF_micro         0       0.0    0.0
128               MIB         1       1.0    0.0
123          EU-MEDIA         0       0.0    0.0
114          TWD-mini         0       0.0    0.0
113            EURCAD         0       0.0    0.0
112            COTTON         0       0.0    0.0
111          AEX_mini         0       0.0    0.0
101               IRS         0       0.0    0.0
99            MILKDRY         0       0.0    0.0
95                AEX         1       1.0    0.0
92           JPY_mini         0       0.0    0.0
91               CH10         0       0.0    0.0
90                OMX         0       0.0    0.0
83                SGX         0       0.0    0.0
81             EURAUD         0       0.0    0.0
77                CLP         0       0.0    0.0
76          SWISSLEAD         0       0.0    0.0
72         EU-DJ-TECH         0       0.0    0.0
70                TWD         0       0.0    0.0
65             EURCHF         0       0.0    0.0
61    EU-CONSTRUCTION         0       0.0    0.0
59            BOVESPA         0       0.0    0.0
134              WHEY         0       0.0    0.0
56             AUDJPY         0       0.0    0.0
136   GASOILINE_micro         0       0.0    0.0
145           EU-CHEM         0       0.0    0.0
233          JGB-mini         0       0.0    0.0
230             R1000         0       0.0    0.0
227           MILKWET         0       0.0    0.0
222      COAL-GEORDIE         0       0.0    0.0
221            PALLAD         0       0.0    0.0
220          EU-HOUSE         0       0.0    0.0
214            BUTTER         0       0.0    0.0
210       HEATOIL-ICE         0       0.0    0.0
204            CHFJPY         0       0.0    0.0
199       COPPER-mini         0       0.0    0.0
196     EU-DJ-TELECOM         0       0.0    0.0
194              COAL         0       0.0    0.0
192               CZK         0       0.0    0.0
191               NOK         0       0.0    0.0
190            GBPJPY         0       0.0    0.0
187              VNKI         0       0.0    0.0
181           SMI-MID         0       0.0    0.0
176  EUROSTX200-LARGE         0       0.0    0.0
173            KRWUSD         0       0.0    0.0
169     EUROSTX-LARGE         0       0.0    0.0
162       EPRA-EUROPE         0       0.0    0.0
158               SEK         0       0.0    0.0
148           TIN_LME         0       0.0    0.0
144             STEEL         0       0.0    0.0
55                JGB         0       0.0    0.0
245               RUR         0       0.0    0.0
14           HOUSE-US         0       0.0    0.0
13           ETHEREUM         0       0.0    0.0
10                 IG         0       0.0    0.0
31          EU-RETAIL         0       0.0    0.0
17         COPPER_LME         0       0.0    0.0
21                PLN         0       0.0    0.0
46           SGD_mini         0       0.0    0.0
47              SP400         0       0.0    0.0
11          EU-TRAVEL         0       0.0    0.0
42          HIGHYIELD         0       0.0    0.0
49               GICS         0       0.0    0.0


=========================================================
         Overrides in database consider deleting         
=========================================================

                                                 override
NICKEL_LME             Override Close because in database
STEEL            Override Reduce only because in database
COAL-GEORDIE     Override Reduce only because in database
CRUDE_W_mini     Override Reduce only because in database
FTSE100          Override Reduce only because in database
SPI200           Override Reduce only because in database
COAL             Override Reduce only because in database
JGB-mini         Override Reduce only because in database
JGB-SGX-mini     Override Reduce only because in database
GAS-LAST         Override Reduce only because in database
CAD2             Override Reduce only because in database
CZK              Override Reduce only because in database
EURCAD           Override Reduce only because in database
CAD              Override Reduce only because in database
AUD              Override Reduce only because in database
CHF_micro        Override Reduce only because in database
BUXL             Override Reduce only because in database
NOK              Override Reduce only because in database
R1000            Override Reduce only because in database
IRS              Override Reduce only because in database
IBEX_mini        Override Reduce only because in database
NZD              Override Reduce only because in database
VIX_mini         Override Reduce only because in database
EU-CHEM          Override Reduce only because in database
EU-INSURE        Override Reduce only because in database
KOSDAQ           Override Reduce only because in database
JP-REALESTATE    Override Reduce only because in database
IBEX             Override Reduce only because in database
MUMMY            Override Reduce only because in database
AUDJPY           Override Reduce only because in database
CAD_micro        Override Reduce only because in database
EUR_mini         Override Reduce only because in database
GICS             Override Reduce only because in database
EUR              Override Reduce only because in database
KOSPI_mini       Override Reduce only because in database
OAT              Override Reduce only because in database
KOSPI            Override Reduce only because in database
GBPCHF           Override Reduce only because in database
MXP              Override Reduce only because in database
BTP              Override Reduce only because in database
YENEUR           Override Reduce only because in database
BOBL             Override Reduce only because in database
SHATZ            Override Reduce only because in database
CHFJPY           Override Reduce only because in database
CNH-onshore      Override Reduce only because in database
TOPIX            Override Reduce only because in database
GBP              Override Reduce only because in database
PLN              Override Reduce only because in database
BUND             Override Reduce only because in database
SEK              Override Reduce only because in database
OMX              Override Reduce only because in database
GBPEUR           Override Reduce only because in database
GAS_US_mini      Override Reduce only because in database
GBPJPY           Override Reduce only because in database
EURAUD           Override Reduce only because in database
NIKKEI400        Override Reduce only because in database
JPY_mini         Override Reduce only because in database
BONO             Override Reduce only because in database
VNKI             Override Reduce only because in database
EURCHF           Override Reduce only because in database
CH10             Override Reduce only because in database
EU-BANKS         Override Reduce only because in database
EU-CONSTRUCTION  Override Reduce only because in database
ZAR              Override Reduce only because in database

Locked instruments (position mismatch): []

==============================================
Status of adjusted price / FX price collection
==============================================

                         last_update
RUR              2025-06-12 23:00:02
HIGHYIELD        2025-08-22 19:00:01
IG               2025-08-22 19:00:01
SGX              2025-08-25 23:00:00
TWD-mini         2025-08-25 23:00:00
TWD              2025-08-27 23:00:00
CNH-onshore      2025-08-28 23:00:00
SGD              2025-08-28 23:00:00
US10             2025-08-29 23:00:00
SEK              2025-08-29 23:00:00
US-ENERGY        2025-08-29 23:00:00
OATIES           2025-08-29 23:00:00
GAS-LAST         2025-08-29 23:00:00
OJ               2025-08-29 23:00:00
OMX              2025-08-29 23:00:00
PALLAD           2025-08-29 23:00:00
PLAT             2025-08-29 23:00:00
PLN              2025-08-29 23:00:00
FEEDCOW*         2025-08-29 23:00:00
FED              2025-08-29 23:00:00
EUR_mini         2025-08-29 23:00:00
EUR_micro        2025-08-29 23:00:00
EUROSTX200-LARGE 2025-08-29 23:00:00
R1000            2025-08-29 23:00:00
REDWHEAT         2025-08-29 23:00:00
US-STAPLES       2025-08-29 23:00:00
US2              2025-08-29 23:00:00
US-UTILS         2025-08-29 23:00:00
RICE             2025-08-29 23:00:00
RUSSELL_mini     2025-08-29 23:00:00
EURCHF           2025-08-29 23:00:00
EURCAD           2025-08-29 23:00:00
EURAUD           2025-08-29 23:00:00
EUR              2025-08-29 23:00:00
EU-RETAIL        2025-08-29 23:00:00
MILKWET          2025-08-29 23:00:00
US10U            2025-08-29 23:00:00
GASOILINE        2025-08-29 23:00:00
GAS-PEN          2025-08-29 23:00:00
GASOILINE_micro  2025-08-29 23:00:00
MILKDRY          2025-08-29 23:00:00
MILK             2025-08-29 23:00:00
US-HEALTH        2025-08-29 23:00:00
LUMBER-new       2025-08-29 23:00:00
LIVECOW          2025-08-29 23:00:00
LEANHOG*         2025-08-29 23:00:00
MSCIEMASIA       2025-08-29 23:00:00
KRWUSD           2025-08-29 23:00:00
JPY_mini         2025-08-29 23:00:00
JPY              2025-08-29 23:00:00
IRS              2025-08-29 23:00:00
MSCIWORLD        2025-08-29 23:00:00
INR              2025-08-29 23:00:00
MXP*             2025-08-29 23:00:00
HOUSE-US         2025-08-29 23:00:00
NASDAQ           2025-08-29 23:00:00
HEATOIL          2025-08-29 23:00:00
GAS_US_mini*     2025-08-29 23:00:00
GBP*             2025-08-29 23:00:00
GBPCHF           2025-08-29 23:00:00
GBPEUR           2025-08-29 23:00:00
GBPJPY           2025-08-29 23:00:00
GBP_micro        2025-08-29 23:00:00
US-REALESTATE    2025-08-29 23:00:00
GICS             2025-08-29 23:00:00
GOLD             2025-08-29 23:00:00
GOLD-mini        2025-08-29 23:00:00
GOLD_micro*      2025-08-29 23:00:00
NOK              2025-08-29 23:00:00
US-MATERIAL      2025-08-29 23:00:00
NASDAQ_micro     2025-08-29 23:00:00
NZD*             2025-08-29 23:00:00
GAS_US           2025-08-29 23:00:00
RUSSELL*         2025-08-29 23:00:00
CHF_micro        2025-08-29 23:00:00
CAD10            2025-08-29 23:00:00
CAD2             2025-08-29 23:00:00
CAD5             2025-08-29 23:00:00
CAD_micro        2025-08-29 23:00:00
CANOLA*          2025-08-29 23:00:00
CH10             2025-08-29 23:00:00
CAD              2025-08-29 23:00:00
CHEESE           2025-08-29 23:00:00
CHFJPY           2025-08-29 23:00:00
US20             2025-08-29 23:00:00
CLP              2025-08-29 23:00:00
SP500_micro      2025-08-29 23:00:00
SP500            2025-08-29 23:00:00
COAL-GEORDIE     2025-08-29 23:00:00
CHF              2025-08-29 23:00:00
STEEL            2025-08-29 23:00:00
WHEAT_mini       2025-08-29 23:00:00
BUTTER           2025-08-29 23:00:00
ALUMINIUM        2025-08-29 23:00:00
SWISSLEAD        2025-08-29 23:00:00
AUD              2025-08-29 23:00:00
AUDJPY           2025-08-29 23:00:00
AUD_micro        2025-08-29 23:00:00
BBCOMM           2025-08-29 23:00:00
BITCOIN*         2025-08-29 23:00:00
SUGAR16          2025-08-29 23:00:00
BOVESPA          2025-08-29 23:00:00
BRE              2025-08-29 23:00:00
BRENT-LAST       2025-08-29 23:00:00
SUGAR11          2025-08-29 23:00:00
ZAR              2025-08-29 23:00:00
YENEUR*          2025-08-29 23:00:00
WHEY             2025-08-29 23:00:00
COCOA            2025-08-29 23:00:00
SP400            2025-08-29 23:00:00
US-INDUSTRY      2025-08-29 23:00:00
COPPER           2025-08-29 23:00:00
DOW              2025-08-29 23:00:00
DOW_mini         2025-08-29 23:00:00
COFFEE           2025-08-29 23:00:00
ETHER-micro      2025-08-29 23:00:00
ETHEREUM         2025-08-29 23:00:00
VIX_mini         2025-08-29 23:00:00
VIX              2025-08-29 23:00:00
SOYBEAN_mini     2025-08-29 23:00:00
SOYBEAN          2025-08-29 23:00:00
US5              2025-08-29 23:00:00
US30             2025-08-29 23:00:00
SOFR             2025-08-29 23:00:00
SILVER*          2025-08-29 23:00:00
US-DISCRETE      2025-08-29 23:00:00
US3              2025-08-29 23:00:00
WHEAT*           2025-08-29 23:00:00
CZK              2025-08-29 23:00:00
EPRA-EUROPE      2025-08-29 23:00:00
CORN_mini        2025-08-29 23:00:00
COTTON           2025-08-29 23:00:00
COTTON2          2025-08-29 23:00:00
CRUDE_W_mini     2025-08-29 23:00:00
CRUDE_W          2025-08-29 23:00:00
SOYMEAL          2025-08-29 23:00:00
SOYOIL           2025-08-29 23:00:00
COPPER-mini      2025-08-29 23:00:00
CRUDE_W_micro*   2025-08-29 23:00:00
COPPER-micro*    2025-08-29 23:00:00
CORN             2025-08-29 23:00:00
JGB-mini         2025-09-01 00:45:00
FANG             2025-09-01 02:00:00
MSCITAIWAN       2025-09-01 06:00:00
KR3              2025-09-01 07:00:00
KR10             2025-09-01 07:00:00
KOSPI_mini       2025-09-01 07:00:00
SGD_mini         2025-09-01 07:00:00
KOSDAQ           2025-09-01 07:00:00
JP-REALESTATE    2025-09-01 07:00:00
VNKI             2025-09-01 07:00:00
KOSPI            2025-09-01 07:00:00
JGB              2025-09-01 08:00:00
FTSEINDO         2025-09-01 08:00:00
FTSEVIET         2025-09-01 08:00:00
AEX_mini         2025-09-01 08:00:00
MUMMY*           2025-09-01 09:00:00
MSCISING         2025-09-01 09:00:00
RUBBER           2025-09-01 09:00:00
SPI200           2025-09-01 09:00:00
NIKKEI400        2025-09-01 09:00:00
NIKKEI*          2025-09-01 09:00:00
HANGTECH         2025-09-01 09:00:00
TOPIX*           2025-09-01 09:00:00
CNH              2025-09-01 09:00:00
FTSECHINAA       2025-09-01 09:00:00
FTSECHINAH       2025-09-01 09:00:00
CHINAA-CON       2025-09-01 09:00:00
HANG             2025-09-01 09:00:00
HANGENT          2025-09-01 09:00:00
HANGENT_mini     2025-09-01 09:00:00
FTSETAIWAN       2025-09-01 09:00:00
HANG_mini        2025-09-01 09:00:00
IRON             2025-09-01 09:00:00
JGB-SGX-mini     2025-09-01 09:00:00
KRWUSD_mini*     2025-09-01 09:00:00
EU-DJ-TECH       2025-09-01 11:00:00
EUROSTX-LARGE    2025-09-01 11:00:00
EU-DJ-TELECOM    2025-09-01 12:00:00
ZINC_LME         2025-09-01 13:00:00
NICKEL_LME       2025-09-01 14:00:00
COPPER_LME       2025-09-01 14:00:00
EUROSTX-SMALL    2025-09-01 14:00:00
ALUMINIUM_LME    2025-09-01 14:00:00
LEAD_LME         2025-09-01 14:00:00
EU-DJ-UTIL       2025-09-01 14:00:00
COAL             2025-09-01 15:00:00
WHEAT_ICE        2025-09-01 15:00:00
BRENT_W          2025-09-01 15:00:00
COCOA_LDN        2025-09-01 15:00:00
CRUDE_ICE        2025-09-01 15:00:00
V2X              2025-09-01 15:00:00
EU-CHEM          2025-09-01 15:00:00
SONIA3           2025-09-01 15:00:00
EU-DJ-OIL        2025-09-01 15:00:00
SMI-MID          2025-09-01 15:00:00
BONO             2025-09-01 15:00:00
MIB*             2025-09-01 15:00:00
EU-INSURE        2025-09-01 15:00:00
IBEX_mini        2025-09-01 15:00:00
IBEX             2025-09-01 15:00:00
HEATOIL-ICE      2025-09-01 15:00:00
GILT             2025-09-01 15:00:00
GASOIL           2025-09-01 15:00:00
TIN_LME          2025-09-01 15:00:00
FTSE250          2025-09-01 15:00:00
FTSE100          2025-09-01 15:00:00
EURIBOR-ICE      2025-09-01 15:00:00
ROBUSTA          2025-09-01 15:00:00
EURIBOR          2025-09-01 15:00:00
EUA              2025-09-01 15:00:00
MILLWHEAT        2025-09-01 15:00:00
EU-REALESTATE    2025-09-01 15:00:00
SARONA           2025-09-01 15:00:00
EU-MID           2025-09-01 15:00:00
EU-MEDIA         2025-09-01 15:00:00
EU-FOOD          2025-09-01 15:00:00
EU-TECH*         2025-09-01 15:00:00
AEX*             2025-09-01 16:00:00
SMI              2025-09-01 16:00:00
BUND             2025-09-01 16:00:00
BUXL             2025-09-01 16:00:00
CAC              2025-09-01 16:00:00
DAX              2025-09-01 16:00:00
SUGAR_WHITE      2025-09-01 16:00:00
EU-AUTO          2025-09-01 16:00:00
EU-BANKS         2025-09-01 16:00:00
EU-BASIC         2025-09-01 16:00:00
EU-CONSTRUCTION  2025-09-01 16:00:00
EU-DIV30         2025-09-01 16:00:00
EU-HEALTH        2025-09-01 16:00:00
EU-HOUSE         2025-09-01 16:00:00
EU-OIL           2025-09-01 16:00:00
EU-TRAVEL        2025-09-01 16:00:00
EU-UTILS         2025-09-01 16:00:00
EURO600          2025-09-01 16:00:00
EUROSTX          2025-09-01 16:00:00
GASOILINE_ICE    2025-09-01 16:00:00
BOBL             2025-09-01 16:00:00
MSCIASIA         2025-09-01 16:00:00
OAT              2025-09-01 16:00:00
SHATZ            2025-09-01 16:00:00
BTP3             2025-09-01 16:00:00
BTP*             2025-09-01 16:00:00
MSCIEAFA         2025-09-01 17:00:00
DX*              2025-09-01 18:00:00
MXPUSD           2025-09-01 23:00:00
SGDUSD           2025-09-01 23:00:00
GBPUSD           2025-09-01 23:00:00
SEKUSD           2025-09-01 23:00:00
CNHUSD           2025-09-01 23:00:00
KRWUSD           2025-09-01 23:00:00
CADUSD           2025-09-01 23:00:00
EURUSD           2025-09-01 23:00:00
JPYUSD           2025-09-01 23:00:00
CHFUSD           2025-09-01 23:00:00
HKDUSD           2025-09-01 23:00:00
AUDUSD           2025-09-01 23:00:00


============================================================
           Status of optimal position generation            
============================================================

                                                 last_update
dynamic_TF_carry/SGX              2024-12-02 22:31:28.544775
dynamic_TF_carry/DAX              2025-09-01 22:31:37.879972
dynamic_TF_carry/OATIES           2025-09-01 22:31:37.880227
dynamic_TF_carry/WHEAT            2025-09-01 22:31:37.880465
dynamic_TF_carry/AUD              2025-09-01 22:31:37.881153
dynamic_TF_carry/CANOLA           2025-09-01 22:31:37.881382
dynamic_TF_carry/KOSPI_mini       2025-09-01 22:31:37.881617
dynamic_TF_carry/MSCITAIWAN       2025-09-01 22:31:37.881844
dynamic_TF_carry/SMI              2025-09-01 22:31:37.882073
dynamic_TF_carry/ZINC_LME         2025-09-01 22:31:37.882529
dynamic_TF_carry/FTSETAIWAN       2025-09-01 22:31:37.882756
dynamic_TF_carry/GBP              2025-09-01 22:31:37.882982
dynamic_TF_carry/SOYMEAL          2025-09-01 22:31:37.883208
dynamic_TF_carry/MSCISING         2025-09-01 22:31:37.883435
dynamic_TF_carry/MILKWET          2025-09-01 22:31:37.883662
dynamic_TF_carry/CAD              2025-09-01 22:31:37.883888
dynamic_TF_carry/EUROSTX          2025-09-01 22:31:37.884114
dynamic_TF_carry/NASDAQ_micro     2025-09-01 22:31:37.884340
dynamic_TF_carry/MSCIASIA         2025-09-01 22:31:37.884566
dynamic_TF_carry/AEX              2025-09-01 22:31:37.884792
dynamic_TF_carry/BRENT-LAST       2025-09-01 22:31:37.885019
dynamic_TF_carry/RUSSELL          2025-09-01 22:31:37.885266
dynamic_TF_carry/KR3              2025-09-01 22:31:37.885495
dynamic_TF_carry/TIN_LME          2025-09-01 22:31:37.885726
dynamic_TF_carry/FTSECHINAA       2025-09-01 22:31:37.885952
dynamic_TF_carry/EU-TRAVEL        2025-09-01 22:31:37.886179
dynamic_TF_carry/MILKDRY          2025-09-01 22:31:37.886404
dynamic_TF_carry/FED              2025-09-01 22:31:37.886629
dynamic_TF_carry/HANGTECH         2025-09-01 22:31:37.886853
dynamic_TF_carry/US-MATERIAL      2025-09-01 22:31:37.887080
dynamic_TF_carry/FTSE250          2025-09-01 22:31:37.887307
dynamic_TF_carry/VNKI             2025-09-01 22:31:37.887533
dynamic_TF_carry/EU-HOUSE         2025-09-01 22:31:37.887760
dynamic_TF_carry/JPY              2025-09-01 22:31:37.887987
dynamic_TF_carry/SOYBEAN          2025-09-01 22:31:37.888213
dynamic_TF_carry/YENEUR           2025-09-01 22:31:37.888438
dynamic_TF_carry/CHEESE           2025-09-01 22:31:37.888664
dynamic_TF_carry/CAC              2025-09-01 22:31:37.888889
dynamic_TF_carry/PLN              2025-09-01 22:31:37.889116
dynamic_TF_carry/BRENT_W          2025-09-01 22:31:37.889343
dynamic_TF_carry/EU-FOOD          2025-09-01 22:31:37.889574
dynamic_TF_carry/EUA              2025-09-01 22:31:37.889802
dynamic_TF_carry/SOYBEAN_mini     2025-09-01 22:31:37.890031
dynamic_TF_carry/TWD              2025-09-01 22:31:37.890256
dynamic_TF_carry/COPPER           2025-09-01 22:31:37.890483
dynamic_TF_carry/EU-DJ-TELECOM    2025-09-01 22:31:37.890708
dynamic_TF_carry/EU-HEALTH        2025-09-01 22:31:37.890932
dynamic_TF_carry/US5              2025-09-01 22:31:37.891158
dynamic_TF_carry/BUXL             2025-09-01 22:31:37.891384
dynamic_TF_carry/KRWUSD           2025-09-01 22:31:37.891609
dynamic_TF_carry/GOLD_micro       2025-09-01 22:31:37.891835
dynamic_TF_carry/MSCIEAFA         2025-09-01 22:31:37.892286
dynamic_TF_carry/GAS-LAST         2025-09-01 22:31:37.892538
dynamic_TF_carry/OJ               2025-09-01 22:31:37.892765
dynamic_TF_carry/EURO600          2025-09-01 22:31:37.892993
dynamic_TF_carry/IBEX_mini        2025-09-01 22:31:37.893220
dynamic_TF_carry/SHATZ            2025-09-01 22:31:37.893447
dynamic_TF_carry/WHEAT_ICE        2025-09-01 22:31:37.893678
dynamic_TF_carry/OMX              2025-09-01 22:31:37.893904
dynamic_TF_carry/R1000            2025-09-01 22:31:37.894130
dynamic_TF_carry/SPI200           2025-09-01 22:31:37.894356
dynamic_TF_carry/BUND             2025-09-01 22:31:37.894584
dynamic_TF_carry/RUBBER           2025-09-01 22:31:37.894811
dynamic_TF_carry/EU-RETAIL        2025-09-01 22:31:37.895038
dynamic_TF_carry/EUROSTX200-LARGE 2025-09-01 22:31:37.895264
dynamic_TF_carry/SOFR             2025-09-01 22:31:37.895490
dynamic_TF_carry/EUR              2025-09-01 22:31:37.895717
dynamic_TF_carry/EU-DIV30         2025-09-01 22:31:37.895943
dynamic_TF_carry/HIGHYIELD        2025-09-01 22:31:37.896169
dynamic_TF_carry/US-UTILS         2025-09-01 22:31:37.896396
dynamic_TF_carry/IRON             2025-09-01 22:31:37.896624
dynamic_TF_carry/BONO             2025-09-01 22:31:37.896851
dynamic_TF_carry/DOW              2025-09-01 22:31:37.897077
dynamic_TF_carry/MILLWHEAT        2025-09-01 22:31:37.897304
dynamic_TF_carry/GAS-PEN          2025-09-01 22:31:37.897531
dynamic_TF_carry/MSCIWORLD        2025-09-01 22:31:37.897988
dynamic_TF_carry/COPPER_LME       2025-09-01 22:31:37.898215
dynamic_TF_carry/CRUDE_W_micro    2025-09-01 22:31:37.898442
dynamic_TF_carry/HANG_mini        2025-09-01 22:31:37.898671
dynamic_TF_carry/RICE             2025-09-01 22:31:37.898899
dynamic_TF_carry/FTSEVIET         2025-09-01 22:31:37.899127
dynamic_TF_carry/US-DISCRETE      2025-09-01 22:31:37.899579
dynamic_TF_carry/GASOIL           2025-09-01 22:31:37.899805
dynamic_TF_carry/GBPCHF           2025-09-01 22:31:37.900031
dynamic_TF_carry/SUGAR_WHITE      2025-09-01 22:31:37.900257
dynamic_TF_carry/CHFJPY           2025-09-01 22:31:37.900483
dynamic_TF_carry/STEEL            2025-09-01 22:31:37.900709
dynamic_TF_carry/JP-REALESTATE    2025-09-01 22:31:37.900934
dynamic_TF_carry/EU-BASIC         2025-09-01 22:31:37.901161
dynamic_TF_carry/LUMBER-new       2025-09-01 22:31:37.901620
dynamic_TF_carry/FEEDCOW          2025-09-01 22:31:37.901847
dynamic_TF_carry/GBPEUR           2025-09-01 22:31:37.902073
dynamic_TF_carry/RUR              2025-09-01 22:31:37.902300
dynamic_TF_carry/ALUMINIUM        2025-09-01 22:31:37.902525
dynamic_TF_carry/US10             2025-09-01 22:31:37.902753
dynamic_TF_carry/EU-MID           2025-09-01 22:31:37.902980
dynamic_TF_carry/LEANHOG          2025-09-01 22:31:37.903206
dynamic_TF_carry/CH10             2025-09-01 22:31:37.903433
dynamic_TF_carry/US-HEALTH        2025-09-01 22:31:37.903660
dynamic_TF_carry/PALLAD           2025-09-01 22:31:37.903886
dynamic_TF_carry/KR10             2025-09-01 22:31:37.904113
dynamic_TF_carry/EU-CHEM          2025-09-01 22:31:37.904339
dynamic_TF_carry/MSCIEMASIA       2025-09-01 22:31:37.904567
dynamic_TF_carry/CRUDE_W_mini     2025-09-01 22:31:37.904794
dynamic_TF_carry/FTSE100          2025-09-01 22:31:37.905022
dynamic_TF_carry/COCOA_LDN        2025-09-01 22:31:37.905250
dynamic_TF_carry/BTP3             2025-09-01 22:31:37.905478
dynamic_TF_carry/EURAUD           2025-09-01 22:31:37.905710
dynamic_TF_carry/SWISSLEAD        2025-09-01 22:31:37.905936
dynamic_TF_carry/EU-MEDIA         2025-09-01 22:31:37.906164
dynamic_TF_carry/V2X              2025-09-01 22:31:37.906391
dynamic_TF_carry/ETHEREUM         2025-09-01 22:31:37.906619
dynamic_TF_carry/GILT             2025-09-01 22:31:37.906847
dynamic_TF_carry/EU-REALESTATE    2025-09-01 22:31:37.907075
dynamic_TF_carry/CRUDE_ICE        2025-09-01 22:31:37.907302
dynamic_TF_carry/EU-INSURE        2025-09-01 22:31:37.907530
dynamic_TF_carry/EURIBOR          2025-09-01 22:31:37.907758
dynamic_TF_carry/EU-DJ-UTIL       2025-09-01 22:31:37.907985
dynamic_TF_carry/IRS              2025-09-01 22:31:37.908212
dynamic_TF_carry/NZD              2025-09-01 22:31:37.908439
dynamic_TF_carry/VIX              2025-09-01 22:31:37.908666
dynamic_TF_carry/HEATOIL          2025-09-01 22:31:37.908895
dynamic_TF_carry/BBCOMM           2025-09-01 22:31:37.909124
dynamic_TF_carry/EU-AUTO          2025-09-01 22:31:37.909351
dynamic_TF_carry/OAT              2025-09-01 22:31:37.909583
dynamic_TF_carry/BTP              2025-09-01 22:31:37.909813
dynamic_TF_carry/US-REALESTATE    2025-09-01 22:31:37.910040
dynamic_TF_carry/MILK             2025-09-01 22:31:37.910269
dynamic_TF_carry/CHF              2025-09-01 22:31:37.910498
dynamic_TF_carry/BOBL             2025-09-01 22:31:37.910726
dynamic_TF_carry/EU-OIL           2025-09-01 22:31:37.910953
dynamic_TF_carry/BUTTER           2025-09-01 22:31:37.911181
dynamic_TF_carry/COTTON2          2025-09-01 22:31:37.911409
dynamic_TF_carry/EPRA-EUROPE      2025-09-01 22:31:37.911637
dynamic_TF_carry/NIKKEI400        2025-09-01 22:31:37.911865
dynamic_TF_carry/IG               2025-09-01 22:31:37.912092
dynamic_TF_carry/GICS             2025-09-01 22:31:37.912319
dynamic_TF_carry/LEAD_LME         2025-09-01 22:31:37.912571
dynamic_TF_carry/US-STAPLES       2025-09-01 22:31:37.912802
dynamic_TF_carry/KRWUSD_mini      2025-09-01 22:31:37.913032
dynamic_TF_carry/GASOILINE        2025-09-01 22:31:37.913261
dynamic_TF_carry/JGB-SGX-mini     2025-09-01 22:31:37.913490
dynamic_TF_carry/AUDJPY           2025-09-01 22:31:37.913724
dynamic_TF_carry/MXP              2025-09-01 22:31:37.913952
dynamic_TF_carry/SUGAR11          2025-09-01 22:31:37.914182
dynamic_TF_carry/AUD_micro        2025-09-01 22:31:37.914412
dynamic_TF_carry/SP400            2025-09-01 22:31:37.914640
dynamic_TF_carry/FANG             2025-09-01 22:31:37.914868
dynamic_TF_carry/NICKEL_LME       2025-09-01 22:31:37.915098
dynamic_TF_carry/SUGAR16          2025-09-01 22:31:37.915325
dynamic_TF_carry/PLAT             2025-09-01 22:31:37.915781
dynamic_TF_carry/BRE              2025-09-01 22:31:37.916009
dynamic_TF_carry/EURCHF           2025-09-01 22:31:37.916236
dynamic_TF_carry/CHINAA-CON       2025-09-01 22:31:37.916463
dynamic_TF_carry/LIVECOW          2025-09-01 22:31:37.916690
dynamic_TF_carry/SARONA           2025-09-01 22:31:37.916918
dynamic_TF_carry/EUROSTX-SMALL    2025-09-01 22:31:37.917146
dynamic_TF_carry/HANGENT_mini     2025-09-01 22:31:37.917372
dynamic_TF_carry/NIKKEI           2025-09-01 22:31:37.917603
dynamic_TF_carry/BITCOIN          2025-09-01 22:31:37.917832
dynamic_TF_carry/EU-UTILS         2025-09-01 22:31:37.918060
dynamic_TF_carry/JGB              2025-09-01 22:31:37.918287
dynamic_TF_carry/SOYOIL           2025-09-01 22:31:37.918515
dynamic_TF_carry/EU-TECH          2025-09-01 22:31:37.918744
dynamic_TF_carry/EUROSTX-LARGE    2025-09-01 22:31:37.918972
dynamic_TF_carry/COCOA            2025-09-01 22:31:37.919199
dynamic_TF_carry/COAL-GEORDIE     2025-09-01 22:31:37.919426
dynamic_TF_carry/ROBUSTA          2025-09-01 22:31:37.919657
dynamic_TF_carry/COFFEE           2025-09-01 22:31:37.919886
dynamic_TF_carry/CLP              2025-09-01 22:31:37.920115
dynamic_TF_carry/SEK              2025-09-01 22:31:37.920344
dynamic_TF_carry/US3              2025-09-01 22:31:37.920571
dynamic_TF_carry/FTSEINDO         2025-09-01 22:31:37.920799
dynamic_TF_carry/CNH              2025-09-01 22:31:37.921026
dynamic_TF_carry/CAD2             2025-09-01 22:31:37.921254
dynamic_TF_carry/CZK              2025-09-01 22:31:37.921480
dynamic_TF_carry/US-ENERGY        2025-09-01 22:31:37.921712
dynamic_TF_carry/US2              2025-09-01 22:31:37.921942
dynamic_TF_carry/INR              2025-09-01 22:31:37.922170
dynamic_TF_carry/HOUSE-US         2025-09-01 22:31:37.922397
dynamic_TF_carry/MUMMY            2025-09-01 22:31:37.922625
dynamic_TF_carry/NOK              2025-09-01 22:31:37.922853
dynamic_TF_carry/SONIA3           2025-09-01 22:31:37.923080
dynamic_TF_carry/DX               2025-09-01 22:31:37.923308
dynamic_TF_carry/REDWHEAT         2025-09-01 22:31:37.923535
dynamic_TF_carry/CAD5             2025-09-01 22:31:37.923764
dynamic_TF_carry/EU-BANKS         2025-09-01 22:31:37.923990
dynamic_TF_carry/US10U            2025-09-01 22:31:37.924217
dynamic_TF_carry/SMI-MID          2025-09-01 22:31:37.924445
dynamic_TF_carry/TOPIX            2025-09-01 22:31:37.924674
dynamic_TF_carry/WHEY             2025-09-01 22:31:37.924900
dynamic_TF_carry/EU-CONSTRUCTION  2025-09-01 22:31:37.925128
dynamic_TF_carry/MIB              2025-09-01 22:31:37.925356
dynamic_TF_carry/COTTON           2025-09-01 22:31:37.925590
dynamic_TF_carry/CAD10            2025-09-01 22:31:37.925822
dynamic_TF_carry/ZAR              2025-09-01 22:31:37.926053
dynamic_TF_carry/SILVER           2025-09-01 22:31:37.926513
dynamic_TF_carry/US20             2025-09-01 22:31:37.926743
dynamic_TF_carry/EURIBOR-ICE      2025-09-01 22:31:37.926972
dynamic_TF_carry/KOSDAQ           2025-09-01 22:31:37.927201
dynamic_TF_carry/SP500_micro      2025-09-01 22:31:37.927429
dynamic_TF_carry/FTSECHINAH       2025-09-01 22:31:37.927658
dynamic_TF_carry/CORN             2025-09-01 22:31:37.928115
dynamic_TF_carry/US-INDUSTRY      2025-09-01 22:31:37.928343
dynamic_TF_carry/US30             2025-09-01 22:31:37.928799
dynamic_TF_carry/GBPJPY           2025-09-01 22:31:37.929029
dynamic_TF_carry/BOVESPA          2025-09-01 22:31:37.929257
dynamic_TF_carry/KOSPI            2025-09-01 22:31:37.929485
dynamic_TF_carry/EUR_micro        2025-09-01 22:31:37.929718
dynamic_TF_carry/EURCAD           2025-09-01 22:31:37.929947
dynamic_TF_carry/GAS_US_mini      2025-09-01 22:31:37.930175
dynamic_TF_carry/COAL             2025-09-01 22:31:37.930632
dynamic_TF_carry/SGD              2025-09-01 22:31:37.930861
dynamic_TF_carry/COPPER-micro     2025-09-01 22:31:37.931317


======================================================================================================================
                                                Status of trade limits                                                
======================================================================================================================

                   period_days  trade_limit  trades_since_last_reset  trade_capacity_remaining   time_since_last_reset
 AEX                        30            4                      2.0                       2.0 17 days 14:58:50.510852
 GAS_US_mini                30            6                      4.0                       2.0 20 days 08:58:41.291797
 CRUDE_W_micro               1            4                      1.0                       3.0  0 days 08:57:54.410239
 GBP                        30            6                      3.0                       3.0 17 days 07:59:01.509580
 FTSETAIWAN                 14            4                      1.0                       3.0 13 days 20:56:50.255524
 EU-DJ-UTIL                  1            4                      0.0                       4.0  0 days 00:00:00.000001
 EU-DJ-TELECOM               1            4                      0.0                       4.0  0 days 00:00:00.000001
 EU-DJ-TECH                  1            4                      0.0                       4.0  0 days 00:00:00.000002
 EU-DJ-OIL                   1            4                      0.0                       4.0  0 days 00:00:00.000002
 EU-CONSTRUCTION             1            4                      0.0                       4.0  0 days 00:00:00.000001
 CZK                         1            4                      0.0                       4.0  0 days 00:00:00.000002
 COTTON                      1            4                      0.0                       4.0  0 days 00:00:00.000001
 CORN                        1            4                      0.0                       4.0  0 days 00:00:00.000003
 EU-HOUSE                    1            4                      0.0                       4.0  0 days 00:00:00.000001
 CLP                         1            4                      0.0                       4.0  0 days 00:00:00.000002
 CH10                        1            4                      0.0                       4.0  0 days 00:00:00.000001
 BUTTER                      1            4                      0.0                       4.0  0 days 00:00:00.000001
 BOVESPA                     1            4                      0.0                       4.0  0 days 00:00:00.000002
 BEL20                       1            4                      0.0                       4.0  0 days 00:00:00.000002
 ALUMINIUM                   1            4                      0.0                       4.0  0 days 00:00:00.000001
 YENEUR                     30            4                      0.0                       4.0  0 days 00:00:00.000001
 US30                       30            4                      0.0                       4.0  0 days 00:00:00.000002
 COPPER-mini                 1            4                      0.0                       4.0  0 days 00:00:00.000001
 CNH-onshore                 1            4                      0.0                       4.0  0 days 00:00:00.000001
 EU-MID                      1            4                      0.0                       4.0  0 days 00:00:00.000001
 US3                        30            4                      0.0                       4.0  0 days 00:00:00.000002
 US-ENERGY                   1            4                      0.0                       4.0  0 days 00:00:00.000002
 US-DISCRETE                 1            4                      0.0                       4.0  0 days 00:00:00.000002
 SMI-MID                     1            4                      0.0                       4.0  0 days 00:00:00.000001
 SGX                         1            4                      0.0                       4.0  0 days 00:00:00.000001
 SGD                         1            4                      0.0                       4.0  0 days 00:00:00.000002
 OMX                         1            4                      0.0                       4.0  0 days 00:00:00.000001
 MSCIASIA                    1            4                      0.0                       4.0  0 days 00:00:00.000001
 MILKWET                     1            4                      0.0                       4.0  0 days 00:00:00.000001
 MILKDRY                     1            4                      0.0                       4.0  0 days 00:00:00.000001
 EU-MEDIA                    1            4                      0.0                       4.0  0 days 00:00:00.000002
 MID-DAX                     1            4                      0.0                       4.0  0 days 00:00:00.000002
 JGB-SGX-mini                1            4                      0.0                       4.0  0 days 00:00:00.000001
 IRS                         1            4                      0.0                       4.0  0 days 00:00:00.000002
 FTSEINDO                    1            4                      0.0                       4.0  0 days 00:00:00.000001
 EUROSTX200-LARGE            1            4                      0.0                       4.0  0 days 00:00:00.000001
 EUROSTX-SMALL               1            4                      0.0                       4.0  0 days 00:00:00.000002
 EUROSTX-LARGE               1            4                      0.0                       4.0  0 days 00:00:00.000001
 EURIBOR                     1            4                      0.0                       4.0  0 days 00:00:00.000001
 EURCHF                      1            4                      0.0                       4.0  0 days 00:00:00.000002
 EU-REALESTATE               1            4                      0.0                       4.0  0 days 00:00:00.000001
 JP-REALESTATE               1            4                      0.0                       4.0  0 days 00:00:00.000001
 US10U                      30            4                      0.0                       4.0  0 days 00:00:00.000001
 SEK                        30            4                      0.0                       4.0  0 days 00:00:00.000002
 US-HEALTH                   1            4                      0.0                       4.0  0 days 00:00:00.000001
 HEATOIL                    14            4                      0.0                       4.0  0 days 00:00:00.000001
 GBPEUR                     14            4                      0.0                       4.0  0 days 00:00:00.000001
 GAS-LAST                   14            4                      0.0                       4.0  0 days 00:00:00.000002
 EU-TECH                    14            4                      0.0                       4.0  0 days 00:00:00.000001
 EU-CHEM                    14            4                      0.0                       4.0  0 days 00:00:00.000002
 ETHEREUM                   14            4                      0.0                       4.0  0 days 00:00:00.000002
 CNH                        14            4                      0.0                       4.0  0 days 00:00:00.000002
 BUXL                       14            4                      0.0                       4.0  0 days 00:00:00.000001
 BTP3                       14            4                      0.0                       4.0  0 days 00:00:00.000001
 BRENT-LAST                 14            4                      0.0                       4.0  0 days 00:00:00.000001
