
********************************************************************************
                   Status report produced on 11/10/2024 22:55                   
********************************************************************************


Delayed methods: No delays

===============================
 Delayed adjusted / FX prices  
===============================

                    last_update
ETHANOL     2024-10-02 23:00:00
TWD         2024-10-07 23:00:00
SGX         2024-10-07 23:00:00
US-PROPERTY 2024-10-08 18:00:00
US-FINANCE  2024-10-08 20:00:00
US-TECH     2024-10-08 20:00:00
GAS_US      2024-10-08 20:00:00

Delayed optimal positions: No delays
Instruments at trade limit: No constraints

================================================
         Instruments at position limit          
================================================

                 keys  position pos_limit  spare
125               RUR         0       0.0    0.0
151        EU-DJ-TECH         0       0.0    0.0
149               OMX         0       0.0    0.0
147          JPY_mini         0       0.0    0.0
138            AUDJPY         0       0.0    0.0
137              CH10         0       0.0    0.0
136           EU-CHEM         0       0.0    0.0
132           GAS-PEN        -1       1.0    0.0
127          EU-MEDIA         0       0.0    0.0
250            COTTON         0       0.0    0.0
116              VNKI         0       0.0    0.0
114         CHF_micro         0       0.0    0.0
105               NOK         0       0.0    0.0
103             R1000         0       0.0    0.0
102           MILKDRY         0       0.0    0.0
98            TIN_LME         0       0.0    0.0
97             EURAUD         0       0.0    0.0
93            US-TECH         0       0.0    0.0
92            ETHANOL         0       0.0    0.0
85           HOUSE-US         0       0.0    0.0
82         COPPER_LME         0       0.0    0.0
80       COAL-GEORDIE         0       0.0    0.0
75           EU-HOUSE         0       0.0    0.0
73                 IG         0       0.0    0.0
159            BUTTER         0       0.0    0.0
71           AEX_mini         0       0.0    0.0
162         EU-TRAVEL         0       0.0    0.0
168          JGB-mini         0       0.0    0.0
248          ETHEREUM         0       0.0    0.0
245   GASOILINE_micro         0       0.0    0.0
225     EU-DJ-TELECOM         0       0.0    0.0
223            EURCAD         0       0.0    0.0
222              COAL         0       0.0    0.0
220  EUROSTX200-LARGE         0       0.0    0.0
219               CZK         0       0.0    0.0
218       COPPER-mini         0       0.0    0.0
215            EURCHF         0       0.0    0.0
214               CLP         0       0.0    0.0
213           BOVESPA         0       0.0    0.0
201               TWD         0       0.0    0.0
200     EUROSTX-LARGE         0       0.0    0.0
191         SWISSLEAD         0       0.0    0.0
186            CHFJPY         0       0.0    0.0
181         HIGHYIELD         0       0.0    0.0
180           SMI-MID         0       0.0    0.0
177            PALLAD         0       0.0    0.0
176               MIB         1       1.0    0.0
174               PLN         0       0.0    0.0
172             SP400         0       0.0    0.0
171               JGB         0       0.0    0.0
169       CNH-onshore         0       0.0    0.0
165            KRWUSD         0       0.0    0.0
70                SGX         0       0.0    0.0
251               IRS         0       0.0    0.0
33        EPRA-EUROPE         0       0.0    0.0
39           SGD_mini         0       0.0    0.0
29            MILKWET         0       0.0    0.0
35              STEEL         0       0.0    0.0
40             GBPJPY         0       0.0    0.0
51                SEK         0       0.0    0.0
4            TWD-mini         0       0.0    0.0
24             NASDAQ         0       0.0    0.0
5     EU-CONSTRUCTION         0       0.0    0.0
49               WHEY         0       0.0    0.0
8           EU-RETAIL         0       0.0    0.0
14               GICS         0       0.0    0.0
12        HEATOIL-ICE         0       0.0    0.0


======================================================
       Overrides in database consider deleting        
======================================================

                                              override
NICKEL_LME          Override Close because in database
VNKI          Override Reduce only because in database
OATIES        Override Reduce only because in database
ETHANOL       Override Reduce only because in database
BB3M          Override Reduce only because in database
SGD           Override Reduce only because in database
CNH-onshore   Override Reduce only because in database
IBEX          Override Reduce only because in database
CRUDE_W_mini  Override Reduce only because in database
GICS          Override Reduce only because in database
TWD           Override Reduce only because in database
LEAD_LME      Override Reduce only because in database
KRWUSD        Override Reduce only because in database
IBEX_mini     Override Reduce only because in database
ZINC_LME      Override Reduce only because in database
KOSPI_mini    Override Reduce only because in database
SGD_mini      Override Reduce only because in database
BOVESPA       Override Reduce only because in database
VIX_mini      Override Reduce only because in database

Locked instruments (position mismatch): []

==============================================
Status of adjusted price / FX price collection
==============================================

                         last_update
ETHANOL          2024-10-02 23:00:00
TWD              2024-10-07 23:00:00
SGX              2024-10-07 23:00:00
US-PROPERTY      2024-10-08 18:00:00
US-FINANCE       2024-10-08 20:00:00
US-TECH          2024-10-08 20:00:00
GAS_US           2024-10-08 20:00:00
VNKI             2024-10-08 23:00:00
PLN              2024-10-10 23:00:00
COTTON           2024-10-10 23:00:00
RUR              2024-10-10 23:00:00
COAL-GEORDIE     2024-10-10 23:00:00
CZK              2024-10-10 23:00:00
MSCIWORLD        2024-10-10 23:00:00
MSCIEMASIA       2024-10-10 23:00:00
GBPJPY           2024-10-10 23:00:00
EPRA-EUROPE      2024-10-10 23:00:00
OMX              2024-10-10 23:00:00
LEAD_LME         2024-10-10 23:00:00
HANGTECH         2024-10-10 23:00:00
KOSPI_mini       2024-10-10 23:00:00
CNH-onshore      2024-10-10 23:00:00
JGB-mini         2024-10-10 23:00:00
IRS              2024-10-10 23:00:00
EURCAD           2024-10-10 23:00:00
IG               2024-10-10 23:00:00
HOUSE-US         2024-10-10 23:00:00
HANG_mini        2024-10-10 23:00:00
HANGENT_mini     2024-10-10 23:00:00
FTSEVIET         2024-10-10 23:00:00
HANGENT          2024-10-10 23:00:00
HANG             2024-10-10 23:00:00
KRWUSD           2024-10-10 23:00:00
CLP              2024-10-10 23:00:00
DX               2024-10-10 23:00:00
GBPCHF           2024-10-10 23:00:00
SWISSLEAD        2024-10-10 23:00:00
TIN_LME          2024-10-10 23:00:00
BOVESPA          2024-10-10 23:00:00
CHEESE           2024-10-10 23:00:00
BB3M             2024-10-10 23:00:00
SUGAR16          2024-10-10 23:00:00
WHEY             2024-10-10 23:00:00
TWD-mini         2024-10-11 04:00:00
FTSECHINAH       2024-10-11 04:00:00
FTSEINDO         2024-10-11 04:00:00
SGD              2024-10-11 04:00:00
KRWUSD_mini      2024-10-11 04:00:00
SPI200           2024-10-11 04:00:00
SGD_mini         2024-10-11 04:00:00
KR3              2024-10-11 05:00:00
KR10*            2024-10-11 05:00:00
TOPIX*           2024-10-11 05:00:00
FTSECHINAA       2024-10-11 05:00:00
JP-REALESTATE    2024-10-11 05:00:00
JGB-SGX-mini     2024-10-11 05:00:00
JGB              2024-10-11 05:00:00
FTSETAIWAN*      2024-10-11 05:00:00
IRON*            2024-10-11 05:00:00
CHINAA-CON       2024-10-11 05:00:00
KOSDAQ           2024-10-11 05:00:00
CNH              2024-10-11 05:00:00
KOSPI            2024-10-11 05:00:00
RUBBER           2024-10-11 05:00:00
MSCISING*        2024-10-11 05:00:00
MSCITAIWAN*      2024-10-11 05:00:00
NIKKEI           2024-10-11 05:00:00
NIKKEI400        2024-10-11 05:00:00
MUMMY*           2024-10-11 05:00:00
EU-HOUSE         2024-10-11 09:00:00
EUROSTX-LARGE    2024-10-11 12:00:00
EUROSTX200-LARGE 2024-10-11 12:00:00
EURIBOR          2024-10-11 12:00:00
EUROSTX-SMALL    2024-10-11 14:00:00
ZINC_LME         2024-10-11 14:00:00
GAS-PEN*         2024-10-11 14:30:00
GICS             2024-10-11 14:30:00
HEATOIL-ICE      2024-10-11 15:00:00
IBEX             2024-10-11 15:00:00
WHEAT_ICE        2024-10-11 15:00:00
ROBUSTA          2024-10-11 15:00:00
FTSE100          2024-10-11 15:00:00
SARONA           2024-10-11 15:00:00
COCOA_LDN        2024-10-11 15:00:00
CHFJPY           2024-10-11 15:00:00
COAL             2024-10-11 15:00:00
ALUMINIUM_LME    2024-10-11 15:00:00
GASOIL           2024-10-11 15:00:00
GASOILINE_ICE    2024-10-11 15:00:00
GILT             2024-10-11 15:00:00
AEX_mini         2024-10-11 15:00:00
FTSE250          2024-10-11 15:00:00
IBEX_mini        2024-10-11 15:00:00
MSCIASIA         2024-10-11 15:00:00
EURIBOR-ICE      2024-10-11 15:00:00
MILLWHEAT        2024-10-11 15:00:00
MIB*             2024-10-11 15:00:00
SONIA3           2024-10-11 15:00:00
EU-CHEM          2024-10-11 15:00:00
EU-CONSTRUCTION  2024-10-11 15:00:00
EU-DJ-TECH       2024-10-11 15:00:00
EU-DJ-TELECOM    2024-10-11 15:00:00
EU-DJ-UTIL       2024-10-11 15:00:00
NICKEL_LME       2024-10-11 15:00:00
BONO             2024-10-11 15:00:00
EU-MEDIA         2024-10-11 15:00:00
CRUDE_ICE        2024-10-11 15:00:00
EU-RETAIL        2024-10-11 15:00:00
EU-TECH          2024-10-11 15:00:00
BRENT_W          2024-10-11 15:00:00
EUA              2024-10-11 15:00:00
CH10             2024-10-11 15:00:00
SUGAR_WHITE      2024-10-11 15:00:00
EU-MID           2024-10-11 15:00:00
COPPER_LME       2024-10-11 15:00:00
SMI              2024-10-11 16:00:00
SMI-MID          2024-10-11 16:00:00
V2X              2024-10-11 16:00:00
SHATZ            2024-10-11 16:00:00
OAT              2024-10-11 16:00:00
AEX              2024-10-11 16:00:00
EU-DIV30         2024-10-11 16:00:00
EU-INSURE        2024-10-11 16:00:00
EU-REALESTATE    2024-10-11 16:00:00
EU-TRAVEL        2024-10-11 16:00:00
EU-UTILS         2024-10-11 16:00:00
EU-HEALTH        2024-10-11 16:00:00
EURAUD           2024-10-11 16:00:00
EU-FOOD          2024-10-11 16:00:00
EU-DJ-OIL        2024-10-11 16:00:00
EURO600          2024-10-11 16:00:00
EUROSTX          2024-10-11 16:00:00
EU-BASIC         2024-10-11 16:00:00
EU-BANKS         2024-10-11 16:00:00
EU-OIL           2024-10-11 16:00:00
CAC              2024-10-11 16:00:00
BUXL             2024-10-11 16:00:00
DJSTX-SMALL      2024-10-11 16:00:00
DAX              2024-10-11 16:00:00
BUND             2024-10-11 16:00:00
BOBL             2024-10-11 16:00:00
BTP3             2024-10-11 16:00:00
BTP              2024-10-11 16:00:00
EU-AUTO*         2024-10-11 16:00:00
SUGAR11*         2024-10-11 17:00:00
MILKWET          2024-10-11 17:00:00
ALUMINIUM        2024-10-11 17:00:00
HIGHYIELD        2024-10-11 17:00:00
COCOA            2024-10-11 18:00:00
OJ               2024-10-11 18:00:00
COFFEE           2024-10-11 18:00:00
CAD2             2024-10-11 18:00:00
GASOILINE_micro  2024-10-11 18:00:00
CAD10            2024-10-11 18:00:00
CAD5             2024-10-11 18:00:00
GBPEUR           2024-10-11 19:00:00
GAS_US_mini      2024-10-11 19:00:00
OATIES           2024-10-11 19:00:00
CORN_mini        2024-10-11 19:00:00
ZAR              2024-10-11 19:00:00
GAS-LAST         2024-10-11 19:00:00
COTTON2*         2024-10-11 19:00:00
US-MATERIAL      2024-10-11 19:00:00
SOYOIL           2024-10-11 19:00:00
SOYMEAL*         2024-10-11 19:00:00
WHEAT_mini       2024-10-11 19:00:00
SEK              2024-10-11 19:00:00
CRUDE_W_mini     2024-10-11 19:00:00
CORN*            2024-10-11 19:00:00
NOK              2024-10-11 19:00:00
FEEDCOW          2024-10-11 19:00:00
AUDJPY           2024-10-11 19:00:00
STEEL            2024-10-11 19:00:00
BBCOMM           2024-10-11 19:00:00
RICE             2024-10-11 19:00:00
SOYBEAN          2024-10-11 19:00:00
LEANHOG*         2024-10-11 19:00:00
LIVECOW*         2024-10-11 19:00:00
BUTTER           2024-10-11 19:00:00
LUMBER-new       2024-10-11 19:00:00
MILK             2024-10-11 19:00:00
MILKDRY          2024-10-11 19:00:00
SOYBEAN_mini     2024-10-11 19:00:00
WHEAT            2024-10-11 19:00:00
ETHER-micro      2024-10-11 19:00:00
CANOLA*          2024-10-11 19:00:00
FANG             2024-10-11 19:00:00
REDWHEAT         2024-10-11 19:00:00
BRENT-LAST       2024-10-11 20:00:00
US10U            2024-10-11 20:00:00
US-ENERGY        2024-10-11 20:00:00
YENEUR*          2024-10-11 20:00:00
AUD              2024-10-11 20:00:00
AUD_micro        2024-10-11 20:00:00
VIX_mini         2024-10-11 20:00:00
VIX*             2024-10-11 20:00:00
US5              2024-10-11 20:00:00
US30             2024-10-11 20:00:00
US3              2024-10-11 20:00:00
US20             2024-10-11 20:00:00
US2              2024-10-11 20:00:00
CAD              2024-10-11 20:00:00
US10             2024-10-11 20:00:00
US-UTILS         2024-10-11 20:00:00
BITCOIN*         2024-10-11 20:00:00
US-STAPLES       2024-10-11 20:00:00
US-REALESTATE    2024-10-11 20:00:00
US-INDUSTRY      2024-10-11 20:00:00
US-HEALTH        2024-10-11 20:00:00
BRE              2024-10-11 20:00:00
US-DISCRETE      2024-10-11 20:00:00
SP500_micro      2024-10-11 20:00:00
GBP              2024-10-11 20:00:00
SP400            2024-10-11 20:00:00
MSCIEAFA*        2024-10-11 20:00:00
ETHEREUM         2024-10-11 20:00:00
JPY_mini         2024-10-11 20:00:00
SP500            2024-10-11 20:00:00
EUR              2024-10-11 20:00:00
EURCHF           2024-10-11 20:00:00
INR              2024-10-11 20:00:00
DOW_mini         2024-10-11 20:00:00
EUR_micro        2024-10-11 20:00:00
HEATOIL          2024-10-11 20:00:00
FED              2024-10-11 20:00:00
GASOILINE        2024-10-11 20:00:00
GOLD_micro       2024-10-11 20:00:00
GOLD-mini        2024-10-11 20:00:00
GOLD             2024-10-11 20:00:00
GBP_micro        2024-10-11 20:00:00
EUR_mini         2024-10-11 20:00:00
DOW*             2024-10-11 20:00:00
JPY              2024-10-11 20:00:00
NASDAQ           2024-10-11 20:00:00
SOFR             2024-10-11 20:00:00
SILVER*          2024-10-11 20:00:00
CAD_micro        2024-10-11 20:00:00
MXP              2024-10-11 20:00:00
CHF_micro        2024-10-11 20:00:00
RUSSELL_mini     2024-10-11 20:00:00
RUSSELL          2024-10-11 20:00:00
COPPER           2024-10-11 20:00:00
CHF              2024-10-11 20:00:00
R1000            2024-10-11 20:00:00
COPPER-mini      2024-10-11 20:00:00
PLAT             2024-10-11 20:00:00
PALLAD           2024-10-11 20:00:00
NZD              2024-10-11 20:00:00
CRUDE_W          2024-10-11 20:00:00
CRUDE_W_micro*   2024-10-11 20:00:00
NASDAQ_micro     2024-10-11 20:00:00
COPPER-micro     2024-10-11 20:00:00
JPYUSD           2024-10-11 23:00:00
CNHUSD           2024-10-11 23:00:00
AUDUSD           2024-10-11 23:00:00
KRWUSD           2024-10-11 23:00:00
CHFUSD           2024-10-11 23:00:00
GBPUSD           2024-10-11 23:00:00
MXPUSD           2024-10-11 23:00:00
SGDUSD           2024-10-11 23:00:00
HKDUSD           2024-10-11 23:00:00
CADUSD           2024-10-11 23:00:00
EURUSD           2024-10-11 23:00:00
SEKUSD           2024-10-11 23:00:00


============================================================
           Status of optimal position generation            
============================================================

                                                 last_update
dynamic_TF_carry/FTSE100          2024-10-11 22:31:27.073900
dynamic_TF_carry/US-DISCRETE      2024-10-11 22:31:27.074351
dynamic_TF_carry/GBPEUR           2024-10-11 22:31:27.074566
dynamic_TF_carry/GBPJPY           2024-10-11 22:31:27.074778
dynamic_TF_carry/FTSETAIWAN       2024-10-11 22:31:27.074990
dynamic_TF_carry/MSCIEAFA         2024-10-11 22:31:27.075203
dynamic_TF_carry/GASOILINE        2024-10-11 22:31:27.075414
dynamic_TF_carry/SOYBEAN_mini     2024-10-11 22:31:27.075624
dynamic_TF_carry/FTSEVIET         2024-10-11 22:31:27.075834
dynamic_TF_carry/COCOA            2024-10-11 22:31:27.076043
dynamic_TF_carry/STEEL            2024-10-11 22:31:27.076252
dynamic_TF_carry/NIKKEI           2024-10-11 22:31:27.076461
dynamic_TF_carry/AUDJPY           2024-10-11 22:31:27.076673
dynamic_TF_carry/MSCISING         2024-10-11 22:31:27.076883
dynamic_TF_carry/SOYOIL           2024-10-11 22:31:27.077093
dynamic_TF_carry/OAT              2024-10-11 22:31:27.077302
dynamic_TF_carry/SGD              2024-10-11 22:31:27.077516
dynamic_TF_carry/BB3M             2024-10-11 22:31:27.077727
dynamic_TF_carry/RUBBER           2024-10-11 22:31:27.077937
dynamic_TF_carry/CZK              2024-10-11 22:31:27.078357
dynamic_TF_carry/COTTON2          2024-10-11 22:31:27.078565
dynamic_TF_carry/BBCOMM           2024-10-11 22:31:27.078775
dynamic_TF_carry/EUROSTX          2024-10-11 22:31:27.078983
dynamic_TF_carry/MILKWET          2024-10-11 22:31:27.079192
dynamic_TF_carry/CAD              2024-10-11 22:31:27.079400
dynamic_TF_carry/NICKEL_LME       2024-10-11 22:31:27.079608
dynamic_TF_carry/MSCITAIWAN       2024-10-11 22:31:27.079818
dynamic_TF_carry/CANOLA           2024-10-11 22:31:27.080027
dynamic_TF_carry/EU-MID           2024-10-11 22:31:27.080238
dynamic_TF_carry/LIVECOW          2024-10-11 22:31:27.080448
dynamic_TF_carry/MILK             2024-10-11 22:31:27.080658
dynamic_TF_carry/CAD10            2024-10-11 22:31:27.080868
dynamic_TF_carry/IRS              2024-10-11 22:31:27.081077
dynamic_TF_carry/COTTON           2024-10-11 22:31:27.081287
dynamic_TF_carry/EURAUD           2024-10-11 22:31:27.081500
dynamic_TF_carry/CLP              2024-10-11 22:31:27.081711
dynamic_TF_carry/BRENT-LAST       2024-10-11 22:31:27.081921
dynamic_TF_carry/EU-FOOD          2024-10-11 22:31:27.082131
dynamic_TF_carry/SONIA3           2024-10-11 22:31:27.082340
dynamic_TF_carry/FTSECHINAA       2024-10-11 22:31:27.082548
dynamic_TF_carry/IBEX_mini        2024-10-11 22:31:27.082757
dynamic_TF_carry/SMI              2024-10-11 22:31:27.082967
dynamic_TF_carry/EU-TRAVEL        2024-10-11 22:31:27.083178
dynamic_TF_carry/NOK              2024-10-11 22:31:27.083387
dynamic_TF_carry/US10U            2024-10-11 22:31:27.083597
dynamic_TF_carry/FTSE250          2024-10-11 22:31:27.083805
dynamic_TF_carry/HANG_mini        2024-10-11 22:31:27.084015
dynamic_TF_carry/COAL             2024-10-11 22:31:27.084224
dynamic_TF_carry/US-FINANCE       2024-10-11 22:31:27.084433
dynamic_TF_carry/BTP              2024-10-11 22:31:27.084642
dynamic_TF_carry/SILVER           2024-10-11 22:31:27.084851
dynamic_TF_carry/GAS-PEN          2024-10-11 22:31:27.085061
dynamic_TF_carry/HEATOIL          2024-10-11 22:31:27.085274
dynamic_TF_carry/KR10             2024-10-11 22:31:27.085487
dynamic_TF_carry/GBP              2024-10-11 22:31:27.085697
dynamic_TF_carry/SP500_micro      2024-10-11 22:31:27.085908
dynamic_TF_carry/SEK              2024-10-11 22:31:27.086117
dynamic_TF_carry/CHFJPY           2024-10-11 22:31:27.086326
dynamic_TF_carry/EU-BASIC         2024-10-11 22:31:27.086535
dynamic_TF_carry/CHF              2024-10-11 22:31:27.086745
dynamic_TF_carry/GILT             2024-10-11 22:31:27.086956
dynamic_TF_carry/AUD              2024-10-11 22:31:27.087167
dynamic_TF_carry/SUGAR11          2024-10-11 22:31:27.087378
dynamic_TF_carry/SP400            2024-10-11 22:31:27.087589
dynamic_TF_carry/YENEUR           2024-10-11 22:31:27.087800
dynamic_TF_carry/TOPIX            2024-10-11 22:31:27.088011
dynamic_TF_carry/V2X              2024-10-11 22:31:27.088221
dynamic_TF_carry/WHEAT            2024-10-11 22:31:27.088431
dynamic_TF_carry/HANGTECH         2024-10-11 22:31:27.088641
dynamic_TF_carry/US-STAPLES       2024-10-11 22:31:27.088852
dynamic_TF_carry/COAL-GEORDIE     2024-10-11 22:31:27.089064
dynamic_TF_carry/MSCIASIA         2024-10-11 22:31:27.089487
dynamic_TF_carry/BONO             2024-10-11 22:31:27.089697
dynamic_TF_carry/KOSDAQ           2024-10-11 22:31:27.089909
dynamic_TF_carry/MIB              2024-10-11 22:31:27.090119
dynamic_TF_carry/EU-CONSTRUCTION  2024-10-11 22:31:27.090330
dynamic_TF_carry/US2              2024-10-11 22:31:27.090539
dynamic_TF_carry/BUTTER           2024-10-11 22:31:27.090749
dynamic_TF_carry/DJSTX-SMALL      2024-10-11 22:31:27.090960
dynamic_TF_carry/SGX              2024-10-11 22:31:27.091171
dynamic_TF_carry/EPRA-EUROPE      2024-10-11 22:31:27.091383
dynamic_TF_carry/US3              2024-10-11 22:31:27.091594
dynamic_TF_carry/BUXL             2024-10-11 22:31:27.091804
dynamic_TF_carry/LUMBER-new       2024-10-11 22:31:27.092015
dynamic_TF_carry/EURIBOR          2024-10-11 22:31:27.092226
dynamic_TF_carry/CNH              2024-10-11 22:31:27.092436
dynamic_TF_carry/GAS-LAST         2024-10-11 22:31:27.092646
dynamic_TF_carry/EUA              2024-10-11 22:31:27.092858
dynamic_TF_carry/NIKKEI400        2024-10-11 22:31:27.093067
dynamic_TF_carry/CHEESE           2024-10-11 22:31:27.093277
dynamic_TF_carry/US-UTILS         2024-10-11 22:31:27.093489
dynamic_TF_carry/GAS_US_mini      2024-10-11 22:31:27.093700
dynamic_TF_carry/KR3              2024-10-11 22:31:27.093911
dynamic_TF_carry/RUSSELL          2024-10-11 22:31:27.094119
dynamic_TF_carry/EU-AUTO          2024-10-11 22:31:27.094331
dynamic_TF_carry/EU-BANKS         2024-10-11 22:31:27.094541
dynamic_TF_carry/AEX              2024-10-11 22:31:27.094751
dynamic_TF_carry/US-PROPERTY      2024-10-11 22:31:27.094963
dynamic_TF_carry/EU-RETAIL        2024-10-11 22:31:27.095174
dynamic_TF_carry/JGB-SGX-mini     2024-10-11 22:31:27.095384
dynamic_TF_carry/US5              2024-10-11 22:31:27.095595
dynamic_TF_carry/ZAR              2024-10-11 22:31:27.095805
dynamic_TF_carry/SUGAR16          2024-10-11 22:31:27.096016
dynamic_TF_carry/SARONA           2024-10-11 22:31:27.096226
dynamic_TF_carry/TIN_LME          2024-10-11 22:31:27.096437
dynamic_TF_carry/CAD2             2024-10-11 22:31:27.096647
dynamic_TF_carry/EU-REALESTATE    2024-10-11 22:31:27.096858
dynamic_TF_carry/SPI200           2024-10-11 22:31:27.097068
dynamic_TF_carry/FEEDCOW          2024-10-11 22:31:27.097493
dynamic_TF_carry/EURCHF           2024-10-11 22:31:27.097705
dynamic_TF_carry/COCOA_LDN        2024-10-11 22:31:27.097917
dynamic_TF_carry/KOSPI            2024-10-11 22:31:27.098338
dynamic_TF_carry/KRWUSD           2024-10-11 22:31:27.098547
dynamic_TF_carry/HIGHYIELD        2024-10-11 22:31:27.098758
dynamic_TF_carry/EU-TECH          2024-10-11 22:31:27.098969
dynamic_TF_carry/SOYBEAN          2024-10-11 22:31:27.099179
dynamic_TF_carry/CORN             2024-10-11 22:31:27.099390
dynamic_TF_carry/ETHANOL          2024-10-11 22:31:27.099601
dynamic_TF_carry/VNKI             2024-10-11 22:31:27.099811
dynamic_TF_carry/EURIBOR-ICE      2024-10-11 22:31:27.100021
dynamic_TF_carry/US-TECH          2024-10-11 22:31:27.100231
dynamic_TF_carry/COPPER-micro     2024-10-11 22:31:27.100442
dynamic_TF_carry/GASOIL           2024-10-11 22:31:27.100650
dynamic_TF_carry/EU-DIV30         2024-10-11 22:31:27.100861
dynamic_TF_carry/US30             2024-10-11 22:31:27.101070
dynamic_TF_carry/VIX              2024-10-11 22:31:27.101281
dynamic_TF_carry/JGB              2024-10-11 22:31:27.101495
dynamic_TF_carry/KOSPI_mini       2024-10-11 22:31:27.101705
dynamic_TF_carry/US-MATERIAL      2024-10-11 22:31:27.101915
dynamic_TF_carry/MXP              2024-10-11 22:31:27.102126
dynamic_TF_carry/SOYMEAL          2024-10-11 22:31:27.102337
dynamic_TF_carry/WHEAT_ICE        2024-10-11 22:31:27.102548
dynamic_TF_carry/CHINAA-CON       2024-10-11 22:31:27.102759
dynamic_TF_carry/JP-REALESTATE    2024-10-11 22:31:27.102968
dynamic_TF_carry/US-HEALTH        2024-10-11 22:31:27.103178
dynamic_TF_carry/DX               2024-10-11 22:31:27.103389
dynamic_TF_carry/DAX              2024-10-11 22:31:27.103599
dynamic_TF_carry/SWISSLEAD        2024-10-11 22:31:27.103809
dynamic_TF_carry/EUROSTX-LARGE    2024-10-11 22:31:27.104019
dynamic_TF_carry/KRWUSD_mini      2024-10-11 22:31:27.104227
dynamic_TF_carry/HANGENT_mini     2024-10-11 22:31:27.104437
dynamic_TF_carry/EU-CHEM          2024-10-11 22:31:27.104645
dynamic_TF_carry/CAD5             2024-10-11 22:31:27.104854
dynamic_TF_carry/SOFR             2024-10-11 22:31:27.105062
dynamic_TF_carry/EURO600          2024-10-11 22:31:27.105271
dynamic_TF_carry/US20             2024-10-11 22:31:27.105484
dynamic_TF_carry/SMI-MID          2024-10-11 22:31:27.105694
dynamic_TF_carry/US-REALESTATE    2024-10-11 22:31:27.105905
dynamic_TF_carry/EUROSTX200-LARGE 2024-10-11 22:31:27.106328
dynamic_TF_carry/EU-DJ-UTIL       2024-10-11 22:31:27.106538
dynamic_TF_carry/BOBL             2024-10-11 22:31:27.106747
dynamic_TF_carry/GICS             2024-10-11 22:31:27.106956
dynamic_TF_carry/SHATZ            2024-10-11 22:31:27.107375
dynamic_TF_carry/EU-UTILS         2024-10-11 22:31:27.107585
dynamic_TF_carry/NZD              2024-10-11 22:31:27.107794
dynamic_TF_carry/MSCIEMASIA       2024-10-11 22:31:27.108004
dynamic_TF_carry/GBPCHF           2024-10-11 22:31:27.108215
dynamic_TF_carry/AUD_micro        2024-10-11 22:31:27.108424
dynamic_TF_carry/RICE             2024-10-11 22:31:27.108634
dynamic_TF_carry/R1000            2024-10-11 22:31:27.108846
dynamic_TF_carry/ALUMINIUM        2024-10-11 22:31:27.109055
dynamic_TF_carry/WHEY             2024-10-11 22:31:27.109266
dynamic_TF_carry/US10             2024-10-11 22:31:27.109479
dynamic_TF_carry/FANG             2024-10-11 22:31:27.109688
dynamic_TF_carry/CRUDE_W_micro    2024-10-11 22:31:27.109897
dynamic_TF_carry/LEANHOG          2024-10-11 22:31:27.110106
dynamic_TF_carry/IG               2024-10-11 22:31:27.110316
dynamic_TF_carry/COPPER           2024-10-11 22:31:27.110526
dynamic_TF_carry/BOVESPA          2024-10-11 22:31:27.110736
dynamic_TF_carry/EU-OIL           2024-10-11 22:31:27.110945
dynamic_TF_carry/MSCIWORLD        2024-10-11 22:31:27.111154
dynamic_TF_carry/EURCAD           2024-10-11 22:31:27.111363
dynamic_TF_carry/EUROSTX-SMALL    2024-10-11 22:31:27.111571
dynamic_TF_carry/ROBUSTA          2024-10-11 22:31:27.111780
dynamic_TF_carry/CRUDE_ICE        2024-10-11 22:31:27.111989
dynamic_TF_carry/TWD              2024-10-11 22:31:27.112197
dynamic_TF_carry/US-ENERGY        2024-10-11 22:31:27.112408
dynamic_TF_carry/ETHEREUM         2024-10-11 22:31:27.112616
dynamic_TF_carry/EU-HOUSE         2024-10-11 22:31:27.112826
dynamic_TF_carry/CH10             2024-10-11 22:31:27.113036
dynamic_TF_carry/GOLD_micro       2024-10-11 22:31:27.113245
dynamic_TF_carry/COFFEE           2024-10-11 22:31:27.113458
dynamic_TF_carry/REDWHEAT         2024-10-11 22:31:27.113667
dynamic_TF_carry/IRON             2024-10-11 22:31:27.113877
dynamic_TF_carry/BRE              2024-10-11 22:31:27.114087
dynamic_TF_carry/EU-DJ-TELECOM    2024-10-11 22:31:27.114296
dynamic_TF_carry/COPPER_LME       2024-10-11 22:31:27.114506
dynamic_TF_carry/BTP3             2024-10-11 22:31:27.114714
dynamic_TF_carry/EU-HEALTH        2024-10-11 22:31:27.114923
dynamic_TF_carry/RUR              2024-10-11 22:31:27.115132
dynamic_TF_carry/PALLAD           2024-10-11 22:31:27.115340
dynamic_TF_carry/MILKDRY          2024-10-11 22:31:27.115550
dynamic_TF_carry/CAC              2024-10-11 22:31:27.115760
dynamic_TF_carry/FTSECHINAH       2024-10-11 22:31:27.115971
dynamic_TF_carry/FTSEINDO         2024-10-11 22:31:27.116180
dynamic_TF_carry/EU-MEDIA         2024-10-11 22:31:27.116391
dynamic_TF_carry/BRENT_W          2024-10-11 22:31:27.116600
dynamic_TF_carry/INR              2024-10-11 22:31:27.116810
dynamic_TF_carry/CRUDE_W_mini     2024-10-11 22:31:27.117019
dynamic_TF_carry/OJ               2024-10-11 22:31:27.117228
dynamic_TF_carry/MILLWHEAT        2024-10-11 22:31:27.117442
dynamic_TF_carry/ZINC_LME         2024-10-11 22:31:27.117652
dynamic_TF_carry/MUMMY            2024-10-11 22:31:27.117861
dynamic_TF_carry/FED              2024-10-11 22:31:27.118071
dynamic_TF_carry/BITCOIN          2024-10-11 22:31:27.118282
dynamic_TF_carry/DOW              2024-10-11 22:31:27.118492
dynamic_TF_carry/PLAT             2024-10-11 22:31:27.118702
dynamic_TF_carry/LEAD_LME         2024-10-11 22:31:27.118912
dynamic_TF_carry/EU-INSURE        2024-10-11 22:31:27.119122
dynamic_TF_carry/BUND             2024-10-11 22:31:27.119332
dynamic_TF_carry/NASDAQ_micro     2024-10-11 22:31:27.119543
dynamic_TF_carry/US-INDUSTRY      2024-10-11 22:31:27.119752
dynamic_TF_carry/HOUSE-US         2024-10-11 22:31:27.119962
dynamic_TF_carry/EUR              2024-10-11 22:31:27.120172
dynamic_TF_carry/OMX              2024-10-11 22:31:27.120381
dynamic_TF_carry/SUGAR_WHITE      2024-10-11 22:31:27.120590
dynamic_TF_carry/PLN              2024-10-11 22:31:27.120799
dynamic_TF_carry/OATIES           2024-10-11 22:31:27.121009
dynamic_TF_carry/EUR_micro        2024-10-11 22:31:27.121219
dynamic_TF_carry/JPY              2024-10-11 22:31:27.121434


======================================================================================================================
                                                Status of trade limits                                                
======================================================================================================================

                   period_days  trade_limit  trades_since_last_reset  trade_capacity_remaining   time_since_last_reset
 US10U                      30            4                      1.0                       3.0 28 days 07:56:14.998025
 JPY                        14            4                      1.0                       3.0  8 days 07:56:15.904175
 VIX                        30            5                      2.0                       3.0 18 days 07:55:32.484837
 EU-MEDIA                    1            4                      0.0                       4.0  0 days 00:00:00.000001
 EU-HOUSE                    1            4                      0.0                       4.0  0 days 00:00:00.000001
 EU-DJ-UTIL                  1            4                      0.0                       4.0  0 days 00:00:00.000001
 EU-DJ-TELECOM               1            4                      0.0                       4.0  0 days 00:00:00.000002
 EU-DJ-TECH                  1            4                      0.0                       4.0  0 days 00:00:00.000002
 EU-DJ-OIL                   1            4                      0.0                       4.0  0 days 00:00:00.000001
 EU-CONSTRUCTION             1            4                      0.0                       4.0  0 days 00:00:00.000001
 ETHANOL                     1            4                      0.0                       4.0  0 days 00:00:00.000002
 CZK                         1            4                      0.0                       4.0  0 days 00:00:00.000002
 CORN                        1            4                      0.0                       4.0  0 days 00:00:00.000003
 COPPER-mini                 1            4                      0.0                       4.0  0 days 00:00:00.000001
 CNH-onshore                 1            4                      0.0                       4.0  0 days 00:00:00.000001
 CLP                         1            4                      0.0                       4.0  0 days 00:00:00.000002
 CH10                        1            4                      0.0                       4.0  0 days 00:00:00.000002
 BUTTER                      1            4                      0.0                       4.0  0 days 00:00:00.000002
 BOVESPA                     1            4                      0.0                       4.0  0 days 00:00:00.000001
 BEL20                       1            4                      0.0                       4.0  0 days 00:00:00.000002
 ALUMINIUM                   1            4                      0.0                       4.0  0 days 00:00:00.000002
 YENEUR                     30            4                      0.0                       4.0  3 days 07:56:09.757037
 EU-MID                      1            4                      0.0                       4.0  0 days 00:00:00.000002
 COTTON                      1            4                      0.0                       4.0  0 days 00:00:00.000001
 EURCHF                      1            4                      0.0                       4.0  0 days 00:00:00.000001
 EURIBOR                     1            4                      0.0                       4.0  0 days 00:00:00.000002
 US-INDUSTRY                 1            4                      0.0                       4.0  0 days 00:00:00.000001
 US-HEALTH                   1            4                      0.0                       4.0  0 days 00:00:00.000001
 US-FINANCE                  1            4                      0.0                       4.0  0 days 00:00:00.000002
 US-ENERGY                   1            4                      0.0                       4.0  0 days 00:00:00.000002
 US-DISCRETE                 1            4                      0.0                       4.0  0 days 00:00:00.000001
 SMI-MID                     1            4                      0.0                       4.0  0 days 00:00:00.000001
 SGX                         1            4                      0.0                       4.0  0 days 00:00:00.000002
 SGD                         1            4                      0.0                       4.0  0 days 00:00:00.000002
 OMX                         1            4                      0.0                       4.0  0 days 00:00:00.000002
 EU-REALESTATE               1            4                      0.0                       4.0  0 days 00:00:00.000001
 MSCIASIA                    1            4                      0.0                       4.0  0 days 00:00:00.000001
 MILKDRY                     1            4                      0.0                       4.0  0 days 00:00:00.000002
 MID-DAX                     1            4                      0.0                       4.0  0 days 00:00:00.000002
 JP-REALESTATE               1            4                      0.0                       4.0  0 days 00:00:00.000001
 JGB-SGX-mini                1            4                      0.0                       4.0  0 days 00:00:00.000002
 IRS                         1            4                      0.0                       4.0  0 days 00:00:00.000002
 FTSEINDO                    1            4                      0.0                       4.0  0 days 00:00:00.000002
 EUROSTX200-LARGE            1            4                      0.0                       4.0  0 days 00:00:00.000001
 EUROSTX-SMALL               1            4                      0.0                       4.0  0 days 00:00:00.000001
 EUROSTX-LARGE               1            4                      0.0                       4.0  0 days 00:00:00.000002
 MILKWET                     1            4                      0.0                       4.0  0 days 00:00:00.000001
 US30                       30            4                      0.0                       4.0  0 days 00:00:00.000002
 US3                        30            4                      0.0                       4.0  0 days 00:00:00.000001
 SP400                      30            4                      0.0                       4.0  0 days 00:00:00.000002
 JGB                        14            4                      0.0                       4.0  0 days 00:00:00.000001
 HEATOIL                    14            4                      0.0                       4.0  0 days 00:00:00.000002
 GBPEUR                     14            4                      0.0                       4.0  0 days 00:00:00.000001
 GAS-LAST                   14            4                      0.0                       4.0  0 days 00:00:00.000001
 FTSETAIWAN                 14            4                      0.0                       4.0  0 days 20:55:50.783625
 EU-TECH                    14            4                      0.0                       4.0  0 days 00:00:00.000002
 EU-CHEM                    14            4                      0.0                       4.0  0 days 00:00:00.000001
 ETHEREUM                   14            4                      0.0                       4.0  0 days 00:00:00.000002
 CNH                        14            4                      0.0                       4.0  0 days 00:00:00.000001
 BUXL                       14            4                      0.0                       4.0  0 days 00:00:00.000002
 BTP3                       14            4                      0.0                       4.0  0 days 00:00:00.000002
 BRENT-LAST                 14            4                      0.0                       4.0  0 days 00:00:00.000001
 BONO                       14            4                      0.0                       4.0  0 days 00:00:00.000001
 YENEUR                      1            4                      0.0                       4.0  0 days 00:00:00.000002
 US3                         1            4                      0.0                       4.0  0 days 00:00:00.000001
 US10U                       1            4                      0.0                       4.0  0 days 00:00:00.000002
 US-REALESTATE               1            4                      0.0                       4.0  0 days 00:00:00.000002
 TOPIX                       1            4                      0.0                       4.0  0 days 20:53:47.085498
 SP400                       1            4                      0.0                       4.0  0 days 00:00:00.000002
 KRWUSD                     14            4                      0.0                       4.0  0 days 00:00:00.000002
 ZAR                         1            4                      0.0                       4.0  0 days 00:00:00.000001
 NOK                        14            4                      0.0                       4.0  0 days 00:00:00.000002
 R1000                      14            4                      0.0                       4.0  0 days 00:00:00.000001
 SEK                        30            4                      0.0                       4.0  0 days 00:00:00.000001
 NOK                        30            4                      0.0                       4.0  0 days 00:00:00.000001
 JGB                        30            4                      0.0                       4.0  0 days 00:00:00.000002
 HEATOIL                    30            4                      0.0                       4.0  0 days 00:00:00.000001
 GBPEUR                     30            4                      0.0                       4.0  0 days 00:00:00.000002
 GASOILINE                  30            4                      0.0                       4.0  0 days 00:00:00.000002
 GAS-LAST                   30            4                      0.0                       4.0  0 days 00:00:00.000002
 ETHEREUM                   30            4                      0.0                       4.0  0 days 00:00:00.000001
 CHF                        30            4                      0.0                       4.0  0 days 00:00:00.000002
 US-MATERIAL                 1            4                      0.0                       4.0  0 days 00:00:00.000002
 BUXL                       30            4                      0.0                       4.0  0 days 00:00:00.000001
 BRENT-LAST                 30            4                      0.0                       4.0  0 days 00:00:00.000002
 BONO                       30            4                      0.0                       4.0  0 days 00:00:00.000002
 YENEUR                     14            4                      0.0                       4.0  3 days 07:56:09.757743
