
********************************************************************************
                   Status report produced on 10/01/2025 22:56                   
********************************************************************************


Delayed methods: No delays

===============================
 Delayed adjusted / FX prices  
===============================

                    last_update
SGX         2025-01-06 23:00:00
CNH-onshore 2025-01-06 23:00:00
TWD         2025-01-06 23:00:00


===============================================
           Delayed optimal positions           
===============================================

                                    last_update
dynamic_TF_carry/SGX 2024-12-02 22:31:28.544775


=========================================================================================================
                                       Instruments at trade limit                                        
=========================================================================================================

      period_days  trade_limit  trades_since_last_reset  trade_capacity_remaining   time_since_last_reset
 VIX           30            5                      5.0                       0.0 29 days 07:55:44.696514


================================================
         Instruments at position limit          
================================================

                 keys  position pos_limit  spare
0          EU-DJ-TECH         0       0.0    0.0
159     EUROSTX-LARGE         0       0.0    0.0
85         COPPER_LME         0       0.0    0.0
163         CHF_micro         0       0.0    0.0
169               MIB         1       1.0    0.0
173         SWISSLEAD         0       0.0    0.0
74          EU-RETAIL         0       0.0    0.0
181               RUR         0       0.0    0.0
66             COPPER        -1       1.0    0.0
88      EU-DJ-TELECOM         0       0.0    0.0
63            BOVESPA         0       0.0    0.0
60                IRS         0       0.0    0.0
184               TWD         0       0.0    0.0
57                NOK         0       0.0    0.0
185          ETHEREUM         0       0.0    0.0
188            PALLAD         0       0.0    0.0
52             EURAUD         0       0.0    0.0
47             KRWUSD         0       0.0    0.0
46                JGB         0       0.0    0.0
122   GASOILINE_micro         0       0.0    0.0
89       COAL-GEORDIE         0       0.0    0.0
91                CHF        -3       3.0    0.0
92               US30        -1       1.0    0.0
126            EURCHF         0       0.0    0.0
128         EU-TRAVEL         0       0.0    0.0
132           TIN_LME         0       0.0    0.0
116               SEK         0       0.0    0.0
115       COPPER-mini         0       0.0    0.0
114  EUROSTX200-LARGE         0       0.0    0.0
113          EU-HOUSE         0       0.0    0.0
112            GBPJPY         0       0.0    0.0
110          AEX_mini         0       0.0    0.0
135               PLN         0       0.0    0.0
138   EU-CONSTRUCTION         0       0.0    0.0
141               SGX         0       0.0    0.0
142              CH10         0       0.0    0.0
144              VNKI         0       0.0    0.0
100           MILKWET         0       0.0    0.0
151               OMX         0       0.0    0.0
153         HIGHYIELD         0       0.0    0.0
94             NASDAQ         0       0.0    0.0
156             R1000         0       0.0    0.0
45              SP400         0       0.0    0.0
44        CNH-onshore         0       0.0    0.0
61            ETHANOL         0       0.0    0.0
124            AUDJPY         0       0.0    0.0
207          SGD_mini         0       0.0    0.0
22           TWD-mini         0       0.0    0.0
31               GICS         0       0.0    0.0
14             EURCAD         0       0.0    0.0
25           EU-MEDIA         0       0.0    0.0
32             CHFJPY         0       0.0    0.0
224              WHEY         0       0.0    0.0
33        HEATOIL-ICE         0       0.0    0.0
206          JGB-mini         0       0.0    0.0
35                CLP         0       0.0    0.0
19            SMI-MID         0       0.0    0.0
27              STEEL         0       0.0    0.0
202                IG         0       0.0    0.0
228              COAL         0       0.0    0.0
229            BUTTER         0       0.0    0.0
39                CZK         0       0.0    0.0
232          HOUSE-US         0       0.0    0.0
234       EPRA-EUROPE         0       0.0    0.0
242           EU-CHEM         0       0.0    0.0
201            COTTON         0       0.0    0.0
200          JPY_mini         0       0.0    0.0
215           MILKDRY         0       0.0    0.0
217              BUXL        -1       1.0    0.0


=========================================================
         Overrides in database consider deleting         
=========================================================

                                                 override
NICKEL_LME             Override Close because in database
OATIES           Override Reduce only because in database
COAL-GEORDIE     Override Reduce only because in database
RICE             Override Reduce only because in database
GOLD-mini        Override Reduce only because in database
VIX_mini         Override Reduce only because in database
SGD              Override Reduce only because in database
VNKI             Override Reduce only because in database
CNH-onshore      Override Reduce only because in database
TWD-mini         Override Reduce only because in database
IBEX             Override Reduce only because in database
CHINAA-CON       Override Reduce only because in database
CRUDE_W_mini     Override Reduce only because in database
CAC              Override Reduce only because in database
GICS             Override Reduce only because in database
EURIBOR          Override Reduce only because in database
FTSETAIWAN       Override Reduce only because in database
TWD              Override Reduce only because in database
IBEX_mini        Override Reduce only because in database
AEX              Override Reduce only because in database
AEX_mini         Override Reduce only because in database
FTSECHINAA       Override Reduce only because in database
COAL             Override Reduce only because in database
GASOILINE_micro  Override Reduce only because in database
HANGENT_mini     Override Reduce only because in database
MSCITAIWAN       Override Reduce only because in database
FTSEVIET         Override Reduce only because in database

Locked instruments (position mismatch): []

==============================================
Status of adjusted price / FX price collection
==============================================

                         last_update
SGX              2025-01-06 23:00:00
CNH-onshore      2025-01-06 23:00:00
TWD              2025-01-06 23:00:00
MILKWET          2025-01-08 23:00:00
BOVESPA          2025-01-08 23:00:00
HOUSE-US         2025-01-08 23:00:00
FTSEVIET         2025-01-09 23:00:00
RUR              2025-01-09 23:00:00
CLP              2025-01-09 23:00:00
MSCIEMASIA       2025-01-09 23:00:00
SGD_mini         2025-01-09 23:00:00
IRS              2025-01-09 23:00:00
COAL-GEORDIE     2025-01-09 23:00:00
OMX              2025-01-09 23:00:00
KRWUSD           2025-01-09 23:00:00
ETHANOL          2025-01-09 23:00:00
PLN              2025-01-09 23:00:00
TIN_LME          2025-01-09 23:00:00
EPRA-EUROPE      2025-01-09 23:00:00
TWD-mini         2025-01-09 23:00:00
GASOILINE_micro  2025-01-09 23:00:00
CZK              2025-01-09 23:00:00
COTTON           2025-01-09 23:00:00
ALUMINIUM*       2025-01-09 23:00:00
AEX_mini         2025-01-09 23:00:00
SWISSLEAD        2025-01-09 23:00:00
VNKI             2025-01-10 01:00:00
JP-REALESTATE    2025-01-10 03:00:00
KRWUSD_mini      2025-01-10 04:00:00
SGD              2025-01-10 04:00:00
JGB-mini         2025-01-10 04:00:00
FTSEINDO         2025-01-10 04:00:00
IRON             2025-01-10 04:00:00
SPI200           2025-01-10 04:00:00
RUBBER           2025-01-10 04:00:00
KOSDAQ           2025-01-10 05:00:00
FTSECHINAH       2025-01-10 05:00:00
FTSETAIWAN       2025-01-10 05:00:00
FTSECHINAA       2025-01-10 05:00:00
HANG             2025-01-10 05:00:00
HANGENT          2025-01-10 05:00:00
KR3              2025-01-10 05:00:00
HANG_mini        2025-01-10 05:00:00
KR10             2025-01-10 05:00:00
JGB              2025-01-10 05:00:00
KOSPI_mini       2025-01-10 05:00:00
JGB-SGX-mini     2025-01-10 05:00:00
KOSPI            2025-01-10 05:00:00
HANGTECH         2025-01-10 05:00:00
MSCISING*        2025-01-10 05:00:00
HANGENT_mini     2025-01-10 05:00:00
MSCITAIWAN       2025-01-10 05:00:00
TOPIX*           2025-01-10 05:00:00
CNH              2025-01-10 05:00:00
NIKKEI400        2025-01-10 05:00:00
NIKKEI*          2025-01-10 05:00:00
CHINAA-CON       2025-01-10 05:00:00
MUMMY            2025-01-10 05:00:00
EU-HOUSE         2025-01-10 09:00:00
LEAD_LME         2025-01-10 14:00:00
WHEY             2025-01-10 14:30:00
GICS             2025-01-10 14:30:00
IBEX_mini        2025-01-10 15:00:00
IBEX             2025-01-10 15:00:00
EUA              2025-01-10 15:00:00
SONIA3           2025-01-10 15:00:00
HEATOIL-ICE      2025-01-10 15:00:00
BRENT_W          2025-01-10 15:00:00
EURIBOR          2025-01-10 15:00:00
ALUMINIUM_LME    2025-01-10 15:00:00
FTSE250          2025-01-10 15:00:00
GILT             2025-01-10 15:00:00
EUROSTX-SMALL    2025-01-10 15:00:00
EU-TECH          2025-01-10 15:00:00
ZINC_LME         2025-01-10 15:00:00
WHEAT_ICE        2025-01-10 15:00:00
GASOIL           2025-01-10 15:00:00
FTSE100          2025-01-10 15:00:00
EURIBOR-ICE      2025-01-10 15:00:00
EU-RETAIL        2025-01-10 15:00:00
MILLWHEAT        2025-01-10 15:00:00
CRUDE_ICE        2025-01-10 15:00:00
MSCIASIA         2025-01-10 15:00:00
MSCIWORLD        2025-01-10 15:00:00
COPPER_LME       2025-01-10 15:00:00
MIB*             2025-01-10 15:00:00
NICKEL_LME       2025-01-10 15:00:00
COCOA_LDN        2025-01-10 15:00:00
COAL             2025-01-10 15:00:00
EU-CHEM          2025-01-10 15:00:00
SMI-MID          2025-01-10 15:00:00
ROBUSTA          2025-01-10 15:00:00
CHFJPY           2025-01-10 15:00:00
EU-DJ-TECH       2025-01-10 15:00:00
EU-DJ-TELECOM    2025-01-10 15:00:00
CH10             2025-01-10 15:00:00
SARONA           2025-01-10 15:00:00
EU-INSURE        2025-01-10 15:00:00
EU-MEDIA         2025-01-10 15:00:00
EU-MID           2025-01-10 15:00:00
EU-DJ-OIL        2025-01-10 15:00:00
V2X              2025-01-10 16:00:00
SUGAR_WHITE      2025-01-10 16:00:00
GBPJPY           2025-01-10 16:00:00
GBPCHF           2025-01-10 16:00:00
GASOILINE_ICE    2025-01-10 16:00:00
OAT              2025-01-10 16:00:00
SHATZ            2025-01-10 16:00:00
SMI              2025-01-10 16:00:00
AEX              2025-01-10 16:00:00
EU-UTILS         2025-01-10 16:00:00
EU-TRAVEL        2025-01-10 16:00:00
EU-REALESTATE    2025-01-10 16:00:00
EU-OIL           2025-01-10 16:00:00
EU-HEALTH        2025-01-10 16:00:00
EU-FOOD          2025-01-10 16:00:00
EU-DJ-UTIL       2025-01-10 16:00:00
EU-DIV30         2025-01-10 16:00:00
BTP3             2025-01-10 16:00:00
EU-CONSTRUCTION  2025-01-10 16:00:00
EU-BASIC         2025-01-10 16:00:00
EU-BANKS         2025-01-10 16:00:00
EU-AUTO          2025-01-10 16:00:00
BTP              2025-01-10 16:00:00
BONO             2025-01-10 16:00:00
BOBL             2025-01-10 16:00:00
DJSTX-SMALL      2025-01-10 16:00:00
EURO600          2025-01-10 16:00:00
DAX*             2025-01-10 16:00:00
BUND             2025-01-10 16:00:00
CAC              2025-01-10 16:00:00
EUROSTX          2025-01-10 16:00:00
BUXL*            2025-01-10 16:00:00
EUROSTX200-LARGE 2025-01-10 16:00:00
EUROSTX-LARGE    2025-01-10 16:00:00
SUGAR11*         2025-01-10 17:00:00
EURCAD           2025-01-10 17:00:00
SUGAR16          2025-01-10 17:00:00
EURAUD           2025-01-10 17:00:00
MILKDRY          2025-01-10 17:00:00
COFFEE           2025-01-10 18:00:00
ETHER-micro      2025-01-10 18:00:00
R1000            2025-01-10 18:00:00
OJ               2025-01-10 18:00:00
COCOA            2025-01-10 18:00:00
US-DISCRETE      2025-01-10 19:00:00
CORN_mini        2025-01-10 19:00:00
CORN             2025-01-10 19:00:00
COPPER-mini      2025-01-10 19:00:00
COTTON2          2025-01-10 19:00:00
SOYBEAN_mini     2025-01-10 19:00:00
CHF_micro        2025-01-10 19:00:00
SOYOIL           2025-01-10 19:00:00
CAD2             2025-01-10 19:00:00
SEK              2025-01-10 19:00:00
NOK              2025-01-10 19:00:00
CANOLA*          2025-01-10 19:00:00
CHEESE           2025-01-10 19:00:00
STEEL            2025-01-10 19:00:00
RICE             2025-01-10 19:00:00
OATIES           2025-01-10 19:00:00
REDWHEAT         2025-01-10 19:00:00
SOYMEAL*         2025-01-10 19:00:00
GAS-PEN          2025-01-10 19:00:00
LIVECOW          2025-01-10 19:00:00
BUTTER           2025-01-10 19:00:00
VIX_mini         2025-01-10 19:00:00
BBCOMM           2025-01-10 19:00:00
WHEAT            2025-01-10 19:00:00
HIGHYIELD        2025-01-10 19:00:00
INR              2025-01-10 19:00:00
WHEAT_mini       2025-01-10 19:00:00
DX               2025-01-10 19:00:00
ETHEREUM         2025-01-10 19:00:00
LEANHOG          2025-01-10 19:00:00
SOYBEAN          2025-01-10 19:00:00
MILK             2025-01-10 19:00:00
FEEDCOW          2025-01-10 19:00:00
AUDJPY           2025-01-10 19:00:00
GOLD             2025-01-10 19:00:00
YENEUR           2025-01-10 20:00:00
VIX              2025-01-10 20:00:00
SP400            2025-01-10 20:00:00
AUD_micro        2025-01-10 20:00:00
SP500            2025-01-10 20:00:00
SP500_micro      2025-01-10 20:00:00
ZAR              2025-01-10 20:00:00
AUD              2025-01-10 20:00:00
US-HEALTH        2025-01-10 20:00:00
US5              2025-01-10 20:00:00
US30*            2025-01-10 20:00:00
US-INDUSTRY      2025-01-10 20:00:00
US20             2025-01-10 20:00:00
US2              2025-01-10 20:00:00
US10U            2025-01-10 20:00:00
US10             2025-01-10 20:00:00
US-UTILS         2025-01-10 20:00:00
BRENT-LAST       2025-01-10 20:00:00
BRE*             2025-01-10 20:00:00
US-STAPLES       2025-01-10 20:00:00
US-REALESTATE    2025-01-10 20:00:00
US-MATERIAL      2025-01-10 20:00:00
US-ENERGY        2025-01-10 20:00:00
BITCOIN          2025-01-10 20:00:00
US3              2025-01-10 20:00:00
PLAT             2025-01-10 20:00:00
SILVER           2025-01-10 20:00:00
JPY_mini         2025-01-10 20:00:00
JPY*             2025-01-10 20:00:00
IG               2025-01-10 20:00:00
SOFR             2025-01-10 20:00:00
HEATOIL          2025-01-10 20:00:00
EURCHF           2025-01-10 20:00:00
GOLD_micro       2025-01-10 20:00:00
GOLD-mini        2025-01-10 20:00:00
DOW_mini         2025-01-10 20:00:00
GBP_micro        2025-01-10 20:00:00
GBPEUR           2025-01-10 20:00:00
EUR_mini         2025-01-10 20:00:00
GBP              2025-01-10 20:00:00
GAS_US_mini      2025-01-10 20:00:00
GAS_US           2025-01-10 20:00:00
FANG             2025-01-10 20:00:00
FED              2025-01-10 20:00:00
GASOILINE        2025-01-10 20:00:00
EUR_micro        2025-01-10 20:00:00
LUMBER-new       2025-01-10 20:00:00
EUR              2025-01-10 20:00:00
CRUDE_W_mini     2025-01-10 20:00:00
CAD*             2025-01-10 20:00:00
CAD10            2025-01-10 20:00:00
CAD5             2025-01-10 20:00:00
CAD_micro        2025-01-10 20:00:00
DOW              2025-01-10 20:00:00
RUSSELL*         2025-01-10 20:00:00
CHF*             2025-01-10 20:00:00
GAS-LAST         2025-01-10 20:00:00
PALLAD           2025-01-10 20:00:00
RUSSELL_mini     2025-01-10 20:00:00
COPPER*          2025-01-10 20:00:00
COPPER-micro*    2025-01-10 20:00:00
NASDAQ_micro     2025-01-10 20:00:00
NASDAQ           2025-01-10 20:00:00
MXP              2025-01-10 20:00:00
CRUDE_W          2025-01-10 20:00:00
CRUDE_W_micro*   2025-01-10 20:00:00
MSCIEAFA         2025-01-10 20:00:00
NZD              2025-01-10 20:00:00
CHFUSD           2025-01-10 23:00:00
JPYUSD           2025-01-10 23:00:00
EURUSD           2025-01-10 23:00:00
CADUSD           2025-01-10 23:00:00
KRWUSD           2025-01-10 23:00:00
SGDUSD           2025-01-10 23:00:00
SEKUSD           2025-01-10 23:00:00
GBPUSD           2025-01-10 23:00:00
MXPUSD           2025-01-10 23:00:00
HKDUSD           2025-01-10 23:00:00
CNHUSD           2025-01-10 23:00:00
AUDUSD           2025-01-10 23:00:00


============================================================
           Status of optimal position generation            
============================================================

                                                 last_update
dynamic_TF_carry/SGX              2024-12-02 22:31:28.544775
dynamic_TF_carry/US-HEALTH        2025-01-10 22:31:35.153913
dynamic_TF_carry/JGB-SGX-mini     2025-01-10 22:31:35.154172
dynamic_TF_carry/CAD10            2025-01-10 22:31:35.154416
dynamic_TF_carry/US-REALESTATE    2025-01-10 22:31:35.154656
dynamic_TF_carry/SOYBEAN_mini     2025-01-10 22:31:35.154889
dynamic_TF_carry/EURIBOR-ICE      2025-01-10 22:31:35.155124
dynamic_TF_carry/US20             2025-01-10 22:31:35.155359
dynamic_TF_carry/CHF              2025-01-10 22:31:35.155594
dynamic_TF_carry/DX               2025-01-10 22:31:35.155827
dynamic_TF_carry/DAX              2025-01-10 22:31:35.156056
dynamic_TF_carry/COFFEE           2025-01-10 22:31:35.156290
dynamic_TF_carry/CANOLA           2025-01-10 22:31:35.156521
dynamic_TF_carry/EU-TRAVEL        2025-01-10 22:31:35.156751
dynamic_TF_carry/MSCIASIA         2025-01-10 22:31:35.156980
dynamic_TF_carry/LEANHOG          2025-01-10 22:31:35.157214
dynamic_TF_carry/V2X              2025-01-10 22:31:35.157443
dynamic_TF_carry/WHEAT            2025-01-10 22:31:35.157673
dynamic_TF_carry/GILT             2025-01-10 22:31:35.157910
dynamic_TF_carry/SHATZ            2025-01-10 22:31:35.158143
dynamic_TF_carry/CRUDE_W_mini     2025-01-10 22:31:35.158372
dynamic_TF_carry/COAL-GEORDIE     2025-01-10 22:31:35.158606
dynamic_TF_carry/ZINC_LME         2025-01-10 22:31:35.158841
dynamic_TF_carry/EUR_micro        2025-01-10 22:31:35.159106
dynamic_TF_carry/GBP              2025-01-10 22:31:35.159339
dynamic_TF_carry/LEAD_LME         2025-01-10 22:31:35.159570
dynamic_TF_carry/US10             2025-01-10 22:31:35.159802
dynamic_TF_carry/CZK              2025-01-10 22:31:35.160032
dynamic_TF_carry/EURAUD           2025-01-10 22:31:35.160262
dynamic_TF_carry/BTP3             2025-01-10 22:31:35.160492
dynamic_TF_carry/ETHEREUM         2025-01-10 22:31:35.160726
dynamic_TF_carry/IRON             2025-01-10 22:31:35.160962
dynamic_TF_carry/RICE             2025-01-10 22:31:35.161197
dynamic_TF_carry/NIKKEI           2025-01-10 22:31:35.161431
dynamic_TF_carry/SP400            2025-01-10 22:31:35.161664
dynamic_TF_carry/US-INDUSTRY      2025-01-10 22:31:35.161895
dynamic_TF_carry/SMI-MID          2025-01-10 22:31:35.162367
dynamic_TF_carry/EU-RETAIL        2025-01-10 22:31:35.162598
dynamic_TF_carry/US2              2025-01-10 22:31:35.162829
dynamic_TF_carry/R1000            2025-01-10 22:31:35.163063
dynamic_TF_carry/EU-FOOD          2025-01-10 22:31:35.163297
dynamic_TF_carry/HANG_mini        2025-01-10 22:31:35.163528
dynamic_TF_carry/GBPJPY           2025-01-10 22:31:35.163759
dynamic_TF_carry/BUXL             2025-01-10 22:31:35.163993
dynamic_TF_carry/CAD2             2025-01-10 22:31:35.164223
dynamic_TF_carry/CNH              2025-01-10 22:31:35.164453
dynamic_TF_carry/COPPER           2025-01-10 22:31:35.164684
dynamic_TF_carry/GASOILINE        2025-01-10 22:31:35.164918
dynamic_TF_carry/BUND             2025-01-10 22:31:35.165387
dynamic_TF_carry/EPRA-EUROPE      2025-01-10 22:31:35.165617
dynamic_TF_carry/EU-TECH          2025-01-10 22:31:35.165852
dynamic_TF_carry/MSCISING         2025-01-10 22:31:35.166087
dynamic_TF_carry/GICS             2025-01-10 22:31:35.166319
dynamic_TF_carry/AUDJPY           2025-01-10 22:31:35.166550
dynamic_TF_carry/CLP              2025-01-10 22:31:35.166784
dynamic_TF_carry/SONIA3           2025-01-10 22:31:35.167015
dynamic_TF_carry/CHEESE           2025-01-10 22:31:35.167250
dynamic_TF_carry/EU-MID           2025-01-10 22:31:35.167481
dynamic_TF_carry/OAT              2025-01-10 22:31:35.167711
dynamic_TF_carry/WHEAT_ICE        2025-01-10 22:31:35.167947
dynamic_TF_carry/YENEUR           2025-01-10 22:31:35.168182
dynamic_TF_carry/AUD              2025-01-10 22:31:35.168414
dynamic_TF_carry/EUROSTX-SMALL    2025-01-10 22:31:35.168646
dynamic_TF_carry/SOFR             2025-01-10 22:31:35.168877
dynamic_TF_carry/SOYBEAN          2025-01-10 22:31:35.169112
dynamic_TF_carry/ROBUSTA          2025-01-10 22:31:35.169342
dynamic_TF_carry/EU-DJ-UTIL       2025-01-10 22:31:35.169577
dynamic_TF_carry/KR3              2025-01-10 22:31:35.169808
dynamic_TF_carry/MILKDRY          2025-01-10 22:31:35.170042
dynamic_TF_carry/MUMMY            2025-01-10 22:31:35.170277
dynamic_TF_carry/EU-DJ-TELECOM    2025-01-10 22:31:35.170512
dynamic_TF_carry/OJ               2025-01-10 22:31:35.170746
dynamic_TF_carry/EU-OIL           2025-01-10 22:31:35.171181
dynamic_TF_carry/GBPEUR           2025-01-10 22:31:35.171428
dynamic_TF_carry/NOK              2025-01-10 22:31:35.171666
dynamic_TF_carry/PALLAD           2025-01-10 22:31:35.171899
dynamic_TF_carry/COTTON           2025-01-10 22:31:35.172135
dynamic_TF_carry/US3              2025-01-10 22:31:35.172370
dynamic_TF_carry/BBCOMM           2025-01-10 22:31:35.172607
dynamic_TF_carry/CAD              2025-01-10 22:31:35.172843
dynamic_TF_carry/CHINAA-CON       2025-01-10 22:31:35.173080
dynamic_TF_carry/TWD              2025-01-10 22:31:35.173313
dynamic_TF_carry/US5              2025-01-10 22:31:35.173553
dynamic_TF_carry/NIKKEI400        2025-01-10 22:31:35.173789
dynamic_TF_carry/VNKI             2025-01-10 22:31:35.174030
dynamic_TF_carry/EU-BASIC         2025-01-10 22:31:35.174266
dynamic_TF_carry/US-MATERIAL      2025-01-10 22:31:35.174498
dynamic_TF_carry/COCOA            2025-01-10 22:31:35.174730
dynamic_TF_carry/AUD_micro        2025-01-10 22:31:35.174966
dynamic_TF_carry/US10U            2025-01-10 22:31:35.175199
dynamic_TF_carry/DOW              2025-01-10 22:31:35.175434
dynamic_TF_carry/MILKWET          2025-01-10 22:31:35.175667
dynamic_TF_carry/BUTTER           2025-01-10 22:31:35.175902
dynamic_TF_carry/CHFJPY           2025-01-10 22:31:35.176135
dynamic_TF_carry/CRUDE_W_micro    2025-01-10 22:31:35.176368
dynamic_TF_carry/RUBBER           2025-01-10 22:31:35.176603
dynamic_TF_carry/EU-HOUSE         2025-01-10 22:31:35.176836
dynamic_TF_carry/MIB              2025-01-10 22:31:35.177073
dynamic_TF_carry/OATIES           2025-01-10 22:31:35.177308
dynamic_TF_carry/SUGAR16          2025-01-10 22:31:35.177542
dynamic_TF_carry/MSCITAIWAN       2025-01-10 22:31:35.177779
dynamic_TF_carry/FTSECHINAA       2025-01-10 22:31:35.178019
dynamic_TF_carry/MSCIWORLD        2025-01-10 22:31:35.178252
dynamic_TF_carry/NASDAQ_micro     2025-01-10 22:31:35.178717
dynamic_TF_carry/KOSPI            2025-01-10 22:31:35.178949
dynamic_TF_carry/OMX              2025-01-10 22:31:35.179184
dynamic_TF_carry/EU-MEDIA         2025-01-10 22:31:35.179415
dynamic_TF_carry/GAS-PEN          2025-01-10 22:31:35.179883
dynamic_TF_carry/IBEX_mini        2025-01-10 22:31:35.180115
dynamic_TF_carry/WHEY             2025-01-10 22:31:35.180347
dynamic_TF_carry/EUROSTX-LARGE    2025-01-10 22:31:35.180578
dynamic_TF_carry/FEEDCOW          2025-01-10 22:31:35.180812
dynamic_TF_carry/SP500_micro      2025-01-10 22:31:35.181048
dynamic_TF_carry/US-STAPLES       2025-01-10 22:31:35.181280
dynamic_TF_carry/EURCAD           2025-01-10 22:31:35.181511
dynamic_TF_carry/CAC              2025-01-10 22:31:35.181742
dynamic_TF_carry/ZAR              2025-01-10 22:31:35.181980
dynamic_TF_carry/EURCHF           2025-01-10 22:31:35.182213
dynamic_TF_carry/GAS-LAST         2025-01-10 22:31:35.182447
dynamic_TF_carry/EU-BANKS         2025-01-10 22:31:35.182681
dynamic_TF_carry/FANG             2025-01-10 22:31:35.182915
dynamic_TF_carry/MILLWHEAT        2025-01-10 22:31:35.183146
dynamic_TF_carry/AEX              2025-01-10 22:31:35.183376
dynamic_TF_carry/FED              2025-01-10 22:31:35.183611
dynamic_TF_carry/JGB              2025-01-10 22:31:35.183841
dynamic_TF_carry/SPI200           2025-01-10 22:31:35.184077
dynamic_TF_carry/LIVECOW          2025-01-10 22:31:35.184308
dynamic_TF_carry/GBPCHF           2025-01-10 22:31:35.184540
dynamic_TF_carry/COPPER_LME       2025-01-10 22:31:35.184776
dynamic_TF_carry/COTTON2          2025-01-10 22:31:35.185007
dynamic_TF_carry/REDWHEAT         2025-01-10 22:31:35.185241
dynamic_TF_carry/TOPIX            2025-01-10 22:31:35.185473
dynamic_TF_carry/BITCOIN          2025-01-10 22:31:35.185708
dynamic_TF_carry/HEATOIL          2025-01-10 22:31:35.185947
dynamic_TF_carry/US-UTILS         2025-01-10 22:31:35.186179
dynamic_TF_carry/CAD5             2025-01-10 22:31:35.186410
dynamic_TF_carry/ALUMINIUM        2025-01-10 22:31:35.186645
dynamic_TF_carry/GAS_US_mini      2025-01-10 22:31:35.186879
dynamic_TF_carry/BRE              2025-01-10 22:31:35.187110
dynamic_TF_carry/IG               2025-01-10 22:31:35.187346
dynamic_TF_carry/EU-CHEM          2025-01-10 22:31:35.187577
dynamic_TF_carry/MSCIEAFA         2025-01-10 22:31:35.187808
dynamic_TF_carry/HIGHYIELD        2025-01-10 22:31:35.188039
dynamic_TF_carry/CH10             2025-01-10 22:31:35.188272
dynamic_TF_carry/PLN              2025-01-10 22:31:35.188505
dynamic_TF_carry/LUMBER-new       2025-01-10 22:31:35.188972
dynamic_TF_carry/BRENT-LAST       2025-01-10 22:31:35.189203
dynamic_TF_carry/MILK             2025-01-10 22:31:35.189438
dynamic_TF_carry/TIN_LME          2025-01-10 22:31:35.189671
dynamic_TF_carry/EURO600          2025-01-10 22:31:35.189905
dynamic_TF_carry/EUROSTX200-LARGE 2025-01-10 22:31:35.190137
dynamic_TF_carry/EU-HEALTH        2025-01-10 22:31:35.190369
dynamic_TF_carry/RUSSELL          2025-01-10 22:31:35.190605
dynamic_TF_carry/FTSEINDO         2025-01-10 22:31:35.190841
dynamic_TF_carry/KRWUSD_mini      2025-01-10 22:31:35.191075
dynamic_TF_carry/COPPER-micro     2025-01-10 22:31:35.191310
dynamic_TF_carry/US30             2025-01-10 22:31:35.191547
dynamic_TF_carry/GOLD_micro       2025-01-10 22:31:35.191783
dynamic_TF_carry/MXP              2025-01-10 22:31:35.192019
dynamic_TF_carry/INR              2025-01-10 22:31:35.192253
dynamic_TF_carry/FTSE100          2025-01-10 22:31:35.192487
dynamic_TF_carry/MSCIEMASIA       2025-01-10 22:31:35.192721
dynamic_TF_carry/KOSDAQ           2025-01-10 22:31:35.192955
dynamic_TF_carry/KRWUSD           2025-01-10 22:31:35.193190
dynamic_TF_carry/SMI              2025-01-10 22:31:35.193425
dynamic_TF_carry/IRS              2025-01-10 22:31:35.193661
dynamic_TF_carry/SUGAR_WHITE      2025-01-10 22:31:35.193895
dynamic_TF_carry/BONO             2025-01-10 22:31:35.194136
dynamic_TF_carry/JP-REALESTATE    2025-01-10 22:31:35.194372
dynamic_TF_carry/EUROSTX          2025-01-10 22:31:35.194609
dynamic_TF_carry/EU-CONSTRUCTION  2025-01-10 22:31:35.194846
dynamic_TF_carry/SWISSLEAD        2025-01-10 22:31:35.195081
dynamic_TF_carry/FTSETAIWAN       2025-01-10 22:31:35.195554
dynamic_TF_carry/SGD              2025-01-10 22:31:35.196028
dynamic_TF_carry/COCOA_LDN        2025-01-10 22:31:35.196264
dynamic_TF_carry/VIX              2025-01-10 22:31:35.196502
dynamic_TF_carry/COAL             2025-01-10 22:31:35.196736
dynamic_TF_carry/CORN             2025-01-10 22:31:35.196973
dynamic_TF_carry/RUR              2025-01-10 22:31:35.197209
dynamic_TF_carry/BRENT_W          2025-01-10 22:31:35.197444
dynamic_TF_carry/EU-INSURE        2025-01-10 22:31:35.197675
dynamic_TF_carry/FTSE250          2025-01-10 22:31:35.197914
dynamic_TF_carry/KR10             2025-01-10 22:31:35.198148
dynamic_TF_carry/KOSPI_mini       2025-01-10 22:31:35.198384
dynamic_TF_carry/SARONA           2025-01-10 22:31:35.198617
dynamic_TF_carry/GASOIL           2025-01-10 22:31:35.198848
dynamic_TF_carry/SOYOIL           2025-01-10 22:31:35.199085
dynamic_TF_carry/FTSEVIET         2025-01-10 22:31:35.199318
dynamic_TF_carry/NZD              2025-01-10 22:31:35.199550
dynamic_TF_carry/PLAT             2025-01-10 22:31:35.199786
dynamic_TF_carry/ETHANOL          2025-01-10 22:31:35.200017
dynamic_TF_carry/HANGENT_mini     2025-01-10 22:31:35.200248
dynamic_TF_carry/CRUDE_ICE        2025-01-10 22:31:35.200480
dynamic_TF_carry/US-DISCRETE      2025-01-10 22:31:35.200711
dynamic_TF_carry/SEK              2025-01-10 22:31:35.200943
dynamic_TF_carry/BTP              2025-01-10 22:31:35.201175
dynamic_TF_carry/EUR              2025-01-10 22:31:35.201410
dynamic_TF_carry/FTSECHINAH       2025-01-10 22:31:35.201642
dynamic_TF_carry/HANGTECH         2025-01-10 22:31:35.201875
dynamic_TF_carry/BOVESPA          2025-01-10 22:31:35.202112
dynamic_TF_carry/EU-AUTO          2025-01-10 22:31:35.202345
dynamic_TF_carry/JPY              2025-01-10 22:31:35.202581
dynamic_TF_carry/STEEL            2025-01-10 22:31:35.202812
dynamic_TF_carry/EURIBOR          2025-01-10 22:31:35.203276
dynamic_TF_carry/SILVER           2025-01-10 22:31:35.203508
dynamic_TF_carry/NICKEL_LME       2025-01-10 22:31:35.203745
dynamic_TF_carry/EU-REALESTATE    2025-01-10 22:31:35.203977
dynamic_TF_carry/DJSTX-SMALL      2025-01-10 22:31:35.204442
dynamic_TF_carry/BOBL             2025-01-10 22:31:35.204679
dynamic_TF_carry/HOUSE-US         2025-01-10 22:31:35.204910
dynamic_TF_carry/EU-DIV30         2025-01-10 22:31:35.205141
dynamic_TF_carry/SOYMEAL          2025-01-10 22:31:35.205373
dynamic_TF_carry/US-ENERGY        2025-01-10 22:31:35.205609
dynamic_TF_carry/EU-UTILS         2025-01-10 22:31:35.206081
dynamic_TF_carry/EUA              2025-01-10 22:31:35.206317
dynamic_TF_carry/SUGAR11          2025-01-10 22:31:35.206785


======================================================================================================================
                                                Status of trade limits                                                
======================================================================================================================

                   period_days  trade_limit  trades_since_last_reset  trade_capacity_remaining   time_since_last_reset
 VIX                        30            5                      5.0                       0.0 29 days 07:56:45.311306
 COPPER                     30            4                      2.0                       2.0 22 days 08:56:51.361785
 CAD                        30            6                      3.0                       3.0 29 days 07:56:37.775311
 VIX                        14            4                      1.0                       3.0  2 days 07:56:59.903584
 YENEUR                     30            4                      1.0                       3.0 22 days 07:56:24.947591
 OAT                        30            4                      1.0                       3.0 21 days 14:57:05.937233
 EU-DJ-TELECOM               1            4                      0.0                       4.0  0 days 00:00:00.000001
 EU-DJ-TECH                  1            4                      0.0                       4.0  0 days 00:00:00.000002
 EU-DJ-OIL                   1            4                      0.0                       4.0  0 days 00:00:00.000001
 EU-CONSTRUCTION             1            4                      0.0                       4.0  0 days 00:00:00.000002
 ETHANOL                     1            4                      0.0                       4.0  0 days 00:00:00.000002
 CZK                         1            4                      0.0                       4.0  0 days 00:00:00.000001
 COTTON                      1            4                      0.0                       4.0  0 days 00:00:00.000002
 COPPER-mini                 1            4                      0.0                       4.0  0 days 00:00:00.000001
 CORN                        1            4                      0.0                       4.0  0 days 00:00:00.000003
 EU-DJ-UTIL                  1            4                      0.0                       4.0  0 days 00:00:00.000002
 CLP                         1            4                      0.0                       4.0  0 days 00:00:00.000001
 CH10                        1            4                      0.0                       4.0  0 days 00:00:00.000002
 BUTTER                      1            4                      0.0                       4.0  0 days 00:00:00.000001
 BOVESPA                     1            4                      0.0                       4.0  0 days 00:00:00.000002
 BEL20                       1            4                      0.0                       4.0  0 days 00:00:00.000001
 ALUMINIUM                   1            4                      0.0                       4.0  0 days 00:00:00.000002
 US30                       30            4                      0.0                       4.0 22 days 07:56:27.941587
 CNH-onshore                 1            4                      0.0                       4.0  0 days 00:00:00.000002
 EU-HOUSE                    1            4                      0.0                       4.0  0 days 00:00:00.000001
 EU-MEDIA                    1            4                      0.0                       4.0  0 days 00:00:00.000002
 EU-MID                      1            4                      0.0                       4.0  0 days 00:00:00.000001
 US-ENERGY                   1            4                      0.0                       4.0  0 days 00:00:00.000002
 US-DISCRETE                 1            4                      0.0                       4.0  0 days 00:00:00.000001
 SMI-MID                     1            4                      0.0                       4.0  0 days 00:00:00.000002
 SGX                         1            4                      0.0                       4.0  0 days 00:00:00.000001
 SGD                         1            4                      0.0                       4.0  0 days 00:00:00.000002
 OMX                         1            4                      0.0                       4.0  0 days 00:00:00.000001
 MSCIASIA                    1            4                      0.0                       4.0  0 days 00:00:00.000002
 MILKWET                     1            4                      0.0                       4.0  0 days 00:00:00.000001
 MILKDRY                     1            4                      0.0                       4.0  0 days 00:00:00.000002
 US3                        30            4                      0.0                       4.0  0 days 00:00:00.000002
 MID-DAX                     1            4                      0.0                       4.0  0 days 00:00:00.000001
 JGB-SGX-mini                1            4                      0.0                       4.0  0 days 00:00:00.000002
 IRS                         1            4                      0.0                       4.0  0 days 00:00:00.000001
 FTSEINDO                    1            4                      0.0                       4.0  0 days 00:00:00.000002
 EUROSTX200-LARGE            1            4                      0.0                       4.0  0 days 00:00:00.000001
 EUROSTX-SMALL               1            4                      0.0                       4.0  0 days 00:00:00.000002
 EUROSTX-LARGE               1            4                      0.0                       4.0  0 days 00:00:00.000001
 EURIBOR                     1            4                      0.0                       4.0  0 days 00:00:00.000002
 EURCHF                      1            4                      0.0                       4.0  0 days 00:00:00.000001
 EU-REALESTATE               1            4                      0.0                       4.0  0 days 00:00:00.000002
 JP-REALESTATE               1            4                      0.0                       4.0  0 days 00:00:00.000002
 US10U                      30            4                      0.0                       4.0  0 days 00:00:00.000001
 SEK                        30            4                      0.0                       4.0  0 days 00:00:00.000001
 US-HEALTH                   1            4                      0.0                       4.0  0 days 00:00:00.000001
 HEATOIL                    14            4                      0.0                       4.0  0 days 00:00:00.000001
 GBPEUR                     14            4                      0.0                       4.0  0 days 00:00:00.000002
 GAS-LAST                   14            4                      0.0                       4.0  0 days 00:00:00.000001
 FTSETAIWAN                 14            4                      0.0                       4.0  0 days 00:00:00.000002
 EU-TECH                    14            4                      0.0                       4.0  0 days 00:00:00.000002
 EU-CHEM                    14            4                      0.0                       4.0  0 days 00:00:00.000002
 ETHEREUM                   14            4                      0.0                       4.0  0 days 00:00:00.000002
 CNH                        14            4                      0.0                       4.0  0 days 00:00:00.000001
 BUXL                       14            4                      0.0                       4.0  2 days 08:41:03.857057
 BTP3                       14            4                      0.0                       4.0  0 days 00:00:00.000001
 BRENT-LAST                 14            4                      0.0                       4.0  4 days 08:57:01.640049
 BONO                       14            4                      0.0                       4.0  0 days 00:00:00.000002
 YENEUR                      1            4                      0.0                       4.0  0 days 00:00:00.000002
 US3                         1            4                      0.0                       4.0  0 days 00:00:00.000001
 US10U                       1            4                      0.0                       4.0  0 days 00:00:00.000001
 US-REALESTATE               1            4                      0.0                       4.0  0 days 00:00:00.000002
 TOPIX                       1            4                      0.0                       4.0  0 days 00:00:00.000001
 SP400                       1            4                      0.0                       4.0  0 days 00:00:00.000002
 SEK                         1            4                      0.0                       4.0  0 days 00:00:00.000001
 JGB                        14            4                      0.0                       4.0  0 days 00:00:00.000002
 SP400                      30            4                      0.0                       4.0  0 days 00:00:00.000001
 ZAR                         1            4                      0.0                       4.0  0 days 00:00:00.000001
 R1000                      14            4                      0.0                       4.0  0 days 00:00:00.000002
 NOK                        30            4                      0.0                       4.0  0 days 00:00:00.000002
 JGB                        30            4                      0.0                       4.0  0 days 00:00:00.000002
 HEATOIL                    30            4                      0.0                       4.0  0 days 00:00:00.000002
 GBPEUR                     30            4                      0.0                       4.0  0 days 00:00:00.000001
 GASOILINE                  30            4                      0.0                       4.0  0 days 00:00:00.000002
 GAS-LAST                   30            4                      0.0                       4.0  0 days 00:00:00.000001
