
********************************************************************************
                   Status report produced on 15/06/2026 22:54                   
********************************************************************************



===================================================================================================
                                          Delayed methods                                          
===================================================================================================

                  process_name                 last_start                last_end currently_running
clean_log_files   run_cleaners 2026-05-14 22:45:04.423207 2026-05-12 22:45:04.575              True
backup_db_to_csv   run_backups 2026-05-15 22:46:04.478052 2026-05-12 22:53:43.982              True


====================================
    Delayed adjusted / FX prices    
====================================

                         last_update
SGX              2026-03-02 23:00:04
IG               2026-05-22 20:00:01
HIGHYIELD        2026-05-22 20:00:01
TWD-mini         2026-06-08 23:00:01
GASOILINE_micro  2026-06-11 23:00:00
EUROSTX-LARGE    2026-06-11 23:00:00
HOUSE-US         2026-06-11 23:00:00
MSCIWORLD        2026-06-11 23:00:00
COTTON           2026-06-11 23:00:00
EPRA-EUROPE      2026-06-11 23:00:00
OMX              2026-06-11 23:00:00
PLN              2026-06-11 23:00:00
CH10             2026-06-11 23:00:00
CLP              2026-06-11 23:00:00
BOVESPA          2026-06-11 23:00:00
TIN_LME          2026-06-11 23:00:00
SGD_mini         2026-06-11 23:00:00
GAS-PEN          2026-06-11 23:00:00
CZK              2026-06-11 23:00:01
CHFJPY           2026-06-11 23:00:01
IRS              2026-06-11 23:00:01
CNH-onshore      2026-06-11 23:00:02
SWISSLEAD        2026-06-12 09:00:00
EUROSTX200-LARGE 2026-06-12 11:00:00
COAL-GEORDIE     2026-06-12 13:00:00
EU-DJ-TELECOM    2026-06-12 14:00:00
SMI-MID          2026-06-12 14:00:00
AEX_mini         2026-06-12 14:00:00
EU-DJ-OIL        2026-06-12 14:00:00
SUGAR_WHITE      2026-06-12 15:00:00
EUROSTX-SMALL    2026-06-12 15:00:00
EURIBOR          2026-06-12 15:00:00
GASOILINE_ICE    2026-06-12 15:00:00
EU-TRAVEL        2026-06-12 15:00:00
EU-CONSTRUCTION  2026-06-12 15:00:00
EU-DJ-TECH       2026-06-12 15:00:00
EU-DJ-UTIL       2026-06-12 15:00:00
EU-MID           2026-06-12 15:00:00
FTSE250          2026-06-12 15:00:00
EUA              2026-06-12 15:00:00
COAL             2026-06-12 15:00:00
COCOA_LDN        2026-06-12 15:00:00
ALUMINIUM_LME    2026-06-12 15:00:00
SONIA3           2026-06-12 15:00:00
BONO             2026-06-12 15:00:00
SARONA           2026-06-12 15:00:00
ROBUSTA          2026-06-12 15:00:00
BRENT_W          2026-06-12 15:00:00
GILT             2026-06-12 15:00:00
MSCIASIA         2026-06-12 15:00:00
MILLWHEAT        2026-06-12 15:00:00
MIB              2026-06-12 15:00:00
NICKEL_LME       2026-06-12 15:00:00
IBEX_mini        2026-06-12 15:00:00
HEATOIL-ICE      2026-06-12 15:00:00
LEAD_LME         2026-06-12 15:00:00
ZINC_LME         2026-06-12 15:00:00
EU-HOUSE         2026-06-12 15:00:00
IBEX             2026-06-12 15:00:00
CRUDE_ICE        2026-06-12 15:00:01
WHEAT_ICE        2026-06-12 15:00:01
COPPER_LME       2026-06-12 15:00:01
GASOIL           2026-06-12 15:00:01
FTSE100          2026-06-12 15:00:01
EU-CHEM          2026-06-12 15:00:02
OAT              2026-06-12 16:00:00
EU-UTILS         2026-06-12 16:00:00
EU-TECH          2026-06-12 16:00:00
EU-RETAIL        2026-06-12 16:00:00
EURIBOR-ICE      2026-06-12 16:00:00
EU-OIL           2026-06-12 16:00:00
EU-MEDIA         2026-06-12 16:00:00
SHATZ            2026-06-12 16:00:00
EU-REALESTATE    2026-06-12 16:00:00
AEX              2026-06-12 16:00:00
EU-HEALTH        2026-06-12 16:00:00
EU-INSURE        2026-06-12 16:00:00
CAC              2026-06-12 16:00:00
BUXL             2026-06-12 16:00:00
BUND             2026-06-12 16:00:00
BTP              2026-06-12 16:00:00
BOBL             2026-06-12 16:00:00
DAX              2026-06-12 16:00:00
BTP3             2026-06-12 16:00:00
EU-BASIC         2026-06-12 16:00:00
EU-FOOD          2026-06-12 16:00:00
EU-AUTO          2026-06-12 16:00:00
SMI              2026-06-12 16:00:01
EURO600          2026-06-12 16:00:01
EUROSTX          2026-06-12 16:00:01
EU-BANKS         2026-06-12 16:00:01
V2X              2026-06-12 16:00:02
AUDJPY           2026-06-12 16:00:02
EU-DIV30         2026-06-12 16:00:02
MILKWET          2026-06-12 17:00:00
SUGAR16          2026-06-12 17:00:00
SUGAR11          2026-06-12 17:00:00
GICS             2026-06-12 17:00:02
KRWUSD           2026-06-12 17:00:02
ALUMINIUM        2026-06-12 18:00:00
R1000            2026-06-12 18:00:00
COCOA            2026-06-12 18:00:00
COFFEE           2026-06-12 18:00:00
OJ               2026-06-12 18:00:00
GBPCHF           2026-06-12 18:00:01
LEANHOG          2026-06-12 19:00:00
INR              2026-06-12 19:00:00
CANOLA           2026-06-12 19:00:00
CHEESE           2026-06-12 19:00:00
CAD5             2026-06-12 19:00:00
LIVECOW          2026-06-12 19:00:00
SOYOIL           2026-06-12 19:00:00
MILKDRY          2026-06-12 19:00:00
CAD10            2026-06-12 19:00:00
OATIES           2026-06-12 19:00:00
REDWHEAT         2026-06-12 19:00:00
RICE             2026-06-12 19:00:00
BRE              2026-06-12 19:00:00
STEEL            2026-06-12 19:00:00
SOYBEAN          2026-06-12 19:00:00
SOYBEAN_mini     2026-06-12 19:00:00
SOYMEAL          2026-06-12 19:00:00
MILK             2026-06-12 19:00:00
US-DISCRETE      2026-06-12 19:00:00
WHEAT            2026-06-12 19:00:00
FEEDCOW          2026-06-12 19:00:00
ETHER-micro      2026-06-12 19:00:00
GAS-LAST         2026-06-12 19:00:00
CORN             2026-06-12 19:00:00
FANG             2026-06-12 19:00:00
GAS_US_mini      2026-06-12 19:00:00
CORN_mini        2026-06-12 19:00:00
COTTON2          2026-06-12 19:00:00
WHEAT_mini       2026-06-12 19:00:00
CRUDE_W_mini     2026-06-12 19:00:00
WHEY             2026-06-12 19:00:01
BUTTER           2026-06-12 19:00:01
SEK              2026-06-12 19:00:01
BBCOMM           2026-06-12 19:00:01
GBPJPY           2026-06-12 19:00:02
GBPEUR           2026-06-12 19:00:02
EURCAD           2026-06-12 19:00:02
EURAUD           2026-06-12 19:00:02
CRUDE_W          2026-06-12 20:00:00
NZD              2026-06-12 20:00:00
GOLD_micro       2026-06-12 20:00:00
NOK              2026-06-12 20:00:00
MXP              2026-06-12 20:00:00
EUR_micro        2026-06-12 20:00:00
PLAT             2026-06-12 20:00:00
FED              2026-06-12 20:00:00
US-INDUSTRY      2026-06-12 20:00:00
BRENT-LAST       2026-06-12 20:00:00
CRUDE_W_micro    2026-06-12 20:00:00
BITCOIN          2026-06-12 20:00:00
AUD_micro        2026-06-12 20:00:00
SILVER           2026-06-12 20:00:00
DOW              2026-06-12 20:00:00
SOFR             2026-06-12 20:00:00
AUD              2026-06-12 20:00:00
EUR              2026-06-12 20:00:00
DX               2026-06-12 20:00:00
PALLAD           2026-06-12 20:00:00
MSCIEMASIA       2026-06-12 20:00:00
JPY              2026-06-12 20:00:00
CAD              2026-06-12 20:00:00
US30             2026-06-12 20:00:00
CHF              2026-06-12 20:00:00
US2              2026-06-12 20:00:00
GBP              2026-06-12 20:00:00
ZAR              2026-06-12 20:00:00
US10U            2026-06-12 20:00:00
US10             2026-06-12 20:00:00
GOLD             2026-06-12 20:00:00
HEATOIL          2026-06-12 20:00:00
US20             2026-06-12 20:00:00
GOLD-mini        2026-06-12 20:00:00
US5              2026-06-12 20:00:00
GAS_US           2026-06-12 20:00:00
COPPER           2026-06-12 20:00:00
COPPER-micro     2026-06-12 20:00:00
CAD2             2026-06-12 20:00:00
VIX              2026-06-12 20:00:00
GASOILINE        2026-06-12 20:00:00
VIX_mini         2026-06-12 20:00:00
COPPER-mini      2026-06-12 20:00:00
US3              2026-06-12 20:00:00
SP500            2026-06-12 20:00:01
SP500_micro      2026-06-12 20:00:01
DOW_mini         2026-06-12 20:00:01
GBP_micro        2026-06-12 20:00:01
ETHEREUM         2026-06-12 20:00:01
CAD_micro        2026-06-12 20:00:01
SP400            2026-06-12 20:00:01
RUSSELL          2026-06-12 20:00:01
RUSSELL_mini     2026-06-12 20:00:01
MSCIEAFA         2026-06-12 20:00:01
NASDAQ           2026-06-12 20:00:01
JPY_mini         2026-06-12 20:00:01
NASDAQ_micro     2026-06-12 20:00:01
US-MATERIAL      2026-06-12 20:00:01
US-HEALTH        2026-06-12 20:00:02
US-ENERGY        2026-06-12 20:00:02
LUMBER-new       2026-06-12 20:00:02
YENEUR           2026-06-12 20:00:02
US-REALESTATE    2026-06-12 20:00:02
US-STAPLES       2026-06-12 20:00:02
EURCHF           2026-06-12 20:00:02
US-UTILS         2026-06-12 20:00:02
EUR_mini         2026-06-12 20:00:02
CHF_micro        2026-06-12 20:00:02


===============================================
           Delayed optimal positions           
===============================================

                                    last_update
dynamic_TF_carry/SGX 2024-12-02 22:31:28.544775

Instruments at trade limit: No constraints

================================================
         Instruments at position limit          
================================================

                 keys  position pos_limit  spare
244           MILKDRY         0         0      0
37              KOSPI         0         0      0
38                NOK         0         0      0
39       COAL-GEORDIE         0         0      0
168     EUROSTX-LARGE         0         0      0
165          SGD_mini         0         0      0
91           JPY_mini         0         0      0
44                OMX         0         0      0
158              GICS         0         0      0
46           ETHEREUM         0         0      0
155         GOLD-mini         0         0      0
51            HEATOIL         0         0      0
142        COPPER_LME         0         0      0
136         SWISSLEAD         0         0      0
55               GOLD         0         0      0
129               SGX         0         0      0
128               CHF        -3         3      0
124       COPPER-mini         0         0      0
93        CNH-onshore         0         0      0
94                MIB         0         0      0
83             PALLAD         0         0      0
99             GBPCHF         0         0      0
75        HEATOIL-ICE         0         0      0
108          EU-HOUSE         0         0      0
36      EU-DJ-TELECOM         0         0      0
109            CHFJPY         0         0      0
114            BUTTER         0         0      0
118           SUGAR16         0         0      0
66            BOVESPA         0         0      0
65          CRUDE_ICE         0         0      0
64        EPRA-EUROPE         0         0      0
119            COTTON         0         0      0
112           MILKWET         0         0      0
170             SP400         0         0      0
87             GBPJPY         0         0      0
33               WHEY         0         0      0
227              VNKI         0         0      0
226            NASDAQ         0         0      0
225           GAS-PEN         0         0      0
222            KRWUSD         0         0      0
220               SGD         0         0      0
172              BONO         0         0      0
213            EURAUD         0         0      0
208               CLP         0         0      0
5            HOUSE-US         0         0      0
205          TWD-mini         0         0      0
204           TIN_LME         0         0      0
202               CZK         0         0      0
229               IRS         0         0      0
192         EU-DJ-OIL         0         0      0
199            EURCAD         0         0      0
242          AEX_mini         0         0      0
198  EUROSTX200-LARGE         0         0      0
240   GASOILINE_micro         0         0      0
196              COAL         0         0      0
184               PLN         0         0      0
195          FTSEINDO         0         0      0
26         EU-DJ-TECH         0         0      0
237              CH10         0         0      0
29      GASOILINE_ICE         0         0      0
3              AUDJPY         0         0      0


==========================================================
         Overrides in database consider deleting          
==========================================================

                                                  override
NICKEL_LME              Override Close because in database
MILKDRY           Override Reduce only because in database
OATIES            Override Reduce only because in database
COPPER-mini       Override Reduce only because in database
SOYBEAN_mini      Override Reduce only because in database
GAS_US_mini       Override Reduce only because in database
IBEX              Override Reduce only because in database
EU-INSURE         Override Reduce only because in database
OMX               Override Reduce only because in database
SUGAR16           Override Reduce only because in database
IBEX_mini         Override Reduce only because in database
R1000             Override Reduce only because in database
EU-CONSTRUCTION   Override Reduce only because in database
MIB               Override Reduce only because in database
MSCIASIA          Override Reduce only because in database
FTSE250           Override Reduce only because in database
EU-REALESTATE     Override Reduce only because in database
CORN_mini         Override Reduce only because in database
EU-DJ-UTIL        Override Reduce only because in database
CRUDE_W_mini      Override Reduce only because in database
CAC               Override Reduce only because in database
EU-HOUSE          Override Reduce only because in database
FANG              Override Reduce only because in database
EU-UTILS          Override Reduce only because in database
EU-AUTO           Override Reduce only because in database
DAX               Override Reduce only because in database
EUROSTX-SMALL     Override Reduce only because in database
STEEL             Override Reduce only because in database
US-DISCRETE       Override Reduce only because in database
US-INDUSTRY       Override Reduce only because in database
EU-MID            Override Reduce only because in database
EU-MEDIA          Override Reduce only because in database
EUROSTX-LARGE     Override Reduce only because in database
EU-HEALTH         Override Reduce only because in database
GASOILINE_micro   Override Reduce only because in database
EU-TECH           Override Reduce only because in database
MSCIWORLD         Override Reduce only because in database
EUROSTX200-LARGE  Override Reduce only because in database
EU-DJ-OIL         Override Reduce only because in database
EU-FOOD           Override Reduce only because in database
EU-OIL            Override Reduce only because in database
EU-DJ-TECH        Override Reduce only because in database
AEX               Override Reduce only because in database
AEX_mini          Override Reduce only because in database
EU-BASIC          Override Reduce only because in database
EU-TRAVEL         Override Reduce only because in database
EU-DJ-TELECOM     Override Reduce only because in database
BOVESPA           Override Reduce only because in database
EPRA-EUROPE       Override Reduce only because in database
EU-RETAIL         Override Reduce only because in database
MSCIEMASIA        Override Reduce only because in database
SWISSLEAD         Override Reduce only because in database
SMI-MID           Override Reduce only because in database
VIX_mini          Override Reduce only because in database
COAL              Override Reduce only because in database
INR               Override Reduce only because in database
RICE              Override Reduce only because in database
FTSEINDO          Override Reduce only because in database
FTSECHINAH        Override Reduce only because in database
FTSECHINAA        Override Reduce only because in database
FTSETAIWAN        Override Reduce only because in database
COTTON            Override Reduce only because in database
BRENT-LAST        Override Reduce only because in database
MSCISING          Override Reduce only because in database
GAS-PEN           Override Reduce only because in database
HANG              Override Reduce only because in database
MSCITAIWAN        Override Reduce only because in database
SGX               Override Reduce only because in database
HANGTECH          Override Reduce only because in database
HANGENT           Override Reduce only because in database
FTSEVIET          Override Reduce only because in database

Locked instruments (position mismatch): []

==============================================
Status of adjusted price / FX price collection
==============================================

                         last_update
SGX              2026-03-02 23:00:04
IG               2026-05-22 20:00:01
HIGHYIELD        2026-05-22 20:00:01
TWD-mini         2026-06-08 23:00:01
GASOILINE_micro  2026-06-11 23:00:00
EUROSTX-LARGE    2026-06-11 23:00:00
HOUSE-US         2026-06-11 23:00:00
MSCIWORLD        2026-06-11 23:00:00
COTTON           2026-06-11 23:00:00
EPRA-EUROPE      2026-06-11 23:00:00
OMX              2026-06-11 23:00:00
PLN              2026-06-11 23:00:00
CH10             2026-06-11 23:00:00
CLP              2026-06-11 23:00:00
BOVESPA          2026-06-11 23:00:00
TIN_LME          2026-06-11 23:00:00
SGD_mini         2026-06-11 23:00:00
GAS-PEN          2026-06-11 23:00:00
CZK              2026-06-11 23:00:01
CHFJPY           2026-06-11 23:00:01
IRS              2026-06-11 23:00:01
CNH-onshore      2026-06-11 23:00:02
SWISSLEAD        2026-06-12 09:00:00
EUROSTX200-LARGE 2026-06-12 11:00:00
COAL-GEORDIE     2026-06-12 13:00:00
EU-DJ-TELECOM    2026-06-12 14:00:00
SMI-MID          2026-06-12 14:00:00
AEX_mini         2026-06-12 14:00:00
EU-DJ-OIL        2026-06-12 14:00:00
SUGAR_WHITE      2026-06-12 15:00:00
EUROSTX-SMALL    2026-06-12 15:00:00
EURIBOR          2026-06-12 15:00:00
GASOILINE_ICE    2026-06-12 15:00:00
EU-TRAVEL        2026-06-12 15:00:00
EU-CONSTRUCTION  2026-06-12 15:00:00
EU-DJ-TECH       2026-06-12 15:00:00
EU-DJ-UTIL       2026-06-12 15:00:00
EU-MID           2026-06-12 15:00:00
FTSE250          2026-06-12 15:00:00
EUA              2026-06-12 15:00:00
COAL             2026-06-12 15:00:00
COCOA_LDN        2026-06-12 15:00:00
ALUMINIUM_LME    2026-06-12 15:00:00
SONIA3           2026-06-12 15:00:00
BONO             2026-06-12 15:00:00
SARONA           2026-06-12 15:00:00
ROBUSTA          2026-06-12 15:00:00
BRENT_W          2026-06-12 15:00:00
GILT             2026-06-12 15:00:00
MSCIASIA         2026-06-12 15:00:00
MILLWHEAT        2026-06-12 15:00:00
MIB              2026-06-12 15:00:00
NICKEL_LME       2026-06-12 15:00:00
IBEX_mini        2026-06-12 15:00:00
HEATOIL-ICE      2026-06-12 15:00:00
LEAD_LME         2026-06-12 15:00:00
ZINC_LME         2026-06-12 15:00:00
EU-HOUSE         2026-06-12 15:00:00
IBEX             2026-06-12 15:00:00
CRUDE_ICE        2026-06-12 15:00:01
WHEAT_ICE        2026-06-12 15:00:01
COPPER_LME       2026-06-12 15:00:01
GASOIL           2026-06-12 15:00:01
FTSE100          2026-06-12 15:00:01
EU-CHEM          2026-06-12 15:00:02
OAT              2026-06-12 16:00:00
EU-UTILS         2026-06-12 16:00:00
EU-TECH          2026-06-12 16:00:00
EU-RETAIL        2026-06-12 16:00:00
EURIBOR-ICE      2026-06-12 16:00:00
EU-OIL*          2026-06-12 16:00:00
EU-MEDIA         2026-06-12 16:00:00
SHATZ            2026-06-12 16:00:00
EU-REALESTATE    2026-06-12 16:00:00
AEX              2026-06-12 16:00:00
EU-HEALTH        2026-06-12 16:00:00
EU-INSURE        2026-06-12 16:00:00
CAC*             2026-06-12 16:00:00
BUXL             2026-06-12 16:00:00
BUND             2026-06-12 16:00:00
BTP              2026-06-12 16:00:00
BOBL             2026-06-12 16:00:00
DAX              2026-06-12 16:00:00
BTP3             2026-06-12 16:00:00
EU-BASIC*        2026-06-12 16:00:00
EU-FOOD          2026-06-12 16:00:00
EU-AUTO          2026-06-12 16:00:00
SMI              2026-06-12 16:00:01
EURO600          2026-06-12 16:00:01
EUROSTX          2026-06-12 16:00:01
EU-BANKS         2026-06-12 16:00:01
V2X              2026-06-12 16:00:02
AUDJPY           2026-06-12 16:00:02
EU-DIV30         2026-06-12 16:00:02
MILKWET          2026-06-12 17:00:00
SUGAR16          2026-06-12 17:00:00
SUGAR11          2026-06-12 17:00:00
GICS             2026-06-12 17:00:02
KRWUSD           2026-06-12 17:00:02
ALUMINIUM        2026-06-12 18:00:00
R1000            2026-06-12 18:00:00
COCOA            2026-06-12 18:00:00
COFFEE           2026-06-12 18:00:00
OJ               2026-06-12 18:00:00
GBPCHF           2026-06-12 18:00:01
LEANHOG*         2026-06-12 19:00:00
INR              2026-06-12 19:00:00
CANOLA*          2026-06-12 19:00:00
CHEESE           2026-06-12 19:00:00
CAD5             2026-06-12 19:00:00
LIVECOW*         2026-06-12 19:00:00
SOYOIL           2026-06-12 19:00:00
MILKDRY          2026-06-12 19:00:00
CAD10*           2026-06-12 19:00:00
OATIES           2026-06-12 19:00:00
REDWHEAT*        2026-06-12 19:00:00
RICE             2026-06-12 19:00:00
BRE              2026-06-12 19:00:00
STEEL            2026-06-12 19:00:00
SOYBEAN          2026-06-12 19:00:00
SOYBEAN_mini     2026-06-12 19:00:00
SOYMEAL          2026-06-12 19:00:00
MILK             2026-06-12 19:00:00
US-DISCRETE      2026-06-12 19:00:00
WHEAT            2026-06-12 19:00:00
FEEDCOW          2026-06-12 19:00:00
ETHER-micro      2026-06-12 19:00:00
GAS-LAST         2026-06-12 19:00:00
CORN             2026-06-12 19:00:00
FANG             2026-06-12 19:00:00
GAS_US_mini*     2026-06-12 19:00:00
CORN_mini        2026-06-12 19:00:00
COTTON2          2026-06-12 19:00:00
WHEAT_mini       2026-06-12 19:00:00
CRUDE_W_mini     2026-06-12 19:00:00
WHEY             2026-06-12 19:00:01
BUTTER           2026-06-12 19:00:01
SEK              2026-06-12 19:00:01
BBCOMM           2026-06-12 19:00:01
GBPJPY           2026-06-12 19:00:02
GBPEUR           2026-06-12 19:00:02
EURCAD           2026-06-12 19:00:02
EURAUD           2026-06-12 19:00:02
CRUDE_W          2026-06-12 20:00:00
NZD              2026-06-12 20:00:00
GOLD_micro*      2026-06-12 20:00:00
NOK              2026-06-12 20:00:00
MXP*             2026-06-12 20:00:00
EUR_micro        2026-06-12 20:00:00
PLAT             2026-06-12 20:00:00
FED              2026-06-12 20:00:00
US-INDUSTRY      2026-06-12 20:00:00
BRENT-LAST       2026-06-12 20:00:00
CRUDE_W_micro*   2026-06-12 20:00:00
BITCOIN*         2026-06-12 20:00:00
AUD_micro*       2026-06-12 20:00:00
SILVER           2026-06-12 20:00:00
DOW              2026-06-12 20:00:00
SOFR             2026-06-12 20:00:00
AUD              2026-06-12 20:00:00
EUR              2026-06-12 20:00:00
DX               2026-06-12 20:00:00
PALLAD           2026-06-12 20:00:00
MSCIEMASIA       2026-06-12 20:00:00
JPY*             2026-06-12 20:00:00
CAD              2026-06-12 20:00:00
US30             2026-06-12 20:00:00
CHF*             2026-06-12 20:00:00
US2              2026-06-12 20:00:00
GBP              2026-06-12 20:00:00
ZAR*             2026-06-12 20:00:00
US10U            2026-06-12 20:00:00
US10             2026-06-12 20:00:00
GOLD             2026-06-12 20:00:00
HEATOIL          2026-06-12 20:00:00
US20             2026-06-12 20:00:00
GOLD-mini        2026-06-12 20:00:00
US5              2026-06-12 20:00:00
GAS_US           2026-06-12 20:00:00
COPPER           2026-06-12 20:00:00
COPPER-micro     2026-06-12 20:00:00
CAD2             2026-06-12 20:00:00
VIX              2026-06-12 20:00:00
GASOILINE        2026-06-12 20:00:00
VIX_mini         2026-06-12 20:00:00
COPPER-mini      2026-06-12 20:00:00
US3              2026-06-12 20:00:00
SP500            2026-06-12 20:00:01
SP500_micro      2026-06-12 20:00:01
DOW_mini         2026-06-12 20:00:01
GBP_micro        2026-06-12 20:00:01
ETHEREUM         2026-06-12 20:00:01
CAD_micro        2026-06-12 20:00:01
SP400            2026-06-12 20:00:01
RUSSELL*         2026-06-12 20:00:01
RUSSELL_mini     2026-06-12 20:00:01
MSCIEAFA         2026-06-12 20:00:01
NASDAQ           2026-06-12 20:00:01
JPY_mini         2026-06-12 20:00:01
NASDAQ_micro     2026-06-12 20:00:01
US-MATERIAL      2026-06-12 20:00:01
US-HEALTH        2026-06-12 20:00:02
US-ENERGY        2026-06-12 20:00:02
LUMBER-new       2026-06-12 20:00:02
YENEUR           2026-06-12 20:00:02
US-REALESTATE    2026-06-12 20:00:02
US-STAPLES       2026-06-12 20:00:02
EURCHF           2026-06-12 20:00:02
US-UTILS         2026-06-12 20:00:02
EUR_mini         2026-06-12 20:00:02
CHF_micro        2026-06-12 20:00:02
JGB-mini         2026-06-15 01:00:00
TWD              2026-06-15 04:00:00
VNKI             2026-06-15 04:00:00
HANGTECH         2026-06-15 04:00:00
SGD              2026-06-15 04:00:00
CHINAA-CON       2026-06-15 04:00:00
FTSECHINAH       2026-06-15 04:00:00
FTSEINDO         2026-06-15 04:00:00
FTSEVIET         2026-06-15 04:00:00
HANG             2026-06-15 04:00:00
HANGENT          2026-06-15 04:00:00
SPI200           2026-06-15 04:00:00
HANG_mini        2026-06-15 04:00:00
IRON             2026-06-15 04:00:00
JP-REALESTATE    2026-06-15 04:00:00
HANGENT_mini     2026-06-15 04:00:00
KR3              2026-06-15 04:00:00
MSCITAIWAN       2026-06-15 04:00:00
KOSPI            2026-06-15 05:00:00
TOPIX            2026-06-15 05:00:00
CNH              2026-06-15 05:00:00
FTSECHINAA       2026-06-15 05:00:00
KOSPI_mini       2026-06-15 05:00:00
NIKKEI400        2026-06-15 05:00:00
FTSETAIWAN       2026-06-15 05:00:00
NIKKEI*          2026-06-15 05:00:00
RUBBER           2026-06-15 05:00:00
MSCISING*        2026-06-15 05:00:00
KRWUSD_mini      2026-06-15 05:00:00
JGB              2026-06-15 05:00:00
JGB-SGX-mini     2026-06-15 05:00:00
KR10*            2026-06-15 05:00:00
KOSDAQ           2026-06-15 05:00:00
MUMMY*           2026-06-15 05:00:00
JPYUSD           2026-06-15 23:00:00
CNHUSD           2026-06-15 23:00:00
AUDUSD           2026-06-15 23:00:00
KRWUSD           2026-06-15 23:00:00
CHFUSD           2026-06-15 23:00:00
SGDUSD           2026-06-15 23:00:00
MXPUSD           2026-06-15 23:00:00
GBPUSD           2026-06-15 23:00:00
HKDUSD           2026-06-15 23:00:00
CADUSD           2026-06-15 23:00:00
EURUSD           2026-06-15 23:00:00
SEKUSD           2026-06-15 23:00:00


============================================================
           Status of optimal position generation            
============================================================

                                                 last_update
dynamic_TF_carry/SGX              2024-12-02 22:31:28.544775
dynamic_TF_carry/EU-DJ-TELECOM    2026-06-15 22:31:30.877797
dynamic_TF_carry/CRUDE_ICE        2026-06-15 22:31:30.878025
dynamic_TF_carry/CRUDE_W_mini     2026-06-15 22:31:30.878239
dynamic_TF_carry/BRENT_W          2026-06-15 22:31:30.878448
dynamic_TF_carry/FANG             2026-06-15 22:31:30.878655
dynamic_TF_carry/JGB              2026-06-15 22:31:30.878862
dynamic_TF_carry/RICE             2026-06-15 22:31:30.879068
dynamic_TF_carry/AEX              2026-06-15 22:31:30.879273
dynamic_TF_carry/RUSSELL          2026-06-15 22:31:30.879477
dynamic_TF_carry/EU-TRAVEL        2026-06-15 22:31:30.879682
dynamic_TF_carry/KOSPI_mini       2026-06-15 22:31:30.879886
dynamic_TF_carry/EUR              2026-06-15 22:31:30.880094
dynamic_TF_carry/GICS             2026-06-15 22:31:30.880302
dynamic_TF_carry/KRWUSD_mini      2026-06-15 22:31:30.880507
dynamic_TF_carry/TWD              2026-06-15 22:31:30.880712
dynamic_TF_carry/AUDJPY           2026-06-15 22:31:30.880917
dynamic_TF_carry/JGB-SGX-mini     2026-06-15 22:31:30.881122
dynamic_TF_carry/VIX              2026-06-15 22:31:30.881326
dynamic_TF_carry/SOYMEAL          2026-06-15 22:31:30.881530
dynamic_TF_carry/AUD_micro        2026-06-15 22:31:30.881734
dynamic_TF_carry/HANG_mini        2026-06-15 22:31:30.881940
dynamic_TF_carry/US-INDUSTRY      2026-06-15 22:31:30.882144
dynamic_TF_carry/EUROSTX-SMALL    2026-06-15 22:31:30.882349
dynamic_TF_carry/DOW              2026-06-15 22:31:30.882553
dynamic_TF_carry/EU-DJ-UTIL       2026-06-15 22:31:30.882759
dynamic_TF_carry/US-ENERGY        2026-06-15 22:31:30.882964
dynamic_TF_carry/SGD              2026-06-15 22:31:30.883170
dynamic_TF_carry/OMX              2026-06-15 22:31:30.883374
dynamic_TF_carry/SPI200           2026-06-15 22:31:30.883578
dynamic_TF_carry/EU-MEDIA         2026-06-15 22:31:30.883988
dynamic_TF_carry/SUGAR16          2026-06-15 22:31:30.884196
dynamic_TF_carry/STEEL            2026-06-15 22:31:30.884401
dynamic_TF_carry/SOYBEAN          2026-06-15 22:31:30.884606
dynamic_TF_carry/CRUDE_W_micro    2026-06-15 22:31:30.884810
dynamic_TF_carry/GAS-PEN          2026-06-15 22:31:30.885015
dynamic_TF_carry/LUMBER-new       2026-06-15 22:31:30.885220
dynamic_TF_carry/SARONA           2026-06-15 22:31:30.885424
dynamic_TF_carry/BUXL             2026-06-15 22:31:30.885628
dynamic_TF_carry/MILK             2026-06-15 22:31:30.885832
dynamic_TF_carry/RUBBER           2026-06-15 22:31:30.886036
dynamic_TF_carry/BBCOMM           2026-06-15 22:31:30.886239
dynamic_TF_carry/FTSECHINAH       2026-06-15 22:31:30.886442
dynamic_TF_carry/SOYOIL           2026-06-15 22:31:30.886646
dynamic_TF_carry/ZAR              2026-06-15 22:31:30.886850
dynamic_TF_carry/US3              2026-06-15 22:31:30.887054
dynamic_TF_carry/CANOLA           2026-06-15 22:31:30.887258
dynamic_TF_carry/EURCHF           2026-06-15 22:31:30.887462
dynamic_TF_carry/CNH              2026-06-15 22:31:30.887666
dynamic_TF_carry/MSCIEAFA         2026-06-15 22:31:30.887870
dynamic_TF_carry/US30             2026-06-15 22:31:30.888077
dynamic_TF_carry/CH10             2026-06-15 22:31:30.888282
dynamic_TF_carry/SILVER           2026-06-15 22:31:30.888485
dynamic_TF_carry/EURCAD           2026-06-15 22:31:30.888689
dynamic_TF_carry/OAT              2026-06-15 22:31:30.889097
dynamic_TF_carry/COCOA_LDN        2026-06-15 22:31:30.889302
dynamic_TF_carry/EURO600          2026-06-15 22:31:30.889507
dynamic_TF_carry/VNKI             2026-06-15 22:31:30.889712
dynamic_TF_carry/MILKWET          2026-06-15 22:31:30.889916
dynamic_TF_carry/PLN              2026-06-15 22:31:30.890119
dynamic_TF_carry/EU-AUTO          2026-06-15 22:31:30.890323
dynamic_TF_carry/GASOILINE        2026-06-15 22:31:30.890527
dynamic_TF_carry/NIKKEI           2026-06-15 22:31:30.890732
dynamic_TF_carry/EUROSTX-LARGE    2026-06-15 22:31:30.890936
dynamic_TF_carry/MILKDRY          2026-06-15 22:31:30.891140
dynamic_TF_carry/PLAT             2026-06-15 22:31:30.891344
dynamic_TF_carry/US10U            2026-06-15 22:31:30.891548
dynamic_TF_carry/COTTON           2026-06-15 22:31:30.891752
dynamic_TF_carry/EURAUD           2026-06-15 22:31:30.891956
dynamic_TF_carry/SMI              2026-06-15 22:31:30.892163
dynamic_TF_carry/SONIA3           2026-06-15 22:31:30.892367
dynamic_TF_carry/SHATZ            2026-06-15 22:31:30.892572
dynamic_TF_carry/EU-FOOD          2026-06-15 22:31:30.892776
dynamic_TF_carry/US10             2026-06-15 22:31:30.892981
dynamic_TF_carry/MUMMY            2026-06-15 22:31:30.893186
dynamic_TF_carry/US-DISCRETE      2026-06-15 22:31:30.893391
dynamic_TF_carry/LEAD_LME         2026-06-15 22:31:30.893597
dynamic_TF_carry/OATIES           2026-06-15 22:31:30.894006
dynamic_TF_carry/CAD2             2026-06-15 22:31:30.894211
dynamic_TF_carry/COPPER-micro     2026-06-15 22:31:30.894415
dynamic_TF_carry/HIGHYIELD        2026-06-15 22:31:30.894620
dynamic_TF_carry/NZD              2026-06-15 22:31:30.894824
dynamic_TF_carry/BRE              2026-06-15 22:31:30.895029
dynamic_TF_carry/EU-HOUSE         2026-06-15 22:31:30.895234
dynamic_TF_carry/EPRA-EUROPE      2026-06-15 22:31:30.895439
dynamic_TF_carry/EU-BASIC         2026-06-15 22:31:30.895643
dynamic_TF_carry/GASOIL           2026-06-15 22:31:30.895847
dynamic_TF_carry/WHEAT_ICE        2026-06-15 22:31:30.896054
dynamic_TF_carry/CHINAA-CON       2026-06-15 22:31:30.896259
dynamic_TF_carry/HOUSE-US         2026-06-15 22:31:30.896464
dynamic_TF_carry/REDWHEAT         2026-06-15 22:31:30.896669
dynamic_TF_carry/SP500_micro      2026-06-15 22:31:30.896873
dynamic_TF_carry/US-STAPLES       2026-06-15 22:31:30.897080
dynamic_TF_carry/COPPER           2026-06-15 22:31:30.897285
dynamic_TF_carry/EUROSTX          2026-06-15 22:31:30.897490
dynamic_TF_carry/ETHEREUM         2026-06-15 22:31:30.897696
dynamic_TF_carry/GBP              2026-06-15 22:31:30.897900
dynamic_TF_carry/IRS              2026-06-15 22:31:30.898107
dynamic_TF_carry/CAD5             2026-06-15 22:31:30.898518
dynamic_TF_carry/GAS_US_mini      2026-06-15 22:31:30.898723
dynamic_TF_carry/MILLWHEAT        2026-06-15 22:31:30.898928
dynamic_TF_carry/R1000            2026-06-15 22:31:30.899133
dynamic_TF_carry/MIB              2026-06-15 22:31:30.899337
dynamic_TF_carry/US20             2026-06-15 22:31:30.899541
dynamic_TF_carry/EU-UTILS         2026-06-15 22:31:30.899746
dynamic_TF_carry/CAD10            2026-06-15 22:31:30.899950
dynamic_TF_carry/GAS-LAST         2026-06-15 22:31:30.900158
dynamic_TF_carry/TOPIX            2026-06-15 22:31:30.900364
dynamic_TF_carry/EU-BANKS         2026-06-15 22:31:30.900568
dynamic_TF_carry/FED              2026-06-15 22:31:30.900773
dynamic_TF_carry/WHEY             2026-06-15 22:31:30.900977
dynamic_TF_carry/NIKKEI400        2026-06-15 22:31:30.901182
dynamic_TF_carry/ALUMINIUM        2026-06-15 22:31:30.901385
dynamic_TF_carry/SUGAR_WHITE      2026-06-15 22:31:30.901589
dynamic_TF_carry/ZINC_LME         2026-06-15 22:31:30.901795
dynamic_TF_carry/US5              2026-06-15 22:31:30.901999
dynamic_TF_carry/JP-REALESTATE    2026-06-15 22:31:30.902203
dynamic_TF_carry/EU-REALESTATE    2026-06-15 22:31:30.902407
dynamic_TF_carry/ROBUSTA          2026-06-15 22:31:30.902612
dynamic_TF_carry/CLP              2026-06-15 22:31:30.903020
dynamic_TF_carry/KR10             2026-06-15 22:31:30.903225
dynamic_TF_carry/WHEAT            2026-06-15 22:31:30.903429
dynamic_TF_carry/FTSEVIET         2026-06-15 22:31:30.903633
dynamic_TF_carry/PALLAD           2026-06-15 22:31:30.903836
dynamic_TF_carry/CAD              2026-06-15 22:31:30.904043
dynamic_TF_carry/MXP              2026-06-15 22:31:30.904248
dynamic_TF_carry/SUGAR11          2026-06-15 22:31:30.904453
dynamic_TF_carry/CHF              2026-06-15 22:31:30.904658
dynamic_TF_carry/COAL             2026-06-15 22:31:30.904863
dynamic_TF_carry/IG               2026-06-15 22:31:30.905068
dynamic_TF_carry/COCOA            2026-06-15 22:31:30.905272
dynamic_TF_carry/COFFEE           2026-06-15 22:31:30.905478
dynamic_TF_carry/BOBL             2026-06-15 22:31:30.905685
dynamic_TF_carry/US-MATERIAL      2026-06-15 22:31:30.906096
dynamic_TF_carry/COTTON2          2026-06-15 22:31:30.906301
dynamic_TF_carry/EU-CHEM          2026-06-15 22:31:30.906506
dynamic_TF_carry/MSCIASIA         2026-06-15 22:31:30.906710
dynamic_TF_carry/KOSPI            2026-06-15 22:31:30.906916
dynamic_TF_carry/NASDAQ_micro     2026-06-15 22:31:30.907120
dynamic_TF_carry/BONO             2026-06-15 22:31:30.907528
dynamic_TF_carry/EU-INSURE        2026-06-15 22:31:30.907732
dynamic_TF_carry/DX               2026-06-15 22:31:30.907937
dynamic_TF_carry/CHEESE           2026-06-15 22:31:30.908148
dynamic_TF_carry/EU-MID           2026-06-15 22:31:30.908352
dynamic_TF_carry/IBEX_mini        2026-06-15 22:31:30.908558
dynamic_TF_carry/HANGTECH         2026-06-15 22:31:30.908762
dynamic_TF_carry/IRON             2026-06-15 22:31:30.908966
dynamic_TF_carry/MSCIEMASIA       2026-06-15 22:31:30.909171
dynamic_TF_carry/BTP              2026-06-15 22:31:30.909377
dynamic_TF_carry/NICKEL_LME       2026-06-15 22:31:30.909582
dynamic_TF_carry/FEEDCOW          2026-06-15 22:31:30.909789
dynamic_TF_carry/HANGENT_mini     2026-06-15 22:31:30.909998
dynamic_TF_carry/BOVESPA          2026-06-15 22:31:30.910205
dynamic_TF_carry/EURIBOR-ICE      2026-06-15 22:31:30.910411
dynamic_TF_carry/BUND             2026-06-15 22:31:30.910617
dynamic_TF_carry/OJ               2026-06-15 22:31:30.910823
dynamic_TF_carry/CZK              2026-06-15 22:31:30.911029
dynamic_TF_carry/BITCOIN          2026-06-15 22:31:30.911235
dynamic_TF_carry/EU-RETAIL        2026-06-15 22:31:30.911440
dynamic_TF_carry/EUA              2026-06-15 22:31:30.911646
dynamic_TF_carry/CORN             2026-06-15 22:31:30.911853
dynamic_TF_carry/FTSECHINAA       2026-06-15 22:31:30.912060
dynamic_TF_carry/GBPJPY           2026-06-15 22:31:30.912265
dynamic_TF_carry/LIVECOW          2026-06-15 22:31:30.912471
dynamic_TF_carry/MSCITAIWAN       2026-06-15 22:31:30.912883
dynamic_TF_carry/US-UTILS         2026-06-15 22:31:30.913089
dynamic_TF_carry/FTSE250          2026-06-15 22:31:30.913295
dynamic_TF_carry/EURIBOR          2026-06-15 22:31:30.913503
dynamic_TF_carry/KRWUSD           2026-06-15 22:31:30.913709
dynamic_TF_carry/GBPCHF           2026-06-15 22:31:30.913914
dynamic_TF_carry/FTSE100          2026-06-15 22:31:30.914120
dynamic_TF_carry/MSCISING         2026-06-15 22:31:30.914324
dynamic_TF_carry/KR3              2026-06-15 22:31:30.914528
dynamic_TF_carry/LEANHOG          2026-06-15 22:31:30.914733
dynamic_TF_carry/EU-DIV30         2026-06-15 22:31:30.914939
dynamic_TF_carry/YENEUR           2026-06-15 22:31:30.915143
dynamic_TF_carry/GOLD_micro       2026-06-15 22:31:30.915349
dynamic_TF_carry/BTP3             2026-06-15 22:31:30.915555
dynamic_TF_carry/SOFR             2026-06-15 22:31:30.915759
dynamic_TF_carry/COAL-GEORDIE     2026-06-15 22:31:30.915965
dynamic_TF_carry/TIN_LME          2026-06-15 22:31:30.916172
dynamic_TF_carry/FTSETAIWAN       2026-06-15 22:31:30.916378
dynamic_TF_carry/GBPEUR           2026-06-15 22:31:30.916583
dynamic_TF_carry/SEK              2026-06-15 22:31:30.916788
dynamic_TF_carry/INR              2026-06-15 22:31:30.916993
dynamic_TF_carry/NOK              2026-06-15 22:31:30.917197
dynamic_TF_carry/AUD              2026-06-15 22:31:30.917403
dynamic_TF_carry/EU-CONSTRUCTION  2026-06-15 22:31:30.917812
dynamic_TF_carry/COPPER_LME       2026-06-15 22:31:30.918016
dynamic_TF_carry/FTSEINDO         2026-06-15 22:31:30.918221
dynamic_TF_carry/GILT             2026-06-15 22:31:30.918427
dynamic_TF_carry/CHFJPY           2026-06-15 22:31:30.919042
dynamic_TF_carry/HEATOIL          2026-06-15 22:31:30.919248
dynamic_TF_carry/BUTTER           2026-06-15 22:31:30.919455
dynamic_TF_carry/SP400            2026-06-15 22:31:30.919660
dynamic_TF_carry/DAX              2026-06-15 22:31:30.919865
dynamic_TF_carry/US-REALESTATE    2026-06-15 22:31:30.920072
dynamic_TF_carry/EUROSTX200-LARGE 2026-06-15 22:31:30.920277
dynamic_TF_carry/SWISSLEAD        2026-06-15 22:31:30.920482
dynamic_TF_carry/SOYBEAN_mini     2026-06-15 22:31:30.920687
dynamic_TF_carry/BRENT-LAST       2026-06-15 22:31:30.920891
dynamic_TF_carry/EU-HEALTH        2026-06-15 22:31:30.921094
dynamic_TF_carry/V2X              2026-06-15 22:31:30.921298
dynamic_TF_carry/EUR_micro        2026-06-15 22:31:30.921503
dynamic_TF_carry/SMI-MID          2026-06-15 22:31:30.921708
dynamic_TF_carry/KOSDAQ           2026-06-15 22:31:30.921913
dynamic_TF_carry/US2              2026-06-15 22:31:30.922119
dynamic_TF_carry/EU-TECH          2026-06-15 22:31:30.922322
dynamic_TF_carry/JPY              2026-06-15 22:31:30.922527
dynamic_TF_carry/US-HEALTH        2026-06-15 22:31:30.922732
dynamic_TF_carry/MSCIWORLD        2026-06-15 22:31:30.922938
dynamic_TF_carry/EU-OIL           2026-06-15 22:31:30.923553
dynamic_TF_carry/CAC              2026-06-15 22:31:30.923965


=============================================================================================================================
                                                   Status of trade limits                                                    
