
********************************************************************************
                   Status report produced on 06/03/2025 22:56                   
********************************************************************************


Delayed methods: No delays

=============================
Delayed adjusted / FX prices 
=============================

                  last_update
IG        2025-02-27 23:00:01
HIGHYIELD 2025-02-27 23:00:01


===============================================
           Delayed optimal positions           
===============================================

                                    last_update
dynamic_TF_carry/SGX 2024-12-02 22:31:28.544775

Instruments at trade limit: No constraints

================================================
         Instruments at position limit          
================================================

                 keys  position pos_limit  spare
116          JPY_mini         0       0.0    0.0
201            COTTON         0       0.0    0.0
52             CHFJPY         0       0.0    0.0
50           EU-MEDIA         0       0.0    0.0
89                SEK         0       0.0    0.0
48            SMI-MID         0       0.0    0.0
90                RUR         0       0.0    0.0
202               MIB         1       1.0    0.0
235            AUDJPY         0       0.0    0.0
161             STEEL         0       0.0    0.0
163              VNKI         0       0.0    0.0
138            NASDAQ         0       0.0    0.0
137        COPPER_LME         0       0.0    0.0
135         EU-TRAVEL         0       0.0    0.0
231           MILKWET         0       0.0    0.0
44                CLP         0       0.0    0.0
225         CHF_micro         0       0.0    0.0
55               GICS         0       0.0    0.0
58                JGB         0       0.0    0.0
73        HEATOIL-ICE         0       0.0    0.0
146        BRENT-LAST        -1       1.0    0.0
210          EU-HOUSE         0       0.0    0.0
70           ETHEREUM         0       0.0    0.0
80           TWD-mini         0       0.0    0.0
82           HOUSE-US         0       0.0    0.0
86               COAL         0       0.0    0.0
230  EUROSTX200-LARGE         0       0.0    0.0
64             EURCAD         0       0.0    0.0
63                TWD         0       0.0    0.0
204         EU-RETAIL         0       0.0    0.0
61             EURAUD         0       0.0    0.0
60            BOVESPA         0       0.0    0.0
59                NOK         0       0.0    0.0
65            ETHANOL         0       0.0    0.0
134      COAL-GEORDIE         0       0.0    0.0
237       CNH-onshore         0       0.0    0.0
183              CH10         0       0.0    0.0
34          HIGHYIELD         0       0.0    0.0
16      EUROSTX-LARGE         0       0.0    0.0
184               OMX         0       0.0    0.0
14            MILKDRY         0       0.0    0.0
188            EURCHF         0       0.0    0.0
108        EU-DJ-TECH         0       0.0    0.0
18      EU-DJ-TELECOM         0       0.0    0.0
218   GASOILINE_micro         0       0.0    0.0
6            JGB-mini         0       0.0    0.0
120              WHEY         0       0.0    0.0
119          SGD_mini         0       0.0    0.0
3           SWISSLEAD         0       0.0    0.0
2             TIN_LME         0       0.0    0.0
1                 IRS         0       0.0    0.0
245       EPRA-EUROPE         0       0.0    0.0
197       COPPER-mini         0       0.0    0.0
147           EU-CHEM         0       0.0    0.0
26                SGX         0       0.0    0.0
133               PLN         0       0.0    0.0
224                IG         0       0.0    0.0
239               CZK         0       0.0    0.0
23             PALLAD         0       0.0    0.0
179            BUTTER         0       0.0    0.0
100             R1000         0       0.0    0.0
101             SP400         0       0.0    0.0
175            KRWUSD         0       0.0    0.0
176   EU-CONSTRUCTION         0       0.0    0.0
177          AEX_mini         0       0.0    0.0
28             GBPJPY         0       0.0    0.0


==========================================================
         Overrides in database consider deleting          
==========================================================

                                                  override
NICKEL_LME              Override Close because in database
EURIBOR           Override Reduce only because in database
VNKI              Override Reduce only because in database
FTSE100           Override Reduce only because in database
RICE              Override Reduce only because in database
SPI200            Override Reduce only because in database
OATIES            Override Reduce only because in database
JGB-mini          Override Reduce only because in database
STEEL             Override Reduce only because in database
GOLD-mini         Override Reduce only because in database
IRS               Override Reduce only because in database
VIX_mini          Override Reduce only because in database
JP-REALESTATE     Override Reduce only because in database
GICS              Override Reduce only because in database
KRWUSD            Override Reduce only because in database
TOPIX             Override Reduce only because in database
PLN               Override Reduce only because in database
NIKKEI400         Override Reduce only because in database
CZK               Override Reduce only because in database
EURCAD            Override Reduce only because in database
TWD               Override Reduce only because in database
CHF_micro         Override Reduce only because in database
NOK               Override Reduce only because in database
R1000             Override Reduce only because in database
IBEX_mini         Override Reduce only because in database
EU-CHEM           Override Reduce only because in database
EU-INSURE         Override Reduce only because in database
KOSDAQ            Override Reduce only because in database
IBEX              Override Reduce only because in database
AUDJPY            Override Reduce only because in database
EUR_mini          Override Reduce only because in database
KOSPI_mini        Override Reduce only because in database
KOSPI             Override Reduce only because in database
GBPCHF            Override Reduce only because in database
DJSTX-SMALL       Override Reduce only because in database
YENEUR            Override Reduce only because in database
CHFJPY            Override Reduce only because in database
CNH-onshore       Override Reduce only because in database
COAL-GEORDIE      Override Reduce only because in database
CRUDE_W_mini      Override Reduce only because in database
SEK               Override Reduce only because in database
OMX               Override Reduce only because in database
GBPJPY            Override Reduce only because in database
EURAUD            Override Reduce only because in database
RUR               Override Reduce only because in database
TWD-mini          Override Reduce only because in database
JPY_mini          Override Reduce only because in database
EURCHF            Override Reduce only because in database
EU-BANKS          Override Reduce only because in database
EU-CONSTRUCTION   Override Reduce only because in database
GASOILINE_micro   Override Reduce only because in database
ZAR               Override Reduce only because in database
EU-TECH           Override Reduce only because in database
US-DISCRETE       Override Reduce only because in database
SMI-MID           Override Reduce only because in database
INR               Override Reduce only because in database
MIB               Override Reduce only because in database
COAL              Override Reduce only because in database
EU-RETAIL         Override Reduce only because in database
SP500             Override Reduce only because in database
EU-OIL            Override Reduce only because in database
US-ENERGY         Override Reduce only because in database
EUROSTX-SMALL     Override Reduce only because in database
US-INDUSTRY       Override Reduce only because in database
NASDAQ_micro      Override Reduce only because in database
US-HEALTH         Override Reduce only because in database
EU-DJ-OIL         Override Reduce only because in database
MSCIWORLD         Override Reduce only because in database
CHINAA-CON        Override Reduce only because in database
SMI               Override Reduce only because in database
EU-UTILS          Override Reduce only because in database
EU-MID            Override Reduce only because in database
EPRA-EUROPE       Override Reduce only because in database
BBCOMM            Override Reduce only because in database
EU-HEALTH         Override Reduce only because in database
EU-HOUSE          Override Reduce only because in database
DOW_mini          Override Reduce only because in database
EU-DJ-TECH        Override Reduce only because in database
US-MATERIAL       Override Reduce only because in database
US-STAPLES        Override Reduce only because in database
EU-DJ-TELECOM     Override Reduce only because in database
NASDAQ            Override Reduce only because in database
EU-BASIC          Override Reduce only because in database
EU-DIV30          Override Reduce only because in database
DAX               Override Reduce only because in database
EU-AUTO           Override Reduce only because in database
AEX               Override Reduce only because in database
FTSEINDO          Override Reduce only because in database
EUROSTX-LARGE     Override Reduce only because in database
FTSE250           Override Reduce only because in database
EU-DJ-UTIL        Override Reduce only because in database
MSCIEAFA          Override Reduce only because in database
EU-MEDIA          Override Reduce only because in database
EUROSTX           Override Reduce only because in database
EU-TRAVEL         Override Reduce only because in database
EURO600           Override Reduce only because in database
EU-REALESTATE     Override Reduce only because in database
SWISSLEAD         Override Reduce only because in database
AEX_mini          Override Reduce only because in database
CAC               Override Reduce only because in database
MSCIASIA          Override Reduce only because in database
EU-FOOD           Override Reduce only because in database
US-UTILS          Override Reduce only because in database
EUROSTX200-LARGE  Override Reduce only because in database
SP400             Override Reduce only because in database
RUSSELL_mini      Override Reduce only because in database
FANG              Override Reduce only because in database

Locked instruments (position mismatch): []

==============================================
Status of adjusted price / FX price collection
==============================================

                         last_update
IG               2025-02-27 23:00:01
HIGHYIELD        2025-02-27 23:00:01
TWD              2025-03-03 23:00:00
SGX              2025-03-03 23:00:00
COTTON           2025-03-05 23:00:00
RUR              2025-03-05 23:00:00
OMX              2025-03-05 23:00:00
CLP              2025-03-05 23:00:00
SWISSLEAD        2025-03-05 23:00:00
TIN_LME          2025-03-05 23:00:00
BOVESPA          2025-03-05 23:00:00
CNH-onshore      2025-03-05 23:00:00
GBPCHF           2025-03-05 23:00:00
MILKDRY          2025-03-05 23:00:00
EUROSTX-LARGE    2025-03-05 23:00:00
GAS-PEN          2025-03-05 23:00:00
CZK              2025-03-05 23:00:00
MSCIEMASIA       2025-03-05 23:00:00
MSCIWORLD        2025-03-05 23:00:00
ETHANOL          2025-03-05 23:00:00
IRS              2025-03-05 23:00:00
SGD              2025-03-06 01:00:00
SGD_mini         2025-03-06 02:00:00
TWD-mini         2025-03-06 02:00:00
SPI200           2025-03-06 04:00:00
JGB-SGX-mini     2025-03-06 04:00:00
JGB-mini         2025-03-06 04:00:00
JP-REALESTATE    2025-03-06 04:00:00
FTSEVIET         2025-03-06 04:00:00
VNKI             2025-03-06 04:00:00
CNH              2025-03-06 04:00:00
MSCISING*        2025-03-06 05:00:00
FTSEINDO         2025-03-06 05:00:00
FTSETAIWAN       2025-03-06 05:00:00
FTSECHINAA       2025-03-06 05:00:00
KRWUSD_mini      2025-03-06 05:00:00
KR3              2025-03-06 05:00:00
HANG             2025-03-06 05:00:00
KOSPI_mini       2025-03-06 05:00:00
IRON             2025-03-06 05:00:00
HANGENT          2025-03-06 05:00:00
KOSPI            2025-03-06 05:00:00
HANGTECH         2025-03-06 05:00:00
KOSDAQ           2025-03-06 05:00:00
HANG_mini        2025-03-06 05:00:00
JGB              2025-03-06 05:00:00
KR10             2025-03-06 05:00:00
HANGENT_mini     2025-03-06 05:00:00
FTSECHINAH       2025-03-06 05:00:00
CHINAA-CON       2025-03-06 05:00:00
TOPIX*           2025-03-06 05:00:00
NIKKEI400        2025-03-06 05:00:00
NIKKEI           2025-03-06 05:00:00
RUBBER           2025-03-06 05:00:00
MUMMY*           2025-03-06 05:00:00
MSCITAIWAN       2025-03-06 05:00:00
SMI-MID          2025-03-06 08:00:00
ZINC_LME         2025-03-06 10:00:00
EPRA-EUROPE      2025-03-06 10:00:00
COAL-GEORDIE     2025-03-06 12:00:00
EU-HOUSE         2025-03-06 12:00:00
LEAD_LME         2025-03-06 14:00:00
EUROSTX200-LARGE 2025-03-06 14:00:00
GICS             2025-03-06 14:30:00
GILT             2025-03-06 15:00:00
EUA              2025-03-06 15:00:00
SUGAR_WHITE      2025-03-06 15:00:00
BRENT_W          2025-03-06 15:00:00
HEATOIL-ICE      2025-03-06 15:00:00
CRUDE_ICE        2025-03-06 15:00:00
EURIBOR-ICE      2025-03-06 15:00:00
SONIA3           2025-03-06 15:00:00
WHEAT_ICE        2025-03-06 15:00:00
GASOIL           2025-03-06 15:00:00
ALUMINIUM_LME    2025-03-06 15:00:00
AEX_mini         2025-03-06 15:00:00
FTSE100          2025-03-06 15:00:00
FTSE250          2025-03-06 15:00:00
EURIBOR          2025-03-06 15:00:00
EU-RETAIL        2025-03-06 15:00:00
IBEX_mini        2025-03-06 15:00:00
IBEX             2025-03-06 15:00:00
COPPER_LME       2025-03-06 15:00:00
NICKEL_LME       2025-03-06 15:00:00
MIB*             2025-03-06 15:00:00
KRWUSD           2025-03-06 15:00:00
COCOA_LDN        2025-03-06 15:00:00
COAL             2025-03-06 15:00:00
CHFJPY           2025-03-06 15:00:00
EU-CHEM          2025-03-06 15:00:00
MILLWHEAT        2025-03-06 15:00:00
CH10             2025-03-06 15:00:00
EU-DJ-TECH       2025-03-06 15:00:00
EU-DJ-TELECOM    2025-03-06 15:00:00
SARONA           2025-03-06 15:00:00
EU-MID           2025-03-06 15:00:00
ROBUSTA          2025-03-06 15:00:00
HOUSE-US         2025-03-06 16:00:00
GASOILINE_ICE    2025-03-06 16:00:00
OAT              2025-03-06 16:00:00
WHEY             2025-03-06 16:00:00
SHATZ            2025-03-06 16:00:00
SUGAR16          2025-03-06 16:00:00
SMI*             2025-03-06 16:00:00
MSCIASIA         2025-03-06 16:00:00
V2X              2025-03-06 16:00:00
AEX              2025-03-06 16:00:00
EU-DJ-OIL        2025-03-06 16:00:00
EU-REALESTATE    2025-03-06 16:00:00
EU-OIL           2025-03-06 16:00:00
EU-MEDIA         2025-03-06 16:00:00
EU-INSURE        2025-03-06 16:00:00
DAX              2025-03-06 16:00:00
EU-HEALTH        2025-03-06 16:00:00
EU-FOOD          2025-03-06 16:00:00
EU-DJ-UTIL       2025-03-06 16:00:00
EU-DIV30         2025-03-06 16:00:00
EU-CONSTRUCTION  2025-03-06 16:00:00
BUND             2025-03-06 16:00:00
EU-BASIC         2025-03-06 16:00:00
EU-BANKS         2025-03-06 16:00:00
EU-AUTO          2025-03-06 16:00:00
DJSTX-SMALL      2025-03-06 16:00:00
EU-TECH          2025-03-06 16:00:00
EU-TRAVEL        2025-03-06 16:00:00
EU-UTILS         2025-03-06 16:00:00
BOBL             2025-03-06 16:00:00
CAC              2025-03-06 16:00:00
BTP*             2025-03-06 16:00:00
EUROSTX-SMALL    2025-03-06 16:00:00
BTP3             2025-03-06 16:00:00
BONO             2025-03-06 16:00:00
EUROSTX          2025-03-06 16:00:00
EURO600          2025-03-06 16:00:00
BUXL             2025-03-06 16:00:00
SUGAR11          2025-03-06 17:00:00
ALUMINIUM        2025-03-06 18:00:00
COFFEE           2025-03-06 18:00:00
OJ               2025-03-06 18:00:00
COCOA            2025-03-06 18:00:00
BBCOMM           2025-03-06 18:00:00
GBPEUR           2025-03-06 18:00:00
LEANHOG*         2025-03-06 19:00:00
R1000            2025-03-06 19:00:00
REDWHEAT         2025-03-06 19:00:00
CORN             2025-03-06 19:00:00
RICE             2025-03-06 19:00:00
FEEDCOW*         2025-03-06 19:00:00
CRUDE_W_micro    2025-03-06 19:00:00
PLN              2025-03-06 19:00:00
NZD              2025-03-06 19:00:00
US-DISCRETE      2025-03-06 19:00:00
STEEL            2025-03-06 19:00:00
LIVECOW          2025-03-06 19:00:00
COTTON2          2025-03-06 19:00:00
CORN_mini        2025-03-06 19:00:00
BUTTER           2025-03-06 19:00:00
DX               2025-03-06 19:00:00
GAS-LAST         2025-03-06 19:00:00
SOYBEAN          2025-03-06 19:00:00
SOYBEAN_mini     2025-03-06 19:00:00
GASOILINE_micro  2025-03-06 19:00:00
WHEAT_mini       2025-03-06 19:00:00
GAS_US_mini      2025-03-06 19:00:00
AUDJPY           2025-03-06 19:00:00
GBPJPY           2025-03-06 19:00:00
GBP_micro        2025-03-06 19:00:00
WHEAT            2025-03-06 19:00:00
AUD_micro        2025-03-06 19:00:00
SOYMEAL          2025-03-06 19:00:00
CAD2             2025-03-06 19:00:00
EURCAD           2025-03-06 19:00:00
EURAUD           2025-03-06 19:00:00
SOYOIL           2025-03-06 19:00:00
CANOLA           2025-03-06 19:00:00
ETHER-micro      2025-03-06 19:00:00
CHEESE           2025-03-06 19:00:00
OATIES           2025-03-06 19:00:00
SP400            2025-03-06 20:00:00
SP500            2025-03-06 20:00:00
SP500_micro*     2025-03-06 20:00:00
FED              2025-03-06 20:00:00
BRE              2025-03-06 20:00:00
ZAR              2025-03-06 20:00:00
YENEUR           2025-03-06 20:00:00
AUD              2025-03-06 20:00:00
VIX_mini         2025-03-06 20:00:00
VIX*             2025-03-06 20:00:00
US5              2025-03-06 20:00:00
US30             2025-03-06 20:00:00
US3              2025-03-06 20:00:00
US20             2025-03-06 20:00:00
US2              2025-03-06 20:00:00
US10U            2025-03-06 20:00:00
US10             2025-03-06 20:00:00
US-STAPLES       2025-03-06 20:00:00
US-REALESTATE    2025-03-06 20:00:00
US-MATERIAL      2025-03-06 20:00:00
US-INDUSTRY      2025-03-06 20:00:00
US-HEALTH        2025-03-06 20:00:00
US-ENERGY        2025-03-06 20:00:00
BITCOIN*         2025-03-06 20:00:00
BRENT-LAST*      2025-03-06 20:00:00
US-UTILS         2025-03-06 20:00:00
PALLAD           2025-03-06 20:00:00
SILVER           2025-03-06 20:00:00
DOW*             2025-03-06 20:00:00
DOW_mini         2025-03-06 20:00:00
ETHEREUM         2025-03-06 20:00:00
SOFR             2025-03-06 20:00:00
JPY              2025-03-06 20:00:00
INR              2025-03-06 20:00:00
HEATOIL          2025-03-06 20:00:00
EUR              2025-03-06 20:00:00
LUMBER-new       2025-03-06 20:00:00
GOLD_micro       2025-03-06 20:00:00
GOLD             2025-03-06 20:00:00
EURCHF           2025-03-06 20:00:00
GBP*             2025-03-06 20:00:00
GAS_US           2025-03-06 20:00:00
GASOILINE        2025-03-06 20:00:00
EUR_micro*       2025-03-06 20:00:00
EUR_mini         2025-03-06 20:00:00
FANG             2025-03-06 20:00:00
GOLD-mini        2025-03-06 20:00:00
MILK             2025-03-06 20:00:00
JPY_mini         2025-03-06 20:00:00
CRUDE_W_mini     2025-03-06 20:00:00
CAD*             2025-03-06 20:00:00
CAD10*           2025-03-06 20:00:00
CAD5             2025-03-06 20:00:00
SEK              2025-03-06 20:00:00
MILKWET          2025-03-06 20:00:00
RUSSELL_mini     2025-03-06 20:00:00
RUSSELL*         2025-03-06 20:00:00
CHF*             2025-03-06 20:00:00
PLAT             2025-03-06 20:00:00
CHF_micro        2025-03-06 20:00:00
CAD_micro        2025-03-06 20:00:00
NOK              2025-03-06 20:00:00
COPPER           2025-03-06 20:00:00
COPPER-micro*    2025-03-06 20:00:00
NASDAQ_micro     2025-03-06 20:00:00
NASDAQ           2025-03-06 20:00:00
MXP              2025-03-06 20:00:00
COPPER-mini      2025-03-06 20:00:00
CRUDE_W          2025-03-06 20:00:00
MSCIEAFA         2025-03-06 20:00:00
CHFUSD           2025-03-06 23:00:00
JPYUSD           2025-03-06 23:00:00
EURUSD           2025-03-06 23:00:00
CADUSD           2025-03-06 23:00:00
KRWUSD           2025-03-06 23:00:00
SGDUSD           2025-03-06 23:00:00
SEKUSD           2025-03-06 23:00:00
GBPUSD           2025-03-06 23:00:00
HKDUSD           2025-03-06 23:00:00
MXPUSD           2025-03-06 23:00:00
CNHUSD           2025-03-06 23:00:00
AUDUSD           2025-03-06 23:00:00


============================================================
           Status of optimal position generation            
============================================================

                                                 last_update
dynamic_TF_carry/SGX              2024-12-02 22:31:28.544775
dynamic_TF_carry/SOYBEAN          2025-03-06 22:31:36.795024
dynamic_TF_carry/MILKWET          2025-03-06 22:31:36.795275
dynamic_TF_carry/US-DISCRETE      2025-03-06 22:31:36.795511
dynamic_TF_carry/MSCIWORLD        2025-03-06 22:31:36.795744
dynamic_TF_carry/HANGENT_mini     2025-03-06 22:31:36.795976
dynamic_TF_carry/KR10             2025-03-06 22:31:36.796206
dynamic_TF_carry/ETHANOL          2025-03-06 22:31:36.796433
dynamic_TF_carry/MILK             2025-03-06 22:31:36.796658
dynamic_TF_carry/EU-INSURE        2025-03-06 22:31:36.796884
dynamic_TF_carry/EU-TRAVEL        2025-03-06 22:31:36.797109
dynamic_TF_carry/US-HEALTH        2025-03-06 22:31:36.797563
dynamic_TF_carry/US-REALESTATE    2025-03-06 22:31:36.797791
dynamic_TF_carry/US30             2025-03-06 22:31:36.798017
dynamic_TF_carry/COPPER_LME       2025-03-06 22:31:36.798244
dynamic_TF_carry/EU-FOOD          2025-03-06 22:31:36.798474
dynamic_TF_carry/EU-REALESTATE    2025-03-06 22:31:36.798700
dynamic_TF_carry/US20             2025-03-06 22:31:36.798926
dynamic_TF_carry/NOK              2025-03-06 22:31:36.799152
dynamic_TF_carry/YENEUR           2025-03-06 22:31:36.799377
dynamic_TF_carry/OJ               2025-03-06 22:31:36.799829
dynamic_TF_carry/ETHEREUM         2025-03-06 22:31:36.800058
dynamic_TF_carry/KR3              2025-03-06 22:31:36.800284
dynamic_TF_carry/EURIBOR          2025-03-06 22:31:36.800510
dynamic_TF_carry/MUMMY            2025-03-06 22:31:36.800736
dynamic_TF_carry/AEX              2025-03-06 22:31:36.800962
dynamic_TF_carry/BOVESPA          2025-03-06 22:31:36.801186
dynamic_TF_carry/FTSETAIWAN       2025-03-06 22:31:36.801411
dynamic_TF_carry/ROBUSTA          2025-03-06 22:31:36.801638
dynamic_TF_carry/KOSPI            2025-03-06 22:31:36.801866
dynamic_TF_carry/EU-CHEM          2025-03-06 22:31:36.802092
dynamic_TF_carry/HOUSE-US         2025-03-06 22:31:36.802316
dynamic_TF_carry/CRUDE_W_micro    2025-03-06 22:31:36.802546
dynamic_TF_carry/V2X              2025-03-06 22:31:36.802772
dynamic_TF_carry/REDWHEAT         2025-03-06 22:31:36.803000
dynamic_TF_carry/NZD              2025-03-06 22:31:36.803226
dynamic_TF_carry/COPPER           2025-03-06 22:31:36.803452
dynamic_TF_carry/GAS-PEN          2025-03-06 22:31:36.803676
dynamic_TF_carry/WHEAT            2025-03-06 22:31:36.803902
dynamic_TF_carry/MSCISING         2025-03-06 22:31:36.804129
dynamic_TF_carry/GOLD_micro       2025-03-06 22:31:36.804354
dynamic_TF_carry/BUND             2025-03-06 22:31:36.804580
dynamic_TF_carry/JP-REALESTATE    2025-03-06 22:31:36.804807
dynamic_TF_carry/FANG             2025-03-06 22:31:36.805032
dynamic_TF_carry/COCOA_LDN        2025-03-06 22:31:36.805257
dynamic_TF_carry/EUROSTX-SMALL    2025-03-06 22:31:36.805484
dynamic_TF_carry/GBPJPY           2025-03-06 22:31:36.805709
dynamic_TF_carry/US-UTILS         2025-03-06 22:31:36.806165
dynamic_TF_carry/EUR_micro        2025-03-06 22:31:36.806399
dynamic_TF_carry/PLN              2025-03-06 22:31:36.806628
dynamic_TF_carry/EU-DIV30         2025-03-06 22:31:36.806856
dynamic_TF_carry/CAD10            2025-03-06 22:31:36.807083
dynamic_TF_carry/SWISSLEAD        2025-03-06 22:31:36.807309
dynamic_TF_carry/BRENT_W          2025-03-06 22:31:36.807534
dynamic_TF_carry/SMI              2025-03-06 22:31:36.807761
dynamic_TF_carry/TWD              2025-03-06 22:31:36.807988
dynamic_TF_carry/FTSEVIET         2025-03-06 22:31:36.808213
dynamic_TF_carry/BUTTER           2025-03-06 22:31:36.808439
dynamic_TF_carry/COCOA            2025-03-06 22:31:36.808664
dynamic_TF_carry/EURCAD           2025-03-06 22:31:36.808889
dynamic_TF_carry/EU-OIL           2025-03-06 22:31:36.809114
dynamic_TF_carry/EURO600          2025-03-06 22:31:36.809339
dynamic_TF_carry/GAS_US_mini      2025-03-06 22:31:36.809564
dynamic_TF_carry/US-INDUSTRY      2025-03-06 22:31:36.809789
dynamic_TF_carry/GICS             2025-03-06 22:31:36.810017
dynamic_TF_carry/MSCIEMASIA       2025-03-06 22:31:36.810243
dynamic_TF_carry/WHEY             2025-03-06 22:31:36.810700
dynamic_TF_carry/CRUDE_ICE        2025-03-06 22:31:36.810924
dynamic_TF_carry/EU-DJ-TELECOM    2025-03-06 22:31:36.811150
dynamic_TF_carry/JGB              2025-03-06 22:31:36.811374
dynamic_TF_carry/VIX              2025-03-06 22:31:36.811599
dynamic_TF_carry/MILKDRY          2025-03-06 22:31:36.811824
dynamic_TF_carry/MILLWHEAT        2025-03-06 22:31:36.812048
dynamic_TF_carry/HEATOIL          2025-03-06 22:31:36.812274
dynamic_TF_carry/COAL             2025-03-06 22:31:36.812500
dynamic_TF_carry/COTTON           2025-03-06 22:31:36.812729
dynamic_TF_carry/BONO             2025-03-06 22:31:36.812956
dynamic_TF_carry/US-ENERGY        2025-03-06 22:31:36.813182
dynamic_TF_carry/KOSDAQ           2025-03-06 22:31:36.813410
dynamic_TF_carry/PALLAD           2025-03-06 22:31:36.813636
dynamic_TF_carry/EU-HOUSE         2025-03-06 22:31:36.813866
dynamic_TF_carry/CAD              2025-03-06 22:31:36.814093
dynamic_TF_carry/FTSE250          2025-03-06 22:31:36.814320
dynamic_TF_carry/GAS-LAST         2025-03-06 22:31:36.814553
dynamic_TF_carry/MIB              2025-03-06 22:31:36.814779
dynamic_TF_carry/BRE              2025-03-06 22:31:36.815008
dynamic_TF_carry/BRENT-LAST       2025-03-06 22:31:36.815234
dynamic_TF_carry/COFFEE           2025-03-06 22:31:36.815462
dynamic_TF_carry/EU-BASIC         2025-03-06 22:31:36.815688
dynamic_TF_carry/EU-CONSTRUCTION  2025-03-06 22:31:36.815914
dynamic_TF_carry/EU-MEDIA         2025-03-06 22:31:36.816139
dynamic_TF_carry/CAC              2025-03-06 22:31:36.816364
dynamic_TF_carry/FTSECHINAH       2025-03-06 22:31:36.816591
dynamic_TF_carry/LEANHOG          2025-03-06 22:31:36.816817
dynamic_TF_carry/DOW              2025-03-06 22:31:36.817046
dynamic_TF_carry/FTSECHINAA       2025-03-06 22:31:36.817274
dynamic_TF_carry/TOPIX            2025-03-06 22:31:36.817501
dynamic_TF_carry/SEK              2025-03-06 22:31:36.817727
dynamic_TF_carry/JPY              2025-03-06 22:31:36.817952
dynamic_TF_carry/LUMBER-new       2025-03-06 22:31:36.818179
dynamic_TF_carry/US10             2025-03-06 22:31:36.818408
dynamic_TF_carry/KOSPI_mini       2025-03-06 22:31:36.818635
dynamic_TF_carry/ALUMINIUM        2025-03-06 22:31:36.818860
dynamic_TF_carry/MSCIEAFA         2025-03-06 22:31:36.819312
dynamic_TF_carry/IBEX_mini        2025-03-06 22:31:36.819537
dynamic_TF_carry/EU-DJ-UTIL       2025-03-06 22:31:36.819766
dynamic_TF_carry/MSCIASIA         2025-03-06 22:31:36.819993
dynamic_TF_carry/IRON             2025-03-06 22:31:36.820218
dynamic_TF_carry/NIKKEI400        2025-03-06 22:31:36.820444
dynamic_TF_carry/US3              2025-03-06 22:31:36.820673
dynamic_TF_carry/WHEAT_ICE        2025-03-06 22:31:36.820899
dynamic_TF_carry/R1000            2025-03-06 22:31:36.821126
dynamic_TF_carry/COPPER-micro     2025-03-06 22:31:36.821351
dynamic_TF_carry/CH10             2025-03-06 22:31:36.821577
dynamic_TF_carry/BBCOMM           2025-03-06 22:31:36.821805
dynamic_TF_carry/SHATZ            2025-03-06 22:31:36.822029
dynamic_TF_carry/CAD2             2025-03-06 22:31:36.822253
dynamic_TF_carry/PLAT             2025-03-06 22:31:36.822483
dynamic_TF_carry/SONIA3           2025-03-06 22:31:36.822709
dynamic_TF_carry/CHF              2025-03-06 22:31:36.822935
dynamic_TF_carry/CHFJPY           2025-03-06 22:31:36.823161
dynamic_TF_carry/SOYOIL           2025-03-06 22:31:36.823385
dynamic_TF_carry/EUA              2025-03-06 22:31:36.823611
dynamic_TF_carry/FED              2025-03-06 22:31:36.823837
dynamic_TF_carry/FTSEINDO         2025-03-06 22:31:36.824060
dynamic_TF_carry/AUDJPY           2025-03-06 22:31:36.824284
dynamic_TF_carry/GBP              2025-03-06 22:31:36.824508
dynamic_TF_carry/SOYMEAL          2025-03-06 22:31:36.824734
dynamic_TF_carry/EUR              2025-03-06 22:31:36.824959
dynamic_TF_carry/RUR              2025-03-06 22:31:36.825184
dynamic_TF_carry/TIN_LME          2025-03-06 22:31:36.825412
dynamic_TF_carry/EU-TECH          2025-03-06 22:31:36.825637
dynamic_TF_carry/BOBL             2025-03-06 22:31:36.825861
dynamic_TF_carry/CZK              2025-03-06 22:31:36.826084
dynamic_TF_carry/SP400            2025-03-06 22:31:36.826307
dynamic_TF_carry/ZINC_LME         2025-03-06 22:31:36.826537
dynamic_TF_carry/GILT             2025-03-06 22:31:36.826762
dynamic_TF_carry/AUD              2025-03-06 22:31:36.827210
dynamic_TF_carry/GASOILINE        2025-03-06 22:31:36.827437
dynamic_TF_carry/EURIBOR-ICE      2025-03-06 22:31:36.827663
dynamic_TF_carry/EU-AUTO          2025-03-06 22:31:36.827887
dynamic_TF_carry/CHEESE           2025-03-06 22:31:36.828111
dynamic_TF_carry/CHINAA-CON       2025-03-06 22:31:36.828337
dynamic_TF_carry/VNKI             2025-03-06 22:31:36.828564
dynamic_TF_carry/EU-HEALTH        2025-03-06 22:31:36.828790
dynamic_TF_carry/US-MATERIAL      2025-03-06 22:31:36.829016
dynamic_TF_carry/GBPEUR           2025-03-06 22:31:36.829242
dynamic_TF_carry/EU-BANKS         2025-03-06 22:31:36.829695
dynamic_TF_carry/KRWUSD           2025-03-06 22:31:36.829919
dynamic_TF_carry/US2              2025-03-06 22:31:36.830145
dynamic_TF_carry/BTP3             2025-03-06 22:31:36.830375
dynamic_TF_carry/JGB-SGX-mini     2025-03-06 22:31:36.830602
dynamic_TF_carry/EPRA-EUROPE      2025-03-06 22:31:36.830828
dynamic_TF_carry/HANG_mini        2025-03-06 22:31:36.831055
dynamic_TF_carry/EUROSTX          2025-03-06 22:31:36.831282
dynamic_TF_carry/SUGAR_WHITE      2025-03-06 22:31:36.831507
dynamic_TF_carry/EU-RETAIL        2025-03-06 22:31:36.831734
dynamic_TF_carry/LEAD_LME         2025-03-06 22:31:36.831959
dynamic_TF_carry/CLP              2025-03-06 22:31:36.832185
dynamic_TF_carry/NASDAQ_micro     2025-03-06 22:31:36.832411
dynamic_TF_carry/GBPCHF           2025-03-06 22:31:36.832637
dynamic_TF_carry/HIGHYIELD        2025-03-06 22:31:36.832862
dynamic_TF_carry/US-STAPLES       2025-03-06 22:31:36.833088
dynamic_TF_carry/EU-MID           2025-03-06 22:31:36.833317
dynamic_TF_carry/CORN             2025-03-06 22:31:36.833541
dynamic_TF_carry/SMI-MID          2025-03-06 22:31:36.833766
dynamic_TF_carry/EURAUD           2025-03-06 22:31:36.834447
dynamic_TF_carry/MXP              2025-03-06 22:31:36.834672
dynamic_TF_carry/AUD_micro        2025-03-06 22:31:36.834898
dynamic_TF_carry/DX               2025-03-06 22:31:36.835125
dynamic_TF_carry/NIKKEI           2025-03-06 22:31:36.835352
dynamic_TF_carry/BUXL             2025-03-06 22:31:36.835577
dynamic_TF_carry/CANOLA           2025-03-06 22:31:36.835805
dynamic_TF_carry/INR              2025-03-06 22:31:36.836032
dynamic_TF_carry/KRWUSD_mini      2025-03-06 22:31:36.836258
dynamic_TF_carry/HANGTECH         2025-03-06 22:31:36.836712
dynamic_TF_carry/DAX              2025-03-06 22:31:36.836939
dynamic_TF_carry/SPI200           2025-03-06 22:31:36.837163
dynamic_TF_carry/EUROSTX200-LARGE 2025-03-06 22:31:36.837390
dynamic_TF_carry/COAL-GEORDIE     2025-03-06 22:31:36.837614
dynamic_TF_carry/EUROSTX-LARGE    2025-03-06 22:31:36.837856
dynamic_TF_carry/STEEL            2025-03-06 22:31:36.838086
dynamic_TF_carry/FEEDCOW          2025-03-06 22:31:36.838311
dynamic_TF_carry/BTP              2025-03-06 22:31:36.838543
dynamic_TF_carry/SILVER           2025-03-06 22:31:36.838769
dynamic_TF_carry/SUGAR16          2025-03-06 22:31:36.838996
dynamic_TF_carry/CNH              2025-03-06 22:31:36.839223
dynamic_TF_carry/SOYBEAN_mini     2025-03-06 22:31:36.839449
dynamic_TF_carry/SARONA           2025-03-06 22:31:36.839675
dynamic_TF_carry/OATIES           2025-03-06 22:31:36.840127
dynamic_TF_carry/CAD5             2025-03-06 22:31:36.840353
dynamic_TF_carry/FTSE100          2025-03-06 22:31:36.840578
dynamic_TF_carry/COTTON2          2025-03-06 22:31:36.840803
dynamic_TF_carry/MSCITAIWAN       2025-03-06 22:31:36.841029
dynamic_TF_carry/US10U            2025-03-06 22:31:36.841255
dynamic_TF_carry/OAT              2025-03-06 22:31:36.841481
dynamic_TF_carry/RICE             2025-03-06 22:31:36.841707
dynamic_TF_carry/CRUDE_W_mini     2025-03-06 22:31:36.841932
dynamic_TF_carry/SOFR             2025-03-06 22:31:36.842157
dynamic_TF_carry/ZAR              2025-03-06 22:31:36.842390
dynamic_TF_carry/RUBBER           2025-03-06 22:31:36.842618
dynamic_TF_carry/OMX              2025-03-06 22:31:36.842845
dynamic_TF_carry/NICKEL_LME       2025-03-06 22:31:36.843072
dynamic_TF_carry/EURCHF           2025-03-06 22:31:36.843298
dynamic_TF_carry/DJSTX-SMALL      2025-03-06 22:31:36.843523
dynamic_TF_carry/GASOIL           2025-03-06 22:31:36.843749
dynamic_TF_carry/RUSSELL          2025-03-06 22:31:36.843976
dynamic_TF_carry/SUGAR11          2025-03-06 22:31:36.844202
dynamic_TF_carry/LIVECOW          2025-03-06 22:31:36.844428
dynamic_TF_carry/BITCOIN          2025-03-06 22:31:36.844654
dynamic_TF_carry/US5              2025-03-06 22:31:36.844880
dynamic_TF_carry/SP500_micro      2025-03-06 22:31:36.845105
dynamic_TF_carry/IG               2025-03-06 22:31:36.845354
dynamic_TF_carry/EU-UTILS         2025-03-06 22:31:36.845580
dynamic_TF_carry/IRS              2025-03-06 22:31:36.845806
dynamic_TF_carry/SGD              2025-03-06 22:31:36.846032


======================================================================================================================
                                                Status of trade limits                                                
======================================================================================================================

                   period_days  trade_limit  trades_since_last_reset  trade_capacity_remaining   time_since_last_reset
 GBP                        30            6                      5.0                       1.0 28 days 07:56:09.052920
 GBP                        14            4                      2.0                       2.0  3 days 07:57:17.358403
 GAS_US_mini                14            4                      1.0                       3.0  9 days 08:57:03.467347
 BUND                       30            4                      1.0                       3.0 20 days 14:57:06.497087
 LEANHOG                    14            4                      1.0                       3.0  3 days 07:27:17.779360
 BUXL                       14            4                      1.0                       3.0 13 days 14:57:16.605786
 REDWHEAT                   14            4                      1.0                       3.0 13 days 07:27:20.078948
 BUXL                       30            4                      1.0                       3.0 13 days 14:57:16.604024
 CORN                        1            4                      0.0                       4.0  0 days 00:00:00.000003
 EU-MEDIA                    1            4                      0.0                       4.0  0 days 00:00:00.000002
 EU-HOUSE                    1            4                      0.0                       4.0  0 days 00:00:00.000001
 EU-DJ-UTIL                  1            4                      0.0                       4.0  0 days 00:00:00.000001
 EU-DJ-TELECOM               1            4                      0.0                       4.0  0 days 00:00:00.000002
 EU-DJ-TECH                  1            4                      0.0                       4.0  0 days 00:00:00.000001
 EU-DJ-OIL                   1            4                      0.0                       4.0  0 days 00:00:00.000001
 EU-CONSTRUCTION             1            4                      0.0                       4.0  0 days 00:00:00.000002
 COTTON                      1            4                      0.0                       4.0  0 days 00:00:00.000002
 CZK                         1            4                      0.0                       4.0  0 days 00:00:00.000001
 COPPER-mini                 1            4                      0.0                       4.0  0 days 00:00:00.000001
 CNH-onshore                 1            4                      0.0                       4.0  0 days 00:00:00.000001
 CLP                         1            4                      0.0                       4.0  0 days 00:00:00.000002
 CH10                        1            4                      0.0                       4.0  0 days 00:00:00.000002
 BUTTER                      1            4                      0.0                       4.0  0 days 00:00:00.000001
 BOVESPA                     1            4                      0.0                       4.0  0 days 00:00:00.000001
 BEL20                       1            4                      0.0                       4.0  0 days 00:00:00.000002
 ETHANOL                     1            4                      0.0                       4.0  0 days 00:00:00.000001
 EU-MID                      1            4                      0.0                       4.0  0 days 00:00:00.000002
 EURCHF                      1            4                      0.0                       4.0  0 days 00:00:00.000001
 ALUMINIUM                   1            4                      0.0                       4.0  0 days 00:00:00.000001
 US-ENERGY                   1            4                      0.0                       4.0  0 days 00:00:00.000002
 US-DISCRETE                 1            4                      0.0                       4.0  0 days 00:00:00.000001
 SMI-MID                     1            4                      0.0                       4.0  0 days 00:00:00.000001
 SGX                         1            4                      0.0                       4.0  0 days 00:00:00.000002
 SGD                         1            4                      0.0                       4.0  0 days 00:00:00.000002
 OMX                         1            4                      0.0                       4.0  0 days 00:00:00.000001
 MSCIASIA                    1            4                      0.0                       4.0  0 days 00:00:00.000002
 MILKWET                     1            4                      0.0                       4.0  0 days 00:00:00.000002
 EU-REALESTATE               1            4                      0.0                       4.0  0 days 00:00:00.000001
 MILKDRY                     1            4                      0.0                       4.0  0 days 00:00:00.000001
 JP-REALESTATE               1            4                      0.0                       4.0  0 days 00:00:00.000002
 JGB-SGX-mini                1            4                      0.0                       4.0  0 days 00:00:00.000001
 IRS                         1            4                      0.0                       4.0  0 days 00:00:00.000002
 FTSEINDO                    1            4                      0.0                       4.0  0 days 00:00:00.000002
 EUROSTX200-LARGE            1            4                      0.0                       4.0  0 days 00:00:00.000001
 EUROSTX-SMALL               1            4                      0.0                       4.0  0 days 00:00:00.000001
 EUROSTX-LARGE               1            4                      0.0                       4.0  0 days 00:00:00.000002
