
********************************************************************************
                   Status report produced on 03/06/2025 22:55                   
********************************************************************************


Delayed methods: No delays

=============================
Delayed adjusted / FX prices 
=============================

                  last_update
HIGHYIELD 2025-05-29 23:00:01
IG        2025-05-30 15:00:01


===============================================
           Delayed optimal positions           
===============================================

                                    last_update
dynamic_TF_carry/SGX 2024-12-02 22:31:28.544775

Instruments at trade limit: No constraints

================================================
         Instruments at position limit          
================================================

                 keys  position pos_limit  spare
0                VNKI         0       0.0    0.0
160                IG         0       0.0    0.0
159              WHEY         0       0.0    0.0
154           EU-CHEM         0       0.0    0.0
144         HIGHYIELD         0       0.0    0.0
141            BUTTER         0       0.0    0.0
140               SGX         0       0.0    0.0
138     EU-DJ-TELECOM         0       0.0    0.0
134            CHFJPY         0       0.0    0.0
131               IRS         0       0.0    0.0
128          HOUSE-US         0       0.0    0.0
125       CNH-onshore         0       0.0    0.0
123         CHF_micro         0       0.0    0.0
121            KRWUSD         0       0.0    0.0
108           MILKWET         0       0.0    0.0
95    GASOILINE_micro         0       0.0    0.0
92             EURAUD         0       0.0    0.0
91               GICS         0       0.0    0.0
84                OMX         0       0.0    0.0
82           ETHEREUM         0       0.0    0.0
77        EPRA-EUROPE         0       0.0    0.0
68            MILKDRY         0       0.0    0.0
163            EURCHF         0       0.0    0.0
61        HEATOIL-ICE         0       0.0    0.0
164               TWD         0       0.0    0.0
170   EU-CONSTRUCTION         0       0.0    0.0
241            PALLAD         0       0.0    0.0
237          JGB-mini         0       0.0    0.0
234               PLN         0       0.0    0.0
228             SP400         0       0.0    0.0
226           SMI-MID         0       0.0    0.0
222               SEK         0       0.0    0.0
220           GAS-PEN        -1       1.0    0.0
217               NOK         0       0.0    0.0
216               JGB         0       0.0    0.0
212       COPPER-mini         0       0.0    0.0
209        COPPER_LME         0       0.0    0.0
207             STEEL         0       0.0    0.0
198           TIN_LME         0       0.0    0.0
187          AEX_mini         0       0.0    0.0
186          JPY_mini         0       0.0    0.0
184          EU-MEDIA         0       0.0    0.0
182     EUROSTX-LARGE         0       0.0    0.0
180           BOVESPA         0       0.0    0.0
179         EU-TRAVEL         0       0.0    0.0
177               CLP         0       0.0    0.0
176        EU-DJ-TECH         0       0.0    0.0
169               CZK         0       0.0    0.0
58       COAL-GEORDIE         0       0.0    0.0
122         EU-RETAIL         0       0.0    0.0
13             AUDJPY         0       0.0    0.0
44             NASDAQ         0       0.0    0.0
35   EUROSTX200-LARGE         0       0.0    0.0
34               COAL         0       0.0    0.0
9              GBPJPY         0       0.0    0.0
32             EURCAD         0       0.0    0.0
46           EU-HOUSE         0       0.0    0.0
2            SGD_mini         0       0.0    0.0
42              R1000         0       0.0    0.0
22          SWISSLEAD         0       0.0    0.0
16             COTTON         0       0.0    0.0
27           TWD-mini         0       0.0    0.0
14               CH10         0       0.0    0.0
48                RUR         0       0.0    0.0


=========================================================
         Overrides in database consider deleting         
=========================================================

                                                 override
NICKEL_LME             Override Close because in database
OATIES           Override Reduce only because in database
RICE             Override Reduce only because in database
MILKWET          Override Reduce only because in database
VNKI             Override Reduce only because in database
FTSE100          Override Reduce only because in database
JGB-mini         Override Reduce only because in database
LUMBER-new       Override Reduce only because in database
JGB-SGX-mini     Override Reduce only because in database
COPPER-mini      Override Reduce only because in database
GAS_US_mini      Override Reduce only because in database
SPI200           Override Reduce only because in database
GAS-LAST         Override Reduce only because in database
NZD              Override Reduce only because in database
GICS             Override Reduce only because in database
SGD              Override Reduce only because in database
KRWUSD           Override Reduce only because in database
PLN              Override Reduce only because in database
BONO             Override Reduce only because in database
SOYBEAN_mini     Override Reduce only because in database
CZK              Override Reduce only because in database
EURCAD           Override Reduce only because in database
TWD              Override Reduce only because in database
AUD              Override Reduce only because in database
CHF_micro        Override Reduce only because in database
NOK              Override Reduce only because in database
R1000            Override Reduce only because in database
AUD_micro        Override Reduce only because in database
IBEX_mini        Override Reduce only because in database
VIX_mini         Override Reduce only because in database
GBP_micro        Override Reduce only because in database
EU-CHEM          Override Reduce only because in database
EU-INSURE        Override Reduce only because in database
KOSDAQ           Override Reduce only because in database
JP-REALESTATE    Override Reduce only because in database
IBEX             Override Reduce only because in database
COAL             Override Reduce only because in database
AUDJPY           Override Reduce only because in database
CAD_micro        Override Reduce only because in database
EUR_mini         Override Reduce only because in database
KOSPI_mini       Override Reduce only because in database
KOSPI            Override Reduce only because in database
GBPCHF           Override Reduce only because in database
MXP              Override Reduce only because in database
GAS-PEN          Override Reduce only because in database
YENEUR           Override Reduce only because in database
CHFJPY           Override Reduce only because in database
CNH-onshore      Override Reduce only because in database
GBP              Override Reduce only because in database
SEK              Override Reduce only because in database
OMX              Override Reduce only because in database
GBPEUR           Override Reduce only because in database
GBPJPY           Override Reduce only because in database
EURAUD           Override Reduce only because in database
NIKKEI400        Override Reduce only because in database
RUR              Override Reduce only because in database
JPY_mini         Override Reduce only because in database
EURCHF           Override Reduce only because in database
EU-BANKS         Override Reduce only because in database
EU-CONSTRUCTION  Override Reduce only because in database
GASOILINE_micro  Override Reduce only because in database
ZAR              Override Reduce only because in database
BOVESPA          Override Reduce only because in database
BBCOMM           Override Reduce only because in database
CRUDE_W_mini     Override Reduce only because in database

Locked instruments (position mismatch): []

==============================================
Status of adjusted price / FX price collection
==============================================

                         last_update
HIGHYIELD        2025-05-29 23:00:01
IG               2025-05-30 15:00:01
KOSDAQ           2025-06-02 23:00:00
COAL-GEORDIE     2025-06-02 23:00:00
CLP              2025-06-02 23:00:00
OMX              2025-06-02 23:00:00
KOSPI            2025-06-02 23:00:00
CHFJPY           2025-06-02 23:00:00
RUR              2025-06-02 23:00:00
MSCIWORLD        2025-06-02 23:00:00
SGD_mini         2025-06-02 23:00:00
SGX              2025-06-02 23:00:00
COTTON           2025-06-02 23:00:00
IRS              2025-06-02 23:00:00
SMI-MID          2025-06-02 23:00:00
CNH-onshore      2025-06-02 23:00:00
MILKWET          2025-06-02 23:00:00
TWD-mini         2025-06-02 23:00:00
KOSPI_mini       2025-06-02 23:00:00
ZINC_LME         2025-06-02 23:00:00
GASOILINE_micro  2025-06-02 23:00:00
WHEY             2025-06-02 23:00:00
FTSEVIET         2025-06-02 23:00:00
KR10             2025-06-02 23:00:00
HOUSE-US         2025-06-02 23:00:00
KR3              2025-06-02 23:00:00
BOVESPA          2025-06-02 23:00:00
EPRA-EUROPE      2025-06-02 23:00:00
TIN_LME          2025-06-02 23:00:00
SWISSLEAD        2025-06-02 23:00:00
VNKI             2025-06-03 01:00:00
TWD              2025-06-03 02:00:00
JP-REALESTATE    2025-06-03 02:00:00
JGB-mini         2025-06-03 02:00:00
SGD              2025-06-03 03:00:00
KRWUSD_mini      2025-06-03 04:00:00
MUMMY            2025-06-03 04:00:00
HANGTECH         2025-06-03 04:00:00
TOPIX            2025-06-03 04:00:00
SPI200           2025-06-03 04:00:00
HANG_mini        2025-06-03 04:00:00
HANGENT_mini     2025-06-03 04:00:00
HANG             2025-06-03 04:00:00
HANGENT          2025-06-03 04:00:00
CNH              2025-06-03 04:00:00
CHINAA-CON       2025-06-03 05:00:00
FTSETAIWAN       2025-06-03 05:00:00
FTSEINDO         2025-06-03 05:00:00
FTSECHINAH       2025-06-03 05:00:00
FTSECHINAA       2025-06-03 05:00:00
JGB-SGX-mini     2025-06-03 05:00:00
MSCISING         2025-06-03 05:00:00
MSCITAIWAN       2025-06-03 05:00:00
NIKKEI*          2025-06-03 05:00:00
NIKKEI400        2025-06-03 05:00:00
IRON             2025-06-03 05:00:00
RUBBER           2025-06-03 05:00:00
JGB              2025-06-03 05:00:00
AEX_mini         2025-06-03 08:00:00
EU-MID           2025-06-03 09:00:00
EU-DJ-TELECOM    2025-06-03 10:00:00
NICKEL_LME       2025-06-03 10:00:00
EURIBOR          2025-06-03 10:00:00
EUROSTX200-LARGE 2025-06-03 14:00:00
LEAD_LME         2025-06-03 14:00:00
COPPER_LME       2025-06-03 14:00:00
GASOIL           2025-06-03 15:00:00
EURIBOR-ICE      2025-06-03 15:00:00
ROBUSTA          2025-06-03 15:00:00
HEATOIL-ICE      2025-06-03 15:00:00
EUROSTX-LARGE    2025-06-03 15:00:00
EUROSTX-SMALL    2025-06-03 15:00:00
CH10             2025-06-03 15:00:00
EURCAD           2025-06-03 15:00:00
SARONA           2025-06-03 15:00:00
GILT             2025-06-03 15:00:00
FTSE100          2025-06-03 15:00:00
FTSE250          2025-06-03 15:00:00
BRENT_W          2025-06-03 15:00:00
BONO             2025-06-03 15:00:00
WHEAT_ICE        2025-06-03 15:00:00
ALUMINIUM_LME    2025-06-03 15:00:00
SONIA3           2025-06-03 15:00:00
IBEX             2025-06-03 15:00:00
COAL             2025-06-03 15:00:00
EUA              2025-06-03 15:00:00
EU-DJ-UTIL       2025-06-03 15:00:00
MSCIASIA         2025-06-03 15:00:00
CRUDE_ICE        2025-06-03 15:00:00
EU-HOUSE         2025-06-03 15:00:00
IBEX_mini*       2025-06-03 15:00:00
EU-INSURE        2025-06-03 15:00:00
EU-DJ-TECH       2025-06-03 15:00:00
EU-MEDIA         2025-06-03 15:00:00
COCOA_LDN        2025-06-03 15:00:00
EU-RETAIL        2025-06-03 15:00:00
EU-TECH          2025-06-03 15:00:00
EU-TRAVEL        2025-06-03 15:00:00
MIB              2025-06-03 15:00:00
EU-UTILS         2025-06-03 15:00:00
EU-DJ-OIL        2025-06-03 15:00:00
MILLWHEAT        2025-06-03 15:00:00
V2X*             2025-06-03 16:00:00
GBPCHF           2025-06-03 16:00:00
SMI              2025-06-03 16:00:00
SHATZ            2025-06-03 16:00:00
OAT              2025-06-03 16:00:00
PLN              2025-06-03 16:00:00
KRWUSD           2025-06-03 16:00:00
SUGAR_WHITE      2025-06-03 16:00:00
GASOILINE_ICE    2025-06-03 16:00:00
AEX              2025-06-03 16:00:00
EU-OIL           2025-06-03 16:00:00
BUXL             2025-06-03 16:00:00
EU-HEALTH        2025-06-03 16:00:00
EURO600          2025-06-03 16:00:00
EUROSTX          2025-06-03 16:00:00
EU-AUTO          2025-06-03 16:00:00
EU-FOOD          2025-06-03 16:00:00
DAX              2025-06-03 16:00:00
BUND             2025-06-03 16:00:00
BTP              2025-06-03 16:00:00
BTP3             2025-06-03 16:00:00
BOBL             2025-06-03 16:00:00
EU-CONSTRUCTION  2025-06-03 16:00:00
EU-CHEM          2025-06-03 16:00:00
CZK              2025-06-03 16:00:00
CAC              2025-06-03 16:00:00
AUDJPY           2025-06-03 16:00:00
EU-BASIC         2025-06-03 16:00:00
EU-BANKS         2025-06-03 16:00:00
EU-DIV30         2025-06-03 16:00:00
EU-REALESTATE    2025-06-03 16:00:00
BUTTER           2025-06-03 17:00:00
SUGAR16          2025-06-03 17:00:00
SUGAR11          2025-06-03 17:00:00
GBPJPY           2025-06-03 17:00:00
OJ               2025-06-03 18:00:00
COCOA            2025-06-03 18:00:00
COFFEE           2025-06-03 18:00:00
GICS             2025-06-03 18:00:00
MILKDRY          2025-06-03 18:00:00
ALUMINIUM        2025-06-03 18:00:00
EURAUD           2025-06-03 18:00:00
REDWHEAT         2025-06-03 19:00:00
OATIES           2025-06-03 19:00:00
COPPER-mini      2025-06-03 19:00:00
RICE             2025-06-03 19:00:00
CORN             2025-06-03 19:00:00
CHEESE           2025-06-03 19:00:00
GAS-PEN*         2025-06-03 19:00:00
CAD2             2025-06-03 19:00:00
SILVER           2025-06-03 19:00:00
CORN_mini        2025-06-03 19:00:00
SOYBEAN          2025-06-03 19:00:00
SOYBEAN_mini     2025-06-03 19:00:00
SOYMEAL          2025-06-03 19:00:00
SOYOIL           2025-06-03 19:00:00
BRENT-LAST       2025-06-03 19:00:00
US-DISCRETE      2025-06-03 19:00:00
BBCOMM           2025-06-03 19:00:00
WHEAT*           2025-06-03 19:00:00
WHEAT_mini       2025-06-03 19:00:00
CANOLA*          2025-06-03 19:00:00
COTTON2          2025-06-03 19:00:00
R1000            2025-06-03 19:00:00
MSCIEMASIA       2025-06-03 19:00:00
LEANHOG          2025-06-03 19:00:00
LIVECOW          2025-06-03 19:00:00
ETHER-micro      2025-06-03 19:00:00
GBP_micro        2025-06-03 19:00:00
FEEDCOW*         2025-06-03 19:00:00
INR              2025-06-03 19:00:00
MILK             2025-06-03 19:00:00
FED              2025-06-03 19:00:00
DX               2025-06-03 19:00:00
GOLD             2025-06-03 20:00:00
BITCOIN          2025-06-03 20:00:00
GOLD-mini        2025-06-03 20:00:00
GOLD_micro       2025-06-03 20:00:00
US-ENERGY        2025-06-03 20:00:00
FANG             2025-06-03 20:00:00
US-HEALTH        2025-06-03 20:00:00
US-INDUSTRY      2025-06-03 20:00:00
US-MATERIAL      2025-06-03 20:00:00
US-REALESTATE    2025-06-03 20:00:00
US-STAPLES       2025-06-03 20:00:00
US-UTILS         2025-06-03 20:00:00
BRE              2025-06-03 20:00:00
US10             2025-06-03 20:00:00
US10U            2025-06-03 20:00:00
GAS_US           2025-06-03 20:00:00
ZAR              2025-06-03 20:00:00
YENEUR*          2025-06-03 20:00:00
AUD              2025-06-03 20:00:00
GAS_US_mini*     2025-06-03 20:00:00
GBP              2025-06-03 20:00:00
GAS-LAST         2025-06-03 20:00:00
CRUDE_W          2025-06-03 20:00:00
AUD_micro        2025-06-03 20:00:00
VIX              2025-06-03 20:00:00
GBPEUR           2025-06-03 20:00:00
US5              2025-06-03 20:00:00
US30             2025-06-03 20:00:00
US3              2025-06-03 20:00:00
US20             2025-06-03 20:00:00
US2              2025-06-03 20:00:00
VIX_mini         2025-06-03 20:00:00
EUR_mini         2025-06-03 20:00:00
STEEL            2025-06-03 20:00:00
SP500            2025-06-03 20:00:00
GASOILINE        2025-06-03 20:00:00
CHF_micro        2025-06-03 20:00:00
SP500_micro      2025-06-03 20:00:00
PALLAD           2025-06-03 20:00:00
LUMBER-new       2025-06-03 20:00:00
NZD              2025-06-03 20:00:00
NOK              2025-06-03 20:00:00
COPPER           2025-06-03 20:00:00
COPPER-micro     2025-06-03 20:00:00
CRUDE_W_mini     2025-06-03 20:00:00
NASDAQ_micro     2025-06-03 20:00:00
NASDAQ           2025-06-03 20:00:00
MXP*             2025-06-03 20:00:00
CRUDE_W_micro*   2025-06-03 20:00:00
MSCIEAFA*        2025-06-03 20:00:00
DOW*             2025-06-03 20:00:00
DOW_mini         2025-06-03 20:00:00
PLAT             2025-06-03 20:00:00
RUSSELL          2025-06-03 20:00:00
SP400            2025-06-03 20:00:00
CHF              2025-06-03 20:00:00
HEATOIL          2025-06-03 20:00:00
EURCHF           2025-06-03 20:00:00
EUR              2025-06-03 20:00:00
SOFR             2025-06-03 20:00:00
JPY              2025-06-03 20:00:00
EUR_micro        2025-06-03 20:00:00
CAD              2025-06-03 20:00:00
CAD10            2025-06-03 20:00:00
ETHEREUM         2025-06-03 20:00:00
CAD5             2025-06-03 20:00:00
SEK              2025-06-03 20:00:00
CAD_micro        2025-06-03 20:00:00
RUSSELL_mini     2025-06-03 20:00:00
JPY_mini         2025-06-03 20:00:00
CHFUSD           2025-06-03 23:00:00
JPYUSD           2025-06-03 23:00:00
EURUSD           2025-06-03 23:00:00
CADUSD           2025-06-03 23:00:00
KRWUSD           2025-06-03 23:00:00
SGDUSD           2025-06-03 23:00:00
SEKUSD           2025-06-03 23:00:00
GBPUSD           2025-06-03 23:00:00
MXPUSD           2025-06-03 23:00:00
HKDUSD           2025-06-03 23:00:00
CNHUSD           2025-06-03 23:00:00
AUDUSD           2025-06-03 23:00:00


============================================================
           Status of optimal position generation            
============================================================

                                                 last_update
dynamic_TF_carry/SGX              2024-12-02 22:31:28.544775
dynamic_TF_carry/KRWUSD           2025-06-03 22:31:36.958491
dynamic_TF_carry/SGD              2025-06-03 22:31:36.958746
dynamic_TF_carry/SUGAR_WHITE      2025-06-03 22:31:36.958983
dynamic_TF_carry/FTSEINDO         2025-06-03 22:31:36.959449
dynamic_TF_carry/FANG             2025-06-03 22:31:36.959721
dynamic_TF_carry/KR3              2025-06-03 22:31:36.959967
dynamic_TF_carry/R1000            2025-06-03 22:31:36.960195
dynamic_TF_carry/NZD              2025-06-03 22:31:36.960423
dynamic_TF_carry/BUXL             2025-06-03 22:31:36.960652
dynamic_TF_carry/DOW              2025-06-03 22:31:36.960882
dynamic_TF_carry/US3              2025-06-03 22:31:36.961111
dynamic_TF_carry/COTTON           2025-06-03 22:31:36.961338
dynamic_TF_carry/FTSE100          2025-06-03 22:31:36.961573
dynamic_TF_carry/CAD5             2025-06-03 22:31:36.961802
dynamic_TF_carry/PLN              2025-06-03 22:31:36.962028
dynamic_TF_carry/RUSSELL          2025-06-03 22:31:36.962257
dynamic_TF_carry/MILK             2025-06-03 22:31:36.962487
dynamic_TF_carry/FTSE250          2025-06-03 22:31:36.962716
dynamic_TF_carry/EU-CONSTRUCTION  2025-06-03 22:31:36.962945
dynamic_TF_carry/GBPEUR           2025-06-03 22:31:36.963174
dynamic_TF_carry/EU-DJ-TELECOM    2025-06-03 22:31:36.963401
dynamic_TF_carry/MSCISING         2025-06-03 22:31:36.963629
dynamic_TF_carry/EURCAD           2025-06-03 22:31:36.964085
dynamic_TF_carry/HANG_mini        2025-06-03 22:31:36.964314
dynamic_TF_carry/US-UTILS         2025-06-03 22:31:36.964544
dynamic_TF_carry/HANGTECH         2025-06-03 22:31:36.964772
dynamic_TF_carry/KOSPI_mini       2025-06-03 22:31:36.965228
dynamic_TF_carry/EUROSTX-SMALL    2025-06-03 22:31:36.965455
dynamic_TF_carry/BOBL             2025-06-03 22:31:36.965920
dynamic_TF_carry/MSCIEAFA         2025-06-03 22:31:36.966148
dynamic_TF_carry/GICS             2025-06-03 22:31:36.966605
dynamic_TF_carry/ZINC_LME         2025-06-03 22:31:36.966833
dynamic_TF_carry/ALUMINIUM        2025-06-03 22:31:36.967061
dynamic_TF_carry/TIN_LME          2025-06-03 22:31:36.967290
dynamic_TF_carry/SMI-MID          2025-06-03 22:31:36.967521
dynamic_TF_carry/MILKWET          2025-06-03 22:31:36.967749
dynamic_TF_carry/IRS              2025-06-03 22:31:36.967977
dynamic_TF_carry/HANGENT_mini     2025-06-03 22:31:36.968205
dynamic_TF_carry/TWD              2025-06-03 22:31:36.968434
dynamic_TF_carry/JPY              2025-06-03 22:31:36.968663
dynamic_TF_carry/RICE             2025-06-03 22:31:36.968892
dynamic_TF_carry/EU-OIL           2025-06-03 22:31:36.969120
dynamic_TF_carry/EURIBOR-ICE      2025-06-03 22:31:36.969350
dynamic_TF_carry/MIB              2025-06-03 22:31:36.969582
dynamic_TF_carry/EU-BANKS         2025-06-03 22:31:36.969813
dynamic_TF_carry/CH10             2025-06-03 22:31:36.970042
dynamic_TF_carry/MSCIASIA         2025-06-03 22:31:36.970272
dynamic_TF_carry/COPPER_LME       2025-06-03 22:31:36.970501
dynamic_TF_carry/COTTON2          2025-06-03 22:31:36.970731
dynamic_TF_carry/AUD              2025-06-03 22:31:36.970960
dynamic_TF_carry/BTP              2025-06-03 22:31:36.971189
dynamic_TF_carry/YENEUR           2025-06-03 22:31:36.971419
dynamic_TF_carry/US30             2025-06-03 22:31:36.971649
dynamic_TF_carry/EU-REALESTATE    2025-06-03 22:31:36.971879
dynamic_TF_carry/CRUDE_ICE        2025-06-03 22:31:36.972109
dynamic_TF_carry/NICKEL_LME       2025-06-03 22:31:36.972338
dynamic_TF_carry/EURAUD           2025-06-03 22:31:36.972567
dynamic_TF_carry/US-HEALTH        2025-06-03 22:31:36.972800
dynamic_TF_carry/BUTTER           2025-06-03 22:31:36.973030
dynamic_TF_carry/CANOLA           2025-06-03 22:31:36.973259
dynamic_TF_carry/SOYBEAN          2025-06-03 22:31:36.973488
dynamic_TF_carry/KRWUSD_mini      2025-06-03 22:31:36.973730
dynamic_TF_carry/LEANHOG          2025-06-03 22:31:36.973961
dynamic_TF_carry/DAX              2025-06-03 22:31:36.974192
dynamic_TF_carry/PLAT             2025-06-03 22:31:36.974423
dynamic_TF_carry/CLP              2025-06-03 22:31:36.974653
dynamic_TF_carry/US20             2025-06-03 22:31:36.974883
dynamic_TF_carry/MSCITAIWAN       2025-06-03 22:31:36.975113
dynamic_TF_carry/JGB              2025-06-03 22:31:36.975343
dynamic_TF_carry/FTSECHINAA       2025-06-03 22:31:36.975572
dynamic_TF_carry/GBPCHF           2025-06-03 22:31:36.976031
dynamic_TF_carry/OATIES           2025-06-03 22:31:36.976492
dynamic_TF_carry/SOYMEAL          2025-06-03 22:31:36.976723
dynamic_TF_carry/WHEAT_ICE        2025-06-03 22:31:36.976954
dynamic_TF_carry/CORN             2025-06-03 22:31:36.977184
dynamic_TF_carry/REDWHEAT         2025-06-03 22:31:36.977415
dynamic_TF_carry/EUR_micro        2025-06-03 22:31:36.977650
dynamic_TF_carry/EU-HEALTH        2025-06-03 22:31:36.977879
dynamic_TF_carry/CHFJPY           2025-06-03 22:31:36.978109
dynamic_TF_carry/EU-CHEM          2025-06-03 22:31:36.978341
dynamic_TF_carry/FTSEVIET         2025-06-03 22:31:36.978572
dynamic_TF_carry/EU-DIV30         2025-06-03 22:31:36.978801
dynamic_TF_carry/US5              2025-06-03 22:31:36.979030
dynamic_TF_carry/US-DISCRETE      2025-06-03 22:31:36.979257
dynamic_TF_carry/AUDJPY           2025-06-03 22:31:36.979486
dynamic_TF_carry/BRENT_W          2025-06-03 22:31:36.979713
dynamic_TF_carry/HIGHYIELD        2025-06-03 22:31:36.979944
dynamic_TF_carry/OJ               2025-06-03 22:31:36.980175
dynamic_TF_carry/CAD10            2025-06-03 22:31:36.980405
dynamic_TF_carry/CAC              2025-06-03 22:31:36.980866
dynamic_TF_carry/HOUSE-US         2025-06-03 22:31:36.981097
dynamic_TF_carry/STEEL            2025-06-03 22:31:36.981327
dynamic_TF_carry/NOK              2025-06-03 22:31:36.981557
dynamic_TF_carry/RUBBER           2025-06-03 22:31:36.981793
dynamic_TF_carry/US-INDUSTRY      2025-06-03 22:31:36.982023
dynamic_TF_carry/GOLD_micro       2025-06-03 22:31:36.982253
dynamic_TF_carry/GAS_US_mini      2025-06-03 22:31:36.982483
dynamic_TF_carry/US10             2025-06-03 22:31:36.982713
dynamic_TF_carry/EUR              2025-06-03 22:31:36.982943
dynamic_TF_carry/IBEX_mini        2025-06-03 22:31:36.983173
dynamic_TF_carry/EUA              2025-06-03 22:31:36.983404
dynamic_TF_carry/JGB-SGX-mini     2025-06-03 22:31:36.983635
dynamic_TF_carry/US-ENERGY        2025-06-03 22:31:36.983867
dynamic_TF_carry/IRON             2025-06-03 22:31:36.984097
dynamic_TF_carry/AUD_micro        2025-06-03 22:31:36.984327
dynamic_TF_carry/EU-TRAVEL        2025-06-03 22:31:36.984557
dynamic_TF_carry/TOPIX            2025-06-03 22:31:36.984786
dynamic_TF_carry/CRUDE_W_micro    2025-06-03 22:31:36.985016
dynamic_TF_carry/OAT              2025-06-03 22:31:36.985245
dynamic_TF_carry/EU-HOUSE         2025-06-03 22:31:36.985475
dynamic_TF_carry/PALLAD           2025-06-03 22:31:36.985709
dynamic_TF_carry/MILKDRY          2025-06-03 22:31:36.985938
dynamic_TF_carry/FEEDCOW          2025-06-03 22:31:36.986167
dynamic_TF_carry/NIKKEI400        2025-06-03 22:31:36.986395
dynamic_TF_carry/US10U            2025-06-03 22:31:36.986625
dynamic_TF_carry/CAD2             2025-06-03 22:31:36.986854
dynamic_TF_carry/JP-REALESTATE    2025-06-03 22:31:36.987083
dynamic_TF_carry/US2              2025-06-03 22:31:36.987311
dynamic_TF_carry/HEATOIL          2025-06-03 22:31:36.987540
dynamic_TF_carry/CHEESE           2025-06-03 22:31:36.987769
dynamic_TF_carry/EU-UTILS         2025-06-03 22:31:36.987998
dynamic_TF_carry/GAS-LAST         2025-06-03 22:31:36.988228
dynamic_TF_carry/US-REALESTATE    2025-06-03 22:31:36.988457
dynamic_TF_carry/LIVECOW          2025-06-03 22:31:36.988686
dynamic_TF_carry/SUGAR11          2025-06-03 22:31:36.988915
dynamic_TF_carry/COFFEE           2025-06-03 22:31:36.989144
dynamic_TF_carry/SWISSLEAD        2025-06-03 22:31:36.989374
dynamic_TF_carry/SOFR             2025-06-03 22:31:36.989606
dynamic_TF_carry/SEK              2025-06-03 22:31:36.989836
dynamic_TF_carry/EU-TECH          2025-06-03 22:31:36.990065
dynamic_TF_carry/CNH              2025-06-03 22:31:36.990294
dynamic_TF_carry/EPRA-EUROPE      2025-06-03 22:31:36.990523
dynamic_TF_carry/EUROSTX-LARGE    2025-06-03 22:31:36.990752
dynamic_TF_carry/INR              2025-06-03 22:31:36.990981
dynamic_TF_carry/SMI              2025-06-03 22:31:36.991209
dynamic_TF_carry/SP400            2025-06-03 22:31:36.991438
dynamic_TF_carry/EUROSTX200-LARGE 2025-06-03 22:31:36.991667
dynamic_TF_carry/BTP3             2025-06-03 22:31:36.991894
dynamic_TF_carry/MSCIWORLD        2025-06-03 22:31:36.992123
dynamic_TF_carry/SOYBEAN_mini     2025-06-03 22:31:36.992352
dynamic_TF_carry/SUGAR16          2025-06-03 22:31:36.992583
dynamic_TF_carry/SPI200           2025-06-03 22:31:36.992811
dynamic_TF_carry/BITCOIN          2025-06-03 22:31:36.993041
dynamic_TF_carry/EU-RETAIL        2025-06-03 22:31:36.993291
dynamic_TF_carry/OMX              2025-06-03 22:31:36.993523
dynamic_TF_carry/SARONA           2025-06-03 22:31:36.993757
dynamic_TF_carry/FED              2025-06-03 22:31:36.994214
dynamic_TF_carry/EU-BASIC         2025-06-03 22:31:36.994442
dynamic_TF_carry/COPPER-micro     2025-06-03 22:31:36.994671
dynamic_TF_carry/GASOILINE        2025-06-03 22:31:36.994901
dynamic_TF_carry/COPPER           2025-06-03 22:31:36.995129
dynamic_TF_carry/GBP              2025-06-03 22:31:36.995357
dynamic_TF_carry/EURIBOR          2025-06-03 22:31:36.995585
dynamic_TF_carry/US-STAPLES       2025-06-03 22:31:36.995813
dynamic_TF_carry/BRENT-LAST       2025-06-03 22:31:36.996042
dynamic_TF_carry/IG               2025-06-03 22:31:36.996272
dynamic_TF_carry/EU-MEDIA         2025-06-03 22:31:36.996499
dynamic_TF_carry/MILLWHEAT        2025-06-03 22:31:36.996956
dynamic_TF_carry/COAL             2025-06-03 22:31:36.997186
dynamic_TF_carry/CHINAA-CON       2025-06-03 22:31:36.997415
dynamic_TF_carry/KR10             2025-06-03 22:31:36.997648
dynamic_TF_carry/COAL-GEORDIE     2025-06-03 22:31:36.997877
dynamic_TF_carry/LEAD_LME         2025-06-03 22:31:36.998106
dynamic_TF_carry/AEX              2025-06-03 22:31:36.998334
dynamic_TF_carry/COCOA            2025-06-03 22:31:36.998565
dynamic_TF_carry/VNKI             2025-06-03 22:31:36.998795
dynamic_TF_carry/EU-AUTO          2025-06-03 22:31:36.999023
dynamic_TF_carry/RUR              2025-06-03 22:31:36.999253
dynamic_TF_carry/V2X              2025-06-03 22:31:36.999483
dynamic_TF_carry/EURO600          2025-06-03 22:31:36.999713
dynamic_TF_carry/DX               2025-06-03 22:31:36.999942
dynamic_TF_carry/GILT             2025-06-03 22:31:37.000171
dynamic_TF_carry/GAS-PEN          2025-06-03 22:31:37.000401
dynamic_TF_carry/FTSETAIWAN       2025-06-03 22:31:37.000630
dynamic_TF_carry/CRUDE_W_mini     2025-06-03 22:31:37.000860
dynamic_TF_carry/CZK              2025-06-03 22:31:37.001088
dynamic_TF_carry/ZAR              2025-06-03 22:31:37.001317
dynamic_TF_carry/WHEAT            2025-06-03 22:31:37.001549
dynamic_TF_carry/SOYOIL           2025-06-03 22:31:37.001785
dynamic_TF_carry/BUND             2025-06-03 22:31:37.002017
dynamic_TF_carry/BRE              2025-06-03 22:31:37.002249
dynamic_TF_carry/CHF              2025-06-03 22:31:37.002478
dynamic_TF_carry/BOVESPA          2025-06-03 22:31:37.002708
dynamic_TF_carry/KOSDAQ           2025-06-03 22:31:37.002938
dynamic_TF_carry/GASOIL           2025-06-03 22:31:37.003167
dynamic_TF_carry/NIKKEI           2025-06-03 22:31:37.003397
dynamic_TF_carry/VIX              2025-06-03 22:31:37.003627
dynamic_TF_carry/ETHEREUM         2025-06-03 22:31:37.003856
dynamic_TF_carry/GBPJPY           2025-06-03 22:31:37.004313
dynamic_TF_carry/MXP              2025-06-03 22:31:37.004543
dynamic_TF_carry/EURCHF           2025-06-03 22:31:37.004774
dynamic_TF_carry/LUMBER-new       2025-06-03 22:31:37.005006
dynamic_TF_carry/SILVER           2025-06-03 22:31:37.005236
dynamic_TF_carry/BONO             2025-06-03 22:31:37.005467
dynamic_TF_carry/EU-FOOD          2025-06-03 22:31:37.005701
dynamic_TF_carry/BBCOMM           2025-06-03 22:31:37.005932
dynamic_TF_carry/MUMMY            2025-06-03 22:31:37.006161
dynamic_TF_carry/KOSPI            2025-06-03 22:31:37.006391
dynamic_TF_carry/NASDAQ_micro     2025-06-03 22:31:37.006621
dynamic_TF_carry/US-MATERIAL      2025-06-03 22:31:37.006852
dynamic_TF_carry/FTSECHINAH       2025-06-03 22:31:37.007082
dynamic_TF_carry/SHATZ            2025-06-03 22:31:37.007313
dynamic_TF_carry/COCOA_LDN        2025-06-03 22:31:37.007774
dynamic_TF_carry/EU-INSURE        2025-06-03 22:31:37.008004
dynamic_TF_carry/SONIA3           2025-06-03 22:31:37.008235
dynamic_TF_carry/EU-DJ-UTIL       2025-06-03 22:31:37.008466
dynamic_TF_carry/CAD              2025-06-03 22:31:37.008696
dynamic_TF_carry/MSCIEMASIA       2025-06-03 22:31:37.009160
dynamic_TF_carry/SP500_micro      2025-06-03 22:31:37.009391
dynamic_TF_carry/ROBUSTA          2025-06-03 22:31:37.009634
dynamic_TF_carry/EU-MID           2025-06-03 22:31:37.009870
dynamic_TF_carry/EUROSTX          2025-06-03 22:31:37.010100
dynamic_TF_carry/WHEY             2025-06-03 22:31:37.010331


======================================================================================================================
                                                Status of trade limits                                                
======================================================================================================================

                   period_days  trade_limit  trades_since_last_reset  trade_capacity_remaining   time_since_last_reset
 MUMMY                       1            6                      5.0                       1.0  0 days 20:54:14.230524
 CORN                        1            4                      0.0                       4.0  0 days 00:00:00.000003
 EU-DJ-UTIL                  1            4                      0.0                       4.0  0 days 00:00:00.000002
 EU-DJ-TELECOM               1            4                      0.0                       4.0  0 days 00:00:00.000001
 EU-DJ-TECH                  1            4                      0.0                       4.0  0 days 00:00:00.000001
 EU-DJ-OIL                   1            4                      0.0                       4.0  0 days 00:00:00.000002
 EU-CONSTRUCTION             1            4                      0.0                       4.0  0 days 00:00:00.000001
 CZK                         1            4                      0.0                       4.0  0 days 00:00:00.000001
 COTTON                      1            4                      0.0                       4.0  0 days 00:00:00.000002
 COPPER-mini                 1            4                      0.0                       4.0  0 days 00:00:00.000002
 CNH-onshore                 1            4                      0.0                       4.0  0 days 00:00:00.000001
 CLP                         1            4                      0.0                       4.0  0 days 00:00:00.000001
 CH10                        1            4                      0.0                       4.0  0 days 00:00:00.000002
 BUTTER                      1            4                      0.0                       4.0  0 days 00:00:00.000001
 BOVESPA                     1            4                      0.0                       4.0  0 days 00:00:00.000001
 BEL20                       1            4                      0.0                       4.0  0 days 00:00:00.000002
 ALUMINIUM                   1            4                      0.0                       4.0  0 days 00:00:00.000002
 YENEUR                     30            4                      0.0                       4.0  0 days 00:00:00.000001
 US30                       30            4                      0.0                       4.0  0 days 00:00:00.000001
 US3                        30            4                      0.0                       4.0  0 days 00:00:00.000002
 US10U                      30            4                      0.0                       4.0  0 days 00:00:00.000001
 EU-HOUSE                    1            4                      0.0                       4.0  0 days 00:00:00.000001
 EU-MEDIA                    1            4                      0.0                       4.0  0 days 00:00:00.000001
 EU-MID                      1            4                      0.0                       4.0  0 days 00:00:00.000002
 EU-REALESTATE               1            4                      0.0                       4.0  0 days 00:00:00.000002
 US-ENERGY                   1            4                      0.0                       4.0  0 days 00:00:00.000002
 US-DISCRETE                 1            4                      0.0                       4.0  0 days 00:00:00.000002
 SMI-MID                     1            4                      0.0                       4.0  0 days 00:00:00.000001
 SGX                         1            4                      0.0                       4.0  0 days 00:00:00.000001
 SGD                         1            4                      0.0                       4.0  0 days 00:00:00.000002
 OMX                         1            4                      0.0                       4.0  0 days 00:00:00.000001
 MSCIASIA                    1            4                      0.0                       4.0  0 days 00:00:00.000002
 MILKWET                     1            4                      0.0                       4.0  0 days 00:00:00.000001
 MILKDRY                     1            4                      0.0                       4.0  0 days 00:00:00.000001
 MID-DAX                     1            4                      0.0                       4.0  0 days 00:00:00.000002
 JP-REALESTATE               1            4                      0.0                       4.0  0 days 00:00:00.000001
 JGB-SGX-mini                1            4                      0.0                       4.0  0 days 00:00:00.000001
 IRS                         1            4                      0.0                       4.0  0 days 00:00:00.000002
 FTSEINDO                    1            4                      0.0                       4.0  0 days 00:00:00.000001
 EUROSTX200-LARGE            1            4                      0.0                       4.0  0 days 00:00:00.000001
 EUROSTX-SMALL               1            4                      0.0                       4.0  0 days 00:00:00.000002
 EUROSTX-LARGE               1            4                      0.0                       4.0  0 days 00:00:00.000002
 EURIBOR                     1            4                      0.0                       4.0  0 days 00:00:00.000001
 EURCHF                      1            4                      0.0                       4.0  0 days 00:00:00.000001
 SP400                      30            4                      0.0                       4.0  0 days 00:00:00.000002
 SEK                        30            4                      0.0                       4.0  0 days 00:00:00.000001
 NOK                        30            4                      0.0                       4.0  0 days 00:00:00.000002
 JGB                        30            4                      0.0                       4.0  0 days 00:00:00.000001
 GAS-LAST                   14            4                      0.0                       4.0  0 days 00:00:00.000002
 FTSETAIWAN                 14            4                      0.0                       4.0  0 days 00:00:00.000001
 EU-TECH                    14            4                      0.0                       4.0  0 days 00:00:00.000002
 EU-CHEM                    14            4                      0.0                       4.0  0 days 00:00:00.000001
 ETHEREUM                   14            4                      0.0                       4.0  0 days 00:00:00.000001
 CNH                        14            4                      0.0                       4.0  0 days 00:00:00.000002
 BUXL                       14            4                      0.0                       4.0  0 days 00:00:00.000001
 BTP3                       14            4                      0.0                       4.0  0 days 00:00:00.000002
 BRENT-LAST                 14            4                      0.0                       4.0  0 days 00:00:00.000001
 BONO                       14            4                      0.0                       4.0  0 days 00:00:00.000001
 YENEUR                      1            4                      0.0                       4.0  0 days 00:00:00.000001
 US3                         1            4                      0.0                       4.0  0 days 00:00:00.000001
 US10U                       1            4                      0.0                       4.0  0 days 00:00:00.000002
 US-REALESTATE               1            4                      0.0                       4.0  0 days 00:00:00.000001
 TOPIX                       1            4                      0.0                       4.0  0 days 00:00:00.000001
 SP400                       1            4                      0.0                       4.0  0 days 00:00:00.000002
 SEK                         1            4                      0.0                       4.0  0 days 00:00:00.000001
 RUSSELL                     1            4                      0.0                       4.0  0 days 00:00:00.000001
 RUR                         1            4                      0.0                       4.0  0 days 00:00:00.000002
 GBPEUR                     14            4                      0.0                       4.0  0 days 00:00:00.000002
 US-HEALTH                   1            4                      0.0                       4.0  0 days 00:00:00.000001
 HEATOIL                    14            4                      0.0                       4.0  0 days 00:00:00.000001
