
********************************************************************************
                   Status report produced on 12/03/2025 22:56                   
********************************************************************************


Delayed methods: No delays

=============================
Delayed adjusted / FX prices 
=============================

                  last_update
HIGHYIELD 2025-02-27 23:00:02
IG        2025-02-27 23:00:02


===============================================
           Delayed optimal positions           
===============================================

                                    last_update
dynamic_TF_carry/SGX 2024-12-02 22:31:28.544775

Instruments at trade limit: No constraints

================================================
         Instruments at position limit          
================================================

                 keys  position pos_limit  spare
0            JGB-mini         0       0.0    0.0
60                JGB         0       0.0    0.0
58             CHFJPY         0       0.0    0.0
148         CHF_micro         0       0.0    0.0
156              VNKI         0       0.0    0.0
162               TWD         0       0.0    0.0
164             SP400         0       0.0    0.0
166        EU-DJ-TECH         0       0.0    0.0
143         HIGHYIELD         0       0.0    0.0
51                IRS         0       0.0    0.0
173        BRENT-LAST        -1       1.0    0.0
47             PALLAD         0       0.0    0.0
46             EURAUD         0       0.0    0.0
175           SMI-MID         0       0.0    0.0
44        EPRA-EUROPE         0       0.0    0.0
86            TIN_LME         0       0.0    0.0
184          ETHEREUM         0       0.0    0.0
171              COAL         0       0.0    0.0
41   EUROSTX200-LARGE         0       0.0    0.0
139       COPPER-mini         0       0.0    0.0
128        COPPER_LME         0       0.0    0.0
89      EU-DJ-TELECOM         0       0.0    0.0
91             EURCAD         0       0.0    0.0
81        CNH-onshore         0       0.0    0.0
101         EU-RETAIL         0       0.0    0.0
108            KRWUSD         0       0.0    0.0
78           EU-MEDIA         0       0.0    0.0
111              WHEY         0       0.0    0.0
135               SGX         0       0.0    0.0
112          TWD-mini         0       0.0    0.0
74          EU-TRAVEL         0       0.0    0.0
113         SWISSLEAD         0       0.0    0.0
72             EURCHF         0       0.0    0.0
115       HEATOIL-ICE         0       0.0    0.0
118               RUR         0       0.0    0.0
122            COTTON         0       0.0    0.0
127            BUTTER         0       0.0    0.0
75           EU-HOUSE         0       0.0    0.0
190     EUROSTX-LARGE         0       0.0    0.0
43            MILKDRY         0       0.0    0.0
87            ETHANOL         0       0.0    0.0
13             AUDJPY         0       0.0    0.0
237             STEEL         0       0.0    0.0
228               NOK         0       0.0    0.0
8                 OMX         0       0.0    0.0
17    GASOILINE_micro         0       0.0    0.0
5                 MIB         1       1.0    0.0
191               PLN         0       0.0    0.0
20             NASDAQ         0       0.0    0.0
217      COAL-GEORDIE         0       0.0    0.0
22            BOVESPA         0       0.0    0.0
233           EU-CHEM         0       0.0    0.0
214            GBPJPY         0       0.0    0.0
25               GICS         0       0.0    0.0
216               CZK         0       0.0    0.0
27              R1000         0       0.0    0.0
194          SGD_mini         0       0.0    0.0
200               SEK         0       0.0    0.0
205          HOUSE-US         0       0.0    0.0
34            MILKWET         0       0.0    0.0
207          AEX_mini         0       0.0    0.0
31               CH10         0       0.0    0.0
210   EU-CONSTRUCTION         0       0.0    0.0
29           JPY_mini         0       0.0    0.0
2                  IG         0       0.0    0.0
28               BUXL        -1       1.0    0.0
234               CLP         0       0.0    0.0


==========================================================
         Overrides in database consider deleting          
==========================================================

                                                  override
NICKEL_LME              Override Close because in database
VNKI              Override Reduce only because in database
FTSE100           Override Reduce only because in database
RICE              Override Reduce only because in database
SPI200            Override Reduce only because in database
OATIES            Override Reduce only because in database
JGB-mini          Override Reduce only because in database
STEEL             Override Reduce only because in database
GOLD-mini         Override Reduce only because in database
IRS               Override Reduce only because in database
VIX_mini          Override Reduce only because in database
JP-REALESTATE     Override Reduce only because in database
GICS              Override Reduce only because in database
KRWUSD            Override Reduce only because in database
TOPIX             Override Reduce only because in database
PLN               Override Reduce only because in database
NIKKEI400         Override Reduce only because in database
CZK               Override Reduce only because in database
EURCAD            Override Reduce only because in database
CHF_micro         Override Reduce only because in database
NOK               Override Reduce only because in database
R1000             Override Reduce only because in database
IBEX_mini         Override Reduce only because in database
EU-CHEM           Override Reduce only because in database
EU-INSURE         Override Reduce only because in database
KOSDAQ            Override Reduce only because in database
IBEX              Override Reduce only because in database
AUDJPY            Override Reduce only because in database
EUR_mini          Override Reduce only because in database
GBPCHF            Override Reduce only because in database
DJSTX-SMALL       Override Reduce only because in database
YENEUR            Override Reduce only because in database
CHFJPY            Override Reduce only because in database
COAL-GEORDIE      Override Reduce only because in database
CRUDE_W_mini      Override Reduce only because in database
SEK               Override Reduce only because in database
OMX               Override Reduce only because in database
GBPJPY            Override Reduce only because in database
EURAUD            Override Reduce only because in database
RUR               Override Reduce only because in database
TWD-mini          Override Reduce only because in database
JPY_mini          Override Reduce only because in database
EU-BANKS          Override Reduce only because in database
EU-CONSTRUCTION   Override Reduce only because in database
GASOILINE_micro   Override Reduce only because in database
ZAR               Override Reduce only because in database
EU-TECH           Override Reduce only because in database
US-DISCRETE       Override Reduce only because in database
SMI-MID           Override Reduce only because in database
INR               Override Reduce only because in database
MIB               Override Reduce only because in database
COAL              Override Reduce only because in database
EU-RETAIL         Override Reduce only because in database
EU-OIL            Override Reduce only because in database
US-ENERGY         Override Reduce only because in database
EUROSTX-SMALL     Override Reduce only because in database
US-INDUSTRY       Override Reduce only because in database
NASDAQ_micro      Override Reduce only because in database
US-HEALTH         Override Reduce only because in database
EU-DJ-OIL         Override Reduce only because in database
MSCIWORLD         Override Reduce only because in database
CHINAA-CON        Override Reduce only because in database
SMI               Override Reduce only because in database
EU-UTILS          Override Reduce only because in database
EU-MID            Override Reduce only because in database
EPRA-EUROPE       Override Reduce only because in database
BBCOMM            Override Reduce only because in database
EU-HEALTH         Override Reduce only because in database
EU-HOUSE          Override Reduce only because in database
DOW_mini          Override Reduce only because in database
EU-DJ-TECH        Override Reduce only because in database
US-MATERIAL       Override Reduce only because in database
US-STAPLES        Override Reduce only because in database
EU-DJ-TELECOM     Override Reduce only because in database
NASDAQ            Override Reduce only because in database
EU-BASIC          Override Reduce only because in database
EU-DIV30          Override Reduce only because in database
EU-AUTO           Override Reduce only because in database
AEX               Override Reduce only because in database
FTSEINDO          Override Reduce only because in database
EUROSTX-LARGE     Override Reduce only because in database
FTSE250           Override Reduce only because in database
EU-DJ-UTIL        Override Reduce only because in database
MSCIEAFA          Override Reduce only because in database
EU-MEDIA          Override Reduce only because in database
EUROSTX           Override Reduce only because in database
EU-TRAVEL         Override Reduce only because in database
EURO600           Override Reduce only because in database
EU-REALESTATE     Override Reduce only because in database
SWISSLEAD         Override Reduce only because in database
AEX_mini          Override Reduce only because in database
CAC               Override Reduce only because in database
MSCIASIA          Override Reduce only because in database
EU-FOOD           Override Reduce only because in database
US-UTILS          Override Reduce only because in database
EUROSTX200-LARGE  Override Reduce only because in database
SP400             Override Reduce only because in database
RUSSELL_mini      Override Reduce only because in database
FANG              Override Reduce only because in database
FTSEVIET          Override Reduce only because in database
KR3               Override Reduce only because in database
FTSECHINAA        Override Reduce only because in database
KR10              Override Reduce only because in database
FTSETAIWAN        Override Reduce only because in database
US-REALESTATE     Override Reduce only because in database

Locked instruments (position mismatch): []

==============================================
Status of adjusted price / FX price collection
==============================================

                         last_update
HIGHYIELD        2025-02-27 23:00:02
IG               2025-02-27 23:00:02
SGX              2025-03-10 23:00:00
CNH-onshore      2025-03-10 23:00:00
TWD              2025-03-10 23:00:00
KRWUSD           2025-03-11 23:00:00
OMX              2025-03-11 23:00:00
MILKWET          2025-03-11 23:00:00
HOUSE-US         2025-03-11 23:00:00
CLP              2025-03-11 23:00:00
CHFJPY           2025-03-11 23:00:00
RUR              2025-03-11 23:00:00
SGD_mini         2025-03-11 23:00:00
CZK              2025-03-11 23:00:00
COTTON           2025-03-11 23:00:00
ETHANOL          2025-03-11 23:00:00
GAS-PEN          2025-03-11 23:00:00
SGD              2025-03-11 23:00:00
GBPCHF           2025-03-11 23:00:00
VNKI             2025-03-11 23:00:00
GASOILINE_micro  2025-03-11 23:00:00
TIN_LME          2025-03-11 23:00:00
BOVESPA          2025-03-11 23:00:00
MSCIEMASIA       2025-03-11 23:00:00
SWISSLEAD        2025-03-11 23:00:00
SUGAR16          2025-03-11 23:00:00
JGB-mini         2025-03-12 01:00:00
FTSEVIET         2025-03-12 03:00:00
MSCITAIWAN       2025-03-12 04:00:00
IRON             2025-03-12 04:00:00
FTSEINDO         2025-03-12 04:00:00
MUMMY*           2025-03-12 04:00:00
JP-REALESTATE    2025-03-12 04:00:00
SPI200           2025-03-12 04:00:00
TWD-mini         2025-03-12 04:00:00
KRWUSD_mini      2025-03-12 04:00:00
FTSETAIWAN       2025-03-12 05:00:00
FTSECHINAH       2025-03-12 05:00:00
FTSECHINAA       2025-03-12 05:00:00
HANGTECH         2025-03-12 05:00:00
KOSPI_mini       2025-03-12 05:00:00
KR10             2025-03-12 05:00:00
KOSPI            2025-03-12 05:00:00
KOSDAQ           2025-03-12 05:00:00
HANGENT          2025-03-12 05:00:00
JGB-SGX-mini     2025-03-12 05:00:00
JGB              2025-03-12 05:00:00
HANG             2025-03-12 05:00:00
KR3              2025-03-12 05:00:00
HANG_mini        2025-03-12 05:00:00
HANGENT_mini     2025-03-12 05:00:00
NIKKEI           2025-03-12 05:00:00
MSCISING*        2025-03-12 05:00:00
CNH              2025-03-12 05:00:00
RUBBER           2025-03-12 05:00:00
TOPIX*           2025-03-12 05:00:00
NIKKEI400        2025-03-12 05:00:00
CHINAA-CON       2025-03-12 05:00:00
AEX_mini         2025-03-12 11:00:00
COAL-GEORDIE     2025-03-12 13:00:00
EU-DJ-TELECOM    2025-03-12 13:00:00
EPRA-EUROPE      2025-03-12 13:00:00
EU-HOUSE         2025-03-12 14:00:00
EU-DJ-UTIL       2025-03-12 14:00:00
SONIA3           2025-03-12 15:00:00
HEATOIL-ICE      2025-03-12 15:00:00
SMI-MID          2025-03-12 15:00:00
EURIBOR          2025-03-12 15:00:00
EUA              2025-03-12 15:00:00
CRUDE_ICE        2025-03-12 15:00:00
EUROSTX-SMALL    2025-03-12 15:00:00
BRENT_W          2025-03-12 15:00:00
IBEX             2025-03-12 15:00:00
GILT             2025-03-12 15:00:00
GICS             2025-03-12 15:00:00
GASOIL           2025-03-12 15:00:00
FTSE100          2025-03-12 15:00:00
FTSE250          2025-03-12 15:00:00
WHEAT_ICE        2025-03-12 15:00:00
ALUMINIUM_LME    2025-03-12 15:00:00
ZINC_LME         2025-03-12 15:00:00
EURIBOR-ICE      2025-03-12 15:00:00
IBEX_mini        2025-03-12 15:00:00
MILLWHEAT        2025-03-12 15:00:00
EU-RETAIL        2025-03-12 15:00:00
MSCIWORLD        2025-03-12 15:00:00
COPPER_LME       2025-03-12 15:00:00
DJSTX-SMALL      2025-03-12 15:00:00
NICKEL_LME       2025-03-12 15:00:00
MIB*             2025-03-12 15:00:00
LEAD_LME         2025-03-12 15:00:00
COCOA_LDN        2025-03-12 15:00:00
EU-TECH          2025-03-12 15:00:00
EU-CHEM          2025-03-12 15:00:00
COAL             2025-03-12 15:00:00
PLN              2025-03-12 15:00:00
EU-DJ-TECH       2025-03-12 15:00:00
ROBUSTA          2025-03-12 15:00:00
EU-INSURE        2025-03-12 15:00:00
CH10             2025-03-12 15:00:00
EU-MID           2025-03-12 15:00:00
SARONA           2025-03-12 15:00:00
SUGAR11          2025-03-12 16:00:00
OAT              2025-03-12 16:00:00
V2X              2025-03-12 16:00:00
GASOILINE_ICE    2025-03-12 16:00:00
SMI              2025-03-12 16:00:00
MSCIASIA         2025-03-12 16:00:00
SUGAR_WHITE      2025-03-12 16:00:00
SHATZ            2025-03-12 16:00:00
AEX              2025-03-12 16:00:00
BONO             2025-03-12 16:00:00
EU-HEALTH        2025-03-12 16:00:00
EU-REALESTATE    2025-03-12 16:00:00
EU-TRAVEL        2025-03-12 16:00:00
EU-UTILS         2025-03-12 16:00:00
EU-FOOD          2025-03-12 16:00:00
EU-DJ-OIL        2025-03-12 16:00:00
BOBL             2025-03-12 16:00:00
DAX              2025-03-12 16:00:00
EURO600          2025-03-12 16:00:00
EUROSTX          2025-03-12 16:00:00
EUROSTX-LARGE    2025-03-12 16:00:00
EU-OIL           2025-03-12 16:00:00
EU-MEDIA         2025-03-12 16:00:00
EUROSTX200-LARGE 2025-03-12 16:00:00
EU-DIV30         2025-03-12 16:00:00
EU-CONSTRUCTION  2025-03-12 16:00:00
BTP3             2025-03-12 16:00:00
BUXL*            2025-03-12 16:00:00
EU-BASIC         2025-03-12 16:00:00
BTP              2025-03-12 16:00:00
BUND             2025-03-12 16:00:00
EU-BANKS         2025-03-12 16:00:00
EU-AUTO          2025-03-12 16:00:00
CAC              2025-03-12 16:00:00
COCOA            2025-03-12 17:00:00
SOYBEAN_mini     2025-03-12 17:00:00
STEEL            2025-03-12 17:00:00
COFFEE           2025-03-12 17:00:00
OJ               2025-03-12 17:00:00
MILKDRY          2025-03-12 18:00:00
FEEDCOW*         2025-03-12 18:00:00
CORN_mini        2025-03-12 18:00:00
CORN             2025-03-12 18:00:00
BBCOMM           2025-03-12 18:00:00
LIVECOW          2025-03-12 18:00:00
OATIES           2025-03-12 18:00:00
REDWHEAT         2025-03-12 18:00:00
RICE             2025-03-12 18:00:00
CANOLA           2025-03-12 18:00:00
SOYOIL           2025-03-12 18:00:00
SOYMEAL          2025-03-12 18:00:00
COTTON2          2025-03-12 18:00:00
LEANHOG*         2025-03-12 18:00:00
SOYBEAN          2025-03-12 18:00:00
WHEAT            2025-03-12 18:00:00
ALUMINIUM        2025-03-12 18:00:00
WHEY             2025-03-12 18:00:00
WHEAT_mini       2025-03-12 18:00:00
EURCAD           2025-03-12 19:00:00
HEATOIL          2025-03-12 19:00:00
EURCHF           2025-03-12 19:00:00
DX               2025-03-12 19:00:00
CAD_micro        2025-03-12 19:00:00
PLAT             2025-03-12 19:00:00
GOLD             2025-03-12 19:00:00
R1000            2025-03-12 19:00:00
AUDJPY           2025-03-12 19:00:00
GBP_micro        2025-03-12 19:00:00
GBPJPY           2025-03-12 19:00:00
COPPER-mini      2025-03-12 19:00:00
CHEESE           2025-03-12 19:00:00
CAD2             2025-03-12 19:00:00
US-ENERGY        2025-03-12 19:00:00
BUTTER           2025-03-12 19:00:00
US-STAPLES       2025-03-12 19:00:00
GAS_US_mini      2025-03-12 19:00:00
CRUDE_W_mini     2025-03-12 19:00:00
US-DISCRETE      2025-03-12 19:00:00
US-INDUSTRY      2025-03-12 19:00:00
US-MATERIAL      2025-03-12 19:00:00
IRS              2025-03-12 19:00:00
INR              2025-03-12 19:00:00
US-HEALTH        2025-03-12 19:00:00
AUD              2025-03-12 20:00:00
SP500_micro*     2025-03-12 20:00:00
YENEUR           2025-03-12 20:00:00
SP400            2025-03-12 20:00:00
ZAR              2025-03-12 20:00:00
SP500            2025-03-12 20:00:00
US10U            2025-03-12 20:00:00
AUD_micro        2025-03-12 20:00:00
VIX_mini         2025-03-12 20:00:00
VIX*             2025-03-12 20:00:00
BRE              2025-03-12 20:00:00
BITCOIN*         2025-03-12 20:00:00
US5              2025-03-12 20:00:00
US30             2025-03-12 20:00:00
US3              2025-03-12 20:00:00
US-REALESTATE    2025-03-12 20:00:00
US20             2025-03-12 20:00:00
US-UTILS         2025-03-12 20:00:00
US2              2025-03-12 20:00:00
BRENT-LAST*      2025-03-12 20:00:00
US10             2025-03-12 20:00:00
CHF_micro        2025-03-12 20:00:00
SILVER           2025-03-12 20:00:00
LUMBER-new       2025-03-12 20:00:00
ETHER-micro      2025-03-12 20:00:00
ETHEREUM         2025-03-12 20:00:00
SOFR             2025-03-12 20:00:00
JPY              2025-03-12 20:00:00
EUR              2025-03-12 20:00:00
EURAUD           2025-03-12 20:00:00
GOLD_micro       2025-03-12 20:00:00
GOLD-mini        2025-03-12 20:00:00
EUR_micro        2025-03-12 20:00:00
GBPEUR           2025-03-12 20:00:00
EUR_mini         2025-03-12 20:00:00
GBP*             2025-03-12 20:00:00
GAS_US           2025-03-12 20:00:00
FANG             2025-03-12 20:00:00
FED              2025-03-12 20:00:00
GASOILINE        2025-03-12 20:00:00
DOW_mini         2025-03-12 20:00:00
MILK             2025-03-12 20:00:00
JPY_mini         2025-03-12 20:00:00
MSCIEAFA         2025-03-12 20:00:00
CAD*             2025-03-12 20:00:00
CAD10*           2025-03-12 20:00:00
CAD5             2025-03-12 20:00:00
SEK              2025-03-12 20:00:00
DOW*             2025-03-12 20:00:00
RUSSELL*         2025-03-12 20:00:00
CHF              2025-03-12 20:00:00
GAS-LAST         2025-03-12 20:00:00
PALLAD           2025-03-12 20:00:00
RUSSELL_mini     2025-03-12 20:00:00
NOK              2025-03-12 20:00:00
COPPER           2025-03-12 20:00:00
COPPER-micro*    2025-03-12 20:00:00
NASDAQ_micro     2025-03-12 20:00:00
NASDAQ           2025-03-12 20:00:00
MXP              2025-03-12 20:00:00
CRUDE_W          2025-03-12 20:00:00
CRUDE_W_micro    2025-03-12 20:00:00
NZD*             2025-03-12 20:00:00
HKDUSD           2025-03-12 23:00:00
CHFUSD           2025-03-12 23:00:00
JPYUSD           2025-03-12 23:00:00
EURUSD           2025-03-12 23:00:00
CADUSD           2025-03-12 23:00:00
SGDUSD           2025-03-12 23:00:00
CNHUSD           2025-03-12 23:00:00
SEKUSD           2025-03-12 23:00:00
GBPUSD           2025-03-12 23:00:00
MXPUSD           2025-03-12 23:00:00
KRWUSD           2025-03-12 23:00:00
AUDUSD           2025-03-12 23:00:00


============================================================
           Status of optimal position generation            
============================================================

                                                 last_update
dynamic_TF_carry/SGX              2024-12-02 22:31:28.544775
dynamic_TF_carry/PLAT             2025-03-12 22:31:36.340115
dynamic_TF_carry/KRWUSD           2025-03-12 22:31:36.340370
dynamic_TF_carry/CH10             2025-03-12 22:31:36.340607
dynamic_TF_carry/MILK             2025-03-12 22:31:36.340840
dynamic_TF_carry/US-INDUSTRY      2025-03-12 22:31:36.341071
dynamic_TF_carry/SMI-MID          2025-03-12 22:31:36.341302
dynamic_TF_carry/MXP              2025-03-12 22:31:36.341531
dynamic_TF_carry/US-ENERGY        2025-03-12 22:31:36.341762
dynamic_TF_carry/SONIA3           2025-03-12 22:31:36.341991
dynamic_TF_carry/EUR              2025-03-12 22:31:36.342220
dynamic_TF_carry/EUR_micro        2025-03-12 22:31:36.342452
dynamic_TF_carry/MSCISING         2025-03-12 22:31:36.342680
dynamic_TF_carry/EU-AUTO          2025-03-12 22:31:36.342909
dynamic_TF_carry/KOSPI            2025-03-12 22:31:36.343136
dynamic_TF_carry/CRUDE_W_mini     2025-03-12 22:31:36.343364
dynamic_TF_carry/NZD              2025-03-12 22:31:36.343591
dynamic_TF_carry/GBPJPY           2025-03-12 22:31:36.343818
dynamic_TF_carry/ZINC_LME         2025-03-12 22:31:36.344045
dynamic_TF_carry/KOSPI_mini       2025-03-12 22:31:36.344273
dynamic_TF_carry/SP400            2025-03-12 22:31:36.344502
dynamic_TF_carry/CORN             2025-03-12 22:31:36.344729
dynamic_TF_carry/EU-DJ-UTIL       2025-03-12 22:31:36.344957
dynamic_TF_carry/MSCIASIA         2025-03-12 22:31:36.345185
dynamic_TF_carry/RUSSELL          2025-03-12 22:31:36.345412
dynamic_TF_carry/AUDJPY           2025-03-12 22:31:36.345641
dynamic_TF_carry/EU-INSURE        2025-03-12 22:31:36.345868
dynamic_TF_carry/SUGAR16          2025-03-12 22:31:36.346096
dynamic_TF_carry/BUND             2025-03-12 22:31:36.346324
dynamic_TF_carry/GBP              2025-03-12 22:31:36.346556
dynamic_TF_carry/SILVER           2025-03-12 22:31:36.346784
dynamic_TF_carry/KR3              2025-03-12 22:31:36.347014
dynamic_TF_carry/JPY              2025-03-12 22:31:36.347241
dynamic_TF_carry/MSCIWORLD        2025-03-12 22:31:36.347469
dynamic_TF_carry/EU-BANKS         2025-03-12 22:31:36.347696
dynamic_TF_carry/EUA              2025-03-12 22:31:36.347923
dynamic_TF_carry/YENEUR           2025-03-12 22:31:36.348151
dynamic_TF_carry/NASDAQ_micro     2025-03-12 22:31:36.348379
dynamic_TF_carry/MIB              2025-03-12 22:31:36.348606
dynamic_TF_carry/CHINAA-CON       2025-03-12 22:31:36.348833
dynamic_TF_carry/GAS-PEN          2025-03-12 22:31:36.349292
dynamic_TF_carry/REDWHEAT         2025-03-12 22:31:36.349521
dynamic_TF_carry/HANGTECH         2025-03-12 22:31:36.349750
dynamic_TF_carry/BTP              2025-03-12 22:31:36.349979
dynamic_TF_carry/CAD2             2025-03-12 22:31:36.350210
dynamic_TF_carry/HANG_mini        2025-03-12 22:31:36.350442
dynamic_TF_carry/EURIBOR          2025-03-12 22:31:36.350671
dynamic_TF_carry/EPRA-EUROPE      2025-03-12 22:31:36.350899
dynamic_TF_carry/ETHANOL          2025-03-12 22:31:36.351129
dynamic_TF_carry/BRENT-LAST       2025-03-12 22:31:36.351357
dynamic_TF_carry/TWD              2025-03-12 22:31:36.351586
dynamic_TF_carry/COPPER           2025-03-12 22:31:36.351815
dynamic_TF_carry/EU-MID           2025-03-12 22:31:36.352272
dynamic_TF_carry/EU-HOUSE         2025-03-12 22:31:36.352500
dynamic_TF_carry/FTSETAIWAN       2025-03-12 22:31:36.352729
dynamic_TF_carry/SUGAR_WHITE      2025-03-12 22:31:36.352958
dynamic_TF_carry/TIN_LME          2025-03-12 22:31:36.353188
dynamic_TF_carry/BTP3             2025-03-12 22:31:36.353418
dynamic_TF_carry/V2X              2025-03-12 22:31:36.353647
dynamic_TF_carry/BUTTER           2025-03-12 22:31:36.353876
dynamic_TF_carry/US-REALESTATE    2025-03-12 22:31:36.354105
dynamic_TF_carry/JP-REALESTATE    2025-03-12 22:31:36.354334
dynamic_TF_carry/COTTON           2025-03-12 22:31:36.354566
dynamic_TF_carry/US-STAPLES       2025-03-12 22:31:36.354796
dynamic_TF_carry/EURCHF           2025-03-12 22:31:36.355024
dynamic_TF_carry/EU-TECH          2025-03-12 22:31:36.355252
dynamic_TF_carry/JGB              2025-03-12 22:31:36.355480
dynamic_TF_carry/GOLD_micro       2025-03-12 22:31:36.355709
dynamic_TF_carry/BBCOMM           2025-03-12 22:31:36.355937
dynamic_TF_carry/CRUDE_W_micro    2025-03-12 22:31:36.356166
dynamic_TF_carry/EURO600          2025-03-12 22:31:36.356396
dynamic_TF_carry/CAD5             2025-03-12 22:31:36.356624
dynamic_TF_carry/RUBBER           2025-03-12 22:31:36.356852
dynamic_TF_carry/EURAUD           2025-03-12 22:31:36.357312
dynamic_TF_carry/CAD10            2025-03-12 22:31:36.357540
dynamic_TF_carry/FTSE100          2025-03-12 22:31:36.357769
dynamic_TF_carry/ALUMINIUM        2025-03-12 22:31:36.358001
dynamic_TF_carry/COAL             2025-03-12 22:31:36.358232
dynamic_TF_carry/SOYBEAN_mini     2025-03-12 22:31:36.358465
dynamic_TF_carry/COCOA            2025-03-12 22:31:36.358695
dynamic_TF_carry/ETHEREUM         2025-03-12 22:31:36.358925
dynamic_TF_carry/US10             2025-03-12 22:31:36.359155
dynamic_TF_carry/NIKKEI400        2025-03-12 22:31:36.359384
dynamic_TF_carry/SWISSLEAD        2025-03-12 22:31:36.359613
dynamic_TF_carry/GASOILINE        2025-03-12 22:31:36.359842
dynamic_TF_carry/ZAR              2025-03-12 22:31:36.360071
dynamic_TF_carry/WHEAT            2025-03-12 22:31:36.360300
dynamic_TF_carry/SUGAR11          2025-03-12 22:31:36.360758
dynamic_TF_carry/COPPER_LME       2025-03-12 22:31:36.360987
dynamic_TF_carry/DAX              2025-03-12 22:31:36.361216
dynamic_TF_carry/KRWUSD_mini      2025-03-12 22:31:36.361446
dynamic_TF_carry/COCOA_LDN        2025-03-12 22:31:36.361676
dynamic_TF_carry/MILKWET          2025-03-12 22:31:36.361905
dynamic_TF_carry/EURCAD           2025-03-12 22:31:36.362133
dynamic_TF_carry/EUROSTX          2025-03-12 22:31:36.362361
dynamic_TF_carry/EU-UTILS         2025-03-12 22:31:36.362592
dynamic_TF_carry/WHEAT_ICE        2025-03-12 22:31:36.362821
dynamic_TF_carry/EU-OIL           2025-03-12 22:31:36.363049
dynamic_TF_carry/SARONA           2025-03-12 22:31:36.363279
dynamic_TF_carry/FTSEINDO         2025-03-12 22:31:36.363508
dynamic_TF_carry/EURIBOR-ICE      2025-03-12 22:31:36.363736
dynamic_TF_carry/IRON             2025-03-12 22:31:36.363964
dynamic_TF_carry/RICE             2025-03-12 22:31:36.364195
dynamic_TF_carry/AUD_micro        2025-03-12 22:31:36.364424
dynamic_TF_carry/US-HEALTH        2025-03-12 22:31:36.364653
dynamic_TF_carry/FEEDCOW          2025-03-12 22:31:36.364882
dynamic_TF_carry/VIX              2025-03-12 22:31:36.365112
dynamic_TF_carry/EU-DIV30         2025-03-12 22:31:36.365341
dynamic_TF_carry/SOYOIL           2025-03-12 22:31:36.365571
dynamic_TF_carry/KOSDAQ           2025-03-12 22:31:36.365802
dynamic_TF_carry/CHEESE           2025-03-12 22:31:36.366031
dynamic_TF_carry/CNH              2025-03-12 22:31:36.366259
dynamic_TF_carry/EU-FOOD          2025-03-12 22:31:36.366493
dynamic_TF_carry/EU-TRAVEL        2025-03-12 22:31:36.366721
dynamic_TF_carry/SP500_micro      2025-03-12 22:31:36.366949
dynamic_TF_carry/GAS-LAST         2025-03-12 22:31:36.367178
dynamic_TF_carry/DOW              2025-03-12 22:31:36.367636
dynamic_TF_carry/BRE              2025-03-12 22:31:36.367864
dynamic_TF_carry/COAL-GEORDIE     2025-03-12 22:31:36.368093
dynamic_TF_carry/GAS_US_mini      2025-03-12 22:31:36.368321
dynamic_TF_carry/PALLAD           2025-03-12 22:31:36.368550
dynamic_TF_carry/FTSE250          2025-03-12 22:31:36.368780
dynamic_TF_carry/SMI              2025-03-12 22:31:36.369009
dynamic_TF_carry/NOK              2025-03-12 22:31:36.369238
dynamic_TF_carry/MUMMY            2025-03-12 22:31:36.369466
dynamic_TF_carry/EU-BASIC         2025-03-12 22:31:36.369697
dynamic_TF_carry/EU-CHEM          2025-03-12 22:31:36.369926
dynamic_TF_carry/US5              2025-03-12 22:31:36.370155
dynamic_TF_carry/MILLWHEAT        2025-03-12 22:31:36.370386
dynamic_TF_carry/BUXL             2025-03-12 22:31:36.370615
dynamic_TF_carry/MSCIEMASIA       2025-03-12 22:31:36.370844
dynamic_TF_carry/FANG             2025-03-12 22:31:36.371303
dynamic_TF_carry/HEATOIL          2025-03-12 22:31:36.371530
dynamic_TF_carry/KR10             2025-03-12 22:31:36.371761
dynamic_TF_carry/PLN              2025-03-12 22:31:36.371992
dynamic_TF_carry/SOFR             2025-03-12 22:31:36.372221
dynamic_TF_carry/AUD              2025-03-12 22:31:36.372450
dynamic_TF_carry/US10U            2025-03-12 22:31:36.372678
dynamic_TF_carry/SOYMEAL          2025-03-12 22:31:36.372906
dynamic_TF_carry/EU-DJ-TELECOM    2025-03-12 22:31:36.373135
dynamic_TF_carry/GBPCHF           2025-03-12 22:31:36.373364
dynamic_TF_carry/LEANHOG          2025-03-12 22:31:36.373593
dynamic_TF_carry/LUMBER-new       2025-03-12 22:31:36.373822
dynamic_TF_carry/SHATZ            2025-03-12 22:31:36.374052
dynamic_TF_carry/WHEY             2025-03-12 22:31:36.374281
dynamic_TF_carry/LEAD_LME         2025-03-12 22:31:36.374514
dynamic_TF_carry/COPPER-micro     2025-03-12 22:31:36.374744
dynamic_TF_carry/GBPEUR           2025-03-12 22:31:36.374975
dynamic_TF_carry/HIGHYIELD        2025-03-12 22:31:36.375202
dynamic_TF_carry/OATIES           2025-03-12 22:31:36.375431
dynamic_TF_carry/R1000            2025-03-12 22:31:36.375662
dynamic_TF_carry/TOPIX            2025-03-12 22:31:36.375891
dynamic_TF_carry/FTSEVIET         2025-03-12 22:31:36.376119
dynamic_TF_carry/ROBUSTA          2025-03-12 22:31:36.376577
dynamic_TF_carry/EU-MEDIA         2025-03-12 22:31:36.376807
dynamic_TF_carry/BONO             2025-03-12 22:31:36.377035
dynamic_TF_carry/CAC              2025-03-12 22:31:36.377265
dynamic_TF_carry/COTTON2          2025-03-12 22:31:36.377494
dynamic_TF_carry/DX               2025-03-12 22:31:36.377724
dynamic_TF_carry/FED              2025-03-12 22:31:36.377955
dynamic_TF_carry/GASOIL           2025-03-12 22:31:36.378185
dynamic_TF_carry/SOYBEAN          2025-03-12 22:31:36.378419
dynamic_TF_carry/SGD              2025-03-12 22:31:36.378649
dynamic_TF_carry/CANOLA           2025-03-12 22:31:36.378878
dynamic_TF_carry/VNKI             2025-03-12 22:31:36.379109
dynamic_TF_carry/CRUDE_ICE        2025-03-12 22:31:36.379337
dynamic_TF_carry/BOBL             2025-03-12 22:31:36.379566
dynamic_TF_carry/US2              2025-03-12 22:31:36.379795
dynamic_TF_carry/CLP              2025-03-12 22:31:36.380025
dynamic_TF_carry/CZK              2025-03-12 22:31:36.380254
dynamic_TF_carry/FTSECHINAH       2025-03-12 22:31:36.380483
dynamic_TF_carry/INR              2025-03-12 22:31:36.380714
dynamic_TF_carry/SEK              2025-03-12 22:31:36.380944
dynamic_TF_carry/EU-HEALTH        2025-03-12 22:31:36.381399
dynamic_TF_carry/CHF              2025-03-12 22:31:36.381627
dynamic_TF_carry/HOUSE-US         2025-03-12 22:31:36.381855
dynamic_TF_carry/MSCIEAFA         2025-03-12 22:31:36.382082
dynamic_TF_carry/BITCOIN          2025-03-12 22:31:36.382309
dynamic_TF_carry/US-DISCRETE      2025-03-12 22:31:36.382543
dynamic_TF_carry/LIVECOW          2025-03-12 22:31:36.382772
dynamic_TF_carry/EU-RETAIL        2025-03-12 22:31:36.382998
dynamic_TF_carry/EU-CONSTRUCTION  2025-03-12 22:31:36.383226
dynamic_TF_carry/EUROSTX200-LARGE 2025-03-12 22:31:36.383453
dynamic_TF_carry/GILT             2025-03-12 22:31:36.383683
dynamic_TF_carry/FTSECHINAA       2025-03-12 22:31:36.383911
dynamic_TF_carry/US3              2025-03-12 22:31:36.384138
dynamic_TF_carry/GICS             2025-03-12 22:31:36.384366
dynamic_TF_carry/IBEX_mini        2025-03-12 22:31:36.384822
dynamic_TF_carry/EUROSTX-LARGE    2025-03-12 22:31:36.385049
dynamic_TF_carry/EUROSTX-SMALL    2025-03-12 22:31:36.385277
dynamic_TF_carry/JGB-SGX-mini     2025-03-12 22:31:36.385505
dynamic_TF_carry/RUR              2025-03-12 22:31:36.385735
dynamic_TF_carry/IRS              2025-03-12 22:31:36.385962
dynamic_TF_carry/BOVESPA          2025-03-12 22:31:36.386189
dynamic_TF_carry/NIKKEI           2025-03-12 22:31:36.386424
dynamic_TF_carry/US-MATERIAL      2025-03-12 22:31:36.386656
dynamic_TF_carry/IG               2025-03-12 22:31:36.386886
dynamic_TF_carry/NICKEL_LME       2025-03-12 22:31:36.387115
dynamic_TF_carry/US-UTILS         2025-03-12 22:31:36.387345
dynamic_TF_carry/US20             2025-03-12 22:31:36.387574
dynamic_TF_carry/HANGENT_mini     2025-03-12 22:31:36.387804
dynamic_TF_carry/MILKDRY          2025-03-12 22:31:36.388037
dynamic_TF_carry/EU-REALESTATE    2025-03-12 22:31:36.388267
dynamic_TF_carry/OMX              2025-03-12 22:31:36.388497
dynamic_TF_carry/CAD              2025-03-12 22:31:36.388727
dynamic_TF_carry/AEX              2025-03-12 22:31:36.388957
dynamic_TF_carry/BRENT_W          2025-03-12 22:31:36.389187
dynamic_TF_carry/US30             2025-03-12 22:31:36.389417
dynamic_TF_carry/OAT              2025-03-12 22:31:36.389647
dynamic_TF_carry/OJ               2025-03-12 22:31:36.389877
dynamic_TF_carry/STEEL            2025-03-12 22:31:36.390568
dynamic_TF_carry/SPI200           2025-03-12 22:31:36.390796
dynamic_TF_carry/MSCITAIWAN       2025-03-12 22:31:36.391028
dynamic_TF_carry/DJSTX-SMALL      2025-03-12 22:31:36.391257
dynamic_TF_carry/COFFEE           2025-03-12 22:31:36.391488
dynamic_TF_carry/CHFJPY           2025-03-12 22:31:36.391719


======================================================================================================================
                                                Status of trade limits                                                
======================================================================================================================

                   period_days  trade_limit  trades_since_last_reset  trade_capacity_remaining   time_since_last_reset
 BUXL                       30            4                      2.0                       2.0 19 days 14:57:01.064964
 GBP                        14            4                      2.0                       2.0  9 days 07:57:01.819334
 BTP                        14            4                      1.0                       3.0  7 days 14:56:52.744242
 CAD                        14            4                      1.0                       3.0  5 days 07:56:41.569229
 LEANHOG                    14            4                      1.0                       3.0  9 days 07:27:02.240289
 BUND                       30            4                      1.0                       3.0 26 days 14:56:50.958014
 CHF                        30            4                      1.0                       3.0  5 days 07:56:37.440977
 BTP                        30            4                      1.0                       3.0  7 days 14:56:52.746005
 CHF                        14            4                      1.0                       3.0  5 days 07:56:37.442182
 CORN                        1            4                      0.0                       4.0  0 days 00:00:00.000003
 EU-HOUSE                    1            4                      0.0                       4.0  0 days 00:00:00.000002
 EU-DJ-UTIL                  1            4                      0.0                       4.0  0 days 00:00:00.000002
 EU-DJ-TELECOM               1            4                      0.0                       4.0  0 days 00:00:00.000001
 EU-DJ-TECH                  1            4                      0.0                       4.0  0 days 00:00:00.000002
 EU-DJ-OIL                   1            4                      0.0                       4.0  0 days 00:00:00.000001
 CZK                         1            4                      0.0                       4.0  0 days 00:00:00.000001
 ETHANOL                     1            4                      0.0                       4.0  0 days 00:00:00.000002
 EU-MEDIA                    1            4                      0.0                       4.0  0 days 00:00:00.000001
 COTTON                      1            4                      0.0                       4.0  0 days 00:00:00.000002
 COPPER-mini                 1            4                      0.0                       4.0  0 days 00:00:00.000002
 CNH-onshore                 1            4                      0.0                       4.0  0 days 00:00:00.000001
 CLP                         1            4                      0.0                       4.0  0 days 00:00:00.000001
 CH10                        1            4                      0.0                       4.0  0 days 00:00:00.000002
 BUTTER                      1            4                      0.0                       4.0  0 days 00:00:00.000001
 BOVESPA                     1            4                      0.0                       4.0  0 days 00:00:00.000002
 EU-CONSTRUCTION             1            4                      0.0                       4.0  0 days 00:00:00.000001
 EU-MID                      1            4                      0.0                       4.0  0 days 00:00:00.000001
 EURIBOR                     1            4                      0.0                       4.0  0 days 00:00:00.000001
 EURCHF                      1            4                      0.0                       4.0  0 days 00:00:00.000001
 US-HEALTH                   1            4                      0.0                       4.0  0 days 00:00:00.000002
 US-ENERGY                   1            4                      0.0                       4.0  0 days 00:00:00.000001
 US-DISCRETE                 1            4                      0.0                       4.0  0 days 00:00:00.000001
 SMI-MID                     1            4                      0.0                       4.0  0 days 00:00:00.000002
 SGX                         1            4                      0.0                       4.0  0 days 00:00:00.000002
 SGD                         1            4                      0.0                       4.0  0 days 00:00:00.000001
 OMX                         1            4                      0.0                       4.0  0 days 00:00:00.000002
 MSCIASIA                    1            4                      0.0                       4.0  0 days 00:00:00.000002
 MILKWET                     1            4                      0.0                       4.0  0 days 00:00:00.000001
 MILKDRY                     1            4                      0.0                       4.0  0 days 00:00:00.000001
 MID-DAX                     1            4                      0.0                       4.0  0 days 00:00:00.000002
 JP-REALESTATE               1            4                      0.0                       4.0  0 days 00:00:00.000001
 JGB-SGX-mini                1            4                      0.0                       4.0  0 days 00:00:00.000001
 IRS                         1            4                      0.0                       4.0  0 days 00:00:00.000001
 FTSEINDO                    1            4                      0.0                       4.0  0 days 00:00:00.000002
 EUROSTX200-LARGE            1            4                      0.0                       4.0  0 days 00:00:00.000002
 EUROSTX-SMALL               1            4                      0.0                       4.0  0 days 00:00:00.000001
 EUROSTX-LARGE               1            4                      0.0                       4.0  0 days 00:00:00.000002
