
********************************************************************************
                   Status report produced on 04/07/2025 22:57                   
********************************************************************************


Delayed methods: No delays

===============================
 Delayed adjusted / FX prices  
===============================

                    last_update
HIGHYIELD   2025-05-29 23:00:01
IG          2025-05-30 15:00:01
RUR         2025-06-12 23:00:01
CNH-onshore 2025-06-30 23:00:00
SGX         2025-06-30 23:00:00


===============================================
           Delayed optimal positions           
===============================================

                                    last_update
dynamic_TF_carry/SGX 2024-12-02 22:31:28.544775

Instruments at trade limit: No constraints

================================================
         Instruments at position limit          
================================================

                 keys  position pos_limit  spare
44           JPY_mini         0       0.0    0.0
60               GICS         0       0.0    0.0
59            SMI-MID         0       0.0    0.0
57            TIN_LME         0       0.0    0.0
55           HOUSE-US         0       0.0    0.0
131               TWD         0       0.0    0.0
134            EURAUD         0       0.0    0.0
61             GBPJPY         0       0.0    0.0
135            BUTTER         0       0.0    0.0
138          ETHEREUM         0       0.0    0.0
48        COPPER-mini         0       0.0    0.0
45        EPRA-EUROPE         0       0.0    0.0
92      EU-DJ-TELECOM         0       0.0    0.0
43                SGX         0       0.0    0.0
40               COAL         0       0.0    0.0
137                IG         0       0.0    0.0
128     EUROSTX-LARGE         0       0.0    0.0
63           TWD-mini         0       0.0    0.0
215         HIGHYIELD         0       0.0    0.0
86        HEATOIL-ICE         0       0.0    0.0
84             KRWUSD         0       0.0    0.0
83            EU-CHEM         0       0.0    0.0
97            GAS-PEN        -1       1.0    0.0
81             EURCAD         0       0.0    0.0
100              WHEY         0       0.0    0.0
226               SEK         0       0.0    0.0
77            BOVESPA         0       0.0    0.0
76           AEX_mini         0       0.0    0.0
111              VNKI         0       0.0    0.0
74             EURCHF         0       0.0    0.0
115               IRS         0       0.0    0.0
117               OMX         0       0.0    0.0
217   GASOILINE_micro         0       0.0    0.0
121               PLN         0       0.0    0.0
147               JGB         0       0.0    0.0
37          EU-RETAIL         0       0.0    0.0
91        CNH-onshore         0       0.0    0.0
233          EU-MEDIA         0       0.0    0.0
169  EUROSTX200-LARGE         0       0.0    0.0
19              R1000         0       0.0    0.0
171          EU-HOUSE         0       0.0    0.0
237             STEEL         0       0.0    0.0
201            COTTON         0       0.0    0.0
182               MIB         1       1.0    0.0
21                CZK         0       0.0    0.0
240        EU-DJ-TECH         0       0.0    0.0
243             SP400         0       0.0    0.0
5            SGD_mini         0       0.0    0.0
189   EU-CONSTRUCTION         0       0.0    0.0
3              CHFJPY         0       0.0    0.0
190              CH10         0       0.0    0.0
191         SWISSLEAD         0       0.0    0.0
188           MILKDRY         0       0.0    0.0
166        COPPER_LME         0       0.0    0.0
17             NASDAQ         0       0.0    0.0
25          EU-TRAVEL         0       0.0    0.0
165               NOK         0       0.0    0.0
234            PALLAD         0       0.0    0.0
157               RUR         0       0.0    0.0
151          JGB-mini         0       0.0    0.0
161      COAL-GEORDIE         0       0.0    0.0
235           MILKWET         0       0.0    0.0
163               CLP         0       0.0    0.0
27             AUDJPY         0       0.0    0.0
158         CHF_micro         0       0.0    0.0


=====================================================
       Overrides in database consider deleting       
=====================================================

                                             override
NICKEL_LME         Override Close because in database
STEEL        Override Reduce only because in database
HIGHYIELD    Override Reduce only because in database
RICE         Override Reduce only because in database
IG           Override Reduce only because in database
GOLD-mini    Override Reduce only because in database
IBEX_mini    Override Reduce only because in database
VIX_mini     Override Reduce only because in database
IBEX         Override Reduce only because in database
GICS         Override Reduce only because in database
KOSPI_mini   Override Reduce only because in database
SGD          Override Reduce only because in database
CNH-onshore  Override Reduce only because in database

Locked instruments (position mismatch): []

==============================================
Status of adjusted price / FX price collection
==============================================

                         last_update
HIGHYIELD        2025-05-29 23:00:01
IG               2025-05-30 15:00:01
RUR              2025-06-12 23:00:01
CNH-onshore      2025-06-30 23:00:00
SGX              2025-06-30 23:00:00
PLN              2025-07-02 23:00:00
COTTON           2025-07-02 23:00:00
GASOILINE_micro  2025-07-02 23:00:00
HOUSE-US         2025-07-02 23:00:00
CZK              2025-07-02 23:00:00
GICS             2025-07-02 23:00:00
WHEY             2025-07-02 23:00:00
MILKWET          2025-07-02 23:00:00
CLP              2025-07-02 23:00:00
BUTTER           2025-07-03 15:00:00
MILKDRY          2025-07-03 17:00:00
CHEESE           2025-07-03 17:00:00
MILK             2025-07-03 17:00:00
VIX_mini         2025-07-03 18:00:00
VIX              2025-07-03 18:00:00
NZD              2025-07-03 23:00:00
EUR_micro        2025-07-03 23:00:00
SWISSLEAD        2025-07-03 23:00:00
EUR_mini         2025-07-03 23:00:00
NOK              2025-07-03 23:00:00
OATIES           2025-07-03 23:00:00
SUGAR11          2025-07-03 23:00:00
EURCHF           2025-07-03 23:00:00
US-ENERGY        2025-07-03 23:00:00
OJ               2025-07-03 23:00:00
OMX              2025-07-03 23:00:00
FED              2025-07-03 23:00:00
EURCAD           2025-07-03 23:00:00
EURAUD           2025-07-03 23:00:00
EUR              2025-07-03 23:00:00
PALLAD           2025-07-03 23:00:00
US-HEALTH        2025-07-03 23:00:00
PLAT*            2025-07-03 23:00:00
US-INDUSTRY      2025-07-03 23:00:00
EU-RETAIL        2025-07-03 23:00:00
US-MATERIAL      2025-07-03 23:00:00
US-REALESTATE    2025-07-03 23:00:00
US-DISCRETE      2025-07-03 23:00:00
FEEDCOW*         2025-07-03 23:00:00
GAS-PEN*         2025-07-03 23:00:00
NASDAQ           2025-07-03 23:00:00
JPY*             2025-07-03 23:00:00
INR              2025-07-03 23:00:00
JPY_mini         2025-07-03 23:00:00
KRWUSD           2025-07-03 23:00:00
HEATOIL          2025-07-03 23:00:00
LEANHOG*         2025-07-03 23:00:00
LIVECOW          2025-07-03 23:00:00
LUMBER-new       2025-07-03 23:00:00
GOLD_micro*      2025-07-03 23:00:00
GOLD-mini        2025-07-03 23:00:00
GOLD             2025-07-03 23:00:00
GBP_micro        2025-07-03 23:00:00
NASDAQ_micro     2025-07-03 23:00:00
GBPJPY           2025-07-03 23:00:00
GBPCHF           2025-07-03 23:00:00
GBP*             2025-07-03 23:00:00
GAS_US_mini*     2025-07-03 23:00:00
GAS_US           2025-07-03 23:00:00
TWD-mini         2025-07-03 23:00:00
GASOILINE        2025-07-03 23:00:00
US-STAPLES       2025-07-03 23:00:00
GAS-LAST         2025-07-03 23:00:00
STEEL            2025-07-03 23:00:00
TIN_LME          2025-07-03 23:00:00
MSCIEMASIA       2025-07-03 23:00:00
MXP*             2025-07-03 23:00:00
GBPEUR           2025-07-03 23:00:00
R1000            2025-07-03 23:00:00
RICE*            2025-07-03 23:00:00
US-UTILS         2025-07-03 23:00:00
SUGAR16          2025-07-03 23:00:00
SOFR             2025-07-03 23:00:00
SOYBEAN          2025-07-03 23:00:00
CHF_micro        2025-07-03 23:00:00
CHFJPY           2025-07-03 23:00:00
CHF              2025-07-03 23:00:00
CH10             2025-07-03 23:00:00
SOYBEAN_mini     2025-07-03 23:00:00
CAD_micro        2025-07-03 23:00:00
SOYMEAL          2025-07-03 23:00:00
CAD*             2025-07-03 23:00:00
WHEAT*           2025-07-03 23:00:00
SOYOIL           2025-07-03 23:00:00
REDWHEAT         2025-07-03 23:00:00
WHEAT_mini       2025-07-03 23:00:00
SP400            2025-07-03 23:00:00
BRENT-LAST       2025-07-03 23:00:00
BRE              2025-07-03 23:00:00
BOVESPA          2025-07-03 23:00:00
SP500            2025-07-03 23:00:00
ZAR              2025-07-03 23:00:00
BITCOIN          2025-07-03 23:00:00
BBCOMM           2025-07-03 23:00:00
AUD_micro        2025-07-03 23:00:00
AUDJPY           2025-07-03 23:00:00
AUD              2025-07-03 23:00:00
SP500_micro      2025-07-03 23:00:00
ALUMINIUM        2025-07-03 23:00:00
YENEUR*          2025-07-03 23:00:00
COCOA            2025-07-03 23:00:00
SILVER           2025-07-03 23:00:00
COPPER           2025-07-03 23:00:00
US10             2025-07-03 23:00:00
IRS              2025-07-03 23:00:00
EU-DJ-TELECOM    2025-07-03 23:00:00
RUSSELL          2025-07-03 23:00:00
US10U            2025-07-03 23:00:00
RUSSELL_mini     2025-07-03 23:00:00
SEK              2025-07-03 23:00:00
US2              2025-07-03 23:00:00
US20             2025-07-03 23:00:00
US3              2025-07-03 23:00:00
ETHEREUM         2025-07-03 23:00:00
ETHER-micro      2025-07-03 23:00:00
COFFEE           2025-07-03 23:00:00
US30             2025-07-03 23:00:00
EPRA-EUROPE      2025-07-03 23:00:00
DOW              2025-07-03 23:00:00
COPPER-micro     2025-07-03 23:00:00
COPPER-mini      2025-07-03 23:00:00
CORN             2025-07-03 23:00:00
DOW_mini         2025-07-03 23:00:00
COTTON2          2025-07-03 23:00:00
CORN_mini        2025-07-03 23:00:00
CRUDE_W          2025-07-03 23:00:00
CRUDE_W_micro*   2025-07-03 23:00:00
CRUDE_W_mini     2025-07-03 23:00:00
US5              2025-07-03 23:00:00
SGD              2025-07-04 04:00:00
SGD_mini         2025-07-04 04:00:00
KR3              2025-07-04 04:00:00
MUMMY*           2025-07-04 04:00:00
SPI200           2025-07-04 04:00:00
KRWUSD_mini      2025-07-04 04:00:00
JP-REALESTATE    2025-07-04 04:00:00
HANGTECH         2025-07-04 04:00:00
FTSEVIET         2025-07-04 04:00:00
VNKI             2025-07-04 04:00:00
CHINAA-CON       2025-07-04 04:00:00
FTSECHINAH       2025-07-04 04:00:00
FTSEINDO         2025-07-04 04:00:00
HANG             2025-07-04 04:00:00
HANGENT          2025-07-04 04:00:00
HANGENT_mini     2025-07-04 04:00:00
TWD              2025-07-04 04:00:00
HANG_mini        2025-07-04 04:00:00
JGB-mini         2025-07-04 04:30:00
MSCITAIWAN       2025-07-04 05:00:00
CNH              2025-07-04 05:00:00
NIKKEI           2025-07-04 05:00:00
NIKKEI400        2025-07-04 05:00:00
MSCISING         2025-07-04 05:00:00
KOSDAQ*          2025-07-04 05:00:00
FTSETAIWAN       2025-07-04 05:00:00
TOPIX            2025-07-04 05:00:00
IRON*            2025-07-04 05:00:00
JGB              2025-07-04 05:00:00
RUBBER           2025-07-04 05:00:00
KOSPI            2025-07-04 05:00:00
JGB-SGX-mini     2025-07-04 05:00:00
KOSPI_mini       2025-07-04 05:00:00
KR10             2025-07-04 05:00:00
FTSECHINAA       2025-07-04 05:00:00
COAL-GEORDIE     2025-07-04 05:00:00
EUROSTX-LARGE    2025-07-04 09:00:00
EU-MID           2025-07-04 09:00:00
MSCIWORLD        2025-07-04 10:00:00
FANG             2025-07-04 10:00:00
EU-HOUSE         2025-07-04 13:00:00
BONO             2025-07-04 13:00:00
ZINC_LME         2025-07-04 13:00:00
LEAD_LME         2025-07-04 13:00:00
EU-CONSTRUCTION  2025-07-04 14:00:00
ALUMINIUM_LME    2025-07-04 14:00:00
SMI-MID          2025-07-04 14:00:00
EU-TRAVEL        2025-07-04 14:00:00
EUROSTX-SMALL    2025-07-04 14:00:00
EUROSTX200-LARGE 2025-07-04 14:00:00
NICKEL_LME       2025-07-04 14:00:00
IBEX             2025-07-04 15:00:00
MIB*             2025-07-04 15:00:00
GILT             2025-07-04 15:00:00
BRENT_W          2025-07-04 15:00:00
WHEAT_ICE        2025-07-04 15:00:00
GASOIL           2025-07-04 15:00:00
V2X              2025-07-04 15:00:00
MILLWHEAT        2025-07-04 15:00:00
SONIA3           2025-07-04 15:00:00
IBEX_mini        2025-07-04 15:00:00
FTSE250          2025-07-04 15:00:00
COAL             2025-07-04 15:00:00
FTSE100          2025-07-04 15:00:00
HEATOIL-ICE      2025-07-04 15:00:00
COCOA_LDN        2025-07-04 15:00:00
COPPER_LME       2025-07-04 15:00:00
CRUDE_ICE        2025-07-04 15:00:00
EU-CHEM          2025-07-04 15:00:00
SARONA           2025-07-04 15:00:00
EU-DJ-OIL        2025-07-04 15:00:00
EU-DJ-TECH       2025-07-04 15:00:00
ROBUSTA          2025-07-04 15:00:00
EU-DJ-UTIL       2025-07-04 15:00:00
EURIBOR-ICE      2025-07-04 15:00:00
EU-INSURE        2025-07-04 15:00:00
EURIBOR          2025-07-04 15:00:00
EUA              2025-07-04 15:00:00
SUGAR_WHITE      2025-07-04 15:00:00
AEX              2025-07-04 16:00:00
SHATZ            2025-07-04 16:00:00
CAC              2025-07-04 16:00:00
BTP3             2025-07-04 16:00:00
BTP*             2025-07-04 16:00:00
BOBL             2025-07-04 16:00:00
SMI              2025-07-04 16:00:00
DAX              2025-07-04 16:00:00
EU-AUTO          2025-07-04 16:00:00
EU-BANKS         2025-07-04 16:00:00
EU-BASIC         2025-07-04 16:00:00
EU-DIV30         2025-07-04 16:00:00
EU-FOOD          2025-07-04 16:00:00
BUXL             2025-07-04 16:00:00
EU-HEALTH        2025-07-04 16:00:00
EU-OIL           2025-07-04 16:00:00
EU-REALESTATE    2025-07-04 16:00:00
EU-TECH          2025-07-04 16:00:00
EU-UTILS         2025-07-04 16:00:00
EURO600          2025-07-04 16:00:00
EUROSTX          2025-07-04 16:00:00
GASOILINE_ICE    2025-07-04 16:00:00
AEX_mini         2025-07-04 16:00:00
MSCIASIA         2025-07-04 16:00:00
OAT              2025-07-04 16:00:00
EU-MEDIA         2025-07-04 16:00:00
BUND*            2025-07-04 16:00:00
DX*              2025-07-04 17:00:00
MSCIEAFA*        2025-07-04 17:00:00
CANOLA*          2025-07-04 19:00:00
CAD2             2025-07-04 19:00:00
CAD5             2025-07-04 20:00:00
CAD10*           2025-07-04 20:00:00
HKDUSD           2025-07-04 23:00:00
MXPUSD           2025-07-04 23:00:00
SGDUSD           2025-07-04 23:00:00
GBPUSD           2025-07-04 23:00:00
SEKUSD           2025-07-04 23:00:00
CNHUSD           2025-07-04 23:00:00
KRWUSD           2025-07-04 23:00:00
CADUSD           2025-07-04 23:00:00
EURUSD           2025-07-04 23:00:00
JPYUSD           2025-07-04 23:00:00
CHFUSD           2025-07-04 23:00:00
AUDUSD           2025-07-04 23:00:00


============================================================
           Status of optimal position generation            
============================================================

                                                 last_update
dynamic_TF_carry/SGX              2024-12-02 22:31:28.544775
dynamic_TF_carry/AUDJPY           2025-07-04 22:31:37.800732
dynamic_TF_carry/EU-REALESTATE    2025-07-04 22:31:37.800993
dynamic_TF_carry/SGD              2025-07-04 22:31:37.801236
dynamic_TF_carry/JGB-SGX-mini     2025-07-04 22:31:37.801474
dynamic_TF_carry/HOUSE-US         2025-07-04 22:31:37.801715
dynamic_TF_carry/MILKDRY          2025-07-04 22:31:37.801949
dynamic_TF_carry/SOYBEAN_mini     2025-07-04 22:31:37.802182
dynamic_TF_carry/SILVER           2025-07-04 22:31:37.802413
dynamic_TF_carry/US-MATERIAL      2025-07-04 22:31:37.802645
dynamic_TF_carry/SEK              2025-07-04 22:31:37.802877
dynamic_TF_carry/ALUMINIUM        2025-07-04 22:31:37.803111
dynamic_TF_carry/FEEDCOW          2025-07-04 22:31:37.803345
dynamic_TF_carry/COPPER-micro     2025-07-04 22:31:37.803578
dynamic_TF_carry/EU-UTILS         2025-07-04 22:31:37.803810
dynamic_TF_carry/BBCOMM           2025-07-04 22:31:37.804043
dynamic_TF_carry/KR3              2025-07-04 22:31:37.804275
dynamic_TF_carry/SWISSLEAD        2025-07-04 22:31:37.804506
dynamic_TF_carry/MILKWET          2025-07-04 22:31:37.804738
dynamic_TF_carry/BRENT-LAST       2025-07-04 22:31:37.804969
dynamic_TF_carry/VNKI             2025-07-04 22:31:37.805200
dynamic_TF_carry/ZAR              2025-07-04 22:31:37.805433
dynamic_TF_carry/OAT              2025-07-04 22:31:37.805670
dynamic_TF_carry/EUA              2025-07-04 22:31:37.805904
dynamic_TF_carry/US-INDUSTRY      2025-07-04 22:31:37.806136
dynamic_TF_carry/CZK              2025-07-04 22:31:37.806369
dynamic_TF_carry/LUMBER-new       2025-07-04 22:31:37.806601
dynamic_TF_carry/WHEAT_ICE        2025-07-04 22:31:37.806834
dynamic_TF_carry/CHINAA-CON       2025-07-04 22:31:37.807066
dynamic_TF_carry/CAD2             2025-07-04 22:31:37.807299
dynamic_TF_carry/JGB              2025-07-04 22:31:37.807530
dynamic_TF_carry/US2              2025-07-04 22:31:37.807764
dynamic_TF_carry/HIGHYIELD        2025-07-04 22:31:37.807994
dynamic_TF_carry/COCOA            2025-07-04 22:31:37.808227
dynamic_TF_carry/YENEUR           2025-07-04 22:31:37.808460
dynamic_TF_carry/SUGAR16          2025-07-04 22:31:37.808694
dynamic_TF_carry/OJ               2025-07-04 22:31:37.808927
dynamic_TF_carry/LEAD_LME         2025-07-04 22:31:37.809159
dynamic_TF_carry/AUD              2025-07-04 22:31:37.809390
dynamic_TF_carry/MSCITAIWAN       2025-07-04 22:31:37.809626
dynamic_TF_carry/MXP              2025-07-04 22:31:37.809861
dynamic_TF_carry/SHATZ            2025-07-04 22:31:37.810096
dynamic_TF_carry/EU-DIV30         2025-07-04 22:31:37.810330
dynamic_TF_carry/CHEESE           2025-07-04 22:31:37.810564
dynamic_TF_carry/BUND             2025-07-04 22:31:37.810796
dynamic_TF_carry/EU-DJ-TELECOM    2025-07-04 22:31:37.811030
dynamic_TF_carry/FTSE250          2025-07-04 22:31:37.811261
dynamic_TF_carry/SMI              2025-07-04 22:31:37.811495
dynamic_TF_carry/EU-HEALTH        2025-07-04 22:31:37.811727
dynamic_TF_carry/US30             2025-07-04 22:31:37.811960
dynamic_TF_carry/IRON             2025-07-04 22:31:37.812425
dynamic_TF_carry/MILK             2025-07-04 22:31:37.812658
dynamic_TF_carry/EU-CONSTRUCTION  2025-07-04 22:31:37.812891
dynamic_TF_carry/FTSEVIET         2025-07-04 22:31:37.813123
dynamic_TF_carry/COCOA_LDN        2025-07-04 22:31:37.813592
dynamic_TF_carry/MSCIWORLD        2025-07-04 22:31:37.813825
dynamic_TF_carry/EU-TECH          2025-07-04 22:31:37.814058
dynamic_TF_carry/KRWUSD_mini      2025-07-04 22:31:37.814291
dynamic_TF_carry/GICS             2025-07-04 22:31:37.814755
dynamic_TF_carry/MSCISING         2025-07-04 22:31:37.814988
dynamic_TF_carry/SOYOIL           2025-07-04 22:31:37.815221
dynamic_TF_carry/CHF              2025-07-04 22:31:37.815454
dynamic_TF_carry/GASOIL           2025-07-04 22:31:37.815688
dynamic_TF_carry/CAD10            2025-07-04 22:31:37.815920
dynamic_TF_carry/LIVECOW          2025-07-04 22:31:37.816153
dynamic_TF_carry/SUGAR11          2025-07-04 22:31:37.816386
dynamic_TF_carry/CAD              2025-07-04 22:31:37.816618
dynamic_TF_carry/GOLD_micro       2025-07-04 22:31:37.816851
dynamic_TF_carry/REDWHEAT         2025-07-04 22:31:37.817083
dynamic_TF_carry/EUROSTX-LARGE    2025-07-04 22:31:37.817314
dynamic_TF_carry/IRS              2025-07-04 22:31:37.817547
dynamic_TF_carry/ETHEREUM         2025-07-04 22:31:37.818019
dynamic_TF_carry/US3              2025-07-04 22:31:37.818252
dynamic_TF_carry/SOFR             2025-07-04 22:31:37.818485
dynamic_TF_carry/US5              2025-07-04 22:31:37.818719
dynamic_TF_carry/EUROSTX-SMALL    2025-07-04 22:31:37.818952
dynamic_TF_carry/GAS-LAST         2025-07-04 22:31:37.819184
dynamic_TF_carry/IG               2025-07-04 22:31:37.819415
dynamic_TF_carry/EU-BANKS         2025-07-04 22:31:37.819645
dynamic_TF_carry/SOYMEAL          2025-07-04 22:31:37.819876
dynamic_TF_carry/US20             2025-07-04 22:31:37.820108
dynamic_TF_carry/BRENT_W          2025-07-04 22:31:37.820568
dynamic_TF_carry/CAD5             2025-07-04 22:31:37.820798
dynamic_TF_carry/EU-CHEM          2025-07-04 22:31:37.821027
dynamic_TF_carry/EUROSTX200-LARGE 2025-07-04 22:31:37.821257
dynamic_TF_carry/WHEAT            2025-07-04 22:31:37.821486
dynamic_TF_carry/NIKKEI400        2025-07-04 22:31:37.821720
dynamic_TF_carry/US-STAPLES       2025-07-04 22:31:37.821950
dynamic_TF_carry/BITCOIN          2025-07-04 22:31:37.822179
dynamic_TF_carry/COTTON           2025-07-04 22:31:37.822410
dynamic_TF_carry/RUSSELL          2025-07-04 22:31:37.822639
dynamic_TF_carry/BOVESPA          2025-07-04 22:31:37.822868
dynamic_TF_carry/PLAT             2025-07-04 22:31:37.823101
dynamic_TF_carry/KOSDAQ           2025-07-04 22:31:37.823331
dynamic_TF_carry/SOYBEAN          2025-07-04 22:31:37.823562
dynamic_TF_carry/BUXL             2025-07-04 22:31:37.824021
dynamic_TF_carry/LEANHOG          2025-07-04 22:31:37.824252
dynamic_TF_carry/NOK              2025-07-04 22:31:37.824481
dynamic_TF_carry/CHFJPY           2025-07-04 22:31:37.824710
dynamic_TF_carry/EU-INSURE        2025-07-04 22:31:37.824939
dynamic_TF_carry/DX               2025-07-04 22:31:37.825168
dynamic_TF_carry/SUGAR_WHITE      2025-07-04 22:31:37.825397
dynamic_TF_carry/US10U            2025-07-04 22:31:37.825633
dynamic_TF_carry/MILLWHEAT        2025-07-04 22:31:37.825863
dynamic_TF_carry/HANG_mini        2025-07-04 22:31:37.826093
dynamic_TF_carry/PLN              2025-07-04 22:31:37.826325
dynamic_TF_carry/US-UTILS         2025-07-04 22:31:37.826557
dynamic_TF_carry/EURIBOR-ICE      2025-07-04 22:31:37.826787
dynamic_TF_carry/NIKKEI           2025-07-04 22:31:37.827017
dynamic_TF_carry/KR10             2025-07-04 22:31:37.827249
dynamic_TF_carry/EU-FOOD          2025-07-04 22:31:37.827480
dynamic_TF_carry/MSCIASIA         2025-07-04 22:31:37.827713
dynamic_TF_carry/MUMMY            2025-07-04 22:31:37.827944
dynamic_TF_carry/R1000            2025-07-04 22:31:37.828173
dynamic_TF_carry/GASOILINE        2025-07-04 22:31:37.828407
dynamic_TF_carry/TOPIX            2025-07-04 22:31:37.828637
dynamic_TF_carry/NZD              2025-07-04 22:31:37.828866
dynamic_TF_carry/EURO600          2025-07-04 22:31:37.829098
dynamic_TF_carry/EU-OIL           2025-07-04 22:31:37.829328
dynamic_TF_carry/BTP              2025-07-04 22:31:37.829558
dynamic_TF_carry/US10             2025-07-04 22:31:37.829795
dynamic_TF_carry/CANOLA           2025-07-04 22:31:37.830026
dynamic_TF_carry/SONIA3           2025-07-04 22:31:37.830257
dynamic_TF_carry/AEX              2025-07-04 22:31:37.830488
dynamic_TF_carry/OATIES           2025-07-04 22:31:37.830720
dynamic_TF_carry/GBPJPY           2025-07-04 22:31:37.830953
dynamic_TF_carry/GILT             2025-07-04 22:31:37.831185
dynamic_TF_carry/CAC              2025-07-04 22:31:37.831416
dynamic_TF_carry/EURCHF           2025-07-04 22:31:37.831647
dynamic_TF_carry/ROBUSTA          2025-07-04 22:31:37.831877
dynamic_TF_carry/RICE             2025-07-04 22:31:37.832109
dynamic_TF_carry/EU-BASIC         2025-07-04 22:31:37.832341
dynamic_TF_carry/HANGTECH         2025-07-04 22:31:37.832572
dynamic_TF_carry/NICKEL_LME       2025-07-04 22:31:37.832804
dynamic_TF_carry/COAL-GEORDIE     2025-07-04 22:31:37.833034
dynamic_TF_carry/EU-DJ-UTIL       2025-07-04 22:31:37.833264
dynamic_TF_carry/EU-TRAVEL        2025-07-04 22:31:37.833495
dynamic_TF_carry/EUR_micro        2025-07-04 22:31:37.833729
dynamic_TF_carry/KOSPI            2025-07-04 22:31:37.833960
dynamic_TF_carry/EURAUD           2025-07-04 22:31:37.834191
dynamic_TF_carry/GAS_US_mini      2025-07-04 22:31:37.834421
dynamic_TF_carry/CRUDE_ICE        2025-07-04 22:31:37.834653
dynamic_TF_carry/COAL             2025-07-04 22:31:37.834884
dynamic_TF_carry/OMX              2025-07-04 22:31:37.835115
dynamic_TF_carry/PALLAD           2025-07-04 22:31:37.835345
dynamic_TF_carry/SP400            2025-07-04 22:31:37.835578
dynamic_TF_carry/FANG             2025-07-04 22:31:37.835809
dynamic_TF_carry/CNH              2025-07-04 22:31:37.836041
dynamic_TF_carry/CRUDE_W_mini     2025-07-04 22:31:37.836273
dynamic_TF_carry/EURIBOR          2025-07-04 22:31:37.836506
dynamic_TF_carry/EUROSTX          2025-07-04 22:31:37.836737
dynamic_TF_carry/SPI200           2025-07-04 22:31:37.836970
dynamic_TF_carry/WHEY             2025-07-04 22:31:37.837434
dynamic_TF_carry/EUR              2025-07-04 22:31:37.837669
dynamic_TF_carry/BUTTER           2025-07-04 22:31:37.837900
dynamic_TF_carry/IBEX_mini        2025-07-04 22:31:37.838130
dynamic_TF_carry/SMI-MID          2025-07-04 22:31:37.838360
dynamic_TF_carry/EU-MID           2025-07-04 22:31:37.838589
dynamic_TF_carry/US-DISCRETE      2025-07-04 22:31:37.838819
dynamic_TF_carry/MSCIEAFA         2025-07-04 22:31:37.839049
dynamic_TF_carry/NASDAQ_micro     2025-07-04 22:31:37.839279
dynamic_TF_carry/US-REALESTATE    2025-07-04 22:31:37.839509
dynamic_TF_carry/GBPEUR           2025-07-04 22:31:37.839739
dynamic_TF_carry/FTSETAIWAN       2025-07-04 22:31:37.839970
dynamic_TF_carry/RUR              2025-07-04 22:31:37.840200
dynamic_TF_carry/CLP              2025-07-04 22:31:37.840430
dynamic_TF_carry/STEEL            2025-07-04 22:31:37.840660
dynamic_TF_carry/CORN             2025-07-04 22:31:37.840890
dynamic_TF_carry/VIX              2025-07-04 22:31:37.841122
dynamic_TF_carry/TWD              2025-07-04 22:31:37.841353
dynamic_TF_carry/ZINC_LME         2025-07-04 22:31:37.841587
dynamic_TF_carry/MSCIEMASIA       2025-07-04 22:31:37.841817
dynamic_TF_carry/BRE              2025-07-04 22:31:37.842048
dynamic_TF_carry/HANGENT_mini     2025-07-04 22:31:37.842278
dynamic_TF_carry/RUBBER           2025-07-04 22:31:37.842509
dynamic_TF_carry/FTSECHINAH       2025-07-04 22:31:37.842740
dynamic_TF_carry/GBP              2025-07-04 22:31:37.842970
dynamic_TF_carry/TIN_LME          2025-07-04 22:31:37.843200
dynamic_TF_carry/EURCAD           2025-07-04 22:31:37.843430
dynamic_TF_carry/COFFEE           2025-07-04 22:31:37.843659
dynamic_TF_carry/FTSECHINAA       2025-07-04 22:31:37.843891
dynamic_TF_carry/INR              2025-07-04 22:31:37.844121
dynamic_TF_carry/JP-REALESTATE    2025-07-04 22:31:37.844350
dynamic_TF_carry/EU-HOUSE         2025-07-04 22:31:37.844808
dynamic_TF_carry/FTSEINDO         2025-07-04 22:31:37.845037
dynamic_TF_carry/V2X              2025-07-04 22:31:37.845267
dynamic_TF_carry/COPPER           2025-07-04 22:31:37.845495
dynamic_TF_carry/DAX              2025-07-04 22:31:37.845731
dynamic_TF_carry/HEATOIL          2025-07-04 22:31:37.845961
dynamic_TF_carry/JPY              2025-07-04 22:31:37.846420
dynamic_TF_carry/BONO             2025-07-04 22:31:37.846651
dynamic_TF_carry/BTP3             2025-07-04 22:31:37.847109
dynamic_TF_carry/SP500_micro      2025-07-04 22:31:37.847339
dynamic_TF_carry/GAS-PEN          2025-07-04 22:31:37.847571
dynamic_TF_carry/US-HEALTH        2025-07-04 22:31:37.847804
dynamic_TF_carry/EPRA-EUROPE      2025-07-04 22:31:37.848034
dynamic_TF_carry/AUD_micro        2025-07-04 22:31:37.848265
dynamic_TF_carry/KOSPI_mini       2025-07-04 22:31:37.848495
dynamic_TF_carry/EU-AUTO          2025-07-04 22:31:37.848724
dynamic_TF_carry/FTSE100          2025-07-04 22:31:37.848953
dynamic_TF_carry/KRWUSD           2025-07-04 22:31:37.849412
dynamic_TF_carry/GBPCHF           2025-07-04 22:31:37.850102
dynamic_TF_carry/MIB              2025-07-04 22:31:37.850332
dynamic_TF_carry/SARONA           2025-07-04 22:31:37.850561
dynamic_TF_carry/BOBL             2025-07-04 22:31:37.850789
dynamic_TF_carry/COPPER_LME       2025-07-04 22:31:37.851018
dynamic_TF_carry/EU-MEDIA         2025-07-04 22:31:37.851246
dynamic_TF_carry/CH10             2025-07-04 22:31:37.851474
dynamic_TF_carry/CRUDE_W_micro    2025-07-04 22:31:37.851704
dynamic_TF_carry/EU-RETAIL        2025-07-04 22:31:37.851934
dynamic_TF_carry/FED              2025-07-04 22:31:37.852164
dynamic_TF_carry/DOW              2025-07-04 22:31:37.852393
dynamic_TF_carry/COTTON2          2025-07-04 22:31:37.852622
dynamic_TF_carry/US-ENERGY        2025-07-04 22:31:37.852851


======================================================================================================================
                                                Status of trade limits                                                
======================================================================================================================

                   period_days  trade_limit  trades_since_last_reset  trade_capacity_remaining   time_since_last_reset
 GAS_US_mini                30            6                      5.0                       1.0 25 days 08:58:33.175935
 JPY                        30            5                      3.0                       2.0 17 days 07:58:32.045649
 JPY                        14            4                      1.0                       3.0  1 days 07:58:36.485163
 BRENT-LAST                 30            4                      1.0                       3.0 18 days 08:58:19.080793
 GAS_US_mini                14            4                      1.0                       3.0  4 days 08:58:08.139091
 US10U                      30            4                      1.0                       3.0 28 days 07:58:33.602074
 SGD                         1            4                      0.0                       4.0  0 days 00:00:00.000002
 EU-DJ-TECH                  1            4                      0.0                       4.0  0 days 00:00:00.000002
 EU-DJ-OIL                   1            4                      0.0                       4.0  0 days 00:00:00.000001
 EU-CONSTRUCTION             1            4                      0.0                       4.0  0 days 00:00:00.000002
 CZK                         1            4                      0.0                       4.0  0 days 00:00:00.000001
 COTTON                      1            4                      0.0                       4.0  0 days 00:00:00.000002
 US-DISCRETE                 1            4                      0.0                       4.0  0 days 00:00:00.000001
 COPPER-mini                 1            4                      0.0                       4.0  0 days 00:00:00.000001
 CNH-onshore                 1            4                      0.0                       4.0  0 days 00:00:00.000001
 CLP                         1            4                      0.0                       4.0  0 days 00:00:00.000002
 CH10                        1            4                      0.0                       4.0  0 days 00:00:00.000001
 BUTTER                      1            4                      0.0                       4.0  0 days 00:00:00.000002
 BOVESPA                     1            4                      0.0                       4.0  0 days 00:00:00.000001
 US-ENERGY                   1            4                      0.0                       4.0  0 days 00:00:00.000001
 BEL20                       1            4                      0.0                       4.0  0 days 00:00:00.000002
 ALUMINIUM                   1            4                      0.0                       4.0  0 days 00:00:00.000002
 YENEUR                     30            4                      0.0                       4.0  9 days 07:58:27.780087
 US30                       30            4                      0.0                       4.0  0 days 00:00:00.000001
 EU-DJ-TELECOM               1            4                      0.0                       4.0  0 days 00:00:00.000001
 EU-DJ-UTIL                  1            4                      0.0                       4.0  0 days 00:00:00.000002
 EU-HOUSE                    1            4                      0.0                       4.0  0 days 00:00:00.000001
 EU-MEDIA                    1            4                      0.0                       4.0  0 days 00:00:00.000002
 SMI-MID                     1            4                      0.0                       4.0  0 days 00:00:00.000002
 OMX                         1            4                      0.0                       4.0  0 days 00:00:00.000001
 MSCIASIA                    1            4                      0.0                       4.0  0 days 00:00:00.000002
 MILKWET                     1            4                      0.0                       4.0  0 days 00:00:00.000002
 MILKDRY                     1            4                      0.0                       4.0  0 days 00:00:00.000001
 MID-DAX                     1            4                      0.0                       4.0  0 days 00:00:00.000002
 JP-REALESTATE               1            4                      0.0                       4.0  0 days 00:00:00.000002
 JGB-SGX-mini                1            4                      0.0                       4.0  0 days 00:00:00.000001
 SGX                         1            4                      0.0                       4.0  0 days 00:00:00.000001
 IRS                         1            4                      0.0                       4.0  0 days 00:00:00.000002
 EUROSTX200-LARGE            1            4                      0.0                       4.0  0 days 00:00:00.000002
 EUROSTX-SMALL               1            4                      0.0                       4.0  0 days 00:00:00.000001
 EUROSTX-LARGE               1            4                      0.0                       4.0  0 days 00:00:00.000002
 EURIBOR                     1            4                      0.0                       4.0  0 days 00:00:00.000001
 EURCHF                      1            4                      0.0                       4.0  0 days 00:00:00.000002
 EU-REALESTATE               1            4                      0.0                       4.0  0 days 00:00:00.000002
 US3                        30            4                      0.0                       4.0  0 days 00:00:00.000002
 EU-MID                      1            4                      0.0                       4.0  0 days 00:00:00.000001
 FTSEINDO                    1            4                      0.0                       4.0  0 days 00:00:00.000001
 CORN                        1            4                      0.0                       4.0  0 days 00:00:00.000003
 SEK                        30            4                      0.0                       4.0  0 days 00:00:00.000002
 US-HEALTH                   1            4                      0.0                       4.0  0 days 00:00:00.000002
 GBPEUR                     14            4                      0.0                       4.0  0 days 00:00:00.000002
 GAS-LAST                   14            4                      0.0                       4.0  0 days 00:00:00.000001
 FTSETAIWAN                 14            4                      0.0                       4.0  0 days 00:00:00.000002
 EU-TECH                    14            4                      0.0                       4.0  0 days 00:00:00.000001
 EU-CHEM                    14            4                      0.0                       4.0  0 days 00:00:00.000001
 ETHEREUM                   14            4                      0.0                       4.0  0 days 00:00:00.000001
 CNH                        14            4                      0.0                       4.0  0 days 00:00:00.000001
 BUXL                       14            4                      0.0                       4.0  0 days 00:00:00.000001
 BTP3                       14            4                      0.0                       4.0  0 days 00:00:00.000001
 BRENT-LAST                 14            4                      0.0                       4.0  0 days 00:00:00.000002
 BONO                       14            4                      0.0                       4.0  0 days 00:00:00.000002
 YENEUR                      1            4                      0.0                       4.0  0 days 00:00:00.000002
 US3                         1            4                      0.0                       4.0  0 days 00:00:00.000001
 US10U                       1            4                      0.0                       4.0  0 days 00:00:00.000002
 US-REALESTATE               1            4                      0.0                       4.0  0 days 00:00:00.000001
 TOPIX                       1            4                      0.0                       4.0  0 days 20:56:30.059512
 SP400                       1            4                      0.0                       4.0  0 days 00:00:00.000002
 SEK                         1            4                      0.0                       4.0  0 days 00:00:00.000001
 RUSSELL                     1            4                      0.0                       4.0  0 days 00:00:00.000002
 HEATOIL                    14            4                      0.0                       4.0  0 days 00:00:00.000001
 SP400                      30            4                      0.0                       4.0  0 days 00:00:00.000002
 JGB                        14            4                      0.0                       4.0  0 days 00:00:00.000001
 NOK                        14            4                      0.0                       4.0  0 days 00:00:00.000002
 NOK                        30            4                      0.0                       4.0  0 days 00:00:00.000001
 JGB                        30            4                      0.0                       4.0  0 days 00:00:00.000001
 HEATOIL                    30            4                      0.0                       4.0  0 days 00:00:00.000001
 GBPEUR                     30            4                      0.0                       4.0  0 days 00:00:00.000001
 GASOILINE                  30            4                      0.0                       4.0  0 days 00:00:00.000002
 GAS-LAST                   30            4                      0.0                       4.0  0 days 00:00:00.000002
 ETHEREUM                   30            4                      0.0                       4.0  0 days 00:00:00.000001
 CHF                        30            4                      0.0                       4.0  0 days 00:00:00.000002
 BUXL                       30            4                      0.0                       4.0  0 days 00:00:00.000001
 BTP3                       30            4                      0.0                       4.0  0 days 00:00:00.000002
 BONO                       30            4                      0.0                       4.0  0 days 00:00:00.000001
 YENEUR                     14            4                      0.0                       4.0  9 days 07:58:27.781771
 US30                       14            4                      0.0                       4.0  0 days 00:00:00.000001
 US3                        14            4                      0.0                       4.0  0 days 00:00:00.000002
 US10U                      14            4                      0.0                       4.0  3 days 07:58:34.450757
 SP400                      14            4                      0.0                       4.0  0 days 00:00:00.000001
 SEK                        14            4                      0.0                       4.0  0 days 00:00:00.000002
 REDWHEAT                   14            4                      0.0                       4.0  0 days 00:00:00.000001
 R1000                      14            4                      0.0                       4.0  0 days 00:00:00.000002
 ZAR                         1            4                      0.0                       4.0  0 days 00:00:00.000001
 US-INDUSTRY                 1            4                      0.0                       4.0  0 days 00:00:00.000001
