
********************************************************************************
                   Status report produced on 05/01/2026 22:57                   
********************************************************************************



=============================================================================================
                                       Delayed methods                                       
=============================================================================================

               process_name              last_start                last_end currently_running
backup_parquet  run_backups 2026-01-02 22:56:35.793 2026-01-02 22:58:23.827             False


=============================
Delayed adjusted / FX prices 
=============================

                  last_update
IG        2025-11-28 16:00:02
HIGHYIELD 2025-11-28 16:00:02
SMI-MID   2025-12-30 23:00:00
SWISSLEAD 2025-12-30 23:00:00


===============================================
           Delayed optimal positions           
===============================================

                                    last_update
dynamic_TF_carry/SGX 2024-12-02 22:31:28.544775

Instruments at trade limit: No constraints

================================================
         Instruments at position limit          
================================================

                 keys  position pos_limit  spare
122               SGX         0       0.0    0.0
92             EURAUD         0       0.0    0.0
171          EU-HOUSE         0       0.0    0.0
88        EPRA-EUROPE         0       0.0    0.0
85                AEX         1       1.0    0.0
82          HIGHYIELD         0       0.0    0.0
175          SGD_mini         0       0.0    0.0
79                NOK         0       0.0    0.0
186            CHFJPY         0       0.0    0.0
93    GASOILINE_micro         0       0.0    0.0
141          JPY_mini         0       0.0    0.0
59      EUROSTX-LARGE         0       0.0    0.0
55            SMI-MID         0       0.0    0.0
202               TWD         0       0.0    0.0
53         COPPER_LME         0       0.0    0.0
52               GICS         0       0.0    0.0
205            BUTTER         0       0.0    0.0
50              SP400         0       0.0    0.0
209               JGB         0       0.0    0.0
69           AEX_mini         0       0.0    0.0
96             EURCHF         0       0.0    0.0
104        EU-DJ-TECH         0       0.0    0.0
163            KRWUSD         0       0.0    0.0
140         CHF_micro         0       0.0    0.0
143              VNKI         0       0.0    0.0
137               IRS         0       0.0    0.0
146                IG         0       0.0    0.0
133           TIN_LME         0       0.0    0.0
132         SWISSLEAD         0       0.0    0.0
131       CNH-onshore         0       0.0    0.0
130               CZK         0       0.0    0.0
149           MILKDRY         0       0.0    0.0
126             STEEL         0       0.0    0.0
158            GBPJPY         0       0.0    0.0
243               CLP         0       0.0    0.0
121            COTTON         0       0.0    0.0
119            AUDJPY         0       0.0    0.0
117           EU-CHEM         0       0.0    0.0
161            YENEUR         2       2.0    0.0
114           MILKWET         0       0.0    0.0
113            PALLAD         0       0.0    0.0
162          EU-MEDIA         0       0.0    0.0
45             EURCAD         0       0.0    0.0
211               MIB         1       1.0    0.0
71                OMX         0       0.0    0.0
142         EU-TRAVEL         0       0.0    0.0
229               SEK         0       0.0    0.0
27        HEATOIL-ICE         0       0.0    0.0
9    EUROSTX200-LARGE         0       0.0    0.0
230           BOVESPA         0       0.0    0.0
213             R1000         0       0.0    0.0
22           TWD-mini         0       0.0    0.0
225              BUXL        -1       1.0    0.0
5            HOUSE-US         0       0.0    0.0
17           JGB-mini         0       0.0    0.0
7                WHEY         0       0.0    0.0
13               CH10         0       0.0    0.0
12           MSCIEAFA         2       2.0    0.0
11      EU-DJ-TELECOM         0       0.0    0.0
10               COAL         0       0.0    0.0
234         EU-RETAIL         0       0.0    0.0
4        COAL-GEORDIE         0       0.0    0.0
8     EU-CONSTRUCTION         0       0.0    0.0
242               PLN         0       0.0    0.0
223          ETHEREUM         0       0.0    0.0
34        COPPER-mini         0       0.0    0.0
218            NASDAQ         0       0.0    0.0


=========================================================
         Overrides in database consider deleting         
=========================================================

                                                 override
NICKEL_LME             Override Close because in database
OATIES           Override Reduce only because in database
VNKI             Override Reduce only because in database
COAL             Override Reduce only because in database
WHEY             Override Reduce only because in database
CRUDE_W_mini     Override Reduce only because in database
GAS_US_mini      Override Reduce only because in database
VIX_mini         Override Reduce only because in database
RICE             Override Reduce only because in database
IBEX_mini        Override Reduce only because in database
IBEX             Override Reduce only because in database
GICS             Override Reduce only because in database
GOLD-mini        Override Reduce only because in database
CHINAA-CON       Override Reduce only because in database
STEEL            Override Reduce only because in database
AEX              Override Reduce only because in database
AEX_mini         Override Reduce only because in database
CAC              Override Reduce only because in database
GASOILINE_micro  Override Reduce only because in database

Locked instruments (position mismatch): []

==============================================
Status of adjusted price / FX price collection
==============================================

                         last_update
IG               2025-11-28 16:00:02
HIGHYIELD        2025-11-28 16:00:02
SMI-MID          2025-12-30 23:00:00
SWISSLEAD        2025-12-30 23:00:00
SGD_mini         2026-01-02 23:00:00
KRWUSD           2026-01-02 23:00:00
CHFJPY           2026-01-02 23:00:00
EPRA-EUROPE      2026-01-02 23:00:00
MILKDRY          2026-01-02 23:00:00
CLP              2026-01-02 23:00:00
CNH-onshore      2026-01-02 23:00:00
GBPCHF           2026-01-02 23:00:00
COAL-GEORDIE     2026-01-02 23:00:00
CZK              2026-01-02 23:00:00
MSCIEMASIA       2026-01-02 23:00:00
OMX              2026-01-02 23:00:00
MILKWET          2026-01-02 23:00:00
SGX              2026-01-02 23:00:00
GASOILINE_micro  2026-01-02 23:00:00
COTTON           2026-01-02 23:00:00
WHEY             2026-01-02 23:00:00
AUDJPY           2026-01-02 23:00:00
TIN_LME          2026-01-02 23:00:00
BOVESPA          2026-01-02 23:00:00
HOUSE-US         2026-01-02 23:00:00
SUGAR16          2026-01-02 23:00:00
SGD              2026-01-04 23:25:00
VNKI             2026-01-05 01:00:00
JGB-mini         2026-01-05 04:00:00
MSCITAIWAN*      2026-01-05 05:00:00
TWD-mini         2026-01-05 06:00:00
JP-REALESTATE    2026-01-05 06:00:00
KR10             2026-01-05 06:00:00
KOSPI_mini       2026-01-05 06:00:00
KOSPI            2026-01-05 06:00:00
KOSDAQ           2026-01-05 06:00:00
KR3              2026-01-05 06:00:00
FTSEVIET         2026-01-05 07:00:00
TWD              2026-01-05 07:00:00
HANG_mini        2026-01-05 08:00:00
HANGENT_mini     2026-01-05 08:00:00
HANGENT          2026-01-05 08:00:00
HANG             2026-01-05 08:00:00
HANGTECH         2026-01-05 08:00:00
CHINAA-CON       2026-01-05 08:00:00
EUROSTX200-LARGE 2026-01-05 09:00:00
RUBBER           2026-01-05 09:00:00
FTSEINDO         2026-01-05 09:00:00
JGB-SGX-mini     2026-01-05 10:00:00
JGB              2026-01-05 10:00:00
NIKKEI           2026-01-05 10:00:00
TOPIX*           2026-01-05 10:00:00
SPI200           2026-01-05 10:00:00
KRWUSD_mini*     2026-01-05 10:00:00
FTSECHINAA*      2026-01-05 10:00:00
IRON             2026-01-05 10:00:00
FTSETAIWAN       2026-01-05 10:00:00
MUMMY            2026-01-05 10:00:00
NIKKEI400        2026-01-05 10:00:00
MSCISING         2026-01-05 10:00:00
FTSECHINAH       2026-01-05 10:00:00
CNH              2026-01-05 10:15:00
MSCIWORLD        2026-01-05 11:00:00
EURIBOR          2026-01-05 12:00:00
EU-DJ-TELECOM    2026-01-05 13:00:00
IRS              2026-01-05 14:30:00
WHEAT_ICE        2026-01-05 15:00:00
BRENT_W          2026-01-05 15:00:00
IBEX_mini        2026-01-05 15:00:00
IBEX             2026-01-05 15:00:00
GASOIL           2026-01-05 15:00:00
AEX_mini         2026-01-05 15:00:00
FTSE250          2026-01-05 15:00:00
EURIBOR-ICE      2026-01-05 15:00:00
FTSE100          2026-01-05 15:00:00
BONO             2026-01-05 15:00:00
EUROSTX-LARGE    2026-01-05 15:00:00
GILT             2026-01-05 15:00:00
EUROSTX-SMALL    2026-01-05 15:00:00
GICS             2026-01-05 15:00:00
HEATOIL-ICE      2026-01-05 15:00:00
V2X              2026-01-05 15:00:00
ALUMINIUM_LME    2026-01-05 15:00:00
ZINC_LME         2026-01-05 15:00:00
COPPER_LME       2026-01-05 15:00:00
EU-TRAVEL        2026-01-05 15:00:00
NICKEL_LME       2026-01-05 15:00:00
CRUDE_ICE        2026-01-05 15:00:00
COCOA_LDN        2026-01-05 15:00:00
PLN              2026-01-05 15:00:00
COAL             2026-01-05 15:00:00
ROBUSTA          2026-01-05 15:00:00
MIB*             2026-01-05 15:00:00
LEAD_LME         2026-01-05 15:00:00
SARONA           2026-01-05 15:00:00
EUA              2026-01-05 15:00:00
CH10             2026-01-05 15:00:00
EU-DJ-OIL        2026-01-05 15:00:00
SONIA3           2026-01-05 15:00:00
EU-DJ-UTIL       2026-01-05 15:00:00
EU-HOUSE         2026-01-05 15:00:00
EU-INSURE        2026-01-05 15:00:00
EU-MEDIA         2026-01-05 15:00:00
EU-MID           2026-01-05 15:00:00
EU-RETAIL        2026-01-05 15:00:00
EU-TECH          2026-01-05 15:00:00
MILLWHEAT        2026-01-05 15:00:00
SHATZ            2026-01-05 16:00:00
SUGAR_WHITE      2026-01-05 16:00:00
MSCIASIA         2026-01-05 16:00:00
OAT              2026-01-05 16:00:00
SMI              2026-01-05 16:00:00
AEX*             2026-01-05 16:00:00
BUND             2026-01-05 16:00:00
BTP              2026-01-05 16:00:00
BTP3             2026-01-05 16:00:00
EU-FOOD          2026-01-05 16:00:00
EU-HEALTH        2026-01-05 16:00:00
EU-OIL           2026-01-05 16:00:00
EU-REALESTATE    2026-01-05 16:00:00
EU-UTILS         2026-01-05 16:00:00
EU-CONSTRUCTION  2026-01-05 16:00:00
DAX              2026-01-05 16:00:00
EURO600          2026-01-05 16:00:00
EUROSTX          2026-01-05 16:00:00
EU-DJ-TECH       2026-01-05 16:00:00
EU-CHEM          2026-01-05 16:00:00
BUXL*            2026-01-05 16:00:00
EU-DIV30         2026-01-05 16:00:00
CAC              2026-01-05 16:00:00
GASOILINE_ICE    2026-01-05 16:00:00
BOBL             2026-01-05 16:00:00
EU-BASIC         2026-01-05 16:00:00
EU-BANKS         2026-01-05 16:00:00
EU-AUTO          2026-01-05 16:00:00
GBPJPY           2026-01-05 17:00:00
SUGAR11          2026-01-05 17:00:00
EURCAD           2026-01-05 17:00:00
OJ               2026-01-05 18:00:00
BBCOMM           2026-01-05 18:00:00
STEEL            2026-01-05 18:00:00
COCOA            2026-01-05 18:00:00
COFFEE           2026-01-05 18:00:00
INR              2026-01-05 18:00:00
CORN_mini        2026-01-05 19:00:00
COTTON2          2026-01-05 19:00:00
CRUDE_W_mini     2026-01-05 19:00:00
US-DISCRETE      2026-01-05 19:00:00
R1000            2026-01-05 19:00:00
OATIES           2026-01-05 19:00:00
REDWHEAT         2026-01-05 19:00:00
RICE*            2026-01-05 19:00:00
CHF_micro        2026-01-05 19:00:00
SOYOIL           2026-01-05 19:00:00
SOYMEAL          2026-01-05 19:00:00
SOYBEAN_mini     2026-01-05 19:00:00
SOYBEAN          2026-01-05 19:00:00
CANOLA           2026-01-05 19:00:00
CORN             2026-01-05 19:00:00
US-HEALTH        2026-01-05 19:00:00
LIVECOW          2026-01-05 19:00:00
GAS-PEN          2026-01-05 19:00:00
FEEDCOW          2026-01-05 19:00:00
WHEAT*           2026-01-05 19:00:00
GOLD             2026-01-05 19:00:00
AUD_micro*       2026-01-05 19:00:00
WHEAT_mini       2026-01-05 19:00:00
DX               2026-01-05 19:00:00
CAD2             2026-01-05 19:00:00
LEANHOG*         2026-01-05 19:00:00
AUD              2026-01-05 20:00:00
YENEUR*          2026-01-05 20:00:00
SP500_micro      2026-01-05 20:00:00
SP400            2026-01-05 20:00:00
ZAR              2026-01-05 20:00:00
ALUMINIUM        2026-01-05 20:00:00
SOFR             2026-01-05 20:00:00
VIX_mini         2026-01-05 20:00:00
SP500            2026-01-05 20:00:00
US-ENERGY        2026-01-05 20:00:00
BITCOIN*         2026-01-05 20:00:00
US5              2026-01-05 20:00:00
US-INDUSTRY      2026-01-05 20:00:00
US-MATERIAL      2026-01-05 20:00:00
US-REALESTATE    2026-01-05 20:00:00
BRE              2026-01-05 20:00:00
US-STAPLES       2026-01-05 20:00:00
BRENT-LAST       2026-01-05 20:00:00
VIX              2026-01-05 20:00:00
US-UTILS         2026-01-05 20:00:00
US10U            2026-01-05 20:00:00
US2              2026-01-05 20:00:00
BUTTER           2026-01-05 20:00:00
US20             2026-01-05 20:00:00
US3              2026-01-05 20:00:00
US30             2026-01-05 20:00:00
US10             2026-01-05 20:00:00
CAD*             2026-01-05 20:00:00
GAS_US           2026-01-05 20:00:00
SILVER*          2026-01-05 20:00:00
LUMBER-new       2026-01-05 20:00:00
ETHEREUM         2026-01-05 20:00:00
JPY_mini         2026-01-05 20:00:00
CAD10*           2026-01-05 20:00:00
EUR              2026-01-05 20:00:00
EURAUD           2026-01-05 20:00:00
EURCHF           2026-01-05 20:00:00
EUR_micro        2026-01-05 20:00:00
HEATOIL          2026-01-05 20:00:00
ETHER-micro      2026-01-05 20:00:00
EUR_mini         2026-01-05 20:00:00
FED              2026-01-05 20:00:00
GOLD_micro       2026-01-05 20:00:00
GOLD-mini        2026-01-05 20:00:00
GAS-LAST         2026-01-05 20:00:00
GBP_micro        2026-01-05 20:00:00
GBPEUR           2026-01-05 20:00:00
GASOILINE        2026-01-05 20:00:00
GBP*             2026-01-05 20:00:00
GAS_US_mini*     2026-01-05 20:00:00
FANG             2026-01-05 20:00:00
MILK             2026-01-05 20:00:00
JPY*             2026-01-05 20:00:00
DOW              2026-01-05 20:00:00
CAD5             2026-01-05 20:00:00
CAD_micro        2026-01-05 20:00:00
SEK              2026-01-05 20:00:00
CHEESE           2026-01-05 20:00:00
RUSSELL_mini     2026-01-05 20:00:00
DOW_mini         2026-01-05 20:00:00
CHF              2026-01-05 20:00:00
PLAT             2026-01-05 20:00:00
PALLAD           2026-01-05 20:00:00
COPPER           2026-01-05 20:00:00
RUSSELL*         2026-01-05 20:00:00
NZD              2026-01-05 20:00:00
NOK              2026-01-05 20:00:00
COPPER-micro     2026-01-05 20:00:00
COPPER-mini      2026-01-05 20:00:00
NASDAQ_micro     2026-01-05 20:00:00
NASDAQ           2026-01-05 20:00:00
MXP*             2026-01-05 20:00:00
CRUDE_W          2026-01-05 20:00:00
CRUDE_W_micro*   2026-01-05 20:00:00
MSCIEAFA*        2026-01-05 20:00:00
CHFUSD           2026-01-05 23:00:00
JPYUSD           2026-01-05 23:00:00
EURUSD           2026-01-05 23:00:00
CADUSD           2026-01-05 23:00:00
KRWUSD           2026-01-05 23:00:00
MXPUSD           2026-01-05 23:00:00
SEKUSD           2026-01-05 23:00:00
GBPUSD           2026-01-05 23:00:00
SGDUSD           2026-01-05 23:00:00
HKDUSD           2026-01-05 23:00:00
CNHUSD           2026-01-05 23:00:00
AUDUSD           2026-01-05 23:00:00


============================================================
           Status of optimal position generation            
============================================================

                                                 last_update
dynamic_TF_carry/SGX              2024-12-02 22:31:28.544775
dynamic_TF_carry/CAD5             2026-01-05 22:31:39.410327
dynamic_TF_carry/JGB              2026-01-05 22:31:39.410583
dynamic_TF_carry/US-UTILS         2026-01-05 22:31:39.411056
dynamic_TF_carry/NIKKEI           2026-01-05 22:31:39.411288
dynamic_TF_carry/PLN              2026-01-05 22:31:39.411519
dynamic_TF_carry/EU-TRAVEL        2026-01-05 22:31:39.411749
dynamic_TF_carry/CAD2             2026-01-05 22:31:39.411977
dynamic_TF_carry/CZK              2026-01-05 22:31:39.412207
dynamic_TF_carry/CHINAA-CON       2026-01-05 22:31:39.412435
dynamic_TF_carry/EU-CONSTRUCTION  2026-01-05 22:31:39.412663
dynamic_TF_carry/INR              2026-01-05 22:31:39.412891
dynamic_TF_carry/LEAD_LME         2026-01-05 22:31:39.413118
dynamic_TF_carry/EU-DIV30         2026-01-05 22:31:39.413346
dynamic_TF_carry/CAC              2026-01-05 22:31:39.413579
dynamic_TF_carry/COTTON           2026-01-05 22:31:39.413808
dynamic_TF_carry/GILT             2026-01-05 22:31:39.414037
dynamic_TF_carry/EU-BASIC         2026-01-05 22:31:39.414267
dynamic_TF_carry/SUGAR16          2026-01-05 22:31:39.414494
dynamic_TF_carry/ZAR              2026-01-05 22:31:39.414722
dynamic_TF_carry/BUTTER           2026-01-05 22:31:39.414949
dynamic_TF_carry/CAD              2026-01-05 22:31:39.415176
dynamic_TF_carry/EU-HOUSE         2026-01-05 22:31:39.415404
dynamic_TF_carry/EU-RETAIL        2026-01-05 22:31:39.415632
dynamic_TF_carry/US-ENERGY        2026-01-05 22:31:39.415859
dynamic_TF_carry/EUROSTX-LARGE    2026-01-05 22:31:39.416088
dynamic_TF_carry/SP500_micro      2026-01-05 22:31:39.416315
dynamic_TF_carry/FTSEINDO         2026-01-05 22:31:39.416543
dynamic_TF_carry/SMI              2026-01-05 22:31:39.416772
dynamic_TF_carry/EU-REALESTATE    2026-01-05 22:31:39.417227
dynamic_TF_carry/HIGHYIELD        2026-01-05 22:31:39.417455
dynamic_TF_carry/JP-REALESTATE    2026-01-05 22:31:39.417916
dynamic_TF_carry/FTSECHINAH       2026-01-05 22:31:39.418144
dynamic_TF_carry/GBP              2026-01-05 22:31:39.418372
dynamic_TF_carry/AUD              2026-01-05 22:31:39.418601
dynamic_TF_carry/DAX              2026-01-05 22:31:39.418830
dynamic_TF_carry/CAD10            2026-01-05 22:31:39.419058
dynamic_TF_carry/FTSE250          2026-01-05 22:31:39.419286
dynamic_TF_carry/VNKI             2026-01-05 22:31:39.419514
dynamic_TF_carry/US-REALESTATE    2026-01-05 22:31:39.419742
dynamic_TF_carry/EUROSTX-SMALL    2026-01-05 22:31:39.419969
dynamic_TF_carry/EUROSTX200-LARGE 2026-01-05 22:31:39.420196
dynamic_TF_carry/US3              2026-01-05 22:31:39.420422
dynamic_TF_carry/RICE             2026-01-05 22:31:39.420650
dynamic_TF_carry/MSCIWORLD        2026-01-05 22:31:39.420877
dynamic_TF_carry/SILVER           2026-01-05 22:31:39.421105
dynamic_TF_carry/AUD_micro        2026-01-05 22:31:39.421332
dynamic_TF_carry/EURIBOR          2026-01-05 22:31:39.421796
dynamic_TF_carry/OJ               2026-01-05 22:31:39.422023
dynamic_TF_carry/GOLD_micro       2026-01-05 22:31:39.422252
dynamic_TF_carry/EU-OIL           2026-01-05 22:31:39.422480
dynamic_TF_carry/MILK             2026-01-05 22:31:39.422937
dynamic_TF_carry/SMI-MID          2026-01-05 22:31:39.423166
dynamic_TF_carry/WHEY             2026-01-05 22:31:39.423396
dynamic_TF_carry/BUND             2026-01-05 22:31:39.423624
dynamic_TF_carry/SOYBEAN          2026-01-05 22:31:39.423853
dynamic_TF_carry/FTSE100          2026-01-05 22:31:39.424081
dynamic_TF_carry/KOSDAQ           2026-01-05 22:31:39.424310
dynamic_TF_carry/US-STAPLES       2026-01-05 22:31:39.424538
dynamic_TF_carry/CNH              2026-01-05 22:31:39.424767
dynamic_TF_carry/MILKWET          2026-01-05 22:31:39.425221
dynamic_TF_carry/EU-TECH          2026-01-05 22:31:39.425450
dynamic_TF_carry/EUROSTX          2026-01-05 22:31:39.425682
dynamic_TF_carry/BTP              2026-01-05 22:31:39.425911
dynamic_TF_carry/R1000            2026-01-05 22:31:39.426140
dynamic_TF_carry/SONIA3           2026-01-05 22:31:39.426369
dynamic_TF_carry/SUGAR_WHITE      2026-01-05 22:31:39.426598
dynamic_TF_carry/REDWHEAT         2026-01-05 22:31:39.426826
dynamic_TF_carry/BTP3             2026-01-05 22:31:39.427280
dynamic_TF_carry/EU-BANKS         2026-01-05 22:31:39.427508
dynamic_TF_carry/EU-DJ-TELECOM    2026-01-05 22:31:39.427736
dynamic_TF_carry/GBPCHF           2026-01-05 22:31:39.427964
dynamic_TF_carry/SOYBEAN_mini     2026-01-05 22:31:39.428192
dynamic_TF_carry/TWD              2026-01-05 22:31:39.428419
dynamic_TF_carry/GAS-PEN          2026-01-05 22:31:39.428646
dynamic_TF_carry/HEATOIL          2026-01-05 22:31:39.428874
dynamic_TF_carry/IG               2026-01-05 22:31:39.429101
dynamic_TF_carry/KRWUSD_mini      2026-01-05 22:31:39.429327
dynamic_TF_carry/SOYOIL           2026-01-05 22:31:39.429555
dynamic_TF_carry/GASOILINE        2026-01-05 22:31:39.429787
dynamic_TF_carry/TIN_LME          2026-01-05 22:31:39.430016
dynamic_TF_carry/AUDJPY           2026-01-05 22:31:39.430246
dynamic_TF_carry/BRENT_W          2026-01-05 22:31:39.430475
dynamic_TF_carry/MSCIASIA         2026-01-05 22:31:39.430702
dynamic_TF_carry/COTTON2          2026-01-05 22:31:39.430930
dynamic_TF_carry/COCOA            2026-01-05 22:31:39.431162
dynamic_TF_carry/FTSECHINAA       2026-01-05 22:31:39.431390
dynamic_TF_carry/MILKDRY          2026-01-05 22:31:39.431618
dynamic_TF_carry/VIX              2026-01-05 22:31:39.431847
dynamic_TF_carry/ALUMINIUM        2026-01-05 22:31:39.432077
dynamic_TF_carry/HANGENT_mini     2026-01-05 22:31:39.432306
dynamic_TF_carry/ZINC_LME         2026-01-05 22:31:39.432535
dynamic_TF_carry/SEK              2026-01-05 22:31:39.432765
dynamic_TF_carry/LIVECOW          2026-01-05 22:31:39.432995
dynamic_TF_carry/OAT              2026-01-05 22:31:39.433226
dynamic_TF_carry/HANG_mini        2026-01-05 22:31:39.433454
dynamic_TF_carry/US30             2026-01-05 22:31:39.433687
dynamic_TF_carry/BONO             2026-01-05 22:31:39.433916
dynamic_TF_carry/ETHEREUM         2026-01-05 22:31:39.434143
dynamic_TF_carry/FTSEVIET         2026-01-05 22:31:39.434372
dynamic_TF_carry/BUXL             2026-01-05 22:31:39.434600
dynamic_TF_carry/SOFR             2026-01-05 22:31:39.434828
dynamic_TF_carry/OATIES           2026-01-05 22:31:39.435056
dynamic_TF_carry/AEX              2026-01-05 22:31:39.435285
dynamic_TF_carry/NIKKEI400        2026-01-05 22:31:39.435739
dynamic_TF_carry/EU-HEALTH        2026-01-05 22:31:39.435965
dynamic_TF_carry/CRUDE_W_micro    2026-01-05 22:31:39.436192
dynamic_TF_carry/EPRA-EUROPE      2026-01-05 22:31:39.436419
dynamic_TF_carry/SGD              2026-01-05 22:31:39.436646
dynamic_TF_carry/MSCISING         2026-01-05 22:31:39.436873
dynamic_TF_carry/EURCAD           2026-01-05 22:31:39.437099
dynamic_TF_carry/KR10             2026-01-05 22:31:39.437326
dynamic_TF_carry/SOYMEAL          2026-01-05 22:31:39.437553
dynamic_TF_carry/BOBL             2026-01-05 22:31:39.437784
dynamic_TF_carry/GASOIL           2026-01-05 22:31:39.438010
dynamic_TF_carry/US-DISCRETE      2026-01-05 22:31:39.438238
dynamic_TF_carry/US5              2026-01-05 22:31:39.438466
dynamic_TF_carry/YENEUR           2026-01-05 22:31:39.438692
dynamic_TF_carry/NOK              2026-01-05 22:31:39.438921
dynamic_TF_carry/BOVESPA          2026-01-05 22:31:39.439148
dynamic_TF_carry/JPY              2026-01-05 22:31:39.439376
dynamic_TF_carry/MSCITAIWAN       2026-01-05 22:31:39.439603
dynamic_TF_carry/EU-MID           2026-01-05 22:31:39.439830
dynamic_TF_carry/FTSETAIWAN       2026-01-05 22:31:39.440059
dynamic_TF_carry/KR3              2026-01-05 22:31:39.440290
dynamic_TF_carry/SUGAR11          2026-01-05 22:31:39.440521
dynamic_TF_carry/MSCIEMASIA       2026-01-05 22:31:39.440981
dynamic_TF_carry/EURIBOR-ICE      2026-01-05 22:31:39.441212
dynamic_TF_carry/EURO600          2026-01-05 22:31:39.441440
dynamic_TF_carry/EU-CHEM          2026-01-05 22:31:39.441692
dynamic_TF_carry/EU-FOOD          2026-01-05 22:31:39.441924
dynamic_TF_carry/HOUSE-US         2026-01-05 22:31:39.442155
dynamic_TF_carry/EU-UTILS         2026-01-05 22:31:39.442385
dynamic_TF_carry/FANG             2026-01-05 22:31:39.442615
dynamic_TF_carry/US-HEALTH        2026-01-05 22:31:39.442845
dynamic_TF_carry/BRENT-LAST       2026-01-05 22:31:39.443076
dynamic_TF_carry/KRWUSD           2026-01-05 22:31:39.443306
dynamic_TF_carry/SARONA           2026-01-05 22:31:39.443536
dynamic_TF_carry/SWISSLEAD        2026-01-05 22:31:39.443765
dynamic_TF_carry/BBCOMM           2026-01-05 22:31:39.443994
dynamic_TF_carry/WHEAT_ICE        2026-01-05 22:31:39.444222
dynamic_TF_carry/KOSPI            2026-01-05 22:31:39.444453
dynamic_TF_carry/COAL-GEORDIE     2026-01-05 22:31:39.444683
dynamic_TF_carry/RUBBER           2026-01-05 22:31:39.444912
dynamic_TF_carry/EU-INSURE        2026-01-05 22:31:39.445142
dynamic_TF_carry/KOSPI_mini       2026-01-05 22:31:39.445374
dynamic_TF_carry/GAS-LAST         2026-01-05 22:31:39.445609
dynamic_TF_carry/V2X              2026-01-05 22:31:39.445840
dynamic_TF_carry/MUMMY            2026-01-05 22:31:39.446071
dynamic_TF_carry/FED              2026-01-05 22:31:39.446303
dynamic_TF_carry/IRS              2026-01-05 22:31:39.446537
dynamic_TF_carry/MSCIEAFA         2026-01-05 22:31:39.446767
dynamic_TF_carry/COCOA_LDN        2026-01-05 22:31:39.447228
dynamic_TF_carry/NASDAQ_micro     2026-01-05 22:31:39.447460
dynamic_TF_carry/US20             2026-01-05 22:31:39.447691
dynamic_TF_carry/COFFEE           2026-01-05 22:31:39.447922
dynamic_TF_carry/CORN             2026-01-05 22:31:39.448158
dynamic_TF_carry/GICS             2026-01-05 22:31:39.448390
dynamic_TF_carry/EURCHF           2026-01-05 22:31:39.448621
dynamic_TF_carry/GBPEUR           2026-01-05 22:31:39.448855
dynamic_TF_carry/DOW              2026-01-05 22:31:39.449087
dynamic_TF_carry/EUR_micro        2026-01-05 22:31:39.449318
dynamic_TF_carry/GAS_US_mini      2026-01-05 22:31:39.449547
dynamic_TF_carry/NICKEL_LME       2026-01-05 22:31:39.449784
dynamic_TF_carry/OMX              2026-01-05 22:31:39.450015
dynamic_TF_carry/US10             2026-01-05 22:31:39.450247
dynamic_TF_carry/COPPER_LME       2026-01-05 22:31:39.450477
dynamic_TF_carry/RUSSELL          2026-01-05 22:31:39.450707
dynamic_TF_carry/MXP              2026-01-05 22:31:39.450938
dynamic_TF_carry/COPPER           2026-01-05 22:31:39.451399
dynamic_TF_carry/BRE              2026-01-05 22:31:39.451628
dynamic_TF_carry/EURAUD           2026-01-05 22:31:39.451857
dynamic_TF_carry/EU-AUTO          2026-01-05 22:31:39.452086
dynamic_TF_carry/SPI200           2026-01-05 22:31:39.452321
dynamic_TF_carry/US-MATERIAL      2026-01-05 22:31:39.452553
dynamic_TF_carry/US2              2026-01-05 22:31:39.452782
dynamic_TF_carry/CHF              2026-01-05 22:31:39.453012
dynamic_TF_carry/IRON             2026-01-05 22:31:39.453241
dynamic_TF_carry/CRUDE_W_mini     2026-01-05 22:31:39.453472
dynamic_TF_carry/US-INDUSTRY      2026-01-05 22:31:39.453704
dynamic_TF_carry/COPPER-micro     2026-01-05 22:31:39.453933
dynamic_TF_carry/CHEESE           2026-01-05 22:31:39.454163
dynamic_TF_carry/EUA              2026-01-05 22:31:39.454622
dynamic_TF_carry/CANOLA           2026-01-05 22:31:39.454851
dynamic_TF_carry/NZD              2026-01-05 22:31:39.455083
dynamic_TF_carry/EU-DJ-UTIL       2026-01-05 22:31:39.455314
dynamic_TF_carry/HANGTECH         2026-01-05 22:31:39.455546
dynamic_TF_carry/PLAT             2026-01-05 22:31:39.455777
dynamic_TF_carry/TOPIX            2026-01-05 22:31:39.456007
dynamic_TF_carry/US10U            2026-01-05 22:31:39.456238
dynamic_TF_carry/WHEAT            2026-01-05 22:31:39.456468
dynamic_TF_carry/CLP              2026-01-05 22:31:39.456699
dynamic_TF_carry/COAL             2026-01-05 22:31:39.456930
dynamic_TF_carry/EUR              2026-01-05 22:31:39.457160
dynamic_TF_carry/PALLAD           2026-01-05 22:31:39.457391
dynamic_TF_carry/ROBUSTA          2026-01-05 22:31:39.457855
dynamic_TF_carry/LEANHOG          2026-01-05 22:31:39.458084
dynamic_TF_carry/FEEDCOW          2026-01-05 22:31:39.458312
dynamic_TF_carry/BITCOIN          2026-01-05 22:31:39.458540
dynamic_TF_carry/MILLWHEAT        2026-01-05 22:31:39.458769
dynamic_TF_carry/EU-MEDIA         2026-01-05 22:31:39.459229
dynamic_TF_carry/DX               2026-01-05 22:31:39.459458
dynamic_TF_carry/SHATZ            2026-01-05 22:31:39.459688
dynamic_TF_carry/SP400            2026-01-05 22:31:39.459918
dynamic_TF_carry/GBPJPY           2026-01-05 22:31:39.460147
dynamic_TF_carry/IBEX_mini        2026-01-05 22:31:39.460376
dynamic_TF_carry/CH10             2026-01-05 22:31:39.460605
dynamic_TF_carry/MIB              2026-01-05 22:31:39.460833
dynamic_TF_carry/CRUDE_ICE        2026-01-05 22:31:39.461063
dynamic_TF_carry/JGB-SGX-mini     2026-01-05 22:31:39.461296
dynamic_TF_carry/CHFJPY           2026-01-05 22:31:39.461526
dynamic_TF_carry/STEEL            2026-01-05 22:31:39.461763
dynamic_TF_carry/LUMBER-new       2026-01-05 22:31:39.461992


======================================================================================================================
                                                Status of trade limits                                                
======================================================================================================================

                   period_days  trade_limit  trades_since_last_reset  trade_capacity_remaining   time_since_last_reset
 GAS_US_mini                14            4                      2.0                       2.0  5 days 08:57:36.957476
 CORN                        1            4                      0.0                       4.0  0 days 00:00:00.000002
 EU-DJ-UTIL                  1            4                      0.0                       4.0  0 days 00:00:00.000002
 EU-DJ-TELECOM               1            4                      0.0                       4.0  0 days 00:00:00.000002
 EU-DJ-TECH                  1            4                      0.0                       4.0  0 days 00:00:00.000001
 EU-DJ-OIL                   1            4                      0.0                       4.0  0 days 00:00:00.000001
 EU-CONSTRUCTION             1            4                      0.0                       4.0  0 days 00:00:00.000001
 CZK                         1            4                      0.0                       4.0  0 days 00:00:00.000002
 COTTON                      1            4                      0.0                       4.0  0 days 00:00:00.000001
 COPPER-mini                 1            4                      0.0                       4.0  0 days 00:00:00.000001
 CNH-onshore                 1            4                      0.0                       4.0  0 days 00:00:00.000002
 CLP                         1            4                      0.0                       4.0  0 days 00:00:00.000002
 CH10                        1            4                      0.0                       4.0  0 days 00:00:00.000001
 BUTTER                      1            4                      0.0                       4.0  0 days 00:00:00.000001
 BOVESPA                     1            4                      0.0                       4.0  0 days 00:00:00.000001
 BEL20                       1            4                      0.0                       4.0  0 days 00:00:00.000002
 ALUMINIUM                   1            4                      0.0                       4.0  0 days 00:00:00.000002
 YENEUR                     30            4                      0.0                       4.0  0 days 00:00:00.000001
 US30                       30            4                      0.0                       4.0  0 days 00:00:00.000001
 US3                        30            4                      0.0                       4.0  0 days 00:00:00.000001
 EU-HOUSE                    1            4                      0.0                       4.0  0 days 00:00:00.000001
 EU-MEDIA                    1            4                      0.0                       4.0  0 days 00:00:00.000001
 EU-MID                      1            4                      0.0                       4.0  0 days 00:00:00.000002
 EU-REALESTATE               1            4                      0.0                       4.0  0 days 00:00:00.000002
 US-ENERGY                   1            4                      0.0                       4.0  0 days 00:00:00.000001
 US-DISCRETE                 1            4                      0.0                       4.0  0 days 00:00:00.000002
 SMI-MID                     1            4                      0.0                       4.0  0 days 00:00:00.000002
 SGX                         1            4                      0.0                       4.0  0 days 00:00:00.000001
 SGD                         1            4                      0.0                       4.0  0 days 00:00:00.000002
 OMX                         1            4                      0.0                       4.0  0 days 00:00:00.000001
 MSCIASIA                    1            4                      0.0                       4.0  0 days 00:00:00.000001
 MILKWET                     1            4                      0.0                       4.0  0 days 00:00:00.000002
 MILKDRY                     1            4                      0.0                       4.0  0 days 00:00:00.000002
 MID-DAX                     1            4                      0.0                       4.0  0 days 00:00:00.000001
 JP-REALESTATE               1            4                      0.0                       4.0  0 days 00:00:00.000001
 JGB-SGX-mini                1            4                      0.0                       4.0  0 days 00:00:00.000002
 IRS                         1            4                      0.0                       4.0  0 days 00:00:00.000002
 FTSEINDO                    1            4                      0.0                       4.0  0 days 00:00:00.000001
 EUROSTX200-LARGE            1            4                      0.0                       4.0  0 days 00:00:00.000001
 EUROSTX-SMALL               1            4                      0.0                       4.0  0 days 00:00:00.000002
 EUROSTX-LARGE               1            4                      0.0                       4.0  0 days 00:00:00.000002
 EURIBOR                     1            4                      0.0                       4.0  0 days 00:00:00.000001
 EURCHF                      1            4                      0.0                       4.0  0 days 00:00:00.000001
 US10U                      30            4                      0.0                       4.0  0 days 00:00:00.000002
 SP400                      30            4                      0.0                       4.0  0 days 00:00:00.000001
 SEK                        30            4                      0.0                       4.0  0 days 00:00:00.000001
 NOK                        30            4                      0.0                       4.0  0 days 00:00:00.000002
 GBPEUR                     14            4                      0.0                       4.0  0 days 00:00:00.000001
 GAS-LAST                   14            4                      0.0                       4.0  0 days 00:00:00.000001
 FTSETAIWAN                 14            4                      0.0                       4.0  0 days 00:00:00.000002
 EU-TECH                    14            4                      0.0                       4.0  0 days 00:00:00.000001
 EU-CHEM                    14            4                      0.0                       4.0  0 days 00:00:00.000002
 ETHEREUM                   14            4                      0.0                       4.0  0 days 00:00:00.000002
 CNH                        14            4                      0.0                       4.0  0 days 00:00:00.000001
 BUXL                       14            4                      0.0                       4.0  0 days 00:00:00.000001
 BTP3                       14            4                      0.0                       4.0  0 days 00:00:00.000002
 BRENT-LAST                 14            4                      0.0                       4.0  0 days 00:00:00.000001
 BONO                       14            4                      0.0                       4.0  0 days 00:00:00.000001
 YENEUR                      1            4                      0.0                       4.0  0 days 00:00:00.000002
 US3                         1            4                      0.0                       4.0  0 days 00:00:00.000001
 US10U                       1            4                      0.0                       4.0  0 days 00:00:00.000001
 US-REALESTATE               1            4                      0.0                       4.0  0 days 00:00:00.000002
 TOPIX                       1            4                      0.0                       4.0  0 days 00:00:00.000002
 SP400                       1            4                      0.0                       4.0  0 days 00:00:00.000001
 SEK                         1            4                      0.0                       4.0  0 days 00:00:00.000001
 RUSSELL                     1            4                      0.0                       4.0  0 days 00:00:00.000002
 HEATOIL                    14            4                      0.0                       4.0  0 days 00:00:00.000001
 JGB                        14            4                      0.0                       4.0  0 days 00:00:00.000001
 ZAR                         1            4                      0.0                       4.0  0 days 00:00:00.000002
 NOK                        14            4                      0.0                       4.0  0 days 00:00:00.000001
 JGB                        30            4                      0.0                       4.0  0 days 00:00:00.000001
 HEATOIL                    30            4                      0.0                       4.0  0 days 00:00:00.000002
 GBPEUR                     30            4                      0.0                       4.0  0 days 00:00:00.000002
 GAS_US_mini                30            6                      2.0                       4.0  5 days 08:57:36.956252
 GASOILINE                  30            4                      0.0                       4.0  5 days 08:57:34.344248
 GAS-LAST                   30            4                      0.0                       4.0  0 days 00:00:00.000002
 ETHEREUM                   30            4                      0.0                       4.0  0 days 00:00:00.000001
 CHF                        30            4                      0.0                       4.0  0 days 00:00:00.000001
 BUXL                       30            4                      0.0                       4.0 20 days 14:14:22.175130
 US-HEALTH                   1            4                      0.0                       4.0  0 days 00:00:00.000001
 BTP3                       30            4                      0.0                       4.0  0 days 00:00:00.000001
 BONO                       30            4                      0.0                       4.0  0 days 00:00:00.000001
 YENEUR                     14            4                      0.0                       4.0  0 days 00:00:00.000001
 US30                       14            4                      0.0                       4.0  0 days 00:00:00.000002
 US3                        14            4                      0.0                       4.0  0 days 00:00:00.000002
 US10U                      14            4                      0.0                       4.0  0 days 00:00:00.000001
 SP400                      14            4                      0.0                       4.0  0 days 00:00:00.000002
 SEK                        14            4                      0.0                       4.0  0 days 00:00:00.000002
