
********************************************************************************
                   Status report produced on 03/04/2026 22:57                   
********************************************************************************


Delayed methods: No delays

===============================
 Delayed adjusted / FX prices  
===============================

                    last_update
HIGHYIELD   2026-02-27 15:00:01
IG          2026-02-27 20:00:01
SGX         2026-03-02 23:00:01
CLP         2026-03-27 23:00:00
HOUSE-US    2026-03-27 23:00:00
BRE         2026-03-30 20:00:00
CNH-onshore 2026-03-30 23:00:00


===============================================
           Delayed optimal positions           
===============================================

                                    last_update
dynamic_TF_carry/SGX 2024-12-02 22:31:28.544775

Instruments at trade limit: No constraints

================================================
         Instruments at position limit          
================================================

                 keys  position pos_limit  spare
233              COAL         0       0.0    0.0
127          HOUSE-US         0       0.0    0.0
72              STEEL         0       0.0    0.0
185                IG         0       0.0    0.0
135            PALLAD         0       0.0    0.0
222          JGB-mini         0       0.0    0.0
136         GASOILINE         1       1.0    0.0
140      COAL-GEORDIE         0       0.0    0.0
76           TWD-mini         0       0.0    0.0
202            EURCHF         0       0.0    0.0
189          SGD_mini         0       0.0    0.0
148               SGX         0       0.0    0.0
149             SP400         0       0.0    0.0
234            AUDJPY         0       0.0    0.0
47      EU-DJ-TELECOM         0       0.0    0.0
46             COTTON         0       0.0    0.0
151           TIN_LME         0       0.0    0.0
58            EU-CHEM         0       0.0    0.0
126              VNKI         0       0.0    0.0
83                OMX         0       0.0    0.0
193           MILKWET         0       0.0    0.0
108            BUTTER         0       0.0    0.0
106               PLN         0       0.0    0.0
105       COPPER-mini         0       0.0    0.0
115               SEK         0       0.0    0.0
188            NASDAQ         0       0.0    0.0
102       EPRA-EUROPE         0       0.0    0.0
190               TWD         0       0.0    0.0
117           SMI-MID         0       0.0    0.0
119         SWISSLEAD         0       0.0    0.0
120           BOVESPA         0       0.0    0.0
95               CH10         0       0.0    0.0
227          EU-HOUSE         0       0.0    0.0
243          AEX_mini         0       0.0    0.0
91               WHEY         0       0.0    0.0
90          EU-RETAIL         0       0.0    0.0
89             KRWUSD         0       0.0    0.0
192               IRS         0       0.0    0.0
44                CLP         0       0.0    0.0
42              R1000         0       0.0    0.0
111            CHFJPY         0       0.0    0.0
156          EU-MEDIA         0       0.0    0.0
14   EUROSTX200-LARGE         0       0.0    0.0
171         HIGHYIELD         0       0.0    0.0
11          EU-TRAVEL         0       0.0    0.0
164   GASOILINE_micro         0       0.0    0.0
19         EU-DJ-TECH         0       0.0    0.0
214       CNH-onshore         0       0.0    0.0
165            GBPJPY         0       0.0    0.0
210            EURCAD         0       0.0    0.0
25         COPPER_LME         0       0.0    0.0
173         AUD_micro         5       5.0    0.0
219               CZK         0       0.0    0.0
3     EU-CONSTRUCTION         0       0.0    0.0
238          ETHEREUM         0       0.0    0.0
209          JPY_mini         0       0.0    0.0
2              EURAUD         0       0.0    0.0
35      EUROSTX-LARGE         0       0.0    0.0
154           MILKDRY         0       0.0    0.0
37        HEATOIL-ICE         0       0.0    0.0
38               GICS         0       0.0    0.0
1                 JGB         0       0.0    0.0
240         CHF_micro         0       0.0    0.0
242               NOK         0       0.0    0.0


======================================================
       Overrides in database consider deleting        
======================================================

                                              override
NICKEL_LME          Override Close because in database
OATIES        Override Reduce only because in database
RICE          Override Reduce only because in database
COAL          Override Reduce only because in database
LUMBER-new    Override Reduce only because in database
GAS_US_mini   Override Reduce only because in database
CLP           Override Reduce only because in database
VNKI          Override Reduce only because in database
VIX_mini      Override Reduce only because in database
HIGHYIELD     Override Reduce only because in database
IG            Override Reduce only because in database
COPPER-mini   Override Reduce only because in database
MILKDRY       Override Reduce only because in database
TWD           Override Reduce only because in database
IBEX_mini     Override Reduce only because in database
IBEX          Override Reduce only because in database
GICS          Override Reduce only because in database
KOSPI_mini    Override Reduce only because in database
SGD           Override Reduce only because in database
CNH-onshore   Override Reduce only because in database
CRUDE_W_mini  Override Reduce only because in database

Locked instruments (position mismatch): []

==============================================
Status of adjusted price / FX price collection
==============================================

                         last_update
HIGHYIELD        2026-02-27 15:00:01
IG               2026-02-27 20:00:01
SGX              2026-03-02 23:00:01
CLP              2026-03-27 23:00:00
HOUSE-US         2026-03-27 23:00:00
BRE              2026-03-30 20:00:00
CNH-onshore      2026-03-30 23:00:00
AEX              2026-04-02 23:00:00
MILKDRY          2026-04-02 23:00:00
MILKWET          2026-04-02 23:00:00
MILLWHEAT        2026-04-02 23:00:00
MSCIASIA         2026-04-02 23:00:00
MSCIEMASIA       2026-04-02 23:00:00
MSCIWORLD        2026-04-02 23:00:00
MXP*             2026-04-02 23:00:00
NASDAQ_micro*    2026-04-02 23:00:00
MILK             2026-04-02 23:00:00
NICKEL_LME       2026-04-02 23:00:00
NOK              2026-04-02 23:00:00
NZD              2026-04-02 23:00:00
OAT              2026-04-02 23:00:00
OATIES           2026-04-02 23:00:00
OJ               2026-04-02 23:00:00
OMX              2026-04-02 23:00:00
PALLAD           2026-04-02 23:00:00
PLAT             2026-04-02 23:00:00
PLN              2026-04-02 23:00:00
R1000            2026-04-02 23:00:00
NASDAQ           2026-04-02 23:00:00
MIB              2026-04-02 23:00:00
LEANHOG*         2026-04-02 23:00:00
LIVECOW*         2026-04-02 23:00:00
GBPEUR           2026-04-02 23:00:00
GBPJPY           2026-04-02 23:00:00
GBP_micro        2026-04-02 23:00:00
GICS             2026-04-02 23:00:00
GILT             2026-04-02 23:00:00
GOLD             2026-04-02 23:00:00
GOLD-mini        2026-04-02 23:00:00
GOLD_micro       2026-04-02 23:00:00
HANG             2026-04-02 23:00:00
HANGENT          2026-04-02 23:00:00
HANGENT_mini*    2026-04-02 23:00:00
LUMBER-new       2026-04-02 23:00:00
HANG_mini        2026-04-02 23:00:00
HEATOIL-ICE      2026-04-02 23:00:00
IBEX             2026-04-02 23:00:00
IBEX_mini        2026-04-02 23:00:00
INR              2026-04-02 23:00:00
IRS              2026-04-02 23:00:00
JGB-mini         2026-04-02 23:00:00
JPY              2026-04-02 23:00:00
JPY_mini         2026-04-02 23:00:00
KRWUSD           2026-04-02 23:00:00
LEAD_LME         2026-04-02 23:00:00
REDWHEAT         2026-04-02 23:00:00
HEATOIL          2026-04-02 23:00:00
RICE             2026-04-02 23:00:00
RUSSELL          2026-04-02 23:00:00
RUBBER           2026-04-02 23:00:00
US-ENERGY        2026-04-02 23:00:00
US-HEALTH        2026-04-02 23:00:00
US-INDUSTRY      2026-04-02 23:00:00
US-MATERIAL      2026-04-02 23:00:00
US-REALESTATE    2026-04-02 23:00:00
US-STAPLES       2026-04-02 23:00:00
US-UTILS         2026-04-02 23:00:00
US10*            2026-04-02 23:00:00
US10U            2026-04-02 23:00:00
US2              2026-04-02 23:00:00
US20             2026-04-02 23:00:00
US-DISCRETE      2026-04-02 23:00:00
US3              2026-04-02 23:00:00
US5              2026-04-02 23:00:00
V2X*             2026-04-02 23:00:00
VIX              2026-04-02 23:00:00
VIX_mini         2026-04-02 23:00:00
WHEAT            2026-04-02 23:00:00
WHEAT_ICE        2026-04-02 23:00:00
WHEAT_mini       2026-04-02 23:00:00
WHEY             2026-04-02 23:00:00
YENEUR*          2026-04-02 23:00:00
ZAR              2026-04-02 23:00:00
ZINC_LME         2026-04-02 23:00:00
US30             2026-04-02 23:00:00
ROBUSTA          2026-04-02 23:00:00
TWD-mini         2026-04-02 23:00:00
TIN_LME          2026-04-02 23:00:00
GBPCHF           2026-04-02 23:00:00
RUSSELL_mini     2026-04-02 23:00:00
SARONA           2026-04-02 23:00:00
SEK              2026-04-02 23:00:00
SGD_mini         2026-04-02 23:00:00
SHATZ            2026-04-02 23:00:00
SILVER           2026-04-02 23:00:00
SMI              2026-04-02 23:00:00
SMI-MID          2026-04-02 23:00:00
SOFR             2026-04-02 23:00:00
SONIA3           2026-04-02 23:00:00
TWD              2026-04-02 23:00:00
SOYBEAN          2026-04-02 23:00:00
SOYMEAL          2026-04-02 23:00:00
SOYOIL*          2026-04-02 23:00:00
SP400            2026-04-02 23:00:00
SP500            2026-04-02 23:00:00
SP500_micro*     2026-04-02 23:00:00
SPI200           2026-04-02 23:00:00
STEEL            2026-04-02 23:00:00
SUGAR11          2026-04-02 23:00:00
SUGAR16          2026-04-02 23:00:00
SUGAR_WHITE      2026-04-02 23:00:00
SWISSLEAD        2026-04-02 23:00:00
SOYBEAN_mini     2026-04-02 23:00:00
GBP              2026-04-02 23:00:00
HANGTECH         2026-04-02 23:00:00
GAS_US           2026-04-02 23:00:00
COCOA            2026-04-02 23:00:00
COCOA_LDN        2026-04-02 23:00:00
COFFEE           2026-04-02 23:00:00
COPPER           2026-04-02 23:00:00
COPPER-micro     2026-04-02 23:00:00
COPPER-mini      2026-04-02 23:00:00
COPPER_LME       2026-04-02 23:00:00
CORN             2026-04-02 23:00:00
CORN_mini        2026-04-02 23:00:00
COTTON           2026-04-02 23:00:00
COTTON2          2026-04-02 23:00:00
CRUDE_ICE        2026-04-02 23:00:00
CRUDE_W          2026-04-02 23:00:00
CRUDE_W_micro    2026-04-02 23:00:00
CRUDE_W_mini     2026-04-02 23:00:00
CZK              2026-04-02 23:00:00
DAX              2026-04-02 23:00:00
DOW*             2026-04-02 23:00:00
DOW_mini         2026-04-02 23:00:00
EPRA-EUROPE      2026-04-02 23:00:00
ETHER-micro      2026-04-02 23:00:00
GAS_US_mini*     2026-04-02 23:00:00
EU-AUTO          2026-04-02 23:00:00
EU-BANKS         2026-04-02 23:00:00
EU-BASIC*        2026-04-02 23:00:00
EU-CHEM          2026-04-02 23:00:00
EU-CONSTRUCTION  2026-04-02 23:00:00
COAL-GEORDIE     2026-04-02 23:00:00
COAL             2026-04-02 23:00:00
CHF_micro        2026-04-02 23:00:00
CHFJPY           2026-04-02 23:00:00
AEX_mini         2026-04-02 23:00:00
ALUMINIUM*       2026-04-02 23:00:00
ALUMINIUM_LME    2026-04-02 23:00:00
AUD              2026-04-02 23:00:00
AUDJPY           2026-04-02 23:00:00
AUD_micro*       2026-04-02 23:00:00
BBCOMM           2026-04-02 23:00:00
BITCOIN*         2026-04-02 23:00:00
BOBL             2026-04-02 23:00:00
BONO             2026-04-02 23:00:00
BOVESPA          2026-04-02 23:00:00
BRENT-LAST       2026-04-02 23:00:00
BRENT_W          2026-04-02 23:00:00
EU-DIV30         2026-04-02 23:00:00
BTP              2026-04-02 23:00:00
BUND             2026-04-02 23:00:00
BUTTER           2026-04-02 23:00:00
BUXL             2026-04-02 23:00:00
CAC              2026-04-02 23:00:00
CAD*             2026-04-02 23:00:00
CAD10            2026-04-02 23:00:00
CAD2             2026-04-02 23:00:00
CAD5             2026-04-02 23:00:00
CAD_micro        2026-04-02 23:00:00
CANOLA           2026-04-02 23:00:00
CH10             2026-04-02 23:00:00
CHEESE           2026-04-02 23:00:00
CHF*             2026-04-02 23:00:00
BTP3             2026-04-02 23:00:00
EU-DJ-OIL        2026-04-02 23:00:00
ETHEREUM         2026-04-02 23:00:00
EU-DJ-TELECOM    2026-04-02 23:00:00
EURIBOR          2026-04-02 23:00:00
EURIBOR-ICE      2026-04-02 23:00:00
EU-DJ-TECH       2026-04-02 23:00:00
EUROSTX          2026-04-02 23:00:00
EUROSTX-LARGE    2026-04-02 23:00:00
EUROSTX-SMALL    2026-04-02 23:00:00
EUROSTX200-LARGE 2026-04-02 23:00:00
EUR_micro*       2026-04-02 23:00:00
EUR_mini         2026-04-02 23:00:00
FANG             2026-04-02 23:00:00
FED              2026-04-02 23:00:00
FEEDCOW          2026-04-02 23:00:00
FTSE100          2026-04-02 23:00:00
FTSE250          2026-04-02 23:00:00
FTSEINDO         2026-04-02 23:00:00
GAS-LAST         2026-04-02 23:00:00
GAS-PEN          2026-04-02 23:00:00
GASOIL           2026-04-02 23:00:00
GASOILINE*       2026-04-02 23:00:00
GASOILINE_ICE    2026-04-02 23:00:00
GASOILINE_micro  2026-04-02 23:00:00
EURCHF           2026-04-02 23:00:00
EURCAD           2026-04-02 23:00:00
EURO600          2026-04-02 23:00:00
EUR              2026-04-02 23:00:00
EU-FOOD          2026-04-02 23:00:00
EU-HEALTH        2026-04-02 23:00:00
EU-HOUSE         2026-04-02 23:00:00
EU-INSURE        2026-04-02 23:00:00
EU-DJ-UTIL       2026-04-02 23:00:00
EU-MEDIA         2026-04-02 23:00:00
EURAUD           2026-04-02 23:00:00
EU-MID           2026-04-02 23:00:00
EU-REALESTATE    2026-04-02 23:00:00
EU-RETAIL        2026-04-02 23:00:00
EU-TECH          2026-04-02 23:00:00
EU-OIL*          2026-04-02 23:00:00
EU-TRAVEL        2026-04-02 23:00:00
EU-UTILS         2026-04-02 23:00:00
EUA              2026-04-02 23:00:00
SGD              2026-04-03 02:00:00
MSCITAIWAN       2026-04-03 03:00:00
JP-REALESTATE    2026-04-03 04:00:00
FTSEVIET         2026-04-03 04:00:00
FTSECHINAH       2026-04-03 04:00:00
MUMMY*           2026-04-03 04:00:00
IRON             2026-04-03 04:00:00
KRWUSD_mini      2026-04-03 04:00:00
JGB-SGX-mini     2026-04-03 04:00:00
KR3              2026-04-03 04:00:00
VNKI             2026-04-03 05:00:00
FTSETAIWAN       2026-04-03 05:00:00
KR10*            2026-04-03 05:00:00
TOPIX            2026-04-03 05:00:00
KOSDAQ           2026-04-03 05:00:00
KOSPI_mini       2026-04-03 05:00:00
KOSPI            2026-04-03 05:00:00
MSCISING         2026-04-03 05:00:00
CNH              2026-04-03 05:00:00
NIKKEI           2026-04-03 05:00:00
CHINAA-CON       2026-04-03 05:00:00
JGB              2026-04-03 05:00:00
FTSECHINAA*      2026-04-03 05:00:00
NIKKEI400        2026-04-03 05:00:00
MSCIEAFA         2026-04-03 14:00:00
DX               2026-04-03 16:00:00
MXPUSD           2026-04-03 23:00:00
SGDUSD           2026-04-03 23:00:00
GBPUSD           2026-04-03 23:00:00
SEKUSD           2026-04-03 23:00:00
CNHUSD           2026-04-03 23:00:00
KRWUSD           2026-04-03 23:00:00
CADUSD           2026-04-03 23:00:00
EURUSD           2026-04-03 23:00:00
JPYUSD           2026-04-03 23:00:00
CHFUSD           2026-04-03 23:00:00
HKDUSD           2026-04-03 23:00:00
AUDUSD           2026-04-03 23:00:00


============================================================
           Status of optimal position generation            
============================================================

                                                 last_update
dynamic_TF_carry/SGX              2024-12-02 22:31:28.544775
dynamic_TF_carry/EU-TRAVEL        2026-04-03 22:31:40.920301
dynamic_TF_carry/SGD              2026-04-03 22:31:40.920558
dynamic_TF_carry/LUMBER-new       2026-04-03 22:31:40.920797
dynamic_TF_carry/PLN              2026-04-03 22:31:40.921032
dynamic_TF_carry/CANOLA           2026-04-03 22:31:40.921265
dynamic_TF_carry/EURCAD           2026-04-03 22:31:40.921497
dynamic_TF_carry/GOLD_micro       2026-04-03 22:31:40.921734
dynamic_TF_carry/CHF              2026-04-03 22:31:40.921966
dynamic_TF_carry/US-HEALTH        2026-04-03 22:31:40.922196
dynamic_TF_carry/US-ENERGY        2026-04-03 22:31:40.922425
dynamic_TF_carry/EUA              2026-04-03 22:31:40.922657
dynamic_TF_carry/AUD_micro        2026-04-03 22:31:40.923116
dynamic_TF_carry/GILT             2026-04-03 22:31:40.923346
dynamic_TF_carry/IRON             2026-04-03 22:31:40.923575
dynamic_TF_carry/NIKKEI           2026-04-03 22:31:40.923804
dynamic_TF_carry/US-INDUSTRY      2026-04-03 22:31:40.924033
dynamic_TF_carry/FTSE250          2026-04-03 22:31:40.924262
dynamic_TF_carry/BONO             2026-04-03 22:31:40.924492
dynamic_TF_carry/SOYOIL           2026-04-03 22:31:40.924722
dynamic_TF_carry/NASDAQ_micro     2026-04-03 22:31:40.924951
dynamic_TF_carry/US5              2026-04-03 22:31:40.925180
dynamic_TF_carry/EUROSTX200-LARGE 2026-04-03 22:31:40.925407
dynamic_TF_carry/CLP              2026-04-03 22:31:40.925640
dynamic_TF_carry/MILKDRY          2026-04-03 22:31:40.925870
dynamic_TF_carry/OMX              2026-04-03 22:31:40.926098
dynamic_TF_carry/EPRA-EUROPE      2026-04-03 22:31:40.926326
dynamic_TF_carry/KOSPI            2026-04-03 22:31:40.926556
dynamic_TF_carry/US-UTILS         2026-04-03 22:31:40.926785
dynamic_TF_carry/OATIES           2026-04-03 22:31:40.927013
dynamic_TF_carry/SOYBEAN          2026-04-03 22:31:40.927242
dynamic_TF_carry/LEAD_LME         2026-04-03 22:31:40.927470
dynamic_TF_carry/EU-CHEM          2026-04-03 22:31:40.927700
dynamic_TF_carry/CHINAA-CON       2026-04-03 22:31:40.927929
dynamic_TF_carry/SARONA           2026-04-03 22:31:40.928157
dynamic_TF_carry/ZINC_LME         2026-04-03 22:31:40.928387
dynamic_TF_carry/US30             2026-04-03 22:31:40.928616
dynamic_TF_carry/MXP              2026-04-03 22:31:40.928845
dynamic_TF_carry/NOK              2026-04-03 22:31:40.929074
dynamic_TF_carry/KR3              2026-04-03 22:31:40.929305
dynamic_TF_carry/SP400            2026-04-03 22:31:40.929532
dynamic_TF_carry/OAT              2026-04-03 22:31:40.929766
dynamic_TF_carry/RUSSELL          2026-04-03 22:31:40.929995
dynamic_TF_carry/EU-DJ-TELECOM    2026-04-03 22:31:40.930224
dynamic_TF_carry/EU-MID           2026-04-03 22:31:40.930452
dynamic_TF_carry/FTSE100          2026-04-03 22:31:40.930680
dynamic_TF_carry/EU-DJ-UTIL       2026-04-03 22:31:40.930909
dynamic_TF_carry/US-STAPLES       2026-04-03 22:31:40.931138
dynamic_TF_carry/CH10             2026-04-03 22:31:40.931366
dynamic_TF_carry/LIVECOW          2026-04-03 22:31:40.931595
dynamic_TF_carry/SONIA3           2026-04-03 22:31:40.931824
dynamic_TF_carry/CAC              2026-04-03 22:31:40.932052
dynamic_TF_carry/EUROSTX          2026-04-03 22:31:40.932283
dynamic_TF_carry/EU-INSURE        2026-04-03 22:31:40.932512
dynamic_TF_carry/COTTON           2026-04-03 22:31:40.932741
dynamic_TF_carry/EU-TECH          2026-04-03 22:31:40.932970
dynamic_TF_carry/EURAUD           2026-04-03 22:31:40.933250
dynamic_TF_carry/SP500_micro      2026-04-03 22:31:40.933489
dynamic_TF_carry/KRWUSD           2026-04-03 22:31:40.933727
dynamic_TF_carry/HEATOIL          2026-04-03 22:31:40.933959
dynamic_TF_carry/BUND             2026-04-03 22:31:40.934189
dynamic_TF_carry/EURIBOR          2026-04-03 22:31:40.934419
dynamic_TF_carry/AUDJPY           2026-04-03 22:31:40.934875
dynamic_TF_carry/BBCOMM           2026-04-03 22:31:40.935333
dynamic_TF_carry/NZD              2026-04-03 22:31:40.935565
dynamic_TF_carry/COFFEE           2026-04-03 22:31:40.935795
dynamic_TF_carry/SOYBEAN_mini     2026-04-03 22:31:40.936025
dynamic_TF_carry/SOFR             2026-04-03 22:31:40.936253
dynamic_TF_carry/BRE              2026-04-03 22:31:40.936979
dynamic_TF_carry/CHFJPY           2026-04-03 22:31:40.937208
dynamic_TF_carry/NICKEL_LME       2026-04-03 22:31:40.937438
dynamic_TF_carry/NIKKEI400        2026-04-03 22:31:40.937902
dynamic_TF_carry/REDWHEAT         2026-04-03 22:31:40.938130
dynamic_TF_carry/IRS              2026-04-03 22:31:40.938363
dynamic_TF_carry/EU-REALESTATE    2026-04-03 22:31:40.938595
dynamic_TF_carry/FEEDCOW          2026-04-03 22:31:40.938826
dynamic_TF_carry/BOVESPA          2026-04-03 22:31:40.939089
dynamic_TF_carry/EUR              2026-04-03 22:31:40.939326
dynamic_TF_carry/HANGENT_mini     2026-04-03 22:31:40.939555
dynamic_TF_carry/AUD              2026-04-03 22:31:40.939784
dynamic_TF_carry/BRENT-LAST       2026-04-03 22:31:40.940013
dynamic_TF_carry/EURCHF           2026-04-03 22:31:40.940241
dynamic_TF_carry/SEK              2026-04-03 22:31:40.940469
dynamic_TF_carry/BOBL             2026-04-03 22:31:40.940698
dynamic_TF_carry/EUROSTX-SMALL    2026-04-03 22:31:40.940926
dynamic_TF_carry/JGB              2026-04-03 22:31:40.941379
dynamic_TF_carry/STEEL            2026-04-03 22:31:40.941610
dynamic_TF_carry/KRWUSD_mini      2026-04-03 22:31:40.941838
dynamic_TF_carry/YENEUR           2026-04-03 22:31:40.942068
dynamic_TF_carry/EU-BANKS         2026-04-03 22:31:40.942296
dynamic_TF_carry/CRUDE_W_mini     2026-04-03 22:31:40.942524
dynamic_TF_carry/HANG_mini        2026-04-03 22:31:40.942751
dynamic_TF_carry/LEANHOG          2026-04-03 22:31:40.942979
dynamic_TF_carry/ZAR              2026-04-03 22:31:40.943207
dynamic_TF_carry/TWD              2026-04-03 22:31:40.943436
dynamic_TF_carry/PALLAD           2026-04-03 22:31:40.943664
dynamic_TF_carry/CAD2             2026-04-03 22:31:40.944119
dynamic_TF_carry/MSCIASIA         2026-04-03 22:31:40.944346
dynamic_TF_carry/DOW              2026-04-03 22:31:40.944574
dynamic_TF_carry/MSCIEMASIA       2026-04-03 22:31:40.944801
dynamic_TF_carry/US10U            2026-04-03 22:31:40.945029
dynamic_TF_carry/FTSECHINAA       2026-04-03 22:31:40.945257
dynamic_TF_carry/VIX              2026-04-03 22:31:40.945485
dynamic_TF_carry/COCOA            2026-04-03 22:31:40.945719
dynamic_TF_carry/EUROSTX-LARGE    2026-04-03 22:31:40.945947
dynamic_TF_carry/SWISSLEAD        2026-04-03 22:31:40.946175
dynamic_TF_carry/BITCOIN          2026-04-03 22:31:40.946402
dynamic_TF_carry/COAL-GEORDIE     2026-04-03 22:31:40.946631
dynamic_TF_carry/TOPIX            2026-04-03 22:31:40.946858
dynamic_TF_carry/WHEAT_ICE        2026-04-03 22:31:40.947086
dynamic_TF_carry/VNKI             2026-04-03 22:31:40.947312
dynamic_TF_carry/ETHEREUM         2026-04-03 22:31:40.947539
dynamic_TF_carry/EU-UTILS         2026-04-03 22:31:40.947992
dynamic_TF_carry/CAD5             2026-04-03 22:31:40.948219
dynamic_TF_carry/BUXL             2026-04-03 22:31:40.948445
dynamic_TF_carry/GBP              2026-04-03 22:31:40.948673
dynamic_TF_carry/COCOA_LDN        2026-04-03 22:31:40.948900
dynamic_TF_carry/CAD10            2026-04-03 22:31:40.949128
dynamic_TF_carry/MILLWHEAT        2026-04-03 22:31:40.949355
dynamic_TF_carry/SHATZ            2026-04-03 22:31:40.949588
dynamic_TF_carry/JPY              2026-04-03 22:31:40.949816
dynamic_TF_carry/COPPER_LME       2026-04-03 22:31:40.950044
dynamic_TF_carry/GAS_US_mini      2026-04-03 22:31:40.950273
dynamic_TF_carry/US10             2026-04-03 22:31:40.950502
dynamic_TF_carry/EU-DIV30         2026-04-03 22:31:40.950957
dynamic_TF_carry/WHEAT            2026-04-03 22:31:40.951413
dynamic_TF_carry/SILVER           2026-04-03 22:31:40.951640
dynamic_TF_carry/SUGAR_WHITE      2026-04-03 22:31:40.951868
dynamic_TF_carry/US-REALESTATE    2026-04-03 22:31:40.952095
dynamic_TF_carry/ALUMINIUM        2026-04-03 22:31:40.952323
dynamic_TF_carry/DAX              2026-04-03 22:31:40.952551
dynamic_TF_carry/EUR_micro        2026-04-03 22:31:40.952779
dynamic_TF_carry/RUBBER           2026-04-03 22:31:40.953008
dynamic_TF_carry/CRUDE_W_micro    2026-04-03 22:31:40.953235
dynamic_TF_carry/GASOILINE        2026-04-03 22:31:40.953462
dynamic_TF_carry/MSCISING         2026-04-03 22:31:40.953694
dynamic_TF_carry/EU-CONSTRUCTION  2026-04-03 22:31:40.953922
dynamic_TF_carry/KR10             2026-04-03 22:31:40.954149
dynamic_TF_carry/SUGAR11          2026-04-03 22:31:40.954376
dynamic_TF_carry/COPPER-micro     2026-04-03 22:31:40.954604
dynamic_TF_carry/KOSDAQ           2026-04-03 22:31:40.954834
dynamic_TF_carry/TIN_LME          2026-04-03 22:31:40.955063
dynamic_TF_carry/DX               2026-04-03 22:31:40.955290
dynamic_TF_carry/KOSPI_mini       2026-04-03 22:31:40.955519
dynamic_TF_carry/EU-HOUSE         2026-04-03 22:31:40.955747
dynamic_TF_carry/FTSEVIET         2026-04-03 22:31:40.955976
dynamic_TF_carry/FANG             2026-04-03 22:31:40.956433
dynamic_TF_carry/EU-AUTO          2026-04-03 22:31:40.956661
dynamic_TF_carry/US-DISCRETE      2026-04-03 22:31:40.956889
dynamic_TF_carry/MSCITAIWAN       2026-04-03 22:31:40.957116
dynamic_TF_carry/JP-REALESTATE    2026-04-03 22:31:40.957342
dynamic_TF_carry/MUMMY            2026-04-03 22:31:40.957573
dynamic_TF_carry/COPPER           2026-04-03 22:31:40.957800
dynamic_TF_carry/COAL             2026-04-03 22:31:40.958028
dynamic_TF_carry/EURIBOR-ICE      2026-04-03 22:31:40.958256
dynamic_TF_carry/INR              2026-04-03 22:31:40.958483
dynamic_TF_carry/US20             2026-04-03 22:31:40.958711
dynamic_TF_carry/SMI-MID          2026-04-03 22:31:40.958938
dynamic_TF_carry/R1000            2026-04-03 22:31:40.959166
dynamic_TF_carry/EU-MEDIA         2026-04-03 22:31:40.959393
dynamic_TF_carry/HANGTECH         2026-04-03 22:31:40.959620
dynamic_TF_carry/IG               2026-04-03 22:31:40.959848
dynamic_TF_carry/MSCIEAFA         2026-04-03 22:31:40.960075
dynamic_TF_carry/SUGAR16          2026-04-03 22:31:40.960304
dynamic_TF_carry/FED              2026-04-03 22:31:40.960531
dynamic_TF_carry/SMI              2026-04-03 22:31:40.960759
dynamic_TF_carry/SPI200           2026-04-03 22:31:40.960985
dynamic_TF_carry/EU-BASIC         2026-04-03 22:31:40.961212
dynamic_TF_carry/GBPEUR           2026-04-03 22:31:40.961440
dynamic_TF_carry/GBPCHF           2026-04-03 22:31:40.961670
dynamic_TF_carry/CNH              2026-04-03 22:31:40.961897
dynamic_TF_carry/V2X              2026-04-03 22:31:40.962123
dynamic_TF_carry/BRENT_W          2026-04-03 22:31:40.962369
dynamic_TF_carry/CHEESE           2026-04-03 22:31:40.962597
dynamic_TF_carry/GBPJPY           2026-04-03 22:31:40.962823
dynamic_TF_carry/IBEX_mini        2026-04-03 22:31:40.963050
dynamic_TF_carry/CZK              2026-04-03 22:31:40.963278
dynamic_TF_carry/HOUSE-US         2026-04-03 22:31:40.963504
dynamic_TF_carry/GICS             2026-04-03 22:31:40.963730
dynamic_TF_carry/PLAT             2026-04-03 22:31:40.963958
dynamic_TF_carry/CAD              2026-04-03 22:31:40.964185
dynamic_TF_carry/MILKWET          2026-04-03 22:31:40.964411
dynamic_TF_carry/COTTON2          2026-04-03 22:31:40.964637
dynamic_TF_carry/BTP3             2026-04-03 22:31:40.964863
dynamic_TF_carry/CORN             2026-04-03 22:31:40.965090
dynamic_TF_carry/GAS-LAST         2026-04-03 22:31:40.965317
dynamic_TF_carry/GASOIL           2026-04-03 22:31:40.965543
dynamic_TF_carry/AEX              2026-04-03 22:31:40.965774
dynamic_TF_carry/SOYMEAL          2026-04-03 22:31:40.966003
dynamic_TF_carry/US3              2026-04-03 22:31:40.966230
dynamic_TF_carry/WHEY             2026-04-03 22:31:40.966456
dynamic_TF_carry/FTSETAIWAN       2026-04-03 22:31:40.966686
dynamic_TF_carry/OJ               2026-04-03 22:31:40.966914
dynamic_TF_carry/BUTTER           2026-04-03 22:31:40.967142
dynamic_TF_carry/MILK             2026-04-03 22:31:40.967370
dynamic_TF_carry/EU-RETAIL        2026-04-03 22:31:40.967597
dynamic_TF_carry/FTSECHINAH       2026-04-03 22:31:40.967825
dynamic_TF_carry/US-MATERIAL      2026-04-03 22:31:40.968052
dynamic_TF_carry/EU-FOOD          2026-04-03 22:31:40.968280
dynamic_TF_carry/CRUDE_ICE        2026-04-03 22:31:40.968506
dynamic_TF_carry/GAS-PEN          2026-04-03 22:31:40.968733
dynamic_TF_carry/MSCIWORLD        2026-04-03 22:31:40.968960
dynamic_TF_carry/EU-OIL           2026-04-03 22:31:40.969187
dynamic_TF_carry/MIB              2026-04-03 22:31:40.969414
dynamic_TF_carry/BTP              2026-04-03 22:31:40.969646
dynamic_TF_carry/FTSEINDO         2026-04-03 22:31:40.969875
dynamic_TF_carry/RICE             2026-04-03 22:31:40.970329
dynamic_TF_carry/HIGHYIELD        2026-04-03 22:31:40.970557
dynamic_TF_carry/EU-HEALTH        2026-04-03 22:31:40.971010
dynamic_TF_carry/JGB-SGX-mini     2026-04-03 22:31:40.971238
dynamic_TF_carry/EURO600          2026-04-03 22:31:40.971464
dynamic_TF_carry/ROBUSTA          2026-04-03 22:31:40.971692
dynamic_TF_carry/US2              2026-04-03 22:31:40.971918


======================================================================================================================
                                                Status of trade limits                                                
======================================================================================================================

                   period_days  trade_limit  trades_since_last_reset  trade_capacity_remaining   time_since_last_reset
 JPY                        14            4                      2.0                       2.0  8 days 07:58:40.705368
 GBP                        30            6                      4.0                       2.0 29 days 07:58:55.385874
 JPY                        30            5                      2.0                       3.0  8 days 07:58:40.706883
 EU-MEDIA                    1            4                      0.0                       4.0  0 days 00:00:00.000002
 EU-HOUSE                    1            4                      0.0                       4.0  0 days 00:00:00.000002
 EU-DJ-UTIL                  1            4                      0.0                       4.0  0 days 00:00:00.000002
 EU-DJ-TELECOM               1            4                      0.0                       4.0  0 days 00:00:00.000001
 EU-DJ-TECH                  1            4                      0.0                       4.0  0 days 00:00:00.000001
 EU-DJ-OIL                   1            4                      0.0                       4.0  0 days 00:00:00.000002
 EU-CONSTRUCTION             1            4                      0.0                       4.0  0 days 00:00:00.000002
 CZK                         1            4                      0.0                       4.0  0 days 00:00:00.000001
 COTTON                      1            4                      0.0                       4.0  0 days 00:00:00.000001
 CORN                        1            4                      0.0                       4.0  0 days 00:00:00.000003
 EU-MID                      1            4                      0.0                       4.0  0 days 00:00:00.000001
 CLP                         1            4                      0.0                       4.0  0 days 00:00:00.000001
 CH10                        1            4                      0.0                       4.0  0 days 00:00:00.000001
 BUTTER                      1            4                      0.0                       4.0  0 days 00:00:00.000001
 BOVESPA                     1            4                      0.0                       4.0  0 days 00:00:00.000001
 BEL20                       1            4                      0.0                       4.0  0 days 00:00:00.000002
 ALUMINIUM                   1            4                      0.0                       4.0  0 days 00:00:00.000001
 YENEUR                     30            4                      0.0                       4.0  8 days 07:58:47.817211
 US30                       30            4                      0.0                       4.0  0 days 00:00:00.000001
 COPPER-mini                 1            4                      0.0                       4.0  0 days 00:00:00.000002
 CNH-onshore                 1            4                      0.0                       4.0  0 days 00:00:00.000002
 EU-REALESTATE               1            4                      0.0                       4.0  0 days 00:00:00.000001
 EURCHF                      1            4                      0.0                       4.0  0 days 00:00:00.000002
 US-HEALTH                   1            4                      0.0                       4.0  0 days 00:00:00.000002
 US-ENERGY                   1            4                      0.0                       4.0  0 days 00:00:00.000002
 US-DISCRETE                 1            4                      0.0                       4.0  0 days 00:00:00.000002
 SMI-MID                     1            4                      0.0                       4.0  0 days 00:00:00.000001
 SGX                         1            4                      0.0                       4.0  0 days 00:00:00.000001
 SGD                         1            4                      0.0                       4.0  0 days 00:00:00.000002
 OMX                         1            4                      0.0                       4.0  0 days 00:00:00.000001
 MSCIASIA                    1            4                      0.0                       4.0  0 days 00:00:00.000001
 MILKWET                     1            4                      0.0                       4.0  0 days 00:00:00.000001
 MILKDRY                     1            4                      0.0                       4.0  0 days 00:00:00.000001
 MID-DAX                     1            4                      0.0                       4.0  0 days 00:00:00.000002
 JP-REALESTATE               1            4                      0.0                       4.0  0 days 00:00:00.000002
 JGB-SGX-mini                1            4                      0.0                       4.0  0 days 00:00:00.000001
 IRS                         1            4                      0.0                       4.0  0 days 00:00:00.000001
 FTSEINDO                    1            4                      0.0                       4.0  0 days 00:00:00.000002
 EUROSTX200-LARGE            1            4                      0.0                       4.0  0 days 00:00:00.000002
 EUROSTX-SMALL               1            4                      0.0                       4.0  0 days 00:00:00.000001
 EUROSTX-LARGE               1            4                      0.0                       4.0  0 days 00:00:00.000001
 EURIBOR                     1            4                      0.0                       4.0  0 days 00:00:00.000002
 US3                        30            4                      0.0                       4.0  0 days 00:00:00.000002
 US10U                      30            4                      0.0                       4.0  0 days 00:00:00.000002
 SEK                        30            4                      0.0                       4.0  0 days 00:00:00.000001
 US-INDUSTRY                 1            4                      0.0                       4.0  0 days 00:00:00.000001
 GBPEUR                     14            4                      0.0                       4.0  0 days 00:00:00.000002
 GAS-LAST                   14            4                      0.0                       4.0  0 days 00:00:00.000001
 FTSETAIWAN                 14            4                      0.0                       4.0  0 days 00:00:00.000001
 EU-TECH                    14            4                      0.0                       4.0  0 days 00:00:00.000001
 EU-CHEM                    14            4                      0.0                       4.0  0 days 00:00:00.000002
 ETHEREUM                   14            4                      0.0                       4.0  0 days 00:00:00.000001
 CNH                        14            4                      0.0                       4.0  0 days 00:00:00.000001
 BUXL                       14            4                      0.0                       4.0  0 days 00:00:00.000002
 BTP3                       14            4                      0.0                       4.0  0 days 00:00:00.000001
 BRENT-LAST                 14            4                      0.0                       4.0  0 days 00:00:00.000002
 BONO                       14            4                      0.0                       4.0  0 days 00:00:00.000001
 YENEUR                      1            4                      0.0                       4.0  0 days 00:00:00.000002
 US3                         1            4                      0.0                       4.0  0 days 00:00:00.000001
 US10U                       1            4                      0.0                       4.0  0 days 00:00:00.000001
 US-REALESTATE               1            4                      0.0                       4.0  0 days 00:00:00.000001
 TOPIX                       1            4                      0.0                       4.0  0 days 00:00:00.000002
 SP400                       1            4                      0.0                       4.0  0 days 00:00:00.000001
 SEK                         1            4                      0.0                       4.0  0 days 00:00:00.000001
 RUSSELL                     1            4                      0.0                       4.0  0 days 00:00:00.000001
 HEATOIL                    14            4                      0.0                       4.0  0 days 00:00:00.000001
 JGB                        14            4                      0.0                       4.0  0 days 00:00:00.000002
 ZAR                         1            4                      0.0                       4.0  0 days 00:00:00.000001
 NOK                        14            4                      0.0                       4.0  0 days 00:00:00.000002
 NOK                        30            4                      0.0                       4.0  0 days 00:00:00.000001
 JGB                        30            4                      0.0                       4.0  0 days 00:00:00.000002
 HEATOIL                    30            4                      0.0                       4.0  0 days 00:00:00.000001
 GBPEUR                     30            4                      0.0                       4.0  0 days 00:00:00.000001
 GASOILINE                  30            4                      0.0                       4.0 17 days 08:58:47.030070
 GAS-LAST                   30            4                      0.0                       4.0  0 days 00:00:00.000001
 ETHEREUM                   30            4                      0.0                       4.0  0 days 00:00:00.000002
 CHF                        30            4                      0.0                       4.0 14 days 07:58:55.945964
 BUXL                       30            4                      0.0                       4.0  0 days 00:00:00.000001
 SP400                      30            4                      0.0                       4.0  0 days 00:00:00.000001
 BTP3                       30            4                      0.0                       4.0  0 days 00:00:00.000002
 BONO                       30            4                      0.0                       4.0  0 days 00:00:00.000002
 YENEUR                     14            4                      0.0                       4.0  8 days 07:58:47.819924
 US30                       14            4                      0.0                       4.0  0 days 00:00:00.000002
 US3                        14            4                      0.0                       4.0  0 days 00:00:00.000002
 US10U                      14            4                      0.0                       4.0  0 days 00:00:00.000001
 SP400                      14            4                      0.0                       4.0  0 days 00:00:00.000002
 SEK                        14            4                      0.0                       4.0  0 days 00:00:00.000001
 REDWHEAT                   14            4                      0.0                       4.0  0 days 00:00:00.000002
