
********************************************************************************
                   Status report produced on 15/05/2026 22:55                   
********************************************************************************



=============================================================================================
                                       Delayed methods                                       
=============================================================================================

               process_name              last_start                last_end currently_running
backup_files    run_backups 2026-05-12 22:54:08.137 2026-05-12 22:54:58.157             False
backup_parquet  run_backups 2026-05-12 22:54:58.159 2026-05-12 22:56:57.548             False


===============================
 Delayed adjusted / FX prices  
===============================

                    last_update
SGX         2026-03-02 23:00:02
CNH-onshore 2026-05-11 23:00:00


===============================================
           Delayed optimal positions           
===============================================

                                    last_update
dynamic_TF_carry/SGX 2024-12-02 22:31:28.544775

Instruments at trade limit: No constraints

================================================
         Instruments at position limit          
================================================

                 keys  position pos_limit  spare
0             SUGAR16         0         0      0
132              CH10         0         0      0
130           HEATOIL         0         0      0
125           TIN_LME         0         0      0
123             SP400         0         0      0
118            GBPCHF         0         0      0
117            EURCAD         0         0      0
116          ETHEREUM         0         0      0
115       EPRA-EUROPE         0         0      0
113            CHFJPY         0         0      0
111     GASOILINE_ICE         0         0      0
136         SWISSLEAD         0         0      0
107          HOUSE-US         0         0      0
98            MILKWET         0         0      0
97      EU-DJ-TELECOM         0         0      0
85                PLN         0         0      0
80          GOLD-mini         0         0      0
76        CNH-onshore         0         0      0
73             NASDAQ         0         0      0
71   EUROSTX200-LARGE         0         0      0
70          CRUDE_ICE         0         0      0
67        HEATOIL-ICE         0         0      0
58             AUDJPY         0         0      0
99           TWD-mini         0         0      0
137               MIB         0         0      0
138     EUROSTX-LARGE         0         0      0
142           MILKDRY         0         0      0
241          EU-HOUSE         0         0      0
237           GAS-PEN         0         0      0
232        MSCIEMASIA         1         1      0
224        EU-DJ-TECH         0         0      0
223              WHEY         0         0      0
219            COTTON         0         0      0
210        COPPER_LME         0         0      0
204              GOLD         0         0      0
203               CLP         0         0      0
197              BONO         0         0      0
194   GASOILINE_micro         0         0      0
187               CZK         0         0      0
185          AEX_mini         0         0      0
176          FTSEINDO         0         0      0
174          SGD_mini         0         0      0
170            BUTTER         0         0      0
168               NOK         0         0      0
164              VNKI         0         0      0
157               SGD         0         0      0
156               OMX         0         0      0
154            GBPJPY         0         0      0
152         EU-DJ-OIL         0         0      0
145              GICS         0         0      0
54           JPY_mini         0         0      0
53       COAL-GEORDIE         0         0      0
122            KRWUSD         0         0      0
244               IRS         0         0      0
21             PALLAD         0         0      0
23        COPPER-mini         0         0      0
11          GASOILINE         1         1      0
26                SGX         0         0      0
30             EURAUD         0         0      0
25              KOSPI         0         0      0
1                COAL         0         0      0
4            MSCIEAFA         1         1      0
19            BOVESPA         0         0      0


=========================================================
         Overrides in database consider deleting         
=========================================================

                                                 override
NICKEL_LME             Override Close because in database
MILKDRY          Override Reduce only because in database
GOLD-mini        Override Reduce only because in database
VIX_mini         Override Reduce only because in database
GAS_US_mini      Override Reduce only because in database
OATIES           Override Reduce only because in database
STEEL            Override Reduce only because in database
SGD              Override Reduce only because in database
CNH-onshore      Override Reduce only because in database
TWD-mini         Override Reduce only because in database
CRUDE_W_mini     Override Reduce only because in database
COAL             Override Reduce only because in database
GASOILINE_micro  Override Reduce only because in database
KRWUSD           Override Reduce only because in database
SPI200           Override Reduce only because in database
FTSEINDO         Override Reduce only because in database
FTSECHINAA       Override Reduce only because in database
FTSE100          Override Reduce only because in database
FTSETAIWAN       Override Reduce only because in database
HOUSE-US         Override Reduce only because in database
DX               Override Reduce only because in database
INR              Override Reduce only because in database
SGX              Override Reduce only because in database
FTSEVIET         Override Reduce only because in database
VNKI             Override Reduce only because in database
US30             Override Reduce only because in database
JGB-SGX-mini     Override Reduce only because in database
FTSECHINAH       Override Reduce only because in database
BRE              Override Reduce only because in database
US10U            Override Reduce only because in database
JGB-mini         Override Reduce only because in database
US10             Override Reduce only because in database
MSCISING         Override Reduce only because in database
US20             Override Reduce only because in database
GAS-PEN          Override Reduce only because in database
HANG             Override Reduce only because in database
GAS-LAST         Override Reduce only because in database
CLP              Override Reduce only because in database
MSCITAIWAN       Override Reduce only because in database
HANGTECH         Override Reduce only because in database
HANGENT          Override Reduce only because in database

Locked instruments (position mismatch): []

==============================================
Status of adjusted price / FX price collection
==============================================

                         last_update
SGX              2026-03-02 23:00:02
CNH-onshore      2026-05-11 23:00:00
MILKWET          2026-05-14 23:00:00
CLP              2026-05-14 23:00:00
COAL-GEORDIE     2026-05-14 23:00:00
OMX              2026-05-14 23:00:00
SGD_mini         2026-05-14 23:00:00
MSCIWORLD        2026-05-14 23:00:00
COTTON           2026-05-14 23:00:00
CZK              2026-05-14 23:00:00
MILKDRY          2026-05-14 23:00:00
EPRA-EUROPE      2026-05-14 23:00:00
SUGAR16          2026-05-14 23:00:00
CHFJPY           2026-05-14 23:00:00
IRS              2026-05-14 23:00:00
TIN_LME          2026-05-14 23:00:00
GASOILINE_micro  2026-05-14 23:00:00
GBPCHF           2026-05-14 23:00:00
HOUSE-US         2026-05-14 23:00:00
EUROSTX-LARGE    2026-05-14 23:00:00
TWD-mini         2026-05-14 23:00:00
PLN              2026-05-14 23:00:00
BOVESPA          2026-05-14 23:00:00
VNKI             2026-05-15 02:00:00
SGD              2026-05-15 03:00:00
HANGENT_mini     2026-05-15 04:00:00
HANG             2026-05-15 04:00:00
HANG_mini        2026-05-15 04:00:00
JP-REALESTATE    2026-05-15 04:00:00
FTSECHINAH       2026-05-15 04:00:00
FTSEINDO         2026-05-15 04:00:00
HANGENT          2026-05-15 04:00:00
HANGTECH         2026-05-15 04:00:00
SPI200           2026-05-15 04:00:00
TWD              2026-05-15 04:00:00
CHINAA-CON       2026-05-15 04:00:00
JGB-mini         2026-05-15 04:30:00
IRON             2026-05-15 05:00:00
KOSPI_mini       2026-05-15 05:00:00
KR10*            2026-05-15 05:00:00
KR3              2026-05-15 05:00:00
KRWUSD_mini      2026-05-15 05:00:00
TOPIX*           2026-05-15 05:00:00
JGB-SGX-mini     2026-05-15 05:00:00
MSCISING         2026-05-15 05:00:00
KOSPI            2026-05-15 05:00:00
MSCITAIWAN       2026-05-15 05:00:00
KOSDAQ*          2026-05-15 05:00:00
MUMMY*           2026-05-15 05:00:00
CNH              2026-05-15 05:00:00
RUBBER*          2026-05-15 05:00:00
FTSECHINAA       2026-05-15 05:00:00
NIKKEI           2026-05-15 05:00:00
NIKKEI400        2026-05-15 05:00:00
JGB              2026-05-15 05:00:00
FTSEVIET         2026-05-15 05:00:00
FTSETAIWAN       2026-05-15 05:00:00
CH10             2026-05-15 07:30:00
EU-DJ-OIL        2026-05-15 08:00:00
EU-DJ-TELECOM    2026-05-15 13:00:00
BRENT_W          2026-05-15 15:00:00
IBEX             2026-05-15 15:00:00
HEATOIL-ICE      2026-05-15 15:00:00
IBEX_mini        2026-05-15 15:00:00
EUA              2026-05-15 15:00:00
ROBUSTA          2026-05-15 15:00:00
EURIBOR-ICE      2026-05-15 15:00:00
EU-TRAVEL        2026-05-15 15:00:00
EUROSTX-SMALL    2026-05-15 15:00:00
EUROSTX200-LARGE 2026-05-15 15:00:00
AUDJPY           2026-05-15 15:00:00
GILT             2026-05-15 15:00:00
WHEAT_ICE        2026-05-15 15:00:00
ALUMINIUM_LME    2026-05-15 15:00:00
FTSE100          2026-05-15 15:00:00
FTSE250          2026-05-15 15:00:00
ZINC_LME         2026-05-15 15:00:00
AEX_mini         2026-05-15 15:00:00
EURIBOR          2026-05-15 15:00:00
BONO             2026-05-15 15:00:00
EU-DJ-UTIL       2026-05-15 15:00:00
EU-REALESTATE    2026-05-15 15:00:00
COAL             2026-05-15 15:00:00
SARONA           2026-05-15 15:00:00
COCOA_LDN        2026-05-15 15:00:00
NICKEL_LME       2026-05-15 15:00:00
COPPER_LME       2026-05-15 15:00:00
CRUDE_ICE        2026-05-15 15:00:00
MSCIASIA         2026-05-15 15:00:00
MILLWHEAT        2026-05-15 15:00:00
EU-TECH          2026-05-15 15:00:00
GASOILINE_ICE    2026-05-15 15:00:00
GASOIL           2026-05-15 15:00:00
SONIA3           2026-05-15 15:00:00
MIB              2026-05-15 15:00:00
LEAD_LME         2026-05-15 15:00:00
SUGAR_WHITE      2026-05-15 15:00:00
EU-DIV30         2026-05-15 15:00:00
EU-HEALTH        2026-05-15 15:00:00
EU-HOUSE         2026-05-15 15:00:00
EU-MEDIA         2026-05-15 15:00:00
EU-MID           2026-05-15 15:00:00
SWISSLEAD        2026-05-15 15:00:00
GBPJPY           2026-05-15 16:00:00
SMI              2026-05-15 16:00:00
SHATZ            2026-05-15 16:00:00
OAT              2026-05-15 16:00:00
V2X*             2026-05-15 16:00:00
SMI-MID          2026-05-15 16:00:00
AEX              2026-05-15 16:00:00
EU-BANKS         2026-05-15 16:00:00
EU-BASIC*        2026-05-15 16:00:00
EU-AUTO          2026-05-15 16:00:00
EURO600          2026-05-15 16:00:00
EUROSTX          2026-05-15 16:00:00
EU-RETAIL        2026-05-15 16:00:00
EU-OIL*          2026-05-15 16:00:00
BOBL             2026-05-15 16:00:00
EU-INSURE        2026-05-15 16:00:00
CAC              2026-05-15 16:00:00
EU-FOOD          2026-05-15 16:00:00
EU-DJ-TECH       2026-05-15 16:00:00
DAX*             2026-05-15 16:00:00
EU-CONSTRUCTION  2026-05-15 16:00:00
BTP              2026-05-15 16:00:00
BUXL             2026-05-15 16:00:00
EU-CHEM          2026-05-15 16:00:00
BTP3             2026-05-15 16:00:00
BUND*            2026-05-15 16:00:00
EU-UTILS         2026-05-15 16:00:00
MSCIEMASIA*      2026-05-15 17:00:00
KRWUSD           2026-05-15 17:00:00
EURAUD           2026-05-15 17:00:00
EURCAD           2026-05-15 17:00:00
SUGAR11          2026-05-15 17:00:00
GICS             2026-05-15 17:00:00
WHEY             2026-05-15 17:00:00
GAS-PEN*         2026-05-15 18:00:00
CAD5             2026-05-15 18:00:00
INR              2026-05-15 18:00:00
CAD10*           2026-05-15 18:00:00
COCOA            2026-05-15 18:00:00
WHEAT_mini       2026-05-15 18:00:00
COFFEE           2026-05-15 18:00:00
OJ               2026-05-15 18:00:00
ALUMINIUM        2026-05-15 18:00:00
R1000            2026-05-15 18:00:00
CAD2             2026-05-15 18:00:00
REDWHEAT         2026-05-15 19:00:00
SOYBEAN_mini     2026-05-15 19:00:00
COTTON2          2026-05-15 19:00:00
RICE             2026-05-15 19:00:00
CORN_mini        2026-05-15 19:00:00
CORN*            2026-05-15 19:00:00
COPPER-mini      2026-05-15 19:00:00
STEEL            2026-05-15 19:00:00
MILK             2026-05-15 19:00:00
OATIES           2026-05-15 19:00:00
SOYBEAN          2026-05-15 19:00:00
GAS-LAST         2026-05-15 19:00:00
FEEDCOW          2026-05-15 19:00:00
SOYMEAL          2026-05-15 19:00:00
FED              2026-05-15 19:00:00
FANG             2026-05-15 19:00:00
WHEAT            2026-05-15 19:00:00
SOYOIL           2026-05-15 19:00:00
SILVER           2026-05-15 19:00:00
BUTTER           2026-05-15 19:00:00
BBCOMM           2026-05-15 19:00:00
SEK              2026-05-15 19:00:00
CANOLA*          2026-05-15 19:00:00
JPY_mini         2026-05-15 19:00:00
ETHER-micro      2026-05-15 19:00:00
CHEESE           2026-05-15 19:00:00
LEANHOG*         2026-05-15 19:00:00
LIVECOW*         2026-05-15 19:00:00
SP500_micro      2026-05-15 20:00:00
SP400            2026-05-15 20:00:00
SP500            2026-05-15 20:00:00
GASOILINE*       2026-05-15 20:00:00
BRE              2026-05-15 20:00:00
ZAR              2026-05-15 20:00:00
YENEUR           2026-05-15 20:00:00
AUD              2026-05-15 20:00:00
AUD_micro*       2026-05-15 20:00:00
VIX_mini         2026-05-15 20:00:00
VIX              2026-05-15 20:00:00
US5              2026-05-15 20:00:00
US30             2026-05-15 20:00:00
US3              2026-05-15 20:00:00
US20             2026-05-15 20:00:00
US2              2026-05-15 20:00:00
US10U            2026-05-15 20:00:00
US10             2026-05-15 20:00:00
US-UTILS         2026-05-15 20:00:00
US-REALESTATE    2026-05-15 20:00:00
US-MATERIAL      2026-05-15 20:00:00
US-INDUSTRY      2026-05-15 20:00:00
US-HEALTH        2026-05-15 20:00:00
US-ENERGY        2026-05-15 20:00:00
US-DISCRETE      2026-05-15 20:00:00
BITCOIN*         2026-05-15 20:00:00
BRENT-LAST       2026-05-15 20:00:00
US-STAPLES       2026-05-15 20:00:00
CHF_micro        2026-05-15 20:00:00
CAD              2026-05-15 20:00:00
ETHEREUM         2026-05-15 20:00:00
JPY*             2026-05-15 20:00:00
IG               2026-05-15 20:00:00
SOFR             2026-05-15 20:00:00
HIGHYIELD        2026-05-15 20:00:00
HEATOIL          2026-05-15 20:00:00
EURCHF           2026-05-15 20:00:00
EUR_micro        2026-05-15 20:00:00
GOLD_micro       2026-05-15 20:00:00
GOLD-mini        2026-05-15 20:00:00
GOLD             2026-05-15 20:00:00
EUR_mini         2026-05-15 20:00:00
GBP_micro        2026-05-15 20:00:00
GBPEUR           2026-05-15 20:00:00
GBP*             2026-05-15 20:00:00
GAS_US_mini      2026-05-15 20:00:00
GAS_US           2026-05-15 20:00:00
DX               2026-05-15 20:00:00
LUMBER-new       2026-05-15 20:00:00
EUR              2026-05-15 20:00:00
DOW*             2026-05-15 20:00:00
CAD_micro        2026-05-15 20:00:00
RUSSELL_mini     2026-05-15 20:00:00
RUSSELL*         2026-05-15 20:00:00
DOW_mini         2026-05-15 20:00:00
PLAT             2026-05-15 20:00:00
PALLAD           2026-05-15 20:00:00
NZD*             2026-05-15 20:00:00
NOK              2026-05-15 20:00:00
COPPER           2026-05-15 20:00:00
CHF              2026-05-15 20:00:00
NASDAQ_micro     2026-05-15 20:00:00
NASDAQ           2026-05-15 20:00:00
MXP*             2026-05-15 20:00:00
CRUDE_W          2026-05-15 20:00:00
MSCIEAFA*        2026-05-15 20:00:00
CRUDE_W_micro    2026-05-15 20:00:00
CRUDE_W_mini     2026-05-15 20:00:00
COPPER-micro     2026-05-15 20:00:00
CADUSD           2026-05-15 23:00:00
JPYUSD           2026-05-15 23:00:00
CNHUSD           2026-05-15 23:00:00
AUDUSD           2026-05-15 23:00:00
KRWUSD           2026-05-15 23:00:00
GBPUSD           2026-05-15 23:00:00
EURUSD           2026-05-15 23:00:00
MXPUSD           2026-05-15 23:00:00
SGDUSD           2026-05-15 23:00:00
HKDUSD           2026-05-15 23:00:00
CHFUSD           2026-05-15 23:00:00
SEKUSD           2026-05-15 23:00:00


============================================================
           Status of optimal position generation            
============================================================

                                                 last_update
dynamic_TF_carry/SGX              2024-12-02 22:31:28.544775
dynamic_TF_carry/US-REALESTATE    2026-05-15 22:31:30.681278
dynamic_TF_carry/MIB              2026-05-15 22:31:30.681503
dynamic_TF_carry/TWD              2026-05-15 22:31:30.681714
dynamic_TF_carry/CORN             2026-05-15 22:31:30.681920
dynamic_TF_carry/EU-CONSTRUCTION  2026-05-15 22:31:30.682125
dynamic_TF_carry/EURCAD           2026-05-15 22:31:30.682330
dynamic_TF_carry/SONIA3           2026-05-15 22:31:30.682534
dynamic_TF_carry/JGB-SGX-mini     2026-05-15 22:31:30.682737
dynamic_TF_carry/SOYBEAN_mini     2026-05-15 22:31:30.682940
dynamic_TF_carry/CAD10            2026-05-15 22:31:30.683141
dynamic_TF_carry/EU-DJ-UTIL       2026-05-15 22:31:30.683344
dynamic_TF_carry/EU-RETAIL        2026-05-15 22:31:30.683748
dynamic_TF_carry/GASOIL           2026-05-15 22:31:30.683949
dynamic_TF_carry/GASOILINE        2026-05-15 22:31:30.684155
dynamic_TF_carry/BITCOIN          2026-05-15 22:31:30.684358
dynamic_TF_carry/MUMMY            2026-05-15 22:31:30.684562
dynamic_TF_carry/DX               2026-05-15 22:31:30.684765
dynamic_TF_carry/BRE              2026-05-15 22:31:30.684967
dynamic_TF_carry/COTTON           2026-05-15 22:31:30.685168
dynamic_TF_carry/EU-HEALTH        2026-05-15 22:31:30.685370
dynamic_TF_carry/MSCISING         2026-05-15 22:31:30.685571
dynamic_TF_carry/MILKWET          2026-05-15 22:31:30.685773
dynamic_TF_carry/EUROSTX          2026-05-15 22:31:30.685973
dynamic_TF_carry/CRUDE_W_micro    2026-05-15 22:31:30.686175
dynamic_TF_carry/SARONA           2026-05-15 22:31:30.686376
dynamic_TF_carry/FANG             2026-05-15 22:31:30.686578
dynamic_TF_carry/GBP              2026-05-15 22:31:30.686780
dynamic_TF_carry/GILT             2026-05-15 22:31:30.686982
dynamic_TF_carry/SMI-MID          2026-05-15 22:31:30.687183
dynamic_TF_carry/FTSE250          2026-05-15 22:31:30.687386
dynamic_TF_carry/FTSEINDO         2026-05-15 22:31:30.687589
dynamic_TF_carry/KR10             2026-05-15 22:31:30.687791
dynamic_TF_carry/YENEUR           2026-05-15 22:31:30.687994
dynamic_TF_carry/BUTTER           2026-05-15 22:31:30.688200
dynamic_TF_carry/NZD              2026-05-15 22:31:30.688403
dynamic_TF_carry/US-HEALTH        2026-05-15 22:31:30.688606
dynamic_TF_carry/EU-MEDIA         2026-05-15 22:31:30.688809
dynamic_TF_carry/NASDAQ_micro     2026-05-15 22:31:30.689012
dynamic_TF_carry/COPPER_LME       2026-05-15 22:31:30.689214
dynamic_TF_carry/SHATZ            2026-05-15 22:31:30.689417
dynamic_TF_carry/LUMBER-new       2026-05-15 22:31:30.689617
dynamic_TF_carry/SOFR             2026-05-15 22:31:30.689819
dynamic_TF_carry/KOSPI            2026-05-15 22:31:30.690020
dynamic_TF_carry/LIVECOW          2026-05-15 22:31:30.690423
dynamic_TF_carry/KR3              2026-05-15 22:31:30.690625
dynamic_TF_carry/JP-REALESTATE    2026-05-15 22:31:30.690826
dynamic_TF_carry/BONO             2026-05-15 22:31:30.691028
dynamic_TF_carry/COCOA_LDN        2026-05-15 22:31:30.691232
dynamic_TF_carry/US3              2026-05-15 22:31:30.691436
dynamic_TF_carry/SUGAR_WHITE      2026-05-15 22:31:30.691639
dynamic_TF_carry/JGB              2026-05-15 22:31:30.691841
dynamic_TF_carry/CHFJPY           2026-05-15 22:31:30.692047
dynamic_TF_carry/HANGENT_mini     2026-05-15 22:31:30.692252
dynamic_TF_carry/COFFEE           2026-05-15 22:31:30.692455
dynamic_TF_carry/GAS-PEN          2026-05-15 22:31:30.692659
dynamic_TF_carry/EU-BASIC         2026-05-15 22:31:30.692861
dynamic_TF_carry/HOUSE-US         2026-05-15 22:31:30.693064
dynamic_TF_carry/TIN_LME          2026-05-15 22:31:30.693269
dynamic_TF_carry/MXP              2026-05-15 22:31:30.693472
dynamic_TF_carry/PALLAD           2026-05-15 22:31:30.693677
dynamic_TF_carry/BOVESPA          2026-05-15 22:31:30.693881
dynamic_TF_carry/PLAT             2026-05-15 22:31:30.694085
dynamic_TF_carry/IG               2026-05-15 22:31:30.694288
dynamic_TF_carry/MILK             2026-05-15 22:31:30.694491
dynamic_TF_carry/RUSSELL          2026-05-15 22:31:30.694693
dynamic_TF_carry/EU-CHEM          2026-05-15 22:31:30.694896
dynamic_TF_carry/GBPJPY           2026-05-15 22:31:30.695098
dynamic_TF_carry/FEEDCOW          2026-05-15 22:31:30.695302
dynamic_TF_carry/FTSE100          2026-05-15 22:31:30.695505
dynamic_TF_carry/INR              2026-05-15 22:31:30.695709
dynamic_TF_carry/NICKEL_LME       2026-05-15 22:31:30.695911
dynamic_TF_carry/DAX              2026-05-15 22:31:30.696116
dynamic_TF_carry/OATIES           2026-05-15 22:31:30.696320
dynamic_TF_carry/IRON             2026-05-15 22:31:30.696727
dynamic_TF_carry/VNKI             2026-05-15 22:31:30.696930
dynamic_TF_carry/CAD              2026-05-15 22:31:30.697133
dynamic_TF_carry/LEANHOG          2026-05-15 22:31:30.697337
dynamic_TF_carry/US-STAPLES       2026-05-15 22:31:30.697541
dynamic_TF_carry/REDWHEAT         2026-05-15 22:31:30.697745
dynamic_TF_carry/EU-OIL           2026-05-15 22:31:30.697949
dynamic_TF_carry/MSCIEAFA         2026-05-15 22:31:30.698153
dynamic_TF_carry/COTTON2          2026-05-15 22:31:30.698356
dynamic_TF_carry/US10U            2026-05-15 22:31:30.698560
dynamic_TF_carry/V2X              2026-05-15 22:31:30.698966
dynamic_TF_carry/GICS             2026-05-15 22:31:30.699172
dynamic_TF_carry/EU-DJ-TELECOM    2026-05-15 22:31:30.699375
dynamic_TF_carry/SWISSLEAD        2026-05-15 22:31:30.699577
dynamic_TF_carry/CZK              2026-05-15 22:31:30.699780
dynamic_TF_carry/BUXL             2026-05-15 22:31:30.699982
dynamic_TF_carry/US5              2026-05-15 22:31:30.700189
dynamic_TF_carry/EU-MID           2026-05-15 22:31:30.700391
dynamic_TF_carry/SEK              2026-05-15 22:31:30.700593
dynamic_TF_carry/WHEY             2026-05-15 22:31:30.700796
dynamic_TF_carry/FTSEVIET         2026-05-15 22:31:30.701000
dynamic_TF_carry/US2              2026-05-15 22:31:30.701202
dynamic_TF_carry/EUR_micro        2026-05-15 22:31:30.701404
dynamic_TF_carry/GBPCHF           2026-05-15 22:31:30.701607
dynamic_TF_carry/ZAR              2026-05-15 22:31:30.701809
dynamic_TF_carry/AUDJPY           2026-05-15 22:31:30.702217
dynamic_TF_carry/CANOLA           2026-05-15 22:31:30.702419
dynamic_TF_carry/PLN              2026-05-15 22:31:30.702825
dynamic_TF_carry/EURIBOR-ICE      2026-05-15 22:31:30.703027
dynamic_TF_carry/EU-DIV30         2026-05-15 22:31:30.703230
dynamic_TF_carry/AUD_micro        2026-05-15 22:31:30.703433
dynamic_TF_carry/FTSETAIWAN       2026-05-15 22:31:30.703636
dynamic_TF_carry/SGD              2026-05-15 22:31:30.703838
dynamic_TF_carry/KRWUSD           2026-05-15 22:31:30.704043
dynamic_TF_carry/ETHEREUM         2026-05-15 22:31:30.704246
dynamic_TF_carry/US-DISCRETE      2026-05-15 22:31:30.704448
dynamic_TF_carry/BBCOMM           2026-05-15 22:31:30.704651
dynamic_TF_carry/CLP              2026-05-15 22:31:30.704852
dynamic_TF_carry/RUBBER           2026-05-15 22:31:30.705055
dynamic_TF_carry/MILLWHEAT        2026-05-15 22:31:30.705257
dynamic_TF_carry/SUGAR16          2026-05-15 22:31:30.705459
dynamic_TF_carry/US-MATERIAL      2026-05-15 22:31:30.705660
dynamic_TF_carry/US30             2026-05-15 22:31:30.706064
dynamic_TF_carry/EU-TRAVEL        2026-05-15 22:31:30.706266
dynamic_TF_carry/GBPEUR           2026-05-15 22:31:30.706467
dynamic_TF_carry/CRUDE_W_mini     2026-05-15 22:31:30.706670
dynamic_TF_carry/US-UTILS         2026-05-15 22:31:30.706873
dynamic_TF_carry/ROBUSTA          2026-05-15 22:31:30.707074
dynamic_TF_carry/COAL             2026-05-15 22:31:30.707279
dynamic_TF_carry/EU-FOOD          2026-05-15 22:31:30.707483
dynamic_TF_carry/GAS-LAST         2026-05-15 22:31:30.707715
dynamic_TF_carry/DOW              2026-05-15 22:31:30.707933
dynamic_TF_carry/NIKKEI           2026-05-15 22:31:30.708140
dynamic_TF_carry/GAS_US_mini      2026-05-15 22:31:30.708344
dynamic_TF_carry/COPPER-micro     2026-05-15 22:31:30.708547
dynamic_TF_carry/VIX              2026-05-15 22:31:30.708751
dynamic_TF_carry/R1000            2026-05-15 22:31:30.708955
dynamic_TF_carry/COCOA            2026-05-15 22:31:30.709159
dynamic_TF_carry/CRUDE_ICE        2026-05-15 22:31:30.709362
dynamic_TF_carry/EU-HOUSE         2026-05-15 22:31:30.709565
dynamic_TF_carry/AUD              2026-05-15 22:31:30.709767
dynamic_TF_carry/BTP              2026-05-15 22:31:30.710176
dynamic_TF_carry/CHINAA-CON       2026-05-15 22:31:30.710379
dynamic_TF_carry/EURAUD           2026-05-15 22:31:30.710583
dynamic_TF_carry/SOYBEAN          2026-05-15 22:31:30.710785
dynamic_TF_carry/SOYOIL           2026-05-15 22:31:30.710988
dynamic_TF_carry/EU-BANKS         2026-05-15 22:31:30.711191
dynamic_TF_carry/HANG_mini        2026-05-15 22:31:30.711395
dynamic_TF_carry/FED              2026-05-15 22:31:30.711600
dynamic_TF_carry/JPY              2026-05-15 22:31:30.711804
dynamic_TF_carry/US-INDUSTRY      2026-05-15 22:31:30.712011
dynamic_TF_carry/BTP3             2026-05-15 22:31:30.712216
dynamic_TF_carry/CAD2             2026-05-15 22:31:30.712620
dynamic_TF_carry/MSCIASIA         2026-05-15 22:31:30.712824
dynamic_TF_carry/BOBL             2026-05-15 22:31:30.713029
dynamic_TF_carry/EUR              2026-05-15 22:31:30.713233
dynamic_TF_carry/CHEESE           2026-05-15 22:31:30.713436
dynamic_TF_carry/KOSDAQ           2026-05-15 22:31:30.713641
dynamic_TF_carry/BUND             2026-05-15 22:31:30.713846
dynamic_TF_carry/EUA              2026-05-15 22:31:30.714051
dynamic_TF_carry/EUROSTX-SMALL    2026-05-15 22:31:30.714256
dynamic_TF_carry/EU-AUTO          2026-05-15 22:31:30.714460
dynamic_TF_carry/EU-UTILS         2026-05-15 22:31:30.714665
dynamic_TF_carry/CAD5             2026-05-15 22:31:30.714867
dynamic_TF_carry/CHF              2026-05-15 22:31:30.715069
dynamic_TF_carry/US10             2026-05-15 22:31:30.715273
dynamic_TF_carry/SUGAR11          2026-05-15 22:31:30.715476
dynamic_TF_carry/EU-REALESTATE    2026-05-15 22:31:30.715681
dynamic_TF_carry/EURCHF           2026-05-15 22:31:30.715885
dynamic_TF_carry/RICE             2026-05-15 22:31:30.716092
dynamic_TF_carry/HEATOIL          2026-05-15 22:31:30.716296
dynamic_TF_carry/ALUMINIUM        2026-05-15 22:31:30.716501
dynamic_TF_carry/HANGTECH         2026-05-15 22:31:30.716709
dynamic_TF_carry/EU-INSURE        2026-05-15 22:31:30.716915
dynamic_TF_carry/EU-TECH          2026-05-15 22:31:30.717122
dynamic_TF_carry/SPI200           2026-05-15 22:31:30.717327
dynamic_TF_carry/MSCITAIWAN       2026-05-15 22:31:30.717532
dynamic_TF_carry/US-ENERGY        2026-05-15 22:31:30.717736
dynamic_TF_carry/CAC              2026-05-15 22:31:30.717941
dynamic_TF_carry/COPPER           2026-05-15 22:31:30.718145
dynamic_TF_carry/FTSECHINAA       2026-05-15 22:31:30.718349
dynamic_TF_carry/LEAD_LME         2026-05-15 22:31:30.718553
dynamic_TF_carry/NIKKEI400        2026-05-15 22:31:30.718757
dynamic_TF_carry/IBEX_mini        2026-05-15 22:31:30.718962
dynamic_TF_carry/OAT              2026-05-15 22:31:30.719165
dynamic_TF_carry/SP500_micro      2026-05-15 22:31:30.719369
dynamic_TF_carry/OJ               2026-05-15 22:31:30.719573
dynamic_TF_carry/EURIBOR          2026-05-15 22:31:30.719777
dynamic_TF_carry/OMX              2026-05-15 22:31:30.719980
dynamic_TF_carry/SOYMEAL          2026-05-15 22:31:30.720187
dynamic_TF_carry/TOPIX            2026-05-15 22:31:30.720389
dynamic_TF_carry/MSCIWORLD        2026-05-15 22:31:30.720593
dynamic_TF_carry/KOSPI_mini       2026-05-15 22:31:30.721203
dynamic_TF_carry/EUROSTX-LARGE    2026-05-15 22:31:30.721407
dynamic_TF_carry/EUROSTX200-LARGE 2026-05-15 22:31:30.721611
dynamic_TF_carry/MSCIEMASIA       2026-05-15 22:31:30.721815
dynamic_TF_carry/SP400            2026-05-15 22:31:30.722019
dynamic_TF_carry/US20             2026-05-15 22:31:30.722224
dynamic_TF_carry/WHEAT            2026-05-15 22:31:30.722428
dynamic_TF_carry/NOK              2026-05-15 22:31:30.722631
dynamic_TF_carry/EURO600          2026-05-15 22:31:30.722833
dynamic_TF_carry/BRENT_W          2026-05-15 22:31:30.723037
dynamic_TF_carry/STEEL            2026-05-15 22:31:30.723240
dynamic_TF_carry/FTSECHINAH       2026-05-15 22:31:30.723443
dynamic_TF_carry/KRWUSD_mini      2026-05-15 22:31:30.723647
dynamic_TF_carry/IRS              2026-05-15 22:31:30.723850
dynamic_TF_carry/HIGHYIELD        2026-05-15 22:31:30.724056
dynamic_TF_carry/CH10             2026-05-15 22:31:30.724259
dynamic_TF_carry/BRENT-LAST       2026-05-15 22:31:30.724461
dynamic_TF_carry/SMI              2026-05-15 22:31:30.724665
dynamic_TF_carry/WHEAT_ICE        2026-05-15 22:31:30.724869
dynamic_TF_carry/COAL-GEORDIE     2026-05-15 22:31:30.725073
dynamic_TF_carry/SILVER           2026-05-15 22:31:30.725683
dynamic_TF_carry/ZINC_LME         2026-05-15 22:31:30.725887
dynamic_TF_carry/GOLD_micro       2026-05-15 22:31:30.726092
dynamic_TF_carry/MILKDRY          2026-05-15 22:31:30.726295
dynamic_TF_carry/EPRA-EUROPE      2026-05-15 22:31:30.726499
dynamic_TF_carry/CNH              2026-05-15 22:31:30.726702
dynamic_TF_carry/AEX              2026-05-15 22:31:30.726905


=============================================================================================================================
                                                   Status of trade limits                                                    
=============================================================================================================================

                          period_days  trade_limit  trades_since_last_reset  trade_capacity_remaining   time_since_last_reset
NOSTRAT JPY                        30            5                      4.0                       1.0 17 days 09:54:58.016944
NOSTRAT BUND                       30            4                      1.0                       3.0  2 days 05:51:02.015172
NOSTRAT GAS-PEN                    14            4                      1.0                       3.0  2 days 05:43:03.016451
NOSTRAT BTP                        30            4                      1.0                       3.0 15 days 15:55:46.015137
NOSTRAT MSCIEAFA                   14            4                      1.0                       3.0  2 days 05:42:35.017225
NOSTRAT CHF                        30            4                      1.0                       3.0 15 days 08:55:42.015344
NOSTRAT MIB                        14            4                      1.0                       3.0  2 days 05:42:38.017143
NOSTRAT YENEUR                     30            4                      1.0                       3.0 10 days 08:55:53.018378
NOSTRAT KOSPI                      14            4                      0.0                       4.0  2 days 05:51:01.016985
NOSTRAT KOSPI                       1            4                      0.0                       4.0  0 days 00:00:00.000002
NOSTRAT KR10                        1            4                      0.0                       4.0  0 days 00:00:00.000002
NOSTRAT JPY_mini                   14            4                      0.0                       4.0  2 days 04:42:43.016955
NOSTRAT JPY_mini                    1            4                      0.0                       4.0  0 days 00:00:00.000002
NOSTRAT KRWUSD                      1            4                      0.0                       4.0  0 days 00:00:00.000002
NOSTRAT JPY                         1            4                      0.0                       4.0  0 days 00:00:00.000002
NOSTRAT KOSPI_mini                  1            4                      0.0                       4.0  0 days 00:00:00.000002
NOSTRAT KOSDAQ                      1            4                      0.0                       4.0  0 days 00:00:00.000003
NOSTRAT AEX                         1            4                      0.0                       4.0  0 days 00:00:00.000004
NOSTRAT JP-REALESTATE              14            4                      0.0                       4.0  2 days 04:42:44.016926
NOSTRAT JP-REALESTATE               1            4                      0.0                       4.0  0 days 00:00:00.000003
NOSTRAT JGB-mini                    1            4                      0.0                       4.0  0 days 00:00:00.000002
NOSTRAT JGB-SGX-mini                1            4                      0.0                       4.0  0 days 00:00:00.000002
NOSTRAT JGB                        30            4                      0.0                       4.0  2 days 04:51:00.016891
NOSTRAT JGB                        14            4                      0.0                       4.0  2 days 05:51:00.016885
NOSTRAT JGB                         1            4                      0.0                       4.0  0 days 00:00:00.000003
NOSTRAT IRS                        14            4                      0.0                       4.0  2 days 04:42:46.016874
NOSTRAT IRS                         1            4                      0.0                       4.0  0 days 00:00:00.000002
NOSTRAT INR                        14            4                      0.0                       4.0  2 days 05:51:00.016839
NOSTRAT INR                         1            4                      0.0                       4.0  0 days 00:00:00.000002
NOSTRAT IG                         14            4                      0.0                       4.0  2 days 04:42:47.016827
NOSTRAT KRWUSD                     14            4                      0.0                       4.0  2 days 05:51:00.017055
NOSTRAT LEAD_LME                    1            4                      0.0                       4.0  0 days 00:00:00.000002
NOSTRAT LIVECOW                    14            4                      0.0                       4.0  2 days 05:51:01.017113
NOSTRAT LIVECOW                     1            4                      0.0                       4.0  0 days 00:00:00.000002
NOSTRAT NIKKEI400                   1            4                      0.0                       4.0  0 days 00:00:00.000002
NOSTRAT NIKKEI                      1            4                      0.0                       4.0  0 days 00:00:00.000003
NOSTRAT NICKEL_LME                 14            4                      0.0                       4.0  2 days 04:42:31.017361
NOSTRAT NICKEL_LME                  1            4                      0.0                       4.0  0 days 00:00:00.000002
NOSTRAT NASDAQ_micro                1            4                      0.0                       4.0  0 days 00:00:00.000002
NOSTRAT NASDAQ                     30            4                      0.0                       4.0  2 days 04:51:01.017332
NOSTRAT NASDAQ                     14            4                      0.0                       4.0  2 days 05:51:01.017326
NOSTRAT NASDAQ                      1            4                      0.0                       4.0  0 days 00:00:00.000003
NOSTRAT MSCIWORLD                   1            4                      0.0                       4.0  0 days 00:00:00.000002
NOSTRAT MSCITAIWAN                 14            4                      0.0                       4.0  2 days 04:42:34.017267
NOSTRAT MSCITAIWAN                  1            4                      0.0                       4.0  0 days 00:00:00.000002
NOSTRAT MSCISING                    1            4                      0.0                       4.0  0 days 00:00:00.000003
NOSTRAT LEANHOG                     1            4                      0.0                       4.0  0 days 00:00:00.000003
NOSTRAT MSCIEMASIA                 14            4                      0.0                       4.0  2 days 04:42:34.017237
NOSTRAT MSCIEAFA                    1            4                      0.0                       4.0  0 days 00:00:00.000002
NOSTRAT MSCIASIA                   14            4                      0.0                       4.0  2 days 04:42:35.017214
NOSTRAT MSCIASIA                    1            4                      0.0                       4.0  0 days 00:00:00.000002
NOSTRAT MILKWET                    14            4                      0.0                       4.0  2 days 04:42:36.017190
NOSTRAT MILKWET                     1            4                      0.0                       4.0  0 days 00:00:00.000002
NOSTRAT MILKDRY                    14            4                      0.0                       4.0  2 days 04:42:36.017178
NOSTRAT MILKDRY                     1            4                      0.0                       4.0  0 days 00:00:00.000002
NOSTRAT MILK                        1            4                      0.0                       4.0  0 days 00:00:00.000002
NOSTRAT MID-DAX                     1            4                      0.0                       4.0  0 days 00:00:00.000002
NOSTRAT MIB                         1            4                      0.0                       4.0  0 days 00:00:00.000002
NOSTRAT LUMBER-new                  1            4                      0.0                       4.0  0 days 00:00:00.000002
NOSTRAT IG                          1            4                      0.0                       4.0  0 days 00:00:00.000002
NOSTRAT MSCIEMASIA                  1            4                      0.0                       4.0  0 days 00:00:00.000003
NOSTRAT IBEX_mini                   1            4                      0.0                       4.0  0 days 00:00:00.000002
NOSTRAT IBEX                        1            4                      0.0                       4.0  0 days 00:00:00.000002
NOSTRAT NOK                         1            4                      0.0                       4.0  0 days 00:00:00.000002
NOSTRAT GBP                         1            4                      0.0                       4.0  0 days 00:00:00.000002
NOSTRAT GAS_US_mini                 1            4                      0.0                       4.0  0 days 00:00:00.000002
NOSTRAT GAS_US                     30            4                      0.0                       4.0  2 days 04:51:02.016521
NOSTRAT GAS_US                     14            4                      0.0                       4.0  2 days 05:51:01.016516
NOSTRAT GAS_US                      1            4                      0.0                       4.0  0 days 00:00:00.000002
NOSTRAT GASOILINE_micro            14            4                      0.0                       4.0  2 days 04:43:00.016504
NOSTRAT GASOILINE_micro             1            4                      0.0                       4.0  0 days 00:00:00.000002
NOSTRAT GASOILINE_ICE              14            4                      0.0                       4.0  2 days 04:43:01.016492
NOSTRAT GASOILINE_ICE               1            4                      0.0                       4.0  0 days 00:00:00.000002
NOSTRAT GASOILINE                  30            4                      0.0                       4.0  2 days 04:51:00.016480
