
********************************************************************************
                   Status report produced on 12/05/2025 22:56                   
********************************************************************************



=============================================================================================
                                       Delayed methods                                       
=============================================================================================

               process_name              last_start                last_end currently_running
backup_parquet  run_backups 2025-05-09 22:55:57.251 2025-05-09 22:57:58.678             False


====================================
    Delayed adjusted / FX prices    
====================================

                         last_update
DJSTX-SMALL      2025-03-20 23:00:00
ETHANOL          2025-04-07 23:00:01
SGX              2025-05-05 23:00:00
CNH-onshore      2025-05-05 23:00:00
COTTON           2025-05-08 23:00:00
CHFJPY           2025-05-08 23:00:00
RUR              2025-05-08 23:00:00
CH10             2025-05-08 23:00:00
LEAD_LME         2025-05-08 23:00:00
MILKWET          2025-05-08 23:00:00
SGD_mini         2025-05-08 23:00:00
CLP              2025-05-08 23:00:00
MILKDRY          2025-05-08 23:00:00
EPRA-EUROPE      2025-05-08 23:00:00
PLN              2025-05-08 23:00:00
OMX              2025-05-08 23:00:00
CZK              2025-05-08 23:00:00
KRWUSD           2025-05-08 23:00:00
COAL-GEORDIE     2025-05-08 23:00:00
SWISSLEAD        2025-05-08 23:00:00
IRS              2025-05-08 23:00:00
TIN_LME          2025-05-08 23:00:00
HOUSE-US         2025-05-08 23:00:00
BOVESPA          2025-05-08 23:00:00
GASOILINE_micro  2025-05-08 23:00:00
TWD              2025-05-08 23:00:00
TWD-mini         2025-05-08 23:00:00
SUGAR16          2025-05-08 23:00:00
WHEY             2025-05-08 23:00:00
JGB-mini         2025-05-09 02:00:00
FTSEVIET         2025-05-09 03:00:00
HANG             2025-05-09 04:00:00
HANGENT          2025-05-09 04:00:00
HANG_mini        2025-05-09 04:00:00
FTSECHINAH       2025-05-09 04:00:00
FTSEINDO         2025-05-09 04:00:00
HANGTECH         2025-05-09 04:00:00
HANGENT_mini     2025-05-09 04:00:00
VNKI             2025-05-09 04:00:00
SPI200           2025-05-09 04:00:00
SGD              2025-05-09 04:00:00
CNH              2025-05-09 05:00:00
FTSECHINAA       2025-05-09 05:00:00
TOPIX            2025-05-09 05:00:00
IRON             2025-05-09 05:00:00
JGB              2025-05-09 05:00:00
JGB-SGX-mini     2025-05-09 05:00:00
JP-REALESTATE    2025-05-09 05:00:00
KOSDAQ           2025-05-09 05:00:00
KOSPI            2025-05-09 05:00:00
KOSPI_mini       2025-05-09 05:00:00
KR10             2025-05-09 05:00:00
KR3              2025-05-09 05:00:00
KRWUSD_mini      2025-05-09 05:00:00
FTSETAIWAN       2025-05-09 05:00:00
MSCITAIWAN       2025-05-09 05:00:00
MUMMY            2025-05-09 05:00:00
NIKKEI400        2025-05-09 05:00:00
NIKKEI           2025-05-09 05:00:00
MSCISING         2025-05-09 05:00:00
CHINAA-CON       2025-05-09 05:00:00
RUBBER           2025-05-09 05:00:00
EU-DJ-TECH       2025-05-09 09:00:00
EURIBOR          2025-05-09 12:00:00
MSCIWORLD        2025-05-09 12:00:00
EUROSTX-LARGE    2025-05-09 13:00:00
EUROSTX-SMALL    2025-05-09 13:00:00
EU-MID           2025-05-09 14:00:00
AEX_mini         2025-05-09 14:00:00
EU-HOUSE         2025-05-09 14:00:00
EURCAD           2025-05-09 15:00:00
BONO             2025-05-09 15:00:00
EURIBOR-ICE      2025-05-09 15:00:00
V2X              2025-05-09 15:00:00
SARONA           2025-05-09 15:00:00
HEATOIL-ICE      2025-05-09 15:00:00
GILT             2025-05-09 15:00:00
ALUMINIUM_LME    2025-05-09 15:00:00
GASOIL           2025-05-09 15:00:00
ZINC_LME         2025-05-09 15:00:00
FTSE100          2025-05-09 15:00:00
FTSE250          2025-05-09 15:00:00
COCOA_LDN        2025-05-09 15:00:00
WHEAT_ICE        2025-05-09 15:00:00
EUA              2025-05-09 15:00:00
EU-RETAIL        2025-05-09 15:00:00
IBEX             2025-05-09 15:00:00
MIB              2025-05-09 15:00:00
SONIA3           2025-05-09 15:00:00
CRUDE_ICE        2025-05-09 15:00:00
NICKEL_LME       2025-05-09 15:00:00
EU-DJ-TELECOM    2025-05-09 15:00:00
COAL             2025-05-09 15:00:00
ROBUSTA          2025-05-09 15:00:00
BRENT_W          2025-05-09 15:00:00
IBEX_mini        2025-05-09 15:00:00
MILLWHEAT        2025-05-09 15:00:00
EU-TECH          2025-05-09 15:00:00
COPPER_LME       2025-05-09 15:00:00
IG               2025-05-09 16:00:00
OAT              2025-05-09 16:00:00
GASOILINE_ICE    2025-05-09 16:00:00
MSCIASIA         2025-05-09 16:00:00
GAS-PEN          2025-05-09 16:00:00
SMI-MID          2025-05-09 16:00:00
SMI              2025-05-09 16:00:00
SHATZ            2025-05-09 16:00:00
SUGAR_WHITE      2025-05-09 16:00:00
AEX              2025-05-09 16:00:00
EU-TRAVEL        2025-05-09 16:00:00
EU-REALESTATE    2025-05-09 16:00:00
DAX              2025-05-09 16:00:00
EU-UTILS         2025-05-09 16:00:00
EU-INSURE        2025-05-09 16:00:00
EU-HEALTH        2025-05-09 16:00:00
EU-FOOD          2025-05-09 16:00:00
EU-DJ-UTIL       2025-05-09 16:00:00
EU-DJ-OIL        2025-05-09 16:00:00
EURO600          2025-05-09 16:00:00
EUROSTX          2025-05-09 16:00:00
BTP              2025-05-09 16:00:00
EU-OIL           2025-05-09 16:00:00
EUROSTX200-LARGE 2025-05-09 16:00:00
BTP3             2025-05-09 16:00:00
BUND             2025-05-09 16:00:00
EU-CONSTRUCTION  2025-05-09 16:00:00
EU-CHEM          2025-05-09 16:00:00
EU-BASIC         2025-05-09 16:00:00
AUDJPY           2025-05-09 16:00:00
EU-BANKS         2025-05-09 16:00:00
EU-AUTO          2025-05-09 16:00:00
CAC              2025-05-09 16:00:00
BOBL             2025-05-09 16:00:00
BUXL             2025-05-09 16:00:00
EU-DIV30         2025-05-09 16:00:00
EU-MEDIA         2025-05-09 16:00:00
SUGAR11          2025-05-09 17:00:00
EURAUD           2025-05-09 17:00:00
OJ               2025-05-09 18:00:00
MSCIEMASIA       2025-05-09 18:00:00
US-MATERIAL      2025-05-09 18:00:00
PALLAD           2025-05-09 18:00:00
ALUMINIUM        2025-05-09 18:00:00
COCOA            2025-05-09 18:00:00
COFFEE           2025-05-09 18:00:00
CRUDE_W_micro    2025-05-09 19:00:00
US-INDUSTRY      2025-05-09 19:00:00
COTTON2          2025-05-09 19:00:00
CORN_mini        2025-05-09 19:00:00
US-DISCRETE      2025-05-09 19:00:00
CORN             2025-05-09 19:00:00
SOYMEAL          2025-05-09 19:00:00
NOK              2025-05-09 19:00:00
CAD2             2025-05-09 19:00:00
BUTTER           2025-05-09 19:00:00
STEEL            2025-05-09 19:00:00
CANOLA           2025-05-09 19:00:00
CHEESE           2025-05-09 19:00:00
OATIES           2025-05-09 19:00:00
RICE             2025-05-09 19:00:00
REDWHEAT         2025-05-09 19:00:00
R1000            2025-05-09 19:00:00
FEEDCOW          2025-05-09 19:00:00
SOYOIL           2025-05-09 19:00:00
GAS-LAST         2025-05-09 19:00:00
LIVECOW          2025-05-09 19:00:00
EURCHF           2025-05-09 19:00:00
FED              2025-05-09 19:00:00
WHEAT_mini       2025-05-09 19:00:00
WHEAT            2025-05-09 19:00:00
GBPCHF           2025-05-09 19:00:00
GBPJPY           2025-05-09 19:00:00
BBCOMM           2025-05-09 19:00:00
GOLD_micro       2025-05-09 19:00:00
CRUDE_W_mini     2025-05-09 19:00:00
HIGHYIELD        2025-05-09 19:00:00
INR              2025-05-09 19:00:00
SOYBEAN_mini     2025-05-09 19:00:00
US-STAPLES       2025-05-09 19:00:00
MILK             2025-05-09 19:00:00
LEANHOG          2025-05-09 19:00:00
SOYBEAN          2025-05-09 19:00:00
DX               2025-05-09 19:00:00
LUMBER-new       2025-05-09 19:00:00
BRE              2025-05-09 20:00:00
ZAR              2025-05-09 20:00:00
YENEUR           2025-05-09 20:00:00
AUD              2025-05-09 20:00:00
SP400            2025-05-09 20:00:00
SP500            2025-05-09 20:00:00
SP500_micro      2025-05-09 20:00:00
AUD_micro        2025-05-09 20:00:00
US-HEALTH        2025-05-09 20:00:00
VIX_mini         2025-05-09 20:00:00
VIX              2025-05-09 20:00:00
US-ENERGY        2025-05-09 20:00:00
US5              2025-05-09 20:00:00
US30             2025-05-09 20:00:00
US3              2025-05-09 20:00:00
US20             2025-05-09 20:00:00
BITCOIN          2025-05-09 20:00:00
US-UTILS         2025-05-09 20:00:00
US2              2025-05-09 20:00:00
US10U            2025-05-09 20:00:00
BRENT-LAST       2025-05-09 20:00:00
US10             2025-05-09 20:00:00
US-REALESTATE    2025-05-09 20:00:00
PLAT             2025-05-09 20:00:00
CAD              2025-05-09 20:00:00
ETHEREUM         2025-05-09 20:00:00
JPY_mini         2025-05-09 20:00:00
JPY              2025-05-09 20:00:00
SOFR             2025-05-09 20:00:00
HEATOIL          2025-05-09 20:00:00
GOLD-mini        2025-05-09 20:00:00
GOLD             2025-05-09 20:00:00
GICS             2025-05-09 20:00:00
GBP_micro        2025-05-09 20:00:00
GBPEUR           2025-05-09 20:00:00
GBP              2025-05-09 20:00:00
GAS_US_mini      2025-05-09 20:00:00
GAS_US           2025-05-09 20:00:00
EUR_micro        2025-05-09 20:00:00
EUR_mini         2025-05-09 20:00:00
GASOILINE        2025-05-09 20:00:00
FANG             2025-05-09 20:00:00
ETHER-micro      2025-05-09 20:00:00
DOW_mini         2025-05-09 20:00:00
EUR              2025-05-09 20:00:00
MSCIEAFA         2025-05-09 20:00:00
SILVER           2025-05-09 20:00:00
CAD10            2025-05-09 20:00:00
CAD5             2025-05-09 20:00:00
DOW              2025-05-09 20:00:00
SEK              2025-05-09 20:00:00
RUSSELL_mini     2025-05-09 20:00:00
RUSSELL          2025-05-09 20:00:00
CHF              2025-05-09 20:00:00
CHF_micro        2025-05-09 20:00:00
CAD_micro        2025-05-09 20:00:00
NZD              2025-05-09 20:00:00
COPPER-micro     2025-05-09 20:00:00
COPPER-mini      2025-05-09 20:00:00
NASDAQ_micro     2025-05-09 20:00:00
NASDAQ           2025-05-09 20:00:00
MXP              2025-05-09 20:00:00
CRUDE_W          2025-05-09 20:00:00
COPPER           2025-05-09 20:00:00


===============================================
           Delayed optimal positions           
===============================================

                                    last_update
dynamic_TF_carry/SGX 2024-12-02 22:31:28.544775

Instruments at trade limit: No constraints

================================================
         Instruments at position limit          
================================================

                 keys  position pos_limit  spare
80             CHFJPY         0       0.0    0.0
100           SMI-MID         0       0.0    0.0
55            GAS-PEN        -1       1.0    0.0
54          SWISSLEAD         0       0.0    0.0
53               WHEY         0       0.0    0.0
102               CLP         0       0.0    0.0
193               SEK         0       0.0    0.0
191          ETHEREUM         0       0.0    0.0
112          EU-MEDIA         0       0.0    0.0
115               TWD         0       0.0    0.0
187              GICS         0       0.0    0.0
45             GBPJPY         0       0.0    0.0
117               IRS         0       0.0    0.0
217             STEEL         0       0.0    0.0
204       CNH-onshore         0       0.0    0.0
219              COAL         0       0.0    0.0
58          EU-RETAIL         0       0.0    0.0
180            PALLAD         0       0.0    0.0
59    GASOILINE_micro         0       0.0    0.0
62             COTTON         0       0.0    0.0
84                CZK         0       0.0    0.0
202          JGB-mini         0       0.0    0.0
76           EU-HOUSE         0       0.0    0.0
201              CH10         0       0.0    0.0
74                RUR         0       0.0    0.0
73              R1000         0       0.0    0.0
91             EURAUD         0       0.0    0.0
70             EURCAD         0       0.0    0.0
93           HOUSE-US         0       0.0    0.0
95                 IG         0       0.0    0.0
67               VNKI         0       0.0    0.0
209            BUTTER         0       0.0    0.0
65             NASDAQ         0       0.0    0.0
211        EU-DJ-TECH         0       0.0    0.0
63                PLN         0       0.0    0.0
61            EU-CHEM         0       0.0    0.0
179           MILKWET         0       0.0    0.0
182          JPY_mini         0       0.0    0.0
35           SGD_mini         0       0.0    0.0
236         EU-TRAVEL         0       0.0    0.0
140            EURCHF         0       0.0    0.0
16   EUROSTX200-LARGE         0       0.0    0.0
15                JGB         0       0.0    0.0
14              SP400         0       0.0    0.0
141   EU-CONSTRUCTION         0       0.0    0.0
174           ETHANOL         0       0.0    0.0
173       EPRA-EUROPE         0       0.0    0.0
172            AUDJPY         0       0.0    0.0
146               SGX         0       0.0    0.0
170     EU-DJ-TELECOM         0       0.0    0.0
150         CHF_micro         0       0.0    0.0
3          BRENT-LAST        -1       1.0    0.0
1        COAL-GEORDIE         0       0.0    0.0
144         HIGHYIELD         0       0.0    0.0
21            MILKDRY         0       0.0    0.0
82         COPPER_LME         0       0.0    0.0
129           BOVESPA         0       0.0    0.0
22            TIN_LME         0       0.0    0.0
222          TWD-mini         0       0.0    0.0
131       COPPER-mini         0       0.0    0.0
178     EUROSTX-LARGE         0       0.0    0.0
226               NOK         0       0.0    0.0
177       HEATOIL-ICE         0       0.0    0.0
137          AEX_mini         0       0.0    0.0
23             KRWUSD         0       0.0    0.0
33                OMX         0       0.0    0.0


=========================================================
         Overrides in database consider deleting         
=========================================================

                                                 override
NICKEL_LME             Override Close because in database
OATIES           Override Reduce only because in database
RICE             Override Reduce only because in database
VIX_mini         Override Reduce only because in database
STEEL            Override Reduce only because in database
MILKWET          Override Reduce only because in database
GOLD-mini        Override Reduce only because in database
IBEX_mini        Override Reduce only because in database
IBEX             Override Reduce only because in database
GICS             Override Reduce only because in database
GAS-PEN          Override Reduce only because in database
VNKI             Override Reduce only because in database
CHINAA-CON       Override Reduce only because in database
CRUDE_W_mini     Override Reduce only because in database
AEX              Override Reduce only because in database
AEX_mini         Override Reduce only because in database
CAC              Override Reduce only because in database
COAL             Override Reduce only because in database
CNH-onshore      Override Reduce only because in database
GASOILINE_micro  Override Reduce only because in database
FTSEVIET         Override Reduce only because in database
INR              Override Reduce only because in database
DX               Override Reduce only because in database
HOUSE-US         Override Reduce only because in database
FTSEINDO         Override Reduce only because in database
FTSETAIWAN       Override Reduce only because in database
SGX              Override Reduce only because in database

Locked instruments (position mismatch): []

==============================================
Status of adjusted price / FX price collection
==============================================

                         last_update
DJSTX-SMALL      2025-03-20 23:00:00
ETHANOL          2025-04-07 23:00:01
SGX              2025-05-05 23:00:00
CNH-onshore      2025-05-05 23:00:00
COTTON           2025-05-08 23:00:00
CHFJPY           2025-05-08 23:00:00
RUR              2025-05-08 23:00:00
CH10             2025-05-08 23:00:00
LEAD_LME         2025-05-08 23:00:00
MILKWET          2025-05-08 23:00:00
SGD_mini         2025-05-08 23:00:00
CLP              2025-05-08 23:00:00
MILKDRY          2025-05-08 23:00:00
EPRA-EUROPE      2025-05-08 23:00:00
PLN              2025-05-08 23:00:00
OMX              2025-05-08 23:00:00
CZK              2025-05-08 23:00:00
KRWUSD           2025-05-08 23:00:00
COAL-GEORDIE     2025-05-08 23:00:00
SWISSLEAD        2025-05-08 23:00:00
IRS              2025-05-08 23:00:00
TIN_LME          2025-05-08 23:00:00
HOUSE-US         2025-05-08 23:00:00
BOVESPA          2025-05-08 23:00:00
GASOILINE_micro  2025-05-08 23:00:00
TWD              2025-05-08 23:00:00
TWD-mini         2025-05-08 23:00:00
SUGAR16          2025-05-08 23:00:00
WHEY             2025-05-08 23:00:00
JGB-mini         2025-05-09 02:00:00
FTSEVIET         2025-05-09 03:00:00
HANG             2025-05-09 04:00:00
HANGENT          2025-05-09 04:00:00
HANG_mini        2025-05-09 04:00:00
FTSECHINAH       2025-05-09 04:00:00
FTSEINDO         2025-05-09 04:00:00
HANGTECH         2025-05-09 04:00:00
HANGENT_mini     2025-05-09 04:00:00
VNKI             2025-05-09 04:00:00
SPI200           2025-05-09 04:00:00
SGD              2025-05-09 04:00:00
CNH              2025-05-09 05:00:00
FTSECHINAA       2025-05-09 05:00:00
TOPIX            2025-05-09 05:00:00
IRON             2025-05-09 05:00:00
JGB              2025-05-09 05:00:00
JGB-SGX-mini     2025-05-09 05:00:00
JP-REALESTATE    2025-05-09 05:00:00
KOSDAQ           2025-05-09 05:00:00
KOSPI            2025-05-09 05:00:00
KOSPI_mini       2025-05-09 05:00:00
KR10*            2025-05-09 05:00:00
KR3              2025-05-09 05:00:00
KRWUSD_mini*     2025-05-09 05:00:00
FTSETAIWAN       2025-05-09 05:00:00
MSCITAIWAN       2025-05-09 05:00:00
MUMMY*           2025-05-09 05:00:00
NIKKEI400        2025-05-09 05:00:00
NIKKEI*          2025-05-09 05:00:00
MSCISING*        2025-05-09 05:00:00
CHINAA-CON       2025-05-09 05:00:00
RUBBER           2025-05-09 05:00:00
EU-DJ-TECH       2025-05-09 09:00:00
EURIBOR          2025-05-09 12:00:00
MSCIWORLD        2025-05-09 12:00:00
EUROSTX-LARGE    2025-05-09 13:00:00
EUROSTX-SMALL    2025-05-09 13:00:00
EU-MID           2025-05-09 14:00:00
AEX_mini         2025-05-09 14:00:00
EU-HOUSE         2025-05-09 14:00:00
EURCAD           2025-05-09 15:00:00
BONO             2025-05-09 15:00:00
EURIBOR-ICE      2025-05-09 15:00:00
V2X*             2025-05-09 15:00:00
SARONA           2025-05-09 15:00:00
HEATOIL-ICE      2025-05-09 15:00:00
GILT             2025-05-09 15:00:00
ALUMINIUM_LME    2025-05-09 15:00:00
GASOIL           2025-05-09 15:00:00
ZINC_LME         2025-05-09 15:00:00
FTSE100          2025-05-09 15:00:00
FTSE250          2025-05-09 15:00:00
COCOA_LDN        2025-05-09 15:00:00
WHEAT_ICE        2025-05-09 15:00:00
EUA              2025-05-09 15:00:00
EU-RETAIL        2025-05-09 15:00:00
IBEX             2025-05-09 15:00:00
MIB              2025-05-09 15:00:00
SONIA3           2025-05-09 15:00:00
CRUDE_ICE        2025-05-09 15:00:00
NICKEL_LME       2025-05-09 15:00:00
EU-DJ-TELECOM    2025-05-09 15:00:00
COAL             2025-05-09 15:00:00
ROBUSTA          2025-05-09 15:00:00
BRENT_W          2025-05-09 15:00:00
IBEX_mini        2025-05-09 15:00:00
MILLWHEAT        2025-05-09 15:00:00
EU-TECH          2025-05-09 15:00:00
COPPER_LME       2025-05-09 15:00:00
IG               2025-05-09 16:00:00
OAT              2025-05-09 16:00:00
GASOILINE_ICE    2025-05-09 16:00:00
MSCIASIA         2025-05-09 16:00:00
GAS-PEN*         2025-05-09 16:00:00
SMI-MID          2025-05-09 16:00:00
SMI              2025-05-09 16:00:00
SHATZ            2025-05-09 16:00:00
SUGAR_WHITE      2025-05-09 16:00:00
AEX              2025-05-09 16:00:00
EU-TRAVEL        2025-05-09 16:00:00
EU-REALESTATE    2025-05-09 16:00:00
DAX              2025-05-09 16:00:00
EU-UTILS         2025-05-09 16:00:00
EU-INSURE        2025-05-09 16:00:00
EU-HEALTH        2025-05-09 16:00:00
EU-FOOD          2025-05-09 16:00:00
EU-DJ-UTIL       2025-05-09 16:00:00
EU-DJ-OIL        2025-05-09 16:00:00
EURO600          2025-05-09 16:00:00
EUROSTX          2025-05-09 16:00:00
BTP*             2025-05-09 16:00:00
EU-OIL           2025-05-09 16:00:00
EUROSTX200-LARGE 2025-05-09 16:00:00
BTP3             2025-05-09 16:00:00
BUND             2025-05-09 16:00:00
EU-CONSTRUCTION  2025-05-09 16:00:00
EU-CHEM          2025-05-09 16:00:00
EU-BASIC         2025-05-09 16:00:00
AUDJPY           2025-05-09 16:00:00
EU-BANKS         2025-05-09 16:00:00
EU-AUTO          2025-05-09 16:00:00
CAC              2025-05-09 16:00:00
BOBL             2025-05-09 16:00:00
BUXL             2025-05-09 16:00:00
EU-DIV30         2025-05-09 16:00:00
EU-MEDIA         2025-05-09 16:00:00
SUGAR11          2025-05-09 17:00:00
EURAUD           2025-05-09 17:00:00
OJ               2025-05-09 18:00:00
MSCIEMASIA       2025-05-09 18:00:00
US-MATERIAL      2025-05-09 18:00:00
PALLAD           2025-05-09 18:00:00
ALUMINIUM        2025-05-09 18:00:00
COCOA            2025-05-09 18:00:00
COFFEE           2025-05-09 18:00:00
CRUDE_W_micro*   2025-05-09 19:00:00
US-INDUSTRY      2025-05-09 19:00:00
COTTON2          2025-05-09 19:00:00
CORN_mini        2025-05-09 19:00:00
US-DISCRETE      2025-05-09 19:00:00
CORN             2025-05-09 19:00:00
SOYMEAL*         2025-05-09 19:00:00
NOK              2025-05-09 19:00:00
CAD2             2025-05-09 19:00:00
BUTTER           2025-05-09 19:00:00
STEEL            2025-05-09 19:00:00
CANOLA*          2025-05-09 19:00:00
CHEESE           2025-05-09 19:00:00
OATIES           2025-05-09 19:00:00
RICE             2025-05-09 19:00:00
REDWHEAT         2025-05-09 19:00:00
R1000            2025-05-09 19:00:00
FEEDCOW          2025-05-09 19:00:00
SOYOIL           2025-05-09 19:00:00
GAS-LAST         2025-05-09 19:00:00
LIVECOW*         2025-05-09 19:00:00
EURCHF           2025-05-09 19:00:00
FED              2025-05-09 19:00:00
WHEAT_mini       2025-05-09 19:00:00
WHEAT*           2025-05-09 19:00:00
GBPCHF           2025-05-09 19:00:00
GBPJPY           2025-05-09 19:00:00
BBCOMM           2025-05-09 19:00:00
GOLD_micro       2025-05-09 19:00:00
CRUDE_W_mini     2025-05-09 19:00:00
HIGHYIELD        2025-05-09 19:00:00
INR              2025-05-09 19:00:00
SOYBEAN_mini     2025-05-09 19:00:00
US-STAPLES       2025-05-09 19:00:00
MILK             2025-05-09 19:00:00
LEANHOG          2025-05-09 19:00:00
SOYBEAN          2025-05-09 19:00:00
DX*              2025-05-09 19:00:00
LUMBER-new       2025-05-09 19:00:00
BRE              2025-05-09 20:00:00
ZAR              2025-05-09 20:00:00
YENEUR*          2025-05-09 20:00:00
AUD              2025-05-09 20:00:00
SP400            2025-05-09 20:00:00
SP500            2025-05-09 20:00:00
SP500_micro      2025-05-09 20:00:00
AUD_micro        2025-05-09 20:00:00
US-HEALTH        2025-05-09 20:00:00
VIX_mini         2025-05-09 20:00:00
VIX              2025-05-09 20:00:00
US-ENERGY        2025-05-09 20:00:00
US5              2025-05-09 20:00:00
US30             2025-05-09 20:00:00
US3              2025-05-09 20:00:00
US20             2025-05-09 20:00:00
BITCOIN*         2025-05-09 20:00:00
US-UTILS         2025-05-09 20:00:00
US2              2025-05-09 20:00:00
US10U            2025-05-09 20:00:00
BRENT-LAST*      2025-05-09 20:00:00
US10             2025-05-09 20:00:00
US-REALESTATE    2025-05-09 20:00:00
PLAT             2025-05-09 20:00:00
CAD              2025-05-09 20:00:00
ETHEREUM         2025-05-09 20:00:00
JPY_mini         2025-05-09 20:00:00
JPY              2025-05-09 20:00:00
SOFR             2025-05-09 20:00:00
HEATOIL          2025-05-09 20:00:00
GOLD-mini        2025-05-09 20:00:00
GOLD             2025-05-09 20:00:00
GICS             2025-05-09 20:00:00
GBP_micro        2025-05-09 20:00:00
GBPEUR           2025-05-09 20:00:00
GBP              2025-05-09 20:00:00
GAS_US_mini*     2025-05-09 20:00:00
GAS_US           2025-05-09 20:00:00
EUR_micro        2025-05-09 20:00:00
EUR_mini         2025-05-09 20:00:00
GASOILINE        2025-05-09 20:00:00
FANG             2025-05-09 20:00:00
ETHER-micro      2025-05-09 20:00:00
DOW_mini         2025-05-09 20:00:00
EUR              2025-05-09 20:00:00
MSCIEAFA         2025-05-09 20:00:00
SILVER           2025-05-09 20:00:00
CAD10            2025-05-09 20:00:00
CAD5             2025-05-09 20:00:00
DOW*             2025-05-09 20:00:00
SEK              2025-05-09 20:00:00
RUSSELL_mini     2025-05-09 20:00:00
RUSSELL          2025-05-09 20:00:00
CHF              2025-05-09 20:00:00
CHF_micro        2025-05-09 20:00:00
CAD_micro        2025-05-09 20:00:00
NZD              2025-05-09 20:00:00
COPPER-micro     2025-05-09 20:00:00
COPPER-mini      2025-05-09 20:00:00
NASDAQ_micro     2025-05-09 20:00:00
NASDAQ           2025-05-09 20:00:00
MXP*             2025-05-09 20:00:00
CRUDE_W          2025-05-09 20:00:00
COPPER           2025-05-09 20:00:00
CHFUSD           2025-05-12 23:00:00
JPYUSD           2025-05-12 23:00:00
EURUSD           2025-05-12 23:00:00
CADUSD           2025-05-12 23:00:00
KRWUSD           2025-05-12 23:00:00
SGDUSD           2025-05-12 23:00:00
SEKUSD           2025-05-12 23:00:00
GBPUSD           2025-05-12 23:00:00
MXPUSD           2025-05-12 23:00:00
HKDUSD           2025-05-12 23:00:00
CNHUSD           2025-05-12 23:00:00
AUDUSD           2025-05-12 23:00:00


============================================================
           Status of optimal position generation            
============================================================

                                                 last_update
dynamic_TF_carry/SGX              2024-12-02 22:31:28.544775
dynamic_TF_carry/TIN_LME          2025-05-12 22:31:34.888553
dynamic_TF_carry/CHF              2025-05-12 22:31:34.888811
dynamic_TF_carry/REDWHEAT         2025-05-12 22:31:34.889055
dynamic_TF_carry/EU-BANKS         2025-05-12 22:31:34.889534
dynamic_TF_carry/SHATZ            2025-05-12 22:31:34.889770
dynamic_TF_carry/IG               2025-05-12 22:31:34.890009
dynamic_TF_carry/TOPIX            2025-05-12 22:31:34.890246
dynamic_TF_carry/GBPJPY           2025-05-12 22:31:34.890492
dynamic_TF_carry/SUGAR11          2025-05-12 22:31:34.890730
dynamic_TF_carry/CAC              2025-05-12 22:31:34.890965
dynamic_TF_carry/EU-CONSTRUCTION  2025-05-12 22:31:34.891201
dynamic_TF_carry/EURCAD           2025-05-12 22:31:34.891436
dynamic_TF_carry/EU-UTILS         2025-05-12 22:31:34.891670
dynamic_TF_carry/KRWUSD           2025-05-12 22:31:34.891903
dynamic_TF_carry/TWD              2025-05-12 22:31:34.892136
dynamic_TF_carry/US10U            2025-05-12 22:31:34.892370
dynamic_TF_carry/DJSTX-SMALL      2025-05-12 22:31:34.892604
dynamic_TF_carry/MSCIWORLD        2025-05-12 22:31:34.892887
dynamic_TF_carry/VNKI             2025-05-12 22:31:34.893124
dynamic_TF_carry/FTSE250          2025-05-12 22:31:34.893361
dynamic_TF_carry/US-INDUSTRY      2025-05-12 22:31:34.893597
dynamic_TF_carry/HOUSE-US         2025-05-12 22:31:34.893831
dynamic_TF_carry/ZINC_LME         2025-05-12 22:31:34.894065
dynamic_TF_carry/MUMMY            2025-05-12 22:31:34.894299
dynamic_TF_carry/COPPER-micro     2025-05-12 22:31:34.894541
dynamic_TF_carry/KR3              2025-05-12 22:31:34.894775
dynamic_TF_carry/CRUDE_ICE        2025-05-12 22:31:34.895010
dynamic_TF_carry/EU-OIL           2025-05-12 22:31:34.895243
dynamic_TF_carry/BRE              2025-05-12 22:31:34.895476
dynamic_TF_carry/CHFJPY           2025-05-12 22:31:34.895711
dynamic_TF_carry/US-STAPLES       2025-05-12 22:31:34.895944
dynamic_TF_carry/EURCHF           2025-05-12 22:31:34.896179
dynamic_TF_carry/MSCIEMASIA       2025-05-12 22:31:34.896414
dynamic_TF_carry/NZD              2025-05-12 22:31:34.896649
dynamic_TF_carry/ALUMINIUM        2025-05-12 22:31:34.896884
dynamic_TF_carry/LEAD_LME         2025-05-12 22:31:34.897588
dynamic_TF_carry/BTP              2025-05-12 22:31:34.897821
dynamic_TF_carry/CAD2             2025-05-12 22:31:34.898057
dynamic_TF_carry/EU-TRAVEL        2025-05-12 22:31:34.898529
dynamic_TF_carry/COPPER_LME       2025-05-12 22:31:34.898762
dynamic_TF_carry/HANG_mini        2025-05-12 22:31:34.898995
dynamic_TF_carry/EU-FOOD          2025-05-12 22:31:34.899231
dynamic_TF_carry/EURAUD           2025-05-12 22:31:34.899465
dynamic_TF_carry/GAS-LAST         2025-05-12 22:31:34.899697
dynamic_TF_carry/SOFR             2025-05-12 22:31:34.899930
dynamic_TF_carry/GASOIL           2025-05-12 22:31:34.900164
dynamic_TF_carry/EU-DIV30         2025-05-12 22:31:34.900398
dynamic_TF_carry/US-UTILS         2025-05-12 22:31:34.900633
dynamic_TF_carry/EU-HOUSE         2025-05-12 22:31:34.900866
dynamic_TF_carry/EURIBOR-ICE      2025-05-12 22:31:34.901100
dynamic_TF_carry/FANG             2025-05-12 22:31:34.901333
dynamic_TF_carry/WHEAT_ICE        2025-05-12 22:31:34.901569
dynamic_TF_carry/CHEESE           2025-05-12 22:31:34.901802
dynamic_TF_carry/US30             2025-05-12 22:31:34.902037
dynamic_TF_carry/BOVESPA          2025-05-12 22:31:34.902271
dynamic_TF_carry/SOYBEAN_mini     2025-05-12 22:31:34.902510
dynamic_TF_carry/COTTON           2025-05-12 22:31:34.902743
dynamic_TF_carry/EUR              2025-05-12 22:31:34.902977
dynamic_TF_carry/CAD              2025-05-12 22:31:34.903211
dynamic_TF_carry/SMI              2025-05-12 22:31:34.903445
dynamic_TF_carry/CZK              2025-05-12 22:31:34.903722
dynamic_TF_carry/EU-BASIC         2025-05-12 22:31:34.903964
dynamic_TF_carry/EUR_micro        2025-05-12 22:31:34.904236
dynamic_TF_carry/RICE             2025-05-12 22:31:34.904475
dynamic_TF_carry/SUGAR16          2025-05-12 22:31:34.904713
dynamic_TF_carry/PLN              2025-05-12 22:31:34.904949
dynamic_TF_carry/DX               2025-05-12 22:31:34.905185
dynamic_TF_carry/EURO600          2025-05-12 22:31:34.905420
dynamic_TF_carry/SP400            2025-05-12 22:31:34.905655
dynamic_TF_carry/BTP3             2025-05-12 22:31:34.905889
dynamic_TF_carry/NIKKEI           2025-05-12 22:31:34.906123
dynamic_TF_carry/GASOILINE        2025-05-12 22:31:34.906357
dynamic_TF_carry/SOYOIL           2025-05-12 22:31:34.906596
dynamic_TF_carry/LIVECOW          2025-05-12 22:31:34.906831
dynamic_TF_carry/RUSSELL          2025-05-12 22:31:34.907065
dynamic_TF_carry/CNH              2025-05-12 22:31:34.907300
dynamic_TF_carry/SEK              2025-05-12 22:31:34.907534
dynamic_TF_carry/SONIA3           2025-05-12 22:31:34.907772
dynamic_TF_carry/GICS             2025-05-12 22:31:34.908007
dynamic_TF_carry/BITCOIN          2025-05-12 22:31:34.908242
dynamic_TF_carry/COFFEE           2025-05-12 22:31:34.908476
dynamic_TF_carry/STEEL            2025-05-12 22:31:34.908709
dynamic_TF_carry/US-REALESTATE    2025-05-12 22:31:34.908943
dynamic_TF_carry/COPPER           2025-05-12 22:31:34.909178
dynamic_TF_carry/SP500_micro      2025-05-12 22:31:34.909645
dynamic_TF_carry/US-DISCRETE      2025-05-12 22:31:34.909880
dynamic_TF_carry/EU-REALESTATE    2025-05-12 22:31:34.910114
dynamic_TF_carry/AUD              2025-05-12 22:31:34.910348
dynamic_TF_carry/SILVER           2025-05-12 22:31:34.910588
dynamic_TF_carry/OATIES           2025-05-12 22:31:34.910824
dynamic_TF_carry/MSCIEAFA         2025-05-12 22:31:34.911059
dynamic_TF_carry/EU-RETAIL        2025-05-12 22:31:34.911294
dynamic_TF_carry/MSCITAIWAN       2025-05-12 22:31:34.911529
dynamic_TF_carry/EUROSTX-LARGE    2025-05-12 22:31:34.911765
dynamic_TF_carry/CAD5             2025-05-12 22:31:34.912000
dynamic_TF_carry/US-HEALTH        2025-05-12 22:31:34.912238
dynamic_TF_carry/MILKWET          2025-05-12 22:31:34.912476
dynamic_TF_carry/NASDAQ_micro     2025-05-12 22:31:34.912713
dynamic_TF_carry/NICKEL_LME       2025-05-12 22:31:34.912952
dynamic_TF_carry/CORN             2025-05-12 22:31:34.913192
dynamic_TF_carry/SOYBEAN          2025-05-12 22:31:34.913427
dynamic_TF_carry/EU-DJ-TELECOM    2025-05-12 22:31:34.913662
dynamic_TF_carry/CAD10            2025-05-12 22:31:34.913896
dynamic_TF_carry/GOLD_micro       2025-05-12 22:31:34.914131
dynamic_TF_carry/LUMBER-new       2025-05-12 22:31:34.914371
dynamic_TF_carry/NOK              2025-05-12 22:31:34.914608
dynamic_TF_carry/CRUDE_W_mini     2025-05-12 22:31:34.914845
dynamic_TF_carry/EU-INSURE        2025-05-12 22:31:34.915313
dynamic_TF_carry/BRENT-LAST       2025-05-12 22:31:34.915546
dynamic_TF_carry/BUTTER           2025-05-12 22:31:34.915781
dynamic_TF_carry/BRENT_W          2025-05-12 22:31:34.916015
dynamic_TF_carry/US-MATERIAL      2025-05-12 22:31:34.916248
dynamic_TF_carry/CANOLA           2025-05-12 22:31:34.916482
dynamic_TF_carry/COAL             2025-05-12 22:31:34.916717
dynamic_TF_carry/EU-MEDIA         2025-05-12 22:31:34.916952
dynamic_TF_carry/VIX              2025-05-12 22:31:34.917186
dynamic_TF_carry/GBP              2025-05-12 22:31:34.917424
dynamic_TF_carry/FEEDCOW          2025-05-12 22:31:34.917658
dynamic_TF_carry/AUD_micro        2025-05-12 22:31:34.917891
dynamic_TF_carry/COAL-GEORDIE     2025-05-12 22:31:34.918124
dynamic_TF_carry/OAT              2025-05-12 22:31:34.918596
dynamic_TF_carry/EUA              2025-05-12 22:31:34.918831
dynamic_TF_carry/GBPCHF           2025-05-12 22:31:34.919064
dynamic_TF_carry/HANGENT_mini     2025-05-12 22:31:34.919303
dynamic_TF_carry/EU-TECH          2025-05-12 22:31:34.919772
dynamic_TF_carry/KOSDAQ           2025-05-12 22:31:34.920009
dynamic_TF_carry/EU-CHEM          2025-05-12 22:31:34.920247
dynamic_TF_carry/INR              2025-05-12 22:31:34.920483
dynamic_TF_carry/ETHEREUM         2025-05-12 22:31:34.920720
dynamic_TF_carry/R1000            2025-05-12 22:31:34.920955
dynamic_TF_carry/BUXL             2025-05-12 22:31:34.921189
dynamic_TF_carry/SWISSLEAD        2025-05-12 22:31:34.921422
dynamic_TF_carry/SGD              2025-05-12 22:31:34.921660
dynamic_TF_carry/HIGHYIELD        2025-05-12 22:31:34.921894
dynamic_TF_carry/KOSPI_mini       2025-05-12 22:31:34.922128
dynamic_TF_carry/KOSPI            2025-05-12 22:31:34.922363
dynamic_TF_carry/MSCISING         2025-05-12 22:31:34.922600
dynamic_TF_carry/COCOA_LDN        2025-05-12 22:31:34.923067
dynamic_TF_carry/JGB              2025-05-12 22:31:34.923302
dynamic_TF_carry/HEATOIL          2025-05-12 22:31:34.923535
dynamic_TF_carry/MILLWHEAT        2025-05-12 22:31:34.923770
dynamic_TF_carry/WHEAT            2025-05-12 22:31:34.924008
dynamic_TF_carry/EUROSTX-SMALL    2025-05-12 22:31:34.924243
dynamic_TF_carry/JP-REALESTATE    2025-05-12 22:31:34.924476
dynamic_TF_carry/CHINAA-CON       2025-05-12 22:31:34.924711
dynamic_TF_carry/US3              2025-05-12 22:31:34.925181
dynamic_TF_carry/ZAR              2025-05-12 22:31:34.925416
dynamic_TF_carry/US-ENERGY        2025-05-12 22:31:34.925655
dynamic_TF_carry/EUROSTX          2025-05-12 22:31:34.925893
dynamic_TF_carry/CLP              2025-05-12 22:31:34.926132
dynamic_TF_carry/CH10             2025-05-12 22:31:34.926374
dynamic_TF_carry/FTSECHINAH       2025-05-12 22:31:34.926611
dynamic_TF_carry/MIB              2025-05-12 22:31:34.926845
dynamic_TF_carry/EURIBOR          2025-05-12 22:31:34.927080
dynamic_TF_carry/MXP              2025-05-12 22:31:34.927315
dynamic_TF_carry/US10             2025-05-12 22:31:34.927550
dynamic_TF_carry/ETHANOL          2025-05-12 22:31:34.927786
dynamic_TF_carry/OJ               2025-05-12 22:31:34.928021
dynamic_TF_carry/PALLAD           2025-05-12 22:31:34.928256
dynamic_TF_carry/KRWUSD_mini      2025-05-12 22:31:34.928492
dynamic_TF_carry/V2X              2025-05-12 22:31:34.928726
dynamic_TF_carry/SARONA           2025-05-12 22:31:34.928960
dynamic_TF_carry/EPRA-EUROPE      2025-05-12 22:31:34.929195
dynamic_TF_carry/FTSEVIET         2025-05-12 22:31:34.929429
dynamic_TF_carry/RUR              2025-05-12 22:31:34.929666
dynamic_TF_carry/FTSETAIWAN       2025-05-12 22:31:34.929901
dynamic_TF_carry/US20             2025-05-12 22:31:34.930136
dynamic_TF_carry/MILK             2025-05-12 22:31:34.930373
dynamic_TF_carry/FTSECHINAA       2025-05-12 22:31:34.930609
dynamic_TF_carry/GILT             2025-05-12 22:31:34.931094
dynamic_TF_carry/IRS              2025-05-12 22:31:34.931332
dynamic_TF_carry/GAS-PEN          2025-05-12 22:31:34.931569
dynamic_TF_carry/EU-AUTO          2025-05-12 22:31:34.931804
dynamic_TF_carry/BONO             2025-05-12 22:31:34.932040
dynamic_TF_carry/OMX              2025-05-12 22:31:34.932276
dynamic_TF_carry/MILKDRY          2025-05-12 22:31:34.932511
dynamic_TF_carry/CRUDE_W_micro    2025-05-12 22:31:34.932746
dynamic_TF_carry/FTSE100          2025-05-12 22:31:34.932982
dynamic_TF_carry/SUGAR_WHITE      2025-05-12 22:31:34.933218
dynamic_TF_carry/LEANHOG          2025-05-12 22:31:34.933454
dynamic_TF_carry/NIKKEI400        2025-05-12 22:31:34.933690
dynamic_TF_carry/JPY              2025-05-12 22:31:34.933926
dynamic_TF_carry/RUBBER           2025-05-12 22:31:34.934162
dynamic_TF_carry/IRON             2025-05-12 22:31:34.934404
dynamic_TF_carry/ROBUSTA          2025-05-12 22:31:34.934642
dynamic_TF_carry/SOYMEAL          2025-05-12 22:31:34.934879
dynamic_TF_carry/EU-MID           2025-05-12 22:31:34.935116
dynamic_TF_carry/EU-DJ-UTIL       2025-05-12 22:31:34.935353
dynamic_TF_carry/BUND             2025-05-12 22:31:34.935592
dynamic_TF_carry/COCOA            2025-05-12 22:31:34.935828
dynamic_TF_carry/DAX              2025-05-12 22:31:34.936065
dynamic_TF_carry/SPI200           2025-05-12 22:31:34.936304
dynamic_TF_carry/US5              2025-05-12 22:31:34.936541
dynamic_TF_carry/AEX              2025-05-12 22:31:34.936777
dynamic_TF_carry/GBPEUR           2025-05-12 22:31:34.937013
dynamic_TF_carry/DOW              2025-05-12 22:31:34.937249
dynamic_TF_carry/BBCOMM           2025-05-12 22:31:34.937484
dynamic_TF_carry/YENEUR           2025-05-12 22:31:34.937719
dynamic_TF_carry/EUROSTX200-LARGE 2025-05-12 22:31:34.937954
dynamic_TF_carry/PLAT             2025-05-12 22:31:34.938190
dynamic_TF_carry/AUDJPY           2025-05-12 22:31:34.938430
dynamic_TF_carry/KR10             2025-05-12 22:31:34.938666
dynamic_TF_carry/WHEY             2025-05-12 22:31:34.938902
dynamic_TF_carry/GAS_US_mini      2025-05-12 22:31:34.939136
dynamic_TF_carry/SMI-MID          2025-05-12 22:31:34.939372
dynamic_TF_carry/JGB-SGX-mini     2025-05-12 22:31:34.939607
dynamic_TF_carry/COTTON2          2025-05-12 22:31:34.939843
dynamic_TF_carry/FED              2025-05-12 22:31:34.940078
dynamic_TF_carry/FTSEINDO         2025-05-12 22:31:34.940314
dynamic_TF_carry/IBEX_mini        2025-05-12 22:31:34.940551
dynamic_TF_carry/MSCIASIA         2025-05-12 22:31:34.940788
dynamic_TF_carry/US2              2025-05-12 22:31:34.941022
dynamic_TF_carry/BOBL             2025-05-12 22:31:34.941257
dynamic_TF_carry/EU-HEALTH        2025-05-12 22:31:34.941491
dynamic_TF_carry/HANGTECH         2025-05-12 22:31:34.941726


======================================================================================================================
                                                Status of trade limits                                                
======================================================================================================================

                   period_days  trade_limit  trades_since_last_reset  trade_capacity_remaining   time_since_last_reset
 SP500_micro                30           20                     17.0                       3.0 21 days 07:57:33.188866
 HEATOIL                    30            4                      1.0                       3.0 21 days 08:57:38.774760
 EU-DJ-TELECOM               1            4                      0.0                       4.0  0 days 00:00:00.000001
 EU-DJ-TECH                  1            4                      0.0                       4.0  0 days 00:00:00.000002
 EU-DJ-OIL                   1            4                      0.0                       4.0  0 days 00:00:00.000002
