
********************************************************************************
                   Status report produced on 11/11/2024 22:55                   
********************************************************************************


Delayed methods: No delays

===============================
 Delayed adjusted / FX prices  
===============================

                    last_update
US-PROPERTY 2024-10-08 18:00:00
US-TECH     2024-10-08 20:00:00
US-FINANCE  2024-10-08 20:00:00
BB3M        2024-10-14 23:00:00
TWD         2024-11-04 23:00:00
SGX         2024-11-04 23:00:00

Delayed optimal positions: No delays
Instruments at trade limit: No constraints

================================================
         Instruments at position limit          
================================================

                 keys  position pos_limit  spare
125              CH10         0       0.0    0.0
78         COPPER_LME         0       0.0    0.0
77            BOVESPA         0       0.0    0.0
166     EU-DJ-TELECOM         0       0.0    0.0
170            KRWUSD         0       0.0    0.0
73           AEX_mini         0       0.0    0.0
72           ETHEREUM         0       0.0    0.0
70          HIGHYIELD         0       0.0    0.0
67              R1000         0       0.0    0.0
79              STEEL         0       0.0    0.0
179                IG         0       0.0    0.0
63           SGD_mini         0       0.0    0.0
180          JPY_mini         0       0.0    0.0
181              GICS         0       0.0    0.0
120           SMI-MID         0       0.0    0.0
184   EU-CONSTRUCTION         0       0.0    0.0
57                NOK         0       0.0    0.0
187          EU-MEDIA         0       0.0    0.0
53          EU-TRAVEL         0       0.0    0.0
64   EUROSTX200-LARGE         0       0.0    0.0
194               JGB         0       0.0    0.0
82                TWD         0       0.0    0.0
157          JGB-mini         0       0.0    0.0
123          HOUSE-US         0       0.0    0.0
128       CNH-onshore         0       0.0    0.0
115               PLN         0       0.0    0.0
130      COAL-GEORDIE         0       0.0    0.0
113               IRS         0       0.0    0.0
111              BUXL        -1       1.0    0.0
108               SEK         0       0.0    0.0
135               MIB         1       1.0    0.0
158           ETHANOL         0       0.0    0.0
137            NASDAQ         0       0.0    0.0
103         EU-RETAIL         0       0.0    0.0
141           MILKDRY         0       0.0    0.0
100            EURCHF         0       0.0    0.0
99             EURAUD         0       0.0    0.0
93               VNKI         0       0.0    0.0
92                CZK         0       0.0    0.0
89             PALLAD         0       0.0    0.0
88        EPRA-EUROPE         0       0.0    0.0
140           EU-CHEM         0       0.0    0.0
199            BUTTER         0       0.0    0.0
121             SP400         0       0.0    0.0
20         EU-DJ-TECH         0       0.0    0.0
30             COTTON         0       0.0    0.0
31             CHFJPY         0       0.0    0.0
223               CLP         0       0.0    0.0
26           EU-HOUSE         0       0.0    0.0
34               WHEY         0       0.0    0.0
12                SGX         0       0.0    0.0
36             AUDJPY         0       0.0    0.0
37             GBPJPY         0       0.0    0.0
236               OMX         0       0.0    0.0
10               COAL         0       0.0    0.0
231               RUR         0       0.0    0.0
233       HEATOIL-ICE         0       0.0    0.0
9             US-TECH         0       0.0    0.0
237     EUROSTX-LARGE         0       0.0    0.0
24            TIN_LME         0       0.0    0.0
23           TWD-mini         0       0.0    0.0
228       COPPER-mini         0       0.0    0.0
241            EURCAD         0       0.0    0.0
230   GASOILINE_micro         0       0.0    0.0
243         SWISSLEAD         0       0.0    0.0
229           MILKWET         0       0.0    0.0
214         CHF_micro         0       0.0    0.0


======================================================
       Overrides in database consider deleting        
======================================================

                                              override
NICKEL_LME          Override Close because in database
BB3M          Override Reduce only because in database
VNKI          Override Reduce only because in database
GOLD-mini     Override Reduce only because in database
COPPER-mini   Override Reduce only because in database
GICS          Override Reduce only because in database
IBEX_mini     Override Reduce only because in database
VIX_mini      Override Reduce only because in database
SGD           Override Reduce only because in database
WHEAT_mini    Override Reduce only because in database
CRUDE_W_mini  Override Reduce only because in database
STEEL         Override Reduce only because in database
COAL-GEORDIE  Override Reduce only because in database
TWD           Override Reduce only because in database
KRWUSD        Override Reduce only because in database
AEX           Override Reduce only because in database
AEX_mini      Override Reduce only because in database
SPI200        Override Reduce only because in database
FTSEINDO      Override Reduce only because in database
FTSE100       Override Reduce only because in database
FTSETAIWAN    Override Reduce only because in database
HOUSE-US      Override Reduce only because in database
COTTON        Override Reduce only because in database
BRENT-LAST    Override Reduce only because in database
DX            Override Reduce only because in database
COAL          Override Reduce only because in database
INR           Override Reduce only because in database
SGX           Override Reduce only because in database
FTSEVIET      Override Reduce only because in database

Locked instruments (position mismatch): []

==============================================
Status of adjusted price / FX price collection
==============================================

                         last_update
US-PROPERTY      2024-10-08 18:00:00
US-TECH          2024-10-08 20:00:00
US-FINANCE       2024-10-08 20:00:00
BB3M             2024-10-14 23:00:00
TWD              2024-11-04 23:00:00
SGX              2024-11-04 23:00:00
CAD5             2024-11-08 23:00:00
CANOLA*          2024-11-08 23:00:00
COAL-GEORDIE     2024-11-08 23:00:00
KRWUSD           2024-11-08 23:00:00
HOUSE-US         2024-11-08 23:00:00
COTTON           2024-11-08 23:00:00
CAD10            2024-11-08 23:00:00
EURAUD           2024-11-08 23:00:00
CZK              2024-11-08 23:00:00
CNH-onshore      2024-11-08 23:00:00
CLP              2024-11-08 23:00:00
SUGAR16          2024-11-08 23:00:00
CAD2             2024-11-08 23:00:00
SWISSLEAD        2024-11-08 23:00:00
CHFJPY           2024-11-08 23:00:00
EPRA-EUROPE      2024-11-08 23:00:00
ETHANOL          2024-11-08 23:00:00
TWD-mini         2024-11-08 23:00:00
MSCIEMASIA       2024-11-08 23:00:00
IRS              2024-11-08 23:00:00
RUR              2024-11-08 23:00:00
COPPER_LME       2024-11-08 23:00:00
OMX              2024-11-08 23:00:00
GBPJPY           2024-11-08 23:00:00
MILKWET          2024-11-08 23:00:00
SGD_mini         2024-11-08 23:00:00
TIN_LME          2024-11-08 23:00:00
JGB-mini         2024-11-10 23:45:00
SPI200           2024-11-11 04:00:00
IRON             2024-11-11 04:00:00
KR10             2024-11-11 04:00:00
VNKI             2024-11-11 04:00:00
JGB-SGX-mini     2024-11-11 04:00:00
FTSEVIET         2024-11-11 04:00:00
KOSPI            2024-11-11 05:00:00
KOSPI_mini       2024-11-11 05:00:00
MSCITAIWAN*      2024-11-11 05:00:00
MSCISING*        2024-11-11 05:00:00
KOSDAQ           2024-11-11 05:00:00
NIKKEI           2024-11-11 05:00:00
NIKKEI400        2024-11-11 05:00:00
KR3              2024-11-11 05:00:00
MUMMY*           2024-11-11 05:00:00
HANGTECH         2024-11-11 05:00:00
CHINAA-CON       2024-11-11 05:00:00
RUBBER           2024-11-11 05:00:00
FTSETAIWAN*      2024-11-11 05:00:00
FTSEINDO         2024-11-11 05:00:00
FTSECHINAH       2024-11-11 05:00:00
TOPIX            2024-11-11 05:00:00
FTSECHINAA       2024-11-11 05:00:00
JP-REALESTATE    2024-11-11 05:00:00
HANG             2024-11-11 05:00:00
HANGENT_mini     2024-11-11 05:00:00
HANG_mini        2024-11-11 05:00:00
CNH              2024-11-11 05:00:00
SGD              2024-11-11 05:00:00
JGB              2024-11-11 05:00:00
HANGENT          2024-11-11 05:00:00
KRWUSD_mini      2024-11-11 05:00:00
AEX_mini         2024-11-11 07:00:00
EUROSTX200-LARGE 2024-11-11 08:00:00
MSCIWORLD        2024-11-11 12:00:00
CH10             2024-11-11 13:00:00
DJSTX-SMALL      2024-11-11 13:00:00
EURIBOR          2024-11-11 14:00:00
EUROSTX-LARGE    2024-11-11 14:00:00
GAS-PEN          2024-11-11 14:30:00
IBEX             2024-11-11 15:00:00
HEATOIL-ICE      2024-11-11 15:00:00
SONIA3           2024-11-11 15:00:00
SUGAR_WHITE      2024-11-11 15:00:00
GILT             2024-11-11 15:00:00
FTSE100          2024-11-11 15:00:00
FTSE250          2024-11-11 15:00:00
BRENT_W          2024-11-11 15:00:00
BONO             2024-11-11 15:00:00
V2X              2024-11-11 15:00:00
WHEAT_ICE        2024-11-11 15:00:00
ALUMINIUM_LME    2024-11-11 15:00:00
ZINC_LME         2024-11-11 15:00:00
GASOIL           2024-11-11 15:00:00
EURIBOR-ICE      2024-11-11 15:00:00
EU-CONSTRUCTION  2024-11-11 15:00:00
LEAD_LME         2024-11-11 15:00:00
ROBUSTA          2024-11-11 15:00:00
MIB*             2024-11-11 15:00:00
MILLWHEAT*       2024-11-11 15:00:00
EU-DJ-TELECOM    2024-11-11 15:00:00
EU-DJ-UTIL       2024-11-11 15:00:00
MSCIASIA         2024-11-11 15:00:00
GBPCHF           2024-11-11 15:00:00
EU-HOUSE         2024-11-11 15:00:00
NICKEL_LME       2024-11-11 15:00:00
CRUDE_ICE        2024-11-11 15:00:00
IBEX_mini        2024-11-11 15:00:00
GASOILINE_ICE    2024-11-11 15:00:00
EU-TECH          2024-11-11 15:00:00
SARONA           2024-11-11 15:00:00
COCOA_LDN        2024-11-11 15:00:00
EUA              2024-11-11 15:00:00
COAL             2024-11-11 15:00:00
EU-RETAIL        2024-11-11 15:00:00
OAT              2024-11-11 16:00:00
STEEL            2024-11-11 16:00:00
SMI-MID          2024-11-11 16:00:00
SMI              2024-11-11 16:00:00
SHATZ            2024-11-11 16:00:00
INR              2024-11-11 16:00:00
AEX              2024-11-11 16:00:00
EU-BANKS         2024-11-11 16:00:00
BTP              2024-11-11 16:00:00
EU-UTILS         2024-11-11 16:00:00
EU-TRAVEL        2024-11-11 16:00:00
DAX              2024-11-11 16:00:00
EU-OIL           2024-11-11 16:00:00
EU-MID           2024-11-11 16:00:00
EU-MEDIA         2024-11-11 16:00:00
EU-INSURE        2024-11-11 16:00:00
EU-HEALTH        2024-11-11 16:00:00
EU-FOOD          2024-11-11 16:00:00
EU-DJ-TECH       2024-11-11 16:00:00
EU-DJ-OIL        2024-11-11 16:00:00
EU-DIV30         2024-11-11 16:00:00
EU-CHEM          2024-11-11 16:00:00
EU-BASIC         2024-11-11 16:00:00
EU-AUTO*         2024-11-11 16:00:00
BOBL             2024-11-11 16:00:00
BTP3             2024-11-11 16:00:00
EURO600          2024-11-11 16:00:00
EU-REALESTATE    2024-11-11 16:00:00
EUROSTX-SMALL    2024-11-11 16:00:00
EUROSTX          2024-11-11 16:00:00
BUND             2024-11-11 16:00:00
CAC              2024-11-11 16:00:00
BUXL*            2024-11-11 16:00:00
HIGHYIELD        2024-11-11 17:00:00
ALUMINIUM        2024-11-11 17:00:00
WHEY             2024-11-11 17:00:00
SUGAR11          2024-11-11 17:00:00
IG               2024-11-11 17:00:00
AUDJPY           2024-11-11 18:00:00
GASOILINE_micro  2024-11-11 18:00:00
OJ               2024-11-11 18:00:00
COCOA            2024-11-11 18:00:00
COFFEE           2024-11-11 18:00:00
EURCAD           2024-11-11 18:00:00
GAS-LAST         2024-11-11 18:00:00
BOVESPA          2024-11-11 18:00:00
MILKDRY          2024-11-11 18:00:00
NOK              2024-11-11 19:00:00
SOYMEAL*         2024-11-11 19:00:00
CRUDE_W_micro*   2024-11-11 19:00:00
COTTON2*         2024-11-11 19:00:00
OATIES           2024-11-11 19:00:00
US-HEALTH        2024-11-11 19:00:00
SOFR             2024-11-11 19:00:00
SOYBEAN_mini     2024-11-11 19:00:00
PLN              2024-11-11 19:00:00
REDWHEAT         2024-11-11 19:00:00
SOYBEAN          2024-11-11 19:00:00
SILVER           2024-11-11 19:00:00
CORN*            2024-11-11 19:00:00
BUTTER           2024-11-11 19:00:00
SEK              2024-11-11 19:00:00
CORN_mini        2024-11-11 19:00:00
US-INDUSTRY      2024-11-11 19:00:00
RICE             2024-11-11 19:00:00
FEEDCOW          2024-11-11 19:00:00
FANG             2024-11-11 19:00:00
WHEAT            2024-11-11 19:00:00
LEANHOG*         2024-11-11 19:00:00
LIVECOW          2024-11-11 19:00:00
WHEAT_mini       2024-11-11 19:00:00
EUR_micro        2024-11-11 19:00:00
SOYOIL           2024-11-11 19:00:00
EURCHF           2024-11-11 19:00:00
GBPEUR           2024-11-11 19:00:00
ETHER-micro      2024-11-11 19:00:00
US-UTILS         2024-11-11 19:00:00
BBCOMM           2024-11-11 19:00:00
GAS_US_mini*     2024-11-11 19:00:00
YENEUR*          2024-11-11 20:00:00
AUD              2024-11-11 20:00:00
ZAR              2024-11-11 20:00:00
VIX_mini         2024-11-11 20:00:00
VIX              2024-11-11 20:00:00
SP500_micro      2024-11-11 20:00:00
US-MATERIAL      2024-11-11 20:00:00
BRENT-LAST       2024-11-11 20:00:00
US5              2024-11-11 20:00:00
BITCOIN*         2024-11-11 20:00:00
BRE              2024-11-11 20:00:00
US30             2024-11-11 20:00:00
US3              2024-11-11 20:00:00
US20             2024-11-11 20:00:00
US-DISCRETE      2024-11-11 20:00:00
US-ENERGY        2024-11-11 20:00:00
US2              2024-11-11 20:00:00
US10U            2024-11-11 20:00:00
US10             2024-11-11 20:00:00
US-STAPLES       2024-11-11 20:00:00
US-REALESTATE    2024-11-11 20:00:00
AUD_micro        2024-11-11 20:00:00
SP500            2024-11-11 20:00:00
GAS_US           2024-11-11 20:00:00
CAD*             2024-11-11 20:00:00
MSCIEAFA         2024-11-11 20:00:00
ETHEREUM         2024-11-11 20:00:00
MILK             2024-11-11 20:00:00
SP400            2024-11-11 20:00:00
JPY_mini         2024-11-11 20:00:00
JPY*             2024-11-11 20:00:00
EUR              2024-11-11 20:00:00
HEATOIL          2024-11-11 20:00:00
EUR_mini         2024-11-11 20:00:00
FED              2024-11-11 20:00:00
GOLD_micro       2024-11-11 20:00:00
GOLD-mini        2024-11-11 20:00:00
GOLD             2024-11-11 20:00:00
GICS             2024-11-11 20:00:00
GBP_micro        2024-11-11 20:00:00
GASOILINE        2024-11-11 20:00:00
GBP              2024-11-11 20:00:00
DX               2024-11-11 20:00:00
DOW_mini         2024-11-11 20:00:00
LUMBER-new       2024-11-11 20:00:00
MXP*             2024-11-11 20:00:00
CAD_micro        2024-11-11 20:00:00
CHEESE           2024-11-11 20:00:00
CHF*             2024-11-11 20:00:00
DOW*             2024-11-11 20:00:00
COPPER           2024-11-11 20:00:00
RUSSELL_mini     2024-11-11 20:00:00
RUSSELL*         2024-11-11 20:00:00
COPPER-micro     2024-11-11 20:00:00
COPPER-mini      2024-11-11 20:00:00
CHF_micro        2024-11-11 20:00:00
R1000            2024-11-11 20:00:00
PLAT             2024-11-11 20:00:00
PALLAD           2024-11-11 20:00:00
NZD*             2024-11-11 20:00:00
CRUDE_W          2024-11-11 20:00:00
CRUDE_W_mini     2024-11-11 20:00:00
NASDAQ_micro*    2024-11-11 20:00:00
NASDAQ           2024-11-11 20:00:00
JPYUSD           2024-11-11 23:00:00
CNHUSD           2024-11-11 23:00:00
AUDUSD           2024-11-11 23:00:00
KRWUSD           2024-11-11 23:00:00
CHFUSD           2024-11-11 23:00:00
GBPUSD           2024-11-11 23:00:00
MXPUSD           2024-11-11 23:00:00
SGDUSD           2024-11-11 23:00:00
CADUSD           2024-11-11 23:00:00
HKDUSD           2024-11-11 23:00:00
EURUSD           2024-11-11 23:00:00
SEKUSD           2024-11-11 23:00:00


============================================================
           Status of optimal position generation            
============================================================

                                                 last_update
dynamic_TF_carry/NIKKEI           2024-11-11 22:31:25.295876
dynamic_TF_carry/EU-OIL           2024-11-11 22:31:25.296107
dynamic_TF_carry/CAD2             2024-11-11 22:31:25.296319
dynamic_TF_carry/DJSTX-SMALL      2024-11-11 22:31:25.296526
dynamic_TF_carry/FEEDCOW          2024-11-11 22:31:25.296731
dynamic_TF_carry/EURCHF           2024-11-11 22:31:25.296937
dynamic_TF_carry/US-ENERGY        2024-11-11 22:31:25.297142
dynamic_TF_carry/GBPEUR           2024-11-11 22:31:25.297347
dynamic_TF_carry/EU-CONSTRUCTION  2024-11-11 22:31:25.297551
dynamic_TF_carry/IRS              2024-11-11 22:31:25.297755
dynamic_TF_carry/ALUMINIUM        2024-11-11 22:31:25.297958
dynamic_TF_carry/JGB              2024-11-11 22:31:25.298163
dynamic_TF_carry/ZAR              2024-11-11 22:31:25.298366
dynamic_TF_carry/EU-MID           2024-11-11 22:31:25.298572
dynamic_TF_carry/SMI-MID          2024-11-11 22:31:25.298776
dynamic_TF_carry/TOPIX            2024-11-11 22:31:25.298980
dynamic_TF_carry/KOSPI            2024-11-11 22:31:25.299186
dynamic_TF_carry/FTSECHINAH       2024-11-11 22:31:25.299390
dynamic_TF_carry/DAX              2024-11-11 22:31:25.299594
dynamic_TF_carry/HEATOIL          2024-11-11 22:31:25.299797
dynamic_TF_carry/GOLD_micro       2024-11-11 22:31:25.300006
dynamic_TF_carry/MXP              2024-11-11 22:31:25.300209
dynamic_TF_carry/SOYMEAL          2024-11-11 22:31:25.300413
dynamic_TF_carry/VNKI             2024-11-11 22:31:25.300617
dynamic_TF_carry/CRUDE_W_micro    2024-11-11 22:31:25.300821
dynamic_TF_carry/HANG_mini        2024-11-11 22:31:25.301025
dynamic_TF_carry/NASDAQ_micro     2024-11-11 22:31:25.301229
dynamic_TF_carry/CHFJPY           2024-11-11 22:31:25.301433
dynamic_TF_carry/WHEY             2024-11-11 22:31:25.301637
dynamic_TF_carry/MILK             2024-11-11 22:31:25.302045
dynamic_TF_carry/RUSSELL          2024-11-11 22:31:25.302249
dynamic_TF_carry/KRWUSD_mini      2024-11-11 22:31:25.302453
dynamic_TF_carry/SGX              2024-11-11 22:31:25.302860
dynamic_TF_carry/COPPER-micro     2024-11-11 22:31:25.303064
dynamic_TF_carry/FTSE100          2024-11-11 22:31:25.303267
dynamic_TF_carry/CRUDE_ICE        2024-11-11 22:31:25.303471
dynamic_TF_carry/SONIA3           2024-11-11 22:31:25.303675
dynamic_TF_carry/CORN             2024-11-11 22:31:25.303879
dynamic_TF_carry/SGD              2024-11-11 22:31:25.304086
dynamic_TF_carry/SWISSLEAD        2024-11-11 22:31:25.304290
dynamic_TF_carry/FTSE250          2024-11-11 22:31:25.304496
dynamic_TF_carry/US2              2024-11-11 22:31:25.304700
dynamic_TF_carry/BBCOMM           2024-11-11 22:31:25.304904
dynamic_TF_carry/GAS-PEN          2024-11-11 22:31:25.305109
dynamic_TF_carry/HIGHYIELD        2024-11-11 22:31:25.305314
dynamic_TF_carry/US-INDUSTRY      2024-11-11 22:31:25.305517
dynamic_TF_carry/SOYOIL           2024-11-11 22:31:25.305721
dynamic_TF_carry/ETHEREUM         2024-11-11 22:31:25.305927
dynamic_TF_carry/TWD              2024-11-11 22:31:25.306132
dynamic_TF_carry/COTTON           2024-11-11 22:31:25.306336
dynamic_TF_carry/EPRA-EUROPE      2024-11-11 22:31:25.306541
dynamic_TF_carry/JPY              2024-11-11 22:31:25.306746
dynamic_TF_carry/SILVER           2024-11-11 22:31:25.306951
dynamic_TF_carry/NIKKEI400        2024-11-11 22:31:25.307155
dynamic_TF_carry/WHEAT            2024-11-11 22:31:25.307360
dynamic_TF_carry/CAD10            2024-11-11 22:31:25.307564
dynamic_TF_carry/EU-MEDIA         2024-11-11 22:31:25.307770
dynamic_TF_carry/MSCITAIWAN       2024-11-11 22:31:25.307978
dynamic_TF_carry/DX               2024-11-11 22:31:25.308182
dynamic_TF_carry/INR              2024-11-11 22:31:25.308385
dynamic_TF_carry/EURIBOR-ICE      2024-11-11 22:31:25.308588
dynamic_TF_carry/NOK              2024-11-11 22:31:25.308792
dynamic_TF_carry/RUR              2024-11-11 22:31:25.308996
dynamic_TF_carry/US3              2024-11-11 22:31:25.309200
dynamic_TF_carry/IRON             2024-11-11 22:31:25.309405
dynamic_TF_carry/HANGENT_mini     2024-11-11 22:31:25.309609
dynamic_TF_carry/KOSPI_mini       2024-11-11 22:31:25.309813
dynamic_TF_carry/COTTON2          2024-11-11 22:31:25.310018
dynamic_TF_carry/EU-DIV30         2024-11-11 22:31:25.310222
dynamic_TF_carry/R1000            2024-11-11 22:31:25.310427
dynamic_TF_carry/EU-RETAIL        2024-11-11 22:31:25.310632
dynamic_TF_carry/BUTTER           2024-11-11 22:31:25.310836
dynamic_TF_carry/EURCAD           2024-11-11 22:31:25.311040
dynamic_TF_carry/EU-CHEM          2024-11-11 22:31:25.311243
dynamic_TF_carry/CRUDE_W_mini     2024-11-11 22:31:25.311447
dynamic_TF_carry/US-MATERIAL      2024-11-11 22:31:25.311651
dynamic_TF_carry/BUND             2024-11-11 22:31:25.311856
dynamic_TF_carry/EU-REALESTATE    2024-11-11 22:31:25.312064
dynamic_TF_carry/BOVESPA          2024-11-11 22:31:25.312269
dynamic_TF_carry/EUROSTX-LARGE    2024-11-11 22:31:25.312474
dynamic_TF_carry/EUR              2024-11-11 22:31:25.312678
dynamic_TF_carry/MSCIASIA         2024-11-11 22:31:25.312883
dynamic_TF_carry/COPPER_LME       2024-11-11 22:31:25.313087
dynamic_TF_carry/EUROSTX-SMALL    2024-11-11 22:31:25.313291
dynamic_TF_carry/FTSEINDO         2024-11-11 22:31:25.313495
dynamic_TF_carry/CHF              2024-11-11 22:31:25.313698
dynamic_TF_carry/EURIBOR          2024-11-11 22:31:25.313903
dynamic_TF_carry/CH10             2024-11-11 22:31:25.314310
dynamic_TF_carry/COFFEE           2024-11-11 22:31:25.314514
dynamic_TF_carry/IG               2024-11-11 22:31:25.314718
dynamic_TF_carry/PALLAD           2024-11-11 22:31:25.314922
dynamic_TF_carry/STEEL            2024-11-11 22:31:25.315126
dynamic_TF_carry/ETHANOL          2024-11-11 22:31:25.315330
dynamic_TF_carry/BTP              2024-11-11 22:31:25.315534
dynamic_TF_carry/FANG             2024-11-11 22:31:25.315738
dynamic_TF_carry/LUMBER-new       2024-11-11 22:31:25.315945
dynamic_TF_carry/EU-HOUSE         2024-11-11 22:31:25.316150
dynamic_TF_carry/NICKEL_LME       2024-11-11 22:31:25.316354
dynamic_TF_carry/BRENT-LAST       2024-11-11 22:31:25.316559
dynamic_TF_carry/EU-TECH          2024-11-11 22:31:25.316763
dynamic_TF_carry/GILT             2024-11-11 22:31:25.316968
dynamic_TF_carry/US-FINANCE       2024-11-11 22:31:25.317172
dynamic_TF_carry/MSCISING         2024-11-11 22:31:25.317377
dynamic_TF_carry/SEK              2024-11-11 22:31:25.317581
dynamic_TF_carry/SARONA           2024-11-11 22:31:25.317787
dynamic_TF_carry/BRENT_W          2024-11-11 22:31:25.317991
dynamic_TF_carry/EUROSTX          2024-11-11 22:31:25.318195
dynamic_TF_carry/OAT              2024-11-11 22:31:25.318605
dynamic_TF_carry/SHATZ            2024-11-11 22:31:25.318810
dynamic_TF_carry/HOUSE-US         2024-11-11 22:31:25.319014
dynamic_TF_carry/OATIES           2024-11-11 22:31:25.319219
dynamic_TF_carry/PLAT             2024-11-11 22:31:25.319425
dynamic_TF_carry/EURO600          2024-11-11 22:31:25.319630
dynamic_TF_carry/KR10             2024-11-11 22:31:25.319836
dynamic_TF_carry/COCOA            2024-11-11 22:31:25.320045
dynamic_TF_carry/AUDJPY           2024-11-11 22:31:25.320251
dynamic_TF_carry/GBPCHF           2024-11-11 22:31:25.320456
dynamic_TF_carry/RUBBER           2024-11-11 22:31:25.320662
dynamic_TF_carry/CAD              2024-11-11 22:31:25.320868
dynamic_TF_carry/BB3M             2024-11-11 22:31:25.321073
dynamic_TF_carry/REDWHEAT         2024-11-11 22:31:25.321277
dynamic_TF_carry/US-HEALTH        2024-11-11 22:31:25.321483
dynamic_TF_carry/EU-AUTO          2024-11-11 22:31:25.321689
dynamic_TF_carry/SOYBEAN          2024-11-11 22:31:25.321894
dynamic_TF_carry/COPPER           2024-11-11 22:31:25.322100
dynamic_TF_carry/COAL-GEORDIE     2024-11-11 22:31:25.322306
dynamic_TF_carry/OJ               2024-11-11 22:31:25.322512
dynamic_TF_carry/BITCOIN          2024-11-11 22:31:25.322716
dynamic_TF_carry/CHINAA-CON       2024-11-11 22:31:25.322922
dynamic_TF_carry/BOBL             2024-11-11 22:31:25.323127
dynamic_TF_carry/EU-BASIC         2024-11-11 22:31:25.323334
dynamic_TF_carry/US-UTILS         2024-11-11 22:31:25.323540
dynamic_TF_carry/V2X              2024-11-11 22:31:25.323745
dynamic_TF_carry/EU-DJ-TELECOM    2024-11-11 22:31:25.323955
dynamic_TF_carry/SUGAR16          2024-11-11 22:31:25.324162
dynamic_TF_carry/US10             2024-11-11 22:31:25.324368
dynamic_TF_carry/EU-DJ-UTIL       2024-11-11 22:31:25.324574
dynamic_TF_carry/YENEUR           2024-11-11 22:31:25.324779
dynamic_TF_carry/SPI200           2024-11-11 22:31:25.324985
dynamic_TF_carry/FTSETAIWAN       2024-11-11 22:31:25.325190
dynamic_TF_carry/LIVECOW          2024-11-11 22:31:25.325394
dynamic_TF_carry/US-REALESTATE    2024-11-11 22:31:25.325600
dynamic_TF_carry/SOYBEAN_mini     2024-11-11 22:31:25.325806
dynamic_TF_carry/US10U            2024-11-11 22:31:25.326013
dynamic_TF_carry/GAS_US_mini      2024-11-11 22:31:25.326219
dynamic_TF_carry/EUR_micro        2024-11-11 22:31:25.326426
dynamic_TF_carry/GICS             2024-11-11 22:31:25.326634
dynamic_TF_carry/CANOLA           2024-11-11 22:31:25.326840
dynamic_TF_carry/CLP              2024-11-11 22:31:25.327048
dynamic_TF_carry/US20             2024-11-11 22:31:25.327254
dynamic_TF_carry/KOSDAQ           2024-11-11 22:31:25.327462
dynamic_TF_carry/GAS-LAST         2024-11-11 22:31:25.327668
dynamic_TF_carry/MUMMY            2024-11-11 22:31:25.327874
dynamic_TF_carry/RICE             2024-11-11 22:31:25.328083
dynamic_TF_carry/EU-INSURE        2024-11-11 22:31:25.328289
dynamic_TF_carry/BUXL             2024-11-11 22:31:25.328495
dynamic_TF_carry/MILKDRY          2024-11-11 22:31:25.328701
dynamic_TF_carry/EUA              2024-11-11 22:31:25.328907
dynamic_TF_carry/US5              2024-11-11 22:31:25.329114
dynamic_TF_carry/FED              2024-11-11 22:31:25.329320
dynamic_TF_carry/EU-UTILS         2024-11-11 22:31:25.329526
dynamic_TF_carry/EU-TRAVEL        2024-11-11 22:31:25.329731
dynamic_TF_carry/EU-FOOD          2024-11-11 22:31:25.329936
dynamic_TF_carry/MILKWET          2024-11-11 22:31:25.330143
dynamic_TF_carry/TIN_LME          2024-11-11 22:31:25.330348
dynamic_TF_carry/BONO             2024-11-11 22:31:25.330554
dynamic_TF_carry/AUD_micro        2024-11-11 22:31:25.330760
dynamic_TF_carry/MILLWHEAT        2024-11-11 22:31:25.330965
dynamic_TF_carry/BRE              2024-11-11 22:31:25.331376
dynamic_TF_carry/HANGTECH         2024-11-11 22:31:25.331581
dynamic_TF_carry/CAC              2024-11-11 22:31:25.331786
dynamic_TF_carry/COAL             2024-11-11 22:31:25.331995
dynamic_TF_carry/SUGAR11          2024-11-11 22:31:25.332201
dynamic_TF_carry/EURAUD           2024-11-11 22:31:25.332406
dynamic_TF_carry/GASOILINE        2024-11-11 22:31:25.332611
dynamic_TF_carry/GBPJPY           2024-11-11 22:31:25.332817
dynamic_TF_carry/LEANHOG          2024-11-11 22:31:25.333022
dynamic_TF_carry/NZD              2024-11-11 22:31:25.333229
dynamic_TF_carry/US-TECH          2024-11-11 22:31:25.333434
dynamic_TF_carry/US30             2024-11-11 22:31:25.333641
dynamic_TF_carry/VIX              2024-11-11 22:31:25.333848
dynamic_TF_carry/US-PROPERTY      2024-11-11 22:31:25.334054
dynamic_TF_carry/BTP3             2024-11-11 22:31:25.334261
dynamic_TF_carry/CNH              2024-11-11 22:31:25.334465
dynamic_TF_carry/SUGAR_WHITE      2024-11-11 22:31:25.334670
dynamic_TF_carry/MSCIEAFA         2024-11-11 22:31:25.334874
dynamic_TF_carry/IBEX_mini        2024-11-11 22:31:25.335080
dynamic_TF_carry/EU-BANKS         2024-11-11 22:31:25.335285
dynamic_TF_carry/MSCIWORLD        2024-11-11 22:31:25.335490
dynamic_TF_carry/AEX              2024-11-11 22:31:25.335694
dynamic_TF_carry/JP-REALESTATE    2024-11-11 22:31:25.335899
dynamic_TF_carry/OMX              2024-11-11 22:31:25.336312
dynamic_TF_carry/ZINC_LME         2024-11-11 22:31:25.336516
dynamic_TF_carry/US-DISCRETE      2024-11-11 22:31:25.336721
dynamic_TF_carry/CHEESE           2024-11-11 22:31:25.337131
dynamic_TF_carry/JGB-SGX-mini     2024-11-11 22:31:25.337338
dynamic_TF_carry/FTSEVIET         2024-11-11 22:31:25.337545
dynamic_TF_carry/MSCIEMASIA       2024-11-11 22:31:25.337750
dynamic_TF_carry/AUD              2024-11-11 22:31:25.337955
dynamic_TF_carry/SP500_micro      2024-11-11 22:31:25.338161
dynamic_TF_carry/WHEAT_ICE        2024-11-11 22:31:25.338366
dynamic_TF_carry/PLN              2024-11-11 22:31:25.338572
dynamic_TF_carry/LEAD_LME         2024-11-11 22:31:25.338776
dynamic_TF_carry/FTSECHINAA       2024-11-11 22:31:25.338981
dynamic_TF_carry/EUROSTX200-LARGE 2024-11-11 22:31:25.339187
dynamic_TF_carry/ROBUSTA          2024-11-11 22:31:25.339393
dynamic_TF_carry/CAD5             2024-11-11 22:31:25.339598
dynamic_TF_carry/SMI              2024-11-11 22:31:25.339803
dynamic_TF_carry/GBP              2024-11-11 22:31:25.340011
dynamic_TF_carry/KRWUSD           2024-11-11 22:31:25.340216
dynamic_TF_carry/DOW              2024-11-11 22:31:25.340421
dynamic_TF_carry/MIB              2024-11-11 22:31:25.340626
dynamic_TF_carry/SOFR             2024-11-11 22:31:25.340831
dynamic_TF_carry/GASOIL           2024-11-11 22:31:25.341035
dynamic_TF_carry/CZK              2024-11-11 22:31:25.341240
dynamic_TF_carry/EU-HEALTH        2024-11-11 22:31:25.341444
dynamic_TF_carry/KR3              2024-11-11 22:31:25.341650
dynamic_TF_carry/SP400            2024-11-11 22:31:25.341856
dynamic_TF_carry/US-STAPLES       2024-11-11 22:31:25.342062
dynamic_TF_carry/COCOA_LDN        2024-11-11 22:31:25.342267


======================================================================================================================
                                                Status of trade limits                                                
======================================================================================================================

                   period_days  trade_limit  trades_since_last_reset  trade_capacity_remaining   time_since_last_reset
 GAS_US_mini                14            4                      1.0                       3.0  5 days 08:56:17.959945
 BUND                       30            4                      1.0                       3.0 19 days 14:56:22.129716
 PLAT                       30            4                      1.0                       3.0 19 days 08:56:29.570685
 SMI                        30            4                      1.0                       3.0 24 days 14:56:24.162616
 CORN                        1            4                      0.0                       4.0  0 days 00:00:00.000003
 EU-MEDIA                    1            4                      0.0                       4.0  0 days 00:00:00.000001
 EU-HOUSE                    1            4                      0.0                       4.0  0 days 00:00:00.000001
 EU-DJ-UTIL                  1            4                      0.0                       4.0  0 days 00:00:00.000001
 EU-DJ-TELECOM               1            4                      0.0                       4.0  0 days 00:00:00.000002
 EU-DJ-TECH                  1            4                      0.0                       4.0  0 days 00:00:00.000002
 EU-DJ-OIL                   1            4                      0.0                       4.0  0 days 00:00:00.000001
 EU-CONSTRUCTION             1            4                      0.0                       4.0  0 days 00:00:00.000001
 ETHANOL                     1            4                      0.0                       4.0  0 days 00:00:00.000002
 CZK                         1            4                      0.0                       4.0  0 days 00:00:00.000002
 COTTON                      1            4                      0.0                       4.0  0 days 00:00:00.000001
 COPPER-mini                 1            4                      0.0                       4.0  0 days 00:00:00.000001
 CNH-onshore                 1            4                      0.0                       4.0  0 days 00:00:00.000001
 CLP                         1            4                      0.0                       4.0  0 days 00:00:00.000001
 CH10                        1            4                      0.0                       4.0  0 days 00:00:00.000002
 BUTTER                      1            4                      0.0                       4.0  0 days 00:00:00.000002
 BOVESPA                     1            4                      0.0                       4.0  0 days 00:00:00.000001
 BEL20                       1            4                      0.0                       4.0  0 days 00:00:00.000001
 ALUMINIUM                   1            4                      0.0                       4.0  0 days 00:00:00.000001
 EU-MID                      1            4                      0.0                       4.0  0 days 00:00:00.000002
 EU-REALESTATE               1            4                      0.0                       4.0  0 days 00:00:00.000002
 EURCHF                      1            4                      0.0                       4.0  0 days 00:00:00.000001
 EURIBOR                     1            4                      0.0                       4.0  0 days 00:00:00.000001
 US-INDUSTRY                 1            4                      0.0                       4.0  0 days 00:00:00.000002
 US-HEALTH                   1            4                      0.0                       4.0  0 days 00:00:00.000001
 US-FINANCE                  1            4                      0.0                       4.0  0 days 00:00:00.000001
 US-ENERGY                   1            4                      0.0                       4.0  0 days 00:00:00.000001
 US-DISCRETE                 1            4                      0.0                       4.0  0 days 00:00:00.000001
 SMI-MID                     1            4                      0.0                       4.0  0 days 00:00:00.000001
 SGX                         1            4                      0.0                       4.0  0 days 00:00:00.000001
 SGD                         1            4                      0.0                       4.0  0 days 00:00:00.000001
 OMX                         1            4                      0.0                       4.0  0 days 00:00:00.000002
 YENEUR                     30            4                      0.0                       4.0  0 days 00:00:00.000001
 MSCIASIA                    1            4                      0.0                       4.0  0 days 00:00:00.000002
 MILKDRY                     1            4                      0.0                       4.0  0 days 00:00:00.000001
 MID-DAX                     1            4                      0.0                       4.0  0 days 00:00:00.000001
 JP-REALESTATE               1            4                      0.0                       4.0  0 days 00:00:00.000001
 JGB-SGX-mini                1            4                      0.0                       4.0  0 days 00:00:00.000001
 IRS                         1            4                      0.0                       4.0  0 days 00:00:00.000001
 FTSEINDO                    1            4                      0.0                       4.0  0 days 00:00:00.000002
 EUROSTX200-LARGE            1            4                      0.0                       4.0  0 days 00:00:00.000002
 EUROSTX-SMALL               1            4                      0.0                       4.0  0 days 00:00:00.000001
 EUROSTX-LARGE               1            4                      0.0                       4.0  0 days 00:00:00.000001
 MILKWET                     1            4                      0.0                       4.0  0 days 00:00:00.000002
 US30                       30            4                      0.0                       4.0  0 days 00:00:00.000002
 US10U                      30            4                      0.0                       4.0  0 days 00:00:00.000002
 US-MATERIAL                 1            4                      0.0                       4.0  0 days 00:00:00.000002
 KRWUSD                     14            4                      0.0                       4.0  0 days 00:00:00.000002
 JGB                        14            4                      0.0                       4.0  0 days 00:00:00.000001
 HEATOIL                    14            4                      0.0                       4.0  0 days 00:00:00.000001
 GBPEUR                     14            4                      0.0                       4.0  0 days 00:00:00.000002
 GAS-LAST                   14            4                      0.0                       4.0  0 days 00:00:00.000002
 FTSETAIWAN                 14            4                      0.0                       4.0  3 days 20:55:58.767416
 EU-TECH                    14            4                      0.0                       4.0  0 days 00:00:00.000001
 EU-CHEM                    14            4                      0.0                       4.0  0 days 00:00:00.000002
 ETHEREUM                   14            4                      0.0                       4.0  0 days 00:00:00.000002
 CNH                        14            4                      0.0                       4.0  0 days 00:00:00.000002
 BUXL                       14            4                      0.0                       4.0 10 days 14:56:24.763337
 BTP3                       14            4                      0.0                       4.0  0 days 00:00:00.000001
 BRENT-LAST                 14            4                      0.0                       4.0  0 days 00:00:00.000002
 BONO                       14            4                      0.0                       4.0  0 days 00:00:00.000001
 YENEUR                      1            4                      0.0                       4.0  0 days 00:00:00.000002
 US3                         1            4                      0.0                       4.0  0 days 00:00:00.000001
 US10U                       1            4                      0.0                       4.0  0 days 00:00:00.000001
 US-REALESTATE               1            4                      0.0                       4.0  0 days 00:00:00.000001
 TOPIX                       1            4                      0.0                       4.0  0 days 00:00:00.000001
 ZAR                         1            4                      0.0                       4.0  0 days 00:00:00.000002
 NOK                        14            4                      0.0                       4.0  0 days 00:00:00.000001
 R1000                      14            4                      0.0                       4.0  0 days 00:00:00.000002
 REDWHEAT                   14            4                      0.0                       4.0  0 days 00:00:00.000002
 SP400                      30            4                      0.0                       4.0  0 days 00:00:00.000001
 SEK                        30            4                      0.0                       4.0  0 days 00:00:00.000001
 NOK                        30            4                      0.0                       4.0  0 days 00:00:00.000001
 JGB                        30            4                      0.0                       4.0  0 days 00:00:00.000002
 HEATOIL                    30            4                      0.0                       4.0  0 days 00:00:00.000002
 GBPEUR                     30            4                      0.0                       4.0  0 days 00:00:00.000001
 GASOILINE                  30            4                      0.0                       4.0  0 days 00:00:00.000001
 GAS-LAST                   30            4                      0.0                       4.0  0 days 00:00:00.000001
 ETHEREUM                   30            4                      0.0                       4.0  0 days 00:00:00.000002
