
********************************************************************************
                   Status report produced on 26/04/2024 22:57                   
********************************************************************************


Delayed methods: No delays

============================
Delayed adjusted / FX prices
============================

            last_update
TWD 2024-04-22 23:00:00
SGX 2024-04-22 23:00:00

Delayed optimal positions: No delays

=================================================================================================================
                                           Instruments at trade limit                                            
=================================================================================================================

              period_days  trade_limit  trades_since_last_reset  trade_capacity_remaining   time_since_last_reset
 GAS_US_mini           30            6                      6.0                       0.0 29 days 08:57:16.883680
 PLAT                  30            4                      4.0                       0.0 18 days 08:57:22.640464


================================================
         Instruments at position limit          
================================================

                 keys  position pos_limit  spare
213           MILKWET         0       0.0    0.0
134              CH10         0       0.0    0.0
135          JGB-mini         0       0.0    0.0
62          SWISSLEAD         0       0.0    0.0
142              GICS         0       0.0    0.0
60                SGX         0       0.0    0.0
59            TIN_LME         0       0.0    0.0
150          JPY_mini         0       0.0    0.0
55          HIGHYIELD         0       0.0    0.0
54   EUROSTX200-LARGE         0       0.0    0.0
152     EUROSTX-LARGE         0       0.0    0.0
157               CZK         0       0.0    0.0
226            GBPJPY         0       0.0    0.0
48           TWD-mini         0       0.0    0.0
95               VNKI         0       0.0    0.0
245              COAL         0       0.0    0.0
162   GASOILINE_micro         0       0.0    0.0
43                 IG         0       0.0    0.0
232              BUXL        -1       1.0    0.0
42           HOUSE-US         0       0.0    0.0
132         EU-TRAVEL         0       0.0    0.0
124            KRWUSD         0       0.0    0.0
92             PALLAD         0       0.0    0.0
91           EU-HOUSE         0       0.0    0.0
90             AUDJPY         0       0.0    0.0
101          EU-MEDIA         0       0.0    0.0
103            COTTON         0       0.0    0.0
105          SGD_mini         0       0.0    0.0
108               OMX         0       0.0    0.0
82            BOVESPA         0       0.0    0.0
81             EURAUD         0       0.0    0.0
237               RUR         0       0.0    0.0
113         EU-RETAIL         0       0.0    0.0
116         CHF_micro         0       0.0    0.0
76            MILKDRY         0       0.0    0.0
118           ETHANOL         0       0.0    0.0
119       CNH-onshore         0       0.0    0.0
121           GAS-PEN        -1       1.0    0.0
234          AEX_mini         0       0.0    0.0
68                IRS         0       0.0    0.0
41         COPPER_LME         0       0.0    0.0
47        EPRA-EUROPE         0       0.0    0.0
39            US-TECH         0       0.0    0.0
23                NOK         0       0.0    0.0
21             NASDAQ         0       0.0    0.0
20        HEATOIL-ICE         0       0.0    0.0
17                CLP         0       0.0    0.0
216     EU-DJ-TELECOM         0       0.0    0.0
14         EU-DJ-TECH         0       0.0    0.0
193            BUTTER         0       0.0    0.0
24             EURCHF         0       0.0    0.0
196              WHEY         0       0.0    0.0
8               SP400         0       0.0    0.0
202             STEEL         0       0.0    0.0
204            EURCAD         0       0.0    0.0
4                US30        -1       1.0    0.0
214               SEK         0       0.0    0.0
208            CHFJPY         0       0.0    0.0
209          ETHEREUM         0       0.0    0.0
9        COAL-GEORDIE         0       0.0    0.0
219       COPPER-mini         0       0.0    0.0
94              R1000         0       0.0    0.0
222               TWD         0       0.0    0.0
38    EU-CONSTRUCTION         0       0.0    0.0
33                JGB         0       0.0    0.0
165            YENEUR         2       2.0    0.0
221           EU-CHEM         0       0.0    0.0
171             COCOA         1       1.0    0.0
30                PLN         0       0.0    0.0
179           SMI-MID         0       0.0    0.0


====================================================
      Overrides in database consider deleting       
====================================================

                                            override
STEEL       Override Reduce only because in database
NICKEL_LME        Override Close because in database
FTSEINDO    Override Reduce only because in database
OATIES      Override Reduce only because in database
COAL        Override Reduce only because in database
SGX         Override Reduce only because in database
VNKI        Override Reduce only because in database
ETHANOL     Override Reduce only because in database
GAS-PEN     Override Reduce only because in database
GAS-LAST    Override Reduce only because in database
CLP         Override Reduce only because in database
RICE        Override Reduce only because in database
GOLD-mini   Override Reduce only because in database
VIX_mini    Override Reduce only because in database
SGD         Override Reduce only because in database
GICS        Override Reduce only because in database
SGD_mini    Override Reduce only because in database

Locked instruments (position mismatch): []

==============================================
Status of adjusted price / FX price collection
==============================================

                         last_update
TWD              2024-04-22 23:00:00
SGX              2024-04-22 23:00:00
COTTON           2024-04-23 23:00:00
TIN_LME          2024-04-23 23:00:00
HOUSE-US         2024-04-23 23:00:00
CLP              2024-04-23 23:00:00
CHFJPY           2024-04-23 23:00:00
CZK              2024-04-23 23:00:00
IRS              2024-04-23 23:00:00
EUROSTX-SMALL    2024-04-23 23:00:00
MILKWET          2024-04-23 23:00:00
EURIBOR          2024-04-23 23:00:00
EURCAD           2024-04-23 23:00:00
OMX              2024-04-23 23:00:00
ETHANOL          2024-04-23 23:00:00
BOVESPA          2024-04-23 23:00:00
RUR              2024-04-23 23:00:00
BB3M             2024-04-23 23:00:00
GASOILINE_micro  2024-04-23 23:00:01
EUROSTX-LARGE    2024-04-24 09:00:00
SWISSLEAD        2024-04-24 11:00:00
COAL-GEORDIE     2024-04-24 11:00:01
MSCIWORLD        2024-04-24 13:00:00
EU-CHEM          2024-04-24 14:00:00
NICKEL_LME       2024-04-24 14:00:00
EU-DJ-OIL        2024-04-24 15:00:00
COPPER_LME       2024-04-24 15:00:00
GASOIL           2024-04-24 15:00:00
GAS-PEN*         2024-04-24 15:00:00
EU-AUTO          2024-04-24 15:00:00
EU-TRAVEL        2024-04-24 15:00:00
EU-HOUSE         2024-04-24 15:00:00
EUA              2024-04-24 15:00:00
WHEAT_ICE        2024-04-24 15:00:00
FTSE250          2024-04-24 15:00:00
EU-DJ-UTIL       2024-04-24 15:00:00
FTSE100          2024-04-24 15:00:00
EU-CONSTRUCTION  2024-04-24 15:00:00
EUROSTX200-LARGE 2024-04-24 15:00:00
GASOILINE_ICE    2024-04-24 15:00:00
DJSTX-SMALL      2024-04-24 15:00:00
EU-DJ-TECH       2024-04-24 15:00:00
EPRA-EUROPE      2024-04-24 15:00:00
EU-DJ-TELECOM    2024-04-24 15:00:00
EU-RETAIL        2024-04-24 15:00:00
MIB              2024-04-24 15:00:00
ALUMINIUM_LME    2024-04-24 15:00:00
GILT             2024-04-24 15:00:00
MILLWHEAT*       2024-04-24 15:00:00
MILKDRY          2024-04-24 15:00:00
SUGAR_WHITE      2024-04-24 15:00:00
SARONA           2024-04-24 15:00:00
LEAD_LME         2024-04-24 15:00:00
KRWUSD           2024-04-24 15:00:00
MSCIASIA         2024-04-24 15:00:00
CH10             2024-04-24 15:00:00
IBEX_mini        2024-04-24 15:00:00
IBEX             2024-04-24 15:00:00
ZINC_LME         2024-04-24 15:00:00
ROBUSTA          2024-04-24 15:00:00
HIGHYIELD        2024-04-24 15:00:00
COAL             2024-04-24 15:00:00
HEATOIL-ICE      2024-04-24 15:00:00
EU-MID           2024-04-24 15:00:00
BRENT_W          2024-04-24 15:00:00
SONIA3           2024-04-24 15:00:00
COCOA_LDN        2024-04-24 15:00:01
CRUDE_ICE        2024-04-24 15:00:01
EU-TECH*         2024-04-24 16:00:00
SMI-MID          2024-04-24 16:00:00
EU-UTILS         2024-04-24 16:00:00
SMI              2024-04-24 16:00:00
V2X              2024-04-24 16:00:00
EURAUD           2024-04-24 16:00:00
OAT              2024-04-24 16:00:00
MSCIEMASIA       2024-04-24 16:00:00
EURIBOR-ICE      2024-04-24 16:00:00
EUROSTX          2024-04-24 16:00:00
IG               2024-04-24 16:00:00
SHATZ            2024-04-24 16:00:00
EURO600          2024-04-24 16:00:00
AEX              2024-04-24 16:00:00
EU-OIL           2024-04-24 16:00:00
CAC*             2024-04-24 16:00:00
AUDJPY           2024-04-24 16:00:00
BOBL             2024-04-24 16:00:00
BONO             2024-04-24 16:00:00
BTP              2024-04-24 16:00:00
BTP3             2024-04-24 16:00:00
EU-REALESTATE    2024-04-24 16:00:00
DAX              2024-04-24 16:00:00
BUND*            2024-04-24 16:00:00
EU-MEDIA         2024-04-24 16:00:00
EU-INSURE        2024-04-24 16:00:00
BUXL*            2024-04-24 16:00:00
EU-HEALTH        2024-04-24 16:00:00
EU-FOOD          2024-04-24 16:00:00
EU-BASIC*        2024-04-24 16:00:00
EU-DIV30         2024-04-24 16:00:00
AEX_mini         2024-04-24 16:00:00
EU-BANKS         2024-04-24 16:00:00
SUGAR16          2024-04-24 16:00:01
SUGAR11          2024-04-24 17:00:00
GICS             2024-04-24 18:00:00
COFFEE           2024-04-24 18:00:00
R1000            2024-04-24 18:00:00
COCOA*           2024-04-24 18:00:00
BBCOMM           2024-04-24 18:00:00
BUTTER           2024-04-24 18:00:00
OJ               2024-04-24 18:00:00
CANOLA           2024-04-24 19:00:00
REDWHEAT         2024-04-24 19:00:00
GBPCHF           2024-04-24 19:00:00
RICE             2024-04-24 19:00:00
US-MATERIAL      2024-04-24 19:00:00
US-PROPERTY      2024-04-24 19:00:00
CAD5             2024-04-24 19:00:00
LIVECOW*         2024-04-24 19:00:00
OATIES           2024-04-24 19:00:00
CAD10            2024-04-24 19:00:00
WHEAT            2024-04-24 19:00:00
SOYBEAN_mini     2024-04-24 19:00:00
SOYBEAN          2024-04-24 19:00:00
SOYOIL*          2024-04-24 19:00:00
FANG             2024-04-24 19:00:00
WHEAT_mini       2024-04-24 19:00:00
COTTON2*         2024-04-24 19:00:00
FEEDCOW          2024-04-24 19:00:00
STEEL            2024-04-24 19:00:00
ETHER-micro      2024-04-24 19:00:00
CORN*            2024-04-24 19:00:00
ALUMINIUM*       2024-04-24 19:00:00
COPPER-mini      2024-04-24 19:00:01
CORN_mini        2024-04-24 19:00:01
SOYMEAL          2024-04-24 19:00:01
LEANHOG          2024-04-24 19:00:01
WHEY             2024-04-24 19:00:01
NASDAQ           2024-04-24 20:00:00
MXP*             2024-04-24 20:00:00
SP500_micro*     2024-04-24 20:00:00
US-INDUSTRY      2024-04-24 20:00:00
SP400            2024-04-24 20:00:00
NASDAQ_micro     2024-04-24 20:00:00
SP500            2024-04-24 20:00:00
MSCIEAFA         2024-04-24 20:00:00
BITCOIN*         2024-04-24 20:00:00
NZD              2024-04-24 20:00:00
US-FINANCE       2024-04-24 20:00:00
NOK              2024-04-24 20:00:00
SILVER           2024-04-24 20:00:00
PALLAD           2024-04-24 20:00:00
PLAT*            2024-04-24 20:00:00
PLN              2024-04-24 20:00:00
AUD              2024-04-24 20:00:00
BRE              2024-04-24 20:00:00
US-ENERGY        2024-04-24 20:00:00
RUSSELL          2024-04-24 20:00:00
RUSSELL_mini     2024-04-24 20:00:00
SOFR             2024-04-24 20:00:00
AUD_micro        2024-04-24 20:00:00
US-DISCRETE      2024-04-24 20:00:00
US-HEALTH        2024-04-24 20:00:00
SEK              2024-04-24 20:00:00
US-UTILS         2024-04-24 20:00:00
MILK             2024-04-24 20:00:00
GOLD-mini        2024-04-24 20:00:00
GOLD             2024-04-24 20:00:00
COPPER           2024-04-24 20:00:00
GBP_micro        2024-04-24 20:00:00
GBPJPY           2024-04-24 20:00:00
GBPEUR           2024-04-24 20:00:00
GBP*             2024-04-24 20:00:00
GAS_US_mini*     2024-04-24 20:00:00
GAS_US           2024-04-24 20:00:00
COPPER-micro     2024-04-24 20:00:00
GASOILINE        2024-04-24 20:00:00
CRUDE_W          2024-04-24 20:00:00
YENEUR*          2024-04-24 20:00:00
CRUDE_W_micro*   2024-04-24 20:00:00
FED              2024-04-24 20:00:00
EUR_mini         2024-04-24 20:00:00
EUR_micro        2024-04-24 20:00:00
DOW              2024-04-24 20:00:00
DOW_mini         2024-04-24 20:00:00
DX               2024-04-24 20:00:00
ETHEREUM         2024-04-24 20:00:00
EURCHF           2024-04-24 20:00:00
EUR              2024-04-24 20:00:00
CAD              2024-04-24 20:00:00
VIX_mini         2024-04-24 20:00:00
GOLD_micro*      2024-04-24 20:00:00
GAS-LAST         2024-04-24 20:00:00
US-REALESTATE    2024-04-24 20:00:00
CAD_micro        2024-04-24 20:00:00
US-STAPLES       2024-04-24 20:00:00
US-TECH          2024-04-24 20:00:00
US10             2024-04-24 20:00:00
US10U            2024-04-24 20:00:00
JPY_mini         2024-04-24 20:00:00
JPY*             2024-04-24 20:00:00
US2*             2024-04-24 20:00:00
VIX              2024-04-24 20:00:00
LUMBER-new       2024-04-24 20:00:00
US20             2024-04-24 20:00:00
US30*            2024-04-24 20:00:00
CHF*             2024-04-24 20:00:00
CHF_micro        2024-04-24 20:00:00
ZAR              2024-04-24 20:00:00
HEATOIL          2024-04-24 20:00:00
US5              2024-04-24 20:00:00
US3*             2024-04-24 20:00:00
CAD2             2024-04-24 20:00:00
INR              2024-04-24 20:00:01
CHEESE           2024-04-24 20:00:01
CRUDE_W_mini     2024-04-24 20:00:01
BRENT-LAST       2024-04-24 20:00:01
TWD-mini         2024-04-25 23:00:00
CNH-onshore      2024-04-25 23:00:00
SGD              2024-04-26 01:00:00
JGB-mini         2024-04-26 02:00:00
VNKI             2024-04-26 04:00:00
HANGTECH*        2024-04-26 04:00:00
SPI200*          2024-04-26 04:00:00
FTSECHINAH*      2024-04-26 04:00:00
HANG             2024-04-26 04:00:00
HANGENT          2024-04-26 04:00:00
HANG_mini*       2024-04-26 04:00:00
JGB-SGX-mini     2024-04-26 04:00:00
KR3              2024-04-26 04:00:00
KRWUSD_mini      2024-04-26 04:00:00
HANGENT_mini     2024-04-26 04:00:00
MSCITAIWAN       2024-04-26 04:00:00
SGD_mini         2024-04-26 04:00:00
CNH              2024-04-26 05:00:00
FTSECHINAA*      2024-04-26 05:00:00
MSCISING*        2024-04-26 05:00:00
FTSETAIWAN       2024-04-26 05:00:00
FTSEVIET         2024-04-26 05:00:00
RUBBER           2024-04-26 05:00:00
NIKKEI400        2024-04-26 05:00:00
TOPIX            2024-04-26 05:00:00
FTSEINDO         2024-04-26 05:00:00
NIKKEI*          2024-04-26 05:00:00
IRON*            2024-04-26 05:00:00
JGB              2024-04-26 05:00:00
MUMMY            2024-04-26 05:00:00
JP-REALESTATE    2024-04-26 05:00:00
KOSDAQ*          2024-04-26 05:00:00
KOSPI            2024-04-26 05:00:00
KOSPI_mini       2024-04-26 05:00:00
KR10             2024-04-26 05:00:00
CHINAA-CON*      2024-04-26 06:00:01
JPYUSD           2024-04-26 23:00:00
CNHUSD           2024-04-26 23:00:00
AUDUSD           2024-04-26 23:00:00
KRWUSD           2024-04-26 23:00:00
CHFUSD           2024-04-26 23:00:00
HKDUSD           2024-04-26 23:00:00
MXPUSD           2024-04-26 23:00:00
SGDUSD           2024-04-26 23:00:00
GBPUSD           2024-04-26 23:00:00
CADUSD           2024-04-26 23:00:00
EURUSD           2024-04-26 23:00:00
SEKUSD           2024-04-26 23:00:00


============================================================
           Status of optimal position generation            
============================================================

                                                 last_update
dynamic_TF_carry/STEEL            2024-04-26 22:31:21.922680
dynamic_TF_carry/LEAD_LME         2024-04-26 22:31:21.922908
dynamic_TF_carry/FED              2024-04-26 22:31:21.923124
dynamic_TF_carry/EU-DJ-UTIL       2024-04-26 22:31:21.923337
dynamic_TF_carry/NZD              2024-04-26 22:31:21.923547
dynamic_TF_carry/EUROSTX          2024-04-26 22:31:21.923757
dynamic_TF_carry/CAD10            2024-04-26 22:31:21.923967
dynamic_TF_carry/FTSE250          2024-04-26 22:31:21.924175
dynamic_TF_carry/KRWUSD           2024-04-26 22:31:21.924384
dynamic_TF_carry/EU-BANKS         2024-04-26 22:31:21.924592
dynamic_TF_carry/DAX              2024-04-26 22:31:21.924801
dynamic_TF_carry/COCOA_LDN        2024-04-26 22:31:21.925009
dynamic_TF_carry/OMX              2024-04-26 22:31:21.925218
dynamic_TF_carry/BTP              2024-04-26 22:31:21.925429
dynamic_TF_carry/CZK              2024-04-26 22:31:21.925638
dynamic_TF_carry/CRUDE_W_micro    2024-04-26 22:31:21.925847
dynamic_TF_carry/US-MATERIAL      2024-04-26 22:31:21.926263
dynamic_TF_carry/EU-DIV30         2024-04-26 22:31:21.926472
dynamic_TF_carry/HANGTECH         2024-04-26 22:31:21.926680
dynamic_TF_carry/IRS              2024-04-26 22:31:21.926888
dynamic_TF_carry/US10             2024-04-26 22:31:21.927094
dynamic_TF_carry/LIVECOW          2024-04-26 22:31:21.927302
dynamic_TF_carry/SOYBEAN_mini     2024-04-26 22:31:21.927510
dynamic_TF_carry/EU-HEALTH        2024-04-26 22:31:21.927718
dynamic_TF_carry/EUA              2024-04-26 22:31:21.927925
dynamic_TF_carry/GAS-LAST         2024-04-26 22:31:21.928134
dynamic_TF_carry/FTSEVIET         2024-04-26 22:31:21.928342
dynamic_TF_carry/CORN             2024-04-26 22:31:21.928550
dynamic_TF_carry/JPY              2024-04-26 22:31:21.928757
dynamic_TF_carry/EURAUD           2024-04-26 22:31:21.928965
dynamic_TF_carry/BONO             2024-04-26 22:31:21.929172
dynamic_TF_carry/CAD5             2024-04-26 22:31:21.929383
dynamic_TF_carry/SMI              2024-04-26 22:31:21.929591
dynamic_TF_carry/ZAR              2024-04-26 22:31:21.929799
dynamic_TF_carry/EUR_micro        2024-04-26 22:31:21.930007
dynamic_TF_carry/VIX              2024-04-26 22:31:21.930215
dynamic_TF_carry/EU-REALESTATE    2024-04-26 22:31:21.930422
dynamic_TF_carry/CRUDE_ICE        2024-04-26 22:31:21.930629
dynamic_TF_carry/OATIES           2024-04-26 22:31:21.930836
dynamic_TF_carry/TIN_LME          2024-04-26 22:31:21.931045
dynamic_TF_carry/KRWUSD_mini      2024-04-26 22:31:21.931252
dynamic_TF_carry/COAL-GEORDIE     2024-04-26 22:31:21.931460
dynamic_TF_carry/SPI200           2024-04-26 22:31:21.931667
dynamic_TF_carry/ALUMINIUM        2024-04-26 22:31:21.931874
dynamic_TF_carry/DX               2024-04-26 22:31:21.932081
dynamic_TF_carry/RUSSELL          2024-04-26 22:31:21.932289
dynamic_TF_carry/KOSPI            2024-04-26 22:31:21.932495
dynamic_TF_carry/IG               2024-04-26 22:31:21.932703
dynamic_TF_carry/TWD              2024-04-26 22:31:21.933118
dynamic_TF_carry/ROBUSTA          2024-04-26 22:31:21.933326
dynamic_TF_carry/CAC              2024-04-26 22:31:21.933534
dynamic_TF_carry/DJSTX-SMALL      2024-04-26 22:31:21.933743
dynamic_TF_carry/MILKDRY          2024-04-26 22:31:21.934158
dynamic_TF_carry/US30             2024-04-26 22:31:21.934367
dynamic_TF_carry/BTP3             2024-04-26 22:31:21.934575
dynamic_TF_carry/BITCOIN          2024-04-26 22:31:21.934988
dynamic_TF_carry/MSCIASIA         2024-04-26 22:31:21.935196
dynamic_TF_carry/HOUSE-US         2024-04-26 22:31:21.935404
dynamic_TF_carry/US-FINANCE       2024-04-26 22:31:21.935611
dynamic_TF_carry/SUGAR_WHITE      2024-04-26 22:31:21.935818
dynamic_TF_carry/CHINAA-CON       2024-04-26 22:31:21.936024
dynamic_TF_carry/SILVER           2024-04-26 22:31:21.936232
dynamic_TF_carry/MXP              2024-04-26 22:31:21.936439
dynamic_TF_carry/WHEAT            2024-04-26 22:31:21.936647
dynamic_TF_carry/VNKI             2024-04-26 22:31:21.936854
dynamic_TF_carry/EURCHF           2024-04-26 22:31:21.937061
dynamic_TF_carry/LEANHOG          2024-04-26 22:31:21.937268
dynamic_TF_carry/KR10             2024-04-26 22:31:21.937480
dynamic_TF_carry/US-REALESTATE    2024-04-26 22:31:21.937688
dynamic_TF_carry/US-UTILS         2024-04-26 22:31:21.937896
dynamic_TF_carry/EURO600          2024-04-26 22:31:21.938104
dynamic_TF_carry/CAD2             2024-04-26 22:31:21.938311
dynamic_TF_carry/GICS             2024-04-26 22:31:21.938518
dynamic_TF_carry/FEEDCOW          2024-04-26 22:31:21.938726
dynamic_TF_carry/SWISSLEAD        2024-04-26 22:31:21.938936
dynamic_TF_carry/US-DISCRETE      2024-04-26 22:31:21.939145
dynamic_TF_carry/GILT             2024-04-26 22:31:21.939353
dynamic_TF_carry/ETHANOL          2024-04-26 22:31:21.939562
dynamic_TF_carry/RUR              2024-04-26 22:31:21.939770
dynamic_TF_carry/RUBBER           2024-04-26 22:31:21.939979
dynamic_TF_carry/EU-HOUSE         2024-04-26 22:31:21.940186
dynamic_TF_carry/BOBL             2024-04-26 22:31:21.940394
dynamic_TF_carry/IBEX_mini        2024-04-26 22:31:21.940602
dynamic_TF_carry/CHF              2024-04-26 22:31:21.940809
dynamic_TF_carry/ETHEREUM         2024-04-26 22:31:21.941018
dynamic_TF_carry/MSCIEAFA         2024-04-26 22:31:21.941225
dynamic_TF_carry/SHATZ            2024-04-26 22:31:21.941435
dynamic_TF_carry/FTSEINDO         2024-04-26 22:31:21.941645
dynamic_TF_carry/NIKKEI400        2024-04-26 22:31:21.941853
dynamic_TF_carry/COTTON           2024-04-26 22:31:21.942062
dynamic_TF_carry/GBPEUR           2024-04-26 22:31:21.942270
dynamic_TF_carry/GBP              2024-04-26 22:31:21.942478
dynamic_TF_carry/GASOILINE        2024-04-26 22:31:21.942686
dynamic_TF_carry/SGX              2024-04-26 22:31:21.942894
dynamic_TF_carry/MSCIWORLD        2024-04-26 22:31:21.943102
dynamic_TF_carry/US-ENERGY        2024-04-26 22:31:21.943309
dynamic_TF_carry/INR              2024-04-26 22:31:21.943518
dynamic_TF_carry/FTSETAIWAN       2024-04-26 22:31:21.943725
dynamic_TF_carry/GASOIL           2024-04-26 22:31:21.943934
dynamic_TF_carry/SONIA3           2024-04-26 22:31:21.944143
dynamic_TF_carry/MILLWHEAT        2024-04-26 22:31:21.944351
dynamic_TF_carry/US2              2024-04-26 22:31:21.944560
dynamic_TF_carry/SOYOIL           2024-04-26 22:31:21.944767
dynamic_TF_carry/NIKKEI           2024-04-26 22:31:21.944975
dynamic_TF_carry/SUGAR16          2024-04-26 22:31:21.945183
dynamic_TF_carry/JP-REALESTATE    2024-04-26 22:31:21.945393
dynamic_TF_carry/SOFR             2024-04-26 22:31:21.945601
dynamic_TF_carry/BRENT_W          2024-04-26 22:31:21.946016
dynamic_TF_carry/SOYMEAL          2024-04-26 22:31:21.946225
dynamic_TF_carry/US10U            2024-04-26 22:31:21.946432
dynamic_TF_carry/BB3M             2024-04-26 22:31:21.946639
dynamic_TF_carry/US5              2024-04-26 22:31:21.946845
dynamic_TF_carry/BUXL             2024-04-26 22:31:21.947053
dynamic_TF_carry/KOSDAQ           2024-04-26 22:31:21.947261
dynamic_TF_carry/COFFEE           2024-04-26 22:31:21.947469
dynamic_TF_carry/EU-MID           2024-04-26 22:31:21.947675
dynamic_TF_carry/US-STAPLES       2024-04-26 22:31:21.947882
dynamic_TF_carry/US-INDUSTRY      2024-04-26 22:31:21.948090
dynamic_TF_carry/BRE              2024-04-26 22:31:21.948298
dynamic_TF_carry/MILKWET          2024-04-26 22:31:21.948505
dynamic_TF_carry/GOLD_micro       2024-04-26 22:31:21.948712
dynamic_TF_carry/HANG_mini        2024-04-26 22:31:21.948920
dynamic_TF_carry/PLAT             2024-04-26 22:31:21.949128
dynamic_TF_carry/GBPCHF           2024-04-26 22:31:21.949339
dynamic_TF_carry/FTSE100          2024-04-26 22:31:21.949547
dynamic_TF_carry/EU-MEDIA         2024-04-26 22:31:21.949757
dynamic_TF_carry/KR3              2024-04-26 22:31:21.950172
dynamic_TF_carry/CLP              2024-04-26 22:31:21.950378
dynamic_TF_carry/EU-BASIC         2024-04-26 22:31:21.950586
dynamic_TF_carry/BOVESPA          2024-04-26 22:31:21.950792
dynamic_TF_carry/HIGHYIELD        2024-04-26 22:31:21.951000
dynamic_TF_carry/BUND             2024-04-26 22:31:21.951208
dynamic_TF_carry/IRON             2024-04-26 22:31:21.951416
dynamic_TF_carry/SARONA           2024-04-26 22:31:21.951622
dynamic_TF_carry/LUMBER-new       2024-04-26 22:31:21.951830
dynamic_TF_carry/US-HEALTH        2024-04-26 22:31:21.952036
dynamic_TF_carry/EUROSTX-SMALL    2024-04-26 22:31:21.952245
dynamic_TF_carry/RICE             2024-04-26 22:31:21.952452
dynamic_TF_carry/AEX              2024-04-26 22:31:21.952658
dynamic_TF_carry/EU-RETAIL        2024-04-26 22:31:21.952867
dynamic_TF_carry/EURIBOR-ICE      2024-04-26 22:31:21.953074
dynamic_TF_carry/MUMMY            2024-04-26 22:31:21.953494
dynamic_TF_carry/MSCIEMASIA       2024-04-26 22:31:21.953703
dynamic_TF_carry/WHEAT_ICE        2024-04-26 22:31:21.953912
dynamic_TF_carry/COPPER_LME       2024-04-26 22:31:21.954121
dynamic_TF_carry/AUD_micro        2024-04-26 22:31:21.954328
dynamic_TF_carry/SMI-MID          2024-04-26 22:31:21.954535
dynamic_TF_carry/EU-OIL           2024-04-26 22:31:21.954744
dynamic_TF_carry/SUGAR11          2024-04-26 22:31:21.954953
dynamic_TF_carry/NICKEL_LME       2024-04-26 22:31:21.955162
dynamic_TF_carry/US-TECH          2024-04-26 22:31:21.955369
dynamic_TF_carry/EU-CHEM          2024-04-26 22:31:21.955577
dynamic_TF_carry/BBCOMM           2024-04-26 22:31:21.955785
dynamic_TF_carry/NASDAQ_micro     2024-04-26 22:31:21.955993
dynamic_TF_carry/GAS-PEN          2024-04-26 22:31:21.956201
dynamic_TF_carry/BUTTER           2024-04-26 22:31:21.956408
dynamic_TF_carry/DOW              2024-04-26 22:31:21.956617
dynamic_TF_carry/MILK             2024-04-26 22:31:21.956827
dynamic_TF_carry/MSCITAIWAN       2024-04-26 22:31:21.957036
dynamic_TF_carry/EUROSTX200-LARGE 2024-04-26 22:31:21.957245
dynamic_TF_carry/V2X              2024-04-26 22:31:21.957457
dynamic_TF_carry/EUR              2024-04-26 22:31:21.957667
dynamic_TF_carry/COPPER           2024-04-26 22:31:21.957876
dynamic_TF_carry/OJ               2024-04-26 22:31:21.958086
dynamic_TF_carry/CHEESE           2024-04-26 22:31:21.958295
dynamic_TF_carry/REDWHEAT         2024-04-26 22:31:21.958504
dynamic_TF_carry/US20             2024-04-26 22:31:21.958713
dynamic_TF_carry/EU-DJ-TELECOM    2024-04-26 22:31:21.958922
dynamic_TF_carry/CH10             2024-04-26 22:31:21.959131
dynamic_TF_carry/FTSECHINAA       2024-04-26 22:31:21.959338
dynamic_TF_carry/NOK              2024-04-26 22:31:21.959545
dynamic_TF_carry/EPRA-EUROPE      2024-04-26 22:31:21.959752
dynamic_TF_carry/TOPIX            2024-04-26 22:31:21.959959
dynamic_TF_carry/ZINC_LME         2024-04-26 22:31:21.960167
dynamic_TF_carry/EU-CONSTRUCTION  2024-04-26 22:31:21.960376
dynamic_TF_carry/MIB              2024-04-26 22:31:21.960582
dynamic_TF_carry/PALLAD           2024-04-26 22:31:21.960791
dynamic_TF_carry/CHFJPY           2024-04-26 22:31:21.960999
dynamic_TF_carry/CRUDE_W_mini     2024-04-26 22:31:21.961207
dynamic_TF_carry/AUD              2024-04-26 22:31:21.961417
dynamic_TF_carry/COPPER-micro     2024-04-26 22:31:21.961625
dynamic_TF_carry/YENEUR           2024-04-26 22:31:21.961831
dynamic_TF_carry/OAT              2024-04-26 22:31:21.962040
dynamic_TF_carry/BRENT-LAST       2024-04-26 22:31:21.962249
dynamic_TF_carry/JGB              2024-04-26 22:31:21.962459
dynamic_TF_carry/R1000            2024-04-26 22:31:21.962666
dynamic_TF_carry/EU-FOOD          2024-04-26 22:31:21.962873
dynamic_TF_carry/MSCISING         2024-04-26 22:31:21.963081
dynamic_TF_carry/WHEY             2024-04-26 22:31:21.963289
dynamic_TF_carry/GAS_US_mini      2024-04-26 22:31:21.963497
dynamic_TF_carry/SOYBEAN          2024-04-26 22:31:21.963704
dynamic_TF_carry/EU-AUTO          2024-04-26 22:31:21.963911
dynamic_TF_carry/JGB-SGX-mini     2024-04-26 22:31:21.964119
dynamic_TF_carry/SP400            2024-04-26 22:31:21.964326
dynamic_TF_carry/COCOA            2024-04-26 22:31:21.964534
dynamic_TF_carry/CAD              2024-04-26 22:31:21.964745
dynamic_TF_carry/EU-TECH          2024-04-26 22:31:21.964956
dynamic_TF_carry/KOSPI_mini       2024-04-26 22:31:21.965167
dynamic_TF_carry/HEATOIL          2024-04-26 22:31:21.965378
dynamic_TF_carry/EURIBOR          2024-04-26 22:31:21.965589
dynamic_TF_carry/AUDJPY           2024-04-26 22:31:21.965798
dynamic_TF_carry/GBPJPY           2024-04-26 22:31:21.966006
dynamic_TF_carry/EU-UTILS         2024-04-26 22:31:21.966215
dynamic_TF_carry/SGD              2024-04-26 22:31:21.966424
dynamic_TF_carry/EU-INSURE        2024-04-26 22:31:21.966634
dynamic_TF_carry/CNH              2024-04-26 22:31:21.966844
dynamic_TF_carry/EUROSTX-LARGE    2024-04-26 22:31:21.967053
dynamic_TF_carry/COTTON2          2024-04-26 22:31:21.967262
dynamic_TF_carry/FTSECHINAH       2024-04-26 22:31:21.967471
dynamic_TF_carry/SP500_micro      2024-04-26 22:31:21.967680
dynamic_TF_carry/PLN              2024-04-26 22:31:21.967890
dynamic_TF_carry/US3              2024-04-26 22:31:21.968098
dynamic_TF_carry/EU-TRAVEL        2024-04-26 22:31:21.968306
dynamic_TF_carry/US-PROPERTY      2024-04-26 22:31:21.968515
dynamic_TF_carry/HANGENT_mini     2024-04-26 22:31:21.968726
dynamic_TF_carry/CANOLA           2024-04-26 22:31:21.968935
dynamic_TF_carry/EURCAD           2024-04-26 22:31:21.969145
dynamic_TF_carry/SEK              2024-04-26 22:31:21.969358
dynamic_TF_carry/COAL             2024-04-26 22:31:21.969568
dynamic_TF_carry/FANG             2024-04-26 22:31:21.969777


======================================================================================================================
                                                Status of trade limits                                                
======================================================================================================================

                   period_days  trade_limit  trades_since_last_reset  trade_capacity_remaining   time_since_last_reset
 GAS_US_mini                30            6                      6.0                       0.0 29 days 08:58:04.112420
 PLAT                       30            4                      4.0                       0.0 18 days 08:58:09.869332
 GASOILINE                  14            4                      2.0                       2.0  8 days 08:58:06.305525
 JPY                        30            5                      3.0                       2.0 18 days 07:57:41.692208
 CHF                        14            4                      1.0                       3.0 11 days 07:57:50.550528
 VIX                         1            4                      1.0                       3.0  0 days 07:58:07.853346
 GASOILINE                  30            4                      1.0                       3.0  7 days 07:39:39.912416
 IRON                       30            7                      4.0                       3.0 17 days 21:53:53.949440
 VIX                        14            4                      1.0                       3.0  0 days 07:58:07.848612
 GAS_US_mini                14            4                      1.0                       3.0  4 days 07:04:02.395620
 CZK                         1            4                      0.0                       4.0  0 days 00:00:00.000002
 EU-MEDIA                    1            4                      0.0                       4.0  0 days 00:00:00.000002
 EU-HOUSE                    1            4                      0.0                       4.0  0 days 00:00:00.000002
 EU-DJ-UTIL                  1            4                      0.0                       4.0  0 days 00:00:00.000001
 BUTTER                      1            4                      0.0                       4.0  0 days 00:00:00.000001
 CH10                        1            4                      0.0                       4.0  0 days 00:00:00.000002
 EU-DJ-TELECOM               1            4                      0.0                       4.0  0 days 00:00:00.000001
 EU-DJ-TECH                  1            4                      0.0                       4.0  0 days 00:00:00.000002
 CLP                         1            4                      0.0                       4.0  0 days 00:00:00.000002
 EU-DJ-OIL                   1            4                      0.0                       4.0  0 days 00:00:00.000002
 CNH-onshore                 1            4                      0.0                       4.0  0 days 00:00:00.000001
 EU-MID                      1            4                      0.0                       4.0  0 days 00:00:00.000001
 EU-CONSTRUCTION             1            4                      0.0                       4.0  0 days 00:00:00.000001
 ETHANOL                     1            4                      0.0                       4.0  0 days 00:00:00.000002
 COPPER-mini                 1            4                      0.0                       4.0  0 days 00:00:00.000001
 COTTON                      1            4                      0.0                       4.0  0 days 00:00:00.000002
 EU-REALESTATE               1            4                      0.0                       4.0  0 days 00:00:00.000001
 EUROSTX-LARGE               1            4                      0.0                       4.0  0 days 00:00:00.000001
 EURIBOR                     1            4                      0.0                       4.0  0 days 00:00:00.000002
 US-MATERIAL                 1            4                      0.0                       4.0  0 days 00:00:00.000002
 US-INDUSTRY                 1            4                      0.0                       4.0  0 days 00:00:00.000002
 US-HEALTH                   1            4                      0.0                       4.0  0 days 00:00:00.000001
 US-FINANCE                  1            4                      0.0                       4.0  0 days 00:00:00.000001
 US-ENERGY                   1            4                      0.0                       4.0  0 days 00:00:00.000002
 US-DISCRETE                 1            4                      0.0                       4.0  0 days 00:00:00.000002
 SMI-MID                     1            4                      0.0                       4.0  0 days 00:00:00.000002
 SGX                         1            4                      0.0                       4.0  0 days 00:00:00.000001
 SGD                         1            4                      0.0                       4.0  0 days 00:00:00.000001
 OMX                         1            4                      0.0                       4.0  0 days 00:00:00.000002
 MSCIASIA                    1            4                      0.0                       4.0  0 days 00:00:00.000002
 MILKWET                     1            4                      0.0                       4.0  0 days 00:00:00.000002
 MILKDRY                     1            4                      0.0                       4.0  0 days 00:00:00.000001
 MID-DAX                     1            4                      0.0                       4.0  0 days 00:00:00.000001
 JP-REALESTATE               1            4                      0.0                       4.0  0 days 00:00:00.000002
 JGB-SGX-mini                1            4                      0.0                       4.0  0 days 00:00:00.000001
 IRS                         1            4                      0.0                       4.0  0 days 00:00:00.000001
 FTSEINDO                    1            4                      0.0                       4.0  0 days 00:00:00.000002
 EUROSTX200-LARGE            1            4                      0.0                       4.0  0 days 00:00:00.000002
 EUROSTX-SMALL               1            4                      0.0                       4.0  0 days 00:00:00.000001
 BOVESPA                     1            4                      0.0                       4.0  0 days 00:00:00.000001
 EURCHF                      1            4                      0.0                       4.0  0 days 00:00:00.000002
 BEL20                       1            4                      0.0                       4.0  0 days 00:00:00.000002
 CORN                        1            4                      0.0                       4.0  0 days 00:00:00.000003
 YENEUR                     30            4                      0.0                       4.0  0 days 00:00:00.000001
 NOK                        14            4                      0.0                       4.0  0 days 00:00:00.000002
 ZAR                         1            4                      0.0                       4.0  0 days 00:00:00.000002
 KRWUSD                     14            4                      0.0                       4.0  0 days 00:00:00.000002
 JGB                        14            4                      0.0                       4.0  0 days 00:00:00.000002
 IRON                       14            5                      1.0                       4.0  3 days 21:53:02.625162
 HEATOIL                    14            4                      0.0                       4.0  0 days 00:00:00.000001
 GBPEUR                     14            4                      0.0                       4.0  0 days 00:00:00.000001
 GAS-LAST                   14            4                      0.0                       4.0  0 days 00:00:00.000002
 FTSETAIWAN                 14            4                      0.0                       4.0  0 days 00:00:00.000002
 EU-TECH                    14            4                      0.0                       4.0  0 days 00:00:00.000001
 EU-CHEM                    14            4                      0.0                       4.0  0 days 00:00:00.000002
 ETHEREUM                   14            4                      0.0                       4.0  0 days 00:00:00.000002
 CNH                        14            4                      0.0                       4.0  0 days 00:00:00.000001
 BUXL                       14            4                      0.0                       4.0  0 days 00:00:00.000002
 BTP3                       14            4                      0.0                       4.0  0 days 00:00:00.000002
 BRENT-LAST                 14            4                      0.0                       4.0  0 days 00:00:00.000001
 BONO                       14            4                      0.0                       4.0  0 days 00:00:00.000002
 YENEUR                      1            4                      0.0                       4.0  0 days 00:00:00.000001
 US3                         1            4                      0.0                       4.0  0 days 00:00:00.000002
 R1000                      14            4                      0.0                       4.0  0 days 00:00:00.000001
 REDWHEAT                   14            4                      0.0                       4.0  0 days 00:00:00.000001
 SEK                        14            4                      0.0                       4.0  0 days 00:00:00.000001
 SP400                      14            4                      0.0                       4.0  0 days 00:00:00.000002
 US-PROPERTY                 1            4                      0.0                       4.0  0 days 00:00:00.000001
 US3                        30            4                      0.0                       4.0  0 days 00:00:00.000001
 US10U                      30            4                      0.0                       4.0  0 days 00:00:00.000001
 SP400                      30            4                      0.0                       4.0  0 days 00:00:00.000002
 SEK                        30            4                      0.0                       4.0  0 days 00:00:00.000001
 NOK                        30            4                      0.0                       4.0  0 days 00:00:00.000001
