
********************************************************************************
                   Status report produced on 11/02/2025 22:56                   
********************************************************************************


Delayed methods: No delays
Delayed adjusted / FX prices: No delays

===============================================
           Delayed optimal positions           
===============================================

                                    last_update
dynamic_TF_carry/SGX 2024-12-02 22:31:28.544775

Instruments at trade limit: No constraints

================================================
         Instruments at position limit          
================================================

                 keys  position pos_limit  spare
70        CNH-onshore         0       0.0    0.0
178   EU-CONSTRUCTION         0       0.0    0.0
179          EU-MEDIA         0       0.0    0.0
181         EU-TRAVEL         0       0.0    0.0
182       COPPER-mini         0       0.0    0.0
183          AEX_mini         0       0.0    0.0
77   EUROSTX200-LARGE         0       0.0    0.0
75          HIGHYIELD         0       0.0    0.0
74                JGB         0       0.0    0.0
186        EU-DJ-TECH         0       0.0    0.0
71        EPRA-EUROPE         0       0.0    0.0
64           TWD-mini         0       0.0    0.0
197          HOUSE-US         0       0.0    0.0
59          SWISSLEAD         0       0.0    0.0
56             EURCHF         0       0.0    0.0
55                SEK         0       0.0    0.0
199              COAL         0       0.0    0.0
52             CHFJPY         0       0.0    0.0
201               TWD         0       0.0    0.0
49             NASDAQ         0       0.0    0.0
90            MILKWET         0       0.0    0.0
91               WHEY         0       0.0    0.0
92             EURCAD         0       0.0    0.0
95             EURAUD         0       0.0    0.0
139           BOVESPA         0       0.0    0.0
148               SGX         0       0.0    0.0
153               OMX         0       0.0    0.0
155           ETHANOL         0       0.0    0.0
127               IRS         0       0.0    0.0
159          ETHEREUM         0       0.0    0.0
161            GBPJPY         0       0.0    0.0
162          JGB-mini         0       0.0    0.0
119                IG         0       0.0    0.0
48    GASOILINE_micro         0       0.0    0.0
118              GICS         0       0.0    0.0
115       HEATOIL-ICE         0       0.0    0.0
114            COTTON         0       0.0    0.0
112          JPY_mini         0       0.0    0.0
111               NOK         0       0.0    0.0
106      COAL-GEORDIE         0       0.0    0.0
171             STEEL         0       0.0    0.0
102           TIN_LME         0       0.0    0.0
173             SP400         0       0.0    0.0
174           SMI-MID         0       0.0    0.0
164            BUTTER         0       0.0    0.0
206        COPPER_LME         0       0.0    0.0
143               CZK         0       0.0    0.0
7               R1000         0       0.0    0.0
12          CHF_micro         0       0.0    0.0
19          EU-RETAIL         0       0.0    0.0
227              CH10         0       0.0    0.0
233               RUR         0       0.0    0.0
17             AUDJPY         0       0.0    0.0
237              VNKI         0       0.0    0.0
223            KRWUSD         0       0.0    0.0
5             MILKDRY         0       0.0    0.0
230               PLN         0       0.0    0.0
232               MIB         1       1.0    0.0
41      EUROSTX-LARGE         0       0.0    0.0
23            EU-CHEM         0       0.0    0.0
24                CLP         0       0.0    0.0
25      EU-DJ-TELECOM         0       0.0    0.0
44           EU-HOUSE         0       0.0    0.0
13             PALLAD         0       0.0    0.0
213          SGD_mini         0       0.0    0.0


=========================================================
         Overrides in database consider deleting         
=========================================================

                                                 override
NICKEL_LME             Override Close because in database
EURIBOR          Override Reduce only because in database
COPPER-mini      Override Reduce only because in database
VNKI             Override Reduce only because in database
VIX_mini         Override Reduce only because in database
STEEL            Override Reduce only because in database
GICS             Override Reduce only because in database
CRUDE_W_mini     Override Reduce only because in database
TWD              Override Reduce only because in database
IBEX_mini        Override Reduce only because in database
IBEX             Override Reduce only because in database
CORN_mini        Override Reduce only because in database
COAL-GEORDIE     Override Reduce only because in database
GASOILINE_micro  Override Reduce only because in database
FTSEVIET         Override Reduce only because in database
INR              Override Reduce only because in database
COAL             Override Reduce only because in database
FTSE100          Override Reduce only because in database
DX               Override Reduce only because in database
RICE             Override Reduce only because in database
CHINAA-CON       Override Reduce only because in database
HOUSE-US         Override Reduce only because in database
GAS-PEN          Override Reduce only because in database
AEX              Override Reduce only because in database
FTSEINDO         Override Reduce only because in database
FTSETAIWAN       Override Reduce only because in database
GAS_US_mini      Override Reduce only because in database
SPI200           Override Reduce only because in database
TWD-mini         Override Reduce only because in database
AEX_mini         Override Reduce only because in database
CAC              Override Reduce only because in database
COTTON           Override Reduce only because in database
SGX              Override Reduce only because in database
OATIES           Override Reduce only because in database
JGB-mini         Override Reduce only because in database

Locked instruments (position mismatch): []

==============================================
Status of adjusted price / FX price collection
==============================================

                         last_update
MSCIEMASIA       2025-02-10 23:00:00
JGB-mini         2025-02-10 23:00:00
CH10             2025-02-10 23:00:00
RUR              2025-02-10 23:00:00
CLP              2025-02-10 23:00:00
SGD_mini         2025-02-10 23:00:00
SGX              2025-02-10 23:00:00
JGB              2025-02-10 23:00:00
SMI-MID          2025-02-10 23:00:00
HOUSE-US         2025-02-10 23:00:00
CNH-onshore      2025-02-10 23:00:00
SUGAR16          2025-02-10 23:00:00
JP-REALESTATE    2025-02-10 23:00:00
OMX              2025-02-10 23:00:00
KRWUSD           2025-02-10 23:00:00
TIN_LME          2025-02-10 23:00:00
BOVESPA          2025-02-10 23:00:00
ETHANOL          2025-02-10 23:00:00
EPRA-EUROPE      2025-02-10 23:00:00
TWD              2025-02-10 23:00:00
TWD-mini         2025-02-10 23:00:00
GBPJPY           2025-02-10 23:00:00
MILKWET          2025-02-10 23:00:00
GBPCHF           2025-02-10 23:00:00
CZK              2025-02-10 23:00:00
COTTON           2025-02-10 23:00:00
SWISSLEAD        2025-02-10 23:00:00
CHFJPY           2025-02-10 23:00:00
MUMMY            2025-02-10 23:45:00
SGD              2025-02-11 03:00:00
CNH              2025-02-11 04:00:00
JGB-SGX-mini     2025-02-11 04:00:00
MSCITAIWAN*      2025-02-11 04:00:00
SPI200           2025-02-11 04:00:00
FTSEVIET         2025-02-11 04:00:00
VNKI             2025-02-11 04:00:00
FTSECHINAA       2025-02-11 05:00:00
FTSEINDO         2025-02-11 05:00:00
FTSETAIWAN*      2025-02-11 05:00:00
HANG             2025-02-11 05:00:00
HANGENT          2025-02-11 05:00:00
KOSPI            2025-02-11 05:00:00
HANGTECH         2025-02-11 05:00:00
HANG_mini*       2025-02-11 05:00:00
KR3              2025-02-11 05:00:00
KR10             2025-02-11 05:00:00
KOSPI_mini       2025-02-11 05:00:00
IRON             2025-02-11 05:00:00
MSCISING*        2025-02-11 05:00:00
KOSDAQ           2025-02-11 05:00:00
KRWUSD_mini      2025-02-11 05:00:00
HANGENT_mini     2025-02-11 05:00:00
FTSECHINAH       2025-02-11 05:00:00
TOPIX*           2025-02-11 05:00:00
RUBBER           2025-02-11 05:00:00
CHINAA-CON       2025-02-11 05:00:00
NIKKEI400        2025-02-11 05:00:00
NIKKEI           2025-02-11 05:00:00
MSCIWORLD        2025-02-11 11:00:00
EUROSTX-LARGE    2025-02-11 12:00:00
COAL-GEORDIE     2025-02-11 12:00:00
LEAD_LME         2025-02-11 12:00:00
NICKEL_LME       2025-02-11 14:00:00
AEX_mini         2025-02-11 15:00:00
SUGAR_WHITE      2025-02-11 15:00:00
EUA              2025-02-11 15:00:00
BRENT_W          2025-02-11 15:00:00
BONO             2025-02-11 15:00:00
GILT             2025-02-11 15:00:00
EURIBOR          2025-02-11 15:00:00
FTSE100          2025-02-11 15:00:00
EURIBOR-ICE      2025-02-11 15:00:00
EU-TRAVEL        2025-02-11 15:00:00
EUROSTX-SMALL    2025-02-11 15:00:00
EUROSTX200-LARGE 2025-02-11 15:00:00
GASOIL           2025-02-11 15:00:00
ALUMINIUM_LME    2025-02-11 15:00:00
FTSE250          2025-02-11 15:00:00
ZINC_LME         2025-02-11 15:00:00
WHEAT_ICE        2025-02-11 15:00:00
MIB*             2025-02-11 15:00:00
EU-TECH          2025-02-11 15:00:00
SONIA3           2025-02-11 15:00:00
COPPER_LME       2025-02-11 15:00:00
COCOA_LDN        2025-02-11 15:00:00
COAL             2025-02-11 15:00:00
MILLWHEAT        2025-02-11 15:00:00
R1000            2025-02-11 15:00:00
ROBUSTA          2025-02-11 15:00:00
MSCIASIA         2025-02-11 15:00:00
HEATOIL-ICE      2025-02-11 15:00:00
EU-DJ-TECH       2025-02-11 15:00:00
EU-DJ-UTIL       2025-02-11 15:00:00
SARONA           2025-02-11 15:00:00
EU-HOUSE         2025-02-11 15:00:00
EU-INSURE        2025-02-11 15:00:00
CRUDE_ICE        2025-02-11 15:00:00
IBEX             2025-02-11 15:00:00
EU-DJ-TELECOM    2025-02-11 15:00:00
IBEX_mini        2025-02-11 15:00:00
V2X              2025-02-11 16:00:00
SHATZ            2025-02-11 16:00:00
GASOILINE_ICE    2025-02-11 16:00:00
SMI*             2025-02-11 16:00:00
PLN              2025-02-11 16:00:00
OAT              2025-02-11 16:00:00
AEX              2025-02-11 16:00:00
EU-AUTO          2025-02-11 16:00:00
EU-RETAIL        2025-02-11 16:00:00
EU-MID           2025-02-11 16:00:00
EU-UTILS         2025-02-11 16:00:00
EU-BANKS         2025-02-11 16:00:00
BUND             2025-02-11 16:00:00
EU-MEDIA         2025-02-11 16:00:00
BTP3             2025-02-11 16:00:00
BTP              2025-02-11 16:00:00
BUXL             2025-02-11 16:00:00
EU-HEALTH        2025-02-11 16:00:00
EU-OIL           2025-02-11 16:00:00
EURO600          2025-02-11 16:00:00
BOBL             2025-02-11 16:00:00
EUROSTX          2025-02-11 16:00:00
EU-FOOD          2025-02-11 16:00:00
DJSTX-SMALL      2025-02-11 16:00:00
DAX              2025-02-11 16:00:00
EU-DJ-OIL        2025-02-11 16:00:00
EU-DIV30         2025-02-11 16:00:00
CAC              2025-02-11 16:00:00
EU-CONSTRUCTION  2025-02-11 16:00:00
EU-CHEM          2025-02-11 16:00:00
EU-BASIC         2025-02-11 16:00:00
EU-REALESTATE    2025-02-11 16:00:00
SUGAR11*         2025-02-11 17:00:00
AUDJPY           2025-02-11 17:00:00
GBPEUR           2025-02-11 17:00:00
COPPER-mini      2025-02-11 18:00:00
BUTTER           2025-02-11 18:00:00
COFFEE           2025-02-11 18:00:00
GICS             2025-02-11 18:00:00
OJ               2025-02-11 18:00:00
WHEY             2025-02-11 18:00:00
GAS-LAST         2025-02-11 18:00:00
ALUMINIUM        2025-02-11 18:00:00
COCOA            2025-02-11 18:00:00
REDWHEAT         2025-02-11 19:00:00
CHF_micro        2025-02-11 19:00:00
CHEESE           2025-02-11 19:00:00
FEEDCOW*         2025-02-11 19:00:00
OATIES           2025-02-11 19:00:00
NOK              2025-02-11 19:00:00
COPPER-micro*    2025-02-11 19:00:00
CANOLA           2025-02-11 19:00:00
RICE             2025-02-11 19:00:00
FED              2025-02-11 19:00:00
CAD2             2025-02-11 19:00:00
SOFR             2025-02-11 19:00:00
SOYBEAN          2025-02-11 19:00:00
SOYBEAN_mini     2025-02-11 19:00:00
SOYMEAL          2025-02-11 19:00:00
SOYOIL           2025-02-11 19:00:00
STEEL            2025-02-11 19:00:00
BRENT-LAST       2025-02-11 19:00:00
BBCOMM           2025-02-11 19:00:00
US-INDUSTRY      2025-02-11 19:00:00
US-STAPLES       2025-02-11 19:00:00
VIX_mini         2025-02-11 19:00:00
WHEAT            2025-02-11 19:00:00
WHEAT_mini       2025-02-11 19:00:00
SEK              2025-02-11 19:00:00
CORN             2025-02-11 19:00:00
PALLAD           2025-02-11 19:00:00
CORN_mini        2025-02-11 19:00:00
IRS              2025-02-11 19:00:00
ETHER-micro      2025-02-11 19:00:00
DX               2025-02-11 19:00:00
INR              2025-02-11 19:00:00
LEANHOG          2025-02-11 19:00:00
LIVECOW          2025-02-11 19:00:00
IG               2025-02-11 19:00:00
HIGHYIELD        2025-02-11 19:00:00
GASOILINE_micro  2025-02-11 19:00:00
MILK             2025-02-11 19:00:00
GASOILINE        2025-02-11 19:00:00
GAS-PEN          2025-02-11 19:00:00
COTTON2          2025-02-11 19:00:00
EURAUD           2025-02-11 19:00:00
EURCAD           2025-02-11 19:00:00
US-DISCRETE      2025-02-11 20:00:00
US-MATERIAL      2025-02-11 20:00:00
US-ENERGY        2025-02-11 20:00:00
BITCOIN*         2025-02-11 20:00:00
GBP_micro        2025-02-11 20:00:00
BRE              2025-02-11 20:00:00
US-HEALTH        2025-02-11 20:00:00
GAS_US_mini      2025-02-11 20:00:00
GBP              2025-02-11 20:00:00
US-REALESTATE    2025-02-11 20:00:00
MXP              2025-02-11 20:00:00
US-UTILS         2025-02-11 20:00:00
FANG             2025-02-11 20:00:00
ZAR              2025-02-11 20:00:00
YENEUR           2025-02-11 20:00:00
EUR_mini         2025-02-11 20:00:00
AUD              2025-02-11 20:00:00
EUR_micro        2025-02-11 20:00:00
VIX*             2025-02-11 20:00:00
AUD_micro        2025-02-11 20:00:00
US5              2025-02-11 20:00:00
US30             2025-02-11 20:00:00
US3              2025-02-11 20:00:00
US20             2025-02-11 20:00:00
EURCHF           2025-02-11 20:00:00
US10U            2025-02-11 20:00:00
US10             2025-02-11 20:00:00
GAS_US           2025-02-11 20:00:00
US2              2025-02-11 20:00:00
GOLD-mini        2025-02-11 20:00:00
GOLD_micro*      2025-02-11 20:00:00
NASDAQ           2025-02-11 20:00:00
NASDAQ_micro     2025-02-11 20:00:00
CRUDE_W          2025-02-11 20:00:00
CRUDE_W_micro    2025-02-11 20:00:00
CRUDE_W_mini     2025-02-11 20:00:00
NZD              2025-02-11 20:00:00
COPPER           2025-02-11 20:00:00
MSCIEAFA         2025-02-11 20:00:00
DOW              2025-02-11 20:00:00
GOLD             2025-02-11 20:00:00
PLAT             2025-02-11 20:00:00
DOW_mini         2025-02-11 20:00:00
LUMBER-new       2025-02-11 20:00:00
CHF*             2025-02-11 20:00:00
RUSSELL*         2025-02-11 20:00:00
MILKDRY          2025-02-11 20:00:00
CAD_micro        2025-02-11 20:00:00
SP500_micro      2025-02-11 20:00:00
RUSSELL_mini     2025-02-11 20:00:00
SP400            2025-02-11 20:00:00
EUR              2025-02-11 20:00:00
HEATOIL          2025-02-11 20:00:00
JPY              2025-02-11 20:00:00
SP500            2025-02-11 20:00:00
CAD*             2025-02-11 20:00:00
CAD10*           2025-02-11 20:00:00
JPY_mini         2025-02-11 20:00:00
CAD5             2025-02-11 20:00:00
ETHEREUM         2025-02-11 20:00:00
SILVER*          2025-02-11 20:00:00
CHFUSD           2025-02-11 23:00:00
JPYUSD           2025-02-11 23:00:00
EURUSD           2025-02-11 23:00:00
CADUSD           2025-02-11 23:00:00
KRWUSD           2025-02-11 23:00:00
GBPUSD           2025-02-11 23:00:00
SEKUSD           2025-02-11 23:00:00
SGDUSD           2025-02-11 23:00:00
MXPUSD           2025-02-11 23:00:00
HKDUSD           2025-02-11 23:00:00
CNHUSD           2025-02-11 23:00:00
AUDUSD           2025-02-11 23:00:00


============================================================
           Status of optimal position generation            
============================================================

                                                 last_update
dynamic_TF_carry/SGX              2024-12-02 22:31:28.544775
dynamic_TF_carry/SOYBEAN_mini     2025-02-11 22:31:35.855295
dynamic_TF_carry/TOPIX            2025-02-11 22:31:35.855551
dynamic_TF_carry/HIGHYIELD        2025-02-11 22:31:35.855787
dynamic_TF_carry/CRUDE_W_micro    2025-02-11 22:31:35.856023
dynamic_TF_carry/JP-REALESTATE    2025-02-11 22:31:35.856253
dynamic_TF_carry/SARONA           2025-02-11 22:31:35.856483
dynamic_TF_carry/SILVER           2025-02-11 22:31:35.856715
dynamic_TF_carry/US-UTILS         2025-02-11 22:31:35.856948
dynamic_TF_carry/EU-BASIC         2025-02-11 22:31:35.857407
dynamic_TF_carry/EUROSTX200-LARGE 2025-02-11 22:31:35.857638
dynamic_TF_carry/DOW              2025-02-11 22:31:35.857866
dynamic_TF_carry/SP500_micro      2025-02-11 22:31:35.858094
dynamic_TF_carry/CHFJPY           2025-02-11 22:31:35.858322
dynamic_TF_carry/JPY              2025-02-11 22:31:35.858555
dynamic_TF_carry/AUD_micro        2025-02-11 22:31:35.858784
dynamic_TF_carry/EURIBOR-ICE      2025-02-11 22:31:35.859014
dynamic_TF_carry/GASOILINE        2025-02-11 22:31:35.859471
dynamic_TF_carry/BONO             2025-02-11 22:31:35.859699
dynamic_TF_carry/INR              2025-02-11 22:31:35.859928
dynamic_TF_carry/DJSTX-SMALL      2025-02-11 22:31:35.860156
dynamic_TF_carry/OMX              2025-02-11 22:31:35.860388
dynamic_TF_carry/OJ               2025-02-11 22:31:35.860620
dynamic_TF_carry/GILT             2025-02-11 22:31:35.860848
dynamic_TF_carry/EPRA-EUROPE      2025-02-11 22:31:35.861079
dynamic_TF_carry/MSCIEMASIA       2025-02-11 22:31:35.861310
dynamic_TF_carry/EURO600          2025-02-11 22:31:35.861541
dynamic_TF_carry/MSCISING         2025-02-11 22:31:35.861769
dynamic_TF_carry/FTSE250          2025-02-11 22:31:35.861998
dynamic_TF_carry/IRS              2025-02-11 22:31:35.862228
dynamic_TF_carry/MILKDRY          2025-02-11 22:31:35.862462
dynamic_TF_carry/KOSPI_mini       2025-02-11 22:31:35.862919
dynamic_TF_carry/MILKWET          2025-02-11 22:31:35.863150
dynamic_TF_carry/DAX              2025-02-11 22:31:35.863378
dynamic_TF_carry/US-DISCRETE      2025-02-11 22:31:35.863605
dynamic_TF_carry/DX               2025-02-11 22:31:35.863835
dynamic_TF_carry/COPPER           2025-02-11 22:31:35.864063
dynamic_TF_carry/KRWUSD           2025-02-11 22:31:35.864291
dynamic_TF_carry/EUR              2025-02-11 22:31:35.864522
dynamic_TF_carry/ROBUSTA          2025-02-11 22:31:35.864752
dynamic_TF_carry/ETHEREUM         2025-02-11 22:31:35.864983
dynamic_TF_carry/FTSE100          2025-02-11 22:31:35.865213
dynamic_TF_carry/KOSDAQ           2025-02-11 22:31:35.865443
dynamic_TF_carry/NOK              2025-02-11 22:31:35.865901
dynamic_TF_carry/SGD              2025-02-11 22:31:35.866130
dynamic_TF_carry/CANOLA           2025-02-11 22:31:35.866358
dynamic_TF_carry/FANG             2025-02-11 22:31:35.866592
dynamic_TF_carry/COPPER_LME       2025-02-11 22:31:35.866820
dynamic_TF_carry/MSCITAIWAN       2025-02-11 22:31:35.867050
dynamic_TF_carry/SUGAR11          2025-02-11 22:31:35.867279
dynamic_TF_carry/SMI              2025-02-11 22:31:35.867508
dynamic_TF_carry/US30             2025-02-11 22:31:35.867737
dynamic_TF_carry/CAC              2025-02-11 22:31:35.867966
dynamic_TF_carry/EU-HOUSE         2025-02-11 22:31:35.868196
dynamic_TF_carry/LUMBER-new       2025-02-11 22:31:35.868428
dynamic_TF_carry/SUGAR16          2025-02-11 22:31:35.868660
dynamic_TF_carry/NICKEL_LME       2025-02-11 22:31:35.868890
dynamic_TF_carry/CRUDE_ICE        2025-02-11 22:31:35.869122
dynamic_TF_carry/FTSECHINAA       2025-02-11 22:31:35.869350
dynamic_TF_carry/COCOA            2025-02-11 22:31:35.869579
dynamic_TF_carry/CAD5             2025-02-11 22:31:35.869810
dynamic_TF_carry/NASDAQ_micro     2025-02-11 22:31:35.870037
dynamic_TF_carry/EU-TRAVEL        2025-02-11 22:31:35.870265
dynamic_TF_carry/BTP3             2025-02-11 22:31:35.870497
dynamic_TF_carry/CAD10            2025-02-11 22:31:35.870726
dynamic_TF_carry/US-REALESTATE    2025-02-11 22:31:35.870955
dynamic_TF_carry/EUROSTX-LARGE    2025-02-11 22:31:35.871184
dynamic_TF_carry/BOVESPA          2025-02-11 22:31:35.871412
dynamic_TF_carry/EU-OIL           2025-02-11 22:31:35.871640
dynamic_TF_carry/BUXL             2025-02-11 22:31:35.871869
dynamic_TF_carry/CLP              2025-02-11 22:31:35.872101
dynamic_TF_carry/SUGAR_WHITE      2025-02-11 22:31:35.872330
dynamic_TF_carry/VIX              2025-02-11 22:31:35.872561
dynamic_TF_carry/US20             2025-02-11 22:31:35.873018
dynamic_TF_carry/FTSETAIWAN       2025-02-11 22:31:35.873250
dynamic_TF_carry/EU-DIV30         2025-02-11 22:31:35.873478
dynamic_TF_carry/LIVECOW          2025-02-11 22:31:35.873710
dynamic_TF_carry/NIKKEI400        2025-02-11 22:31:35.873941
dynamic_TF_carry/COAL-GEORDIE     2025-02-11 22:31:35.874167
dynamic_TF_carry/LEAD_LME         2025-02-11 22:31:35.874398
dynamic_TF_carry/US2              2025-02-11 22:31:35.874625
dynamic_TF_carry/BOBL             2025-02-11 22:31:35.874851
dynamic_TF_carry/CHINAA-CON       2025-02-11 22:31:35.875078
dynamic_TF_carry/EU-DJ-TELECOM    2025-02-11 22:31:35.875308
dynamic_TF_carry/US5              2025-02-11 22:31:35.875536
dynamic_TF_carry/CNH              2025-02-11 22:31:35.875763
dynamic_TF_carry/PLN              2025-02-11 22:31:35.875990
dynamic_TF_carry/ZINC_LME         2025-02-11 22:31:35.876217
dynamic_TF_carry/STEEL            2025-02-11 22:31:35.876444
dynamic_TF_carry/FTSECHINAH       2025-02-11 22:31:35.876674
dynamic_TF_carry/ETHANOL          2025-02-11 22:31:35.876903
dynamic_TF_carry/GOLD_micro       2025-02-11 22:31:35.877129
dynamic_TF_carry/AUD              2025-02-11 22:31:35.877357
dynamic_TF_carry/SOFR             2025-02-11 22:31:35.877584
dynamic_TF_carry/CAD              2025-02-11 22:31:35.877813
dynamic_TF_carry/GAS-LAST         2025-02-11 22:31:35.878043
dynamic_TF_carry/MSCIWORLD        2025-02-11 22:31:35.878272
dynamic_TF_carry/GBP              2025-02-11 22:31:35.878503
dynamic_TF_carry/EU-UTILS         2025-02-11 22:31:35.878733
dynamic_TF_carry/EURIBOR          2025-02-11 22:31:35.878963
dynamic_TF_carry/SEK              2025-02-11 22:31:35.879193
dynamic_TF_carry/SPI200           2025-02-11 22:31:35.879420
dynamic_TF_carry/WHEY             2025-02-11 22:31:35.879650
dynamic_TF_carry/EU-HEALTH        2025-02-11 22:31:35.879881
dynamic_TF_carry/EU-FOOD          2025-02-11 22:31:35.880107
dynamic_TF_carry/GASOIL           2025-02-11 22:31:35.880335
dynamic_TF_carry/YENEUR           2025-02-11 22:31:35.880566
dynamic_TF_carry/COTTON           2025-02-11 22:31:35.880796
dynamic_TF_carry/US-STAPLES       2025-02-11 22:31:35.881026
dynamic_TF_carry/US3              2025-02-11 22:31:35.881256
dynamic_TF_carry/MILK             2025-02-11 22:31:35.881486
dynamic_TF_carry/HOUSE-US         2025-02-11 22:31:35.881717
dynamic_TF_carry/MIB              2025-02-11 22:31:35.881946
dynamic_TF_carry/EUROSTX-SMALL    2025-02-11 22:31:35.882404
dynamic_TF_carry/SP400            2025-02-11 22:31:35.882633
dynamic_TF_carry/BRENT_W          2025-02-11 22:31:35.882862
dynamic_TF_carry/EU-INSURE        2025-02-11 22:31:35.883090
dynamic_TF_carry/BBCOMM           2025-02-11 22:31:35.883321
dynamic_TF_carry/SWISSLEAD        2025-02-11 22:31:35.883553
dynamic_TF_carry/GICS             2025-02-11 22:31:35.883783
dynamic_TF_carry/MUMMY            2025-02-11 22:31:35.884010
dynamic_TF_carry/REDWHEAT         2025-02-11 22:31:35.884237
dynamic_TF_carry/HANGENT_mini     2025-02-11 22:31:35.884465
dynamic_TF_carry/PALLAD           2025-02-11 22:31:35.884920
dynamic_TF_carry/MXP              2025-02-11 22:31:35.885151
dynamic_TF_carry/MSCIEAFA         2025-02-11 22:31:35.885385
dynamic_TF_carry/IBEX_mini        2025-02-11 22:31:35.885615
dynamic_TF_carry/IG               2025-02-11 22:31:35.885842
dynamic_TF_carry/WHEAT            2025-02-11 22:31:35.886071
dynamic_TF_carry/EURCAD           2025-02-11 22:31:35.886299
dynamic_TF_carry/JGB-SGX-mini     2025-02-11 22:31:35.886530
dynamic_TF_carry/EURCHF           2025-02-11 22:31:35.886759
dynamic_TF_carry/BUND             2025-02-11 22:31:35.886984
dynamic_TF_carry/EU-BANKS         2025-02-11 22:31:35.887213
dynamic_TF_carry/NZD              2025-02-11 22:31:35.887443
dynamic_TF_carry/OATIES           2025-02-11 22:31:35.887670
dynamic_TF_carry/PLAT             2025-02-11 22:31:35.887900
dynamic_TF_carry/EUR_micro        2025-02-11 22:31:35.888126
dynamic_TF_carry/MILLWHEAT        2025-02-11 22:31:35.888353
dynamic_TF_carry/SONIA3           2025-02-11 22:31:35.888582
dynamic_TF_carry/AUDJPY           2025-02-11 22:31:35.888808
dynamic_TF_carry/JGB              2025-02-11 22:31:35.889040
dynamic_TF_carry/CZK              2025-02-11 22:31:35.889269
dynamic_TF_carry/CRUDE_W_mini     2025-02-11 22:31:35.889497
dynamic_TF_carry/COCOA_LDN        2025-02-11 22:31:35.889725
dynamic_TF_carry/GBPEUR           2025-02-11 22:31:35.889953
dynamic_TF_carry/SOYOIL           2025-02-11 22:31:35.890182
dynamic_TF_carry/GBPJPY           2025-02-11 22:31:35.890416
dynamic_TF_carry/US-HEALTH        2025-02-11 22:31:35.890647
dynamic_TF_carry/GBPCHF           2025-02-11 22:31:35.890875
dynamic_TF_carry/FTSEVIET         2025-02-11 22:31:35.891105
dynamic_TF_carry/US-MATERIAL      2025-02-11 22:31:35.891338
dynamic_TF_carry/AEX              2025-02-11 22:31:35.891800
dynamic_TF_carry/EU-CHEM          2025-02-11 22:31:35.892028
dynamic_TF_carry/MSCIASIA         2025-02-11 22:31:35.892256
dynamic_TF_carry/EUROSTX          2025-02-11 22:31:35.892486
dynamic_TF_carry/KOSPI            2025-02-11 22:31:35.892713
dynamic_TF_carry/KR3              2025-02-11 22:31:35.892941
dynamic_TF_carry/EUA              2025-02-11 22:31:35.893169
dynamic_TF_carry/BITCOIN          2025-02-11 22:31:35.893397
dynamic_TF_carry/TIN_LME          2025-02-11 22:31:35.893626
dynamic_TF_carry/COFFEE           2025-02-11 22:31:35.893855
dynamic_TF_carry/KRWUSD_mini      2025-02-11 22:31:35.894083
dynamic_TF_carry/WHEAT_ICE        2025-02-11 22:31:35.894312
dynamic_TF_carry/EURAUD           2025-02-11 22:31:35.894544
dynamic_TF_carry/SHATZ            2025-02-11 22:31:35.894772
dynamic_TF_carry/VNKI             2025-02-11 22:31:35.895000
dynamic_TF_carry/COAL             2025-02-11 22:31:35.895229
dynamic_TF_carry/BUTTER           2025-02-11 22:31:35.895459
dynamic_TF_carry/FEEDCOW          2025-02-11 22:31:35.895687
dynamic_TF_carry/R1000            2025-02-11 22:31:35.895916
dynamic_TF_carry/COPPER-micro     2025-02-11 22:31:35.896143
dynamic_TF_carry/COTTON2          2025-02-11 22:31:35.896371
dynamic_TF_carry/EU-CONSTRUCTION  2025-02-11 22:31:35.896599
dynamic_TF_carry/HANGTECH         2025-02-11 22:31:35.896826
dynamic_TF_carry/LEANHOG          2025-02-11 22:31:35.897055
dynamic_TF_carry/NIKKEI           2025-02-11 22:31:35.897283
dynamic_TF_carry/V2X              2025-02-11 22:31:35.897512
dynamic_TF_carry/CAD2             2025-02-11 22:31:35.897740
dynamic_TF_carry/BRE              2025-02-11 22:31:35.897968
dynamic_TF_carry/ALUMINIUM        2025-02-11 22:31:35.898196
dynamic_TF_carry/EU-RETAIL        2025-02-11 22:31:35.898428
dynamic_TF_carry/FTSEINDO         2025-02-11 22:31:35.898885
dynamic_TF_carry/SOYBEAN          2025-02-11 22:31:35.899113
dynamic_TF_carry/US10U            2025-02-11 22:31:35.899341
dynamic_TF_carry/EU-MEDIA         2025-02-11 22:31:35.899571
dynamic_TF_carry/TWD              2025-02-11 22:31:35.899799
dynamic_TF_carry/US-ENERGY        2025-02-11 22:31:35.900027
dynamic_TF_carry/EU-AUTO          2025-02-11 22:31:35.900256
dynamic_TF_carry/EU-MID           2025-02-11 22:31:35.900714
dynamic_TF_carry/SMI-MID          2025-02-11 22:31:35.900941
dynamic_TF_carry/HANG_mini        2025-02-11 22:31:35.901169
dynamic_TF_carry/RICE             2025-02-11 22:31:35.901398
dynamic_TF_carry/EU-DJ-UTIL       2025-02-11 22:31:35.901629
dynamic_TF_carry/US10             2025-02-11 22:31:35.901859
dynamic_TF_carry/SOYMEAL          2025-02-11 22:31:35.902090
dynamic_TF_carry/HEATOIL          2025-02-11 22:31:35.902320
dynamic_TF_carry/US-INDUSTRY      2025-02-11 22:31:35.902555
dynamic_TF_carry/GAS-PEN          2025-02-11 22:31:35.902785
dynamic_TF_carry/BTP              2025-02-11 22:31:35.903014
dynamic_TF_carry/CHF              2025-02-11 22:31:35.903245
dynamic_TF_carry/CORN             2025-02-11 22:31:35.903475
dynamic_TF_carry/GAS_US_mini      2025-02-11 22:31:35.903704
dynamic_TF_carry/RUBBER           2025-02-11 22:31:35.903933
dynamic_TF_carry/FED              2025-02-11 22:31:35.904167
dynamic_TF_carry/RUR              2025-02-11 22:31:35.904397
dynamic_TF_carry/EU-REALESTATE    2025-02-11 22:31:35.904627
dynamic_TF_carry/RUSSELL          2025-02-11 22:31:35.904857
dynamic_TF_carry/EU-TECH          2025-02-11 22:31:35.905087
dynamic_TF_carry/ZAR              2025-02-11 22:31:35.905318
dynamic_TF_carry/CH10             2025-02-11 22:31:35.905549
dynamic_TF_carry/IRON             2025-02-11 22:31:35.906014
dynamic_TF_carry/CHEESE           2025-02-11 22:31:35.906244
dynamic_TF_carry/OAT              2025-02-11 22:31:35.906480
dynamic_TF_carry/KR10             2025-02-11 22:31:35.906711
dynamic_TF_carry/BRENT-LAST       2025-02-11 22:31:35.906945


======================================================================================================================
                                                Status of trade limits                                                
======================================================================================================================

                   period_days  trade_limit  trades_since_last_reset  trade_capacity_remaining   time_since_last_reset
 VIX                        30            5                      3.0                       2.0 26 days 07:55:58.157565
 OAT                        30            4                      1.0                       3.0 21 days 14:57:06.186483
 GBP                        14            4                      1.0                       3.0  5 days 07:56:10.483965
 MSCISING                    1            4                      1.0                       3.0  0 days 20:55:07.395309
 US10U                      30            4                      1.0                       3.0 29 days 07:57:14.031014
 CAD                        14            4                      1.0                       3.0 13 days 07:57:08.291841
 BEL20                       1            4                      0.0                       4.0  0 days 00:00:00.000002
 EU-DJ-UTIL                  1            4                      0.0                       4.0  0 days 00:00:00.000001
 EU-DJ-TELECOM               1            4                      0.0                       4.0  0 days 00:00:00.000002
 US30                       30            4                      0.0                       4.0  0 days 07:57:13.710024
 EU-DJ-TECH                  1            4                      0.0                       4.0  0 days 00:00:00.000002
 YENEUR                     30            4                      0.0                       4.0  5 days 07:57:18.618029
 EU-DJ-OIL                   1            4                      0.0                       4.0  0 days 00:00:00.000002
 EU-CONSTRUCTION             1            4                      0.0                       4.0  0 days 00:00:00.000002
 ETHANOL                     1            4                      0.0                       4.0  0 days 00:00:00.000001
 CZK                         1            4                      0.0                       4.0  0 days 00:00:00.000001
 COPPER-mini                 1            4                      0.0                       4.0  0 days 00:00:00.000002
 EU-HOUSE                    1            4                      0.0                       4.0  0 days 00:00:00.000001
 CNH-onshore                 1            4                      0.0                       4.0  0 days 00:00:00.000002
 CLP                         1            4                      0.0                       4.0  0 days 00:00:00.000002
 CH10                        1            4                      0.0                       4.0  0 days 00:00:00.000002
 BUTTER                      1            4                      0.0                       4.0  0 days 00:00:00.000001
 ALUMINIUM                   1            4                      0.0                       4.0  0 days 00:00:00.000002
 BOVESPA                     1            4                      0.0                       4.0  0 days 00:00:00.000002
 COTTON                      1            4                      0.0                       4.0  0 days 00:00:00.000002
 EU-MEDIA                    1            4                      0.0                       4.0  0 days 00:00:00.000002
 CORN                        1            4                      0.0                       4.0  0 days 00:00:00.000003
 US3                        30            4                      0.0                       4.0  0 days 00:00:00.000002
 US-ENERGY                   1            4                      0.0                       4.0  0 days 00:00:00.000002
 US-DISCRETE                 1            4                      0.0                       4.0  0 days 00:00:00.000002
 SMI-MID                     1            4                      0.0                       4.0  0 days 00:00:00.000001
 SGX                         1            4                      0.0                       4.0  0 days 00:00:00.000001
 SGD                         1            4                      0.0                       4.0  0 days 00:00:00.000002
 OMX                         1            4                      0.0                       4.0  0 days 00:00:00.000002
 MSCIASIA                    1            4                      0.0                       4.0  0 days 00:00:00.000002
 MILKWET                     1            4                      0.0                       4.0  0 days 00:00:00.000002
 MILKDRY                     1            4                      0.0                       4.0  0 days 00:00:00.000001
 MID-DAX                     1            4                      0.0                       4.0  0 days 00:00:00.000002
 JP-REALESTATE               1            4                      0.0                       4.0  0 days 00:00:00.000002
 JGB-SGX-mini                1            4                      0.0                       4.0  0 days 00:00:00.000001
 IRS                         1            4                      0.0                       4.0  0 days 00:00:00.000002
 FTSEINDO                    1            4                      0.0                       4.0  0 days 00:00:00.000002
 EUROSTX200-LARGE            1            4                      0.0                       4.0  0 days 00:00:00.000002
 EUROSTX-SMALL               1            4                      0.0                       4.0  0 days 00:00:00.000002
 EUROSTX-LARGE               1            4                      0.0                       4.0  0 days 00:00:00.000002
 EURIBOR                     1            4                      0.0                       4.0  0 days 00:00:00.000001
 EURCHF                      1            4                      0.0                       4.0  0 days 00:00:00.000002
 EU-MID                      1            4                      0.0                       4.0  0 days 00:00:00.000002
 EU-REALESTATE               1            4                      0.0                       4.0  0 days 00:00:00.000002
 SEK                        30            4                      0.0                       4.0  0 days 00:00:00.000002
 US-HEALTH                   1            4                      0.0                       4.0  0 days 00:00:00.000002
 HEATOIL                    14            4                      0.0                       4.0  0 days 00:00:00.000002
 GBPEUR                     14            4                      0.0                       4.0  0 days 00:00:00.000001
 GAS-LAST                   14            4                      0.0                       4.0  0 days 00:00:00.000001
 FTSETAIWAN                 14            4                      0.0                       4.0 13 days 20:54:58.444527
 EU-TECH                    14            4                      0.0                       4.0  0 days 00:00:00.000002
 EU-CHEM                    14            4                      0.0                       4.0  0 days 00:00:00.000002
 ETHEREUM                   14            4                      0.0                       4.0  0 days 00:00:00.000001
 CNH                        14            4                      0.0                       4.0  0 days 00:00:00.000001
 BUXL                       14            4                      0.0                       4.0  0 days 00:00:00.000002
 BTP3                       14            4                      0.0                       4.0  0 days 00:00:00.000002
 BRENT-LAST                 14            4                      0.0                       4.0  0 days 00:00:00.000002
 BONO                       14            4                      0.0                       4.0  0 days 00:00:00.000001
 YENEUR                      1            4                      0.0                       4.0  0 days 00:00:00.000002
 US3                         1            4                      0.0                       4.0  0 days 00:00:00.000002
 US10U                       1            4                      0.0                       4.0  0 days 00:00:00.000002
 US-REALESTATE               1            4                      0.0                       4.0  0 days 00:00:00.000002
 TOPIX                       1            4                      0.0                       4.0  0 days 20:54:38.533375
 SP400                       1            4                      0.0                       4.0  0 days 00:00:00.000002
 SEK                         1            4                      0.0                       4.0  0 days 00:00:00.000002
 JGB                        14            4                      0.0                       4.0  0 days 00:00:00.000002
 ZAR                         1            4                      0.0                       4.0  0 days 00:00:00.000002
 NOK                        14            4                      0.0                       4.0  0 days 00:00:00.000002
 R1000                      14            4                      0.0                       4.0  0 days 00:00:00.000002
 NOK                        30            4                      0.0                       4.0  0 days 00:00:00.000002
 JGB                        30            4                      0.0                       4.0  0 days 00:00:00.000002
 HEATOIL                    30            4                      0.0                       4.0  0 days 00:00:00.000002
 GBPEUR                     30            4                      0.0                       4.0  0 days 00:00:00.000002
 GASOILINE                  30            4                      0.0                       4.0  0 days 00:00:00.000002
 GAS-LAST                   30            4                      0.0                       4.0  0 days 00:00:00.000002
 ETHEREUM                   30            4                      0.0                       4.0  0 days 00:00:00.000002
 CHF                        30            4                      0.0                       4.0  0 days 00:00:00.000002
 CAD                        30            6                      2.0                       4.0 21 days 07:57:17.026708
 SP400                      30            4                      0.0                       4.0  0 days 00:00:00.000002
