
********************************************************************************
                   Status report produced on 14/05/2026 22:55                   
********************************************************************************


Delayed methods: No delays

============================
Delayed adjusted / FX prices
============================

            last_update
SGX 2026-03-02 23:00:02


===============================================
           Delayed optimal positions           
===============================================

                                    last_update
dynamic_TF_carry/SGX 2024-12-02 22:31:28.544775

Instruments at trade limit: No constraints

================================================
         Instruments at position limit          
================================================

                 keys  position pos_limit  spare
244              BONO         0         0      0
168             KOSPI         0         0      0
169            EURCAD         0         0      0
170          HOUSE-US         0         0      0
171       CNH-onshore         0         0      0
173         GASOILINE         1         1      0
174          JPY_mini         0         0      0
62               CH10         0         0      0
162               PLN         0         0      0
177          SGD_mini         0         0      0
182           MILKDRY         0         0      0
55                OMX         0         0      0
185            AUDJPY         0         0      0
187            GBPJPY         0         0      0
191           TIN_LME         0         0      0
48        COPPER-mini         0         0      0
201           MILKWET         0         0      0
180              WHEY         0         0      0
43        HEATOIL-ICE         0         0      0
72                SGX         0         0      0
76             GBPCHF         0         0      0
110   GASOILINE_micro         0         0      0
109         SWISSLEAD         0         0      0
106          EU-HOUSE         0         0      0
102               CZK         0         0      0
123         GOLD-mini         0         0      0
128         CRUDE_ICE         0         0      0
129              GICS         0         0      0
161            KRWUSD         0         0      0
144           BOVESPA         0         0      0
145     GASOILINE_ICE         0         0      0
146        MSCIEMASIA         1         1      0
148               MIB         0         0      0
150      COAL-GEORDIE         0         0      0
81             PALLAD         0         0      0
80   EUROSTX200-LARGE         0         0      0
155     EUROSTX-LARGE         0         0      0
88                IRS         0         0      0
40           TWD-mini         0         0      0
184            CHFJPY         0         0      0
210          AEX_mini         0         0      0
221          MSCIEAFA         1         1      0
224           HEATOIL         0         0      0
19             NASDAQ         0         0      0
209               NOK         0         0      0
228           SUGAR16         0         0      0
233            BUTTER         0         0      0
234          FTSEINDO         0         0      0
10                CLP         0         0      0
9                COAL         0         0      0
8           EU-DJ-OIL         0         0      0
236               SGD         0         0      0
4         EPRA-EUROPE         0         0      0
241        COPPER_LME         0         0      0
2                VNKI         0         0      0
242     EU-DJ-TELECOM         0         0      0
29            GAS-PEN         0         0      0
30               GOLD         0         0      0
17             EURAUD         0         0      0
36         EU-DJ-TECH         0         0      0
216            COTTON         0         0      0
33           ETHEREUM         0         0      0
212             SP400         0         0      0


=========================================================
         Overrides in database consider deleting         
=========================================================

                                                 override
NICKEL_LME             Override Close because in database
MILKDRY          Override Reduce only because in database
GOLD-mini        Override Reduce only because in database
VIX_mini         Override Reduce only because in database
GAS_US_mini      Override Reduce only because in database
OATIES           Override Reduce only because in database
STEEL            Override Reduce only because in database
SGD              Override Reduce only because in database
CNH-onshore      Override Reduce only because in database
TWD-mini         Override Reduce only because in database
CRUDE_W_mini     Override Reduce only because in database
COAL             Override Reduce only because in database
GASOILINE_micro  Override Reduce only because in database
KRWUSD           Override Reduce only because in database
SPI200           Override Reduce only because in database
FTSEINDO         Override Reduce only because in database
FTSECHINAA       Override Reduce only because in database
FTSE100          Override Reduce only because in database
FTSETAIWAN       Override Reduce only because in database
HOUSE-US         Override Reduce only because in database
DX               Override Reduce only because in database
INR              Override Reduce only because in database
SGX              Override Reduce only because in database
FTSEVIET         Override Reduce only because in database
VNKI             Override Reduce only because in database
US30             Override Reduce only because in database
JGB-SGX-mini     Override Reduce only because in database
FTSECHINAH       Override Reduce only because in database
BRE              Override Reduce only because in database
US10U            Override Reduce only because in database
JGB-mini         Override Reduce only because in database
US10             Override Reduce only because in database
MSCISING         Override Reduce only because in database
US20             Override Reduce only because in database
GAS-PEN          Override Reduce only because in database
HANG             Override Reduce only because in database
GAS-LAST         Override Reduce only because in database
CLP              Override Reduce only because in database
MSCITAIWAN       Override Reduce only because in database
HANGTECH         Override Reduce only because in database
HANGENT          Override Reduce only because in database

Locked instruments (position mismatch): []

==============================================
Status of adjusted price / FX price collection
==============================================

                         last_update
SGX              2026-03-02 23:00:02
CNH-onshore      2026-05-11 23:00:00
IRS              2026-05-13 23:00:00
EU-DJ-OIL        2026-05-13 23:00:00
KRWUSD           2026-05-13 23:00:00
SMI              2026-05-13 23:00:00
SMI-MID          2026-05-13 23:00:00
OMX              2026-05-13 23:00:00
EU-CHEM          2026-05-13 23:00:00
SUGAR16          2026-05-13 23:00:00
HOUSE-US         2026-05-13 23:00:00
SWISSLEAD        2026-05-13 23:00:00
MILKWET          2026-05-13 23:00:00
CZK              2026-05-13 23:00:00
FTSEINDO         2026-05-13 23:00:00
BOVESPA          2026-05-13 23:00:00
MSCIWORLD        2026-05-13 23:00:00
GBPCHF           2026-05-13 23:00:00
TWD-mini         2026-05-13 23:00:00
EUROSTX-LARGE    2026-05-13 23:00:00
CLP              2026-05-13 23:00:00
EUROSTX200-LARGE 2026-05-13 23:00:00
GASOILINE_micro  2026-05-13 23:00:00
GAS-PEN*         2026-05-13 23:00:00
COTTON           2026-05-13 23:00:00
CH10             2026-05-13 23:00:00
SARONA           2026-05-13 23:00:00
SGD_mini         2026-05-14 04:00:00
VNKI             2026-05-14 05:00:00
JGB-mini         2026-05-14 06:00:00
MSCITAIWAN       2026-05-14 06:00:00
JP-REALESTATE    2026-05-14 07:00:00
KOSDAQ*          2026-05-14 07:00:00
KOSPI            2026-05-14 07:00:00
KOSPI_mini       2026-05-14 07:00:00
KR3              2026-05-14 07:00:00
KR10*            2026-05-14 07:00:00
EU-DJ-TELECOM    2026-05-14 08:00:00
FTSEVIET         2026-05-14 08:00:00
KRWUSD_mini      2026-05-14 09:00:00
HANGTECH         2026-05-14 09:00:00
JGB              2026-05-14 09:00:00
IRON             2026-05-14 09:00:00
HANG_mini        2026-05-14 09:00:00
HANGENT_mini*    2026-05-14 09:00:00
HANGENT          2026-05-14 09:00:00
HANG             2026-05-14 09:00:00
FTSECHINAH       2026-05-14 09:00:00
JGB-SGX-mini     2026-05-14 09:00:00
MSCISING         2026-05-14 09:00:00
FTSETAIWAN       2026-05-14 09:00:00
TWD              2026-05-14 09:00:00
MUMMY*           2026-05-14 09:00:00
RUBBER*          2026-05-14 09:00:00
TOPIX*           2026-05-14 09:00:00
NIKKEI400        2026-05-14 09:00:00
CHINAA-CON       2026-05-14 09:00:00
SGD              2026-05-14 09:00:00
SPI200           2026-05-14 09:00:00
CNH              2026-05-14 09:00:00
FTSECHINAA       2026-05-14 09:45:00
EU-CONSTRUCTION  2026-05-14 10:00:00
NIKKEI           2026-05-14 10:00:00
EU-MID           2026-05-14 11:00:00
COAL-GEORDIE     2026-05-14 14:00:00
CHFJPY           2026-05-14 14:30:00
GBPJPY           2026-05-14 14:30:00
AUDJPY           2026-05-14 14:30:00
EURIBOR          2026-05-14 15:00:00
GILT             2026-05-14 15:00:00
BONO             2026-05-14 15:00:00
GICS             2026-05-14 15:00:00
MSCIASIA         2026-05-14 15:00:00
GASOILINE_ICE    2026-05-14 15:00:00
WHEAT_ICE        2026-05-14 15:00:00
GASOIL           2026-05-14 15:00:00
ALUMINIUM_LME    2026-05-14 15:00:00
ZINC_LME         2026-05-14 15:00:00
FTSE100          2026-05-14 15:00:00
FTSE250          2026-05-14 15:00:00
AEX_mini         2026-05-14 15:00:00
EUROSTX-SMALL    2026-05-14 15:00:00
TIN_LME          2026-05-14 15:00:00
EU-REALESTATE    2026-05-14 15:00:00
BRENT_W          2026-05-14 15:00:00
COPPER_LME       2026-05-14 15:00:00
NICKEL_LME       2026-05-14 15:00:00
MIB              2026-05-14 15:00:00
LEAD_LME         2026-05-14 15:00:00
COCOA_LDN        2026-05-14 15:00:00
COAL             2026-05-14 15:00:00
ROBUSTA          2026-05-14 15:00:00
EUA              2026-05-14 15:00:00
EU-DJ-UTIL       2026-05-14 15:00:00
EU-HOUSE         2026-05-14 15:00:00
SONIA3           2026-05-14 15:00:00
IBEX_mini        2026-05-14 15:00:00
CRUDE_ICE        2026-05-14 15:00:00
IBEX             2026-05-14 15:00:00
SUGAR_WHITE      2026-05-14 15:00:00
HEATOIL-ICE      2026-05-14 15:00:00
MILLWHEAT        2026-05-14 15:00:00
V2X*             2026-05-14 16:00:00
PLN              2026-05-14 16:00:00
OAT              2026-05-14 16:00:00
SHATZ            2026-05-14 16:00:00
AEX              2026-05-14 16:00:00
EURIBOR-ICE      2026-05-14 16:00:00
EU-TRAVEL        2026-05-14 16:00:00
EU-OIL*          2026-05-14 16:00:00
EU-UTILS         2026-05-14 16:00:00
EU-MEDIA         2026-05-14 16:00:00
EU-INSURE        2026-05-14 16:00:00
EU-HEALTH        2026-05-14 16:00:00
EURCAD           2026-05-14 16:00:00
EU-FOOD          2026-05-14 16:00:00
BUND*            2026-05-14 16:00:00
BTP3             2026-05-14 16:00:00
BTP              2026-05-14 16:00:00
EU-RETAIL        2026-05-14 16:00:00
EU-TECH          2026-05-14 16:00:00
EURO600          2026-05-14 16:00:00
BOBL             2026-05-14 16:00:00
EUROSTX          2026-05-14 16:00:00
EU-DIV30         2026-05-14 16:00:00
EU-BASIC*        2026-05-14 16:00:00
EU-BANKS         2026-05-14 16:00:00
EU-AUTO          2026-05-14 16:00:00
BUXL             2026-05-14 16:00:00
CAC              2026-05-14 16:00:00
EPRA-EUROPE      2026-05-14 16:00:00
DAX*             2026-05-14 16:00:00
EU-DJ-TECH       2026-05-14 16:00:00
GAS-LAST         2026-05-14 17:00:00
IG               2026-05-14 17:00:00
EURAUD           2026-05-14 17:00:00
SUGAR11          2026-05-14 17:00:00
COFFEE           2026-05-14 18:00:00
OJ               2026-05-14 18:00:00
COCOA            2026-05-14 18:00:00
MILKDRY          2026-05-14 18:00:00
JPY_mini         2026-05-14 18:00:00
SOYOIL           2026-05-14 19:00:00
CHEESE           2026-05-14 19:00:00
RICE             2026-05-14 19:00:00
REDWHEAT         2026-05-14 19:00:00
ALUMINIUM        2026-05-14 19:00:00
CANOLA*          2026-05-14 19:00:00
FEEDCOW          2026-05-14 19:00:00
OATIES           2026-05-14 19:00:00
R1000            2026-05-14 19:00:00
CAD5             2026-05-14 19:00:00
WHEAT_mini       2026-05-14 19:00:00
WHEY             2026-05-14 19:00:00
SOYMEAL          2026-05-14 19:00:00
WHEAT            2026-05-14 19:00:00
BBCOMM           2026-05-14 19:00:00
US-INDUSTRY      2026-05-14 19:00:00
US-HEALTH        2026-05-14 19:00:00
SOYBEAN          2026-05-14 19:00:00
US-DISCRETE      2026-05-14 19:00:00
BRENT-LAST       2026-05-14 19:00:00
STEEL            2026-05-14 19:00:00
BUTTER           2026-05-14 19:00:00
SOYBEAN_mini     2026-05-14 19:00:00
CAD10*           2026-05-14 19:00:00
CORN*            2026-05-14 19:00:00
PALLAD           2026-05-14 19:00:00
COTTON2          2026-05-14 19:00:00
HIGHYIELD        2026-05-14 19:00:00
INR              2026-05-14 19:00:00
ETHER-micro      2026-05-14 19:00:00
LEANHOG*         2026-05-14 19:00:00
LIVECOW*         2026-05-14 19:00:00
MILK             2026-05-14 19:00:00
CRUDE_W_mini     2026-05-14 19:00:00
CRUDE_W_micro    2026-05-14 19:00:00
MSCIEMASIA*      2026-05-14 19:00:00
CORN_mini        2026-05-14 19:00:00
FANG             2026-05-14 19:00:00
VIX              2026-05-14 20:00:00
EURCHF           2026-05-14 20:00:00
GBP_micro        2026-05-14 20:00:00
BRE              2026-05-14 20:00:00
GBPEUR           2026-05-14 20:00:00
FED              2026-05-14 20:00:00
ZAR              2026-05-14 20:00:00
BITCOIN*         2026-05-14 20:00:00
GBP*             2026-05-14 20:00:00
US-ENERGY        2026-05-14 20:00:00
YENEUR           2026-05-14 20:00:00
GAS_US_mini      2026-05-14 20:00:00
GAS_US           2026-05-14 20:00:00
US-MATERIAL      2026-05-14 20:00:00
US-REALESTATE    2026-05-14 20:00:00
US-STAPLES       2026-05-14 20:00:00
US-UTILS         2026-05-14 20:00:00
US10             2026-05-14 20:00:00
US10U            2026-05-14 20:00:00
GOLD             2026-05-14 20:00:00
GASOILINE*       2026-05-14 20:00:00
US20             2026-05-14 20:00:00
US3              2026-05-14 20:00:00
US30             2026-05-14 20:00:00
AUD              2026-05-14 20:00:00
US5              2026-05-14 20:00:00
EUR_micro        2026-05-14 20:00:00
EUR_mini         2026-05-14 20:00:00
AUD_micro*       2026-05-14 20:00:00
VIX_mini         2026-05-14 20:00:00
US2              2026-05-14 20:00:00
GOLD-mini        2026-05-14 20:00:00
EUR              2026-05-14 20:00:00
LUMBER-new       2026-05-14 20:00:00
DOW*             2026-05-14 20:00:00
CHF_micro        2026-05-14 20:00:00
GOLD_micro       2026-05-14 20:00:00
MSCIEAFA*        2026-05-14 20:00:00
CRUDE_W          2026-05-14 20:00:00
CHF              2026-05-14 20:00:00
NZD*             2026-05-14 20:00:00
COPPER           2026-05-14 20:00:00
COPPER-micro     2026-05-14 20:00:00
COPPER-mini      2026-05-14 20:00:00
NASDAQ_micro     2026-05-14 20:00:00
NASDAQ           2026-05-14 20:00:00
MXP*             2026-05-14 20:00:00
NOK              2026-05-14 20:00:00
RUSSELL*         2026-05-14 20:00:00
PLAT             2026-05-14 20:00:00
SEK              2026-05-14 20:00:00
RUSSELL_mini     2026-05-14 20:00:00
SP500            2026-05-14 20:00:00
SP400            2026-05-14 20:00:00
HEATOIL          2026-05-14 20:00:00
JPY*             2026-05-14 20:00:00
ETHEREUM         2026-05-14 20:00:00
SP500_micro      2026-05-14 20:00:00
CAD              2026-05-14 20:00:00
SILVER           2026-05-14 20:00:00
DX               2026-05-14 20:00:00
CAD2             2026-05-14 20:00:00
DOW_mini         2026-05-14 20:00:00
CAD_micro        2026-05-14 20:00:00
SOFR             2026-05-14 20:00:00
JPYUSD           2026-05-14 23:00:00
CNHUSD           2026-05-14 23:00:00
AUDUSD           2026-05-14 23:00:00
KRWUSD           2026-05-14 23:00:00
CHFUSD           2026-05-14 23:00:00
SGDUSD           2026-05-14 23:00:00
MXPUSD           2026-05-14 23:00:00
GBPUSD           2026-05-14 23:00:00
HKDUSD           2026-05-14 23:00:00
CADUSD           2026-05-14 23:00:00
EURUSD           2026-05-14 23:00:00
SEKUSD           2026-05-14 23:00:00


============================================================
           Status of optimal position generation            
============================================================

                                                 last_update
dynamic_TF_carry/SGX              2024-12-02 22:31:28.544775
dynamic_TF_carry/INR              2026-05-14 22:31:29.555507
dynamic_TF_carry/BUTTER           2026-05-14 22:31:29.555733
dynamic_TF_carry/SPI200           2026-05-14 22:31:29.555946
dynamic_TF_carry/BTP              2026-05-14 22:31:29.556160
dynamic_TF_carry/NICKEL_LME       2026-05-14 22:31:29.556367
dynamic_TF_carry/COPPER           2026-05-14 22:31:29.556574
dynamic_TF_carry/GASOIL           2026-05-14 22:31:29.556780
dynamic_TF_carry/MILKDRY          2026-05-14 22:31:29.556986
dynamic_TF_carry/PALLAD           2026-05-14 22:31:29.557191
dynamic_TF_carry/LEAD_LME         2026-05-14 22:31:29.557396
dynamic_TF_carry/EUR              2026-05-14 22:31:29.557601
dynamic_TF_carry/ALUMINIUM        2026-05-14 22:31:29.557806
dynamic_TF_carry/MSCIASIA         2026-05-14 22:31:29.558010
dynamic_TF_carry/COAL-GEORDIE     2026-05-14 22:31:29.558215
dynamic_TF_carry/EU-MID           2026-05-14 22:31:29.558623
dynamic_TF_carry/ZINC_LME         2026-05-14 22:31:29.558826
dynamic_TF_carry/ZAR              2026-05-14 22:31:29.559030
dynamic_TF_carry/SP500_micro      2026-05-14 22:31:29.559235
dynamic_TF_carry/WHEAT            2026-05-14 22:31:29.559439
dynamic_TF_carry/US30             2026-05-14 22:31:29.559643
dynamic_TF_carry/LIVECOW          2026-05-14 22:31:29.560257
dynamic_TF_carry/BUND             2026-05-14 22:31:29.560462
dynamic_TF_carry/NIKKEI           2026-05-14 22:31:29.560668
dynamic_TF_carry/FTSEVIET         2026-05-14 22:31:29.561075
dynamic_TF_carry/AUD              2026-05-14 22:31:29.561280
dynamic_TF_carry/RICE             2026-05-14 22:31:29.561484
dynamic_TF_carry/CRUDE_ICE        2026-05-14 22:31:29.561688
dynamic_TF_carry/EU-CHEM          2026-05-14 22:31:29.561894
dynamic_TF_carry/MSCIEMASIA       2026-05-14 22:31:29.562097
dynamic_TF_carry/EU-UTILS         2026-05-14 22:31:29.562302
dynamic_TF_carry/CZK              2026-05-14 22:31:29.562507
dynamic_TF_carry/NIKKEI400        2026-05-14 22:31:29.562712
dynamic_TF_carry/SARONA           2026-05-14 22:31:29.562916
dynamic_TF_carry/OATIES           2026-05-14 22:31:29.563119
dynamic_TF_carry/BRENT-LAST       2026-05-14 22:31:29.563323
dynamic_TF_carry/FTSE250          2026-05-14 22:31:29.563528
dynamic_TF_carry/HIGHYIELD        2026-05-14 22:31:29.563732
dynamic_TF_carry/CAD2             2026-05-14 22:31:29.563936
dynamic_TF_carry/COPPER-micro     2026-05-14 22:31:29.564144
dynamic_TF_carry/SOFR             2026-05-14 22:31:29.564555
dynamic_TF_carry/KR3              2026-05-14 22:31:29.564759
dynamic_TF_carry/MSCIWORLD        2026-05-14 22:31:29.564963
dynamic_TF_carry/BOVESPA          2026-05-14 22:31:29.565167
dynamic_TF_carry/BRENT_W          2026-05-14 22:31:29.565371
dynamic_TF_carry/GAS-LAST         2026-05-14 22:31:29.565575
dynamic_TF_carry/EU-MEDIA         2026-05-14 22:31:29.565780
dynamic_TF_carry/VIX              2026-05-14 22:31:29.565984
dynamic_TF_carry/MILKWET          2026-05-14 22:31:29.566189
dynamic_TF_carry/US10U            2026-05-14 22:31:29.566600
dynamic_TF_carry/ROBUSTA          2026-05-14 22:31:29.566803
dynamic_TF_carry/FTSECHINAA       2026-05-14 22:31:29.567008
dynamic_TF_carry/GILT             2026-05-14 22:31:29.567213
dynamic_TF_carry/CHINAA-CON       2026-05-14 22:31:29.567418
dynamic_TF_carry/AUDJPY           2026-05-14 22:31:29.567622
dynamic_TF_carry/BTP3             2026-05-14 22:31:29.567826
dynamic_TF_carry/KOSDAQ           2026-05-14 22:31:29.568034
dynamic_TF_carry/US2              2026-05-14 22:31:29.568239
dynamic_TF_carry/V2X              2026-05-14 22:31:29.568443
dynamic_TF_carry/CRUDE_W_micro    2026-05-14 22:31:29.568647
dynamic_TF_carry/CAD              2026-05-14 22:31:29.568853
dynamic_TF_carry/NZD              2026-05-14 22:31:29.569060
dynamic_TF_carry/GICS             2026-05-14 22:31:29.569267
dynamic_TF_carry/IBEX_mini        2026-05-14 22:31:29.569677
dynamic_TF_carry/EU-TRAVEL        2026-05-14 22:31:29.569883
dynamic_TF_carry/FED              2026-05-14 22:31:29.570088
dynamic_TF_carry/US5              2026-05-14 22:31:29.570293
dynamic_TF_carry/GBPEUR           2026-05-14 22:31:29.570498
dynamic_TF_carry/SOYMEAL          2026-05-14 22:31:29.570703
dynamic_TF_carry/LUMBER-new       2026-05-14 22:31:29.570909
dynamic_TF_carry/IRON             2026-05-14 22:31:29.571113
dynamic_TF_carry/EU-DIV30         2026-05-14 22:31:29.571318
dynamic_TF_carry/HANGTECH         2026-05-14 22:31:29.571524
dynamic_TF_carry/FTSECHINAH       2026-05-14 22:31:29.571729
dynamic_TF_carry/CHEESE           2026-05-14 22:31:29.571933
dynamic_TF_carry/MSCITAIWAN       2026-05-14 22:31:29.572143
dynamic_TF_carry/MUMMY            2026-05-14 22:31:29.572348
dynamic_TF_carry/US-STAPLES       2026-05-14 22:31:29.572554
dynamic_TF_carry/EU-OIL           2026-05-14 22:31:29.572760
dynamic_TF_carry/HEATOIL          2026-05-14 22:31:29.572966
dynamic_TF_carry/EURCAD           2026-05-14 22:31:29.573172
dynamic_TF_carry/EU-CONSTRUCTION  2026-05-14 22:31:29.573377
dynamic_TF_carry/FTSEINDO         2026-05-14 22:31:29.573787
dynamic_TF_carry/AUD_micro        2026-05-14 22:31:29.573990
dynamic_TF_carry/EU-BASIC         2026-05-14 22:31:29.574195
dynamic_TF_carry/SUGAR11          2026-05-14 22:31:29.574400
dynamic_TF_carry/EURCHF           2026-05-14 22:31:29.574605
dynamic_TF_carry/CAD5             2026-05-14 22:31:29.574812
dynamic_TF_carry/US-MATERIAL      2026-05-14 22:31:29.575016
dynamic_TF_carry/EURIBOR          2026-05-14 22:31:29.575220
dynamic_TF_carry/EU-HOUSE         2026-05-14 22:31:29.575425
dynamic_TF_carry/EURO600          2026-05-14 22:31:29.575630
dynamic_TF_carry/EUROSTX-SMALL    2026-05-14 22:31:29.575836
dynamic_TF_carry/OJ               2026-05-14 22:31:29.576043
dynamic_TF_carry/OMX              2026-05-14 22:31:29.576250
dynamic_TF_carry/CHFJPY           2026-05-14 22:31:29.576454
dynamic_TF_carry/BONO             2026-05-14 22:31:29.576659
dynamic_TF_carry/IG               2026-05-14 22:31:29.576863
dynamic_TF_carry/CH10             2026-05-14 22:31:29.577068
dynamic_TF_carry/GOLD_micro       2026-05-14 22:31:29.577273
dynamic_TF_carry/US3              2026-05-14 22:31:29.577478
dynamic_TF_carry/SHATZ            2026-05-14 22:31:29.577683
dynamic_TF_carry/EU-FOOD          2026-05-14 22:31:29.577888
dynamic_TF_carry/EUROSTX          2026-05-14 22:31:29.578093
dynamic_TF_carry/EUROSTX-LARGE    2026-05-14 22:31:29.578299
dynamic_TF_carry/TIN_LME          2026-05-14 22:31:29.578504
dynamic_TF_carry/CNH              2026-05-14 22:31:29.578915
dynamic_TF_carry/EU-AUTO          2026-05-14 22:31:29.579120
dynamic_TF_carry/FEEDCOW          2026-05-14 22:31:29.579325
dynamic_TF_carry/JGB-SGX-mini     2026-05-14 22:31:29.579530
dynamic_TF_carry/RUBBER           2026-05-14 22:31:29.579735
dynamic_TF_carry/FANG             2026-05-14 22:31:29.579940
dynamic_TF_carry/WHEY             2026-05-14 22:31:29.580149
dynamic_TF_carry/EU-BANKS         2026-05-14 22:31:29.580354
dynamic_TF_carry/KRWUSD           2026-05-14 22:31:29.580559
dynamic_TF_carry/KR10             2026-05-14 22:31:29.580764
dynamic_TF_carry/COTTON           2026-05-14 22:31:29.580969
dynamic_TF_carry/SOYBEAN          2026-05-14 22:31:29.581377
dynamic_TF_carry/SUGAR16          2026-05-14 22:31:29.581582
dynamic_TF_carry/GBPJPY           2026-05-14 22:31:29.581786
dynamic_TF_carry/CANOLA           2026-05-14 22:31:29.581991
dynamic_TF_carry/SOYBEAN_mini     2026-05-14 22:31:29.582197
dynamic_TF_carry/US-HEALTH        2026-05-14 22:31:29.582402
dynamic_TF_carry/GAS_US_mini      2026-05-14 22:31:29.582607
dynamic_TF_carry/BOBL             2026-05-14 22:31:29.582811
dynamic_TF_carry/EU-RETAIL        2026-05-14 22:31:29.583014
dynamic_TF_carry/CHF              2026-05-14 22:31:29.583218
dynamic_TF_carry/KOSPI_mini       2026-05-14 22:31:29.583422
dynamic_TF_carry/EUR_micro        2026-05-14 22:31:29.583830
dynamic_TF_carry/RUSSELL          2026-05-14 22:31:29.584036
dynamic_TF_carry/US10             2026-05-14 22:31:29.584241
dynamic_TF_carry/DOW              2026-05-14 22:31:29.584444
dynamic_TF_carry/COPPER_LME       2026-05-14 22:31:29.584647
dynamic_TF_carry/GAS-PEN          2026-05-14 22:31:29.584851
dynamic_TF_carry/SWISSLEAD        2026-05-14 22:31:29.585054
dynamic_TF_carry/EURAUD           2026-05-14 22:31:29.585259
dynamic_TF_carry/EU-DJ-UTIL       2026-05-14 22:31:29.585464
dynamic_TF_carry/SONIA3           2026-05-14 22:31:29.585668
dynamic_TF_carry/CAD10            2026-05-14 22:31:29.585871
dynamic_TF_carry/EPRA-EUROPE      2026-05-14 22:31:29.586076
dynamic_TF_carry/HANG_mini        2026-05-14 22:31:29.586281
dynamic_TF_carry/NOK              2026-05-14 22:31:29.586485
dynamic_TF_carry/COTTON2          2026-05-14 22:31:29.586690
dynamic_TF_carry/SGD              2026-05-14 22:31:29.586894
dynamic_TF_carry/SOYOIL           2026-05-14 22:31:29.587099
dynamic_TF_carry/US-INDUSTRY      2026-05-14 22:31:29.587304
dynamic_TF_carry/US-UTILS         2026-05-14 22:31:29.587510
dynamic_TF_carry/EU-REALESTATE    2026-05-14 22:31:29.587716
dynamic_TF_carry/MILLWHEAT        2026-05-14 22:31:29.587920
dynamic_TF_carry/EUROSTX200-LARGE 2026-05-14 22:31:29.588129
dynamic_TF_carry/EU-HEALTH        2026-05-14 22:31:29.588332
dynamic_TF_carry/FTSETAIWAN       2026-05-14 22:31:29.588537
dynamic_TF_carry/KOSPI            2026-05-14 22:31:29.588741
dynamic_TF_carry/JP-REALESTATE    2026-05-14 22:31:29.588946
dynamic_TF_carry/AEX              2026-05-14 22:31:29.589149
dynamic_TF_carry/YENEUR           2026-05-14 22:31:29.589355
dynamic_TF_carry/SMI              2026-05-14 22:31:29.589562
dynamic_TF_carry/GASOILINE        2026-05-14 22:31:29.589767
dynamic_TF_carry/SP400            2026-05-14 22:31:29.589973
dynamic_TF_carry/CAC              2026-05-14 22:31:29.590178
dynamic_TF_carry/MIB              2026-05-14 22:31:29.590383
dynamic_TF_carry/COAL             2026-05-14 22:31:29.590588
dynamic_TF_carry/PLN              2026-05-14 22:31:29.590793
dynamic_TF_carry/US-DISCRETE      2026-05-14 22:31:29.590999
dynamic_TF_carry/US-ENERGY        2026-05-14 22:31:29.591207
dynamic_TF_carry/GBPCHF           2026-05-14 22:31:29.591414
dynamic_TF_carry/GBP              2026-05-14 22:31:29.591619
dynamic_TF_carry/REDWHEAT         2026-05-14 22:31:29.591824
dynamic_TF_carry/CORN             2026-05-14 22:31:29.592033
dynamic_TF_carry/R1000            2026-05-14 22:31:29.592240
dynamic_TF_carry/SMI-MID          2026-05-14 22:31:29.592445
dynamic_TF_carry/BBCOMM           2026-05-14 22:31:29.592651
dynamic_TF_carry/PLAT             2026-05-14 22:31:29.592855
dynamic_TF_carry/TOPIX            2026-05-14 22:31:29.593060
dynamic_TF_carry/BUXL             2026-05-14 22:31:29.593263
dynamic_TF_carry/BITCOIN          2026-05-14 22:31:29.593469
dynamic_TF_carry/HOUSE-US         2026-05-14 22:31:29.593674
dynamic_TF_carry/HANGENT_mini     2026-05-14 22:31:29.593879
dynamic_TF_carry/JPY              2026-05-14 22:31:29.594084
dynamic_TF_carry/CLP              2026-05-14 22:31:29.594290
dynamic_TF_carry/SEK              2026-05-14 22:31:29.594495
dynamic_TF_carry/COFFEE           2026-05-14 22:31:29.594700
dynamic_TF_carry/US-REALESTATE    2026-05-14 22:31:29.594905
dynamic_TF_carry/WHEAT_ICE        2026-05-14 22:31:29.595110
dynamic_TF_carry/EU-TECH          2026-05-14 22:31:29.595315
dynamic_TF_carry/MXP              2026-05-14 22:31:29.595522
dynamic_TF_carry/COCOA_LDN        2026-05-14 22:31:29.595728
dynamic_TF_carry/EU-INSURE        2026-05-14 22:31:29.595933
dynamic_TF_carry/US20             2026-05-14 22:31:29.596142
dynamic_TF_carry/FTSE100          2026-05-14 22:31:29.596348
dynamic_TF_carry/COCOA            2026-05-14 22:31:29.596760
dynamic_TF_carry/ETHEREUM         2026-05-14 22:31:29.596966
dynamic_TF_carry/OAT              2026-05-14 22:31:29.597172
dynamic_TF_carry/MSCIEAFA         2026-05-14 22:31:29.597378
dynamic_TF_carry/TWD              2026-05-14 22:31:29.597789
dynamic_TF_carry/MSCISING         2026-05-14 22:31:29.597995
dynamic_TF_carry/STEEL            2026-05-14 22:31:29.598201
dynamic_TF_carry/SILVER           2026-05-14 22:31:29.598407
dynamic_TF_carry/MILK             2026-05-14 22:31:29.598613
dynamic_TF_carry/DX               2026-05-14 22:31:29.599025
dynamic_TF_carry/EU-DJ-TELECOM    2026-05-14 22:31:29.599230
dynamic_TF_carry/LEANHOG          2026-05-14 22:31:29.599435
dynamic_TF_carry/SUGAR_WHITE      2026-05-14 22:31:29.599641
dynamic_TF_carry/CRUDE_W_mini     2026-05-14 22:31:29.599846
dynamic_TF_carry/JGB              2026-05-14 22:31:29.600054
dynamic_TF_carry/NASDAQ_micro     2026-05-14 22:31:29.600258
dynamic_TF_carry/DAX              2026-05-14 22:31:29.600464
dynamic_TF_carry/EUA              2026-05-14 22:31:29.600669
dynamic_TF_carry/KRWUSD_mini      2026-05-14 22:31:29.600874
dynamic_TF_carry/BRE              2026-05-14 22:31:29.601079
dynamic_TF_carry/EURIBOR-ICE      2026-05-14 22:31:29.601285
dynamic_TF_carry/VNKI             2026-05-14 22:31:29.601490
dynamic_TF_carry/IRS              2026-05-14 22:31:29.601695


=============================================================================================================================
                                                   Status of trade limits                                                    
=============================================================================================================================

                          period_days  trade_limit  trades_since_last_reset  trade_capacity_remaining   time_since_last_reset
NOSTRAT JPY                        30            5                      4.0                       1.0 16 days 09:55:05.835419
NOSTRAT BUND                       30            4                      1.0                       3.0  1 days 05:51:09.833586
NOSTRAT GAS-PEN                    14            4                      1.0                       3.0  1 days 05:43:10.834909
NOSTRAT BTP                        30            4                      1.0                       3.0 14 days 15:55:53.833550
NOSTRAT MSCIEAFA                   14            4                      1.0                       3.0  1 days 05:42:42.835710
NOSTRAT CHF                        30            4                      1.0                       3.0 14 days 08:55:49.833764
NOSTRAT MIB                        14            4                      1.0                       3.0  1 days 05:42:45.835625
NOSTRAT YENEUR                     30            4                      1.0                       3.0  9 days 08:56:00.836887
NOSTRAT KOSPI                      14            4                      0.0                       4.0  1 days 05:51:08.835461
NOSTRAT KOSPI                       1            4                      0.0                       4.0  0 days 00:00:00.000002
NOSTRAT KR10                        1            4                      0.0                       4.0  0 days 00:00:00.000002
NOSTRAT JPY_mini                   14            4                      0.0                       4.0  1 days 04:42:50.835431
NOSTRAT JPY_mini                    1            4                      0.0                       4.0  0 days 00:00:00.000002
NOSTRAT KRWUSD                      1            4                      0.0                       4.0  0 days 00:00:00.000002
NOSTRAT JPY                         1            4                      0.0                       4.0  0 days 00:00:00.000002
NOSTRAT KOSPI_mini                  1            4                      0.0                       4.0  0 days 00:00:00.000002
NOSTRAT KOSDAQ                      1            4                      0.0                       4.0  0 days 00:00:00.000002
NOSTRAT AEX                         1            4                      0.0                       4.0  0 days 00:00:00.000004
NOSTRAT JP-REALESTATE              14            4                      0.0                       4.0  1 days 04:42:51.835401
NOSTRAT JP-REALESTATE               1            4                      0.0                       4.0  0 days 00:00:00.000002
NOSTRAT JGB-mini                    1            4                      0.0                       4.0  0 days 00:00:00.000002
NOSTRAT JGB-SGX-mini                1            4                      0.0                       4.0  0 days 00:00:00.000002
NOSTRAT JGB                        30            4                      0.0                       4.0  1 days 04:51:07.835364
NOSTRAT JGB                        14            4                      0.0                       4.0  1 days 05:51:07.835358
NOSTRAT JGB                         1            4                      0.0                       4.0  0 days 00:00:00.000002
NOSTRAT IRS                        14            4                      0.0                       4.0  1 days 04:42:53.835346
NOSTRAT IRS                         1            4                      0.0                       4.0  0 days 00:00:00.000002
NOSTRAT INR                        14            4                      0.0                       4.0  1 days 05:51:07.835311
NOSTRAT INR                         1            4                      0.0                       4.0  0 days 00:00:00.000002
NOSTRAT IG                         14            4                      0.0                       4.0  1 days 04:42:54.835299
NOSTRAT KRWUSD                     14            4                      0.0                       4.0  1 days 05:51:07.835534
NOSTRAT LEAD_LME                    1            4                      0.0                       4.0  0 days 00:00:00.000002
NOSTRAT LIVECOW                    14            4                      0.0                       4.0  1 days 05:51:08.835595
NOSTRAT LIVECOW                     1            4                      0.0                       4.0  0 days 00:00:00.000002
NOSTRAT NIKKEI400                   1            4                      0.0                       4.0  0 days 00:00:00.000002
NOSTRAT NIKKEI                      1            4                      0.0                       4.0  0 days 00:00:00.000003
NOSTRAT NICKEL_LME                 14            4                      0.0                       4.0  1 days 04:42:38.835849
NOSTRAT NICKEL_LME                  1            4                      0.0                       4.0  0 days 00:00:00.000003
NOSTRAT NASDAQ_micro                1            4                      0.0                       4.0  0 days 00:00:00.000002
NOSTRAT NASDAQ                     30            4                      0.0                       4.0  1 days 04:51:08.835819
NOSTRAT NASDAQ                     14            4                      0.0                       4.0  1 days 05:51:08.835813
NOSTRAT NASDAQ                      1            4                      0.0                       4.0  0 days 00:00:00.000002
NOSTRAT MSCIWORLD                   1            4                      0.0                       4.0  0 days 00:00:00.000002
NOSTRAT MSCITAIWAN                 14            4                      0.0                       4.0  1 days 04:42:41.835753
NOSTRAT MSCITAIWAN                  1            4                      0.0                       4.0  0 days 00:00:00.000002
NOSTRAT MSCISING                    1            4                      0.0                       4.0  0 days 00:00:00.000002
NOSTRAT LEANHOG                     1            4                      0.0                       4.0  0 days 00:00:00.000002
NOSTRAT MSCIEMASIA                 14            4                      0.0                       4.0  1 days 04:42:41.835722
NOSTRAT MSCIEAFA                    1            4                      0.0                       4.0  0 days 00:00:00.000002
NOSTRAT MSCIASIA                   14            4                      0.0                       4.0  1 days 04:42:42.835698
NOSTRAT MSCIASIA                    1            4                      0.0                       4.0  0 days 00:00:00.000002
NOSTRAT MILKWET                    14            4                      0.0                       4.0  1 days 04:42:43.835673
NOSTRAT MILKWET                     1            4                      0.0                       4.0  0 days 00:00:00.000003
NOSTRAT MILKDRY                    14            4                      0.0                       4.0  1 days 04:42:43.835661
NOSTRAT MILKDRY                     1            4                      0.0                       4.0  0 days 00:00:00.000002
NOSTRAT MILK                        1            4                      0.0                       4.0  0 days 00:00:00.000002
NOSTRAT MID-DAX                     1            4                      0.0                       4.0  0 days 00:00:00.000002
NOSTRAT MIB                         1            4                      0.0                       4.0  0 days 00:00:00.000002
NOSTRAT LUMBER-new                  1            4                      0.0                       4.0  0 days 00:00:00.000002
NOSTRAT IG                          1            4                      0.0                       4.0  0 days 00:00:00.000002
NOSTRAT MSCIEMASIA                  1            4                      0.0                       4.0  0 days 00:00:00.000003
NOSTRAT IBEX_mini                   1            4                      0.0                       4.0  0 days 00:00:00.000002
NOSTRAT IBEX                        1            4                      0.0                       4.0  0 days 00:00:00.000002
NOSTRAT NOK                         1            4                      0.0                       4.0  0 days 00:00:00.000002
NOSTRAT GBP                         1            4                      0.0                       4.0  0 days 00:00:00.000002
NOSTRAT GAS_US_mini                 1            4                      0.0                       4.0  0 days 00:00:00.000002
NOSTRAT GAS_US                     30            4                      0.0                       4.0  1 days 04:51:09.834982
NOSTRAT GAS_US                     14            4                      0.0                       4.0  1 days 05:51:08.834976
NOSTRAT GAS_US                      1            4                      0.0                       4.0  0 days 00:00:00.000002
NOSTRAT GASOILINE_micro            14            4                      0.0                       4.0  1 days 04:43:07.834964
NOSTRAT GASOILINE_micro             1            4                      0.0                       4.0  0 days 00:00:00.000002
NOSTRAT GASOILINE_ICE              14            4                      0.0                       4.0  1 days 04:43:08.834952
NOSTRAT GASOILINE_ICE               1            4                      0.0                       4.0  0 days 00:00:00.000002
NOSTRAT GASOILINE                  30            4                      0.0                       4.0  1 days 04:51:07.834939
NOSTRAT GASOILINE                  14            4                      0.0                       4.0  1 days 05:51:09.834933
NOSTRAT GASOILINE                   1            4                      0.0                       4.0  0 days 00:00:00.000002
NOSTRAT GASOIL                     14            4                      0.0                       4.0  1 days 04:43:09.834921
NOSTRAT GASOIL                      1            4                      0.0                       4.0  0 days 00:00:00.000002
