
********************************************************************************
                   Status report produced on 02/07/2025 22:57                   
********************************************************************************


Delayed methods: No delays

=============================
Delayed adjusted / FX prices 
=============================

                  last_update
HIGHYIELD 2025-05-29 23:00:01
IG        2025-05-30 15:00:01
RUR       2025-06-12 23:00:01


===============================================
           Delayed optimal positions           
===============================================

                                    last_update
dynamic_TF_carry/SGX 2024-12-02 22:31:28.544775

Instruments at trade limit: No constraints

================================================
         Instruments at position limit          
================================================

                 keys  position pos_limit  spare
0                 CZK         0       0.0    0.0
198               IRS         0       0.0    0.0
199            KRWUSD         0       0.0    0.0
200            BUTTER         0       0.0    0.0
91        COPPER-mini         0       0.0    0.0
90           JPY_mini         0       0.0    0.0
89          EU-TRAVEL         0       0.0    0.0
85           TWD-mini         0       0.0    0.0
82   EUROSTX200-LARGE         0       0.0    0.0
77              R1000         0       0.0    0.0
75                OMX         0       0.0    0.0
71             PALLAD         0       0.0    0.0
70                TWD         0       0.0    0.0
68      EU-DJ-TELECOM         0       0.0    0.0
63             GBPJPY         0       0.0    0.0
58               VNKI         0       0.0    0.0
57           SGD_mini         0       0.0    0.0
55           EU-MEDIA         0       0.0    0.0
54                SEK         0       0.0    0.0
53                 IG         0       0.0    0.0
98          HIGHYIELD         0       0.0    0.0
100               MIB         1       1.0    0.0
195            COTTON         0       0.0    0.0
106         CHF_micro         0       0.0    0.0
155           SMI-MID         0       0.0    0.0
153              CH10         0       0.0    0.0
168      COAL-GEORDIE         0       0.0    0.0
169       CNH-onshore         0       0.0    0.0
147          HOUSE-US         0       0.0    0.0
141            AUDJPY         0       0.0    0.0
139           BOVESPA         0       0.0    0.0
136           EU-CHEM         0       0.0    0.0
134       EPRA-EUROPE         0       0.0    0.0
215           GAS-PEN        -1       1.0    0.0
133            CHFJPY         0       0.0    0.0
130          AEX_mini         0       0.0    0.0
129            EURCAD         0       0.0    0.0
180     EUROSTX-LARGE         0       0.0    0.0
127          EU-HOUSE         0       0.0    0.0
125            EURCHF         0       0.0    0.0
118            NASDAQ         0       0.0    0.0
112               JGB         0       0.0    0.0
188       HEATOIL-ICE         0       0.0    0.0
191            EURAUD         0       0.0    0.0
179               RUR         0       0.0    0.0
220               CLP         0       0.0    0.0
161   EU-CONSTRUCTION         0       0.0    0.0
233                DX        -5       5.0    0.0
31                PLN         0       0.0    0.0
30            TIN_LME         0       0.0    0.0
29           JGB-mini         0       0.0    0.0
28           ETHEREUM         0       0.0    0.0
239               SGX         0       0.0    0.0
241           MILKDRY         0       0.0    0.0
234              WHEY         0       0.0    0.0
15               COAL         0       0.0    0.0
12              STEEL         0       0.0    0.0
39                NOK         0       0.0    0.0
32    GASOILINE_micro         0       0.0    0.0
45            MILKWET         0       0.0    0.0
20         COPPER_LME         0       0.0    0.0
7                GICS         0       0.0    0.0
10         EU-DJ-TECH         0       0.0    0.0
44              SP400         0       0.0    0.0
11          SWISSLEAD         0       0.0    0.0
227         EU-RETAIL         0       0.0    0.0


=====================================================
       Overrides in database consider deleting       
=====================================================

                                             override
NICKEL_LME         Override Close because in database
STEEL        Override Reduce only because in database
HIGHYIELD    Override Reduce only because in database
RICE         Override Reduce only because in database
IG           Override Reduce only because in database
GOLD-mini    Override Reduce only because in database
IBEX_mini    Override Reduce only because in database
VIX_mini     Override Reduce only because in database
IBEX         Override Reduce only because in database
GICS         Override Reduce only because in database
KOSPI_mini   Override Reduce only because in database
SGD          Override Reduce only because in database
CNH-onshore  Override Reduce only because in database

Locked instruments (position mismatch): []

==============================================
Status of adjusted price / FX price collection
==============================================

                         last_update
HIGHYIELD        2025-05-29 23:00:01
IG               2025-05-30 15:00:01
RUR              2025-06-12 23:00:01
SGX              2025-06-30 23:00:00
CNH-onshore      2025-06-30 23:00:00
MILKWET          2025-07-01 23:00:00
SGD_mini         2025-07-01 23:00:00
CHFJPY           2025-07-01 23:00:00
CLP              2025-07-01 23:00:00
OMX              2025-07-01 23:00:00
COTTON           2025-07-01 23:00:00
MSCIEMASIA       2025-07-01 23:00:00
MILKDRY          2025-07-01 23:00:00
IRS              2025-07-01 23:00:00
HOUSE-US         2025-07-01 23:00:00
SMI-MID          2025-07-01 23:00:00
SUGAR16          2025-07-01 23:00:00
GASOILINE_micro  2025-07-01 23:00:00
BOVESPA          2025-07-01 23:00:00
TWD-mini         2025-07-01 23:00:00
JGB-mini         2025-07-02 01:00:00
VNKI             2025-07-02 03:00:00
MUMMY*           2025-07-02 04:00:00
MSCITAIWAN       2025-07-02 04:00:00
KRWUSD_mini      2025-07-02 04:00:00
JP-REALESTATE    2025-07-02 04:00:00
SPI200           2025-07-02 04:00:00
HANG_mini        2025-07-02 04:00:00
HANGENT_mini     2025-07-02 04:00:00
HANGENT          2025-07-02 04:00:00
HANG             2025-07-02 04:00:00
FTSECHINAH       2025-07-02 04:00:00
FTSEINDO         2025-07-02 04:00:00
JGB-SGX-mini     2025-07-02 04:00:00
TWD              2025-07-02 04:00:00
HANGTECH         2025-07-02 04:00:00
SGD              2025-07-02 04:00:00
CHINAA-CON       2025-07-02 04:00:00
MSCISING         2025-07-02 05:00:00
KOSPI            2025-07-02 05:00:00
FTSECHINAA       2025-07-02 05:00:00
TOPIX*           2025-07-02 05:00:00
KOSPI_mini       2025-07-02 05:00:00
CNH              2025-07-02 05:00:00
KR3              2025-07-02 05:00:00
NIKKEI           2025-07-02 05:00:00
NIKKEI400        2025-07-02 05:00:00
FTSETAIWAN       2025-07-02 05:00:00
FTSEVIET         2025-07-02 05:00:00
IRON*            2025-07-02 05:00:00
JGB              2025-07-02 05:00:00
KR10             2025-07-02 05:00:00
RUBBER           2025-07-02 05:00:00
KOSDAQ*          2025-07-02 05:00:00
EPRA-EUROPE      2025-07-02 10:00:00
V2X              2025-07-02 10:00:00
COAL-GEORDIE     2025-07-02 10:00:00
MSCIWORLD        2025-07-02 11:00:00
EUROSTX200-LARGE 2025-07-02 12:00:00
EU-MID           2025-07-02 12:00:00
AEX_mini         2025-07-02 12:00:00
EUROSTX-LARGE    2025-07-02 13:00:00
EU-TRAVEL        2025-07-02 13:00:00
TIN_LME          2025-07-02 14:00:00
EUA              2025-07-02 15:00:00
ALUMINIUM_LME    2025-07-02 15:00:00
GBPCHF           2025-07-02 15:00:00
GICS             2025-07-02 15:00:00
IBEX_mini        2025-07-02 15:00:00
SONIA3           2025-07-02 15:00:00
SWISSLEAD        2025-07-02 15:00:00
EUROSTX-SMALL    2025-07-02 15:00:00
IBEX             2025-07-02 15:00:00
EURIBOR          2025-07-02 15:00:00
EURIBOR-ICE      2025-07-02 15:00:00
FTSE250          2025-07-02 15:00:00
HEATOIL-ICE      2025-07-02 15:00:00
FTSE100          2025-07-02 15:00:00
GILT             2025-07-02 15:00:00
BRENT_W          2025-07-02 15:00:00
ZINC_LME         2025-07-02 15:00:00
COAL             2025-07-02 15:00:00
EU-HOUSE         2025-07-02 15:00:00
EU-RETAIL        2025-07-02 15:00:00
PLN              2025-07-02 15:00:00
COCOA_LDN        2025-07-02 15:00:00
BONO             2025-07-02 15:00:00
COPPER_LME       2025-07-02 15:00:00
NICKEL_LME       2025-07-02 15:00:00
CRUDE_ICE        2025-07-02 15:00:00
ROBUSTA          2025-07-02 15:00:00
MSCIASIA         2025-07-02 15:00:00
MILLWHEAT        2025-07-02 15:00:00
EU-TECH          2025-07-02 15:00:00
AUDJPY           2025-07-02 15:00:00
GASOIL           2025-07-02 15:00:00
LEAD_LME         2025-07-02 15:00:00
EU-DJ-OIL        2025-07-02 15:00:00
EU-DJ-TECH       2025-07-02 15:00:00
EU-DJ-TELECOM    2025-07-02 15:00:00
EU-DJ-UTIL       2025-07-02 15:00:00
CH10             2025-07-02 15:00:00
SARONA           2025-07-02 15:00:00
EU-MEDIA         2025-07-02 15:00:00
WHEAT_ICE        2025-07-02 15:00:00
MIB*             2025-07-02 15:00:00
EU-CHEM          2025-07-02 15:00:00
SHATZ            2025-07-02 16:00:00
SMI              2025-07-02 16:00:00
SUGAR_WHITE      2025-07-02 16:00:00
OAT              2025-07-02 16:00:00
AEX              2025-07-02 16:00:00
BUXL             2025-07-02 16:00:00
EURO600          2025-07-02 16:00:00
BTP3             2025-07-02 16:00:00
EURCAD           2025-07-02 16:00:00
CZK              2025-07-02 16:00:00
EU-UTILS         2025-07-02 16:00:00
EU-REALESTATE    2025-07-02 16:00:00
EU-OIL           2025-07-02 16:00:00
EU-INSURE        2025-07-02 16:00:00
EU-HEALTH        2025-07-02 16:00:00
EU-FOOD          2025-07-02 16:00:00
BTP*             2025-07-02 16:00:00
EU-DIV30         2025-07-02 16:00:00
EU-CONSTRUCTION  2025-07-02 16:00:00
EU-BASIC         2025-07-02 16:00:00
EU-BANKS         2025-07-02 16:00:00
EU-AUTO          2025-07-02 16:00:00
BUND*            2025-07-02 16:00:00
EUROSTX          2025-07-02 16:00:00
GASOILINE_ICE    2025-07-02 16:00:00
BOBL             2025-07-02 16:00:00
CAC              2025-07-02 16:00:00
DAX              2025-07-02 16:00:00
GAS-PEN*         2025-07-02 16:00:00
BUTTER           2025-07-02 17:00:00
SEK              2025-07-02 17:00:00
SUGAR11          2025-07-02 17:00:00
KRWUSD           2025-07-02 17:00:00
LUMBER-new       2025-07-02 18:00:00
OJ               2025-07-02 18:00:00
COCOA            2025-07-02 18:00:00
US-MATERIAL      2025-07-02 18:00:00
COFFEE           2025-07-02 18:00:00
ALUMINIUM        2025-07-02 18:00:00
STEEL            2025-07-02 18:00:00
CORN_mini        2025-07-02 19:00:00
COTTON2          2025-07-02 19:00:00
US-ENERGY        2025-07-02 19:00:00
CORN             2025-07-02 19:00:00
US-DISCRETE      2025-07-02 19:00:00
OATIES           2025-07-02 19:00:00
NOK              2025-07-02 19:00:00
REDWHEAT         2025-07-02 19:00:00
RICE*            2025-07-02 19:00:00
CHEESE           2025-07-02 19:00:00
CANOLA*          2025-07-02 19:00:00
CAD2             2025-07-02 19:00:00
SOYOIL           2025-07-02 19:00:00
SOYMEAL          2025-07-02 19:00:00
SOYBEAN_mini     2025-07-02 19:00:00
COPPER-mini      2025-07-02 19:00:00
CRUDE_W_micro*   2025-07-02 19:00:00
DX*              2025-07-02 19:00:00
VIX_mini         2025-07-02 19:00:00
FEEDCOW*         2025-07-02 19:00:00
GAS-LAST         2025-07-02 19:00:00
INR              2025-07-02 19:00:00
WHEAT*           2025-07-02 19:00:00
FED              2025-07-02 19:00:00
BBCOMM           2025-07-02 19:00:00
WHEAT_mini       2025-07-02 19:00:00
WHEY             2025-07-02 19:00:00
US-STAPLES       2025-07-02 19:00:00
LEANHOG*         2025-07-02 19:00:00
LIVECOW          2025-07-02 19:00:00
SOYBEAN          2025-07-02 19:00:00
ZAR              2025-07-02 19:00:00
US-INDUSTRY      2025-07-02 19:00:00
EURCHF           2025-07-02 19:00:00
CRUDE_W_mini     2025-07-02 19:00:00
AUD_micro        2025-07-02 20:00:00
US-HEALTH        2025-07-02 20:00:00
SP500            2025-07-02 20:00:00
AUD              2025-07-02 20:00:00
YENEUR*          2025-07-02 20:00:00
SP500_micro      2025-07-02 20:00:00
SP400            2025-07-02 20:00:00
US30             2025-07-02 20:00:00
US5              2025-07-02 20:00:00
US3              2025-07-02 20:00:00
US20             2025-07-02 20:00:00
US2              2025-07-02 20:00:00
US10U            2025-07-02 20:00:00
BRENT-LAST       2025-07-02 20:00:00
US10             2025-07-02 20:00:00
BRE              2025-07-02 20:00:00
US-UTILS         2025-07-02 20:00:00
BITCOIN          2025-07-02 20:00:00
US-REALESTATE    2025-07-02 20:00:00
VIX              2025-07-02 20:00:00
GASOILINE        2025-07-02 20:00:00
R1000            2025-07-02 20:00:00
CAD*             2025-07-02 20:00:00
ETHEREUM         2025-07-02 20:00:00
JPY_mini         2025-07-02 20:00:00
JPY*             2025-07-02 20:00:00
SOFR             2025-07-02 20:00:00
EURAUD           2025-07-02 20:00:00
HEATOIL          2025-07-02 20:00:00
EUR_micro        2025-07-02 20:00:00
EUR_mini         2025-07-02 20:00:00
ETHER-micro      2025-07-02 20:00:00
FANG             2025-07-02 20:00:00
GOLD-mini        2025-07-02 20:00:00
GOLD             2025-07-02 20:00:00
GBP_micro        2025-07-02 20:00:00
GBPJPY           2025-07-02 20:00:00
GBPEUR           2025-07-02 20:00:00
GBP*             2025-07-02 20:00:00
GAS_US_mini*     2025-07-02 20:00:00
GAS_US           2025-07-02 20:00:00
GOLD_micro*      2025-07-02 20:00:00
MILK             2025-07-02 20:00:00
EUR              2025-07-02 20:00:00
DOW*             2025-07-02 20:00:00
SILVER           2025-07-02 20:00:00
CAD10            2025-07-02 20:00:00
CAD5             2025-07-02 20:00:00
CAD_micro        2025-07-02 20:00:00
DOW_mini         2025-07-02 20:00:00
RUSSELL          2025-07-02 20:00:00
CHF              2025-07-02 20:00:00
CHF_micro        2025-07-02 20:00:00
PLAT*            2025-07-02 20:00:00
RUSSELL_mini     2025-07-02 20:00:00
COPPER           2025-07-02 20:00:00
NZD              2025-07-02 20:00:00
COPPER-micro     2025-07-02 20:00:00
NASDAQ_micro     2025-07-02 20:00:00
NASDAQ           2025-07-02 20:00:00
MXP*             2025-07-02 20:00:00
CRUDE_W          2025-07-02 20:00:00
MSCIEAFA         2025-07-02 20:00:00
PALLAD           2025-07-02 20:00:00
CHFUSD           2025-07-02 23:00:00
JPYUSD           2025-07-02 23:00:00
EURUSD           2025-07-02 23:00:00
CADUSD           2025-07-02 23:00:00
KRWUSD           2025-07-02 23:00:00
SGDUSD           2025-07-02 23:00:00
SEKUSD           2025-07-02 23:00:00
GBPUSD           2025-07-02 23:00:00
MXPUSD           2025-07-02 23:00:00
HKDUSD           2025-07-02 23:00:00
CNHUSD           2025-07-02 23:00:00
AUDUSD           2025-07-02 23:00:00


============================================================
           Status of optimal position generation            
============================================================

                                                 last_update
dynamic_TF_carry/SGX              2024-12-02 22:31:28.544775
dynamic_TF_carry/GAS-PEN          2025-07-02 22:31:37.058132
dynamic_TF_carry/SARONA           2025-07-02 22:31:37.058605
dynamic_TF_carry/US3              2025-07-02 22:31:37.058838
dynamic_TF_carry/MIB              2025-07-02 22:31:37.059070
dynamic_TF_carry/EUROSTX-LARGE    2025-07-02 22:31:37.059303
dynamic_TF_carry/HEATOIL          2025-07-02 22:31:37.059535
dynamic_TF_carry/RUBBER           2025-07-02 22:31:37.059767
dynamic_TF_carry/WHEY             2025-07-02 22:31:37.059999
dynamic_TF_carry/EU-DJ-TELECOM    2025-07-02 22:31:37.060229
dynamic_TF_carry/PLN              2025-07-02 22:31:37.060460
dynamic_TF_carry/US-DISCRETE      2025-07-02 22:31:37.060692
dynamic_TF_carry/INR              2025-07-02 22:31:37.060923
dynamic_TF_carry/EUROSTX200-LARGE 2025-07-02 22:31:37.061153
dynamic_TF_carry/ROBUSTA          2025-07-02 22:31:37.061848
dynamic_TF_carry/WHEAT            2025-07-02 22:31:37.062079
dynamic_TF_carry/KRWUSD_mini      2025-07-02 22:31:37.062310
dynamic_TF_carry/DX               2025-07-02 22:31:37.062542
dynamic_TF_carry/EURO600          2025-07-02 22:31:37.062773
dynamic_TF_carry/GASOIL           2025-07-02 22:31:37.063004
dynamic_TF_carry/EURCAD           2025-07-02 22:31:37.063236
dynamic_TF_carry/SMI-MID          2025-07-02 22:31:37.063467
dynamic_TF_carry/RICE             2025-07-02 22:31:37.063697
dynamic_TF_carry/NIKKEI400        2025-07-02 22:31:37.063928
dynamic_TF_carry/COPPER           2025-07-02 22:31:37.064256
dynamic_TF_carry/SOYBEAN_mini     2025-07-02 22:31:37.064492
dynamic_TF_carry/VIX              2025-07-02 22:31:37.064725
dynamic_TF_carry/EPRA-EUROPE      2025-07-02 22:31:37.064959
dynamic_TF_carry/FTSECHINAA       2025-07-02 22:31:37.065190
dynamic_TF_carry/EU-BASIC         2025-07-02 22:31:37.065422
dynamic_TF_carry/FTSEINDO         2025-07-02 22:31:37.065660
dynamic_TF_carry/IRS              2025-07-02 22:31:37.065893
dynamic_TF_carry/COAL             2025-07-02 22:31:37.066125
dynamic_TF_carry/BOBL             2025-07-02 22:31:37.066417
dynamic_TF_carry/EU-TRAVEL        2025-07-02 22:31:37.066651
dynamic_TF_carry/MXP              2025-07-02 22:31:37.066885
dynamic_TF_carry/EU-MEDIA         2025-07-02 22:31:37.067120
dynamic_TF_carry/EU-BANKS         2025-07-02 22:31:37.067351
dynamic_TF_carry/TOPIX            2025-07-02 22:31:37.067583
dynamic_TF_carry/GILT             2025-07-02 22:31:37.067814
dynamic_TF_carry/US-REALESTATE    2025-07-02 22:31:37.068278
dynamic_TF_carry/CAD              2025-07-02 22:31:37.068509
dynamic_TF_carry/MILLWHEAT        2025-07-02 22:31:37.068741
dynamic_TF_carry/GOLD_micro       2025-07-02 22:31:37.068973
dynamic_TF_carry/BUND             2025-07-02 22:31:37.069205
dynamic_TF_carry/CLP              2025-07-02 22:31:37.069436
dynamic_TF_carry/IRON             2025-07-02 22:31:37.069674
dynamic_TF_carry/SMI              2025-07-02 22:31:37.069906
dynamic_TF_carry/US5              2025-07-02 22:31:37.070138
dynamic_TF_carry/EUR              2025-07-02 22:31:37.070369
dynamic_TF_carry/CORN             2025-07-02 22:31:37.070600
dynamic_TF_carry/EU-DIV30         2025-07-02 22:31:37.070832
dynamic_TF_carry/GBPCHF           2025-07-02 22:31:37.071065
dynamic_TF_carry/KOSPI_mini       2025-07-02 22:31:37.071296
dynamic_TF_carry/SOFR             2025-07-02 22:31:37.071527
dynamic_TF_carry/GBP              2025-07-02 22:31:37.071758
dynamic_TF_carry/COPPER-micro     2025-07-02 22:31:37.071989
dynamic_TF_carry/FTSECHINAH       2025-07-02 22:31:37.072221
dynamic_TF_carry/GASOILINE        2025-07-02 22:31:37.072453
dynamic_TF_carry/SOYOIL           2025-07-02 22:31:37.072684
dynamic_TF_carry/OJ               2025-07-02 22:31:37.072914
dynamic_TF_carry/US-HEALTH        2025-07-02 22:31:37.073146
dynamic_TF_carry/JPY              2025-07-02 22:31:37.073378
dynamic_TF_carry/US-ENERGY        2025-07-02 22:31:37.073613
dynamic_TF_carry/COFFEE           2025-07-02 22:31:37.073846
dynamic_TF_carry/MSCIEAFA         2025-07-02 22:31:37.074078
dynamic_TF_carry/COTTON2          2025-07-02 22:31:37.074309
dynamic_TF_carry/EU-FOOD          2025-07-02 22:31:37.074541
dynamic_TF_carry/SP500_micro      2025-07-02 22:31:37.074772
dynamic_TF_carry/US20             2025-07-02 22:31:37.075002
dynamic_TF_carry/KR3              2025-07-02 22:31:37.075465
dynamic_TF_carry/SP400            2025-07-02 22:31:37.075694
dynamic_TF_carry/NIKKEI           2025-07-02 22:31:37.075925
dynamic_TF_carry/OATIES           2025-07-02 22:31:37.076158
dynamic_TF_carry/MSCIASIA         2025-07-02 22:31:37.076389
dynamic_TF_carry/JGB-SGX-mini     2025-07-02 22:31:37.076620
dynamic_TF_carry/CRUDE_W_micro    2025-07-02 22:31:37.076851
dynamic_TF_carry/LIVECOW          2025-07-02 22:31:37.077082
dynamic_TF_carry/NASDAQ_micro     2025-07-02 22:31:37.077312
dynamic_TF_carry/EUROSTX-SMALL    2025-07-02 22:31:37.077543
dynamic_TF_carry/MSCISING         2025-07-02 22:31:37.077778
dynamic_TF_carry/PALLAD           2025-07-02 22:31:37.078010
dynamic_TF_carry/PLAT             2025-07-02 22:31:37.078241
dynamic_TF_carry/GBPEUR           2025-07-02 22:31:37.078471
dynamic_TF_carry/RUR              2025-07-02 22:31:37.078701
dynamic_TF_carry/JP-REALESTATE    2025-07-02 22:31:37.078932
dynamic_TF_carry/AUD_micro        2025-07-02 22:31:37.079392
dynamic_TF_carry/VNKI             2025-07-02 22:31:37.079623
dynamic_TF_carry/REDWHEAT         2025-07-02 22:31:37.079856
dynamic_TF_carry/CRUDE_ICE        2025-07-02 22:31:37.080320
dynamic_TF_carry/KOSDAQ           2025-07-02 22:31:37.080553
dynamic_TF_carry/R1000            2025-07-02 22:31:37.080785
dynamic_TF_carry/CAD2             2025-07-02 22:31:37.081017
dynamic_TF_carry/HIGHYIELD        2025-07-02 22:31:37.081250
dynamic_TF_carry/EU-INSURE        2025-07-02 22:31:37.081482
dynamic_TF_carry/CAC              2025-07-02 22:31:37.081719
dynamic_TF_carry/RUSSELL          2025-07-02 22:31:37.081952
dynamic_TF_carry/BUXL             2025-07-02 22:31:37.082185
dynamic_TF_carry/NICKEL_LME       2025-07-02 22:31:37.082418
dynamic_TF_carry/CZK              2025-07-02 22:31:37.082650
dynamic_TF_carry/EUA              2025-07-02 22:31:37.082883
dynamic_TF_carry/FTSETAIWAN       2025-07-02 22:31:37.083115
dynamic_TF_carry/MUMMY            2025-07-02 22:31:37.083348
dynamic_TF_carry/COPPER_LME       2025-07-02 22:31:37.083582
dynamic_TF_carry/SONIA3           2025-07-02 22:31:37.083813
dynamic_TF_carry/EU-RETAIL        2025-07-02 22:31:37.084045
dynamic_TF_carry/ALUMINIUM        2025-07-02 22:31:37.084279
dynamic_TF_carry/KOSPI            2025-07-02 22:31:37.084511
dynamic_TF_carry/MILKDRY          2025-07-02 22:31:37.084743
dynamic_TF_carry/STEEL            2025-07-02 22:31:37.084974
dynamic_TF_carry/TWD              2025-07-02 22:31:37.085205
dynamic_TF_carry/EU-CONSTRUCTION  2025-07-02 22:31:37.085437
dynamic_TF_carry/BRENT-LAST       2025-07-02 22:31:37.085682
dynamic_TF_carry/EU-HEALTH        2025-07-02 22:31:37.085915
dynamic_TF_carry/BBCOMM           2025-07-02 22:31:37.086147
dynamic_TF_carry/CHEESE           2025-07-02 22:31:37.086377
dynamic_TF_carry/EURCHF           2025-07-02 22:31:37.086609
dynamic_TF_carry/EU-REALESTATE    2025-07-02 22:31:37.086840
dynamic_TF_carry/FTSE250          2025-07-02 22:31:37.087069
dynamic_TF_carry/COTTON           2025-07-02 22:31:37.087301
dynamic_TF_carry/US-STAPLES       2025-07-02 22:31:37.087533
dynamic_TF_carry/NZD              2025-07-02 22:31:37.087765
dynamic_TF_carry/SUGAR_WHITE      2025-07-02 22:31:37.087997
dynamic_TF_carry/LEAD_LME         2025-07-02 22:31:37.088230
dynamic_TF_carry/BRENT_W          2025-07-02 22:31:37.088463
dynamic_TF_carry/SOYMEAL          2025-07-02 22:31:37.088695
dynamic_TF_carry/AUD              2025-07-02 22:31:37.088927
dynamic_TF_carry/GICS             2025-07-02 22:31:37.089159
dynamic_TF_carry/CHFJPY           2025-07-02 22:31:37.089390
dynamic_TF_carry/SEK              2025-07-02 22:31:37.089626
dynamic_TF_carry/CRUDE_W_mini     2025-07-02 22:31:37.089858
dynamic_TF_carry/WHEAT_ICE        2025-07-02 22:31:37.090088
dynamic_TF_carry/EU-DJ-UTIL       2025-07-02 22:31:37.090320
dynamic_TF_carry/EUR_micro        2025-07-02 22:31:37.090551
dynamic_TF_carry/EU-CHEM          2025-07-02 22:31:37.090783
dynamic_TF_carry/MSCIWORLD        2025-07-02 22:31:37.091014
dynamic_TF_carry/US2              2025-07-02 22:31:37.091245
dynamic_TF_carry/BUTTER           2025-07-02 22:31:37.091476
dynamic_TF_carry/US-UTILS         2025-07-02 22:31:37.091707
dynamic_TF_carry/CHF              2025-07-02 22:31:37.091939
dynamic_TF_carry/EU-TECH          2025-07-02 22:31:37.092171
dynamic_TF_carry/CAD5             2025-07-02 22:31:37.092402
dynamic_TF_carry/BITCOIN          2025-07-02 22:31:37.092633
dynamic_TF_carry/BTP3             2025-07-02 22:31:37.092864
dynamic_TF_carry/BONO             2025-07-02 22:31:37.093095
dynamic_TF_carry/CNH              2025-07-02 22:31:37.093324
dynamic_TF_carry/US10             2025-07-02 22:31:37.093555
dynamic_TF_carry/YENEUR           2025-07-02 22:31:37.093793
dynamic_TF_carry/EURIBOR          2025-07-02 22:31:37.094024
dynamic_TF_carry/KR10             2025-07-02 22:31:37.094254
dynamic_TF_carry/COCOA_LDN        2025-07-02 22:31:37.094484
dynamic_TF_carry/FTSEVIET         2025-07-02 22:31:37.094713
dynamic_TF_carry/OMX              2025-07-02 22:31:37.094943
dynamic_TF_carry/ETHEREUM         2025-07-02 22:31:37.095171
dynamic_TF_carry/MILK             2025-07-02 22:31:37.095400
dynamic_TF_carry/CH10             2025-07-02 22:31:37.095630
dynamic_TF_carry/SILVER           2025-07-02 22:31:37.095860
dynamic_TF_carry/FED              2025-07-02 22:31:37.096091
dynamic_TF_carry/AEX              2025-07-02 22:31:37.096320
dynamic_TF_carry/MILKWET          2025-07-02 22:31:37.096780
dynamic_TF_carry/FTSE100          2025-07-02 22:31:37.097011
dynamic_TF_carry/SUGAR16          2025-07-02 22:31:37.097242
dynamic_TF_carry/OAT              2025-07-02 22:31:37.097472
dynamic_TF_carry/COAL-GEORDIE     2025-07-02 22:31:37.097708
dynamic_TF_carry/BTP              2025-07-02 22:31:37.097939
dynamic_TF_carry/EU-MID           2025-07-02 22:31:37.098170
dynamic_TF_carry/US-MATERIAL      2025-07-02 22:31:37.098402
dynamic_TF_carry/FANG             2025-07-02 22:31:37.098637
dynamic_TF_carry/GAS-LAST         2025-07-02 22:31:37.098869
dynamic_TF_carry/KRWUSD           2025-07-02 22:31:37.099101
dynamic_TF_carry/ZINC_LME         2025-07-02 22:31:37.099566
dynamic_TF_carry/GAS_US_mini      2025-07-02 22:31:37.099798
dynamic_TF_carry/BOVESPA          2025-07-02 22:31:37.100029
dynamic_TF_carry/DAX              2025-07-02 22:31:37.100262
dynamic_TF_carry/HOUSE-US         2025-07-02 22:31:37.100495
dynamic_TF_carry/ZAR              2025-07-02 22:31:37.100726
dynamic_TF_carry/SGD              2025-07-02 22:31:37.100958
dynamic_TF_carry/MSCIEMASIA       2025-07-02 22:31:37.101421
dynamic_TF_carry/US30             2025-07-02 22:31:37.101657
dynamic_TF_carry/EURIBOR-ICE      2025-07-02 22:31:37.101890
dynamic_TF_carry/HANG_mini        2025-07-02 22:31:37.102123
dynamic_TF_carry/COCOA            2025-07-02 22:31:37.102356
dynamic_TF_carry/IG               2025-07-02 22:31:37.102819
dynamic_TF_carry/DOW              2025-07-02 22:31:37.103049
dynamic_TF_carry/SOYBEAN          2025-07-02 22:31:37.103281
dynamic_TF_carry/CAD10            2025-07-02 22:31:37.103511
dynamic_TF_carry/SHATZ            2025-07-02 22:31:37.103973
dynamic_TF_carry/IBEX_mini        2025-07-02 22:31:37.104204
dynamic_TF_carry/HANGTECH         2025-07-02 22:31:37.104435
dynamic_TF_carry/SWISSLEAD        2025-07-02 22:31:37.104666
dynamic_TF_carry/US-INDUSTRY      2025-07-02 22:31:37.104901
dynamic_TF_carry/SUGAR11          2025-07-02 22:31:37.105134
dynamic_TF_carry/CHINAA-CON       2025-07-02 22:31:37.105367
dynamic_TF_carry/BRE              2025-07-02 22:31:37.105606
dynamic_TF_carry/V2X              2025-07-02 22:31:37.105839
dynamic_TF_carry/EU-OIL           2025-07-02 22:31:37.106071
dynamic_TF_carry/HANGENT_mini     2025-07-02 22:31:37.106304
dynamic_TF_carry/FEEDCOW          2025-07-02 22:31:37.106536
dynamic_TF_carry/LEANHOG          2025-07-02 22:31:37.106768
dynamic_TF_carry/NOK              2025-07-02 22:31:37.107000
dynamic_TF_carry/EURAUD           2025-07-02 22:31:37.107232
dynamic_TF_carry/EU-AUTO          2025-07-02 22:31:37.107463
dynamic_TF_carry/LUMBER-new       2025-07-02 22:31:37.107694
dynamic_TF_carry/SPI200           2025-07-02 22:31:37.107926
dynamic_TF_carry/TIN_LME          2025-07-02 22:31:37.108159
dynamic_TF_carry/AUDJPY           2025-07-02 22:31:37.108390
dynamic_TF_carry/CANOLA           2025-07-02 22:31:37.108622
dynamic_TF_carry/EU-HOUSE         2025-07-02 22:31:37.108854
dynamic_TF_carry/EUROSTX          2025-07-02 22:31:37.109085
dynamic_TF_carry/EU-UTILS         2025-07-02 22:31:37.109316
dynamic_TF_carry/GBPJPY           2025-07-02 22:31:37.109547
dynamic_TF_carry/US10U            2025-07-02 22:31:37.109783
dynamic_TF_carry/JGB              2025-07-02 22:31:37.110017
dynamic_TF_carry/MSCITAIWAN       2025-07-02 22:31:37.110250


======================================================================================================================
                                                Status of trade limits                                                
======================================================================================================================

                   period_days  trade_limit  trades_since_last_reset  trade_capacity_remaining   time_since_last_reset
 GAS_US_mini                30            6                      5.0                       1.0 23 days 08:58:23.254690
 US10U                      30            4                      1.0                       3.0 26 days 07:58:23.680820
 OAT                        30            4                      1.0                       3.0 28 days 14:58:19.003538
 GAS_US_mini                14            4                      1.0                       3.0  2 days 08:57:58.217887
 BTP                        30            4                      1.0                       3.0 29 days 14:58:07.153616
 BRENT-LAST                 30            4                      1.0                       3.0 16 days 08:58:09.159556
 EU-DJ-TELECOM               1            4                      0.0                       4.0  0 days 00:00:00.000001
 EU-DJ-TECH                  1            4                      0.0                       4.0  0 days 00:00:00.000001
 EU-DJ-OIL                   1            4                      0.0                       4.0  0 days 00:00:00.000002
 EU-CONSTRUCTION             1            4                      0.0                       4.0  0 days 00:00:00.000001
 CZK                         1            4                      0.0                       4.0  0 days 00:00:00.000002
 COTTON                      1            4                      0.0                       4.0  0 days 00:00:00.000001
 COPPER-mini                 1            4                      0.0                       4.0  0 days 00:00:00.000001
 CLP                         1            4                      0.0                       4.0  0 days 00:00:00.000002
 EU-DJ-UTIL                  1            4                      0.0                       4.0  0 days 00:00:00.000002
 CH10                        1            4                      0.0                       4.0  0 days 00:00:00.000001
 BUTTER                      1            4                      0.0                       4.0  0 days 00:00:00.000002
 BOVESPA                     1            4                      0.0                       4.0  0 days 00:00:00.000001
 BEL20                       1            4                      0.0                       4.0  0 days 00:00:00.000001
 ALUMINIUM                   1            4                      0.0                       4.0  0 days 00:00:00.000002
 YENEUR                     30            4                      0.0                       4.0  7 days 07:58:17.858832
 US30                       30            4                      0.0                       4.0  0 days 00:00:00.000001
 CNH-onshore                 1            4                      0.0                       4.0  0 days 00:00:00.000002
 EU-HOUSE                    1            4                      0.0                       4.0  0 days 00:00:00.000002
 CORN                        1            4                      0.0                       4.0  0 days 00:00:00.000002
 US3                        30            4                      0.0                       4.0  0 days 00:00:00.000001
 US-ENERGY                   1            4                      0.0                       4.0  0 days 00:00:00.000001
 US-DISCRETE                 1            4                      0.0                       4.0  0 days 00:00:00.000002
 SMI-MID                     1            4                      0.0                       4.0  0 days 00:00:00.000002
 SGX                         1            4                      0.0                       4.0  0 days 00:00:00.000001
 SGD                         1            4                      0.0                       4.0  0 days 00:00:00.000002
 OMX                         1            4                      0.0                       4.0  0 days 00:00:00.000002
 MSCIASIA                    1            4                      0.0                       4.0  0 days 00:00:00.000001
 MILKWET                     1            4                      0.0                       4.0  0 days 00:00:00.000002
 MILKDRY                     1            4                      0.0                       4.0  0 days 00:00:00.000001
 EU-MEDIA                    1            4                      0.0                       4.0  0 days 00:00:00.000001
 MID-DAX                     1            4                      0.0                       4.0  0 days 00:00:00.000002
 JGB-SGX-mini                1            4                      0.0                       4.0  0 days 00:00:00.000001
 IRS                         1            4                      0.0                       4.0  0 days 00:00:00.000001
 FTSEINDO                    1            4                      0.0                       4.0  0 days 00:00:00.000002
 EUROSTX200-LARGE            1            4                      0.0                       4.0  0 days 00:00:00.000001
 EUROSTX-SMALL               1            4                      0.0                       4.0  0 days 00:00:00.000001
 EUROSTX-LARGE               1            4                      0.0                       4.0  0 days 00:00:00.000002
 EURIBOR                     1            4                      0.0                       4.0  0 days 00:00:00.000001
 EURCHF                      1            4                      0.0                       4.0  0 days 00:00:00.000001
 EU-REALESTATE               1            4                      0.0                       4.0  0 days 00:00:00.000002
 JP-REALESTATE               1            4                      0.0                       4.0  0 days 00:00:00.000002
 EU-MID                      1            4                      0.0                       4.0  0 days 00:00:00.000002
 NOK                        30            4                      0.0                       4.0  0 days 00:00:00.000001
 SEK                        30            4                      0.0                       4.0  0 days 00:00:00.000002
 GBPEUR                     14            4                      0.0                       4.0  0 days 00:00:00.000001
 GAS-LAST                   14            4                      0.0                       4.0  0 days 00:00:00.000001
 FTSETAIWAN                 14            4                      0.0                       4.0  0 days 00:00:00.000002
 EU-TECH                    14            4                      0.0                       4.0  0 days 00:00:00.000002
 EU-CHEM                    14            4                      0.0                       4.0  0 days 00:00:00.000002
 ETHEREUM                   14            4                      0.0                       4.0  0 days 00:00:00.000001
 CNH                        14            4                      0.0                       4.0  0 days 00:00:00.000002
 BUXL                       14            4                      0.0                       4.0  0 days 00:00:00.000002
 BTP3                       14            4                      0.0                       4.0  0 days 00:00:00.000001
 BRENT-LAST                 14            4                      0.0                       4.0  0 days 00:00:00.000002
 BONO                       14            4                      0.0                       4.0  0 days 00:00:00.000001
 YENEUR                      1            4                      0.0                       4.0  0 days 00:00:00.000002
 US3                         1            4                      0.0                       4.0  0 days 00:00:00.000001
 US10U                       1            4                      0.0                       4.0  0 days 00:00:00.000001
 US-REALESTATE               1            4                      0.0                       4.0  0 days 00:00:00.000001
 TOPIX                       1            4                      0.0                       4.0  0 days 00:00:00.000002
 SP400                       1            4                      0.0                       4.0  0 days 00:00:00.000001
 SEK                         1            4                      0.0                       4.0  0 days 00:00:00.000001
 RUSSELL                     1            4                      0.0                       4.0  0 days 00:00:00.000002
 HEATOIL                    14            4                      0.0                       4.0  0 days 00:00:00.000002
 SP400                      30            4                      0.0                       4.0  0 days 00:00:00.000001
 JGB                        14            4                      0.0                       4.0  0 days 00:00:00.000002
 NOK                        14            4                      0.0                       4.0  0 days 00:00:00.000002
 US-HEALTH                   1            4                      0.0                       4.0  0 days 00:00:00.000001
 JGB                        30            4                      0.0                       4.0  0 days 00:00:00.000002
 HEATOIL                    30            4                      0.0                       4.0  0 days 00:00:00.000001
 GBPEUR                     30            4                      0.0                       4.0  0 days 00:00:00.000001
 GASOILINE                  30            4                      0.0                       4.0  0 days 00:00:00.000001
 GAS-LAST                   30            4                      0.0                       4.0  0 days 00:00:00.000002
 ETHEREUM                   30            4                      0.0                       4.0  0 days 00:00:00.000001
 CHF                        30            4                      0.0                       4.0  0 days 00:00:00.000002
 BUXL                       30            4                      0.0                       4.0  0 days 00:00:00.000001
 BTP3                       30            4                      0.0                       4.0  0 days 00:00:00.000002
 BONO                       30            4                      0.0                       4.0  0 days 00:00:00.000001
 YENEUR                     14            4                      0.0                       4.0  7 days 07:58:17.860535
 US30                       14            4                      0.0                       4.0  0 days 00:00:00.000001
 US3                        14            4                      0.0                       4.0  0 days 00:00:00.000001
 US10U                      14            4                      0.0                       4.0  1 days 07:58:24.529523
 SP400                      14            4                      0.0                       4.0  0 days 00:00:00.000001
 SEK                        14            4                      0.0                       4.0  0 days 00:00:00.000001
 REDWHEAT                   14            4                      0.0                       4.0  0 days 00:00:00.000002
 R1000                      14            4                      0.0                       4.0  0 days 00:00:00.000002
 ZAR                         1            4                      0.0                       4.0  0 days 00:00:00.000001
 US-INDUSTRY                 1            4                      0.0                       4.0  0 days 00:00:00.000002
 US-STAPLES                  1            4                      0.0                       4.0  0 days 00:00:00.000002
