
********************************************************************************
                   Status report produced on 21/03/2024 22:56                   
********************************************************************************



==========================================================================================================
                                             Delayed methods                                              
==========================================================================================================

                            process_name              last_start                last_end currently_running
strategy_allocation   run_capital_update 2024-03-15 01:00:09.894 2024-03-15 01:00:09.932             False
update_total_capital  run_capital_update 2024-03-15 19:00:05.138 2024-03-15 19:00:05.288             False

Delayed adjusted / FX prices: No delays
Delayed optimal positions: No delays
Instruments at trade limit: No constraints

================================================
         Instruments at position limit          
================================================

                 keys  position pos_limit  spare
89                IRS         0       0.0    0.0
109               SEK         0       0.0    0.0
77        EPRA-EUROPE         0       0.0    0.0
39            US-TECH         0       0.0    0.0
184            EURCHF         0       0.0    0.0
113          EU-HOUSE         0       0.0    0.0
176       COPPER-mini         0       0.0    0.0
75            BOVESPA         0       0.0    0.0
169            KRWUSD         0       0.0    0.0
45            MILKDRY         0       0.0    0.0
166               CLP         0       0.0    0.0
115               PLN         0       0.0    0.0
73          CHF_micro         0       0.0    0.0
72              COCOA         1       1.0    0.0
155   GASOILINE_micro         0       0.0    0.0
153              CH10         0       0.0    0.0
52                CZK         0       0.0    0.0
152             STEEL         0       0.0    0.0
124               NOK         0       0.0    0.0
250            CHFJPY         0       0.0    0.0
126        EU-DJ-TECH         0       0.0    0.0
131               AEX         1       1.0    0.0
136               SGX         0       0.0    0.0
140          SGD_mini         0       0.0    0.0
36          SWISSLEAD         0       0.0    0.0
141               JGB         0       0.0    0.0
59             COTTON         0       0.0    0.0
118         EU-TRAVEL         0       0.0    0.0
57         COPPER_LME         0       0.0    0.0
146               TWD         0       0.0    0.0
147          EU-MEDIA         0       0.0    0.0
148           TIN_LME         0       0.0    0.0
143            BUTTER         0       0.0    0.0
108              WHEY         0       0.0    0.0
34           AEX_mini         0       0.0    0.0
191          TWD-mini         0       0.0    0.0
14             NASDAQ         0       0.0    0.0
221           ETHANOL         0       0.0    0.0
12               VNKI         0       0.0    0.0
222           EU-CHEM         0       0.0    0.0
223  EUROSTX200-LARGE         0       0.0    0.0
9            JGB-mini         0       0.0    0.0
15      EU-DJ-TELECOM         0       0.0    0.0
95            SMI-MID         0       0.0    0.0
235             SP400         0       0.0    0.0
237              GICS         0       0.0    0.0
4         HEATOIL-ICE         0       0.0    0.0
241   EU-CONSTRUCTION         0       0.0    0.0
242               RUR         0       0.0    0.0
243     EUROSTX-LARGE         0       0.0    0.0
91          EU-RETAIL         0       0.0    0.0
119          JPY_mini         0       0.0    0.0
220          ETHEREUM         0       0.0    0.0
216               MIB         1       1.0    0.0
194                IG         0       0.0    0.0
196              COAL         0       0.0    0.0
30             GBPJPY         0       0.0    0.0
106            AUDJPY         0       0.0    0.0
199         GASOILINE         1       1.0    0.0
202       CNH-onshore         0       0.0    0.0
97           HOUSE-US         0       0.0    0.0
120            PALLAD         0       0.0    0.0
206            EURCAD         0       0.0    0.0
23          HIGHYIELD         0       0.0    0.0
210             R1000         0       0.0    0.0
101           MILKWET         0       0.0    0.0
20             EURAUD         0       0.0    0.0
215               OMX         0       0.0    0.0
204      COAL-GEORDIE         0       0.0    0.0


=========================================================
         Overrides in database consider deleting         
=========================================================

                                                 override
VNKI             Override Reduce only because in database
OATIES           Override Reduce only because in database
RICE             Override Reduce only because in database
INR              Override Reduce only because in database
FTSEINDO         Override Reduce only because in database
GAS_US_mini      Override Reduce only because in database
FTSECHINAH       Override Reduce only because in database
HIGHYIELD        Override Reduce only because in database
BUTTER           Override Reduce only because in database
COPPER-micro     Override Reduce only because in database
STEEL            Override Reduce only because in database
COAL             Override Reduce only because in database
GAS-LAST         Override Reduce only because in database
WHEY             Override Reduce only because in database
CLP              Override Reduce only because in database
MSCITAIWAN       Override Reduce only because in database
SGX              Override Reduce only because in database
IG               Override Reduce only because in database
FTSEVIET         Override Reduce only because in database
COPPER-mini      Override Reduce only because in database
NICKEL_LME       Override Reduce only because in database
TIN_LME          Override Reduce only because in database
ETHANOL          Override Reduce only because in database
BB3M             Override Reduce only because in database
GASOILINE_micro  Override Reduce only because in database
GAS-PEN          Override Reduce only because in database

Locked instruments (position mismatch): []

==============================================
Status of adjusted price / FX price collection
==============================================

                         last_update
SGX              2024-03-18 23:00:00
TWD              2024-03-18 23:00:00
OMX              2024-03-20 23:00:00
SGD              2024-03-20 23:00:00
PLN              2024-03-20 23:00:00
NICKEL_LME       2024-03-20 23:00:00
EURAUD           2024-03-20 23:00:00
SUGAR16          2024-03-20 23:00:00
CNH-onshore      2024-03-20 23:00:00
COTTON           2024-03-20 23:00:00
SWISSLEAD        2024-03-20 23:00:00
TIN_LME          2024-03-20 23:00:00
CLP              2024-03-20 23:00:00
MSCIWORLD        2024-03-20 23:00:00
RUR              2024-03-20 23:00:00
TWD-mini         2024-03-20 23:00:00
BB3M             2024-03-20 23:00:00
COAL-GEORDIE     2024-03-20 23:00:00
CZK              2024-03-20 23:00:00
EPRA-EUROPE      2024-03-20 23:00:00
GASOILINE_micro  2024-03-20 23:00:00
ETHANOL          2024-03-20 23:00:00
HOUSE-US         2024-03-20 23:00:00
BOVESPA          2024-03-20 23:00:00
VNKI             2024-03-21 02:00:00
SGD_mini         2024-03-21 02:00:00
HANGTECH         2024-03-21 03:00:00
HANGENT_mini     2024-03-21 03:00:00
HANGENT          2024-03-21 03:00:00
HANG_mini*       2024-03-21 03:00:00
HANG             2024-03-21 03:00:00
JGB-SGX-mini     2024-03-21 04:00:00
MSCITAIWAN       2024-03-21 04:00:00
JGB-mini         2024-03-21 04:00:00
KRWUSD_mini      2024-03-21 04:00:00
FTSEINDO         2024-03-21 04:00:00
SPI200           2024-03-21 04:00:00
CHINAA-CON*      2024-03-21 04:00:00
CNH              2024-03-21 05:00:00
FTSEVIET         2024-03-21 05:00:00
KR10             2024-03-21 05:00:00
KOSPI_mini       2024-03-21 05:00:00
KOSPI            2024-03-21 05:00:00
KOSDAQ           2024-03-21 05:00:00
JP-REALESTATE    2024-03-21 05:00:00
FTSETAIWAN       2024-03-21 05:00:00
MSCISING         2024-03-21 05:00:00
TOPIX*           2024-03-21 05:00:00
FTSECHINAH       2024-03-21 05:00:00
MUMMY            2024-03-21 05:00:00
NIKKEI*          2024-03-21 05:00:00
NIKKEI400        2024-03-21 05:00:00
JGB              2024-03-21 05:00:00
KR3              2024-03-21 05:00:00
IRON*            2024-03-21 05:00:00
FTSECHINAA       2024-03-21 05:00:00
RUBBER           2024-03-21 05:00:00
EURIBOR          2024-03-21 09:00:00
CH10             2024-03-21 09:00:00
EU-TRAVEL        2024-03-21 12:00:00
AEX_mini         2024-03-21 12:00:00
EUROSTX-LARGE    2024-03-21 13:00:00
EU-HOUSE         2024-03-21 14:00:00
EU-MID           2024-03-21 14:00:00
DJSTX-SMALL      2024-03-21 14:00:00
ZINC_LME         2024-03-21 14:00:00
SMI-MID          2024-03-21 14:00:00
MSCIASIA         2024-03-21 14:00:00
COPPER_LME       2024-03-21 14:00:00
MIB*             2024-03-21 15:00:00
EURIBOR-ICE      2024-03-21 15:00:00
SONIA3           2024-03-21 15:00:00
BUTTER           2024-03-21 15:00:00
EUROSTX-SMALL    2024-03-21 15:00:00
EUROSTX200-LARGE 2024-03-21 15:00:00
SUGAR_WHITE      2024-03-21 15:00:00
GILT             2024-03-21 15:00:00
GBPJPY           2024-03-21 15:00:00
GBPCHF           2024-03-21 15:00:00
FTSE100          2024-03-21 15:00:00
FTSE250          2024-03-21 15:00:00
BRENT_W          2024-03-21 15:00:00
BONO             2024-03-21 15:00:00
V2X              2024-03-21 15:00:00
WHEAT_ICE        2024-03-21 15:00:00
ALUMINIUM_LME    2024-03-21 15:00:00
HEATOIL-ICE      2024-03-21 15:00:00
LEAD_LME         2024-03-21 15:00:00
SARONA           2024-03-21 15:00:00
GASOIL           2024-03-21 15:00:00
EU-DJ-TELECOM    2024-03-21 15:00:00
MILLWHEAT*       2024-03-21 15:00:00
EU-FOOD          2024-03-21 15:00:00
EU-HEALTH        2024-03-21 15:00:00
CRUDE_ICE        2024-03-21 15:00:00
IBEX             2024-03-21 15:00:00
COCOA_LDN        2024-03-21 15:00:00
EU-DJ-TECH       2024-03-21 15:00:00
EU-CHEM          2024-03-21 15:00:00
EU-REALESTATE    2024-03-21 15:00:00
EU-RETAIL        2024-03-21 15:00:00
COAL             2024-03-21 15:00:00
ROBUSTA          2024-03-21 15:00:00
IBEX_mini        2024-03-21 15:00:00
EUA              2024-03-21 15:00:00
IRS              2024-03-21 15:00:00
GASOILINE_ICE    2024-03-21 15:00:00
MILKDRY          2024-03-21 16:00:00
SHATZ            2024-03-21 16:00:00
SUGAR11          2024-03-21 16:00:00
SMI              2024-03-21 16:00:00
MSCIEMASIA       2024-03-21 16:00:00
OAT              2024-03-21 16:00:00
AEX*             2024-03-21 16:00:00
EU-INSURE        2024-03-21 16:00:00
EU-CONSTRUCTION  2024-03-21 16:00:00
EURO600          2024-03-21 16:00:00
DAX              2024-03-21 16:00:00
EUROSTX          2024-03-21 16:00:00
EU-MEDIA         2024-03-21 16:00:00
BOBL*            2024-03-21 16:00:00
EU-UTILS         2024-03-21 16:00:00
EU-DJ-OIL        2024-03-21 16:00:00
EU-BASIC         2024-03-21 16:00:00
BTP              2024-03-21 16:00:00
BTP3             2024-03-21 16:00:00
BUND*            2024-03-21 16:00:00
EU-DJ-UTIL       2024-03-21 16:00:00
BUXL             2024-03-21 16:00:00
EU-BANKS         2024-03-21 16:00:00
EU-AUTO          2024-03-21 16:00:00
EU-TECH          2024-03-21 16:00:00
EU-OIL           2024-03-21 16:00:00
CAC              2024-03-21 16:00:00
EU-DIV30         2024-03-21 16:00:00
BBCOMM           2024-03-21 16:00:00
HIGHYIELD        2024-03-21 17:00:00
OJ               2024-03-21 17:00:00
AUDJPY           2024-03-21 17:00:00
COCOA*           2024-03-21 17:00:00
STEEL            2024-03-21 17:00:00
KRWUSD           2024-03-21 17:00:00
ALUMINIUM        2024-03-21 17:00:00
COFFEE           2024-03-21 17:00:00
MILKWET          2024-03-21 18:00:00
REDWHEAT         2024-03-21 18:00:00
CORN_mini        2024-03-21 18:00:00
CORN*            2024-03-21 18:00:00
SOYBEAN          2024-03-21 18:00:00
NOK              2024-03-21 18:00:00
OATIES           2024-03-21 18:00:00
RICE             2024-03-21 18:00:00
CANOLA           2024-03-21 18:00:00
SOYOIL           2024-03-21 18:00:00
SOYMEAL          2024-03-21 18:00:00
COTTON2          2024-03-21 18:00:00
LIVECOW*         2024-03-21 18:00:00
SOYBEAN_mini     2024-03-21 18:00:00
GAS-LAST         2024-03-21 18:00:00
WHEAT            2024-03-21 18:00:00
FEEDCOW          2024-03-21 18:00:00
IG               2024-03-21 18:00:00
WHEAT_mini       2024-03-21 18:00:00
LEANHOG          2024-03-21 18:00:00
ETHER-micro      2024-03-21 19:00:00
VIX_mini         2024-03-21 19:00:00
BRE              2024-03-21 19:00:00
R1000            2024-03-21 19:00:00
FANG             2024-03-21 19:00:00
GICS             2024-03-21 19:00:00
WHEY             2024-03-21 19:00:00
SEK              2024-03-21 19:00:00
CAD5             2024-03-21 19:00:00
CAD10            2024-03-21 19:00:00
GAS_US_mini*     2024-03-21 19:00:00
CHFJPY           2024-03-21 19:00:00
COPPER           2024-03-21 19:00:00
US-TECH          2024-03-21 19:00:00
CRUDE_W_mini     2024-03-21 19:00:00
US-MATERIAL      2024-03-21 19:00:00
US-INDUSTRY      2024-03-21 19:00:00
US-HEALTH        2024-03-21 19:00:00
US-ENERGY        2024-03-21 19:00:00
US-DISCRETE      2024-03-21 19:00:00
US-FINANCE       2024-03-21 19:00:00
US-UTILS         2024-03-21 19:00:00
COPPER-mini      2024-03-21 19:00:00
LUMBER-new       2024-03-21 19:00:00
US-STAPLES       2024-03-21 19:00:00
US-PROPERTY      2024-03-21 19:00:00
ZAR              2024-03-21 20:00:00
US10             2024-03-21 20:00:00
SP400            2024-03-21 20:00:00
SP500            2024-03-21 20:00:00
US-REALESTATE    2024-03-21 20:00:00
SP500_micro      2024-03-21 20:00:00
US30             2024-03-21 20:00:00
US10U            2024-03-21 20:00:00
US3*             2024-03-21 20:00:00
AUD              2024-03-21 20:00:00
BRENT-LAST       2024-03-21 20:00:00
US2*             2024-03-21 20:00:00
VIX*             2024-03-21 20:00:00
US20             2024-03-21 20:00:00
US5              2024-03-21 20:00:00
BITCOIN*         2024-03-21 20:00:00
YENEUR*          2024-03-21 20:00:00
AUD_micro        2024-03-21 20:00:00
GAS-PEN          2024-03-21 20:00:00
CAD              2024-03-21 20:00:00
ETHEREUM         2024-03-21 20:00:00
JPY_mini         2024-03-21 20:00:00
JPY*             2024-03-21 20:00:00
SOFR             2024-03-21 20:00:00
EUR              2024-03-21 20:00:00
EURCAD           2024-03-21 20:00:00
EURCHF           2024-03-21 20:00:00
HEATOIL          2024-03-21 20:00:00
DX*              2024-03-21 20:00:00
EUR_micro        2024-03-21 20:00:00
GOLD_micro*      2024-03-21 20:00:00
GOLD-mini        2024-03-21 20:00:00
GOLD             2024-03-21 20:00:00
GBP_micro        2024-03-21 20:00:00
FED              2024-03-21 20:00:00
GBPEUR           2024-03-21 20:00:00
GBP              2024-03-21 20:00:00
GAS_US           2024-03-21 20:00:00
EUR_mini         2024-03-21 20:00:00
MILK             2024-03-21 20:00:00
INR              2024-03-21 20:00:00
DOW              2024-03-21 20:00:00
SILVER           2024-03-21 20:00:00
CAD2             2024-03-21 20:00:00
CAD_micro        2024-03-21 20:00:00
CHEESE           2024-03-21 20:00:00
DOW_mini         2024-03-21 20:00:00
RUSSELL          2024-03-21 20:00:00
CHF*             2024-03-21 20:00:00
CHF_micro        2024-03-21 20:00:00
GASOILINE*       2024-03-21 20:00:00
PLAT             2024-03-21 20:00:00
RUSSELL_mini     2024-03-21 20:00:00
PALLAD           2024-03-21 20:00:00
NZD              2024-03-21 20:00:00
COPPER-micro     2024-03-21 20:00:00
NASDAQ_micro*    2024-03-21 20:00:00
NASDAQ           2024-03-21 20:00:00
MXP*             2024-03-21 20:00:00
CRUDE_W          2024-03-21 20:00:00
CRUDE_W_micro    2024-03-21 20:00:00
MSCIEAFA         2024-03-21 20:00:00
JPYUSD           2024-03-21 23:00:00
CNHUSD           2024-03-21 23:00:00
AUDUSD           2024-03-21 23:00:00
KRWUSD           2024-03-21 23:00:00
CHFUSD           2024-03-21 23:00:00
GBPUSD           2024-03-21 23:00:00
MXPUSD           2024-03-21 23:00:00
SGDUSD           2024-03-21 23:00:00
CADUSD           2024-03-21 23:00:00
HKDUSD           2024-03-21 23:00:00
EURUSD           2024-03-21 23:00:00
SEKUSD           2024-03-21 23:00:00


============================================================
           Status of optimal position generation            
============================================================

                                                 last_update
dynamic_TF_carry/SOYBEAN_mini     2024-03-21 22:31:22.359397
dynamic_TF_carry/RUSSELL          2024-03-21 22:31:22.359621
dynamic_TF_carry/EUROSTX          2024-03-21 22:31:22.359833
dynamic_TF_carry/SUGAR_WHITE      2024-03-21 22:31:22.360041
dynamic_TF_carry/CAD5             2024-03-21 22:31:22.360247
dynamic_TF_carry/HEATOIL          2024-03-21 22:31:22.360452
dynamic_TF_carry/WHEAT_ICE        2024-03-21 22:31:22.360659
dynamic_TF_carry/CRUDE_ICE        2024-03-21 22:31:22.360863
dynamic_TF_carry/US-DISCRETE      2024-03-21 22:31:22.361067
dynamic_TF_carry/BTP              2024-03-21 22:31:22.361274
dynamic_TF_carry/SPI200           2024-03-21 22:31:22.361478
dynamic_TF_carry/EU-INSURE        2024-03-21 22:31:22.361682
dynamic_TF_carry/SOFR             2024-03-21 22:31:22.361885
dynamic_TF_carry/MILKDRY          2024-03-21 22:31:22.362088
dynamic_TF_carry/US-ENERGY        2024-03-21 22:31:22.362294
dynamic_TF_carry/JGB-SGX-mini     2024-03-21 22:31:22.362499
dynamic_TF_carry/PALLAD           2024-03-21 22:31:22.362702
dynamic_TF_carry/MSCIWORLD        2024-03-21 22:31:22.362906
dynamic_TF_carry/EU-AUTO          2024-03-21 22:31:22.363110
dynamic_TF_carry/EPRA-EUROPE      2024-03-21 22:31:22.363314
dynamic_TF_carry/FTSETAIWAN       2024-03-21 22:31:22.363517
dynamic_TF_carry/GBPJPY           2024-03-21 22:31:22.363721
dynamic_TF_carry/US-TECH          2024-03-21 22:31:22.363925
dynamic_TF_carry/CH10             2024-03-21 22:31:22.364130
dynamic_TF_carry/RUR              2024-03-21 22:31:22.364333
dynamic_TF_carry/KOSPI_mini       2024-03-21 22:31:22.364538
dynamic_TF_carry/MSCIEAFA         2024-03-21 22:31:22.364741
dynamic_TF_carry/EURIBOR          2024-03-21 22:31:22.364945
dynamic_TF_carry/HOUSE-US         2024-03-21 22:31:22.365151
dynamic_TF_carry/EURAUD           2024-03-21 22:31:22.365356
dynamic_TF_carry/DX               2024-03-21 22:31:22.365559
dynamic_TF_carry/CHF              2024-03-21 22:31:22.365762
dynamic_TF_carry/FTSE100          2024-03-21 22:31:22.365965
dynamic_TF_carry/SILVER           2024-03-21 22:31:22.366169
dynamic_TF_carry/MILLWHEAT        2024-03-21 22:31:22.366372
dynamic_TF_carry/CRUDE_W_micro    2024-03-21 22:31:22.366577
dynamic_TF_carry/INR              2024-03-21 22:31:22.366781
dynamic_TF_carry/BUXL             2024-03-21 22:31:22.366983
dynamic_TF_carry/SUGAR16          2024-03-21 22:31:22.367187
dynamic_TF_carry/VIX              2024-03-21 22:31:22.367391
dynamic_TF_carry/GICS             2024-03-21 22:31:22.367594
dynamic_TF_carry/EU-REALESTATE    2024-03-21 22:31:22.367797
dynamic_TF_carry/EU-UTILS         2024-03-21 22:31:22.368001
dynamic_TF_carry/GBPEUR           2024-03-21 22:31:22.368204
dynamic_TF_carry/MUMMY            2024-03-21 22:31:22.368407
dynamic_TF_carry/CAD              2024-03-21 22:31:22.368612
dynamic_TF_carry/COTTON2          2024-03-21 22:31:22.368816
dynamic_TF_carry/JP-REALESTATE    2024-03-21 22:31:22.369021
dynamic_TF_carry/SGD              2024-03-21 22:31:22.369227
dynamic_TF_carry/WHEAT            2024-03-21 22:31:22.369432
dynamic_TF_carry/BB3M             2024-03-21 22:31:22.369637
dynamic_TF_carry/MXP              2024-03-21 22:31:22.369840
dynamic_TF_carry/EU-MEDIA         2024-03-21 22:31:22.370044
dynamic_TF_carry/MSCIEMASIA       2024-03-21 22:31:22.370249
dynamic_TF_carry/ZAR              2024-03-21 22:31:22.370452
dynamic_TF_carry/US-STAPLES       2024-03-21 22:31:22.370656
dynamic_TF_carry/GASOILINE        2024-03-21 22:31:22.370860
dynamic_TF_carry/CLP              2024-03-21 22:31:22.371065
dynamic_TF_carry/DJSTX-SMALL      2024-03-21 22:31:22.371268
dynamic_TF_carry/ETHEREUM         2024-03-21 22:31:22.371471
dynamic_TF_carry/RICE             2024-03-21 22:31:22.371675
dynamic_TF_carry/V2X              2024-03-21 22:31:22.371879
dynamic_TF_carry/KR10             2024-03-21 22:31:22.372082
dynamic_TF_carry/KRWUSD           2024-03-21 22:31:22.372490
dynamic_TF_carry/EUROSTX-SMALL    2024-03-21 22:31:22.372692
dynamic_TF_carry/SUGAR11          2024-03-21 22:31:22.372897
dynamic_TF_carry/IG               2024-03-21 22:31:22.373101
dynamic_TF_carry/HIGHYIELD        2024-03-21 22:31:22.373308
dynamic_TF_carry/EU-DIV30         2024-03-21 22:31:22.373510
dynamic_TF_carry/BRENT-LAST       2024-03-21 22:31:22.373714
dynamic_TF_carry/FEEDCOW          2024-03-21 22:31:22.373917
dynamic_TF_carry/DOW              2024-03-21 22:31:22.374325
dynamic_TF_carry/EU-HOUSE         2024-03-21 22:31:22.374529
dynamic_TF_carry/COPPER           2024-03-21 22:31:22.374733
dynamic_TF_carry/EU-TRAVEL        2024-03-21 22:31:22.374936
dynamic_TF_carry/MILK             2024-03-21 22:31:22.375140
dynamic_TF_carry/IRON             2024-03-21 22:31:22.375346
dynamic_TF_carry/BRENT_W          2024-03-21 22:31:22.375551
dynamic_TF_carry/BRE              2024-03-21 22:31:22.375757
dynamic_TF_carry/EUR_micro        2024-03-21 22:31:22.375961
dynamic_TF_carry/MSCITAIWAN       2024-03-21 22:31:22.376167
dynamic_TF_carry/BBCOMM           2024-03-21 22:31:22.376371
dynamic_TF_carry/YENEUR           2024-03-21 22:31:22.376574
dynamic_TF_carry/EUROSTX-LARGE    2024-03-21 22:31:22.376779
dynamic_TF_carry/CHFJPY           2024-03-21 22:31:22.376984
dynamic_TF_carry/SOYOIL           2024-03-21 22:31:22.377191
dynamic_TF_carry/US-PROPERTY      2024-03-21 22:31:22.377396
dynamic_TF_carry/EU-FOOD          2024-03-21 22:31:22.377601
dynamic_TF_carry/SMI              2024-03-21 22:31:22.378009
dynamic_TF_carry/US-MATERIAL      2024-03-21 22:31:22.378214
dynamic_TF_carry/SMI-MID          2024-03-21 22:31:22.378419
dynamic_TF_carry/KR3              2024-03-21 22:31:22.378624
dynamic_TF_carry/BOBL             2024-03-21 22:31:22.378827
dynamic_TF_carry/FTSECHINAH       2024-03-21 22:31:22.379032
dynamic_TF_carry/SOYBEAN          2024-03-21 22:31:22.379237
dynamic_TF_carry/EURCAD           2024-03-21 22:31:22.379644
dynamic_TF_carry/ALUMINIUM        2024-03-21 22:31:22.379847
dynamic_TF_carry/US-REALESTATE    2024-03-21 22:31:22.380052
dynamic_TF_carry/STEEL            2024-03-21 22:31:22.380257
dynamic_TF_carry/COCOA_LDN        2024-03-21 22:31:22.380461
dynamic_TF_carry/EU-BANKS         2024-03-21 22:31:22.380665
dynamic_TF_carry/EU-OIL           2024-03-21 22:31:22.380870
dynamic_TF_carry/SWISSLEAD        2024-03-21 22:31:22.381075
dynamic_TF_carry/CAC              2024-03-21 22:31:22.381282
dynamic_TF_carry/US-HEALTH        2024-03-21 22:31:22.381486
dynamic_TF_carry/EU-DJ-TELECOM    2024-03-21 22:31:22.381691
dynamic_TF_carry/JPY              2024-03-21 22:31:22.381896
dynamic_TF_carry/FANG             2024-03-21 22:31:22.382101
dynamic_TF_carry/BOVESPA          2024-03-21 22:31:22.382306
dynamic_TF_carry/LUMBER-new       2024-03-21 22:31:22.382511
dynamic_TF_carry/EUR              2024-03-21 22:31:22.382715
dynamic_TF_carry/GAS_US_mini      2024-03-21 22:31:22.382920
dynamic_TF_carry/AUD              2024-03-21 22:31:22.383124
dynamic_TF_carry/COPPER_LME       2024-03-21 22:31:22.383330
dynamic_TF_carry/WHEY             2024-03-21 22:31:22.383535
dynamic_TF_carry/KRWUSD_mini      2024-03-21 22:31:22.383740
dynamic_TF_carry/EURCHF           2024-03-21 22:31:22.383943
dynamic_TF_carry/KOSPI            2024-03-21 22:31:22.384148
dynamic_TF_carry/HANGENT_mini     2024-03-21 22:31:22.384351
dynamic_TF_carry/OJ               2024-03-21 22:31:22.384555
dynamic_TF_carry/BUND             2024-03-21 22:31:22.384758
dynamic_TF_carry/FTSEVIET         2024-03-21 22:31:22.384962
dynamic_TF_carry/EU-MID           2024-03-21 22:31:22.385167
dynamic_TF_carry/CRUDE_W_mini     2024-03-21 22:31:22.385373
dynamic_TF_carry/AUD_micro        2024-03-21 22:31:22.385578
dynamic_TF_carry/US2              2024-03-21 22:31:22.385782
dynamic_TF_carry/MSCISING         2024-03-21 22:31:22.385988
dynamic_TF_carry/KOSDAQ           2024-03-21 22:31:22.386193
dynamic_TF_carry/AEX              2024-03-21 22:31:22.386399
dynamic_TF_carry/SARONA           2024-03-21 22:31:22.386605
dynamic_TF_carry/US10             2024-03-21 22:31:22.386809
dynamic_TF_carry/EUA              2024-03-21 22:31:22.387014
dynamic_TF_carry/MIB              2024-03-21 22:31:22.387218
dynamic_TF_carry/TOPIX            2024-03-21 22:31:22.387423
dynamic_TF_carry/BTP3             2024-03-21 22:31:22.387627
dynamic_TF_carry/CAD10            2024-03-21 22:31:22.387830
dynamic_TF_carry/CZK              2024-03-21 22:31:22.388239
dynamic_TF_carry/SHATZ            2024-03-21 22:31:22.388443
dynamic_TF_carry/SP400            2024-03-21 22:31:22.388646
dynamic_TF_carry/AUDJPY           2024-03-21 22:31:22.388850
dynamic_TF_carry/EU-BASIC         2024-03-21 22:31:22.389055
dynamic_TF_carry/PLN              2024-03-21 22:31:22.389262
dynamic_TF_carry/FTSEINDO         2024-03-21 22:31:22.389466
dynamic_TF_carry/BUTTER           2024-03-21 22:31:22.389670
dynamic_TF_carry/CHEESE           2024-03-21 22:31:22.389874
dynamic_TF_carry/TIN_LME          2024-03-21 22:31:22.390080
dynamic_TF_carry/EU-CHEM          2024-03-21 22:31:22.390283
dynamic_TF_carry/COFFEE           2024-03-21 22:31:22.390487
dynamic_TF_carry/US30             2024-03-21 22:31:22.390691
dynamic_TF_carry/SOYMEAL          2024-03-21 22:31:22.390896
dynamic_TF_carry/LIVECOW          2024-03-21 22:31:22.391101
dynamic_TF_carry/FED              2024-03-21 22:31:22.391306
dynamic_TF_carry/CANOLA           2024-03-21 22:31:22.391512
dynamic_TF_carry/EURIBOR-ICE      2024-03-21 22:31:22.391717
dynamic_TF_carry/LEANHOG          2024-03-21 22:31:22.391921
dynamic_TF_carry/MSCIASIA         2024-03-21 22:31:22.392125
dynamic_TF_carry/GILT             2024-03-21 22:31:22.392330
dynamic_TF_carry/GASOIL           2024-03-21 22:31:22.392535
dynamic_TF_carry/EURO600          2024-03-21 22:31:22.392739
dynamic_TF_carry/HANGTECH         2024-03-21 22:31:22.392943
dynamic_TF_carry/OATIES           2024-03-21 22:31:22.393356
dynamic_TF_carry/GAS-PEN          2024-03-21 22:31:22.393560
dynamic_TF_carry/US10U            2024-03-21 22:31:22.393764
dynamic_TF_carry/PLAT             2024-03-21 22:31:22.393968
dynamic_TF_carry/NIKKEI           2024-03-21 22:31:22.394173
dynamic_TF_carry/OMX              2024-03-21 22:31:22.394378
dynamic_TF_carry/MILKWET          2024-03-21 22:31:22.394581
dynamic_TF_carry/REDWHEAT         2024-03-21 22:31:22.394784
dynamic_TF_carry/US20             2024-03-21 22:31:22.394990
dynamic_TF_carry/CNH              2024-03-21 22:31:22.395195
dynamic_TF_carry/EU-CONSTRUCTION  2024-03-21 22:31:22.395400
dynamic_TF_carry/BONO             2024-03-21 22:31:22.395604
dynamic_TF_carry/NICKEL_LME       2024-03-21 22:31:22.395808
dynamic_TF_carry/SP500_micro      2024-03-21 22:31:22.396011
dynamic_TF_carry/NIKKEI400        2024-03-21 22:31:22.396215
dynamic_TF_carry/COTTON           2024-03-21 22:31:22.396418
dynamic_TF_carry/OAT              2024-03-21 22:31:22.396620
dynamic_TF_carry/SGX              2024-03-21 22:31:22.396825
dynamic_TF_carry/VNKI             2024-03-21 22:31:22.397028
dynamic_TF_carry/BITCOIN          2024-03-21 22:31:22.397233
dynamic_TF_carry/FTSE250          2024-03-21 22:31:22.397437
dynamic_TF_carry/SEK              2024-03-21 22:31:22.397641
dynamic_TF_carry/EU-DJ-UTIL       2024-03-21 22:31:22.397845
dynamic_TF_carry/DAX              2024-03-21 22:31:22.398046
dynamic_TF_carry/GBPCHF           2024-03-21 22:31:22.398250
dynamic_TF_carry/HANG_mini        2024-03-21 22:31:22.398452
dynamic_TF_carry/EU-RETAIL        2024-03-21 22:31:22.398657
dynamic_TF_carry/IRS              2024-03-21 22:31:22.398860
dynamic_TF_carry/US5              2024-03-21 22:31:22.399063
dynamic_TF_carry/GBP              2024-03-21 22:31:22.399266
dynamic_TF_carry/SONIA3           2024-03-21 22:31:22.399469
dynamic_TF_carry/ZINC_LME         2024-03-21 22:31:22.399673
dynamic_TF_carry/COPPER-micro     2024-03-21 22:31:22.399876
dynamic_TF_carry/US-FINANCE       2024-03-21 22:31:22.400079
dynamic_TF_carry/ROBUSTA          2024-03-21 22:31:22.400282
dynamic_TF_carry/TWD              2024-03-21 22:31:22.400486
dynamic_TF_carry/CORN             2024-03-21 22:31:22.400693
dynamic_TF_carry/COAL             2024-03-21 22:31:22.400898
dynamic_TF_carry/R1000            2024-03-21 22:31:22.401103
dynamic_TF_carry/LEAD_LME         2024-03-21 22:31:22.401311
dynamic_TF_carry/EU-HEALTH        2024-03-21 22:31:22.401516
dynamic_TF_carry/NZD              2024-03-21 22:31:22.401720
dynamic_TF_carry/US3              2024-03-21 22:31:22.401924
dynamic_TF_carry/GOLD_micro       2024-03-21 22:31:22.402127
dynamic_TF_carry/EU-TECH          2024-03-21 22:31:22.402331
dynamic_TF_carry/FTSECHINAA       2024-03-21 22:31:22.402535
dynamic_TF_carry/RUBBER           2024-03-21 22:31:22.402739
dynamic_TF_carry/GAS-LAST         2024-03-21 22:31:22.402943
dynamic_TF_carry/CAD2             2024-03-21 22:31:22.403147
dynamic_TF_carry/COCOA            2024-03-21 22:31:22.403350
dynamic_TF_carry/CHINAA-CON       2024-03-21 22:31:22.403554
dynamic_TF_carry/ETHANOL          2024-03-21 22:31:22.403757
dynamic_TF_carry/EUROSTX200-LARGE 2024-03-21 22:31:22.403960
dynamic_TF_carry/IBEX_mini        2024-03-21 22:31:22.404163
dynamic_TF_carry/COAL-GEORDIE     2024-03-21 22:31:22.404366
dynamic_TF_carry/NOK              2024-03-21 22:31:22.404569
dynamic_TF_carry/JGB              2024-03-21 22:31:22.404773
dynamic_TF_carry/NASDAQ_micro     2024-03-21 22:31:22.405184
dynamic_TF_carry/US-INDUSTRY      2024-03-21 22:31:22.405388
dynamic_TF_carry/US-UTILS         2024-03-21 22:31:22.405594


======================================================================================================================
                                                Status of trade limits                                                
======================================================================================================================

                   period_days  trade_limit  trades_since_last_reset  trade_capacity_remaining   time_since_last_reset
 YENEUR                     30            4                      1.0                       3.0 16 days 07:56:44.669233
 CAC                        14            4                      1.0                       3.0  1 days 12:32:51.435317
 BUND                       14            4                      1.0                       3.0  1 days 12:31:00.383242
 BUND                       30            4                      1.0                       3.0  1 days 12:31:00.383929
 US5                        30            4                      1.0                       3.0  2 days 05:06:31.674058
 VIX                        14            4                      1.0                       3.0  1 days 07:51:48.377195
 US5                        14            4                      1.0                       3.0  2 days 05:06:31.673200
 CH10                        1            4                      0.0                       4.0  0 days 00:00:00.000001
 EU-MID                      1            4                      0.0                       4.0  0 days 00:00:00.000002
 EU-MEDIA                    1            4                      0.0                       4.0  0 days 00:00:00.000001
 EU-HOUSE                    1            4                      0.0                       4.0  0 days 00:00:00.000002
 EU-DJ-UTIL                  1            4                      0.0                       4.0  0 days 00:00:00.000002
 EU-DJ-TELECOM               1            4                      0.0                       4.0  0 days 00:00:00.000001
 EU-DJ-TECH                  1            4                      0.0                       4.0  0 days 00:00:00.000002
 EU-DJ-OIL                   1            4                      0.0                       4.0  0 days 00:00:00.000002
 EU-CONSTRUCTION             1            4                      0.0                       4.0  0 days 00:00:00.000001
 ETHANOL                     1            4                      0.0                       4.0  0 days 00:00:00.000001
 EU-REALESTATE               1            4                      0.0                       4.0  0 days 00:00:00.000001
 COTTON                      1            4                      0.0                       4.0  0 days 00:00:00.000002
 COPPER-mini                 1            4                      0.0                       4.0  0 days 00:00:00.000001
 CNH-onshore                 1            4                      0.0                       4.0  0 days 00:00:00.000002
 BOVESPA                     1            4                      0.0                       4.0  0 days 00:00:00.000001
 CLP                         1            4                      0.0                       4.0  0 days 00:00:00.000002
 BUTTER                      1            4                      0.0                       4.0  0 days 00:00:00.000002
 CZK                         1            4                      0.0                       4.0  0 days 00:00:00.000002
 EURIBOR                     1            4                      0.0                       4.0  0 days 00:00:00.000002
 BEL20                       1            4                      0.0                       4.0  0 days 00:00:00.000002
 US-HEALTH                   1            4                      0.0                       4.0  0 days 00:00:00.000001
 US-FINANCE                  1            4                      0.0                       4.0  0 days 00:00:00.000002
 US-ENERGY                   1            4                      0.0                       4.0  0 days 00:00:00.000001
 US-DISCRETE                 1            4                      0.0                       4.0  0 days 00:00:00.000002
 SMI-MID                     1            4                      0.0                       4.0  0 days 00:00:00.000002
 SGX                         1            4                      0.0                       4.0  0 days 00:00:00.000001
 SGD                         1            4                      0.0                       4.0  0 days 00:00:00.000002
 OMX                         1            4                      0.0                       4.0  0 days 00:00:00.000002
 MSCIASIA                    1            4                      0.0                       4.0  0 days 00:00:00.000001
 MILKWET                     1            4                      0.0                       4.0  0 days 00:00:00.000002
 MILKDRY                     1            4                      0.0                       4.0  0 days 00:00:00.000002
 MID-DAX                     1            4                      0.0                       4.0  0 days 00:00:00.000001
 JP-REALESTATE               1            4                      0.0                       4.0  0 days 00:00:00.000002
 JGB-SGX-mini                1            4                      0.0                       4.0  0 days 00:00:00.000002
 IRS                         1            4                      0.0                       4.0  0 days 00:00:00.000002
 FTSEINDO                    1            4                      0.0                       4.0  0 days 00:00:00.000001
 EUROSTX200-LARGE            1            4                      0.0                       4.0  0 days 00:00:00.000002
 EUROSTX-SMALL               1            4                      0.0                       4.0  0 days 00:00:00.000002
 EUROSTX-LARGE               1            4                      0.0                       4.0  0 days 00:00:00.000001
 EURCHF                      1            4                      0.0                       4.0  0 days 00:00:00.000002
 ALUMINIUM                   1            4                      0.0                       4.0  0 days 00:00:00.000002
 CORN                        1            4                      0.0                       4.0  0 days 00:00:00.000003
 US30                       30            4                      0.0                       4.0  0 days 00:00:00.000002
 NOK                        14            4                      0.0                       4.0  0 days 00:00:00.000002
 ZAR                         1            4                      0.0                       4.0  0 days 00:00:00.000001
 KRWUSD                     14            4                      0.0                       4.0  0 days 00:00:00.000001
 JGB                        14            4                      0.0                       4.0  0 days 00:00:00.000002
 HEATOIL                    14            4                      0.0                       4.0  0 days 00:00:00.000002
 GBPEUR                     14            4                      0.0                       4.0  0 days 00:00:00.000002
 GAS-LAST                   14            4                      0.0                       4.0  0 days 00:00:00.000002
 FTSETAIWAN                 14            4                      0.0                       4.0  3 days 21:11:47.681778
 EU-TECH                    14            4                      0.0                       4.0  0 days 00:00:00.000002
 R1000                      14            4                      0.0                       4.0  0 days 00:00:00.000002
 EU-CHEM                    14            4                      0.0                       4.0  0 days 00:00:00.000002
 CNH                        14            4                      0.0                       4.0  0 days 00:00:00.000001
 BUXL                       14            4                      0.0                       4.0  0 days 00:00:00.000002
 BTP3                       14            4                      0.0                       4.0  0 days 00:00:00.000001
 BRENT-LAST                 14            4                      0.0                       4.0  0 days 00:00:00.000002
 BONO                       14            4                      0.0                       4.0  0 days 00:00:00.000002
 YENEUR                      1            4                      0.0                       4.0  0 days 00:00:00.000002
 US3                         1            4                      0.0                       4.0  0 days 00:00:00.000002
 US10U                       1            4                      0.0                       4.0  0 days 00:00:00.000001
 US-REALESTATE               1            4                      0.0                       4.0  0 days 00:00:00.000002
 ETHEREUM                   14            4                      0.0                       4.0  0 days 00:00:00.000001
 US-INDUSTRY                 1            4                      0.0                       4.0  0 days 00:00:00.000002
 REDWHEAT                   14            4                      0.0                       4.0  0 days 00:00:00.000002
 SP400                      14            4                      0.0                       4.0  0 days 00:00:00.000002
 US3                        30            4                      0.0                       4.0 23 days 07:56:47.903224
 US10U                      30            4                      0.0                       4.0  0 days 00:00:00.000001
 SP400                      30            4                      0.0                       4.0  0 days 00:00:00.000002
 SEK                        30            4                      0.0                       4.0  0 days 00:00:00.000002
 NOK                        30            4                      0.0                       4.0  0 days 00:00:00.000001
 JGB                        30            4                      0.0                       4.0  0 days 00:00:00.000002
