
********************************************************************************
                   Status report produced on 07/11/2024 22:55                   
********************************************************************************


Delayed methods: No delays

===============================
 Delayed adjusted / FX prices  
===============================

                    last_update
US-PROPERTY 2024-10-08 18:00:00
US-FINANCE  2024-10-08 20:00:00
US-TECH     2024-10-08 20:00:00
BB3M        2024-10-14 23:00:00

Delayed optimal positions: No delays
Instruments at trade limit: No constraints

================================================
         Instruments at position limit          
================================================

                 keys  position pos_limit  spare
91             COTTON         0       0.0    0.0
97        EPRA-EUROPE         0       0.0    0.0
96              R1000         0       0.0    0.0
88               GICS         0       0.0    0.0
218               IRS         0       0.0    0.0
219              CH10         0       0.0    0.0
220           TIN_LME         0       0.0    0.0
81                PLN         0       0.0    0.0
79   EUROSTX200-LARGE         0       0.0    0.0
78             NASDAQ         0       0.0    0.0
77          CHF_micro         0       0.0    0.0
75                TWD         0       0.0    0.0
73            EU-CHEM         0       0.0    0.0
72            MILKDRY         0       0.0    0.0
227       COPPER-mini         0       0.0    0.0
62         EU-DJ-TECH         0       0.0    0.0
57                CZK         0       0.0    0.0
56                JGB         0       0.0    0.0
228          EU-HOUSE         0       0.0    0.0
229           ETHANOL         0       0.0    0.0
99             EURAUD         0       0.0    0.0
102           MILKWET         0       0.0    0.0
108            GBPJPY         0       0.0    0.0
111     EU-DJ-TELECOM         0       0.0    0.0
171       HEATOIL-ICE         0       0.0    0.0
170          AEX_mini         0       0.0    0.0
167              VNKI         0       0.0    0.0
164              BUXL        -1       1.0    0.0
156             STEEL         0       0.0    0.0
195            PALLAD         0       0.0    0.0
152         HIGHYIELD         0       0.0    0.0
151      COAL-GEORDIE         0       0.0    0.0
149           US-TECH         0       0.0    0.0
49                MIB         1       1.0    0.0
142               NOK         0       0.0    0.0
135         EU-TRAVEL         0       0.0    0.0
132            KRWUSD         0       0.0    0.0
130        COPPER_LME         0       0.0    0.0
128            CHFJPY         0       0.0    0.0
204          JPY_mini         0       0.0    0.0
205   GASOILINE_micro         0       0.0    0.0
121              COAL         0       0.0    0.0
120         EU-RETAIL         0       0.0    0.0
116               OMX         0       0.0    0.0
200           SMI-MID         0       0.0    0.0
231         SWISSLEAD         0       0.0    0.0
182           BOVESPA         0       0.0    0.0
38           SGD_mini         0       0.0    0.0
10    EU-CONSTRUCTION         0       0.0    0.0
242           GAS-PEN        -1       1.0    0.0
31              SP400         0       0.0    0.0
32           EU-MEDIA         0       0.0    0.0
33             AUDJPY         0       0.0    0.0
36                SGX         0       0.0    0.0
6                WHEY         0       0.0    0.0
20                SEK         0       0.0    0.0
7              BUTTER         0       0.0    0.0
244       CNH-onshore         0       0.0    0.0
8                  IG         0       0.0    0.0
17           TWD-mini         0       0.0    0.0
27                RUR         0       0.0    0.0
40                CLP         0       0.0    0.0
41           HOUSE-US         0       0.0    0.0
234          ETHEREUM         0       0.0    0.0
235          JGB-mini         0       0.0    0.0
13             EURCAD         0       0.0    0.0
12      EUROSTX-LARGE         0       0.0    0.0
245            EURCHF         0       0.0    0.0


======================================================
       Overrides in database consider deleting        
======================================================

                                              override
NICKEL_LME          Override Close because in database
OATIES        Override Reduce only because in database
BB3M          Override Reduce only because in database
VNKI          Override Reduce only because in database
COPPER-micro  Override Reduce only because in database
GOLD-mini     Override Reduce only because in database
COPPER-mini   Override Reduce only because in database
IBEX          Override Reduce only because in database
GICS          Override Reduce only because in database
IBEX_mini     Override Reduce only because in database
VIX_mini      Override Reduce only because in database
SGD           Override Reduce only because in database
WHEAT_mini    Override Reduce only because in database
CORN_mini     Override Reduce only because in database
CHINAA-CON    Override Reduce only because in database
CRUDE_W_mini  Override Reduce only because in database
CAC           Override Reduce only because in database
STEEL         Override Reduce only because in database
COAL-GEORDIE  Override Reduce only because in database
TWD           Override Reduce only because in database
KRWUSD        Override Reduce only because in database
AEX           Override Reduce only because in database
AEX_mini      Override Reduce only because in database
SGD_mini      Override Reduce only because in database

Locked instruments (position mismatch): []

==============================================
Status of adjusted price / FX price collection
==============================================

                         last_update
US-PROPERTY      2024-10-08 18:00:00
US-FINANCE       2024-10-08 20:00:00
US-TECH          2024-10-08 20:00:00
BB3M             2024-10-14 23:00:00
TWD              2024-11-04 23:00:00
SGX              2024-11-04 23:00:00
SWISSLEAD        2024-11-06 23:00:00
EPRA-EUROPE      2024-11-06 23:00:00
SUGAR16          2024-11-06 23:00:00
COTTON           2024-11-06 23:00:00
ETHANOL          2024-11-06 23:00:00
GASOILINE_micro  2024-11-06 23:00:00
GBPCHF           2024-11-06 23:00:00
MILKWET          2024-11-06 23:00:00
HOUSE-US         2024-11-06 23:00:00
TIN_LME          2024-11-06 23:00:00
CLP              2024-11-06 23:00:00
COAL-GEORDIE     2024-11-06 23:00:00
BOVESPA          2024-11-06 23:00:00
RUR              2024-11-06 23:00:00
MSCIEMASIA       2024-11-06 23:00:00
VNKI             2024-11-06 23:00:00
GAS-PEN*         2024-11-06 23:00:00
WHEY             2024-11-06 23:00:00
OMX              2024-11-06 23:00:00
CZK              2024-11-06 23:00:00
IRS              2024-11-06 23:00:00
CNH-onshore      2024-11-06 23:00:00
CHFJPY           2024-11-06 23:00:00
TWD-mini         2024-11-07 01:00:00
SGD_mini         2024-11-07 02:00:00
JGB-SGX-mini     2024-11-07 04:00:00
SPI200           2024-11-07 04:00:00
FTSEINDO         2024-11-07 04:00:00
JP-REALESTATE    2024-11-07 04:00:00
IRON             2024-11-07 04:00:00
JGB-mini         2024-11-07 04:00:00
SGD              2024-11-07 04:00:00
KRWUSD_mini      2024-11-07 05:00:00
MUMMY*           2024-11-07 05:00:00
KR10             2024-11-07 05:00:00
KOSPI_mini       2024-11-07 05:00:00
HANG_mini        2024-11-07 05:00:00
KOSPI            2024-11-07 05:00:00
KOSDAQ           2024-11-07 05:00:00
MSCISING*        2024-11-07 05:00:00
MSCITAIWAN*      2024-11-07 05:00:00
KR3              2024-11-07 05:00:00
HANGTECH         2024-11-07 05:00:00
JGB              2024-11-07 05:00:00
NIKKEI*          2024-11-07 05:00:00
FTSECHINAH       2024-11-07 05:00:00
HANG             2024-11-07 05:00:00
CHINAA-CON       2024-11-07 05:00:00
CNH              2024-11-07 05:00:00
FTSECHINAA       2024-11-07 05:00:00
TOPIX            2024-11-07 05:00:00
FTSETAIWAN       2024-11-07 05:00:00
HANGENT          2024-11-07 05:00:00
HANGENT_mini*    2024-11-07 05:00:00
NIKKEI400        2024-11-07 05:00:00
FTSEVIET         2024-11-07 05:00:00
RUBBER           2024-11-07 05:00:00
EURIBOR          2024-11-07 07:00:00
EUROSTX200-LARGE 2024-11-07 08:00:00
MSCIWORLD        2024-11-07 09:00:00
EUROSTX-SMALL    2024-11-07 10:00:00
NICKEL_LME       2024-11-07 13:00:00
AEX_mini         2024-11-07 14:00:00
GICS             2024-11-07 14:30:00
EUA              2024-11-07 15:00:00
FTSE250          2024-11-07 15:00:00
IBEX             2024-11-07 15:00:00
EU-UTILS         2024-11-07 15:00:00
IBEX_mini        2024-11-07 15:00:00
HEATOIL-ICE      2024-11-07 15:00:00
EUROSTX-LARGE    2024-11-07 15:00:00
EURIBOR-ICE      2024-11-07 15:00:00
GASOILINE_ICE    2024-11-07 15:00:00
FTSE100          2024-11-07 15:00:00
GILT             2024-11-07 15:00:00
DJSTX-SMALL      2024-11-07 15:00:00
EU-MEDIA         2024-11-07 15:00:00
ZINC_LME         2024-11-07 15:00:00
ALUMINIUM_LME    2024-11-07 15:00:00
WHEAT_ICE        2024-11-07 15:00:00
V2X              2024-11-07 15:00:00
BONO             2024-11-07 15:00:00
BRENT_W          2024-11-07 15:00:00
SUGAR_WHITE      2024-11-07 15:00:00
SONIA3           2024-11-07 15:00:00
CH10             2024-11-07 15:00:00
SARONA           2024-11-07 15:00:00
EU-MID           2024-11-07 15:00:00
COCOA_LDN        2024-11-07 15:00:00
COAL             2024-11-07 15:00:00
MIB*             2024-11-07 15:00:00
EU-HOUSE         2024-11-07 15:00:00
EU-DJ-UTIL       2024-11-07 15:00:00
EU-DJ-TELECOM    2024-11-07 15:00:00
EU-CONSTRUCTION  2024-11-07 15:00:00
KRWUSD           2024-11-07 15:00:00
LEAD_LME         2024-11-07 15:00:00
ROBUSTA          2024-11-07 15:00:00
GASOIL           2024-11-07 15:00:00
MSCIASIA         2024-11-07 15:00:00
CRUDE_ICE        2024-11-07 15:00:00
COPPER_LME       2024-11-07 15:00:00
MILLWHEAT*       2024-11-07 15:00:00
SMI-MID          2024-11-07 16:00:00
SMI              2024-11-07 16:00:00
SHATZ            2024-11-07 16:00:00
OAT              2024-11-07 16:00:00
AEX              2024-11-07 16:00:00
DAX              2024-11-07 16:00:00
EU-DJ-OIL        2024-11-07 16:00:00
EU-HEALTH        2024-11-07 16:00:00
EU-INSURE        2024-11-07 16:00:00
EU-OIL           2024-11-07 16:00:00
EU-REALESTATE    2024-11-07 16:00:00
EU-RETAIL        2024-11-07 16:00:00
EU-TECH          2024-11-07 16:00:00
EU-DIV30         2024-11-07 16:00:00
EU-CHEM          2024-11-07 16:00:00
EU-TRAVEL        2024-11-07 16:00:00
EU-BASIC*        2024-11-07 16:00:00
EU-BANKS         2024-11-07 16:00:00
EU-AUTO*         2024-11-07 16:00:00
EU-FOOD          2024-11-07 16:00:00
EURO600          2024-11-07 16:00:00
EU-DJ-TECH       2024-11-07 16:00:00
BTP              2024-11-07 16:00:00
CAC              2024-11-07 16:00:00
BUXL*            2024-11-07 16:00:00
BUND             2024-11-07 16:00:00
BTP3             2024-11-07 16:00:00
EUROSTX          2024-11-07 16:00:00
BOBL             2024-11-07 16:00:00
SUGAR11          2024-11-07 17:00:00
EURCAD           2024-11-07 17:00:00
ALUMINIUM        2024-11-07 17:00:00
COCOA            2024-11-07 18:00:00
BBCOMM           2024-11-07 18:00:00
PLN              2024-11-07 18:00:00
OJ               2024-11-07 18:00:00
COFFEE           2024-11-07 18:00:00
CORN*            2024-11-07 19:00:00
CORN_mini        2024-11-07 19:00:00
COTTON2*         2024-11-07 19:00:00
OATIES           2024-11-07 19:00:00
RICE             2024-11-07 19:00:00
GAS-LAST         2024-11-07 19:00:00
CRUDE_W_mini     2024-11-07 19:00:00
SILVER           2024-11-07 19:00:00
CAD5             2024-11-07 19:00:00
CAD10            2024-11-07 19:00:00
SOYBEAN          2024-11-07 19:00:00
SOYBEAN_mini     2024-11-07 19:00:00
SOYMEAL*         2024-11-07 19:00:00
SOYOIL           2024-11-07 19:00:00
BUTTER           2024-11-07 19:00:00
US-HEALTH        2024-11-07 19:00:00
WHEAT            2024-11-07 19:00:00
AUDJPY           2024-11-07 19:00:00
WHEAT_mini       2024-11-07 19:00:00
CHEESE           2024-11-07 19:00:00
CANOLA*          2024-11-07 19:00:00
REDWHEAT         2024-11-07 19:00:00
FEEDCOW          2024-11-07 19:00:00
LIVECOW          2024-11-07 19:00:00
GBPEUR           2024-11-07 19:00:00
GAS_US_mini*     2024-11-07 19:00:00
FANG             2024-11-07 19:00:00
ETHER-micro      2024-11-07 19:00:00
MILKDRY          2024-11-07 19:00:00
EURAUD           2024-11-07 19:00:00
LEANHOG*         2024-11-07 19:00:00
MILK             2024-11-07 19:00:00
GBPJPY           2024-11-07 19:00:00
MSCIEAFA         2024-11-07 20:00:00
US-REALESTATE    2024-11-07 20:00:00
US-MATERIAL      2024-11-07 20:00:00
US-INDUSTRY      2024-11-07 20:00:00
BRE              2024-11-07 20:00:00
BRENT-LAST       2024-11-07 20:00:00
US-DISCRETE      2024-11-07 20:00:00
GBP_micro        2024-11-07 20:00:00
EUR_mini         2024-11-07 20:00:00
GOLD             2024-11-07 20:00:00
GOLD-mini        2024-11-07 20:00:00
GOLD_micro*      2024-11-07 20:00:00
US-ENERGY        2024-11-07 20:00:00
US-STAPLES       2024-11-07 20:00:00
US10             2024-11-07 20:00:00
US-UTILS         2024-11-07 20:00:00
ZAR              2024-11-07 20:00:00
YENEUR*          2024-11-07 20:00:00
AUD              2024-11-07 20:00:00
GAS_US           2024-11-07 20:00:00
GBP              2024-11-07 20:00:00
AUD_micro        2024-11-07 20:00:00
VIX_mini         2024-11-07 20:00:00
BITCOIN*         2024-11-07 20:00:00
VIX*             2024-11-07 20:00:00
US5              2024-11-07 20:00:00
US30             2024-11-07 20:00:00
US3              2024-11-07 20:00:00
US20             2024-11-07 20:00:00
US2              2024-11-07 20:00:00
US10U            2024-11-07 20:00:00
DOW              2024-11-07 20:00:00
FED              2024-11-07 20:00:00
STEEL            2024-11-07 20:00:00
EUR_micro        2024-11-07 20:00:00
SP500_micro      2024-11-07 20:00:00
R1000            2024-11-07 20:00:00
LUMBER-new       2024-11-07 20:00:00
CAD              2024-11-07 20:00:00
PALLAD           2024-11-07 20:00:00
COPPER-micro     2024-11-07 20:00:00
ETHEREUM         2024-11-07 20:00:00
COPPER-mini      2024-11-07 20:00:00
GASOILINE        2024-11-07 20:00:00
NZD*             2024-11-07 20:00:00
DX               2024-11-07 20:00:00
NASDAQ_micro     2024-11-07 20:00:00
NASDAQ           2024-11-07 20:00:00
MXP*             2024-11-07 20:00:00
CRUDE_W          2024-11-07 20:00:00
CRUDE_W_micro*   2024-11-07 20:00:00
DOW_mini         2024-11-07 20:00:00
NOK              2024-11-07 20:00:00
COPPER           2024-11-07 20:00:00
PLAT*            2024-11-07 20:00:00
RUSSELL*         2024-11-07 20:00:00
SP500            2024-11-07 20:00:00
SP400            2024-11-07 20:00:00
JPY_mini         2024-11-07 20:00:00
HEATOIL          2024-11-07 20:00:00
HIGHYIELD        2024-11-07 20:00:00
SOFR             2024-11-07 20:00:00
CAD2             2024-11-07 20:00:00
EUR              2024-11-07 20:00:00
EURCHF           2024-11-07 20:00:00
CAD_micro        2024-11-07 20:00:00
INR              2024-11-07 20:00:00
JPY*             2024-11-07 20:00:00
CHF*             2024-11-07 20:00:00
SEK              2024-11-07 20:00:00
CHF_micro        2024-11-07 20:00:00
RUSSELL_mini     2024-11-07 20:00:00
IG               2024-11-07 20:00:00
JPYUSD           2024-11-07 23:00:00
CNHUSD           2024-11-07 23:00:00
AUDUSD           2024-11-07 23:00:00
KRWUSD           2024-11-07 23:00:00
CHFUSD           2024-11-07 23:00:00
GBPUSD           2024-11-07 23:00:00
MXPUSD           2024-11-07 23:00:00
SGDUSD           2024-11-07 23:00:00
HKDUSD           2024-11-07 23:00:00
CADUSD           2024-11-07 23:00:00
EURUSD           2024-11-07 23:00:00
SEKUSD           2024-11-07 23:00:00


============================================================
           Status of optimal position generation            
============================================================

                                                 last_update
dynamic_TF_carry/SOYBEAN_mini     2024-11-07 22:31:29.151060
dynamic_TF_carry/STEEL            2024-11-07 22:31:29.151286
dynamic_TF_carry/BOVESPA          2024-11-07 22:31:29.151506
dynamic_TF_carry/CAD2             2024-11-07 22:31:29.151718
dynamic_TF_carry/WHEAT_ICE        2024-11-07 22:31:29.151927
dynamic_TF_carry/ROBUSTA          2024-11-07 22:31:29.152136
dynamic_TF_carry/FTSECHINAH       2024-11-07 22:31:29.152343
dynamic_TF_carry/COPPER_LME       2024-11-07 22:31:29.152552
dynamic_TF_carry/ALUMINIUM        2024-11-07 22:31:29.152761
dynamic_TF_carry/NIKKEI400        2024-11-07 22:31:29.152970
dynamic_TF_carry/US10             2024-11-07 22:31:29.153177
dynamic_TF_carry/KRWUSD_mini      2024-11-07 22:31:29.153386
dynamic_TF_carry/PLAT             2024-11-07 22:31:29.153593
dynamic_TF_carry/DX               2024-11-07 22:31:29.153800
dynamic_TF_carry/COCOA_LDN        2024-11-07 22:31:29.154007
dynamic_TF_carry/COTTON2          2024-11-07 22:31:29.154214
dynamic_TF_carry/PLN              2024-11-07 22:31:29.154422
dynamic_TF_carry/US-HEALTH        2024-11-07 22:31:29.154628
dynamic_TF_carry/OMX              2024-11-07 22:31:29.154837
dynamic_TF_carry/EURO600          2024-11-07 22:31:29.155044
dynamic_TF_carry/EURIBOR-ICE      2024-11-07 22:31:29.155251
dynamic_TF_carry/TWD              2024-11-07 22:31:29.155458
dynamic_TF_carry/EU-UTILS         2024-11-07 22:31:29.155671
dynamic_TF_carry/HOUSE-US         2024-11-07 22:31:29.155880
dynamic_TF_carry/US30             2024-11-07 22:31:29.156087
dynamic_TF_carry/EU-OIL           2024-11-07 22:31:29.156295
dynamic_TF_carry/GILT             2024-11-07 22:31:29.156503
dynamic_TF_carry/NICKEL_LME       2024-11-07 22:31:29.156711
dynamic_TF_carry/CAC              2024-11-07 22:31:29.156919
dynamic_TF_carry/MILLWHEAT        2024-11-07 22:31:29.157127
dynamic_TF_carry/RUR              2024-11-07 22:31:29.157335
dynamic_TF_carry/US-DISCRETE      2024-11-07 22:31:29.157543
dynamic_TF_carry/BRENT-LAST       2024-11-07 22:31:29.157750
dynamic_TF_carry/CHFJPY           2024-11-07 22:31:29.157958
dynamic_TF_carry/DAX              2024-11-07 22:31:29.158167
dynamic_TF_carry/AUD              2024-11-07 22:31:29.158374
dynamic_TF_carry/SOFR             2024-11-07 22:31:29.158581
dynamic_TF_carry/KOSPI_mini       2024-11-07 22:31:29.158789
dynamic_TF_carry/EU-CONSTRUCTION  2024-11-07 22:31:29.158996
dynamic_TF_carry/REDWHEAT         2024-11-07 22:31:29.159203
dynamic_TF_carry/EURCAD           2024-11-07 22:31:29.159411
dynamic_TF_carry/SOYBEAN          2024-11-07 22:31:29.159620
dynamic_TF_carry/EU-MID           2024-11-07 22:31:29.159829
dynamic_TF_carry/AUDJPY           2024-11-07 22:31:29.160037
dynamic_TF_carry/EUR_micro        2024-11-07 22:31:29.160244
dynamic_TF_carry/SP500_micro      2024-11-07 22:31:29.160451
dynamic_TF_carry/US-PROPERTY      2024-11-07 22:31:29.160659
dynamic_TF_carry/NOK              2024-11-07 22:31:29.160866
dynamic_TF_carry/VNKI             2024-11-07 22:31:29.161075
dynamic_TF_carry/WHEAT            2024-11-07 22:31:29.161282
dynamic_TF_carry/CANOLA           2024-11-07 22:31:29.161489
dynamic_TF_carry/CHEESE           2024-11-07 22:31:29.161698
dynamic_TF_carry/FTSE100          2024-11-07 22:31:29.161905
dynamic_TF_carry/FEEDCOW          2024-11-07 22:31:29.162113
dynamic_TF_carry/LEAD_LME         2024-11-07 22:31:29.162322
dynamic_TF_carry/US2              2024-11-07 22:31:29.162529
dynamic_TF_carry/LUMBER-new       2024-11-07 22:31:29.162737
dynamic_TF_carry/KR10             2024-11-07 22:31:29.162945
dynamic_TF_carry/MIB              2024-11-07 22:31:29.163153
dynamic_TF_carry/SOYMEAL          2024-11-07 22:31:29.163362
dynamic_TF_carry/SMI-MID          2024-11-07 22:31:29.163572
dynamic_TF_carry/EU-REALESTATE    2024-11-07 22:31:29.163780
dynamic_TF_carry/CH10             2024-11-07 22:31:29.163987
dynamic_TF_carry/SUGAR11          2024-11-07 22:31:29.164195
dynamic_TF_carry/GOLD_micro       2024-11-07 22:31:29.164404
dynamic_TF_carry/PALLAD           2024-11-07 22:31:29.164612
dynamic_TF_carry/ETHEREUM         2024-11-07 22:31:29.164821
dynamic_TF_carry/KR3              2024-11-07 22:31:29.165029
dynamic_TF_carry/BTP3             2024-11-07 22:31:29.165237
dynamic_TF_carry/EUROSTX-SMALL    2024-11-07 22:31:29.165444
dynamic_TF_carry/SMI              2024-11-07 22:31:29.165652
dynamic_TF_carry/SGD              2024-11-07 22:31:29.165860
dynamic_TF_carry/LIVECOW          2024-11-07 22:31:29.166069
dynamic_TF_carry/LEANHOG          2024-11-07 22:31:29.166276
dynamic_TF_carry/BUND             2024-11-07 22:31:29.166486
dynamic_TF_carry/EU-INSURE        2024-11-07 22:31:29.166694
dynamic_TF_carry/CHINAA-CON       2024-11-07 22:31:29.166903
dynamic_TF_carry/CRUDE_W_mini     2024-11-07 22:31:29.167112
dynamic_TF_carry/EU-FOOD          2024-11-07 22:31:29.167322
dynamic_TF_carry/EUR              2024-11-07 22:31:29.167534
dynamic_TF_carry/FTSEINDO         2024-11-07 22:31:29.167742
dynamic_TF_carry/GBPEUR           2024-11-07 22:31:29.167950
dynamic_TF_carry/KRWUSD           2024-11-07 22:31:29.168159
dynamic_TF_carry/HANGTECH         2024-11-07 22:31:29.168367
dynamic_TF_carry/EU-TRAVEL        2024-11-07 22:31:29.168575
dynamic_TF_carry/MILKWET          2024-11-07 22:31:29.168783
dynamic_TF_carry/EU-HEALTH        2024-11-07 22:31:29.168991
dynamic_TF_carry/US10U            2024-11-07 22:31:29.169200
dynamic_TF_carry/COTTON           2024-11-07 22:31:29.169408
dynamic_TF_carry/US5              2024-11-07 22:31:29.169617
dynamic_TF_carry/NIKKEI           2024-11-07 22:31:29.169825
dynamic_TF_carry/US-ENERGY        2024-11-07 22:31:29.170034
dynamic_TF_carry/EPRA-EUROPE      2024-11-07 22:31:29.170242
dynamic_TF_carry/EU-CHEM          2024-11-07 22:31:29.170451
dynamic_TF_carry/BUTTER           2024-11-07 22:31:29.170658
dynamic_TF_carry/HANGENT_mini     2024-11-07 22:31:29.170867
dynamic_TF_carry/CLP              2024-11-07 22:31:29.171074
dynamic_TF_carry/EUROSTX200-LARGE 2024-11-07 22:31:29.171282
dynamic_TF_carry/CAD10            2024-11-07 22:31:29.171489
dynamic_TF_carry/EU-DIV30         2024-11-07 22:31:29.171699
dynamic_TF_carry/BITCOIN          2024-11-07 22:31:29.171907
dynamic_TF_carry/COFFEE           2024-11-07 22:31:29.172114
dynamic_TF_carry/EU-RETAIL        2024-11-07 22:31:29.172323
dynamic_TF_carry/US-MATERIAL      2024-11-07 22:31:29.172530
dynamic_TF_carry/ETHANOL          2024-11-07 22:31:29.172738
dynamic_TF_carry/JP-REALESTATE    2024-11-07 22:31:29.172945
dynamic_TF_carry/GICS             2024-11-07 22:31:29.173152
dynamic_TF_carry/SUGAR_WHITE      2024-11-07 22:31:29.173569
dynamic_TF_carry/US3              2024-11-07 22:31:29.173777
dynamic_TF_carry/IRON             2024-11-07 22:31:29.173986
dynamic_TF_carry/RICE             2024-11-07 22:31:29.174193
dynamic_TF_carry/SGX              2024-11-07 22:31:29.174402
dynamic_TF_carry/EU-BANKS         2024-11-07 22:31:29.174610
dynamic_TF_carry/EU-HOUSE         2024-11-07 22:31:29.174818
dynamic_TF_carry/EUROSTX          2024-11-07 22:31:29.175025
dynamic_TF_carry/BBCOMM           2024-11-07 22:31:29.175234
dynamic_TF_carry/NASDAQ_micro     2024-11-07 22:31:29.175442
dynamic_TF_carry/COCOA            2024-11-07 22:31:29.175655
dynamic_TF_carry/RUSSELL          2024-11-07 22:31:29.175864
dynamic_TF_carry/MILK             2024-11-07 22:31:29.176071
dynamic_TF_carry/CORN             2024-11-07 22:31:29.176280
dynamic_TF_carry/V2X              2024-11-07 22:31:29.176487
dynamic_TF_carry/BRENT_W          2024-11-07 22:31:29.176695
dynamic_TF_carry/GAS-PEN          2024-11-07 22:31:29.176903
dynamic_TF_carry/BOBL             2024-11-07 22:31:29.177110
dynamic_TF_carry/SOYOIL           2024-11-07 22:31:29.177317
dynamic_TF_carry/KOSPI            2024-11-07 22:31:29.177526
dynamic_TF_carry/SONIA3           2024-11-07 22:31:29.177733
dynamic_TF_carry/EUROSTX-LARGE    2024-11-07 22:31:29.177940
dynamic_TF_carry/R1000            2024-11-07 22:31:29.178148
dynamic_TF_carry/BUXL             2024-11-07 22:31:29.178355
dynamic_TF_carry/COAL-GEORDIE     2024-11-07 22:31:29.178563
dynamic_TF_carry/FTSE250          2024-11-07 22:31:29.178771
dynamic_TF_carry/BRE              2024-11-07 22:31:29.178978
dynamic_TF_carry/EU-DJ-TELECOM    2024-11-07 22:31:29.179185
dynamic_TF_carry/SEK              2024-11-07 22:31:29.179393
dynamic_TF_carry/NZD              2024-11-07 22:31:29.179604
dynamic_TF_carry/YENEUR           2024-11-07 22:31:29.179813
dynamic_TF_carry/INR              2024-11-07 22:31:29.180022
dynamic_TF_carry/RUBBER           2024-11-07 22:31:29.180230
dynamic_TF_carry/GBP              2024-11-07 22:31:29.180645
dynamic_TF_carry/EURAUD           2024-11-07 22:31:29.180854
dynamic_TF_carry/MSCISING         2024-11-07 22:31:29.181062
dynamic_TF_carry/MILKDRY          2024-11-07 22:31:29.181270
dynamic_TF_carry/MXP              2024-11-07 22:31:29.181478
dynamic_TF_carry/US-FINANCE       2024-11-07 22:31:29.181686
dynamic_TF_carry/SUGAR16          2024-11-07 22:31:29.181896
dynamic_TF_carry/EUA              2024-11-07 22:31:29.182104
dynamic_TF_carry/FTSEVIET         2024-11-07 22:31:29.182313
dynamic_TF_carry/US-UTILS         2024-11-07 22:31:29.182521
dynamic_TF_carry/CNH              2024-11-07 22:31:29.182729
dynamic_TF_carry/US20             2024-11-07 22:31:29.182937
dynamic_TF_carry/CRUDE_ICE        2024-11-07 22:31:29.183145
dynamic_TF_carry/BONO             2024-11-07 22:31:29.183354
dynamic_TF_carry/GBPJPY           2024-11-07 22:31:29.183565
dynamic_TF_carry/US-INDUSTRY      2024-11-07 22:31:29.183981
dynamic_TF_carry/MSCIASIA         2024-11-07 22:31:29.184188
dynamic_TF_carry/CAD              2024-11-07 22:31:29.184396
dynamic_TF_carry/MSCITAIWAN       2024-11-07 22:31:29.184604
dynamic_TF_carry/SWISSLEAD        2024-11-07 22:31:29.184811
dynamic_TF_carry/HANG_mini        2024-11-07 22:31:29.185019
dynamic_TF_carry/GAS_US_mini      2024-11-07 22:31:29.185227
dynamic_TF_carry/TOPIX            2024-11-07 22:31:29.185435
dynamic_TF_carry/COPPER-micro     2024-11-07 22:31:29.185642
dynamic_TF_carry/COAL             2024-11-07 22:31:29.185849
dynamic_TF_carry/EURIBOR          2024-11-07 22:31:29.186057
dynamic_TF_carry/MSCIEAFA         2024-11-07 22:31:29.186267
dynamic_TF_carry/IG               2024-11-07 22:31:29.186475
dynamic_TF_carry/US-REALESTATE    2024-11-07 22:31:29.186683
dynamic_TF_carry/SPI200           2024-11-07 22:31:29.187101
dynamic_TF_carry/BTP              2024-11-07 22:31:29.187310
dynamic_TF_carry/AEX              2024-11-07 22:31:29.187732
dynamic_TF_carry/GASOILINE        2024-11-07 22:31:29.187940
dynamic_TF_carry/OATIES           2024-11-07 22:31:29.188148
dynamic_TF_carry/JGB              2024-11-07 22:31:29.188357
dynamic_TF_carry/SHATZ            2024-11-07 22:31:29.188564
dynamic_TF_carry/MUMMY            2024-11-07 22:31:29.188771
dynamic_TF_carry/BB3M             2024-11-07 22:31:29.188980
dynamic_TF_carry/IRS              2024-11-07 22:31:29.189187
dynamic_TF_carry/VIX              2024-11-07 22:31:29.189394
dynamic_TF_carry/EURCHF           2024-11-07 22:31:29.189602
dynamic_TF_carry/US-TECH          2024-11-07 22:31:29.189809
dynamic_TF_carry/CZK              2024-11-07 22:31:29.190017
dynamic_TF_carry/EU-AUTO          2024-11-07 22:31:29.190225
dynamic_TF_carry/KOSDAQ           2024-11-07 22:31:29.190432
dynamic_TF_carry/FTSECHINAA       2024-11-07 22:31:29.190846
dynamic_TF_carry/HEATOIL          2024-11-07 22:31:29.191055
dynamic_TF_carry/EU-MEDIA         2024-11-07 22:31:29.191264
dynamic_TF_carry/ZINC_LME         2024-11-07 22:31:29.191470
dynamic_TF_carry/EU-DJ-UTIL       2024-11-07 22:31:29.191682
dynamic_TF_carry/SP400            2024-11-07 22:31:29.191891
dynamic_TF_carry/AUD_micro        2024-11-07 22:31:29.192099
dynamic_TF_carry/WHEY             2024-11-07 22:31:29.192307
dynamic_TF_carry/EU-TECH          2024-11-07 22:31:29.192515
dynamic_TF_carry/FANG             2024-11-07 22:31:29.192723
dynamic_TF_carry/EU-BASIC         2024-11-07 22:31:29.192932
dynamic_TF_carry/IBEX_mini        2024-11-07 22:31:29.193143
dynamic_TF_carry/JPY              2024-11-07 22:31:29.193352
dynamic_TF_carry/GAS-LAST         2024-11-07 22:31:29.193561
dynamic_TF_carry/CAD5             2024-11-07 22:31:29.193769
dynamic_TF_carry/DJSTX-SMALL      2024-11-07 22:31:29.193977
dynamic_TF_carry/MSCIWORLD        2024-11-07 22:31:29.194184
dynamic_TF_carry/FTSETAIWAN       2024-11-07 22:31:29.194392
dynamic_TF_carry/GASOIL           2024-11-07 22:31:29.194600
dynamic_TF_carry/JGB-SGX-mini     2024-11-07 22:31:29.195018
dynamic_TF_carry/TIN_LME          2024-11-07 22:31:29.195228
dynamic_TF_carry/OAT              2024-11-07 22:31:29.195436
dynamic_TF_carry/HIGHYIELD        2024-11-07 22:31:29.195648
dynamic_TF_carry/ZAR              2024-11-07 22:31:29.195857
dynamic_TF_carry/COPPER           2024-11-07 22:31:29.196067
dynamic_TF_carry/SILVER           2024-11-07 22:31:29.196276
dynamic_TF_carry/FED              2024-11-07 22:31:29.196485
dynamic_TF_carry/DOW              2024-11-07 22:31:29.196692
dynamic_TF_carry/SARONA           2024-11-07 22:31:29.196900
dynamic_TF_carry/CRUDE_W_micro    2024-11-07 22:31:29.197108
dynamic_TF_carry/US-STAPLES       2024-11-07 22:31:29.197316
dynamic_TF_carry/OJ               2024-11-07 22:31:29.197525
dynamic_TF_carry/CHF              2024-11-07 22:31:29.197734
dynamic_TF_carry/GBPCHF           2024-11-07 22:31:29.197942
dynamic_TF_carry/MSCIEMASIA       2024-11-07 22:31:29.198150


======================================================================================================================
                                                Status of trade limits                                                
======================================================================================================================

                   period_days  trade_limit  trades_since_last_reset  trade_capacity_remaining   time_since_last_reset
 BUND                       30            4                      1.0                       3.0 15 days 14:56:40.012669
 SMI                        30            4                      1.0                       3.0 20 days 14:56:42.045543
 CORN                        1            4                      0.0                       4.0  0 days 00:00:00.000003
 EU-MEDIA                    1            4                      0.0                       4.0  0 days 00:00:00.000002
 EU-HOUSE                    1            4                      0.0                       4.0  0 days 00:00:00.000002
 EU-DJ-UTIL                  1            4                      0.0                       4.0  0 days 00:00:00.000001
 EU-DJ-TELECOM               1            4                      0.0                       4.0  0 days 00:00:00.000001
 EU-DJ-TECH                  1            4                      0.0                       4.0  0 days 00:00:00.000002
 EU-DJ-OIL                   1            4                      0.0                       4.0  0 days 00:00:00.000002
 EU-CONSTRUCTION             1            4                      0.0                       4.0  0 days 00:00:00.000001
 ETHANOL                     1            4                      0.0                       4.0  0 days 00:00:00.000002
 CZK                         1            4                      0.0                       4.0  0 days 00:00:00.000002
 COTTON                      1            4                      0.0                       4.0  0 days 00:00:00.000001
 COPPER-mini                 1            4                      0.0                       4.0  0 days 00:00:00.000002
 CNH-onshore                 1            4                      0.0                       4.0  0 days 00:00:00.000002
 CLP                         1            4                      0.0                       4.0  0 days 00:00:00.000001
 CH10                        1            4                      0.0                       4.0  0 days 00:00:00.000002
 BUTTER                      1            4                      0.0                       4.0  0 days 00:00:00.000002
 BOVESPA                     1            4                      0.0                       4.0  0 days 00:00:00.000001
 BEL20                       1            4                      0.0                       4.0  0 days 00:00:00.000002
 ALUMINIUM                   1            4                      0.0                       4.0  0 days 00:00:00.000002
 YENEUR                     30            4                      0.0                       4.0  0 days 00:00:00.000002
 EU-MID                      1            4                      0.0                       4.0  0 days 00:00:00.000001
 EU-REALESTATE               1            4                      0.0                       4.0  0 days 00:00:00.000002
 EURCHF                      1            4                      0.0                       4.0  0 days 00:00:00.000002
 EURIBOR                     1            4                      0.0                       4.0  0 days 00:00:00.000002
 US-INDUSTRY                 1            4                      0.0                       4.0  0 days 00:00:00.000002
 US-HEALTH                   1            4                      0.0                       4.0  0 days 00:00:00.000001
 US-FINANCE                  1            4                      0.0                       4.0  0 days 00:00:00.000001
 US-ENERGY                   1            4                      0.0                       4.0  0 days 00:00:00.000002
 US-DISCRETE                 1            4                      0.0                       4.0  0 days 00:00:00.000002
 SMI-MID                     1            4                      0.0                       4.0  0 days 00:00:00.000002
 SGX                         1            4                      0.0                       4.0  0 days 00:00:00.000002
 SGD                         1            4                      0.0                       4.0  0 days 00:00:00.000001
 OMX                         1            4                      0.0                       4.0  0 days 00:00:00.000002
 US30                       30            4                      0.0                       4.0  0 days 00:00:00.000001
 MSCIASIA                    1            4                      0.0                       4.0  0 days 00:00:00.000002
 MILKDRY                     1            4                      0.0                       4.0  0 days 00:00:00.000002
 MID-DAX                     1            4                      0.0                       4.0  0 days 00:00:00.000001
 JP-REALESTATE               1            4                      0.0                       4.0  0 days 00:00:00.000002
 JGB-SGX-mini                1            4                      0.0                       4.0  0 days 00:00:00.000001
 IRS                         1            4                      0.0                       4.0  0 days 00:00:00.000002
 FTSEINDO                    1            4                      0.0                       4.0  0 days 00:00:00.000002
 EUROSTX200-LARGE            1            4                      0.0                       4.0  0 days 00:00:00.000002
 EUROSTX-SMALL               1            4                      0.0                       4.0  0 days 00:00:00.000002
 EUROSTX-LARGE               1            4                      0.0                       4.0  0 days 00:00:00.000001
 MILKWET                     1            4                      0.0                       4.0  0 days 00:00:00.000002
 US3                        30            4                      0.0                       4.0  0 days 00:00:00.000001
 US10U                      30            4                      0.0                       4.0  0 days 00:00:00.000001
 SP400                      30            4                      0.0                       4.0  0 days 00:00:00.000002
 JGB                        14            4                      0.0                       4.0  0 days 00:00:00.000002
 HEATOIL                    14            4                      0.0                       4.0  0 days 00:00:00.000002
 GBPEUR                     14            4                      0.0                       4.0  0 days 00:00:00.000002
 GAS-LAST                   14            4                      0.0                       4.0  0 days 00:00:00.000002
 FTSETAIWAN                 14            4                      0.0                       4.0  0 days 00:00:00.000001
 EU-TECH                    14            4                      0.0                       4.0  0 days 00:00:00.000002
 EU-CHEM                    14            4                      0.0                       4.0  0 days 00:00:00.000002
 ETHEREUM                   14            4                      0.0                       4.0  0 days 00:00:00.000002
 CNH                        14            4                      0.0                       4.0  0 days 00:00:00.000002
 BUXL                       14            4                      0.0                       4.0  6 days 14:56:42.646441
 BTP3                       14            4                      0.0                       4.0  0 days 00:00:00.000001
 BRENT-LAST                 14            4                      0.0                       4.0  0 days 00:00:00.000001
 BONO                       14            4                      0.0                       4.0  0 days 00:00:00.000001
 YENEUR                      1            4                      0.0                       4.0  0 days 00:00:00.000002
 US3                         1            4                      0.0                       4.0  0 days 00:00:00.000002
 US10U                       1            4                      0.0                       4.0  0 days 00:00:00.000002
 US-REALESTATE               1            4                      0.0                       4.0  0 days 00:00:00.000001
 TOPIX                       1            4                      0.0                       4.0  0 days 00:00:00.000002
 SP400                       1            4                      0.0                       4.0  0 days 00:00:00.000002
 KRWUSD                     14            4                      0.0                       4.0  0 days 00:00:00.000001
 ZAR                         1            4                      0.0                       4.0  0 days 00:00:00.000002
 NOK                        14            4                      0.0                       4.0  0 days 00:00:00.000001
 R1000                      14            4                      0.0                       4.0  0 days 00:00:00.000002
 SEK                        30            4                      0.0                       4.0  0 days 00:00:00.000002
 NOK                        30            4                      0.0                       4.0  0 days 00:00:00.000002
 JGB                        30            4                      0.0                       4.0  0 days 00:00:00.000001
 HEATOIL                    30            4                      0.0                       4.0  0 days 00:00:00.000002
 GBPEUR                     30            4                      0.0                       4.0  0 days 00:00:00.000002
 GASOILINE                  30            4                      0.0                       4.0  0 days 00:00:00.000002
 GAS-LAST                   30            4                      0.0                       4.0  0 days 00:00:00.000002
 ETHEREUM                   30            4                      0.0                       4.0  0 days 00:00:00.000002
 CHF                        30            4                      0.0                       4.0 15 days 07:56:33.688720
 US-MATERIAL                 1            4                      0.0                       4.0  0 days 00:00:00.000002
 BUXL                       30            4                      0.0                       4.0  6 days 14:56:42.645707
 BRENT-LAST                 30            4                      0.0                       4.0  0 days 00:00:00.000002
