
********************************************************************************
                   Status report produced on 03/03/2026 22:58                   
********************************************************************************


Delayed methods: No delays

=============================
Delayed adjusted / FX prices 
=============================

                  last_update
HIGHYIELD 2026-02-27 15:00:01
IG        2026-02-27 20:00:01


===============================================
           Delayed optimal positions           
===============================================

                                    last_update
dynamic_TF_carry/SGX 2024-12-02 22:31:28.544775


==========================================================================================================
                                        Instruments at trade limit                                        
==========================================================================================================

       period_days  trade_limit  trades_since_last_reset  trade_capacity_remaining   time_since_last_reset
 BUND           30            4                      4.0                       0.0 25 days 14:58:06.135717


================================================
         Instruments at position limit          
================================================

                 keys  position pos_limit  spare
244         EU-RETAIL         0       0.0    0.0
57         BRENT-LAST         1       1.0    0.0
142            AUDJPY         0       0.0    0.0
153               SEK         0       0.0    0.0
50        EPRA-EUROPE         0       0.0    0.0
49        HEATOIL-ICE         0       0.0    0.0
161            EURCHF         0       0.0    0.0
58          EU-TRAVEL         0       0.0    0.0
47           JPY_mini         0       0.0    0.0
166            PALLAD         0       0.0    0.0
93            EU-CHEM         0       0.0    0.0
43              COCOA        -1       1.0    0.0
42         EU-DJ-TECH         0       0.0    0.0
170   EU-CONSTRUCTION         0       0.0    0.0
39             BUTTER         0       0.0    0.0
162       CNH-onshore         0       0.0    0.0
141          EU-HOUSE         0       0.0    0.0
136          AEX_mini         0       0.0    0.0
132               CZK         0       0.0    0.0
98         COPPER_LME         0       0.0    0.0
103           SMI-MID         0       0.0    0.0
82             GBPJPY         0       0.0    0.0
108             CAD10         5       5.0    0.0
79        COPPER-mini         0       0.0    0.0
110  EUROSTX200-LARGE         0       0.0    0.0
118               TWD         0       0.0    0.0
73               VNKI         0       0.0    0.0
119              GICS         0       0.0    0.0
121           TIN_LME         0       0.0    0.0
70               CH10         0       0.0    0.0
68              SP400         0       0.0    0.0
67       COAL-GEORDIE         0       0.0    0.0
128             STEEL         0       0.0    0.0
63                PLN         0       0.0    0.0
180         HIGHYIELD         0       0.0    0.0
182          EU-MEDIA         0       0.0    0.0
169               NOK         0       0.0    0.0
184               AEX         1       1.0    0.0
211            KRWUSD         0       0.0    0.0
18                CLP         0       0.0    0.0
17               BUXL         1       1.0    0.0
183          SGD_mini         0       0.0    0.0
214         CHF_micro         0       0.0    0.0
218           BOVESPA         0       0.0    0.0
207              WHEY         0       0.0    0.0
11                MIB         1       1.0    0.0
235     EU-DJ-TELECOM         0       0.0    0.0
7             MILKWET         0       0.0    0.0
237               OMX         0       0.0    0.0
238               IRS         0       0.0    0.0
239         SWISSLEAD         0       0.0    0.0
3            JGB-mini         0       0.0    0.0
226            EURCAD         0       0.0    0.0
206          TWD-mini         0       0.0    0.0
212             R1000         0       0.0    0.0
29                SGX         0       0.0    0.0
33             COTTON         0       0.0    0.0
186            NASDAQ         0       0.0    0.0
31             EURAUD         0       0.0    0.0
187              COAL         0       0.0    0.0
28           HOUSE-US         0       0.0    0.0
194               JGB         0       0.0    0.0
26            MILKDRY         0       0.0    0.0
88      EUROSTX-LARGE         0       0.0    0.0
24    GASOILINE_micro         0       0.0    0.0
202            CHFJPY         0       0.0    0.0
201          ETHEREUM         0       0.0    0.0
195                IG         0       0.0    0.0


=========================================================
         Overrides in database consider deleting         
=========================================================

                                                 override
NICKEL_LME             Override Close because in database
COAL             Override Reduce only because in database
SILVER           Override Reduce only because in database
VNKI             Override Reduce only because in database
FTSE100          Override Reduce only because in database
JGB-mini         Override Reduce only because in database
JGB-SGX-mini     Override Reduce only because in database
SPI200           Override Reduce only because in database
GOLD-mini        Override Reduce only because in database
JGB              Override Reduce only because in database
OATIES           Override Reduce only because in database
STEEL            Override Reduce only because in database
BONO             Override Reduce only because in database
CH10             Override Reduce only because in database
GASOILINE_micro  Override Reduce only because in database
VIX_mini         Override Reduce only because in database
GAS_US_mini      Override Reduce only because in database
IRS              Override Reduce only because in database
NZD              Override Reduce only because in database
JP-REALESTATE    Override Reduce only because in database
MUMMY            Override Reduce only because in database
GICS             Override Reduce only because in database
SGD              Override Reduce only because in database
KRWUSD           Override Reduce only because in database
TOPIX            Override Reduce only because in database
PLN              Override Reduce only because in database
NIKKEI400        Override Reduce only because in database
CZK              Override Reduce only because in database
EURCAD           Override Reduce only because in database
AUD              Override Reduce only because in database
CHF_micro        Override Reduce only because in database
NOK              Override Reduce only because in database
R1000            Override Reduce only because in database
AUD_micro        Override Reduce only because in database
IBEX_mini        Override Reduce only because in database
GBP_micro        Override Reduce only because in database
EU-CHEM          Override Reduce only because in database
EU-INSURE        Override Reduce only because in database
KOSDAQ           Override Reduce only because in database
IBEX             Override Reduce only because in database
AUDJPY           Override Reduce only because in database
EUR_mini         Override Reduce only because in database
RICE             Override Reduce only because in database
EUR              Override Reduce only because in database
KOSPI_mini       Override Reduce only because in database
KOSPI            Override Reduce only because in database
GBPCHF           Override Reduce only because in database
MXP              Override Reduce only because in database
YENEUR           Override Reduce only because in database
CHFJPY           Override Reduce only because in database
CNH-onshore      Override Reduce only because in database
GBP              Override Reduce only because in database
CRUDE_W_mini     Override Reduce only because in database
SEK              Override Reduce only because in database
OMX              Override Reduce only because in database
GBPEUR           Override Reduce only because in database
GBPJPY           Override Reduce only because in database
EURAUD           Override Reduce only because in database
TWD-mini         Override Reduce only because in database
JPY_mini         Override Reduce only because in database
EURCHF           Override Reduce only because in database
EU-BANKS         Override Reduce only because in database
EU-CONSTRUCTION  Override Reduce only because in database
ZAR              Override Reduce only because in database

Locked instruments (position mismatch): []

==============================================
Status of adjusted price / FX price collection
==============================================

                         last_update
HIGHYIELD        2026-02-27 15:00:01
IG               2026-02-27 20:00:01
SGX              2026-03-02 23:00:00
SGD_mini         2026-03-02 23:00:00
SGD              2026-03-02 23:00:00
GICS             2026-03-02 23:00:00
OMX              2026-03-02 23:00:00
CLP              2026-03-02 23:00:00
COAL-GEORDIE     2026-03-02 23:00:00
COTTON           2026-03-02 23:00:00
MSCIEMASIA       2026-03-02 23:00:00
CZK              2026-03-02 23:00:00
HOUSE-US         2026-03-02 23:00:00
EPRA-EUROPE      2026-03-02 23:00:00
IRS              2026-03-02 23:00:00
GASOILINE_micro  2026-03-02 23:00:00
SUGAR16          2026-03-02 23:00:00
CNH-onshore      2026-03-02 23:00:00
SWISSLEAD        2026-03-02 23:00:00
TIN_LME          2026-03-02 23:00:00
BOVESPA          2026-03-02 23:00:00
TWD              2026-03-02 23:00:00
JGB-mini         2026-03-03 01:00:00
TWD-mini         2026-03-03 01:00:00
SPI200           2026-03-03 04:00:00
FTSEVIET         2026-03-03 04:00:00
VNKI             2026-03-03 04:00:00
JP-REALESTATE    2026-03-03 04:00:00
FTSEINDO         2026-03-03 04:00:00
KRWUSD_mini      2026-03-03 04:00:00
HANG_mini        2026-03-03 05:00:00
FTSETAIWAN       2026-03-03 05:00:00
FTSECHINAH       2026-03-03 05:00:00
KR10*            2026-03-03 05:00:00
MSCISING         2026-03-03 05:00:00
FTSECHINAA*      2026-03-03 05:00:00
KOSPI_mini       2026-03-03 05:00:00
KOSPI            2026-03-03 05:00:00
KOSDAQ           2026-03-03 05:00:00
JGB-SGX-mini     2026-03-03 05:00:00
JGB              2026-03-03 05:00:00
KR3              2026-03-03 05:00:00
MSCITAIWAN       2026-03-03 05:00:00
HANGTECH*        2026-03-03 05:00:00
IRON             2026-03-03 05:00:00
MUMMY*           2026-03-03 05:00:00
HANGENT          2026-03-03 05:00:00
NIKKEI           2026-03-03 05:00:00
HANG             2026-03-03 05:00:00
NIKKEI400        2026-03-03 05:00:00
RUBBER           2026-03-03 05:00:00
TOPIX            2026-03-03 05:00:00
CNH              2026-03-03 05:00:00
CHINAA-CON       2026-03-03 05:00:00
HANGENT_mini     2026-03-03 05:00:00
EU-DJ-TELECOM    2026-03-03 10:00:00
SMI-MID          2026-03-03 11:00:00
EUROSTX200-LARGE 2026-03-03 11:00:00
AEX_mini         2026-03-03 11:00:00
EURIBOR          2026-03-03 14:00:00
IBEX             2026-03-03 15:00:00
IBEX_mini        2026-03-03 15:00:00
EURIBOR-ICE      2026-03-03 15:00:00
EUROSTX-LARGE    2026-03-03 15:00:00
GBPCHF           2026-03-03 15:00:00
GBPJPY           2026-03-03 15:00:00
GILT             2026-03-03 15:00:00
EUA              2026-03-03 15:00:00
HEATOIL-ICE      2026-03-03 15:00:00
EU-OIL           2026-03-03 15:00:00
GASOIL           2026-03-03 15:00:00
EU-RETAIL        2026-03-03 15:00:00
MSCIASIA         2026-03-03 15:00:00
EU-DJ-OIL        2026-03-03 15:00:00
ZINC_LME         2026-03-03 15:00:00
ALUMINIUM_LME    2026-03-03 15:00:00
WHEY             2026-03-03 15:00:00
WHEAT_ICE        2026-03-03 15:00:00
BONO             2026-03-03 15:00:00
BRENT_W          2026-03-03 15:00:00
SONIA3           2026-03-03 15:00:00
EU-DJ-TECH       2026-03-03 15:00:00
CH10             2026-03-03 15:00:00
ROBUSTA          2026-03-03 15:00:00
SARONA           2026-03-03 15:00:00
COAL             2026-03-03 15:00:00
LEAD_LME         2026-03-03 15:00:00
MIB*             2026-03-03 15:00:00
MILLWHEAT        2026-03-03 15:00:00
FTSE100          2026-03-03 15:00:00
CRUDE_ICE        2026-03-03 15:00:00
COPPER_LME       2026-03-03 15:00:00
MSCIWORLD        2026-03-03 15:00:00
NICKEL_LME       2026-03-03 15:00:00
COCOA_LDN        2026-03-03 15:00:00
FTSE250          2026-03-03 15:00:00
SUGAR_WHITE      2026-03-03 16:00:00
OAT              2026-03-03 16:00:00
V2X              2026-03-03 16:00:00
SMI              2026-03-03 16:00:00
SHATZ            2026-03-03 16:00:00
GASOILINE_ICE    2026-03-03 16:00:00
AEX*             2026-03-03 16:00:00
EU-AUTO          2026-03-03 16:00:00
EU-INSURE        2026-03-03 16:00:00
EU-MEDIA         2026-03-03 16:00:00
EU-MID           2026-03-03 16:00:00
EU-REALESTATE    2026-03-03 16:00:00
EU-TECH          2026-03-03 16:00:00
EU-TRAVEL        2026-03-03 16:00:00
EU-UTILS         2026-03-03 16:00:00
EU-BANKS         2026-03-03 16:00:00
BUND*            2026-03-03 16:00:00
BTP3             2026-03-03 16:00:00
EU-HOUSE         2026-03-03 16:00:00
EURCAD           2026-03-03 16:00:00
EU-FOOD          2026-03-03 16:00:00
BTP              2026-03-03 16:00:00
EU-DJ-UTIL       2026-03-03 16:00:00
EU-BASIC*        2026-03-03 16:00:00
CAC              2026-03-03 16:00:00
EU-CHEM          2026-03-03 16:00:00
BUXL*            2026-03-03 16:00:00
EU-CONSTRUCTION  2026-03-03 16:00:00
BOBL             2026-03-03 16:00:00
EUROSTX-SMALL    2026-03-03 16:00:00
EUROSTX          2026-03-03 16:00:00
EURO600          2026-03-03 16:00:00
EU-DIV30         2026-03-03 16:00:00
DAX              2026-03-03 16:00:00
EU-HEALTH        2026-03-03 16:00:00
SUGAR11          2026-03-03 17:00:00
MILKWET          2026-03-03 17:00:00
EURAUD           2026-03-03 17:00:00
BUTTER           2026-03-03 17:00:00
COCOA*           2026-03-03 18:00:00
OJ               2026-03-03 18:00:00
AUDJPY           2026-03-03 18:00:00
GAS-PEN          2026-03-03 18:00:00
ALUMINIUM        2026-03-03 18:00:00
COFFEE           2026-03-03 18:00:00
CORN_mini        2026-03-03 19:00:00
COTTON2          2026-03-03 19:00:00
US-DISCRETE      2026-03-03 19:00:00
CORN             2026-03-03 19:00:00
NOK              2026-03-03 19:00:00
OATIES           2026-03-03 19:00:00
FEEDCOW          2026-03-03 19:00:00
SOYOIL           2026-03-03 19:00:00
SOYMEAL          2026-03-03 19:00:00
REDWHEAT         2026-03-03 19:00:00
RICE             2026-03-03 19:00:00
SOYBEAN_mini     2026-03-03 19:00:00
CHEESE           2026-03-03 19:00:00
SOYBEAN          2026-03-03 19:00:00
CANOLA*          2026-03-03 19:00:00
STEEL            2026-03-03 19:00:00
MILKDRY          2026-03-03 19:00:00
DX               2026-03-03 19:00:00
CAD2             2026-03-03 19:00:00
US-INDUSTRY      2026-03-03 19:00:00
LIVECOW          2026-03-03 19:00:00
LEANHOG          2026-03-03 19:00:00
BBCOMM           2026-03-03 19:00:00
INR              2026-03-03 19:00:00
WHEAT_mini       2026-03-03 19:00:00
GOLD             2026-03-03 19:00:00
ETHER-micro      2026-03-03 19:00:00
WHEAT            2026-03-03 19:00:00
SP400            2026-03-03 20:00:00
US5              2026-03-03 20:00:00
VIX              2026-03-03 20:00:00
VIX_mini         2026-03-03 20:00:00
US-HEALTH        2026-03-03 20:00:00
AUD              2026-03-03 20:00:00
YENEUR           2026-03-03 20:00:00
SOFR             2026-03-03 20:00:00
ZAR              2026-03-03 20:00:00
CAD              2026-03-03 20:00:00
AUD_micro*       2026-03-03 20:00:00
SP500            2026-03-03 20:00:00
US3              2026-03-03 20:00:00
US30             2026-03-03 20:00:00
US-ENERGY        2026-03-03 20:00:00
US20             2026-03-03 20:00:00
US2              2026-03-03 20:00:00
US10U            2026-03-03 20:00:00
US10             2026-03-03 20:00:00
US-UTILS         2026-03-03 20:00:00
BRENT-LAST*      2026-03-03 20:00:00
BRE*             2026-03-03 20:00:00
US-STAPLES       2026-03-03 20:00:00
US-REALESTATE    2026-03-03 20:00:00
US-MATERIAL      2026-03-03 20:00:00
BITCOIN*         2026-03-03 20:00:00
SP500_micro*     2026-03-03 20:00:00
SILVER           2026-03-03 20:00:00
FED              2026-03-03 20:00:00
CAD5             2026-03-03 20:00:00
KRWUSD           2026-03-03 20:00:00
DOW_mini         2026-03-03 20:00:00
ETHEREUM         2026-03-03 20:00:00
CAD10*           2026-03-03 20:00:00
JPY*             2026-03-03 20:00:00
HEATOIL          2026-03-03 20:00:00
GOLD_micro       2026-03-03 20:00:00
GOLD-mini        2026-03-03 20:00:00
EUR              2026-03-03 20:00:00
DOW              2026-03-03 20:00:00
GBP_micro        2026-03-03 20:00:00
EURCHF           2026-03-03 20:00:00
GBP*             2026-03-03 20:00:00
GAS_US_mini      2026-03-03 20:00:00
GAS_US           2026-03-03 20:00:00
GASOILINE        2026-03-03 20:00:00
GAS-LAST         2026-03-03 20:00:00
EUR_micro        2026-03-03 20:00:00
EUR_mini         2026-03-03 20:00:00
FANG             2026-03-03 20:00:00
GBPEUR           2026-03-03 20:00:00
LUMBER-new       2026-03-03 20:00:00
JPY_mini         2026-03-03 20:00:00
MILK             2026-03-03 20:00:00
CAD_micro        2026-03-03 20:00:00
SEK              2026-03-03 20:00:00
RUSSELL_mini     2026-03-03 20:00:00
RUSSELL*         2026-03-03 20:00:00
CHF              2026-03-03 20:00:00
CRUDE_W_mini     2026-03-03 20:00:00
PLN              2026-03-03 20:00:00
PLAT             2026-03-03 20:00:00
PALLAD           2026-03-03 20:00:00
CHFJPY           2026-03-03 20:00:00
CHF_micro        2026-03-03 20:00:00
R1000            2026-03-03 20:00:00
COPPER           2026-03-03 20:00:00
NASDAQ_micro     2026-03-03 20:00:00
NASDAQ           2026-03-03 20:00:00
MXP*             2026-03-03 20:00:00
COPPER-micro*    2026-03-03 20:00:00
COPPER-mini      2026-03-03 20:00:00
MSCIEAFA*        2026-03-03 20:00:00
CRUDE_W          2026-03-03 20:00:00
CRUDE_W_micro*   2026-03-03 20:00:00
NZD*             2026-03-03 20:00:00
CHFUSD           2026-03-03 23:00:00
JPYUSD           2026-03-03 23:00:00
EURUSD           2026-03-03 23:00:00
CADUSD           2026-03-03 23:00:00
KRWUSD           2026-03-03 23:00:00
MXPUSD           2026-03-03 23:00:00
SEKUSD           2026-03-03 23:00:00
GBPUSD           2026-03-03 23:00:00
SGDUSD           2026-03-03 23:00:00
HKDUSD           2026-03-03 23:00:00
CNHUSD           2026-03-03 23:00:00
AUDUSD           2026-03-03 23:00:00


============================================================
           Status of optimal position generation            
============================================================

                                                 last_update
dynamic_TF_carry/SGX              2024-12-02 22:31:28.544775
dynamic_TF_carry/EU-REALESTATE    2026-03-03 22:31:39.388932
dynamic_TF_carry/VNKI             2026-03-03 22:31:39.389186
dynamic_TF_carry/CHFJPY           2026-03-03 22:31:39.389423
dynamic_TF_carry/NIKKEI           2026-03-03 22:31:39.389661
dynamic_TF_carry/BTP3             2026-03-03 22:31:39.389894
dynamic_TF_carry/EU-MEDIA         2026-03-03 22:31:39.390124
dynamic_TF_carry/EU-MID           2026-03-03 22:31:39.390354
dynamic_TF_carry/EUROSTX-SMALL    2026-03-03 22:31:39.390582
dynamic_TF_carry/WHEAT_ICE        2026-03-03 22:31:39.390810
dynamic_TF_carry/NASDAQ_micro     2026-03-03 22:31:39.391037
dynamic_TF_carry/SOFR             2026-03-03 22:31:39.391266
dynamic_TF_carry/EURIBOR-ICE      2026-03-03 22:31:39.391495
dynamic_TF_carry/MSCISING         2026-03-03 22:31:39.391721
dynamic_TF_carry/GASOIL           2026-03-03 22:31:39.391948
dynamic_TF_carry/FTSECHINAA       2026-03-03 22:31:39.392175
dynamic_TF_carry/LEANHOG          2026-03-03 22:31:39.392403
dynamic_TF_carry/GASOILINE        2026-03-03 22:31:39.392630
dynamic_TF_carry/DX               2026-03-03 22:31:39.392858
dynamic_TF_carry/BBCOMM           2026-03-03 22:31:39.393086
dynamic_TF_carry/SWISSLEAD        2026-03-03 22:31:39.393312
dynamic_TF_carry/COAL-GEORDIE     2026-03-03 22:31:39.393540
dynamic_TF_carry/EU-TRAVEL        2026-03-03 22:31:39.393773
dynamic_TF_carry/EU-CHEM          2026-03-03 22:31:39.394000
dynamic_TF_carry/EU-DJ-UTIL       2026-03-03 22:31:39.394229
dynamic_TF_carry/GBPCHF           2026-03-03 22:31:39.394458
dynamic_TF_carry/COPPER_LME       2026-03-03 22:31:39.394687
dynamic_TF_carry/EU-TECH          2026-03-03 22:31:39.394915
dynamic_TF_carry/BTP              2026-03-03 22:31:39.395142
dynamic_TF_carry/MUMMY            2026-03-03 22:31:39.395371
dynamic_TF_carry/RUSSELL          2026-03-03 22:31:39.395599
dynamic_TF_carry/SOYOIL           2026-03-03 22:31:39.395827
dynamic_TF_carry/STEEL            2026-03-03 22:31:39.396055
dynamic_TF_carry/ZINC_LME         2026-03-03 22:31:39.396283
dynamic_TF_carry/MSCIASIA         2026-03-03 22:31:39.396510
dynamic_TF_carry/AUD              2026-03-03 22:31:39.396739
dynamic_TF_carry/MSCIEMASIA       2026-03-03 22:31:39.396967
dynamic_TF_carry/COAL             2026-03-03 22:31:39.397196
dynamic_TF_carry/COTTON           2026-03-03 22:31:39.397659
dynamic_TF_carry/HANGTECH         2026-03-03 22:31:39.397888
dynamic_TF_carry/MILLWHEAT        2026-03-03 22:31:39.398117
dynamic_TF_carry/PLN              2026-03-03 22:31:39.398347
dynamic_TF_carry/SP400            2026-03-03 22:31:39.398576
dynamic_TF_carry/BUND             2026-03-03 22:31:39.398804
dynamic_TF_carry/US-INDUSTRY      2026-03-03 22:31:39.399032
dynamic_TF_carry/FTSETAIWAN       2026-03-03 22:31:39.399261
dynamic_TF_carry/IBEX_mini        2026-03-03 22:31:39.399489
dynamic_TF_carry/JP-REALESTATE    2026-03-03 22:31:39.399717
dynamic_TF_carry/REDWHEAT         2026-03-03 22:31:39.399946
dynamic_TF_carry/MSCITAIWAN       2026-03-03 22:31:39.400175
dynamic_TF_carry/SGD              2026-03-03 22:31:39.400404
dynamic_TF_carry/ETHEREUM         2026-03-03 22:31:39.400632
dynamic_TF_carry/FTSEINDO         2026-03-03 22:31:39.400861
dynamic_TF_carry/IG               2026-03-03 22:31:39.401090
dynamic_TF_carry/EURCAD           2026-03-03 22:31:39.401317
dynamic_TF_carry/US2              2026-03-03 22:31:39.401546
dynamic_TF_carry/KOSPI            2026-03-03 22:31:39.401779
dynamic_TF_carry/EUROSTX200-LARGE 2026-03-03 22:31:39.402008
dynamic_TF_carry/MSCIEAFA         2026-03-03 22:31:39.402237
dynamic_TF_carry/GAS-PEN          2026-03-03 22:31:39.402697
dynamic_TF_carry/GBPJPY           2026-03-03 22:31:39.402927
dynamic_TF_carry/BOBL             2026-03-03 22:31:39.403157
dynamic_TF_carry/US-HEALTH        2026-03-03 22:31:39.403386
dynamic_TF_carry/NICKEL_LME       2026-03-03 22:31:39.403616
dynamic_TF_carry/CLP              2026-03-03 22:31:39.403844
dynamic_TF_carry/DOW              2026-03-03 22:31:39.404074
dynamic_TF_carry/BUXL             2026-03-03 22:31:39.404303
dynamic_TF_carry/JGB              2026-03-03 22:31:39.404533
dynamic_TF_carry/EPRA-EUROPE      2026-03-03 22:31:39.404762
dynamic_TF_carry/MXP              2026-03-03 22:31:39.404991
dynamic_TF_carry/AUD_micro        2026-03-03 22:31:39.405221
dynamic_TF_carry/CRUDE_W_micro    2026-03-03 22:31:39.405682
dynamic_TF_carry/FEEDCOW          2026-03-03 22:31:39.405911
dynamic_TF_carry/FTSEVIET         2026-03-03 22:31:39.406140
dynamic_TF_carry/OATIES           2026-03-03 22:31:39.406370
dynamic_TF_carry/US10             2026-03-03 22:31:39.406599
dynamic_TF_carry/EU-DJ-TELECOM    2026-03-03 22:31:39.406830
dynamic_TF_carry/BRENT_W          2026-03-03 22:31:39.407059
dynamic_TF_carry/SUGAR16          2026-03-03 22:31:39.407288
dynamic_TF_carry/FED              2026-03-03 22:31:39.407747
dynamic_TF_carry/BRE              2026-03-03 22:31:39.407976
dynamic_TF_carry/SP500_micro      2026-03-03 22:31:39.408206
dynamic_TF_carry/MILK             2026-03-03 22:31:39.408435
dynamic_TF_carry/YENEUR           2026-03-03 22:31:39.408664
dynamic_TF_carry/GBPEUR           2026-03-03 22:31:39.408893
dynamic_TF_carry/EU-HEALTH        2026-03-03 22:31:39.409122
dynamic_TF_carry/HOUSE-US         2026-03-03 22:31:39.409351
dynamic_TF_carry/US20             2026-03-03 22:31:39.409583
dynamic_TF_carry/COCOA            2026-03-03 22:31:39.409813
dynamic_TF_carry/OAT              2026-03-03 22:31:39.410042
dynamic_TF_carry/LUMBER-new       2026-03-03 22:31:39.410273
dynamic_TF_carry/US10U            2026-03-03 22:31:39.410733
dynamic_TF_carry/BITCOIN          2026-03-03 22:31:39.410963
dynamic_TF_carry/COPPER           2026-03-03 22:31:39.411191
dynamic_TF_carry/DAX              2026-03-03 22:31:39.411420
dynamic_TF_carry/EUR_micro        2026-03-03 22:31:39.411650
dynamic_TF_carry/COFFEE           2026-03-03 22:31:39.412108
dynamic_TF_carry/GBP              2026-03-03 22:31:39.412362
dynamic_TF_carry/SILVER           2026-03-03 22:31:39.412824
dynamic_TF_carry/US3              2026-03-03 22:31:39.413053
dynamic_TF_carry/EURO600          2026-03-03 22:31:39.413284
dynamic_TF_carry/EUR              2026-03-03 22:31:39.413514
dynamic_TF_carry/FANG             2026-03-03 22:31:39.413748
dynamic_TF_carry/IRON             2026-03-03 22:31:39.413979
dynamic_TF_carry/COPPER-micro     2026-03-03 22:31:39.414211
dynamic_TF_carry/WHEAT            2026-03-03 22:31:39.414441
dynamic_TF_carry/BRENT-LAST       2026-03-03 22:31:39.414670
dynamic_TF_carry/TIN_LME          2026-03-03 22:31:39.414900
dynamic_TF_carry/NOK              2026-03-03 22:31:39.415359
dynamic_TF_carry/EURIBOR          2026-03-03 22:31:39.415589
dynamic_TF_carry/PLAT             2026-03-03 22:31:39.415816
dynamic_TF_carry/EURCHF           2026-03-03 22:31:39.416046
dynamic_TF_carry/CH10             2026-03-03 22:31:39.416276
dynamic_TF_carry/GOLD_micro       2026-03-03 22:31:39.416505
dynamic_TF_carry/GAS-LAST         2026-03-03 22:31:39.416735
dynamic_TF_carry/NIKKEI400        2026-03-03 22:31:39.416965
dynamic_TF_carry/CORN             2026-03-03 22:31:39.417195
dynamic_TF_carry/OMX              2026-03-03 22:31:39.417425
dynamic_TF_carry/SPI200           2026-03-03 22:31:39.417660
dynamic_TF_carry/CAD5             2026-03-03 22:31:39.418119
dynamic_TF_carry/KRWUSD           2026-03-03 22:31:39.418349
dynamic_TF_carry/ALUMINIUM        2026-03-03 22:31:39.418578
dynamic_TF_carry/US-MATERIAL      2026-03-03 22:31:39.418807
dynamic_TF_carry/WHEY             2026-03-03 22:31:39.419037
dynamic_TF_carry/CAD              2026-03-03 22:31:39.419266
dynamic_TF_carry/EU-BANKS         2026-03-03 22:31:39.419496
dynamic_TF_carry/SOYMEAL          2026-03-03 22:31:39.419724
dynamic_TF_carry/VIX              2026-03-03 22:31:39.419956
dynamic_TF_carry/EU-DIV30         2026-03-03 22:31:39.420185
dynamic_TF_carry/JGB-SGX-mini     2026-03-03 22:31:39.420414
dynamic_TF_carry/IRS              2026-03-03 22:31:39.420643
dynamic_TF_carry/EUROSTX          2026-03-03 22:31:39.420872
dynamic_TF_carry/PALLAD           2026-03-03 22:31:39.421102
dynamic_TF_carry/SMI              2026-03-03 22:31:39.421333
dynamic_TF_carry/FTSECHINAH       2026-03-03 22:31:39.421566
dynamic_TF_carry/TOPIX            2026-03-03 22:31:39.421796
dynamic_TF_carry/EUA              2026-03-03 22:31:39.422025
dynamic_TF_carry/US-REALESTATE    2026-03-03 22:31:39.422256
dynamic_TF_carry/US30             2026-03-03 22:31:39.422486
dynamic_TF_carry/CRUDE_W_mini     2026-03-03 22:31:39.422717
dynamic_TF_carry/US-UTILS         2026-03-03 22:31:39.422945
dynamic_TF_carry/ROBUSTA          2026-03-03 22:31:39.423175
dynamic_TF_carry/OJ               2026-03-03 22:31:39.423404
dynamic_TF_carry/BOVESPA          2026-03-03 22:31:39.423632
dynamic_TF_carry/BUTTER           2026-03-03 22:31:39.423860
dynamic_TF_carry/COTTON2          2026-03-03 22:31:39.424088
dynamic_TF_carry/SMI-MID          2026-03-03 22:31:39.424318
dynamic_TF_carry/HIGHYIELD        2026-03-03 22:31:39.424547
dynamic_TF_carry/AUDJPY           2026-03-03 22:31:39.424776
dynamic_TF_carry/CHINAA-CON       2026-03-03 22:31:39.425004
dynamic_TF_carry/RUBBER           2026-03-03 22:31:39.425235
dynamic_TF_carry/SUGAR11          2026-03-03 22:31:39.425487
dynamic_TF_carry/EUROSTX-LARGE    2026-03-03 22:31:39.425726
dynamic_TF_carry/KRWUSD_mini      2026-03-03 22:31:39.425956
dynamic_TF_carry/CHEESE           2026-03-03 22:31:39.426188
dynamic_TF_carry/CANOLA           2026-03-03 22:31:39.426417
dynamic_TF_carry/TWD              2026-03-03 22:31:39.426646
dynamic_TF_carry/FTSE100          2026-03-03 22:31:39.426877
dynamic_TF_carry/SARONA           2026-03-03 22:31:39.427106
dynamic_TF_carry/MILKDRY          2026-03-03 22:31:39.427337
dynamic_TF_carry/MSCIWORLD        2026-03-03 22:31:39.427565
dynamic_TF_carry/US-ENERGY        2026-03-03 22:31:39.427795
dynamic_TF_carry/ZAR              2026-03-03 22:31:39.428024
dynamic_TF_carry/SHATZ            2026-03-03 22:31:39.428256
dynamic_TF_carry/CAD10            2026-03-03 22:31:39.428486
dynamic_TF_carry/AEX              2026-03-03 22:31:39.428716
dynamic_TF_carry/KR10             2026-03-03 22:31:39.428947
dynamic_TF_carry/CAD2             2026-03-03 22:31:39.429177
dynamic_TF_carry/GAS_US_mini      2026-03-03 22:31:39.429407
dynamic_TF_carry/KOSDAQ           2026-03-03 22:31:39.429640
dynamic_TF_carry/SOYBEAN_mini     2026-03-03 22:31:39.429869
dynamic_TF_carry/EURAUD           2026-03-03 22:31:39.430097
dynamic_TF_carry/CZK              2026-03-03 22:31:39.430556
dynamic_TF_carry/EU-INSURE        2026-03-03 22:31:39.430785
dynamic_TF_carry/RICE             2026-03-03 22:31:39.431014
dynamic_TF_carry/NZD              2026-03-03 22:31:39.431244
dynamic_TF_carry/US-STAPLES       2026-03-03 22:31:39.431471
dynamic_TF_carry/CRUDE_ICE        2026-03-03 22:31:39.431700
dynamic_TF_carry/EU-UTILS         2026-03-03 22:31:39.431930
dynamic_TF_carry/FTSE250          2026-03-03 22:31:39.432158
dynamic_TF_carry/INR              2026-03-03 22:31:39.432388
dynamic_TF_carry/MIB              2026-03-03 22:31:39.432618
dynamic_TF_carry/EU-RETAIL        2026-03-03 22:31:39.432849
dynamic_TF_carry/COCOA_LDN        2026-03-03 22:31:39.433079
dynamic_TF_carry/HANGENT_mini     2026-03-03 22:31:39.433310
dynamic_TF_carry/US-DISCRETE      2026-03-03 22:31:39.433540
dynamic_TF_carry/EU-FOOD          2026-03-03 22:31:39.433773
dynamic_TF_carry/EU-CONSTRUCTION  2026-03-03 22:31:39.434004
dynamic_TF_carry/GICS             2026-03-03 22:31:39.434462
dynamic_TF_carry/KOSPI_mini       2026-03-03 22:31:39.434692
dynamic_TF_carry/HANG_mini        2026-03-03 22:31:39.434921
dynamic_TF_carry/SONIA3           2026-03-03 22:31:39.435152
dynamic_TF_carry/GILT             2026-03-03 22:31:39.435383
dynamic_TF_carry/MILKWET          2026-03-03 22:31:39.435613
dynamic_TF_carry/HEATOIL          2026-03-03 22:31:39.435843
dynamic_TF_carry/EU-HOUSE         2026-03-03 22:31:39.436072
dynamic_TF_carry/LEAD_LME         2026-03-03 22:31:39.436302
dynamic_TF_carry/BONO             2026-03-03 22:31:39.436531
dynamic_TF_carry/EU-OIL           2026-03-03 22:31:39.436759
dynamic_TF_carry/KR3              2026-03-03 22:31:39.436989
dynamic_TF_carry/LIVECOW          2026-03-03 22:31:39.437217
dynamic_TF_carry/SUGAR_WHITE      2026-03-03 22:31:39.437447
dynamic_TF_carry/EU-AUTO          2026-03-03 22:31:39.437681
dynamic_TF_carry/R1000            2026-03-03 22:31:39.437912
dynamic_TF_carry/US5              2026-03-03 22:31:39.438371
dynamic_TF_carry/CAC              2026-03-03 22:31:39.438600
dynamic_TF_carry/CNH              2026-03-03 22:31:39.438828
dynamic_TF_carry/SEK              2026-03-03 22:31:39.439057
dynamic_TF_carry/EU-BASIC         2026-03-03 22:31:39.439285
dynamic_TF_carry/CHF              2026-03-03 22:31:39.439518
dynamic_TF_carry/JPY              2026-03-03 22:31:39.439748
dynamic_TF_carry/V2X              2026-03-03 22:31:39.440207
dynamic_TF_carry/SOYBEAN          2026-03-03 22:31:39.440665


======================================================================================================================
                                                Status of trade limits                                                
======================================================================================================================

                   period_days  trade_limit  trades_since_last_reset  trade_capacity_remaining   time_since_last_reset
 BUND                       30            4                      4.0                       0.0 25 days 14:59:09.981299
 YENEUR                     30            4                      3.0                       1.0 29 days 07:59:02.964051
 BUND                       14            4                      2.0                       2.0  1 days 14:59:11.193735
 CHF                        30            4                      1.0                       3.0 28 days 07:58:54.159682
 CAD                        14            4                      1.0                       3.0  8 days 07:58:58.143613
 SP500_micro                 1            4                      1.0                       3.0  0 days 07:59:14.849391
 BTP                        30            4                      1.0                       3.0 15 days 14:59:06.805287
 EU-HOUSE                    1            4                      0.0                       4.0  0 days 00:00:00.000002
 EU-DJ-UTIL                  1            4                      0.0                       4.0  0 days 00:00:00.000003
 EU-DJ-TELECOM               1            4                      0.0                       4.0  0 days 00:00:00.000002
 EU-DJ-TECH                  1            4                      0.0                       4.0  0 days 00:00:00.000003
 EU-DJ-OIL                   1            4                      0.0                       4.0  0 days 00:00:00.000002
 EU-CONSTRUCTION             1            4                      0.0                       4.0  0 days 00:00:00.000002
 CZK                         1            4                      0.0                       4.0  0 days 00:00:00.000002
 COTTON                      1            4                      0.0                       4.0  0 days 00:00:00.000003
 CORN                        1            4                      0.0                       4.0  0 days 00:00:00.000004
 CNH-onshore                 1            4                      0.0                       4.0  0 days 00:00:00.000002
 CLP                         1            4                      0.0                       4.0  0 days 00:00:00.000002
 CH10                        1            4                      0.0                       4.0  0 days 00:00:00.000002
 BUTTER                      1            4                      0.0                       4.0  0 days 00:00:00.000002
 BOVESPA                     1            4                      0.0                       4.0  0 days 00:00:00.000002
 BEL20                       1            4                      0.0                       4.0  0 days 00:00:00.000002
 ALUMINIUM                   1            4                      0.0                       4.0  0 days 00:00:00.000002
 COPPER-mini                 1            4                      0.0                       4.0  0 days 00:00:00.000002
 EU-MEDIA                    1            4                      0.0                       4.0  0 days 00:00:00.000002
 EU-REALESTATE               1            4                      0.0                       4.0  0 days 00:00:00.000002
 EURCHF                      1            4                      0.0                       4.0  0 days 00:00:00.000002
 US-HEALTH                   1            4                      0.0                       4.0  0 days 00:00:00.000002
 US-ENERGY                   1            4                      0.0                       4.0  0 days 00:00:00.000003
 US-DISCRETE                 1            4                      0.0                       4.0  0 days 00:00:00.000002
 SMI-MID                     1            4                      0.0                       4.0  0 days 00:00:00.000002
 SGX                         1            4                      0.0                       4.0  0 days 00:00:00.000002
 SGD                         1            4                      0.0                       4.0  0 days 00:00:00.000002
 OMX                         1            4                      0.0                       4.0  0 days 00:00:00.000002
 MSCIASIA                    1            4                      0.0                       4.0  0 days 00:00:00.000002
 MILKWET                     1            4                      0.0                       4.0  0 days 00:00:00.000002
 MILKDRY                     1            4                      0.0                       4.0  0 days 00:00:00.000002
 MID-DAX                     1            4                      0.0                       4.0  0 days 00:00:00.000002
 JP-REALESTATE               1            4                      0.0                       4.0  0 days 00:00:00.000002
 JGB-SGX-mini                1            4                      0.0                       4.0  0 days 00:00:00.000003
 IRS                         1            4                      0.0                       4.0  0 days 00:00:00.000002
 FTSEINDO                    1            4                      0.0                       4.0  0 days 00:00:00.000002
 EUROSTX200-LARGE            1            4                      0.0                       4.0  0 days 00:00:00.000002
 EUROSTX-SMALL               1            4                      0.0                       4.0  0 days 00:00:00.000002
 EUROSTX-LARGE               1            4                      0.0                       4.0  0 days 00:00:00.000002
 EURIBOR                     1            4                      0.0                       4.0  0 days 00:00:00.000002
 EU-MID                      1            4                      0.0                       4.0  0 days 00:00:00.000003
 US30                       30            4                      0.0                       4.0  0 days 00:00:00.000002
 US10U                      30            4                      0.0                       4.0  0 days 00:00:00.000002
 US-INDUSTRY                 1            4                      0.0                       4.0  0 days 00:00:00.000002
 HEATOIL                    14            4                      0.0                       4.0  0 days 00:00:00.000002
 GBPEUR                     14            4                      0.0                       4.0  0 days 00:00:00.000002
 GAS-LAST                   14            4                      0.0                       4.0  0 days 00:00:00.000002
 FTSETAIWAN                 14            4                      0.0                       4.0  0 days 00:00:00.000002
 EU-TECH                    14            4                      0.0                       4.0  0 days 00:00:00.000002
 EU-CHEM                    14            4                      0.0                       4.0  0 days 00:00:00.000002
 ETHEREUM                   14            4                      0.0                       4.0  0 days 00:00:00.000002
 CNH                        14            4                      0.0                       4.0  0 days 00:00:00.000002
 BUXL                       14            4                      0.0                       4.0  0 days 14:59:11.314321
 BTP3                       14            4                      0.0                       4.0  0 days 00:00:00.000002
 BRENT-LAST                 14            4                      0.0                       4.0  0 days 00:00:00.000002
 BONO                       14            4                      0.0                       4.0  0 days 00:00:00.000002
 YENEUR                      1            4                      0.0                       4.0  0 days 00:00:00.000002
 US3                         1            4                      0.0                       4.0  0 days 00:00:00.000002
 US10U                       1            4                      0.0                       4.0  0 days 00:00:00.000002
