
********************************************************************************
                   Status report produced on 17/07/2024 22:55                   
********************************************************************************


Delayed methods: No delays

===============================
 Delayed adjusted / FX prices  
===============================

                    last_update
HEATOIL     2024-05-31 19:00:00
SGD         2024-06-13 23:00:00
SP500_micro 2024-06-14 20:00:00
EUR_micro   2024-06-14 20:00:00

Delayed optimal positions: No delays

========================================================================================================
                                       Instruments at trade limit                                       
========================================================================================================

      period_days  trade_limit  trades_since_last_reset  trade_capacity_remaining  time_since_last_reset
 VIX           30            5                      5.0                       0.0 9 days 07:50:44.182461


================================================
         Instruments at position limit          
================================================

                 keys  position pos_limit  spare
125        EU-DJ-TECH         0       0.0    0.0
167           MILKWET         0       0.0    0.0
79           ETHEREUM         0       0.0    0.0
77           EU-HOUSE         0       0.0    0.0
75       COAL-GEORDIE         0       0.0    0.0
172               CLP         0       0.0    0.0
72               GICS         0       0.0    0.0
176          EU-MEDIA         0       0.0    0.0
68            TIN_LME         0       0.0    0.0
162          JPY_mini         0       0.0    0.0
179         CHF_micro         0       0.0    0.0
186           US-TECH         0       0.0    0.0
60             GBPJPY         0       0.0    0.0
198             R1000         0       0.0    0.0
199               JGB         0       0.0    0.0
200       CNH-onshore         0       0.0    0.0
51        HEATOIL-ICE         0       0.0    0.0
50    GASOILINE_micro         0       0.0    0.0
203               AEX         1       1.0    0.0
182          AEX_mini         0       0.0    0.0
160         HIGHYIELD         0       0.0    0.0
158               SEK         0       0.0    0.0
156            CHFJPY         0       0.0    0.0
128               IRS         0       0.0    0.0
118          HOUSE-US         0       0.0    0.0
129            EURAUD         0       0.0    0.0
116  EUROSTX200-LARGE         0       0.0    0.0
130            NASDAQ         0       0.0    0.0
111              VNKI         0       0.0    0.0
131     EUROSTX-LARGE         0       0.0    0.0
134              CH10         0       0.0    0.0
107             SP400         0       0.0    0.0
137            COTTON         0       0.0    0.0
138            PALLAD         0       0.0    0.0
140               MIB         1       1.0    0.0
102            EURCAD         0       0.0    0.0
142              COAL         0       0.0    0.0
95                CZK         0       0.0    0.0
145         SWISSLEAD         0       0.0    0.0
147         EU-TRAVEL         0       0.0    0.0
90                OMX         0       0.0    0.0
89             EURCHF         0       0.0    0.0
48            ETHANOL         0       0.0    0.0
44            SMI-MID         0       0.0    0.0
122       EPRA-EUROPE         0       0.0    0.0
10                 IG         0       0.0    0.0
30               WHEY         0       0.0    0.0
220         GASOILINE         1       1.0    0.0
239       COPPER-mini         0       0.0    0.0
11                TWD         0       0.0    0.0
237         EU-RETAIL         0       0.0    0.0
235               SGX         0       0.0    0.0
34           SGD_mini         0       0.0    0.0
228        COPPER_LME         0       0.0    0.0
35             AUDJPY         0       0.0    0.0
230               RUR         0       0.0    0.0
28            EU-CHEM         0       0.0    0.0
219            KRWUSD         0       0.0    0.0
36              STEEL         0       0.0    0.0
37    EU-CONSTRUCTION         0       0.0    0.0
38            BOVESPA         0       0.0    0.0
208          TWD-mini         0       0.0    0.0
5             MILKDRY         0       0.0    0.0
213            BUTTER         0       0.0    0.0
212               PLN         0       0.0    0.0
232               NOK         0       0.0    0.0
246          JGB-mini         0       0.0    0.0
3       EU-DJ-TELECOM         0       0.0    0.0
6              YENEUR         2       2.0    0.0


=========================================================
         Overrides in database consider deleting         
=========================================================

                                                 override
NICKEL_LME             Override Close because in database
BB3M             Override Reduce only because in database
RICE             Override Reduce only because in database
VIX_mini         Override Reduce only because in database
GOLD-mini        Override Reduce only because in database
SOYBEAN_mini     Override Reduce only because in database
IBEX             Override Reduce only because in database
CRUDE_W_mini     Override Reduce only because in database
GASOILINE_micro  Override Reduce only because in database
IBEX_mini        Override Reduce only because in database
VNKI             Override Reduce only because in database
CAC              Override Reduce only because in database
COAL             Override Reduce only because in database
AEX              Override Reduce only because in database
AEX_mini         Override Reduce only because in database
FTSEINDO         Override Reduce only because in database
FTSECHINAA       Override Reduce only because in database
FTSETAIWAN       Override Reduce only because in database
STEEL            Override Reduce only because in database
INR              Override Reduce only because in database
MILKWET          Override Reduce only because in database
SGX              Override Reduce only because in database
FTSEVIET         Override Reduce only because in database
GAS_US_mini      Override Reduce only because in database
FTSECHINAH       Override Reduce only because in database
BRENT-LAST       Override Reduce only because in database
MSCISING         Override Reduce only because in database
GAS-PEN          Override Reduce only because in database
HANG             Override Reduce only because in database
MSCITAIWAN       Override Reduce only because in database
HANGTECH         Override Reduce only because in database
HANGENT          Override Reduce only because in database

Locked instruments (position mismatch): []

==============================================
Status of adjusted price / FX price collection
==============================================

                         last_update
HEATOIL          2024-05-31 19:00:00
SGD              2024-06-13 23:00:00
SP500_micro      2024-06-14 20:00:00
EUR_micro        2024-06-14 20:00:00
CH10             2024-07-15 23:00:00
SMI-MID          2024-07-15 23:00:00
WHEY             2024-07-15 23:00:00
COAL-GEORDIE     2024-07-15 23:00:00
GASOILINE_micro  2024-07-15 23:00:00
MILKWET          2024-07-15 23:00:00
EUROSTX200-LARGE 2024-07-15 23:00:00
CHFJPY           2024-07-15 23:00:00
RUR              2024-07-15 23:00:00
COTTON           2024-07-15 23:00:00
SGX              2024-07-15 23:00:00
CNH-onshore      2024-07-15 23:00:00
MSCIEMASIA       2024-07-15 23:00:00
OMX              2024-07-15 23:00:00
IG               2024-07-15 23:00:00
HOUSE-US         2024-07-15 23:00:00
ETHANOL          2024-07-15 23:00:00
SWISSLEAD        2024-07-15 23:00:00
CZK              2024-07-15 23:00:00
BB3M             2024-07-15 23:00:00
CLP              2024-07-15 23:00:00
IRS              2024-07-15 23:00:00
KRWUSD           2024-07-15 23:00:00
DOW_mini         2024-07-15 23:00:00
BOVESPA          2024-07-15 23:00:00
GICS             2024-07-15 23:00:00
SUGAR16          2024-07-15 23:00:00
AEX_mini         2024-07-16 09:00:00
EU-HOUSE         2024-07-16 12:00:00
EU-DJ-OIL        2024-07-16 14:00:00
MSCIWORLD        2024-07-16 14:00:00
EU-CHEM          2024-07-16 14:00:00
TIN_LME          2024-07-16 14:00:00
LEAD_LME         2024-07-16 14:00:00
MILKDRY          2024-07-16 14:30:00
EURAUD           2024-07-16 14:30:00
FTSE250          2024-07-16 15:00:00
EU-DIV30         2024-07-16 15:00:00
IBEX             2024-07-16 15:00:00
IBEX_mini        2024-07-16 15:00:00
EU-DJ-TECH       2024-07-16 15:00:00
GILT             2024-07-16 15:00:00
EU-DJ-UTIL       2024-07-16 15:00:00
EU-MEDIA         2024-07-16 15:00:00
GBPCHF           2024-07-16 15:00:00
MIB*             2024-07-16 15:00:00
EU-MID           2024-07-16 15:00:00
EU-TRAVEL        2024-07-16 15:00:00
EU-CONSTRUCTION  2024-07-16 15:00:00
EUA              2024-07-16 15:00:00
GASOILINE_ICE    2024-07-16 15:00:00
EURIBOR          2024-07-16 15:00:00
EUROSTX-LARGE    2024-07-16 15:00:00
GASOIL           2024-07-16 15:00:00
EUROSTX-SMALL    2024-07-16 15:00:00
WHEAT_ICE        2024-07-16 15:00:00
NICKEL_LME       2024-07-16 15:00:00
MILLWHEAT        2024-07-16 15:00:00
MSCIASIA         2024-07-16 15:00:00
EU-REALESTATE    2024-07-16 15:00:00
FTSE100          2024-07-16 15:00:00
HEATOIL-ICE      2024-07-16 15:00:00
COPPER_LME       2024-07-16 15:00:00
SARONA           2024-07-16 15:00:00
ZINC_LME         2024-07-16 15:00:00
DJSTX-SMALL      2024-07-16 15:00:00
BRENT_W          2024-07-16 15:00:00
CRUDE_ICE        2024-07-16 15:00:00
BONO             2024-07-16 15:00:00
COAL             2024-07-16 15:00:00
SUGAR_WHITE      2024-07-16 15:00:00
EPRA-EUROPE      2024-07-16 15:00:00
COCOA_LDN        2024-07-16 15:00:00
ALUMINIUM_LME    2024-07-16 15:00:00
ROBUSTA          2024-07-16 15:00:00
SONIA3           2024-07-16 15:00:00
SHATZ            2024-07-16 16:00:00
SMI              2024-07-16 16:00:00
EU-BANKS         2024-07-16 16:00:00
EU-BASIC         2024-07-16 16:00:00
BUXL             2024-07-16 16:00:00
BUTTER           2024-07-16 16:00:00
BTP3             2024-07-16 16:00:00
BTP              2024-07-16 16:00:00
STEEL            2024-07-16 16:00:00
BOBL             2024-07-16 16:00:00
AUDJPY           2024-07-16 16:00:00
V2X*             2024-07-16 16:00:00
CAC              2024-07-16 16:00:00
BUND*            2024-07-16 16:00:00
AEX*             2024-07-16 16:00:00
EURO600          2024-07-16 16:00:00
EU-AUTO*         2024-07-16 16:00:00
OAT              2024-07-16 16:00:00
EU-DJ-TELECOM    2024-07-16 16:00:00
EU-FOOD          2024-07-16 16:00:00
EU-HEALTH        2024-07-16 16:00:00
EU-INSURE        2024-07-16 16:00:00
DAX              2024-07-16 16:00:00
PLN              2024-07-16 16:00:00
EUROSTX          2024-07-16 16:00:00
EU-RETAIL        2024-07-16 16:00:00
EU-OIL           2024-07-16 16:00:00
EURIBOR-ICE      2024-07-16 16:00:00
EU-UTILS         2024-07-16 16:00:00
EU-TECH          2024-07-16 16:00:00
SUGAR11          2024-07-16 17:00:00
EURCAD           2024-07-16 17:00:00
COCOA            2024-07-16 18:00:00
ALUMINIUM*       2024-07-16 18:00:00
COFFEE           2024-07-16 18:00:00
ETHER-micro      2024-07-16 18:00:00
EURCHF           2024-07-16 18:00:00
OJ               2024-07-16 18:00:00
GBPJPY           2024-07-16 18:00:00
HIGHYIELD        2024-07-16 19:00:00
OATIES           2024-07-16 19:00:00
US-HEALTH        2024-07-16 19:00:00
SOYBEAN          2024-07-16 19:00:00
LIVECOW*         2024-07-16 19:00:00
LUMBER-new       2024-07-16 19:00:00
NOK              2024-07-16 19:00:00
REDWHEAT         2024-07-16 19:00:00
SILVER           2024-07-16 19:00:00
MILK             2024-07-16 19:00:00
R1000            2024-07-16 19:00:00
SOYOIL           2024-07-16 19:00:00
SOYMEAL          2024-07-16 19:00:00
SOYBEAN_mini     2024-07-16 19:00:00
RICE             2024-07-16 19:00:00
LEANHOG          2024-07-16 19:00:00
GAS-LAST         2024-07-16 19:00:00
CAD5             2024-07-16 19:00:00
CORN*            2024-07-16 19:00:00
GAS_US_mini*     2024-07-16 19:00:00
CORN_mini        2024-07-16 19:00:00
CAD10*           2024-07-16 19:00:00
COTTON2*         2024-07-16 19:00:00
CANOLA           2024-07-16 19:00:00
FEEDCOW          2024-07-16 19:00:00
WHEAT_mini       2024-07-16 19:00:00
BRE              2024-07-16 19:00:00
FANG*            2024-07-16 19:00:00
BBCOMM           2024-07-16 19:00:00
WHEAT            2024-07-16 19:00:00
GAS-PEN          2024-07-16 19:00:00
ZAR              2024-07-16 19:00:00
COPPER-mini      2024-07-16 20:00:00
RUSSELL          2024-07-16 20:00:00
VIX*             2024-07-16 20:00:00
CRUDE_W          2024-07-16 20:00:00
CRUDE_W_micro*   2024-07-16 20:00:00
PLAT             2024-07-16 20:00:00
PALLAD           2024-07-16 20:00:00
CRUDE_W_mini     2024-07-16 20:00:00
US-ENERGY        2024-07-16 20:00:00
RUSSELL_mini     2024-07-16 20:00:00
COPPER           2024-07-16 20:00:00
SEK              2024-07-16 20:00:00
AUD              2024-07-16 20:00:00
AUD_micro        2024-07-16 20:00:00
BITCOIN*         2024-07-16 20:00:00
BRENT-LAST       2024-07-16 20:00:00
SP500            2024-07-16 20:00:00
SP400            2024-07-16 20:00:00
CAD              2024-07-16 20:00:00
CAD2             2024-07-16 20:00:00
CAD_micro        2024-07-16 20:00:00
SOFR             2024-07-16 20:00:00
CHEESE           2024-07-16 20:00:00
CHF*             2024-07-16 20:00:00
CHF_micro        2024-07-16 20:00:00
US-DISCRETE      2024-07-16 20:00:00
DOW*             2024-07-16 20:00:00
COPPER-micro     2024-07-16 20:00:00
DX*              2024-07-16 20:00:00
EUR              2024-07-16 20:00:00
NZD              2024-07-16 20:00:00
US-STAPLES       2024-07-16 20:00:00
US-TECH          2024-07-16 20:00:00
US-UTILS         2024-07-16 20:00:00
US10             2024-07-16 20:00:00
US10U            2024-07-16 20:00:00
JPY_mini         2024-07-16 20:00:00
JPY*             2024-07-16 20:00:00
US2              2024-07-16 20:00:00
US20             2024-07-16 20:00:00
US3              2024-07-16 20:00:00
GOLD-mini        2024-07-16 20:00:00
US30             2024-07-16 20:00:00
INR              2024-07-16 20:00:00
GOLD_micro       2024-07-16 20:00:00
VIX_mini         2024-07-16 20:00:00
ETHEREUM         2024-07-16 20:00:00
US-REALESTATE    2024-07-16 20:00:00
GOLD             2024-07-16 20:00:00
GBPEUR           2024-07-16 20:00:00
US5              2024-07-16 20:00:00
US-FINANCE       2024-07-16 20:00:00
EUR_mini         2024-07-16 20:00:00
NASDAQ_micro     2024-07-16 20:00:00
NASDAQ           2024-07-16 20:00:00
MXP*             2024-07-16 20:00:00
GBP_micro        2024-07-16 20:00:00
US-INDUSTRY      2024-07-16 20:00:00
US-MATERIAL      2024-07-16 20:00:00
US-PROPERTY      2024-07-16 20:00:00
MSCIEAFA*        2024-07-16 20:00:00
YENEUR*          2024-07-16 20:00:00
GASOILINE*       2024-07-16 20:00:00
GAS_US           2024-07-16 20:00:00
GBP              2024-07-16 20:00:00
FED              2024-07-16 20:00:00
TWD-mini         2024-07-16 23:00:00
TWD              2024-07-16 23:00:00
VNKI             2024-07-17 01:00:00
JGB-mini         2024-07-17 02:00:00
HANGTECH         2024-07-17 04:00:00
SPI200*          2024-07-17 04:00:00
CHINAA-CON       2024-07-17 04:00:00
FTSECHINAH       2024-07-17 04:00:00
FTSEINDO         2024-07-17 04:00:00
FTSEVIET         2024-07-17 04:00:00
HANG             2024-07-17 04:00:00
HANGENT          2024-07-17 04:00:00
HANG_mini        2024-07-17 04:00:00
IRON*            2024-07-17 04:00:00
HANGENT_mini     2024-07-17 04:00:00
SGD_mini         2024-07-17 04:00:00
MSCITAIWAN*      2024-07-17 04:00:00
KR10*            2024-07-17 05:00:00
CNH              2024-07-17 05:00:00
FTSECHINAA*      2024-07-17 05:00:00
RUBBER           2024-07-17 05:00:00
KR3              2024-07-17 05:00:00
FTSETAIWAN       2024-07-17 05:00:00
NIKKEI*          2024-07-17 05:00:00
MUMMY            2024-07-17 05:00:00
NIKKEI400        2024-07-17 05:00:00
MSCISING*        2024-07-17 05:00:00
KRWUSD_mini      2024-07-17 05:00:00
JGB              2024-07-17 05:00:00
JGB-SGX-mini     2024-07-17 05:00:00
JP-REALESTATE    2024-07-17 05:00:00
KOSDAQ           2024-07-17 05:00:00
KOSPI            2024-07-17 05:00:00
KOSPI_mini       2024-07-17 05:00:00
TOPIX*           2024-07-17 05:00:00
CADUSD           2024-07-17 23:00:00
JPYUSD           2024-07-17 23:00:00
CNHUSD           2024-07-17 23:00:00
AUDUSD           2024-07-17 23:00:00
KRWUSD           2024-07-17 23:00:00
GBPUSD           2024-07-17 23:00:00
EURUSD           2024-07-17 23:00:00
MXPUSD           2024-07-17 23:00:00
SGDUSD           2024-07-17 23:00:00
HKDUSD           2024-07-17 23:00:00
CHFUSD           2024-07-17 23:00:00
SEKUSD           2024-07-17 23:00:00


============================================================
           Status of optimal position generation            
============================================================

                                                 last_update
dynamic_TF_carry/NASDAQ_micro     2024-07-17 22:31:24.027888
dynamic_TF_carry/SONIA3           2024-07-17 22:31:24.028115
dynamic_TF_carry/EU-CHEM          2024-07-17 22:31:24.028330
dynamic_TF_carry/EUROSTX          2024-07-17 22:31:24.028538
dynamic_TF_carry/OAT              2024-07-17 22:31:24.028745
dynamic_TF_carry/JGB              2024-07-17 22:31:24.028950
dynamic_TF_carry/SGX              2024-07-17 22:31:24.029158
dynamic_TF_carry/HANG_mini        2024-07-17 22:31:24.029365
dynamic_TF_carry/FED              2024-07-17 22:31:24.029569
dynamic_TF_carry/IRON             2024-07-17 22:31:24.029774
dynamic_TF_carry/CHEESE           2024-07-17 22:31:24.029979
dynamic_TF_carry/CNH              2024-07-17 22:31:24.030184
dynamic_TF_carry/EURCAD           2024-07-17 22:31:24.030389
dynamic_TF_carry/YENEUR           2024-07-17 22:31:24.030593
dynamic_TF_carry/CRUDE_W_micro    2024-07-17 22:31:24.030797
dynamic_TF_carry/PALLAD           2024-07-17 22:31:24.031002
dynamic_TF_carry/MSCIWORLD        2024-07-17 22:31:24.031204
dynamic_TF_carry/EU-RETAIL        2024-07-17 22:31:24.031407
dynamic_TF_carry/BRE              2024-07-17 22:31:24.031611
dynamic_TF_carry/INR              2024-07-17 22:31:24.031815
dynamic_TF_carry/SOYBEAN_mini     2024-07-17 22:31:24.032017
dynamic_TF_carry/BOBL             2024-07-17 22:31:24.032222
dynamic_TF_carry/KRWUSD           2024-07-17 22:31:24.032425
dynamic_TF_carry/OJ               2024-07-17 22:31:24.032627
dynamic_TF_carry/JGB-SGX-mini     2024-07-17 22:31:24.032831
dynamic_TF_carry/BONO             2024-07-17 22:31:24.033035
dynamic_TF_carry/US-PROPERTY      2024-07-17 22:31:24.033241
dynamic_TF_carry/OMX              2024-07-17 22:31:24.033444
dynamic_TF_carry/LUMBER-new       2024-07-17 22:31:24.033646
dynamic_TF_carry/BOVESPA          2024-07-17 22:31:24.033849
dynamic_TF_carry/TWD              2024-07-17 22:31:24.034053
dynamic_TF_carry/DJSTX-SMALL      2024-07-17 22:31:24.034255
dynamic_TF_carry/SHATZ            2024-07-17 22:31:24.034457
dynamic_TF_carry/COTTON           2024-07-17 22:31:24.034659
dynamic_TF_carry/NOK              2024-07-17 22:31:24.034863
dynamic_TF_carry/KOSDAQ           2024-07-17 22:31:24.035066
dynamic_TF_carry/CHF              2024-07-17 22:31:24.035268
dynamic_TF_carry/NIKKEI           2024-07-17 22:31:24.035471
dynamic_TF_carry/BUND             2024-07-17 22:31:24.035673
dynamic_TF_carry/CHINAA-CON       2024-07-17 22:31:24.035876
dynamic_TF_carry/EU-INSURE        2024-07-17 22:31:24.036079
dynamic_TF_carry/ROBUSTA          2024-07-17 22:31:24.036283
dynamic_TF_carry/CAC              2024-07-17 22:31:24.036691
dynamic_TF_carry/CHFJPY           2024-07-17 22:31:24.036894
dynamic_TF_carry/US-REALESTATE    2024-07-17 22:31:24.037097
dynamic_TF_carry/EU-HEALTH        2024-07-17 22:31:24.037303
dynamic_TF_carry/KR10             2024-07-17 22:31:24.037507
dynamic_TF_carry/CORN             2024-07-17 22:31:24.037711
dynamic_TF_carry/EUROSTX-LARGE    2024-07-17 22:31:24.037914
dynamic_TF_carry/LEAD_LME         2024-07-17 22:31:24.038116
dynamic_TF_carry/FEEDCOW          2024-07-17 22:31:24.038320
dynamic_TF_carry/FTSEINDO         2024-07-17 22:31:24.038525
dynamic_TF_carry/CAD10            2024-07-17 22:31:24.038727
dynamic_TF_carry/EURO600          2024-07-17 22:31:24.038931
dynamic_TF_carry/DX               2024-07-17 22:31:24.039135
dynamic_TF_carry/VIX              2024-07-17 22:31:24.039339
dynamic_TF_carry/GAS_US_mini      2024-07-17 22:31:24.039543
dynamic_TF_carry/WHEAT            2024-07-17 22:31:24.039746
dynamic_TF_carry/JP-REALESTATE    2024-07-17 22:31:24.039950
dynamic_TF_carry/GASOILINE        2024-07-17 22:31:24.040152
dynamic_TF_carry/PLAT             2024-07-17 22:31:24.040357
dynamic_TF_carry/SMI-MID          2024-07-17 22:31:24.040561
dynamic_TF_carry/MILKWET          2024-07-17 22:31:24.040765
dynamic_TF_carry/SOFR             2024-07-17 22:31:24.040968
dynamic_TF_carry/COPPER-micro     2024-07-17 22:31:24.041173
dynamic_TF_carry/US20             2024-07-17 22:31:24.041375
dynamic_TF_carry/FTSECHINAH       2024-07-17 22:31:24.041579
dynamic_TF_carry/US10             2024-07-17 22:31:24.041782
dynamic_TF_carry/SP500_micro      2024-07-17 22:31:24.041986
dynamic_TF_carry/MXP              2024-07-17 22:31:24.042189
dynamic_TF_carry/FTSEVIET         2024-07-17 22:31:24.042392
dynamic_TF_carry/SARONA           2024-07-17 22:31:24.042596
dynamic_TF_carry/SPI200           2024-07-17 22:31:24.042799
dynamic_TF_carry/COPPER           2024-07-17 22:31:24.043002
dynamic_TF_carry/US-ENERGY        2024-07-17 22:31:24.043206
dynamic_TF_carry/CAD2             2024-07-17 22:31:24.043410
dynamic_TF_carry/EU-REALESTATE    2024-07-17 22:31:24.043613
dynamic_TF_carry/EU-DJ-UTIL       2024-07-17 22:31:24.043819
dynamic_TF_carry/US5              2024-07-17 22:31:24.044021
dynamic_TF_carry/NZD              2024-07-17 22:31:24.044227
dynamic_TF_carry/IBEX_mini        2024-07-17 22:31:24.044431
dynamic_TF_carry/ZAR              2024-07-17 22:31:24.044634
dynamic_TF_carry/ETHANOL          2024-07-17 22:31:24.044839
dynamic_TF_carry/COCOA            2024-07-17 22:31:24.045041
dynamic_TF_carry/LIVECOW          2024-07-17 22:31:24.045256
dynamic_TF_carry/MILKDRY          2024-07-17 22:31:24.045462
dynamic_TF_carry/HIGHYIELD        2024-07-17 22:31:24.045667
dynamic_TF_carry/EU-TECH          2024-07-17 22:31:24.045871
dynamic_TF_carry/SGD              2024-07-17 22:31:24.046074
dynamic_TF_carry/GBPCHF           2024-07-17 22:31:24.046278
dynamic_TF_carry/COTTON2          2024-07-17 22:31:24.046481
dynamic_TF_carry/EU-MID           2024-07-17 22:31:24.046686
dynamic_TF_carry/COCOA_LDN        2024-07-17 22:31:24.046891
dynamic_TF_carry/EU-BANKS         2024-07-17 22:31:24.047097
dynamic_TF_carry/JPY              2024-07-17 22:31:24.047302
dynamic_TF_carry/EUA              2024-07-17 22:31:24.047508
dynamic_TF_carry/US-FINANCE       2024-07-17 22:31:24.047713
dynamic_TF_carry/GASOIL           2024-07-17 22:31:24.047918
dynamic_TF_carry/EU-FOOD          2024-07-17 22:31:24.048123
dynamic_TF_carry/CAD5             2024-07-17 22:31:24.048327
dynamic_TF_carry/GILT             2024-07-17 22:31:24.048532
dynamic_TF_carry/AUDJPY           2024-07-17 22:31:24.048739
dynamic_TF_carry/MSCIEMASIA       2024-07-17 22:31:24.048943
dynamic_TF_carry/US3              2024-07-17 22:31:24.049150
dynamic_TF_carry/EU-MEDIA         2024-07-17 22:31:24.049354
dynamic_TF_carry/BTP3             2024-07-17 22:31:24.049559
dynamic_TF_carry/EU-DJ-TELECOM    2024-07-17 22:31:24.049762
dynamic_TF_carry/VNKI             2024-07-17 22:31:24.049967
dynamic_TF_carry/EUR              2024-07-17 22:31:24.050169
dynamic_TF_carry/CRUDE_W_mini     2024-07-17 22:31:24.050373
dynamic_TF_carry/EUROSTX200-LARGE 2024-07-17 22:31:24.050578
dynamic_TF_carry/SUGAR_WHITE      2024-07-17 22:31:24.050782
dynamic_TF_carry/GBPJPY           2024-07-17 22:31:24.050986
dynamic_TF_carry/AUD              2024-07-17 22:31:24.051191
dynamic_TF_carry/MSCITAIWAN       2024-07-17 22:31:24.051396
dynamic_TF_carry/WHEY             2024-07-17 22:31:24.051600
dynamic_TF_carry/EURCHF           2024-07-17 22:31:24.051805
dynamic_TF_carry/CANOLA           2024-07-17 22:31:24.052008
dynamic_TF_carry/KR3              2024-07-17 22:31:24.052212
dynamic_TF_carry/EU-UTILS         2024-07-17 22:31:24.052414
dynamic_TF_carry/BTP              2024-07-17 22:31:24.052617
dynamic_TF_carry/EURIBOR          2024-07-17 22:31:24.052821
dynamic_TF_carry/US-HEALTH        2024-07-17 22:31:24.053024
dynamic_TF_carry/EU-AUTO          2024-07-17 22:31:24.053231
dynamic_TF_carry/COPPER_LME       2024-07-17 22:31:24.053436
dynamic_TF_carry/US30             2024-07-17 22:31:24.053641
dynamic_TF_carry/US2              2024-07-17 22:31:24.053845
dynamic_TF_carry/REDWHEAT         2024-07-17 22:31:24.054049
dynamic_TF_carry/MIB              2024-07-17 22:31:24.054253
dynamic_TF_carry/US10U            2024-07-17 22:31:24.054458
dynamic_TF_carry/COFFEE           2024-07-17 22:31:24.054662
dynamic_TF_carry/FTSE250          2024-07-17 22:31:24.054867
dynamic_TF_carry/EU-CONSTRUCTION  2024-07-17 22:31:24.055071
dynamic_TF_carry/BUTTER           2024-07-17 22:31:24.055304
dynamic_TF_carry/MUMMY            2024-07-17 22:31:24.055716
dynamic_TF_carry/STEEL            2024-07-17 22:31:24.055922
dynamic_TF_carry/US-INDUSTRY      2024-07-17 22:31:24.056125
dynamic_TF_carry/WHEAT_ICE        2024-07-17 22:31:24.056329
dynamic_TF_carry/KOSPI_mini       2024-07-17 22:31:24.056532
dynamic_TF_carry/NIKKEI400        2024-07-17 22:31:24.056737
dynamic_TF_carry/FANG             2024-07-17 22:31:24.056941
dynamic_TF_carry/MSCIEAFA         2024-07-17 22:31:24.057148
dynamic_TF_carry/DAX              2024-07-17 22:31:24.057558
dynamic_TF_carry/SOYMEAL          2024-07-17 22:31:24.057762
dynamic_TF_carry/US-MATERIAL      2024-07-17 22:31:24.057966
dynamic_TF_carry/EU-DIV30         2024-07-17 22:31:24.058172
dynamic_TF_carry/SWISSLEAD        2024-07-17 22:31:24.058376
dynamic_TF_carry/MSCISING         2024-07-17 22:31:24.058582
dynamic_TF_carry/AEX              2024-07-17 22:31:24.058786
dynamic_TF_carry/EPRA-EUROPE      2024-07-17 22:31:24.058990
dynamic_TF_carry/GBPEUR           2024-07-17 22:31:24.059193
dynamic_TF_carry/BRENT_W          2024-07-17 22:31:24.059398
dynamic_TF_carry/BB3M             2024-07-17 22:31:24.059602
dynamic_TF_carry/EURAUD           2024-07-17 22:31:24.059806
dynamic_TF_carry/BUXL             2024-07-17 22:31:24.060010
dynamic_TF_carry/HANGTECH         2024-07-17 22:31:24.060214
dynamic_TF_carry/IG               2024-07-17 22:31:24.060416
dynamic_TF_carry/BITCOIN          2024-07-17 22:31:24.060619
dynamic_TF_carry/RICE             2024-07-17 22:31:24.060823
dynamic_TF_carry/GAS-LAST         2024-07-17 22:31:24.061027
dynamic_TF_carry/CRUDE_ICE        2024-07-17 22:31:24.061235
dynamic_TF_carry/V2X              2024-07-17 22:31:24.061440
dynamic_TF_carry/GBP              2024-07-17 22:31:24.061644
dynamic_TF_carry/EUR_micro        2024-07-17 22:31:24.061848
dynamic_TF_carry/LEANHOG          2024-07-17 22:31:24.062053
dynamic_TF_carry/SOYBEAN          2024-07-17 22:31:24.062257
dynamic_TF_carry/EU-BASIC         2024-07-17 22:31:24.062461
dynamic_TF_carry/FTSECHINAA       2024-07-17 22:31:24.062666
dynamic_TF_carry/GICS             2024-07-17 22:31:24.062869
dynamic_TF_carry/CH10             2024-07-17 22:31:24.063074
dynamic_TF_carry/EU-TRAVEL        2024-07-17 22:31:24.063276
dynamic_TF_carry/KRWUSD_mini      2024-07-17 22:31:24.063479
dynamic_TF_carry/BBCOMM           2024-07-17 22:31:24.063683
dynamic_TF_carry/NICKEL_LME       2024-07-17 22:31:24.064090
dynamic_TF_carry/FTSETAIWAN       2024-07-17 22:31:24.064295
dynamic_TF_carry/RUR              2024-07-17 22:31:24.064498
dynamic_TF_carry/HOUSE-US         2024-07-17 22:31:24.064703
dynamic_TF_carry/SOYOIL           2024-07-17 22:31:24.064906
dynamic_TF_carry/RUSSELL          2024-07-17 22:31:24.065109
dynamic_TF_carry/HANGENT_mini     2024-07-17 22:31:24.065316
dynamic_TF_carry/TIN_LME          2024-07-17 22:31:24.065520
dynamic_TF_carry/GAS-PEN          2024-07-17 22:31:24.065724
dynamic_TF_carry/RUBBER           2024-07-17 22:31:24.065928
dynamic_TF_carry/SILVER           2024-07-17 22:31:24.066132
dynamic_TF_carry/R1000            2024-07-17 22:31:24.066336
dynamic_TF_carry/EU-HOUSE         2024-07-17 22:31:24.066540
dynamic_TF_carry/ZINC_LME         2024-07-17 22:31:24.066743
dynamic_TF_carry/US-STAPLES       2024-07-17 22:31:24.066948
dynamic_TF_carry/ETHEREUM         2024-07-17 22:31:24.067153
dynamic_TF_carry/CAD              2024-07-17 22:31:24.067356
dynamic_TF_carry/KOSPI            2024-07-17 22:31:24.067561
dynamic_TF_carry/CLP              2024-07-17 22:31:24.067765
dynamic_TF_carry/SUGAR11          2024-07-17 22:31:24.067971
dynamic_TF_carry/OATIES           2024-07-17 22:31:24.068174
dynamic_TF_carry/CZK              2024-07-17 22:31:24.068379
dynamic_TF_carry/COAL-GEORDIE     2024-07-17 22:31:24.068583
dynamic_TF_carry/SUGAR16          2024-07-17 22:31:24.068786
dynamic_TF_carry/SEK              2024-07-17 22:31:24.068991
dynamic_TF_carry/EU-OIL           2024-07-17 22:31:24.069199
dynamic_TF_carry/DOW              2024-07-17 22:31:24.069610
dynamic_TF_carry/COAL             2024-07-17 22:31:24.069815
dynamic_TF_carry/EURIBOR-ICE      2024-07-17 22:31:24.070020
dynamic_TF_carry/BRENT-LAST       2024-07-17 22:31:24.070225
dynamic_TF_carry/US-UTILS         2024-07-17 22:31:24.070429
dynamic_TF_carry/EUROSTX-SMALL    2024-07-17 22:31:24.070633
dynamic_TF_carry/PLN              2024-07-17 22:31:24.070836
dynamic_TF_carry/FTSE100          2024-07-17 22:31:24.071041
dynamic_TF_carry/GOLD_micro       2024-07-17 22:31:24.071245
dynamic_TF_carry/SMI              2024-07-17 22:31:24.071449
dynamic_TF_carry/SP400            2024-07-17 22:31:24.071654
dynamic_TF_carry/US-TECH          2024-07-17 22:31:24.072062
dynamic_TF_carry/MILLWHEAT        2024-07-17 22:31:24.072267
dynamic_TF_carry/ALUMINIUM        2024-07-17 22:31:24.072472
dynamic_TF_carry/US-DISCRETE      2024-07-17 22:31:24.072676
dynamic_TF_carry/MILK             2024-07-17 22:31:24.072880
dynamic_TF_carry/TOPIX            2024-07-17 22:31:24.073085
dynamic_TF_carry/AUD_micro        2024-07-17 22:31:24.073292
dynamic_TF_carry/IRS              2024-07-17 22:31:24.073496
dynamic_TF_carry/HEATOIL          2024-07-17 22:31:24.073701
dynamic_TF_carry/MSCIASIA         2024-07-17 22:31:24.074111


======================================================================================================================
                                                Status of trade limits                                                
======================================================================================================================

                   period_days  trade_limit  trades_since_last_reset  trade_capacity_remaining   time_since_last_reset
 VIX                        30            5                      5.0                       0.0  9 days 07:51:32.762350
 VIX                        14            4                      2.0                       2.0  2 days 07:56:11.355596
 YENEUR                     30            4                      1.0                       3.0 28 days 07:56:16.470473
 GAS_US_mini                14            4                      1.0                       3.0  8 days 08:45:07.448603
 BUXL                       30            4                      1.0                       3.0 12 days 14:56:22.264223
 BUXL                       14            4                      1.0                       3.0 12 days 14:56:22.265003
 BUND                       30            4                      1.0                       3.0  8 days 14:56:36.984366
 EU-HOUSE                    1            4                      0.0                       4.0  0 days 00:00:00.000001
 EU-DJ-UTIL                  1            4                      0.0                       4.0  0 days 00:00:00.000002
 EU-DJ-TELECOM               1            4                      0.0                       4.0  0 days 00:00:00.000002
 EU-DJ-TECH                  1            4                      0.0                       4.0  0 days 00:00:00.000001
 EU-DJ-OIL                   1            4                      0.0                       4.0  0 days 00:00:00.000001
 EU-CONSTRUCTION             1            4                      0.0                       4.0  0 days 00:00:00.000001
 ETHANOL                     1            4                      0.0                       4.0  0 days 00:00:00.000001
 COTTON                      1            4                      0.0                       4.0  0 days 00:00:00.000001
 EU-MEDIA                    1            4                      0.0                       4.0  0 days 00:00:00.000001
 COPPER-mini                 1            4                      0.0                       4.0  0 days 00:00:00.000001
 CNH-onshore                 1            4                      0.0                       4.0  0 days 00:00:00.000002
 CLP                         1            4                      0.0                       4.0  0 days 00:00:00.000002
 CH10                        1            4                      0.0                       4.0  0 days 00:00:00.000002
 BUTTER                      1            4                      0.0                       4.0  0 days 00:00:00.000002
 BOVESPA                     1            4                      0.0                       4.0  0 days 00:00:00.000002
 BEL20                       1            4                      0.0                       4.0  0 days 00:00:00.000002
 CZK                         1            4                      0.0                       4.0  0 days 00:00:00.000001
 EU-MID                      1            4                      0.0                       4.0  0 days 00:00:00.000001
 CORN                        1            4                      0.0                       4.0  0 days 07:26:37.535199
 ALUMINIUM                   1            4                      0.0                       4.0  0 days 00:00:00.000002
 US-HEALTH                   1            4                      0.0                       4.0  0 days 00:00:00.000001
 US-FINANCE                  1            4                      0.0                       4.0  0 days 00:00:00.000001
 US-ENERGY                   1            4                      0.0                       4.0  0 days 00:00:00.000001
 US-DISCRETE                 1            4                      0.0                       4.0  0 days 00:00:00.000001
 SMI-MID                     1            4                      0.0                       4.0  0 days 00:00:00.000001
 SGX                         1            4                      0.0                       4.0  0 days 00:00:00.000001
 SGD                         1            4                      0.0                       4.0  0 days 00:00:00.000001
 OMX                         1            4                      0.0                       4.0  0 days 00:00:00.000001
 MSCIASIA                    1            4                      0.0                       4.0  0 days 00:00:00.000001
 EU-REALESTATE               1            4                      0.0                       4.0  0 days 00:00:00.000001
 MILKWET                     1            4                      0.0                       4.0  0 days 00:00:00.000002
 MID-DAX                     1            4                      0.0                       4.0  0 days 00:00:00.000001
 JP-REALESTATE               1            4                      0.0                       4.0  0 days 00:00:00.000002
 JGB-SGX-mini                1            4                      0.0                       4.0  0 days 00:00:00.000001
 IRS                         1            4                      0.0                       4.0  0 days 00:00:00.000001
 FTSEINDO                    1            4                      0.0                       4.0  0 days 00:00:00.000001
 EUROSTX200-LARGE            1            4                      0.0                       4.0  0 days 00:00:00.000001
 EUROSTX-SMALL               1            4                      0.0                       4.0  0 days 00:00:00.000001
 EUROSTX-LARGE               1            4                      0.0                       4.0  0 days 00:00:00.000001
 EURIBOR                     1            4                      0.0                       4.0  0 days 00:00:00.000001
 MILKDRY                     1            4                      0.0                       4.0  0 days 00:00:00.000002
 EURCHF                      1            4                      0.0                       4.0  0 days 00:00:00.000001
 US10U                      30            4                      0.0                       4.0  0 days 00:00:00.000001
 US3                        30            4                      0.0                       4.0  0 days 00:00:00.000001
 NOK                        14            4                      0.0                       4.0  0 days 00:00:00.000002
 ZAR                         1            4                      0.0                       4.0  0 days 00:00:00.000001
 KRWUSD                     14            4                      0.0                       4.0  0 days 00:00:00.000001
 JGB                        14            4                      0.0                       4.0  0 days 00:00:00.000001
 HEATOIL                    14            4                      0.0                       4.0  0 days 00:00:00.000002
 GBPEUR                     14            4                      0.0                       4.0  0 days 00:00:00.000002
 GAS-LAST                   14            4                      0.0                       4.0  0 days 00:00:00.000002
 FTSETAIWAN                 14            4                      0.0                       4.0  0 days 20:54:02.320085
 EU-TECH                    14            4                      0.0                       4.0  0 days 00:00:00.000002
 EU-CHEM                    14            4                      0.0                       4.0  0 days 00:00:00.000001
 ETHEREUM                   14            4                      0.0                       4.0  0 days 00:00:00.000002
 CNH                        14            4                      0.0                       4.0  0 days 00:00:00.000001
 BTP3                       14            4                      0.0                       4.0  0 days 00:00:00.000002
 BRENT-LAST                 14            4                      0.0                       4.0  0 days 00:00:00.000002
 BONO                       14            4                      0.0                       4.0  0 days 00:00:00.000001
 YENEUR                      1            4                      0.0                       4.0  0 days 00:00:00.000001
 US3                         1            4                      0.0                       4.0  0 days 00:00:00.000002
 US10U                       1            4                      0.0                       4.0  0 days 00:00:00.000002
 US-REALESTATE               1            4                      0.0                       4.0  0 days 00:00:00.000002
 R1000                      14            4                      0.0                       4.0  0 days 00:00:00.000002
 REDWHEAT                   14            4                      0.0                       4.0  0 days 00:00:00.000002
 SEK                        14            4                      0.0                       4.0  0 days 00:00:00.000001
 SP400                      14            4                      0.0                       4.0  0 days 00:00:00.000002
 US-INDUSTRY                 1            4                      0.0                       4.0  0 days 00:00:00.000001
 SP400                      30            4                      0.0                       4.0  0 days 00:00:00.000002
