
********************************************************************************
                   Status report produced on 09/09/2024 22:55                   
********************************************************************************


Delayed methods: No delays

=================================
  Delayed adjusted / FX prices   
=================================

                      last_update
TWD           2024-09-02 23:00:00
SGX           2024-09-02 23:00:00
TIN_LME       2024-09-05 23:00:00
CNH-onshore   2024-09-05 23:00:00
ALUMINIUM_LME 2024-09-06 10:00:00
NICKEL_LME    2024-09-06 11:00:00
ZINC_LME      2024-09-06 12:00:00
COPPER_LME    2024-09-06 15:00:00
LEAD_LME      2024-09-06 15:00:00

Delayed optimal positions: No delays
Instruments at trade limit: No constraints

================================================
         Instruments at position limit          
================================================

                 keys  position pos_limit  spare
193         EU-RETAIL         0       0.0    0.0
77             EURCAD         0       0.0    0.0
76               COAL         0       0.0    0.0
190       CNH-onshore         0       0.0    0.0
192        BRENT-LAST        -1       1.0    0.0
195              VNKI         0       0.0    0.0
201           ETHANOL         0       0.0    0.0
66               CH10         0       0.0    0.0
61        EPRA-EUROPE         0       0.0    0.0
58                SGX         0       0.0    0.0
57      EUROSTX-LARGE         0       0.0    0.0
211               NOK         0       0.0    0.0
212               RUR         0       0.0    0.0
213       COPPER-mini         0       0.0    0.0
51          SWISSLEAD         0       0.0    0.0
49             BUTTER         0       0.0    0.0
215      COAL-GEORDIE         0       0.0    0.0
220            EURCHF         0       0.0    0.0
84                IRS         0       0.0    0.0
176               OMX         0       0.0    0.0
95                CLP         0       0.0    0.0
99            MILKWET         0       0.0    0.0
142          EU-HOUSE         0       0.0    0.0
141               CZK         0       0.0    0.0
140             R1000         0       0.0    0.0
136         HIGHYIELD         0       0.0    0.0
150          SGD_mini         0       0.0    0.0
132           MILKDRY         0       0.0    0.0
154   GASOILINE_micro         0       0.0    0.0
157          JPY_mini         0       0.0    0.0
223               SEK         0       0.0    0.0
126               JGB         0       0.0    0.0
164            EURAUD         0       0.0    0.0
116              GICS         0       0.0    0.0
113         CHF_micro         0       0.0    0.0
111              WHEY         0       0.0    0.0
110           TIN_LME         0       0.0    0.0
169           GAS-PEN        -1       1.0    0.0
171          AEX_mini         0       0.0    0.0
103           US-TECH         0       0.0    0.0
120       HEATOIL-ICE         0       0.0    0.0
44              STEEL         0       0.0    0.0
144            AUDJPY         0       0.0    0.0
32                PLN         0       0.0    0.0
236          HOUSE-US         0       0.0    0.0
238          ETHEREUM         0       0.0    0.0
29             COTTON         0       0.0    0.0
10           JGB-mini         0       0.0    0.0
229               TWD         0       0.0    0.0
30             PALLAD         0       0.0    0.0
9     EU-CONSTRUCTION         0       0.0    0.0
17      EU-DJ-TELECOM         0       0.0    0.0
18   EUROSTX200-LARGE         0       0.0    0.0
14            BOVESPA         0       0.0    0.0
19             KRWUSD         0       0.0    0.0
235          EU-MEDIA         0       0.0    0.0
234        COPPER_LME         0       0.0    0.0
245          TWD-mini         0       0.0    0.0
36            EU-CHEM         0       0.0    0.0
232            CHFJPY         0       0.0    0.0
37            SMI-MID         0       0.0    0.0
230             SP400         0       0.0    0.0
249         EU-TRAVEL         0       0.0    0.0
241                IG         0       0.0    0.0
3          EU-DJ-TECH         0       0.0    0.0
39             NASDAQ         0       0.0    0.0
248            GBPJPY         0       0.0    0.0


==========================================================
         Overrides in database consider deleting          
==========================================================

                                                  override
NICKEL_LME              Override Close because in database
BB3M              Override Reduce only because in database
ALUMINIUM_LME     Override Reduce only because in database
SPI200            Override Reduce only because in database
FTSE100           Override Reduce only because in database
JGB-mini          Override Reduce only because in database
GAS-PEN           Override Reduce only because in database
RICE              Override Reduce only because in database
VNKI              Override Reduce only because in database
SGD               Override Reduce only because in database
CNH-onshore       Override Reduce only because in database
TWD-mini          Override Reduce only because in database
IRS               Override Reduce only because in database
NIKKEI400         Override Reduce only because in database
JP-REALESTATE     Override Reduce only because in database
TWD               Override Reduce only because in database
VIX_mini          Override Reduce only because in database
MIB               Override Reduce only because in database
MSCIASIA          Override Reduce only because in database
CZK               Override Reduce only because in database
FTSE250           Override Reduce only because in database
EU-REALESTATE     Override Reduce only because in database
IBEX              Override Reduce only because in database
OATIES            Override Reduce only because in database
EU-DJ-UTIL        Override Reduce only because in database
EUROSTX           Override Reduce only because in database
RUR               Override Reduce only because in database
CHINAA-CON        Override Reduce only because in database
CAC               Override Reduce only because in database
US-PROPERTY       Override Reduce only because in database
US-ENERGY         Override Reduce only because in database
US-HEALTH         Override Reduce only because in database
EU-HOUSE          Override Reduce only because in database
EURAUD            Override Reduce only because in database
FANG              Override Reduce only because in database
EU-UTILS          Override Reduce only because in database
EU-AUTO           Override Reduce only because in database
EU-INSURE         Override Reduce only because in database
DAX               Override Reduce only because in database
EUROSTX-SMALL     Override Reduce only because in database
DJSTX-SMALL       Override Reduce only because in database
US-MATERIAL       Override Reduce only because in database
US-FINANCE        Override Reduce only because in database
US-DISCRETE       Override Reduce only because in database
US-INDUSTRY       Override Reduce only because in database
US-TECH           Override Reduce only because in database
EU-MID            Override Reduce only because in database
EURO600           Override Reduce only because in database
EU-MEDIA          Override Reduce only because in database
EUROSTX-LARGE     Override Reduce only because in database
US-UTILS          Override Reduce only because in database
EU-HEALTH         Override Reduce only because in database
GASOILINE_micro   Override Reduce only because in database
EU-TECH           Override Reduce only because in database
MSCIWORLD         Override Reduce only because in database
YENEUR            Override Reduce only because in database
SMI               Override Reduce only because in database
EU-DIV30          Override Reduce only because in database
EUROSTX200-LARGE  Override Reduce only because in database
OMX               Override Reduce only because in database
INR               Override Reduce only because in database
MSCIEAFA          Override Reduce only because in database
DOW_mini          Override Reduce only because in database
CHFJPY            Override Reduce only because in database
NOK               Override Reduce only because in database
IBEX_mini         Override Reduce only because in database
EU-DJ-OIL         Override Reduce only because in database
EU-BANKS          Override Reduce only because in database
EU-FOOD           Override Reduce only because in database
RUSSELL_mini      Override Reduce only because in database
EU-OIL            Override Reduce only because in database
EU-DJ-TECH        Override Reduce only because in database
CAD_micro         Override Reduce only because in database
US-STAPLES        Override Reduce only because in database
AEX               Override Reduce only because in database
R1000             Override Reduce only because in database
AEX_mini          Override Reduce only because in database
GBPJPY            Override Reduce only because in database
NASDAQ            Override Reduce only because in database
SP400             Override Reduce only because in database
EU-BASIC          Override Reduce only because in database
GBPCHF            Override Reduce only because in database
EU-CHEM           Override Reduce only because in database
EU-TRAVEL         Override Reduce only because in database
EU-DJ-TELECOM     Override Reduce only because in database
EU-CONSTRUCTION   Override Reduce only because in database
EPRA-EUROPE       Override Reduce only because in database
EU-RETAIL         Override Reduce only because in database
EURCHF            Override Reduce only because in database
SWISSLEAD         Override Reduce only because in database
SMI-MID           Override Reduce only because in database
FTSEINDO          Override Reduce only because in database
FTSECHINAA        Override Reduce only because in database
BUTTER            Override Reduce only because in database
FTSETAIWAN        Override Reduce only because in database
STEEL             Override Reduce only because in database
COTTON            Override Reduce only because in database
US-REALESTATE     Override Reduce only because in database
COAL              Override Reduce only because in database
CHEESE            Override Reduce only because in database
HANGENT_mini      Override Reduce only because in database
SGX               Override Reduce only because in database
FTSEVIET          Override Reduce only because in database

Locked instruments (position mismatch): []

==============================================
Status of adjusted price / FX price collection
==============================================

                         last_update
TWD              2024-09-02 23:00:00
SGX              2024-09-02 23:00:00
TIN_LME          2024-09-05 23:00:00
CNH-onshore      2024-09-05 23:00:00
ALUMINIUM_LME    2024-09-06 10:00:00
NICKEL_LME       2024-09-06 11:00:00
ZINC_LME         2024-09-06 12:00:00
COPPER_LME       2024-09-06 15:00:00
LEAD_LME         2024-09-06 15:00:00
OMX              2024-09-06 23:00:00
KRWUSD           2024-09-06 23:00:00
CLP              2024-09-06 23:00:00
ETHANOL          2024-09-06 23:00:00
CZK              2024-09-06 23:00:00
EUROSTX-LARGE    2024-09-06 23:00:00
HOUSE-US         2024-09-06 23:00:00
COTTON           2024-09-06 23:00:00
MSCIEMASIA       2024-09-06 23:00:00
COAL-GEORDIE     2024-09-06 23:00:00
RUR              2024-09-06 23:00:00
MILKWET          2024-09-06 23:00:00
EU-HOUSE         2024-09-06 23:00:00
BB3M             2024-09-06 23:00:00
BOVESPA          2024-09-06 23:00:00
WHEY             2024-09-06 23:00:00
SWISSLEAD        2024-09-06 23:00:00
SUGAR16          2024-09-06 23:00:00
VNKI             2024-09-09 04:00:00
SGD_mini         2024-09-09 04:00:00
TWD-mini         2024-09-09 05:00:00
JGB-mini         2024-09-09 06:00:00
MSCITAIWAN       2024-09-09 06:00:00
KOSPI_mini       2024-09-09 07:00:00
KR10*            2024-09-09 07:00:00
KR3              2024-09-09 07:00:00
JP-REALESTATE    2024-09-09 07:00:00
FTSEVIET         2024-09-09 07:00:00
KOSDAQ           2024-09-09 07:00:00
KOSPI            2024-09-09 07:00:00
EU-MID           2024-09-09 08:00:00
EURIBOR          2024-09-09 08:00:00
HANG_mini        2024-09-09 09:00:00
HANGENT_mini*    2024-09-09 09:00:00
HANG             2024-09-09 09:00:00
HANGENT          2024-09-09 09:00:00
EPRA-EUROPE      2024-09-09 09:00:00
FTSECHINAH       2024-09-09 09:00:00
CHINAA-CON*      2024-09-09 09:00:00
SPI200           2024-09-09 09:00:00
SGD              2024-09-09 09:00:00
SMI-MID          2024-09-09 09:00:00
HANGTECH         2024-09-09 09:00:00
JGB-SGX-mini     2024-09-09 10:00:00
KRWUSD_mini      2024-09-09 10:00:00
NIKKEI*          2024-09-09 10:00:00
IRON*            2024-09-09 10:00:00
FTSETAIWAN       2024-09-09 10:00:00
TOPIX            2024-09-09 10:00:00
FTSECHINAA*      2024-09-09 10:00:00
RUBBER           2024-09-09 10:00:00
CNH              2024-09-09 10:00:00
FTSEINDO         2024-09-09 10:00:00
JGB              2024-09-09 10:00:00
MUMMY*           2024-09-09 10:00:00
MSCISING*        2024-09-09 10:00:00
NIKKEI400        2024-09-09 10:00:00
CH10             2024-09-09 13:00:00
EUROSTX200-LARGE 2024-09-09 13:00:00
EU-CHEM          2024-09-09 14:00:00
EURAUD           2024-09-09 14:30:00
GBPCHF           2024-09-09 15:00:00
EU-UTILS         2024-09-09 15:00:00
GASOILINE_micro  2024-09-09 15:00:00
EUA              2024-09-09 15:00:00
HEATOIL-ICE      2024-09-09 15:00:00
IBEX_mini        2024-09-09 15:00:00
IBEX             2024-09-09 15:00:00
FTSE100          2024-09-09 15:00:00
GBPJPY           2024-09-09 15:00:00
GILT             2024-09-09 15:00:00
EURIBOR-ICE      2024-09-09 15:00:00
IG               2024-09-09 15:00:00
FTSE250          2024-09-09 15:00:00
DJSTX-SMALL      2024-09-09 15:00:00
EU-RETAIL        2024-09-09 15:00:00
WHEAT_ICE        2024-09-09 15:00:00
SUGAR_WHITE      2024-09-09 15:00:00
BRENT_W          2024-09-09 15:00:00
SONIA3           2024-09-09 15:00:00
SARONA           2024-09-09 15:00:00
ROBUSTA          2024-09-09 15:00:00
COAL             2024-09-09 15:00:00
COCOA_LDN        2024-09-09 15:00:00
IRS              2024-09-09 15:00:00
CRUDE_ICE        2024-09-09 15:00:00
MSCIWORLD        2024-09-09 15:00:00
EU-DJ-TECH       2024-09-09 15:00:00
EU-MEDIA         2024-09-09 15:00:00
EU-INSURE        2024-09-09 15:00:00
EU-DJ-UTIL       2024-09-09 15:00:00
EU-DJ-TELECOM    2024-09-09 15:00:00
MILLWHEAT        2024-09-09 15:00:00
EU-DJ-OIL        2024-09-09 15:00:00
GASOILINE_ICE    2024-09-09 15:00:00
EU-DIV30         2024-09-09 15:00:00
MIB              2024-09-09 15:00:00
GASOIL           2024-09-09 15:00:00
MILKDRY          2024-09-09 15:00:00
OAT              2024-09-09 16:00:00
SHATZ            2024-09-09 16:00:00
SMI              2024-09-09 16:00:00
V2X              2024-09-09 16:00:00
PLN              2024-09-09 16:00:00
MSCIASIA         2024-09-09 16:00:00
AEX              2024-09-09 16:00:00
DAX              2024-09-09 16:00:00
EU-HEALTH        2024-09-09 16:00:00
EU-OIL*          2024-09-09 16:00:00
EU-REALESTATE    2024-09-09 16:00:00
EU-TECH          2024-09-09 16:00:00
EU-TRAVEL        2024-09-09 16:00:00
BONO             2024-09-09 16:00:00
EURCAD           2024-09-09 16:00:00
EURO600          2024-09-09 16:00:00
EU-CONSTRUCTION  2024-09-09 16:00:00
EUROSTX          2024-09-09 16:00:00
EU-BASIC         2024-09-09 16:00:00
EUROSTX-SMALL    2024-09-09 16:00:00
EU-FOOD          2024-09-09 16:00:00
BTP              2024-09-09 16:00:00
BUXL             2024-09-09 16:00:00
AEX_mini         2024-09-09 16:00:00
BUND             2024-09-09 16:00:00
EU-BANKS*        2024-09-09 16:00:00
CAC              2024-09-09 16:00:00
BOBL             2024-09-09 16:00:00
BTP3             2024-09-09 16:00:00
EU-AUTO          2024-09-09 16:00:00
BBCOMM           2024-09-09 16:00:00
R1000            2024-09-09 17:00:00
GBPEUR           2024-09-09 17:00:00
SUGAR11          2024-09-09 17:00:00
OJ               2024-09-09 18:00:00
COCOA            2024-09-09 18:00:00
JPY_mini         2024-09-09 18:00:00
CHFJPY           2024-09-09 18:00:00
COFFEE           2024-09-09 18:00:00
COPPER-mini      2024-09-09 18:00:00
INR              2024-09-09 18:00:00
EUR_mini         2024-09-09 18:00:00
SEK              2024-09-09 18:00:00
REDWHEAT         2024-09-09 19:00:00
CORN*            2024-09-09 19:00:00
SOYBEAN_mini     2024-09-09 19:00:00
US-DISCRETE      2024-09-09 19:00:00
SOYBEAN          2024-09-09 19:00:00
BUTTER           2024-09-09 19:00:00
NOK              2024-09-09 19:00:00
CAD10            2024-09-09 19:00:00
CHF_micro        2024-09-09 19:00:00
OATIES           2024-09-09 19:00:00
CAD5             2024-09-09 19:00:00
STEEL            2024-09-09 19:00:00
CANOLA*          2024-09-09 19:00:00
CORN_mini        2024-09-09 19:00:00
COTTON2*         2024-09-09 19:00:00
RICE             2024-09-09 19:00:00
US-PROPERTY      2024-09-09 19:00:00
GAS_US_mini*     2024-09-09 19:00:00
ZAR              2024-09-09 19:00:00
FEEDCOW          2024-09-09 19:00:00
ALUMINIUM*       2024-09-09 19:00:00
WHEAT_mini       2024-09-09 19:00:00
WHEAT*           2024-09-09 19:00:00
FANG             2024-09-09 19:00:00
EURCHF           2024-09-09 19:00:00
LEANHOG*         2024-09-09 19:00:00
LIVECOW          2024-09-09 19:00:00
HIGHYIELD        2024-09-09 19:00:00
SOYOIL           2024-09-09 19:00:00
SOYMEAL*         2024-09-09 19:00:00
LUMBER-new       2024-09-09 19:00:00
US-REALESTATE    2024-09-09 20:00:00
US-STAPLES       2024-09-09 20:00:00
YENEUR           2024-09-09 20:00:00
SP400            2024-09-09 20:00:00
US-INDUSTRY      2024-09-09 20:00:00
SP500            2024-09-09 20:00:00
US-HEALTH        2024-09-09 20:00:00
SP500_micro      2024-09-09 20:00:00
AUD              2024-09-09 20:00:00
US-FINANCE       2024-09-09 20:00:00
AUDJPY           2024-09-09 20:00:00
VIX_mini         2024-09-09 20:00:00
US-UTILS         2024-09-09 20:00:00
AUD_micro        2024-09-09 20:00:00
US5              2024-09-09 20:00:00
BRENT-LAST*      2024-09-09 20:00:00
BRE              2024-09-09 20:00:00
US-MATERIAL      2024-09-09 20:00:00
US-TECH          2024-09-09 20:00:00
US30             2024-09-09 20:00:00
US3              2024-09-09 20:00:00
BITCOIN*         2024-09-09 20:00:00
US20*            2024-09-09 20:00:00
US2              2024-09-09 20:00:00
US10U            2024-09-09 20:00:00
US10             2024-09-09 20:00:00
VIX*             2024-09-09 20:00:00
US-ENERGY        2024-09-09 20:00:00
GAS-PEN*         2024-09-09 20:00:00
SILVER           2024-09-09 20:00:00
DOW_mini         2024-09-09 20:00:00
DX               2024-09-09 20:00:00
ETHER-micro      2024-09-09 20:00:00
SOFR             2024-09-09 20:00:00
JPY              2024-09-09 20:00:00
EUR              2024-09-09 20:00:00
HEATOIL          2024-09-09 20:00:00
EUR_micro        2024-09-09 20:00:00
GOLD_micro       2024-09-09 20:00:00
GOLD-mini        2024-09-09 20:00:00
GOLD             2024-09-09 20:00:00
FED              2024-09-09 20:00:00
GICS             2024-09-09 20:00:00
GBP_micro        2024-09-09 20:00:00
GAS-LAST         2024-09-09 20:00:00
GBP*             2024-09-09 20:00:00
GAS_US           2024-09-09 20:00:00
DOW              2024-09-09 20:00:00
MILK             2024-09-09 20:00:00
ETHEREUM         2024-09-09 20:00:00
CRUDE_W_micro    2024-09-09 20:00:00
CAD              2024-09-09 20:00:00
CAD2             2024-09-09 20:00:00
RUSSELL_mini     2024-09-09 20:00:00
RUSSELL*         2024-09-09 20:00:00
CRUDE_W_mini     2024-09-09 20:00:00
CHEESE           2024-09-09 20:00:00
GASOILINE        2024-09-09 20:00:00
CHF              2024-09-09 20:00:00
PLAT             2024-09-09 20:00:00
CAD_micro        2024-09-09 20:00:00
NZD              2024-09-09 20:00:00
COPPER           2024-09-09 20:00:00
NASDAQ_micro     2024-09-09 20:00:00
NASDAQ           2024-09-09 20:00:00
MXP              2024-09-09 20:00:00
COPPER-micro     2024-09-09 20:00:00
MSCIEAFA*        2024-09-09 20:00:00
CRUDE_W          2024-09-09 20:00:00
PALLAD           2024-09-09 20:00:00
CADUSD           2024-09-09 23:00:00
JPYUSD           2024-09-09 23:00:00
CNHUSD           2024-09-09 23:00:00
AUDUSD           2024-09-09 23:00:00
KRWUSD           2024-09-09 23:00:00
GBPUSD           2024-09-09 23:00:00
EURUSD           2024-09-09 23:00:00
MXPUSD           2024-09-09 23:00:00
SGDUSD           2024-09-09 23:00:00
HKDUSD           2024-09-09 23:00:00
CHFUSD           2024-09-09 23:00:00
SEKUSD           2024-09-09 23:00:00


============================================================
           Status of optimal position generation            
============================================================

                                                 last_update
dynamic_TF_carry/GBPCHF           2024-09-09 22:31:27.587767
dynamic_TF_carry/DAX              2024-09-09 22:31:27.587992
dynamic_TF_carry/CRUDE_ICE        2024-09-09 22:31:27.588203
dynamic_TF_carry/HANGENT_mini     2024-09-09 22:31:27.588411
dynamic_TF_carry/EURCAD           2024-09-09 22:31:27.588619
dynamic_TF_carry/TIN_LME          2024-09-09 22:31:27.588825
dynamic_TF_carry/US20             2024-09-09 22:31:27.589030
dynamic_TF_carry/GAS-LAST         2024-09-09 22:31:27.589446
dynamic_TF_carry/US30             2024-09-09 22:31:27.589649
dynamic_TF_carry/SOYBEAN_mini     2024-09-09 22:31:27.589854
dynamic_TF_carry/EURAUD           2024-09-09 22:31:27.590059
dynamic_TF_carry/CAD10            2024-09-09 22:31:27.590263
dynamic_TF_carry/WHEAT_ICE        2024-09-09 22:31:27.590467
dynamic_TF_carry/SILVER           2024-09-09 22:31:27.590670
dynamic_TF_carry/COCOA            2024-09-09 22:31:27.590875
dynamic_TF_carry/CHINAA-CON       2024-09-09 22:31:27.591079
dynamic_TF_carry/AUD_micro        2024-09-09 22:31:27.591282
dynamic_TF_carry/CHFJPY           2024-09-09 22:31:27.591486
dynamic_TF_carry/ALUMINIUM        2024-09-09 22:31:27.591690
dynamic_TF_carry/IBEX_mini        2024-09-09 22:31:27.591894
dynamic_TF_carry/NOK              2024-09-09 22:31:27.592098
dynamic_TF_carry/EUA              2024-09-09 22:31:27.592303
dynamic_TF_carry/BOBL             2024-09-09 22:31:27.592507
dynamic_TF_carry/HOUSE-US         2024-09-09 22:31:27.592711
dynamic_TF_carry/EU-OIL           2024-09-09 22:31:27.592914
dynamic_TF_carry/CZK              2024-09-09 22:31:27.593119
dynamic_TF_carry/JGB              2024-09-09 22:31:27.593328
dynamic_TF_carry/US5              2024-09-09 22:31:27.593532
dynamic_TF_carry/COTTON2          2024-09-09 22:31:27.593735
dynamic_TF_carry/PALLAD           2024-09-09 22:31:27.594143
dynamic_TF_carry/KOSDAQ           2024-09-09 22:31:27.594346
dynamic_TF_carry/EURIBOR          2024-09-09 22:31:27.594550
dynamic_TF_carry/INR              2024-09-09 22:31:27.594754
dynamic_TF_carry/SARONA           2024-09-09 22:31:27.594958
dynamic_TF_carry/SOYOIL           2024-09-09 22:31:27.595162
dynamic_TF_carry/SUGAR16          2024-09-09 22:31:27.595367
dynamic_TF_carry/KOSPI            2024-09-09 22:31:27.595571
dynamic_TF_carry/CRUDE_W_mini     2024-09-09 22:31:27.595776
dynamic_TF_carry/LEAD_LME         2024-09-09 22:31:27.595981
dynamic_TF_carry/GBP              2024-09-09 22:31:27.596186
dynamic_TF_carry/EU-HEALTH        2024-09-09 22:31:27.596392
dynamic_TF_carry/RICE             2024-09-09 22:31:27.596596
dynamic_TF_carry/CHF              2024-09-09 22:31:27.596799
dynamic_TF_carry/MSCISING         2024-09-09 22:31:27.597004
dynamic_TF_carry/SONIA3           2024-09-09 22:31:27.597213
dynamic_TF_carry/KRWUSD           2024-09-09 22:31:27.597418
dynamic_TF_carry/BONO             2024-09-09 22:31:27.597622
dynamic_TF_carry/COPPER-micro     2024-09-09 22:31:27.597827
dynamic_TF_carry/DJSTX-SMALL      2024-09-09 22:31:27.598030
dynamic_TF_carry/OMX              2024-09-09 22:31:27.598234
dynamic_TF_carry/SOYMEAL          2024-09-09 22:31:27.598438
dynamic_TF_carry/ETHANOL          2024-09-09 22:31:27.598644
dynamic_TF_carry/MSCIWORLD        2024-09-09 22:31:27.598849
dynamic_TF_carry/FTSE100          2024-09-09 22:31:27.599052
dynamic_TF_carry/NIKKEI400        2024-09-09 22:31:27.599256
dynamic_TF_carry/SUGAR_WHITE      2024-09-09 22:31:27.599460
dynamic_TF_carry/EU-CHEM          2024-09-09 22:31:27.599665
dynamic_TF_carry/DX               2024-09-09 22:31:27.599870
dynamic_TF_carry/VNKI             2024-09-09 22:31:27.600075
dynamic_TF_carry/US-TECH          2024-09-09 22:31:27.600279
dynamic_TF_carry/BB3M             2024-09-09 22:31:27.600484
dynamic_TF_carry/COPPER_LME       2024-09-09 22:31:27.600689
dynamic_TF_carry/HANGTECH         2024-09-09 22:31:27.600895
dynamic_TF_carry/EURCHF           2024-09-09 22:31:27.601099
dynamic_TF_carry/GAS_US_mini      2024-09-09 22:31:27.601307
dynamic_TF_carry/CH10             2024-09-09 22:31:27.601512
dynamic_TF_carry/KOSPI_mini       2024-09-09 22:31:27.601715
dynamic_TF_carry/GBPJPY           2024-09-09 22:31:27.601921
dynamic_TF_carry/FTSECHINAH       2024-09-09 22:31:27.602126
dynamic_TF_carry/MXP              2024-09-09 22:31:27.602330
dynamic_TF_carry/LEANHOG          2024-09-09 22:31:27.602534
dynamic_TF_carry/FTSEVIET         2024-09-09 22:31:27.602738
dynamic_TF_carry/EUR              2024-09-09 22:31:27.602942
dynamic_TF_carry/US-PROPERTY      2024-09-09 22:31:27.603145
dynamic_TF_carry/EU-REALESTATE    2024-09-09 22:31:27.603350
dynamic_TF_carry/EUROSTX-SMALL    2024-09-09 22:31:27.603554
dynamic_TF_carry/SP400            2024-09-09 22:31:27.603757
dynamic_TF_carry/EU-HOUSE         2024-09-09 22:31:27.604165
dynamic_TF_carry/MILLWHEAT        2024-09-09 22:31:27.604370
dynamic_TF_carry/SMI-MID          2024-09-09 22:31:27.604574
dynamic_TF_carry/US-STAPLES       2024-09-09 22:31:27.604780
dynamic_TF_carry/JP-REALESTATE    2024-09-09 22:31:27.604985
dynamic_TF_carry/SGD              2024-09-09 22:31:27.605192
dynamic_TF_carry/OATIES           2024-09-09 22:31:27.605604
dynamic_TF_carry/NICKEL_LME       2024-09-09 22:31:27.605808
dynamic_TF_carry/SPI200           2024-09-09 22:31:27.606012
dynamic_TF_carry/KR3              2024-09-09 22:31:27.606216
dynamic_TF_carry/FTSEINDO         2024-09-09 22:31:27.606420
dynamic_TF_carry/FEEDCOW          2024-09-09 22:31:27.606625
dynamic_TF_carry/ROBUSTA          2024-09-09 22:31:27.606830
dynamic_TF_carry/US10U            2024-09-09 22:31:27.607036
dynamic_TF_carry/CLP              2024-09-09 22:31:27.607241
dynamic_TF_carry/EU-TECH          2024-09-09 22:31:27.607446
dynamic_TF_carry/IRS              2024-09-09 22:31:27.607652
dynamic_TF_carry/MSCIEAFA         2024-09-09 22:31:27.607854
dynamic_TF_carry/RUBBER           2024-09-09 22:31:27.608058
dynamic_TF_carry/R1000            2024-09-09 22:31:27.608265
dynamic_TF_carry/BBCOMM           2024-09-09 22:31:27.608468
dynamic_TF_carry/GILT             2024-09-09 22:31:27.608671
dynamic_TF_carry/COFFEE           2024-09-09 22:31:27.608877
dynamic_TF_carry/CHEESE           2024-09-09 22:31:27.609083
dynamic_TF_carry/AUDJPY           2024-09-09 22:31:27.609291
dynamic_TF_carry/FED              2024-09-09 22:31:27.609498
dynamic_TF_carry/GASOIL           2024-09-09 22:31:27.609703
dynamic_TF_carry/CAD              2024-09-09 22:31:27.609910
dynamic_TF_carry/MILKWET          2024-09-09 22:31:27.610116
dynamic_TF_carry/US-DISCRETE      2024-09-09 22:31:27.610323
dynamic_TF_carry/SOFR             2024-09-09 22:31:27.610529
dynamic_TF_carry/BUXL             2024-09-09 22:31:27.610734
dynamic_TF_carry/NZD              2024-09-09 22:31:27.610940
dynamic_TF_carry/KR10             2024-09-09 22:31:27.611147
dynamic_TF_carry/ZAR              2024-09-09 22:31:27.611352
dynamic_TF_carry/EU-BASIC         2024-09-09 22:31:27.611557
dynamic_TF_carry/SHATZ            2024-09-09 22:31:27.611764
dynamic_TF_carry/PLAT             2024-09-09 22:31:27.611968
dynamic_TF_carry/SEK              2024-09-09 22:31:27.612175
dynamic_TF_carry/EURIBOR-ICE      2024-09-09 22:31:27.612380
dynamic_TF_carry/EU-DIV30         2024-09-09 22:31:27.612588
dynamic_TF_carry/FTSETAIWAN       2024-09-09 22:31:27.612792
dynamic_TF_carry/GBPEUR           2024-09-09 22:31:27.612998
dynamic_TF_carry/GOLD_micro       2024-09-09 22:31:27.613206
dynamic_TF_carry/BUND             2024-09-09 22:31:27.613412
dynamic_TF_carry/FANG             2024-09-09 22:31:27.613616
dynamic_TF_carry/OJ               2024-09-09 22:31:27.613819
dynamic_TF_carry/CAD2             2024-09-09 22:31:27.614024
dynamic_TF_carry/NIKKEI           2024-09-09 22:31:27.614228
dynamic_TF_carry/TWD              2024-09-09 22:31:27.614435
dynamic_TF_carry/WHEAT            2024-09-09 22:31:27.614640
dynamic_TF_carry/DOW              2024-09-09 22:31:27.614846
dynamic_TF_carry/EPRA-EUROPE      2024-09-09 22:31:27.615051
dynamic_TF_carry/SGX              2024-09-09 22:31:27.615254
dynamic_TF_carry/BTP              2024-09-09 22:31:27.615460
dynamic_TF_carry/EU-MID           2024-09-09 22:31:27.615665
dynamic_TF_carry/MUMMY            2024-09-09 22:31:27.615870
dynamic_TF_carry/PLN              2024-09-09 22:31:27.616076
dynamic_TF_carry/CRUDE_W_micro    2024-09-09 22:31:27.616281
dynamic_TF_carry/US3              2024-09-09 22:31:27.616504
dynamic_TF_carry/US-UTILS         2024-09-09 22:31:27.616709
dynamic_TF_carry/EU-CONSTRUCTION  2024-09-09 22:31:27.616916
dynamic_TF_carry/SMI              2024-09-09 22:31:27.617121
dynamic_TF_carry/HANG_mini        2024-09-09 22:31:27.617329
dynamic_TF_carry/MSCITAIWAN       2024-09-09 22:31:27.617535
dynamic_TF_carry/EURO600          2024-09-09 22:31:27.617740
dynamic_TF_carry/MILK             2024-09-09 22:31:27.618149
dynamic_TF_carry/CANOLA           2024-09-09 22:31:27.618355
dynamic_TF_carry/US2              2024-09-09 22:31:27.618561
dynamic_TF_carry/EUROSTX          2024-09-09 22:31:27.618766
dynamic_TF_carry/EU-FOOD          2024-09-09 22:31:27.618997
dynamic_TF_carry/US-HEALTH        2024-09-09 22:31:27.619429
dynamic_TF_carry/EU-INSURE        2024-09-09 22:31:27.619635
dynamic_TF_carry/US-MATERIAL      2024-09-09 22:31:27.619839
dynamic_TF_carry/ZINC_LME         2024-09-09 22:31:27.620043
dynamic_TF_carry/US-REALESTATE    2024-09-09 22:31:27.620247
dynamic_TF_carry/CAC              2024-09-09 22:31:27.620451
dynamic_TF_carry/YENEUR           2024-09-09 22:31:27.620654
dynamic_TF_carry/CAD5             2024-09-09 22:31:27.620857
dynamic_TF_carry/HIGHYIELD        2024-09-09 22:31:27.621060
dynamic_TF_carry/RUR              2024-09-09 22:31:27.621265
dynamic_TF_carry/GAS-PEN          2024-09-09 22:31:27.621469
dynamic_TF_carry/VIX              2024-09-09 22:31:27.621672
dynamic_TF_carry/FTSECHINAA       2024-09-09 22:31:27.621876
dynamic_TF_carry/EUROSTX200-LARGE 2024-09-09 22:31:27.622080
dynamic_TF_carry/BTP3             2024-09-09 22:31:27.622284
dynamic_TF_carry/SOYBEAN          2024-09-09 22:31:27.622487
dynamic_TF_carry/BITCOIN          2024-09-09 22:31:27.622690
dynamic_TF_carry/EU-UTILS         2024-09-09 22:31:27.622895
dynamic_TF_carry/LIVECOW          2024-09-09 22:31:27.623098
dynamic_TF_carry/MIB              2024-09-09 22:31:27.623303
dynamic_TF_carry/EU-BANKS         2024-09-09 22:31:27.623509
dynamic_TF_carry/MSCIEMASIA       2024-09-09 22:31:27.623713
dynamic_TF_carry/COTTON           2024-09-09 22:31:27.623918
dynamic_TF_carry/BRENT-LAST       2024-09-09 22:31:27.624123
dynamic_TF_carry/MSCIASIA         2024-09-09 22:31:27.624327
dynamic_TF_carry/BRENT_W          2024-09-09 22:31:27.624532
dynamic_TF_carry/SWISSLEAD        2024-09-09 22:31:27.624736
dynamic_TF_carry/EU-AUTO          2024-09-09 22:31:27.624941
dynamic_TF_carry/LUMBER-new       2024-09-09 22:31:27.625354
dynamic_TF_carry/SUGAR11          2024-09-09 22:31:27.625558
dynamic_TF_carry/TOPIX            2024-09-09 22:31:27.625764
dynamic_TF_carry/WHEY             2024-09-09 22:31:27.625969
dynamic_TF_carry/BUTTER           2024-09-09 22:31:27.626173
dynamic_TF_carry/EUR_micro        2024-09-09 22:31:27.626376
dynamic_TF_carry/V2X              2024-09-09 22:31:27.626580
dynamic_TF_carry/COPPER           2024-09-09 22:31:27.626784
dynamic_TF_carry/AUD              2024-09-09 22:31:27.626988
dynamic_TF_carry/STEEL            2024-09-09 22:31:27.627192
dynamic_TF_carry/JPY              2024-09-09 22:31:27.627396
dynamic_TF_carry/EU-DJ-UTIL       2024-09-09 22:31:27.627601
dynamic_TF_carry/US-INDUSTRY      2024-09-09 22:31:27.627804
dynamic_TF_carry/OAT              2024-09-09 22:31:27.628009
dynamic_TF_carry/COAL             2024-09-09 22:31:27.628213
dynamic_TF_carry/FTSE250          2024-09-09 22:31:27.628418
dynamic_TF_carry/IG               2024-09-09 22:31:27.628622
dynamic_TF_carry/US10             2024-09-09 22:31:27.628827
dynamic_TF_carry/BOVESPA          2024-09-09 22:31:27.629032
dynamic_TF_carry/HEATOIL          2024-09-09 22:31:27.629243
dynamic_TF_carry/US-ENERGY        2024-09-09 22:31:27.629449
dynamic_TF_carry/REDWHEAT         2024-09-09 22:31:27.629655
dynamic_TF_carry/BRE              2024-09-09 22:31:27.629860
dynamic_TF_carry/EUROSTX-LARGE    2024-09-09 22:31:27.630064
dynamic_TF_carry/EU-MEDIA         2024-09-09 22:31:27.630269
dynamic_TF_carry/EU-TRAVEL        2024-09-09 22:31:27.630473
dynamic_TF_carry/GASOILINE        2024-09-09 22:31:27.630676
dynamic_TF_carry/EU-DJ-TELECOM    2024-09-09 22:31:27.630881
dynamic_TF_carry/CNH              2024-09-09 22:31:27.631086
dynamic_TF_carry/AEX              2024-09-09 22:31:27.631292
dynamic_TF_carry/ETHEREUM         2024-09-09 22:31:27.631496
dynamic_TF_carry/EU-RETAIL        2024-09-09 22:31:27.631700
dynamic_TF_carry/KRWUSD_mini      2024-09-09 22:31:27.631903
dynamic_TF_carry/US-FINANCE       2024-09-09 22:31:27.632107
dynamic_TF_carry/IRON             2024-09-09 22:31:27.632311
dynamic_TF_carry/SP500_micro      2024-09-09 22:31:27.632515
dynamic_TF_carry/JGB-SGX-mini     2024-09-09 22:31:27.632718
dynamic_TF_carry/NASDAQ_micro     2024-09-09 22:31:27.632922
dynamic_TF_carry/GICS             2024-09-09 22:31:27.633126
dynamic_TF_carry/CORN             2024-09-09 22:31:27.633334
dynamic_TF_carry/MILKDRY          2024-09-09 22:31:27.633537
dynamic_TF_carry/COCOA_LDN        2024-09-09 22:31:27.633741
dynamic_TF_carry/COAL-GEORDIE     2024-09-09 22:31:27.633946
dynamic_TF_carry/RUSSELL          2024-09-09 22:31:27.634151


======================================================================================================================
                                                Status of trade limits                                                
======================================================================================================================

                   period_days  trade_limit  trades_since_last_reset  trade_capacity_remaining   time_since_last_reset
 BRENT-LAST                 30            4                      2.0                       2.0 17 days 08:56:29.208142
 VIX                        30            5                      3.0                       2.0 18 days 07:53:20.178189
 FTSETAIWAN                 14            4                      1.0                       3.0 13 days 20:54:07.624000
 DOW                         1            4                      1.0                       3.0  0 days 07:56:29.634697
 CORN                        1            4                      0.0                       4.0  0 days 00:00:00.000003
 EU-DJ-UTIL                  1            4                      0.0                       4.0  0 days 00:00:00.000002
 EU-DJ-TELECOM               1            4                      0.0                       4.0  0 days 00:00:00.000002
 EU-DJ-TECH                  1            4                      0.0                       4.0  0 days 00:00:00.000001
 EU-DJ-OIL                   1            4                      0.0                       4.0  0 days 00:00:00.000002
 EU-CONSTRUCTION             1            4                      0.0                       4.0  0 days 00:00:00.000002
 ETHANOL                     1            4                      0.0                       4.0  0 days 00:00:00.000002
 CZK                         1            4                      0.0                       4.0  0 days 00:00:00.000002
 COTTON                      1            4                      0.0                       4.0  0 days 00:00:00.000002
 COPPER-mini                 1            4                      0.0                       4.0  0 days 00:00:00.000001
 CNH-onshore                 1            4                      0.0                       4.0  0 days 00:00:00.000002
 CLP                         1            4                      0.0                       4.0  0 days 00:00:00.000002
 CH10                        1            4                      0.0                       4.0  0 days 00:00:00.000001
 BUTTER                      1            4                      0.0                       4.0  0 days 00:00:00.000002
 BOVESPA                     1            4                      0.0                       4.0  0 days 00:00:00.000002
 BEL20                       1            4                      0.0                       4.0  0 days 00:00:00.000001
 ALUMINIUM                   1            4                      0.0                       4.0  0 days 08:56:30.155429
 YENEUR                     30            4                      0.0                       4.0  0 days 00:00:00.000002
 EU-HOUSE                    1            4                      0.0                       4.0  0 days 00:00:00.000001
 EU-MEDIA                    1            4                      0.0                       4.0  0 days 00:00:00.000002
 EU-MID                      1            4                      0.0                       4.0  0 days 00:00:00.000002
 EU-REALESTATE               1            4                      0.0                       4.0  0 days 00:00:00.000001
 US-HEALTH                   1            4                      0.0                       4.0  0 days 00:00:00.000001
 US-FINANCE                  1            4                      0.0                       4.0  0 days 00:00:00.000001
 US-ENERGY                   1            4                      0.0                       4.0  0 days 00:00:00.000002
 US-DISCRETE                 1            4                      0.0                       4.0  0 days 00:00:00.000002
 SMI-MID                     1            4                      0.0                       4.0  0 days 00:00:00.000001
 SGX                         1            4                      0.0                       4.0  0 days 00:00:00.000002
 SGD                         1            4                      0.0                       4.0  0 days 00:00:00.000002
 OMX                         1            4                      0.0                       4.0  0 days 00:00:00.000001
 MSCIASIA                    1            4                      0.0                       4.0  0 days 00:00:00.000002
 MILKWET                     1            4                      0.0                       4.0  0 days 00:00:00.000002
 MILKDRY                     1            4                      0.0                       4.0  0 days 00:00:00.000001
 MID-DAX                     1            4                      0.0                       4.0  0 days 00:00:00.000002
 JP-REALESTATE               1            4                      0.0                       4.0  0 days 00:00:00.000002
 JGB-SGX-mini                1            4                      0.0                       4.0  0 days 00:00:00.000002
 IRS                         1            4                      0.0                       4.0  0 days 00:00:00.000002
 FTSEINDO                    1            4                      0.0                       4.0  0 days 00:00:00.000001
 EUROSTX200-LARGE            1            4                      0.0                       4.0  0 days 00:00:00.000001
 EUROSTX-SMALL               1            4                      0.0                       4.0  0 days 00:00:00.000002
