
********************************************************************************
                   Status report produced on 11/12/2025 22:56                   
********************************************************************************



================================================================================================================================
                                                        Delayed methods                                                         
================================================================================================================================

                                                  process_name              last_start                last_end currently_running
safe_stack_removal                           run_stack_handler 2025-12-05 19:30:03.117 2025-12-05 19:30:03.158             False
refresh_additional_sampling_all_instruments  run_stack_handler 2025-12-08 13:00:56.734 2025-12-08 13:01:13.057             False
handle_completed_orders                      run_stack_handler 2025-12-08 14:00:13.498 2025-12-08 14:00:13.511             False


=============================
Delayed adjusted / FX prices 
=============================

                  last_update
HIGHYIELD 2025-11-28 16:00:01
IG        2025-11-28 16:00:01


===============================================
           Delayed optimal positions           
===============================================

                                    last_update
dynamic_TF_carry/SGX 2024-12-02 22:31:28.544775

Instruments at trade limit: No constraints

================================================
         Instruments at position limit          
================================================

                 keys  position pos_limit  spare
40           SGD_mini         0       0.0    0.0
56             KRWUSD         0       0.0    0.0
55                OMX         0       0.0    0.0
54                TWD         0       0.0    0.0
200             R1000         0       0.0    0.0
201          HOUSE-US         0       0.0    0.0
105     EU-DJ-TELECOM         0       0.0    0.0
102            EURCAD         0       0.0    0.0
48           ETHEREUM         0       0.0    0.0
45            BOVESPA         0       0.0    0.0
206          EU-MEDIA         0       0.0    0.0
209           TIN_LME         0       0.0    0.0
214               SEK         0       0.0    0.0
82        CNH-onshore         0       0.0    0.0
39           AEX_mini         0       0.0    0.0
106            EURCHF         0       0.0    0.0
166           MILKWET         0       0.0    0.0
58                CZK         0       0.0    0.0
171              CH10         0       0.0    0.0
182            NASDAQ         0       0.0    0.0
77           TWD-mini         0       0.0    0.0
186            EURAUD         0       0.0    0.0
75      EUROSTX-LARGE         0       0.0    0.0
180   GASOILINE_micro         0       0.0    0.0
73             COTTON         0       0.0    0.0
169        COPPER_LME         0       0.0    0.0
91          SWISSLEAD         0       0.0    0.0
92              SP400         0       0.0    0.0
67            MILKDRY         0       0.0    0.0
94          CHF_micro         0       0.0    0.0
65        COPPER-mini         0       0.0    0.0
64           JPY_mini         0       0.0    0.0
173            AUDJPY         0       0.0    0.0
190              COAL         0       0.0    0.0
36             YENEUR         2       2.0    0.0
184               NOK         0       0.0    0.0
34   EUROSTX200-LARGE         0       0.0    0.0
18       COAL-GEORDIE         0       0.0    0.0
16                CLP         0       0.0    0.0
128        EU-DJ-TECH         0       0.0    0.0
150            BUTTER         0       0.0    0.0
148             STEEL         0       0.0    0.0
147       EPRA-EUROPE         0       0.0    0.0
133         EU-RETAIL         0       0.0    0.0
234         EU-TRAVEL         0       0.0    0.0
145              GICS         0       0.0    0.0
8                 IRS         0       0.0    0.0
237               JGB         0       0.0    0.0
144          EU-HOUSE         0       0.0    0.0
3             EU-CHEM         0       0.0    0.0
139               MIB         1       1.0    0.0
242            CHFJPY         0       0.0    0.0
230              VNKI         0       0.0    0.0
151         HIGHYIELD         0       0.0    0.0
17    EU-CONSTRUCTION         0       0.0    0.0
22           JGB-mini         0       0.0    0.0
228               AEX         1       1.0    0.0
217                IG         0       0.0    0.0
155            GBPJPY         0       0.0    0.0
225               PLN         0       0.0    0.0
219           SMI-MID         0       0.0    0.0
224              WHEY         0       0.0    0.0
125            PALLAD         0       0.0    0.0
159       HEATOIL-ICE         0       0.0    0.0
30                SGX         0       0.0    0.0


==========================================================
         Overrides in database consider deleting          
==========================================================

                                                  override
NICKEL_LME              Override Close because in database
FTSE100           Override Reduce only because in database
SPI200            Override Reduce only because in database
JGB-mini          Override Reduce only because in database
LUMBER-new        Override Reduce only because in database
COAL-GEORDIE      Override Reduce only because in database
CRUDE_W_mini      Override Reduce only because in database
CZK               Override Reduce only because in database
EURCAD            Override Reduce only because in database
CHF_micro         Override Reduce only because in database
NOK               Override Reduce only because in database
R1000             Override Reduce only because in database
IRS               Override Reduce only because in database
IBEX_mini         Override Reduce only because in database
VIX_mini          Override Reduce only because in database
EU-CHEM           Override Reduce only because in database
EU-INSURE         Override Reduce only because in database
JP-REALESTATE     Override Reduce only because in database
IBEX              Override Reduce only because in database
MUMMY             Override Reduce only because in database
AUDJPY            Override Reduce only because in database
EUR_mini          Override Reduce only because in database
GICS              Override Reduce only because in database
GBPCHF            Override Reduce only because in database
SGD               Override Reduce only because in database
GAS-PEN           Override Reduce only because in database
YENEUR            Override Reduce only because in database
CHFJPY            Override Reduce only because in database
CNH-onshore       Override Reduce only because in database
TOPIX             Override Reduce only because in database
PLN               Override Reduce only because in database
SEK               Override Reduce only because in database
OMX               Override Reduce only because in database
GBPEUR            Override Reduce only because in database
GBPJPY            Override Reduce only because in database
NIKKEI400         Override Reduce only because in database
TWD-mini          Override Reduce only because in database
SGD_mini          Override Reduce only because in database
EURCHF            Override Reduce only because in database
EU-BANKS          Override Reduce only because in database
EU-CONSTRUCTION   Override Reduce only because in database
ZAR               Override Reduce only because in database
SP500_micro       Override Reduce only because in database
EU-TECH           Override Reduce only because in database
US-DISCRETE       Override Reduce only because in database
SMI-MID           Override Reduce only because in database
KR3               Override Reduce only because in database
MIB               Override Reduce only because in database
EU-RETAIL         Override Reduce only because in database
SP500             Override Reduce only because in database
BOVESPA           Override Reduce only because in database
EU-OIL            Override Reduce only because in database
US-ENERGY         Override Reduce only because in database
EUROSTX-SMALL     Override Reduce only because in database
US-INDUSTRY       Override Reduce only because in database
OATIES            Override Reduce only because in database
NASDAQ_micro      Override Reduce only because in database
US-HEALTH         Override Reduce only because in database
EU-DJ-OIL         Override Reduce only because in database
MSCIWORLD         Override Reduce only because in database
CHINAA-CON        Override Reduce only because in database
SMI               Override Reduce only because in database
EU-UTILS          Override Reduce only because in database
EU-MID            Override Reduce only because in database
EPRA-EUROPE       Override Reduce only because in database
BBCOMM            Override Reduce only because in database
EU-HEALTH         Override Reduce only because in database
EU-HOUSE          Override Reduce only because in database
DOW_mini          Override Reduce only because in database
KR10              Override Reduce only because in database
STEEL             Override Reduce only because in database
EU-DJ-TECH        Override Reduce only because in database
US-MATERIAL       Override Reduce only because in database
US-STAPLES        Override Reduce only because in database
EU-DJ-TELECOM     Override Reduce only because in database
NASDAQ            Override Reduce only because in database
EU-BASIC          Override Reduce only because in database
EU-DIV30          Override Reduce only because in database
DAX               Override Reduce only because in database
EU-AUTO           Override Reduce only because in database
AEX               Override Reduce only because in database
EUROSTX-LARGE     Override Reduce only because in database
FTSE250           Override Reduce only because in database
EU-DJ-UTIL        Override Reduce only because in database
MSCIEAFA          Override Reduce only because in database
EU-MEDIA          Override Reduce only because in database
EUROSTX           Override Reduce only because in database
EU-TRAVEL         Override Reduce only because in database
EURO600           Override Reduce only because in database
EU-REALESTATE     Override Reduce only because in database
VNKI              Override Reduce only because in database
SWISSLEAD         Override Reduce only because in database
AEX_mini          Override Reduce only because in database
CAC               Override Reduce only because in database
US-REALESTATE     Override Reduce only because in database
GASOILINE_micro   Override Reduce only because in database
MSCIASIA          Override Reduce only because in database
EU-FOOD           Override Reduce only because in database
US-UTILS          Override Reduce only because in database
EUROSTX200-LARGE  Override Reduce only because in database
SP400             Override Reduce only because in database
RUSSELL_mini      Override Reduce only because in database
FANG              Override Reduce only because in database

Locked instruments (position mismatch): []

==============================================
Status of adjusted price / FX price collection
==============================================

                         last_update
HIGHYIELD        2025-11-28 16:00:01
IG               2025-11-28 16:00:01
SGX              2025-12-08 23:00:00
CH10             2025-12-10 23:00:00
OMX              2025-12-10 23:00:00
CHFJPY           2025-12-10 23:00:00
CLP              2025-12-10 23:00:00
CNH-onshore      2025-12-10 23:00:00
COAL-GEORDIE     2025-12-10 23:00:00
COTTON           2025-12-10 23:00:00
CZK              2025-12-10 23:00:00
SGD_mini         2025-12-10 23:00:00
HOUSE-US         2025-12-10 23:00:00
EUROSTX-LARGE    2025-12-10 23:00:00
EUROSTX200-LARGE 2025-12-10 23:00:00
GICS             2025-12-10 23:00:00
GBPJPY           2025-12-10 23:00:00
GBPCHF           2025-12-10 23:00:00
MSCIEMASIA       2025-12-10 23:00:00
IRS              2025-12-10 23:00:00
FTSEVIET         2025-12-10 23:00:00
SWISSLEAD        2025-12-10 23:00:00
BOVESPA          2025-12-10 23:00:00
TWD              2025-12-10 23:00:00
TWD-mini         2025-12-10 23:00:00
SUGAR16          2025-12-10 23:00:00
JP-REALESTATE    2025-12-11 03:00:00
SGD              2025-12-11 03:00:00
JGB-mini         2025-12-11 03:30:00
SPI200           2025-12-11 04:00:00
JGB-SGX-mini     2025-12-11 04:00:00
VNKI             2025-12-11 04:00:00
TOPIX*           2025-12-11 04:00:00
IRON             2025-12-11 04:00:00
KRWUSD_mini      2025-12-11 04:00:00
NIKKEI400        2025-12-11 04:00:00
HANG_mini        2025-12-11 05:00:00
HANGENT_mini     2025-12-11 05:00:00
HANGENT          2025-12-11 05:00:00
JGB              2025-12-11 05:00:00
FTSECHINAA*      2025-12-11 05:00:00
HANG             2025-12-11 05:00:00
KOSDAQ           2025-12-11 05:00:00
KOSPI            2025-12-11 05:00:00
KOSPI_mini       2025-12-11 05:00:00
KR10*            2025-12-11 05:00:00
KR3              2025-12-11 05:00:00
FTSEINDO         2025-12-11 05:00:00
FTSECHINAH       2025-12-11 05:00:00
FTSETAIWAN*      2025-12-11 05:00:00
HANGTECH         2025-12-11 05:00:00
CHINAA-CON       2025-12-11 05:00:00
RUBBER           2025-12-11 05:00:00
MSCISING         2025-12-11 05:00:00
MSCITAIWAN       2025-12-11 05:00:00
MUMMY            2025-12-11 05:00:00
NIKKEI           2025-12-11 05:00:00
CNH              2025-12-11 05:00:00
TIN_LME          2025-12-11 07:00:00
LEAD_LME         2025-12-11 08:00:00
EPRA-EUROPE      2025-12-11 13:00:00
EU-DJ-TELECOM    2025-12-11 14:00:00
SMI-MID          2025-12-11 14:00:00
MSCIWORLD        2025-12-11 14:00:00
GILT             2025-12-11 15:00:00
MILLWHEAT        2025-12-11 15:00:00
EURIBOR          2025-12-11 15:00:00
EURAUD           2025-12-11 15:00:00
ROBUSTA          2025-12-11 15:00:00
EURIBOR-ICE      2025-12-11 15:00:00
ZINC_LME         2025-12-11 15:00:00
WHEAT_ICE        2025-12-11 15:00:00
ALUMINIUM_LME    2025-12-11 15:00:00
EUA              2025-12-11 15:00:00
AEX_mini         2025-12-11 15:00:00
GASOIL           2025-12-11 15:00:00
FTSE100          2025-12-11 15:00:00
FTSE250          2025-12-11 15:00:00
SARONA           2025-12-11 15:00:00
SONIA3           2025-12-11 15:00:00
EUROSTX-SMALL    2025-12-11 15:00:00
HEATOIL-ICE      2025-12-11 15:00:00
EU-REALESTATE    2025-12-11 15:00:00
BRENT_W          2025-12-11 15:00:00
MIB*             2025-12-11 15:00:00
CRUDE_ICE        2025-12-11 15:00:00
BONO             2025-12-11 15:00:00
KRWUSD           2025-12-11 15:00:00
COPPER_LME       2025-12-11 15:00:00
NICKEL_LME       2025-12-11 15:00:00
COCOA_LDN        2025-12-11 15:00:00
EU-DJ-OIL        2025-12-11 15:00:00
EU-DJ-UTIL       2025-12-11 15:00:00
EU-DJ-TECH       2025-12-11 15:00:00
EU-HOUSE         2025-12-11 15:00:00
EU-MEDIA         2025-12-11 15:00:00
EU-MID           2025-12-11 15:00:00
IBEX_mini        2025-12-11 15:00:00
IBEX             2025-12-11 15:00:00
COAL             2025-12-11 15:00:00
V2X              2025-12-11 16:00:00
GASOILINE_ICE    2025-12-11 16:00:00
SMI              2025-12-11 16:00:00
SUGAR_WHITE      2025-12-11 16:00:00
OAT              2025-12-11 16:00:00
MSCIASIA         2025-12-11 16:00:00
SHATZ            2025-12-11 16:00:00
AEX*             2025-12-11 16:00:00
DAX*             2025-12-11 16:00:00
EU-TECH          2025-12-11 16:00:00
EU-RETAIL        2025-12-11 16:00:00
EU-OIL           2025-12-11 16:00:00
EU-INSURE        2025-12-11 16:00:00
EU-HEALTH        2025-12-11 16:00:00
EU-FOOD          2025-12-11 16:00:00
EU-DIV30         2025-12-11 16:00:00
EU-CONSTRUCTION  2025-12-11 16:00:00
EU-CHEM          2025-12-11 16:00:00
EU-BASIC*        2025-12-11 16:00:00
EU-BANKS         2025-12-11 16:00:00
EU-AUTO          2025-12-11 16:00:00
BUXL             2025-12-11 16:00:00
BOBL             2025-12-11 16:00:00
BTP              2025-12-11 16:00:00
BTP3             2025-12-11 16:00:00
BUND             2025-12-11 16:00:00
EU-TRAVEL        2025-12-11 16:00:00
EU-UTILS         2025-12-11 16:00:00
CAC              2025-12-11 16:00:00
EUROSTX          2025-12-11 16:00:00
EURO600          2025-12-11 16:00:00
GAS-PEN          2025-12-11 17:00:00
R1000            2025-12-11 17:00:00
SUGAR11          2025-12-11 17:00:00
AUDJPY           2025-12-11 17:00:00
OJ               2025-12-11 18:00:00
COCOA            2025-12-11 18:00:00
GASOILINE_micro  2025-12-11 18:00:00
EURCAD           2025-12-11 18:00:00
COFFEE           2025-12-11 18:00:00
WHEY             2025-12-11 18:00:00
FEEDCOW          2025-12-11 19:00:00
MILKDRY          2025-12-11 19:00:00
MILKWET          2025-12-11 19:00:00
US-DISCRETE      2025-12-11 19:00:00
STEEL            2025-12-11 19:00:00
ALUMINIUM        2025-12-11 19:00:00
COTTON2          2025-12-11 19:00:00
CORN_mini        2025-12-11 19:00:00
LUMBER-new       2025-12-11 19:00:00
CORN             2025-12-11 19:00:00
COPPER-mini      2025-12-11 19:00:00
OATIES           2025-12-11 19:00:00
BBCOMM           2025-12-11 19:00:00
LIVECOW          2025-12-11 19:00:00
PLN              2025-12-11 19:00:00
WHEAT*           2025-12-11 19:00:00
BUTTER           2025-12-11 19:00:00
CAD2             2025-12-11 19:00:00
SOYBEAN          2025-12-11 19:00:00
SOYBEAN_mini     2025-12-11 19:00:00
INR              2025-12-11 19:00:00
CAD_micro        2025-12-11 19:00:00
SOYMEAL          2025-12-11 19:00:00
LEANHOG          2025-12-11 19:00:00
NOK              2025-12-11 19:00:00
CANOLA           2025-12-11 19:00:00
WHEAT_mini       2025-12-11 19:00:00
RICE*            2025-12-11 19:00:00
REDWHEAT         2025-12-11 19:00:00
DX               2025-12-11 19:00:00
SOYOIL           2025-12-11 19:00:00
SP400            2025-12-11 20:00:00
SP500_micro      2025-12-11 20:00:00
SOFR             2025-12-11 20:00:00
SP500            2025-12-11 20:00:00
US2              2025-12-11 20:00:00
BRENT-LAST       2025-12-11 20:00:00
US10U*           2025-12-11 20:00:00
US3              2025-12-11 20:00:00
US30             2025-12-11 20:00:00
US5              2025-12-11 20:00:00
AUD_micro*       2025-12-11 20:00:00
VIX              2025-12-11 20:00:00
VIX_mini         2025-12-11 20:00:00
AUD              2025-12-11 20:00:00
US10             2025-12-11 20:00:00
US-UTILS         2025-12-11 20:00:00
US-STAPLES       2025-12-11 20:00:00
US-REALESTATE    2025-12-11 20:00:00
US-MATERIAL      2025-12-11 20:00:00
US-INDUSTRY      2025-12-11 20:00:00
YENEUR*          2025-12-11 20:00:00
US-HEALTH        2025-12-11 20:00:00
US-ENERGY        2025-12-11 20:00:00
US20             2025-12-11 20:00:00
BRE*             2025-12-11 20:00:00
ZAR              2025-12-11 20:00:00
BITCOIN*         2025-12-11 20:00:00
PLAT             2025-12-11 20:00:00
CAD              2025-12-11 20:00:00
ETHEREUM         2025-12-11 20:00:00
JPY_mini         2025-12-11 20:00:00
JPY*             2025-12-11 20:00:00
SILVER*          2025-12-11 20:00:00
EUR              2025-12-11 20:00:00
EURCHF           2025-12-11 20:00:00
GOLD_micro       2025-12-11 20:00:00
GOLD-mini        2025-12-11 20:00:00
GOLD             2025-12-11 20:00:00
EUR_micro        2025-12-11 20:00:00
GBP_micro        2025-12-11 20:00:00
EUR_mini         2025-12-11 20:00:00
GBPEUR           2025-12-11 20:00:00
FANG             2025-12-11 20:00:00
GBP*             2025-12-11 20:00:00
GAS_US_mini      2025-12-11 20:00:00
GAS_US           2025-12-11 20:00:00
FED              2025-12-11 20:00:00
GASOILINE        2025-12-11 20:00:00
ETHER-micro      2025-12-11 20:00:00
DOW_mini         2025-12-11 20:00:00
HEATOIL          2025-12-11 20:00:00
CRUDE_W_mini     2025-12-11 20:00:00
CAD10            2025-12-11 20:00:00
CAD5             2025-12-11 20:00:00
SEK              2025-12-11 20:00:00
RUSSELL_mini     2025-12-11 20:00:00
RUSSELL*         2025-12-11 20:00:00
DOW              2025-12-11 20:00:00
GAS-LAST         2025-12-11 20:00:00
PALLAD           2025-12-11 20:00:00
CHF              2025-12-11 20:00:00
CHF_micro        2025-12-11 20:00:00
CHEESE           2025-12-11 20:00:00
COPPER           2025-12-11 20:00:00
NASDAQ_micro     2025-12-11 20:00:00
NASDAQ           2025-12-11 20:00:00
MXP*             2025-12-11 20:00:00
COPPER-micro     2025-12-11 20:00:00
MSCIEAFA         2025-12-11 20:00:00
CRUDE_W          2025-12-11 20:00:00
CRUDE_W_micro    2025-12-11 20:00:00
MILK             2025-12-11 20:00:00
NZD              2025-12-11 20:00:00
CHFUSD           2025-12-11 23:00:00
JPYUSD           2025-12-11 23:00:00
EURUSD           2025-12-11 23:00:00
CADUSD           2025-12-11 23:00:00
KRWUSD           2025-12-11 23:00:00
MXPUSD           2025-12-11 23:00:00
SEKUSD           2025-12-11 23:00:00
GBPUSD           2025-12-11 23:00:00
SGDUSD           2025-12-11 23:00:00
HKDUSD           2025-12-11 23:00:00
CNHUSD           2025-12-11 23:00:00
AUDUSD           2025-12-11 23:00:00


============================================================
           Status of optimal position generation            
============================================================

                                                 last_update
dynamic_TF_carry/SGX              2024-12-02 22:31:28.544775
dynamic_TF_carry/EU-DIV30         2025-12-11 22:31:36.033732
dynamic_TF_carry/EU-CHEM          2025-12-11 22:31:36.033987
dynamic_TF_carry/NASDAQ_micro     2025-12-11 22:31:36.034222
dynamic_TF_carry/LIVECOW          2025-12-11 22:31:36.034682
dynamic_TF_carry/COTTON           2025-12-11 22:31:36.034913
dynamic_TF_carry/DOW              2025-12-11 22:31:36.035142
dynamic_TF_carry/MSCIWORLD        2025-12-11 22:31:36.035369
dynamic_TF_carry/RICE             2025-12-11 22:31:36.035595
dynamic_TF_carry/SPI200           2025-12-11 22:31:36.035824
dynamic_TF_carry/EUROSTX          2025-12-11 22:31:36.036051
dynamic_TF_carry/EURCAD           2025-12-11 22:31:36.036278
dynamic_TF_carry/WHEAT_ICE        2025-12-11 22:31:36.036502
dynamic_TF_carry/SGD              2025-12-11 22:31:36.036728
dynamic_TF_carry/LUMBER-new       2025-12-11 22:31:36.036954
dynamic_TF_carry/GBPCHF           2025-12-11 22:31:36.037180
dynamic_TF_carry/SOFR             2025-12-11 22:31:36.037406
dynamic_TF_carry/EU-AUTO          2025-12-11 22:31:36.037637
dynamic_TF_carry/EU-DJ-UTIL       2025-12-11 22:31:36.037863
dynamic_TF_carry/CH10             2025-12-11 22:31:36.038089
dynamic_TF_carry/GBPJPY           2025-12-11 22:31:36.038316
dynamic_TF_carry/NIKKEI400        2025-12-11 22:31:36.038542
dynamic_TF_carry/SONIA3           2025-12-11 22:31:36.038769
dynamic_TF_carry/TIN_LME          2025-12-11 22:31:36.038997
dynamic_TF_carry/HOUSE-US         2025-12-11 22:31:36.039225
dynamic_TF_carry/EU-REALESTATE    2025-12-11 22:31:36.039451
dynamic_TF_carry/EURCHF           2025-12-11 22:31:36.039678
dynamic_TF_carry/V2X              2025-12-11 22:31:36.039904
dynamic_TF_carry/GASOIL           2025-12-11 22:31:36.040131
dynamic_TF_carry/MSCIEAFA         2025-12-11 22:31:36.040358
dynamic_TF_carry/HIGHYIELD        2025-12-11 22:31:36.040810
dynamic_TF_carry/MUMMY            2025-12-11 22:31:36.041037
dynamic_TF_carry/CAD10            2025-12-11 22:31:36.041263
dynamic_TF_carry/SMI-MID          2025-12-11 22:31:36.041489
dynamic_TF_carry/TOPIX            2025-12-11 22:31:36.041719
dynamic_TF_carry/OAT              2025-12-11 22:31:36.041946
dynamic_TF_carry/WHEY             2025-12-11 22:31:36.042174
dynamic_TF_carry/OATIES           2025-12-11 22:31:36.042400
dynamic_TF_carry/CHINAA-CON       2025-12-11 22:31:36.042628
dynamic_TF_carry/RUBBER           2025-12-11 22:31:36.042855
dynamic_TF_carry/BOBL             2025-12-11 22:31:36.043082
dynamic_TF_carry/SOYOIL           2025-12-11 22:31:36.043307
dynamic_TF_carry/MILK             2025-12-11 22:31:36.043534
dynamic_TF_carry/SOYMEAL          2025-12-11 22:31:36.043760
dynamic_TF_carry/CRUDE_W_mini     2025-12-11 22:31:36.043987
dynamic_TF_carry/ALUMINIUM        2025-12-11 22:31:36.044212
dynamic_TF_carry/COAL             2025-12-11 22:31:36.044440
dynamic_TF_carry/EU-HEALTH        2025-12-11 22:31:36.044667
dynamic_TF_carry/TWD              2025-12-11 22:31:36.045119
dynamic_TF_carry/US-REALESTATE    2025-12-11 22:31:36.045346
dynamic_TF_carry/KR3              2025-12-11 22:31:36.045576
dynamic_TF_carry/SHATZ            2025-12-11 22:31:36.045803
dynamic_TF_carry/CRUDE_W_micro    2025-12-11 22:31:36.046031
dynamic_TF_carry/EPRA-EUROPE      2025-12-11 22:31:36.046259
dynamic_TF_carry/GAS_US_mini      2025-12-11 22:31:36.046487
dynamic_TF_carry/US-UTILS         2025-12-11 22:31:36.046716
dynamic_TF_carry/R1000            2025-12-11 22:31:36.046943
dynamic_TF_carry/IRS              2025-12-11 22:31:36.047170
dynamic_TF_carry/BUXL             2025-12-11 22:31:36.047397
dynamic_TF_carry/CNH              2025-12-11 22:31:36.047624
dynamic_TF_carry/BUTTER           2025-12-11 22:31:36.047854
dynamic_TF_carry/BRE              2025-12-11 22:31:36.048080
dynamic_TF_carry/NOK              2025-12-11 22:31:36.048307
dynamic_TF_carry/PLN              2025-12-11 22:31:36.048534
dynamic_TF_carry/MIB              2025-12-11 22:31:36.048761
dynamic_TF_carry/RUSSELL          2025-12-11 22:31:36.048989
dynamic_TF_carry/SUGAR_WHITE      2025-12-11 22:31:36.049216
dynamic_TF_carry/SWISSLEAD        2025-12-11 22:31:36.049443
dynamic_TF_carry/EUR_micro        2025-12-11 22:31:36.049675
dynamic_TF_carry/AUD              2025-12-11 22:31:36.049903
dynamic_TF_carry/EURIBOR-ICE      2025-12-11 22:31:36.050132
dynamic_TF_carry/GILT             2025-12-11 22:31:36.050359
dynamic_TF_carry/BOVESPA          2025-12-11 22:31:36.050586
dynamic_TF_carry/SEK              2025-12-11 22:31:36.050813
dynamic_TF_carry/EU-FOOD          2025-12-11 22:31:36.051039
dynamic_TF_carry/MSCIASIA         2025-12-11 22:31:36.051266
dynamic_TF_carry/VIX              2025-12-11 22:31:36.051493
dynamic_TF_carry/OJ               2025-12-11 22:31:36.051721
dynamic_TF_carry/VNKI             2025-12-11 22:31:36.051949
dynamic_TF_carry/LEAD_LME         2025-12-11 22:31:36.052178
dynamic_TF_carry/NZD              2025-12-11 22:31:36.052405
dynamic_TF_carry/EU-DJ-TELECOM    2025-12-11 22:31:36.052632
dynamic_TF_carry/CANOLA           2025-12-11 22:31:36.052857
dynamic_TF_carry/US2              2025-12-11 22:31:36.053084
dynamic_TF_carry/EUROSTX-SMALL    2025-12-11 22:31:36.053309
dynamic_TF_carry/GASOILINE        2025-12-11 22:31:36.053535
dynamic_TF_carry/COPPER-micro     2025-12-11 22:31:36.053766
dynamic_TF_carry/NIKKEI           2025-12-11 22:31:36.053993
dynamic_TF_carry/EU-BASIC         2025-12-11 22:31:36.054221
dynamic_TF_carry/EU-RETAIL        2025-12-11 22:31:36.054447
dynamic_TF_carry/BRENT-LAST       2025-12-11 22:31:36.054673
dynamic_TF_carry/KOSPI_mini       2025-12-11 22:31:36.054900
dynamic_TF_carry/BITCOIN          2025-12-11 22:31:36.055127
dynamic_TF_carry/EU-HOUSE         2025-12-11 22:31:36.055355
dynamic_TF_carry/FANG             2025-12-11 22:31:36.055581
dynamic_TF_carry/EU-UTILS         2025-12-11 22:31:36.055808
dynamic_TF_carry/KOSPI            2025-12-11 22:31:36.056035
dynamic_TF_carry/EU-OIL           2025-12-11 22:31:36.056262
dynamic_TF_carry/COCOA_LDN        2025-12-11 22:31:36.056489
dynamic_TF_carry/COPPER           2025-12-11 22:31:36.056715
dynamic_TF_carry/SUGAR11          2025-12-11 22:31:36.056942
dynamic_TF_carry/EU-MID           2025-12-11 22:31:36.057169
dynamic_TF_carry/EURIBOR          2025-12-11 22:31:36.057394
dynamic_TF_carry/HANG_mini        2025-12-11 22:31:36.057625
dynamic_TF_carry/FTSE250          2025-12-11 22:31:36.058080
dynamic_TF_carry/CHF              2025-12-11 22:31:36.058309
dynamic_TF_carry/EU-BANKS         2025-12-11 22:31:36.058536
dynamic_TF_carry/CRUDE_ICE        2025-12-11 22:31:36.058763
dynamic_TF_carry/JP-REALESTATE    2025-12-11 22:31:36.058990
dynamic_TF_carry/JPY              2025-12-11 22:31:36.059219
dynamic_TF_carry/FTSECHINAA       2025-12-11 22:31:36.059447
dynamic_TF_carry/US10             2025-12-11 22:31:36.059674
dynamic_TF_carry/SILVER           2025-12-11 22:31:36.059901
dynamic_TF_carry/EU-TRAVEL        2025-12-11 22:31:36.060353
dynamic_TF_carry/BBCOMM           2025-12-11 22:31:36.060579
dynamic_TF_carry/MSCIEMASIA       2025-12-11 22:31:36.060804
dynamic_TF_carry/PLAT             2025-12-11 22:31:36.061031
dynamic_TF_carry/EURO600          2025-12-11 22:31:36.061258
dynamic_TF_carry/US-HEALTH        2025-12-11 22:31:36.061485
dynamic_TF_carry/PALLAD           2025-12-11 22:31:36.061717
dynamic_TF_carry/EUR              2025-12-11 22:31:36.061944
dynamic_TF_carry/COPPER_LME       2025-12-11 22:31:36.062169
dynamic_TF_carry/SOYBEAN_mini     2025-12-11 22:31:36.062395
dynamic_TF_carry/US10U            2025-12-11 22:31:36.062620
dynamic_TF_carry/BTP3             2025-12-11 22:31:36.062847
dynamic_TF_carry/US3              2025-12-11 22:31:36.063072
dynamic_TF_carry/AUDJPY           2025-12-11 22:31:36.063528
dynamic_TF_carry/COAL-GEORDIE     2025-12-11 22:31:36.063754
dynamic_TF_carry/GAS-PEN          2025-12-11 22:31:36.063980
dynamic_TF_carry/KRWUSD           2025-12-11 22:31:36.064205
dynamic_TF_carry/EU-CONSTRUCTION  2025-12-11 22:31:36.064431
dynamic_TF_carry/AEX              2025-12-11 22:31:36.064656
dynamic_TF_carry/JGB              2025-12-11 22:31:36.064882
dynamic_TF_carry/US5              2025-12-11 22:31:36.065108
dynamic_TF_carry/CAD2             2025-12-11 22:31:36.065334
dynamic_TF_carry/EU-MEDIA         2025-12-11 22:31:36.065791
dynamic_TF_carry/FTSETAIWAN       2025-12-11 22:31:36.066016
dynamic_TF_carry/HANGENT_mini     2025-12-11 22:31:36.066243
dynamic_TF_carry/DX               2025-12-11 22:31:36.066469
dynamic_TF_carry/SUGAR16          2025-12-11 22:31:36.066695
dynamic_TF_carry/CZK              2025-12-11 22:31:36.066922
dynamic_TF_carry/JGB-SGX-mini     2025-12-11 22:31:36.067147
dynamic_TF_carry/AUD_micro        2025-12-11 22:31:36.067373
dynamic_TF_carry/ZINC_LME         2025-12-11 22:31:36.067601
dynamic_TF_carry/NICKEL_LME       2025-12-11 22:31:36.067826
dynamic_TF_carry/COCOA            2025-12-11 22:31:36.068055
dynamic_TF_carry/ZAR              2025-12-11 22:31:36.068282
dynamic_TF_carry/EUROSTX-LARGE    2025-12-11 22:31:36.068508
dynamic_TF_carry/US-STAPLES       2025-12-11 22:31:36.068734
dynamic_TF_carry/KOSDAQ           2025-12-11 22:31:36.068962
dynamic_TF_carry/EUA              2025-12-11 22:31:36.069191
dynamic_TF_carry/FTSECHINAH       2025-12-11 22:31:36.069419
dynamic_TF_carry/KRWUSD_mini      2025-12-11 22:31:36.069650
dynamic_TF_carry/INR              2025-12-11 22:31:36.069878
dynamic_TF_carry/CHFJPY           2025-12-11 22:31:36.070105
dynamic_TF_carry/GICS             2025-12-11 22:31:36.070785
dynamic_TF_carry/FTSE100          2025-12-11 22:31:36.071012
dynamic_TF_carry/HANGTECH         2025-12-11 22:31:36.071240
dynamic_TF_carry/FEEDCOW          2025-12-11 22:31:36.071468
dynamic_TF_carry/CHEESE           2025-12-11 22:31:36.071696
dynamic_TF_carry/SARONA           2025-12-11 22:31:36.071925
dynamic_TF_carry/CAD              2025-12-11 22:31:36.072153
dynamic_TF_carry/ROBUSTA          2025-12-11 22:31:36.072380
dynamic_TF_carry/DAX              2025-12-11 22:31:36.072607
dynamic_TF_carry/IG               2025-12-11 22:31:36.072834
dynamic_TF_carry/MSCISING         2025-12-11 22:31:36.073060
dynamic_TF_carry/CAD5             2025-12-11 22:31:36.073290
dynamic_TF_carry/EU-TECH          2025-12-11 22:31:36.073750
dynamic_TF_carry/IBEX_mini        2025-12-11 22:31:36.073978
dynamic_TF_carry/EURAUD           2025-12-11 22:31:36.074206
dynamic_TF_carry/MILLWHEAT        2025-12-11 22:31:36.074433
dynamic_TF_carry/ETHEREUM         2025-12-11 22:31:36.074661
dynamic_TF_carry/MXP              2025-12-11 22:31:36.074888
dynamic_TF_carry/SP500_micro      2025-12-11 22:31:36.075119
dynamic_TF_carry/COFFEE           2025-12-11 22:31:36.075345
dynamic_TF_carry/BUND             2025-12-11 22:31:36.075575
dynamic_TF_carry/US20             2025-12-11 22:31:36.075804
dynamic_TF_carry/REDWHEAT         2025-12-11 22:31:36.076032
dynamic_TF_carry/BTP              2025-12-11 22:31:36.076260
dynamic_TF_carry/CORN             2025-12-11 22:31:36.076489
dynamic_TF_carry/MILKWET          2025-12-11 22:31:36.076718
dynamic_TF_carry/GOLD_micro       2025-12-11 22:31:36.076946
dynamic_TF_carry/FTSEINDO         2025-12-11 22:31:36.077174
dynamic_TF_carry/GBPEUR           2025-12-11 22:31:36.077402
dynamic_TF_carry/SOYBEAN          2025-12-11 22:31:36.077636
dynamic_TF_carry/YENEUR           2025-12-11 22:31:36.077863
dynamic_TF_carry/FED              2025-12-11 22:31:36.078091
dynamic_TF_carry/WHEAT            2025-12-11 22:31:36.078318
dynamic_TF_carry/CAC              2025-12-11 22:31:36.078546
dynamic_TF_carry/GAS-LAST         2025-12-11 22:31:36.078775
dynamic_TF_carry/IRON             2025-12-11 22:31:36.079002
dynamic_TF_carry/SMI              2025-12-11 22:31:36.079230
dynamic_TF_carry/STEEL            2025-12-11 22:31:36.079459
dynamic_TF_carry/LEANHOG          2025-12-11 22:31:36.079917
dynamic_TF_carry/US-INDUSTRY      2025-12-11 22:31:36.080196
dynamic_TF_carry/EU-INSURE        2025-12-11 22:31:36.080452
dynamic_TF_carry/US-DISCRETE      2025-12-11 22:31:36.080681
dynamic_TF_carry/US-ENERGY        2025-12-11 22:31:36.080911
dynamic_TF_carry/US30             2025-12-11 22:31:36.081141
dynamic_TF_carry/EUROSTX200-LARGE 2025-12-11 22:31:36.081371
dynamic_TF_carry/FTSEVIET         2025-12-11 22:31:36.081834
dynamic_TF_carry/OMX              2025-12-11 22:31:36.082063
dynamic_TF_carry/US-MATERIAL      2025-12-11 22:31:36.082290
dynamic_TF_carry/SP400            2025-12-11 22:31:36.082519
dynamic_TF_carry/MILKDRY          2025-12-11 22:31:36.082747
dynamic_TF_carry/COTTON2          2025-12-11 22:31:36.082976
dynamic_TF_carry/BRENT_W          2025-12-11 22:31:36.083434
dynamic_TF_carry/MSCITAIWAN       2025-12-11 22:31:36.083664
dynamic_TF_carry/GBP              2025-12-11 22:31:36.083893
dynamic_TF_carry/CLP              2025-12-11 22:31:36.084123
dynamic_TF_carry/KR10             2025-12-11 22:31:36.084352
dynamic_TF_carry/BONO             2025-12-11 22:31:36.084581
dynamic_TF_carry/HEATOIL          2025-12-11 22:31:36.084809


======================================================================================================================
                                                Status of trade limits                                                
======================================================================================================================

                   period_days  trade_limit  trades_since_last_reset  trade_capacity_remaining   time_since_last_reset
 JPY                        30            5                      4.0                       1.0 27 days 07:57:57.245498
 WHEAT                      14            5                      3.0                       2.0 13 days 07:17:59.786986
 OAT                        30            4                      1.0                       3.0 10 days 14:57:53.038565
 OAT                        14            4                      1.0                       3.0 10 days 14:57:53.036924
 CORN                        1            4                      0.0                       4.0  0 days 00:00:00.000002
 EU-HOUSE                    1            4                      0.0                       4.0  0 days 00:00:00.000001
 EU-DJ-UTIL                  1            4                      0.0                       4.0  0 days 00:00:00.000002
 EU-DJ-TELECOM               1            4                      0.0                       4.0  0 days 00:00:00.000002
 EU-DJ-TECH                  1            4                      0.0                       4.0  0 days 00:00:00.000001
 EU-DJ-OIL                   1            4                      0.0                       4.0  0 days 00:00:00.000001
 EU-CONSTRUCTION             1            4                      0.0                       4.0  0 days 00:00:00.000001
 CZK                         1            4                      0.0                       4.0  0 days 00:00:00.000002
 COTTON                      1            4                      0.0                       4.0  0 days 00:00:00.000001
 COPPER-mini                 1            4                      0.0                       4.0  0 days 00:00:00.000001
 CNH-onshore                 1            4                      0.0                       4.0  0 days 00:00:00.000001
 CLP                         1            4                      0.0                       4.0  0 days 00:00:00.000002
 CH10                        1            4                      0.0                       4.0  0 days 00:00:00.000002
 BUTTER                      1            4                      0.0                       4.0  0 days 00:00:00.000002
 BOVESPA                     1            4                      0.0                       4.0  0 days 00:00:00.000001
 BEL20                       1            4                      0.0                       4.0  0 days 00:00:00.000001
 ALUMINIUM                   1            4                      0.0                       4.0  0 days 00:00:00.000001
 YENEUR                     30            4                      0.0                       4.0 24 days 07:57:48.151812
 EU-MEDIA                    1            4                      0.0                       4.0  0 days 00:00:00.000001
 EU-MID                      1            4                      0.0                       4.0  0 days 00:00:00.000001
 EURCHF                      1            4                      0.0                       4.0  0 days 00:00:00.000002
 US30                       30            4                      0.0                       4.0  0 days 00:00:00.000001
 US-HEALTH                   1            4                      0.0                       4.0  0 days 00:00:00.000002
 US-ENERGY                   1            4                      0.0                       4.0  0 days 00:00:00.000002
 US-DISCRETE                 1            4                      0.0                       4.0  0 days 00:00:00.000001
 SMI-MID                     1            4                      0.0                       4.0  0 days 00:00:00.000001
 SGX                         1            4                      0.0                       4.0  0 days 00:00:00.000002
 SGD                         1            4                      0.0                       4.0  0 days 00:00:00.000001
 OMX                         1            4                      0.0                       4.0  0 days 00:00:00.000001
 MSCIASIA                    1            4                      0.0                       4.0  0 days 00:00:00.000002
 MILKWET                     1            4                      0.0                       4.0  0 days 00:00:00.000002
 MILKDRY                     1            4                      0.0                       4.0  0 days 00:00:00.000001
 MID-DAX                     1            4                      0.0                       4.0  0 days 00:00:00.000001
 JP-REALESTATE               1            4                      0.0                       4.0  0 days 00:00:00.000001
 JGB-SGX-mini                1            4                      0.0                       4.0  0 days 00:00:00.000001
 IRS                         1            4                      0.0                       4.0  0 days 00:00:00.000002
 FTSEINDO                    1            4                      0.0                       4.0  0 days 00:00:00.000002
 EUROSTX200-LARGE            1            4                      0.0                       4.0  0 days 00:00:00.000001
 EUROSTX-SMALL               1            4                      0.0                       4.0  0 days 00:00:00.000001
