
********************************************************************************
                   Status report produced on 01/04/2026 22:58                   
********************************************************************************


Delayed methods: No delays

=============================
Delayed adjusted / FX prices 
=============================

                  last_update
HIGHYIELD 2026-02-27 15:00:01
IG        2026-02-27 20:00:01
SGX       2026-03-02 23:00:01
HOUSE-US  2026-03-27 23:00:00
CLP       2026-03-27 23:00:00


===============================================
           Delayed optimal positions           
===============================================

                                    last_update
dynamic_TF_carry/SGX 2024-12-02 22:31:28.544775

Instruments at trade limit: No constraints

================================================
         Instruments at position limit          
================================================

                 keys  position pos_limit  spare
244            NASDAQ         0       0.0    0.0
140          TWD-mini         0       0.0    0.0
57        CNH-onshore         0       0.0    0.0
148         GASOILINE         1       1.0    0.0
153            AUDJPY         0       0.0    0.0
154           BOVESPA         0       0.0    0.0
155      COAL-GEORDIE         0       0.0    0.0
51          EU-TRAVEL         0       0.0    0.0
160               SEK         0       0.0    0.0
162           SMI-MID         0       0.0    0.0
163            CHFJPY         0       0.0    0.0
45           ETHEREUM         0       0.0    0.0
166               PLN         0       0.0    0.0
167               TWD         0       0.0    0.0
169       COPPER-mini         0       0.0    0.0
170              GICS         0       0.0    0.0
137            COTTON         0       0.0    0.0
130             STEEL         0       0.0    0.0
121        COPPER_LME         0       0.0    0.0
120         EU-RETAIL         0       0.0    0.0
83            EU-CHEM         0       0.0    0.0
94               COAL         0       0.0    0.0
95      EU-DJ-TELECOM         0       0.0    0.0
97            TIN_LME         0       0.0    0.0
79                NOK         0       0.0    0.0
102              CH10         0       0.0    0.0
104               OMX         0       0.0    0.0
171   GASOILINE_micro         0       0.0    0.0
106            KRWUSD         0       0.0    0.0
72        HEATOIL-ICE         0       0.0    0.0
109       EPRA-EUROPE         0       0.0    0.0
70             EURAUD         0       0.0    0.0
110  EUROSTX200-LARGE         0       0.0    0.0
115            BUTTER         0       0.0    0.0
116            PALLAD         0       0.0    0.0
118                IG         0       0.0    0.0
74           EU-HOUSE         0       0.0    0.0
173             R1000         0       0.0    0.0
92             EURCAD         0       0.0    0.0
181           MILKWET         0       0.0    0.0
227         CHF_micro         0       0.0    0.0
225            GBPJPY         0       0.0    0.0
220          AEX_mini         0       0.0    0.0
215          JPY_mini         0       0.0    0.0
18               VNKI         0       0.0    0.0
174          EU-MEDIA         0       0.0    0.0
9            HOUSE-US         0       0.0    0.0
210          SGD_mini         0       0.0    0.0
209            EURCHF         0       0.0    0.0
8             MILKDRY         0       0.0    0.0
228          JGB-mini         0       0.0    0.0
24                CLP         0       0.0    0.0
203         HIGHYIELD         0       0.0    0.0
11                CZK         0       0.0    0.0
27          SWISSLEAD         0       0.0    0.0
35                SGX         0       0.0    0.0
34         EU-DJ-TECH         0       0.0    0.0
241     EUROSTX-LARGE         0       0.0    0.0
191         AUD_micro         5       5.0    0.0
196               JGB         0       0.0    0.0
31               WHEY         0       0.0    0.0
29    EU-CONSTRUCTION         0       0.0    0.0
237             SP400         0       0.0    0.0
30                IRS         0       0.0    0.0


======================================================
       Overrides in database consider deleting        
======================================================

                                              override
NICKEL_LME          Override Close because in database
OATIES        Override Reduce only because in database
RICE          Override Reduce only because in database
COAL          Override Reduce only because in database
LUMBER-new    Override Reduce only because in database
GAS_US_mini   Override Reduce only because in database
CLP           Override Reduce only because in database
VNKI          Override Reduce only because in database
VIX_mini      Override Reduce only because in database
HIGHYIELD     Override Reduce only because in database
IG            Override Reduce only because in database
COPPER-mini   Override Reduce only because in database
MILKDRY       Override Reduce only because in database
TWD           Override Reduce only because in database
IBEX_mini     Override Reduce only because in database
IBEX          Override Reduce only because in database
GICS          Override Reduce only because in database
KOSPI_mini    Override Reduce only because in database
SGD           Override Reduce only because in database
CNH-onshore   Override Reduce only because in database
CRUDE_W_mini  Override Reduce only because in database

Locked instruments (position mismatch): []

==============================================
Status of adjusted price / FX price collection
==============================================

                         last_update
HIGHYIELD        2026-02-27 15:00:01
IG               2026-02-27 20:00:01
SGX              2026-03-02 23:00:01
HOUSE-US         2026-03-27 23:00:00
CLP              2026-03-27 23:00:00
BRE*             2026-03-30 20:00:00
CNH-onshore      2026-03-30 23:00:00
SWISSLEAD        2026-03-31 23:00:00
GASOILINE_micro  2026-03-31 23:00:00
CZK              2026-03-31 23:00:00
TWD              2026-03-31 23:00:00
EURAUD           2026-03-31 23:00:00
BOVESPA          2026-03-31 23:00:00
COTTON           2026-03-31 23:00:00
GAS-PEN          2026-03-31 23:00:00
AUDJPY           2026-03-31 23:00:00
OMX              2026-03-31 23:00:00
SUGAR16          2026-03-31 23:00:00
EPRA-EUROPE      2026-03-31 23:00:00
JGB-mini         2026-04-01 01:00:00
SGD              2026-04-01 02:00:00
SGD_mini         2026-04-01 03:00:00
TWD-mini         2026-04-01 03:00:00
KRWUSD_mini      2026-04-01 04:00:00
JP-REALESTATE    2026-04-01 04:00:00
KR3              2026-04-01 04:00:00
HANGTECH         2026-04-01 04:00:00
HANG_mini        2026-04-01 04:00:00
SPI200*          2026-04-01 04:00:00
HANGENT_mini*    2026-04-01 04:00:00
HANGENT          2026-04-01 04:00:00
HANG             2026-04-01 04:00:00
FTSEVIET         2026-04-01 04:00:00
VNKI             2026-04-01 04:00:00
JGB              2026-04-01 05:00:00
MSCISING         2026-04-01 05:00:00
FTSECHINAA*      2026-04-01 05:00:00
FTSEINDO         2026-04-01 05:00:00
FTSETAIWAN       2026-04-01 05:00:00
KOSPI_mini       2026-04-01 05:00:00
IRON             2026-04-01 05:00:00
KOSPI            2026-04-01 05:00:00
KOSDAQ           2026-04-01 05:00:00
JGB-SGX-mini     2026-04-01 05:00:00
KR10*            2026-04-01 05:00:00
MSCITAIWAN       2026-04-01 05:00:00
FTSECHINAH       2026-04-01 05:00:00
CNH              2026-04-01 05:00:00
CHINAA-CON       2026-04-01 05:00:00
RUBBER           2026-04-01 05:00:00
NIKKEI400        2026-04-01 05:00:00
NIKKEI           2026-04-01 05:00:00
TOPIX            2026-04-01 05:00:00
MUMMY*           2026-04-01 05:00:00
SMI-MID          2026-04-01 10:00:00
COAL-GEORDIE     2026-04-01 10:00:00
EUROSTX-LARGE    2026-04-01 12:00:00
TIN_LME          2026-04-01 13:00:00
EURIBOR          2026-04-01 13:00:00
AEX_mini         2026-04-01 14:00:00
MSCIWORLD        2026-04-01 14:00:00
EUROSTX200-LARGE 2026-04-01 14:00:00
EUROSTX-SMALL    2026-04-01 14:00:00
CH10             2026-04-01 14:00:00
EU-DJ-TELECOM    2026-04-01 14:00:00
GBPCHF           2026-04-01 14:30:00
EUA              2026-04-01 15:00:00
BRENT_W          2026-04-01 15:00:00
COPPER_LME       2026-04-01 15:00:00
EURIBOR-ICE      2026-04-01 15:00:00
EU-TECH          2026-04-01 15:00:00
GASOIL           2026-04-01 15:00:00
WHEAT_ICE        2026-04-01 15:00:00
ALUMINIUM_LME    2026-04-01 15:00:00
ZINC_LME         2026-04-01 15:00:00
FTSE100          2026-04-01 15:00:00
FTSE250          2026-04-01 15:00:00
GILT             2026-04-01 15:00:00
EU-RETAIL        2026-04-01 15:00:00
MILLWHEAT        2026-04-01 15:00:00
HEATOIL-ICE      2026-04-01 15:00:00
COCOA_LDN        2026-04-01 15:00:00
COAL             2026-04-01 15:00:00
SONIA3           2026-04-01 15:00:00
NICKEL_LME       2026-04-01 15:00:00
CHFJPY           2026-04-01 15:00:00
MIB              2026-04-01 15:00:00
ROBUSTA          2026-04-01 15:00:00
EU-DJ-TECH       2026-04-01 15:00:00
SARONA           2026-04-01 15:00:00
IBEX_mini        2026-04-01 15:00:00
IBEX             2026-04-01 15:00:00
CRUDE_ICE        2026-04-01 15:00:00
EU-DJ-OIL        2026-04-01 15:00:00
LEAD_LME         2026-04-01 15:00:00
MSCIASIA         2026-04-01 16:00:00
MILKDRY          2026-04-01 16:00:00
GASOILINE_ICE    2026-04-01 16:00:00
OAT              2026-04-01 16:00:00
V2X*             2026-04-01 16:00:00
SHATZ            2026-04-01 16:00:00
SUGAR_WHITE      2026-04-01 16:00:00
KRWUSD           2026-04-01 16:00:00
SMI              2026-04-01 16:00:00
AEX              2026-04-01 16:00:00
CAC              2026-04-01 16:00:00
EU-MEDIA         2026-04-01 16:00:00
EU-INSURE        2026-04-01 16:00:00
EU-HOUSE         2026-04-01 16:00:00
EU-HEALTH        2026-04-01 16:00:00
EU-FOOD          2026-04-01 16:00:00
EU-DJ-UTIL       2026-04-01 16:00:00
EU-DIV30         2026-04-01 16:00:00
EU-CONSTRUCTION  2026-04-01 16:00:00
EU-CHEM          2026-04-01 16:00:00
BUND             2026-04-01 16:00:00
EU-BASIC*        2026-04-01 16:00:00
EU-BANKS*        2026-04-01 16:00:00
EU-AUTO          2026-04-01 16:00:00
BTP3             2026-04-01 16:00:00
BTP              2026-04-01 16:00:00
BUXL             2026-04-01 16:00:00
BONO             2026-04-01 16:00:00
BOBL             2026-04-01 16:00:00
DAX              2026-04-01 16:00:00
EU-OIL*          2026-04-01 16:00:00
EU-REALESTATE    2026-04-01 16:00:00
EU-MID           2026-04-01 16:00:00
EURO600          2026-04-01 16:00:00
EU-UTILS         2026-04-01 16:00:00
EUROSTX          2026-04-01 16:00:00
EU-TRAVEL        2026-04-01 16:00:00
EURCAD           2026-04-01 16:00:00
SUGAR11          2026-04-01 17:00:00
R1000            2026-04-01 18:00:00
IRS              2026-04-01 18:00:00
GICS             2026-04-01 18:00:00
OJ               2026-04-01 18:00:00
GAS-LAST         2026-04-01 18:00:00
COFFEE           2026-04-01 18:00:00
COCOA            2026-04-01 18:00:00
CORN             2026-04-01 19:00:00
CORN_mini        2026-04-01 19:00:00
SOYBEAN_mini     2026-04-01 19:00:00
CAD2             2026-04-01 19:00:00
SOYMEAL          2026-04-01 19:00:00
SOYBEAN          2026-04-01 19:00:00
COTTON2          2026-04-01 19:00:00
CHEESE           2026-04-01 19:00:00
CANOLA           2026-04-01 19:00:00
NOK              2026-04-01 19:00:00
BUTTER           2026-04-01 19:00:00
RICE             2026-04-01 19:00:00
REDWHEAT         2026-04-01 19:00:00
PLN              2026-04-01 19:00:00
STEEL            2026-04-01 19:00:00
MSCIEMASIA       2026-04-01 19:00:00
FEEDCOW          2026-04-01 19:00:00
OATIES           2026-04-01 19:00:00
SOYOIL*          2026-04-01 19:00:00
US-DISCRETE      2026-04-01 19:00:00
FED              2026-04-01 19:00:00
DX               2026-04-01 19:00:00
CRUDE_W_micro    2026-04-01 19:00:00
WHEAT            2026-04-01 19:00:00
INR              2026-04-01 19:00:00
GBPJPY           2026-04-01 19:00:00
WHEAT_mini       2026-04-01 19:00:00
WHEY             2026-04-01 19:00:00
BBCOMM           2026-04-01 19:00:00
LIVECOW*         2026-04-01 19:00:00
ALUMINIUM*       2026-04-01 19:00:00
CRUDE_W_mini     2026-04-01 19:00:00
MILKWET          2026-04-01 19:00:00
LEANHOG*         2026-04-01 19:00:00
YENEUR*          2026-04-01 20:00:00
ZAR              2026-04-01 20:00:00
SP400            2026-04-01 20:00:00
AUD              2026-04-01 20:00:00
SP500            2026-04-01 20:00:00
SP500_micro*     2026-04-01 20:00:00
AUD_micro*       2026-04-01 20:00:00
VIX_mini         2026-04-01 20:00:00
US-ENERGY        2026-04-01 20:00:00
US3              2026-04-01 20:00:00
US5              2026-04-01 20:00:00
US30             2026-04-01 20:00:00
US20             2026-04-01 20:00:00
US2              2026-04-01 20:00:00
US10U            2026-04-01 20:00:00
US10*            2026-04-01 20:00:00
US-UTILS         2026-04-01 20:00:00
US-STAPLES       2026-04-01 20:00:00
BRENT-LAST       2026-04-01 20:00:00
US-MATERIAL      2026-04-01 20:00:00
BITCOIN*         2026-04-01 20:00:00
US-INDUSTRY      2026-04-01 20:00:00
US-HEALTH        2026-04-01 20:00:00
VIX              2026-04-01 20:00:00
US-REALESTATE    2026-04-01 20:00:00
CHF_micro        2026-04-01 20:00:00
CAD              2026-04-01 20:00:00
ETHER-micro      2026-04-01 20:00:00
ETHEREUM         2026-04-01 20:00:00
JPY_mini         2026-04-01 20:00:00
SOFR             2026-04-01 20:00:00
HEATOIL          2026-04-01 20:00:00
EUR              2026-04-01 20:00:00
GOLD_micro       2026-04-01 20:00:00
GOLD-mini        2026-04-01 20:00:00
GOLD             2026-04-01 20:00:00
GBP_micro        2026-04-01 20:00:00
GBPEUR           2026-04-01 20:00:00
EURCHF           2026-04-01 20:00:00
GBP              2026-04-01 20:00:00
GAS_US_mini*     2026-04-01 20:00:00
GAS_US           2026-04-01 20:00:00
GASOILINE*       2026-04-01 20:00:00
EUR_micro*       2026-04-01 20:00:00
EUR_mini         2026-04-01 20:00:00
FANG             2026-04-01 20:00:00
DOW_mini         2026-04-01 20:00:00
DOW*             2026-04-01 20:00:00
JPY*             2026-04-01 20:00:00
MILK             2026-04-01 20:00:00
SILVER           2026-04-01 20:00:00
CAD10            2026-04-01 20:00:00
CAD5             2026-04-01 20:00:00
CAD_micro        2026-04-01 20:00:00
LUMBER-new       2026-04-01 20:00:00
RUSSELL_mini     2026-04-01 20:00:00
RUSSELL          2026-04-01 20:00:00
CHF*             2026-04-01 20:00:00
PLAT             2026-04-01 20:00:00
PALLAD           2026-04-01 20:00:00
SEK              2026-04-01 20:00:00
COPPER           2026-04-01 20:00:00
COPPER-micro     2026-04-01 20:00:00
NASDAQ_micro*    2026-04-01 20:00:00
NASDAQ           2026-04-01 20:00:00
MXP*             2026-04-01 20:00:00
COPPER-mini      2026-04-01 20:00:00
MSCIEAFA         2026-04-01 20:00:00
CRUDE_W          2026-04-01 20:00:00
NZD              2026-04-01 20:00:00
CHFUSD           2026-04-01 23:00:00
JPYUSD           2026-04-01 23:00:00
EURUSD           2026-04-01 23:00:00
CADUSD           2026-04-01 23:00:00
KRWUSD           2026-04-01 23:00:00
SGDUSD           2026-04-01 23:00:00
SEKUSD           2026-04-01 23:00:00
GBPUSD           2026-04-01 23:00:00
MXPUSD           2026-04-01 23:00:00
HKDUSD           2026-04-01 23:00:00
CNHUSD           2026-04-01 23:00:00
AUDUSD           2026-04-01 23:00:00


============================================================
           Status of optimal position generation            
============================================================

                                                 last_update
dynamic_TF_carry/SGX              2024-12-02 22:31:28.544775
dynamic_TF_carry/SOYMEAL          2026-04-01 22:31:40.073825
dynamic_TF_carry/CLP              2026-04-01 22:31:40.074081
dynamic_TF_carry/CHF              2026-04-01 22:31:40.074318
dynamic_TF_carry/BRENT-LAST       2026-04-01 22:31:40.074550
dynamic_TF_carry/MILLWHEAT        2026-04-01 22:31:40.074780
dynamic_TF_carry/FTSEVIET         2026-04-01 22:31:40.075010
dynamic_TF_carry/EUR              2026-04-01 22:31:40.075239
dynamic_TF_carry/HOUSE-US         2026-04-01 22:31:40.075466
dynamic_TF_carry/EURIBOR-ICE      2026-04-01 22:31:40.075693
dynamic_TF_carry/SOFR             2026-04-01 22:31:40.075919
dynamic_TF_carry/DAX              2026-04-01 22:31:40.076148
dynamic_TF_carry/KOSPI            2026-04-01 22:31:40.076377
dynamic_TF_carry/RUSSELL          2026-04-01 22:31:40.076605
dynamic_TF_carry/BONO             2026-04-01 22:31:40.076835
dynamic_TF_carry/OATIES           2026-04-01 22:31:40.077063
dynamic_TF_carry/EURO600          2026-04-01 22:31:40.077293
dynamic_TF_carry/MSCIEAFA         2026-04-01 22:31:40.077523
dynamic_TF_carry/OMX              2026-04-01 22:31:40.077758
dynamic_TF_carry/EUR_micro        2026-04-01 22:31:40.077986
dynamic_TF_carry/GASOIL           2026-04-01 22:31:40.078216
dynamic_TF_carry/ROBUSTA          2026-04-01 22:31:40.078445
dynamic_TF_carry/COPPER           2026-04-01 22:31:40.078673
dynamic_TF_carry/DOW              2026-04-01 22:31:40.078902
dynamic_TF_carry/EU-TRAVEL        2026-04-01 22:31:40.079133
dynamic_TF_carry/NASDAQ_micro     2026-04-01 22:31:40.079361
dynamic_TF_carry/CAD              2026-04-01 22:31:40.079591
dynamic_TF_carry/EU-BANKS         2026-04-01 22:31:40.079820
dynamic_TF_carry/EU-HOUSE         2026-04-01 22:31:40.080048
dynamic_TF_carry/OAT              2026-04-01 22:31:40.080277
dynamic_TF_carry/COTTON           2026-04-01 22:31:40.080505
dynamic_TF_carry/STEEL            2026-04-01 22:31:40.080733
dynamic_TF_carry/KRWUSD_mini      2026-04-01 22:31:40.081191
dynamic_TF_carry/BRENT_W          2026-04-01 22:31:40.081419
dynamic_TF_carry/CH10             2026-04-01 22:31:40.081652
dynamic_TF_carry/EU-HEALTH        2026-04-01 22:31:40.081881
dynamic_TF_carry/FTSECHINAA       2026-04-01 22:31:40.082111
dynamic_TF_carry/BOVESPA          2026-04-01 22:31:40.082568
dynamic_TF_carry/BTP3             2026-04-01 22:31:40.082797
dynamic_TF_carry/GASOILINE        2026-04-01 22:31:40.083025
dynamic_TF_carry/KR10             2026-04-01 22:31:40.083252
dynamic_TF_carry/IG               2026-04-01 22:31:40.083482
dynamic_TF_carry/EUROSTX          2026-04-01 22:31:40.083711
dynamic_TF_carry/WHEAT            2026-04-01 22:31:40.083940
dynamic_TF_carry/BITCOIN          2026-04-01 22:31:40.084169
dynamic_TF_carry/CRUDE_W_micro    2026-04-01 22:31:40.084627
dynamic_TF_carry/COAL             2026-04-01 22:31:40.084855
dynamic_TF_carry/CZK              2026-04-01 22:31:40.085084
dynamic_TF_carry/LEANHOG          2026-04-01 22:31:40.085312
dynamic_TF_carry/EU-BASIC         2026-04-01 22:31:40.085541
dynamic_TF_carry/KR3              2026-04-01 22:31:40.085774
dynamic_TF_carry/EURCHF           2026-04-01 22:31:40.086002
dynamic_TF_carry/JGB              2026-04-01 22:31:40.086231
dynamic_TF_carry/RICE             2026-04-01 22:31:40.086459
dynamic_TF_carry/PLN              2026-04-01 22:31:40.086688
dynamic_TF_carry/US20             2026-04-01 22:31:40.086916
dynamic_TF_carry/MILK             2026-04-01 22:31:40.087144
dynamic_TF_carry/SWISSLEAD        2026-04-01 22:31:40.087373
dynamic_TF_carry/US-REALESTATE    2026-04-01 22:31:40.087602
dynamic_TF_carry/EU-DJ-UTIL       2026-04-01 22:31:40.087831
dynamic_TF_carry/YENEUR           2026-04-01 22:31:40.088060
dynamic_TF_carry/AUDJPY           2026-04-01 22:31:40.088747
dynamic_TF_carry/COAL-GEORDIE     2026-04-01 22:31:40.088975
dynamic_TF_carry/EURIBOR          2026-04-01 22:31:40.089204
dynamic_TF_carry/EU-DIV30         2026-04-01 22:31:40.089433
dynamic_TF_carry/GAS-PEN          2026-04-01 22:31:40.089665
dynamic_TF_carry/NICKEL_LME       2026-04-01 22:31:40.089895
dynamic_TF_carry/EU-REALESTATE    2026-04-01 22:31:40.090353
dynamic_TF_carry/MSCIEMASIA       2026-04-01 22:31:40.090582
dynamic_TF_carry/NZD              2026-04-01 22:31:40.090811
dynamic_TF_carry/SOYBEAN_mini     2026-04-01 22:31:40.091040
dynamic_TF_carry/CRUDE_ICE        2026-04-01 22:31:40.091268
dynamic_TF_carry/WHEAT_ICE        2026-04-01 22:31:40.091496
dynamic_TF_carry/EU-INSURE        2026-04-01 22:31:40.091726
dynamic_TF_carry/ZINC_LME         2026-04-01 22:31:40.091955
dynamic_TF_carry/GBPEUR           2026-04-01 22:31:40.092643
dynamic_TF_carry/BBCOMM           2026-04-01 22:31:40.092872
dynamic_TF_carry/CHFJPY           2026-04-01 22:31:40.093099
dynamic_TF_carry/COFFEE           2026-04-01 22:31:40.093327
dynamic_TF_carry/ALUMINIUM        2026-04-01 22:31:40.093554
dynamic_TF_carry/COPPER-micro     2026-04-01 22:31:40.093795
dynamic_TF_carry/US30             2026-04-01 22:31:40.094024
dynamic_TF_carry/HIGHYIELD        2026-04-01 22:31:40.094295
dynamic_TF_carry/AUD_micro        2026-04-01 22:31:40.094526
dynamic_TF_carry/SOYOIL           2026-04-01 22:31:40.094755
dynamic_TF_carry/V2X              2026-04-01 22:31:40.094983
dynamic_TF_carry/EURAUD           2026-04-01 22:31:40.095212
dynamic_TF_carry/GBPJPY           2026-04-01 22:31:40.095441
dynamic_TF_carry/JGB-SGX-mini     2026-04-01 22:31:40.095670
dynamic_TF_carry/JP-REALESTATE    2026-04-01 22:31:40.095899
dynamic_TF_carry/MSCITAIWAN       2026-04-01 22:31:40.096127
dynamic_TF_carry/EU-OIL           2026-04-01 22:31:40.096356
dynamic_TF_carry/US-MATERIAL      2026-04-01 22:31:40.096585
dynamic_TF_carry/SMI-MID          2026-04-01 22:31:40.096813
dynamic_TF_carry/VNKI             2026-04-01 22:31:40.097042
dynamic_TF_carry/CORN             2026-04-01 22:31:40.097270
dynamic_TF_carry/GBPCHF           2026-04-01 22:31:40.097498
dynamic_TF_carry/SEK              2026-04-01 22:31:40.097766
dynamic_TF_carry/US5              2026-04-01 22:31:40.097997
dynamic_TF_carry/HEATOIL          2026-04-01 22:31:40.098225
dynamic_TF_carry/DX               2026-04-01 22:31:40.098452
dynamic_TF_carry/JPY              2026-04-01 22:31:40.098680
dynamic_TF_carry/MSCIASIA         2026-04-01 22:31:40.098909
dynamic_TF_carry/KOSDAQ           2026-04-01 22:31:40.099138
dynamic_TF_carry/GAS-LAST         2026-04-01 22:31:40.099367
dynamic_TF_carry/SMI              2026-04-01 22:31:40.099594
dynamic_TF_carry/US-STAPLES       2026-04-01 22:31:40.099822
dynamic_TF_carry/CAD10            2026-04-01 22:31:40.100050
dynamic_TF_carry/HANGTECH         2026-04-01 22:31:40.100278
dynamic_TF_carry/VIX              2026-04-01 22:31:40.100505
dynamic_TF_carry/EPRA-EUROPE      2026-04-01 22:31:40.100732
dynamic_TF_carry/HANG_mini        2026-04-01 22:31:40.101188
dynamic_TF_carry/MSCISING         2026-04-01 22:31:40.101415
dynamic_TF_carry/BRE              2026-04-01 22:31:40.101648
dynamic_TF_carry/MILKDRY          2026-04-01 22:31:40.101877
dynamic_TF_carry/EU-DJ-TELECOM    2026-04-01 22:31:40.102106
dynamic_TF_carry/US10             2026-04-01 22:31:40.102332
dynamic_TF_carry/EU-FOOD          2026-04-01 22:31:40.102560
dynamic_TF_carry/MIB              2026-04-01 22:31:40.102787
dynamic_TF_carry/TWD              2026-04-01 22:31:40.103014
dynamic_TF_carry/FANG             2026-04-01 22:31:40.103242
dynamic_TF_carry/EUROSTX-SMALL    2026-04-01 22:31:40.103471
dynamic_TF_carry/EU-MEDIA         2026-04-01 22:31:40.103699
dynamic_TF_carry/US-HEALTH        2026-04-01 22:31:40.103926
dynamic_TF_carry/RUBBER           2026-04-01 22:31:40.104154
dynamic_TF_carry/US-INDUSTRY      2026-04-01 22:31:40.104381
dynamic_TF_carry/NIKKEI400        2026-04-01 22:31:40.104607
dynamic_TF_carry/EU-RETAIL        2026-04-01 22:31:40.104834
dynamic_TF_carry/HANGENT_mini     2026-04-01 22:31:40.105061
dynamic_TF_carry/COCOA            2026-04-01 22:31:40.105288
dynamic_TF_carry/FTSE100          2026-04-01 22:31:40.105515
dynamic_TF_carry/FTSETAIWAN       2026-04-01 22:31:40.105746
dynamic_TF_carry/GICS             2026-04-01 22:31:40.105973
dynamic_TF_carry/FTSE250          2026-04-01 22:31:40.106201
dynamic_TF_carry/GBP              2026-04-01 22:31:40.106428
dynamic_TF_carry/CAC              2026-04-01 22:31:40.106656
dynamic_TF_carry/BUTTER           2026-04-01 22:31:40.106883
dynamic_TF_carry/LEAD_LME         2026-04-01 22:31:40.107110
dynamic_TF_carry/GILT             2026-04-01 22:31:40.107338
dynamic_TF_carry/SPI200           2026-04-01 22:31:40.107565
dynamic_TF_carry/FTSECHINAH       2026-04-01 22:31:40.107793
dynamic_TF_carry/EUROSTX200-LARGE 2026-04-01 22:31:40.108023
dynamic_TF_carry/R1000            2026-04-01 22:31:40.108251
dynamic_TF_carry/IRS              2026-04-01 22:31:40.108478
dynamic_TF_carry/EU-TECH          2026-04-01 22:31:40.108704
dynamic_TF_carry/SARONA           2026-04-01 22:31:40.108932
dynamic_TF_carry/EU-AUTO          2026-04-01 22:31:40.109160
dynamic_TF_carry/SUGAR11          2026-04-01 22:31:40.109389
dynamic_TF_carry/PLAT             2026-04-01 22:31:40.109621
dynamic_TF_carry/FED              2026-04-01 22:31:40.109850
dynamic_TF_carry/GOLD_micro       2026-04-01 22:31:40.110076
dynamic_TF_carry/EURCAD           2026-04-01 22:31:40.110303
dynamic_TF_carry/US3              2026-04-01 22:31:40.110756
dynamic_TF_carry/EUROSTX-LARGE    2026-04-01 22:31:40.110981
dynamic_TF_carry/SUGAR_WHITE      2026-04-01 22:31:40.111206
dynamic_TF_carry/CHEESE           2026-04-01 22:31:40.111432
dynamic_TF_carry/MXP              2026-04-01 22:31:40.111658
dynamic_TF_carry/COPPER_LME       2026-04-01 22:31:40.111885
dynamic_TF_carry/EU-CHEM          2026-04-01 22:31:40.112111
dynamic_TF_carry/SP500_micro      2026-04-01 22:31:40.112338
dynamic_TF_carry/CHINAA-CON       2026-04-01 22:31:40.112564
dynamic_TF_carry/PALLAD           2026-04-01 22:31:40.112792
dynamic_TF_carry/SONIA3           2026-04-01 22:31:40.113019
dynamic_TF_carry/US10U            2026-04-01 22:31:40.113245
dynamic_TF_carry/IRON             2026-04-01 22:31:40.113473
dynamic_TF_carry/US-ENERGY        2026-04-01 22:31:40.113708
dynamic_TF_carry/CAD2             2026-04-01 22:31:40.113936
dynamic_TF_carry/INR              2026-04-01 22:31:40.114165
dynamic_TF_carry/CRUDE_W_mini     2026-04-01 22:31:40.114394
dynamic_TF_carry/KRWUSD           2026-04-01 22:31:40.114621
dynamic_TF_carry/BUND             2026-04-01 22:31:40.114850
dynamic_TF_carry/NIKKEI           2026-04-01 22:31:40.115078
dynamic_TF_carry/ETHEREUM         2026-04-01 22:31:40.115306
dynamic_TF_carry/US-DISCRETE      2026-04-01 22:31:40.115535
dynamic_TF_carry/REDWHEAT         2026-04-01 22:31:40.115763
dynamic_TF_carry/CANOLA           2026-04-01 22:31:40.115991
dynamic_TF_carry/EU-UTILS         2026-04-01 22:31:40.116448
dynamic_TF_carry/EU-MID           2026-04-01 22:31:40.116676
dynamic_TF_carry/IBEX_mini        2026-04-01 22:31:40.116904
dynamic_TF_carry/WHEY             2026-04-01 22:31:40.117133
dynamic_TF_carry/MUMMY            2026-04-01 22:31:40.117362
dynamic_TF_carry/EU-CONSTRUCTION  2026-04-01 22:31:40.117593
dynamic_TF_carry/CAD5             2026-04-01 22:31:40.117821
dynamic_TF_carry/FTSEINDO         2026-04-01 22:31:40.118048
dynamic_TF_carry/COCOA_LDN        2026-04-01 22:31:40.118279
dynamic_TF_carry/EUA              2026-04-01 22:31:40.118507
dynamic_TF_carry/SUGAR16          2026-04-01 22:31:40.118735
dynamic_TF_carry/TIN_LME          2026-04-01 22:31:40.118963
dynamic_TF_carry/BUXL             2026-04-01 22:31:40.119648
dynamic_TF_carry/LUMBER-new       2026-04-01 22:31:40.119876
dynamic_TF_carry/NOK              2026-04-01 22:31:40.120105
dynamic_TF_carry/SGD              2026-04-01 22:31:40.120335
dynamic_TF_carry/AEX              2026-04-01 22:31:40.120564
dynamic_TF_carry/BTP              2026-04-01 22:31:40.120793
dynamic_TF_carry/KOSPI_mini       2026-04-01 22:31:40.121023
dynamic_TF_carry/LIVECOW          2026-04-01 22:31:40.121252
dynamic_TF_carry/TOPIX            2026-04-01 22:31:40.121481
dynamic_TF_carry/ZAR              2026-04-01 22:31:40.121714
dynamic_TF_carry/SOYBEAN          2026-04-01 22:31:40.121943
dynamic_TF_carry/COTTON2          2026-04-01 22:31:40.122171
dynamic_TF_carry/SILVER           2026-04-01 22:31:40.122631
dynamic_TF_carry/SP400            2026-04-01 22:31:40.122861
dynamic_TF_carry/US-UTILS         2026-04-01 22:31:40.123089
dynamic_TF_carry/OJ               2026-04-01 22:31:40.123316
dynamic_TF_carry/AUD              2026-04-01 22:31:40.123544
dynamic_TF_carry/US2              2026-04-01 22:31:40.123773
dynamic_TF_carry/FEEDCOW          2026-04-01 22:31:40.124001
dynamic_TF_carry/MILKWET          2026-04-01 22:31:40.124228
dynamic_TF_carry/SHATZ            2026-04-01 22:31:40.124457
dynamic_TF_carry/CNH              2026-04-01 22:31:40.124685
dynamic_TF_carry/BOBL             2026-04-01 22:31:40.124914
dynamic_TF_carry/GAS_US_mini      2026-04-01 22:31:40.125141
dynamic_TF_carry/MSCIWORLD        2026-04-01 22:31:40.125370


======================================================================================================================
                                                Status of trade limits                                                
======================================================================================================================

                   period_days  trade_limit  trades_since_last_reset  trade_capacity_remaining   time_since_last_reset
 GBP                        30            6                      4.0                       2.0 27 days 07:59:14.050889
 JPY                        14            4                      1.0                       3.0  6 days 07:58:59.370376
 GBP                        14            4                      1.0                       3.0 12 days 07:59:05.137364
 KR10                       14            4                      1.0                       3.0 12 days 20:56:56.911334
 BUXL                       30            4                      1.0                       3.0 29 days 14:59:13.613960
 BOVESPA                     1            4                      0.0                       4.0  0 days 00:00:00.000001
 EU-HOUSE                    1            4                      0.0                       4.0  0 days 00:00:00.000001
 YENEUR                     30            4                      0.0                       4.0  6 days 07:59:06.482216
 EU-DJ-UTIL                  1            4                      0.0                       4.0  0 days 00:00:00.000001
 EU-DJ-TELECOM               1            4                      0.0                       4.0  0 days 00:00:00.000002
 EU-DJ-TECH                  1            4                      0.0                       4.0  0 days 00:00:00.000002
 EU-DJ-OIL                   1            4                      0.0                       4.0  0 days 00:00:00.000001
 EU-CONSTRUCTION             1            4                      0.0                       4.0  0 days 00:00:00.000001
 BEL20                       1            4                      0.0                       4.0  0 days 00:00:00.000001
 CZK                         1            4                      0.0                       4.0  0 days 00:00:00.000002
 COTTON                      1            4                      0.0                       4.0  0 days 00:00:00.000002
 EU-MEDIA                    1            4                      0.0                       4.0  0 days 00:00:00.000001
 COPPER-mini                 1            4                      0.0                       4.0  0 days 00:00:00.000001
 CNH-onshore                 1            4                      0.0                       4.0  0 days 00:00:00.000001
 CLP                         1            4                      0.0                       4.0  0 days 00:00:00.000002
 CH10                        1            4                      0.0                       4.0  0 days 00:00:00.000002
 BUTTER                      1            4                      0.0                       4.0  0 days 00:00:00.000002
 ALUMINIUM                   1            4                      0.0                       4.0  0 days 00:00:00.000002
 EU-MID                      1            4                      0.0                       4.0  0 days 00:00:00.000002
 CORN                        1            4                      0.0                       4.0  0 days 00:00:00.000003
 US30                       30            4                      0.0                       4.0  0 days 00:00:00.000001
 US-ENERGY                   1            4                      0.0                       4.0  0 days 00:00:00.000002
 US-DISCRETE                 1            4                      0.0                       4.0  0 days 00:00:00.000002
 SMI-MID                     1            4                      0.0                       4.0  0 days 00:00:00.000001
 SGX                         1            4                      0.0                       4.0  0 days 00:00:00.000002
 SGD                         1            4                      0.0                       4.0  0 days 00:00:00.000001
 OMX                         1            4                      0.0                       4.0  0 days 00:00:00.000001
 MSCIASIA                    1            4                      0.0                       4.0  0 days 00:00:00.000002
 MILKWET                     1            4                      0.0                       4.0  0 days 00:00:00.000002
 MILKDRY                     1            4                      0.0                       4.0  0 days 00:00:00.000001
 MID-DAX                     1            4                      0.0                       4.0  0 days 00:00:00.000001
 JP-REALESTATE               1            4                      0.0                       4.0  0 days 00:00:00.000002
 JGB-SGX-mini                1            4                      0.0                       4.0  0 days 00:00:00.000002
 IRS                         1            4                      0.0                       4.0  0 days 00:00:00.000001
 FTSEINDO                    1            4                      0.0                       4.0  0 days 00:00:00.000001
 EUROSTX200-LARGE            1            4                      0.0                       4.0  0 days 00:00:00.000001
 EUROSTX-SMALL               1            4                      0.0                       4.0  0 days 00:00:00.000002
 EUROSTX-LARGE               1            4                      0.0                       4.0  0 days 00:00:00.000002
 EURIBOR                     1            4                      0.0                       4.0  0 days 00:00:00.000001
 EURCHF                      1            4                      0.0                       4.0  0 days 00:00:00.000001
 EU-REALESTATE               1            4                      0.0                       4.0  0 days 00:00:00.000002
 US3                        30            4                      0.0                       4.0  0 days 00:00:00.000002
 US10U                      30            4                      0.0                       4.0  0 days 00:00:00.000002
 SP400                      30            4                      0.0                       4.0  0 days 00:00:00.000001
 HEATOIL                    14            4                      0.0                       4.0  0 days 00:00:00.000002
 GBPEUR                     14            4                      0.0                       4.0  0 days 00:00:00.000002
 GAS-LAST                   14            4                      0.0                       4.0  0 days 00:00:00.000002
 FTSETAIWAN                 14            4                      0.0                       4.0  0 days 00:00:00.000001
 EU-TECH                    14            4                      0.0                       4.0  0 days 00:00:00.000002
 EU-CHEM                    14            4                      0.0                       4.0  0 days 00:00:00.000002
 ETHEREUM                   14            4                      0.0                       4.0  0 days 00:00:00.000001
 CNH                        14            4                      0.0                       4.0  0 days 00:00:00.000001
 BUXL                       14            4                      0.0                       4.0  0 days 00:00:00.000002
 BTP3                       14            4                      0.0                       4.0  0 days 00:00:00.000001
 BRENT-LAST                 14            4                      0.0                       4.0  0 days 00:00:00.000001
 BONO                       14            4                      0.0                       4.0  0 days 00:00:00.000001
 YENEUR                      1            4                      0.0                       4.0  0 days 00:00:00.000002
 US3                         1            4                      0.0                       4.0  0 days 00:00:00.000001
 US10U                       1            4                      0.0                       4.0  0 days 00:00:00.000001
 US-REALESTATE               1            4                      0.0                       4.0  0 days 00:00:00.000001
 TOPIX                       1            4                      0.0                       4.0  0 days 00:00:00.000002
 SP400                       1            4                      0.0                       4.0  0 days 00:00:00.000002
 SEK                         1            4                      0.0                       4.0  0 days 00:00:00.000001
 JGB                        14            4                      0.0                       4.0  0 days 00:00:00.000001
 US-HEALTH                   1            4                      0.0                       4.0  0 days 00:00:00.000001
 ZAR                         1            4                      0.0                       4.0  0 days 00:00:00.000001
 R1000                      14            4                      0.0                       4.0  0 days 00:00:00.000002
 SEK                        30            4                      0.0                       4.0  0 days 00:00:00.000001
 NOK                        30            4                      0.0                       4.0  0 days 00:00:00.000001
 JGB                        30            4                      0.0                       4.0  0 days 00:00:00.000001
 HEATOIL                    30            4                      0.0                       4.0  0 days 00:00:00.000001
 GBPEUR                     30            4                      0.0                       4.0  0 days 00:00:00.000001
 GASOILINE                  30            4                      0.0                       4.0 15 days 08:59:05.695075
 GAS-LAST                   30            4                      0.0                       4.0  0 days 00:00:00.000002
 ETHEREUM                   30            4                      0.0                       4.0  0 days 00:00:00.000001
 CHF                        30            4                      0.0                       4.0 12 days 07:59:14.610973
 BTP3                       30            4                      0.0                       4.0  0 days 00:00:00.000001
 BRENT-LAST                 30            4                      0.0                       4.0 16 days 07:24:04.200952
 BONO                       30            4                      0.0                       4.0  0 days 00:00:00.000001
 YENEUR                     14            4                      0.0                       4.0  6 days 07:59:06.484932
 US30                       14            4                      0.0                       4.0  0 days 00:00:00.000001
 US3                        14            4                      0.0                       4.0  0 days 00:00:00.000002
 US10U                      14            4                      0.0                       4.0  0 days 00:00:00.000002
 SP400                      14            4                      0.0                       4.0  0 days 00:00:00.000002
 SEK                        14            4                      0.0                       4.0  0 days 00:00:00.000001
 REDWHEAT                   14            4                      0.0                       4.0  0 days 00:00:00.000002
 NOK                        14            4                      0.0                       4.0  0 days 00:00:00.000001
