
********************************************************************************
                   Status report produced on 23/05/2024 22:57                   
********************************************************************************


Delayed methods: No delays

============================
Delayed adjusted / FX prices
============================

               last_update
KRWUSD 2024-05-17 23:00:00

Delayed optimal positions: No delays
Instruments at trade limit: No constraints

================================================
         Instruments at position limit          
================================================

                 keys  position pos_limit  spare
0                COAL         0       0.0    0.0
134               NOK         0       0.0    0.0
139            YENEUR         2       2.0    0.0
140           SMI-MID         0       0.0    0.0
55                MIB         1       1.0    0.0
142            NASDAQ         0       0.0    0.0
143   EU-CONSTRUCTION         0       0.0    0.0
52      EUROSTX-LARGE         0       0.0    0.0
50             PALLAD         0       0.0    0.0
150            EURAUD         0       0.0    0.0
151            GBPJPY         0       0.0    0.0
153          EU-MEDIA         0       0.0    0.0
99               CH10         0       0.0    0.0
44            US-TECH         0       0.0    0.0
165               SEK         0       0.0    0.0
168       EPRA-EUROPE         0       0.0    0.0
60         COPPER_LME         0       0.0    0.0
61           SGD_mini         0       0.0    0.0
64           HOUSE-US         0       0.0    0.0
129             R1000         0       0.0    0.0
102            BUTTER         0       0.0    0.0
87         EU-DJ-TECH         0       0.0    0.0
103             STEEL         0       0.0    0.0
85                TWD         0       0.0    0.0
104            COTTON         0       0.0    0.0
108           EU-CHEM         0       0.0    0.0
81               VNKI         0       0.0    0.0
184       COPPER-mini         0       0.0    0.0
110           MILKDRY         0       0.0    0.0
112          AEX_mini         0       0.0    0.0
77   EUROSTX200-LARGE         0       0.0    0.0
118               CLP         0       0.0    0.0
74                 IG         0       0.0    0.0
122      COAL-GEORDIE         0       0.0    0.0
123          TWD-mini         0       0.0    0.0
126           ETHANOL         0       0.0    0.0
79                PLN         0       0.0    0.0
38    GASOILINE_micro         0       0.0    0.0
157          JGB-mini         0       0.0    0.0
212         HIGHYIELD         0       0.0    0.0
210          EU-HOUSE         0       0.0    0.0
37             KRWUSD         0       0.0    0.0
216       HEATOIL-ICE         0       0.0    0.0
218               RUR         0       0.0    0.0
221               IRS         0       0.0    0.0
222               SGX         0       0.0    0.0
225              BUXL        -1       1.0    0.0
11               WHEY         0       0.0    0.0
237         CHF_micro         0       0.0    0.0
238              GICS         0       0.0    0.0
5              AUDJPY         0       0.0    0.0
242         EU-RETAIL         0       0.0    0.0
3                 CZK         0       0.0    0.0
244            EURCHF         0       0.0    0.0
245           BOVESPA         0       0.0    0.0
209            CHFJPY         0       0.0    0.0
208         EU-TRAVEL         0       0.0    0.0
98            TIN_LME         0       0.0    0.0
29                JGB         0       0.0    0.0
198           MILKWET         0       0.0    0.0
189          ETHEREUM         0       0.0    0.0
30        CNH-onshore         0       0.0    0.0
202     EU-DJ-TELECOM         0       0.0    0.0
33          SWISSLEAD         0       0.0    0.0
203               OMX         0       0.0    0.0
24              SP400         0       0.0    0.0
204            EURCAD         0       0.0    0.0
187          JPY_mini         0       0.0    0.0


=========================================================
         Overrides in database consider deleting         
=========================================================

                                                 override
NICKEL_LME             Override Close because in database
OATIES           Override Reduce only because in database
GAS-LAST         Override Reduce only because in database
RICE             Override Reduce only because in database
GOLD-mini        Override Reduce only because in database
VIX_mini         Override Reduce only because in database
GASOILINE_micro  Override Reduce only because in database
COAL-GEORDIE     Override Reduce only because in database
KRWUSD           Override Reduce only because in database
DX               Override Reduce only because in database
COAL             Override Reduce only because in database
US30             Override Reduce only because in database
SPI200           Override Reduce only because in database
JGB-SGX-mini     Override Reduce only because in database
FTSEINDO         Override Reduce only because in database
GAS_US_mini      Override Reduce only because in database
FTSECHINAH       Override Reduce only because in database
JGB              Override Reduce only because in database
FTSE100          Override Reduce only because in database
FTSETAIWAN       Override Reduce only because in database
HOUSE-US         Override Reduce only because in database
JGB-mini         Override Reduce only because in database
US10             Override Reduce only because in database
MSCISING         Override Reduce only because in database
US20             Override Reduce only because in database
CHEESE           Override Reduce only because in database
HANG             Override Reduce only because in database
INR              Override Reduce only because in database
WHEY             Override Reduce only because in database
MSCITAIWAN       Override Reduce only because in database
VNKI             Override Reduce only because in database
SOYBEAN_mini     Override Reduce only because in database
CAD10            Override Reduce only because in database
CAD5             Override Reduce only because in database
HIGHYIELD        Override Reduce only because in database
LUMBER-new       Override Reduce only because in database
STEEL            Override Reduce only because in database

Locked instruments (position mismatch): []

==============================================
Status of adjusted price / FX price collection
==============================================

                         last_update
KRWUSD           2024-05-17 23:00:00
SGX              2024-05-20 23:00:00
TWD              2024-05-20 23:00:00
SGD              2024-05-22 23:00:00
COTTON           2024-05-22 23:00:00
CLP              2024-05-22 23:00:00
IRS              2024-05-22 23:00:00
CNH-onshore      2024-05-22 23:00:00
ETHANOL          2024-05-22 23:00:00
OMX              2024-05-22 23:00:00
SUGAR16          2024-05-22 23:00:00
EPRA-EUROPE      2024-05-22 23:00:00
SWISSLEAD        2024-05-22 23:00:00
TIN_LME          2024-05-22 23:00:00
BOVESPA          2024-05-22 23:00:00
TWD-mini         2024-05-22 23:00:00
EURCAD           2024-05-22 23:00:00
BB3M             2024-05-22 23:00:00
GASOILINE_micro  2024-05-22 23:00:00
WHEY             2024-05-22 23:00:00
CZK              2024-05-22 23:00:00
ALUMINIUM*       2024-05-22 23:00:00
NICKEL_LME       2024-05-22 23:00:00
RUR              2024-05-22 23:00:00
FTSEINDO         2024-05-23 02:00:00
VNKI             2024-05-23 03:00:00
SGD_mini         2024-05-23 03:00:00
CHINAA-CON       2024-05-23 04:00:00
FTSECHINAA       2024-05-23 04:00:00
HANGTECH         2024-05-23 04:00:00
SPI200*          2024-05-23 04:00:00
FTSEVIET         2024-05-23 04:00:00
HANG             2024-05-23 04:00:00
HANGENT          2024-05-23 04:00:00
HANGENT_mini     2024-05-23 04:00:00
HANG_mini        2024-05-23 04:00:00
MSCITAIWAN       2024-05-23 04:00:00
JGB-mini         2024-05-23 04:30:00
KR10             2024-05-23 05:00:00
KOSPI_mini       2024-05-23 05:00:00
JGB              2024-05-23 05:00:00
KR3              2024-05-23 05:00:00
JGB-SGX-mini     2024-05-23 05:00:00
KRWUSD_mini      2024-05-23 05:00:00
KOSPI            2024-05-23 05:00:00
KOSDAQ*          2024-05-23 05:00:00
FTSETAIWAN*      2024-05-23 05:00:00
MSCISING         2024-05-23 05:00:00
IRON*            2024-05-23 05:00:00
JP-REALESTATE    2024-05-23 05:00:00
FTSECHINAH       2024-05-23 05:00:00
RUBBER           2024-05-23 05:00:00
MUMMY            2024-05-23 05:00:00
NIKKEI*          2024-05-23 05:00:00
NIKKEI400        2024-05-23 05:00:00
CNH              2024-05-23 05:00:00
TOPIX*           2024-05-23 05:00:00
EU-TRAVEL        2024-05-23 09:00:00
EUROSTX-LARGE    2024-05-23 09:00:00
EURIBOR          2024-05-23 13:00:00
ZINC_LME         2024-05-23 13:00:00
EU-DJ-TECH       2024-05-23 14:00:00
EU-DJ-OIL        2024-05-23 14:00:00
IG               2024-05-23 14:00:00
EUROSTX200-LARGE 2024-05-23 14:00:00
GICS             2024-05-23 14:30:00
GILT             2024-05-23 15:00:00
EUA              2024-05-23 15:00:00
SUGAR_WHITE      2024-05-23 15:00:00
BRENT_W          2024-05-23 15:00:00
MSCIWORLD        2024-05-23 15:00:00
GBPJPY           2024-05-23 15:00:00
SONIA3           2024-05-23 15:00:00
WHEAT_ICE        2024-05-23 15:00:00
GASOILINE_ICE    2024-05-23 15:00:00
GASOIL           2024-05-23 15:00:00
ALUMINIUM_LME    2024-05-23 15:00:00
AEX_mini         2024-05-23 15:00:00
FTSE100          2024-05-23 15:00:00
FTSE250          2024-05-23 15:00:00
EURIBOR-ICE      2024-05-23 15:00:00
HEATOIL-ICE      2024-05-23 15:00:00
IBEX_mini        2024-05-23 15:00:00
IBEX             2024-05-23 15:00:00
MSCIASIA         2024-05-23 15:00:00
COPPER_LME       2024-05-23 15:00:00
MIB*             2024-05-23 15:00:00
LEAD_LME         2024-05-23 15:00:00
COCOA_LDN        2024-05-23 15:00:00
COAL-GEORDIE     2024-05-23 15:00:00
COAL             2024-05-23 15:00:00
ROBUSTA          2024-05-23 15:00:00
CHFJPY           2024-05-23 15:00:00
CH10             2024-05-23 15:00:00
EU-DJ-TELECOM    2024-05-23 15:00:00
EU-DJ-UTIL       2024-05-23 15:00:00
EU-HOUSE         2024-05-23 15:00:00
CRUDE_ICE        2024-05-23 15:00:00
EU-MID           2024-05-23 15:00:00
SARONA           2024-05-23 15:00:00
MILLWHEAT        2024-05-23 15:00:00
HOUSE-US         2024-05-23 16:00:00
SHATZ            2024-05-23 16:00:00
V2X              2024-05-23 16:00:00
SMI              2024-05-23 16:00:00
OAT              2024-05-23 16:00:00
SMI-MID          2024-05-23 16:00:00
AEX              2024-05-23 16:00:00
DJSTX-SMALL      2024-05-23 16:00:00
EU-REALESTATE    2024-05-23 16:00:00
EU-OIL           2024-05-23 16:00:00
EU-MEDIA         2024-05-23 16:00:00
EU-INSURE        2024-05-23 16:00:00
EU-HEALTH        2024-05-23 16:00:00
EU-FOOD          2024-05-23 16:00:00
EU-DIV30         2024-05-23 16:00:00
EU-CONSTRUCTION  2024-05-23 16:00:00
EU-CHEM          2024-05-23 16:00:00
EU-BASIC         2024-05-23 16:00:00
EU-BANKS*        2024-05-23 16:00:00
EU-AUTO          2024-05-23 16:00:00
CAC*             2024-05-23 16:00:00
DAX              2024-05-23 16:00:00
BOBL             2024-05-23 16:00:00
BONO             2024-05-23 16:00:00
BTP              2024-05-23 16:00:00
BTP3             2024-05-23 16:00:00
BUND*            2024-05-23 16:00:00
EU-RETAIL        2024-05-23 16:00:00
EU-TECH          2024-05-23 16:00:00
BUXL*            2024-05-23 16:00:00
EUROSTX-SMALL    2024-05-23 16:00:00
EURAUD           2024-05-23 16:00:00
EU-UTILS         2024-05-23 16:00:00
EURO600          2024-05-23 16:00:00
EUROSTX          2024-05-23 16:00:00
HIGHYIELD        2024-05-23 17:00:00
SUGAR11          2024-05-23 17:00:00
COFFEE           2024-05-23 18:00:00
COCOA            2024-05-23 18:00:00
PLN              2024-05-23 18:00:00
BUTTER           2024-05-23 18:00:00
AUDJPY           2024-05-23 18:00:00
CHEESE           2024-05-23 18:00:00
GBPCHF           2024-05-23 18:00:00
OJ               2024-05-23 18:00:00
BBCOMM           2024-05-23 18:00:00
CAD5             2024-05-23 19:00:00
STEEL            2024-05-23 19:00:00
COTTON2*         2024-05-23 19:00:00
CORN_mini        2024-05-23 19:00:00
CORN*            2024-05-23 19:00:00
SOYBEAN_mini     2024-05-23 19:00:00
FEEDCOW          2024-05-23 19:00:00
WHEAT*           2024-05-23 19:00:00
CAD10*           2024-05-23 19:00:00
BRE              2024-05-23 19:00:00
BRENT-LAST       2024-05-23 19:00:00
GAS-PEN          2024-05-23 19:00:00
SILVER*          2024-05-23 19:00:00
FANG             2024-05-23 19:00:00
SOYBEAN          2024-05-23 19:00:00
REDWHEAT         2024-05-23 19:00:00
RICE             2024-05-23 19:00:00
EURCHF           2024-05-23 19:00:00
MILKWET          2024-05-23 19:00:00
MILKDRY          2024-05-23 19:00:00
MILK             2024-05-23 19:00:00
SOYMEAL*         2024-05-23 19:00:00
US-PROPERTY      2024-05-23 19:00:00
LIVECOW*         2024-05-23 19:00:00
LEANHOG          2024-05-23 19:00:00
OATIES           2024-05-23 19:00:00
GBPEUR           2024-05-23 19:00:00
US-TECH          2024-05-23 19:00:00
US-UTILS         2024-05-23 19:00:00
SOYOIL           2024-05-23 19:00:00
WHEAT_mini       2024-05-23 19:00:00
CANOLA           2024-05-23 19:00:00
SP500_micro      2024-05-23 20:00:00
SP500            2024-05-23 20:00:00
SP400            2024-05-23 20:00:00
US30             2024-05-23 20:00:00
US-FINANCE       2024-05-23 20:00:00
ZAR              2024-05-23 20:00:00
US5              2024-05-23 20:00:00
US3*             2024-05-23 20:00:00
BITCOIN*         2024-05-23 20:00:00
VIX*             2024-05-23 20:00:00
VIX_mini         2024-05-23 20:00:00
US20             2024-05-23 20:00:00
US2*             2024-05-23 20:00:00
US10U            2024-05-23 20:00:00
AUD              2024-05-23 20:00:00
AUD_micro        2024-05-23 20:00:00
US-STAPLES       2024-05-23 20:00:00
US-REALESTATE    2024-05-23 20:00:00
US-MATERIAL      2024-05-23 20:00:00
US-INDUSTRY      2024-05-23 20:00:00
US-HEALTH        2024-05-23 20:00:00
US-ENERGY        2024-05-23 20:00:00
US-DISCRETE      2024-05-23 20:00:00
YENEUR*          2024-05-23 20:00:00
US10             2024-05-23 20:00:00
FED              2024-05-23 20:00:00
PLAT             2024-05-23 20:00:00
CAD              2024-05-23 20:00:00
DOW_mini         2024-05-23 20:00:00
DX*              2024-05-23 20:00:00
ETHER-micro      2024-05-23 20:00:00
SOFR             2024-05-23 20:00:00
JPY_mini         2024-05-23 20:00:00
JPY*             2024-05-23 20:00:00
INR              2024-05-23 20:00:00
HEATOIL          2024-05-23 20:00:00
EUR              2024-05-23 20:00:00
DOW              2024-05-23 20:00:00
GOLD_micro*      2024-05-23 20:00:00
GOLD             2024-05-23 20:00:00
GBP_micro        2024-05-23 20:00:00
GBP*             2024-05-23 20:00:00
GAS_US_mini*     2024-05-23 20:00:00
GAS_US           2024-05-23 20:00:00
EUR_micro        2024-05-23 20:00:00
GASOILINE        2024-05-23 20:00:00
EUR_mini         2024-05-23 20:00:00
GAS-LAST         2024-05-23 20:00:00
GOLD-mini        2024-05-23 20:00:00
LUMBER-new       2024-05-23 20:00:00
ETHEREUM         2024-05-23 20:00:00
CRUDE_W_micro*   2024-05-23 20:00:00
CAD2             2024-05-23 20:00:00
CAD_micro        2024-05-23 20:00:00
SEK              2024-05-23 20:00:00
RUSSELL_mini     2024-05-23 20:00:00
RUSSELL          2024-05-23 20:00:00
CRUDE_W_mini     2024-05-23 20:00:00
CHF_micro        2024-05-23 20:00:00
R1000            2024-05-23 20:00:00
PALLAD           2024-05-23 20:00:00
NZD              2024-05-23 20:00:00
CHF*             2024-05-23 20:00:00
COPPER           2024-05-23 20:00:00
COPPER-micro     2024-05-23 20:00:00
COPPER-mini      2024-05-23 20:00:00
NASDAQ_micro*    2024-05-23 20:00:00
NASDAQ           2024-05-23 20:00:00
MXP*             2024-05-23 20:00:00
CRUDE_W          2024-05-23 20:00:00
MSCIEMASIA       2024-05-23 20:00:00
MSCIEAFA         2024-05-23 20:00:00
NOK              2024-05-23 20:00:00
JPYUSD           2024-05-23 23:00:00
CNHUSD           2024-05-23 23:00:00
AUDUSD           2024-05-23 23:00:00
KRWUSD           2024-05-23 23:00:00
CHFUSD           2024-05-23 23:00:00
HKDUSD           2024-05-23 23:00:00
MXPUSD           2024-05-23 23:00:00
SGDUSD           2024-05-23 23:00:00
GBPUSD           2024-05-23 23:00:00
CADUSD           2024-05-23 23:00:00
EURUSD           2024-05-23 23:00:00
SEKUSD           2024-05-23 23:00:00


============================================================
           Status of optimal position generation            
============================================================

                                                 last_update
dynamic_TF_carry/ETHEREUM         2024-05-23 22:31:22.698732
dynamic_TF_carry/MSCISING         2024-05-23 22:31:22.698956
dynamic_TF_carry/US-HEALTH        2024-05-23 22:31:22.699167
dynamic_TF_carry/SOYOIL           2024-05-23 22:31:22.699375
dynamic_TF_carry/ALUMINIUM        2024-05-23 22:31:22.699580
dynamic_TF_carry/GASOILINE        2024-05-23 22:31:22.699785
dynamic_TF_carry/ZINC_LME         2024-05-23 22:31:22.699991
dynamic_TF_carry/SOYMEAL          2024-05-23 22:31:22.700194
dynamic_TF_carry/IRON             2024-05-23 22:31:22.700399
dynamic_TF_carry/CANOLA           2024-05-23 22:31:22.700808
dynamic_TF_carry/FTSECHINAA       2024-05-23 22:31:22.701011
dynamic_TF_carry/EPRA-EUROPE      2024-05-23 22:31:22.701215
dynamic_TF_carry/PLN              2024-05-23 22:31:22.701421
dynamic_TF_carry/EU-TECH          2024-05-23 22:31:22.701624
dynamic_TF_carry/GBPJPY           2024-05-23 22:31:22.701828
dynamic_TF_carry/NOK              2024-05-23 22:31:22.702033
dynamic_TF_carry/FTSEVIET         2024-05-23 22:31:22.702237
dynamic_TF_carry/OJ               2024-05-23 22:31:22.702441
dynamic_TF_carry/COFFEE           2024-05-23 22:31:22.702645
dynamic_TF_carry/EUROSTX-SMALL    2024-05-23 22:31:22.702849
dynamic_TF_carry/COPPER_LME       2024-05-23 22:31:22.703053
dynamic_TF_carry/SWISSLEAD        2024-05-23 22:31:22.703257
dynamic_TF_carry/US10U            2024-05-23 22:31:22.703461
dynamic_TF_carry/KRWUSD_mini      2024-05-23 22:31:22.703664
dynamic_TF_carry/BITCOIN          2024-05-23 22:31:22.703868
dynamic_TF_carry/CAD2             2024-05-23 22:31:22.704072
dynamic_TF_carry/ZAR              2024-05-23 22:31:22.704275
dynamic_TF_carry/HEATOIL          2024-05-23 22:31:22.704683
dynamic_TF_carry/CZK              2024-05-23 22:31:22.704887
dynamic_TF_carry/US-TECH          2024-05-23 22:31:22.705091
dynamic_TF_carry/GBPEUR           2024-05-23 22:31:22.705298
dynamic_TF_carry/CNH              2024-05-23 22:31:22.705502
dynamic_TF_carry/DX               2024-05-23 22:31:22.705706
dynamic_TF_carry/MSCITAIWAN       2024-05-23 22:31:22.705908
dynamic_TF_carry/V2X              2024-05-23 22:31:22.706110
dynamic_TF_carry/MILK             2024-05-23 22:31:22.706313
dynamic_TF_carry/PLAT             2024-05-23 22:31:22.706516
dynamic_TF_carry/EU-REALESTATE    2024-05-23 22:31:22.706719
dynamic_TF_carry/COTTON2          2024-05-23 22:31:22.706923
dynamic_TF_carry/WHEAT_ICE        2024-05-23 22:31:22.707126
dynamic_TF_carry/US30             2024-05-23 22:31:22.707329
dynamic_TF_carry/WHEY             2024-05-23 22:31:22.707533
dynamic_TF_carry/COAL             2024-05-23 22:31:22.707737
dynamic_TF_carry/NZD              2024-05-23 22:31:22.707940
dynamic_TF_carry/MSCIASIA         2024-05-23 22:31:22.708144
dynamic_TF_carry/CLP              2024-05-23 22:31:22.708347
dynamic_TF_carry/AUD_micro        2024-05-23 22:31:22.708551
dynamic_TF_carry/TIN_LME          2024-05-23 22:31:22.708754
dynamic_TF_carry/BTP              2024-05-23 22:31:22.708957
dynamic_TF_carry/LIVECOW          2024-05-23 22:31:22.709160
dynamic_TF_carry/CAD5             2024-05-23 22:31:22.709367
dynamic_TF_carry/CH10             2024-05-23 22:31:22.709571
dynamic_TF_carry/CAC              2024-05-23 22:31:22.709774
dynamic_TF_carry/CHEESE           2024-05-23 22:31:22.709979
dynamic_TF_carry/GAS_US_mini      2024-05-23 22:31:22.710184
dynamic_TF_carry/EU-UTILS         2024-05-23 22:31:22.710387
dynamic_TF_carry/OAT              2024-05-23 22:31:22.710590
dynamic_TF_carry/SUGAR_WHITE      2024-05-23 22:31:22.710793
dynamic_TF_carry/FTSETAIWAN       2024-05-23 22:31:22.711199
dynamic_TF_carry/IBEX_mini        2024-05-23 22:31:22.711606
dynamic_TF_carry/SGD              2024-05-23 22:31:22.711810
dynamic_TF_carry/GICS             2024-05-23 22:31:22.712013
dynamic_TF_carry/KOSPI_mini       2024-05-23 22:31:22.712217
dynamic_TF_carry/BUTTER           2024-05-23 22:31:22.712420
dynamic_TF_carry/RUSSELL          2024-05-23 22:31:22.712624
dynamic_TF_carry/SUGAR16          2024-05-23 22:31:22.712826
dynamic_TF_carry/KR10             2024-05-23 22:31:22.713030
dynamic_TF_carry/EU-FOOD          2024-05-23 22:31:22.713233
dynamic_TF_carry/EU-BASIC         2024-05-23 22:31:22.713440
dynamic_TF_carry/INR              2024-05-23 22:31:22.713643
dynamic_TF_carry/US-ENERGY        2024-05-23 22:31:22.713847
dynamic_TF_carry/DJSTX-SMALL      2024-05-23 22:31:22.714050
dynamic_TF_carry/OATIES           2024-05-23 22:31:22.714253
dynamic_TF_carry/US2              2024-05-23 22:31:22.714457
dynamic_TF_carry/SP500_micro      2024-05-23 22:31:22.714660
dynamic_TF_carry/GAS-PEN          2024-05-23 22:31:22.714865
dynamic_TF_carry/KR3              2024-05-23 22:31:22.715069
dynamic_TF_carry/EU-MID           2024-05-23 22:31:22.715272
dynamic_TF_carry/BTP3             2024-05-23 22:31:22.715476
dynamic_TF_carry/JGB              2024-05-23 22:31:22.715680
dynamic_TF_carry/EU-INSURE        2024-05-23 22:31:22.715883
dynamic_TF_carry/BBCOMM           2024-05-23 22:31:22.716087
dynamic_TF_carry/SHATZ            2024-05-23 22:31:22.716289
dynamic_TF_carry/KRWUSD           2024-05-23 22:31:22.716493
dynamic_TF_carry/BUXL             2024-05-23 22:31:22.716697
dynamic_TF_carry/EUR_micro        2024-05-23 22:31:22.716900
dynamic_TF_carry/NICKEL_LME       2024-05-23 22:31:22.717104
dynamic_TF_carry/FTSEINDO         2024-05-23 22:31:22.717311
dynamic_TF_carry/EUROSTX200-LARGE 2024-05-23 22:31:22.717514
dynamic_TF_carry/REDWHEAT         2024-05-23 22:31:22.717717
dynamic_TF_carry/RUBBER           2024-05-23 22:31:22.717921
dynamic_TF_carry/ETHANOL          2024-05-23 22:31:22.718126
dynamic_TF_carry/KOSDAQ           2024-05-23 22:31:22.718329
dynamic_TF_carry/SPI200           2024-05-23 22:31:22.718532
dynamic_TF_carry/SEK              2024-05-23 22:31:22.718735
dynamic_TF_carry/BOVESPA          2024-05-23 22:31:22.718938
dynamic_TF_carry/IG               2024-05-23 22:31:22.719345
dynamic_TF_carry/SOFR             2024-05-23 22:31:22.719548
dynamic_TF_carry/EU-RETAIL        2024-05-23 22:31:22.719751
dynamic_TF_carry/FTSE250          2024-05-23 22:31:22.719954
dynamic_TF_carry/MSCIEAFA         2024-05-23 22:31:22.720159
dynamic_TF_carry/EU-BANKS         2024-05-23 22:31:22.720362
dynamic_TF_carry/EU-DJ-TELECOM    2024-05-23 22:31:22.720566
dynamic_TF_carry/CAD10            2024-05-23 22:31:22.720770
dynamic_TF_carry/EU-HEALTH        2024-05-23 22:31:22.720975
dynamic_TF_carry/JP-REALESTATE    2024-05-23 22:31:22.721178
dynamic_TF_carry/AUD              2024-05-23 22:31:22.721383
dynamic_TF_carry/VNKI             2024-05-23 22:31:22.721588
dynamic_TF_carry/FTSE100          2024-05-23 22:31:22.721790
dynamic_TF_carry/RICE             2024-05-23 22:31:22.721993
dynamic_TF_carry/EU-HOUSE         2024-05-23 22:31:22.722196
dynamic_TF_carry/MIB              2024-05-23 22:31:22.722399
dynamic_TF_carry/EUROSTX          2024-05-23 22:31:22.722603
dynamic_TF_carry/NIKKEI           2024-05-23 22:31:22.722807
dynamic_TF_carry/HANGENT_mini     2024-05-23 22:31:22.723010
dynamic_TF_carry/GBP              2024-05-23 22:31:22.723214
dynamic_TF_carry/MILKDRY          2024-05-23 22:31:22.723417
dynamic_TF_carry/SGX              2024-05-23 22:31:22.723620
dynamic_TF_carry/EU-CONSTRUCTION  2024-05-23 22:31:22.723823
dynamic_TF_carry/BRENT_W          2024-05-23 22:31:22.724025
dynamic_TF_carry/CRUDE_W_mini     2024-05-23 22:31:22.724228
dynamic_TF_carry/EURCHF           2024-05-23 22:31:22.724431
dynamic_TF_carry/EU-TRAVEL        2024-05-23 22:31:22.724634
dynamic_TF_carry/EURO600          2024-05-23 22:31:22.724837
dynamic_TF_carry/COAL-GEORDIE     2024-05-23 22:31:22.725041
dynamic_TF_carry/BONO             2024-05-23 22:31:22.725244
dynamic_TF_carry/COCOA_LDN        2024-05-23 22:31:22.725742
dynamic_TF_carry/LEANHOG          2024-05-23 22:31:22.725955
dynamic_TF_carry/SOYBEAN          2024-05-23 22:31:22.726164
dynamic_TF_carry/R1000            2024-05-23 22:31:22.726370
dynamic_TF_carry/EU-DJ-UTIL       2024-05-23 22:31:22.726575
dynamic_TF_carry/EU-OIL           2024-05-23 22:31:22.726780
dynamic_TF_carry/CORN             2024-05-23 22:31:22.726986
dynamic_TF_carry/ROBUSTA          2024-05-23 22:31:22.727193
dynamic_TF_carry/YENEUR           2024-05-23 22:31:22.727399
dynamic_TF_carry/GAS-LAST         2024-05-23 22:31:22.727604
dynamic_TF_carry/LEAD_LME         2024-05-23 22:31:22.727810
dynamic_TF_carry/GILT             2024-05-23 22:31:22.728015
dynamic_TF_carry/AEX              2024-05-23 22:31:22.728221
dynamic_TF_carry/TOPIX            2024-05-23 22:31:22.728426
dynamic_TF_carry/US5              2024-05-23 22:31:22.728631
dynamic_TF_carry/MILLWHEAT        2024-05-23 22:31:22.728837
dynamic_TF_carry/EURIBOR          2024-05-23 22:31:22.729044
dynamic_TF_carry/EUA              2024-05-23 22:31:22.729249
dynamic_TF_carry/SUGAR11          2024-05-23 22:31:22.729460
dynamic_TF_carry/BUND             2024-05-23 22:31:22.729668
dynamic_TF_carry/LUMBER-new       2024-05-23 22:31:22.729875
dynamic_TF_carry/FANG             2024-05-23 22:31:22.730081
dynamic_TF_carry/MSCIEMASIA       2024-05-23 22:31:22.730289
dynamic_TF_carry/SONIA3           2024-05-23 22:31:22.730494
dynamic_TF_carry/SMI-MID          2024-05-23 22:31:22.730699
dynamic_TF_carry/JGB-SGX-mini     2024-05-23 22:31:22.730904
dynamic_TF_carry/US-FINANCE       2024-05-23 22:31:22.731108
dynamic_TF_carry/CAD              2024-05-23 22:31:22.731314
dynamic_TF_carry/BRENT-LAST       2024-05-23 22:31:22.731520
dynamic_TF_carry/US20             2024-05-23 22:31:22.731725
dynamic_TF_carry/COCOA            2024-05-23 22:31:22.731930
dynamic_TF_carry/FTSECHINAH       2024-05-23 22:31:22.732135
dynamic_TF_carry/NIKKEI400        2024-05-23 22:31:22.732339
dynamic_TF_carry/TWD              2024-05-23 22:31:22.732544
dynamic_TF_carry/US-REALESTATE    2024-05-23 22:31:22.732749
dynamic_TF_carry/HOUSE-US         2024-05-23 22:31:22.732953
dynamic_TF_carry/SILVER           2024-05-23 22:31:22.733157
dynamic_TF_carry/COTTON           2024-05-23 22:31:22.733366
dynamic_TF_carry/EURCAD           2024-05-23 22:31:22.733573
dynamic_TF_carry/US-INDUSTRY      2024-05-23 22:31:22.733779
dynamic_TF_carry/US-STAPLES       2024-05-23 22:31:22.733984
dynamic_TF_carry/CRUDE_ICE        2024-05-23 22:31:22.734190
dynamic_TF_carry/OMX              2024-05-23 22:31:22.734395
dynamic_TF_carry/IRS              2024-05-23 22:31:22.734601
dynamic_TF_carry/STEEL            2024-05-23 22:31:22.734806
dynamic_TF_carry/MILKWET          2024-05-23 22:31:22.735010
dynamic_TF_carry/US-DISCRETE      2024-05-23 22:31:22.735226
dynamic_TF_carry/EURAUD           2024-05-23 22:31:22.735432
dynamic_TF_carry/BOBL             2024-05-23 22:31:22.735638
dynamic_TF_carry/EU-DIV30         2024-05-23 22:31:22.735842
dynamic_TF_carry/GOLD_micro       2024-05-23 22:31:22.736253
dynamic_TF_carry/COPPER-micro     2024-05-23 22:31:22.736458
dynamic_TF_carry/SARONA           2024-05-23 22:31:22.736661
dynamic_TF_carry/CRUDE_W_micro    2024-05-23 22:31:22.736866
dynamic_TF_carry/SOYBEAN_mini     2024-05-23 22:31:22.737071
dynamic_TF_carry/JPY              2024-05-23 22:31:22.737275
dynamic_TF_carry/PALLAD           2024-05-23 22:31:22.737483
dynamic_TF_carry/COPPER           2024-05-23 22:31:22.737689
dynamic_TF_carry/EU-MEDIA         2024-05-23 22:31:22.737893
dynamic_TF_carry/GASOIL           2024-05-23 22:31:22.738098
dynamic_TF_carry/GBPCHF           2024-05-23 22:31:22.738302
dynamic_TF_carry/BRE              2024-05-23 22:31:22.738505
dynamic_TF_carry/CHF              2024-05-23 22:31:22.738711
dynamic_TF_carry/US10             2024-05-23 22:31:22.738917
dynamic_TF_carry/EU-AUTO          2024-05-23 22:31:22.739120
dynamic_TF_carry/CHFJPY           2024-05-23 22:31:22.739324
dynamic_TF_carry/RUR              2024-05-23 22:31:22.739529
dynamic_TF_carry/AUDJPY           2024-05-23 22:31:22.739734
dynamic_TF_carry/US-MATERIAL      2024-05-23 22:31:22.739938
dynamic_TF_carry/MXP              2024-05-23 22:31:22.740143
dynamic_TF_carry/MUMMY            2024-05-23 22:31:22.740349
dynamic_TF_carry/SP400            2024-05-23 22:31:22.740555
dynamic_TF_carry/US-UTILS         2024-05-23 22:31:22.740761
dynamic_TF_carry/MSCIWORLD        2024-05-23 22:31:22.740965
dynamic_TF_carry/VIX              2024-05-23 22:31:22.741170
dynamic_TF_carry/KOSPI            2024-05-23 22:31:22.741376
dynamic_TF_carry/FEEDCOW          2024-05-23 22:31:22.741581
dynamic_TF_carry/NASDAQ_micro     2024-05-23 22:31:22.741993
dynamic_TF_carry/US-PROPERTY      2024-05-23 22:31:22.742198
dynamic_TF_carry/EUR              2024-05-23 22:31:22.742401
dynamic_TF_carry/HANG_mini        2024-05-23 22:31:22.742606
dynamic_TF_carry/US3              2024-05-23 22:31:22.742810
dynamic_TF_carry/FED              2024-05-23 22:31:22.743014
dynamic_TF_carry/HIGHYIELD        2024-05-23 22:31:22.743218
dynamic_TF_carry/CHINAA-CON       2024-05-23 22:31:22.743422
dynamic_TF_carry/EUROSTX-LARGE    2024-05-23 22:31:22.743627
dynamic_TF_carry/BB3M             2024-05-23 22:31:22.743831
dynamic_TF_carry/DOW              2024-05-23 22:31:22.744035
dynamic_TF_carry/EU-CHEM          2024-05-23 22:31:22.744240
dynamic_TF_carry/EURIBOR-ICE      2024-05-23 22:31:22.744444
dynamic_TF_carry/WHEAT            2024-05-23 22:31:22.744648
dynamic_TF_carry/SMI              2024-05-23 22:31:22.744852
dynamic_TF_carry/DAX              2024-05-23 22:31:22.745065
dynamic_TF_carry/HANGTECH         2024-05-23 22:31:22.745273


======================================================================================================================
                                                Status of trade limits                                                
======================================================================================================================

                   period_days  trade_limit  trades_since_last_reset  trade_capacity_remaining   time_since_last_reset
 VIX                        30            5                      4.0                       1.0 27 days 07:57:54.588720
 CAC                        30            5                      4.0                       1.0 28 days 14:57:57.303667
 YENEUR                     30            4                      1.0                       3.0 20 days 07:57:57.256980
 VIX                        14            4                      1.0                       3.0  9 days 07:52:58.465996
 GAS_US_mini                30            6                      3.0                       3.0 24 days 08:57:34.831833
 EU-MID                      1            4                      0.0                       4.0  0 days 00:00:00.000002
 EU-MEDIA                    1            4                      0.0                       4.0  0 days 00:00:00.000001
 EU-HOUSE                    1            4                      0.0                       4.0  0 days 00:00:00.000002
 EU-DJ-UTIL                  1            4                      0.0                       4.0  0 days 00:00:00.000002
 EU-DJ-TELECOM               1            4                      0.0                       4.0  0 days 00:00:00.000001
 EU-DJ-TECH                  1            4                      0.0                       4.0  0 days 00:00:00.000002
 EU-DJ-OIL                   1            4                      0.0                       4.0  0 days 00:00:00.000001
 EU-CONSTRUCTION             1            4                      0.0                       4.0  0 days 00:00:00.000002
 ETHANOL                     1            4                      0.0                       4.0  0 days 00:00:00.000002
 CORN                        1            4                      0.0                       4.0  0 days 00:00:00.000002
 COPPER-mini                 1            4                      0.0                       4.0  0 days 00:00:00.000001
 CNH-onshore                 1            4                      0.0                       4.0  0 days 00:00:00.000002
 CLP                         1            4                      0.0                       4.0  0 days 00:00:00.000001
 CH10                        1            4                      0.0                       4.0  0 days 00:00:00.000002
 BUTTER                      1            4                      0.0                       4.0  0 days 00:00:00.000002
 BOVESPA                     1            4                      0.0                       4.0  0 days 00:00:00.000002
 BEL20                       1            4                      0.0                       4.0  0 days 00:00:00.000002
 ALUMINIUM                   1            4                      0.0                       4.0  0 days 00:00:00.000001
 CZK                         1            4                      0.0                       4.0  0 days 00:00:00.000001
 COTTON                      1            4                      0.0                       4.0  0 days 00:00:00.000002
 EU-REALESTATE               1            4                      0.0                       4.0  0 days 00:00:00.000001
 EURIBOR                     1            4                      0.0                       4.0  0 days 00:00:00.000001
 US-INDUSTRY                 1            4                      0.0                       4.0  0 days 00:00:00.000001
 US-HEALTH                   1            4                      0.0                       4.0  0 days 00:00:00.000002
 US-FINANCE                  1            4                      0.0                       4.0  0 days 00:00:00.000001
 US-ENERGY                   1            4                      0.0                       4.0  0 days 00:00:00.000002
 US-DISCRETE                 1            4                      0.0                       4.0  0 days 00:00:00.000001
 SMI-MID                     1            4                      0.0                       4.0  0 days 00:00:00.000002
 SGX                         1            4                      0.0                       4.0  0 days 00:00:00.000001
 SGD                         1            4                      0.0                       4.0  0 days 00:00:00.000002
 OMX                         1            4                      0.0                       4.0  0 days 00:00:00.000002
 EURCHF                      1            4                      0.0                       4.0  0 days 00:00:00.000002
 MSCIASIA                    1            4                      0.0                       4.0  0 days 00:00:00.000001
 MILKDRY                     1            4                      0.0                       4.0  0 days 00:00:00.000002
 MID-DAX                     1            4                      0.0                       4.0  0 days 00:00:00.000001
 JP-REALESTATE               1            4                      0.0                       4.0  0 days 00:00:00.000002
 JGB-SGX-mini                1            4                      0.0                       4.0  0 days 00:00:00.000002
 IRS                         1            4                      0.0                       4.0  0 days 00:00:00.000001
 FTSEINDO                    1            4                      0.0                       4.0  0 days 00:00:00.000002
 EUROSTX200-LARGE            1            4                      0.0                       4.0  0 days 00:00:00.000002
 EUROSTX-SMALL               1            4                      0.0                       4.0  0 days 00:00:00.000001
 EUROSTX-LARGE               1            4                      0.0                       4.0  0 days 00:00:00.000002
 MILKWET                     1            4                      0.0                       4.0  0 days 00:00:00.000002
 US30                       30            4                      0.0                       4.0  0 days 00:00:00.000002
 US10U                      30            4                      0.0                       4.0  0 days 00:00:00.000002
 US-MATERIAL                 1            4                      0.0                       4.0  0 days 00:00:00.000002
 KRWUSD                     14            4                      0.0                       4.0  0 days 00:00:00.000002
 JGB                        14            4                      0.0                       4.0  0 days 00:00:00.000002
 HEATOIL                    14            4                      0.0                       4.0  0 days 00:00:00.000002
 GBPEUR                     14            4                      0.0                       4.0  0 days 00:00:00.000001
 GAS-LAST                   14            4                      0.0                       4.0  0 days 00:00:00.000002
 FTSETAIWAN                 14            4                      0.0                       4.0  0 days 00:00:00.000001
 EU-TECH                    14            4                      0.0                       4.0  0 days 00:00:00.000002
 EU-CHEM                    14            4                      0.0                       4.0  0 days 00:00:00.000001
 ETHEREUM                   14            4                      0.0                       4.0  0 days 00:00:00.000001
 CNH                        14            4                      0.0                       4.0  0 days 00:00:00.000001
 BUXL                       14            4                      0.0                       4.0  0 days 00:00:00.000002
 BTP3                       14            4                      0.0                       4.0  0 days 00:00:00.000001
 BRENT-LAST                 14            4                      0.0                       4.0  0 days 00:00:00.000002
 BONO                       14            4                      0.0                       4.0  0 days 00:00:00.000002
 YENEUR                      1            4                      0.0                       4.0  0 days 00:00:00.000002
 US3                         1            4                      0.0                       4.0  0 days 00:00:00.000001
 US10U                       1            4                      0.0                       4.0  0 days 00:00:00.000002
 US-REALESTATE               1            4                      0.0                       4.0  0 days 00:00:00.000001
 TOPIX                       1            4                      0.0                       4.0  0 days 00:00:00.000002
 ZAR                         1            4                      0.0                       4.0  0 days 00:00:00.000002
 NOK                        14            4                      0.0                       4.0  0 days 00:00:00.000001
 R1000                      14            4                      0.0                       4.0  0 days 00:00:00.000001
 REDWHEAT                   14            4                      0.0                       4.0  0 days 00:00:00.000002
 SP400                      30            4                      0.0                       4.0  0 days 00:00:00.000002
 SEK                        30            4                      0.0                       4.0  0 days 00:00:00.000002
 NOK                        30            4                      0.0                       4.0  0 days 00:00:00.000001
 JGB                        30            4                      0.0                       4.0  0 days 00:00:00.000002
 HEATOIL                    30            4                      0.0                       4.0  0 days 00:00:00.000002
