
********************************************************************************
                   Status report produced on 17/06/2024 22:55                   
********************************************************************************



================================================================================================================================================
                                                                Delayed methods                                                                 
================================================================================================================================================

                                                                  process_name              last_start                last_end currently_running
update_sampled_contracts                     run_daily_fx_and_contract_updates 2024-06-14 10:26:18.530 2024-06-14 10:31:38.909             False
strategy_allocation                                         run_capital_update 2024-06-14 10:26:22.661 2024-06-14 10:26:22.697             False
generate_force_roll_orders                                   run_stack_handler 2024-06-14 19:26:54.009 2024-06-14 19:26:56.947             False
refresh_additional_sampling_all_instruments                  run_stack_handler 2024-06-14 19:26:56.983 2024-06-14 19:27:13.361             False
spawn_children_from_new_instrument_orders                    run_stack_handler 2024-06-14 19:29:57.365 2024-06-14 19:29:57.433             False
create_broker_orders_from_contract_orders                    run_stack_handler 2024-06-14 19:29:57.437 2024-06-14 19:29:57.455             False
process_fills_stack                                          run_stack_handler 2024-06-14 19:29:57.457 2024-06-14 19:29:57.470             False
handle_completed_orders                                      run_stack_handler 2024-06-14 19:29:57.472 2024-06-14 19:29:57.478             False
safe_stack_removal                                           run_stack_handler 2024-06-14 19:30:01.728 2024-06-14 19:30:01.893             False


====================================
    Delayed adjusted / FX prices    
====================================

                         last_update
HEATOIL          2024-05-31 19:00:00
SGX              2024-06-10 23:00:00
TOPIX            2024-06-13 05:00:00
EURCAD           2024-06-13 23:00:00
COTTON           2024-06-13 23:00:00
IRS              2024-06-13 23:00:00
SGD              2024-06-13 23:00:00
RUR              2024-06-13 23:00:00
HOUSE-US         2024-06-13 23:00:00
GBPCHF           2024-06-13 23:00:00
KRWUSD           2024-06-13 23:00:00
ETHANOL          2024-06-13 23:00:00
MILKWET          2024-06-13 23:00:00
GBPJPY           2024-06-13 23:00:00
CZK              2024-06-13 23:00:00
OMX              2024-06-13 23:00:00
MSCIWORLD        2024-06-13 23:00:00
CLP              2024-06-13 23:00:00
CHFJPY           2024-06-13 23:00:00
EURAUD           2024-06-13 23:00:00
NICKEL_LME       2024-06-13 23:00:00
SWISSLEAD        2024-06-13 23:00:00
TIN_LME          2024-06-13 23:00:00
GASOILINE_micro  2024-06-13 23:00:00
TWD              2024-06-13 23:00:00
BOVESPA          2024-06-13 23:00:00
GICS             2024-06-13 23:00:00
GAS-PEN          2024-06-13 23:00:00
WHEY             2024-06-13 23:00:00
TWD-mini         2024-06-13 23:00:00
BB3M             2024-06-13 23:00:00
MSCITAIWAN       2024-06-14 06:00:00
KR3              2024-06-14 07:00:00
KR10             2024-06-14 07:00:00
KOSPI_mini       2024-06-14 07:00:00
KOSPI            2024-06-14 07:00:00
KOSDAQ           2024-06-14 07:00:00
JP-REALESTATE    2024-06-14 07:00:00
FTSEVIET         2024-06-14 08:00:00
SGD_mini         2024-06-14 08:00:00
VNKI             2024-06-14 08:30:00
HANG_mini        2024-06-14 09:00:00
FTSECHINAH       2024-06-14 09:00:00
FTSEINDO         2024-06-14 09:00:00
HANG             2024-06-14 09:00:00
HANGENT          2024-06-14 09:00:00
HANGENT_mini     2024-06-14 09:00:00
HANGTECH         2024-06-14 09:00:00
CHINAA-CON       2024-06-14 09:00:00
CNH-onshore      2024-06-14 09:00:00
JGB-SGX-mini     2024-06-14 10:00:00
KRWUSD_mini      2024-06-14 10:00:00
RUBBER           2024-06-14 10:00:00
COAL-GEORDIE     2024-06-14 10:00:00
FTSECHINAA       2024-06-14 10:00:00
SPI200           2024-06-14 10:00:00
FTSETAIWAN       2024-06-14 10:00:00
CNH              2024-06-14 10:00:00
NIKKEI           2024-06-14 10:00:00
MSCISING         2024-06-14 10:00:00
JGB              2024-06-14 10:00:00
NIKKEI400        2024-06-14 10:00:00
IRON             2024-06-14 10:00:00
MUMMY            2024-06-14 10:00:00
JGB-mini         2024-06-14 10:00:00
EURIBOR          2024-06-14 12:00:00
EU-MID           2024-06-14 14:00:00
IG               2024-06-14 14:00:00
FTSE100          2024-06-14 15:00:00
AEX_mini         2024-06-14 15:00:00
IBEX_mini        2024-06-14 15:00:00
GASOILINE_ICE    2024-06-14 15:00:00
ZINC_LME         2024-06-14 15:00:00
GASOIL           2024-06-14 15:00:00
ALUMINIUM_LME    2024-06-14 15:00:00
GILT             2024-06-14 15:00:00
IBEX             2024-06-14 15:00:00
SONIA3           2024-06-14 15:00:00
HEATOIL-ICE      2024-06-14 15:00:00
EUROSTX-LARGE    2024-06-14 15:00:00
EUROSTX-SMALL    2024-06-14 15:00:00
EUROSTX200-LARGE 2024-06-14 15:00:00
WHEAT_ICE        2024-06-14 15:00:00
SUGAR_WHITE      2024-06-14 15:00:00
BRENT_W          2024-06-14 15:00:00
FTSE250          2024-06-14 15:00:00
SMI-MID          2024-06-14 15:00:00
BONO             2024-06-14 15:00:00
COPPER_LME       2024-06-14 15:00:00
EUA              2024-06-14 15:00:00
CRUDE_ICE        2024-06-14 15:00:00
DJSTX-SMALL      2024-06-14 15:00:00
MSCIASIA         2024-06-14 15:00:00
COCOA_LDN        2024-06-14 15:00:00
ROBUSTA          2024-06-14 15:00:00
MIB              2024-06-14 15:00:00
LEAD_LME         2024-06-14 15:00:00
EU-CHEM          2024-06-14 15:00:00
SARONA           2024-06-14 15:00:00
EU-DJ-TECH       2024-06-14 15:00:00
COAL             2024-06-14 15:00:00
EU-DJ-TELECOM    2024-06-14 15:00:00
EU-REALESTATE    2024-06-14 15:00:00
EU-MEDIA         2024-06-14 15:00:00
CH10             2024-06-14 15:00:00
EU-HOUSE         2024-06-14 15:00:00
MILLWHEAT        2024-06-14 15:00:00
EU-HEALTH        2024-06-14 15:00:00
EU-FOOD          2024-06-14 15:00:00
EU-DJ-UTIL       2024-06-14 15:00:00
SUGAR16          2024-06-14 16:00:00
SMI              2024-06-14 16:00:00
MSCIEMASIA       2024-06-14 16:00:00
PLN              2024-06-14 16:00:00
OAT              2024-06-14 16:00:00
SHATZ            2024-06-14 16:00:00
V2X              2024-06-14 16:00:00
YENEUR           2024-06-14 16:00:00
AEX              2024-06-14 16:00:00
EU-TECH          2024-06-14 16:00:00
EU-UTILS         2024-06-14 16:00:00
EU-TRAVEL        2024-06-14 16:00:00
EU-RETAIL        2024-06-14 16:00:00
EU-OIL           2024-06-14 16:00:00
EU-INSURE        2024-06-14 16:00:00
EU-DJ-OIL        2024-06-14 16:00:00
EU-DIV30         2024-06-14 16:00:00
EU-CONSTRUCTION  2024-06-14 16:00:00
EU-BASIC         2024-06-14 16:00:00
EU-BANKS         2024-06-14 16:00:00
EU-AUTO          2024-06-14 16:00:00
BTP3             2024-06-14 16:00:00
BTP              2024-06-14 16:00:00
EPRA-EUROPE      2024-06-14 16:00:00
BOBL             2024-06-14 16:00:00
BUND             2024-06-14 16:00:00
EURIBOR-ICE      2024-06-14 16:00:00
DAX              2024-06-14 16:00:00
BUTTER           2024-06-14 16:00:00
EURO600          2024-06-14 16:00:00
CAC              2024-06-14 16:00:00
BUXL             2024-06-14 16:00:00
AUDJPY           2024-06-14 16:00:00
EUROSTX          2024-06-14 16:00:00
MILKDRY          2024-06-14 17:00:00
SUGAR11          2024-06-14 17:00:00
COFFEE           2024-06-14 18:00:00
R1000            2024-06-14 18:00:00
VIX_mini         2024-06-14 18:00:00
BBCOMM           2024-06-14 18:00:00
COCOA            2024-06-14 18:00:00
OJ               2024-06-14 18:00:00
CORN             2024-06-14 19:00:00
NOK              2024-06-14 19:00:00
CORN_mini        2024-06-14 19:00:00
OATIES           2024-06-14 19:00:00
SOYBEAN          2024-06-14 19:00:00
CAD5             2024-06-14 19:00:00
CAD10            2024-06-14 19:00:00
SILVER           2024-06-14 19:00:00
CANOLA           2024-06-14 19:00:00
REDWHEAT         2024-06-14 19:00:00
CHEESE           2024-06-14 19:00:00
STEEL            2024-06-14 19:00:00
COTTON2          2024-06-14 19:00:00
RICE             2024-06-14 19:00:00
SOYOIL           2024-06-14 19:00:00
GAS_US_mini      2024-06-14 19:00:00
SOYMEAL          2024-06-14 19:00:00
WHEAT            2024-06-14 19:00:00
US-PROPERTY      2024-06-14 19:00:00
FANG             2024-06-14 19:00:00
ETHER-micro      2024-06-14 19:00:00
LEANHOG          2024-06-14 19:00:00
FEEDCOW          2024-06-14 19:00:00
LIVECOW          2024-06-14 19:00:00
EURCHF           2024-06-14 19:00:00
MILK             2024-06-14 19:00:00
HIGHYIELD        2024-06-14 19:00:00
US-TECH          2024-06-14 19:00:00
WHEAT_mini       2024-06-14 19:00:00
ALUMINIUM        2024-06-14 19:00:00
SOYBEAN_mini     2024-06-14 19:00:00
SP500            2024-06-14 20:00:00
SP500_micro      2024-06-14 20:00:00
AUD_micro        2024-06-14 20:00:00
SP400            2024-06-14 20:00:00
AUD              2024-06-14 20:00:00
ZAR              2024-06-14 20:00:00
VIX              2024-06-14 20:00:00
BITCOIN          2024-06-14 20:00:00
US5              2024-06-14 20:00:00
US-MATERIAL      2024-06-14 20:00:00
US20             2024-06-14 20:00:00
US3              2024-06-14 20:00:00
US2              2024-06-14 20:00:00
US10U            2024-06-14 20:00:00
BRENT-LAST       2024-06-14 20:00:00
US10             2024-06-14 20:00:00
BRE              2024-06-14 20:00:00
US-DISCRETE      2024-06-14 20:00:00
US-STAPLES       2024-06-14 20:00:00
US-ENERGY        2024-06-14 20:00:00
US-FINANCE       2024-06-14 20:00:00
US-HEALTH        2024-06-14 20:00:00
US-REALESTATE    2024-06-14 20:00:00
US-INDUSTRY      2024-06-14 20:00:00
US30             2024-06-14 20:00:00
US-UTILS         2024-06-14 20:00:00
CHF_micro        2024-06-14 20:00:00
CAD              2024-06-14 20:00:00
DX               2024-06-14 20:00:00
LUMBER-new       2024-06-14 20:00:00
ETHEREUM         2024-06-14 20:00:00
SOFR             2024-06-14 20:00:00
JPY              2024-06-14 20:00:00
INR              2024-06-14 20:00:00
EUR              2024-06-14 20:00:00
EUR_micro        2024-06-14 20:00:00
DOW_mini         2024-06-14 20:00:00
EUR_mini         2024-06-14 20:00:00
GOLD_micro       2024-06-14 20:00:00
GOLD-mini        2024-06-14 20:00:00
GOLD             2024-06-14 20:00:00
GAS-LAST         2024-06-14 20:00:00
GASOILINE        2024-06-14 20:00:00
GBP_micro        2024-06-14 20:00:00
GAS_US           2024-06-14 20:00:00
GBPEUR           2024-06-14 20:00:00
FED              2024-06-14 20:00:00
DOW              2024-06-14 20:00:00
JPY_mini         2024-06-14 20:00:00
CRUDE_W_mini     2024-06-14 20:00:00
CAD2             2024-06-14 20:00:00
CAD_micro        2024-06-14 20:00:00
SEK              2024-06-14 20:00:00
RUSSELL_mini     2024-06-14 20:00:00
MSCIEAFA         2024-06-14 20:00:00
CHF              2024-06-14 20:00:00
GBP              2024-06-14 20:00:00
PLAT             2024-06-14 20:00:00
PALLAD           2024-06-14 20:00:00
RUSSELL          2024-06-14 20:00:00
COPPER           2024-06-14 20:00:00
COPPER-micro     2024-06-14 20:00:00
NZD              2024-06-14 20:00:00
COPPER-mini      2024-06-14 20:00:00
NASDAQ_micro     2024-06-14 20:00:00
NASDAQ           2024-06-14 20:00:00
MXP              2024-06-14 20:00:00
CRUDE_W          2024-06-14 20:00:00
CRUDE_W_micro    2024-06-14 20:00:00

Delayed optimal positions: No delays
Instruments at trade limit: No constraints

================================================
         Instruments at position limit          
================================================

                 keys  position pos_limit  spare
0    EUROSTX200-LARGE         0       0.0    0.0
120     EU-DJ-TELECOM         0       0.0    0.0
80           SGD_mini         0       0.0    0.0
78        CNH-onshore         0       0.0    0.0
202           MILKDRY         0       0.0    0.0
122           BOVESPA         0       0.0    0.0
170              CH10         0       0.0    0.0
71             EURCAD         0       0.0    0.0
70           AEX_mini         0       0.0    0.0
69             NASDAQ         0       0.0    0.0
206   GASOILINE_micro         0       0.0    0.0
207               IRS         0       0.0    0.0
64         EU-DJ-TECH         0       0.0    0.0
63             CHFJPY         0       0.0    0.0
165       EPRA-EUROPE         0       0.0    0.0
56           EU-HOUSE         0       0.0    0.0
110         SWISSLEAD         0       0.0    0.0
210           MILKWET         0       0.0    0.0
211             STEEL         0       0.0    0.0
162              WHEY         0       0.0    0.0
173       COPPER-mini         0       0.0    0.0
212         EU-RETAIL         0       0.0    0.0
194     EUROSTX-LARGE         0       0.0    0.0
86                SGX         0       0.0    0.0
109           SMI-MID         0       0.0    0.0
108            COTTON         0       0.0    0.0
107             R1000         0       0.0    0.0
106               RUR         0       0.0    0.0
178            BUTTER         0       0.0    0.0
112            GBPJPY         0       0.0    0.0
103               NOK         0       0.0    0.0
179           ETHANOL         0       0.0    0.0
184        COPPER_LME         0       0.0    0.0
177               CLP         0       0.0    0.0
99                TWD         0       0.0    0.0
114               OMX         0       0.0    0.0
96            EU-CHEM         0       0.0    0.0
95          EU-TRAVEL         0       0.0    0.0
94              SP400         0       0.0    0.0
116            YENEUR         2       2.0    0.0
90           JGB-mini         0       0.0    0.0
89             KRWUSD         0       0.0    0.0
88                 IG         0       0.0    0.0
193         CHF_micro         0       0.0    0.0
132          TWD-mini         0       0.0    0.0
55               VNKI         0       0.0    0.0
44           ETHEREUM         0       0.0    0.0
226          JPY_mini         0       0.0    0.0
33                SEK         0       0.0    0.0
237               PLN         0       0.0    0.0
241          EU-MEDIA         0       0.0    0.0
18                MIB         1       1.0    0.0
244            EURCHF         0       0.0    0.0
231              GICS         0       0.0    0.0
228           US-TECH         0       0.0    0.0
160               CZK         0       0.0    0.0
246       HEATOIL-ICE         0       0.0    0.0
141            AUDJPY         0       0.0    0.0
154            PALLAD         0       0.0    0.0
39             EURAUD         0       0.0    0.0
221           TIN_LME         0       0.0    0.0
220   EU-CONSTRUCTION         0       0.0    0.0
153               AEX         1       1.0    0.0
249      COAL-GEORDIE         0       0.0    0.0
3                COAL         0       0.0    0.0
232          HOUSE-US         0       0.0    0.0
22          HIGHYIELD         0       0.0    0.0
31                JGB         0       0.0    0.0


==========================================================
         Overrides in database consider deleting          
==========================================================

                                                  override
NICKEL_LME              Override Close because in database
SPI200            Override Reduce only because in database
SOYBEAN_mini      Override Reduce only because in database
STEEL             Override Reduce only because in database
IRS               Override Reduce only because in database
CRUDE_W_mini      Override Reduce only because in database
GICS              Override Reduce only because in database
PLN               Override Reduce only because in database
SUGAR16           Override Reduce only because in database
MILKWET           Override Reduce only because in database
COPPER-mini       Override Reduce only because in database
MIB               Override Reduce only because in database
MSCIASIA          Override Reduce only because in database
VNKI              Override Reduce only because in database
CNH-onshore       Override Reduce only because in database
FTSEINDO          Override Reduce only because in database
FTSE250           Override Reduce only because in database
EU-REALESTATE     Override Reduce only because in database
CORN_mini         Override Reduce only because in database
IBEX              Override Reduce only because in database
EU-DJ-UTIL        Override Reduce only because in database
RUR               Override Reduce only because in database
CHINAA-CON        Override Reduce only because in database
CAC               Override Reduce only because in database
US-PROPERTY       Override Reduce only because in database
US-ENERGY         Override Reduce only because in database
US-HEALTH         Override Reduce only because in database
EU-HOUSE          Override Reduce only because in database
EURAUD            Override Reduce only because in database
FANG              Override Reduce only because in database
JPY_mini          Override Reduce only because in database
CHF_micro         Override Reduce only because in database
EU-UTILS          Override Reduce only because in database
EU-AUTO           Override Reduce only because in database
EU-INSURE         Override Reduce only because in database
DAX               Override Reduce only because in database
EUROSTX-SMALL     Override Reduce only because in database
DJSTX-SMALL       Override Reduce only because in database
US-MATERIAL       Override Reduce only because in database
TWD               Override Reduce only because in database
COTTON            Override Reduce only because in database
US-FINANCE        Override Reduce only because in database
US-DISCRETE       Override Reduce only because in database
US-INDUSTRY       Override Reduce only because in database
BB3M              Override Reduce only because in database
US-TECH           Override Reduce only because in database
EU-MID            Override Reduce only because in database
US-REALESTATE     Override Reduce only because in database
EU-MEDIA          Override Reduce only because in database
EUROSTX-LARGE     Override Reduce only because in database
US-UTILS          Override Reduce only because in database
EU-HEALTH         Override Reduce only because in database
COAL              Override Reduce only because in database
EURCAD            Override Reduce only because in database
GASOILINE_micro   Override Reduce only because in database
EU-TECH           Override Reduce only because in database
KRWUSD            Override Reduce only because in database
MSCIWORLD         Override Reduce only because in database
YENEUR            Override Reduce only because in database
SMI               Override Reduce only because in database
EUROSTX200-LARGE  Override Reduce only because in database
OMX               Override Reduce only because in database
INR               Override Reduce only because in database
IBEX_mini         Override Reduce only because in database
EU-DJ-OIL         Override Reduce only because in database
EU-FOOD           Override Reduce only because in database
EU-OIL            Override Reduce only because in database
EU-DJ-TECH        Override Reduce only because in database
US-STAPLES        Override Reduce only because in database
AEX               Override Reduce only because in database
R1000             Override Reduce only because in database
AEX_mini          Override Reduce only because in database
GBPJPY            Override Reduce only because in database
SP400             Override Reduce only because in database
EU-BASIC          Override Reduce only because in database
GBPCHF            Override Reduce only because in database
EU-CHEM           Override Reduce only because in database
SGX               Override Reduce only because in database
EU-TRAVEL         Override Reduce only because in database
EU-DJ-TELECOM     Override Reduce only because in database
EU-CONSTRUCTION   Override Reduce only because in database
EPRA-EUROPE       Override Reduce only because in database
EU-RETAIL         Override Reduce only because in database
MSCIEMASIA        Override Reduce only because in database
FTSEVIET          Override Reduce only because in database
SWISSLEAD         Override Reduce only because in database
SMI-MID           Override Reduce only because in database
GAS_US_mini       Override Reduce only because in database
FTSECHINAH        Override Reduce only because in database
BRE               Override Reduce only because in database
FTSETAIWAN        Override Reduce only because in database
COAL-GEORDIE      Override Reduce only because in database
MSCISING          Override Reduce only because in database
CHEESE            Override Reduce only because in database
GAS-PEN           Override Reduce only because in database
HANG              Override Reduce only because in database
WHEY              Override Reduce only because in database
CLP               Override Reduce only because in database
MSCITAIWAN        Override Reduce only because in database
HANG_mini         Override Reduce only because in database
RICE              Override Reduce only because in database
HANGTECH          Override Reduce only because in database
HANGENT           Override Reduce only because in database

Locked instruments (position mismatch): ['TOPIX']

==============================================
Status of adjusted price / FX price collection
==============================================

                         last_update
HEATOIL          2024-05-31 19:00:00
SGX              2024-06-10 23:00:00
TOPIX*           2024-06-13 05:00:00
EURCAD           2024-06-13 23:00:00
COTTON           2024-06-13 23:00:00
IRS              2024-06-13 23:00:00
SGD              2024-06-13 23:00:00
RUR              2024-06-13 23:00:00
HOUSE-US         2024-06-13 23:00:00
GBPCHF           2024-06-13 23:00:00
KRWUSD           2024-06-13 23:00:00
ETHANOL          2024-06-13 23:00:00
MILKWET          2024-06-13 23:00:00
GBPJPY           2024-06-13 23:00:00
CZK              2024-06-13 23:00:00
OMX              2024-06-13 23:00:00
MSCIWORLD        2024-06-13 23:00:00
CLP              2024-06-13 23:00:00
CHFJPY           2024-06-13 23:00:00
EURAUD           2024-06-13 23:00:00
NICKEL_LME       2024-06-13 23:00:00
SWISSLEAD        2024-06-13 23:00:00
TIN_LME          2024-06-13 23:00:00
GASOILINE_micro  2024-06-13 23:00:00
TWD              2024-06-13 23:00:00
BOVESPA          2024-06-13 23:00:00
GICS             2024-06-13 23:00:00
GAS-PEN          2024-06-13 23:00:00
WHEY             2024-06-13 23:00:00
TWD-mini         2024-06-13 23:00:00
BB3M             2024-06-13 23:00:00
MSCITAIWAN       2024-06-14 06:00:00
KR3              2024-06-14 07:00:00
KR10*            2024-06-14 07:00:00
KOSPI_mini       2024-06-14 07:00:00
KOSPI            2024-06-14 07:00:00
KOSDAQ           2024-06-14 07:00:00
JP-REALESTATE    2024-06-14 07:00:00
FTSEVIET         2024-06-14 08:00:00
SGD_mini         2024-06-14 08:00:00
VNKI             2024-06-14 08:30:00
HANG_mini        2024-06-14 09:00:00
FTSECHINAH       2024-06-14 09:00:00
FTSEINDO         2024-06-14 09:00:00
HANG             2024-06-14 09:00:00
HANGENT          2024-06-14 09:00:00
HANGENT_mini     2024-06-14 09:00:00
HANGTECH         2024-06-14 09:00:00
CHINAA-CON       2024-06-14 09:00:00
CNH-onshore      2024-06-14 09:00:00
JGB-SGX-mini     2024-06-14 10:00:00
KRWUSD_mini      2024-06-14 10:00:00
RUBBER           2024-06-14 10:00:00
COAL-GEORDIE     2024-06-14 10:00:00
FTSECHINAA       2024-06-14 10:00:00
SPI200           2024-06-14 10:00:00
FTSETAIWAN*      2024-06-14 10:00:00
CNH              2024-06-14 10:00:00
NIKKEI*          2024-06-14 10:00:00
MSCISING*        2024-06-14 10:00:00
JGB              2024-06-14 10:00:00
NIKKEI400        2024-06-14 10:00:00
IRON*            2024-06-14 10:00:00
MUMMY            2024-06-14 10:00:00
JGB-mini         2024-06-14 10:00:00
EURIBOR          2024-06-14 12:00:00
EU-MID           2024-06-14 14:00:00
IG               2024-06-14 14:00:00
FTSE100          2024-06-14 15:00:00
AEX_mini         2024-06-14 15:00:00
IBEX_mini        2024-06-14 15:00:00
GASOILINE_ICE    2024-06-14 15:00:00
ZINC_LME         2024-06-14 15:00:00
GASOIL           2024-06-14 15:00:00
ALUMINIUM_LME    2024-06-14 15:00:00
GILT             2024-06-14 15:00:00
IBEX             2024-06-14 15:00:00
SONIA3           2024-06-14 15:00:00
HEATOIL-ICE      2024-06-14 15:00:00
EUROSTX-LARGE    2024-06-14 15:00:00
EUROSTX-SMALL    2024-06-14 15:00:00
EUROSTX200-LARGE 2024-06-14 15:00:00
WHEAT_ICE        2024-06-14 15:00:00
SUGAR_WHITE      2024-06-14 15:00:00
BRENT_W          2024-06-14 15:00:00
FTSE250          2024-06-14 15:00:00
SMI-MID          2024-06-14 15:00:00
BONO             2024-06-14 15:00:00
COPPER_LME       2024-06-14 15:00:00
EUA              2024-06-14 15:00:00
CRUDE_ICE        2024-06-14 15:00:00
DJSTX-SMALL      2024-06-14 15:00:00
MSCIASIA         2024-06-14 15:00:00
COCOA_LDN        2024-06-14 15:00:00
ROBUSTA          2024-06-14 15:00:00
MIB*             2024-06-14 15:00:00
LEAD_LME         2024-06-14 15:00:00
EU-CHEM          2024-06-14 15:00:00
SARONA           2024-06-14 15:00:00
EU-DJ-TECH       2024-06-14 15:00:00
COAL             2024-06-14 15:00:00
EU-DJ-TELECOM    2024-06-14 15:00:00
EU-REALESTATE    2024-06-14 15:00:00
EU-MEDIA         2024-06-14 15:00:00
CH10             2024-06-14 15:00:00
EU-HOUSE         2024-06-14 15:00:00
MILLWHEAT        2024-06-14 15:00:00
EU-HEALTH        2024-06-14 15:00:00
EU-FOOD          2024-06-14 15:00:00
EU-DJ-UTIL       2024-06-14 15:00:00
SUGAR16          2024-06-14 16:00:00
SMI              2024-06-14 16:00:00
MSCIEMASIA       2024-06-14 16:00:00
PLN              2024-06-14 16:00:00
OAT              2024-06-14 16:00:00
SHATZ            2024-06-14 16:00:00
V2X              2024-06-14 16:00:00
YENEUR*          2024-06-14 16:00:00
AEX*             2024-06-14 16:00:00
EU-TECH          2024-06-14 16:00:00
EU-UTILS         2024-06-14 16:00:00
EU-TRAVEL        2024-06-14 16:00:00
EU-RETAIL        2024-06-14 16:00:00
EU-OIL           2024-06-14 16:00:00
EU-INSURE        2024-06-14 16:00:00
EU-DJ-OIL        2024-06-14 16:00:00
EU-DIV30         2024-06-14 16:00:00
EU-CONSTRUCTION  2024-06-14 16:00:00
EU-BASIC         2024-06-14 16:00:00
EU-BANKS         2024-06-14 16:00:00
EU-AUTO          2024-06-14 16:00:00
BTP3             2024-06-14 16:00:00
BTP              2024-06-14 16:00:00
EPRA-EUROPE      2024-06-14 16:00:00
BOBL             2024-06-14 16:00:00
BUND*            2024-06-14 16:00:00
EURIBOR-ICE      2024-06-14 16:00:00
DAX              2024-06-14 16:00:00
BUTTER           2024-06-14 16:00:00
EURO600          2024-06-14 16:00:00
CAC              2024-06-14 16:00:00
BUXL             2024-06-14 16:00:00
AUDJPY           2024-06-14 16:00:00
EUROSTX          2024-06-14 16:00:00
MILKDRY          2024-06-14 17:00:00
SUGAR11          2024-06-14 17:00:00
COFFEE           2024-06-14 18:00:00
R1000            2024-06-14 18:00:00
VIX_mini         2024-06-14 18:00:00
BBCOMM           2024-06-14 18:00:00
COCOA            2024-06-14 18:00:00
OJ               2024-06-14 18:00:00
CORN*            2024-06-14 19:00:00
NOK              2024-06-14 19:00:00
CORN_mini        2024-06-14 19:00:00
OATIES           2024-06-14 19:00:00
SOYBEAN          2024-06-14 19:00:00
CAD5             2024-06-14 19:00:00
CAD10            2024-06-14 19:00:00
SILVER           2024-06-14 19:00:00
CANOLA           2024-06-14 19:00:00
REDWHEAT         2024-06-14 19:00:00
CHEESE           2024-06-14 19:00:00
STEEL            2024-06-14 19:00:00
COTTON2          2024-06-14 19:00:00
RICE             2024-06-14 19:00:00
SOYOIL           2024-06-14 19:00:00
GAS_US_mini*     2024-06-14 19:00:00
SOYMEAL          2024-06-14 19:00:00
WHEAT            2024-06-14 19:00:00
US-PROPERTY      2024-06-14 19:00:00
FANG             2024-06-14 19:00:00
ETHER-micro      2024-06-14 19:00:00
LEANHOG          2024-06-14 19:00:00
FEEDCOW          2024-06-14 19:00:00
LIVECOW*         2024-06-14 19:00:00
EURCHF           2024-06-14 19:00:00
MILK             2024-06-14 19:00:00
HIGHYIELD        2024-06-14 19:00:00
US-TECH          2024-06-14 19:00:00
WHEAT_mini       2024-06-14 19:00:00
ALUMINIUM        2024-06-14 19:00:00
SOYBEAN_mini     2024-06-14 19:00:00
SP500            2024-06-14 20:00:00
SP500_micro*     2024-06-14 20:00:00
AUD_micro        2024-06-14 20:00:00
SP400            2024-06-14 20:00:00
AUD              2024-06-14 20:00:00
ZAR              2024-06-14 20:00:00
VIX*             2024-06-14 20:00:00
BITCOIN*         2024-06-14 20:00:00
US5              2024-06-14 20:00:00
US-MATERIAL      2024-06-14 20:00:00
US20             2024-06-14 20:00:00
US3              2024-06-14 20:00:00
US2              2024-06-14 20:00:00
US10U            2024-06-14 20:00:00
BRENT-LAST       2024-06-14 20:00:00
US10             2024-06-14 20:00:00
BRE              2024-06-14 20:00:00
US-DISCRETE      2024-06-14 20:00:00
US-STAPLES       2024-06-14 20:00:00
US-ENERGY        2024-06-14 20:00:00
US-FINANCE       2024-06-14 20:00:00
US-HEALTH        2024-06-14 20:00:00
US-REALESTATE    2024-06-14 20:00:00
US-INDUSTRY      2024-06-14 20:00:00
US30             2024-06-14 20:00:00
US-UTILS         2024-06-14 20:00:00
CHF_micro        2024-06-14 20:00:00
CAD              2024-06-14 20:00:00
DX*              2024-06-14 20:00:00
LUMBER-new       2024-06-14 20:00:00
ETHEREUM         2024-06-14 20:00:00
SOFR             2024-06-14 20:00:00
JPY*             2024-06-14 20:00:00
INR              2024-06-14 20:00:00
EUR              2024-06-14 20:00:00
EUR_micro        2024-06-14 20:00:00
DOW_mini         2024-06-14 20:00:00
EUR_mini         2024-06-14 20:00:00
GOLD_micro*      2024-06-14 20:00:00
GOLD-mini        2024-06-14 20:00:00
GOLD             2024-06-14 20:00:00
GAS-LAST         2024-06-14 20:00:00
GASOILINE        2024-06-14 20:00:00
GBP_micro        2024-06-14 20:00:00
GAS_US           2024-06-14 20:00:00
GBPEUR           2024-06-14 20:00:00
FED              2024-06-14 20:00:00
DOW              2024-06-14 20:00:00
JPY_mini         2024-06-14 20:00:00
CRUDE_W_mini     2024-06-14 20:00:00
CAD2             2024-06-14 20:00:00
CAD_micro        2024-06-14 20:00:00
SEK              2024-06-14 20:00:00
RUSSELL_mini     2024-06-14 20:00:00
MSCIEAFA*        2024-06-14 20:00:00
CHF              2024-06-14 20:00:00
GBP              2024-06-14 20:00:00
PLAT             2024-06-14 20:00:00
PALLAD           2024-06-14 20:00:00
RUSSELL*         2024-06-14 20:00:00
COPPER           2024-06-14 20:00:00
COPPER-micro     2024-06-14 20:00:00
NZD              2024-06-14 20:00:00
COPPER-mini      2024-06-14 20:00:00
NASDAQ_micro*    2024-06-14 20:00:00
NASDAQ           2024-06-14 20:00:00
MXP              2024-06-14 20:00:00
CRUDE_W          2024-06-14 20:00:00
CRUDE_W_micro*   2024-06-14 20:00:00
JPYUSD           2024-06-14 23:00:00
CNHUSD           2024-06-14 23:00:00
AUDUSD           2024-06-14 23:00:00
KRWUSD           2024-06-14 23:00:00
CHFUSD           2024-06-14 23:00:00
GBPUSD           2024-06-14 23:00:00
MXPUSD           2024-06-14 23:00:00
SGDUSD           2024-06-14 23:00:00
CADUSD           2024-06-14 23:00:00
HKDUSD           2024-06-14 23:00:00
EURUSD           2024-06-14 23:00:00
SEKUSD           2024-06-14 23:00:00


============================================================
           Status of optimal position generation            
============================================================

                                                 last_update
dynamic_TF_carry/IG               2024-06-17 22:31:22.146446
dynamic_TF_carry/EUROSTX200-LARGE 2024-06-17 22:31:22.146676
dynamic_TF_carry/EU-CONSTRUCTION  2024-06-17 22:31:22.146891
dynamic_TF_carry/CH10             2024-06-17 22:31:22.147103
dynamic_TF_carry/CORN             2024-06-17 22:31:22.147311
dynamic_TF_carry/COTTON2          2024-06-17 22:31:22.147520
dynamic_TF_carry/AUD_micro        2024-06-17 22:31:22.147730
dynamic_TF_carry/COPPER-micro     2024-06-17 22:31:22.147937
dynamic_TF_carry/US-HEALTH        2024-06-17 22:31:22.148145
dynamic_TF_carry/EU-HOUSE         2024-06-17 22:31:22.148352
dynamic_TF_carry/AEX              2024-06-17 22:31:22.148560
dynamic_TF_carry/COPPER           2024-06-17 22:31:22.148767
dynamic_TF_carry/EURCHF           2024-06-17 22:31:22.148974
dynamic_TF_carry/KRWUSD_mini      2024-06-17 22:31:22.149185
dynamic_TF_carry/BOBL             2024-06-17 22:31:22.149393
dynamic_TF_carry/AUD              2024-06-17 22:31:22.149804
dynamic_TF_carry/EUROSTX          2024-06-17 22:31:22.150011
dynamic_TF_carry/SOFR             2024-06-17 22:31:22.150218
dynamic_TF_carry/YENEUR           2024-06-17 22:31:22.150425
dynamic_TF_carry/AUDJPY           2024-06-17 22:31:22.150630
dynamic_TF_carry/US-TECH          2024-06-17 22:31:22.150837
dynamic_TF_carry/BUND             2024-06-17 22:31:22.151044
dynamic_TF_carry/FTSECHINAH       2024-06-17 22:31:22.151252
dynamic_TF_carry/SOYMEAL          2024-06-17 22:31:22.151459
dynamic_TF_carry/SILVER           2024-06-17 22:31:22.151666
dynamic_TF_carry/US-UTILS         2024-06-17 22:31:22.151873
dynamic_TF_carry/SGD              2024-06-17 22:31:22.152081
dynamic_TF_carry/MUMMY            2024-06-17 22:31:22.152288
dynamic_TF_carry/EU-TECH          2024-06-17 22:31:22.152702
dynamic_TF_carry/EUROSTX-LARGE    2024-06-17 22:31:22.152910
dynamic_TF_carry/US3              2024-06-17 22:31:22.153116
dynamic_TF_carry/US20             2024-06-17 22:31:22.153325
dynamic_TF_carry/MXP              2024-06-17 22:31:22.153533
dynamic_TF_carry/NASDAQ_micro     2024-06-17 22:31:22.153742
dynamic_TF_carry/EURAUD           2024-06-17 22:31:22.153950
dynamic_TF_carry/US-STAPLES       2024-06-17 22:31:22.154158
dynamic_TF_carry/JGB              2024-06-17 22:31:22.154366
dynamic_TF_carry/FTSEVIET         2024-06-17 22:31:22.154573
dynamic_TF_carry/CLP              2024-06-17 22:31:22.154779
dynamic_TF_carry/US-REALESTATE    2024-06-17 22:31:22.154986
dynamic_TF_carry/IBEX_mini        2024-06-17 22:31:22.155402
dynamic_TF_carry/EU-DIV30         2024-06-17 22:31:22.155609
dynamic_TF_carry/EU-BASIC         2024-06-17 22:31:22.155816
dynamic_TF_carry/BOVESPA          2024-06-17 22:31:22.156024
dynamic_TF_carry/FTSEINDO         2024-06-17 22:31:22.156232
dynamic_TF_carry/DOW              2024-06-17 22:31:22.156438
dynamic_TF_carry/SUGAR_WHITE      2024-06-17 22:31:22.156646
dynamic_TF_carry/US-ENERGY        2024-06-17 22:31:22.156853
dynamic_TF_carry/VIX              2024-06-17 22:31:22.157061
dynamic_TF_carry/CAD10            2024-06-17 22:31:22.157272
dynamic_TF_carry/CHFJPY           2024-06-17 22:31:22.157479
dynamic_TF_carry/CHEESE           2024-06-17 22:31:22.157686
dynamic_TF_carry/COAL-GEORDIE     2024-06-17 22:31:22.157893
dynamic_TF_carry/LEAD_LME         2024-06-17 22:31:22.158099
dynamic_TF_carry/EURCAD           2024-06-17 22:31:22.158514
dynamic_TF_carry/MILLWHEAT        2024-06-17 22:31:22.158721
dynamic_TF_carry/MSCIASIA         2024-06-17 22:31:22.158928
dynamic_TF_carry/US5              2024-06-17 22:31:22.159136
dynamic_TF_carry/KR10             2024-06-17 22:31:22.159343
dynamic_TF_carry/PALLAD           2024-06-17 22:31:22.159550
dynamic_TF_carry/EU-BANKS         2024-06-17 22:31:22.159759
dynamic_TF_carry/REDWHEAT         2024-06-17 22:31:22.159966
dynamic_TF_carry/HANG_mini        2024-06-17 22:31:22.160174
dynamic_TF_carry/CAD2             2024-06-17 22:31:22.160381
dynamic_TF_carry/MILK             2024-06-17 22:31:22.160589
dynamic_TF_carry/FED              2024-06-17 22:31:22.160797
dynamic_TF_carry/BONO             2024-06-17 22:31:22.161005
dynamic_TF_carry/BTP              2024-06-17 22:31:22.161217
dynamic_TF_carry/BUXL             2024-06-17 22:31:22.161425
dynamic_TF_carry/NZD              2024-06-17 22:31:22.161633
dynamic_TF_carry/CRUDE_ICE        2024-06-17 22:31:22.161841
dynamic_TF_carry/GICS             2024-06-17 22:31:22.162050
dynamic_TF_carry/WHEAT            2024-06-17 22:31:22.162259
dynamic_TF_carry/ETHANOL          2024-06-17 22:31:22.162467
dynamic_TF_carry/COAL             2024-06-17 22:31:22.162674
dynamic_TF_carry/SPI200           2024-06-17 22:31:22.162883
dynamic_TF_carry/EPRA-EUROPE      2024-06-17 22:31:22.163090
dynamic_TF_carry/RUR              2024-06-17 22:31:22.163297
dynamic_TF_carry/SOYBEAN          2024-06-17 22:31:22.163505
dynamic_TF_carry/GASOIL           2024-06-17 22:31:22.163712
dynamic_TF_carry/US-INDUSTRY      2024-06-17 22:31:22.163920
dynamic_TF_carry/US10             2024-06-17 22:31:22.164127
dynamic_TF_carry/RICE             2024-06-17 22:31:22.164335
dynamic_TF_carry/BB3M             2024-06-17 22:31:22.164543
dynamic_TF_carry/EU-AUTO          2024-06-17 22:31:22.164749
dynamic_TF_carry/GASOILINE        2024-06-17 22:31:22.164955
dynamic_TF_carry/CAD              2024-06-17 22:31:22.165169
dynamic_TF_carry/RUBBER           2024-06-17 22:31:22.165379
dynamic_TF_carry/HANGENT_mini     2024-06-17 22:31:22.165587
dynamic_TF_carry/SMI-MID          2024-06-17 22:31:22.165799
dynamic_TF_carry/EU-OIL           2024-06-17 22:31:22.166007
dynamic_TF_carry/HOUSE-US         2024-06-17 22:31:22.166424
dynamic_TF_carry/JPY              2024-06-17 22:31:22.166631
dynamic_TF_carry/EU-REALESTATE    2024-06-17 22:31:22.166887
dynamic_TF_carry/WHEY             2024-06-17 22:31:22.167106
dynamic_TF_carry/TWD              2024-06-17 22:31:22.167317
dynamic_TF_carry/EU-HEALTH        2024-06-17 22:31:22.167526
dynamic_TF_carry/GBP              2024-06-17 22:31:22.167734
dynamic_TF_carry/COCOA_LDN        2024-06-17 22:31:22.167943
dynamic_TF_carry/CAC              2024-06-17 22:31:22.168153
dynamic_TF_carry/GAS-PEN          2024-06-17 22:31:22.168361
dynamic_TF_carry/STEEL            2024-06-17 22:31:22.168569
dynamic_TF_carry/DJSTX-SMALL      2024-06-17 22:31:22.168778
dynamic_TF_carry/OAT              2024-06-17 22:31:22.168985
dynamic_TF_carry/MSCITAIWAN       2024-06-17 22:31:22.169197
dynamic_TF_carry/LUMBER-new       2024-06-17 22:31:22.169406
dynamic_TF_carry/EURO600          2024-06-17 22:31:22.169613
dynamic_TF_carry/PLAT             2024-06-17 22:31:22.169822
dynamic_TF_carry/US-FINANCE       2024-06-17 22:31:22.170032
dynamic_TF_carry/SMI              2024-06-17 22:31:22.170241
dynamic_TF_carry/HIGHYIELD        2024-06-17 22:31:22.170448
dynamic_TF_carry/BTP3             2024-06-17 22:31:22.170656
dynamic_TF_carry/US-MATERIAL      2024-06-17 22:31:22.170862
dynamic_TF_carry/BUTTER           2024-06-17 22:31:22.171071
dynamic_TF_carry/FTSE100          2024-06-17 22:31:22.171279
dynamic_TF_carry/SEK              2024-06-17 22:31:22.171487
dynamic_TF_carry/IRS              2024-06-17 22:31:22.171694
dynamic_TF_carry/MSCIEAFA         2024-06-17 22:31:22.171901
dynamic_TF_carry/EUR_micro        2024-06-17 22:31:22.172110
dynamic_TF_carry/EUR              2024-06-17 22:31:22.172318
dynamic_TF_carry/KOSPI_mini       2024-06-17 22:31:22.172526
dynamic_TF_carry/US-PROPERTY      2024-06-17 22:31:22.172734
dynamic_TF_carry/FTSE250          2024-06-17 22:31:22.172942
dynamic_TF_carry/ZAR              2024-06-17 22:31:22.173152
dynamic_TF_carry/EU-MID           2024-06-17 22:31:22.173361
dynamic_TF_carry/SGX              2024-06-17 22:31:22.173571
dynamic_TF_carry/CHF              2024-06-17 22:31:22.173781
dynamic_TF_carry/COCOA            2024-06-17 22:31:22.173990
dynamic_TF_carry/CNH              2024-06-17 22:31:22.174200
dynamic_TF_carry/GBPJPY           2024-06-17 22:31:22.174408
dynamic_TF_carry/NIKKEI           2024-06-17 22:31:22.174617
dynamic_TF_carry/SONIA3           2024-06-17 22:31:22.174825
dynamic_TF_carry/SUGAR16          2024-06-17 22:31:22.175033
dynamic_TF_carry/CHINAA-CON       2024-06-17 22:31:22.175241
