
********************************************************************************
                   Status report produced on 08/06/2026 22:54                   
********************************************************************************



===================================================================================================
                                          Delayed methods                                          
===================================================================================================

                  process_name                 last_start                last_end currently_running
clean_log_files   run_cleaners 2026-05-14 22:45:04.423207 2026-05-12 22:45:04.575              True
backup_db_to_csv   run_backups 2026-05-15 22:46:04.478052 2026-05-12 22:53:43.982              True


====================================
    Delayed adjusted / FX prices    
====================================

                         last_update
SGX              2026-03-02 23:00:04
IG               2026-05-22 20:00:01
HIGHYIELD        2026-05-22 20:00:01
TWD-mini         2026-06-01 23:00:00
GAS-PEN          2026-06-03 23:00:00
KRWUSD           2026-06-03 23:00:00
CLP              2026-06-03 23:00:00
CNH-onshore      2026-06-03 23:00:00
NOK              2026-06-03 23:00:00
COAL-GEORDIE     2026-06-03 23:00:00
HOUSE-US         2026-06-03 23:00:00
GICS             2026-06-03 23:00:00
COTTON           2026-06-03 23:00:00
GASOILINE_micro  2026-06-03 23:00:00
SGD_mini         2026-06-03 23:00:00
BOVESPA          2026-06-03 23:00:00
CZK              2026-06-03 23:00:00
EUROSTX200-LARGE 2026-06-03 23:00:00
EUROSTX-LARGE    2026-06-03 23:00:00
SUGAR16          2026-06-03 23:00:00
EURAUD           2026-06-03 23:00:00
SWISSLEAD        2026-06-03 23:00:00
MILKWET          2026-06-03 23:00:00
CHFJPY           2026-06-03 23:00:00
BONO             2026-06-04 08:00:02
EPRA-EUROPE      2026-06-04 09:00:00
TIN_LME          2026-06-04 09:00:02
EU-DJ-UTIL       2026-06-04 11:00:00
EU-RETAIL        2026-06-04 12:00:00
EU-DJ-TECH       2026-06-04 13:00:00
OMX              2026-06-04 13:00:00
EURIBOR          2026-06-04 13:00:00
LEAD_LME         2026-06-04 14:00:00
ZINC_LME         2026-06-04 14:00:01
FTSE100          2026-06-04 15:00:00
SMI-MID          2026-06-04 15:00:00
SONIA3           2026-06-04 15:00:00
EUROSTX-SMALL    2026-06-04 15:00:00
AUDJPY           2026-06-04 15:00:00
EURIBOR-ICE      2026-06-04 15:00:00
EU-CHEM          2026-06-04 15:00:00
EU-DJ-OIL        2026-06-04 15:00:00
ALUMINIUM_LME    2026-06-04 15:00:00
SUGAR_WHITE      2026-06-04 15:00:00
EUA              2026-06-04 15:00:00
EU-HOUSE         2026-06-04 15:00:00
EU-INSURE        2026-06-04 15:00:00
EU-MEDIA         2026-06-04 15:00:00
EU-TRAVEL        2026-06-04 15:00:00
FTSE250          2026-06-04 15:00:00
MIB              2026-06-04 15:00:00
WHEAT_ICE        2026-06-04 15:00:00
IBEX             2026-06-04 15:00:00
MILLWHEAT        2026-06-04 15:00:00
MSCIASIA         2026-06-04 15:00:00
MSCIWORLD        2026-06-04 15:00:00
NICKEL_LME       2026-06-04 15:00:00
COAL             2026-06-04 15:00:00
IBEX_mini        2026-06-04 15:00:00
EU-REALESTATE    2026-06-04 15:00:00
GASOIL           2026-06-04 15:00:00
HEATOIL-ICE      2026-06-04 15:00:00
COCOA_LDN        2026-06-04 15:00:00
BRENT_W          2026-06-04 15:00:00
COPPER_LME       2026-06-04 15:00:00
GILT             2026-06-04 15:00:00
ROBUSTA          2026-06-04 15:00:00
SARONA           2026-06-04 15:00:00
GASOILINE_ICE    2026-06-04 15:00:00
CRUDE_ICE        2026-06-04 15:00:00
CH10             2026-06-04 15:00:01
PLN              2026-06-04 15:00:02
EU-TECH          2026-06-04 16:00:00
SMI              2026-06-04 16:00:00
EUROSTX          2026-06-04 16:00:00
EURO600          2026-06-04 16:00:00
OAT              2026-06-04 16:00:00
EURCAD           2026-06-04 16:00:00
EU-UTILS         2026-06-04 16:00:00
SHATZ            2026-06-04 16:00:00
AEX              2026-06-04 16:00:00
EU-MID           2026-06-04 16:00:00
BTP              2026-06-04 16:00:00
BOBL             2026-06-04 16:00:00
DAX              2026-06-04 16:00:00
BUND             2026-06-04 16:00:00
CAC              2026-06-04 16:00:00
EU-OIL           2026-06-04 16:00:00
EU-AUTO          2026-06-04 16:00:00
EU-BANKS         2026-06-04 16:00:00
BTP3             2026-06-04 16:00:00
EU-CONSTRUCTION  2026-06-04 16:00:00
EU-HEALTH        2026-06-04 16:00:00
EU-FOOD          2026-06-04 16:00:00
EU-BASIC         2026-06-04 16:00:00
AEX_mini         2026-06-04 16:00:00
EU-DIV30         2026-06-04 16:00:00
EU-DJ-TELECOM    2026-06-04 16:00:00
BUXL             2026-06-04 16:00:01
V2X              2026-06-04 16:00:02
GBPCHF           2026-06-04 17:00:00
WHEAT_mini       2026-06-04 17:00:00
WHEY             2026-06-04 17:00:00
IRS              2026-06-04 17:00:00
ALUMINIUM        2026-06-04 17:00:00
MILKDRY          2026-06-04 17:00:00
SUGAR11          2026-06-04 17:00:00
OJ               2026-06-04 18:00:00
MSCIEMASIA       2026-06-04 18:00:00
COCOA            2026-06-04 18:00:00
COFFEE           2026-06-04 18:00:00
DX               2026-06-04 18:00:00
WHEAT            2026-06-04 19:00:00
RICE             2026-06-04 19:00:00
REDWHEAT         2026-06-04 19:00:00
US-DISCRETE      2026-06-04 19:00:00
OATIES           2026-06-04 19:00:00
COPPER-micro     2026-06-04 19:00:00
COPPER           2026-06-04 19:00:00
INR              2026-06-04 19:00:00
US-UTILS         2026-06-04 19:00:00
CAD10            2026-06-04 19:00:00
COPPER-mini      2026-06-04 19:00:00
LUMBER-new       2026-06-04 19:00:00
CORN             2026-06-04 19:00:00
CORN_mini        2026-06-04 19:00:00
STEEL            2026-06-04 19:00:00
FANG             2026-06-04 19:00:00
FEEDCOW          2026-06-04 19:00:00
SOYOIL           2026-06-04 19:00:00
SOYMEAL          2026-06-04 19:00:00
SOYBEAN_mini     2026-06-04 19:00:00
SOYBEAN          2026-06-04 19:00:00
BBCOMM           2026-06-04 19:00:00
CAD5             2026-06-04 19:00:00
GBPJPY           2026-06-04 19:00:00
COTTON2          2026-06-04 19:00:00
SEK              2026-06-04 19:00:00
CANOLA           2026-06-04 19:00:01
LIVECOW          2026-06-04 19:00:01
LEANHOG          2026-06-04 19:00:02
AUD              2026-06-04 20:00:00
US-MATERIAL      2026-06-04 20:00:00
US-INDUSTRY      2026-06-04 20:00:00
RUSSELL_mini     2026-06-04 20:00:00
CAD2             2026-06-04 20:00:00
US-HEALTH        2026-06-04 20:00:00
NASDAQ           2026-06-04 20:00:00
NASDAQ_micro     2026-06-04 20:00:00
SILVER           2026-06-04 20:00:00
BITCOIN          2026-06-04 20:00:00
SP500            2026-06-04 20:00:00
US-ENERGY        2026-06-04 20:00:00
R1000            2026-06-04 20:00:00
CAD              2026-06-04 20:00:00
RUSSELL          2026-06-04 20:00:00
BUTTER           2026-06-04 20:00:00
BRENT-LAST       2026-06-04 20:00:00
PALLAD           2026-06-04 20:00:00
SOFR             2026-06-04 20:00:00
PLAT             2026-06-04 20:00:00
SP500_micro      2026-06-04 20:00:00
SP400            2026-06-04 20:00:00
US10             2026-06-04 20:00:00
CAD_micro        2026-06-04 20:00:00
GOLD             2026-06-04 20:00:00
MSCIEAFA         2026-06-04 20:00:00
GBPEUR           2026-06-04 20:00:00
GBP              2026-06-04 20:00:00
GAS_US_mini      2026-06-04 20:00:00
GAS_US           2026-06-04 20:00:00
CRUDE_W          2026-06-04 20:00:00
CRUDE_W_micro    2026-06-04 20:00:00
CRUDE_W_mini     2026-06-04 20:00:00
YENEUR           2026-06-04 20:00:00
DOW              2026-06-04 20:00:00
DOW_mini         2026-06-04 20:00:00
FED              2026-06-04 20:00:00
EUR_mini         2026-06-04 20:00:00
EUR_micro        2026-06-04 20:00:00
ETHER-micro      2026-06-04 20:00:00
ETHEREUM         2026-06-04 20:00:00
EURCHF           2026-06-04 20:00:00
EUR              2026-06-04 20:00:00
GOLD-mini        2026-06-04 20:00:00
GOLD_micro       2026-06-04 20:00:00
GBP_micro        2026-06-04 20:00:00
VIX_mini         2026-06-04 20:00:00
US10U            2026-06-04 20:00:00
US-STAPLES       2026-06-04 20:00:00
CHF_micro        2026-06-04 20:00:00
US-REALESTATE    2026-06-04 20:00:00
US20             2026-06-04 20:00:00
US2              2026-06-04 20:00:00
CHEESE           2026-06-04 20:00:00
MILK             2026-06-04 20:00:00
US30             2026-06-04 20:00:00
US5              2026-06-04 20:00:00
ZAR              2026-06-04 20:00:00
HEATOIL          2026-06-04 20:00:00
VIX              2026-06-04 20:00:00
US3              2026-06-04 20:00:00
JPY_mini         2026-06-04 20:00:00
CHF              2026-06-04 20:00:01
MXP              2026-06-04 20:00:01
AUD_micro        2026-06-04 20:00:01
JPY              2026-06-04 20:00:01
NZD              2026-06-04 20:00:02
BRE              2026-06-04 20:00:02
GAS-LAST         2026-06-04 20:00:03
GASOILINE        2026-06-04 20:00:03


===============================================
           Delayed optimal positions           
===============================================

                                    last_update
dynamic_TF_carry/SGX 2024-12-02 22:31:28.544775

Instruments at trade limit: No constraints

================================================
         Instruments at position limit          
================================================

                 keys  position pos_limit  spare
57             GBPJPY         0         0      0
70               BONO         0         0      0
65               COAL         0         0      0
64          SWISSLEAD         0         0      0
63          CRUDE_ICE         0         0      0
184         GASOILINE         1         1      0
186     EU-DJ-TELECOM         0         0      0
117       HEATOIL-ICE         0         0      0
53             KRWUSD         0         0      0
51             GBPCHF         0         0      0
196              GICS         0         0      0
45            MILKWET         0         0      0
44                SGX         0         0      0
197               CLP         0         0      0
42         MSCITAIWAN         1         1      0
40            MILKDRY         0         0      0
172            CHFJPY         0         0      0
39                PLN         0         0      0
72             PALLAD         0         0      0
170          JPY_mini         0         0      0
119               OMX         0         0      0
127             SP400         0         0      0
128        COPPER_LME         0         0      0
103            COTTON         0         0      0
134          EU-HOUSE         0         0      0
98       COAL-GEORDIE         0         0      0
96                SGD         0         0      0
92          EU-DJ-OIL         0         0      0
153         GOLD-mini         0         0      0
87    GASOILINE_micro         0         0      0
85                NOK         0         0      0
84            HEATOIL         0         0      0
159            EURCAD         0         0      0
77            BOVESPA         0         0      0
164              VNKI         0         0      0
73        EPRA-EUROPE         0         0      0
38           FTSEINDO         0         0      0
114              WHEY         0         0      0
198       CNH-onshore         0         0      0
225              GOLD         0         0      0
14      EUROSTX-LARGE         0         0      0
37              KOSPI         0         0      0
224          AEX_mini         0         0      0
16           ETHEREUM         0         0      0
217               IRS         0         0      0
18            SUGAR16         0         0      0
215            EURAUD         0         0      0
20             AUDJPY         0         0      0
213           GAS-PEN         0         0      0
212            NASDAQ         0         0      0
239          TWD-mini         0         0      0
211            BUTTER         0         0      0
26        COPPER-mini         0         0      0
4            SGD_mini         0         0      0
5                CH10         0         0      0
1                 MIB         0         0      0
33      GASOILINE_ICE         0         0      0
32            TIN_LME         0         0      0
203  EUROSTX200-LARGE         0         0      0
29                CZK         0         0      0
204          HOUSE-US         0         0      0
27         EU-DJ-TECH         0         0      0


==========================================================
         Overrides in database consider deleting          
==========================================================

                                                  override
NICKEL_LME              Override Close because in database
MILKDRY           Override Reduce only because in database
OATIES            Override Reduce only because in database
SPI200            Override Reduce only because in database
FTSE100           Override Reduce only because in database
VNKI              Override Reduce only because in database
JGB-mini          Override Reduce only because in database
LUMBER-new        Override Reduce only because in database
COPPER-mini       Override Reduce only because in database
CZK               Override Reduce only because in database
SOYBEAN_mini      Override Reduce only because in database
CNH-onshore       Override Reduce only because in database
GAS_US_mini       Override Reduce only because in database
KOSDAQ            Override Reduce only because in database
GBPEUR            Override Reduce only because in database
TWD-mini          Override Reduce only because in database
IBEX              Override Reduce only because in database
IRS               Override Reduce only because in database
SEK               Override Reduce only because in database
NIKKEI400         Override Reduce only because in database
EURAUD            Override Reduce only because in database
GICS              Override Reduce only because in database
JPY_mini          Override Reduce only because in database
CHF_micro         Override Reduce only because in database
JP-REALESTATE     Override Reduce only because in database
EU-INSURE         Override Reduce only because in database
GBP_micro         Override Reduce only because in database
EURCAD            Override Reduce only because in database
KRWUSD            Override Reduce only because in database
YENEUR            Override Reduce only because in database
AUDJPY            Override Reduce only because in database
KOSPI             Override Reduce only because in database
OMX               Override Reduce only because in database
SUGAR16           Override Reduce only because in database
CHFJPY            Override Reduce only because in database
IBEX_mini         Override Reduce only because in database
EU-BANKS          Override Reduce only because in database
CAD_micro         Override Reduce only because in database
R1000             Override Reduce only because in database
GBPJPY            Override Reduce only because in database
EUR_mini          Override Reduce only because in database
GBPCHF            Override Reduce only because in database
EU-CHEM           Override Reduce only because in database
KOSPI_mini        Override Reduce only because in database
EU-CONSTRUCTION   Override Reduce only because in database
EURCHF            Override Reduce only because in database
MIB               Override Reduce only because in database
MSCIASIA          Override Reduce only because in database
SP500             Override Reduce only because in database
FTSE250           Override Reduce only because in database
EU-REALESTATE     Override Reduce only because in database
CORN_mini         Override Reduce only because in database
SP500_micro       Override Reduce only because in database
EU-DJ-UTIL        Override Reduce only because in database
EUROSTX           Override Reduce only because in database
CHINAA-CON        Override Reduce only because in database
CRUDE_W_mini      Override Reduce only because in database
CAC               Override Reduce only because in database
US-ENERGY         Override Reduce only because in database
US-HEALTH         Override Reduce only because in database
EU-HOUSE          Override Reduce only because in database
FANG              Override Reduce only because in database
EU-UTILS          Override Reduce only because in database
EU-AUTO           Override Reduce only because in database
DAX               Override Reduce only because in database
EUROSTX-SMALL     Override Reduce only because in database
STEEL             Override Reduce only because in database
US-MATERIAL       Override Reduce only because in database
US-DISCRETE       Override Reduce only because in database
US-INDUSTRY       Override Reduce only because in database
EU-MID            Override Reduce only because in database
EURO600           Override Reduce only because in database
EU-MEDIA          Override Reduce only because in database
EUROSTX-LARGE     Override Reduce only because in database
US-UTILS          Override Reduce only because in database
EU-HEALTH         Override Reduce only because in database
GASOILINE_micro   Override Reduce only because in database
EU-TECH           Override Reduce only because in database
MSCIWORLD         Override Reduce only because in database
SMI               Override Reduce only because in database
BBCOMM            Override Reduce only because in database
EU-DIV30          Override Reduce only because in database
EUROSTX200-LARGE  Override Reduce only because in database
MSCIEAFA          Override Reduce only because in database
DOW_mini          Override Reduce only because in database
NASDAQ_micro      Override Reduce only because in database
EU-DJ-OIL         Override Reduce only because in database
EU-FOOD           Override Reduce only because in database
RUSSELL_mini      Override Reduce only because in database
EU-OIL            Override Reduce only because in database
EU-DJ-TECH        Override Reduce only because in database
US-STAPLES        Override Reduce only because in database
AEX               Override Reduce only because in database
AEX_mini          Override Reduce only because in database
NASDAQ            Override Reduce only because in database
SP400             Override Reduce only because in database
EU-BASIC          Override Reduce only because in database
EU-TRAVEL         Override Reduce only because in database
EU-DJ-TELECOM     Override Reduce only because in database
BOVESPA           Override Reduce only because in database
EPRA-EUROPE       Override Reduce only because in database
EU-RETAIL         Override Reduce only because in database
MSCIEMASIA        Override Reduce only because in database
SWISSLEAD         Override Reduce only because in database
SMI-MID           Override Reduce only because in database
VIX_mini          Override Reduce only because in database
KR10              Override Reduce only because in database
KR3               Override Reduce only because in database
ZAR               Override Reduce only because in database
US-REALESTATE     Override Reduce only because in database
COAL              Override Reduce only because in database
INR               Override Reduce only because in database
RICE              Override Reduce only because in database

Locked instruments (position mismatch): []

==============================================
Status of adjusted price / FX price collection
==============================================

                         last_update
SGX              2026-03-02 23:00:04
IG               2026-05-22 20:00:01
HIGHYIELD        2026-05-22 20:00:01
TWD-mini         2026-06-01 23:00:00
GAS-PEN          2026-06-03 23:00:00
KRWUSD           2026-06-03 23:00:00
CLP              2026-06-03 23:00:00
CNH-onshore      2026-06-03 23:00:00
NOK              2026-06-03 23:00:00
COAL-GEORDIE     2026-06-03 23:00:00
HOUSE-US         2026-06-03 23:00:00
GICS             2026-06-03 23:00:00
COTTON           2026-06-03 23:00:00
GASOILINE_micro  2026-06-03 23:00:00
SGD_mini         2026-06-03 23:00:00
BOVESPA          2026-06-03 23:00:00
CZK              2026-06-03 23:00:00
EUROSTX200-LARGE 2026-06-03 23:00:00
EUROSTX-LARGE    2026-06-03 23:00:00
SUGAR16          2026-06-03 23:00:00
EURAUD           2026-06-03 23:00:00
SWISSLEAD        2026-06-03 23:00:00
MILKWET          2026-06-03 23:00:00
CHFJPY           2026-06-03 23:00:00
BONO             2026-06-04 08:00:02
EPRA-EUROPE      2026-06-04 09:00:00
TIN_LME          2026-06-04 09:00:02
EU-DJ-UTIL       2026-06-04 11:00:00
EU-RETAIL        2026-06-04 12:00:00
EU-DJ-TECH       2026-06-04 13:00:00
OMX              2026-06-04 13:00:00
EURIBOR          2026-06-04 13:00:00
LEAD_LME         2026-06-04 14:00:00
ZINC_LME         2026-06-04 14:00:01
FTSE100          2026-06-04 15:00:00
SMI-MID          2026-06-04 15:00:00
SONIA3           2026-06-04 15:00:00
EUROSTX-SMALL    2026-06-04 15:00:00
AUDJPY           2026-06-04 15:00:00
EURIBOR-ICE      2026-06-04 15:00:00
EU-CHEM          2026-06-04 15:00:00
EU-DJ-OIL        2026-06-04 15:00:00
ALUMINIUM_LME    2026-06-04 15:00:00
SUGAR_WHITE      2026-06-04 15:00:00
EUA              2026-06-04 15:00:00
EU-HOUSE         2026-06-04 15:00:00
EU-INSURE        2026-06-04 15:00:00
EU-MEDIA         2026-06-04 15:00:00
EU-TRAVEL        2026-06-04 15:00:00
FTSE250          2026-06-04 15:00:00
MIB              2026-06-04 15:00:00
WHEAT_ICE        2026-06-04 15:00:00
IBEX             2026-06-04 15:00:00
MILLWHEAT        2026-06-04 15:00:00
MSCIASIA         2026-06-04 15:00:00
MSCIWORLD        2026-06-04 15:00:00
NICKEL_LME       2026-06-04 15:00:00
COAL             2026-06-04 15:00:00
IBEX_mini        2026-06-04 15:00:00
EU-REALESTATE    2026-06-04 15:00:00
GASOIL           2026-06-04 15:00:00
HEATOIL-ICE      2026-06-04 15:00:00
COCOA_LDN        2026-06-04 15:00:00
BRENT_W          2026-06-04 15:00:00
COPPER_LME       2026-06-04 15:00:00
GILT             2026-06-04 15:00:00
ROBUSTA          2026-06-04 15:00:00
SARONA           2026-06-04 15:00:00
GASOILINE_ICE    2026-06-04 15:00:00
CRUDE_ICE        2026-06-04 15:00:00
CH10             2026-06-04 15:00:01
PLN              2026-06-04 15:00:02
EU-TECH          2026-06-04 16:00:00
SMI              2026-06-04 16:00:00
EUROSTX          2026-06-04 16:00:00
EURO600          2026-06-04 16:00:00
OAT*             2026-06-04 16:00:00
EURCAD           2026-06-04 16:00:00
EU-UTILS         2026-06-04 16:00:00
SHATZ            2026-06-04 16:00:00
AEX              2026-06-04 16:00:00
EU-MID           2026-06-04 16:00:00
BTP              2026-06-04 16:00:00
BOBL             2026-06-04 16:00:00
DAX              2026-06-04 16:00:00
BUND             2026-06-04 16:00:00
CAC*             2026-06-04 16:00:00
EU-OIL*          2026-06-04 16:00:00
EU-AUTO          2026-06-04 16:00:00
EU-BANKS         2026-06-04 16:00:00
BTP3             2026-06-04 16:00:00
EU-CONSTRUCTION  2026-06-04 16:00:00
EU-HEALTH        2026-06-04 16:00:00
EU-FOOD          2026-06-04 16:00:00
EU-BASIC*        2026-06-04 16:00:00
AEX_mini         2026-06-04 16:00:00
EU-DIV30         2026-06-04 16:00:00
EU-DJ-TELECOM    2026-06-04 16:00:00
BUXL             2026-06-04 16:00:01
V2X              2026-06-04 16:00:02
GBPCHF           2026-06-04 17:00:00
WHEAT_mini       2026-06-04 17:00:00
WHEY             2026-06-04 17:00:00
IRS              2026-06-04 17:00:00
ALUMINIUM        2026-06-04 17:00:00
MILKDRY          2026-06-04 17:00:00
SUGAR11          2026-06-04 17:00:00
OJ               2026-06-04 18:00:00
MSCIEMASIA       2026-06-04 18:00:00
COCOA            2026-06-04 18:00:00
COFFEE           2026-06-04 18:00:00
DX               2026-06-04 18:00:00
WHEAT            2026-06-04 19:00:00
RICE             2026-06-04 19:00:00
REDWHEAT*        2026-06-04 19:00:00
US-DISCRETE      2026-06-04 19:00:00
OATIES           2026-06-04 19:00:00
COPPER-micro     2026-06-04 19:00:00
COPPER           2026-06-04 19:00:00
INR              2026-06-04 19:00:00
US-UTILS         2026-06-04 19:00:00
CAD10*           2026-06-04 19:00:00
COPPER-mini      2026-06-04 19:00:00
LUMBER-new       2026-06-04 19:00:00
CORN             2026-06-04 19:00:00
CORN_mini        2026-06-04 19:00:00
STEEL            2026-06-04 19:00:00
FANG             2026-06-04 19:00:00
FEEDCOW          2026-06-04 19:00:00
SOYOIL           2026-06-04 19:00:00
SOYMEAL          2026-06-04 19:00:00
SOYBEAN_mini     2026-06-04 19:00:00
SOYBEAN          2026-06-04 19:00:00
BBCOMM           2026-06-04 19:00:00
CAD5             2026-06-04 19:00:00
GBPJPY           2026-06-04 19:00:00
COTTON2          2026-06-04 19:00:00
SEK              2026-06-04 19:00:00
CANOLA*          2026-06-04 19:00:01
LIVECOW          2026-06-04 19:00:01
LEANHOG          2026-06-04 19:00:02
AUD              2026-06-04 20:00:00
US-MATERIAL      2026-06-04 20:00:00
US-INDUSTRY      2026-06-04 20:00:00
RUSSELL_mini     2026-06-04 20:00:00
CAD2             2026-06-04 20:00:00
US-HEALTH        2026-06-04 20:00:00
NASDAQ           2026-06-04 20:00:00
NASDAQ_micro     2026-06-04 20:00:00
SILVER           2026-06-04 20:00:00
BITCOIN*         2026-06-04 20:00:00
SP500            2026-06-04 20:00:00
US-ENERGY        2026-06-04 20:00:00
R1000            2026-06-04 20:00:00
CAD              2026-06-04 20:00:00
RUSSELL*         2026-06-04 20:00:00
BUTTER           2026-06-04 20:00:00
BRENT-LAST       2026-06-04 20:00:00
PALLAD           2026-06-04 20:00:00
SOFR             2026-06-04 20:00:00
PLAT             2026-06-04 20:00:00
SP500_micro      2026-06-04 20:00:00
SP400            2026-06-04 20:00:00
US10             2026-06-04 20:00:00
CAD_micro        2026-06-04 20:00:00
GOLD             2026-06-04 20:00:00
MSCIEAFA         2026-06-04 20:00:00
GBPEUR           2026-06-04 20:00:00
GBP              2026-06-04 20:00:00
GAS_US_mini*     2026-06-04 20:00:00
GAS_US           2026-06-04 20:00:00
CRUDE_W          2026-06-04 20:00:00
CRUDE_W_micro    2026-06-04 20:00:00
CRUDE_W_mini     2026-06-04 20:00:00
YENEUR           2026-06-04 20:00:00
DOW              2026-06-04 20:00:00
DOW_mini         2026-06-04 20:00:00
FED              2026-06-04 20:00:00
EUR_mini         2026-06-04 20:00:00
EUR_micro*       2026-06-04 20:00:00
ETHER-micro      2026-06-04 20:00:00
ETHEREUM         2026-06-04 20:00:00
EURCHF           2026-06-04 20:00:00
EUR              2026-06-04 20:00:00
GOLD-mini        2026-06-04 20:00:00
GOLD_micro       2026-06-04 20:00:00
GBP_micro        2026-06-04 20:00:00
VIX_mini         2026-06-04 20:00:00
US10U            2026-06-04 20:00:00
US-STAPLES       2026-06-04 20:00:00
CHF_micro        2026-06-04 20:00:00
US-REALESTATE    2026-06-04 20:00:00
US20             2026-06-04 20:00:00
US2              2026-06-04 20:00:00
CHEESE           2026-06-04 20:00:00
MILK             2026-06-04 20:00:00
US30             2026-06-04 20:00:00
US5              2026-06-04 20:00:00
ZAR*             2026-06-04 20:00:00
HEATOIL          2026-06-04 20:00:00
VIX              2026-06-04 20:00:00
US3              2026-06-04 20:00:00
JPY_mini         2026-06-04 20:00:00
CHF*             2026-06-04 20:00:01
MXP              2026-06-04 20:00:01
AUD_micro        2026-06-04 20:00:01
JPY*             2026-06-04 20:00:01
NZD*             2026-06-04 20:00:02
BRE              2026-06-04 20:00:02
GAS-LAST         2026-06-04 20:00:03
GASOILINE*       2026-06-04 20:00:03
SPI200           2026-06-06 23:00:00
SGD              2026-06-06 23:00:00
JGB-mini         2026-06-08 02:00:00
FTSEINDO         2026-06-08 03:00:00
TWD              2026-06-08 03:00:00
VNKI             2026-06-08 04:00:00
HANGTECH         2026-06-08 04:00:00
HANGENT          2026-06-08 04:00:00
FTSECHINAH       2026-06-08 04:00:00
HANG             2026-06-08 04:00:00
HANGENT_mini*    2026-06-08 04:00:00
HANG_mini        2026-06-08 04:00:00
IRON             2026-06-08 04:00:00
JP-REALESTATE    2026-06-08 04:00:00
JGB-SGX-mini     2026-06-08 04:00:00
CHINAA-CON       2026-06-08 05:00:00
CNH              2026-06-08 05:00:00
FTSECHINAA       2026-06-08 05:00:00
FTSETAIWAN       2026-06-08 05:00:00
FTSEVIET         2026-06-08 05:00:00
TOPIX*           2026-06-08 05:00:00
RUBBER           2026-06-08 05:00:00
KOSDAQ*          2026-06-08 05:00:00
JGB              2026-06-08 05:00:00
NIKKEI*          2026-06-08 05:00:00
MUMMY            2026-06-08 05:00:00
MSCITAIWAN*      2026-06-08 05:00:00
MSCISING*        2026-06-08 05:00:00
NIKKEI400        2026-06-08 05:00:00
KR3              2026-06-08 05:00:00
KR10*            2026-06-08 05:00:00
KOSPI_mini       2026-06-08 05:00:00
KOSPI            2026-06-08 05:00:00
KRWUSD_mini      2026-06-08 05:00:00
JPYUSD           2026-06-08 23:00:00
CNHUSD           2026-06-08 23:00:00
AUDUSD           2026-06-08 23:00:00
KRWUSD           2026-06-08 23:00:00
CHFUSD           2026-06-08 23:00:00
MXPUSD           2026-06-08 23:00:00
SGDUSD           2026-06-08 23:00:00
GBPUSD           2026-06-08 23:00:00
HKDUSD           2026-06-08 23:00:00
CADUSD           2026-06-08 23:00:00
EURUSD           2026-06-08 23:00:00
SEKUSD           2026-06-08 23:00:00


============================================================
           Status of optimal position generation            
============================================================

                                                 last_update
dynamic_TF_carry/SGX              2024-12-02 22:31:28.544775
dynamic_TF_carry/SOYBEAN          2026-06-08 22:31:32.521350
dynamic_TF_carry/INR              2026-06-08 22:31:32.521577
dynamic_TF_carry/CHF              2026-06-08 22:31:32.521788
dynamic_TF_carry/MSCIEAFA         2026-06-08 22:31:32.521997
dynamic_TF_carry/US10U            2026-06-08 22:31:32.522202
dynamic_TF_carry/COFFEE           2026-06-08 22:31:32.522409
dynamic_TF_carry/EU-DIV30         2026-06-08 22:31:32.522618
dynamic_TF_carry/MILK             2026-06-08 22:31:32.522825
dynamic_TF_carry/GBPCHF           2026-06-08 22:31:32.523031
dynamic_TF_carry/MUMMY            2026-06-08 22:31:32.523237
dynamic_TF_carry/FTSECHINAA       2026-06-08 22:31:32.523442
dynamic_TF_carry/BOVESPA          2026-06-08 22:31:32.523648
dynamic_TF_carry/CHFJPY           2026-06-08 22:31:32.523854
dynamic_TF_carry/EUR              2026-06-08 22:31:32.524061
dynamic_TF_carry/GICS             2026-06-08 22:31:32.524267
dynamic_TF_carry/EUA              2026-06-08 22:31:32.524677
dynamic_TF_carry/DX               2026-06-08 22:31:32.524881
dynamic_TF_carry/REDWHEAT         2026-06-08 22:31:32.525087
dynamic_TF_carry/DOW              2026-06-08 22:31:32.525292
dynamic_TF_carry/EU-OIL           2026-06-08 22:31:32.525497
dynamic_TF_carry/EURIBOR-ICE      2026-06-08 22:31:32.525702
dynamic_TF_carry/EU-TECH          2026-06-08 22:31:32.525907
dynamic_TF_carry/FTSEINDO         2026-06-08 22:31:32.526112
dynamic_TF_carry/KOSPI_mini       2026-06-08 22:31:32.526315
dynamic_TF_carry/AUD_micro        2026-06-08 22:31:32.526724
dynamic_TF_carry/TWD              2026-06-08 22:31:32.526929
dynamic_TF_carry/PALLAD           2026-06-08 22:31:32.527133
dynamic_TF_carry/FEEDCOW          2026-06-08 22:31:32.527337
dynamic_TF_carry/LUMBER-new       2026-06-08 22:31:32.527542
dynamic_TF_carry/EURAUD           2026-06-08 22:31:32.527746
dynamic_TF_carry/SONIA3           2026-06-08 22:31:32.527951
dynamic_TF_carry/CAD              2026-06-08 22:31:32.528158
dynamic_TF_carry/IG               2026-06-08 22:31:32.528364
dynamic_TF_carry/SOYBEAN_mini     2026-06-08 22:31:32.528568
dynamic_TF_carry/COPPER_LME       2026-06-08 22:31:32.528771
dynamic_TF_carry/FANG             2026-06-08 22:31:32.528975
dynamic_TF_carry/OJ               2026-06-08 22:31:32.529180
dynamic_TF_carry/STEEL            2026-06-08 22:31:32.529385
dynamic_TF_carry/ZAR              2026-06-08 22:31:32.529589
dynamic_TF_carry/EU-CONSTRUCTION  2026-06-08 22:31:32.529794
dynamic_TF_carry/CHEESE           2026-06-08 22:31:32.529997
dynamic_TF_carry/R1000            2026-06-08 22:31:32.530204
dynamic_TF_carry/KR10             2026-06-08 22:31:32.530408
dynamic_TF_carry/CAC              2026-06-08 22:31:32.530612
dynamic_TF_carry/OMX              2026-06-08 22:31:32.530816
dynamic_TF_carry/GAS-LAST         2026-06-08 22:31:32.531021
dynamic_TF_carry/RICE             2026-06-08 22:31:32.531226
dynamic_TF_carry/CH10             2026-06-08 22:31:32.531430
dynamic_TF_carry/VIX              2026-06-08 22:31:32.531633
dynamic_TF_carry/IRON             2026-06-08 22:31:32.531838
dynamic_TF_carry/SOFR             2026-06-08 22:31:32.532046
dynamic_TF_carry/CRUDE_ICE        2026-06-08 22:31:32.532251
dynamic_TF_carry/CNH              2026-06-08 22:31:32.532456
dynamic_TF_carry/EU-DJ-TELECOM    2026-06-08 22:31:32.532661
dynamic_TF_carry/EURCHF           2026-06-08 22:31:32.532866
dynamic_TF_carry/GOLD_micro       2026-06-08 22:31:32.533070
dynamic_TF_carry/MIB              2026-06-08 22:31:32.533274
dynamic_TF_carry/DAX              2026-06-08 22:31:32.533479
dynamic_TF_carry/BITCOIN          2026-06-08 22:31:32.533886
dynamic_TF_carry/CZK              2026-06-08 22:31:32.534092
dynamic_TF_carry/LEAD_LME         2026-06-08 22:31:32.534502
dynamic_TF_carry/BUND             2026-06-08 22:31:32.534707
dynamic_TF_carry/KRWUSD_mini      2026-06-08 22:31:32.534913
dynamic_TF_carry/COTTON           2026-06-08 22:31:32.535118
dynamic_TF_carry/BONO             2026-06-08 22:31:32.535322
dynamic_TF_carry/US-HEALTH        2026-06-08 22:31:32.535526
dynamic_TF_carry/US-DISCRETE      2026-06-08 22:31:32.535731
dynamic_TF_carry/WHEAT_ICE        2026-06-08 22:31:32.535935
dynamic_TF_carry/KRWUSD           2026-06-08 22:31:32.536143
dynamic_TF_carry/EU-BANKS         2026-06-08 22:31:32.536348
dynamic_TF_carry/MSCIEMASIA       2026-06-08 22:31:32.536755
dynamic_TF_carry/SWISSLEAD        2026-06-08 22:31:32.536959
dynamic_TF_carry/YENEUR           2026-06-08 22:31:32.537164
dynamic_TF_carry/ZINC_LME         2026-06-08 22:31:32.537369
dynamic_TF_carry/NIKKEI           2026-06-08 22:31:32.537575
dynamic_TF_carry/US-INDUSTRY      2026-06-08 22:31:32.537780
dynamic_TF_carry/GBP              2026-06-08 22:31:32.537987
dynamic_TF_carry/SILVER           2026-06-08 22:31:32.538193
dynamic_TF_carry/CAD5             2026-06-08 22:31:32.538601
dynamic_TF_carry/JGB-SGX-mini     2026-06-08 22:31:32.538805
dynamic_TF_carry/LEANHOG          2026-06-08 22:31:32.539009
dynamic_TF_carry/COPPER           2026-06-08 22:31:32.539213
dynamic_TF_carry/MSCIASIA         2026-06-08 22:31:32.539416
dynamic_TF_carry/BBCOMM           2026-06-08 22:31:32.539619
dynamic_TF_carry/SUGAR_WHITE      2026-06-08 22:31:32.540027
dynamic_TF_carry/CAD2             2026-06-08 22:31:32.540231
dynamic_TF_carry/RUBBER           2026-06-08 22:31:32.540433
dynamic_TF_carry/LIVECOW          2026-06-08 22:31:32.540637
dynamic_TF_carry/EU-HOUSE         2026-06-08 22:31:32.540841
dynamic_TF_carry/PLAT             2026-06-08 22:31:32.541044
dynamic_TF_carry/US3              2026-06-08 22:31:32.541248
dynamic_TF_carry/CANOLA           2026-06-08 22:31:32.541451
dynamic_TF_carry/SHATZ            2026-06-08 22:31:32.541654
dynamic_TF_carry/NZD              2026-06-08 22:31:32.541858
dynamic_TF_carry/SP500_micro      2026-06-08 22:31:32.542064
dynamic_TF_carry/AUD              2026-06-08 22:31:32.542266
dynamic_TF_carry/AEX              2026-06-08 22:31:32.542471
dynamic_TF_carry/HANGENT_mini     2026-06-08 22:31:32.542676
dynamic_TF_carry/TOPIX            2026-06-08 22:31:32.542879
dynamic_TF_carry/BRE              2026-06-08 22:31:32.543082
dynamic_TF_carry/EU-MEDIA         2026-06-08 22:31:32.543285
dynamic_TF_carry/BRENT_W          2026-06-08 22:31:32.543489
dynamic_TF_carry/FTSECHINAH       2026-06-08 22:31:32.543693
dynamic_TF_carry/GASOIL           2026-06-08 22:31:32.543897
dynamic_TF_carry/US-REALESTATE    2026-06-08 22:31:32.544104
dynamic_TF_carry/NASDAQ_micro     2026-06-08 22:31:32.544308
dynamic_TF_carry/TIN_LME          2026-06-08 22:31:32.544512
dynamic_TF_carry/HEATOIL          2026-06-08 22:31:32.544716
dynamic_TF_carry/COAL-GEORDIE     2026-06-08 22:31:32.544920
dynamic_TF_carry/HANG_mini        2026-06-08 22:31:32.545124
dynamic_TF_carry/SARONA           2026-06-08 22:31:32.545328
dynamic_TF_carry/JPY              2026-06-08 22:31:32.545532
dynamic_TF_carry/CLP              2026-06-08 22:31:32.545735
dynamic_TF_carry/EURIBOR          2026-06-08 22:31:32.545938
dynamic_TF_carry/PLN              2026-06-08 22:31:32.546142
dynamic_TF_carry/VNKI             2026-06-08 22:31:32.546345
dynamic_TF_carry/GILT             2026-06-08 22:31:32.546548
dynamic_TF_carry/EPRA-EUROPE      2026-06-08 22:31:32.546753
dynamic_TF_carry/EU-AUTO          2026-06-08 22:31:32.546956
dynamic_TF_carry/GAS-PEN          2026-06-08 22:31:32.547160
dynamic_TF_carry/SOYOIL           2026-06-08 22:31:32.547364
dynamic_TF_carry/BOBL             2026-06-08 22:31:32.547772
dynamic_TF_carry/EU-BASIC         2026-06-08 22:31:32.547975
dynamic_TF_carry/EU-DJ-UTIL       2026-06-08 22:31:32.548183
dynamic_TF_carry/HANGTECH         2026-06-08 22:31:32.548386
dynamic_TF_carry/EURCAD           2026-06-08 22:31:32.548589
dynamic_TF_carry/EU-TRAVEL        2026-06-08 22:31:32.548793
dynamic_TF_carry/OAT              2026-06-08 22:31:32.548995
dynamic_TF_carry/SMI              2026-06-08 22:31:32.549198
dynamic_TF_carry/CRUDE_W_mini     2026-06-08 22:31:32.549401
dynamic_TF_carry/FTSE250          2026-06-08 22:31:32.549605
dynamic_TF_carry/SOYMEAL          2026-06-08 22:31:32.549808
dynamic_TF_carry/SPI200           2026-06-08 22:31:32.550012
dynamic_TF_carry/NOK              2026-06-08 22:31:32.550215
dynamic_TF_carry/COAL             2026-06-08 22:31:32.550420
dynamic_TF_carry/EU-UTILS         2026-06-08 22:31:32.550828
dynamic_TF_carry/FED              2026-06-08 22:31:32.551031
dynamic_TF_carry/EUROSTX-SMALL    2026-06-08 22:31:32.551237
dynamic_TF_carry/US10             2026-06-08 22:31:32.551441
dynamic_TF_carry/CHINAA-CON       2026-06-08 22:31:32.551644
dynamic_TF_carry/MILLWHEAT        2026-06-08 22:31:32.551848
dynamic_TF_carry/CORN             2026-06-08 22:31:32.552055
dynamic_TF_carry/US-UTILS         2026-06-08 22:31:32.552260
dynamic_TF_carry/FTSE100          2026-06-08 22:31:32.552465
dynamic_TF_carry/COCOA            2026-06-08 22:31:32.552670
dynamic_TF_carry/COTTON2          2026-06-08 22:31:32.552875
dynamic_TF_carry/GAS_US_mini      2026-06-08 22:31:32.553080
dynamic_TF_carry/MILKWET          2026-06-08 22:31:32.553699
dynamic_TF_carry/EUROSTX-LARGE    2026-06-08 22:31:32.553904
dynamic_TF_carry/KOSPI            2026-06-08 22:31:32.554109
dynamic_TF_carry/US5              2026-06-08 22:31:32.554314
dynamic_TF_carry/US-ENERGY        2026-06-08 22:31:32.554519
dynamic_TF_carry/KR3              2026-06-08 22:31:32.554725
dynamic_TF_carry/CAD10            2026-06-08 22:31:32.554929
dynamic_TF_carry/MXP              2026-06-08 22:31:32.555135
dynamic_TF_carry/FTSETAIWAN       2026-06-08 22:31:32.555342
dynamic_TF_carry/EURO600          2026-06-08 22:31:32.555549
dynamic_TF_carry/GBPEUR           2026-06-08 22:31:32.555756
dynamic_TF_carry/EUROSTX          2026-06-08 22:31:32.555962
dynamic_TF_carry/MSCIWORLD        2026-06-08 22:31:32.556208
dynamic_TF_carry/SUGAR16          2026-06-08 22:31:32.556416
dynamic_TF_carry/EU-MID           2026-06-08 22:31:32.556624
dynamic_TF_carry/US2              2026-06-08 22:31:32.556830
dynamic_TF_carry/EUR_micro        2026-06-08 22:31:32.557038
dynamic_TF_carry/NICKEL_LME       2026-06-08 22:31:32.557450
dynamic_TF_carry/BRENT-LAST       2026-06-08 22:31:32.557656
dynamic_TF_carry/CRUDE_W_micro    2026-06-08 22:31:32.557862
dynamic_TF_carry/IRS              2026-06-08 22:31:32.558068
dynamic_TF_carry/US-STAPLES       2026-06-08 22:31:32.558274
dynamic_TF_carry/US20             2026-06-08 22:31:32.558686
dynamic_TF_carry/KOSDAQ           2026-06-08 22:31:32.558892
dynamic_TF_carry/HOUSE-US         2026-06-08 22:31:32.559099
dynamic_TF_carry/GASOILINE        2026-06-08 22:31:32.559304
dynamic_TF_carry/SEK              2026-06-08 22:31:32.559510
dynamic_TF_carry/BUXL             2026-06-08 22:31:32.559715
