
********************************************************************************
                   Status report produced on 10/02/2025 22:56                   
********************************************************************************


Delayed methods: No delays

===============================
 Delayed adjusted / FX prices  
===============================

                    last_update
SGX         2025-02-03 23:00:00
TWD         2025-02-03 23:00:00
CNH-onshore 2025-02-06 23:00:00
SGD_mini    2025-02-06 23:00:01


===============================================
           Delayed optimal positions           
===============================================

                                    last_update
dynamic_TF_carry/SGX 2024-12-02 22:31:28.544775

Instruments at trade limit: No constraints

================================================
         Instruments at position limit          
================================================

                 keys  position pos_limit  spare
247               OMX         0       0.0    0.0
143              GICS         0       0.0    0.0
144         SWISSLEAD         0       0.0    0.0
58                SEK         0       0.0    0.0
155               SGX         0       0.0    0.0
169   GASOILINE_micro         0       0.0    0.0
55              SP400         0       0.0    0.0
170         HIGHYIELD         0       0.0    0.0
140            EURCAD         0       0.0    0.0
53      EUROSTX-LARGE         0       0.0    0.0
50           AEX_mini         0       0.0    0.0
47                NOK         0       0.0    0.0
46           TWD-mini         0       0.0    0.0
45               US30        -1       1.0    0.0
88    EU-CONSTRUCTION         0       0.0    0.0
178                IG         0       0.0    0.0
42            MILKDRY         0       0.0    0.0
171            NASDAQ         0       0.0    0.0
179              CH10         0       0.0    0.0
64   EUROSTX200-LARGE         0       0.0    0.0
69           SGD_mini         0       0.0    0.0
91            TIN_LME         0       0.0    0.0
101         CHF_micro         0       0.0    0.0
84            BOVESPA         0       0.0    0.0
103          EU-HOUSE         0       0.0    0.0
82             AUDJPY         0       0.0    0.0
105            EURCHF         0       0.0    0.0
80        CNH-onshore         0       0.0    0.0
65         COPPER_LME         0       0.0    0.0
79                IRS         0       0.0    0.0
112             STEEL         0       0.0    0.0
118        EU-DJ-TECH         0       0.0    0.0
74           HOUSE-US         0       0.0    0.0
121          JGB-mini         0       0.0    0.0
122              WHEY         0       0.0    0.0
126              VNKI         0       0.0    0.0
135            COTTON         0       0.0    0.0
109            COFFEE         1       1.0    0.0
182            GBPJPY         0       0.0    0.0
44            EU-CHEM         0       0.0    0.0
89            ETHANOL         0       0.0    0.0
223               CZK         0       0.0    0.0
222            BUTTER         0       0.0    0.0
12             CHFJPY         0       0.0    0.0
221           SMI-MID         0       0.0    0.0
184               PLN         0       0.0    0.0
230              COAL         0       0.0    0.0
21           ETHEREUM         0       0.0    0.0
22        EPRA-EUROPE         0       0.0    0.0
8             MILKWET         0       0.0    0.0
208               RUR         0       0.0    0.0
204     EU-DJ-TELECOM         0       0.0    0.0
15        HEATOIL-ICE         0       0.0    0.0
27                MIB         1       1.0    0.0
25                CLP         0       0.0    0.0
191            EURAUD         0       0.0    0.0
37              R1000         0       0.0    0.0
243          EU-MEDIA         0       0.0    0.0
188            KRWUSD         0       0.0    0.0
28        COPPER-mini         0       0.0    0.0
3           EU-RETAIL         0       0.0    0.0
226          JPY_mini         0       0.0    0.0
241               TWD         0       0.0    0.0
30       COAL-GEORDIE         0       0.0    0.0
6                 JGB         0       0.0    0.0
198         EU-TRAVEL         0       0.0    0.0
4              PALLAD         0       0.0    0.0


=========================================================
         Overrides in database consider deleting         
=========================================================

                                                 override
NICKEL_LME             Override Close because in database
EURIBOR          Override Reduce only because in database
COPPER-mini      Override Reduce only because in database
VNKI             Override Reduce only because in database
VIX_mini         Override Reduce only because in database
STEEL            Override Reduce only because in database
BOVESPA          Override Reduce only because in database
GICS             Override Reduce only because in database
CRUDE_W_mini     Override Reduce only because in database
TWD              Override Reduce only because in database
IBEX_mini        Override Reduce only because in database
IBEX             Override Reduce only because in database
CORN_mini        Override Reduce only because in database
COAL-GEORDIE     Override Reduce only because in database
GASOILINE_micro  Override Reduce only because in database
FTSEVIET         Override Reduce only because in database
INR              Override Reduce only because in database
COAL             Override Reduce only because in database
FTSE100          Override Reduce only because in database
DX               Override Reduce only because in database
RICE             Override Reduce only because in database
CHINAA-CON       Override Reduce only because in database
HOUSE-US         Override Reduce only because in database
GAS-PEN          Override Reduce only because in database
AEX              Override Reduce only because in database
FTSEINDO         Override Reduce only because in database
FTSETAIWAN       Override Reduce only because in database
GAS_US_mini      Override Reduce only because in database
SPI200           Override Reduce only because in database
TWD-mini         Override Reduce only because in database
AEX_mini         Override Reduce only because in database
CAC              Override Reduce only because in database
COTTON           Override Reduce only because in database
SGX              Override Reduce only because in database
OATIES           Override Reduce only because in database

Locked instruments (position mismatch): []

==============================================
Status of adjusted price / FX price collection
==============================================

                         last_update
SGX              2025-02-03 23:00:00
TWD              2025-02-03 23:00:00
CNH-onshore      2025-02-06 23:00:00
SGD_mini         2025-02-06 23:00:01
GAS-PEN          2025-02-07 23:00:00
GBPEUR           2025-02-07 23:00:00
ETHANOL          2025-02-07 23:00:00
RUR              2025-02-07 23:00:00
CHFJPY           2025-02-07 23:00:00
GBPJPY           2025-02-07 23:00:00
GBPCHF           2025-02-07 23:00:00
CLP              2025-02-07 23:00:00
HOUSE-US         2025-02-07 23:00:00
MSCIEMASIA       2025-02-07 23:00:00
CZK              2025-02-07 23:00:00
OMX              2025-02-07 23:00:00
EUROSTX-LARGE    2025-02-07 23:00:00
MSCIWORLD        2025-02-07 23:00:00
MILKWET          2025-02-07 23:00:00
IRS              2025-02-07 23:00:00
COTTON           2025-02-07 23:00:00
WHEY             2025-02-07 23:00:00
BOVESPA          2025-02-07 23:00:00
GASOILINE_micro  2025-02-07 23:00:00
SUGAR16          2025-02-07 23:00:00
TIN_LME          2025-02-07 23:00:00
KRWUSD           2025-02-07 23:00:00
SWISSLEAD        2025-02-07 23:00:00
SGD              2025-02-08 23:00:00
HANG             2025-02-10 03:00:00
VNKI             2025-02-10 03:00:00
TWD-mini         2025-02-10 03:00:00
JGB-mini         2025-02-10 04:00:00
SPI200           2025-02-10 04:00:00
FTSEINDO         2025-02-10 04:00:00
HANGENT          2025-02-10 05:00:00
MSCITAIWAN*      2025-02-10 05:00:00
MSCISING*        2025-02-10 05:00:00
JP-REALESTATE    2025-02-10 05:00:00
KOSDAQ           2025-02-10 05:00:00
KRWUSD_mini      2025-02-10 05:00:00
HANGTECH         2025-02-10 05:00:00
KR3              2025-02-10 05:00:00
HANG_mini*       2025-02-10 05:00:00
KOSPI            2025-02-10 05:00:00
MUMMY            2025-02-10 05:00:00
KOSPI_mini       2025-02-10 05:00:00
KR10             2025-02-10 05:00:00
HANGENT_mini     2025-02-10 05:00:00
NIKKEI           2025-02-10 05:00:00
NIKKEI400        2025-02-10 05:00:00
IRON             2025-02-10 05:00:00
JGB-SGX-mini     2025-02-10 05:00:00
FTSEVIET         2025-02-10 05:00:00
FTSETAIWAN*      2025-02-10 05:00:00
TOPIX*           2025-02-10 05:00:00
CNH              2025-02-10 05:00:00
CHINAA-CON       2025-02-10 05:00:00
RUBBER           2025-02-10 05:00:00
FTSECHINAH       2025-02-10 05:00:00
JGB              2025-02-10 05:00:00
FTSECHINAA       2025-02-10 05:00:00
EU-CHEM          2025-02-10 13:00:00
CH10             2025-02-10 13:00:00
EURIBOR          2025-02-10 14:00:00
COAL-GEORDIE     2025-02-10 14:00:00
ZINC_LME         2025-02-10 14:00:00
AEX_mini         2025-02-10 14:00:00
NICKEL_LME       2025-02-10 14:00:00
GICS             2025-02-10 14:30:00
EU-TRAVEL        2025-02-10 15:00:00
IBEX             2025-02-10 15:00:00
EUROSTX-SMALL    2025-02-10 15:00:00
HEATOIL-ICE      2025-02-10 15:00:00
EURIBOR-ICE      2025-02-10 15:00:00
EUROSTX200-LARGE 2025-02-10 15:00:00
GILT             2025-02-10 15:00:00
FTSE100          2025-02-10 15:00:00
FTSE250          2025-02-10 15:00:00
EUA              2025-02-10 15:00:00
EU-TECH          2025-02-10 15:00:00
MILLWHEAT        2025-02-10 15:00:00
IBEX_mini        2025-02-10 15:00:00
BRENT_W          2025-02-10 15:00:00
BONO             2025-02-10 15:00:00
SARONA           2025-02-10 15:00:00
ROBUSTA          2025-02-10 15:00:00
COAL             2025-02-10 15:00:00
EU-RETAIL        2025-02-10 15:00:00
COCOA_LDN        2025-02-10 15:00:00
WHEAT_ICE        2025-02-10 15:00:00
CRUDE_ICE        2025-02-10 15:00:00
COPPER_LME       2025-02-10 15:00:00
GASOIL           2025-02-10 15:00:00
MIB*             2025-02-10 15:00:00
EPRA-EUROPE      2025-02-10 15:00:00
LEAD_LME         2025-02-10 15:00:00
EU-DJ-TECH       2025-02-10 15:00:00
EU-DJ-TELECOM    2025-02-10 15:00:00
EU-DJ-UTIL       2025-02-10 15:00:00
EU-INSURE        2025-02-10 15:00:00
ALUMINIUM_LME    2025-02-10 15:00:00
SONIA3           2025-02-10 15:00:00
SUGAR_WHITE      2025-02-10 16:00:00
V2X              2025-02-10 16:00:00
R1000            2025-02-10 16:00:00
SMI*             2025-02-10 16:00:00
SHATZ            2025-02-10 16:00:00
PLN              2025-02-10 16:00:00
OAT              2025-02-10 16:00:00
MSCIASIA         2025-02-10 16:00:00
SMI-MID          2025-02-10 16:00:00
GASOILINE_ICE    2025-02-10 16:00:00
AEX              2025-02-10 16:00:00
EU-MID           2025-02-10 16:00:00
BUXL             2025-02-10 16:00:00
EU-HOUSE         2025-02-10 16:00:00
EU-REALESTATE    2025-02-10 16:00:00
EU-UTILS         2025-02-10 16:00:00
EU-HEALTH        2025-02-10 16:00:00
EU-FOOD          2025-02-10 16:00:00
CAC              2025-02-10 16:00:00
EU-DJ-OIL        2025-02-10 16:00:00
EU-DIV30         2025-02-10 16:00:00
EU-CONSTRUCTION  2025-02-10 16:00:00
EURO600          2025-02-10 16:00:00
EU-OIL           2025-02-10 16:00:00
EUROSTX          2025-02-10 16:00:00
BUND             2025-02-10 16:00:00
BTP3             2025-02-10 16:00:00
BTP              2025-02-10 16:00:00
BOBL             2025-02-10 16:00:00
EU-BANKS         2025-02-10 16:00:00
EU-AUTO          2025-02-10 16:00:00
DJSTX-SMALL      2025-02-10 16:00:00
DAX              2025-02-10 16:00:00
EU-BASIC         2025-02-10 16:00:00
EU-MEDIA         2025-02-10 16:00:00
SUGAR11*         2025-02-10 17:00:00
HIGHYIELD        2025-02-10 17:00:00
COFFEE*          2025-02-10 18:00:00
OJ               2025-02-10 18:00:00
COCOA            2025-02-10 18:00:00
EURAUD           2025-02-10 18:00:00
ALUMINIUM        2025-02-10 18:00:00
EURCAD           2025-02-10 18:00:00
AUDJPY           2025-02-10 18:00:00
SOYBEAN          2025-02-10 19:00:00
CORN             2025-02-10 19:00:00
COPPER-mini      2025-02-10 19:00:00
WHEAT_mini       2025-02-10 19:00:00
OATIES           2025-02-10 19:00:00
COPPER           2025-02-10 19:00:00
WHEAT            2025-02-10 19:00:00
REDWHEAT         2025-02-10 19:00:00
RICE             2025-02-10 19:00:00
CHF_micro        2025-02-10 19:00:00
CHEESE           2025-02-10 19:00:00
CANOLA           2025-02-10 19:00:00
SEK              2025-02-10 19:00:00
AUD_micro        2025-02-10 19:00:00
BBCOMM           2025-02-10 19:00:00
STEEL            2025-02-10 19:00:00
BUTTER           2025-02-10 19:00:00
SOYOIL           2025-02-10 19:00:00
CAD2             2025-02-10 19:00:00
SOYMEAL          2025-02-10 19:00:00
SOYBEAN_mini     2025-02-10 19:00:00
CORN_mini        2025-02-10 19:00:00
COTTON2          2025-02-10 19:00:00
GAS-LAST         2025-02-10 19:00:00
ETHER-micro      2025-02-10 19:00:00
CRUDE_W_micro    2025-02-10 19:00:00
CRUDE_W_mini     2025-02-10 19:00:00
EUR_micro        2025-02-10 19:00:00
LEANHOG          2025-02-10 19:00:00
HEATOIL          2025-02-10 19:00:00
FEEDCOW*         2025-02-10 19:00:00
LIVECOW          2025-02-10 19:00:00
MILKDRY          2025-02-10 19:00:00
INR              2025-02-10 19:00:00
MILK             2025-02-10 19:00:00
DX*              2025-02-10 19:00:00
MXP              2025-02-10 20:00:00
US-REALESTATE    2025-02-10 20:00:00
US-MATERIAL      2025-02-10 20:00:00
US-INDUSTRY      2025-02-10 20:00:00
US-ENERGY        2025-02-10 20:00:00
US-STAPLES       2025-02-10 20:00:00
US-DISCRETE      2025-02-10 20:00:00
BITCOIN*         2025-02-10 20:00:00
GBP_micro        2025-02-10 20:00:00
BRE              2025-02-10 20:00:00
BRENT-LAST       2025-02-10 20:00:00
EUR_mini         2025-02-10 20:00:00
US-HEALTH        2025-02-10 20:00:00
US-UTILS         2025-02-10 20:00:00
US3              2025-02-10 20:00:00
US10U            2025-02-10 20:00:00
GAS_US           2025-02-10 20:00:00
ZAR              2025-02-10 20:00:00
YENEUR           2025-02-10 20:00:00
AUD              2025-02-10 20:00:00
GAS_US_mini      2025-02-10 20:00:00
GBP*             2025-02-10 20:00:00
US10             2025-02-10 20:00:00
FED              2025-02-10 20:00:00
VIX*             2025-02-10 20:00:00
FANG             2025-02-10 20:00:00
US5              2025-02-10 20:00:00
US30*            2025-02-10 20:00:00
US20             2025-02-10 20:00:00
US2              2025-02-10 20:00:00
VIX_mini         2025-02-10 20:00:00
CRUDE_W          2025-02-10 20:00:00
GOLD             2025-02-10 20:00:00
GOLD_micro*      2025-02-10 20:00:00
NASDAQ           2025-02-10 20:00:00
NASDAQ_micro     2025-02-10 20:00:00
MSCIEAFA         2025-02-10 20:00:00
NOK              2025-02-10 20:00:00
NZD              2025-02-10 20:00:00
COPPER-micro*    2025-02-10 20:00:00
DOW*             2025-02-10 20:00:00
DOW_mini         2025-02-10 20:00:00
PALLAD           2025-02-10 20:00:00
PLAT             2025-02-10 20:00:00
GOLD-mini        2025-02-10 20:00:00
LUMBER-new       2025-02-10 20:00:00
CHF*             2025-02-10 20:00:00
RUSSELL*         2025-02-10 20:00:00
RUSSELL_mini     2025-02-10 20:00:00
GASOILINE        2025-02-10 20:00:00
CAD_micro        2025-02-10 20:00:00
ETHEREUM         2025-02-10 20:00:00
SP500            2025-02-10 20:00:00
SP400            2025-02-10 20:00:00
EURCHF           2025-02-10 20:00:00
EUR              2025-02-10 20:00:00
IG               2025-02-10 20:00:00
SP500_micro      2025-02-10 20:00:00
JPY              2025-02-10 20:00:00
CAD*             2025-02-10 20:00:00
SILVER           2025-02-10 20:00:00
CAD10*           2025-02-10 20:00:00
JPY_mini         2025-02-10 20:00:00
CAD5             2025-02-10 20:00:00
SOFR             2025-02-10 20:00:00
CHFUSD           2025-02-10 23:00:00
JPYUSD           2025-02-10 23:00:00
EURUSD           2025-02-10 23:00:00
CADUSD           2025-02-10 23:00:00
KRWUSD           2025-02-10 23:00:00
GBPUSD           2025-02-10 23:00:00
SEKUSD           2025-02-10 23:00:00
SGDUSD           2025-02-10 23:00:00
MXPUSD           2025-02-10 23:00:00
HKDUSD           2025-02-10 23:00:00
CNHUSD           2025-02-10 23:00:00
AUDUSD           2025-02-10 23:00:00


============================================================
           Status of optimal position generation            
============================================================

                                                 last_update
dynamic_TF_carry/SGX              2024-12-02 22:31:28.544775
dynamic_TF_carry/GBP              2025-02-10 22:31:34.579008
dynamic_TF_carry/GBPCHF           2025-02-10 22:31:34.579268
dynamic_TF_carry/OMX              2025-02-10 22:31:34.579508
dynamic_TF_carry/KRWUSD_mini      2025-02-10 22:31:34.579743
dynamic_TF_carry/CHF              2025-02-10 22:31:34.579977
dynamic_TF_carry/CH10             2025-02-10 22:31:34.580210
dynamic_TF_carry/SHATZ            2025-02-10 22:31:34.580442
dynamic_TF_carry/US-REALESTATE    2025-02-10 22:31:34.580673
dynamic_TF_carry/US-HEALTH        2025-02-10 22:31:34.580903
dynamic_TF_carry/IBEX_mini        2025-02-10 22:31:34.581134
dynamic_TF_carry/BRENT-LAST       2025-02-10 22:31:34.581367
dynamic_TF_carry/AUD              2025-02-10 22:31:34.581599
dynamic_TF_carry/EU-DJ-TELECOM    2025-02-10 22:31:34.581831
dynamic_TF_carry/EU-AUTO          2025-02-10 22:31:34.582060
dynamic_TF_carry/US-DISCRETE      2025-02-10 22:31:34.582291
dynamic_TF_carry/BTP              2025-02-10 22:31:34.582528
dynamic_TF_carry/CAD2             2025-02-10 22:31:34.582761
dynamic_TF_carry/COTTON           2025-02-10 22:31:34.582993
dynamic_TF_carry/RICE             2025-02-10 22:31:34.583224
dynamic_TF_carry/MXP              2025-02-10 22:31:34.583456
dynamic_TF_carry/EU-DJ-UTIL       2025-02-10 22:31:34.583686
dynamic_TF_carry/EURO600          2025-02-10 22:31:34.583916
dynamic_TF_carry/SOFR             2025-02-10 22:31:34.584147
dynamic_TF_carry/JP-REALESTATE    2025-02-10 22:31:34.584379
dynamic_TF_carry/BONO             2025-02-10 22:31:34.584610
dynamic_TF_carry/CRUDE_W_micro    2025-02-10 22:31:34.584840
dynamic_TF_carry/CZK              2025-02-10 22:31:34.585070
dynamic_TF_carry/CHINAA-CON       2025-02-10 22:31:34.585300
dynamic_TF_carry/STEEL            2025-02-10 22:31:34.585530
dynamic_TF_carry/HANG_mini        2025-02-10 22:31:34.585761
dynamic_TF_carry/V2X              2025-02-10 22:31:34.585991
dynamic_TF_carry/ROBUSTA          2025-02-10 22:31:34.586224
dynamic_TF_carry/CRUDE_W_mini     2025-02-10 22:31:34.586461
dynamic_TF_carry/MSCIASIA         2025-02-10 22:31:34.586690
dynamic_TF_carry/HOUSE-US         2025-02-10 22:31:34.587152
dynamic_TF_carry/BRENT_W          2025-02-10 22:31:34.587383
dynamic_TF_carry/MSCISING         2025-02-10 22:31:34.587615
dynamic_TF_carry/DX               2025-02-10 22:31:34.587845
dynamic_TF_carry/US-ENERGY        2025-02-10 22:31:34.588075
dynamic_TF_carry/GAS-PEN          2025-02-10 22:31:34.588308
dynamic_TF_carry/BBCOMM           2025-02-10 22:31:34.588539
dynamic_TF_carry/SPI200           2025-02-10 22:31:34.588770
dynamic_TF_carry/SWISSLEAD        2025-02-10 22:31:34.589002
dynamic_TF_carry/LEAD_LME         2025-02-10 22:31:34.589233
dynamic_TF_carry/CNH              2025-02-10 22:31:34.589464
dynamic_TF_carry/MSCIEAFA         2025-02-10 22:31:34.589697
dynamic_TF_carry/EU-RETAIL        2025-02-10 22:31:34.589929
dynamic_TF_carry/WHEY             2025-02-10 22:31:34.590160
dynamic_TF_carry/TWD              2025-02-10 22:31:34.590396
dynamic_TF_carry/KRWUSD           2025-02-10 22:31:34.590628
dynamic_TF_carry/FED              2025-02-10 22:31:34.590859
dynamic_TF_carry/EU-TRAVEL        2025-02-10 22:31:34.591090
dynamic_TF_carry/HANGENT_mini     2025-02-10 22:31:34.591320
dynamic_TF_carry/NASDAQ_micro     2025-02-10 22:31:34.591551
dynamic_TF_carry/SOYBEAN_mini     2025-02-10 22:31:34.591782
dynamic_TF_carry/EPRA-EUROPE      2025-02-10 22:31:34.592012
dynamic_TF_carry/COPPER           2025-02-10 22:31:34.592243
dynamic_TF_carry/CRUDE_ICE        2025-02-10 22:31:34.592472
dynamic_TF_carry/FTSECHINAA       2025-02-10 22:31:34.592702
dynamic_TF_carry/R1000            2025-02-10 22:31:34.592935
dynamic_TF_carry/ZINC_LME         2025-02-10 22:31:34.593166
dynamic_TF_carry/ETHANOL          2025-02-10 22:31:34.593396
dynamic_TF_carry/GILT             2025-02-10 22:31:34.593627
dynamic_TF_carry/MSCITAIWAN       2025-02-10 22:31:34.593857
dynamic_TF_carry/US10             2025-02-10 22:31:34.594089
dynamic_TF_carry/KOSPI            2025-02-10 22:31:34.594320
dynamic_TF_carry/AUDJPY           2025-02-10 22:31:34.594556
dynamic_TF_carry/EUROSTX200-LARGE 2025-02-10 22:31:34.594787
dynamic_TF_carry/GBPJPY           2025-02-10 22:31:34.595017
dynamic_TF_carry/HANGTECH         2025-02-10 22:31:34.595249
dynamic_TF_carry/NOK              2025-02-10 22:31:34.595480
dynamic_TF_carry/EU-HOUSE         2025-02-10 22:31:34.595712
dynamic_TF_carry/GBPEUR           2025-02-10 22:31:34.595945
dynamic_TF_carry/KOSPI_mini       2025-02-10 22:31:34.596176
dynamic_TF_carry/MILKDRY          2025-02-10 22:31:34.596407
dynamic_TF_carry/EURCAD           2025-02-10 22:31:34.596638
dynamic_TF_carry/NIKKEI400        2025-02-10 22:31:34.596870
dynamic_TF_carry/SMI              2025-02-10 22:31:34.597102
dynamic_TF_carry/US-MATERIAL      2025-02-10 22:31:34.597334
dynamic_TF_carry/COPPER_LME       2025-02-10 22:31:34.597796
dynamic_TF_carry/US10U            2025-02-10 22:31:34.598025
dynamic_TF_carry/BTP3             2025-02-10 22:31:34.598253
dynamic_TF_carry/FEEDCOW          2025-02-10 22:31:34.598485
dynamic_TF_carry/COFFEE           2025-02-10 22:31:34.598713
dynamic_TF_carry/EURAUD           2025-02-10 22:31:34.598943
dynamic_TF_carry/EURCHF           2025-02-10 22:31:34.599171
dynamic_TF_carry/SUGAR16          2025-02-10 22:31:34.599400
dynamic_TF_carry/COAL-GEORDIE     2025-02-10 22:31:34.599628
dynamic_TF_carry/LIVECOW          2025-02-10 22:31:34.599855
dynamic_TF_carry/GAS_US_mini      2025-02-10 22:31:34.600085
dynamic_TF_carry/COAL             2025-02-10 22:31:34.600313
dynamic_TF_carry/EUR_micro        2025-02-10 22:31:34.600542
dynamic_TF_carry/MILKWET          2025-02-10 22:31:34.600772
dynamic_TF_carry/PLAT             2025-02-10 22:31:34.601002
dynamic_TF_carry/FTSECHINAH       2025-02-10 22:31:34.601233
dynamic_TF_carry/DJSTX-SMALL      2025-02-10 22:31:34.601464
dynamic_TF_carry/EU-BASIC         2025-02-10 22:31:34.601924
dynamic_TF_carry/BUTTER           2025-02-10 22:31:34.602388
dynamic_TF_carry/SOYBEAN          2025-02-10 22:31:34.602620
dynamic_TF_carry/AEX              2025-02-10 22:31:34.602851
dynamic_TF_carry/EU-HEALTH        2025-02-10 22:31:34.603081
dynamic_TF_carry/CHEESE           2025-02-10 22:31:34.603313
dynamic_TF_carry/SGD              2025-02-10 22:31:34.603544
dynamic_TF_carry/ETHEREUM         2025-02-10 22:31:34.603775
dynamic_TF_carry/EUROSTX          2025-02-10 22:31:34.604007
dynamic_TF_carry/EU-REALESTATE    2025-02-10 22:31:34.604237
dynamic_TF_carry/ZAR              2025-02-10 22:31:34.604467
dynamic_TF_carry/SILVER           2025-02-10 22:31:34.604928
dynamic_TF_carry/OAT              2025-02-10 22:31:34.605158
dynamic_TF_carry/GASOIL           2025-02-10 22:31:34.605388
dynamic_TF_carry/EU-OIL           2025-02-10 22:31:34.605619
dynamic_TF_carry/CAD5             2025-02-10 22:31:34.605851
dynamic_TF_carry/VNKI             2025-02-10 22:31:34.606082
dynamic_TF_carry/EU-DIV30         2025-02-10 22:31:34.606312
dynamic_TF_carry/CAD              2025-02-10 22:31:34.606546
dynamic_TF_carry/US-STAPLES       2025-02-10 22:31:34.606776
dynamic_TF_carry/INR              2025-02-10 22:31:34.607007
dynamic_TF_carry/COCOA            2025-02-10 22:31:34.607236
dynamic_TF_carry/FTSEVIET         2025-02-10 22:31:34.607466
dynamic_TF_carry/MIB              2025-02-10 22:31:34.607696
dynamic_TF_carry/BITCOIN          2025-02-10 22:31:34.607927
dynamic_TF_carry/WHEAT_ICE        2025-02-10 22:31:34.608157
dynamic_TF_carry/EU-TECH          2025-02-10 22:31:34.608388
dynamic_TF_carry/SP500_micro      2025-02-10 22:31:34.608619
dynamic_TF_carry/MILK             2025-02-10 22:31:34.608852
dynamic_TF_carry/EURIBOR-ICE      2025-02-10 22:31:34.609082
dynamic_TF_carry/EU-CHEM          2025-02-10 22:31:34.609313
dynamic_TF_carry/US5              2025-02-10 22:31:34.609544
dynamic_TF_carry/CANOLA           2025-02-10 22:31:34.609772
dynamic_TF_carry/US2              2025-02-10 22:31:34.610003
dynamic_TF_carry/CORN             2025-02-10 22:31:34.610232
dynamic_TF_carry/LEANHOG          2025-02-10 22:31:34.610467
dynamic_TF_carry/RUBBER           2025-02-10 22:31:34.610700
dynamic_TF_carry/SOYOIL           2025-02-10 22:31:34.610931
dynamic_TF_carry/BUND             2025-02-10 22:31:34.611162
dynamic_TF_carry/COCOA_LDN        2025-02-10 22:31:34.611393
dynamic_TF_carry/TOPIX            2025-02-10 22:31:34.611625
dynamic_TF_carry/NIKKEI           2025-02-10 22:31:34.611855
dynamic_TF_carry/EUA              2025-02-10 22:31:34.612086
dynamic_TF_carry/KOSDAQ           2025-02-10 22:31:34.612317
dynamic_TF_carry/IG               2025-02-10 22:31:34.612550
dynamic_TF_carry/FTSEINDO         2025-02-10 22:31:34.612780
dynamic_TF_carry/SEK              2025-02-10 22:31:34.613010
dynamic_TF_carry/LUMBER-new       2025-02-10 22:31:34.613241
dynamic_TF_carry/MSCIEMASIA       2025-02-10 22:31:34.613473
dynamic_TF_carry/PALLAD           2025-02-10 22:31:34.613703
dynamic_TF_carry/HEATOIL          2025-02-10 22:31:34.613935
dynamic_TF_carry/SUGAR_WHITE      2025-02-10 22:31:34.614165
dynamic_TF_carry/EU-UTILS         2025-02-10 22:31:34.614399
dynamic_TF_carry/FTSE100          2025-02-10 22:31:34.614630
dynamic_TF_carry/KR10             2025-02-10 22:31:34.614862
dynamic_TF_carry/GASOILINE        2025-02-10 22:31:34.615095
dynamic_TF_carry/NZD              2025-02-10 22:31:34.615325
dynamic_TF_carry/MSCIWORLD        2025-02-10 22:31:34.615556
dynamic_TF_carry/TIN_LME          2025-02-10 22:31:34.615786
dynamic_TF_carry/FTSETAIWAN       2025-02-10 22:31:34.616016
dynamic_TF_carry/IRON             2025-02-10 22:31:34.616245
dynamic_TF_carry/KR3              2025-02-10 22:31:34.616475
dynamic_TF_carry/FANG             2025-02-10 22:31:34.616705
dynamic_TF_carry/BUXL             2025-02-10 22:31:34.617168
dynamic_TF_carry/EUROSTX-LARGE    2025-02-10 22:31:34.617400
dynamic_TF_carry/ALUMINIUM        2025-02-10 22:31:34.617631
dynamic_TF_carry/SP400            2025-02-10 22:31:34.617862
dynamic_TF_carry/US30             2025-02-10 22:31:34.618094
dynamic_TF_carry/AUD_micro        2025-02-10 22:31:34.618324
dynamic_TF_carry/CAD10            2025-02-10 22:31:34.618559
dynamic_TF_carry/EU-BANKS         2025-02-10 22:31:34.618790
dynamic_TF_carry/COPPER-micro     2025-02-10 22:31:34.619021
dynamic_TF_carry/EU-FOOD          2025-02-10 22:31:34.619292
dynamic_TF_carry/EU-CONSTRUCTION  2025-02-10 22:31:34.619761
dynamic_TF_carry/US-INDUSTRY      2025-02-10 22:31:34.619994
dynamic_TF_carry/US20             2025-02-10 22:31:34.620228
dynamic_TF_carry/OJ               2025-02-10 22:31:34.620461
dynamic_TF_carry/SOYMEAL          2025-02-10 22:31:34.620695
dynamic_TF_carry/CHFJPY           2025-02-10 22:31:34.620928
dynamic_TF_carry/GAS-LAST         2025-02-10 22:31:34.621161
dynamic_TF_carry/BOBL             2025-02-10 22:31:34.621394
dynamic_TF_carry/EU-MID           2025-02-10 22:31:34.621625
dynamic_TF_carry/EUR              2025-02-10 22:31:34.621858
dynamic_TF_carry/GICS             2025-02-10 22:31:34.622090
dynamic_TF_carry/DOW              2025-02-10 22:31:34.622562
dynamic_TF_carry/MILLWHEAT        2025-02-10 22:31:34.622795
dynamic_TF_carry/DAX              2025-02-10 22:31:34.623031
dynamic_TF_carry/COTTON2          2025-02-10 22:31:34.623498
dynamic_TF_carry/EU-INSURE        2025-02-10 22:31:34.623733
dynamic_TF_carry/IRS              2025-02-10 22:31:34.623966
dynamic_TF_carry/JGB-SGX-mini     2025-02-10 22:31:34.624198
dynamic_TF_carry/SUGAR11          2025-02-10 22:31:34.624430
dynamic_TF_carry/SARONA           2025-02-10 22:31:34.624662
dynamic_TF_carry/REDWHEAT         2025-02-10 22:31:34.624895
dynamic_TF_carry/VIX              2025-02-10 22:31:34.625127
dynamic_TF_carry/MUMMY            2025-02-10 22:31:34.625831
dynamic_TF_carry/EURIBOR          2025-02-10 22:31:34.626066
dynamic_TF_carry/NICKEL_LME       2025-02-10 22:31:34.626299
dynamic_TF_carry/WHEAT            2025-02-10 22:31:34.626537
dynamic_TF_carry/PLN              2025-02-10 22:31:34.626770
dynamic_TF_carry/GOLD_micro       2025-02-10 22:31:34.627003
dynamic_TF_carry/EUROSTX-SMALL    2025-02-10 22:31:34.627237
dynamic_TF_carry/HIGHYIELD        2025-02-10 22:31:34.627470
dynamic_TF_carry/SMI-MID          2025-02-10 22:31:34.627704
dynamic_TF_carry/JPY              2025-02-10 22:31:34.627937
dynamic_TF_carry/US3              2025-02-10 22:31:34.628171
dynamic_TF_carry/SONIA3           2025-02-10 22:31:34.628403
dynamic_TF_carry/EU-MEDIA         2025-02-10 22:31:34.628636
dynamic_TF_carry/CLP              2025-02-10 22:31:34.628868
dynamic_TF_carry/BOVESPA          2025-02-10 22:31:34.629101
dynamic_TF_carry/BRE              2025-02-10 22:31:34.629333
dynamic_TF_carry/CAC              2025-02-10 22:31:34.629566
dynamic_TF_carry/YENEUR           2025-02-10 22:31:34.629799
dynamic_TF_carry/RUSSELL          2025-02-10 22:31:34.630033
dynamic_TF_carry/US-UTILS         2025-02-10 22:31:34.630266
dynamic_TF_carry/JGB              2025-02-10 22:31:34.630502
dynamic_TF_carry/RUR              2025-02-10 22:31:34.630734
dynamic_TF_carry/FTSE250          2025-02-10 22:31:34.630966
dynamic_TF_carry/OATIES           2025-02-10 22:31:34.631200


======================================================================================================================
                                                Status of trade limits                                                
======================================================================================================================

                   period_days  trade_limit  trades_since_last_reset  trade_capacity_remaining   time_since_last_reset
 VIX                        30            5                      3.0                       2.0 25 days 07:56:16.123531
 OAT                        30            4                      1.0                       3.0 20 days 14:57:24.152463
 CAD                        14            4                      1.0                       3.0 12 days 07:57:26.257765
 US10U                      30            4                      1.0                       3.0 28 days 07:57:31.996752
 CORN                        1            4                      0.0                       4.0  0 days 00:00:00.000003
 EU-DJ-UTIL                  1            4                      0.0                       4.0  0 days 00:00:00.000001
 EU-DJ-TELECOM               1            4                      0.0                       4.0  0 days 00:00:00.000001
 EU-DJ-TECH                  1            4                      0.0                       4.0  0 days 00:00:00.000002
 EU-DJ-OIL                   1            4                      0.0                       4.0  0 days 00:00:00.000001
 EU-CONSTRUCTION             1            4                      0.0                       4.0  0 days 00:00:00.000001
 ETHANOL                     1            4                      0.0                       4.0  0 days 00:00:00.000002
 CZK                         1            4                      0.0                       4.0  0 days 00:00:00.000001
 COTTON                      1            4                      0.0                       4.0  0 days 00:00:00.000002
 CNH-onshore                 1            4                      0.0                       4.0  0 days 00:00:00.000001
 CLP                         1            4                      0.0                       4.0  0 days 00:00:00.000002
 CH10                        1            4                      0.0                       4.0  0 days 00:00:00.000002
 BUTTER                      1            4                      0.0                       4.0  0 days 00:00:00.000001
 BOVESPA                     1            4                      0.0                       4.0  0 days 00:00:00.000002
 BEL20                       1            4                      0.0                       4.0  0 days 00:00:00.000002
 ALUMINIUM                   1            4                      0.0                       4.0  0 days 00:00:00.000001
 YENEUR                     30            4                      0.0                       4.0  4 days 07:57:36.583765
 US30                       30            4                      0.0                       4.0  0 days 00:00:00.000001
 US3                        30            4                      0.0                       4.0  0 days 00:00:00.000002
 COPPER-mini                 1            4                      0.0                       4.0  0 days 00:00:00.000001
 EU-HOUSE                    1            4                      0.0                       4.0  0 days 00:00:00.000002
 EU-MID                      1            4                      0.0                       4.0  0 days 00:00:00.000001
 EU-REALESTATE               1            4                      0.0                       4.0  0 days 00:00:00.000002
 US-ENERGY                   1            4                      0.0                       4.0  0 days 00:00:00.000001
 US-DISCRETE                 1            4                      0.0                       4.0  0 days 00:00:00.000002
 SMI-MID                     1            4                      0.0                       4.0  0 days 00:00:00.000002
 SGX                         1            4                      0.0                       4.0  0 days 00:00:00.000001
 SGD                         1            4                      0.0                       4.0  0 days 00:00:00.000001
 OMX                         1            4                      0.0                       4.0  0 days 00:00:00.000002
 MSCIASIA                    1            4                      0.0                       4.0  0 days 00:00:00.000001
 MILKWET                     1            4                      0.0                       4.0  0 days 00:00:00.000001
 MILKDRY                     1            4                      0.0                       4.0  0 days 00:00:00.000002
 MID-DAX                     1            4                      0.0                       4.0  0 days 00:00:00.000002
 JP-REALESTATE               1            4                      0.0                       4.0  0 days 00:00:00.000001
 JGB-SGX-mini                1            4                      0.0                       4.0  0 days 00:00:00.000002
 IRS                         1            4                      0.0                       4.0  0 days 00:00:00.000001
 FTSEINDO                    1            4                      0.0                       4.0  0 days 00:00:00.000001
 EUROSTX200-LARGE            1            4                      0.0                       4.0  0 days 00:00:00.000001
 EUROSTX-SMALL               1            4                      0.0                       4.0  0 days 00:00:00.000002
 EUROSTX-LARGE               1            4                      0.0                       4.0  0 days 00:00:00.000001
 EURIBOR                     1            4                      0.0                       4.0  0 days 00:00:00.000001
 EURCHF                      1            4                      0.0                       4.0  0 days 00:00:00.000002
 EU-MEDIA                    1            4                      0.0                       4.0  0 days 00:00:00.000001
 SP400                      30            4                      0.0                       4.0  0 days 00:00:00.000002
 SEK                        30            4                      0.0                       4.0  0 days 00:00:00.000002
 NOK                        30            4                      0.0                       4.0  0 days 00:00:00.000001
 GBPEUR                     14            4                      0.0                       4.0  0 days 00:00:00.000002
 GAS-LAST                   14            4                      0.0                       4.0  0 days 00:00:00.000001
 FTSETAIWAN                 14            4                      0.0                       4.0 12 days 20:55:16.410340
 EU-TECH                    14            4                      0.0                       4.0  0 days 00:00:00.000002
 EU-CHEM                    14            4                      0.0                       4.0  0 days 00:00:00.000001
 ETHEREUM                   14            4                      0.0                       4.0  0 days 00:00:00.000002
 CNH                        14            4                      0.0                       4.0  0 days 00:00:00.000001
 BUXL                       14            4                      0.0                       4.0  0 days 00:00:00.000002
 BTP3                       14            4                      0.0                       4.0  0 days 00:00:00.000002
 BRENT-LAST                 14            4                      0.0                       4.0  0 days 00:00:00.000001
 BONO                       14            4                      0.0                       4.0  0 days 00:00:00.000002
 YENEUR                      1            4                      0.0                       4.0  0 days 00:00:00.000001
 US3                         1            4                      0.0                       4.0  0 days 00:00:00.000002
 US10U                       1            4                      0.0                       4.0  0 days 00:00:00.000002
 US-REALESTATE               1            4                      0.0                       4.0  0 days 00:00:00.000001
 TOPIX                       1            4                      0.0                       4.0  0 days 00:00:00.000001
 SP400                       1            4                      0.0                       4.0  0 days 00:00:00.000002
 SEK                         1            4                      0.0                       4.0  0 days 00:00:00.000001
 RUSSELL                     1            4                      0.0                       4.0  0 days 07:57:37.118199
 HEATOIL                    14            4                      0.0                       4.0  0 days 00:00:00.000001
 JGB                        14            4                      0.0                       4.0  0 days 00:00:00.000006
 ZAR                         1            4                      0.0                       4.0  0 days 00:00:00.000001
 NOK                        14            4                      0.0                       4.0  0 days 00:00:00.000001
 JGB                        30            4                      0.0                       4.0  0 days 00:00:00.000001
 HEATOIL                    30            4                      0.0                       4.0  0 days 00:00:00.000001
 GBPEUR                     30            4                      0.0                       4.0  0 days 00:00:00.000001
 GASOILINE                  30            4                      0.0                       4.0  0 days 00:00:00.000001
 GAS-LAST                   30            4                      0.0                       4.0  0 days 00:00:00.000001
 ETHEREUM                   30            4                      0.0                       4.0  0 days 00:00:00.000002
 CHF                        30            4                      0.0                       4.0  0 days 00:00:00.000002
 CAD                        30            6                      2.0                       4.0 20 days 07:57:34.992498
