
********************************************************************************
                   Status report produced on 18/04/2024 22:56                   
********************************************************************************


Delayed methods: No delays
Delayed adjusted / FX prices: No delays
Delayed optimal positions: No delays

==========================================================================================================
                                        Instruments at trade limit                                        
==========================================================================================================

       period_days  trade_limit  trades_since_last_reset  trade_capacity_remaining   time_since_last_reset
 PLAT           14            4                      4.0                       0.0 10 days 08:56:44.186025
 PLAT           30            4                      4.0                       0.0 10 days 08:56:44.186655
 BUND           30            4                      4.0                       0.0 29 days 12:30:58.298687


================================================
         Instruments at position limit          
================================================

                 keys  position pos_limit  spare
125          SGD_mini         0       0.0    0.0
144               CLP         0       0.0    0.0
143            EURCHF         0       0.0    0.0
141            EURAUD         0       0.0    0.0
134               RUR         0       0.0    0.0
133            CHFJPY         0       0.0    0.0
225             R1000         0       0.0    0.0
226              GICS         0       0.0    0.0
129           MILKWET         0       0.0    0.0
126            COTTON         0       0.0    0.0
122        EU-DJ-TECH         0       0.0    0.0
119             STEEL         0       0.0    0.0
116       EPRA-EUROPE         0       0.0    0.0
101         EU-TRAVEL         0       0.0    0.0
92                SEK         0       0.0    0.0
80                PLN         0       0.0    0.0
76                CZK         0       0.0    0.0
75               WHEY         0       0.0    0.0
72            MILKDRY         0       0.0    0.0
70             AUDJPY         0       0.0    0.0
68       COAL-GEORDIE         0       0.0    0.0
66      EU-DJ-TELECOM         0       0.0    0.0
63           EU-HOUSE         0       0.0    0.0
60           JPY_mini         0       0.0    0.0
147   EU-CONSTRUCTION         0       0.0    0.0
150           US-TECH         0       0.0    0.0
154          HOUSE-US         0       0.0    0.0
157             SP400         0       0.0    0.0
215          ETHEREUM         0       0.0    0.0
212               MIB         1       1.0    0.0
211          AEX_mini         0       0.0    0.0
210       COPPER-mini         0       0.0    0.0
208            BUTTER         0       0.0    0.0
204                IG         0       0.0    0.0
203               SGX         0       0.0    0.0
220         HIGHYIELD         0       0.0    0.0
199               NOK         0       0.0    0.0
198            NASDAQ         0       0.0    0.0
197        COPPER_LME         0       0.0    0.0
56      EUROSTX-LARGE         0       0.0    0.0
195       CNH-onshore         0       0.0    0.0
187           GAS-PEN        -1       1.0    0.0
182              BUXL        -1       1.0    0.0
181               JGB         0       0.0    0.0
178               OMX         0       0.0    0.0
177           EU-CHEM         0       0.0    0.0
176       HEATOIL-ICE         0       0.0    0.0
175               IRS         0       0.0    0.0
173         CHF_micro         0       0.0    0.0
171            KRWUSD         0       0.0    0.0
166              US30        -1       1.0    0.0
164               TWD         0       0.0    0.0
193         EU-RETAIL         0       0.0    0.0
241  EUROSTX200-LARGE         0       0.0    0.0
109            EURCAD         0       0.0    0.0
16               COAL         0       0.0    0.0
247           TIN_LME         0       0.0    0.0
26               CH10         0       0.0    0.0
10             YENEUR         2       2.0    0.0
46               BUND        -3       3.0    0.0
15           EU-MEDIA         0       0.0    0.0
8                 CHF        -3       3.0    0.0
29            SMI-MID         0       0.0    0.0
30          SWISSLEAD         0       0.0    0.0
25    GASOILINE_micro         0       0.0    0.0
41           TWD-mini         0       0.0    0.0
6              PALLAD         0       0.0    0.0
50               VNKI         0       0.0    0.0
5             BOVESPA         0       0.0    0.0
4              GBPJPY         0       0.0    0.0
14            ETHANOL         0       0.0    0.0
20              COCOA         1       1.0    0.0
22           JGB-mini         0       0.0    0.0


=========================================================
         Overrides in database consider deleting         
=========================================================

                                                 override
STEEL            Override Reduce only because in database
COPPER-mini      Override Reduce only because in database
NICKEL_LME             Override Close because in database
GASOILINE_micro  Override Reduce only because in database
CORN_mini        Override Reduce only because in database
CRUDE_W_mini     Override Reduce only because in database
COAL-GEORDIE     Override Reduce only because in database
SUGAR16          Override Reduce only because in database
INR              Override Reduce only because in database
FTSEVIET         Override Reduce only because in database
FTSEINDO         Override Reduce only because in database
OATIES           Override Reduce only because in database
FTSETAIWAN       Override Reduce only because in database
COTTON           Override Reduce only because in database
BRENT-LAST       Override Reduce only because in database
COAL             Override Reduce only because in database
SGX              Override Reduce only because in database
VNKI             Override Reduce only because in database
ETHANOL          Override Reduce only because in database
MSCISING         Override Reduce only because in database
CHEESE           Override Reduce only because in database
GAS-PEN          Override Reduce only because in database
HANG             Override Reduce only because in database
GAS-LAST         Override Reduce only because in database
WHEY             Override Reduce only because in database
CLP              Override Reduce only because in database
MSCITAIWAN       Override Reduce only because in database
RICE             Override Reduce only because in database
HANGTECH         Override Reduce only because in database
HANGENT          Override Reduce only because in database

Locked instruments (position mismatch): []

==============================================
Status of adjusted price / FX price collection
==============================================

                         last_update
SGX              2024-04-15 23:00:00
TWD              2024-04-15 23:00:01
CNH-onshore      2024-04-15 23:00:01
GAS-PEN*         2024-04-16 23:00:00
EURAUD           2024-04-16 23:00:00
ETHANOL          2024-04-16 23:00:00
GASOILINE_micro  2024-04-16 23:00:00
GBPJPY           2024-04-16 23:00:00
CZK              2024-04-16 23:00:00
HOUSE-US         2024-04-16 23:00:00
IRS              2024-04-16 23:00:00
CLP              2024-04-16 23:00:00
CHFJPY           2024-04-16 23:00:00
MSCIWORLD        2024-04-16 23:00:00
OMX              2024-04-16 23:00:00
RUR              2024-04-16 23:00:00
COTTON           2024-04-16 23:00:00
BB3M             2024-04-16 23:00:00
SWISSLEAD        2024-04-16 23:00:00
BOVESPA          2024-04-16 23:00:01
NICKEL_LME       2024-04-17 08:00:01
EU-RETAIL        2024-04-17 11:00:00
COAL-GEORDIE     2024-04-17 12:00:00
EU-DJ-UTIL       2024-04-17 12:00:00
EURIBOR          2024-04-17 13:00:00
EU-DJ-OIL        2024-04-17 14:00:00
EUROSTX-LARGE    2024-04-17 15:00:00
HEATOIL-ICE      2024-04-17 15:00:00
CRUDE_ICE        2024-04-17 15:00:00
WHEAT_ICE        2024-04-17 15:00:00
GILT             2024-04-17 15:00:00
AUDJPY           2024-04-17 15:00:00
EUROSTX-SMALL    2024-04-17 15:00:00
EPRA-EUROPE      2024-04-17 15:00:00
GASOIL           2024-04-17 15:00:00
FTSE250          2024-04-17 15:00:00
EU-REALESTATE    2024-04-17 15:00:00
EU-CHEM          2024-04-17 15:00:00
EU-MID           2024-04-17 15:00:00
EU-MEDIA         2024-04-17 15:00:00
EU-DJ-TELECOM    2024-04-17 15:00:00
GASOILINE_ICE    2024-04-17 15:00:00
EUA              2024-04-17 15:00:00
EU-HOUSE         2024-04-17 15:00:00
BONO             2024-04-17 15:00:00
EURIBOR-ICE      2024-04-17 15:00:00
BRENT_W          2024-04-17 15:00:00
COCOA_LDN        2024-04-17 15:00:00
MIB*             2024-04-17 15:00:00
COAL             2024-04-17 15:00:00
FTSE100          2024-04-17 15:00:00
MILLWHEAT*       2024-04-17 15:00:00
SARONA           2024-04-17 15:00:00
EUROSTX200-LARGE 2024-04-17 15:00:00
ROBUSTA          2024-04-17 15:00:00
SONIA3           2024-04-17 15:00:00
MSCIASIA         2024-04-17 15:00:00
CH10             2024-04-17 15:00:00
SUGAR_WHITE      2024-04-17 15:00:00
ALUMINIUM_LME    2024-04-17 15:00:01
IBEX_mini        2024-04-17 15:00:01
ZINC_LME         2024-04-17 15:00:01
AEX_mini         2024-04-17 15:00:01
IBEX             2024-04-17 15:00:01
LEAD_LME         2024-04-17 15:00:01
TIN_LME          2024-04-17 15:00:01
COPPER_LME       2024-04-17 15:00:01
EU-TECH*         2024-04-17 16:00:00
EURCAD           2024-04-17 16:00:00
EU-TRAVEL        2024-04-17 16:00:00
EU-UTILS         2024-04-17 16:00:00
EU-OIL           2024-04-17 16:00:00
EURO600          2024-04-17 16:00:00
EU-INSURE        2024-04-17 16:00:00
EUROSTX          2024-04-17 16:00:00
BTP3             2024-04-17 16:00:00
EU-FOOD          2024-04-17 16:00:00
BUND*            2024-04-17 16:00:00
SMI              2024-04-17 16:00:00
BUXL*            2024-04-17 16:00:00
SHATZ            2024-04-17 16:00:00
SMI-MID          2024-04-17 16:00:00
OAT              2024-04-17 16:00:00
BOBL             2024-04-17 16:00:00
SUGAR16          2024-04-17 16:00:00
EU-HEALTH        2024-04-17 16:00:00
V2X              2024-04-17 16:00:00
DAX              2024-04-17 16:00:00
BTP              2024-04-17 16:00:00
EU-AUTO          2024-04-17 16:00:00
EU-BANKS         2024-04-17 16:00:00
EU-BASIC*        2024-04-17 16:00:00
EU-CONSTRUCTION  2024-04-17 16:00:00
EU-DIV30         2024-04-17 16:00:00
EU-DJ-TECH       2024-04-17 16:00:00
GICS             2024-04-17 16:00:00
DJSTX-SMALL      2024-04-17 16:00:00
AEX              2024-04-17 16:00:01
CAC              2024-04-17 16:00:01
IG               2024-04-17 17:00:00
SUGAR11          2024-04-17 17:00:00
STEEL            2024-04-17 17:00:00
MILKDRY          2024-04-17 17:00:00
COCOA*           2024-04-17 18:00:00
ALUMINIUM        2024-04-17 18:00:00
COFFEE           2024-04-17 18:00:00
GBPCHF           2024-04-17 18:00:00
OJ               2024-04-17 18:00:00
BUTTER           2024-04-17 18:00:01
WHEAT            2024-04-17 19:00:00
KRWUSD           2024-04-17 19:00:00
CAD10            2024-04-17 19:00:00
COTTON2*         2024-04-17 19:00:00
CORN_mini        2024-04-17 19:00:00
LEANHOG          2024-04-17 19:00:00
CORN*            2024-04-17 19:00:00
CANOLA           2024-04-17 19:00:00
OATIES           2024-04-17 19:00:00
CAD5             2024-04-17 19:00:00
RICE             2024-04-17 19:00:00
REDWHEAT         2024-04-17 19:00:00
R1000            2024-04-17 19:00:00
HIGHYIELD        2024-04-17 19:00:00
LIVECOW*         2024-04-17 19:00:00
SOYBEAN_mini     2024-04-17 19:00:00
GAS-LAST         2024-04-17 19:00:00
SOYMEAL          2024-04-17 19:00:00
GBPEUR           2024-04-17 19:00:00
SOYOIL*          2024-04-17 19:00:00
GAS_US_mini*     2024-04-17 19:00:00
FANG             2024-04-17 19:00:00
FEEDCOW          2024-04-17 19:00:00
CHEESE           2024-04-17 19:00:00
ETHER-micro      2024-04-17 19:00:00
SOYBEAN          2024-04-17 19:00:00
WHEY             2024-04-17 19:00:00
BBCOMM           2024-04-17 19:00:00
WHEAT_mini       2024-04-17 19:00:01
MILKWET          2024-04-17 19:00:01
MXP*             2024-04-17 20:00:00
NASDAQ           2024-04-17 20:00:00
CAD_micro        2024-04-17 20:00:00
NZD              2024-04-17 20:00:00
US-MATERIAL      2024-04-17 20:00:00
US-INDUSTRY      2024-04-17 20:00:00
NOK              2024-04-17 20:00:00
NASDAQ_micro     2024-04-17 20:00:00
PALLAD           2024-04-17 20:00:00
RUSSELL_mini     2024-04-17 20:00:00
PLN              2024-04-17 20:00:00
US-ENERGY        2024-04-17 20:00:00
AUD              2024-04-17 20:00:00
AUD_micro        2024-04-17 20:00:00
BITCOIN          2024-04-17 20:00:00
US-FINANCE       2024-04-17 20:00:00
SP500_micro*     2024-04-17 20:00:00
SP500            2024-04-17 20:00:00
SP400            2024-04-17 20:00:00
SOFR             2024-04-17 20:00:00
BRENT-LAST       2024-04-17 20:00:00
SILVER           2024-04-17 20:00:00
CAD              2024-04-17 20:00:00
SEK              2024-04-17 20:00:00
US-PROPERTY      2024-04-17 20:00:00
RUSSELL          2024-04-17 20:00:00
CAD2             2024-04-17 20:00:00
US-HEALTH        2024-04-17 20:00:00
PLAT*            2024-04-17 20:00:00
CHF*             2024-04-17 20:00:00
EUR_micro        2024-04-17 20:00:00
US-STAPLES       2024-04-17 20:00:00
HEATOIL          2024-04-17 20:00:00
VIX*             2024-04-17 20:00:00
US-REALESTATE    2024-04-17 20:00:00
CRUDE_W          2024-04-17 20:00:00
GOLD_micro*      2024-04-17 20:00:00
GOLD-mini        2024-04-17 20:00:00
GOLD             2024-04-17 20:00:00
CRUDE_W_micro*   2024-04-17 20:00:00
CRUDE_W_mini     2024-04-17 20:00:00
GBP_micro        2024-04-17 20:00:00
DOW              2024-04-17 20:00:00
GBP              2024-04-17 20:00:00
GAS_US           2024-04-17 20:00:00
DOW_mini         2024-04-17 20:00:00
DX               2024-04-17 20:00:00
GASOILINE        2024-04-17 20:00:00
YENEUR*          2024-04-17 20:00:00
EUR              2024-04-17 20:00:00
EUR_mini         2024-04-17 20:00:00
COPPER-mini      2024-04-17 20:00:00
INR              2024-04-17 20:00:00
US-DISCRETE      2024-04-17 20:00:00
COPPER           2024-04-17 20:00:00
MSCIEMASIA       2024-04-17 20:00:00
MSCIEAFA         2024-04-17 20:00:00
CHF_micro        2024-04-17 20:00:00
ZAR              2024-04-17 20:00:00
MILK             2024-04-17 20:00:00
EURCHF           2024-04-17 20:00:00
LUMBER-new       2024-04-17 20:00:00
US-TECH          2024-04-17 20:00:00
COPPER-micro     2024-04-17 20:00:00
US10             2024-04-17 20:00:00
US10U            2024-04-17 20:00:00
US-UTILS         2024-04-17 20:00:00
US2*             2024-04-17 20:00:00
US20             2024-04-17 20:00:00
JPY_mini         2024-04-17 20:00:00
JPY*             2024-04-17 20:00:00
US3*             2024-04-17 20:00:00
US5              2024-04-17 20:00:00
US30*            2024-04-17 20:00:00
FED              2024-04-17 20:00:01
ETHEREUM         2024-04-17 20:00:01
VIX_mini         2024-04-17 20:00:01
BRE              2024-04-17 20:00:01
FTSECHINAH       2024-04-17 23:00:00
JGB-mini         2024-04-17 23:00:00
SGD              2024-04-17 23:00:00
FTSEVIET         2024-04-17 23:00:00
TWD-mini         2024-04-17 23:00:00
VNKI             2024-04-18 02:00:00
SGD_mini         2024-04-18 03:00:00
HANGTECH         2024-04-18 04:00:00
SPI200*          2024-04-18 04:00:00
CHINAA-CON*      2024-04-18 04:00:00
FTSEINDO         2024-04-18 04:00:00
HANG             2024-04-18 04:00:00
HANGENT          2024-04-18 04:00:00
HANG_mini*       2024-04-18 04:00:00
JGB-SGX-mini     2024-04-18 04:00:00
KR3              2024-04-18 04:00:00
HANGENT_mini     2024-04-18 04:00:00
RUBBER           2024-04-18 04:00:00
MSCITAIWAN       2024-04-18 04:00:00
KR10             2024-04-18 05:00:00
CNH              2024-04-18 05:00:00
FTSECHINAA       2024-04-18 05:00:00
KRWUSD_mini      2024-04-18 05:00:00
FTSETAIWAN       2024-04-18 05:00:00
NIKKEI*          2024-04-18 05:00:00
MUMMY            2024-04-18 05:00:00
TOPIX            2024-04-18 05:00:00
NIKKEI400        2024-04-18 05:00:00
IRON*            2024-04-18 05:00:00
JGB              2024-04-18 05:00:00
MSCISING*        2024-04-18 05:00:00
JP-REALESTATE    2024-04-18 05:00:00
KOSDAQ*          2024-04-18 05:00:00
KOSPI            2024-04-18 05:00:00
KOSPI_mini       2024-04-18 05:00:00
JPYUSD           2024-04-18 23:00:00
CNHUSD           2024-04-18 23:00:00
AUDUSD           2024-04-18 23:00:00
KRWUSD           2024-04-18 23:00:00
CHFUSD           2024-04-18 23:00:00
SGDUSD           2024-04-18 23:00:00
MXPUSD           2024-04-18 23:00:00
CADUSD           2024-04-18 23:00:00
GBPUSD           2024-04-18 23:00:00
HKDUSD           2024-04-18 23:00:00
EURUSD           2024-04-18 23:00:00
SEKUSD           2024-04-18 23:00:00


============================================================
           Status of optimal position generation            
============================================================

                                                 last_update
dynamic_TF_carry/EUA              2024-04-18 22:31:24.431675
dynamic_TF_carry/NZD              2024-04-18 22:31:24.431903
dynamic_TF_carry/SMI-MID          2024-04-18 22:31:24.432118
dynamic_TF_carry/RICE             2024-04-18 22:31:24.432331
dynamic_TF_carry/GBP              2024-04-18 22:31:24.432543
dynamic_TF_carry/EU-OIL           2024-04-18 22:31:24.432753
dynamic_TF_carry/EU-HEALTH        2024-04-18 22:31:24.432963
dynamic_TF_carry/SOYOIL           2024-04-18 22:31:24.433171
dynamic_TF_carry/FEEDCOW          2024-04-18 22:31:24.433383
dynamic_TF_carry/HANGTECH         2024-04-18 22:31:24.433592
dynamic_TF_carry/US2              2024-04-18 22:31:24.434007
dynamic_TF_carry/US5              2024-04-18 22:31:24.434215
dynamic_TF_carry/EU-DJ-TELECOM    2024-04-18 22:31:24.434422
dynamic_TF_carry/KR10             2024-04-18 22:31:24.434630
dynamic_TF_carry/EURCAD           2024-04-18 22:31:24.434838
dynamic_TF_carry/KR3              2024-04-18 22:31:24.435044
dynamic_TF_carry/GAS-PEN          2024-04-18 22:31:24.435252
dynamic_TF_carry/BUTTER           2024-04-18 22:31:24.435458
dynamic_TF_carry/OJ               2024-04-18 22:31:24.435665
dynamic_TF_carry/NIKKEI           2024-04-18 22:31:24.435872
dynamic_TF_carry/HEATOIL          2024-04-18 22:31:24.436079
dynamic_TF_carry/MILKWET          2024-04-18 22:31:24.436286
dynamic_TF_carry/SOYBEAN          2024-04-18 22:31:24.436492
dynamic_TF_carry/GBPCHF           2024-04-18 22:31:24.436700
dynamic_TF_carry/R1000            2024-04-18 22:31:24.436906
dynamic_TF_carry/EUROSTX-LARGE    2024-04-18 22:31:24.437113
dynamic_TF_carry/EU-CONSTRUCTION  2024-04-18 22:31:24.437322
dynamic_TF_carry/EPRA-EUROPE      2024-04-18 22:31:24.437530
dynamic_TF_carry/MIB              2024-04-18 22:31:24.437737
dynamic_TF_carry/NICKEL_LME       2024-04-18 22:31:24.437944
dynamic_TF_carry/DOW              2024-04-18 22:31:24.438150
dynamic_TF_carry/MSCISING         2024-04-18 22:31:24.438357
dynamic_TF_carry/MUMMY            2024-04-18 22:31:24.438564
dynamic_TF_carry/BOBL             2024-04-18 22:31:24.438771
dynamic_TF_carry/ZINC_LME         2024-04-18 22:31:24.438978
dynamic_TF_carry/MSCIASIA         2024-04-18 22:31:24.439186
dynamic_TF_carry/MILK             2024-04-18 22:31:24.439393
dynamic_TF_carry/MSCITAIWAN       2024-04-18 22:31:24.439600
dynamic_TF_carry/JGB              2024-04-18 22:31:24.439807
dynamic_TF_carry/RUR              2024-04-18 22:31:24.440014
dynamic_TF_carry/IRS              2024-04-18 22:31:24.440222
dynamic_TF_carry/US-MATERIAL      2024-04-18 22:31:24.440429
dynamic_TF_carry/LIVECOW          2024-04-18 22:31:24.440635
dynamic_TF_carry/IRON             2024-04-18 22:31:24.440842
dynamic_TF_carry/SOYBEAN_mini     2024-04-18 22:31:24.441050
dynamic_TF_carry/GAS-LAST         2024-04-18 22:31:24.441257
dynamic_TF_carry/KOSPI            2024-04-18 22:31:24.441467
dynamic_TF_carry/CHEESE           2024-04-18 22:31:24.441674
dynamic_TF_carry/FANG             2024-04-18 22:31:24.441881
dynamic_TF_carry/EU-REALESTATE    2024-04-18 22:31:24.442088
dynamic_TF_carry/DX               2024-04-18 22:31:24.442297
dynamic_TF_carry/CAC              2024-04-18 22:31:24.442919
dynamic_TF_carry/US-INDUSTRY      2024-04-18 22:31:24.443127
dynamic_TF_carry/MSCIEAFA         2024-04-18 22:31:24.443334
dynamic_TF_carry/EUR              2024-04-18 22:31:24.443541
dynamic_TF_carry/COCOA            2024-04-18 22:31:24.443749
dynamic_TF_carry/CAD2             2024-04-18 22:31:24.443956
dynamic_TF_carry/LUMBER-new       2024-04-18 22:31:24.444163
dynamic_TF_carry/EU-HOUSE         2024-04-18 22:31:24.444369
dynamic_TF_carry/SOYMEAL          2024-04-18 22:31:24.444576
dynamic_TF_carry/FTSEINDO         2024-04-18 22:31:24.444783
dynamic_TF_carry/EU-MEDIA         2024-04-18 22:31:24.444989
dynamic_TF_carry/WHEAT            2024-04-18 22:31:24.445196
dynamic_TF_carry/SP400            2024-04-18 22:31:24.445410
dynamic_TF_carry/YENEUR           2024-04-18 22:31:24.445618
dynamic_TF_carry/US-TECH          2024-04-18 22:31:24.445827
dynamic_TF_carry/OMX              2024-04-18 22:31:24.446036
dynamic_TF_carry/EUR_micro        2024-04-18 22:31:24.446242
dynamic_TF_carry/ETHANOL          2024-04-18 22:31:24.446450
dynamic_TF_carry/BRENT-LAST       2024-04-18 22:31:24.446656
dynamic_TF_carry/EU-DIV30         2024-04-18 22:31:24.446864
dynamic_TF_carry/EU-DJ-UTIL       2024-04-18 22:31:24.447072
dynamic_TF_carry/CORN             2024-04-18 22:31:24.447279
dynamic_TF_carry/VNKI             2024-04-18 22:31:24.447487
dynamic_TF_carry/BITCOIN          2024-04-18 22:31:24.447696
dynamic_TF_carry/RUSSELL          2024-04-18 22:31:24.447907
dynamic_TF_carry/JGB-SGX-mini     2024-04-18 22:31:24.448117
dynamic_TF_carry/GOLD_micro       2024-04-18 22:31:24.448325
dynamic_TF_carry/DJSTX-SMALL      2024-04-18 22:31:24.448534
dynamic_TF_carry/CAD10            2024-04-18 22:31:24.448740
dynamic_TF_carry/SUGAR16          2024-04-18 22:31:24.448948
dynamic_TF_carry/GBPEUR           2024-04-18 22:31:24.449155
dynamic_TF_carry/GAS_US_mini      2024-04-18 22:31:24.449365
dynamic_TF_carry/GILT             2024-04-18 22:31:24.449573
dynamic_TF_carry/SPI200           2024-04-18 22:31:24.449780
dynamic_TF_carry/US10U            2024-04-18 22:31:24.449988
dynamic_TF_carry/COPPER           2024-04-18 22:31:24.450196
dynamic_TF_carry/LEANHOG          2024-04-18 22:31:24.450404
dynamic_TF_carry/GICS             2024-04-18 22:31:24.450614
dynamic_TF_carry/US-UTILS         2024-04-18 22:31:24.450822
dynamic_TF_carry/EU-AUTO          2024-04-18 22:31:24.451030
dynamic_TF_carry/NIKKEI400        2024-04-18 22:31:24.451240
dynamic_TF_carry/COAL             2024-04-18 22:31:24.451446
dynamic_TF_carry/US-REALESTATE    2024-04-18 22:31:24.451653
dynamic_TF_carry/BRENT_W          2024-04-18 22:31:24.451861
dynamic_TF_carry/ALUMINIUM        2024-04-18 22:31:24.452068
dynamic_TF_carry/CLP              2024-04-18 22:31:24.452276
dynamic_TF_carry/ZAR              2024-04-18 22:31:24.452482
dynamic_TF_carry/AUDJPY           2024-04-18 22:31:24.452690
dynamic_TF_carry/BRE              2024-04-18 22:31:24.452898
dynamic_TF_carry/ROBUSTA          2024-04-18 22:31:24.453105
dynamic_TF_carry/US-DISCRETE      2024-04-18 22:31:24.453314
dynamic_TF_carry/CZK              2024-04-18 22:31:24.453522
dynamic_TF_carry/EU-BASIC         2024-04-18 22:31:24.453731
dynamic_TF_carry/COAL-GEORDIE     2024-04-18 22:31:24.453940
dynamic_TF_carry/KOSPI_mini       2024-04-18 22:31:24.454147
dynamic_TF_carry/BUND             2024-04-18 22:31:24.454356
dynamic_TF_carry/EURO600          2024-04-18 22:31:24.454566
dynamic_TF_carry/COCOA_LDN        2024-04-18 22:31:24.454773
dynamic_TF_carry/CANOLA           2024-04-18 22:31:24.454980
dynamic_TF_carry/TIN_LME          2024-04-18 22:31:24.455190
dynamic_TF_carry/MILLWHEAT        2024-04-18 22:31:24.455604
dynamic_TF_carry/WHEY             2024-04-18 22:31:24.455812
dynamic_TF_carry/EU-FOOD          2024-04-18 22:31:24.456019
dynamic_TF_carry/DAX              2024-04-18 22:31:24.456228
dynamic_TF_carry/FTSETAIWAN       2024-04-18 22:31:24.456435
dynamic_TF_carry/OATIES           2024-04-18 22:31:24.456643
dynamic_TF_carry/PLN              2024-04-18 22:31:24.456850
dynamic_TF_carry/SHATZ            2024-04-18 22:31:24.457058
dynamic_TF_carry/EURIBOR-ICE      2024-04-18 22:31:24.457265
dynamic_TF_carry/ETHEREUM         2024-04-18 22:31:24.457475
dynamic_TF_carry/INR              2024-04-18 22:31:24.457684
dynamic_TF_carry/HIGHYIELD        2024-04-18 22:31:24.457890
dynamic_TF_carry/KRWUSD           2024-04-18 22:31:24.458097
dynamic_TF_carry/EU-RETAIL        2024-04-18 22:31:24.458304
dynamic_TF_carry/US10             2024-04-18 22:31:24.458512
dynamic_TF_carry/EUROSTX200-LARGE 2024-04-18 22:31:24.458720
dynamic_TF_carry/BTP              2024-04-18 22:31:24.458926
dynamic_TF_carry/US-STAPLES       2024-04-18 22:31:24.459133
dynamic_TF_carry/HANGENT_mini     2024-04-18 22:31:24.459340
dynamic_TF_carry/BONO             2024-04-18 22:31:24.459548
dynamic_TF_carry/REDWHEAT         2024-04-18 22:31:24.459755
dynamic_TF_carry/COPPER-micro     2024-04-18 22:31:24.459962
dynamic_TF_carry/EU-MID           2024-04-18 22:31:24.460169
dynamic_TF_carry/FED              2024-04-18 22:31:24.460376
dynamic_TF_carry/JPY              2024-04-18 22:31:24.460583
dynamic_TF_carry/CHFJPY           2024-04-18 22:31:24.460791
dynamic_TF_carry/SARONA           2024-04-18 22:31:24.460997
dynamic_TF_carry/JP-REALESTATE    2024-04-18 22:31:24.461205
dynamic_TF_carry/IBEX_mini        2024-04-18 22:31:24.461415
dynamic_TF_carry/SEK              2024-04-18 22:31:24.461622
dynamic_TF_carry/SONIA3           2024-04-18 22:31:24.461830
dynamic_TF_carry/FTSEVIET         2024-04-18 22:31:24.462037
dynamic_TF_carry/SP500_micro      2024-04-18 22:31:24.462244
dynamic_TF_carry/BB3M             2024-04-18 22:31:24.462451
dynamic_TF_carry/BBCOMM           2024-04-18 22:31:24.462659
dynamic_TF_carry/GASOIL           2024-04-18 22:31:24.462865
dynamic_TF_carry/BOVESPA          2024-04-18 22:31:24.463073
dynamic_TF_carry/COFFEE           2024-04-18 22:31:24.463280
dynamic_TF_carry/IG               2024-04-18 22:31:24.463488
dynamic_TF_carry/SILVER           2024-04-18 22:31:24.463695
dynamic_TF_carry/CH10             2024-04-18 22:31:24.463902
dynamic_TF_carry/V2X              2024-04-18 22:31:24.464109
dynamic_TF_carry/HANG_mini        2024-04-18 22:31:24.464316
dynamic_TF_carry/TOPIX            2024-04-18 22:31:24.464524
dynamic_TF_carry/BUXL             2024-04-18 22:31:24.464731
dynamic_TF_carry/EURAUD           2024-04-18 22:31:24.464937
dynamic_TF_carry/AUD_micro        2024-04-18 22:31:24.465145
dynamic_TF_carry/US3              2024-04-18 22:31:24.465353
dynamic_TF_carry/GASOILINE        2024-04-18 22:31:24.465767
dynamic_TF_carry/US20             2024-04-18 22:31:24.465974
dynamic_TF_carry/MILKDRY          2024-04-18 22:31:24.466183
dynamic_TF_carry/FTSECHINAH       2024-04-18 22:31:24.466391
dynamic_TF_carry/SGD              2024-04-18 22:31:24.466601
dynamic_TF_carry/EU-INSURE        2024-04-18 22:31:24.466809
dynamic_TF_carry/CRUDE_W_micro    2024-04-18 22:31:24.467018
dynamic_TF_carry/NOK              2024-04-18 22:31:24.467226
dynamic_TF_carry/OAT              2024-04-18 22:31:24.467434
dynamic_TF_carry/EUROSTX          2024-04-18 22:31:24.467642
dynamic_TF_carry/SUGAR_WHITE      2024-04-18 22:31:24.467849
dynamic_TF_carry/EURIBOR          2024-04-18 22:31:24.468057
dynamic_TF_carry/LEAD_LME         2024-04-18 22:31:24.468264
dynamic_TF_carry/SMI              2024-04-18 22:31:24.468471
dynamic_TF_carry/CRUDE_W_mini     2024-04-18 22:31:24.468678
dynamic_TF_carry/EURCHF           2024-04-18 22:31:24.468886
dynamic_TF_carry/RUBBER           2024-04-18 22:31:24.469093
dynamic_TF_carry/EU-UTILS         2024-04-18 22:31:24.469303
dynamic_TF_carry/VIX              2024-04-18 22:31:24.469509
dynamic_TF_carry/EU-CHEM          2024-04-18 22:31:24.469718
dynamic_TF_carry/SUGAR11          2024-04-18 22:31:24.469925
dynamic_TF_carry/CHF              2024-04-18 22:31:24.470133
dynamic_TF_carry/CAD              2024-04-18 22:31:24.470339
dynamic_TF_carry/EU-TRAVEL        2024-04-18 22:31:24.470546
dynamic_TF_carry/AEX              2024-04-18 22:31:24.470754
dynamic_TF_carry/EU-TECH          2024-04-18 22:31:24.470962
dynamic_TF_carry/AUD              2024-04-18 22:31:24.471168
dynamic_TF_carry/COTTON2          2024-04-18 22:31:24.471375
dynamic_TF_carry/COPPER_LME       2024-04-18 22:31:24.471581
dynamic_TF_carry/US-ENERGY        2024-04-18 22:31:24.471787
dynamic_TF_carry/STEEL            2024-04-18 22:31:24.471994
dynamic_TF_carry/CAD5             2024-04-18 22:31:24.472199
dynamic_TF_carry/COTTON           2024-04-18 22:31:24.472405
dynamic_TF_carry/SWISSLEAD        2024-04-18 22:31:24.472610
dynamic_TF_carry/EU-BANKS         2024-04-18 22:31:24.472818
dynamic_TF_carry/PALLAD           2024-04-18 22:31:24.473024
dynamic_TF_carry/TWD              2024-04-18 22:31:24.473230
dynamic_TF_carry/FTSE100          2024-04-18 22:31:24.473440
dynamic_TF_carry/FTSECHINAA       2024-04-18 22:31:24.473651
dynamic_TF_carry/SGX              2024-04-18 22:31:24.473859
dynamic_TF_carry/HOUSE-US         2024-04-18 22:31:24.474067
dynamic_TF_carry/MXP              2024-04-18 22:31:24.474481
dynamic_TF_carry/SOFR             2024-04-18 22:31:24.474689
dynamic_TF_carry/US-PROPERTY      2024-04-18 22:31:24.474897
dynamic_TF_carry/CNH              2024-04-18 22:31:24.475104
dynamic_TF_carry/WHEAT_ICE        2024-04-18 22:31:24.475313
dynamic_TF_carry/FTSE250          2024-04-18 22:31:24.475520
dynamic_TF_carry/CHINAA-CON       2024-04-18 22:31:24.475934
dynamic_TF_carry/US30             2024-04-18 22:31:24.476142
dynamic_TF_carry/MSCIWORLD        2024-04-18 22:31:24.476349
dynamic_TF_carry/MSCIEMASIA       2024-04-18 22:31:24.476556
dynamic_TF_carry/US-FINANCE       2024-04-18 22:31:24.476763
dynamic_TF_carry/PLAT             2024-04-18 22:31:24.476970
dynamic_TF_carry/CRUDE_ICE        2024-04-18 22:31:24.477176
dynamic_TF_carry/NASDAQ_micro     2024-04-18 22:31:24.477387
dynamic_TF_carry/EUROSTX-SMALL    2024-04-18 22:31:24.477595
dynamic_TF_carry/KRWUSD_mini      2024-04-18 22:31:24.477802
dynamic_TF_carry/US-HEALTH        2024-04-18 22:31:24.478008
dynamic_TF_carry/GBPJPY           2024-04-18 22:31:24.478215
dynamic_TF_carry/KOSDAQ           2024-04-18 22:31:24.478423
dynamic_TF_carry/BTP3             2024-04-18 22:31:24.478631


======================================================================================================================
                                                Status of trade limits                                                
======================================================================================================================

                   period_days  trade_limit  trades_since_last_reset  trade_capacity_remaining   time_since_last_reset
 PLAT                       14            4                      4.0                       0.0 10 days 08:57:31.380449
 PLAT                       30            4                      4.0                       0.0 10 days 08:57:31.381044
 BUND                       30            4                      4.0                       0.0 29 days 12:31:45.493080
 JPY                        14            4                      3.0                       1.0 10 days 07:57:03.202403
 GAS_US_mini                30            6                      4.0                       2.0 21 days 08:57:25.624137
 JPY                        30            5                      3.0                       2.0 10 days 07:57:03.203919
 CHF                        30            4                      2.0                       2.0 29 days 07:51:46.941021
 BUND                       14            4                      2.0                       2.0 10 days 13:05:45.738369
 AEX                        30            4                      1.0                       3.0 29 days 10:44:31.804185
 SMI                        30            4                      1.0                       3.0 24 days 14:57:26.114964
 GASOILINE                  30            4                      1.0                       3.0 29 days 08:57:33.918133
 EU-HOUSE                    1            4                      0.0                       4.0  0 days 00:00:00.000001
 EU-DJ-UTIL                  1            4                      0.0                       4.0  0 days 00:00:00.000002
 EU-DJ-TELECOM               1            4                      0.0                       4.0  0 days 00:00:00.000002
 EU-DJ-TECH                  1            4                      0.0                       4.0  0 days 00:00:00.000001
 CORN                        1            4                      0.0                       4.0  0 days 00:00:00.000003
 EU-DJ-OIL                   1            4                      0.0                       4.0  0 days 00:00:00.000001
 EU-CONSTRUCTION             1            4                      0.0                       4.0  0 days 00:00:00.000002
 ETHANOL                     1            4                      0.0                       4.0  0 days 00:00:00.000001
 CZK                         1            4                      0.0                       4.0  0 days 00:00:00.000002
 COTTON                      1            4                      0.0                       4.0  0 days 00:00:00.000002
 COPPER-mini                 1            4                      0.0                       4.0  0 days 00:00:00.000002
 CNH-onshore                 1            4                      0.0                       4.0  0 days 00:00:00.000001
 CLP                         1            4                      0.0                       4.0  0 days 00:00:00.000002
 CH10                        1            4                      0.0                       4.0  0 days 00:00:00.000002
 EU-MEDIA                    1            4                      0.0                       4.0  0 days 00:00:00.000002
 EU-MID                      1            4                      0.0                       4.0  0 days 00:00:00.000002
 EURIBOR                     1            4                      0.0                       4.0  0 days 00:00:00.000002
 EURCHF                      1            4                      0.0                       4.0  0 days 00:00:00.000002
 US-INDUSTRY                 1            4                      0.0                       4.0  0 days 00:00:00.000001
 US-HEALTH                   1            4                      0.0                       4.0  0 days 00:00:00.000002
 US-FINANCE                  1            4                      0.0                       4.0  0 days 00:00:00.000002
 US-ENERGY                   1            4                      0.0                       4.0  0 days 00:00:00.000001
 US-DISCRETE                 1            4                      0.0                       4.0  0 days 00:00:00.000001
 SMI-MID                     1            4                      0.0                       4.0  0 days 00:00:00.000002
 SGX                         1            4                      0.0                       4.0  0 days 00:00:00.000002
 SGD                         1            4                      0.0                       4.0  0 days 00:00:00.000001
 OMX                         1            4                      0.0                       4.0  0 days 00:00:00.000002
 MSCIASIA                    1            4                      0.0                       4.0  0 days 00:00:00.000002
 MILKWET                     1            4                      0.0                       4.0  0 days 00:00:00.000001
 MILKDRY                     1            4                      0.0                       4.0  0 days 00:00:00.000001
 MID-DAX                     1            4                      0.0                       4.0  0 days 00:00:00.000002
 JP-REALESTATE               1            4                      0.0                       4.0  0 days 00:00:00.000002
 JGB-SGX-mini                1            4                      0.0                       4.0  0 days 00:00:00.000002
 IRS                         1            4                      0.0                       4.0  0 days 00:00:00.000001
 FTSEINDO                    1            4                      0.0                       4.0  0 days 00:00:00.000001
 EUROSTX200-LARGE            1            4                      0.0                       4.0  0 days 00:00:00.000002
 EUROSTX-SMALL               1            4                      0.0                       4.0  0 days 00:00:00.000002
 EUROSTX-LARGE               1            4                      0.0                       4.0  0 days 00:00:00.000001
 BUTTER                      1            4                      0.0                       4.0  0 days 00:00:00.000001
 EU-REALESTATE               1            4                      0.0                       4.0  0 days 00:00:00.000001
 BOVESPA                     1            4                      0.0                       4.0  0 days 00:00:00.000006
 US30                       30            4                      0.0                       4.0  1 days 07:57:21.689275
 ALUMINIUM                   1            4                      0.0                       4.0  0 days 00:00:00.000001
 NOK                        14            4                      0.0                       4.0  0 days 00:00:00.000002
 ZAR                         1            4                      0.0                       4.0  0 days 00:00:00.000002
 KRWUSD                     14            4                      0.0                       4.0  0 days 00:00:00.000001
 JGB                        14            4                      0.0                       4.0  0 days 00:00:00.000002
 IRON                       14            5                      1.0                       4.0  9 days 21:53:15.461882
 HEATOIL                    14            4                      0.0                       4.0  0 days 00:00:00.000002
 GBPEUR                     14            4                      0.0                       4.0  0 days 00:00:00.000001
 GAS-LAST                   14            4                      0.0                       4.0  0 days 00:00:00.000001
 FTSETAIWAN                 14            4                      0.0                       4.0  0 days 00:00:00.000002
 EU-TECH                    14            4                      0.0                       4.0 10 days 13:01:54.237835
 EU-CHEM                    14            4                      0.0                       4.0  0 days 00:00:00.000002
 ETHEREUM                   14            4                      0.0                       4.0  0 days 00:00:00.000002
 CNH                        14            4                      0.0                       4.0  0 days 00:00:00.000002
 BUXL                       14            4                      0.0                       4.0  0 days 00:00:00.000002
 BTP3                       14            4                      0.0                       4.0  0 days 00:00:00.000002
 BRENT-LAST                 14            4                      0.0                       4.0  0 days 00:00:00.000001
 BONO                       14            4                      0.0                       4.0  0 days 00:00:00.000002
 YENEUR                      1            4                      0.0                       4.0  0 days 00:00:00.000001
 US3                         1            4                      0.0                       4.0  0 days 00:00:00.000002
 R1000                      14            4                      0.0                       4.0  0 days 00:00:00.000002
 REDWHEAT                   14            4                      0.0                       4.0  0 days 00:00:00.000002
