
********************************************************************************
                   Status report produced on 09/01/2025 22:56                   
********************************************************************************


Delayed methods: No delays
Delayed adjusted / FX prices: No delays

===============================================
           Delayed optimal positions           
===============================================

                                    last_update
dynamic_TF_carry/SGX 2024-12-02 22:31:28.544775


=========================================================================================================
                                       Instruments at trade limit                                        
=========================================================================================================

      period_days  trade_limit  trades_since_last_reset  trade_capacity_remaining   time_since_last_reset
 VIX           30            5                      5.0                       0.0 28 days 07:55:41.344988


================================================
         Instruments at position limit          
================================================

                 keys  position pos_limit  spare
0                 JGB         0       0.0    0.0
198       EPRA-EUROPE         0       0.0    0.0
82                 IG         0       0.0    0.0
202      COAL-GEORDIE         0       0.0    0.0
76            MILKWET         0       0.0    0.0
205               CLP         0       0.0    0.0
208     EU-DJ-TELECOM         0       0.0    0.0
73                CZK         0       0.0    0.0
72             EURAUD         0       0.0    0.0
141       HEATOIL-ICE         0       0.0    0.0
66                TWD         0       0.0    0.0
62          CHF_micro         0       0.0    0.0
59               WHEY         0       0.0    0.0
58          HIGHYIELD         0       0.0    0.0
217       CNH-onshore         0       0.0    0.0
219  EUROSTX200-LARGE         0       0.0    0.0
54               US30        -1       1.0    0.0
51           SGD_mini         0       0.0    0.0
221         EU-TRAVEL         0       0.0    0.0
49           EU-HOUSE         0       0.0    0.0
197          AEX_mini         0       0.0    0.0
48                RUR         0       0.0    0.0
196           BOVESPA         0       0.0    0.0
193          ETHEREUM         0       0.0    0.0
140               OMX         0       0.0    0.0
155          JPY_mini         0       0.0    0.0
157             R1000         0       0.0    0.0
133            AUDJPY         0       0.0    0.0
159              COAL         0       0.0    0.0
128           MILKDRY         0       0.0    0.0
164          HOUSE-US         0       0.0    0.0
112              GICS         0       0.0    0.0
178              BUXL        -1       1.0    0.0
108           SMI-MID         0       0.0    0.0
180               CHF        -3       3.0    0.0
106              CH10         0       0.0    0.0
182             STEEL         0       0.0    0.0
103           ETHANOL         0       0.0    0.0
100     EUROSTX-LARGE         0       0.0    0.0
99             COTTON         0       0.0    0.0
186            EURCHF         0       0.0    0.0
91         EU-DJ-TECH         0       0.0    0.0
90               VNKI         0       0.0    0.0
194            COPPER        -1       1.0    0.0
47             BUTTER         0       0.0    0.0
143       COPPER-mini         0       0.0    0.0
34              SP400         0       0.0    0.0
234               NOK         0       0.0    0.0
231           EU-CHEM         0       0.0    0.0
6                 PLN         0       0.0    0.0
19          EU-RETAIL         0       0.0    0.0
15             EURCAD         0       0.0    0.0
25                MIB         1       1.0    0.0
14                IRS         0       0.0    0.0
10            TIN_LME         0       0.0    0.0
23                SGX         0       0.0    0.0
45    EU-CONSTRUCTION         0       0.0    0.0
236         SWISSLEAD         0       0.0    0.0
17                SEK         0       0.0    0.0
2              KRWUSD         0       0.0    0.0
24             GBPJPY         0       0.0    0.0
8            TWD-mini         0       0.0    0.0
225            NASDAQ         0       0.0    0.0
239            PALLAD         0       0.0    0.0
42         COPPER_LME         0       0.0    0.0
1     GASOILINE_micro         0       0.0    0.0
44           JGB-mini         0       0.0    0.0
7              CHFJPY         0       0.0    0.0
21           EU-MEDIA         0       0.0    0.0


=========================================================
         Overrides in database consider deleting         
=========================================================

                                                 override
NICKEL_LME             Override Close because in database
OATIES           Override Reduce only because in database
COAL-GEORDIE     Override Reduce only because in database
RICE             Override Reduce only because in database
GOLD-mini        Override Reduce only because in database
VIX_mini         Override Reduce only because in database
SGD              Override Reduce only because in database
VNKI             Override Reduce only because in database
CNH-onshore      Override Reduce only because in database
TWD-mini         Override Reduce only because in database
IBEX             Override Reduce only because in database
CHINAA-CON       Override Reduce only because in database
CRUDE_W_mini     Override Reduce only because in database
CAC              Override Reduce only because in database
GICS             Override Reduce only because in database
EURIBOR          Override Reduce only because in database
FTSETAIWAN       Override Reduce only because in database
TWD              Override Reduce only because in database
IBEX_mini        Override Reduce only because in database
AEX              Override Reduce only because in database
AEX_mini         Override Reduce only because in database
FTSECHINAA       Override Reduce only because in database
COAL             Override Reduce only because in database
GASOILINE_micro  Override Reduce only because in database
HANGENT_mini     Override Reduce only because in database
MSCITAIWAN       Override Reduce only because in database
FTSEVIET         Override Reduce only because in database

Locked instruments (position mismatch): []

==============================================
Status of adjusted price / FX price collection
==============================================

                         last_update
SGX              2025-01-06 23:00:00
TWD              2025-01-06 23:00:00
CNH-onshore      2025-01-06 23:00:00
SOYMEAL*         2025-01-08 23:00:00
SOYOIL           2025-01-08 23:00:00
SP400            2025-01-08 23:00:00
SP500            2025-01-08 23:00:00
SP500_micro      2025-01-08 23:00:00
ETHANOL          2025-01-08 23:00:00
DOW_mini         2025-01-08 23:00:00
DOW              2025-01-08 23:00:00
SMI-MID          2025-01-08 23:00:00
HIGHYIELD        2025-01-08 23:00:00
CZK              2025-01-08 23:00:00
SWISSLEAD        2025-01-08 23:00:00
HOUSE-US         2025-01-08 23:00:00
MSCIEMASIA       2025-01-08 23:00:00
COTTON           2025-01-08 23:00:00
CORN_mini        2025-01-08 23:00:00
MSCIWORLD        2025-01-08 23:00:00
NASDAQ           2025-01-08 23:00:00
NASDAQ_micro     2025-01-08 23:00:00
SOYBEAN_mini     2025-01-08 23:00:00
RICE             2025-01-08 23:00:00
EUROSTX200-LARGE 2025-01-08 23:00:00
RUR              2025-01-08 23:00:00
EUROSTX-LARGE    2025-01-08 23:00:00
RUSSELL*         2025-01-08 23:00:00
RUSSELL_mini     2025-01-08 23:00:00
EURAUD           2025-01-08 23:00:00
REDWHEAT         2025-01-08 23:00:00
GAS-PEN          2025-01-08 23:00:00
R1000            2025-01-08 23:00:00
GASOILINE_micro  2025-01-08 23:00:00
OMX              2025-01-08 23:00:00
OATIES           2025-01-08 23:00:00
MILK             2025-01-08 23:00:00
SOFR             2025-01-08 23:00:00
GBPCHF           2025-01-08 23:00:00
SOYBEAN          2025-01-08 23:00:00
CORN             2025-01-08 23:00:00
TWD-mini         2025-01-08 23:00:00
IG               2025-01-08 23:00:00
US-ENERGY        2025-01-08 23:00:00
US10U            2025-01-08 23:00:00
US2              2025-01-08 23:00:00
US-DISCRETE      2025-01-08 23:00:00
US3              2025-01-08 23:00:00
US30*            2025-01-08 23:00:00
BUTTER           2025-01-08 23:00:00
US5              2025-01-08 23:00:00
VIX              2025-01-08 23:00:00
VIX_mini         2025-01-08 23:00:00
VNKI             2025-01-08 23:00:00
BOVESPA          2025-01-08 23:00:00
WHEAT            2025-01-08 23:00:00
WHEAT_mini       2025-01-08 23:00:00
WHEY             2025-01-08 23:00:00
KRWUSD           2025-01-08 23:00:00
MILKWET          2025-01-08 23:00:00
MILKDRY          2025-01-08 23:00:00
US10             2025-01-08 23:00:00
US-UTILS         2025-01-08 23:00:00
US20             2025-01-08 23:00:00
FED              2025-01-08 23:00:00
US-STAPLES       2025-01-08 23:00:00
US-MATERIAL      2025-01-08 23:00:00
CHFJPY           2025-01-08 23:00:00
COAL-GEORDIE     2025-01-08 23:00:00
US-REALESTATE    2025-01-08 23:00:00
CHEESE           2025-01-08 23:00:00
IRS              2025-01-08 23:00:00
US-HEALTH        2025-01-08 23:00:00
US-INDUSTRY      2025-01-08 23:00:00
CLP              2025-01-08 23:00:00
JGB-mini         2025-01-09 05:00:00
FANG             2025-01-09 05:00:00
MSCITAIWAN       2025-01-09 05:00:00
KR3              2025-01-09 06:00:00
KR10             2025-01-09 06:00:00
KOSPI_mini       2025-01-09 06:00:00
JP-REALESTATE    2025-01-09 06:00:00
KOSDAQ           2025-01-09 06:00:00
KOSPI            2025-01-09 06:00:00
FTSEVIET         2025-01-09 07:00:00
FTSEINDO         2025-01-09 07:00:00
IRON             2025-01-09 08:00:00
FTSECHINAA       2025-01-09 08:00:00
HANGENT          2025-01-09 08:00:00
KRWUSD_mini      2025-01-09 08:00:00
HANG             2025-01-09 08:00:00
HANGTECH         2025-01-09 08:00:00
FTSECHINAH       2025-01-09 08:00:00
FTSETAIWAN       2025-01-09 08:00:00
HANG_mini        2025-01-09 08:00:00
MSCISING*        2025-01-09 08:00:00
JGB              2025-01-09 08:00:00
NIKKEI*          2025-01-09 08:00:00
NIKKEI400        2025-01-09 08:00:00
MUMMY            2025-01-09 08:00:00
JGB-SGX-mini     2025-01-09 08:00:00
HANGENT_mini     2025-01-09 08:00:00
RUBBER*          2025-01-09 08:00:00
EURIBOR          2025-01-09 08:00:00
SGD              2025-01-09 08:00:00
SGD_mini         2025-01-09 08:00:00
CHINAA-CON       2025-01-09 08:00:00
SPI200           2025-01-09 08:00:00
TOPIX*           2025-01-09 08:00:00
CNH              2025-01-09 09:00:00
AEX_mini         2025-01-09 10:00:00
LEAD_LME         2025-01-09 12:00:00
EU-DJ-UTIL       2025-01-09 13:00:00
SUGAR16          2025-01-09 14:00:00
EPRA-EUROPE      2025-01-09 14:00:00
PLN              2025-01-09 14:30:00
ALUMINIUM*       2025-01-09 14:30:00
CRUDE_ICE        2025-01-09 15:00:00
COCOA_LDN        2025-01-09 15:00:00
COPPER_LME       2025-01-09 15:00:00
TIN_LME          2025-01-09 15:00:00
IBEX_mini        2025-01-09 15:00:00
IBEX             2025-01-09 15:00:00
MILLWHEAT        2025-01-09 15:00:00
CH10             2025-01-09 15:00:00
BRENT_W          2025-01-09 15:00:00
BONO             2025-01-09 15:00:00
WHEAT_ICE        2025-01-09 15:00:00
BBCOMM           2025-01-09 15:00:00
ZINC_LME         2025-01-09 15:00:00
ALUMINIUM_LME    2025-01-09 15:00:00
COAL             2025-01-09 15:00:00
HEATOIL-ICE      2025-01-09 15:00:00
FTSE100          2025-01-09 15:00:00
MIB*             2025-01-09 15:00:00
EU-TECH          2025-01-09 15:00:00
EU-RETAIL        2025-01-09 15:00:00
SARONA           2025-01-09 15:00:00
EURIBOR-ICE      2025-01-09 15:00:00
FTSE250          2025-01-09 15:00:00
DJSTX-SMALL      2025-01-09 15:00:00
EU-MEDIA         2025-01-09 15:00:00
SONIA3           2025-01-09 15:00:00
EU-HOUSE         2025-01-09 15:00:00
NICKEL_LME       2025-01-09 15:00:00
GILT             2025-01-09 15:00:00
EU-DJ-TELECOM    2025-01-09 15:00:00
EU-DJ-TECH       2025-01-09 15:00:00
EU-DJ-OIL        2025-01-09 15:00:00
EU-CONSTRUCTION  2025-01-09 15:00:00
EU-CHEM          2025-01-09 15:00:00
ROBUSTA          2025-01-09 15:00:00
EUA              2025-01-09 15:00:00
GASOIL           2025-01-09 15:00:00
SUGAR_WHITE      2025-01-09 16:00:00
SMI              2025-01-09 16:00:00
V2X              2025-01-09 16:00:00
OAT              2025-01-09 16:00:00
SHATZ            2025-01-09 16:00:00
MSCIASIA         2025-01-09 16:00:00
AEX              2025-01-09 16:00:00
EU-AUTO          2025-01-09 16:00:00
EURO600          2025-01-09 16:00:00
GASOILINE_ICE    2025-01-09 16:00:00
EURCAD           2025-01-09 16:00:00
EU-UTILS         2025-01-09 16:00:00
EU-TRAVEL        2025-01-09 16:00:00
EU-REALESTATE    2025-01-09 16:00:00
EU-OIL           2025-01-09 16:00:00
EU-MID           2025-01-09 16:00:00
EU-INSURE        2025-01-09 16:00:00
EU-HEALTH        2025-01-09 16:00:00
EU-FOOD          2025-01-09 16:00:00
EU-DIV30         2025-01-09 16:00:00
EU-BASIC         2025-01-09 16:00:00
EU-BANKS         2025-01-09 16:00:00
DAX*             2025-01-09 16:00:00
CAC              2025-01-09 16:00:00
BUXL*            2025-01-09 16:00:00
BUND             2025-01-09 16:00:00
BTP3             2025-01-09 16:00:00
BTP              2025-01-09 16:00:00
BOBL             2025-01-09 16:00:00
EUROSTX          2025-01-09 16:00:00
EUROSTX-SMALL    2025-01-09 16:00:00
SUGAR11*         2025-01-09 17:00:00
LUMBER-new       2025-01-09 18:00:00
COFFEE           2025-01-09 18:00:00
COCOA            2025-01-09 18:00:00
LIVECOW          2025-01-09 18:00:00
GBPJPY           2025-01-09 18:00:00
FEEDCOW          2025-01-09 18:00:00
LEANHOG          2025-01-09 18:00:00
OJ               2025-01-09 18:00:00
GICS             2025-01-09 18:00:00
CANOLA*          2025-01-09 19:00:00
COPPER-mini      2025-01-09 19:00:00
COTTON2          2025-01-09 19:00:00
CAD2             2025-01-09 19:00:00
DX               2025-01-09 19:00:00
STEEL            2025-01-09 19:00:00
INR              2025-01-09 19:00:00
GOLD             2025-01-09 19:00:00
NOK              2025-01-09 19:00:00
CHF_micro        2025-01-09 19:00:00
EURCHF           2025-01-09 19:00:00
SEK              2025-01-09 19:00:00
AUDJPY           2025-01-09 19:00:00
JPY_mini         2025-01-09 19:00:00
YENEUR           2025-01-09 19:00:00
BRENT-LAST       2025-01-09 20:00:00
AUD              2025-01-09 20:00:00
ZAR              2025-01-09 20:00:00
CAD_micro        2025-01-09 20:00:00
CAD5             2025-01-09 20:00:00
CAD10            2025-01-09 20:00:00
CAD*             2025-01-09 20:00:00
AUD_micro        2025-01-09 20:00:00
BITCOIN          2025-01-09 20:00:00
BRE*             2025-01-09 20:00:00
MSCIEAFA         2025-01-09 20:00:00
CHF*             2025-01-09 20:00:00
JPY*             2025-01-09 20:00:00
HEATOIL          2025-01-09 20:00:00
EUR_micro        2025-01-09 20:00:00
GOLD_micro       2025-01-09 20:00:00
EUR_mini         2025-01-09 20:00:00
GAS-LAST         2025-01-09 20:00:00
GASOILINE        2025-01-09 20:00:00
PLAT             2025-01-09 20:00:00
EUR              2025-01-09 20:00:00
PALLAD           2025-01-09 20:00:00
SILVER           2025-01-09 20:00:00
GAS_US_mini      2025-01-09 20:00:00
GBP              2025-01-09 20:00:00
NZD              2025-01-09 20:00:00
GBPEUR           2025-01-09 20:00:00
GAS_US           2025-01-09 20:00:00
ETHEREUM         2025-01-09 20:00:00
ETHER-micro      2025-01-09 20:00:00
MXP              2025-01-09 20:00:00
GOLD-mini        2025-01-09 20:00:00
CRUDE_W_mini     2025-01-09 20:00:00
CRUDE_W_micro*   2025-01-09 20:00:00
CRUDE_W          2025-01-09 20:00:00
COPPER-micro     2025-01-09 20:00:00
COPPER*          2025-01-09 20:00:00
GBP_micro        2025-01-09 20:00:00
CHFUSD           2025-01-09 23:00:00
JPYUSD           2025-01-09 23:00:00
EURUSD           2025-01-09 23:00:00
CADUSD           2025-01-09 23:00:00
KRWUSD           2025-01-09 23:00:00
MXPUSD           2025-01-09 23:00:00
SEKUSD           2025-01-09 23:00:00
GBPUSD           2025-01-09 23:00:00
SGDUSD           2025-01-09 23:00:00
HKDUSD           2025-01-09 23:00:00
CNHUSD           2025-01-09 23:00:00
AUDUSD           2025-01-09 23:00:00


============================================================
           Status of optimal position generation            
============================================================

                                                 last_update
dynamic_TF_carry/SGX              2024-12-02 22:31:28.544775
dynamic_TF_carry/DX               2025-01-09 22:31:35.713522
dynamic_TF_carry/KR3              2025-01-09 22:31:35.713788
dynamic_TF_carry/WHEY             2025-01-09 22:31:35.714044
dynamic_TF_carry/SOFR             2025-01-09 22:31:35.714289
dynamic_TF_carry/IRON             2025-01-09 22:31:35.714533
dynamic_TF_carry/GOLD_micro       2025-01-09 22:31:35.714777
dynamic_TF_carry/GASOILINE        2025-01-09 22:31:35.715019
dynamic_TF_carry/MILK             2025-01-09 22:31:35.715262
dynamic_TF_carry/COFFEE           2025-01-09 22:31:35.715504
dynamic_TF_carry/OAT              2025-01-09 22:31:35.715746
dynamic_TF_carry/SOYBEAN          2025-01-09 22:31:35.715989
dynamic_TF_carry/US10             2025-01-09 22:31:35.716229
dynamic_TF_carry/EUR              2025-01-09 22:31:35.716472
dynamic_TF_carry/EUR_micro        2025-01-09 22:31:35.716713
dynamic_TF_carry/BOVESPA          2025-01-09 22:31:35.716955
dynamic_TF_carry/IRS              2025-01-09 22:31:35.717196
dynamic_TF_carry/EU-HEALTH        2025-01-09 22:31:35.717436
dynamic_TF_carry/US-UTILS         2025-01-09 22:31:35.717677
dynamic_TF_carry/LIVECOW          2025-01-09 22:31:35.717922
dynamic_TF_carry/COPPER_LME       2025-01-09 22:31:35.718164
dynamic_TF_carry/SOYMEAL          2025-01-09 22:31:35.718405
dynamic_TF_carry/KRWUSD           2025-01-09 22:31:35.718648
dynamic_TF_carry/EUA              2025-01-09 22:31:35.718889
dynamic_TF_carry/EURAUD           2025-01-09 22:31:35.719129
dynamic_TF_carry/CRUDE_W_mini     2025-01-09 22:31:35.719369
dynamic_TF_carry/MIB              2025-01-09 22:31:35.719609
dynamic_TF_carry/EU-DIV30         2025-01-09 22:31:35.719849
dynamic_TF_carry/SUGAR11          2025-01-09 22:31:35.720089
dynamic_TF_carry/RICE             2025-01-09 22:31:35.720330
dynamic_TF_carry/EURIBOR          2025-01-09 22:31:35.720570
dynamic_TF_carry/LEAD_LME         2025-01-09 22:31:35.720809
dynamic_TF_carry/YENEUR           2025-01-09 22:31:35.721050
dynamic_TF_carry/CHEESE           2025-01-09 22:31:35.721291
dynamic_TF_carry/COPPER-micro     2025-01-09 22:31:35.721531
dynamic_TF_carry/BOBL             2025-01-09 22:31:35.721771
dynamic_TF_carry/COTTON2          2025-01-09 22:31:35.722015
dynamic_TF_carry/TOPIX            2025-01-09 22:31:35.722256
dynamic_TF_carry/HANGENT_mini     2025-01-09 22:31:35.722496
dynamic_TF_carry/US10U            2025-01-09 22:31:35.722736
dynamic_TF_carry/ETHEREUM         2025-01-09 22:31:35.722977
dynamic_TF_carry/SP400            2025-01-09 22:31:35.723218
dynamic_TF_carry/HOUSE-US         2025-01-09 22:31:35.723459
dynamic_TF_carry/US-MATERIAL      2025-01-09 22:31:35.723700
dynamic_TF_carry/CH10             2025-01-09 22:31:35.723940
dynamic_TF_carry/BRE              2025-01-09 22:31:35.724181
dynamic_TF_carry/GBPEUR           2025-01-09 22:31:35.724422
dynamic_TF_carry/GBP              2025-01-09 22:31:35.724664
dynamic_TF_carry/EPRA-EUROPE      2025-01-09 22:31:35.724906
dynamic_TF_carry/EU-MEDIA         2025-01-09 22:31:35.725149
dynamic_TF_carry/KOSPI            2025-01-09 22:31:35.725390
dynamic_TF_carry/US2              2025-01-09 22:31:35.725631
dynamic_TF_carry/SOYOIL           2025-01-09 22:31:35.725871
dynamic_TF_carry/MILLWHEAT        2025-01-09 22:31:35.726116
dynamic_TF_carry/SPI200           2025-01-09 22:31:35.726357
dynamic_TF_carry/COTTON           2025-01-09 22:31:35.726598
dynamic_TF_carry/ALUMINIUM        2025-01-09 22:31:35.726840
dynamic_TF_carry/SP500_micro      2025-01-09 22:31:35.727081
dynamic_TF_carry/JPY              2025-01-09 22:31:35.727322
dynamic_TF_carry/CORN             2025-01-09 22:31:35.727565
dynamic_TF_carry/VNKI             2025-01-09 22:31:35.727808
dynamic_TF_carry/BUXL             2025-01-09 22:31:35.728050
dynamic_TF_carry/PLAT             2025-01-09 22:31:35.728290
dynamic_TF_carry/FTSETAIWAN       2025-01-09 22:31:35.728533
dynamic_TF_carry/NICKEL_LME       2025-01-09 22:31:35.728775
dynamic_TF_carry/BUTTER           2025-01-09 22:31:35.729017
dynamic_TF_carry/IBEX_mini        2025-01-09 22:31:35.729258
dynamic_TF_carry/EURCAD           2025-01-09 22:31:35.729499
dynamic_TF_carry/MSCIASIA         2025-01-09 22:31:35.729740
dynamic_TF_carry/FTSECHINAH       2025-01-09 22:31:35.729986
dynamic_TF_carry/GAS-PEN          2025-01-09 22:31:35.730228
dynamic_TF_carry/CHINAA-CON       2025-01-09 22:31:35.730469
dynamic_TF_carry/MUMMY            2025-01-09 22:31:35.730710
dynamic_TF_carry/NZD              2025-01-09 22:31:35.730953
dynamic_TF_carry/GASOIL           2025-01-09 22:31:35.731196
dynamic_TF_carry/SWISSLEAD        2025-01-09 22:31:35.731438
dynamic_TF_carry/EU-AUTO          2025-01-09 22:31:35.731681
dynamic_TF_carry/CZK              2025-01-09 22:31:35.731923
dynamic_TF_carry/US-INDUSTRY      2025-01-09 22:31:35.732164
dynamic_TF_carry/TWD              2025-01-09 22:31:35.732406
dynamic_TF_carry/FTSEVIET         2025-01-09 22:31:35.732648
dynamic_TF_carry/GBPCHF           2025-01-09 22:31:35.732890
dynamic_TF_carry/NASDAQ_micro     2025-01-09 22:31:35.733133
dynamic_TF_carry/SILVER           2025-01-09 22:31:35.733375
dynamic_TF_carry/EURCHF           2025-01-09 22:31:35.733618
dynamic_TF_carry/R1000            2025-01-09 22:31:35.733859
dynamic_TF_carry/FTSECHINAA       2025-01-09 22:31:35.734104
dynamic_TF_carry/AUDJPY           2025-01-09 22:31:35.734344
dynamic_TF_carry/COPPER           2025-01-09 22:31:35.734584
dynamic_TF_carry/MSCISING         2025-01-09 22:31:35.734825
dynamic_TF_carry/FTSE250          2025-01-09 22:31:35.735067
dynamic_TF_carry/ZAR              2025-01-09 22:31:35.735552
dynamic_TF_carry/US-STAPLES       2025-01-09 22:31:35.736035
dynamic_TF_carry/SGD              2025-01-09 22:31:35.736277
dynamic_TF_carry/EU-CHEM          2025-01-09 22:31:35.736517
dynamic_TF_carry/US-REALESTATE    2025-01-09 22:31:35.736758
dynamic_TF_carry/FED              2025-01-09 22:31:35.736998
dynamic_TF_carry/GICS             2025-01-09 22:31:35.737239
dynamic_TF_carry/LUMBER-new       2025-01-09 22:31:35.737480
dynamic_TF_carry/CRUDE_W_micro    2025-01-09 22:31:35.737719
dynamic_TF_carry/BBCOMM           2025-01-09 22:31:35.737964
dynamic_TF_carry/MSCIEAFA         2025-01-09 22:31:35.738203
dynamic_TF_carry/KRWUSD_mini      2025-01-09 22:31:35.738686
dynamic_TF_carry/AUD_micro        2025-01-09 22:31:35.738927
dynamic_TF_carry/HEATOIL          2025-01-09 22:31:35.739171
dynamic_TF_carry/SMI-MID          2025-01-09 22:31:35.739654
dynamic_TF_carry/CHF              2025-01-09 22:31:35.739896
dynamic_TF_carry/GILT             2025-01-09 22:31:35.740139
dynamic_TF_carry/JGB              2025-01-09 22:31:35.740381
dynamic_TF_carry/EU-HOUSE         2025-01-09 22:31:35.740863
dynamic_TF_carry/OMX              2025-01-09 22:31:35.741103
dynamic_TF_carry/COAL-GEORDIE     2025-01-09 22:31:35.741344
dynamic_TF_carry/EU-RETAIL        2025-01-09 22:31:35.741585
dynamic_TF_carry/EU-REALESTATE    2025-01-09 22:31:35.741826
dynamic_TF_carry/CANOLA           2025-01-09 22:31:35.742314
dynamic_TF_carry/FTSEINDO         2025-01-09 22:31:35.742557
dynamic_TF_carry/ROBUSTA          2025-01-09 22:31:35.742800
dynamic_TF_carry/EU-OIL           2025-01-09 22:31:35.743282
dynamic_TF_carry/CHFJPY           2025-01-09 22:31:35.743525
dynamic_TF_carry/RUBBER           2025-01-09 22:31:35.743766
dynamic_TF_carry/US20             2025-01-09 22:31:35.744011
dynamic_TF_carry/US3              2025-01-09 22:31:35.744254
dynamic_TF_carry/DJSTX-SMALL      2025-01-09 22:31:35.744495
dynamic_TF_carry/KR10             2025-01-09 22:31:35.744736
dynamic_TF_carry/EU-DJ-TELECOM    2025-01-09 22:31:35.744981
dynamic_TF_carry/SHATZ            2025-01-09 22:31:35.745222
dynamic_TF_carry/MILKWET          2025-01-09 22:31:35.745464
dynamic_TF_carry/EU-MID           2025-01-09 22:31:35.745709
dynamic_TF_carry/EUROSTX-LARGE    2025-01-09 22:31:35.745957
dynamic_TF_carry/MSCITAIWAN       2025-01-09 22:31:35.746200
dynamic_TF_carry/CAD5             2025-01-09 22:31:35.746444
dynamic_TF_carry/EUROSTX200-LARGE 2025-01-09 22:31:35.746685
dynamic_TF_carry/SONIA3           2025-01-09 22:31:35.746929
dynamic_TF_carry/WHEAT            2025-01-09 22:31:35.747175
dynamic_TF_carry/CAD2             2025-01-09 22:31:35.747419
dynamic_TF_carry/NIKKEI           2025-01-09 22:31:35.747662
dynamic_TF_carry/US30             2025-01-09 22:31:35.747904
dynamic_TF_carry/FEEDCOW          2025-01-09 22:31:35.748147
dynamic_TF_carry/FANG             2025-01-09 22:31:35.748391
dynamic_TF_carry/PLN              2025-01-09 22:31:35.748632
dynamic_TF_carry/ZINC_LME         2025-01-09 22:31:35.749113
dynamic_TF_carry/BRENT_W          2025-01-09 22:31:35.749353
dynamic_TF_carry/HANG_mini        2025-01-09 22:31:35.749595
dynamic_TF_carry/CAD              2025-01-09 22:31:35.749836
dynamic_TF_carry/GAS_US_mini      2025-01-09 22:31:35.750082
dynamic_TF_carry/EU-BASIC         2025-01-09 22:31:35.750325
dynamic_TF_carry/ETHANOL          2025-01-09 22:31:35.750568
dynamic_TF_carry/WHEAT_ICE        2025-01-09 22:31:35.750809
dynamic_TF_carry/BTP3             2025-01-09 22:31:35.751055
dynamic_TF_carry/COCOA_LDN        2025-01-09 22:31:35.751299
dynamic_TF_carry/AEX              2025-01-09 22:31:35.751541
dynamic_TF_carry/JP-REALESTATE    2025-01-09 22:31:35.751783
dynamic_TF_carry/RUR              2025-01-09 22:31:35.752025
dynamic_TF_carry/KOSPI_mini       2025-01-09 22:31:35.752266
dynamic_TF_carry/US-HEALTH        2025-01-09 22:31:35.752510
dynamic_TF_carry/MSCIEMASIA       2025-01-09 22:31:35.752753
dynamic_TF_carry/OATIES           2025-01-09 22:31:35.752995
dynamic_TF_carry/EU-TECH          2025-01-09 22:31:35.753239
dynamic_TF_carry/MSCIWORLD        2025-01-09 22:31:35.753484
dynamic_TF_carry/EUROSTX          2025-01-09 22:31:35.753724
dynamic_TF_carry/SUGAR_WHITE      2025-01-09 22:31:35.753972
dynamic_TF_carry/COAL             2025-01-09 22:31:35.754214
dynamic_TF_carry/LEANHOG          2025-01-09 22:31:35.754456
dynamic_TF_carry/DOW              2025-01-09 22:31:35.754699
dynamic_TF_carry/MILKDRY          2025-01-09 22:31:35.754942
dynamic_TF_carry/JGB-SGX-mini     2025-01-09 22:31:35.755186
dynamic_TF_carry/CRUDE_ICE        2025-01-09 22:31:35.755430
dynamic_TF_carry/INR              2025-01-09 22:31:35.755675
dynamic_TF_carry/SUGAR16          2025-01-09 22:31:35.755917
dynamic_TF_carry/US-ENERGY        2025-01-09 22:31:35.756163
dynamic_TF_carry/NOK              2025-01-09 22:31:35.756406
dynamic_TF_carry/SOYBEAN_mini     2025-01-09 22:31:35.756649
dynamic_TF_carry/OJ               2025-01-09 22:31:35.756895
dynamic_TF_carry/MXP              2025-01-09 22:31:35.757138
dynamic_TF_carry/KOSDAQ           2025-01-09 22:31:35.757381
dynamic_TF_carry/V2X              2025-01-09 22:31:35.757626
dynamic_TF_carry/BITCOIN          2025-01-09 22:31:35.757869
dynamic_TF_carry/PALLAD           2025-01-09 22:31:35.758117
dynamic_TF_carry/SMI              2025-01-09 22:31:35.758361
dynamic_TF_carry/EU-UTILS         2025-01-09 22:31:35.758603
dynamic_TF_carry/COCOA            2025-01-09 22:31:35.758847
dynamic_TF_carry/BRENT-LAST       2025-01-09 22:31:35.759089
dynamic_TF_carry/NIKKEI400        2025-01-09 22:31:35.759332
dynamic_TF_carry/EURO600          2025-01-09 22:31:35.759575
dynamic_TF_carry/IG               2025-01-09 22:31:35.759819
dynamic_TF_carry/CNH              2025-01-09 22:31:35.760061
dynamic_TF_carry/RUSSELL          2025-01-09 22:31:35.760304
dynamic_TF_carry/TIN_LME          2025-01-09 22:31:35.760549
dynamic_TF_carry/EU-BANKS         2025-01-09 22:31:35.760797
dynamic_TF_carry/FTSE100          2025-01-09 22:31:35.761039
dynamic_TF_carry/SEK              2025-01-09 22:31:35.761283
dynamic_TF_carry/BTP              2025-01-09 22:31:35.761769
dynamic_TF_carry/CAD10            2025-01-09 22:31:35.762018
dynamic_TF_carry/REDWHEAT         2025-01-09 22:31:35.762261
dynamic_TF_carry/CAC              2025-01-09 22:31:35.762506
dynamic_TF_carry/GBPJPY           2025-01-09 22:31:35.762751
dynamic_TF_carry/DAX              2025-01-09 22:31:35.762995
dynamic_TF_carry/EU-TRAVEL        2025-01-09 22:31:35.763240
dynamic_TF_carry/HIGHYIELD        2025-01-09 22:31:35.763481
dynamic_TF_carry/STEEL            2025-01-09 22:31:35.763726
dynamic_TF_carry/EU-INSURE        2025-01-09 22:31:35.763969
dynamic_TF_carry/HANGTECH         2025-01-09 22:31:35.764211
dynamic_TF_carry/EUROSTX-SMALL    2025-01-09 22:31:35.764696
dynamic_TF_carry/EURIBOR-ICE      2025-01-09 22:31:35.764937
dynamic_TF_carry/EU-CONSTRUCTION  2025-01-09 22:31:35.765178
dynamic_TF_carry/BONO             2025-01-09 22:31:35.765417
dynamic_TF_carry/VIX              2025-01-09 22:31:35.765657
dynamic_TF_carry/BUND             2025-01-09 22:31:35.765899
dynamic_TF_carry/AUD              2025-01-09 22:31:35.766144
dynamic_TF_carry/GAS-LAST         2025-01-09 22:31:35.766386
dynamic_TF_carry/EU-DJ-UTIL       2025-01-09 22:31:35.766627
dynamic_TF_carry/EU-FOOD          2025-01-09 22:31:35.766868
dynamic_TF_carry/US5              2025-01-09 22:31:35.767109
dynamic_TF_carry/SARONA           2025-01-09 22:31:35.767350
dynamic_TF_carry/US-DISCRETE      2025-01-09 22:31:35.767832
dynamic_TF_carry/CLP              2025-01-09 22:31:35.768071


======================================================================================================================
                                                Status of trade limits                                                
======================================================================================================================

                   period_days  trade_limit  trades_since_last_reset  trade_capacity_remaining   time_since_last_reset
 VIX                        30            5                      5.0                       0.0 28 days 07:56:40.590898
 COPPER                     30            4                      2.0                       2.0 21 days 08:56:46.641355
 CAD                        30            6                      3.0                       3.0 28 days 07:56:33.054856
 VIX                        14            4                      1.0                       3.0  1 days 07:56:55.183165
 YENEUR                     30            4                      1.0                       3.0 21 days 07:56:20.227130
 OAT                        30            4                      1.0                       3.0 20 days 14:57:01.216828
 EU-DJ-TELECOM               1            4                      0.0                       4.0  0 days 00:00:00.000002
 EU-DJ-TECH                  1            4                      0.0                       4.0  0 days 00:00:00.000001
 EU-DJ-OIL                   1            4                      0.0                       4.0  0 days 00:00:00.000002
 EU-CONSTRUCTION             1            4                      0.0                       4.0  0 days 00:00:00.000001
 ETHANOL                     1            4                      0.0                       4.0  0 days 00:00:00.000002
 CZK                         1            4                      0.0                       4.0  0 days 00:00:00.000001
 COTTON                      1            4                      0.0                       4.0  0 days 00:00:00.000001
 COPPER-mini                 1            4                      0.0                       4.0  0 days 00:00:00.000002
 CORN                        1            4                      0.0                       4.0  0 days 00:00:00.000002
 EU-DJ-UTIL                  1            4                      0.0                       4.0  0 days 00:00:00.000002
 CLP                         1            4                      0.0                       4.0  0 days 00:00:00.000002
 CH10                        1            4                      0.0                       4.0  0 days 00:00:00.000001
 BUTTER                      1            4                      0.0                       4.0  0 days 00:00:00.000001
 BOVESPA                     1            4                      0.0                       4.0  0 days 00:00:00.000002
 BEL20                       1            4                      0.0                       4.0  0 days 00:00:00.000001
 ALUMINIUM                   1            4                      0.0                       4.0  0 days 00:00:00.000002
 US30                       30            4                      0.0                       4.0 21 days 07:56:23.221127
 CNH-onshore                 1            4                      0.0                       4.0  0 days 00:00:00.000001
 EU-HOUSE                    1            4                      0.0                       4.0  0 days 00:00:00.000001
 EU-MEDIA                    1            4                      0.0                       4.0  0 days 00:00:00.000002
 EU-MID                      1            4                      0.0                       4.0  0 days 00:00:00.000001
 US-ENERGY                   1            4                      0.0                       4.0  0 days 00:00:00.000002
 US-DISCRETE                 1            4                      0.0                       4.0  0 days 00:00:00.000002
 SMI-MID                     1            4                      0.0                       4.0  0 days 00:00:00.000001
 SGX                         1            4                      0.0                       4.0  0 days 00:00:00.000002
 SGD                         1            4                      0.0                       4.0  0 days 00:00:00.000002
 OMX                         1            4                      0.0                       4.0  0 days 00:00:00.000001
 MSCIASIA                    1            4                      0.0                       4.0  0 days 00:00:00.000001
 MILKWET                     1            4                      0.0                       4.0  0 days 00:00:00.000002
 MILKDRY                     1            4                      0.0                       4.0  0 days 00:00:00.000001
 US3                        30            4                      0.0                       4.0  0 days 00:00:00.000002
 MID-DAX                     1            4                      0.0                       4.0  0 days 00:00:00.000001
 JGB-SGX-mini                1            4                      0.0                       4.0  0 days 00:00:00.000001
 IRS                         1            4                      0.0                       4.0  0 days 00:00:00.000002
 FTSEINDO                    1            4                      0.0                       4.0  0 days 00:00:00.000001
 EUROSTX200-LARGE            1            4                      0.0                       4.0  0 days 00:00:00.000002
 EUROSTX-SMALL               1            4                      0.0                       4.0  0 days 00:00:00.000002
 EUROSTX-LARGE               1            4                      0.0                       4.0  0 days 00:00:00.000001
 EURIBOR                     1            4                      0.0                       4.0  0 days 00:00:00.000002
 EURCHF                      1            4                      0.0                       4.0  0 days 00:00:00.000002
 EU-REALESTATE               1            4                      0.0                       4.0  0 days 00:00:00.000001
 JP-REALESTATE               1            4                      0.0                       4.0  0 days 00:00:00.000002
 US10U                      30            4                      0.0                       4.0  0 days 00:00:00.000001
 SEK                        30            4                      0.0                       4.0  0 days 00:00:00.000002
 US-HEALTH                   1            4                      0.0                       4.0  0 days 00:00:00.000001
 HEATOIL                    14            4                      0.0                       4.0  0 days 00:00:00.000001
 GBPEUR                     14            4                      0.0                       4.0  0 days 00:00:00.000002
 GAS-LAST                   14            4                      0.0                       4.0  0 days 00:00:00.000001
 FTSETAIWAN                 14            4                      0.0                       4.0  0 days 00:00:00.000001
 EU-TECH                    14            4                      0.0                       4.0  0 days 00:00:00.000001
 EU-CHEM                    14            4                      0.0                       4.0  0 days 00:00:00.000001
 ETHEREUM                   14            4                      0.0                       4.0  0 days 00:00:00.000002
 CNH                        14            4                      0.0                       4.0  0 days 00:00:00.000001
 BUXL                       14            4                      0.0                       4.0  1 days 08:40:59.136611
 BTP3                       14            4                      0.0                       4.0  0 days 00:00:00.000001
 BRENT-LAST                 14            4                      0.0                       4.0  3 days 08:56:56.919603
 BONO                       14            4                      0.0                       4.0  0 days 00:00:00.000002
 YENEUR                      1            4                      0.0                       4.0  0 days 00:00:00.000001
 US3                         1            4                      0.0                       4.0  0 days 00:00:00.000002
 US10U                       1            4                      0.0                       4.0  0 days 00:00:00.000001
 US-REALESTATE               1            4                      0.0                       4.0  0 days 00:00:00.000001
 TOPIX                       1            4                      0.0                       4.0  0 days 00:00:00.000002
 SP400                       1            4                      0.0                       4.0  0 days 00:00:00.000002
 SEK                         1            4                      0.0                       4.0  0 days 00:00:00.000001
 JGB                        14            4                      0.0                       4.0  0 days 00:00:00.000001
 SP400                      30            4                      0.0                       4.0  0 days 00:00:00.000001
 ZAR                         1            4                      0.0                       4.0  0 days 00:00:00.000002
 R1000                      14            4                      0.0                       4.0  0 days 00:00:00.000002
 NOK                        30            4                      0.0                       4.0  0 days 00:00:00.000002
 JGB                        30            4                      0.0                       4.0  0 days 00:00:00.000002
 HEATOIL                    30            4                      0.0                       4.0  0 days 00:00:00.000001
 GBPEUR                     30            4                      0.0                       4.0  0 days 00:00:00.000001
 GASOILINE                  30            4                      0.0                       4.0  0 days 00:00:00.000001
 GAS-LAST                   30            4                      0.0                       4.0  0 days 00:00:00.000001
 ETHEREUM                   30            4                      0.0                       4.0  0 days 00:00:00.000001
 CHF                        30            4                      0.0                       4.0  1 days 07:57:03.078864
