
********************************************************************************
                   Status report produced on 07/01/2026 22:58                   
********************************************************************************


Delayed methods: No delays

=============================
Delayed adjusted / FX prices 
=============================

                  last_update
HIGHYIELD 2025-11-28 16:00:02
IG        2025-11-28 16:00:02


===============================================
           Delayed optimal positions           
===============================================

                                    last_update
dynamic_TF_carry/SGX 2024-12-02 22:31:28.544775

Instruments at trade limit: No constraints

================================================
         Instruments at position limit          
================================================

                 keys  position pos_limit  spare
58                TWD         0       0.0    0.0
192           GAS-PEN        -1       1.0    0.0
141               JGB         0       0.0    0.0
50                MIB         1       1.0    0.0
49                PLN         0       0.0    0.0
195           BOVESPA         0       0.0    0.0
47               COAL         0       0.0    0.0
190            AUDJPY         0       0.0    0.0
196               OMX         0       0.0    0.0
44             KRWUSD         0       0.0    0.0
140              BUXL        -1       1.0    0.0
197              VNKI         0       0.0    0.0
139         SWISSLEAD         0       0.0    0.0
136         EU-TRAVEL         0       0.0    0.0
75        CNH-onshore         0       0.0    0.0
45        EPRA-EUROPE         0       0.0    0.0
88                AEX         1       1.0    0.0
186            EURAUD         0       0.0    0.0
182          TWD-mini         0       0.0    0.0
153   EU-CONSTRUCTION         0       0.0    0.0
160           EU-CHEM         0       0.0    0.0
151         CHF_micro         0       0.0    0.0
165              CH10         0       0.0    0.0
81              R1000         0       0.0    0.0
150          EU-HOUSE         0       0.0    0.0
66                SGX         0       0.0    0.0
171            PALLAD         0       0.0    0.0
64      EU-DJ-TELECOM         0       0.0    0.0
173               NOK         0       0.0    0.0
175               SEK         0       0.0    0.0
177          JGB-mini         0       0.0    0.0
180        COPPER_LME         0       0.0    0.0
116   GASOILINE_micro         0       0.0    0.0
146            EURCHF         0       0.0    0.0
37           JPY_mini         0       0.0    0.0
36   EUROSTX200-LARGE         0       0.0    0.0
38            SMI-MID         0       0.0    0.0
133        EU-DJ-TECH         0       0.0    0.0
115          AEX_mini         0       0.0    0.0
114          MSCIEAFA         2       2.0    0.0
9                GICS         0       0.0    0.0
10             YENEUR         2       2.0    0.0
113           MILKWET         0       0.0    0.0
235       COPPER-mini         0       0.0    0.0
119             SP400         0       0.0    0.0
120          SGD_mini         0       0.0    0.0
14                 IG         0       0.0    0.0
15             CHFJPY         0       0.0    0.0
204               IRS         0       0.0    0.0
225             STEEL         0       0.0    0.0
19            MILKDRY         0       0.0    0.0
6           HIGHYIELD         0       0.0    0.0
3            ETHEREUM         0       0.0    0.0
104            NASDAQ         0       0.0    0.0
23          EU-RETAIL         0       0.0    0.0
237               CZK         0       0.0    0.0
127               CLP         0       0.0    0.0
216          EU-MEDIA         0       0.0    0.0
101           TIN_LME         0       0.0    0.0
100            BUTTER         0       0.0    0.0
210              WHEY         0       0.0    0.0
131       HEATOIL-ICE         0       0.0    0.0
207            COTTON         0       0.0    0.0
242            EURCAD         0       0.0    0.0
97             GBPJPY         0       0.0    0.0
205          HOUSE-US         0       0.0    0.0
106      COAL-GEORDIE         0       0.0    0.0
234     EUROSTX-LARGE         0       0.0    0.0


=========================================================
         Overrides in database consider deleting         
=========================================================

                                                 override
NICKEL_LME             Override Close because in database
OATIES           Override Reduce only because in database
VNKI             Override Reduce only because in database
COAL             Override Reduce only because in database
WHEY             Override Reduce only because in database
CRUDE_W_mini     Override Reduce only because in database
GAS_US_mini      Override Reduce only because in database
VIX_mini         Override Reduce only because in database
RICE             Override Reduce only because in database
IBEX_mini        Override Reduce only because in database
IBEX             Override Reduce only because in database
GICS             Override Reduce only because in database
GOLD-mini        Override Reduce only because in database
CHINAA-CON       Override Reduce only because in database
STEEL            Override Reduce only because in database
AEX              Override Reduce only because in database
AEX_mini         Override Reduce only because in database
CAC              Override Reduce only because in database
GASOILINE_micro  Override Reduce only because in database

Locked instruments (position mismatch): []

==============================================
Status of adjusted price / FX price collection
==============================================

                         last_update
HIGHYIELD        2025-11-28 16:00:02
IG               2025-11-28 16:00:02
SGX              2026-01-05 23:00:00
CNH-onshore      2026-01-05 23:00:00
COTTON           2026-01-06 23:00:00
SGD              2026-01-06 23:00:00
CH10             2026-01-06 23:00:00
IRS              2026-01-06 23:00:00
GAS-PEN*         2026-01-06 23:00:00
CLP              2026-01-06 23:00:00
KRWUSD           2026-01-06 23:00:00
MILKWET          2026-01-06 23:00:00
CZK              2026-01-06 23:00:00
MSCIEMASIA       2026-01-06 23:00:00
MSCIWORLD        2026-01-06 23:00:00
HOUSE-US         2026-01-06 23:00:00
PLN              2026-01-06 23:00:00
SGD_mini         2026-01-06 23:00:00
GASOILINE_micro  2026-01-06 23:00:00
SUGAR16          2026-01-06 23:00:00
SWISSLEAD        2026-01-06 23:00:00
EUROSTX-LARGE    2026-01-06 23:00:00
TWD-mini         2026-01-06 23:00:00
AUDJPY           2026-01-06 23:00:00
BOVESPA          2026-01-06 23:00:00
TWD              2026-01-06 23:00:00
VNKI             2026-01-06 23:00:00
JGB-mini         2026-01-06 23:45:00
SPI200           2026-01-07 04:00:00
FTSEINDO         2026-01-07 04:00:00
FTSEVIET         2026-01-07 04:00:00
KRWUSD_mini*     2026-01-07 04:00:00
FTSECHINAH       2026-01-07 05:00:00
KR3              2026-01-07 05:00:00
FTSETAIWAN       2026-01-07 05:00:00
KR10             2026-01-07 05:00:00
KOSPI_mini       2026-01-07 05:00:00
FTSECHINAA*      2026-01-07 05:00:00
KOSDAQ           2026-01-07 05:00:00
JP-REALESTATE    2026-01-07 05:00:00
JGB-SGX-mini     2026-01-07 05:00:00
JGB              2026-01-07 05:00:00
IRON             2026-01-07 05:00:00
HANG             2026-01-07 05:00:00
HANGENT          2026-01-07 05:00:00
HANGENT_mini     2026-01-07 05:00:00
HANG_mini        2026-01-07 05:00:00
KOSPI            2026-01-07 05:00:00
MSCISING         2026-01-07 05:00:00
HANGTECH         2026-01-07 05:00:00
MSCITAIWAN*      2026-01-07 05:00:00
RUBBER           2026-01-07 05:00:00
CHINAA-CON       2026-01-07 05:00:00
CNH              2026-01-07 05:00:00
NIKKEI400        2026-01-07 05:00:00
NIKKEI           2026-01-07 05:00:00
TOPIX*           2026-01-07 05:00:00
MUMMY            2026-01-07 05:00:00
EU-DJ-TELECOM    2026-01-07 08:00:00
EURIBOR          2026-01-07 08:00:00
COAL-GEORDIE     2026-01-07 12:00:00
TIN_LME          2026-01-07 13:00:00
EPRA-EUROPE      2026-01-07 14:00:00
OMX              2026-01-07 14:00:00
AEX_mini         2026-01-07 14:00:00
IBEX             2026-01-07 15:00:00
SMI-MID          2026-01-07 15:00:00
HEATOIL-ICE      2026-01-07 15:00:00
EURIBOR-ICE      2026-01-07 15:00:00
SONIA3           2026-01-07 15:00:00
BRENT_W          2026-01-07 15:00:00
FTSE100          2026-01-07 15:00:00
EUROSTX200-LARGE 2026-01-07 15:00:00
FTSE250          2026-01-07 15:00:00
ZINC_LME         2026-01-07 15:00:00
EUA              2026-01-07 15:00:00
GILT             2026-01-07 15:00:00
BONO             2026-01-07 15:00:00
ALUMINIUM_LME    2026-01-07 15:00:00
WHEAT_ICE        2026-01-07 15:00:00
EUROSTX-SMALL    2026-01-07 15:00:00
IBEX_mini        2026-01-07 15:00:00
EU-RETAIL        2026-01-07 15:00:00
EU-TECH          2026-01-07 15:00:00
COPPER_LME       2026-01-07 15:00:00
GASOIL           2026-01-07 15:00:00
NICKEL_LME       2026-01-07 15:00:00
MIB*             2026-01-07 15:00:00
LEAD_LME         2026-01-07 15:00:00
COCOA_LDN        2026-01-07 15:00:00
COAL             2026-01-07 15:00:00
EU-TRAVEL        2026-01-07 15:00:00
CHFJPY           2026-01-07 15:00:00
EU-DJ-OIL        2026-01-07 15:00:00
EU-HOUSE         2026-01-07 15:00:00
EU-INSURE        2026-01-07 15:00:00
EU-MEDIA         2026-01-07 15:00:00
EU-MID           2026-01-07 15:00:00
SARONA           2026-01-07 15:00:00
CRUDE_ICE        2026-01-07 15:00:00
ROBUSTA          2026-01-07 15:00:00
MILLWHEAT        2026-01-07 15:00:00
SUGAR_WHITE      2026-01-07 16:00:00
OAT              2026-01-07 16:00:00
GASOILINE_ICE    2026-01-07 16:00:00
V2X              2026-01-07 16:00:00
SHATZ            2026-01-07 16:00:00
SMI              2026-01-07 16:00:00
MSCIASIA         2026-01-07 16:00:00
AEX*             2026-01-07 16:00:00
CAC              2026-01-07 16:00:00
EU-REALESTATE    2026-01-07 16:00:00
EU-OIL           2026-01-07 16:00:00
EU-HEALTH        2026-01-07 16:00:00
EU-FOOD          2026-01-07 16:00:00
EU-DJ-UTIL       2026-01-07 16:00:00
EU-DJ-TECH       2026-01-07 16:00:00
EU-DIV30         2026-01-07 16:00:00
BTP3             2026-01-07 16:00:00
BTP              2026-01-07 16:00:00
EU-CONSTRUCTION  2026-01-07 16:00:00
EU-CHEM          2026-01-07 16:00:00
EU-BASIC         2026-01-07 16:00:00
EU-BANKS         2026-01-07 16:00:00
EU-AUTO          2026-01-07 16:00:00
BOBL             2026-01-07 16:00:00
EU-UTILS         2026-01-07 16:00:00
EURO600          2026-01-07 16:00:00
DAX              2026-01-07 16:00:00
EUROSTX          2026-01-07 16:00:00
BUND             2026-01-07 16:00:00
BUXL*            2026-01-07 16:00:00
GBPCHF           2026-01-07 17:00:00
EURAUD           2026-01-07 17:00:00
GICS             2026-01-07 17:00:00
SUGAR11          2026-01-07 17:00:00
GBPJPY           2026-01-07 18:00:00
ALUMINIUM        2026-01-07 18:00:00
BBCOMM           2026-01-07 18:00:00
EURCAD           2026-01-07 18:00:00
OJ               2026-01-07 18:00:00
COCOA            2026-01-07 18:00:00
COFFEE           2026-01-07 18:00:00
CAD2             2026-01-07 19:00:00
CORN             2026-01-07 19:00:00
US-DISCRETE      2026-01-07 19:00:00
COTTON2          2026-01-07 19:00:00
COPPER-mini      2026-01-07 19:00:00
CORN_mini        2026-01-07 19:00:00
CANOLA           2026-01-07 19:00:00
SOYBEAN_mini     2026-01-07 19:00:00
SOYMEAL          2026-01-07 19:00:00
SOYOIL           2026-01-07 19:00:00
RICE*            2026-01-07 19:00:00
REDWHEAT         2026-01-07 19:00:00
STEEL            2026-01-07 19:00:00
US-ENERGY        2026-01-07 19:00:00
SOYBEAN          2026-01-07 19:00:00
OATIES           2026-01-07 19:00:00
LEANHOG*         2026-01-07 19:00:00
EURCHF           2026-01-07 19:00:00
FEEDCOW          2026-01-07 19:00:00
FED              2026-01-07 19:00:00
VIX_mini         2026-01-07 19:00:00
INR              2026-01-07 19:00:00
WHEY             2026-01-07 19:00:00
WHEAT_mini       2026-01-07 19:00:00
LIVECOW          2026-01-07 19:00:00
DX               2026-01-07 19:00:00
MILKDRY          2026-01-07 19:00:00
JPY_mini         2026-01-07 19:00:00
WHEAT*           2026-01-07 19:00:00
BUTTER           2026-01-07 20:00:00
AUD_micro*       2026-01-07 20:00:00
SP400            2026-01-07 20:00:00
SP500            2026-01-07 20:00:00
AUD              2026-01-07 20:00:00
YENEUR*          2026-01-07 20:00:00
ZAR              2026-01-07 20:00:00
SP500_micro      2026-01-07 20:00:00
VIX              2026-01-07 20:00:00
US-REALESTATE    2026-01-07 20:00:00
US30             2026-01-07 20:00:00
US-STAPLES       2026-01-07 20:00:00
US-MATERIAL      2026-01-07 20:00:00
US-INDUSTRY      2026-01-07 20:00:00
US-HEALTH        2026-01-07 20:00:00
US-UTILS         2026-01-07 20:00:00
US10             2026-01-07 20:00:00
US5              2026-01-07 20:00:00
SOFR             2026-01-07 20:00:00
US10U            2026-01-07 20:00:00
US2              2026-01-07 20:00:00
BRE*             2026-01-07 20:00:00
BRENT-LAST       2026-01-07 20:00:00
US20             2026-01-07 20:00:00
US3              2026-01-07 20:00:00
BITCOIN*         2026-01-07 20:00:00
GASOILINE        2026-01-07 20:00:00
CHF_micro        2026-01-07 20:00:00
SILVER*          2026-01-07 20:00:00
MILK             2026-01-07 20:00:00
DOW_mini         2026-01-07 20:00:00
LUMBER-new       2026-01-07 20:00:00
CAD*             2026-01-07 20:00:00
ETHEREUM         2026-01-07 20:00:00
JPY*             2026-01-07 20:00:00
EUR              2026-01-07 20:00:00
HEATOIL          2026-01-07 20:00:00
EUR_micro        2026-01-07 20:00:00
EUR_mini         2026-01-07 20:00:00
GOLD_micro*      2026-01-07 20:00:00
GOLD-mini        2026-01-07 20:00:00
GOLD             2026-01-07 20:00:00
FANG             2026-01-07 20:00:00
GBP_micro        2026-01-07 20:00:00
GBPEUR           2026-01-07 20:00:00
GBP*             2026-01-07 20:00:00
GAS_US_mini*     2026-01-07 20:00:00
GAS_US           2026-01-07 20:00:00
DOW              2026-01-07 20:00:00
CRUDE_W_mini     2026-01-07 20:00:00
ETHER-micro      2026-01-07 20:00:00
CRUDE_W_micro*   2026-01-07 20:00:00
CAD10*           2026-01-07 20:00:00
CAD5             2026-01-07 20:00:00
CAD_micro        2026-01-07 20:00:00
SEK              2026-01-07 20:00:00
RUSSELL_mini     2026-01-07 20:00:00
MSCIEAFA*        2026-01-07 20:00:00
CHEESE           2026-01-07 20:00:00
CHF              2026-01-07 20:00:00
R1000            2026-01-07 20:00:00
GAS-LAST         2026-01-07 20:00:00
RUSSELL*         2026-01-07 20:00:00
PALLAD           2026-01-07 20:00:00
NZD              2026-01-07 20:00:00
NOK              2026-01-07 20:00:00
COPPER           2026-01-07 20:00:00
COPPER-micro     2026-01-07 20:00:00
NASDAQ_micro     2026-01-07 20:00:00
NASDAQ           2026-01-07 20:00:00
MXP*             2026-01-07 20:00:00
CRUDE_W          2026-01-07 20:00:00
PLAT             2026-01-07 20:00:00
HKDUSD           2026-01-07 23:00:00
CHFUSD           2026-01-07 23:00:00
JPYUSD           2026-01-07 23:00:00
EURUSD           2026-01-07 23:00:00
CADUSD           2026-01-07 23:00:00
MXPUSD           2026-01-07 23:00:00
CNHUSD           2026-01-07 23:00:00
SEKUSD           2026-01-07 23:00:00
GBPUSD           2026-01-07 23:00:00
SGDUSD           2026-01-07 23:00:00
KRWUSD           2026-01-07 23:00:00
AUDUSD           2026-01-07 23:00:00


============================================================
           Status of optimal position generation            
============================================================

                                                 last_update
dynamic_TF_carry/SGX              2024-12-02 22:31:28.544775
dynamic_TF_carry/VIX              2026-01-07 22:31:40.574484
dynamic_TF_carry/GAS_US_mini      2026-01-07 22:31:40.574741
dynamic_TF_carry/SOYBEAN_mini     2026-01-07 22:31:40.574979
dynamic_TF_carry/MXP              2026-01-07 22:31:40.575211
dynamic_TF_carry/FANG             2026-01-07 22:31:40.575442
dynamic_TF_carry/HANG_mini        2026-01-07 22:31:40.575673
dynamic_TF_carry/COCOA_LDN        2026-01-07 22:31:40.575902
dynamic_TF_carry/HANGENT_mini     2026-01-07 22:31:40.576130
dynamic_TF_carry/IBEX_mini        2026-01-07 22:31:40.576360
dynamic_TF_carry/DOW              2026-01-07 22:31:40.576589
dynamic_TF_carry/EU-DJ-TELECOM    2026-01-07 22:31:40.576815
dynamic_TF_carry/GAS-PEN          2026-01-07 22:31:40.577042
dynamic_TF_carry/LEAD_LME         2026-01-07 22:31:40.577269
dynamic_TF_carry/JGB              2026-01-07 22:31:40.577496
dynamic_TF_carry/SOFR             2026-01-07 22:31:40.577728
dynamic_TF_carry/KRWUSD           2026-01-07 22:31:40.577955
dynamic_TF_carry/EUROSTX-LARGE    2026-01-07 22:31:40.578181
dynamic_TF_carry/PALLAD           2026-01-07 22:31:40.578409
dynamic_TF_carry/KOSPI            2026-01-07 22:31:40.578636
dynamic_TF_carry/NICKEL_LME       2026-01-07 22:31:40.578864
dynamic_TF_carry/TOPIX            2026-01-07 22:31:40.579092
dynamic_TF_carry/GICS             2026-01-07 22:31:40.579320
dynamic_TF_carry/EU-INSURE        2026-01-07 22:31:40.579773
dynamic_TF_carry/KRWUSD_mini      2026-01-07 22:31:40.580000
dynamic_TF_carry/MUMMY            2026-01-07 22:31:40.580227
dynamic_TF_carry/US-STAPLES       2026-01-07 22:31:40.580453
dynamic_TF_carry/FEEDCOW          2026-01-07 22:31:40.580680
dynamic_TF_carry/MSCIASIA         2026-01-07 22:31:40.580908
dynamic_TF_carry/EURAUD           2026-01-07 22:31:40.581135
dynamic_TF_carry/EU-CHEM          2026-01-07 22:31:40.581362
dynamic_TF_carry/US10             2026-01-07 22:31:40.581639
dynamic_TF_carry/HEATOIL          2026-01-07 22:31:40.581875
dynamic_TF_carry/YENEUR           2026-01-07 22:31:40.582105
dynamic_TF_carry/OMX              2026-01-07 22:31:40.582336
dynamic_TF_carry/HOUSE-US         2026-01-07 22:31:40.582564
dynamic_TF_carry/GILT             2026-01-07 22:31:40.582792
dynamic_TF_carry/EU-OIL           2026-01-07 22:31:40.583021
dynamic_TF_carry/EUROSTX200-LARGE 2026-01-07 22:31:40.583249
dynamic_TF_carry/MSCIWORLD        2026-01-07 22:31:40.583478
dynamic_TF_carry/EURCHF           2026-01-07 22:31:40.583705
dynamic_TF_carry/JGB-SGX-mini     2026-01-07 22:31:40.583933
dynamic_TF_carry/CHFJPY           2026-01-07 22:31:40.584392
dynamic_TF_carry/CRUDE_W_mini     2026-01-07 22:31:40.584620
dynamic_TF_carry/SOYOIL           2026-01-07 22:31:40.584849
dynamic_TF_carry/US-DISCRETE      2026-01-07 22:31:40.585077
dynamic_TF_carry/BOBL             2026-01-07 22:31:40.585304
dynamic_TF_carry/EU-TRAVEL        2026-01-07 22:31:40.585532
dynamic_TF_carry/US3              2026-01-07 22:31:40.585767
dynamic_TF_carry/CRUDE_W_micro    2026-01-07 22:31:40.585996
dynamic_TF_carry/KOSPI_mini       2026-01-07 22:31:40.586225
dynamic_TF_carry/EUR              2026-01-07 22:31:40.586454
dynamic_TF_carry/RUSSELL          2026-01-07 22:31:40.586682
dynamic_TF_carry/SMI-MID          2026-01-07 22:31:40.586911
dynamic_TF_carry/STEEL            2026-01-07 22:31:40.587140
dynamic_TF_carry/CNH              2026-01-07 22:31:40.587368
dynamic_TF_carry/CAD              2026-01-07 22:31:40.587597
dynamic_TF_carry/GOLD_micro       2026-01-07 22:31:40.587826
dynamic_TF_carry/COTTON2          2026-01-07 22:31:40.588056
dynamic_TF_carry/IRON             2026-01-07 22:31:40.588284
dynamic_TF_carry/OJ               2026-01-07 22:31:40.588512
dynamic_TF_carry/US-UTILS         2026-01-07 22:31:40.588739
dynamic_TF_carry/SILVER           2026-01-07 22:31:40.588968
dynamic_TF_carry/CRUDE_ICE        2026-01-07 22:31:40.589423
dynamic_TF_carry/AUDJPY           2026-01-07 22:31:40.589657
dynamic_TF_carry/EU-CONSTRUCTION  2026-01-07 22:31:40.589886
dynamic_TF_carry/BRE              2026-01-07 22:31:40.590115
dynamic_TF_carry/SP500_micro      2026-01-07 22:31:40.590343
dynamic_TF_carry/EU-FOOD          2026-01-07 22:31:40.590572
dynamic_TF_carry/OATIES           2026-01-07 22:31:40.590801
dynamic_TF_carry/US-REALESTATE    2026-01-07 22:31:40.591030
dynamic_TF_carry/BTP3             2026-01-07 22:31:40.591258
dynamic_TF_carry/BRENT_W          2026-01-07 22:31:40.591485
dynamic_TF_carry/BITCOIN          2026-01-07 22:31:40.591714
dynamic_TF_carry/BUXL             2026-01-07 22:31:40.591943
dynamic_TF_carry/US2              2026-01-07 22:31:40.592171
dynamic_TF_carry/RICE             2026-01-07 22:31:40.592401
dynamic_TF_carry/CANOLA           2026-01-07 22:31:40.592630
dynamic_TF_carry/KR3              2026-01-07 22:31:40.592860
dynamic_TF_carry/LIVECOW          2026-01-07 22:31:40.593090
dynamic_TF_carry/MIB              2026-01-07 22:31:40.593322
dynamic_TF_carry/NZD              2026-01-07 22:31:40.593552
dynamic_TF_carry/SARONA           2026-01-07 22:31:40.593787
dynamic_TF_carry/US-MATERIAL      2026-01-07 22:31:40.594017
dynamic_TF_carry/EPRA-EUROPE      2026-01-07 22:31:40.594246
dynamic_TF_carry/MSCIEAFA         2026-01-07 22:31:40.594475
dynamic_TF_carry/SONIA3           2026-01-07 22:31:40.594704
dynamic_TF_carry/WHEY             2026-01-07 22:31:40.595390
dynamic_TF_carry/FTSECHINAA       2026-01-07 22:31:40.595618
dynamic_TF_carry/TIN_LME          2026-01-07 22:31:40.595847
dynamic_TF_carry/EUROSTX          2026-01-07 22:31:40.596076
dynamic_TF_carry/COCOA            2026-01-07 22:31:40.596304
dynamic_TF_carry/INR              2026-01-07 22:31:40.596532
dynamic_TF_carry/SPI200           2026-01-07 22:31:40.596761
dynamic_TF_carry/SWISSLEAD        2026-01-07 22:31:40.596991
dynamic_TF_carry/ETHEREUM         2026-01-07 22:31:40.597221
dynamic_TF_carry/GBP              2026-01-07 22:31:40.597449
dynamic_TF_carry/MILKWET          2026-01-07 22:31:40.597682
dynamic_TF_carry/SUGAR16          2026-01-07 22:31:40.597911
dynamic_TF_carry/DAX              2026-01-07 22:31:40.598140
dynamic_TF_carry/COPPER           2026-01-07 22:31:40.598368
dynamic_TF_carry/EURCAD           2026-01-07 22:31:40.598595
dynamic_TF_carry/GAS-LAST         2026-01-07 22:31:40.598823
dynamic_TF_carry/FTSECHINAH       2026-01-07 22:31:40.599051
dynamic_TF_carry/ROBUSTA          2026-01-07 22:31:40.599279
dynamic_TF_carry/CAD5             2026-01-07 22:31:40.599508
dynamic_TF_carry/AUD              2026-01-07 22:31:40.599736
dynamic_TF_carry/COFFEE           2026-01-07 22:31:40.599963
dynamic_TF_carry/R1000            2026-01-07 22:31:40.600190
dynamic_TF_carry/US-ENERGY        2026-01-07 22:31:40.600417
dynamic_TF_carry/EUROSTX-SMALL    2026-01-07 22:31:40.600645
dynamic_TF_carry/COAL-GEORDIE     2026-01-07 22:31:40.600872
dynamic_TF_carry/BOVESPA          2026-01-07 22:31:40.601098
dynamic_TF_carry/CAD2             2026-01-07 22:31:40.601326
dynamic_TF_carry/BONO             2026-01-07 22:31:40.601783
dynamic_TF_carry/HANGTECH         2026-01-07 22:31:40.602010
dynamic_TF_carry/LUMBER-new       2026-01-07 22:31:40.602467
dynamic_TF_carry/CH10             2026-01-07 22:31:40.602694
dynamic_TF_carry/AEX              2026-01-07 22:31:40.602922
dynamic_TF_carry/MILLWHEAT        2026-01-07 22:31:40.603149
dynamic_TF_carry/EU-DIV30         2026-01-07 22:31:40.603377
dynamic_TF_carry/RUBBER           2026-01-07 22:31:40.603605
dynamic_TF_carry/EU-MEDIA         2026-01-07 22:31:40.603833
dynamic_TF_carry/SUGAR_WHITE      2026-01-07 22:31:40.604061
dynamic_TF_carry/EURIBOR-ICE      2026-01-07 22:31:40.604288
dynamic_TF_carry/FED              2026-01-07 22:31:40.604517
dynamic_TF_carry/GBPJPY           2026-01-07 22:31:40.604744
dynamic_TF_carry/MSCISING         2026-01-07 22:31:40.604972
dynamic_TF_carry/GBPCHF           2026-01-07 22:31:40.605200
dynamic_TF_carry/WHEAT_ICE        2026-01-07 22:31:40.605426
dynamic_TF_carry/NASDAQ_micro     2026-01-07 22:31:40.605658
dynamic_TF_carry/BUTTER           2026-01-07 22:31:40.605885
dynamic_TF_carry/BTP              2026-01-07 22:31:40.606111
dynamic_TF_carry/MILK             2026-01-07 22:31:40.606338
dynamic_TF_carry/FTSETAIWAN       2026-01-07 22:31:40.606564
dynamic_TF_carry/PLN              2026-01-07 22:31:40.606791
dynamic_TF_carry/EU-HOUSE         2026-01-07 22:31:40.607017
dynamic_TF_carry/FTSEVIET         2026-01-07 22:31:40.607244
dynamic_TF_carry/KOSDAQ           2026-01-07 22:31:40.607470
dynamic_TF_carry/US-INDUSTRY      2026-01-07 22:31:40.607697
dynamic_TF_carry/LEANHOG          2026-01-07 22:31:40.607924
dynamic_TF_carry/MSCITAIWAN       2026-01-07 22:31:40.608152
dynamic_TF_carry/EU-MID           2026-01-07 22:31:40.608382
dynamic_TF_carry/SOYMEAL          2026-01-07 22:31:40.608609
dynamic_TF_carry/EU-TECH          2026-01-07 22:31:40.608838
dynamic_TF_carry/NIKKEI400        2026-01-07 22:31:40.609066
dynamic_TF_carry/US30             2026-01-07 22:31:40.609294
dynamic_TF_carry/BUND             2026-01-07 22:31:40.609753
dynamic_TF_carry/EU-DJ-UTIL       2026-01-07 22:31:40.609980
dynamic_TF_carry/NIKKEI           2026-01-07 22:31:40.610207
dynamic_TF_carry/IG               2026-01-07 22:31:40.610435
dynamic_TF_carry/FTSE100          2026-01-07 22:31:40.610663
dynamic_TF_carry/ZAR              2026-01-07 22:31:40.610890
dynamic_TF_carry/WHEAT            2026-01-07 22:31:40.611119
dynamic_TF_carry/CORN             2026-01-07 22:31:40.611345
dynamic_TF_carry/KR10             2026-01-07 22:31:40.611571
dynamic_TF_carry/SOYBEAN          2026-01-07 22:31:40.611800
dynamic_TF_carry/GASOILINE        2026-01-07 22:31:40.612025
dynamic_TF_carry/CAC              2026-01-07 22:31:40.612252
dynamic_TF_carry/OAT              2026-01-07 22:31:40.612479
dynamic_TF_carry/EUR_micro        2026-01-07 22:31:40.612706
dynamic_TF_carry/BRENT-LAST       2026-01-07 22:31:40.612934
dynamic_TF_carry/EU-HEALTH        2026-01-07 22:31:40.613161
dynamic_TF_carry/FTSE250          2026-01-07 22:31:40.613388
dynamic_TF_carry/EURIBOR          2026-01-07 22:31:40.613618
dynamic_TF_carry/AUD_micro        2026-01-07 22:31:40.613845
dynamic_TF_carry/MILKDRY          2026-01-07 22:31:40.614073
dynamic_TF_carry/SMI              2026-01-07 22:31:40.614299
dynamic_TF_carry/PLAT             2026-01-07 22:31:40.614528
dynamic_TF_carry/EUA              2026-01-07 22:31:40.614756
dynamic_TF_carry/BBCOMM           2026-01-07 22:31:40.614984
dynamic_TF_carry/VNKI             2026-01-07 22:31:40.615212
dynamic_TF_carry/COPPER-micro     2026-01-07 22:31:40.615440
dynamic_TF_carry/EU-REALESTATE    2026-01-07 22:31:40.615668
dynamic_TF_carry/DX               2026-01-07 22:31:40.615900
dynamic_TF_carry/ZINC_LME         2026-01-07 22:31:40.616129
dynamic_TF_carry/EU-BASIC         2026-01-07 22:31:40.616356
dynamic_TF_carry/CHF              2026-01-07 22:31:40.616584
dynamic_TF_carry/CHINAA-CON       2026-01-07 22:31:40.616813
dynamic_TF_carry/COTTON           2026-01-07 22:31:40.617041
dynamic_TF_carry/CZK              2026-01-07 22:31:40.617268
dynamic_TF_carry/FTSEINDO         2026-01-07 22:31:40.617497
dynamic_TF_carry/SEK              2026-01-07 22:31:40.617732
dynamic_TF_carry/CAD10            2026-01-07 22:31:40.618188
dynamic_TF_carry/SP400            2026-01-07 22:31:40.618416
dynamic_TF_carry/ALUMINIUM        2026-01-07 22:31:40.618871
dynamic_TF_carry/CHEESE           2026-01-07 22:31:40.619099
dynamic_TF_carry/COPPER_LME       2026-01-07 22:31:40.619330
dynamic_TF_carry/SUGAR11          2026-01-07 22:31:40.619557
dynamic_TF_carry/EU-BANKS         2026-01-07 22:31:40.619785
dynamic_TF_carry/US20             2026-01-07 22:31:40.620012
dynamic_TF_carry/CLP              2026-01-07 22:31:40.620240
dynamic_TF_carry/EURO600          2026-01-07 22:31:40.620470
dynamic_TF_carry/IRS              2026-01-07 22:31:40.620700
dynamic_TF_carry/HIGHYIELD        2026-01-07 22:31:40.620930
dynamic_TF_carry/TWD              2026-01-07 22:31:40.621386
dynamic_TF_carry/US5              2026-01-07 22:31:40.621618
dynamic_TF_carry/GBPEUR           2026-01-07 22:31:40.621846
dynamic_TF_carry/JPY              2026-01-07 22:31:40.622074
dynamic_TF_carry/GASOIL           2026-01-07 22:31:40.622303
dynamic_TF_carry/MSCIEMASIA       2026-01-07 22:31:40.622760
dynamic_TF_carry/EU-RETAIL        2026-01-07 22:31:40.622988
dynamic_TF_carry/EU-UTILS         2026-01-07 22:31:40.623216
dynamic_TF_carry/US10U            2026-01-07 22:31:40.623444
dynamic_TF_carry/COAL             2026-01-07 22:31:40.623675
dynamic_TF_carry/SGD              2026-01-07 22:31:40.623905
dynamic_TF_carry/JP-REALESTATE    2026-01-07 22:31:40.624134
dynamic_TF_carry/NOK              2026-01-07 22:31:40.624364
dynamic_TF_carry/REDWHEAT         2026-01-07 22:31:40.624592
dynamic_TF_carry/V2X              2026-01-07 22:31:40.625048
dynamic_TF_carry/SHATZ            2026-01-07 22:31:40.625276
dynamic_TF_carry/US-HEALTH        2026-01-07 22:31:40.625502
dynamic_TF_carry/EU-AUTO          2026-01-07 22:31:40.625961


======================================================================================================================
                                                Status of trade limits                                                
======================================================================================================================

                   period_days  trade_limit  trades_since_last_reset  trade_capacity_remaining   time_since_last_reset
 GAS_US_mini                14            4                      2.0                       2.0  7 days 08:57:57.031203
 CORN                        1            4                      0.0                       4.0  0 days 00:00:00.000004
 EU-DJ-UTIL                  1            4                      0.0                       4.0  0 days 00:00:00.000002
 EU-DJ-TELECOM               1            4                      0.0                       4.0  0 days 00:00:00.000002
 EU-DJ-TECH                  1            4                      0.0                       4.0  0 days 00:00:00.000002
 EU-DJ-OIL                   1            4                      0.0                       4.0  0 days 00:00:00.000002
 EU-CONSTRUCTION             1            4                      0.0                       4.0  0 days 00:00:00.000002
 CZK                         1            4                      0.0                       4.0  0 days 00:00:00.000002
 COTTON                      1            4                      0.0                       4.0  0 days 00:00:00.000002
 COPPER-mini                 1            4                      0.0                       4.0  0 days 00:00:00.000002
 CNH-onshore                 1            4                      0.0                       4.0  0 days 00:00:00.000002
 CLP                         1            4                      0.0                       4.0  0 days 00:00:00.000002
 CH10                        1            4                      0.0                       4.0  0 days 00:00:00.000002
 BUTTER                      1            4                      0.0                       4.0  0 days 00:00:00.000002
 BOVESPA                     1            4                      0.0                       4.0  0 days 00:00:00.000002
 BEL20                       1            4                      0.0                       4.0  0 days 00:00:00.000002
 ALUMINIUM                   1            4                      0.0                       4.0  0 days 00:00:00.000002
 YENEUR                     30            4                      0.0                       4.0  0 days 00:00:00.000002
 US30                       30            4                      0.0                       4.0  0 days 00:00:00.000002
 US3                        30            4                      0.0                       4.0  0 days 00:00:00.000002
 EU-HOUSE                    1            4                      0.0                       4.0  0 days 00:00:00.000002
 EU-MEDIA                    1            4                      0.0                       4.0  0 days 00:00:00.000002
 EU-MID                      1            4                      0.0                       4.0  0 days 00:00:00.000002
 EU-REALESTATE               1            4                      0.0                       4.0  0 days 00:00:00.000002
 US-ENERGY                   1            4                      0.0                       4.0  0 days 00:00:00.000002
 US-DISCRETE                 1            4                      0.0                       4.0  0 days 00:00:00.000002
 SMI-MID                     1            4                      0.0                       4.0  0 days 00:00:00.000002
 SGX                         1            4                      0.0                       4.0  0 days 00:00:00.000002
 SGD                         1            4                      0.0                       4.0  0 days 00:00:00.000002
 OMX                         1            4                      0.0                       4.0  0 days 00:00:00.000001
 MSCIASIA                    1            4                      0.0                       4.0  0 days 00:00:00.000002
 MILKWET                     1            4                      0.0                       4.0  0 days 00:00:00.000002
 MILKDRY                     1            4                      0.0                       4.0  0 days 00:00:00.000002
 MID-DAX                     1            4                      0.0                       4.0  0 days 00:00:00.000002
 JP-REALESTATE               1            4                      0.0                       4.0  0 days 00:00:00.000001
 JGB-SGX-mini                1            4                      0.0                       4.0  0 days 00:00:00.000002
 IRS                         1            4                      0.0                       4.0  0 days 00:00:00.000002
 FTSEINDO                    1            4                      0.0                       4.0  0 days 00:00:00.000002
 EUROSTX200-LARGE            1            4                      0.0                       4.0  0 days 00:00:00.000001
 EUROSTX-SMALL               1            4                      0.0                       4.0  0 days 00:00:00.000002
 EUROSTX-LARGE               1            4                      0.0                       4.0  0 days 00:00:00.000002
 EURIBOR                     1            4                      0.0                       4.0  0 days 00:00:00.000002
 EURCHF                      1            4                      0.0                       4.0  0 days 00:00:00.000002
 US10U                      30            4                      0.0                       4.0  0 days 00:00:00.000002
 SP400                      30            4                      0.0                       4.0  0 days 00:00:00.000002
 SEK                        30            4                      0.0                       4.0  0 days 00:00:00.000002
 NOK                        30            4                      0.0                       4.0  0 days 00:00:00.000002
 GBPEUR                     14            4                      0.0                       4.0  0 days 00:00:00.000002
 GAS-LAST                   14            4                      0.0                       4.0  0 days 00:00:00.000002
 FTSETAIWAN                 14            4                      0.0                       4.0  0 days 00:00:00.000002
 EU-TECH                    14            4                      0.0                       4.0  0 days 00:00:00.000002
 EU-CHEM                    14            4                      0.0                       4.0  0 days 00:00:00.000002
 ETHEREUM                   14            4                      0.0                       4.0  0 days 00:00:00.000002
 CNH                        14            4                      0.0                       4.0  0 days 00:00:00.000002
 BUXL                       14            4                      0.0                       4.0  0 days 00:00:00.000002
 BTP3                       14            4                      0.0                       4.0  0 days 00:00:00.000002
 BRENT-LAST                 14            4                      0.0                       4.0  0 days 00:00:00.000002
 BONO                       14            4                      0.0                       4.0  0 days 00:00:00.000002
 YENEUR                      1            4                      0.0                       4.0  0 days 00:00:00.000002
 US3                         1            4                      0.0                       4.0  0 days 00:00:00.000002
 US10U                       1            4                      0.0                       4.0  0 days 00:00:00.000002
 US-REALESTATE               1            4                      0.0                       4.0  0 days 00:00:00.000002
 TOPIX                       1            4                      0.0                       4.0  0 days 00:00:00.000002
 SP400                       1            4                      0.0                       4.0  0 days 00:00:00.000001
 SEK                         1            4                      0.0                       4.0  0 days 00:00:00.000002
 RUSSELL                     1            4                      0.0                       4.0  0 days 00:00:00.000002
 HEATOIL                    14            4                      0.0                       4.0  0 days 00:00:00.000001
 JGB                        14            4                      0.0                       4.0  0 days 00:00:00.000002
 ZAR                         1            4                      0.0                       4.0  0 days 00:00:00.000002
 NOK                        14            4                      0.0                       4.0  0 days 00:00:00.000002
 JGB                        30            4                      0.0                       4.0  0 days 00:00:00.000002
 HEATOIL                    30            4                      0.0                       4.0  0 days 00:00:00.000002
 GBPEUR                     30            4                      0.0                       4.0  0 days 00:00:00.000002
 GAS_US_mini                30            6                      2.0                       4.0  7 days 08:57:57.030266
 GASOILINE                  30            4                      0.0                       4.0  7 days 08:57:54.418260
 GAS-LAST                   30            4                      0.0                       4.0  0 days 00:00:00.000002
 ETHEREUM                   30            4                      0.0                       4.0  0 days 00:00:00.000002
 CHF                        30            4                      0.0                       4.0  0 days 00:00:00.000001
 BUXL                       30            4                      0.0                       4.0 22 days 14:14:42.249099
 US-HEALTH                   1            4                      0.0                       4.0  0 days 00:00:00.000002
 BTP3                       30            4                      0.0                       4.0  0 days 00:00:00.000002
 BONO                       30            4                      0.0                       4.0  0 days 00:00:00.000002
 YENEUR                     14            4                      0.0                       4.0  0 days 00:00:00.000002
 US30                       14            4                      0.0                       4.0  0 days 00:00:00.000002
 US3                        14            4                      0.0                       4.0  0 days 00:00:00.000002
 US10U                      14            4                      0.0                       4.0  0 days 00:00:00.000002
 SP400                      14            4                      0.0                       4.0  0 days 00:00:00.000002
 SEK                        14            4                      0.0                       4.0  0 days 00:00:00.000002
 REDWHEAT                   14            4                      0.0                       4.0  0 days 00:00:00.000002
 R1000                      14            4                      0.0                       4.0  0 days 00:00:00.000002
 BRENT-LAST                 30            4                      0.0                       4.0  0 days 00:00:00.000002
