
********************************************************************************
                   Status report produced on 10/03/2025 22:55                   
********************************************************************************


Delayed methods: No delays

===============================
 Delayed adjusted / FX prices  
===============================

                    last_update
IG          2025-02-27 23:00:01
HIGHYIELD   2025-02-27 23:00:01
SGX         2025-03-03 23:00:00
TWD         2025-03-03 23:00:00
CNH-onshore 2025-03-06 23:00:00


===============================================
           Delayed optimal positions           
===============================================

                                    last_update
dynamic_TF_carry/SGX 2024-12-02 22:31:28.544775

Instruments at trade limit: No constraints

================================================
         Instruments at position limit          
================================================

                 keys  position pos_limit  spare
0            SGD_mini         0       0.0    0.0
125             SP400         0       0.0    0.0
122              GICS         0       0.0    0.0
118           MILKWET         0       0.0    0.0
115         EU-RETAIL         0       0.0    0.0
114              VNKI         0       0.0    0.0
113              WHEY         0       0.0    0.0
107               PLN         0       0.0    0.0
106   GASOILINE_micro         0       0.0    0.0
105              CH10         0       0.0    0.0
99            SMI-MID         0       0.0    0.0
97                TWD         0       0.0    0.0
96         COPPER_LME         0       0.0    0.0
94            BOVESPA         0       0.0    0.0
92   EUROSTX200-LARGE         0       0.0    0.0
88                NOK         0       0.0    0.0
86             CHFJPY         0       0.0    0.0
81           EU-MEDIA         0       0.0    0.0
79              R1000         0       0.0    0.0
77             KRWUSD         0       0.0    0.0
71                SGX         0       0.0    0.0
64             BUTTER         0       0.0    0.0
62           JPY_mini         0       0.0    0.0
61             GBPJPY         0       0.0    0.0
127          TWD-mini         0       0.0    0.0
135            PALLAD         0       0.0    0.0
138            EURCHF         0       0.0    0.0
143                IG         0       0.0    0.0
238       EPRA-EUROPE         0       0.0    0.0
234               CLP         0       0.0    0.0
232               JGB         0       0.0    0.0
230       CNH-onshore         0       0.0    0.0
229               RUR         0       0.0    0.0
223           EU-CHEM         0       0.0    0.0
218              COAL         0       0.0    0.0
215            AUDJPY         0       0.0    0.0
203         SWISSLEAD         0       0.0    0.0
202         EU-TRAVEL         0       0.0    0.0
199        EU-DJ-TECH         0       0.0    0.0
60           ETHEREUM         0       0.0    0.0
198         CHF_micro         0       0.0    0.0
185               SEK         0       0.0    0.0
181               CZK         0       0.0    0.0
172            COTTON         0       0.0    0.0
169            NASDAQ         0       0.0    0.0
165     EU-DJ-TELECOM         0       0.0    0.0
159             STEEL         0       0.0    0.0
157            EURCAD         0       0.0    0.0
154          JGB-mini         0       0.0    0.0
153     EUROSTX-LARGE         0       0.0    0.0
149       COPPER-mini         0       0.0    0.0
145       HEATOIL-ICE         0       0.0    0.0
187        BRENT-LAST        -1       1.0    0.0
55       COAL-GEORDIE         0       0.0    0.0
123              BUXL        -1       1.0    0.0
53          HIGHYIELD         0       0.0    0.0
14           EU-HOUSE         0       0.0    0.0
8             ETHANOL         0       0.0    0.0
24            TIN_LME         0       0.0    0.0
23           AEX_mini         0       0.0    0.0
54    EU-CONSTRUCTION         0       0.0    0.0
11            MILKDRY         0       0.0    0.0
32                MIB         1       1.0    0.0
34                OMX         0       0.0    0.0
19                IRS         0       0.0    0.0
52           HOUSE-US         0       0.0    0.0
50             EURAUD         0       0.0    0.0


==========================================================
         Overrides in database consider deleting          
==========================================================

                                                  override
NICKEL_LME              Override Close because in database
VNKI              Override Reduce only because in database
FTSE100           Override Reduce only because in database
RICE              Override Reduce only because in database
SPI200            Override Reduce only because in database
OATIES            Override Reduce only because in database
JGB-mini          Override Reduce only because in database
STEEL             Override Reduce only because in database
GOLD-mini         Override Reduce only because in database
IRS               Override Reduce only because in database
VIX_mini          Override Reduce only because in database
JP-REALESTATE     Override Reduce only because in database
GICS              Override Reduce only because in database
KRWUSD            Override Reduce only because in database
TOPIX             Override Reduce only because in database
PLN               Override Reduce only because in database
NIKKEI400         Override Reduce only because in database
CZK               Override Reduce only because in database
EURCAD            Override Reduce only because in database
TWD               Override Reduce only because in database
CHF_micro         Override Reduce only because in database
NOK               Override Reduce only because in database
R1000             Override Reduce only because in database
IBEX_mini         Override Reduce only because in database
EU-CHEM           Override Reduce only because in database
EU-INSURE         Override Reduce only because in database
KOSDAQ            Override Reduce only because in database
IBEX              Override Reduce only because in database
AUDJPY            Override Reduce only because in database
EUR_mini          Override Reduce only because in database
GBPCHF            Override Reduce only because in database
DJSTX-SMALL       Override Reduce only because in database
YENEUR            Override Reduce only because in database
CHFJPY            Override Reduce only because in database
CNH-onshore       Override Reduce only because in database
COAL-GEORDIE      Override Reduce only because in database
CRUDE_W_mini      Override Reduce only because in database
SEK               Override Reduce only because in database
OMX               Override Reduce only because in database
GBPJPY            Override Reduce only because in database
EURAUD            Override Reduce only because in database
RUR               Override Reduce only because in database
TWD-mini          Override Reduce only because in database
JPY_mini          Override Reduce only because in database
EU-BANKS          Override Reduce only because in database
EU-CONSTRUCTION   Override Reduce only because in database
GASOILINE_micro   Override Reduce only because in database
ZAR               Override Reduce only because in database
EU-TECH           Override Reduce only because in database
US-DISCRETE       Override Reduce only because in database
SMI-MID           Override Reduce only because in database
INR               Override Reduce only because in database
MIB               Override Reduce only because in database
COAL              Override Reduce only because in database
EU-RETAIL         Override Reduce only because in database
EU-OIL            Override Reduce only because in database
US-ENERGY         Override Reduce only because in database
EUROSTX-SMALL     Override Reduce only because in database
US-INDUSTRY       Override Reduce only because in database
NASDAQ_micro      Override Reduce only because in database
US-HEALTH         Override Reduce only because in database
EU-DJ-OIL         Override Reduce only because in database
MSCIWORLD         Override Reduce only because in database
CHINAA-CON        Override Reduce only because in database
SMI               Override Reduce only because in database
EU-UTILS          Override Reduce only because in database
EU-MID            Override Reduce only because in database
EPRA-EUROPE       Override Reduce only because in database
BBCOMM            Override Reduce only because in database
EU-HEALTH         Override Reduce only because in database
EU-HOUSE          Override Reduce only because in database
DOW_mini          Override Reduce only because in database
EU-DJ-TECH        Override Reduce only because in database
US-MATERIAL       Override Reduce only because in database
US-STAPLES        Override Reduce only because in database
EU-DJ-TELECOM     Override Reduce only because in database
NASDAQ            Override Reduce only because in database
EU-BASIC          Override Reduce only because in database
EU-DIV30          Override Reduce only because in database
EU-AUTO           Override Reduce only because in database
AEX               Override Reduce only because in database
FTSEINDO          Override Reduce only because in database
EUROSTX-LARGE     Override Reduce only because in database
FTSE250           Override Reduce only because in database
EU-DJ-UTIL        Override Reduce only because in database
MSCIEAFA          Override Reduce only because in database
EU-MEDIA          Override Reduce only because in database
EUROSTX           Override Reduce only because in database
EU-TRAVEL         Override Reduce only because in database
EURO600           Override Reduce only because in database
EU-REALESTATE     Override Reduce only because in database
SWISSLEAD         Override Reduce only because in database
AEX_mini          Override Reduce only because in database
CAC               Override Reduce only because in database
MSCIASIA          Override Reduce only because in database
EU-FOOD           Override Reduce only because in database
US-UTILS          Override Reduce only because in database
EUROSTX200-LARGE  Override Reduce only because in database
SP400             Override Reduce only because in database
RUSSELL_mini      Override Reduce only because in database
FANG              Override Reduce only because in database
FTSEVIET          Override Reduce only because in database
KR3               Override Reduce only because in database
FTSECHINAA        Override Reduce only because in database
KR10              Override Reduce only because in database
FTSETAIWAN        Override Reduce only because in database
US-REALESTATE     Override Reduce only because in database
SGX               Override Reduce only because in database

Locked instruments (position mismatch): []

==============================================
Status of adjusted price / FX price collection
==============================================

                         last_update
IG               2025-02-27 23:00:01
HIGHYIELD        2025-02-27 23:00:01
SGX              2025-03-03 23:00:00
TWD              2025-03-03 23:00:00
CNH-onshore      2025-03-06 23:00:00
MILKDRY          2025-03-07 23:00:00
MSCIEMASIA       2025-03-07 23:00:00
ETHANOL          2025-03-07 23:00:00
HOUSE-US         2025-03-07 23:00:00
SUGAR16          2025-03-07 23:00:00
EPRA-EUROPE      2025-03-07 23:00:00
CHFJPY           2025-03-07 23:00:00
SWISSLEAD        2025-03-07 23:00:00
RUR              2025-03-07 23:00:00
BOVESPA          2025-03-07 23:00:00
CZK              2025-03-07 23:00:00
GICS             2025-03-07 23:00:00
GASOILINE_micro  2025-03-07 23:00:00
VNKI             2025-03-07 23:00:00
GAS-PEN          2025-03-07 23:00:00
CLP              2025-03-07 23:00:00
OMX              2025-03-07 23:00:00
COTTON           2025-03-07 23:00:00
MILKWET          2025-03-07 23:00:00
SGD              2025-03-08 23:00:00
SGD_mini         2025-03-10 02:00:00
TWD-mini         2025-03-10 03:00:00
KR3              2025-03-10 04:00:00
JP-REALESTATE    2025-03-10 04:00:00
SPI200           2025-03-10 04:00:00
JGB-mini         2025-03-10 04:00:00
KRWUSD_mini      2025-03-10 04:00:00
IRON             2025-03-10 04:00:00
FTSEVIET         2025-03-10 04:00:00
RUBBER           2025-03-10 04:00:00
FTSECHINAA       2025-03-10 05:00:00
KR10             2025-03-10 05:00:00
HANGENT_mini     2025-03-10 05:00:00
KOSPI            2025-03-10 05:00:00
KOSDAQ           2025-03-10 05:00:00
JGB-SGX-mini     2025-03-10 05:00:00
JGB              2025-03-10 05:00:00
HANG_mini        2025-03-10 05:00:00
HANGTECH         2025-03-10 05:00:00
HANGENT          2025-03-10 05:00:00
HANG             2025-03-10 05:00:00
FTSETAIWAN       2025-03-10 05:00:00
FTSEINDO         2025-03-10 05:00:00
KOSPI_mini       2025-03-10 05:00:00
MSCISING*        2025-03-10 05:00:00
FTSECHINAH       2025-03-10 05:00:00
MSCITAIWAN       2025-03-10 05:00:00
CNH              2025-03-10 05:00:00
TOPIX*           2025-03-10 05:00:00
NIKKEI400        2025-03-10 05:00:00
CHINAA-CON       2025-03-10 05:00:00
NIKKEI           2025-03-10 05:00:00
MUMMY*           2025-03-10 05:00:00
AEX_mini         2025-03-10 08:00:00
TIN_LME          2025-03-10 14:00:00
COAL-GEORDIE     2025-03-10 14:00:00
EURIBOR          2025-03-10 14:00:00
BONO             2025-03-10 15:00:00
GILT             2025-03-10 15:00:00
GBPCHF           2025-03-10 15:00:00
BRENT_W          2025-03-10 15:00:00
EUA              2025-03-10 15:00:00
EURIBOR-ICE      2025-03-10 15:00:00
EUROSTX-SMALL    2025-03-10 15:00:00
EU-RETAIL        2025-03-10 15:00:00
EUROSTX200-LARGE 2025-03-10 15:00:00
GASOIL           2025-03-10 15:00:00
WHEAT_ICE        2025-03-10 15:00:00
ALUMINIUM_LME    2025-03-10 15:00:00
ZINC_LME         2025-03-10 15:00:00
FTSE100          2025-03-10 15:00:00
FTSE250          2025-03-10 15:00:00
EUROSTX-LARGE    2025-03-10 15:00:00
HEATOIL-ICE      2025-03-10 15:00:00
EU-MID           2025-03-10 15:00:00
CRUDE_ICE        2025-03-10 15:00:00
COAL             2025-03-10 15:00:00
ROBUSTA          2025-03-10 15:00:00
MIB*             2025-03-10 15:00:00
NICKEL_LME       2025-03-10 15:00:00
CH10             2025-03-10 15:00:00
SARONA           2025-03-10 15:00:00
EU-DJ-TECH       2025-03-10 15:00:00
EU-DJ-TELECOM    2025-03-10 15:00:00
COPPER_LME       2025-03-10 15:00:00
MILLWHEAT        2025-03-10 15:00:00
SMI-MID          2025-03-10 15:00:00
IBEX_mini        2025-03-10 15:00:00
IBEX             2025-03-10 15:00:00
MSCIWORLD        2025-03-10 15:00:00
SONIA3           2025-03-10 15:00:00
COCOA_LDN        2025-03-10 15:00:00
LEAD_LME         2025-03-10 15:00:00
V2X              2025-03-10 16:00:00
GASOILINE_ICE    2025-03-10 16:00:00
SUGAR11          2025-03-10 16:00:00
SHATZ            2025-03-10 16:00:00
SMI*             2025-03-10 16:00:00
SUGAR_WHITE      2025-03-10 16:00:00
OAT              2025-03-10 16:00:00
MSCIASIA         2025-03-10 16:00:00
AEX              2025-03-10 16:00:00
EU-BASIC         2025-03-10 16:00:00
EU-INSURE        2025-03-10 16:00:00
EU-MEDIA         2025-03-10 16:00:00
EU-OIL           2025-03-10 16:00:00
EU-REALESTATE    2025-03-10 16:00:00
EU-FOOD          2025-03-10 16:00:00
EU-TECH          2025-03-10 16:00:00
EU-TRAVEL        2025-03-10 16:00:00
CAC              2025-03-10 16:00:00
EU-UTILS         2025-03-10 16:00:00
EU-DJ-UTIL       2025-03-10 16:00:00
EU-DJ-OIL        2025-03-10 16:00:00
EU-DIV30         2025-03-10 16:00:00
EU-CONSTRUCTION  2025-03-10 16:00:00
EU-HOUSE         2025-03-10 16:00:00
EURCAD           2025-03-10 16:00:00
BUND             2025-03-10 16:00:00
EU-CHEM          2025-03-10 16:00:00
BOBL             2025-03-10 16:00:00
BUXL*            2025-03-10 16:00:00
EU-BANKS         2025-03-10 16:00:00
EU-AUTO          2025-03-10 16:00:00
EURO600          2025-03-10 16:00:00
EUROSTX          2025-03-10 16:00:00
BTP3             2025-03-10 16:00:00
BTP              2025-03-10 16:00:00
DJSTX-SMALL      2025-03-10 16:00:00
DAX              2025-03-10 16:00:00
EU-HEALTH        2025-03-10 16:00:00
IRS              2025-03-10 17:00:00
COFFEE           2025-03-10 17:00:00
OJ               2025-03-10 17:00:00
COCOA            2025-03-10 17:00:00
GAS_US_mini      2025-03-10 17:00:00
BUTTER           2025-03-10 18:00:00
SOYMEAL          2025-03-10 18:00:00
GAS-LAST         2025-03-10 18:00:00
SOYBEAN_mini     2025-03-10 18:00:00
MILK             2025-03-10 18:00:00
SOYOIL           2025-03-10 18:00:00
LIVECOW          2025-03-10 18:00:00
LEANHOG*         2025-03-10 18:00:00
CORN             2025-03-10 18:00:00
SOYBEAN          2025-03-10 18:00:00
WHEY             2025-03-10 18:00:00
OATIES           2025-03-10 18:00:00
WHEAT_mini       2025-03-10 18:00:00
RICE             2025-03-10 18:00:00
REDWHEAT         2025-03-10 18:00:00
COTTON2          2025-03-10 18:00:00
EURAUD           2025-03-10 18:00:00
WHEAT            2025-03-10 18:00:00
AUDJPY           2025-03-10 18:00:00
CORN_mini        2025-03-10 18:00:00
FEEDCOW*         2025-03-10 18:00:00
BBCOMM           2025-03-10 18:00:00
CANOLA           2025-03-10 18:00:00
COPPER-mini      2025-03-10 19:00:00
US-DISCRETE      2025-03-10 19:00:00
NZD*             2025-03-10 19:00:00
CHF_micro        2025-03-10 19:00:00
R1000            2025-03-10 19:00:00
PLN              2025-03-10 19:00:00
NOK              2025-03-10 19:00:00
US-ENERGY        2025-03-10 19:00:00
LUMBER-new       2025-03-10 19:00:00
US-INDUSTRY      2025-03-10 19:00:00
EURCHF           2025-03-10 19:00:00
GBPEUR           2025-03-10 19:00:00
GBPJPY           2025-03-10 19:00:00
GBP_micro        2025-03-10 19:00:00
VIX_mini         2025-03-10 19:00:00
US-HEALTH        2025-03-10 19:00:00
INR              2025-03-10 19:00:00
KRWUSD           2025-03-10 19:00:00
DX               2025-03-10 19:00:00
CAD_micro        2025-03-10 19:00:00
US-UTILS         2025-03-10 19:00:00
US-MATERIAL      2025-03-10 19:00:00
CAD2             2025-03-10 19:00:00
CHEESE           2025-03-10 19:00:00
STEEL            2025-03-10 20:00:00
SP500_micro*     2025-03-10 20:00:00
BRE              2025-03-10 20:00:00
BRENT-LAST*      2025-03-10 20:00:00
FED              2025-03-10 20:00:00
US-REALESTATE    2025-03-10 20:00:00
ALUMINIUM        2025-03-10 20:00:00
ZAR              2025-03-10 20:00:00
YENEUR           2025-03-10 20:00:00
AUD              2025-03-10 20:00:00
VIX*             2025-03-10 20:00:00
AUD_micro        2025-03-10 20:00:00
BITCOIN*         2025-03-10 20:00:00
US5              2025-03-10 20:00:00
US3              2025-03-10 20:00:00
US20             2025-03-10 20:00:00
US2              2025-03-10 20:00:00
US10U            2025-03-10 20:00:00
US10             2025-03-10 20:00:00
US-STAPLES       2025-03-10 20:00:00
US30             2025-03-10 20:00:00
SP500            2025-03-10 20:00:00
PALLAD           2025-03-10 20:00:00
SOFR             2025-03-10 20:00:00
ETHER-micro      2025-03-10 20:00:00
ETHEREUM         2025-03-10 20:00:00
JPY_mini         2025-03-10 20:00:00
SP400            2025-03-10 20:00:00
HEATOIL          2025-03-10 20:00:00
EUR              2025-03-10 20:00:00
GOLD_micro       2025-03-10 20:00:00
GOLD-mini        2025-03-10 20:00:00
GOLD             2025-03-10 20:00:00
GBP*             2025-03-10 20:00:00
GAS_US           2025-03-10 20:00:00
GASOILINE        2025-03-10 20:00:00
EUR_micro        2025-03-10 20:00:00
EUR_mini         2025-03-10 20:00:00
FANG             2025-03-10 20:00:00
DOW_mini         2025-03-10 20:00:00
DOW*             2025-03-10 20:00:00
JPY              2025-03-10 20:00:00
MSCIEAFA         2025-03-10 20:00:00
CAD              2025-03-10 20:00:00
SILVER           2025-03-10 20:00:00
CAD10*           2025-03-10 20:00:00
CRUDE_W_mini     2025-03-10 20:00:00
SEK              2025-03-10 20:00:00
RUSSELL_mini     2025-03-10 20:00:00
RUSSELL*         2025-03-10 20:00:00
CHF              2025-03-10 20:00:00
CAD5             2025-03-10 20:00:00
COPPER           2025-03-10 20:00:00
COPPER-micro*    2025-03-10 20:00:00
NASDAQ_micro     2025-03-10 20:00:00
NASDAQ           2025-03-10 20:00:00
MXP              2025-03-10 20:00:00
CRUDE_W          2025-03-10 20:00:00
CRUDE_W_micro    2025-03-10 20:00:00
PLAT             2025-03-10 20:00:00
CHFUSD           2025-03-10 23:00:00
JPYUSD           2025-03-10 23:00:00
EURUSD           2025-03-10 23:00:00
CADUSD           2025-03-10 23:00:00
KRWUSD           2025-03-10 23:00:00
SGDUSD           2025-03-10 23:00:00
SEKUSD           2025-03-10 23:00:00
GBPUSD           2025-03-10 23:00:00
MXPUSD           2025-03-10 23:00:00
HKDUSD           2025-03-10 23:00:00
CNHUSD           2025-03-10 23:00:00
AUDUSD           2025-03-10 23:00:00


============================================================
           Status of optimal position generation            
============================================================

                                                 last_update
dynamic_TF_carry/SGX              2024-12-02 22:31:28.544775
dynamic_TF_carry/EU-CONSTRUCTION  2025-03-10 22:31:34.883485
dynamic_TF_carry/US-UTILS         2025-03-10 22:31:34.883737
dynamic_TF_carry/GASOILINE        2025-03-10 22:31:34.883975
dynamic_TF_carry/DOW              2025-03-10 22:31:34.884209
dynamic_TF_carry/SEK              2025-03-10 22:31:34.884441
dynamic_TF_carry/US-HEALTH        2025-03-10 22:31:34.884671
dynamic_TF_carry/COCOA            2025-03-10 22:31:34.884902
dynamic_TF_carry/SUGAR11          2025-03-10 22:31:34.885133
dynamic_TF_carry/EU-RETAIL        2025-03-10 22:31:34.885362
dynamic_TF_carry/KRWUSD           2025-03-10 22:31:34.885591
dynamic_TF_carry/JPY              2025-03-10 22:31:34.885820
dynamic_TF_carry/BOVESPA          2025-03-10 22:31:34.886050
dynamic_TF_carry/MSCIWORLD        2025-03-10 22:31:34.886278
dynamic_TF_carry/OAT              2025-03-10 22:31:34.886512
dynamic_TF_carry/AUDJPY           2025-03-10 22:31:34.886744
dynamic_TF_carry/YENEUR           2025-03-10 22:31:34.886974
dynamic_TF_carry/HANGTECH         2025-03-10 22:31:34.887201
dynamic_TF_carry/BRENT-LAST       2025-03-10 22:31:34.887429
dynamic_TF_carry/EU-DIV30         2025-03-10 22:31:34.887656
dynamic_TF_carry/SUGAR_WHITE      2025-03-10 22:31:34.887884
dynamic_TF_carry/EU-INSURE        2025-03-10 22:31:34.888112
dynamic_TF_carry/ETHEREUM         2025-03-10 22:31:34.888339
dynamic_TF_carry/LIVECOW          2025-03-10 22:31:34.888571
dynamic_TF_carry/VIX              2025-03-10 22:31:34.888801
dynamic_TF_carry/EUR              2025-03-10 22:31:34.889031
dynamic_TF_carry/ZINC_LME         2025-03-10 22:31:34.889258
dynamic_TF_carry/EU-DJ-UTIL       2025-03-10 22:31:34.889485
dynamic_TF_carry/RICE             2025-03-10 22:31:34.889713
dynamic_TF_carry/NIKKEI           2025-03-10 22:31:34.889941
dynamic_TF_carry/VNKI             2025-03-10 22:31:34.890169
dynamic_TF_carry/US-REALESTATE    2025-03-10 22:31:34.890402
dynamic_TF_carry/WHEY             2025-03-10 22:31:34.890643
dynamic_TF_carry/FANG             2025-03-10 22:31:34.890878
dynamic_TF_carry/REDWHEAT         2025-03-10 22:31:34.891113
dynamic_TF_carry/EU-AUTO          2025-03-10 22:31:34.891349
dynamic_TF_carry/DAX              2025-03-10 22:31:34.891584
dynamic_TF_carry/IRS              2025-03-10 22:31:34.891818
dynamic_TF_carry/AUD              2025-03-10 22:31:34.892052
dynamic_TF_carry/BTP3             2025-03-10 22:31:34.892288
dynamic_TF_carry/EUROSTX          2025-03-10 22:31:34.892522
dynamic_TF_carry/LEAD_LME         2025-03-10 22:31:34.892757
dynamic_TF_carry/CANOLA           2025-03-10 22:31:34.892992
dynamic_TF_carry/EU-BANKS         2025-03-10 22:31:34.893226
dynamic_TF_carry/BTP              2025-03-10 22:31:34.893458
dynamic_TF_carry/COFFEE           2025-03-10 22:31:34.893693
dynamic_TF_carry/SGD              2025-03-10 22:31:34.893928
dynamic_TF_carry/MILK             2025-03-10 22:31:34.894162
dynamic_TF_carry/NOK              2025-03-10 22:31:34.894402
dynamic_TF_carry/FEEDCOW          2025-03-10 22:31:34.894640
dynamic_TF_carry/EU-TRAVEL        2025-03-10 22:31:34.894876
dynamic_TF_carry/FTSE250          2025-03-10 22:31:34.895110
dynamic_TF_carry/CAC              2025-03-10 22:31:34.895345
dynamic_TF_carry/NASDAQ_micro     2025-03-10 22:31:34.895581
dynamic_TF_carry/FTSEINDO         2025-03-10 22:31:34.895816
dynamic_TF_carry/SP500_micro      2025-03-10 22:31:34.896287
dynamic_TF_carry/WHEAT_ICE        2025-03-10 22:31:34.896522
dynamic_TF_carry/US10U            2025-03-10 22:31:34.896759
dynamic_TF_carry/EU-MID           2025-03-10 22:31:34.896996
dynamic_TF_carry/MUMMY            2025-03-10 22:31:34.897230
dynamic_TF_carry/PALLAD           2025-03-10 22:31:34.897698
dynamic_TF_carry/EUA              2025-03-10 22:31:34.897934
dynamic_TF_carry/CAD5             2025-03-10 22:31:34.898170
dynamic_TF_carry/CORN             2025-03-10 22:31:34.898641
dynamic_TF_carry/RUSSELL          2025-03-10 22:31:34.898878
dynamic_TF_carry/AEX              2025-03-10 22:31:34.899112
dynamic_TF_carry/CLP              2025-03-10 22:31:34.899347
dynamic_TF_carry/HEATOIL          2025-03-10 22:31:34.899581
dynamic_TF_carry/V2X              2025-03-10 22:31:34.899818
dynamic_TF_carry/US-INDUSTRY      2025-03-10 22:31:34.900052
dynamic_TF_carry/CNH              2025-03-10 22:31:34.900288
dynamic_TF_carry/GBP              2025-03-10 22:31:34.900523
dynamic_TF_carry/OATIES           2025-03-10 22:31:34.900756
dynamic_TF_carry/COPPER_LME       2025-03-10 22:31:34.900992
dynamic_TF_carry/TIN_LME          2025-03-10 22:31:34.901227
dynamic_TF_carry/SWISSLEAD        2025-03-10 22:31:34.901462
dynamic_TF_carry/EU-HEALTH        2025-03-10 22:31:34.901697
dynamic_TF_carry/FTSETAIWAN       2025-03-10 22:31:34.901935
dynamic_TF_carry/KR10             2025-03-10 22:31:34.902173
dynamic_TF_carry/AUD_micro        2025-03-10 22:31:34.902412
dynamic_TF_carry/GBPJPY           2025-03-10 22:31:34.902651
dynamic_TF_carry/WHEAT            2025-03-10 22:31:34.902887
dynamic_TF_carry/EURO600          2025-03-10 22:31:34.903123
dynamic_TF_carry/MIB              2025-03-10 22:31:34.903358
dynamic_TF_carry/JP-REALESTATE    2025-03-10 22:31:34.903592
dynamic_TF_carry/MSCIEMASIA       2025-03-10 22:31:34.903827
dynamic_TF_carry/KOSPI_mini       2025-03-10 22:31:34.904065
dynamic_TF_carry/KR3              2025-03-10 22:31:34.904300
dynamic_TF_carry/PLAT             2025-03-10 22:31:34.904765
dynamic_TF_carry/US20             2025-03-10 22:31:34.905001
dynamic_TF_carry/COPPER-micro     2025-03-10 22:31:34.905235
dynamic_TF_carry/CRUDE_W_micro    2025-03-10 22:31:34.905470
dynamic_TF_carry/GAS_US_mini      2025-03-10 22:31:34.906131
dynamic_TF_carry/MSCISING         2025-03-10 22:31:34.906383
dynamic_TF_carry/FTSEVIET         2025-03-10 22:31:34.906624
dynamic_TF_carry/MSCIASIA         2025-03-10 22:31:34.906858
dynamic_TF_carry/DX               2025-03-10 22:31:34.907092
dynamic_TF_carry/SOFR             2025-03-10 22:31:34.907327
dynamic_TF_carry/EURCAD           2025-03-10 22:31:34.907561
dynamic_TF_carry/COAL             2025-03-10 22:31:34.907795
dynamic_TF_carry/HOUSE-US         2025-03-10 22:31:34.908029
dynamic_TF_carry/DJSTX-SMALL      2025-03-10 22:31:34.908264
dynamic_TF_carry/R1000            2025-03-10 22:31:34.908498
dynamic_TF_carry/US10             2025-03-10 22:31:34.908729
dynamic_TF_carry/BITCOIN          2025-03-10 22:31:34.908961
dynamic_TF_carry/BONO             2025-03-10 22:31:34.909194
dynamic_TF_carry/CRUDE_ICE        2025-03-10 22:31:34.909426
dynamic_TF_carry/HANG_mini        2025-03-10 22:31:34.909661
dynamic_TF_carry/MILKDRY          2025-03-10 22:31:34.909896
dynamic_TF_carry/BUXL             2025-03-10 22:31:34.910131
dynamic_TF_carry/FTSE100          2025-03-10 22:31:34.910372
dynamic_TF_carry/JGB              2025-03-10 22:31:34.910608
dynamic_TF_carry/STEEL            2025-03-10 22:31:34.910844
dynamic_TF_carry/NICKEL_LME       2025-03-10 22:31:34.911312
dynamic_TF_carry/US-DISCRETE      2025-03-10 22:31:34.911547
dynamic_TF_carry/ETHANOL          2025-03-10 22:31:34.911783
dynamic_TF_carry/SARONA           2025-03-10 22:31:34.912015
dynamic_TF_carry/SMI              2025-03-10 22:31:34.912249
dynamic_TF_carry/CAD              2025-03-10 22:31:34.912484
dynamic_TF_carry/SPI200           2025-03-10 22:31:34.912718
dynamic_TF_carry/KOSPI            2025-03-10 22:31:34.912952
dynamic_TF_carry/MXP              2025-03-10 22:31:34.913186
dynamic_TF_carry/EUROSTX-SMALL    2025-03-10 22:31:34.913419
dynamic_TF_carry/EURCHF           2025-03-10 22:31:34.913652
dynamic_TF_carry/MILLWHEAT        2025-03-10 22:31:34.913884
dynamic_TF_carry/EUR_micro        2025-03-10 22:31:34.914119
dynamic_TF_carry/EU-FOOD          2025-03-10 22:31:34.914353
dynamic_TF_carry/MSCITAIWAN       2025-03-10 22:31:34.914591
dynamic_TF_carry/SOYOIL           2025-03-10 22:31:34.914824
dynamic_TF_carry/COAL-GEORDIE     2025-03-10 22:31:34.915061
dynamic_TF_carry/PLN              2025-03-10 22:31:34.915526
dynamic_TF_carry/US-MATERIAL      2025-03-10 22:31:34.915760
dynamic_TF_carry/NIKKEI400        2025-03-10 22:31:34.915993
dynamic_TF_carry/US-STAPLES       2025-03-10 22:31:34.916226
dynamic_TF_carry/HANGENT_mini     2025-03-10 22:31:34.916459
dynamic_TF_carry/MILKWET          2025-03-10 22:31:34.916693
dynamic_TF_carry/COCOA_LDN        2025-03-10 22:31:34.916927
dynamic_TF_carry/SOYBEAN          2025-03-10 22:31:34.917393
dynamic_TF_carry/CZK              2025-03-10 22:31:34.917626
dynamic_TF_carry/EURIBOR          2025-03-10 22:31:34.917859
dynamic_TF_carry/INR              2025-03-10 22:31:34.918093
dynamic_TF_carry/ROBUSTA          2025-03-10 22:31:34.918326
dynamic_TF_carry/OJ               2025-03-10 22:31:34.918565
dynamic_TF_carry/GBPEUR           2025-03-10 22:31:34.918800
dynamic_TF_carry/US2              2025-03-10 22:31:34.919035
dynamic_TF_carry/CHEESE           2025-03-10 22:31:34.919268
dynamic_TF_carry/MSCIEAFA         2025-03-10 22:31:34.919502
dynamic_TF_carry/BBCOMM           2025-03-10 22:31:34.919734
dynamic_TF_carry/EU-DJ-TELECOM    2025-03-10 22:31:34.919967
dynamic_TF_carry/JGB-SGX-mini     2025-03-10 22:31:34.920201
dynamic_TF_carry/EU-UTILS         2025-03-10 22:31:34.920434
dynamic_TF_carry/EUROSTX200-LARGE 2025-03-10 22:31:34.920670
dynamic_TF_carry/CHINAA-CON       2025-03-10 22:31:34.920904
dynamic_TF_carry/FTSECHINAA       2025-03-10 22:31:34.921140
dynamic_TF_carry/RUR              2025-03-10 22:31:34.921376
dynamic_TF_carry/LEANHOG          2025-03-10 22:31:34.921610
dynamic_TF_carry/BUTTER           2025-03-10 22:31:34.921846
dynamic_TF_carry/GOLD_micro       2025-03-10 22:31:34.922080
dynamic_TF_carry/HIGHYIELD        2025-03-10 22:31:34.922314
dynamic_TF_carry/OMX              2025-03-10 22:31:34.922553
dynamic_TF_carry/ZAR              2025-03-10 22:31:34.922787
dynamic_TF_carry/SP400            2025-03-10 22:31:34.923023
dynamic_TF_carry/GASOIL           2025-03-10 22:31:34.923257
dynamic_TF_carry/CHF              2025-03-10 22:31:34.923493
dynamic_TF_carry/EU-OIL           2025-03-10 22:31:34.923727
dynamic_TF_carry/EURIBOR-ICE      2025-03-10 22:31:34.923961
dynamic_TF_carry/SHATZ            2025-03-10 22:31:34.924195
dynamic_TF_carry/EU-CHEM          2025-03-10 22:31:34.924663
dynamic_TF_carry/US-ENERGY        2025-03-10 22:31:34.924898
dynamic_TF_carry/CRUDE_W_mini     2025-03-10 22:31:34.925367
dynamic_TF_carry/KOSDAQ           2025-03-10 22:31:34.925600
dynamic_TF_carry/IRON             2025-03-10 22:31:34.925833
dynamic_TF_carry/COPPER           2025-03-10 22:31:34.926068
dynamic_TF_carry/US30             2025-03-10 22:31:34.926301
dynamic_TF_carry/CHFJPY           2025-03-10 22:31:34.926543
dynamic_TF_carry/SILVER           2025-03-10 22:31:34.926778
dynamic_TF_carry/IBEX_mini        2025-03-10 22:31:34.927012
dynamic_TF_carry/US5              2025-03-10 22:31:34.927245
dynamic_TF_carry/GILT             2025-03-10 22:31:34.927499
dynamic_TF_carry/SUGAR16          2025-03-10 22:31:34.927969
dynamic_TF_carry/EU-REALESTATE    2025-03-10 22:31:34.928203
dynamic_TF_carry/SONIA3           2025-03-10 22:31:34.928437
dynamic_TF_carry/EURAUD           2025-03-10 22:31:34.928671
dynamic_TF_carry/GBPCHF           2025-03-10 22:31:34.928905
dynamic_TF_carry/TOPIX            2025-03-10 22:31:34.929139
dynamic_TF_carry/CAD10            2025-03-10 22:31:34.929373
dynamic_TF_carry/BOBL             2025-03-10 22:31:34.929608
dynamic_TF_carry/SOYMEAL          2025-03-10 22:31:34.929840
dynamic_TF_carry/BRENT_W          2025-03-10 22:31:34.930077
dynamic_TF_carry/FTSECHINAH       2025-03-10 22:31:34.930314
dynamic_TF_carry/LUMBER-new       2025-03-10 22:31:34.930555
dynamic_TF_carry/GAS-LAST         2025-03-10 22:31:34.930791
dynamic_TF_carry/COTTON2          2025-03-10 22:31:34.931025
dynamic_TF_carry/US3              2025-03-10 22:31:34.931262
dynamic_TF_carry/IG               2025-03-10 22:31:34.931498
dynamic_TF_carry/RUBBER           2025-03-10 22:31:34.931732
dynamic_TF_carry/SOYBEAN_mini     2025-03-10 22:31:34.931968
dynamic_TF_carry/EU-TECH          2025-03-10 22:31:34.932202
dynamic_TF_carry/TWD              2025-03-10 22:31:34.932437
dynamic_TF_carry/EUROSTX-LARGE    2025-03-10 22:31:34.932671
dynamic_TF_carry/NZD              2025-03-10 22:31:34.932904
dynamic_TF_carry/GICS             2025-03-10 22:31:34.933138
dynamic_TF_carry/ALUMINIUM        2025-03-10 22:31:34.933372
dynamic_TF_carry/SMI-MID          2025-03-10 22:31:34.933606
dynamic_TF_carry/BRE              2025-03-10 22:31:34.933840
dynamic_TF_carry/EU-MEDIA         2025-03-10 22:31:34.934075
dynamic_TF_carry/COTTON           2025-03-10 22:31:34.934310
dynamic_TF_carry/FED              2025-03-10 22:31:34.934551
dynamic_TF_carry/KRWUSD_mini      2025-03-10 22:31:34.934785
dynamic_TF_carry/CH10             2025-03-10 22:31:34.935019
dynamic_TF_carry/EU-BASIC         2025-03-10 22:31:34.935254
dynamic_TF_carry/CAD2             2025-03-10 22:31:34.935488
dynamic_TF_carry/GAS-PEN          2025-03-10 22:31:34.935723
dynamic_TF_carry/EPRA-EUROPE      2025-03-10 22:31:34.936193
dynamic_TF_carry/BUND             2025-03-10 22:31:34.936429
dynamic_TF_carry/EU-HOUSE         2025-03-10 22:31:34.936663


======================================================================================================================
                                                Status of trade limits                                                
======================================================================================================================

                   period_days  trade_limit  trades_since_last_reset  trade_capacity_remaining   time_since_last_reset
 BUXL                       30            4                      2.0                       2.0 17 days 14:56:54.368450
 GBP                        14            4                      2.0                       2.0  7 days 07:56:55.122841
 BTP                        14            4                      1.0                       3.0  5 days 14:56:46.047753
 GAS_US_mini                14            4                      1.0                       3.0 13 days 08:56:41.231786
 LEANHOG                    14            4                      1.0                       3.0  7 days 07:26:55.543798
 BUND                       30            4                      1.0                       3.0 24 days 14:56:44.261533
 BTP                        30            4                      1.0                       3.0  5 days 14:56:46.049524
 CHF                        30            4                      1.0                       3.0  3 days 07:56:30.744462
 CHF                        14            4                      1.0                       3.0  3 days 07:56:30.745695
 CORN                        1            4                      0.0                       4.0  0 days 00:00:00.000003
 EU-DJ-UTIL                  1            4                      0.0                       4.0  0 days 00:00:00.000001
 EU-DJ-TELECOM               1            4                      0.0                       4.0  0 days 00:00:00.000001
 EU-DJ-TECH                  1            4                      0.0                       4.0  0 days 00:00:00.000001
 EU-DJ-OIL                   1            4                      0.0                       4.0  0 days 00:00:00.000001
 EU-CONSTRUCTION             1            4                      0.0                       4.0  0 days 00:00:00.000002
 COTTON                      1            4                      0.0                       4.0  0 days 00:00:00.000001
 CZK                         1            4                      0.0                       4.0  0 days 00:00:00.000001
 EU-HOUSE                    1            4                      0.0                       4.0  0 days 00:00:00.000002
 COPPER-mini                 1            4                      0.0                       4.0  0 days 00:00:00.000002
 CNH-onshore                 1            4                      0.0                       4.0  0 days 00:00:00.000002
 CLP                         1            4                      0.0                       4.0  0 days 00:00:00.000001
 CH10                        1            4                      0.0                       4.0  0 days 00:00:00.000001
 BUTTER                      1            4                      0.0                       4.0  0 days 00:00:00.000002
 BOVESPA                     1            4                      0.0                       4.0  0 days 00:00:00.000002
 ETHANOL                     1            4                      0.0                       4.0  0 days 00:00:00.000001
 EU-MEDIA                    1            4                      0.0                       4.0  0 days 00:00:00.000002
 EURCHF                      1            4                      0.0                       4.0  0 days 00:00:00.000001
 EU-REALESTATE               1            4                      0.0                       4.0  0 days 00:00:00.000001
 US-ENERGY                   1            4                      0.0                       4.0  0 days 00:00:00.000001
 US-DISCRETE                 1            4                      0.0                       4.0  0 days 00:00:00.000002
 SMI-MID                     1            4                      0.0                       4.0  0 days 00:00:00.000002
 SGX                         1            4                      0.0                       4.0  0 days 00:00:00.000002
 SGD                         1            4                      0.0                       4.0  0 days 00:00:00.000001
 OMX                         1            4                      0.0                       4.0  0 days 00:00:00.000001
 MSCIASIA                    1            4                      0.0                       4.0  0 days 00:00:00.000002
 MILKWET                     1            4                      0.0                       4.0  0 days 00:00:00.000002
 MILKDRY                     1            4                      0.0                       4.0  0 days 00:00:00.000001
 MID-DAX                     1            4                      0.0                       4.0  0 days 00:00:00.000001
 JP-REALESTATE               1            4                      0.0                       4.0  0 days 00:00:00.000001
 JGB-SGX-mini                1            4                      0.0                       4.0  0 days 00:00:00.000002
 IRS                         1            4                      0.0                       4.0  0 days 00:00:00.000002
 FTSEINDO                    1            4                      0.0                       4.0  0 days 00:00:00.000001
 EUROSTX200-LARGE            1            4                      0.0                       4.0  0 days 00:00:00.000001
 EUROSTX-SMALL               1            4                      0.0                       4.0  0 days 00:00:00.000001
