
********************************************************************************
                   Status report produced on 07/04/2025 22:55                   
********************************************************************************


Delayed methods: No delays

===============================
 Delayed adjusted / FX prices  
===============================

                    last_update
DJSTX-SMALL 2025-03-20 23:00:00
CNH-onshore 2025-03-31 23:00:00
SGX         2025-03-31 23:00:00
TWD         2025-04-03 23:00:01


===============================================
           Delayed optimal positions           
===============================================

                                    last_update
dynamic_TF_carry/SGX 2024-12-02 22:31:28.544775

Instruments at trade limit: No constraints

================================================
         Instruments at position limit          
================================================

                 keys  position pos_limit  spare
247               CLP         0       0.0    0.0
98              STEEL         0       0.0    0.0
96           EU-MEDIA         0       0.0    0.0
91        EPRA-EUROPE         0       0.0    0.0
202               IRS         0       0.0    0.0
88          EU-TRAVEL         0       0.0    0.0
86                SEK         0       0.0    0.0
85             KRWUSD         0       0.0    0.0
84             CHFJPY         0       0.0    0.0
99              R1000         0       0.0    0.0
81           HOUSE-US         0       0.0    0.0
67           TWD-mini         0       0.0    0.0
65               VNKI         0       0.0    0.0
214            PALLAD         0       0.0    0.0
63      EUROSTX-LARGE         0       0.0    0.0
215            AUDJPY         0       0.0    0.0
57                CZK         0       0.0    0.0
220          AEX_mini         0       0.0    0.0
54                 IG         0       0.0    0.0
69          HIGHYIELD         0       0.0    0.0
198            COTTON         0       0.0    0.0
196           BOVESPA         0       0.0    0.0
104            EURCAD         0       0.0    0.0
166          JPY_mini         0       0.0    0.0
172            GBPJPY         0       0.0    0.0
140           MILKDRY         0       0.0    0.0
138         EU-RETAIL         0       0.0    0.0
184               RUR         0       0.0    0.0
134               PLN         0       0.0    0.0
186              GICS         0       0.0    0.0
130            NASDAQ         0       0.0    0.0
128               JGB         0       0.0    0.0
127      COAL-GEORDIE         0       0.0    0.0
126           ETHANOL         0       0.0    0.0
125              CH10         0       0.0    0.0
192         SWISSLEAD         0       0.0    0.0
113            EURCHF         0       0.0    0.0
195          SGD_mini         0       0.0    0.0
109            EURAUD         0       0.0    0.0
108           EU-CHEM         0       0.0    0.0
107             SP400         0       0.0    0.0
106           SMI-MID         0       0.0    0.0
51        CNH-onshore         0       0.0    0.0
45                NOK         0       0.0    0.0
207       HEATOIL-ICE         0       0.0    0.0
43        COPPER-mini         0       0.0    0.0
31           ETHEREUM         0       0.0    0.0
29               WHEY         0       0.0    0.0
241     EU-DJ-TELECOM         0       0.0    0.0
27         EU-DJ-TECH         0       0.0    0.0
227               OMX         0       0.0    0.0
7     EU-CONSTRUCTION         0       0.0    0.0
37                TWD         0       0.0    0.0
225          EU-HOUSE         0       0.0    0.0
32   EUROSTX200-LARGE         0       0.0    0.0
12             BUTTER         0       0.0    0.0
232          JGB-mini         0       0.0    0.0
10            MILKWET         0       0.0    0.0
13         COPPER_LME         0       0.0    0.0
21          CHF_micro         0       0.0    0.0
44    GASOILINE_micro         0       0.0    0.0
41            TIN_LME         0       0.0    0.0
39                SGX         0       0.0    0.0
16               COAL         0       0.0    0.0


=========================================================
         Overrides in database consider deleting         
=========================================================

                                                 override
NICKEL_LME             Override Close because in database
GAS-LAST         Override Reduce only because in database
VIX_mini         Override Reduce only because in database
COPPER-mini      Override Reduce only because in database
IBEX             Override Reduce only because in database
GICS             Override Reduce only because in database
STEEL            Override Reduce only because in database
CNH-onshore      Override Reduce only because in database
CRUDE_W_mini     Override Reduce only because in database
VNKI             Override Reduce only because in database
BOVESPA          Override Reduce only because in database
SUGAR16          Override Reduce only because in database
GASOILINE_micro  Override Reduce only because in database
COAL             Override Reduce only because in database
OATIES           Override Reduce only because in database
CHINAA-CON       Override Reduce only because in database
AEX              Override Reduce only because in database
AEX_mini         Override Reduce only because in database
CAC              Override Reduce only because in database

Locked instruments (position mismatch): []

==============================================
Status of adjusted price / FX price collection
==============================================

                         last_update
DJSTX-SMALL      2025-03-20 23:00:00
CNH-onshore      2025-03-31 23:00:00
SGX              2025-03-31 23:00:00
TWD              2025-04-03 23:00:01
COAL             2025-04-04 23:00:00
MILKWET          2025-04-04 23:00:00
OMX              2025-04-04 23:00:00
CZK              2025-04-04 23:00:00
RUR              2025-04-04 23:00:00
ETHANOL          2025-04-04 23:00:00
HOUSE-US         2025-04-04 23:00:00
CLP              2025-04-04 23:00:00
SUGAR16          2025-04-04 23:00:00
BRENT_W          2025-04-04 23:00:00
COTTON           2025-04-04 23:00:00
SWISSLEAD        2025-04-04 23:00:00
BOVESPA          2025-04-04 23:00:00
WHEY             2025-04-04 23:00:00
GASOILINE_micro  2025-04-04 23:00:00
GASOILINE_ICE    2025-04-04 23:00:00
GAS-PEN          2025-04-04 23:00:00
GASOIL           2025-04-04 23:00:00
FTSEVIET         2025-04-05 23:00:00
FTSEINDO         2025-04-07 02:00:00
SGD              2025-04-07 02:00:00
VNKI             2025-04-07 03:00:00
TWD-mini         2025-04-07 03:00:00
SGD_mini         2025-04-07 03:00:00
KRWUSD_mini      2025-04-07 04:00:00
JP-REALESTATE    2025-04-07 04:00:00
HANG_mini        2025-04-07 04:00:00
MSCITAIWAN       2025-04-07 04:00:00
HANGENT          2025-04-07 04:00:00
HANG             2025-04-07 04:00:00
HANGTECH         2025-04-07 04:00:00
HANGENT_mini     2025-04-07 04:00:00
SPI200           2025-04-07 04:00:00
JGB-mini         2025-04-07 04:30:00
CHINAA-CON       2025-04-07 05:00:00
FTSECHINAA       2025-04-07 05:00:00
FTSECHINAH       2025-04-07 05:00:00
FTSETAIWAN       2025-04-07 05:00:00
TOPIX            2025-04-07 05:00:00
IRON             2025-04-07 05:00:00
CNH              2025-04-07 05:00:00
JGB-SGX-mini     2025-04-07 05:00:00
KOSDAQ*          2025-04-07 05:00:00
KOSPI            2025-04-07 05:00:00
KOSPI_mini       2025-04-07 05:00:00
KR10             2025-04-07 05:00:00
KR3              2025-04-07 05:00:00
RUBBER           2025-04-07 05:00:00
JGB              2025-04-07 05:00:00
MSCISING*        2025-04-07 05:00:00
NIKKEI           2025-04-07 05:00:00
MUMMY*           2025-04-07 05:00:00
NIKKEI400        2025-04-07 05:00:00
COAL-GEORDIE     2025-04-07 13:00:00
EU-DJ-TECH       2025-04-07 14:00:00
TIN_LME          2025-04-07 14:00:00
HEATOIL-ICE      2025-04-07 14:00:00
LEAD_LME         2025-04-07 14:00:00
CRUDE_ICE        2025-04-07 14:00:00
NICKEL_LME       2025-04-07 15:00:00
ALUMINIUM_LME    2025-04-07 15:00:00
EU-TECH          2025-04-07 15:00:00
COCOA_LDN        2025-04-07 15:00:00
EU-RETAIL        2025-04-07 15:00:00
ZINC_LME         2025-04-07 15:00:00
GILT             2025-04-07 15:00:00
EURIBOR          2025-04-07 15:00:00
SONIA3           2025-04-07 15:00:00
EU-HOUSE         2025-04-07 15:00:00
EUA              2025-04-07 15:00:00
ROBUSTA          2025-04-07 15:00:00
SMI-MID          2025-04-07 15:00:00
IBEX             2025-04-07 15:00:00
CH10             2025-04-07 15:00:00
MIB              2025-04-07 15:00:00
MILLWHEAT        2025-04-07 15:00:00
FTSE100          2025-04-07 15:00:00
SARONA           2025-04-07 15:00:00
EUROSTX-SMALL    2025-04-07 15:00:00
EU-CHEM          2025-04-07 15:00:00
IRS              2025-04-07 15:00:00
MSCIWORLD        2025-04-07 15:00:00
IBEX_mini        2025-04-07 15:00:00
COPPER_LME       2025-04-07 15:00:00
SHATZ            2025-04-07 16:00:00
V2X              2025-04-07 16:00:00
SMI              2025-04-07 16:00:00
WHEAT_ICE        2025-04-07 16:00:00
OAT              2025-04-07 16:00:00
SUGAR_WHITE      2025-04-07 16:00:00
FTSE250          2025-04-07 16:00:00
MSCIASIA         2025-04-07 16:00:00
AEX              2025-04-07 16:00:00
CAC              2025-04-07 16:00:00
EU-MEDIA         2025-04-07 16:00:00
EU-INSURE        2025-04-07 16:00:00
EU-HEALTH        2025-04-07 16:00:00
EU-FOOD          2025-04-07 16:00:00
EU-DJ-TELECOM    2025-04-07 16:00:00
EU-DJ-OIL        2025-04-07 16:00:00
EU-DIV30         2025-04-07 16:00:00
EU-CONSTRUCTION  2025-04-07 16:00:00
EU-MID           2025-04-07 16:00:00
EU-BASIC         2025-04-07 16:00:00
EU-AUTO          2025-04-07 16:00:00
EPRA-EUROPE      2025-04-07 16:00:00
EUROSTX200-LARGE 2025-04-07 16:00:00
DAX              2025-04-07 16:00:00
BTP3             2025-04-07 16:00:00
BOBL             2025-04-07 16:00:00
BONO             2025-04-07 16:00:00
BTP              2025-04-07 16:00:00
EU-BANKS*        2025-04-07 16:00:00
EU-OIL           2025-04-07 16:00:00
EU-DJ-UTIL       2025-04-07 16:00:00
EURO600          2025-04-07 16:00:00
AEX_mini         2025-04-07 16:00:00
EU-UTILS         2025-04-07 16:00:00
BUND             2025-04-07 16:00:00
EUROSTX          2025-04-07 16:00:00
BUXL             2025-04-07 16:00:00
EUROSTX-LARGE    2025-04-07 16:00:00
EURIBOR-ICE      2025-04-07 16:00:00
EU-REALESTATE    2025-04-07 16:00:00
EU-TRAVEL        2025-04-07 16:00:00
SUGAR11          2025-04-07 17:00:00
EURCAD           2025-04-07 17:00:00
MILKDRY          2025-04-07 18:00:00
CORN_mini        2025-04-07 18:00:00
CHFJPY           2025-04-07 18:00:00
OJ               2025-04-07 18:00:00
COCOA            2025-04-07 18:00:00
COFFEE           2025-04-07 18:00:00
KRWUSD           2025-04-07 18:00:00
LEANHOG*         2025-04-07 19:00:00
SOYBEAN          2025-04-07 19:00:00
US-DISCRETE      2025-04-07 19:00:00
CRUDE_W_micro    2025-04-07 19:00:00
DX               2025-04-07 19:00:00
FEEDCOW*         2025-04-07 19:00:00
COTTON2          2025-04-07 19:00:00
MSCIEMASIA       2025-04-07 19:00:00
CORN             2025-04-07 19:00:00
CAD2             2025-04-07 19:00:00
LIVECOW*         2025-04-07 19:00:00
BBCOMM           2025-04-07 19:00:00
STEEL            2025-04-07 19:00:00
GBPCHF           2025-04-07 19:00:00
CANOLA           2025-04-07 19:00:00
CHEESE           2025-04-07 19:00:00
GICS             2025-04-07 19:00:00
RICE             2025-04-07 19:00:00
REDWHEAT         2025-04-07 19:00:00
SOYBEAN_mini     2025-04-07 19:00:00
VIX_mini         2025-04-07 19:00:00
AUDJPY           2025-04-07 19:00:00
SOYMEAL          2025-04-07 19:00:00
OATIES           2025-04-07 19:00:00
SOYOIL           2025-04-07 19:00:00
HIGHYIELD        2025-04-07 19:00:00
IG               2025-04-07 19:00:00
INR              2025-04-07 19:00:00
WHEAT_mini       2025-04-07 19:00:00
EURAUD           2025-04-07 19:00:00
BUTTER           2025-04-07 19:00:00
WHEAT            2025-04-07 19:00:00
SOFR             2025-04-07 20:00:00
SP500_micro*     2025-04-07 20:00:00
SP400            2025-04-07 20:00:00
SP500            2025-04-07 20:00:00
EUR_micro        2025-04-07 20:00:00
BRE              2025-04-07 20:00:00
ZAR              2025-04-07 20:00:00
YENEUR*          2025-04-07 20:00:00
ALUMINIUM*       2025-04-07 20:00:00
AUD              2025-04-07 20:00:00
VIX              2025-04-07 20:00:00
AUD_micro        2025-04-07 20:00:00
US5              2025-04-07 20:00:00
US30             2025-04-07 20:00:00
US3              2025-04-07 20:00:00
US20             2025-04-07 20:00:00
US2              2025-04-07 20:00:00
US10U            2025-04-07 20:00:00
US10             2025-04-07 20:00:00
US-UTILS         2025-04-07 20:00:00
US-STAPLES       2025-04-07 20:00:00
SILVER           2025-04-07 20:00:00
US-MATERIAL      2025-04-07 20:00:00
US-INDUSTRY      2025-04-07 20:00:00
US-HEALTH        2025-04-07 20:00:00
US-ENERGY        2025-04-07 20:00:00
BITCOIN*         2025-04-07 20:00:00
BRENT-LAST       2025-04-07 20:00:00
US-REALESTATE    2025-04-07 20:00:00
NZD              2025-04-07 20:00:00
CAD10*           2025-04-07 20:00:00
ETHER-micro      2025-04-07 20:00:00
JPY_mini         2025-04-07 20:00:00
JPY              2025-04-07 20:00:00
CAD*             2025-04-07 20:00:00
HEATOIL          2025-04-07 20:00:00
GOLD_micro       2025-04-07 20:00:00
GOLD-mini        2025-04-07 20:00:00
GOLD             2025-04-07 20:00:00
GBP_micro        2025-04-07 20:00:00
GBPJPY           2025-04-07 20:00:00
GBPEUR           2025-04-07 20:00:00
GBP*             2025-04-07 20:00:00
GAS_US_mini      2025-04-07 20:00:00
GAS_US           2025-04-07 20:00:00
GASOILINE        2025-04-07 20:00:00
EUR              2025-04-07 20:00:00
GAS-LAST         2025-04-07 20:00:00
EURCHF           2025-04-07 20:00:00
FED              2025-04-07 20:00:00
FANG             2025-04-07 20:00:00
EUR_mini         2025-04-07 20:00:00
DOW_mini         2025-04-07 20:00:00
DOW*             2025-04-07 20:00:00
ETHEREUM         2025-04-07 20:00:00
LUMBER-new       2025-04-07 20:00:00
SEK              2025-04-07 20:00:00
CAD5             2025-04-07 20:00:00
RUSSELL_mini     2025-04-07 20:00:00
RUSSELL*         2025-04-07 20:00:00
CAD_micro        2025-04-07 20:00:00
CRUDE_W_mini     2025-04-07 20:00:00
PLN              2025-04-07 20:00:00
PLAT             2025-04-07 20:00:00
PALLAD           2025-04-07 20:00:00
CHF              2025-04-07 20:00:00
NOK              2025-04-07 20:00:00
R1000            2025-04-07 20:00:00
NASDAQ_micro     2025-04-07 20:00:00
NASDAQ           2025-04-07 20:00:00
MXP              2025-04-07 20:00:00
COPPER           2025-04-07 20:00:00
COPPER-micro*    2025-04-07 20:00:00
COPPER-mini      2025-04-07 20:00:00
MSCIEAFA         2025-04-07 20:00:00
CRUDE_W          2025-04-07 20:00:00
MILK             2025-04-07 20:00:00
CHF_micro        2025-04-07 20:00:00
CHFUSD           2025-04-07 23:00:00
JPYUSD           2025-04-07 23:00:00
EURUSD           2025-04-07 23:00:00
CADUSD           2025-04-07 23:00:00
KRWUSD           2025-04-07 23:00:00
MXPUSD           2025-04-07 23:00:00
SEKUSD           2025-04-07 23:00:00
GBPUSD           2025-04-07 23:00:00
SGDUSD           2025-04-07 23:00:00
HKDUSD           2025-04-07 23:00:00
CNHUSD           2025-04-07 23:00:00
AUDUSD           2025-04-07 23:00:00


============================================================
           Status of optimal position generation            
============================================================

                                                 last_update
dynamic_TF_carry/SGX              2024-12-02 22:31:28.544775
dynamic_TF_carry/GBPEUR           2025-04-07 22:31:34.734992
dynamic_TF_carry/MSCIASIA         2025-04-07 22:31:34.735244
dynamic_TF_carry/EURCHF           2025-04-07 22:31:34.735478
dynamic_TF_carry/EU-DJ-UTIL       2025-04-07 22:31:34.735938
dynamic_TF_carry/ZAR              2025-04-07 22:31:34.736166
dynamic_TF_carry/KRWUSD           2025-04-07 22:31:34.736394
dynamic_TF_carry/R1000            2025-04-07 22:31:34.736622
dynamic_TF_carry/SOYMEAL          2025-04-07 22:31:34.736847
dynamic_TF_carry/EU-RETAIL        2025-04-07 22:31:34.737074
dynamic_TF_carry/CHFJPY           2025-04-07 22:31:34.737301
dynamic_TF_carry/US-INDUSTRY      2025-04-07 22:31:34.737527
dynamic_TF_carry/US3              2025-04-07 22:31:34.737753
dynamic_TF_carry/EUROSTX-LARGE    2025-04-07 22:31:34.737978
dynamic_TF_carry/EU-BANKS         2025-04-07 22:31:34.738202
dynamic_TF_carry/SUGAR16          2025-04-07 22:31:34.738431
dynamic_TF_carry/SILVER           2025-04-07 22:31:34.738657
dynamic_TF_carry/SMI-MID          2025-04-07 22:31:34.738883
dynamic_TF_carry/BONO             2025-04-07 22:31:34.739109
dynamic_TF_carry/KR3              2025-04-07 22:31:34.739336
dynamic_TF_carry/MILKWET          2025-04-07 22:31:34.739562
dynamic_TF_carry/COCOA            2025-04-07 22:31:34.739787
dynamic_TF_carry/V2X              2025-04-07 22:31:34.740013
dynamic_TF_carry/BITCOIN          2025-04-07 22:31:34.740239
dynamic_TF_carry/EU-REALESTATE    2025-04-07 22:31:34.740465
dynamic_TF_carry/GICS             2025-04-07 22:31:34.740690
dynamic_TF_carry/CRUDE_W_mini     2025-04-07 22:31:34.740916
dynamic_TF_carry/NIKKEI           2025-04-07 22:31:34.741141
dynamic_TF_carry/ETHEREUM         2025-04-07 22:31:34.741367
dynamic_TF_carry/EU-MEDIA         2025-04-07 22:31:34.741593
dynamic_TF_carry/EU-DIV30         2025-04-07 22:31:34.741817
dynamic_TF_carry/US5              2025-04-07 22:31:34.742042
dynamic_TF_carry/MSCIEAFA         2025-04-07 22:31:34.742266
dynamic_TF_carry/RICE             2025-04-07 22:31:34.742495
dynamic_TF_carry/BTP3             2025-04-07 22:31:34.742720
dynamic_TF_carry/FANG             2025-04-07 22:31:34.742946
dynamic_TF_carry/VNKI             2025-04-07 22:31:34.743172
dynamic_TF_carry/EU-AUTO          2025-04-07 22:31:34.743397
dynamic_TF_carry/JGB-SGX-mini     2025-04-07 22:31:34.743622
dynamic_TF_carry/DJSTX-SMALL      2025-04-07 22:31:34.743847
dynamic_TF_carry/GAS-LAST         2025-04-07 22:31:34.744072
dynamic_TF_carry/GILT             2025-04-07 22:31:34.744298
dynamic_TF_carry/KOSDAQ           2025-04-07 22:31:34.744523
dynamic_TF_carry/FTSE100          2025-04-07 22:31:34.744748
dynamic_TF_carry/COFFEE           2025-04-07 22:31:34.744974
dynamic_TF_carry/KOSPI            2025-04-07 22:31:34.745200
dynamic_TF_carry/US10             2025-04-07 22:31:34.745426
dynamic_TF_carry/BTP              2025-04-07 22:31:34.745652
dynamic_TF_carry/AEX              2025-04-07 22:31:34.745878
dynamic_TF_carry/US30             2025-04-07 22:31:34.746103
dynamic_TF_carry/IBEX_mini        2025-04-07 22:31:34.746329
dynamic_TF_carry/JPY              2025-04-07 22:31:34.746560
dynamic_TF_carry/SP500_micro      2025-04-07 22:31:34.746786
dynamic_TF_carry/BRENT_W          2025-04-07 22:31:34.747012
dynamic_TF_carry/SMI              2025-04-07 22:31:34.747464
dynamic_TF_carry/BUND             2025-04-07 22:31:34.747689
dynamic_TF_carry/TWD              2025-04-07 22:31:34.747915
dynamic_TF_carry/BUTTER           2025-04-07 22:31:34.748140
dynamic_TF_carry/AUD              2025-04-07 22:31:34.748365
dynamic_TF_carry/GBPCHF           2025-04-07 22:31:34.748637
dynamic_TF_carry/HEATOIL          2025-04-07 22:31:34.748866
dynamic_TF_carry/COPPER-micro     2025-04-07 22:31:34.749094
dynamic_TF_carry/GOLD_micro       2025-04-07 22:31:34.749321
dynamic_TF_carry/RUR              2025-04-07 22:31:34.749547
dynamic_TF_carry/EU-HOUSE         2025-04-07 22:31:34.749774
dynamic_TF_carry/EU-DJ-TELECOM    2025-04-07 22:31:34.750226
dynamic_TF_carry/CAD              2025-04-07 22:31:34.750458
dynamic_TF_carry/EU-HEALTH        2025-04-07 22:31:34.750686
dynamic_TF_carry/OAT              2025-04-07 22:31:34.750912
dynamic_TF_carry/LEAD_LME         2025-04-07 22:31:34.751364
dynamic_TF_carry/SGD              2025-04-07 22:31:34.751590
dynamic_TF_carry/CHEESE           2025-04-07 22:31:34.751815
dynamic_TF_carry/MSCITAIWAN       2025-04-07 22:31:34.752041
dynamic_TF_carry/BUXL             2025-04-07 22:31:34.752267
dynamic_TF_carry/CZK              2025-04-07 22:31:34.752493
dynamic_TF_carry/IG               2025-04-07 22:31:34.752719
dynamic_TF_carry/SUGAR_WHITE      2025-04-07 22:31:34.752946
dynamic_TF_carry/FTSE250          2025-04-07 22:31:34.753174
dynamic_TF_carry/OMX              2025-04-07 22:31:34.753401
dynamic_TF_carry/US-HEALTH        2025-04-07 22:31:34.753628
dynamic_TF_carry/US-ENERGY        2025-04-07 22:31:34.753854
dynamic_TF_carry/SUGAR11          2025-04-07 22:31:34.754081
dynamic_TF_carry/BOVESPA          2025-04-07 22:31:34.754309
dynamic_TF_carry/WHEY             2025-04-07 22:31:34.754540
dynamic_TF_carry/AUDJPY           2025-04-07 22:31:34.754767
dynamic_TF_carry/SARONA           2025-04-07 22:31:34.754993
dynamic_TF_carry/CHF              2025-04-07 22:31:34.755219
dynamic_TF_carry/CHINAA-CON       2025-04-07 22:31:34.755445
dynamic_TF_carry/GAS_US_mini      2025-04-07 22:31:34.755670
dynamic_TF_carry/COAL-GEORDIE     2025-04-07 22:31:34.755896
dynamic_TF_carry/CH10             2025-04-07 22:31:34.756349
dynamic_TF_carry/HOUSE-US         2025-04-07 22:31:34.756604
dynamic_TF_carry/CAD2             2025-04-07 22:31:34.756832
dynamic_TF_carry/ETHANOL          2025-04-07 22:31:34.757286
dynamic_TF_carry/INR              2025-04-07 22:31:34.757511
dynamic_TF_carry/STEEL            2025-04-07 22:31:34.757737
dynamic_TF_carry/EURO600          2025-04-07 22:31:34.757965
dynamic_TF_carry/BOBL             2025-04-07 22:31:34.758192
dynamic_TF_carry/SP400            2025-04-07 22:31:34.758421
dynamic_TF_carry/DX               2025-04-07 22:31:34.758648
dynamic_TF_carry/FTSETAIWAN       2025-04-07 22:31:34.758874
dynamic_TF_carry/DAX              2025-04-07 22:31:34.759101
dynamic_TF_carry/COPPER_LME       2025-04-07 22:31:34.759327
dynamic_TF_carry/MSCISING         2025-04-07 22:31:34.759552
dynamic_TF_carry/NZD              2025-04-07 22:31:34.759779
dynamic_TF_carry/MSCIWORLD        2025-04-07 22:31:34.760006
dynamic_TF_carry/SEK              2025-04-07 22:31:34.760232
dynamic_TF_carry/CANOLA           2025-04-07 22:31:34.760459
dynamic_TF_carry/RUBBER           2025-04-07 22:31:34.760686
dynamic_TF_carry/BBCOMM           2025-04-07 22:31:34.761138
dynamic_TF_carry/US10U            2025-04-07 22:31:34.761363
dynamic_TF_carry/BRENT-LAST       2025-04-07 22:31:34.761589
dynamic_TF_carry/US2              2025-04-07 22:31:34.761815
dynamic_TF_carry/EU-TRAVEL        2025-04-07 22:31:34.762041
dynamic_TF_carry/OJ               2025-04-07 22:31:34.762267
dynamic_TF_carry/PLAT             2025-04-07 22:31:34.762499
dynamic_TF_carry/COTTON           2025-04-07 22:31:34.762724
dynamic_TF_carry/CAC              2025-04-07 22:31:34.762951
dynamic_TF_carry/HANGTECH         2025-04-07 22:31:34.763177
dynamic_TF_carry/PALLAD           2025-04-07 22:31:34.763628
dynamic_TF_carry/EURIBOR          2025-04-07 22:31:34.764078
dynamic_TF_carry/CRUDE_ICE        2025-04-07 22:31:34.764303
dynamic_TF_carry/KR10             2025-04-07 22:31:34.764529
dynamic_TF_carry/GBPJPY           2025-04-07 22:31:34.764754
dynamic_TF_carry/SHATZ            2025-04-07 22:31:34.764979
dynamic_TF_carry/WHEAT            2025-04-07 22:31:34.765204
dynamic_TF_carry/KRWUSD_mini      2025-04-07 22:31:34.765430
dynamic_TF_carry/COAL             2025-04-07 22:31:34.765654
dynamic_TF_carry/EU-TECH          2025-04-07 22:31:34.765878
dynamic_TF_carry/GASOIL           2025-04-07 22:31:34.766104
dynamic_TF_carry/EURIBOR-ICE      2025-04-07 22:31:34.766329
dynamic_TF_carry/COCOA_LDN        2025-04-07 22:31:34.766559
dynamic_TF_carry/EU-CHEM          2025-04-07 22:31:34.766783
dynamic_TF_carry/WHEAT_ICE        2025-04-07 22:31:34.767009
dynamic_TF_carry/CRUDE_W_micro    2025-04-07 22:31:34.767233
dynamic_TF_carry/MILLWHEAT        2025-04-07 22:31:34.767459
dynamic_TF_carry/REDWHEAT         2025-04-07 22:31:34.767684
dynamic_TF_carry/US20             2025-04-07 22:31:34.767909
dynamic_TF_carry/MILKDRY          2025-04-07 22:31:34.768134
dynamic_TF_carry/FEEDCOW          2025-04-07 22:31:34.768357
dynamic_TF_carry/MXP              2025-04-07 22:31:34.768582
dynamic_TF_carry/OATIES           2025-04-07 22:31:34.768808
dynamic_TF_carry/ALUMINIUM        2025-04-07 22:31:34.769034
dynamic_TF_carry/FTSEVIET         2025-04-07 22:31:34.769261
dynamic_TF_carry/FED              2025-04-07 22:31:34.769487
dynamic_TF_carry/SOYOIL           2025-04-07 22:31:34.769714
dynamic_TF_carry/SOFR             2025-04-07 22:31:34.769940
dynamic_TF_carry/EU-OIL           2025-04-07 22:31:34.770167
dynamic_TF_carry/SOYBEAN          2025-04-07 22:31:34.770397
dynamic_TF_carry/MIB              2025-04-07 22:31:34.770624
dynamic_TF_carry/SPI200           2025-04-07 22:31:34.770851
dynamic_TF_carry/EURCAD           2025-04-07 22:31:34.771078
dynamic_TF_carry/JP-REALESTATE    2025-04-07 22:31:34.771303
dynamic_TF_carry/US-MATERIAL      2025-04-07 22:31:34.771530
dynamic_TF_carry/EURAUD           2025-04-07 22:31:34.771756
dynamic_TF_carry/JGB              2025-04-07 22:31:34.772231
dynamic_TF_carry/HIGHYIELD        2025-04-07 22:31:34.772458
dynamic_TF_carry/COPPER           2025-04-07 22:31:34.772685
dynamic_TF_carry/TOPIX            2025-04-07 22:31:34.772910
dynamic_TF_carry/EUROSTX-SMALL    2025-04-07 22:31:34.773136
dynamic_TF_carry/NOK              2025-04-07 22:31:34.773362
dynamic_TF_carry/GAS-PEN          2025-04-07 22:31:34.773590
dynamic_TF_carry/NICKEL_LME       2025-04-07 22:31:34.773816
dynamic_TF_carry/HANGENT_mini     2025-04-07 22:31:34.774042
dynamic_TF_carry/SWISSLEAD        2025-04-07 22:31:34.774269
dynamic_TF_carry/CLP              2025-04-07 22:31:34.774500
dynamic_TF_carry/SOYBEAN_mini     2025-04-07 22:31:34.774727
dynamic_TF_carry/MUMMY            2025-04-07 22:31:34.774952
dynamic_TF_carry/FTSECHINAH       2025-04-07 22:31:34.775179
dynamic_TF_carry/EUR              2025-04-07 22:31:34.775404
dynamic_TF_carry/GASOILINE        2025-04-07 22:31:34.775629
dynamic_TF_carry/IRON             2025-04-07 22:31:34.775855
dynamic_TF_carry/CAD5             2025-04-07 22:31:34.776372
dynamic_TF_carry/MILK             2025-04-07 22:31:34.776602
dynamic_TF_carry/TIN_LME          2025-04-07 22:31:34.776831
dynamic_TF_carry/LIVECOW          2025-04-07 22:31:34.777059
dynamic_TF_carry/EU-INSURE        2025-04-07 22:31:34.777287
dynamic_TF_carry/GBP              2025-04-07 22:31:34.777515
dynamic_TF_carry/FTSECHINAA       2025-04-07 22:31:34.777968
dynamic_TF_carry/NIKKEI400        2025-04-07 22:31:34.778197
dynamic_TF_carry/VIX              2025-04-07 22:31:34.778428
dynamic_TF_carry/YENEUR           2025-04-07 22:31:34.778688
dynamic_TF_carry/ZINC_LME         2025-04-07 22:31:34.778918
dynamic_TF_carry/AUD_micro        2025-04-07 22:31:34.779146
dynamic_TF_carry/NASDAQ_micro     2025-04-07 22:31:34.779375
dynamic_TF_carry/LUMBER-new       2025-04-07 22:31:34.779603
dynamic_TF_carry/CNH              2025-04-07 22:31:34.779832
dynamic_TF_carry/IRS              2025-04-07 22:31:34.780059
dynamic_TF_carry/EUR_micro        2025-04-07 22:31:34.780284
dynamic_TF_carry/HANG_mini        2025-04-07 22:31:34.780512
dynamic_TF_carry/SONIA3           2025-04-07 22:31:34.780740
dynamic_TF_carry/MSCIEMASIA       2025-04-07 22:31:34.780968
dynamic_TF_carry/PLN              2025-04-07 22:31:34.781196
dynamic_TF_carry/EU-MID           2025-04-07 22:31:34.781425
dynamic_TF_carry/EPRA-EUROPE      2025-04-07 22:31:34.781651
dynamic_TF_carry/FTSEINDO         2025-04-07 22:31:34.781877
dynamic_TF_carry/ROBUSTA          2025-04-07 22:31:34.782103
dynamic_TF_carry/RUSSELL          2025-04-07 22:31:34.782329
dynamic_TF_carry/US-UTILS         2025-04-07 22:31:34.782560
dynamic_TF_carry/CORN             2025-04-07 22:31:34.782787
dynamic_TF_carry/EUROSTX200-LARGE 2025-04-07 22:31:34.783014
dynamic_TF_carry/EU-UTILS         2025-04-07 22:31:34.783240
dynamic_TF_carry/EU-BASIC         2025-04-07 22:31:34.783467
dynamic_TF_carry/COTTON2          2025-04-07 22:31:34.783695
dynamic_TF_carry/DOW              2025-04-07 22:31:34.783922
dynamic_TF_carry/EUA              2025-04-07 22:31:34.784149
dynamic_TF_carry/KOSPI_mini       2025-04-07 22:31:34.784377
dynamic_TF_carry/EU-FOOD          2025-04-07 22:31:34.784603
dynamic_TF_carry/US-DISCRETE      2025-04-07 22:31:34.784830
dynamic_TF_carry/EU-CONSTRUCTION  2025-04-07 22:31:34.785056
dynamic_TF_carry/BRE              2025-04-07 22:31:34.785282
dynamic_TF_carry/US-REALESTATE    2025-04-07 22:31:34.785510
dynamic_TF_carry/LEANHOG          2025-04-07 22:31:34.785738
dynamic_TF_carry/EUROSTX          2025-04-07 22:31:34.785964
dynamic_TF_carry/CAD10            2025-04-07 22:31:34.786192
dynamic_TF_carry/US-STAPLES       2025-04-07 22:31:34.786422


======================================================================================================================
                                                Status of trade limits                                                
======================================================================================================================

                   period_days  trade_limit  trades_since_last_reset  trade_capacity_remaining   time_since_last_reset
 CORN                        1            4                      0.0                       4.0  0 days 00:00:00.000003
 EU-DJ-TELECOM               1            4                      0.0                       4.0  0 days 00:00:00.000002
 EU-DJ-TECH                  1            4                      0.0                       4.0  0 days 00:00:00.000001
 EU-DJ-OIL                   1            4                      0.0                       4.0  0 days 00:00:00.000001
 EU-CONSTRUCTION             1            4                      0.0                       4.0  0 days 00:00:00.000001
 ETHANOL                     1            4                      0.0                       4.0  0 days 00:00:00.000002
 CZK                         1            4                      0.0                       4.0  0 days 00:00:00.000001
 COTTON                      1            4                      0.0                       4.0  0 days 00:00:00.000001
 COPPER-mini                 1            4                      0.0                       4.0  0 days 00:00:00.000002
 CNH-onshore                 1            4                      0.0                       4.0  0 days 00:00:00.000002
 CLP                         1            4                      0.0                       4.0  0 days 00:00:00.000002
 CH10                        1            4                      0.0                       4.0  0 days 00:00:00.000001
 BUTTER                      1            4                      0.0                       4.0  0 days 00:00:00.000001
 BOVESPA                     1            4                      0.0                       4.0  0 days 00:00:00.000002
 BEL20                       1            4                      0.0                       4.0  0 days 00:00:00.000002
 ALUMINIUM                   1            4                      0.0                       4.0  0 days 00:00:00.000001
 YENEUR                     30            4                      0.0                       4.0 20 days 07:56:46.192600
 US30                       30            4                      0.0                       4.0  0 days 00:00:00.000001
 US3                        30            4                      0.0                       4.0  0 days 00:00:00.000001
 US10U                      30            4                      0.0                       4.0  0 days 00:00:00.000002
 EU-DJ-UTIL                  1            4                      0.0                       4.0  0 days 00:00:00.000002
 EU-HOUSE                    1            4                      0.0                       4.0  0 days 00:00:00.000001
 EU-MEDIA                    1            4                      0.0                       4.0  0 days 00:00:00.000001
 EU-MID                      1            4                      0.0                       4.0  0 days 00:00:00.000001
 US-ENERGY                   1            4                      0.0                       4.0  0 days 00:00:00.000002
 US-DISCRETE                 1            4                      0.0                       4.0  0 days 00:00:00.000002
 SMI-MID                     1            4                      0.0                       4.0  0 days 00:00:00.000001
 SGX                         1            4                      0.0                       4.0  0 days 00:00:00.000002
 SGD                         1            4                      0.0                       4.0  0 days 00:00:00.000002
 OMX                         1            4                      0.0                       4.0  0 days 00:00:00.000001
 MSCIASIA                    1            4                      0.0                       4.0  0 days 00:00:00.000002
 MILKWET                     1            4                      0.0                       4.0  0 days 00:00:00.000002
 MILKDRY                     1            4                      0.0                       4.0  0 days 00:00:00.000001
 SP400                      30            4                      0.0                       4.0  0 days 00:00:00.000002
 MID-DAX                     1            4                      0.0                       4.0  0 days 00:00:00.000001
 JGB-SGX-mini                1            4                      0.0                       4.0  0 days 00:00:00.000001
 IRS                         1            4                      0.0                       4.0  0 days 00:00:00.000001
 FTSEINDO                    1            4                      0.0                       4.0  0 days 00:00:00.000001
 EUROSTX200-LARGE            1            4                      0.0                       4.0  0 days 00:00:00.000002
 EUROSTX-SMALL               1            4                      0.0                       4.0  0 days 00:00:00.000002
 EUROSTX-LARGE               1            4                      0.0                       4.0  0 days 00:00:00.000001
 EURIBOR                     1            4                      0.0                       4.0  0 days 00:00:00.000001
 EURCHF                      1            4                      0.0                       4.0  0 days 00:00:00.000002
 EU-REALESTATE               1            4                      0.0                       4.0  0 days 00:00:00.000002
 JP-REALESTATE               1            4                      0.0                       4.0  0 days 00:00:00.000001
 US-HEALTH                   1            4                      0.0                       4.0  0 days 00:00:00.000001
 SEK                        30            4                      0.0                       4.0  0 days 00:00:00.000002
 JGB                        30            4                      0.0                       4.0  0 days 00:00:00.000002
 GAS-LAST                   14            4                      0.0                       4.0  0 days 00:00:00.000001
 FTSETAIWAN                 14            4                      0.0                       4.0  0 days 00:00:00.000002
 EU-TECH                    14            4                      0.0                       4.0  0 days 00:00:00.000001
 EU-CHEM                    14            4                      0.0                       4.0  0 days 00:00:00.000002
 ETHEREUM                   14            4                      0.0                       4.0  0 days 00:00:00.000001
 CNH                        14            4                      0.0                       4.0  0 days 00:00:00.000002
 BUXL                       14            4                      0.0                       4.0  3 days 14:45:53.804098
 BTP3                       14            4                      0.0                       4.0  0 days 00:00:00.000001
 BRENT-LAST                 14            4                      0.0                       4.0  0 days 00:00:00.000001
 BONO                       14            4                      0.0                       4.0  0 days 00:00:00.000002
 YENEUR                      1            4                      0.0                       4.0  0 days 00:00:00.000001
 US3                         1            4                      0.0                       4.0  0 days 00:00:00.000002
 US10U                       1            4                      0.0                       4.0  0 days 00:00:00.000002
 US-REALESTATE               1            4                      0.0                       4.0  0 days 00:00:00.000001
 TOPIX                       1            4                      0.0                       4.0  0 days 00:00:00.000001
 SP400                       1            4                      0.0                       4.0  0 days 00:00:00.000002
 SEK                         1            4                      0.0                       4.0  0 days 00:00:00.000002
 RUSSELL                     1            4                      0.0                       4.0  0 days 00:00:00.000001
 RUR                         1            4                      0.0                       4.0  0 days 00:00:00.000001
 GBPEUR                     14            4                      0.0                       4.0  0 days 00:00:00.000001
 HEATOIL                    14            4                      0.0                       4.0  0 days 00:00:00.000002
 JGB                        14            4                      0.0                       4.0  0 days 00:00:00.000001
 ZAR                         1            4                      0.0                       4.0  0 days 00:00:00.000002
 HEATOIL                    30            4                      0.0                       4.0  0 days 00:00:00.000001
 GBPEUR                     30            4                      0.0                       4.0  0 days 00:00:00.000001
 GASOILINE                  30            4                      0.0                       4.0  0 days 00:00:00.000002
 GAS-LAST                   30            4                      0.0                       4.0  0 days 00:00:00.000001
 FEEDCOW                    30            5                      1.0                       4.0 14 days 07:26:40.546434
 ETHEREUM                   30            4                      0.0                       4.0  0 days 00:00:00.000001
 CHF                        30            4                      0.0                       4.0  0 days 00:00:00.000002
 BUXL                       30            4                      0.0                       4.0  3 days 14:45:53.801334
 BTP3                       30            4                      0.0                       4.0  0 days 00:00:00.000001
 NOK                        30            4                      0.0                       4.0  0 days 00:00:00.000001
 BRENT-LAST                 30            4                      0.0                       4.0  0 days 00:00:00.000002
 YENEUR                     14            4                      0.0                       4.0  0 days 00:00:00.000001
 US30                       14            4                      0.0                       4.0  0 days 00:00:00.000001
 US3                        14            4                      0.0                       4.0  0 days 00:00:00.000002
 US10U                      14            4                      0.0                       4.0  0 days 00:00:00.000001
 SP400                      14            4                      0.0                       4.0  0 days 00:00:00.000001
 SEK                        14            4                      0.0                       4.0  0 days 00:00:00.000002
 REDWHEAT                   14            4                      0.0                       4.0  0 days 00:00:00.000001
 R1000                      14            4                      0.0                       4.0  0 days 00:00:00.000002
