
********************************************************************************
                   Status report produced on 10/10/2024 22:55                   
********************************************************************************


Delayed methods: No delays

============================
Delayed adjusted / FX prices
============================

                last_update
ETHANOL 2024-10-02 23:00:00

Delayed optimal positions: No delays
Instruments at trade limit: No constraints

================================================
         Instruments at position limit          
================================================

                 keys  position pos_limit  spare
127           US-TECH         0       0.0    0.0
145           GAS-PEN        -1       1.0    0.0
90                SGX         0       0.0    0.0
149       EPRA-EUROPE         0       0.0    0.0
232            AUDJPY         0       0.0    0.0
150          TWD-mini         0       0.0    0.0
52         EU-DJ-TECH         0       0.0    0.0
151              WHEY         0       0.0    0.0
153               OMX         0       0.0    0.0
193              GICS         0       0.0    0.0
190           EU-CHEM         0       0.0    0.0
44          EU-TRAVEL         0       0.0    0.0
158     EU-DJ-TELECOM         0       0.0    0.0
159       COPPER-mini         0       0.0    0.0
81                 IG         0       0.0    0.0
40             EURCAD         0       0.0    0.0
59             PALLAD         0       0.0    0.0
60          SWISSLEAD         0       0.0    0.0
61               VNKI         0       0.0    0.0
62            MILKDRY         0       0.0    0.0
198     EUROSTX-LARGE         0       0.0    0.0
79                IRS         0       0.0    0.0
78          EU-RETAIL         0       0.0    0.0
133            KRWUSD         0       0.0    0.0
218          JPY_mini         0       0.0    0.0
222          ETHEREUM         0       0.0    0.0
140         HIGHYIELD         0       0.0    0.0
39    EU-CONSTRUCTION         0       0.0    0.0
72               CH10         0       0.0    0.0
70                MIB         1       1.0    0.0
69           EU-HOUSE         0       0.0    0.0
68                CZK         0       0.0    0.0
88           JGB-mini         0       0.0    0.0
141               TWD         0       0.0    0.0
143         CHF_micro         0       0.0    0.0
229            EURAUD         0       0.0    0.0
226            GBPJPY         0       0.0    0.0
38           MSCIEAFA         2       2.0    0.0
82            SMI-MID         0       0.0    0.0
188               SEK         0       0.0    0.0
242              COAL         0       0.0    0.0
17             NASDAQ         0       0.0    0.0
16         COPPER_LME         0       0.0    0.0
104               JGB         0       0.0    0.0
105           TIN_LME         0       0.0    0.0
204             R1000         0       0.0    0.0
119             STEEL         0       0.0    0.0
118               CLP         0       0.0    0.0
244          SGD_mini         0       0.0    0.0
112          HOUSE-US         0       0.0    0.0
185               NOK         0       0.0    0.0
180           MILKWET         0       0.0    0.0
4              EURCHF         0       0.0    0.0
182            CHFJPY         0       0.0    0.0
1         CNH-onshore         0       0.0    0.0
241           BOVESPA         0       0.0    0.0
240            BUTTER         0       0.0    0.0
213      COAL-GEORDIE         0       0.0    0.0
186               RUR         0       0.0    0.0
24        HEATOIL-ICE         0       0.0    0.0
35              SP400         0       0.0    0.0
34             COTTON         0       0.0    0.0
172   GASOILINE_micro         0       0.0    0.0
101           ETHANOL         0       0.0    0.0
33           EU-MEDIA         0       0.0    0.0
31           AEX_mini         0       0.0    0.0
165               PLN         0       0.0    0.0
23   EUROSTX200-LARGE         0       0.0    0.0


======================================================
       Overrides in database consider deleting        
======================================================

                                              override
NICKEL_LME          Override Close because in database
VNKI          Override Reduce only because in database
OATIES        Override Reduce only because in database
ETHANOL       Override Reduce only because in database
BB3M          Override Reduce only because in database
SGD           Override Reduce only because in database
CNH-onshore   Override Reduce only because in database
IBEX          Override Reduce only because in database
CRUDE_W_mini  Override Reduce only because in database
GICS          Override Reduce only because in database
TWD           Override Reduce only because in database
LEAD_LME      Override Reduce only because in database
KRWUSD        Override Reduce only because in database
IBEX_mini     Override Reduce only because in database
ZINC_LME      Override Reduce only because in database
KOSPI_mini    Override Reduce only because in database
SGD_mini      Override Reduce only because in database
BOVESPA       Override Reduce only because in database
VIX_mini      Override Reduce only because in database

Locked instruments (position mismatch): []

==============================================
Status of adjusted price / FX price collection
==============================================

                         last_update
ETHANOL          2024-10-02 23:00:00
SGX              2024-10-07 23:00:00
TWD              2024-10-07 23:00:00
US-PROPERTY      2024-10-08 18:00:00
GAS_US           2024-10-08 20:00:00
US-TECH          2024-10-08 20:00:00
US-FINANCE       2024-10-08 20:00:00
VNKI             2024-10-08 23:00:00
IRS              2024-10-09 23:00:00
EPRA-EUROPE      2024-10-09 23:00:00
RUR              2024-10-09 23:00:00
CZK              2024-10-09 23:00:00
MSCIEMASIA       2024-10-09 23:00:00
MSCIWORLD        2024-10-09 23:00:00
CLP              2024-10-09 23:00:00
COTTON           2024-10-09 23:00:00
CNH-onshore      2024-10-09 23:00:00
HOUSE-US         2024-10-09 23:00:00
HIGHYIELD        2024-10-09 23:00:00
SUGAR16          2024-10-09 23:00:00
COAL-GEORDIE     2024-10-09 23:00:00
SWISSLEAD        2024-10-09 23:00:00
TIN_LME          2024-10-09 23:00:00
GBPCHF           2024-10-09 23:00:00
BOVESPA          2024-10-09 23:00:00
OMX              2024-10-09 23:00:00
TWD-mini         2024-10-09 23:00:00
BB3M             2024-10-09 23:00:00
SGD_mini         2024-10-10 02:00:00
FTSECHINAH       2024-10-10 04:00:00
FTSEVIET         2024-10-10 04:00:00
HANG             2024-10-10 04:00:00
HANG_mini        2024-10-10 04:00:00
HANGENT          2024-10-10 04:00:00
HANGENT_mini     2024-10-10 04:00:00
KRWUSD_mini      2024-10-10 04:00:00
JP-REALESTATE    2024-10-10 04:00:00
MSCITAIWAN*      2024-10-10 04:00:00
FTSEINDO         2024-10-10 04:00:00
HANGTECH         2024-10-10 04:00:00
SPI200           2024-10-10 04:00:00
SGD              2024-10-10 04:00:00
JGB-mini         2024-10-10 04:30:00
FTSECHINAA       2024-10-10 05:00:00
TOPIX            2024-10-10 05:00:00
IRON*            2024-10-10 05:00:00
JGB              2024-10-10 05:00:00
JGB-SGX-mini     2024-10-10 05:00:00
KOSDAQ           2024-10-10 05:00:00
KOSPI            2024-10-10 05:00:00
KOSPI_mini       2024-10-10 05:00:00
KR10*            2024-10-10 05:00:00
KR3              2024-10-10 05:00:00
FTSETAIWAN       2024-10-10 05:00:00
CNH              2024-10-10 05:00:00
RUBBER           2024-10-10 05:00:00
NIKKEI           2024-10-10 05:00:00
MUMMY*           2024-10-10 05:00:00
CHINAA-CON       2024-10-10 05:00:00
MSCISING*        2024-10-10 05:00:00
NIKKEI400        2024-10-10 05:00:00
EU-HOUSE         2024-10-10 12:00:00
EUROSTX-LARGE    2024-10-10 13:00:00
ZINC_LME         2024-10-10 14:00:00
LEAD_LME         2024-10-10 14:00:00
ALUMINIUM_LME    2024-10-10 14:00:00
AEX_mini         2024-10-10 14:00:00
COPPER_LME       2024-10-10 14:00:00
PLN              2024-10-10 14:30:00
HEATOIL-ICE      2024-10-10 15:00:00
COAL             2024-10-10 15:00:00
SUGAR_WHITE      2024-10-10 15:00:00
BRENT_W          2024-10-10 15:00:00
EURIBOR          2024-10-10 15:00:00
GILT             2024-10-10 15:00:00
GASOIL           2024-10-10 15:00:00
FTSE250          2024-10-10 15:00:00
EUA              2024-10-10 15:00:00
FTSE100          2024-10-10 15:00:00
GICS             2024-10-10 15:00:00
EUROSTX200-LARGE 2024-10-10 15:00:00
WHEAT_ICE        2024-10-10 15:00:00
GASOILINE_ICE    2024-10-10 15:00:00
EURIBOR-ICE      2024-10-10 15:00:00
SARONA           2024-10-10 15:00:00
EU-REALESTATE    2024-10-10 15:00:00
IBEX             2024-10-10 15:00:00
MSCIASIA         2024-10-10 15:00:00
DJSTX-SMALL      2024-10-10 15:00:00
MILLWHEAT        2024-10-10 15:00:00
MILKDRY          2024-10-10 15:00:00
MIB*             2024-10-10 15:00:00
CH10             2024-10-10 15:00:00
ETHER-micro      2024-10-10 15:00:00
ROBUSTA          2024-10-10 15:00:00
SONIA3           2024-10-10 15:00:00
CRUDE_ICE        2024-10-10 15:00:00
EU-DJ-TECH       2024-10-10 15:00:00
EU-DJ-UTIL       2024-10-10 15:00:00
NICKEL_LME       2024-10-10 15:00:00
EU-INSURE        2024-10-10 15:00:00
IBEX_mini        2024-10-10 15:00:00
EU-CHEM          2024-10-10 15:00:00
COCOA_LDN        2024-10-10 15:00:00
SMI              2024-10-10 16:00:00
SHATZ            2024-10-10 16:00:00
V2X              2024-10-10 16:00:00
OAT              2024-10-10 16:00:00
SMI-MID          2024-10-10 16:00:00
AEX              2024-10-10 16:00:00
EURO600          2024-10-10 16:00:00
EURCAD           2024-10-10 16:00:00
BUND             2024-10-10 16:00:00
EU-CONSTRUCTION  2024-10-10 16:00:00
BTP3             2024-10-10 16:00:00
EU-UTILS         2024-10-10 16:00:00
EU-TRAVEL        2024-10-10 16:00:00
EU-TECH          2024-10-10 16:00:00
EU-RETAIL        2024-10-10 16:00:00
EU-DIV30         2024-10-10 16:00:00
EU-DJ-OIL        2024-10-10 16:00:00
EU-OIL           2024-10-10 16:00:00
EU-MID           2024-10-10 16:00:00
EU-MEDIA         2024-10-10 16:00:00
EU-HEALTH        2024-10-10 16:00:00
EU-FOOD          2024-10-10 16:00:00
EU-BASIC         2024-10-10 16:00:00
EU-DJ-TELECOM    2024-10-10 16:00:00
BTP              2024-10-10 16:00:00
EU-BANKS         2024-10-10 16:00:00
EUROSTX          2024-10-10 16:00:00
EUROSTX-SMALL    2024-10-10 16:00:00
EU-AUTO*         2024-10-10 16:00:00
BOBL             2024-10-10 16:00:00
BUXL             2024-10-10 16:00:00
BONO             2024-10-10 16:00:00
ALUMINIUM        2024-10-10 16:00:00
CAC              2024-10-10 16:00:00
DAX              2024-10-10 16:00:00
KRWUSD           2024-10-10 17:00:00
EURAUD           2024-10-10 17:00:00
STEEL            2024-10-10 17:00:00
SUGAR11*         2024-10-10 17:00:00
MILKWET          2024-10-10 17:00:00
OJ               2024-10-10 18:00:00
COFFEE           2024-10-10 18:00:00
COPPER-mini      2024-10-10 18:00:00
COCOA            2024-10-10 18:00:00
IG               2024-10-10 18:00:00
WHEY             2024-10-10 18:00:00
GAS-PEN*         2024-10-10 18:00:00
CHFJPY           2024-10-10 18:00:00
AUDJPY           2024-10-10 18:00:00
GBPJPY           2024-10-10 18:00:00
SOYBEAN          2024-10-10 19:00:00
CORN*            2024-10-10 19:00:00
SOYOIL           2024-10-10 19:00:00
CAD10            2024-10-10 19:00:00
NOK              2024-10-10 19:00:00
CAD5             2024-10-10 19:00:00
RICE             2024-10-10 19:00:00
REDWHEAT         2024-10-10 19:00:00
CANOLA*          2024-10-10 19:00:00
FEEDCOW          2024-10-10 19:00:00
CHEESE           2024-10-10 19:00:00
BUTTER           2024-10-10 19:00:00
CORN_mini        2024-10-10 19:00:00
OATIES           2024-10-10 19:00:00
COTTON2*         2024-10-10 19:00:00
LUMBER-new       2024-10-10 19:00:00
INR              2024-10-10 19:00:00
FANG             2024-10-10 19:00:00
GASOILINE_micro  2024-10-10 19:00:00
GAS_US_mini      2024-10-10 19:00:00
WHEAT_mini       2024-10-10 19:00:00
WHEAT            2024-10-10 19:00:00
LEANHOG*         2024-10-10 19:00:00
LIVECOW*         2024-10-10 19:00:00
SOYBEAN_mini     2024-10-10 19:00:00
SOYMEAL*         2024-10-10 19:00:00
MILK             2024-10-10 19:00:00
BBCOMM           2024-10-10 19:00:00
US10             2024-10-10 20:00:00
ZAR              2024-10-10 20:00:00
US-REALESTATE    2024-10-10 20:00:00
US-INDUSTRY      2024-10-10 20:00:00
SP400            2024-10-10 20:00:00
YENEUR*          2024-10-10 20:00:00
SP500            2024-10-10 20:00:00
SP500_micro      2024-10-10 20:00:00
US-HEALTH        2024-10-10 20:00:00
US-STAPLES       2024-10-10 20:00:00
AUD              2024-10-10 20:00:00
VIX_mini         2024-10-10 20:00:00
VIX              2024-10-10 20:00:00
AUD_micro        2024-10-10 20:00:00
US5              2024-10-10 20:00:00
US30             2024-10-10 20:00:00
US3              2024-10-10 20:00:00
US-MATERIAL      2024-10-10 20:00:00
US20             2024-10-10 20:00:00
US2              2024-10-10 20:00:00
US10U            2024-10-10 20:00:00
BRENT-LAST       2024-10-10 20:00:00
BRE*             2024-10-10 20:00:00
US-UTILS         2024-10-10 20:00:00
US-ENERGY        2024-10-10 20:00:00
US-DISCRETE      2024-10-10 20:00:00
BITCOIN*         2024-10-10 20:00:00
GAS-LAST         2024-10-10 20:00:00
CAD              2024-10-10 20:00:00
DOW_mini         2024-10-10 20:00:00
DX               2024-10-10 20:00:00
ETHEREUM         2024-10-10 20:00:00
SOFR             2024-10-10 20:00:00
JPY*             2024-10-10 20:00:00
EUR              2024-10-10 20:00:00
HEATOIL          2024-10-10 20:00:00
EURCHF           2024-10-10 20:00:00
DOW*             2024-10-10 20:00:00
GOLD_micro       2024-10-10 20:00:00
GOLD             2024-10-10 20:00:00
GBP_micro        2024-10-10 20:00:00
GBPEUR           2024-10-10 20:00:00
EUR_micro        2024-10-10 20:00:00
GBP              2024-10-10 20:00:00
EUR_mini         2024-10-10 20:00:00
GASOILINE        2024-10-10 20:00:00
FED              2024-10-10 20:00:00
GOLD-mini        2024-10-10 20:00:00
MSCIEAFA*        2024-10-10 20:00:00
JPY_mini         2024-10-10 20:00:00
CRUDE_W_micro*   2024-10-10 20:00:00
SILVER*          2024-10-10 20:00:00
CAD2             2024-10-10 20:00:00
CAD_micro        2024-10-10 20:00:00
SEK              2024-10-10 20:00:00
CRUDE_W_mini     2024-10-10 20:00:00
RUSSELL          2024-10-10 20:00:00
CHF              2024-10-10 20:00:00
CHF_micro        2024-10-10 20:00:00
R1000            2024-10-10 20:00:00
RUSSELL_mini     2024-10-10 20:00:00
PALLAD           2024-10-10 20:00:00
COPPER           2024-10-10 20:00:00
NZD              2024-10-10 20:00:00
COPPER-micro     2024-10-10 20:00:00
NASDAQ_micro     2024-10-10 20:00:00
NASDAQ           2024-10-10 20:00:00
MXP              2024-10-10 20:00:00
CRUDE_W          2024-10-10 20:00:00
PLAT             2024-10-10 20:00:00
JPYUSD           2024-10-10 23:00:00
CNHUSD           2024-10-10 23:00:00
AUDUSD           2024-10-10 23:00:00
KRWUSD           2024-10-10 23:00:00
CHFUSD           2024-10-10 23:00:00
GBPUSD           2024-10-10 23:00:00
MXPUSD           2024-10-10 23:00:00
SGDUSD           2024-10-10 23:00:00
HKDUSD           2024-10-10 23:00:00
CADUSD           2024-10-10 23:00:00
EURUSD           2024-10-10 23:00:00
SEKUSD           2024-10-10 23:00:00


============================================================
           Status of optimal position generation            
============================================================

                                                 last_update
dynamic_TF_carry/IRS              2024-10-10 22:31:27.201045
dynamic_TF_carry/GBPJPY           2024-10-10 22:31:27.201271
dynamic_TF_carry/YENEUR           2024-10-10 22:31:27.201490
dynamic_TF_carry/CHFJPY           2024-10-10 22:31:27.201700
dynamic_TF_carry/US-DISCRETE      2024-10-10 22:31:27.201907
dynamic_TF_carry/BRE              2024-10-10 22:31:27.202113
dynamic_TF_carry/EPRA-EUROPE      2024-10-10 22:31:27.202320
dynamic_TF_carry/AUDJPY           2024-10-10 22:31:27.202525
dynamic_TF_carry/SUGAR16          2024-10-10 22:31:27.202936
dynamic_TF_carry/BBCOMM           2024-10-10 22:31:27.203141
dynamic_TF_carry/US20             2024-10-10 22:31:27.203345
dynamic_TF_carry/SUGAR_WHITE      2024-10-10 22:31:27.203552
dynamic_TF_carry/BB3M             2024-10-10 22:31:27.203756
dynamic_TF_carry/EU-CONSTRUCTION  2024-10-10 22:31:27.203960
dynamic_TF_carry/NICKEL_LME       2024-10-10 22:31:27.204165
dynamic_TF_carry/TWD              2024-10-10 22:31:27.204369
dynamic_TF_carry/US10             2024-10-10 22:31:27.204573
dynamic_TF_carry/SHATZ            2024-10-10 22:31:27.204778
dynamic_TF_carry/TOPIX            2024-10-10 22:31:27.204982
dynamic_TF_carry/SOFR             2024-10-10 22:31:27.205186
dynamic_TF_carry/MSCITAIWAN       2024-10-10 22:31:27.205394
dynamic_TF_carry/COTTON           2024-10-10 22:31:27.205599
dynamic_TF_carry/MILKDRY          2024-10-10 22:31:27.205803
dynamic_TF_carry/EU-INSURE        2024-10-10 22:31:27.206008
dynamic_TF_carry/FTSE100          2024-10-10 22:31:27.206214
dynamic_TF_carry/BRENT-LAST       2024-10-10 22:31:27.206420
dynamic_TF_carry/RICE             2024-10-10 22:31:27.206625
dynamic_TF_carry/MSCIEMASIA       2024-10-10 22:31:27.206831
dynamic_TF_carry/US5              2024-10-10 22:31:27.207035
dynamic_TF_carry/MXP              2024-10-10 22:31:27.207240
dynamic_TF_carry/PLN              2024-10-10 22:31:27.207445
dynamic_TF_carry/MSCIASIA         2024-10-10 22:31:27.207649
dynamic_TF_carry/SWISSLEAD        2024-10-10 22:31:27.207855
dynamic_TF_carry/BTP              2024-10-10 22:31:27.208059
dynamic_TF_carry/KRWUSD_mini      2024-10-10 22:31:27.208264
dynamic_TF_carry/CORN             2024-10-10 22:31:27.208469
dynamic_TF_carry/AEX              2024-10-10 22:31:27.208674
dynamic_TF_carry/OMX              2024-10-10 22:31:27.208878
dynamic_TF_carry/REDWHEAT         2024-10-10 22:31:27.209082
dynamic_TF_carry/US3              2024-10-10 22:31:27.209286
dynamic_TF_carry/HANGTECH         2024-10-10 22:31:27.209493
dynamic_TF_carry/CH10             2024-10-10 22:31:27.209697
dynamic_TF_carry/DJSTX-SMALL      2024-10-10 22:31:27.209901
dynamic_TF_carry/R1000            2024-10-10 22:31:27.210105
dynamic_TF_carry/CAD              2024-10-10 22:31:27.210309
dynamic_TF_carry/CLP              2024-10-10 22:31:27.210516
dynamic_TF_carry/OJ               2024-10-10 22:31:27.210721
dynamic_TF_carry/STEEL            2024-10-10 22:31:27.210926
dynamic_TF_carry/SARONA           2024-10-10 22:31:27.211131
dynamic_TF_carry/COCOA            2024-10-10 22:31:27.211336
dynamic_TF_carry/EU-UTILS         2024-10-10 22:31:27.211541
dynamic_TF_carry/SEK              2024-10-10 22:31:27.211745
dynamic_TF_carry/BITCOIN          2024-10-10 22:31:27.211951
dynamic_TF_carry/HOUSE-US         2024-10-10 22:31:27.212156
dynamic_TF_carry/FEEDCOW          2024-10-10 22:31:27.212360
dynamic_TF_carry/US10U            2024-10-10 22:31:27.212565
dynamic_TF_carry/FTSECHINAA       2024-10-10 22:31:27.212771
dynamic_TF_carry/EUR_micro        2024-10-10 22:31:27.212977
dynamic_TF_carry/WHEAT            2024-10-10 22:31:27.213182
dynamic_TF_carry/SP500_micro      2024-10-10 22:31:27.213390
dynamic_TF_carry/BRENT_W          2024-10-10 22:31:27.213595
dynamic_TF_carry/HANGENT_mini     2024-10-10 22:31:27.213800
dynamic_TF_carry/SOYOIL           2024-10-10 22:31:27.214005
dynamic_TF_carry/US30             2024-10-10 22:31:27.214210
dynamic_TF_carry/BUTTER           2024-10-10 22:31:27.214415
dynamic_TF_carry/MUMMY            2024-10-10 22:31:27.214620
dynamic_TF_carry/KOSPI            2024-10-10 22:31:27.214825
dynamic_TF_carry/RUR              2024-10-10 22:31:27.215029
dynamic_TF_carry/JGB-SGX-mini     2024-10-10 22:31:27.215234
dynamic_TF_carry/WHEAT_ICE        2024-10-10 22:31:27.215438
dynamic_TF_carry/US-REALESTATE    2024-10-10 22:31:27.215644
dynamic_TF_carry/NASDAQ_micro     2024-10-10 22:31:27.215848
dynamic_TF_carry/US-INDUSTRY      2024-10-10 22:31:27.216053
dynamic_TF_carry/MIB              2024-10-10 22:31:27.216260
dynamic_TF_carry/US-STAPLES       2024-10-10 22:31:27.216464
dynamic_TF_carry/EUROSTX200-LARGE 2024-10-10 22:31:27.216669
dynamic_TF_carry/DX               2024-10-10 22:31:27.216874
dynamic_TF_carry/EU-TRAVEL        2024-10-10 22:31:27.217083
dynamic_TF_carry/EU-CHEM          2024-10-10 22:31:27.217290
dynamic_TF_carry/CAD5             2024-10-10 22:31:27.217499
dynamic_TF_carry/LEANHOG          2024-10-10 22:31:27.217706
dynamic_TF_carry/COPPER           2024-10-10 22:31:27.217914
dynamic_TF_carry/COPPER_LME       2024-10-10 22:31:27.218122
dynamic_TF_carry/GBP              2024-10-10 22:31:27.218329
dynamic_TF_carry/SILVER           2024-10-10 22:31:27.218744
dynamic_TF_carry/BOBL             2024-10-10 22:31:27.218951
dynamic_TF_carry/CRUDE_ICE        2024-10-10 22:31:27.219157
dynamic_TF_carry/FTSETAIWAN       2024-10-10 22:31:27.219365
dynamic_TF_carry/GBPCHF           2024-10-10 22:31:27.219572
dynamic_TF_carry/GASOIL           2024-10-10 22:31:27.219780
dynamic_TF_carry/EUROSTX          2024-10-10 22:31:27.219987
dynamic_TF_carry/VNKI             2024-10-10 22:31:27.220194
dynamic_TF_carry/COAL             2024-10-10 22:31:27.220401
dynamic_TF_carry/MSCIEAFA         2024-10-10 22:31:27.220608
dynamic_TF_carry/FTSEINDO         2024-10-10 22:31:27.220816
dynamic_TF_carry/US-MATERIAL      2024-10-10 22:31:27.221024
dynamic_TF_carry/ALUMINIUM        2024-10-10 22:31:27.221232
dynamic_TF_carry/ZAR              2024-10-10 22:31:27.221441
dynamic_TF_carry/SOYBEAN_mini     2024-10-10 22:31:27.221650
dynamic_TF_carry/NZD              2024-10-10 22:31:27.221857
dynamic_TF_carry/EU-MEDIA         2024-10-10 22:31:27.222064
dynamic_TF_carry/CNH              2024-10-10 22:31:27.222271
dynamic_TF_carry/CHEESE           2024-10-10 22:31:27.222477
dynamic_TF_carry/OATIES           2024-10-10 22:31:27.222684
dynamic_TF_carry/KR10             2024-10-10 22:31:27.222891
dynamic_TF_carry/AUD_micro        2024-10-10 22:31:27.223098
dynamic_TF_carry/LUMBER-new       2024-10-10 22:31:27.223304
dynamic_TF_carry/MILLWHEAT        2024-10-10 22:31:27.223510
dynamic_TF_carry/EURCAD           2024-10-10 22:31:27.223715
dynamic_TF_carry/GOLD_micro       2024-10-10 22:31:27.223920
dynamic_TF_carry/IBEX_mini        2024-10-10 22:31:27.224124
dynamic_TF_carry/NIKKEI           2024-10-10 22:31:27.224328
dynamic_TF_carry/KOSDAQ           2024-10-10 22:31:27.224533
dynamic_TF_carry/VIX              2024-10-10 22:31:27.224739
dynamic_TF_carry/SOYMEAL          2024-10-10 22:31:27.224943
dynamic_TF_carry/COCOA_LDN        2024-10-10 22:31:27.225147
dynamic_TF_carry/US-FINANCE       2024-10-10 22:31:27.225355
dynamic_TF_carry/ETHANOL          2024-10-10 22:31:27.225561
dynamic_TF_carry/ROBUSTA          2024-10-10 22:31:27.225765
dynamic_TF_carry/FTSEVIET         2024-10-10 22:31:27.225970
dynamic_TF_carry/EU-OIL           2024-10-10 22:31:27.226174
dynamic_TF_carry/LEAD_LME         2024-10-10 22:31:27.226584
dynamic_TF_carry/HIGHYIELD        2024-10-10 22:31:27.226789
dynamic_TF_carry/SGD              2024-10-10 22:31:27.226994
dynamic_TF_carry/EURAUD           2024-10-10 22:31:27.227199
dynamic_TF_carry/US2              2024-10-10 22:31:27.227403
dynamic_TF_carry/EU-AUTO          2024-10-10 22:31:27.227607
dynamic_TF_carry/CAD10            2024-10-10 22:31:27.228020
dynamic_TF_carry/GAS-LAST         2024-10-10 22:31:27.228227
dynamic_TF_carry/GAS_US_mini      2024-10-10 22:31:27.228433
dynamic_TF_carry/EURO600          2024-10-10 22:31:27.228639
dynamic_TF_carry/US-ENERGY        2024-10-10 22:31:27.228847
dynamic_TF_carry/SP400            2024-10-10 22:31:27.229054
dynamic_TF_carry/COTTON2          2024-10-10 22:31:27.229260
dynamic_TF_carry/SOYBEAN          2024-10-10 22:31:27.229468
dynamic_TF_carry/CAD2             2024-10-10 22:31:27.229676
dynamic_TF_carry/EURIBOR          2024-10-10 22:31:27.230088
dynamic_TF_carry/GAS-PEN          2024-10-10 22:31:27.230293
dynamic_TF_carry/JPY              2024-10-10 22:31:27.230502
dynamic_TF_carry/GICS             2024-10-10 22:31:27.230709
dynamic_TF_carry/EU-BASIC         2024-10-10 22:31:27.230917
dynamic_TF_carry/FANG             2024-10-10 22:31:27.231123
dynamic_TF_carry/EU-RETAIL        2024-10-10 22:31:27.231331
dynamic_TF_carry/EU-REALESTATE    2024-10-10 22:31:27.231538
dynamic_TF_carry/EU-DJ-UTIL       2024-10-10 22:31:27.231743
dynamic_TF_carry/NIKKEI400        2024-10-10 22:31:27.231947
dynamic_TF_carry/GASOILINE        2024-10-10 22:31:27.232150
dynamic_TF_carry/CRUDE_W_micro    2024-10-10 22:31:27.232355
dynamic_TF_carry/SONIA3           2024-10-10 22:31:27.232560
dynamic_TF_carry/LIVECOW          2024-10-10 22:31:27.232765
dynamic_TF_carry/FED              2024-10-10 22:31:27.232971
dynamic_TF_carry/COAL-GEORDIE     2024-10-10 22:31:27.233177
dynamic_TF_carry/BOVESPA          2024-10-10 22:31:27.233383
dynamic_TF_carry/CANOLA           2024-10-10 22:31:27.233589
dynamic_TF_carry/SMI              2024-10-10 22:31:27.233793
dynamic_TF_carry/EUROSTX-LARGE    2024-10-10 22:31:27.233996
dynamic_TF_carry/V2X              2024-10-10 22:31:27.234201
dynamic_TF_carry/HANG_mini        2024-10-10 22:31:27.234406
dynamic_TF_carry/SUGAR11          2024-10-10 22:31:27.234611
dynamic_TF_carry/EUROSTX-SMALL    2024-10-10 22:31:27.234816
dynamic_TF_carry/CAC              2024-10-10 22:31:27.235020
dynamic_TF_carry/US-PROPERTY      2024-10-10 22:31:27.235225
dynamic_TF_carry/KRWUSD           2024-10-10 22:31:27.235429
dynamic_TF_carry/CZK              2024-10-10 22:31:27.235634
dynamic_TF_carry/US-UTILS         2024-10-10 22:31:27.235838
dynamic_TF_carry/EURIBOR-ICE      2024-10-10 22:31:27.236043
dynamic_TF_carry/CRUDE_W_mini     2024-10-10 22:31:27.236248
dynamic_TF_carry/EU-HEALTH        2024-10-10 22:31:27.236452
dynamic_TF_carry/INR              2024-10-10 22:31:27.236658
dynamic_TF_carry/EURCHF           2024-10-10 22:31:27.236867
dynamic_TF_carry/BUXL             2024-10-10 22:31:27.237075
dynamic_TF_carry/EU-HOUSE         2024-10-10 22:31:27.237282
dynamic_TF_carry/BUND             2024-10-10 22:31:27.237700
dynamic_TF_carry/DOW              2024-10-10 22:31:27.237908
dynamic_TF_carry/PALLAD           2024-10-10 22:31:27.238115
dynamic_TF_carry/MILKWET          2024-10-10 22:31:27.238323
dynamic_TF_carry/ETHEREUM         2024-10-10 22:31:27.238530
dynamic_TF_carry/ZINC_LME         2024-10-10 22:31:27.238738
dynamic_TF_carry/SPI200           2024-10-10 22:31:27.238946
dynamic_TF_carry/IRON             2024-10-10 22:31:27.239153
dynamic_TF_carry/EU-TECH          2024-10-10 22:31:27.239362
dynamic_TF_carry/EU-DJ-TELECOM    2024-10-10 22:31:27.239571
dynamic_TF_carry/DAX              2024-10-10 22:31:27.239778
dynamic_TF_carry/OAT              2024-10-10 22:31:27.239986
dynamic_TF_carry/WHEY             2024-10-10 22:31:27.240193
dynamic_TF_carry/BONO             2024-10-10 22:31:27.240401
dynamic_TF_carry/PLAT             2024-10-10 22:31:27.240608
dynamic_TF_carry/EU-MID           2024-10-10 22:31:27.240813
dynamic_TF_carry/US-TECH          2024-10-10 22:31:27.241020
dynamic_TF_carry/GILT             2024-10-10 22:31:27.241227
dynamic_TF_carry/SGX              2024-10-10 22:31:27.241436
dynamic_TF_carry/AUD              2024-10-10 22:31:27.241643
dynamic_TF_carry/BTP3             2024-10-10 22:31:27.241850
dynamic_TF_carry/KR3              2024-10-10 22:31:27.242057
dynamic_TF_carry/JGB              2024-10-10 22:31:27.242264
dynamic_TF_carry/EU-FOOD          2024-10-10 22:31:27.242471
dynamic_TF_carry/MSCISING         2024-10-10 22:31:27.242678
dynamic_TF_carry/IG               2024-10-10 22:31:27.243089
dynamic_TF_carry/COFFEE           2024-10-10 22:31:27.243294
dynamic_TF_carry/SMI-MID          2024-10-10 22:31:27.243499
dynamic_TF_carry/HEATOIL          2024-10-10 22:31:27.243704
dynamic_TF_carry/EU-BANKS         2024-10-10 22:31:27.243910
dynamic_TF_carry/MSCIWORLD        2024-10-10 22:31:27.244114
dynamic_TF_carry/CHF              2024-10-10 22:31:27.244320
dynamic_TF_carry/FTSECHINAH       2024-10-10 22:31:27.244525
dynamic_TF_carry/US-HEALTH        2024-10-10 22:31:27.244731
dynamic_TF_carry/NOK              2024-10-10 22:31:27.244935
dynamic_TF_carry/COPPER-micro     2024-10-10 22:31:27.245142
dynamic_TF_carry/EUR              2024-10-10 22:31:27.245348
dynamic_TF_carry/KOSPI_mini       2024-10-10 22:31:27.245553
dynamic_TF_carry/EU-DIV30         2024-10-10 22:31:27.245759
dynamic_TF_carry/RUBBER           2024-10-10 22:31:27.245964
dynamic_TF_carry/EUA              2024-10-10 22:31:27.246170
dynamic_TF_carry/RUSSELL          2024-10-10 22:31:27.246375
dynamic_TF_carry/MILK             2024-10-10 22:31:27.246580
dynamic_TF_carry/TIN_LME          2024-10-10 22:31:27.246785
dynamic_TF_carry/JP-REALESTATE    2024-10-10 22:31:27.246989
dynamic_TF_carry/CHINAA-CON       2024-10-10 22:31:27.247194
dynamic_TF_carry/GBPEUR           2024-10-10 22:31:27.247400
dynamic_TF_carry/FTSE250          2024-10-10 22:31:27.247605


======================================================================================================================
                                                Status of trade limits                                                
======================================================================================================================

                   period_days  trade_limit  trades_since_last_reset  trade_capacity_remaining   time_since_last_reset
 US10U                      30            4                      1.0                       3.0 27 days 07:56:05.855039
 EU-MEDIA                    1            4                      0.0                       4.0  0 days 00:00:00.000001
 EU-HOUSE                    1            4                      0.0                       4.0  0 days 00:00:00.000001
 EU-DJ-UTIL                  1            4                      0.0                       4.0  0 days 00:00:00.000002
 EU-DJ-TELECOM               1            4                      0.0                       4.0  0 days 00:00:00.000001
 EU-DJ-TECH                  1            4                      0.0                       4.0  0 days 00:00:00.000002
 EU-DJ-OIL                   1            4                      0.0                       4.0  0 days 00:00:00.000001
 EU-CONSTRUCTION             1            4                      0.0                       4.0  0 days 00:00:00.000002
 ETHANOL                     1            4                      0.0                       4.0  0 days 00:00:00.000001
 CZK                         1            4                      0.0                       4.0  0 days 00:00:00.000002
 COTTON                      1            4                      0.0                       4.0  0 days 00:00:00.000002
 COPPER-mini                 1            4                      0.0                       4.0  0 days 00:00:00.000001
 CNH-onshore                 1            4                      0.0                       4.0  0 days 00:00:00.000002
 CLP                         1            4                      0.0                       4.0  0 days 00:00:00.000001
 CH10                        1            4                      0.0                       4.0  0 days 00:00:00.000002
 BUTTER                      1            4                      0.0                       4.0  0 days 00:00:00.000001
 BOVESPA                     1            4                      0.0                       4.0  0 days 00:00:00.000002
 BEL20                       1            4                      0.0                       4.0  0 days 00:00:00.000002
 ALUMINIUM                   1            4                      0.0                       4.0  0 days 00:00:00.000001
 YENEUR                     30            4                      0.0                       4.0  2 days 07:56:00.614053
 EU-MID                      1            4                      0.0                       4.0  0 days 00:00:00.000002
 EU-REALESTATE               1            4                      0.0                       4.0  0 days 00:00:00.000002
 EURCHF                      1            4                      0.0                       4.0  0 days 00:00:00.000001
 EURIBOR                     1            4                      0.0                       4.0  0 days 00:00:00.000002
 US-INDUSTRY                 1            4                      0.0                       4.0  0 days 00:00:00.000002
 US-HEALTH                   1            4                      0.0                       4.0  0 days 00:00:00.000002
 US-FINANCE                  1            4                      0.0                       4.0  0 days 00:00:00.000002
 US-ENERGY                   1            4                      0.0                       4.0  0 days 00:00:00.000001
 US-DISCRETE                 1            4                      0.0                       4.0  0 days 00:00:00.000002
 SMI-MID                     1            4                      0.0                       4.0  0 days 00:00:00.000002
 SGX                         1            4                      0.0                       4.0  0 days 00:00:00.000001
 SGD                         1            4                      0.0                       4.0  0 days 00:00:00.000002
 OMX                         1            4                      0.0                       4.0  0 days 00:00:00.000001
 US30                       30            4                      0.0                       4.0  0 days 00:00:00.000002
 MSCIASIA                    1            4                      0.0                       4.0  0 days 00:00:00.000002
 MILKDRY                     1            4                      0.0                       4.0  0 days 00:00:00.000001
 MID-DAX                     1            4                      0.0                       4.0  0 days 00:00:00.000002
 JP-REALESTATE               1            4                      0.0                       4.0  0 days 00:00:00.000002
 JGB-SGX-mini                1            4                      0.0                       4.0  0 days 00:00:00.000002
 IRS                         1            4                      0.0                       4.0  0 days 00:00:00.000001
 FTSEINDO                    1            4                      0.0                       4.0  0 days 00:00:00.000002
 EUROSTX200-LARGE            1            4                      0.0                       4.0  0 days 00:00:00.000002
 EUROSTX-SMALL               1            4                      0.0                       4.0  0 days 00:00:00.000001
 EUROSTX-LARGE               1            4                      0.0                       4.0  0 days 00:00:00.000002
 MILKWET                     1            4                      0.0                       4.0  0 days 00:00:00.000002
 US3                        30            4                      0.0                       4.0  0 days 00:00:00.000002
 CORN                        1            4                      0.0                       4.0  0 days 00:00:00.000003
 SP400                      30            4                      0.0                       4.0  0 days 00:00:00.000001
 JGB                        14            4                      0.0                       4.0  0 days 00:00:00.000002
 HEATOIL                    14            4                      0.0                       4.0  0 days 00:00:00.000002
 GBPEUR                     14            4                      0.0                       4.0  0 days 00:00:00.000001
 GAS-LAST                   14            4                      0.0                       4.0  0 days 00:00:00.000002
 FTSETAIWAN                 14            4                      0.0                       4.0  0 days 00:00:00.000002
 EU-TECH                    14            4                      0.0                       4.0  0 days 00:00:00.000001
 EU-CHEM                    14            4                      0.0                       4.0  0 days 00:00:00.000002
 ETHEREUM                   14            4                      0.0                       4.0  0 days 00:00:00.000001
 CNH                        14            4                      0.0                       4.0  0 days 00:00:00.000001
 KRWUSD                     14            4                      0.0                       4.0  0 days 00:00:00.000002
 BUXL                       14            4                      0.0                       4.0  0 days 00:00:00.000002
 BRENT-LAST                 14            4                      0.0                       4.0  0 days 00:00:00.000002
 BONO                       14            4                      0.0                       4.0  0 days 00:00:00.000001
 YENEUR                      1            4                      0.0                       4.0  0 days 00:00:00.000001
 US3                         1            4                      0.0                       4.0  0 days 00:00:00.000002
 US10U                       1            4                      0.0                       4.0  0 days 00:00:00.000002
 US-REALESTATE               1            4                      0.0                       4.0  0 days 00:00:00.000001
 TOPIX                       1            4                      0.0                       4.0  0 days 00:00:00.000002
 SP400                       1            4                      0.0                       4.0  0 days 00:00:00.000002
 SEK                         1            4                      0.0                       4.0  0 days 00:00:00.000001
 BTP3                       14            4                      0.0                       4.0  0 days 00:00:00.000001
 US-MATERIAL                 1            4                      0.0                       4.0  0 days 00:00:00.000002
 ZAR                         1            4                      0.0                       4.0  0 days 00:00:00.000001
 R1000                      14            4                      0.0                       4.0  0 days 00:00:00.000001
 SEK                        30            4                      0.0                       4.0  0 days 00:00:00.000002
 NOK                        30            4                      0.0                       4.0  0 days 00:00:00.000001
 JGB                        30            4                      0.0                       4.0  0 days 00:00:00.000002
 HEATOIL                    30            4                      0.0                       4.0  0 days 00:00:00.000002
 GBPEUR                     30            4                      0.0                       4.0  0 days 00:00:00.000002
 GASOILINE                  30            4                      0.0                       4.0  0 days 00:00:00.000001
 GAS-LAST                   30            4                      0.0                       4.0  0 days 00:00:00.000002
 ETHEREUM                   30            4                      0.0                       4.0  0 days 00:00:00.000001
 CHF                        30            4                      0.0                       4.0  0 days 00:00:00.000002
 NOK                        14            4                      0.0                       4.0  0 days 00:00:00.000002
 BUXL                       30            4                      0.0                       4.0  0 days 00:00:00.000002
 BRENT-LAST                 30            4                      0.0                       4.0  0 days 00:00:00.000002
 BONO                       30            4                      0.0                       4.0  0 days 00:00:00.000002
 YENEUR                     14            4                      0.0                       4.0  2 days 07:56:00.614729
 US30                       14            4                      0.0                       4.0  0 days 00:00:00.000002
 US3                        14            4                      0.0                       4.0  0 days 00:00:00.000001
