
********************************************************************************
                   Status report produced on 05/03/2025 22:56                   
********************************************************************************


Delayed methods: No delays

=============================
Delayed adjusted / FX prices 
=============================

                  last_update
IG        2025-02-27 23:00:01
HIGHYIELD 2025-02-27 23:00:01


===============================================
           Delayed optimal positions           
===============================================

                                    last_update
dynamic_TF_carry/SGX 2024-12-02 22:31:28.544775

Instruments at trade limit: No constraints

================================================
         Instruments at position limit          
================================================

                 keys  position pos_limit  spare
123             SP400         0       0.0    0.0
73               CH10         0       0.0    0.0
72      EU-DJ-TELECOM         0       0.0    0.0
71           ETHEREUM         0       0.0    0.0
165       CNH-onshore         0       0.0    0.0
169               MIB         1       1.0    0.0
67             BUTTER         0       0.0    0.0
66         BRENT-LAST        -1       1.0    0.0
64            MILKDRY         0       0.0    0.0
74             GBPJPY         0       0.0    0.0
61               VNKI         0       0.0    0.0
116          EU-MEDIA         0       0.0    0.0
182             STEEL         0       0.0    0.0
54          EU-RETAIL         0       0.0    0.0
52         EU-DJ-TECH         0       0.0    0.0
51                CZK         0       0.0    0.0
183             R1000         0       0.0    0.0
184          JGB-mini         0       0.0    0.0
189            EURCAD         0       0.0    0.0
174               NOK         0       0.0    0.0
193   GASOILINE_micro         0       0.0    0.0
164            NASDAQ         0       0.0    0.0
78          HIGHYIELD         0       0.0    0.0
122               SGX         0       0.0    0.0
110               SEK         0       0.0    0.0
124     EUROSTX-LARGE         0       0.0    0.0
125           SMI-MID         0       0.0    0.0
127            EURCHF         0       0.0    0.0
128         CHF_micro         0       0.0    0.0
103            EURAUD         0       0.0    0.0
129               CLP         0       0.0    0.0
163            CHFJPY         0       0.0    0.0
98           TWD-mini         0       0.0    0.0
93    EU-CONSTRUCTION         0       0.0    0.0
147       EPRA-EUROPE         0       0.0    0.0
151               TWD         0       0.0    0.0
89               COAL         0       0.0    0.0
153           ETHANOL         0       0.0    0.0
87          SWISSLEAD         0       0.0    0.0
158              GICS         0       0.0    0.0
160          JPY_mini         0       0.0    0.0
136            AUDJPY         0       0.0    0.0
195            PALLAD         0       0.0    0.0
115               PLN         0       0.0    0.0
238               RUR         0       0.0    0.0
215               JGB         0       0.0    0.0
236       COPPER-mini         0       0.0    0.0
240            COTTON         0       0.0    0.0
241          EU-HOUSE         0       0.0    0.0
213            KRWUSD         0       0.0    0.0
13        HEATOIL-ICE         0       0.0    0.0
7            AEX_mini         0       0.0    0.0
33            MILKWET         0       0.0    0.0
216      COAL-GEORDIE         0       0.0    0.0
22                OMX         0       0.0    0.0
219          HOUSE-US         0       0.0    0.0
14               WHEY         0       0.0    0.0
36            TIN_LME         0       0.0    0.0
210  EUROSTX200-LARGE         0       0.0    0.0
3           EU-TRAVEL         0       0.0    0.0
220           EU-CHEM         0       0.0    0.0
20            BOVESPA         0       0.0    0.0
15         COPPER_LME         0       0.0    0.0
200               IRS         0       0.0    0.0
211                IG         0       0.0    0.0
27           SGD_mini         0       0.0    0.0


=========================================================
         Overrides in database consider deleting         
=========================================================

                                                 override
NICKEL_LME             Override Close because in database
EURIBOR          Override Reduce only because in database
VNKI             Override Reduce only because in database
FTSE100          Override Reduce only because in database
RICE             Override Reduce only because in database
GAS-PEN          Override Reduce only because in database
SPI200           Override Reduce only because in database
OATIES           Override Reduce only because in database
JGB-mini         Override Reduce only because in database
JGB-SGX-mini     Override Reduce only because in database
STEEL            Override Reduce only because in database
GOLD-mini        Override Reduce only because in database
BONO             Override Reduce only because in database
CH10             Override Reduce only because in database
IRS              Override Reduce only because in database
NZD              Override Reduce only because in database
VIX_mini         Override Reduce only because in database
JP-REALESTATE    Override Reduce only because in database
GICS             Override Reduce only because in database
KRWUSD           Override Reduce only because in database
TOPIX            Override Reduce only because in database
PLN              Override Reduce only because in database
NIKKEI400        Override Reduce only because in database
CZK              Override Reduce only because in database
EURCAD           Override Reduce only because in database
TWD              Override Reduce only because in database
AUD              Override Reduce only because in database
CHF_micro        Override Reduce only because in database
NOK              Override Reduce only because in database
R1000            Override Reduce only because in database
IBEX_mini        Override Reduce only because in database
GBP_micro        Override Reduce only because in database
EU-CHEM          Override Reduce only because in database
EU-INSURE        Override Reduce only because in database
KOSDAQ           Override Reduce only because in database
IBEX             Override Reduce only because in database
AUDJPY           Override Reduce only because in database
EUR_mini         Override Reduce only because in database
KOSPI_mini       Override Reduce only because in database
KOSPI            Override Reduce only because in database
GBPCHF           Override Reduce only because in database
MXP              Override Reduce only because in database
DJSTX-SMALL      Override Reduce only because in database
YENEUR           Override Reduce only because in database
CHFJPY           Override Reduce only because in database
CNH-onshore      Override Reduce only because in database
COAL-GEORDIE     Override Reduce only because in database
CRUDE_W_mini     Override Reduce only because in database
SEK              Override Reduce only because in database
OMX              Override Reduce only because in database
CHF              Override Reduce only because in database
GBPJPY           Override Reduce only because in database
EURAUD           Override Reduce only because in database
RUR              Override Reduce only because in database
TWD-mini         Override Reduce only because in database
JPY_mini         Override Reduce only because in database
EURCHF           Override Reduce only because in database
EU-BANKS         Override Reduce only because in database
EU-CONSTRUCTION  Override Reduce only because in database
GASOILINE_micro  Override Reduce only because in database
ZAR              Override Reduce only because in database

Locked instruments (position mismatch): []

==============================================
Status of adjusted price / FX price collection
==============================================

                         last_update
IG               2025-02-27 23:00:01
HIGHYIELD        2025-02-27 23:00:01
TWD              2025-03-03 23:00:00
SGX              2025-03-03 23:00:00
MILKWET          2025-03-04 23:00:00
MILKDRY          2025-03-04 23:00:00
CZK              2025-03-04 23:00:00
ETHANOL          2025-03-04 23:00:00
CNH-onshore      2025-03-04 23:00:00
CLP              2025-03-04 23:00:00
OMX              2025-03-04 23:00:00
IRS              2025-03-04 23:00:00
RUR              2025-03-04 23:00:00
MSCIEMASIA       2025-03-04 23:00:00
SGD_mini         2025-03-04 23:00:00
HOUSE-US         2025-03-04 23:00:00
COTTON           2025-03-04 23:00:00
SUGAR16          2025-03-04 23:00:00
SWISSLEAD        2025-03-04 23:00:00
BOVESPA          2025-03-04 23:00:00
GASOILINE_micro  2025-03-04 23:00:00
TIN_LME          2025-03-04 23:00:00
SGD              2025-03-05 03:00:00
IRON             2025-03-05 03:00:00
TWD-mini         2025-03-05 03:00:00
MSCITAIWAN       2025-03-05 04:00:00
KRWUSD_mini      2025-03-05 04:00:00
MUMMY*           2025-03-05 04:00:00
FTSEINDO         2025-03-05 04:00:00
VNKI             2025-03-05 04:00:00
SPI200           2025-03-05 04:00:00
JP-REALESTATE    2025-03-05 04:00:00
JGB-SGX-mini     2025-03-05 04:00:00
FTSEVIET         2025-03-05 04:00:00
JGB-mini         2025-03-05 04:00:00
FTSETAIWAN       2025-03-05 05:00:00
KOSDAQ           2025-03-05 05:00:00
JGB              2025-03-05 05:00:00
KOSPI            2025-03-05 05:00:00
KOSPI_mini       2025-03-05 05:00:00
KR10             2025-03-05 05:00:00
KR3              2025-03-05 05:00:00
HANG             2025-03-05 05:00:00
HANGENT          2025-03-05 05:00:00
HANG_mini        2025-03-05 05:00:00
FTSECHINAH       2025-03-05 05:00:00
FTSECHINAA       2025-03-05 05:00:00
HANGTECH         2025-03-05 05:00:00
HANGENT_mini     2025-03-05 05:00:00
CNH              2025-03-05 05:00:00
NIKKEI400        2025-03-05 05:00:00
CHINAA-CON       2025-03-05 05:00:00
MSCISING*        2025-03-05 05:00:00
TOPIX*           2025-03-05 05:00:00
NIKKEI           2025-03-05 05:00:00
RUBBER           2025-03-05 05:00:00
MSCIWORLD        2025-03-05 08:00:00
COAL-GEORDIE     2025-03-05 12:00:00
EUROSTX-LARGE    2025-03-05 13:00:00
BONO             2025-03-05 14:00:00
LEAD_LME         2025-03-05 14:00:00
COAL             2025-03-05 14:00:00
EU-HOUSE         2025-03-05 14:00:00
ZINC_LME         2025-03-05 14:00:00
GICS             2025-03-05 14:30:00
EU-TECH          2025-03-05 15:00:00
HEATOIL-ICE      2025-03-05 15:00:00
EUA              2025-03-05 15:00:00
SONIA3           2025-03-05 15:00:00
CRUDE_ICE        2025-03-05 15:00:00
GILT             2025-03-05 15:00:00
EURIBOR-ICE      2025-03-05 15:00:00
EU-RETAIL        2025-03-05 15:00:00
EUROSTX-SMALL    2025-03-05 15:00:00
GASOIL           2025-03-05 15:00:00
ALUMINIUM_LME    2025-03-05 15:00:00
BRENT_W          2025-03-05 15:00:00
EU-MID           2025-03-05 15:00:00
IBEX_mini        2025-03-05 15:00:00
EU-CHEM          2025-03-05 15:00:00
MILLWHEAT        2025-03-05 15:00:00
FTSE100          2025-03-05 15:00:00
COPPER_LME       2025-03-05 15:00:00
MIB*             2025-03-05 15:00:00
NICKEL_LME       2025-03-05 15:00:00
COCOA_LDN        2025-03-05 15:00:00
EPRA-EUROPE      2025-03-05 15:00:00
IBEX             2025-03-05 15:00:00
ROBUSTA          2025-03-05 15:00:00
FTSE250          2025-03-05 15:00:00
EU-DJ-OIL        2025-03-05 15:00:00
EU-DJ-TECH       2025-03-05 15:00:00
EU-DJ-TELECOM    2025-03-05 15:00:00
CH10             2025-03-05 15:00:00
SARONA           2025-03-05 15:00:00
OAT              2025-03-05 16:00:00
GASOILINE_ICE    2025-03-05 16:00:00
SMI-MID          2025-03-05 16:00:00
V2X              2025-03-05 16:00:00
MSCIASIA         2025-03-05 16:00:00
WHEAT_ICE        2025-03-05 16:00:00
SMI*             2025-03-05 16:00:00
SUGAR_WHITE      2025-03-05 16:00:00
SHATZ            2025-03-05 16:00:00
AEX              2025-03-05 16:00:00
BUXL             2025-03-05 16:00:00
EU-OIL           2025-03-05 16:00:00
EU-MEDIA         2025-03-05 16:00:00
EU-INSURE        2025-03-05 16:00:00
EU-HEALTH        2025-03-05 16:00:00
EU-FOOD          2025-03-05 16:00:00
EU-DJ-UTIL       2025-03-05 16:00:00
EU-DIV30         2025-03-05 16:00:00
EU-REALESTATE    2025-03-05 16:00:00
EU-CONSTRUCTION  2025-03-05 16:00:00
EU-BANKS         2025-03-05 16:00:00
EU-AUTO          2025-03-05 16:00:00
BTP3             2025-03-05 16:00:00
DJSTX-SMALL      2025-03-05 16:00:00
BTP*             2025-03-05 16:00:00
BOBL             2025-03-05 16:00:00
DAX              2025-03-05 16:00:00
EU-BASIC         2025-03-05 16:00:00
EU-UTILS         2025-03-05 16:00:00
EU-TRAVEL        2025-03-05 16:00:00
EURO600          2025-03-05 16:00:00
AEX_mini         2025-03-05 16:00:00
EUROSTX          2025-03-05 16:00:00
CAC              2025-03-05 16:00:00
BUND             2025-03-05 16:00:00
EUROSTX200-LARGE 2025-03-05 16:00:00
EURIBOR          2025-03-05 16:00:00
CHFJPY           2025-03-05 17:00:00
WHEY             2025-03-05 17:00:00
SUGAR11          2025-03-05 17:00:00
GBPEUR           2025-03-05 17:00:00
GAS-PEN          2025-03-05 17:00:00
GBPJPY           2025-03-05 18:00:00
GBPCHF           2025-03-05 18:00:00
OJ               2025-03-05 18:00:00
COFFEE           2025-03-05 18:00:00
ALUMINIUM        2025-03-05 18:00:00
COCOA            2025-03-05 18:00:00
EURCAD           2025-03-05 18:00:00
BBCOMM           2025-03-05 18:00:00
CAD2             2025-03-05 19:00:00
CHF_micro        2025-03-05 19:00:00
CORN             2025-03-05 19:00:00
STEEL            2025-03-05 19:00:00
CORN_mini        2025-03-05 19:00:00
CHEESE           2025-03-05 19:00:00
CANOLA           2025-03-05 19:00:00
SOYBEAN          2025-03-05 19:00:00
SOYBEAN_mini     2025-03-05 19:00:00
SOYMEAL          2025-03-05 19:00:00
FEEDCOW*         2025-03-05 19:00:00
SOYOIL           2025-03-05 19:00:00
PLN              2025-03-05 19:00:00
R1000            2025-03-05 19:00:00
REDWHEAT         2025-03-05 19:00:00
RICE             2025-03-05 19:00:00
OATIES           2025-03-05 19:00:00
COTTON2          2025-03-05 19:00:00
US-MATERIAL      2025-03-05 19:00:00
US-DISCRETE      2025-03-05 19:00:00
AUD_micro        2025-03-05 19:00:00
INR              2025-03-05 19:00:00
WHEAT            2025-03-05 19:00:00
DX               2025-03-05 19:00:00
BUTTER           2025-03-05 19:00:00
GAS-LAST         2025-03-05 19:00:00
LEANHOG*         2025-03-05 19:00:00
WHEAT_mini       2025-03-05 19:00:00
LIVECOW          2025-03-05 19:00:00
US-HEALTH        2025-03-05 19:00:00
US-ENERGY        2025-03-05 19:00:00
CRUDE_W_mini     2025-03-05 19:00:00
SOFR             2025-03-05 20:00:00
US5              2025-03-05 20:00:00
ZAR              2025-03-05 20:00:00
AUD              2025-03-05 20:00:00
VIX_mini         2025-03-05 20:00:00
SP400            2025-03-05 20:00:00
VIX*             2025-03-05 20:00:00
AUDJPY           2025-03-05 20:00:00
YENEUR           2025-03-05 20:00:00
US30             2025-03-05 20:00:00
US2              2025-03-05 20:00:00
US20             2025-03-05 20:00:00
SP500            2025-03-05 20:00:00
SP500_micro*     2025-03-05 20:00:00
US10U            2025-03-05 20:00:00
US10             2025-03-05 20:00:00
US-UTILS         2025-03-05 20:00:00
US-STAPLES       2025-03-05 20:00:00
US-REALESTATE    2025-03-05 20:00:00
US-INDUSTRY      2025-03-05 20:00:00
BRENT-LAST*      2025-03-05 20:00:00
BRE              2025-03-05 20:00:00
BITCOIN*         2025-03-05 20:00:00
US3              2025-03-05 20:00:00
FED              2025-03-05 20:00:00
CHF*             2025-03-05 20:00:00
CAD*             2025-03-05 20:00:00
ETHER-micro      2025-03-05 20:00:00
ETHEREUM         2025-03-05 20:00:00
JPY_mini         2025-03-05 20:00:00
SILVER           2025-03-05 20:00:00
HEATOIL          2025-03-05 20:00:00
EUR              2025-03-05 20:00:00
EURAUD           2025-03-05 20:00:00
GOLD_micro       2025-03-05 20:00:00
GOLD-mini        2025-03-05 20:00:00
GOLD             2025-03-05 20:00:00
EURCHF           2025-03-05 20:00:00
GBP_micro        2025-03-05 20:00:00
GBP*             2025-03-05 20:00:00
GAS_US_mini      2025-03-05 20:00:00
GAS_US           2025-03-05 20:00:00
GASOILINE        2025-03-05 20:00:00
EUR_micro*       2025-03-05 20:00:00
EUR_mini         2025-03-05 20:00:00
FANG             2025-03-05 20:00:00
DOW_mini         2025-03-05 20:00:00
KRWUSD           2025-03-05 20:00:00
JPY              2025-03-05 20:00:00
LUMBER-new       2025-03-05 20:00:00
CAD10*           2025-03-05 20:00:00
SEK              2025-03-05 20:00:00
CAD5             2025-03-05 20:00:00
RUSSELL_mini     2025-03-05 20:00:00
RUSSELL*         2025-03-05 20:00:00
DOW*             2025-03-05 20:00:00
PLAT             2025-03-05 20:00:00
PALLAD           2025-03-05 20:00:00
NZD              2025-03-05 20:00:00
NOK              2025-03-05 20:00:00
CAD_micro        2025-03-05 20:00:00
NASDAQ           2025-03-05 20:00:00
MXP              2025-03-05 20:00:00
COPPER           2025-03-05 20:00:00
COPPER-micro*    2025-03-05 20:00:00
COPPER-mini      2025-03-05 20:00:00
MSCIEAFA         2025-03-05 20:00:00
CRUDE_W          2025-03-05 20:00:00
CRUDE_W_micro    2025-03-05 20:00:00
MILK             2025-03-05 20:00:00
NASDAQ_micro     2025-03-05 20:00:00
CHFUSD           2025-03-05 23:00:00
JPYUSD           2025-03-05 23:00:00
EURUSD           2025-03-05 23:00:00
CADUSD           2025-03-05 23:00:00
KRWUSD           2025-03-05 23:00:00
MXPUSD           2025-03-05 23:00:00
SEKUSD           2025-03-05 23:00:00
GBPUSD           2025-03-05 23:00:00
SGDUSD           2025-03-05 23:00:00
HKDUSD           2025-03-05 23:00:00
CNHUSD           2025-03-05 23:00:00
AUDUSD           2025-03-05 23:00:00


============================================================
           Status of optimal position generation            
============================================================

                                                 last_update
dynamic_TF_carry/SGX              2024-12-02 22:31:28.544775
dynamic_TF_carry/US10             2025-03-05 22:31:37.897616
dynamic_TF_carry/FED              2025-03-05 22:31:37.897876
dynamic_TF_carry/HIGHYIELD        2025-03-05 22:31:37.898116
dynamic_TF_carry/MSCIEMASIA       2025-03-05 22:31:37.898351
dynamic_TF_carry/CRUDE_ICE        2025-03-05 22:31:37.898589
dynamic_TF_carry/HANGENT_mini     2025-03-05 22:31:37.898822
dynamic_TF_carry/VIX              2025-03-05 22:31:37.899051
dynamic_TF_carry/US-ENERGY        2025-03-05 22:31:37.899280
dynamic_TF_carry/GBPEUR           2025-03-05 22:31:37.899507
dynamic_TF_carry/BRENT_W          2025-03-05 22:31:37.899964
dynamic_TF_carry/EURIBOR          2025-03-05 22:31:37.900194
dynamic_TF_carry/CAD2             2025-03-05 22:31:37.900422
dynamic_TF_carry/EU-BANKS         2025-03-05 22:31:37.900650
dynamic_TF_carry/BRE              2025-03-05 22:31:37.900878
dynamic_TF_carry/EU-OIL           2025-03-05 22:31:37.901106
dynamic_TF_carry/NZD              2025-03-05 22:31:37.901337
dynamic_TF_carry/JGB-SGX-mini     2025-03-05 22:31:37.901565
dynamic_TF_carry/MXP              2025-03-05 22:31:37.901792
dynamic_TF_carry/SILVER           2025-03-05 22:31:37.902021
dynamic_TF_carry/CLP              2025-03-05 22:31:37.902251
dynamic_TF_carry/EU-REALESTATE    2025-03-05 22:31:37.902488
dynamic_TF_carry/REDWHEAT         2025-03-05 22:31:37.902949
dynamic_TF_carry/COCOA            2025-03-05 22:31:37.903179
dynamic_TF_carry/HEATOIL          2025-03-05 22:31:37.903408
dynamic_TF_carry/CHINAA-CON       2025-03-05 22:31:37.903637
dynamic_TF_carry/CAC              2025-03-05 22:31:37.903865
dynamic_TF_carry/FTSE100          2025-03-05 22:31:37.904093
dynamic_TF_carry/AUD_micro        2025-03-05 22:31:37.904322
dynamic_TF_carry/EPRA-EUROPE      2025-03-05 22:31:37.904549
dynamic_TF_carry/ETHEREUM         2025-03-05 22:31:37.904779
dynamic_TF_carry/OATIES           2025-03-05 22:31:37.905006
dynamic_TF_carry/MSCISING         2025-03-05 22:31:37.905234
dynamic_TF_carry/COAL             2025-03-05 22:31:37.905463
dynamic_TF_carry/SMI              2025-03-05 22:31:37.905690
dynamic_TF_carry/SOYOIL           2025-03-05 22:31:37.905919
dynamic_TF_carry/NIKKEI           2025-03-05 22:31:37.906147
dynamic_TF_carry/MSCIEAFA         2025-03-05 22:31:37.906378
dynamic_TF_carry/HANGTECH         2025-03-05 22:31:37.906609
dynamic_TF_carry/EURO600          2025-03-05 22:31:37.906839
dynamic_TF_carry/YENEUR           2025-03-05 22:31:37.907067
dynamic_TF_carry/GBP              2025-03-05 22:31:37.907295
dynamic_TF_carry/PLAT             2025-03-05 22:31:37.907525
dynamic_TF_carry/SEK              2025-03-05 22:31:37.907756
dynamic_TF_carry/SOYBEAN          2025-03-05 22:31:37.907983
dynamic_TF_carry/US-REALESTATE    2025-03-05 22:31:37.908212
dynamic_TF_carry/CZK              2025-03-05 22:31:37.908440
dynamic_TF_carry/EU-HOUSE         2025-03-05 22:31:37.908668
dynamic_TF_carry/KR10             2025-03-05 22:31:37.908897
dynamic_TF_carry/NASDAQ_micro     2025-03-05 22:31:37.909124
dynamic_TF_carry/SWISSLEAD        2025-03-05 22:31:37.909351
dynamic_TF_carry/BOVESPA          2025-03-05 22:31:37.909810
dynamic_TF_carry/KOSDAQ           2025-03-05 22:31:37.910038
dynamic_TF_carry/US20             2025-03-05 22:31:37.910266
dynamic_TF_carry/FTSEVIET         2025-03-05 22:31:37.910501
dynamic_TF_carry/CHF              2025-03-05 22:31:37.910729
dynamic_TF_carry/BOBL             2025-03-05 22:31:37.910958
dynamic_TF_carry/EUROSTX-SMALL    2025-03-05 22:31:37.911183
dynamic_TF_carry/GASOILINE        2025-03-05 22:31:37.911411
dynamic_TF_carry/LEAD_LME         2025-03-05 22:31:37.911640
dynamic_TF_carry/EU-CONSTRUCTION  2025-03-05 22:31:37.911868
dynamic_TF_carry/PALLAD           2025-03-05 22:31:37.912096
dynamic_TF_carry/CANOLA           2025-03-05 22:31:37.912325
dynamic_TF_carry/DX               2025-03-05 22:31:37.912554
dynamic_TF_carry/EURCAD           2025-03-05 22:31:37.912782
dynamic_TF_carry/LEANHOG          2025-03-05 22:31:37.913012
dynamic_TF_carry/US-UTILS         2025-03-05 22:31:37.913242
dynamic_TF_carry/AUDJPY           2025-03-05 22:31:37.913472
dynamic_TF_carry/COPPER_LME       2025-03-05 22:31:37.913700
dynamic_TF_carry/JPY              2025-03-05 22:31:37.913929
dynamic_TF_carry/NIKKEI400        2025-03-05 22:31:37.914162
dynamic_TF_carry/TOPIX            2025-03-05 22:31:37.914394
dynamic_TF_carry/KOSPI            2025-03-05 22:31:37.914625
dynamic_TF_carry/OMX              2025-03-05 22:31:37.914853
dynamic_TF_carry/MILKWET          2025-03-05 22:31:37.915079
dynamic_TF_carry/CNH              2025-03-05 22:31:37.915307
dynamic_TF_carry/FTSEINDO         2025-03-05 22:31:37.915535
dynamic_TF_carry/EU-TECH          2025-03-05 22:31:37.915763
dynamic_TF_carry/EUROSTX-LARGE    2025-03-05 22:31:37.915993
dynamic_TF_carry/BUXL             2025-03-05 22:31:37.916220
dynamic_TF_carry/EUR_micro        2025-03-05 22:31:37.916448
dynamic_TF_carry/CHEESE           2025-03-05 22:31:37.916675
dynamic_TF_carry/IRS              2025-03-05 22:31:37.916901
dynamic_TF_carry/SARONA           2025-03-05 22:31:37.917126
dynamic_TF_carry/FTSE250          2025-03-05 22:31:37.917352
dynamic_TF_carry/SGD              2025-03-05 22:31:37.917579
dynamic_TF_carry/WHEY             2025-03-05 22:31:37.917805
dynamic_TF_carry/US-HEALTH        2025-03-05 22:31:37.918031
dynamic_TF_carry/RUSSELL          2025-03-05 22:31:37.918257
dynamic_TF_carry/HANG_mini        2025-03-05 22:31:37.918489
dynamic_TF_carry/EU-DJ-TELECOM    2025-03-05 22:31:37.918716
dynamic_TF_carry/EU-INSURE        2025-03-05 22:31:37.918942
dynamic_TF_carry/KRWUSD_mini      2025-03-05 22:31:37.919171
dynamic_TF_carry/COCOA_LDN        2025-03-05 22:31:37.919398
dynamic_TF_carry/US30             2025-03-05 22:31:37.919624
dynamic_TF_carry/ETHANOL          2025-03-05 22:31:37.919851
dynamic_TF_carry/EURCHF           2025-03-05 22:31:37.920077
dynamic_TF_carry/R1000            2025-03-05 22:31:37.920755
dynamic_TF_carry/EU-UTILS         2025-03-05 22:31:37.920980
dynamic_TF_carry/FANG             2025-03-05 22:31:37.921207
dynamic_TF_carry/SPI200           2025-03-05 22:31:37.921434
dynamic_TF_carry/EUROSTX200-LARGE 2025-03-05 22:31:37.921664
dynamic_TF_carry/SP500_micro      2025-03-05 22:31:37.921891
dynamic_TF_carry/GOLD_micro       2025-03-05 22:31:37.922117
dynamic_TF_carry/GBPCHF           2025-03-05 22:31:37.922344
dynamic_TF_carry/INR              2025-03-05 22:31:37.922576
dynamic_TF_carry/RUR              2025-03-05 22:31:37.922804
dynamic_TF_carry/US-MATERIAL      2025-03-05 22:31:37.923030
dynamic_TF_carry/JGB              2025-03-05 22:31:37.923257
dynamic_TF_carry/GILT             2025-03-05 22:31:37.923708
dynamic_TF_carry/CORN             2025-03-05 22:31:37.923933
dynamic_TF_carry/BTP              2025-03-05 22:31:37.924160
dynamic_TF_carry/BTP3             2025-03-05 22:31:37.924386
dynamic_TF_carry/VNKI             2025-03-05 22:31:37.924611
dynamic_TF_carry/BRENT-LAST       2025-03-05 22:31:37.924835
dynamic_TF_carry/US-STAPLES       2025-03-05 22:31:37.925060
dynamic_TF_carry/SMI-MID          2025-03-05 22:31:37.925284
dynamic_TF_carry/BUTTER           2025-03-05 22:31:37.925510
dynamic_TF_carry/PLN              2025-03-05 22:31:37.925735
dynamic_TF_carry/ZAR              2025-03-05 22:31:37.925962
dynamic_TF_carry/ALUMINIUM        2025-03-05 22:31:37.926188
dynamic_TF_carry/TIN_LME          2025-03-05 22:31:37.926421
dynamic_TF_carry/COTTON2          2025-03-05 22:31:37.926648
dynamic_TF_carry/ZINC_LME         2025-03-05 22:31:37.927101
dynamic_TF_carry/EU-TRAVEL        2025-03-05 22:31:37.927329
dynamic_TF_carry/BITCOIN          2025-03-05 22:31:37.927559
dynamic_TF_carry/CAD5             2025-03-05 22:31:37.927788
dynamic_TF_carry/EU-MEDIA         2025-03-05 22:31:37.928014
dynamic_TF_carry/GAS-PEN          2025-03-05 22:31:37.928238
dynamic_TF_carry/FEEDCOW          2025-03-05 22:31:37.928464
dynamic_TF_carry/IBEX_mini        2025-03-05 22:31:37.928690
dynamic_TF_carry/US3              2025-03-05 22:31:37.928916
dynamic_TF_carry/US10U            2025-03-05 22:31:37.929371
dynamic_TF_carry/EU-MID           2025-03-05 22:31:37.929598
dynamic_TF_carry/FTSECHINAA       2025-03-05 22:31:37.929823
dynamic_TF_carry/HOUSE-US         2025-03-05 22:31:37.930276
dynamic_TF_carry/US2              2025-03-05 22:31:37.930507
dynamic_TF_carry/LIVECOW          2025-03-05 22:31:37.930732
dynamic_TF_carry/SUGAR16          2025-03-05 22:31:37.930959
dynamic_TF_carry/CAD10            2025-03-05 22:31:37.931185
dynamic_TF_carry/V2X              2025-03-05 22:31:37.931410
dynamic_TF_carry/GAS_US_mini      2025-03-05 22:31:37.931638
dynamic_TF_carry/DOW              2025-03-05 22:31:37.931866
dynamic_TF_carry/FTSECHINAH       2025-03-05 22:31:37.932094
dynamic_TF_carry/OAT              2025-03-05 22:31:37.932324
dynamic_TF_carry/SUGAR_WHITE      2025-03-05 22:31:37.932551
dynamic_TF_carry/MSCIWORLD        2025-03-05 22:31:37.932778
dynamic_TF_carry/ROBUSTA          2025-03-05 22:31:37.933008
dynamic_TF_carry/EUR              2025-03-05 22:31:37.933235
dynamic_TF_carry/GASOIL           2025-03-05 22:31:37.933461
dynamic_TF_carry/WHEAT_ICE        2025-03-05 22:31:37.933691
dynamic_TF_carry/US5              2025-03-05 22:31:37.933918
dynamic_TF_carry/EUA              2025-03-05 22:31:37.934144
dynamic_TF_carry/EURIBOR-ICE      2025-03-05 22:31:37.934374
dynamic_TF_carry/CH10             2025-03-05 22:31:37.934602
dynamic_TF_carry/LUMBER-new       2025-03-05 22:31:37.934830
dynamic_TF_carry/SOFR             2025-03-05 22:31:37.935058
dynamic_TF_carry/RUBBER           2025-03-05 22:31:37.935284
dynamic_TF_carry/BONO             2025-03-05 22:31:37.935510
dynamic_TF_carry/COPPER           2025-03-05 22:31:37.935736
dynamic_TF_carry/MILKDRY          2025-03-05 22:31:37.935961
dynamic_TF_carry/SP400            2025-03-05 22:31:37.936187
dynamic_TF_carry/KOSPI_mini       2025-03-05 22:31:37.936414
dynamic_TF_carry/JP-REALESTATE    2025-03-05 22:31:37.936640
dynamic_TF_carry/BBCOMM           2025-03-05 22:31:37.936867
dynamic_TF_carry/US-INDUSTRY      2025-03-05 22:31:37.937092
dynamic_TF_carry/AEX              2025-03-05 22:31:37.937321
dynamic_TF_carry/EU-RETAIL        2025-03-05 22:31:37.937550
dynamic_TF_carry/TWD              2025-03-05 22:31:37.937778
dynamic_TF_carry/AUD              2025-03-05 22:31:37.938006
dynamic_TF_carry/EU-DJ-UTIL       2025-03-05 22:31:37.938233
dynamic_TF_carry/SONIA3           2025-03-05 22:31:37.938464
dynamic_TF_carry/GBPJPY           2025-03-05 22:31:37.938693
dynamic_TF_carry/KR3              2025-03-05 22:31:37.938921
dynamic_TF_carry/DAX              2025-03-05 22:31:37.939148
dynamic_TF_carry/CRUDE_W_mini     2025-03-05 22:31:37.939377
dynamic_TF_carry/STEEL            2025-03-05 22:31:37.939603
dynamic_TF_carry/MILK             2025-03-05 22:31:37.939831
dynamic_TF_carry/SOYBEAN_mini     2025-03-05 22:31:37.940059
dynamic_TF_carry/COAL-GEORDIE     2025-03-05 22:31:37.940286
dynamic_TF_carry/WHEAT            2025-03-05 22:31:37.940518
dynamic_TF_carry/BUND             2025-03-05 22:31:37.940745
dynamic_TF_carry/US-DISCRETE      2025-03-05 22:31:37.940974
dynamic_TF_carry/SHATZ            2025-03-05 22:31:37.941204
dynamic_TF_carry/COPPER-micro     2025-03-05 22:31:37.941434
dynamic_TF_carry/NICKEL_LME       2025-03-05 22:31:37.941663
dynamic_TF_carry/EU-BASIC         2025-03-05 22:31:37.941892
dynamic_TF_carry/EU-DIV30         2025-03-05 22:31:37.942121
dynamic_TF_carry/KRWUSD           2025-03-05 22:31:37.942356
dynamic_TF_carry/MUMMY            2025-03-05 22:31:37.942590
dynamic_TF_carry/MSCITAIWAN       2025-03-05 22:31:37.942820
dynamic_TF_carry/EUROSTX          2025-03-05 22:31:37.943050
dynamic_TF_carry/EURAUD           2025-03-05 22:31:37.943509
dynamic_TF_carry/CHFJPY           2025-03-05 22:31:37.943738
dynamic_TF_carry/SOYMEAL          2025-03-05 22:31:37.943966
dynamic_TF_carry/EU-FOOD          2025-03-05 22:31:37.944195
dynamic_TF_carry/EU-CHEM          2025-03-05 22:31:37.944429
dynamic_TF_carry/NOK              2025-03-05 22:31:37.944657
dynamic_TF_carry/OJ               2025-03-05 22:31:37.944885
dynamic_TF_carry/RICE             2025-03-05 22:31:37.945112
dynamic_TF_carry/SUGAR11          2025-03-05 22:31:37.945340
dynamic_TF_carry/COTTON           2025-03-05 22:31:37.945572
dynamic_TF_carry/MSCIASIA         2025-03-05 22:31:37.945801
dynamic_TF_carry/FTSETAIWAN       2025-03-05 22:31:37.946029
dynamic_TF_carry/CAD              2025-03-05 22:31:37.946257
dynamic_TF_carry/DJSTX-SMALL      2025-03-05 22:31:37.946723
dynamic_TF_carry/MIB              2025-03-05 22:31:37.946951
dynamic_TF_carry/EU-AUTO          2025-03-05 22:31:37.947180
dynamic_TF_carry/MILLWHEAT        2025-03-05 22:31:37.947408
dynamic_TF_carry/COFFEE           2025-03-05 22:31:37.947636
dynamic_TF_carry/IG               2025-03-05 22:31:37.947864
dynamic_TF_carry/GAS-LAST         2025-03-05 22:31:37.948092
dynamic_TF_carry/GICS             2025-03-05 22:31:37.948318
dynamic_TF_carry/IRON             2025-03-05 22:31:37.948545
dynamic_TF_carry/CRUDE_W_micro    2025-03-05 22:31:37.948771
dynamic_TF_carry/EU-HEALTH        2025-03-05 22:31:37.948998


======================================================================================================================
                                                Status of trade limits                                                
======================================================================================================================

                   period_days  trade_limit  trades_since_last_reset  trade_capacity_remaining   time_since_last_reset
 GBP                        30            6                      4.0                       2.0 27 days 07:56:16.766879
 REDWHEAT                   14            4                      1.0                       3.0 12 days 07:27:27.792978
 TOPIX                       1            4                      1.0                       3.0  0 days 20:55:10.075763
 GAS_US_mini                14            4                      1.0                       3.0  8 days 08:57:11.181335
 GBP                        14            4                      1.0                       3.0  2 days 07:57:25.072394
 LEANHOG                    14            4                      1.0                       3.0  2 days 07:27:25.493348
 BUND                       30            4                      1.0                       3.0 19 days 14:57:14.211056
 BUXL                       14            4                      1.0                       3.0 12 days 14:57:24.319804
 BUXL                       30            4                      1.0                       3.0 12 days 14:57:24.318059
 CORN                        1            4                      0.0                       4.0  0 days 00:00:00.000003
 EU-HOUSE                    1            4                      0.0                       4.0  0 days 00:00:00.000002
 EU-DJ-UTIL                  1            4                      0.0                       4.0  0 days 00:00:00.000001
 EU-DJ-TELECOM               1            4                      0.0                       4.0  0 days 00:00:00.000002
 EU-DJ-TECH                  1            4                      0.0                       4.0  0 days 00:00:00.000001
 EU-DJ-OIL                   1            4                      0.0                       4.0  0 days 00:00:00.000002
 EU-CONSTRUCTION             1            4                      0.0                       4.0  0 days 00:00:00.000001
 COPPER-mini                 1            4                      0.0                       4.0  0 days 00:00:00.000001
 CZK                         1            4                      0.0                       4.0  0 days 00:00:00.000001
 COTTON                      1            4                      0.0                       4.0  0 days 00:00:00.000002
 EU-MEDIA                    1            4                      0.0                       4.0  0 days 00:00:00.000002
 CNH-onshore                 1            4                      0.0                       4.0  0 days 00:00:00.000002
 CLP                         1            4                      0.0                       4.0  0 days 00:00:00.000002
 CH10                        1            4                      0.0                       4.0  0 days 00:00:00.000001
 BUTTER                      1            4                      0.0                       4.0  0 days 00:00:00.000002
 BOVESPA                     1            4                      0.0                       4.0  0 days 00:00:00.000002
 BEL20                       1            4                      0.0                       4.0  0 days 00:00:00.000001
 ETHANOL                     1            4                      0.0                       4.0  0 days 00:00:00.000002
 EU-MID                      1            4                      0.0                       4.0  0 days 00:00:00.000001
 EURIBOR                     1            4                      0.0                       4.0  0 days 00:00:00.000002
 EURCHF                      1            4                      0.0                       4.0  0 days 00:00:00.000001
 US-ENERGY                   1            4                      0.0                       4.0  0 days 00:00:00.000001
 US-DISCRETE                 1            4                      0.0                       4.0  0 days 00:00:00.000002
 SMI-MID                     1            4                      0.0                       4.0  0 days 00:00:00.000002
 SGX                         1            4                      0.0                       4.0  0 days 00:00:00.000001
 SGD                         1            4                      0.0                       4.0  0 days 00:00:00.000002
 OMX                         1            4                      0.0                       4.0  0 days 00:00:00.000002
 MSCIASIA                    1            4                      0.0                       4.0  0 days 00:00:00.000001
 MILKWET                     1            4                      0.0                       4.0  0 days 00:00:00.000002
 EU-REALESTATE               1            4                      0.0                       4.0  0 days 00:00:00.000002
 MILKDRY                     1            4                      0.0                       4.0  0 days 00:00:00.000001
 JP-REALESTATE               1            4                      0.0                       4.0  0 days 00:00:00.000002
 JGB-SGX-mini                1            4                      0.0                       4.0  0 days 00:00:00.000002
 IRS                         1            4                      0.0                       4.0  0 days 00:00:00.000001
 FTSEINDO                    1            4                      0.0                       4.0  0 days 00:00:00.000002
 EUROSTX200-LARGE            1            4                      0.0                       4.0  0 days 00:00:00.000002
 EUROSTX-SMALL               1            4                      0.0                       4.0  0 days 00:00:00.000001
 EUROSTX-LARGE               1            4                      0.0                       4.0  0 days 00:00:00.000002
 ALUMINIUM                   1            4                      0.0                       4.0  0 days 00:00:00.000002
 MID-DAX                     1            4                      0.0                       4.0  0 days 00:00:00.000002
 YENEUR                     30            4                      0.0                       4.0 27 days 07:57:24.899353
 US10U                      30            4                      0.0                       4.0  0 days 00:00:00.000001
 US3                        30            4                      0.0                       4.0  0 days 00:00:00.000002
 JGB                        14            4                      0.0                       4.0  0 days 00:00:00.000002
 HEATOIL                    14            4                      0.0                       4.0  0 days 00:00:00.000001
 GBPEUR                     14            4                      0.0                       4.0  0 days 00:00:00.000001
 GAS-LAST                   14            4                      0.0                       4.0  0 days 00:00:00.000002
 FTSETAIWAN                 14            4                      0.0                       4.0 12 days 20:55:05.307900
 EU-TECH                    14            4                      0.0                       4.0  0 days 00:00:00.000002
 EU-CHEM                    14            4                      0.0                       4.0  0 days 00:00:00.000002
 ETHEREUM                   14            4                      0.0                       4.0  0 days 00:00:00.000002
 ZAR                         1            4                      0.0                       4.0  0 days 00:00:00.000001
 CNH                        14            4                      0.0                       4.0  0 days 00:00:00.000001
 BRENT-LAST                 14            4                      0.0                       4.0  2 days 08:53:55.322795
 BONO                       14            4                      0.0                       4.0  0 days 00:00:00.000002
 YENEUR                      1            4                      0.0                       4.0  0 days 00:00:00.000001
 US3                         1            4                      0.0                       4.0  0 days 00:00:00.000002
 US10U                       1            4                      0.0                       4.0  0 days 00:00:00.000001
 US-REALESTATE               1            4                      0.0                       4.0  0 days 00:00:00.000002
 SP400                       1            4                      0.0                       4.0  0 days 00:00:00.000002
