
********************************************************************************
                   Status report produced on 11/06/2026 22:54                   
********************************************************************************



===================================================================================================
                                          Delayed methods                                          
===================================================================================================

                  process_name                 last_start                last_end currently_running
clean_log_files   run_cleaners 2026-05-14 22:45:04.423207 2026-05-12 22:45:04.575              True
backup_db_to_csv   run_backups 2026-05-15 22:46:04.478052 2026-05-12 22:53:43.982              True


====================================
    Delayed adjusted / FX prices    
====================================

                         last_update
SGX              2026-03-02 23:00:04
HIGHYIELD        2026-05-22 20:00:01
IG               2026-05-22 20:00:01
EUROSTX-LARGE    2026-06-03 23:00:00
MILKWET          2026-06-03 23:00:00
NOK              2026-06-03 23:00:00
CZK              2026-06-03 23:00:00
KRWUSD           2026-06-03 23:00:00
EURAUD           2026-06-03 23:00:00
EUROSTX200-LARGE 2026-06-03 23:00:00
CHFJPY           2026-06-03 23:00:00
GASOILINE_micro  2026-06-03 23:00:00
CLP              2026-06-03 23:00:00
HOUSE-US         2026-06-03 23:00:00
COAL-GEORDIE     2026-06-03 23:00:00
COTTON           2026-06-03 23:00:00
GAS-PEN          2026-06-03 23:00:00
SUGAR16          2026-06-03 23:00:00
GICS             2026-06-03 23:00:00
BOVESPA          2026-06-03 23:00:00
BONO             2026-06-04 08:00:02
EPRA-EUROPE      2026-06-04 09:00:00
TIN_LME          2026-06-04 09:00:02
EU-DJ-UTIL       2026-06-04 11:00:00
EU-RETAIL        2026-06-04 12:00:00
EURIBOR          2026-06-04 13:00:00
OMX              2026-06-04 13:00:00
EU-DJ-TECH       2026-06-04 13:00:00
LEAD_LME         2026-06-04 14:00:00
ZINC_LME         2026-06-04 14:00:01
EURIBOR-ICE      2026-06-04 15:00:00
EU-INSURE        2026-06-04 15:00:00
EU-HOUSE         2026-06-04 15:00:00
EU-REALESTATE    2026-06-04 15:00:00
WHEAT_ICE        2026-06-04 15:00:00
CRUDE_ICE        2026-06-04 15:00:00
EU-DJ-OIL        2026-06-04 15:00:00
FTSE250          2026-06-04 15:00:00
EU-TRAVEL        2026-06-04 15:00:00
FTSE100          2026-06-04 15:00:00
EU-CHEM          2026-06-04 15:00:00
EUA              2026-06-04 15:00:00
EUROSTX-SMALL    2026-06-04 15:00:00
GASOIL           2026-06-04 15:00:00
HEATOIL-ICE      2026-06-04 15:00:00
GASOILINE_ICE    2026-06-04 15:00:00
SARONA           2026-06-04 15:00:00
AUDJPY           2026-06-04 15:00:00
ROBUSTA          2026-06-04 15:00:00
BRENT_W          2026-06-04 15:00:00
SONIA3           2026-06-04 15:00:00
COPPER_LME       2026-06-04 15:00:00
NICKEL_LME       2026-06-04 15:00:00
MSCIWORLD        2026-06-04 15:00:00
ALUMINIUM_LME    2026-06-04 15:00:00
SMI-MID          2026-06-04 15:00:00
SUGAR_WHITE      2026-06-04 15:00:00
MILLWHEAT        2026-06-04 15:00:00
MIB              2026-06-04 15:00:00
IBEX_mini        2026-06-04 15:00:00
IBEX             2026-06-04 15:00:00
COAL             2026-06-04 15:00:00
EU-MEDIA         2026-06-04 15:00:00
COCOA_LDN        2026-06-04 15:00:00
GILT             2026-06-04 15:00:00
MSCIASIA         2026-06-04 15:00:00
CH10             2026-06-04 15:00:01
PLN              2026-06-04 15:00:02
EU-TECH          2026-06-04 16:00:00
OAT              2026-06-04 16:00:00
SHATZ            2026-06-04 16:00:00
EU-UTILS         2026-06-04 16:00:00
EURCAD           2026-06-04 16:00:00
EURO600          2026-06-04 16:00:00
EUROSTX          2026-06-04 16:00:00
SMI              2026-06-04 16:00:00
EU-OIL           2026-06-04 16:00:00
AEX              2026-06-04 16:00:00
EU-HEALTH        2026-06-04 16:00:00
BOBL             2026-06-04 16:00:00
BTP              2026-06-04 16:00:00
DAX              2026-06-04 16:00:00
BTP3             2026-06-04 16:00:00
BUND             2026-06-04 16:00:00
EU-MID           2026-06-04 16:00:00
EU-AUTO          2026-06-04 16:00:00
CAC              2026-06-04 16:00:00
AEX_mini         2026-06-04 16:00:00
EU-BASIC         2026-06-04 16:00:00
EU-CONSTRUCTION  2026-06-04 16:00:00
EU-DIV30         2026-06-04 16:00:00
EU-DJ-TELECOM    2026-06-04 16:00:00
EU-FOOD          2026-06-04 16:00:00
EU-BANKS         2026-06-04 16:00:00
BUXL             2026-06-04 16:00:01
V2X              2026-06-04 16:00:02
WHEAT_mini       2026-06-04 17:00:00
IRS              2026-06-04 17:00:00
GBPCHF           2026-06-04 17:00:00
WHEY             2026-06-04 17:00:00
MILKDRY          2026-06-04 17:00:00
SUGAR11          2026-06-04 17:00:00
ALUMINIUM        2026-06-04 17:00:00
COFFEE           2026-06-04 18:00:00
MSCIEMASIA       2026-06-04 18:00:00
OJ               2026-06-04 18:00:00
COCOA            2026-06-04 18:00:00
DX               2026-06-04 18:00:00
OATIES           2026-06-04 19:00:00
INR              2026-06-04 19:00:00
STEEL            2026-06-04 19:00:00
SOYBEAN          2026-06-04 19:00:00
US-UTILS         2026-06-04 19:00:00
SOYOIL           2026-06-04 19:00:00
REDWHEAT         2026-06-04 19:00:00
RICE             2026-06-04 19:00:00
US-DISCRETE      2026-06-04 19:00:00
COPPER           2026-06-04 19:00:00
GBPJPY           2026-06-04 19:00:00
LUMBER-new       2026-06-04 19:00:00
WHEAT            2026-06-04 19:00:00
BBCOMM           2026-06-04 19:00:00
CORN_mini        2026-06-04 19:00:00
CORN             2026-06-04 19:00:00
CAD10            2026-06-04 19:00:00
FEEDCOW          2026-06-04 19:00:00
COPPER-mini      2026-06-04 19:00:00
COPPER-micro     2026-06-04 19:00:00
CAD5             2026-06-04 19:00:00
FANG             2026-06-04 19:00:00
SEK              2026-06-04 19:00:00
SOYMEAL          2026-06-04 19:00:00
SOYBEAN_mini     2026-06-04 19:00:00
COTTON2          2026-06-04 19:00:00
LIVECOW          2026-06-04 19:00:01
CANOLA           2026-06-04 19:00:01
LEANHOG          2026-06-04 19:00:02
CAD              2026-06-04 20:00:00
US-MATERIAL      2026-06-04 20:00:00
MSCIEAFA         2026-06-04 20:00:00
US-INDUSTRY      2026-06-04 20:00:00
US-HEALTH        2026-06-04 20:00:00
AUD              2026-06-04 20:00:00
NASDAQ_micro     2026-06-04 20:00:00
SOFR             2026-06-04 20:00:00
SILVER           2026-06-04 20:00:00
BITCOIN          2026-06-04 20:00:00
RUSSELL_mini     2026-06-04 20:00:00
CAD2             2026-06-04 20:00:00
RUSSELL          2026-06-04 20:00:00
NASDAQ           2026-06-04 20:00:00
BRENT-LAST       2026-06-04 20:00:00
PLAT             2026-06-04 20:00:00
SP400            2026-06-04 20:00:00
PALLAD           2026-06-04 20:00:00
SP500_micro      2026-06-04 20:00:00
BUTTER           2026-06-04 20:00:00
US-ENERGY        2026-06-04 20:00:00
R1000            2026-06-04 20:00:00
SP500            2026-06-04 20:00:00
US2              2026-06-04 20:00:00
CAD_micro        2026-06-04 20:00:00
ETHER-micro      2026-06-04 20:00:00
GOLD_micro       2026-06-04 20:00:00
GOLD-mini        2026-06-04 20:00:00
GOLD             2026-06-04 20:00:00
MILK             2026-06-04 20:00:00
GBP_micro        2026-06-04 20:00:00
GBPEUR           2026-06-04 20:00:00
GBP              2026-06-04 20:00:00
DOW_mini         2026-06-04 20:00:00
DOW              2026-06-04 20:00:00
GAS_US_mini      2026-06-04 20:00:00
GAS_US           2026-06-04 20:00:00
CRUDE_W_mini     2026-06-04 20:00:00
EUR_micro        2026-06-04 20:00:00
YENEUR           2026-06-04 20:00:00
CRUDE_W          2026-06-04 20:00:00
CRUDE_W_micro    2026-06-04 20:00:00
VIX_mini         2026-06-04 20:00:00
FED              2026-06-04 20:00:00
VIX              2026-06-04 20:00:00
HEATOIL          2026-06-04 20:00:00
US-REALESTATE    2026-06-04 20:00:00
US-STAPLES       2026-06-04 20:00:00
US10             2026-06-04 20:00:00
US10U            2026-06-04 20:00:00
JPY_mini         2026-06-04 20:00:00
EUR              2026-06-04 20:00:00
US5              2026-06-04 20:00:00
US20             2026-06-04 20:00:00
EURCHF           2026-06-04 20:00:00
US3              2026-06-04 20:00:00
US30             2026-06-04 20:00:00
CHEESE           2026-06-04 20:00:00
CHF_micro        2026-06-04 20:00:00
ZAR              2026-06-04 20:00:00
ETHEREUM         2026-06-04 20:00:00
EUR_mini         2026-06-04 20:00:00
MXP              2026-06-04 20:00:01
JPY              2026-06-04 20:00:01
CHF              2026-06-04 20:00:01
AUD_micro        2026-06-04 20:00:01
NZD              2026-06-04 20:00:02
BRE              2026-06-04 20:00:02
GAS-LAST         2026-06-04 20:00:03
GASOILINE        2026-06-04 20:00:03


===============================================
           Delayed optimal positions           
===============================================

                                    last_update
dynamic_TF_carry/SGX 2024-12-02 22:31:28.544775

Instruments at trade limit: No constraints

================================================
         Instruments at position limit          
================================================

                 keys  position pos_limit  spare
244               CLP         0         0      0
158        MSCITAIWAN         1         1      0
156           BOVESPA         0         0      0
85                SGX         0         0      0
149           TIN_LME         0         0      0
145               SGD         0         0      0
143              BONO         0         0      0
140            CHFJPY         0         0      0
49            MILKDRY         0         0      0
137     GASOILINE_ICE         0         0      0
136       COPPER-mini         0         0      0
133          SGD_mini         0         0      0
53                NOK         0         0      0
132      COAL-GEORDIE         0         0      0
126          HOUSE-US         0         0      0
121            EURAUD         0         0      0
115          FTSEINDO         0         0      0
63             AUDJPY         0         0      0
64               GICS         0         0      0
114               PLN         0         0      0
66          GOLD-mini         0         0      0
109              CH10         0         0      0
106        EU-DJ-TECH         0         0      0
101          TWD-mini         0         0      0
100               CZK         0         0      0
99               WHEY         0         0      0
97             GBPCHF         0         0      0
95           ETHEREUM         0         0      0
94      EU-DJ-TELECOM         0         0      0
79               COAL         0         0      0
170            NASDAQ         0         0      0
176              GOLD         0         0      0
41   EUROSTX200-LARGE         0         0      0
31                IRS         0         0      0
207             SP400         0         0      0
179           GAS-PEN         0         0      0
212          AEX_mini         0         0      0
214         GASOILINE         1         1      0
13          CRUDE_ICE         0         0      0
216          EU-HOUSE         0         0      0
217            KRWUSD         0         0      0
218         SWISSLEAD         0         0      0
9         EPRA-EUROPE         0         0      0
8              PALLAD         0         0      0
219            BUTTER         0         0      0
225           SUGAR16         0         0      0
232   GASOILINE_micro         0         0      0
2       EUROSTX-LARGE         0         0      0
234         EU-DJ-OIL         0         0      0
19              KOSPI         0         0      0
203               MIB         0         0      0
209            COTTON         0         0      0
22        CNH-onshore         0         0      0
30         COPPER_LME         0         0      0
180          JPY_mini         0         0      0
182           MILKWET         0         0      0
21                OMX         0         0      0
184              VNKI         0         0      0
187           HEATOIL         0         0      0
195       HEATOIL-ICE         0         0      0
84             GBPJPY         0         0      0
196            EURCAD         0         0      0


==========================================================
         Overrides in database consider deleting          
==========================================================

                                                  override
NICKEL_LME              Override Close because in database
MILKDRY           Override Reduce only because in database
OATIES            Override Reduce only because in database
SPI200            Override Reduce only because in database
FTSE100           Override Reduce only because in database
VNKI              Override Reduce only because in database
JGB-mini          Override Reduce only because in database
LUMBER-new        Override Reduce only because in database
COPPER-mini       Override Reduce only because in database
CZK               Override Reduce only because in database
SOYBEAN_mini      Override Reduce only because in database
CNH-onshore       Override Reduce only because in database
GAS_US_mini       Override Reduce only because in database
KOSDAQ            Override Reduce only because in database
GBPEUR            Override Reduce only because in database
TWD-mini          Override Reduce only because in database
IBEX              Override Reduce only because in database
IRS               Override Reduce only because in database
SEK               Override Reduce only because in database
NIKKEI400         Override Reduce only because in database
EURAUD            Override Reduce only because in database
GICS              Override Reduce only because in database
JPY_mini          Override Reduce only because in database
CHF_micro         Override Reduce only because in database
JP-REALESTATE     Override Reduce only because in database
EU-INSURE         Override Reduce only because in database
GBP_micro         Override Reduce only because in database
EURCAD            Override Reduce only because in database
KRWUSD            Override Reduce only because in database
YENEUR            Override Reduce only because in database
AUDJPY            Override Reduce only because in database
KOSPI             Override Reduce only because in database
OMX               Override Reduce only because in database
SUGAR16           Override Reduce only because in database
CHFJPY            Override Reduce only because in database
IBEX_mini         Override Reduce only because in database
EU-BANKS          Override Reduce only because in database
CAD_micro         Override Reduce only because in database
R1000             Override Reduce only because in database
GBPJPY            Override Reduce only because in database
EUR_mini          Override Reduce only because in database
GBPCHF            Override Reduce only because in database
EU-CHEM           Override Reduce only because in database
KOSPI_mini        Override Reduce only because in database
EU-CONSTRUCTION   Override Reduce only because in database
EURCHF            Override Reduce only because in database
MIB               Override Reduce only because in database
MSCIASIA          Override Reduce only because in database
SP500             Override Reduce only because in database
FTSE250           Override Reduce only because in database
EU-REALESTATE     Override Reduce only because in database
CORN_mini         Override Reduce only because in database
SP500_micro       Override Reduce only because in database
EU-DJ-UTIL        Override Reduce only because in database
EUROSTX           Override Reduce only because in database
CHINAA-CON        Override Reduce only because in database
CRUDE_W_mini      Override Reduce only because in database
CAC               Override Reduce only because in database
US-ENERGY         Override Reduce only because in database
US-HEALTH         Override Reduce only because in database
EU-HOUSE          Override Reduce only because in database
FANG              Override Reduce only because in database
EU-UTILS          Override Reduce only because in database
EU-AUTO           Override Reduce only because in database
DAX               Override Reduce only because in database
EUROSTX-SMALL     Override Reduce only because in database
STEEL             Override Reduce only because in database
US-MATERIAL       Override Reduce only because in database
US-DISCRETE       Override Reduce only because in database
US-INDUSTRY       Override Reduce only because in database
EU-MID            Override Reduce only because in database
EURO600           Override Reduce only because in database
EU-MEDIA          Override Reduce only because in database
EUROSTX-LARGE     Override Reduce only because in database
US-UTILS          Override Reduce only because in database
EU-HEALTH         Override Reduce only because in database
GASOILINE_micro   Override Reduce only because in database
EU-TECH           Override Reduce only because in database
MSCIWORLD         Override Reduce only because in database
SMI               Override Reduce only because in database
BBCOMM            Override Reduce only because in database
EU-DIV30          Override Reduce only because in database
EUROSTX200-LARGE  Override Reduce only because in database
MSCIEAFA          Override Reduce only because in database
DOW_mini          Override Reduce only because in database
NASDAQ_micro      Override Reduce only because in database
EU-DJ-OIL         Override Reduce only because in database
EU-FOOD           Override Reduce only because in database
RUSSELL_mini      Override Reduce only because in database
EU-OIL            Override Reduce only because in database
EU-DJ-TECH        Override Reduce only because in database
US-STAPLES        Override Reduce only because in database
AEX               Override Reduce only because in database
AEX_mini          Override Reduce only because in database
NASDAQ            Override Reduce only because in database
SP400             Override Reduce only because in database
EU-BASIC          Override Reduce only because in database
EU-TRAVEL         Override Reduce only because in database
EU-DJ-TELECOM     Override Reduce only because in database
BOVESPA           Override Reduce only because in database
EPRA-EUROPE       Override Reduce only because in database
EU-RETAIL         Override Reduce only because in database
MSCIEMASIA        Override Reduce only because in database
SWISSLEAD         Override Reduce only because in database
SMI-MID           Override Reduce only because in database
VIX_mini          Override Reduce only because in database
KR10              Override Reduce only because in database
KR3               Override Reduce only because in database
ZAR               Override Reduce only because in database
US-REALESTATE     Override Reduce only because in database
COAL              Override Reduce only because in database
INR               Override Reduce only because in database
RICE              Override Reduce only because in database

Locked instruments (position mismatch): ['KOSDAQ']

==============================================
Status of adjusted price / FX price collection
==============================================

                         last_update
SGX              2026-03-02 23:00:04
HIGHYIELD        2026-05-22 20:00:01
IG               2026-05-22 20:00:01
EUROSTX-LARGE    2026-06-03 23:00:00
MILKWET          2026-06-03 23:00:00
NOK              2026-06-03 23:00:00
CZK              2026-06-03 23:00:00
KRWUSD           2026-06-03 23:00:00
EURAUD           2026-06-03 23:00:00
EUROSTX200-LARGE 2026-06-03 23:00:00
CHFJPY           2026-06-03 23:00:00
GASOILINE_micro  2026-06-03 23:00:00
CLP              2026-06-03 23:00:00
HOUSE-US         2026-06-03 23:00:00
COAL-GEORDIE     2026-06-03 23:00:00
COTTON           2026-06-03 23:00:00
GAS-PEN          2026-06-03 23:00:00
SUGAR16          2026-06-03 23:00:00
GICS             2026-06-03 23:00:00
BOVESPA          2026-06-03 23:00:00
BONO             2026-06-04 08:00:02
EPRA-EUROPE      2026-06-04 09:00:00
TIN_LME          2026-06-04 09:00:02
EU-DJ-UTIL       2026-06-04 11:00:00
EU-RETAIL        2026-06-04 12:00:00
EURIBOR          2026-06-04 13:00:00
OMX              2026-06-04 13:00:00
EU-DJ-TECH       2026-06-04 13:00:00
LEAD_LME         2026-06-04 14:00:00
ZINC_LME         2026-06-04 14:00:01
EURIBOR-ICE      2026-06-04 15:00:00
EU-INSURE        2026-06-04 15:00:00
EU-HOUSE         2026-06-04 15:00:00
EU-REALESTATE    2026-06-04 15:00:00
WHEAT_ICE        2026-06-04 15:00:00
CRUDE_ICE        2026-06-04 15:00:00
EU-DJ-OIL        2026-06-04 15:00:00
FTSE250          2026-06-04 15:00:00
EU-TRAVEL        2026-06-04 15:00:00
FTSE100          2026-06-04 15:00:00
EU-CHEM          2026-06-04 15:00:00
EUA              2026-06-04 15:00:00
EUROSTX-SMALL    2026-06-04 15:00:00
GASOIL           2026-06-04 15:00:00
HEATOIL-ICE      2026-06-04 15:00:00
GASOILINE_ICE    2026-06-04 15:00:00
SARONA           2026-06-04 15:00:00
AUDJPY           2026-06-04 15:00:00
ROBUSTA          2026-06-04 15:00:00
BRENT_W          2026-06-04 15:00:00
SONIA3           2026-06-04 15:00:00
COPPER_LME       2026-06-04 15:00:00
NICKEL_LME       2026-06-04 15:00:00
MSCIWORLD        2026-06-04 15:00:00
ALUMINIUM_LME    2026-06-04 15:00:00
SMI-MID          2026-06-04 15:00:00
SUGAR_WHITE      2026-06-04 15:00:00
MILLWHEAT        2026-06-04 15:00:00
MIB              2026-06-04 15:00:00
IBEX_mini        2026-06-04 15:00:00
IBEX             2026-06-04 15:00:00
COAL             2026-06-04 15:00:00
EU-MEDIA         2026-06-04 15:00:00
COCOA_LDN        2026-06-04 15:00:00
GILT             2026-06-04 15:00:00
MSCIASIA         2026-06-04 15:00:00
CH10             2026-06-04 15:00:01
PLN              2026-06-04 15:00:02
EU-TECH          2026-06-04 16:00:00
OAT*             2026-06-04 16:00:00
SHATZ            2026-06-04 16:00:00
EU-UTILS         2026-06-04 16:00:00
EURCAD           2026-06-04 16:00:00
EURO600          2026-06-04 16:00:00
EUROSTX          2026-06-04 16:00:00
SMI              2026-06-04 16:00:00
EU-OIL*          2026-06-04 16:00:00
AEX              2026-06-04 16:00:00
EU-HEALTH        2026-06-04 16:00:00
BOBL             2026-06-04 16:00:00
BTP              2026-06-04 16:00:00
DAX              2026-06-04 16:00:00
BTP3             2026-06-04 16:00:00
BUND             2026-06-04 16:00:00
EU-MID           2026-06-04 16:00:00
EU-AUTO          2026-06-04 16:00:00
CAC*             2026-06-04 16:00:00
AEX_mini         2026-06-04 16:00:00
EU-BASIC*        2026-06-04 16:00:00
EU-CONSTRUCTION  2026-06-04 16:00:00
EU-DIV30         2026-06-04 16:00:00
EU-DJ-TELECOM    2026-06-04 16:00:00
EU-FOOD          2026-06-04 16:00:00
EU-BANKS         2026-06-04 16:00:00
BUXL             2026-06-04 16:00:01
V2X              2026-06-04 16:00:02
WHEAT_mini       2026-06-04 17:00:00
IRS              2026-06-04 17:00:00
GBPCHF           2026-06-04 17:00:00
WHEY             2026-06-04 17:00:00
MILKDRY          2026-06-04 17:00:00
SUGAR11          2026-06-04 17:00:00
ALUMINIUM        2026-06-04 17:00:00
COFFEE           2026-06-04 18:00:00
MSCIEMASIA       2026-06-04 18:00:00
OJ               2026-06-04 18:00:00
COCOA            2026-06-04 18:00:00
DX               2026-06-04 18:00:00
OATIES           2026-06-04 19:00:00
INR              2026-06-04 19:00:00
STEEL            2026-06-04 19:00:00
SOYBEAN          2026-06-04 19:00:00
US-UTILS         2026-06-04 19:00:00
SOYOIL           2026-06-04 19:00:00
REDWHEAT*        2026-06-04 19:00:00
RICE             2026-06-04 19:00:00
US-DISCRETE      2026-06-04 19:00:00
COPPER           2026-06-04 19:00:00
GBPJPY           2026-06-04 19:00:00
LUMBER-new       2026-06-04 19:00:00
WHEAT            2026-06-04 19:00:00
BBCOMM           2026-06-04 19:00:00
CORN_mini        2026-06-04 19:00:00
CORN             2026-06-04 19:00:00
CAD10*           2026-06-04 19:00:00
FEEDCOW          2026-06-04 19:00:00
COPPER-mini      2026-06-04 19:00:00
COPPER-micro     2026-06-04 19:00:00
CAD5             2026-06-04 19:00:00
FANG             2026-06-04 19:00:00
SEK              2026-06-04 19:00:00
SOYMEAL          2026-06-04 19:00:00
SOYBEAN_mini     2026-06-04 19:00:00
COTTON2          2026-06-04 19:00:00
LIVECOW          2026-06-04 19:00:01
CANOLA*          2026-06-04 19:00:01
LEANHOG          2026-06-04 19:00:02
CAD              2026-06-04 20:00:00
US-MATERIAL      2026-06-04 20:00:00
MSCIEAFA         2026-06-04 20:00:00
US-INDUSTRY      2026-06-04 20:00:00
US-HEALTH        2026-06-04 20:00:00
AUD              2026-06-04 20:00:00
NASDAQ_micro     2026-06-04 20:00:00
SOFR             2026-06-04 20:00:00
SILVER           2026-06-04 20:00:00
BITCOIN*         2026-06-04 20:00:00
RUSSELL_mini     2026-06-04 20:00:00
CAD2             2026-06-04 20:00:00
RUSSELL*         2026-06-04 20:00:00
NASDAQ           2026-06-04 20:00:00
BRENT-LAST       2026-06-04 20:00:00
PLAT             2026-06-04 20:00:00
SP400            2026-06-04 20:00:00
PALLAD           2026-06-04 20:00:00
SP500_micro      2026-06-04 20:00:00
BUTTER           2026-06-04 20:00:00
US-ENERGY        2026-06-04 20:00:00
R1000            2026-06-04 20:00:00
SP500            2026-06-04 20:00:00
US2              2026-06-04 20:00:00
CAD_micro        2026-06-04 20:00:00
ETHER-micro      2026-06-04 20:00:00
GOLD_micro       2026-06-04 20:00:00
GOLD-mini        2026-06-04 20:00:00
GOLD             2026-06-04 20:00:00
MILK             2026-06-04 20:00:00
GBP_micro        2026-06-04 20:00:00
GBPEUR           2026-06-04 20:00:00
GBP              2026-06-04 20:00:00
DOW_mini         2026-06-04 20:00:00
DOW              2026-06-04 20:00:00
GAS_US_mini*     2026-06-04 20:00:00
GAS_US           2026-06-04 20:00:00
CRUDE_W_mini     2026-06-04 20:00:00
EUR_micro*       2026-06-04 20:00:00
YENEUR           2026-06-04 20:00:00
CRUDE_W          2026-06-04 20:00:00
CRUDE_W_micro    2026-06-04 20:00:00
VIX_mini         2026-06-04 20:00:00
FED              2026-06-04 20:00:00
VIX              2026-06-04 20:00:00
HEATOIL          2026-06-04 20:00:00
US-REALESTATE    2026-06-04 20:00:00
US-STAPLES       2026-06-04 20:00:00
US10             2026-06-04 20:00:00
US10U            2026-06-04 20:00:00
JPY_mini         2026-06-04 20:00:00
EUR              2026-06-04 20:00:00
US5              2026-06-04 20:00:00
US20             2026-06-04 20:00:00
EURCHF           2026-06-04 20:00:00
US3              2026-06-04 20:00:00
US30             2026-06-04 20:00:00
CHEESE           2026-06-04 20:00:00
CHF_micro        2026-06-04 20:00:00
ZAR*             2026-06-04 20:00:00
ETHEREUM         2026-06-04 20:00:00
EUR_mini         2026-06-04 20:00:00
MXP              2026-06-04 20:00:01
JPY*             2026-06-04 20:00:01
CHF*             2026-06-04 20:00:01
AUD_micro        2026-06-04 20:00:01
NZD*             2026-06-04 20:00:02
BRE              2026-06-04 20:00:02
GAS-LAST         2026-06-04 20:00:03
GASOILINE*       2026-06-04 20:00:03
TWD-mini         2026-06-08 23:00:00
VNKI             2026-06-09 23:00:00
SGD_mini         2026-06-10 23:00:00
SGD              2026-06-10 23:00:00
TWD              2026-06-10 23:00:00
CNH-onshore      2026-06-10 23:00:00
JGB-mini         2026-06-10 23:00:00
SWISSLEAD        2026-06-10 23:00:00
JP-REALESTATE    2026-06-11 03:00:00
HANGTECH         2026-06-11 04:00:00
SPI200           2026-06-11 04:00:00
CNH              2026-06-11 04:00:00
FTSECHINAH       2026-06-11 04:00:00
FTSEINDO         2026-06-11 04:00:00
FTSEVIET         2026-06-11 04:00:00
HANG             2026-06-11 04:00:00
HANGENT_mini*    2026-06-11 04:00:00
HANG_mini        2026-06-11 04:00:00
IRON             2026-06-11 04:00:00
HANGENT          2026-06-11 04:00:00
KR10*            2026-06-11 04:00:00
KOSPI_mini       2026-06-11 05:00:00
CHINAA-CON       2026-06-11 05:00:00
RUBBER           2026-06-11 05:00:00
FTSECHINAA       2026-06-11 05:00:00
NIKKEI*          2026-06-11 05:00:00
FTSETAIWAN       2026-06-11 05:00:00
MUMMY            2026-06-11 05:00:00
MSCITAIWAN*      2026-06-11 05:00:00
NIKKEI400        2026-06-11 05:00:00
MSCISING*        2026-06-11 05:00:00
KRWUSD_mini      2026-06-11 05:00:00
KR3              2026-06-11 05:00:00
JGB              2026-06-11 05:00:00
JGB-SGX-mini     2026-06-11 05:00:00
KOSDAQ*          2026-06-11 05:00:00
KOSPI            2026-06-11 05:00:00
TOPIX*           2026-06-11 05:00:00
JPYUSD           2026-06-11 23:00:00
CNHUSD           2026-06-11 23:00:00
AUDUSD           2026-06-11 23:00:00
KRWUSD           2026-06-11 23:00:00
CHFUSD           2026-06-11 23:00:00
GBPUSD           2026-06-11 23:00:00
MXPUSD           2026-06-11 23:00:00
SGDUSD           2026-06-11 23:00:00
HKDUSD           2026-06-11 23:00:00
CADUSD           2026-06-11 23:00:00
EURUSD           2026-06-11 23:00:00
SEKUSD           2026-06-11 23:00:00


============================================================
           Status of optimal position generation            
============================================================

                                                 last_update
dynamic_TF_carry/SGX              2024-12-02 22:31:28.544775
dynamic_TF_carry/US20             2026-06-11 22:31:31.357551
dynamic_TF_carry/COAL             2026-06-11 22:31:31.357783
dynamic_TF_carry/DAX              2026-06-11 22:31:31.357999
dynamic_TF_carry/US5              2026-06-11 22:31:31.358211
dynamic_TF_carry/CAC              2026-06-11 22:31:31.358421
dynamic_TF_carry/HIGHYIELD        2026-06-11 22:31:31.358630
dynamic_TF_carry/SOYBEAN_mini     2026-06-11 22:31:31.358839
dynamic_TF_carry/COFFEE           2026-06-11 22:31:31.359050
dynamic_TF_carry/MSCIWORLD        2026-06-11 22:31:31.359259
dynamic_TF_carry/EURIBOR-ICE      2026-06-11 22:31:31.359886
dynamic_TF_carry/GBP              2026-06-11 22:31:31.360098
dynamic_TF_carry/US10             2026-06-11 22:31:31.360306
dynamic_TF_carry/GASOIL           2026-06-11 22:31:31.360514
dynamic_TF_carry/EUROSTX200-LARGE 2026-06-11 22:31:31.360721
dynamic_TF_carry/EU-OIL           2026-06-11 22:31:31.360929
dynamic_TF_carry/EUROSTX          2026-06-11 22:31:31.361346
dynamic_TF_carry/COCOA_LDN        2026-06-11 22:31:31.361553
dynamic_TF_carry/EUR_micro        2026-06-11 22:31:31.361763
dynamic_TF_carry/US-STAPLES       2026-06-11 22:31:31.361972
dynamic_TF_carry/EU-HOUSE         2026-06-11 22:31:31.362179
dynamic_TF_carry/KRWUSD           2026-06-11 22:31:31.362387
dynamic_TF_carry/EURO600          2026-06-11 22:31:31.362594
dynamic_TF_carry/GBPJPY           2026-06-11 22:31:31.362802
dynamic_TF_carry/PLN              2026-06-11 22:31:31.363011
dynamic_TF_carry/WHEAT_ICE        2026-06-11 22:31:31.363219
dynamic_TF_carry/COAL-GEORDIE     2026-06-11 22:31:31.363427
dynamic_TF_carry/CHF              2026-06-11 22:31:31.363635
dynamic_TF_carry/KR10             2026-06-11 22:31:31.364054
dynamic_TF_carry/LIVECOW          2026-06-11 22:31:31.364263
dynamic_TF_carry/MILKWET          2026-06-11 22:31:31.364472
dynamic_TF_carry/NICKEL_LME       2026-06-11 22:31:31.364679
dynamic_TF_carry/OAT              2026-06-11 22:31:31.364888
dynamic_TF_carry/ZAR              2026-06-11 22:31:31.365099
dynamic_TF_carry/KR3              2026-06-11 22:31:31.365307
dynamic_TF_carry/GILT             2026-06-11 22:31:31.365515
dynamic_TF_carry/MSCIEAFA         2026-06-11 22:31:31.365724
dynamic_TF_carry/MILKDRY          2026-06-11 22:31:31.365931
dynamic_TF_carry/NASDAQ_micro     2026-06-11 22:31:31.366139
dynamic_TF_carry/CAD5             2026-06-11 22:31:31.366346
dynamic_TF_carry/CHEESE           2026-06-11 22:31:31.366553
dynamic_TF_carry/GICS             2026-06-11 22:31:31.366761
dynamic_TF_carry/EURAUD           2026-06-11 22:31:31.366968
dynamic_TF_carry/SARONA           2026-06-11 22:31:31.367382
dynamic_TF_carry/JPY              2026-06-11 22:31:31.367590
dynamic_TF_carry/BOVESPA          2026-06-11 22:31:31.367798
dynamic_TF_carry/GOLD_micro       2026-06-11 22:31:31.368008
dynamic_TF_carry/EU-AUTO          2026-06-11 22:31:31.368217
dynamic_TF_carry/PLAT             2026-06-11 22:31:31.368425
dynamic_TF_carry/SEK              2026-06-11 22:31:31.368633
dynamic_TF_carry/STEEL            2026-06-11 22:31:31.368841
dynamic_TF_carry/FTSEINDO         2026-06-11 22:31:31.369049
dynamic_TF_carry/SOFR             2026-06-11 22:31:31.369255
dynamic_TF_carry/EU-DJ-TELECOM    2026-06-11 22:31:31.369462
dynamic_TF_carry/EU-REALESTATE    2026-06-11 22:31:31.369670
dynamic_TF_carry/MUMMY            2026-06-11 22:31:31.369878
dynamic_TF_carry/CZK              2026-06-11 22:31:31.370086
dynamic_TF_carry/ETHEREUM         2026-06-11 22:31:31.370295
dynamic_TF_carry/INR              2026-06-11 22:31:31.370503
dynamic_TF_carry/NZD              2026-06-11 22:31:31.370709
dynamic_TF_carry/COPPER_LME       2026-06-11 22:31:31.370918
dynamic_TF_carry/EU-DIV30         2026-06-11 22:31:31.371126
dynamic_TF_carry/FTSETAIWAN       2026-06-11 22:31:31.371337
dynamic_TF_carry/EU-DJ-UTIL       2026-06-11 22:31:31.371546
dynamic_TF_carry/US-DISCRETE      2026-06-11 22:31:31.371754
dynamic_TF_carry/EURCHF           2026-06-11 22:31:31.371962
dynamic_TF_carry/CRUDE_ICE        2026-06-11 22:31:31.372173
dynamic_TF_carry/US3              2026-06-11 22:31:31.372381
dynamic_TF_carry/FED              2026-06-11 22:31:31.372588
dynamic_TF_carry/COTTON           2026-06-11 22:31:31.372796
dynamic_TF_carry/BRENT-LAST       2026-06-11 22:31:31.373003
dynamic_TF_carry/SMI-MID          2026-06-11 22:31:31.373211
dynamic_TF_carry/COPPER-micro     2026-06-11 22:31:31.373419
dynamic_TF_carry/RICE             2026-06-11 22:31:31.373627
dynamic_TF_carry/EURCAD           2026-06-11 22:31:31.374048
dynamic_TF_carry/US-ENERGY        2026-06-11 22:31:31.374258
dynamic_TF_carry/AUDJPY           2026-06-11 22:31:31.374467
dynamic_TF_carry/EUROSTX-LARGE    2026-06-11 22:31:31.374675
dynamic_TF_carry/CNH              2026-06-11 22:31:31.374883
dynamic_TF_carry/EU-CHEM          2026-06-11 22:31:31.375091
dynamic_TF_carry/PALLAD           2026-06-11 22:31:31.375300
dynamic_TF_carry/EU-UTILS         2026-06-11 22:31:31.375509
dynamic_TF_carry/EU-FOOD          2026-06-11 22:31:31.375716
dynamic_TF_carry/KOSPI_mini       2026-06-11 22:31:31.375925
dynamic_TF_carry/AEX              2026-06-11 22:31:31.376136
dynamic_TF_carry/HEATOIL          2026-06-11 22:31:31.376345
dynamic_TF_carry/US-MATERIAL      2026-06-11 22:31:31.376555
dynamic_TF_carry/US2              2026-06-11 22:31:31.376764
dynamic_TF_carry/EU-BASIC         2026-06-11 22:31:31.376976
dynamic_TF_carry/SUGAR16          2026-06-11 22:31:31.377185
dynamic_TF_carry/FTSECHINAH       2026-06-11 22:31:31.377396
dynamic_TF_carry/BRENT_W          2026-06-11 22:31:31.377605
dynamic_TF_carry/FTSEVIET         2026-06-11 22:31:31.377814
dynamic_TF_carry/LUMBER-new       2026-06-11 22:31:31.378022
dynamic_TF_carry/BOBL             2026-06-11 22:31:31.378229
dynamic_TF_carry/CAD              2026-06-11 22:31:31.378437
dynamic_TF_carry/SUGAR_WHITE      2026-06-11 22:31:31.378645
dynamic_TF_carry/WHEAT            2026-06-11 22:31:31.378853
dynamic_TF_carry/IG               2026-06-11 22:31:31.379062
dynamic_TF_carry/CAD10            2026-06-11 22:31:31.379270
dynamic_TF_carry/CRUDE_W_micro    2026-06-11 22:31:31.379478
dynamic_TF_carry/GAS-LAST         2026-06-11 22:31:31.379685
dynamic_TF_carry/SONIA3           2026-06-11 22:31:31.379894
dynamic_TF_carry/FANG             2026-06-11 22:31:31.380106
dynamic_TF_carry/RUBBER           2026-06-11 22:31:31.380314
dynamic_TF_carry/EUA              2026-06-11 22:31:31.380524
dynamic_TF_carry/GAS_US_mini      2026-06-11 22:31:31.380940
dynamic_TF_carry/MSCIEMASIA       2026-06-11 22:31:31.381146
dynamic_TF_carry/TWD              2026-06-11 22:31:31.381354
dynamic_TF_carry/YENEUR           2026-06-11 22:31:31.381561
dynamic_TF_carry/BITCOIN          2026-06-11 22:31:31.381768
dynamic_TF_carry/MIB              2026-06-11 22:31:31.381975
dynamic_TF_carry/BTP3             2026-06-11 22:31:31.382183
dynamic_TF_carry/COPPER           2026-06-11 22:31:31.382392
dynamic_TF_carry/CHINAA-CON       2026-06-11 22:31:31.382600
dynamic_TF_carry/SGD              2026-06-11 22:31:31.382807
dynamic_TF_carry/EU-RETAIL        2026-06-11 22:31:31.383017
dynamic_TF_carry/GBPCHF           2026-06-11 22:31:31.383223
dynamic_TF_carry/COCOA            2026-06-11 22:31:31.383429
dynamic_TF_carry/CAD2             2026-06-11 22:31:31.383636
dynamic_TF_carry/KRWUSD_mini      2026-06-11 22:31:31.384052
dynamic_TF_carry/NIKKEI           2026-06-11 22:31:31.384260
dynamic_TF_carry/FTSE100          2026-06-11 22:31:31.384469
dynamic_TF_carry/GAS-PEN          2026-06-11 22:31:31.384678
dynamic_TF_carry/NOK              2026-06-11 22:31:31.384888
dynamic_TF_carry/EU-MID           2026-06-11 22:31:31.385303
dynamic_TF_carry/CANOLA           2026-06-11 22:31:31.385512
dynamic_TF_carry/KOSDAQ           2026-06-11 22:31:31.385721
dynamic_TF_carry/TOPIX            2026-06-11 22:31:31.385928
dynamic_TF_carry/DOW              2026-06-11 22:31:31.386137
dynamic_TF_carry/US-INDUSTRY      2026-06-11 22:31:31.386344
dynamic_TF_carry/HOUSE-US         2026-06-11 22:31:31.386553
dynamic_TF_carry/NIKKEI400        2026-06-11 22:31:31.386971
dynamic_TF_carry/FEEDCOW          2026-06-11 22:31:31.387178
dynamic_TF_carry/SMI              2026-06-11 22:31:31.387389
dynamic_TF_carry/SOYBEAN          2026-06-11 22:31:31.387596
dynamic_TF_carry/BTP              2026-06-11 22:31:31.387802
dynamic_TF_carry/COTTON2          2026-06-11 22:31:31.388012
dynamic_TF_carry/EUROSTX-SMALL    2026-06-11 22:31:31.388223
dynamic_TF_carry/IBEX_mini        2026-06-11 22:31:31.388430
dynamic_TF_carry/AUD              2026-06-11 22:31:31.388636
dynamic_TF_carry/US10U            2026-06-11 22:31:31.388844
dynamic_TF_carry/CHFJPY           2026-06-11 22:31:31.389050
dynamic_TF_carry/SPI200           2026-06-11 22:31:31.389255
dynamic_TF_carry/MSCISING         2026-06-11 22:31:31.389459
dynamic_TF_carry/SILVER           2026-06-11 22:31:31.389668
dynamic_TF_carry/AUD_micro        2026-06-11 22:31:31.389874
dynamic_TF_carry/LEAD_LME         2026-06-11 22:31:31.390081
dynamic_TF_carry/OATIES           2026-06-11 22:31:31.390291
dynamic_TF_carry/US-UTILS         2026-06-11 22:31:31.390498
dynamic_TF_carry/HANGENT_mini     2026-06-11 22:31:31.390704
dynamic_TF_carry/VIX              2026-06-11 22:31:31.390910
dynamic_TF_carry/WHEY             2026-06-11 22:31:31.391114
dynamic_TF_carry/LEANHOG          2026-06-11 22:31:31.391321
dynamic_TF_carry/BBCOMM           2026-06-11 22:31:31.391527
dynamic_TF_carry/RUSSELL          2026-06-11 22:31:31.391937
dynamic_TF_carry/BONO             2026-06-11 22:31:31.392146
dynamic_TF_carry/US30             2026-06-11 22:31:31.392352
dynamic_TF_carry/EU-TRAVEL        2026-06-11 22:31:31.392560
dynamic_TF_carry/BUXL             2026-06-11 22:31:31.392766
dynamic_TF_carry/FTSE250          2026-06-11 22:31:31.392973
dynamic_TF_carry/FTSECHINAA       2026-06-11 22:31:31.393180
dynamic_TF_carry/KOSPI            2026-06-11 22:31:31.393386
dynamic_TF_carry/US-REALESTATE    2026-06-11 22:31:31.393798
dynamic_TF_carry/EU-HEALTH        2026-06-11 22:31:31.394004
dynamic_TF_carry/TIN_LME          2026-06-11 22:31:31.394210
dynamic_TF_carry/CRUDE_W_mini     2026-06-11 22:31:31.394416
dynamic_TF_carry/VNKI             2026-06-11 22:31:31.394622
dynamic_TF_carry/SHATZ            2026-06-11 22:31:31.394827
dynamic_TF_carry/SWISSLEAD        2026-06-11 22:31:31.395032
dynamic_TF_carry/SOYMEAL          2026-06-11 22:31:31.395240
dynamic_TF_carry/EPRA-EUROPE      2026-06-11 22:31:31.395446
dynamic_TF_carry/GASOILINE        2026-06-11 22:31:31.395652
dynamic_TF_carry/MXP              2026-06-11 22:31:31.395859
dynamic_TF_carry/EU-INSURE        2026-06-11 22:31:31.396067
dynamic_TF_carry/BUND             2026-06-11 22:31:31.396276
dynamic_TF_carry/OJ               2026-06-11 22:31:31.396482
dynamic_TF_carry/R1000            2026-06-11 22:31:31.396689
dynamic_TF_carry/V2X              2026-06-11 22:31:31.396896
