
********************************************************************************
                   Status report produced on 22/04/2024 22:57                   
********************************************************************************


Delayed methods: No delays

===============================
 Delayed adjusted / FX prices  
===============================

                    last_update
SGX         2024-04-15 23:00:00
TWD         2024-04-15 23:00:01
CNH-onshore 2024-04-18 23:00:01
CHINAA-CON  2024-04-19 04:00:00

Delayed optimal positions: No delays

=================================================================================================================
                                           Instruments at trade limit                                            
=================================================================================================================

              period_days  trade_limit  trades_since_last_reset  trade_capacity_remaining   time_since_last_reset
 PLAT                  30            4                      4.0                       0.0 14 days 08:56:57.881632
 GAS_US_mini           30            6                      6.0                       0.0 25 days 08:56:52.124678


================================================
         Instruments at position limit          
================================================

                 keys  position pos_limit  spare
85               GICS         0       0.0    0.0
219              CH10         0       0.0    0.0
222               PLN         0       0.0    0.0
71        EPRA-EUROPE         0       0.0    0.0
186               NOK         0       0.0    0.0
68            MILKDRY         0       0.0    0.0
224            EURCHF         0       0.0    0.0
225               SGX         0       0.0    0.0
64          GASOILINE         1       1.0    0.0
75                CHF        -3       3.0    0.0
139          ETHEREUM         0       0.0    0.0
61          CHF_micro         0       0.0    0.0
59             CHFJPY         0       0.0    0.0
141          HOUSE-US         0       0.0    0.0
56             EURAUD         0       0.0    0.0
235               TWD         0       0.0    0.0
53           SGD_mini         0       0.0    0.0
144              WHEY         0       0.0    0.0
49                CLP         0       0.0    0.0
227  EUROSTX200-LARGE         0       0.0    0.0
76               VNKI         0       0.0    0.0
83           EU-HOUSE         0       0.0    0.0
84       COAL-GEORDIE         0       0.0    0.0
197             STEEL         0       0.0    0.0
111             COCOA         1       1.0    0.0
110           TIN_LME         0       0.0    0.0
109            EURCAD         0       0.0    0.0
199   GASOILINE_micro         0       0.0    0.0
118            NASDAQ         0       0.0    0.0
120               OMX         0       0.0    0.0
201           SMI-MID         0       0.0    0.0
124          AEX_mini         0       0.0    0.0
204         HIGHYIELD         0       0.0    0.0
97               COAL         0       0.0    0.0
96               BUXL        -1       1.0    0.0
95      EUROSTX-LARGE         0       0.0    0.0
191            BUTTER         0       0.0    0.0
206       CNH-onshore         0       0.0    0.0
214   EU-CONSTRUCTION         0       0.0    0.0
215            COTTON         0       0.0    0.0
130               IRS         0       0.0    0.0
131           US-TECH         0       0.0    0.0
145               CZK         0       0.0    0.0
179       COPPER-mini         0       0.0    0.0
57      EU-DJ-TELECOM         0       0.0    0.0
195               SEK         0       0.0    0.0
24             AUDJPY         0       0.0    0.0
175             SP400         0       0.0    0.0
164         SWISSLEAD         0       0.0    0.0
26          EU-RETAIL         0       0.0    0.0
15            MILKWET         0       0.0    0.0
10           TWD-mini         0       0.0    0.0
28        HEATOIL-ICE         0       0.0    0.0
154              US30        -1       1.0    0.0
248           EU-CHEM         0       0.0    0.0
19          EU-TRAVEL         0       0.0    0.0
152             R1000         0       0.0    0.0
32           JPY_mini         0       0.0    0.0
151               JGB         0       0.0    0.0
34            GAS-PEN        -1       1.0    0.0
159               MIB         1       1.0    0.0
240               RUR         0       0.0    0.0
150                IG         0       0.0    0.0
8              GBPJPY         0       0.0    0.0
37         EU-DJ-TECH         0       0.0    0.0
7            EU-MEDIA         0       0.0    0.0
38           JGB-mini         0       0.0    0.0
167           ETHANOL         0       0.0    0.0
40         COPPER_LME         0       0.0    0.0
3              YENEUR         2       2.0    0.0
173           BOVESPA         0       0.0    0.0
245            KRWUSD         0       0.0    0.0
157            PALLAD         0       0.0    0.0


=========================================================
         Overrides in database consider deleting         
=========================================================

                                                 override
STEEL            Override Reduce only because in database
COPPER-mini      Override Reduce only because in database
NICKEL_LME             Override Close because in database
GASOILINE_micro  Override Reduce only because in database
CORN_mini        Override Reduce only because in database
CRUDE_W_mini     Override Reduce only because in database
COAL-GEORDIE     Override Reduce only because in database
SUGAR16          Override Reduce only because in database
INR              Override Reduce only because in database
FTSEVIET         Override Reduce only because in database
FTSEINDO         Override Reduce only because in database
OATIES           Override Reduce only because in database
FTSETAIWAN       Override Reduce only because in database
BRENT-LAST       Override Reduce only because in database
COAL             Override Reduce only because in database
SGX              Override Reduce only because in database
VNKI             Override Reduce only because in database
ETHANOL          Override Reduce only because in database
MSCISING         Override Reduce only because in database
CHEESE           Override Reduce only because in database
GAS-PEN          Override Reduce only because in database
GAS-LAST         Override Reduce only because in database
WHEY             Override Reduce only because in database
CLP              Override Reduce only because in database
MSCITAIWAN       Override Reduce only because in database
RICE             Override Reduce only because in database
HANGENT          Override Reduce only because in database
GOLD-mini        Override Reduce only because in database
VIX_mini         Override Reduce only because in database

Locked instruments (position mismatch): ['CHINAA-CON']

==============================================
Status of adjusted price / FX price collection
==============================================

                         last_update
SGX              2024-04-15 23:00:00
TWD              2024-04-15 23:00:01
CNH-onshore      2024-04-18 23:00:01
CHINAA-CON*      2024-04-19 04:00:00
CLP              2024-04-19 23:00:00
OMX              2024-04-19 23:00:00
IRS              2024-04-19 23:00:00
RUR              2024-04-19 23:00:00
HOUSE-US         2024-04-19 23:00:00
ETHANOL          2024-04-19 23:00:00
EURAUD           2024-04-19 23:00:00
NICKEL_LME       2024-04-19 23:00:00
EURIBOR          2024-04-19 23:00:00
GBPJPY           2024-04-19 23:00:00
COTTON           2024-04-19 23:00:00
BOVESPA          2024-04-19 23:00:00
CZK              2024-04-19 23:00:00
GASOILINE_micro  2024-04-19 23:00:00
SWISSLEAD        2024-04-19 23:00:00
BB3M             2024-04-19 23:00:00
EUROSTX-LARGE    2024-04-19 23:00:00
SUGAR16          2024-04-19 23:00:00
GBPCHF           2024-04-19 23:00:00
TIN_LME          2024-04-19 23:00:00
VNKI             2024-04-22 01:00:00
JGB-mini         2024-04-22 04:30:00
JP-REALESTATE    2024-04-22 06:00:00
MSCITAIWAN       2024-04-22 06:00:00
KR10             2024-04-22 07:00:00
KOSPI            2024-04-22 07:00:00
KR3              2024-04-22 07:00:00
KRWUSD_mini      2024-04-22 07:00:00
KOSPI_mini       2024-04-22 07:00:00
KOSDAQ*          2024-04-22 07:00:00
HANGTECH         2024-04-22 08:00:00
JGB              2024-04-22 08:00:00
IRON*            2024-04-22 08:00:00
FTSECHINAH*      2024-04-22 08:00:00
EU-RETAIL        2024-04-22 08:00:00
HANG_mini*       2024-04-22 08:00:00
HANGENT_mini     2024-04-22 08:00:00
HANGENT          2024-04-22 08:00:00
HANG             2024-04-22 08:00:00
EUROSTX200-LARGE 2024-04-22 08:00:00
FTSEVIET         2024-04-22 08:00:00
FTSETAIWAN       2024-04-22 08:00:00
FTSECHINAA*      2024-04-22 08:00:00
JGB-SGX-mini     2024-04-22 08:00:00
EU-MID           2024-04-22 08:00:00
FTSEINDO         2024-04-22 08:00:00
SGD_mini         2024-04-22 08:00:00
MSCISING*        2024-04-22 08:00:00
RUBBER           2024-04-22 08:00:00
TWD-mini         2024-04-22 08:00:00
CNH              2024-04-22 08:00:00
SGD              2024-04-22 08:00:00
SPI200*          2024-04-22 08:10:00
MUMMY            2024-04-22 08:30:00
NIKKEI400        2024-04-22 08:30:00
TOPIX            2024-04-22 08:30:00
ZINC_LME         2024-04-22 09:00:00
NIKKEI*          2024-04-22 09:00:00
EPRA-EUROPE      2024-04-22 11:00:00
EU-DJ-TECH       2024-04-22 12:00:00
EU-TRAVEL        2024-04-22 13:00:00
EU-HOUSE         2024-04-22 14:00:00
EUROSTX-SMALL    2024-04-22 14:00:00
AEX_mini         2024-04-22 14:00:00
GASOILINE_ICE    2024-04-22 15:00:00
SUGAR_WHITE      2024-04-22 15:00:00
GICS             2024-04-22 15:00:00
BRENT_W          2024-04-22 15:00:00
GASOIL           2024-04-22 15:00:00
ALUMINIUM_LME    2024-04-22 15:00:00
GILT             2024-04-22 15:00:00
FTSE100          2024-04-22 15:00:00
SONIA3           2024-04-22 15:00:00
FTSE250          2024-04-22 15:00:00
EUA              2024-04-22 15:00:00
WHEAT_ICE        2024-04-22 15:00:00
CRUDE_ICE        2024-04-22 15:00:00
EU-MEDIA         2024-04-22 15:00:00
HEATOIL-ICE      2024-04-22 15:00:00
MILLWHEAT*       2024-04-22 15:00:00
MIB*             2024-04-22 15:00:00
COPPER_LME       2024-04-22 15:00:00
MSCIWORLD        2024-04-22 15:00:00
DJSTX-SMALL      2024-04-22 15:00:00
COCOA_LDN        2024-04-22 15:00:00
COAL-GEORDIE     2024-04-22 15:00:00
COAL             2024-04-22 15:00:00
CHFJPY           2024-04-22 15:00:00
EU-REALESTATE    2024-04-22 15:00:00
ROBUSTA          2024-04-22 15:00:00
CH10             2024-04-22 15:00:00
EU-DJ-OIL        2024-04-22 15:00:00
EU-DJ-UTIL       2024-04-22 15:00:00
IBEX_mini        2024-04-22 15:00:00
IBEX             2024-04-22 15:00:00
SARONA           2024-04-22 15:00:00
MSCIASIA         2024-04-22 15:00:00
EU-CONSTRUCTION  2024-04-22 15:00:00
LEAD_LME         2024-04-22 15:00:00
OAT              2024-04-22 16:00:00
V2X              2024-04-22 16:00:00
SMI-MID          2024-04-22 16:00:00
SMI              2024-04-22 16:00:00
SHATZ            2024-04-22 16:00:00
AEX              2024-04-22 16:00:00
EU-INSURE        2024-04-22 16:00:00
EU-TECH*         2024-04-22 16:00:00
EU-HEALTH        2024-04-22 16:00:00
EU-UTILS         2024-04-22 16:00:00
EU-FOOD          2024-04-22 16:00:00
DAX              2024-04-22 16:00:00
BOBL             2024-04-22 16:00:00
BTP3             2024-04-22 16:00:00
EURIBOR-ICE      2024-04-22 16:00:00
EU-OIL           2024-04-22 16:00:00
EURO600          2024-04-22 16:00:00
BUND*            2024-04-22 16:00:00
EUROSTX          2024-04-22 16:00:00
EU-DJ-TELECOM    2024-04-22 16:00:00
EU-DIV30         2024-04-22 16:00:00
CAC              2024-04-22 16:00:00
EU-CHEM          2024-04-22 16:00:00
BUXL*            2024-04-22 16:00:00
EU-BASIC*        2024-04-22 16:00:00
EU-BANKS         2024-04-22 16:00:00
EU-AUTO          2024-04-22 16:00:00
BTP              2024-04-22 16:00:00
BONO             2024-04-22 16:00:00
AUDJPY           2024-04-22 17:00:00
MILKWET          2024-04-22 17:00:00
SUGAR11          2024-04-22 17:00:00
IG               2024-04-22 18:00:00
COFFEE           2024-04-22 18:00:00
COCOA*           2024-04-22 18:00:00
OJ               2024-04-22 18:00:00
EURCAD           2024-04-22 18:00:00
ALUMINIUM        2024-04-22 18:00:00
BUTTER           2024-04-22 18:00:00
MSCIEMASIA       2024-04-22 18:00:00
GAS-LAST         2024-04-22 18:00:00
BBCOMM           2024-04-22 19:00:00
US-ENERGY        2024-04-22 19:00:00
CORN*            2024-04-22 19:00:00
CORN_mini        2024-04-22 19:00:00
NOK              2024-04-22 19:00:00
BRE              2024-04-22 19:00:00
PLN              2024-04-22 19:00:00
FEEDCOW          2024-04-22 19:00:00
STEEL            2024-04-22 19:00:00
REDWHEAT         2024-04-22 19:00:00
RICE             2024-04-22 19:00:00
CHEESE           2024-04-22 19:00:00
CANOLA           2024-04-22 19:00:00
CAD5             2024-04-22 19:00:00
SEK              2024-04-22 19:00:00
CAD10            2024-04-22 19:00:00
SOYOIL*          2024-04-22 19:00:00
SOYMEAL          2024-04-22 19:00:00
SOYBEAN_mini     2024-04-22 19:00:00
OATIES           2024-04-22 19:00:00
COTTON2*         2024-04-22 19:00:00
LEANHOG          2024-04-22 19:00:00
HIGHYIELD        2024-04-22 19:00:00
GAS-PEN*         2024-04-22 19:00:00
FANG             2024-04-22 19:00:00
WHEY             2024-04-22 19:00:00
GAS_US_mini*     2024-04-22 19:00:00
WHEAT_mini       2024-04-22 19:00:00
WHEAT            2024-04-22 19:00:00
ETHER-micro      2024-04-22 19:00:00
KRWUSD           2024-04-22 19:00:00
SOYBEAN          2024-04-22 19:00:00
MILKDRY          2024-04-22 19:00:00
MILK             2024-04-22 19:00:00
LIVECOW*         2024-04-22 19:00:00
US-PROPERTY      2024-04-22 19:00:00
BITCOIN*         2024-04-22 20:00:00
ZAR              2024-04-22 20:00:00
YENEUR*          2024-04-22 20:00:00
US-MATERIAL      2024-04-22 20:00:00
US-FINANCE       2024-04-22 20:00:00
SP400            2024-04-22 20:00:00
AUD              2024-04-22 20:00:00
US-DISCRETE      2024-04-22 20:00:00
SP500            2024-04-22 20:00:00
SP500_micro*     2024-04-22 20:00:00
VIX_mini         2024-04-22 20:00:00
VIX*             2024-04-22 20:00:00
AUD_micro        2024-04-22 20:00:00
US5              2024-04-22 20:00:00
US30*            2024-04-22 20:00:00
US3*             2024-04-22 20:00:00
US-INDUSTRY      2024-04-22 20:00:00
US20             2024-04-22 20:00:00
US2*             2024-04-22 20:00:00
BRENT-LAST       2024-04-22 20:00:00
US10U            2024-04-22 20:00:00
US10             2024-04-22 20:00:00
US-UTILS         2024-04-22 20:00:00
US-TECH          2024-04-22 20:00:00
US-STAPLES       2024-04-22 20:00:00
US-REALESTATE    2024-04-22 20:00:00
US-HEALTH        2024-04-22 20:00:00
FED              2024-04-22 20:00:00
SILVER           2024-04-22 20:00:00
DOW_mini         2024-04-22 20:00:00
DX               2024-04-22 20:00:00
ETHEREUM         2024-04-22 20:00:00
SOFR             2024-04-22 20:00:00
JPY*             2024-04-22 20:00:00
INR              2024-04-22 20:00:00
HEATOIL          2024-04-22 20:00:00
EUR              2024-04-22 20:00:00
GOLD_micro*      2024-04-22 20:00:00
GOLD-mini        2024-04-22 20:00:00
GOLD             2024-04-22 20:00:00
EURCHF           2024-04-22 20:00:00
GBP_micro        2024-04-22 20:00:00
GBPEUR           2024-04-22 20:00:00
GBP              2024-04-22 20:00:00
GAS_US           2024-04-22 20:00:00
EUR_micro        2024-04-22 20:00:00
EUR_mini         2024-04-22 20:00:00
GASOILINE*       2024-04-22 20:00:00
DOW              2024-04-22 20:00:00
CRUDE_W_mini     2024-04-22 20:00:00
JPY_mini         2024-04-22 20:00:00
CRUDE_W_micro*   2024-04-22 20:00:00
CAD              2024-04-22 20:00:00
CAD2             2024-04-22 20:00:00
RUSSELL_mini     2024-04-22 20:00:00
RUSSELL          2024-04-22 20:00:00
LUMBER-new       2024-04-22 20:00:00
R1000            2024-04-22 20:00:00
PLAT*            2024-04-22 20:00:00
PALLAD           2024-04-22 20:00:00
CHF*             2024-04-22 20:00:00
CHF_micro        2024-04-22 20:00:00
CAD_micro        2024-04-22 20:00:00
COPPER           2024-04-22 20:00:00
NASDAQ_micro     2024-04-22 20:00:00
NASDAQ           2024-04-22 20:00:00
MXP*             2024-04-22 20:00:00
COPPER-micro     2024-04-22 20:00:00
COPPER-mini      2024-04-22 20:00:00
MSCIEAFA         2024-04-22 20:00:00
CRUDE_W          2024-04-22 20:00:00
NZD              2024-04-22 20:00:00
JPYUSD           2024-04-22 23:00:00
CNHUSD           2024-04-22 23:00:00
AUDUSD           2024-04-22 23:00:00
KRWUSD           2024-04-22 23:00:00
CHFUSD           2024-04-22 23:00:00
GBPUSD           2024-04-22 23:00:00
MXPUSD           2024-04-22 23:00:00
SGDUSD           2024-04-22 23:00:00
HKDUSD           2024-04-22 23:00:00
CADUSD           2024-04-22 23:00:00
EURUSD           2024-04-22 23:00:00
SEKUSD           2024-04-22 23:00:00


============================================================
           Status of optimal position generation            
============================================================

                                                 last_update
dynamic_TF_carry/IRON             2024-04-22 22:31:22.666057
dynamic_TF_carry/CAD5             2024-04-22 22:31:22.666285
dynamic_TF_carry/COTTON           2024-04-22 22:31:22.666500
dynamic_TF_carry/SP400            2024-04-22 22:31:22.666711
dynamic_TF_carry/CANOLA           2024-04-22 22:31:22.666920
dynamic_TF_carry/SPI200           2024-04-22 22:31:22.667128
dynamic_TF_carry/EU-AUTO          2024-04-22 22:31:22.667336
dynamic_TF_carry/FTSEVIET         2024-04-22 22:31:22.667544
dynamic_TF_carry/NASDAQ_micro     2024-04-22 22:31:22.667750
dynamic_TF_carry/HIGHYIELD        2024-04-22 22:31:22.667956
dynamic_TF_carry/EU-HEALTH        2024-04-22 22:31:22.668162
dynamic_TF_carry/SMI-MID          2024-04-22 22:31:22.668368
dynamic_TF_carry/CHFJPY           2024-04-22 22:31:22.668576
dynamic_TF_carry/BTP3             2024-04-22 22:31:22.668783
dynamic_TF_carry/EU-FOOD          2024-04-22 22:31:22.668989
dynamic_TF_carry/US-FINANCE       2024-04-22 22:31:22.669196
dynamic_TF_carry/JP-REALESTATE    2024-04-22 22:31:22.669408
dynamic_TF_carry/DAX              2024-04-22 22:31:22.669614
dynamic_TF_carry/MSCITAIWAN       2024-04-22 22:31:22.670029
dynamic_TF_carry/BRE              2024-04-22 22:31:22.670236
dynamic_TF_carry/EUA              2024-04-22 22:31:22.670442
dynamic_TF_carry/EPRA-EUROPE      2024-04-22 22:31:22.670649
dynamic_TF_carry/COAL-GEORDIE     2024-04-22 22:31:22.670856
dynamic_TF_carry/CLP              2024-04-22 22:31:22.671062
dynamic_TF_carry/MILLWHEAT        2024-04-22 22:31:22.671269
dynamic_TF_carry/STEEL            2024-04-22 22:31:22.671476
dynamic_TF_carry/US-INDUSTRY      2024-04-22 22:31:22.671682
dynamic_TF_carry/COFFEE           2024-04-22 22:31:22.671889
dynamic_TF_carry/CHF              2024-04-22 22:31:22.672096
dynamic_TF_carry/BITCOIN          2024-04-22 22:31:22.672304
dynamic_TF_carry/YENEUR           2024-04-22 22:31:22.672511
dynamic_TF_carry/INR              2024-04-22 22:31:22.672718
dynamic_TF_carry/US10             2024-04-22 22:31:22.672924
dynamic_TF_carry/RICE             2024-04-22 22:31:22.673131
dynamic_TF_carry/CRUDE_W_micro    2024-04-22 22:31:22.673342
dynamic_TF_carry/GBPJPY           2024-04-22 22:31:22.673548
dynamic_TF_carry/VNKI             2024-04-22 22:31:22.673754
dynamic_TF_carry/PLN              2024-04-22 22:31:22.673961
dynamic_TF_carry/GBPCHF           2024-04-22 22:31:22.674167
dynamic_TF_carry/EUR_micro        2024-04-22 22:31:22.674374
dynamic_TF_carry/CNH              2024-04-22 22:31:22.674581
dynamic_TF_carry/EU-MEDIA         2024-04-22 22:31:22.674789
dynamic_TF_carry/HANGTECH         2024-04-22 22:31:22.674997
dynamic_TF_carry/ZINC_LME         2024-04-22 22:31:22.675204
dynamic_TF_carry/EU-BASIC         2024-04-22 22:31:22.675411
dynamic_TF_carry/AUD              2024-04-22 22:31:22.675618
dynamic_TF_carry/SWISSLEAD        2024-04-22 22:31:22.675826
dynamic_TF_carry/DX               2024-04-22 22:31:22.676034
dynamic_TF_carry/MILKWET          2024-04-22 22:31:22.676242
dynamic_TF_carry/AUDJPY           2024-04-22 22:31:22.676449
dynamic_TF_carry/MSCISING         2024-04-22 22:31:22.676657
dynamic_TF_carry/JGB              2024-04-22 22:31:22.676865
dynamic_TF_carry/IRS              2024-04-22 22:31:22.677072
dynamic_TF_carry/GAS_US_mini      2024-04-22 22:31:22.677280
dynamic_TF_carry/CAD2             2024-04-22 22:31:22.677491
dynamic_TF_carry/FED              2024-04-22 22:31:22.677698
dynamic_TF_carry/MIB              2024-04-22 22:31:22.677906
dynamic_TF_carry/EURCHF           2024-04-22 22:31:22.678115
dynamic_TF_carry/SHATZ            2024-04-22 22:31:22.678530
dynamic_TF_carry/PLAT             2024-04-22 22:31:22.678738
dynamic_TF_carry/WHEAT_ICE        2024-04-22 22:31:22.678944
dynamic_TF_carry/HEATOIL          2024-04-22 22:31:22.679152
dynamic_TF_carry/BOBL             2024-04-22 22:31:22.679359
dynamic_TF_carry/CZK              2024-04-22 22:31:22.679566
dynamic_TF_carry/MUMMY            2024-04-22 22:31:22.679774
dynamic_TF_carry/GASOIL           2024-04-22 22:31:22.679983
dynamic_TF_carry/CH10             2024-04-22 22:31:22.680191
dynamic_TF_carry/DJSTX-SMALL      2024-04-22 22:31:22.680398
dynamic_TF_carry/SOYBEAN          2024-04-22 22:31:22.680605
dynamic_TF_carry/COPPER           2024-04-22 22:31:22.680812
dynamic_TF_carry/EU-DJ-UTIL       2024-04-22 22:31:22.681020
dynamic_TF_carry/TWD              2024-04-22 22:31:22.681226
dynamic_TF_carry/SOYMEAL          2024-04-22 22:31:22.681438
dynamic_TF_carry/KOSPI            2024-04-22 22:31:22.681645
dynamic_TF_carry/BOVESPA          2024-04-22 22:31:22.681854
dynamic_TF_carry/HANG_mini        2024-04-22 22:31:22.682061
dynamic_TF_carry/IBEX_mini        2024-04-22 22:31:22.682270
dynamic_TF_carry/US5              2024-04-22 22:31:22.682479
dynamic_TF_carry/VIX              2024-04-22 22:31:22.682687
dynamic_TF_carry/CRUDE_W_mini     2024-04-22 22:31:22.682897
dynamic_TF_carry/DOW              2024-04-22 22:31:22.683107
dynamic_TF_carry/GOLD_micro       2024-04-22 22:31:22.683316
dynamic_TF_carry/FTSECHINAA       2024-04-22 22:31:22.683525
dynamic_TF_carry/ROBUSTA          2024-04-22 22:31:22.683735
dynamic_TF_carry/KOSPI_mini       2024-04-22 22:31:22.683945
dynamic_TF_carry/SILVER           2024-04-22 22:31:22.684154
dynamic_TF_carry/EUROSTX-LARGE    2024-04-22 22:31:22.684363
dynamic_TF_carry/NIKKEI           2024-04-22 22:31:22.684781
dynamic_TF_carry/GAS-LAST         2024-04-22 22:31:22.684989
dynamic_TF_carry/US2              2024-04-22 22:31:22.685197
dynamic_TF_carry/SARONA           2024-04-22 22:31:22.685408
dynamic_TF_carry/ZAR              2024-04-22 22:31:22.685617
dynamic_TF_carry/GASOILINE        2024-04-22 22:31:22.686034
dynamic_TF_carry/US-STAPLES       2024-04-22 22:31:22.686242
dynamic_TF_carry/CAD              2024-04-22 22:31:22.686451
dynamic_TF_carry/RUBBER           2024-04-22 22:31:22.686659
dynamic_TF_carry/FTSECHINAH       2024-04-22 22:31:22.686867
dynamic_TF_carry/SGD              2024-04-22 22:31:22.687075
dynamic_TF_carry/SEK              2024-04-22 22:31:22.687284
dynamic_TF_carry/EURAUD           2024-04-22 22:31:22.687493
dynamic_TF_carry/MILKDRY          2024-04-22 22:31:22.687703
dynamic_TF_carry/BRENT_W          2024-04-22 22:31:22.687911
dynamic_TF_carry/EU-RETAIL        2024-04-22 22:31:22.688119
dynamic_TF_carry/EU-MID           2024-04-22 22:31:22.688328
dynamic_TF_carry/PALLAD           2024-04-22 22:31:22.688535
dynamic_TF_carry/NZD              2024-04-22 22:31:22.688743
dynamic_TF_carry/NIKKEI400        2024-04-22 22:31:22.688951
dynamic_TF_carry/MSCIEAFA         2024-04-22 22:31:22.689158
dynamic_TF_carry/LUMBER-new       2024-04-22 22:31:22.689370
dynamic_TF_carry/COCOA_LDN        2024-04-22 22:31:22.689577
dynamic_TF_carry/NICKEL_LME       2024-04-22 22:31:22.689785
dynamic_TF_carry/OAT              2024-04-22 22:31:22.689993
dynamic_TF_carry/US30             2024-04-22 22:31:22.690202
dynamic_TF_carry/GBPEUR           2024-04-22 22:31:22.690410
dynamic_TF_carry/US-PROPERTY      2024-04-22 22:31:22.690618
dynamic_TF_carry/FANG             2024-04-22 22:31:22.690826
dynamic_TF_carry/US-DISCRETE      2024-04-22 22:31:22.691034
dynamic_TF_carry/SOYOIL           2024-04-22 22:31:22.691242
dynamic_TF_carry/US-HEALTH        2024-04-22 22:31:22.691451
dynamic_TF_carry/EU-CHEM          2024-04-22 22:31:22.691660
dynamic_TF_carry/MSCIEMASIA       2024-04-22 22:31:22.691868
dynamic_TF_carry/SUGAR16          2024-04-22 22:31:22.692075
dynamic_TF_carry/HANGENT_mini     2024-04-22 22:31:22.692283
dynamic_TF_carry/EU-HOUSE         2024-04-22 22:31:22.692491
dynamic_TF_carry/MSCIWORLD        2024-04-22 22:31:22.692700
dynamic_TF_carry/EUROSTX-SMALL    2024-04-22 22:31:22.692908
dynamic_TF_carry/AEX              2024-04-22 22:31:22.693115
dynamic_TF_carry/COAL             2024-04-22 22:31:22.693326
dynamic_TF_carry/KRWUSD_mini      2024-04-22 22:31:22.693534
dynamic_TF_carry/TOPIX            2024-04-22 22:31:22.693742
dynamic_TF_carry/US3              2024-04-22 22:31:22.693949
dynamic_TF_carry/US-ENERGY        2024-04-22 22:31:22.694157
dynamic_TF_carry/OATIES           2024-04-22 22:31:22.694366
dynamic_TF_carry/IG               2024-04-22 22:31:22.694606
dynamic_TF_carry/ALUMINIUM        2024-04-22 22:31:22.694816
dynamic_TF_carry/COPPER-micro     2024-04-22 22:31:22.695025
dynamic_TF_carry/COPPER_LME       2024-04-22 22:31:22.695232
dynamic_TF_carry/EU-DIV30         2024-04-22 22:31:22.695441
dynamic_TF_carry/MSCIASIA         2024-04-22 22:31:22.695858
dynamic_TF_carry/US-TECH          2024-04-22 22:31:22.696066
dynamic_TF_carry/KRWUSD           2024-04-22 22:31:22.696274
dynamic_TF_carry/WHEY             2024-04-22 22:31:22.696481
dynamic_TF_carry/LEANHOG          2024-04-22 22:31:22.696689
dynamic_TF_carry/RUSSELL          2024-04-22 22:31:22.696898
dynamic_TF_carry/WHEAT            2024-04-22 22:31:22.697106
dynamic_TF_carry/MILK             2024-04-22 22:31:22.697319
dynamic_TF_carry/NOK              2024-04-22 22:31:22.697529
dynamic_TF_carry/R1000            2024-04-22 22:31:22.697737
dynamic_TF_carry/JPY              2024-04-22 22:31:22.697944
dynamic_TF_carry/ETHANOL          2024-04-22 22:31:22.698153
dynamic_TF_carry/EURIBOR-ICE      2024-04-22 22:31:22.698361
dynamic_TF_carry/EU-TECH          2024-04-22 22:31:22.698569
dynamic_TF_carry/COTTON2          2024-04-22 22:31:22.698778
dynamic_TF_carry/EUROSTX200-LARGE 2024-04-22 22:31:22.698988
dynamic_TF_carry/EURO600          2024-04-22 22:31:22.699195
dynamic_TF_carry/BUTTER           2024-04-22 22:31:22.699404
dynamic_TF_carry/CHINAA-CON       2024-04-22 22:31:22.699612
dynamic_TF_carry/US20             2024-04-22 22:31:22.699820
dynamic_TF_carry/SOFR             2024-04-22 22:31:22.700029
dynamic_TF_carry/KR10             2024-04-22 22:31:22.700250
dynamic_TF_carry/EUR              2024-04-22 22:31:22.700492
dynamic_TF_carry/EURIBOR          2024-04-22 22:31:22.700704
dynamic_TF_carry/BRENT-LAST       2024-04-22 22:31:22.700913
dynamic_TF_carry/FEEDCOW          2024-04-22 22:31:22.701124
dynamic_TF_carry/BTP              2024-04-22 22:31:22.701337
dynamic_TF_carry/SUGAR11          2024-04-22 22:31:22.701547
dynamic_TF_carry/CORN             2024-04-22 22:31:22.701757
dynamic_TF_carry/SGX              2024-04-22 22:31:22.701966
dynamic_TF_carry/V2X              2024-04-22 22:31:22.702174
dynamic_TF_carry/ETHEREUM         2024-04-22 22:31:22.702383
dynamic_TF_carry/KOSDAQ           2024-04-22 22:31:22.702592
dynamic_TF_carry/EU-REALESTATE    2024-04-22 22:31:22.702801
dynamic_TF_carry/FTSE100          2024-04-22 22:31:22.703010
dynamic_TF_carry/GBP              2024-04-22 22:31:22.703218
dynamic_TF_carry/EUROSTX          2024-04-22 22:31:22.703427
dynamic_TF_carry/HOUSE-US         2024-04-22 22:31:22.703636
dynamic_TF_carry/SMI              2024-04-22 22:31:22.703844
dynamic_TF_carry/BBCOMM           2024-04-22 22:31:22.704053
dynamic_TF_carry/CHEESE           2024-04-22 22:31:22.704262
dynamic_TF_carry/US10U            2024-04-22 22:31:22.704472
dynamic_TF_carry/SOYBEAN_mini     2024-04-22 22:31:22.704681
dynamic_TF_carry/GILT             2024-04-22 22:31:22.704888
dynamic_TF_carry/LIVECOW          2024-04-22 22:31:22.705099
dynamic_TF_carry/BUND             2024-04-22 22:31:22.705311
dynamic_TF_carry/TIN_LME          2024-04-22 22:31:22.705521
dynamic_TF_carry/KR3              2024-04-22 22:31:22.705730
dynamic_TF_carry/EU-DJ-TELECOM    2024-04-22 22:31:22.706147
dynamic_TF_carry/OMX              2024-04-22 22:31:22.706356
dynamic_TF_carry/EU-UTILS         2024-04-22 22:31:22.706565
dynamic_TF_carry/FTSEINDO         2024-04-22 22:31:22.706772
dynamic_TF_carry/EU-CONSTRUCTION  2024-04-22 22:31:22.706981
dynamic_TF_carry/US-REALESTATE    2024-04-22 22:31:22.707188
dynamic_TF_carry/CAC              2024-04-22 22:31:22.707396
dynamic_TF_carry/EU-INSURE        2024-04-22 22:31:22.707604
dynamic_TF_carry/EU-TRAVEL        2024-04-22 22:31:22.707811
dynamic_TF_carry/EURCAD           2024-04-22 22:31:22.708019
dynamic_TF_carry/BONO             2024-04-22 22:31:22.708226
dynamic_TF_carry/EU-OIL           2024-04-22 22:31:22.708435
dynamic_TF_carry/JGB-SGX-mini     2024-04-22 22:31:22.708644
dynamic_TF_carry/GAS-PEN          2024-04-22 22:31:22.708853
dynamic_TF_carry/GICS             2024-04-22 22:31:22.709060
dynamic_TF_carry/BUXL             2024-04-22 22:31:22.709268
dynamic_TF_carry/FTSE250          2024-04-22 22:31:22.709481
dynamic_TF_carry/SUGAR_WHITE      2024-04-22 22:31:22.709690
dynamic_TF_carry/LEAD_LME         2024-04-22 22:31:22.709899
dynamic_TF_carry/CRUDE_ICE        2024-04-22 22:31:22.710108
dynamic_TF_carry/US-MATERIAL      2024-04-22 22:31:22.710316
dynamic_TF_carry/OJ               2024-04-22 22:31:22.710526
dynamic_TF_carry/AUD_micro        2024-04-22 22:31:22.710734
dynamic_TF_carry/SP500_micro      2024-04-22 22:31:22.710942
dynamic_TF_carry/FTSETAIWAN       2024-04-22 22:31:22.711151
dynamic_TF_carry/CAD10            2024-04-22 22:31:22.711358
dynamic_TF_carry/BB3M             2024-04-22 22:31:22.711776
dynamic_TF_carry/US-UTILS         2024-04-22 22:31:22.711983
dynamic_TF_carry/REDWHEAT         2024-04-22 22:31:22.712191
dynamic_TF_carry/COCOA            2024-04-22 22:31:22.712399
dynamic_TF_carry/SONIA3           2024-04-22 22:31:22.712607
dynamic_TF_carry/RUR              2024-04-22 22:31:22.712815
dynamic_TF_carry/EU-BANKS         2024-04-22 22:31:22.713022
dynamic_TF_carry/MXP              2024-04-22 22:31:22.713231


======================================================================================================================
                                                Status of trade limits                                                
======================================================================================================================

                   period_days  trade_limit  trades_since_last_reset  trade_capacity_remaining   time_since_last_reset
 PLAT                       30            4                      4.0                       0.0 14 days 08:57:45.167064
 GAS_US_mini                30            6                      6.0                       0.0 25 days 08:57:39.410288
 JPY                        30            5                      3.0                       2.0 14 days 07:57:16.989925
 GAS_US_mini                14            4                      1.0                       3.0  0 days 07:03:37.693394
 GASOILINE                  14            4                      1.0                       3.0  4 days 08:57:41.603285
 GAS_US_mini                 1            4                      1.0                       3.0  0 days 07:03:37.694118
 IRON                       14            5                      2.0                       3.0 13 days 21:53:29.248007
 SMI                        30            4                      1.0                       3.0 28 days 14:57:39.900974
 CORN                        1            4                      0.0                       4.0  0 days 00:00:00.000003
 EU-MEDIA                    1            4                      0.0                       4.0  0 days 00:00:00.000002
 EU-HOUSE                    1            4                      0.0                       4.0  0 days 00:00:00.000002
 EU-DJ-UTIL                  1            4                      0.0                       4.0  0 days 00:00:00.000001
 EU-DJ-TELECOM               1            4                      0.0                       4.0  0 days 00:00:00.000002
 EU-DJ-TECH                  1            4                      0.0                       4.0  0 days 00:00:00.000002
 EU-DJ-OIL                   1            4                      0.0                       4.0  0 days 00:00:00.000002
 ETHANOL                     1            4                      0.0                       4.0  0 days 00:00:00.000002
 EU-MID                      1            4                      0.0                       4.0  0 days 00:00:00.000002
 CZK                         1            4                      0.0                       4.0  0 days 00:00:00.000002
 COTTON                      1            4                      0.0                       4.0  0 days 00:00:00.000001
 COPPER-mini                 1            4                      0.0                       4.0  0 days 00:00:00.000001
 CNH-onshore                 1            4                      0.0                       4.0  0 days 00:00:00.000002
 CLP                         1            4                      0.0                       4.0  0 days 00:00:00.000002
 CH10                        1            4                      0.0                       4.0  0 days 00:00:00.000002
 BUTTER                      1            4                      0.0                       4.0  0 days 00:00:00.000001
 BOVESPA                     1            4                      0.0                       4.0  0 days 00:00:00.000002
 EU-CONSTRUCTION             1            4                      0.0                       4.0  0 days 00:00:00.000001
 EU-REALESTATE               1            4                      0.0                       4.0  0 days 00:00:00.000001
 EUROSTX-LARGE               1            4                      0.0                       4.0  0 days 00:00:00.000002
 EURIBOR                     1            4                      0.0                       4.0  0 days 00:00:00.000002
 US-INDUSTRY                 1            4                      0.0                       4.0  0 days 00:00:00.000001
 US-HEALTH                   1            4                      0.0                       4.0  0 days 00:00:00.000002
 US-FINANCE                  1            4                      0.0                       4.0  0 days 00:00:00.000002
 US-ENERGY                   1            4                      0.0                       4.0  0 days 00:00:00.000002
 US-DISCRETE                 1            4                      0.0                       4.0  0 days 00:00:00.000001
 SMI-MID                     1            4                      0.0                       4.0  0 days 00:00:00.000002
 SGX                         1            4                      0.0                       4.0  0 days 00:00:00.000002
 SGD                         1            4                      0.0                       4.0  0 days 00:00:00.000002
 OMX                         1            4                      0.0                       4.0  0 days 00:00:00.000001
 EURCHF                      1            4                      0.0                       4.0  0 days 00:00:00.000002
 MSCIASIA                    1            4                      0.0                       4.0  0 days 00:00:00.000001
 MILKDRY                     1            4                      0.0                       4.0  0 days 00:00:00.000002
 MID-DAX                     1            4                      0.0                       4.0  0 days 00:00:00.000001
 JP-REALESTATE               1            4                      0.0                       4.0  0 days 00:00:00.000002
 JGB-SGX-mini                1            4                      0.0                       4.0  0 days 00:00:00.000001
 IRS                         1            4                      0.0                       4.0  0 days 00:00:00.000002
 FTSEINDO                    1            4                      0.0                       4.0  0 days 00:00:00.000002
 EUROSTX200-LARGE            1            4                      0.0                       4.0  0 days 00:00:00.000002
 EUROSTX-SMALL               1            4                      0.0                       4.0  0 days 00:00:00.000001
 BEL20                       1            4                      0.0                       4.0  0 days 00:00:00.000002
 MILKWET                     1            4                      0.0                       4.0  0 days 00:00:00.000002
 ALUMINIUM                   1            4                      0.0                       4.0  0 days 00:00:00.000002
 US10U                      30            4                      0.0                       4.0  0 days 00:00:00.000002
 US30                       30            4                      0.0                       4.0  5 days 07:57:35.475440
 NOK                        14            4                      0.0                       4.0  0 days 00:00:00.000002
 ZAR                         1            4                      0.0                       4.0  0 days 00:00:00.000002
 KRWUSD                     14            4                      0.0                       4.0  0 days 00:00:00.000001
 JGB                        14            4                      0.0                       4.0  0 days 00:00:00.000001
 HEATOIL                    14            4                      0.0                       4.0  0 days 00:00:00.000002
 GBPEUR                     14            4                      0.0                       4.0  0 days 00:00:00.000002
 GAS-LAST                   14            4                      0.0                       4.0  0 days 00:00:00.000002
 FTSETAIWAN                 14            4                      0.0                       4.0  0 days 00:00:00.000002
 EU-TECH                    14            4                      0.0                       4.0  0 days 00:00:00.000002
 EU-CHEM                    14            4                      0.0                       4.0  0 days 00:00:00.000002
 ETHEREUM                   14            4                      0.0                       4.0  0 days 00:00:00.000002
 CNH                        14            4                      0.0                       4.0  0 days 00:00:00.000002
 BUXL                       14            4                      0.0                       4.0  0 days 00:00:00.000002
 BTP3                       14            4                      0.0                       4.0  0 days 00:00:00.000001
 BRENT-LAST                 14            4                      0.0                       4.0  0 days 00:00:00.000002
 BONO                       14            4                      0.0                       4.0  0 days 00:00:00.000001
 YENEUR                      1            4                      0.0                       4.0  0 days 00:00:00.000002
 US3                         1            4                      0.0                       4.0  0 days 00:00:00.000002
 US10U                       1            4                      0.0                       4.0  0 days 00:00:00.000001
 R1000                      14            4                      0.0                       4.0  0 days 00:00:00.000001
 REDWHEAT                   14            4                      0.0                       4.0  0 days 00:00:00.000002
