
********************************************************************************
                   Status report produced on 19/07/2024 22:55                   
********************************************************************************


Delayed methods: No delays

===============================
 Delayed adjusted / FX prices  
===============================

                    last_update
HEATOIL     2024-05-31 19:00:00
SGD         2024-06-13 23:00:00
SP500_micro 2024-06-14 20:00:00
EUR_micro   2024-06-14 20:00:00
SGX         2024-07-15 23:00:00

Delayed optimal positions: No delays

=========================================================================================================
                                       Instruments at trade limit                                        
=========================================================================================================

      period_days  trade_limit  trades_since_last_reset  trade_capacity_remaining   time_since_last_reset
 VIX           30            5                      5.0                       0.0 11 days 07:50:48.865134


================================================
         Instruments at position limit          
================================================

                 keys  position pos_limit  spare
46             NASDAQ         0       0.0    0.0
153         EU-TRAVEL         0       0.0    0.0
156               SEK         0       0.0    0.0
157       EPRA-EUROPE         0       0.0    0.0
159               IRS         0       0.0    0.0
161   EU-CONSTRUCTION         0       0.0    0.0
162  EUROSTX200-LARGE         0       0.0    0.0
55      EU-DJ-TELECOM         0       0.0    0.0
152            CHFJPY         0       0.0    0.0
163         EU-RETAIL         0       0.0    0.0
52        COPPER-mini         0       0.0    0.0
164           BOVESPA         0       0.0    0.0
50                RUR         0       0.0    0.0
170            PALLAD         0       0.0    0.0
97            MILKWET         0       0.0    0.0
175             STEEL         0       0.0    0.0
179               PLN         0       0.0    0.0
53           ETHEREUM         0       0.0    0.0
64                OMX         0       0.0    0.0
65            EU-CHEM         0       0.0    0.0
66       COAL-GEORDIE         0       0.0    0.0
90      EUROSTX-LARGE         0       0.0    0.0
99                 IG         0       0.0    0.0
103            EURCAD         0       0.0    0.0
108              CH10         0       0.0    0.0
111               SGX         0       0.0    0.0
119           SMI-MID         0       0.0    0.0
83           SGD_mini         0       0.0    0.0
123          EU-MEDIA         0       0.0    0.0
250            AUDJPY         0       0.0    0.0
79           JGB-mini         0       0.0    0.0
77             BUTTER         0       0.0    0.0
129            YENEUR         2       2.0    0.0
130               CLP         0       0.0    0.0
138               NOK         0       0.0    0.0
140               CZK         0       0.0    0.0
71               GICS         0       0.0    0.0
69                MIB         1       1.0    0.0
41          CHF_micro         0       0.0    0.0
40             COTTON         0       0.0    0.0
92        HEATOIL-ICE         0       0.0    0.0
38            TIN_LME         0       0.0    0.0
214               TWD         0       0.0    0.0
229        COPPER_LME         0       0.0    0.0
17           TWD-mini         0       0.0    0.0
16                AEX         1       1.0    0.0
15             EURAUD         0       0.0    0.0
233           ETHANOL         0       0.0    0.0
24              R1000         0       0.0    0.0
236          JPY_mini         0       0.0    0.0
11    GASOILINE_micro         0       0.0    0.0
239           MILKDRY         0       0.0    0.0
7              GBPJPY         0       0.0    0.0
242         SWISSLEAD         0       0.0    0.0
248               JGB         0       0.0    0.0
249          HOUSE-US         0       0.0    0.0
12          GASOILINE         1       1.0    0.0
212              COAL         0       0.0    0.0
18              SP400         0       0.0    0.0
208            KRWUSD         0       0.0    0.0
185           US-TECH         0       0.0    0.0
197          AEX_mini         0       0.0    0.0
200         HIGHYIELD         0       0.0    0.0
202       CNH-onshore         0       0.0    0.0
31           EU-HOUSE         0       0.0    0.0
30               VNKI         0       0.0    0.0
199        EU-DJ-TECH         0       0.0    0.0
203            EURCHF         0       0.0    0.0
206              WHEY         0       0.0    0.0


=========================================================
         Overrides in database consider deleting         
=========================================================

                                                 override
NICKEL_LME             Override Close because in database
BB3M             Override Reduce only because in database
RICE             Override Reduce only because in database
VIX_mini         Override Reduce only because in database
GOLD-mini        Override Reduce only because in database
SOYBEAN_mini     Override Reduce only because in database
IBEX             Override Reduce only because in database
CRUDE_W_mini     Override Reduce only because in database
GASOILINE_micro  Override Reduce only because in database
IBEX_mini        Override Reduce only because in database
VNKI             Override Reduce only because in database
CAC              Override Reduce only because in database
COAL             Override Reduce only because in database
AEX              Override Reduce only because in database
AEX_mini         Override Reduce only because in database
FTSEINDO         Override Reduce only because in database
FTSECHINAA       Override Reduce only because in database
FTSETAIWAN       Override Reduce only because in database
STEEL            Override Reduce only because in database
INR              Override Reduce only because in database
MILKWET          Override Reduce only because in database
SGX              Override Reduce only because in database
FTSEVIET         Override Reduce only because in database
GAS_US_mini      Override Reduce only because in database
FTSECHINAH       Override Reduce only because in database
BRENT-LAST       Override Reduce only because in database
MSCISING         Override Reduce only because in database
GAS-PEN          Override Reduce only because in database
HANG             Override Reduce only because in database
MSCITAIWAN       Override Reduce only because in database
HANGTECH         Override Reduce only because in database
HANGENT          Override Reduce only because in database

Locked instruments (position mismatch): []

==============================================
Status of adjusted price / FX price collection
==============================================

                         last_update
HEATOIL          2024-05-31 19:00:00
SGD              2024-06-13 23:00:00
SP500_micro      2024-06-14 20:00:00
EUR_micro        2024-06-14 20:00:00
SGX              2024-07-15 23:00:00
MILKWET          2024-07-17 23:00:00
CLP              2024-07-17 23:00:00
GASOILINE_micro  2024-07-17 23:00:00
HOUSE-US         2024-07-17 23:00:00
GAS-PEN          2024-07-17 23:00:00
COTTON           2024-07-17 23:00:00
IRS              2024-07-17 23:00:00
WHEY             2024-07-17 23:00:00
SMI-MID          2024-07-17 23:00:00
CZK              2024-07-17 23:00:00
MSCIEMASIA       2024-07-17 23:00:00
RUR              2024-07-17 23:00:00
BOVESPA          2024-07-17 23:00:00
SUGAR16          2024-07-17 23:00:00
BB3M             2024-07-17 23:00:00
AUDJPY           2024-07-17 23:00:00
SWISSLEAD        2024-07-17 23:00:00
ETHANOL          2024-07-17 23:00:00
CHFJPY           2024-07-17 23:00:00
OMX              2024-07-17 23:00:00
COAL-GEORDIE     2024-07-18 09:00:00
EUROSTX200-LARGE 2024-07-18 11:00:00
EURIBOR          2024-07-18 11:00:00
EU-HOUSE         2024-07-18 13:00:00
EU-RETAIL        2024-07-18 13:00:00
LEAD_LME         2024-07-18 14:00:00
EU-MID           2024-07-18 14:00:00
TIN_LME          2024-07-18 14:00:00
EUROSTX-LARGE    2024-07-18 14:00:00
MIB*             2024-07-18 15:00:00
SUGAR_WHITE      2024-07-18 15:00:00
EPRA-EUROPE      2024-07-18 15:00:00
ALUMINIUM_LME    2024-07-18 15:00:00
EUROSTX-SMALL    2024-07-18 15:00:00
EURIBOR-ICE      2024-07-18 15:00:00
EU-CHEM          2024-07-18 15:00:00
EU-CONSTRUCTION  2024-07-18 15:00:00
CH10             2024-07-18 15:00:00
SARONA           2024-07-18 15:00:00
EU-DJ-TELECOM    2024-07-18 15:00:00
EU-DJ-UTIL       2024-07-18 15:00:00
EUA              2024-07-18 15:00:00
EU-UTILS         2024-07-18 15:00:00
AEX_mini         2024-07-18 15:00:00
EU-INSURE        2024-07-18 15:00:00
EU-MEDIA         2024-07-18 15:00:00
EU-TRAVEL        2024-07-18 15:00:00
MSCIASIA         2024-07-18 15:00:00
MILLWHEAT        2024-07-18 15:00:00
BONO             2024-07-18 15:00:00
FTSE100          2024-07-18 15:00:00
GILT             2024-07-18 15:00:00
ZINC_LME         2024-07-18 15:00:00
HEATOIL-ICE      2024-07-18 15:00:00
GICS             2024-07-18 15:00:00
COAL             2024-07-18 15:00:00
IBEX             2024-07-18 15:00:00
GASOILINE_ICE    2024-07-18 15:00:00
COCOA_LDN        2024-07-18 15:00:00
BRENT_W          2024-07-18 15:00:00
SONIA3           2024-07-18 15:00:00
GASOIL           2024-07-18 15:00:00
COPPER_LME       2024-07-18 15:00:00
WHEAT_ICE        2024-07-18 15:00:00
NICKEL_LME       2024-07-18 15:00:00
CRUDE_ICE        2024-07-18 15:00:00
MSCIWORLD        2024-07-18 15:00:00
FTSE250          2024-07-18 15:00:00
IBEX_mini        2024-07-18 15:00:00
ROBUSTA          2024-07-18 15:00:00
EURO600          2024-07-18 16:00:00
EUROSTX          2024-07-18 16:00:00
EU-TECH          2024-07-18 16:00:00
EURCAD           2024-07-18 16:00:00
IG               2024-07-18 16:00:00
HIGHYIELD        2024-07-18 16:00:00
OAT              2024-07-18 16:00:00
V2X*             2024-07-18 16:00:00
AEX*             2024-07-18 16:00:00
EU-OIL           2024-07-18 16:00:00
BOBL             2024-07-18 16:00:00
BTP              2024-07-18 16:00:00
BTP3             2024-07-18 16:00:00
BUND*            2024-07-18 16:00:00
BUXL             2024-07-18 16:00:00
CAC              2024-07-18 16:00:00
MILKDRY          2024-07-18 16:00:00
SMI              2024-07-18 16:00:00
DAX              2024-07-18 16:00:00
DJSTX-SMALL      2024-07-18 16:00:00
SHATZ            2024-07-18 16:00:00
EU-REALESTATE    2024-07-18 16:00:00
EU-DJ-TECH       2024-07-18 16:00:00
EU-AUTO*         2024-07-18 16:00:00
EU-DIV30         2024-07-18 16:00:00
EU-BANKS         2024-07-18 16:00:00
EU-HEALTH        2024-07-18 16:00:00
EU-BASIC         2024-07-18 16:00:00
EU-DJ-OIL        2024-07-18 16:00:00
EU-FOOD          2024-07-18 16:00:00
GBPJPY           2024-07-18 17:00:00
SUGAR11          2024-07-18 17:00:00
STEEL            2024-07-18 18:00:00
BUTTER           2024-07-18 18:00:00
COCOA            2024-07-18 18:00:00
COFFEE           2024-07-18 18:00:00
OJ               2024-07-18 18:00:00
EURAUD           2024-07-18 19:00:00
KRWUSD           2024-07-18 19:00:00
US-PROPERTY      2024-07-18 19:00:00
NOK              2024-07-18 19:00:00
BRE              2024-07-18 19:00:00
LEANHOG          2024-07-18 19:00:00
LIVECOW*         2024-07-18 19:00:00
CAD10*           2024-07-18 19:00:00
CAD5             2024-07-18 19:00:00
BBCOMM           2024-07-18 19:00:00
CANOLA           2024-07-18 19:00:00
ALUMINIUM*       2024-07-18 19:00:00
ETHER-micro      2024-07-18 19:00:00
OATIES           2024-07-18 19:00:00
CHEESE           2024-07-18 19:00:00
SOYMEAL          2024-07-18 19:00:00
GAS_US_mini*     2024-07-18 19:00:00
WHEAT            2024-07-18 19:00:00
CORN_mini        2024-07-18 19:00:00
WHEAT_mini       2024-07-18 19:00:00
SOYBEAN          2024-07-18 19:00:00
COTTON2*         2024-07-18 19:00:00
SOYBEAN_mini     2024-07-18 19:00:00
RICE             2024-07-18 19:00:00
CORN*            2024-07-18 19:00:00
SILVER           2024-07-18 19:00:00
GBPEUR           2024-07-18 19:00:00
FEEDCOW          2024-07-18 19:00:00
FANG*            2024-07-18 19:00:00
PLN              2024-07-18 19:00:00
SOYOIL           2024-07-18 19:00:00
REDWHEAT         2024-07-18 19:00:00
US-DISCRETE      2024-07-18 20:00:00
US-INDUSTRY      2024-07-18 20:00:00
MSCIEAFA*        2024-07-18 20:00:00
RUSSELL          2024-07-18 20:00:00
US-MATERIAL      2024-07-18 20:00:00
PALLAD           2024-07-18 20:00:00
NASDAQ_micro     2024-07-18 20:00:00
MXP*             2024-07-18 20:00:00
NASDAQ           2024-07-18 20:00:00
SP400            2024-07-18 20:00:00
SOFR             2024-07-18 20:00:00
US-FINANCE       2024-07-18 20:00:00
US-ENERGY        2024-07-18 20:00:00
RUSSELL_mini     2024-07-18 20:00:00
R1000            2024-07-18 20:00:00
SP500            2024-07-18 20:00:00
NZD              2024-07-18 20:00:00
PLAT             2024-07-18 20:00:00
US-HEALTH        2024-07-18 20:00:00
SEK              2024-07-18 20:00:00
GAS-LAST         2024-07-18 20:00:00
LUMBER-new       2024-07-18 20:00:00
EUR_mini         2024-07-18 20:00:00
EURCHF           2024-07-18 20:00:00
EUR              2024-07-18 20:00:00
ETHEREUM         2024-07-18 20:00:00
DX*              2024-07-18 20:00:00
DOW_mini         2024-07-18 20:00:00
DOW*             2024-07-18 20:00:00
CRUDE_W_mini     2024-07-18 20:00:00
CRUDE_W_micro*   2024-07-18 20:00:00
CRUDE_W          2024-07-18 20:00:00
COPPER-mini      2024-07-18 20:00:00
COPPER-micro     2024-07-18 20:00:00
COPPER           2024-07-18 20:00:00
ZAR              2024-07-18 20:00:00
CHF_micro        2024-07-18 20:00:00
CHF*             2024-07-18 20:00:00
CAD_micro        2024-07-18 20:00:00
CAD2             2024-07-18 20:00:00
CAD              2024-07-18 20:00:00
BRENT-LAST       2024-07-18 20:00:00
BITCOIN*         2024-07-18 20:00:00
AUD_micro        2024-07-18 20:00:00
AUD              2024-07-18 20:00:00
MILK             2024-07-18 20:00:00
YENEUR*          2024-07-18 20:00:00
FED              2024-07-18 20:00:00
GAS_US           2024-07-18 20:00:00
US-REALESTATE    2024-07-18 20:00:00
US-STAPLES       2024-07-18 20:00:00
US-TECH          2024-07-18 20:00:00
US-UTILS         2024-07-18 20:00:00
US10             2024-07-18 20:00:00
JPY_mini         2024-07-18 20:00:00
JPY*             2024-07-18 20:00:00
US10U            2024-07-18 20:00:00
US2              2024-07-18 20:00:00
US20             2024-07-18 20:00:00
GASOILINE*       2024-07-18 20:00:00
US30             2024-07-18 20:00:00
US3              2024-07-18 20:00:00
US5              2024-07-18 20:00:00
VIX*             2024-07-18 20:00:00
VIX_mini         2024-07-18 20:00:00
GOLD_micro       2024-07-18 20:00:00
GOLD-mini        2024-07-18 20:00:00
GOLD             2024-07-18 20:00:00
GBP_micro        2024-07-18 20:00:00
GBPCHF           2024-07-18 20:00:00
GBP              2024-07-18 20:00:00
INR              2024-07-18 20:00:00
VNKI             2024-07-18 23:00:00
TWD              2024-07-18 23:00:00
CNH-onshore      2024-07-19 02:00:00
SGD_mini         2024-07-19 02:00:00
TWD-mini         2024-07-19 02:00:00
HANGTECH         2024-07-19 04:00:00
SPI200*          2024-07-19 04:00:00
CHINAA-CON       2024-07-19 04:00:00
FTSECHINAH       2024-07-19 04:00:00
FTSEINDO         2024-07-19 04:00:00
FTSEVIET         2024-07-19 04:00:00
HANG             2024-07-19 04:00:00
HANGENT          2024-07-19 04:00:00
HANG_mini        2024-07-19 04:00:00
IRON*            2024-07-19 04:00:00
JGB-SGX-mini     2024-07-19 04:00:00
HANGENT_mini     2024-07-19 04:00:00
KRWUSD_mini      2024-07-19 04:00:00
MSCITAIWAN*      2024-07-19 04:00:00
JGB-mini         2024-07-19 04:30:00
KOSPI            2024-07-19 05:00:00
RUBBER           2024-07-19 05:00:00
CNH              2024-07-19 05:00:00
FTSECHINAA*      2024-07-19 05:00:00
KOSPI_mini       2024-07-19 05:00:00
NIKKEI*          2024-07-19 05:00:00
FTSETAIWAN       2024-07-19 05:00:00
MUMMY            2024-07-19 05:00:00
NIKKEI400        2024-07-19 05:00:00
TOPIX*           2024-07-19 05:00:00
KR3              2024-07-19 05:00:00
JGB              2024-07-19 05:00:00
KR10*            2024-07-19 05:00:00
JP-REALESTATE    2024-07-19 05:00:00
KOSDAQ*          2024-07-19 05:00:00
MSCISING*        2024-07-19 05:00:00
JPYUSD           2024-07-19 23:00:00
CNHUSD           2024-07-19 23:00:00
AUDUSD           2024-07-19 23:00:00
KRWUSD           2024-07-19 23:00:00
CHFUSD           2024-07-19 23:00:00
SGDUSD           2024-07-19 23:00:00
MXPUSD           2024-07-19 23:00:00
GBPUSD           2024-07-19 23:00:00
HKDUSD           2024-07-19 23:00:00
CADUSD           2024-07-19 23:00:00
EURUSD           2024-07-19 23:00:00
SEKUSD           2024-07-19 23:00:00


============================================================
           Status of optimal position generation            
============================================================

                                                 last_update
dynamic_TF_carry/BITCOIN          2024-07-19 22:31:27.358664
dynamic_TF_carry/EURCHF           2024-07-19 22:31:27.358888
dynamic_TF_carry/CAD5             2024-07-19 22:31:27.359099
dynamic_TF_carry/GAS_US_mini      2024-07-19 22:31:27.359305
dynamic_TF_carry/US-HEALTH        2024-07-19 22:31:27.359508
dynamic_TF_carry/HIGHYIELD        2024-07-19 22:31:27.359712
dynamic_TF_carry/MSCIWORLD        2024-07-19 22:31:27.359915
dynamic_TF_carry/FTSETAIWAN       2024-07-19 22:31:27.360118
dynamic_TF_carry/CAD2             2024-07-19 22:31:27.360321
dynamic_TF_carry/CLP              2024-07-19 22:31:27.360525
dynamic_TF_carry/TOPIX            2024-07-19 22:31:27.360728
dynamic_TF_carry/CZK              2024-07-19 22:31:27.360931
dynamic_TF_carry/EU-TRAVEL        2024-07-19 22:31:27.361135
dynamic_TF_carry/EURO600          2024-07-19 22:31:27.361342
dynamic_TF_carry/MXP              2024-07-19 22:31:27.361545
dynamic_TF_carry/SONIA3           2024-07-19 22:31:27.361749
dynamic_TF_carry/YENEUR           2024-07-19 22:31:27.361953
dynamic_TF_carry/BTP3             2024-07-19 22:31:27.362156
dynamic_TF_carry/BOBL             2024-07-19 22:31:27.362357
dynamic_TF_carry/PLAT             2024-07-19 22:31:27.362559
dynamic_TF_carry/EUR              2024-07-19 22:31:27.362762
dynamic_TF_carry/CHEESE           2024-07-19 22:31:27.362963
dynamic_TF_carry/CANOLA           2024-07-19 22:31:27.363166
dynamic_TF_carry/EU-DJ-UTIL       2024-07-19 22:31:27.363367
dynamic_TF_carry/OJ               2024-07-19 22:31:27.363569
dynamic_TF_carry/SUGAR_WHITE      2024-07-19 22:31:27.363773
dynamic_TF_carry/KOSPI            2024-07-19 22:31:27.363975
dynamic_TF_carry/BRE              2024-07-19 22:31:27.364178
dynamic_TF_carry/SOFR             2024-07-19 22:31:27.364380
dynamic_TF_carry/AEX              2024-07-19 22:31:27.364582
dynamic_TF_carry/FANG             2024-07-19 22:31:27.364785
dynamic_TF_carry/DOW              2024-07-19 22:31:27.364987
dynamic_TF_carry/COFFEE           2024-07-19 22:31:27.365192
dynamic_TF_carry/BTP              2024-07-19 22:31:27.365395
dynamic_TF_carry/PLN              2024-07-19 22:31:27.365598
dynamic_TF_carry/COPPER           2024-07-19 22:31:27.365799
dynamic_TF_carry/EURIBOR-ICE      2024-07-19 22:31:27.366000
dynamic_TF_carry/EU-RETAIL        2024-07-19 22:31:27.366202
dynamic_TF_carry/RICE             2024-07-19 22:31:27.366403
dynamic_TF_carry/COPPER-micro     2024-07-19 22:31:27.366807
dynamic_TF_carry/GAS-PEN          2024-07-19 22:31:27.367008
dynamic_TF_carry/SILVER           2024-07-19 22:31:27.367210
dynamic_TF_carry/NICKEL_LME       2024-07-19 22:31:27.367412
dynamic_TF_carry/MSCISING         2024-07-19 22:31:27.367615
dynamic_TF_carry/RUR              2024-07-19 22:31:27.367817
dynamic_TF_carry/SGX              2024-07-19 22:31:27.368019
dynamic_TF_carry/FTSEVIET         2024-07-19 22:31:27.368222
dynamic_TF_carry/EUA              2024-07-19 22:31:27.368424
dynamic_TF_carry/US-INDUSTRY      2024-07-19 22:31:27.368626
dynamic_TF_carry/MUMMY            2024-07-19 22:31:27.368829
dynamic_TF_carry/AUD_micro        2024-07-19 22:31:27.369032
dynamic_TF_carry/EUROSTX200-LARGE 2024-07-19 22:31:27.369238
dynamic_TF_carry/KRWUSD           2024-07-19 22:31:27.369440
dynamic_TF_carry/LIVECOW          2024-07-19 22:31:27.369643
dynamic_TF_carry/DX               2024-07-19 22:31:27.369846
dynamic_TF_carry/NIKKEI400        2024-07-19 22:31:27.370049
dynamic_TF_carry/BBCOMM           2024-07-19 22:31:27.370251
dynamic_TF_carry/EU-DJ-TELECOM    2024-07-19 22:31:27.370453
dynamic_TF_carry/EURIBOR          2024-07-19 22:31:27.370656
dynamic_TF_carry/MSCIEAFA         2024-07-19 22:31:27.371061
dynamic_TF_carry/STEEL            2024-07-19 22:31:27.371264
dynamic_TF_carry/KR3              2024-07-19 22:31:27.371466
dynamic_TF_carry/PALLAD           2024-07-19 22:31:27.371668
dynamic_TF_carry/NASDAQ_micro     2024-07-19 22:31:27.371871
dynamic_TF_carry/KR10             2024-07-19 22:31:27.372074
dynamic_TF_carry/AUD              2024-07-19 22:31:27.372276
dynamic_TF_carry/FEEDCOW          2024-07-19 22:31:27.372481
dynamic_TF_carry/US-DISCRETE      2024-07-19 22:31:27.372683
dynamic_TF_carry/SUGAR11          2024-07-19 22:31:27.372888
dynamic_TF_carry/MILLWHEAT        2024-07-19 22:31:27.373091
dynamic_TF_carry/REDWHEAT         2024-07-19 22:31:27.373307
dynamic_TF_carry/NIKKEI           2024-07-19 22:31:27.373511
dynamic_TF_carry/WHEAT_ICE        2024-07-19 22:31:27.373714
dynamic_TF_carry/US30             2024-07-19 22:31:27.373916
dynamic_TF_carry/IG               2024-07-19 22:31:27.374118
dynamic_TF_carry/GASOILINE        2024-07-19 22:31:27.374320
dynamic_TF_carry/V2X              2024-07-19 22:31:27.374523
dynamic_TF_carry/JPY              2024-07-19 22:31:27.374726
dynamic_TF_carry/EU-UTILS         2024-07-19 22:31:27.374930
dynamic_TF_carry/VNKI             2024-07-19 22:31:27.375132
dynamic_TF_carry/SOYBEAN_mini     2024-07-19 22:31:27.375334
dynamic_TF_carry/BUTTER           2024-07-19 22:31:27.375536
dynamic_TF_carry/DJSTX-SMALL      2024-07-19 22:31:27.375739
dynamic_TF_carry/EU-OIL           2024-07-19 22:31:27.375941
dynamic_TF_carry/WHEY             2024-07-19 22:31:27.376144
dynamic_TF_carry/CNH              2024-07-19 22:31:27.376347
dynamic_TF_carry/SARONA           2024-07-19 22:31:27.376550
dynamic_TF_carry/EUROSTX-SMALL    2024-07-19 22:31:27.376752
dynamic_TF_carry/CAD              2024-07-19 22:31:27.376953
dynamic_TF_carry/FTSE100          2024-07-19 22:31:27.377158
dynamic_TF_carry/SWISSLEAD        2024-07-19 22:31:27.377362
dynamic_TF_carry/SGD              2024-07-19 22:31:27.377565
dynamic_TF_carry/CRUDE_W_mini     2024-07-19 22:31:27.377769
dynamic_TF_carry/EUROSTX-LARGE    2024-07-19 22:31:27.377972
dynamic_TF_carry/US-PROPERTY      2024-07-19 22:31:27.378174
dynamic_TF_carry/OMX              2024-07-19 22:31:27.378377
dynamic_TF_carry/EU-CONSTRUCTION  2024-07-19 22:31:27.378577
dynamic_TF_carry/CHINAA-CON       2024-07-19 22:31:27.378778
dynamic_TF_carry/FTSECHINAA       2024-07-19 22:31:27.378980
dynamic_TF_carry/EUR_micro        2024-07-19 22:31:27.379183
dynamic_TF_carry/CAC              2024-07-19 22:31:27.379384
dynamic_TF_carry/CRUDE_W_micro    2024-07-19 22:31:27.379584
dynamic_TF_carry/EU-MID           2024-07-19 22:31:27.379787
dynamic_TF_carry/EU-TECH          2024-07-19 22:31:27.379989
dynamic_TF_carry/R1000            2024-07-19 22:31:27.380191
dynamic_TF_carry/OAT              2024-07-19 22:31:27.380393
dynamic_TF_carry/COCOA_LDN        2024-07-19 22:31:27.380595
dynamic_TF_carry/BRENT-LAST       2024-07-19 22:31:27.380797
dynamic_TF_carry/EURAUD           2024-07-19 22:31:27.380999
dynamic_TF_carry/GOLD_micro       2024-07-19 22:31:27.381203
dynamic_TF_carry/GBPCHF           2024-07-19 22:31:27.381405
dynamic_TF_carry/BUND             2024-07-19 22:31:27.381606
dynamic_TF_carry/COAL             2024-07-19 22:31:27.381808
dynamic_TF_carry/FTSE250          2024-07-19 22:31:27.382012
dynamic_TF_carry/BUXL             2024-07-19 22:31:27.382213
dynamic_TF_carry/EPRA-EUROPE      2024-07-19 22:31:27.382416
dynamic_TF_carry/US-TECH          2024-07-19 22:31:27.382618
dynamic_TF_carry/BRENT_W          2024-07-19 22:31:27.382822
dynamic_TF_carry/ROBUSTA          2024-07-19 22:31:27.383024
dynamic_TF_carry/US-REALESTATE    2024-07-19 22:31:27.383427
dynamic_TF_carry/BONO             2024-07-19 22:31:27.383629
dynamic_TF_carry/MSCIASIA         2024-07-19 22:31:27.383831
dynamic_TF_carry/SHATZ            2024-07-19 22:31:27.384034
dynamic_TF_carry/US3              2024-07-19 22:31:27.384235
dynamic_TF_carry/HEATOIL          2024-07-19 22:31:27.384436
dynamic_TF_carry/SUGAR16          2024-07-19 22:31:27.384639
dynamic_TF_carry/SEK              2024-07-19 22:31:27.384842
dynamic_TF_carry/IRON             2024-07-19 22:31:27.385044
dynamic_TF_carry/CH10             2024-07-19 22:31:27.385249
dynamic_TF_carry/JGB              2024-07-19 22:31:27.385451
dynamic_TF_carry/EUROSTX          2024-07-19 22:31:27.385654
dynamic_TF_carry/KOSDAQ           2024-07-19 22:31:27.385856
dynamic_TF_carry/AUDJPY           2024-07-19 22:31:27.386058
dynamic_TF_carry/DAX              2024-07-19 22:31:27.386260
dynamic_TF_carry/GILT             2024-07-19 22:31:27.386461
dynamic_TF_carry/SOYMEAL          2024-07-19 22:31:27.386663
dynamic_TF_carry/IBEX_mini        2024-07-19 22:31:27.386866
dynamic_TF_carry/EURCAD           2024-07-19 22:31:27.387069
dynamic_TF_carry/FTSECHINAH       2024-07-19 22:31:27.387270
dynamic_TF_carry/US10U            2024-07-19 22:31:27.387471
dynamic_TF_carry/COCOA            2024-07-19 22:31:27.387673
dynamic_TF_carry/GAS-LAST         2024-07-19 22:31:27.387876
dynamic_TF_carry/LEANHOG          2024-07-19 22:31:27.388078
dynamic_TF_carry/GBPJPY           2024-07-19 22:31:27.388280
dynamic_TF_carry/US-FINANCE       2024-07-19 22:31:27.388482
dynamic_TF_carry/SMI-MID          2024-07-19 22:31:27.388685
dynamic_TF_carry/OATIES           2024-07-19 22:31:27.388889
dynamic_TF_carry/HOUSE-US         2024-07-19 22:31:27.389091
dynamic_TF_carry/BB3M             2024-07-19 22:31:27.389295
dynamic_TF_carry/COTTON2          2024-07-19 22:31:27.389496
dynamic_TF_carry/GBP              2024-07-19 22:31:27.389698
dynamic_TF_carry/GBPEUR           2024-07-19 22:31:27.389902
dynamic_TF_carry/KOSPI_mini       2024-07-19 22:31:27.390104
dynamic_TF_carry/GASOIL           2024-07-19 22:31:27.390307
dynamic_TF_carry/ALUMINIUM        2024-07-19 22:31:27.390510
dynamic_TF_carry/CHF              2024-07-19 22:31:27.390712
dynamic_TF_carry/ETHANOL          2024-07-19 22:31:27.390914
dynamic_TF_carry/SOYBEAN          2024-07-19 22:31:27.391115
dynamic_TF_carry/NOK              2024-07-19 22:31:27.391317
dynamic_TF_carry/SP500_micro      2024-07-19 22:31:27.391518
dynamic_TF_carry/SOYOIL           2024-07-19 22:31:27.391718
dynamic_TF_carry/MILKWET          2024-07-19 22:31:27.391920
dynamic_TF_carry/RUSSELL          2024-07-19 22:31:27.392120
dynamic_TF_carry/FED              2024-07-19 22:31:27.392321
dynamic_TF_carry/EU-FOOD          2024-07-19 22:31:27.392524
dynamic_TF_carry/ETHEREUM         2024-07-19 22:31:27.392728
dynamic_TF_carry/US-ENERGY        2024-07-19 22:31:27.392930
dynamic_TF_carry/TIN_LME          2024-07-19 22:31:27.393132
dynamic_TF_carry/US2              2024-07-19 22:31:27.393337
dynamic_TF_carry/IRS              2024-07-19 22:31:27.393539
dynamic_TF_carry/HANGENT_mini     2024-07-19 22:31:27.393741
dynamic_TF_carry/EU-DIV30         2024-07-19 22:31:27.393945
dynamic_TF_carry/COPPER_LME       2024-07-19 22:31:27.394149
dynamic_TF_carry/JGB-SGX-mini     2024-07-19 22:31:27.394555
dynamic_TF_carry/MSCITAIWAN       2024-07-19 22:31:27.394759
dynamic_TF_carry/US5              2024-07-19 22:31:27.394962
dynamic_TF_carry/KRWUSD_mini      2024-07-19 22:31:27.395165
dynamic_TF_carry/EU-CHEM          2024-07-19 22:31:27.395368
dynamic_TF_carry/VIX              2024-07-19 22:31:27.395570
dynamic_TF_carry/EU-HEALTH        2024-07-19 22:31:27.395978
dynamic_TF_carry/MILKDRY          2024-07-19 22:31:27.396182
dynamic_TF_carry/RUBBER           2024-07-19 22:31:27.396385
dynamic_TF_carry/EU-REALESTATE    2024-07-19 22:31:27.396590
dynamic_TF_carry/HANG_mini        2024-07-19 22:31:27.397000
dynamic_TF_carry/FTSEINDO         2024-07-19 22:31:27.397210
dynamic_TF_carry/EU-AUTO          2024-07-19 22:31:27.397413
dynamic_TF_carry/TWD              2024-07-19 22:31:27.397616
dynamic_TF_carry/US-STAPLES       2024-07-19 22:31:27.397819
dynamic_TF_carry/MIB              2024-07-19 22:31:27.398021
dynamic_TF_carry/HANGTECH         2024-07-19 22:31:27.398223
dynamic_TF_carry/EU-MEDIA         2024-07-19 22:31:27.398425
dynamic_TF_carry/COAL-GEORDIE     2024-07-19 22:31:27.398628
dynamic_TF_carry/CAD10            2024-07-19 22:31:27.398830
dynamic_TF_carry/SP400            2024-07-19 22:31:27.399032
dynamic_TF_carry/US20             2024-07-19 22:31:27.399234
dynamic_TF_carry/INR              2024-07-19 22:31:27.399437
dynamic_TF_carry/SPI200           2024-07-19 22:31:27.399640
dynamic_TF_carry/EU-BANKS         2024-07-19 22:31:27.399845
dynamic_TF_carry/WHEAT            2024-07-19 22:31:27.400049
dynamic_TF_carry/US-UTILS         2024-07-19 22:31:27.400252
dynamic_TF_carry/EU-INSURE        2024-07-19 22:31:27.400455
dynamic_TF_carry/MSCIEMASIA       2024-07-19 22:31:27.400658
dynamic_TF_carry/US10             2024-07-19 22:31:27.400860
dynamic_TF_carry/MILK             2024-07-19 22:31:27.401062
dynamic_TF_carry/US-MATERIAL      2024-07-19 22:31:27.401471
dynamic_TF_carry/CORN             2024-07-19 22:31:27.401674
dynamic_TF_carry/NZD              2024-07-19 22:31:27.401878
dynamic_TF_carry/CHFJPY           2024-07-19 22:31:27.402081
dynamic_TF_carry/SMI              2024-07-19 22:31:27.402282
dynamic_TF_carry/CRUDE_ICE        2024-07-19 22:31:27.402486
dynamic_TF_carry/LEAD_LME         2024-07-19 22:31:27.402690
dynamic_TF_carry/BOVESPA          2024-07-19 22:31:27.402893
dynamic_TF_carry/COTTON           2024-07-19 22:31:27.403096
dynamic_TF_carry/JP-REALESTATE    2024-07-19 22:31:27.403299
dynamic_TF_carry/GICS             2024-07-19 22:31:27.403501
dynamic_TF_carry/EU-HOUSE         2024-07-19 22:31:27.403704
dynamic_TF_carry/LUMBER-new       2024-07-19 22:31:27.403906
dynamic_TF_carry/ZINC_LME         2024-07-19 22:31:27.404110
dynamic_TF_carry/ZAR              2024-07-19 22:31:27.404314
dynamic_TF_carry/EU-BASIC         2024-07-19 22:31:27.404518


======================================================================================================================
                                                Status of trade limits                                                
======================================================================================================================

                   period_days  trade_limit  trades_since_last_reset  trade_capacity_remaining   time_since_last_reset
 VIX                        30            5                      5.0                       0.0 11 days 07:51:37.401827
 VIX                        14            4                      2.0                       2.0  4 days 07:56:15.995067
 GAS_US_mini                14            4                      1.0                       3.0 10 days 08:45:12.088075
 BUND                       30            4                      1.0                       3.0 10 days 14:56:41.623843
 BUXL                       30            4                      1.0                       3.0 14 days 14:56:26.903687
 EU-HOUSE                    1            4                      0.0                       4.0  0 days 00:00:00.000002
 EU-DJ-UTIL                  1            4                      0.0                       4.0  0 days 00:00:00.000002
 EU-DJ-TELECOM               1            4                      0.0                       4.0  0 days 00:00:00.000001
 EU-DJ-TECH                  1            4                      0.0                       4.0  0 days 00:00:00.000001
 EU-DJ-OIL                   1            4                      0.0                       4.0  0 days 00:00:00.000001
 EU-CONSTRUCTION             1            4                      0.0                       4.0  0 days 00:00:00.000002
 ETHANOL                     1            4                      0.0                       4.0  0 days 00:00:00.000002
 CZK                         1            4                      0.0                       4.0  0 days 00:00:00.000001
 CORN                        1            4                      0.0                       4.0  0 days 00:00:00.000002
 EU-MEDIA                    1            4                      0.0                       4.0  0 days 00:00:00.000002
 COPPER-mini                 1            4                      0.0                       4.0  0 days 00:00:00.000001
 CNH-onshore                 1            4                      0.0                       4.0  0 days 00:00:00.000001
 CLP                         1            4                      0.0                       4.0  0 days 00:00:00.000001
 CH10                        1            4                      0.0                       4.0  0 days 00:00:00.000002
 BUTTER                      1            4                      0.0                       4.0  0 days 00:00:00.000002
 BOVESPA                     1            4                      0.0                       4.0  0 days 00:00:00.000002
 BEL20                       1            4                      0.0                       4.0  0 days 00:00:00.000001
 ALUMINIUM                   1            4                      0.0                       4.0  0 days 00:00:00.000001
 COTTON                      1            4                      0.0                       4.0  0 days 00:00:00.000001
 EU-MID                      1            4                      0.0                       4.0  0 days 00:00:00.000001
 EU-REALESTATE               1            4                      0.0                       4.0  0 days 00:00:00.000001
 EURCHF                      1            4                      0.0                       4.0  0 days 00:00:00.000001
 US-HEALTH                   1            4                      0.0                       4.0  0 days 00:00:00.000002
 US-FINANCE                  1            4                      0.0                       4.0  0 days 00:00:00.000001
 US-ENERGY                   1            4                      0.0                       4.0  0 days 00:00:00.000001
 US-DISCRETE                 1            4                      0.0                       4.0  0 days 00:00:00.000001
 SMI-MID                     1            4                      0.0                       4.0  0 days 00:00:00.000001
 SGX                         1            4                      0.0                       4.0  0 days 00:00:00.000002
 SGD                         1            4                      0.0                       4.0  0 days 00:00:00.000002
 OMX                         1            4                      0.0                       4.0  0 days 00:00:00.000001
 MSCIASIA                    1            4                      0.0                       4.0  0 days 00:00:00.000001
 YENEUR                     30            4                      0.0                       4.0  0 days 00:00:00.000001
 MILKWET                     1            4                      0.0                       4.0  0 days 00:00:00.000001
 MID-DAX                     1            4                      0.0                       4.0  0 days 00:00:00.000002
 JP-REALESTATE               1            4                      0.0                       4.0  0 days 00:00:00.000002
 JGB-SGX-mini                1            4                      0.0                       4.0  0 days 00:00:00.000002
 IRS                         1            4                      0.0                       4.0  0 days 00:00:00.000001
 FTSEINDO                    1            4                      0.0                       4.0  0 days 00:00:00.000001
 EUROSTX200-LARGE            1            4                      0.0                       4.0  0 days 00:00:00.000001
 EUROSTX-SMALL               1            4                      0.0                       4.0  0 days 00:00:00.000002
 EUROSTX-LARGE               1            4                      0.0                       4.0  0 days 00:00:00.000002
 EURIBOR                     1            4                      0.0                       4.0  0 days 00:00:00.000002
 MILKDRY                     1            4                      0.0                       4.0  0 days 00:00:00.000002
 US30                       30            4                      0.0                       4.0  0 days 00:00:00.000001
 US10U                      30            4                      0.0                       4.0  0 days 00:00:00.000002
 US-INDUSTRY                 1            4                      0.0                       4.0  0 days 00:00:00.000002
 ZAR                         1            4                      0.0                       4.0  0 days 00:00:00.000002
 KRWUSD                     14            4                      0.0                       4.0  0 days 00:00:00.000001
 JGB                        14            4                      0.0                       4.0  0 days 00:00:00.000001
 HEATOIL                    14            4                      0.0                       4.0  0 days 00:00:00.000002
 GBPEUR                     14            4                      0.0                       4.0  0 days 00:00:00.000002
 GAS-LAST                   14            4                      0.0                       4.0  0 days 00:00:00.000002
 FTSETAIWAN                 14            4                      0.0                       4.0  2 days 20:54:06.959553
 EU-TECH                    14            4                      0.0                       4.0  0 days 00:00:00.000002
 EU-CHEM                    14            4                      0.0                       4.0  0 days 00:00:00.000001
 ETHEREUM                   14            4                      0.0                       4.0  0 days 00:00:00.000002
 CNH                        14            4                      0.0                       4.0  0 days 00:00:00.000001
 BUXL                       14            4                      0.0                       4.0  0 days 00:00:00.000001
 BTP3                       14            4                      0.0                       4.0  0 days 00:00:00.000002
 BRENT-LAST                 14            4                      0.0                       4.0  0 days 00:00:00.000002
 BONO                       14            4                      0.0                       4.0  0 days 00:00:00.000002
 YENEUR                      1            4                      0.0                       4.0  0 days 00:00:00.000001
 US3                         1            4                      0.0                       4.0  0 days 00:00:00.000001
 US10U                       1            4                      0.0                       4.0  0 days 00:00:00.000001
 US-REALESTATE               1            4                      0.0                       4.0  0 days 00:00:00.000001
 NOK                        14            4                      0.0                       4.0  0 days 00:00:00.000002
 R1000                      14            4                      0.0                       4.0  0 days 00:00:00.000001
 REDWHEAT                   14            4                      0.0                       4.0  0 days 00:00:00.000002
 SEK                        14            4                      0.0                       4.0  0 days 00:00:00.000002
 SP400                      30            4                      0.0                       4.0  0 days 00:00:00.000002
 SEK                        30            4                      0.0                       4.0  0 days 00:00:00.000001
