
********************************************************************************
                   Status report produced on 14/01/2025 22:56                   
********************************************************************************


Delayed methods: No delays
Delayed adjusted / FX prices: No delays

===============================================
           Delayed optimal positions           
===============================================

                                    last_update
dynamic_TF_carry/SGX 2024-12-02 22:31:28.544775

Instruments at trade limit: No constraints

================================================
         Instruments at position limit          
================================================

                 keys  position pos_limit  spare
0                 CZK         0       0.0    0.0
57    GASOILINE_micro         0       0.0    0.0
171             R1000         0       0.0    0.0
109            BUTTER         0       0.0    0.0
53             COTTON         0       0.0    0.0
212               SGX         0       0.0    0.0
165               JGB         0       0.0    0.0
209             SP400         0       0.0    0.0
213       HEATOIL-ICE         0       0.0    0.0
47               WHEY         0       0.0    0.0
214           MILKDRY         0       0.0    0.0
45             AUDJPY         0       0.0    0.0
44             KRWUSD         0       0.0    0.0
215       COPPER-mini         0       0.0    0.0
187     EUROSTX-LARGE         0       0.0    0.0
48               VNKI         0       0.0    0.0
175              CH10         0       0.0    0.0
205           MILKWET         0       0.0    0.0
63             EURCAD         0       0.0    0.0
91        CNH-onshore         0       0.0    0.0
93             EURCHF         0       0.0    0.0
184          EU-MEDIA         0       0.0    0.0
183          TWD-mini         0       0.0    0.0
76                PLN         0       0.0    0.0
75               GICS         0       0.0    0.0
96           ETHEREUM         0       0.0    0.0
181          EU-HOUSE         0       0.0    0.0
98             NASDAQ         0       0.0    0.0
197         HIGHYIELD         0       0.0    0.0
179             STEEL         0       0.0    0.0
68               COAL         0       0.0    0.0
198     EU-DJ-TELECOM         0       0.0    0.0
200              BUXL        -1       1.0    0.0
201               NOK         0       0.0    0.0
217            CHFJPY         0       0.0    0.0
218               TWD         0       0.0    0.0
216           ETHANOL         0       0.0    0.0
188                IG         0       0.0    0.0
149           BOVESPA         0       0.0    0.0
241           SMI-MID         0       0.0    0.0
238          HOUSE-US         0       0.0    0.0
14          EU-RETAIL         0       0.0    0.0
242           TIN_LME         0       0.0    0.0
237               IRS         0       0.0    0.0
134        COPPER_LME         0       0.0    0.0
5                 SEK         0       0.0    0.0
18    EU-CONSTRUCTION         0       0.0    0.0
19           JGB-mini         0       0.0    0.0
233         SWISSLEAD         0       0.0    0.0
231         CHF_micro         0       0.0    0.0
137            PALLAD         0       0.0    0.0
228        EU-DJ-TECH         0       0.0    0.0
240       EPRA-EUROPE         0       0.0    0.0
245              US30        -1       1.0    0.0
25            EU-CHEM         0       0.0    0.0
119          JPY_mini         0       0.0    0.0
34          EU-TRAVEL         0       0.0    0.0
1            AEX_mini         0       0.0    0.0
156          SGD_mini         0       0.0    0.0
32                CHF        -3       3.0    0.0
31                OMX         0       0.0    0.0
29   EUROSTX200-LARGE         0       0.0    0.0
224            EURAUD         0       0.0    0.0
225            GBPJPY         0       0.0    0.0
155      COAL-GEORDIE         0       0.0    0.0
223               RUR         0       0.0    0.0
11                CLP         0       0.0    0.0


=========================================================
         Overrides in database consider deleting         
=========================================================

                                                 override
NICKEL_LME             Override Close because in database
OATIES           Override Reduce only because in database
RICE             Override Reduce only because in database
GOLD-mini        Override Reduce only because in database
VIX_mini         Override Reduce only because in database
IBEX             Override Reduce only because in database
CHINAA-CON       Override Reduce only because in database
CRUDE_W_mini     Override Reduce only because in database
CAC              Override Reduce only because in database
EURIBOR          Override Reduce only because in database
FTSETAIWAN       Override Reduce only because in database
IBEX_mini        Override Reduce only because in database
AEX              Override Reduce only because in database
AEX_mini         Override Reduce only because in database
COAL             Override Reduce only because in database
GASOILINE_micro  Override Reduce only because in database
HANGENT_mini     Override Reduce only because in database
MSCITAIWAN       Override Reduce only because in database
FTSEVIET         Override Reduce only because in database
INR              Override Reduce only because in database
BRENT-LAST       Override Reduce only because in database
STEEL            Override Reduce only because in database
GAS-PEN          Override Reduce only because in database
HANG             Override Reduce only because in database
HANGTECH         Override Reduce only because in database
FTSEINDO         Override Reduce only because in database
HANGENT          Override Reduce only because in database
HANG_mini        Override Reduce only because in database
GAS_US_mini      Override Reduce only because in database
COAL-GEORDIE     Override Reduce only because in database
FTSECHINAH       Override Reduce only because in database
SGX              Override Reduce only because in database

Locked instruments (position mismatch): []

==============================================
Status of adjusted price / FX price collection
==============================================

                         last_update
MILKWET          2025-01-13 23:00:00
CHFJPY           2025-01-13 23:00:00
CLP              2025-01-13 23:00:00
CNH-onshore      2025-01-13 23:00:00
OMX              2025-01-13 23:00:00
COTTON           2025-01-13 23:00:00
MSCIEMASIA       2025-01-13 23:00:00
CZK              2025-01-13 23:00:00
RUR              2025-01-13 23:00:00
MILKDRY          2025-01-13 23:00:00
KRWUSD           2025-01-13 23:00:00
IRS              2025-01-13 23:00:00
EURAUD           2025-01-13 23:00:00
EURCAD           2025-01-13 23:00:00
HOUSE-US         2025-01-13 23:00:00
EUROSTX-LARGE    2025-01-13 23:00:00
GBPCHF           2025-01-13 23:00:00
ETHANOL          2025-01-13 23:00:00
SGX              2025-01-13 23:00:00
GASOILINE_micro  2025-01-13 23:00:00
TWD-mini         2025-01-13 23:00:00
TWD              2025-01-13 23:00:00
SWISSLEAD        2025-01-13 23:00:00
BOVESPA          2025-01-13 23:00:00
JGB-mini         2025-01-14 01:00:00
VNKI             2025-01-14 02:00:00
SGD              2025-01-14 02:00:00
SGD_mini         2025-01-14 03:00:00
SPI200           2025-01-14 04:00:00
KRWUSD_mini      2025-01-14 04:00:00
FTSEINDO         2025-01-14 04:00:00
IRON             2025-01-14 04:00:00
KR3              2025-01-14 04:00:00
FTSEVIET         2025-01-14 04:00:00
JP-REALESTATE    2025-01-14 04:00:00
TOPIX*           2025-01-14 05:00:00
MSCISING*        2025-01-14 05:00:00
KOSPI_mini       2025-01-14 05:00:00
MSCITAIWAN       2025-01-14 05:00:00
KOSPI            2025-01-14 05:00:00
KOSDAQ           2025-01-14 05:00:00
JGB-SGX-mini     2025-01-14 05:00:00
JGB              2025-01-14 05:00:00
KR10             2025-01-14 05:00:00
MUMMY            2025-01-14 05:00:00
HANGENT_mini     2025-01-14 05:00:00
HANG_mini        2025-01-14 05:00:00
FTSECHINAA       2025-01-14 05:00:00
HANGTECH         2025-01-14 05:00:00
FTSECHINAH       2025-01-14 05:00:00
CNH              2025-01-14 05:00:00
FTSETAIWAN       2025-01-14 05:00:00
RUBBER           2025-01-14 05:00:00
HANG             2025-01-14 05:00:00
NIKKEI400        2025-01-14 05:00:00
NIKKEI*          2025-01-14 05:00:00
HANGENT          2025-01-14 05:00:00
CHINAA-CON       2025-01-14 05:00:00
COAL-GEORDIE     2025-01-14 09:00:00
LEAD_LME         2025-01-14 14:00:00
GBPJPY           2025-01-14 14:30:00
EU-RETAIL        2025-01-14 15:00:00
EU-TECH          2025-01-14 15:00:00
EU-TRAVEL        2025-01-14 15:00:00
IBEX_mini        2025-01-14 15:00:00
ZINC_LME         2025-01-14 15:00:00
EUROSTX200-LARGE 2025-01-14 15:00:00
FTSE250          2025-01-14 15:00:00
IBEX             2025-01-14 15:00:00
GICS             2025-01-14 15:00:00
AUDJPY           2025-01-14 15:00:00
WHEAT_ICE        2025-01-14 15:00:00
ALUMINIUM_LME    2025-01-14 15:00:00
EURIBOR          2025-01-14 15:00:00
EURIBOR-ICE      2025-01-14 15:00:00
GILT             2025-01-14 15:00:00
HEATOIL-ICE      2025-01-14 15:00:00
EUROSTX-SMALL    2025-01-14 15:00:00
EUA              2025-01-14 15:00:00
FTSE100          2025-01-14 15:00:00
EU-CHEM          2025-01-14 15:00:00
EU-HOUSE         2025-01-14 15:00:00
SONIA3           2025-01-14 15:00:00
SARONA           2025-01-14 15:00:00
CH10             2025-01-14 15:00:00
ROBUSTA          2025-01-14 15:00:00
SUGAR16          2025-01-14 15:00:00
BRENT_W          2025-01-14 15:00:00
COAL             2025-01-14 15:00:00
COCOA_LDN        2025-01-14 15:00:00
NICKEL_LME       2025-01-14 15:00:00
COPPER_LME       2025-01-14 15:00:00
EU-MID           2025-01-14 15:00:00
TIN_LME          2025-01-14 15:00:00
MSCIWORLD        2025-01-14 15:00:00
CRUDE_ICE        2025-01-14 15:00:00
MILLWHEAT        2025-01-14 15:00:00
DJSTX-SMALL      2025-01-14 15:00:00
EU-DJ-TELECOM    2025-01-14 15:00:00
GASOIL           2025-01-14 15:00:00
MIB              2025-01-14 15:00:00
EPRA-EUROPE      2025-01-14 15:00:00
EU-DJ-TECH       2025-01-14 15:00:00
EU-DJ-OIL        2025-01-14 15:00:00
V2X              2025-01-14 15:00:00
SHATZ            2025-01-14 16:00:00
SUGAR_WHITE      2025-01-14 16:00:00
PLN              2025-01-14 16:00:00
WHEY             2025-01-14 16:00:00
OAT              2025-01-14 16:00:00
MSCIASIA         2025-01-14 16:00:00
SMI-MID          2025-01-14 16:00:00
SMI              2025-01-14 16:00:00
AEX              2025-01-14 16:00:00
CAC              2025-01-14 16:00:00
EU-OIL           2025-01-14 16:00:00
EU-MEDIA         2025-01-14 16:00:00
EU-INSURE        2025-01-14 16:00:00
EU-HEALTH        2025-01-14 16:00:00
EU-FOOD          2025-01-14 16:00:00
BTP3             2025-01-14 16:00:00
BTP              2025-01-14 16:00:00
EU-REALESTATE    2025-01-14 16:00:00
EU-DJ-UTIL       2025-01-14 16:00:00
EU-CONSTRUCTION  2025-01-14 16:00:00
EU-BASIC         2025-01-14 16:00:00
EU-BANKS         2025-01-14 16:00:00
EU-AUTO          2025-01-14 16:00:00
BUXL*            2025-01-14 16:00:00
BONO             2025-01-14 16:00:00
BOBL             2025-01-14 16:00:00
EU-DIV30         2025-01-14 16:00:00
BUND             2025-01-14 16:00:00
EU-UTILS         2025-01-14 16:00:00
DAX*             2025-01-14 16:00:00
AEX_mini         2025-01-14 16:00:00
EUROSTX          2025-01-14 16:00:00
EURO600*         2025-01-14 16:00:00
GASOILINE_ICE    2025-01-14 16:00:00
NOK              2025-01-14 17:00:00
SUGAR11*         2025-01-14 17:00:00
GAS-PEN          2025-01-14 18:00:00
ALUMINIUM*       2025-01-14 18:00:00
COFFEE           2025-01-14 18:00:00
COCOA            2025-01-14 18:00:00
OJ               2025-01-14 18:00:00
OATIES           2025-01-14 19:00:00
CAD2             2025-01-14 19:00:00
COTTON2          2025-01-14 19:00:00
BUTTER           2025-01-14 19:00:00
CORN_mini        2025-01-14 19:00:00
CORN             2025-01-14 19:00:00
US-DISCRETE      2025-01-14 19:00:00
STEEL            2025-01-14 19:00:00
SOYBEAN          2025-01-14 19:00:00
SOYBEAN_mini     2025-01-14 19:00:00
SOYMEAL*         2025-01-14 19:00:00
CANOLA*          2025-01-14 19:00:00
RICE             2025-01-14 19:00:00
REDWHEAT         2025-01-14 19:00:00
CHF_micro        2025-01-14 19:00:00
SOYOIL           2025-01-14 19:00:00
LEANHOG          2025-01-14 19:00:00
WHEAT            2025-01-14 19:00:00
BBCOMM           2025-01-14 19:00:00
DX               2025-01-14 19:00:00
GOLD_micro       2025-01-14 19:00:00
LIVECOW          2025-01-14 19:00:00
WHEAT_mini       2025-01-14 19:00:00
VIX_mini         2025-01-14 19:00:00
FEEDCOW*         2025-01-14 19:00:00
IG               2025-01-14 19:00:00
INR              2025-01-14 19:00:00
VIX              2025-01-14 20:00:00
US-HEALTH        2025-01-14 20:00:00
AUD_micro        2025-01-14 20:00:00
SP500            2025-01-14 20:00:00
AUD              2025-01-14 20:00:00
YENEUR           2025-01-14 20:00:00
SOFR             2025-01-14 20:00:00
ZAR              2025-01-14 20:00:00
SP400            2025-01-14 20:00:00
SP500_micro      2025-01-14 20:00:00
US30*            2025-01-14 20:00:00
US-ENERGY        2025-01-14 20:00:00
US3              2025-01-14 20:00:00
US20             2025-01-14 20:00:00
US2              2025-01-14 20:00:00
US10U*           2025-01-14 20:00:00
US10             2025-01-14 20:00:00
US-UTILS         2025-01-14 20:00:00
BRENT-LAST       2025-01-14 20:00:00
BRE*             2025-01-14 20:00:00
US-STAPLES       2025-01-14 20:00:00
US-REALESTATE    2025-01-14 20:00:00
US-MATERIAL      2025-01-14 20:00:00
BITCOIN          2025-01-14 20:00:00
US-INDUSTRY      2025-01-14 20:00:00
US5              2025-01-14 20:00:00
GASOILINE        2025-01-14 20:00:00
R1000            2025-01-14 20:00:00
CAD*             2025-01-14 20:00:00
ETHER-micro      2025-01-14 20:00:00
ETHEREUM         2025-01-14 20:00:00
JPY_mini         2025-01-14 20:00:00
SILVER           2025-01-14 20:00:00
EUR              2025-01-14 20:00:00
EURCHF           2025-01-14 20:00:00
HIGHYIELD        2025-01-14 20:00:00
HEATOIL          2025-01-14 20:00:00
EUR_micro        2025-01-14 20:00:00
LUMBER-new       2025-01-14 20:00:00
EUR_mini         2025-01-14 20:00:00
GOLD-mini        2025-01-14 20:00:00
GOLD             2025-01-14 20:00:00
FED              2025-01-14 20:00:00
GBP_micro        2025-01-14 20:00:00
GAS-LAST         2025-01-14 20:00:00
GBPEUR           2025-01-14 20:00:00
GBP              2025-01-14 20:00:00
GAS_US_mini      2025-01-14 20:00:00
GAS_US           2025-01-14 20:00:00
FANG             2025-01-14 20:00:00
MILK             2025-01-14 20:00:00
JPY*             2025-01-14 20:00:00
DOW              2025-01-14 20:00:00
CAD10            2025-01-14 20:00:00
CAD5             2025-01-14 20:00:00
SEK              2025-01-14 20:00:00
CAD_micro        2025-01-14 20:00:00
RUSSELL_mini     2025-01-14 20:00:00
DOW_mini         2025-01-14 20:00:00
CHEESE           2025-01-14 20:00:00
CHF*             2025-01-14 20:00:00
PLAT             2025-01-14 20:00:00
PALLAD           2025-01-14 20:00:00
NZD              2025-01-14 20:00:00
RUSSELL*         2025-01-14 20:00:00
COPPER           2025-01-14 20:00:00
COPPER-micro*    2025-01-14 20:00:00
COPPER-mini      2025-01-14 20:00:00
NASDAQ_micro     2025-01-14 20:00:00
NASDAQ           2025-01-14 20:00:00
MXP              2025-01-14 20:00:00
CRUDE_W          2025-01-14 20:00:00
CRUDE_W_micro*   2025-01-14 20:00:00
MSCIEAFA         2025-01-14 20:00:00
CRUDE_W_mini     2025-01-14 20:00:00
CHFUSD           2025-01-14 23:00:00
JPYUSD           2025-01-14 23:00:00
EURUSD           2025-01-14 23:00:00
CADUSD           2025-01-14 23:00:00
KRWUSD           2025-01-14 23:00:00
MXPUSD           2025-01-14 23:00:00
SEKUSD           2025-01-14 23:00:00
GBPUSD           2025-01-14 23:00:00
SGDUSD           2025-01-14 23:00:00
HKDUSD           2025-01-14 23:00:00
CNHUSD           2025-01-14 23:00:00
AUDUSD           2025-01-14 23:00:00


============================================================
           Status of optimal position generation            
============================================================

                                                 last_update
dynamic_TF_carry/SGX              2024-12-02 22:31:28.544775
dynamic_TF_carry/MSCIASIA         2025-01-14 22:31:33.930109
dynamic_TF_carry/SOFR             2025-01-14 22:31:33.930366
dynamic_TF_carry/EU-MEDIA         2025-01-14 22:31:33.930606
dynamic_TF_carry/IG               2025-01-14 22:31:33.930841
dynamic_TF_carry/FTSE100          2025-01-14 22:31:33.931073
dynamic_TF_carry/ETHEREUM         2025-01-14 22:31:33.931379
dynamic_TF_carry/COCOA            2025-01-14 22:31:33.931616
dynamic_TF_carry/SOYOIL           2025-01-14 22:31:33.931848
dynamic_TF_carry/DAX              2025-01-14 22:31:33.932080
dynamic_TF_carry/EU-BANKS         2025-01-14 22:31:33.932311
dynamic_TF_carry/EUROSTX-LARGE    2025-01-14 22:31:33.932541
dynamic_TF_carry/COTTON           2025-01-14 22:31:33.932771
dynamic_TF_carry/COPPER_LME       2025-01-14 22:31:33.933002
dynamic_TF_carry/EU-CHEM          2025-01-14 22:31:33.933232
dynamic_TF_carry/HIGHYIELD        2025-01-14 22:31:33.933463
dynamic_TF_carry/EU-HEALTH        2025-01-14 22:31:33.933692
dynamic_TF_carry/NASDAQ_micro     2025-01-14 22:31:33.933931
dynamic_TF_carry/CRUDE_W_micro    2025-01-14 22:31:33.934163
dynamic_TF_carry/HEATOIL          2025-01-14 22:31:33.934393
dynamic_TF_carry/US2              2025-01-14 22:31:33.934622
dynamic_TF_carry/RICE             2025-01-14 22:31:33.934850
dynamic_TF_carry/US-REALESTATE    2025-01-14 22:31:33.935079
dynamic_TF_carry/RUSSELL          2025-01-14 22:31:33.935307
dynamic_TF_carry/CAC              2025-01-14 22:31:33.935536
dynamic_TF_carry/WHEAT_ICE        2025-01-14 22:31:33.935765
dynamic_TF_carry/INR              2025-01-14 22:31:33.935993
dynamic_TF_carry/BBCOMM           2025-01-14 22:31:33.936222
dynamic_TF_carry/BRENT-LAST       2025-01-14 22:31:33.936451
dynamic_TF_carry/COPPER-micro     2025-01-14 22:31:33.936679
dynamic_TF_carry/WHEAT            2025-01-14 22:31:33.936909
dynamic_TF_carry/IBEX_mini        2025-01-14 22:31:33.937137
dynamic_TF_carry/JGB              2025-01-14 22:31:33.937366
dynamic_TF_carry/MILKDRY          2025-01-14 22:31:33.937595
dynamic_TF_carry/BUTTER           2025-01-14 22:31:33.937822
dynamic_TF_carry/AUD_micro        2025-01-14 22:31:33.938058
dynamic_TF_carry/FTSECHINAA       2025-01-14 22:31:33.938287
dynamic_TF_carry/V2X              2025-01-14 22:31:33.938516
dynamic_TF_carry/EU-HOUSE         2025-01-14 22:31:33.938746
dynamic_TF_carry/KRWUSD_mini      2025-01-14 22:31:33.938977
dynamic_TF_carry/CHFJPY           2025-01-14 22:31:33.939207
dynamic_TF_carry/MILKWET          2025-01-14 22:31:33.939436
dynamic_TF_carry/GASOIL           2025-01-14 22:31:33.939665
dynamic_TF_carry/CRUDE_ICE        2025-01-14 22:31:33.939895
dynamic_TF_carry/EURAUD           2025-01-14 22:31:33.940124
dynamic_TF_carry/NICKEL_LME       2025-01-14 22:31:33.940351
dynamic_TF_carry/GBPJPY           2025-01-14 22:31:33.940580
dynamic_TF_carry/COCOA_LDN        2025-01-14 22:31:33.940810
dynamic_TF_carry/MIB              2025-01-14 22:31:33.941038
dynamic_TF_carry/VIX              2025-01-14 22:31:33.941496
dynamic_TF_carry/COAL-GEORDIE     2025-01-14 22:31:33.941725
dynamic_TF_carry/DX               2025-01-14 22:31:33.941959
dynamic_TF_carry/GAS_US_mini      2025-01-14 22:31:33.942190
dynamic_TF_carry/SILVER           2025-01-14 22:31:33.942419
dynamic_TF_carry/EURCHF           2025-01-14 22:31:33.942649
dynamic_TF_carry/US-INDUSTRY      2025-01-14 22:31:33.943107
dynamic_TF_carry/MUMMY            2025-01-14 22:31:33.943336
dynamic_TF_carry/CAD5             2025-01-14 22:31:33.943792
dynamic_TF_carry/HANGENT_mini     2025-01-14 22:31:33.944020
dynamic_TF_carry/NIKKEI400        2025-01-14 22:31:33.944248
dynamic_TF_carry/EU-CONSTRUCTION  2025-01-14 22:31:33.944477
dynamic_TF_carry/SP500_micro      2025-01-14 22:31:33.944705
dynamic_TF_carry/FTSE250          2025-01-14 22:31:33.944933
dynamic_TF_carry/BRE              2025-01-14 22:31:33.945164
dynamic_TF_carry/US30             2025-01-14 22:31:33.945393
dynamic_TF_carry/CRUDE_W_mini     2025-01-14 22:31:33.945623
dynamic_TF_carry/CAD2             2025-01-14 22:31:33.945851
dynamic_TF_carry/COAL             2025-01-14 22:31:33.946318
dynamic_TF_carry/GAS-PEN          2025-01-14 22:31:33.946548
dynamic_TF_carry/KOSPI_mini       2025-01-14 22:31:33.946778
dynamic_TF_carry/CHEESE           2025-01-14 22:31:33.947467
dynamic_TF_carry/MILLWHEAT        2025-01-14 22:31:33.947695
dynamic_TF_carry/SMI              2025-01-14 22:31:33.947926
dynamic_TF_carry/KOSDAQ           2025-01-14 22:31:33.948156
dynamic_TF_carry/AUDJPY           2025-01-14 22:31:33.948385
dynamic_TF_carry/SARONA           2025-01-14 22:31:33.948614
dynamic_TF_carry/EUROSTX-SMALL    2025-01-14 22:31:33.948846
dynamic_TF_carry/LEAD_LME         2025-01-14 22:31:33.949538
dynamic_TF_carry/OMX              2025-01-14 22:31:33.949768
dynamic_TF_carry/EPRA-EUROPE      2025-01-14 22:31:33.950001
dynamic_TF_carry/JPY              2025-01-14 22:31:33.950232
dynamic_TF_carry/MSCIWORLD        2025-01-14 22:31:33.950462
dynamic_TF_carry/CLP              2025-01-14 22:31:33.950691
dynamic_TF_carry/KOSPI            2025-01-14 22:31:33.950920
dynamic_TF_carry/SUGAR16          2025-01-14 22:31:33.951151
dynamic_TF_carry/EU-BASIC         2025-01-14 22:31:33.951380
dynamic_TF_carry/SWISSLEAD        2025-01-14 22:31:33.951610
dynamic_TF_carry/FTSEINDO         2025-01-14 22:31:33.951841
dynamic_TF_carry/SMI-MID          2025-01-14 22:31:33.952072
dynamic_TF_carry/SHATZ            2025-01-14 22:31:33.952302
dynamic_TF_carry/BOVESPA          2025-01-14 22:31:33.952530
dynamic_TF_carry/NZD              2025-01-14 22:31:33.952760
dynamic_TF_carry/LIVECOW          2025-01-14 22:31:33.953219
dynamic_TF_carry/BONO             2025-01-14 22:31:33.953448
dynamic_TF_carry/KRWUSD           2025-01-14 22:31:33.953676
dynamic_TF_carry/MILK             2025-01-14 22:31:33.953909
dynamic_TF_carry/FEEDCOW          2025-01-14 22:31:33.954139
dynamic_TF_carry/GICS             2025-01-14 22:31:33.954369
dynamic_TF_carry/CH10             2025-01-14 22:31:33.954598
dynamic_TF_carry/COPPER           2025-01-14 22:31:33.954826
dynamic_TF_carry/CAD10            2025-01-14 22:31:33.955055
dynamic_TF_carry/EURO600          2025-01-14 22:31:33.955284
dynamic_TF_carry/US10U            2025-01-14 22:31:33.955516
dynamic_TF_carry/GILT             2025-01-14 22:31:33.955746
dynamic_TF_carry/CHINAA-CON       2025-01-14 22:31:33.955977
dynamic_TF_carry/CORN             2025-01-14 22:31:33.956437
dynamic_TF_carry/TIN_LME          2025-01-14 22:31:33.956666
dynamic_TF_carry/YENEUR           2025-01-14 22:31:33.956895
dynamic_TF_carry/GOLD_micro       2025-01-14 22:31:33.957123
dynamic_TF_carry/STEEL            2025-01-14 22:31:33.957354
dynamic_TF_carry/US-ENERGY        2025-01-14 22:31:33.957582
dynamic_TF_carry/SOYMEAL          2025-01-14 22:31:33.957811
dynamic_TF_carry/KR10             2025-01-14 22:31:33.958044
dynamic_TF_carry/BITCOIN          2025-01-14 22:31:33.958274
dynamic_TF_carry/LUMBER-new       2025-01-14 22:31:33.958503
dynamic_TF_carry/EUROSTX200-LARGE 2025-01-14 22:31:33.958732
dynamic_TF_carry/MXP              2025-01-14 22:31:33.958960
dynamic_TF_carry/EU-OIL           2025-01-14 22:31:33.959189
dynamic_TF_carry/US20             2025-01-14 22:31:33.959418
dynamic_TF_carry/DOW              2025-01-14 22:31:33.959648
dynamic_TF_carry/VNKI             2025-01-14 22:31:33.959876
dynamic_TF_carry/BUND             2025-01-14 22:31:33.960106
dynamic_TF_carry/ZINC_LME         2025-01-14 22:31:33.960334
dynamic_TF_carry/GASOILINE        2025-01-14 22:31:33.960564
dynamic_TF_carry/AUD              2025-01-14 22:31:33.960794
dynamic_TF_carry/SUGAR11          2025-01-14 22:31:33.961023
dynamic_TF_carry/EURCAD           2025-01-14 22:31:33.961253
dynamic_TF_carry/KR3              2025-01-14 22:31:33.961482
dynamic_TF_carry/HANGTECH         2025-01-14 22:31:33.961711
dynamic_TF_carry/HANG_mini        2025-01-14 22:31:33.961945
dynamic_TF_carry/FTSETAIWAN       2025-01-14 22:31:33.962174
dynamic_TF_carry/MSCITAIWAN       2025-01-14 22:31:33.962403
dynamic_TF_carry/PALLAD           2025-01-14 22:31:33.962632
dynamic_TF_carry/BRENT_W          2025-01-14 22:31:33.962862
dynamic_TF_carry/EU-AUTO          2025-01-14 22:31:33.963092
dynamic_TF_carry/AEX              2025-01-14 22:31:33.963321
dynamic_TF_carry/US-MATERIAL      2025-01-14 22:31:33.963550
dynamic_TF_carry/RUBBER           2025-01-14 22:31:33.963779
dynamic_TF_carry/NIKKEI           2025-01-14 22:31:33.964009
dynamic_TF_carry/OAT              2025-01-14 22:31:33.964239
dynamic_TF_carry/US5              2025-01-14 22:31:33.964468
dynamic_TF_carry/CAD              2025-01-14 22:31:33.964696
dynamic_TF_carry/FANG             2025-01-14 22:31:33.964925
dynamic_TF_carry/BOBL             2025-01-14 22:31:33.965155
dynamic_TF_carry/SP400            2025-01-14 22:31:33.965384
dynamic_TF_carry/SOYBEAN_mini     2025-01-14 22:31:33.965614
dynamic_TF_carry/OJ               2025-01-14 22:31:33.965842
dynamic_TF_carry/FED              2025-01-14 22:31:33.966081
dynamic_TF_carry/PLN              2025-01-14 22:31:33.966309
dynamic_TF_carry/EU-UTILS         2025-01-14 22:31:33.966539
dynamic_TF_carry/US-HEALTH        2025-01-14 22:31:33.966768
dynamic_TF_carry/OATIES           2025-01-14 22:31:33.966997
dynamic_TF_carry/US3              2025-01-14 22:31:33.967226
dynamic_TF_carry/SUGAR_WHITE      2025-01-14 22:31:33.967454
dynamic_TF_carry/BUXL             2025-01-14 22:31:33.967683
dynamic_TF_carry/JP-REALESTATE    2025-01-14 22:31:33.967913
dynamic_TF_carry/EU-MID           2025-01-14 22:31:33.968142
dynamic_TF_carry/SONIA3           2025-01-14 22:31:33.968372
dynamic_TF_carry/GBPEUR           2025-01-14 22:31:33.968601
dynamic_TF_carry/BTP              2025-01-14 22:31:33.968830
dynamic_TF_carry/JGB-SGX-mini     2025-01-14 22:31:33.969062
dynamic_TF_carry/EU-DJ-UTIL       2025-01-14 22:31:33.969290
dynamic_TF_carry/ROBUSTA          2025-01-14 22:31:33.969520
dynamic_TF_carry/SOYBEAN          2025-01-14 22:31:33.969749
dynamic_TF_carry/EU-TRAVEL        2025-01-14 22:31:33.969981
dynamic_TF_carry/BTP3             2025-01-14 22:31:33.970212
dynamic_TF_carry/EURIBOR          2025-01-14 22:31:33.970441
dynamic_TF_carry/PLAT             2025-01-14 22:31:33.970670
dynamic_TF_carry/REDWHEAT         2025-01-14 22:31:33.970900
dynamic_TF_carry/ZAR              2025-01-14 22:31:33.971130
dynamic_TF_carry/GAS-LAST         2025-01-14 22:31:33.971360
dynamic_TF_carry/COFFEE           2025-01-14 22:31:33.971589
dynamic_TF_carry/SPI200           2025-01-14 22:31:33.971819
dynamic_TF_carry/EUR              2025-01-14 22:31:33.972049
dynamic_TF_carry/EU-RETAIL        2025-01-14 22:31:33.972279
dynamic_TF_carry/TWD              2025-01-14 22:31:33.972509
dynamic_TF_carry/EU-TECH          2025-01-14 22:31:33.972739
dynamic_TF_carry/GBP              2025-01-14 22:31:33.972970
dynamic_TF_carry/ETHANOL          2025-01-14 22:31:33.973202
dynamic_TF_carry/ALUMINIUM        2025-01-14 22:31:33.973430
dynamic_TF_carry/US-STAPLES       2025-01-14 22:31:33.973660
dynamic_TF_carry/COTTON2          2025-01-14 22:31:33.973890
dynamic_TF_carry/EUA              2025-01-14 22:31:33.974125
dynamic_TF_carry/EUROSTX          2025-01-14 22:31:33.974356
dynamic_TF_carry/EU-DJ-TELECOM    2025-01-14 22:31:33.974586
dynamic_TF_carry/FTSECHINAH       2025-01-14 22:31:33.974815
dynamic_TF_carry/IRON             2025-01-14 22:31:33.975045
dynamic_TF_carry/NOK              2025-01-14 22:31:33.975276
dynamic_TF_carry/SEK              2025-01-14 22:31:33.975736
dynamic_TF_carry/CHF              2025-01-14 22:31:33.975966
dynamic_TF_carry/CZK              2025-01-14 22:31:33.976197
dynamic_TF_carry/EU-INSURE        2025-01-14 22:31:33.976428
dynamic_TF_carry/MSCISING         2025-01-14 22:31:33.976661
dynamic_TF_carry/SGD              2025-01-14 22:31:33.976894
dynamic_TF_carry/US-UTILS         2025-01-14 22:31:33.977125
dynamic_TF_carry/MSCIEMASIA       2025-01-14 22:31:33.977357
dynamic_TF_carry/GBPCHF           2025-01-14 22:31:33.977588
dynamic_TF_carry/US10             2025-01-14 22:31:33.977818
dynamic_TF_carry/FTSEVIET         2025-01-14 22:31:33.978055
dynamic_TF_carry/EU-DIV30         2025-01-14 22:31:33.978288
dynamic_TF_carry/EU-REALESTATE    2025-01-14 22:31:33.978518
dynamic_TF_carry/LEANHOG          2025-01-14 22:31:33.978749
dynamic_TF_carry/US-DISCRETE      2025-01-14 22:31:33.978980
dynamic_TF_carry/EURIBOR-ICE      2025-01-14 22:31:33.979212
dynamic_TF_carry/DJSTX-SMALL      2025-01-14 22:31:33.979443
dynamic_TF_carry/WHEY             2025-01-14 22:31:33.979675
dynamic_TF_carry/RUR              2025-01-14 22:31:33.979908
dynamic_TF_carry/CNH              2025-01-14 22:31:33.980139
dynamic_TF_carry/EU-FOOD          2025-01-14 22:31:33.980371
dynamic_TF_carry/R1000            2025-01-14 22:31:33.980603
dynamic_TF_carry/HOUSE-US         2025-01-14 22:31:33.980834
dynamic_TF_carry/TOPIX            2025-01-14 22:31:33.981065
dynamic_TF_carry/MSCIEAFA         2025-01-14 22:31:33.981297
dynamic_TF_carry/EUR_micro        2025-01-14 22:31:33.981528
dynamic_TF_carry/IRS              2025-01-14 22:31:33.981759
dynamic_TF_carry/CANOLA           2025-01-14 22:31:33.981994


======================================================================================================================
                                                Status of trade limits                                                
======================================================================================================================

                   period_days  trade_limit  trades_since_last_reset  trade_capacity_remaining   time_since_last_reset
 COPPER                     30            4                      3.0                       1.0 26 days 08:57:03.596310
 VIX                        14            4                      1.0                       3.0  6 days 07:57:12.138113
 YENEUR                     30            4                      1.0                       3.0 26 days 07:56:37.182084
 JPY                        30            5                      2.0                       3.0 25 days 07:57:18.110701
 OAT                        30            4                      1.0                       3.0 25 days 14:57:18.171772
 MIB                         1            4                      1.0                       3.0  0 days 14:47:17.625567
 COPPER                     14            4                      1.0                       3.0  6 days 07:16:24.668058
 CORN                        1            4                      0.0                       4.0  0 days 00:00:00.000002
 EU-DJ-UTIL                  1            4                      0.0                       4.0  0 days 00:00:00.000002
 EU-DJ-TELECOM               1            4                      0.0                       4.0  0 days 00:00:00.000001
 EU-DJ-TECH                  1            4                      0.0                       4.0  0 days 00:00:00.000002
 EU-DJ-OIL                   1            4                      0.0                       4.0  0 days 00:00:00.000002
 EU-CONSTRUCTION             1            4                      0.0                       4.0  0 days 00:00:00.000001
 ETHANOL                     1            4                      0.0                       4.0  0 days 00:00:00.000002
 CZK                         1            4                      0.0                       4.0  0 days 00:00:00.000001
 CNH-onshore                 1            4                      0.0                       4.0  0 days 00:00:00.000001
 COPPER-mini                 1            4                      0.0                       4.0  0 days 00:00:00.000001
 EU-HOUSE                    1            4                      0.0                       4.0  0 days 00:00:00.000002
 CLP                         1            4                      0.0                       4.0  0 days 00:00:00.000002
 CH10                        1            4                      0.0                       4.0  0 days 00:00:00.000001
 BUTTER                      1            4                      0.0                       4.0  0 days 00:00:00.000001
 BOVESPA                     1            4                      0.0                       4.0  0 days 00:00:00.000002
 BEL20                       1            4                      0.0                       4.0  0 days 00:00:00.000001
 ALUMINIUM                   1            4                      0.0                       4.0  0 days 00:00:00.000001
 COTTON                      1            4                      0.0                       4.0  0 days 00:00:00.000002
 EU-MEDIA                    1            4                      0.0                       4.0  0 days 00:00:00.000001
 EU-REALESTATE               1            4                      0.0                       4.0  0 days 00:00:00.000002
 US30                       30            4                      0.0                       4.0 26 days 07:56:40.176080
 US-ENERGY                   1            4                      0.0                       4.0  0 days 00:00:00.000001
 US-DISCRETE                 1            4                      0.0                       4.0  0 days 00:00:00.000001
 SMI-MID                     1            4                      0.0                       4.0  0 days 00:00:00.000002
 SGX                         1            4                      0.0                       4.0  0 days 00:00:00.000001
 SGD                         1            4                      0.0                       4.0  0 days 00:00:00.000002
 OMX                         1            4                      0.0                       4.0  0 days 00:00:00.000001
 MSCIASIA                    1            4                      0.0                       4.0  0 days 00:00:00.000001
 MILKWET                     1            4                      0.0                       4.0  0 days 00:00:00.000002
 MILKDRY                     1            4                      0.0                       4.0  0 days 00:00:00.000001
 MID-DAX                     1            4                      0.0                       4.0  0 days 00:00:00.000002
 JP-REALESTATE               1            4                      0.0                       4.0  0 days 00:00:00.000002
 JGB-SGX-mini                1            4                      0.0                       4.0  0 days 00:00:00.000002
 IRS                         1            4                      0.0                       4.0  0 days 00:00:00.000002
 FTSEINDO                    1            4                      0.0                       4.0  0 days 00:00:00.000001
 EUROSTX200-LARGE            1            4                      0.0                       4.0  0 days 00:00:00.000002
 EUROSTX-SMALL               1            4                      0.0                       4.0  0 days 00:00:00.000001
 EUROSTX-LARGE               1            4                      0.0                       4.0  0 days 00:00:00.000001
 EURIBOR                     1            4                      0.0                       4.0  0 days 00:00:00.000002
 EURCHF                      1            4                      0.0                       4.0  0 days 00:00:00.000001
 EU-MID                      1            4                      0.0                       4.0  0 days 00:00:00.000001
 US3                        30            4                      0.0                       4.0  0 days 00:00:00.000002
 SEK                        30            4                      0.0                       4.0  0 days 00:00:00.000002
 SP400                      30            4                      0.0                       4.0  0 days 00:00:00.000001
 HEATOIL                    14            4                      0.0                       4.0  0 days 00:00:00.000001
 GBPEUR                     14            4                      0.0                       4.0  0 days 00:00:00.000001
 GAS-LAST                   14            4                      0.0                       4.0  0 days 00:00:00.000002
 FTSETAIWAN                 14            4                      0.0                       4.0  0 days 00:00:00.000001
 EU-TECH                    14            4                      0.0                       4.0  0 days 00:00:00.000002
 EU-CHEM                    14            4                      0.0                       4.0  0 days 00:00:00.000002
 ETHEREUM                   14            4                      0.0                       4.0  0 days 00:00:00.000002
 CNH                        14            4                      0.0                       4.0  0 days 00:00:00.000001
 BUXL                       14            4                      0.0                       4.0  6 days 08:41:16.091569
 BTP3                       14            4                      0.0                       4.0  0 days 00:00:00.000002
 BRENT-LAST                 14            4                      0.0                       4.0  8 days 08:57:13.874561
 BONO                       14            4                      0.0                       4.0  0 days 00:00:00.000001
 YENEUR                      1            4                      0.0                       4.0  0 days 00:00:00.000002
 US3                         1            4                      0.0                       4.0  0 days 00:00:00.000001
 US10U                       1            4                      0.0                       4.0  0 days 00:00:00.000002
 US-REALESTATE               1            4                      0.0                       4.0  0 days 00:00:00.000002
 TOPIX                       1            4                      0.0                       4.0  0 days 20:55:17.709530
 SP400                       1            4                      0.0                       4.0  0 days 00:00:00.000001
 SEK                         1            4                      0.0                       4.0  0 days 00:00:00.000001
 JGB                        14            4                      0.0                       4.0  0 days 00:00:00.000002
 ZAR                         1            4                      0.0                       4.0  0 days 00:00:00.000002
 NOK                        14            4                      0.0                       4.0  0 days 00:00:00.000001
 R1000                      14            4                      0.0                       4.0  0 days 00:00:00.000001
 US-HEALTH                   1            4                      0.0                       4.0  0 days 00:00:00.000002
 NOK                        30            4                      0.0                       4.0  0 days 00:00:00.000002
 JGB                        30            4                      0.0                       4.0  0 days 00:00:00.000001
 HEATOIL                    30            4                      0.0                       4.0  0 days 00:00:00.000001
 GBPEUR                     30            4                      0.0                       4.0  0 days 00:00:00.000002
 GASOILINE                  30            4                      0.0                       4.0  0 days 00:00:00.000002
 GAS-LAST                   30            4                      0.0                       4.0  0 days 00:00:00.000001
 ETHEREUM                   30            4                      0.0                       4.0  0 days 00:00:00.000002
 CHF                        30            4                      0.0                       4.0  6 days 07:57:20.033822
 US10U                      30            4                      0.0                       4.0  1 days 07:57:15.491071
