
********************************************************************************
                   Status report produced on 06/02/2026 22:58                   
********************************************************************************


Delayed methods: No delays

============================
Delayed adjusted / FX prices
============================

            last_update
SGX 2026-02-02 23:00:00


===============================================
           Delayed optimal positions           
===============================================

                                    last_update
dynamic_TF_carry/SGX 2024-12-02 22:31:28.544775


==========================================================================================================
                                        Instruments at trade limit                                        
==========================================================================================================

       period_days  trade_limit  trades_since_last_reset  trade_capacity_remaining   time_since_last_reset
 KR10           30            5                      5.0                       0.0 21 days 20:56:26.784353


================================================
         Instruments at position limit          
================================================

                 keys  position pos_limit  spare
122                IG         0       0.0    0.0
112          JGB-mini         0       0.0    0.0
109           SMI-MID         0       0.0    0.0
193              WHEY         0       0.0    0.0
106               MIB         1       1.0    0.0
100          TWD-mini         0       0.0    0.0
197               CZK         0       0.0    0.0
97                JGB         0       0.0    0.0
202       CNH-onshore         0       0.0    0.0
176            NASDAQ         0       0.0    0.0
84             EURCHF         0       0.0    0.0
82                CLP         0       0.0    0.0
78              SP400         0       0.0    0.0
74                SGX         0       0.0    0.0
71   EUROSTX200-LARGE         0       0.0    0.0
213          HOUSE-US         0       0.0    0.0
65                NOK         0       0.0    0.0
217               PLN         0       0.0    0.0
218              GICS         0       0.0    0.0
223            CHFJPY         0       0.0    0.0
58         BRENT-LAST         1       1.0    0.0
224          JPY_mini         0       0.0    0.0
113     EUROSTX-LARGE         0       0.0    0.0
225          SGD_mini         0       0.0    0.0
115           EU-CHEM         0       0.0    0.0
123   EU-CONSTRUCTION         0       0.0    0.0
175          EU-HOUSE         0       0.0    0.0
180        EU-DJ-TECH         0       0.0    0.0
169              COAL         0       0.0    0.0
182            EURAUD         0       0.0    0.0
160              VNKI         0       0.0    0.0
184               AEX         1       1.0    0.0
158             STEEL         0       0.0    0.0
155     EU-DJ-TELECOM         0       0.0    0.0
153           BOVESPA         0       0.0    0.0
150       EPRA-EUROPE         0       0.0    0.0
146             R1000         0       0.0    0.0
187         EU-RETAIL         0       0.0    0.0
142               SEK         0       0.0    0.0
139               IRS         0       0.0    0.0
189              CH10         0       0.0    0.0
132          EU-MEDIA         0       0.0    0.0
130            GBPJPY         0       0.0    0.0
129   GASOILINE_micro         0       0.0    0.0
128               TWD         0       0.0    0.0
126      COAL-GEORDIE         0       0.0    0.0
124       HEATOIL-ICE         0       0.0    0.0
121         HIGHYIELD         0       0.0    0.0
52             PALLAD         0       0.0    0.0
179               OMX         0       0.0    0.0
15             BUTTER         0       0.0    0.0
24            MILKDRY         0       0.0    0.0
7             MILKWET         0       0.0    0.0
9            AEX_mini         0       0.0    0.0
23             YENEUR         2       2.0    0.0
14          CHF_micro         0       0.0    0.0
43          SWISSLEAD         0       0.0    0.0
27             COTTON         0       0.0    0.0
233            AUDJPY         0       0.0    0.0
236            EURCAD         0       0.0    0.0
46           MSCIEAFA         2       2.0    0.0
47           ETHEREUM         0       0.0    0.0
18          EU-TRAVEL         0       0.0    0.0
8         COPPER-mini         0       0.0    0.0
36         COPPER_LME         0       0.0    0.0
3              KRWUSD         0       0.0    0.0
10            TIN_LME         0       0.0    0.0


=========================================================
         Overrides in database consider deleting         
=========================================================

                                                 override
NICKEL_LME             Override Close because in database
OATIES           Override Reduce only because in database
RICE             Override Reduce only because in database
VIX_mini         Override Reduce only because in database
LUMBER-new       Override Reduce only because in database
STEEL            Override Reduce only because in database
COPPER-mini      Override Reduce only because in database
KRWUSD           Override Reduce only because in database
COAL             Override Reduce only because in database
IBEX_mini        Override Reduce only because in database
IBEX             Override Reduce only because in database
GICS             Override Reduce only because in database
CHINAA-CON       Override Reduce only because in database
COAL-GEORDIE     Override Reduce only because in database
SILVER           Override Reduce only because in database
WHEY             Override Reduce only because in database
BOVESPA          Override Reduce only because in database
WHEAT_mini       Override Reduce only because in database
CORN_mini        Override Reduce only because in database
CRUDE_W_mini     Override Reduce only because in database
WHEAT_ICE        Override Reduce only because in database
VNKI             Override Reduce only because in database
GASOILINE_micro  Override Reduce only because in database

Locked instruments (position mismatch): []

==============================================
Status of adjusted price / FX price collection
==============================================

                         last_update
SGX              2026-02-02 23:00:00
CLP              2026-02-05 23:00:00
KRWUSD           2026-02-05 23:00:00
EPRA-EUROPE      2026-02-05 23:00:00
SGD              2026-02-05 23:00:00
SGD_mini         2026-02-05 23:00:00
CNH-onshore      2026-02-05 23:00:00
HOUSE-US         2026-02-05 23:00:00
MSCIEMASIA       2026-02-05 23:00:00
GICS             2026-02-05 23:00:00
GAS-PEN          2026-02-05 23:00:00
EUROSTX-LARGE    2026-02-05 23:00:00
GASOILINE_micro  2026-02-05 23:00:00
SWISSLEAD        2026-02-05 23:00:00
PLN              2026-02-05 23:00:00
BOVESPA          2026-02-05 23:00:00
OMX              2026-02-05 23:00:00
COTTON           2026-02-05 23:00:00
TWD-mini         2026-02-05 23:00:00
IRS              2026-02-05 23:00:00
TIN_LME          2026-02-05 23:00:00
VNKI             2026-02-06 02:00:00
FTSEVIET         2026-02-06 03:00:00
CNH              2026-02-06 03:00:00
JGB-mini         2026-02-06 03:30:00
SPI200           2026-02-06 04:00:00
FTSEINDO         2026-02-06 04:00:00
TWD              2026-02-06 04:00:00
KRWUSD_mini*     2026-02-06 04:00:00
IRON             2026-02-06 04:00:00
JP-REALESTATE    2026-02-06 04:00:00
HANGTECH*        2026-02-06 05:00:00
MSCITAIWAN       2026-02-06 05:00:00
MSCISING         2026-02-06 05:00:00
KOSPI_mini       2026-02-06 05:00:00
KR10*            2026-02-06 05:00:00
KOSPI            2026-02-06 05:00:00
KOSDAQ           2026-02-06 05:00:00
JGB-SGX-mini     2026-02-06 05:00:00
JGB              2026-02-06 05:00:00
KR3              2026-02-06 05:00:00
MUMMY*           2026-02-06 05:00:00
HANGENT_mini     2026-02-06 05:00:00
NIKKEI           2026-02-06 05:00:00
FTSETAIWAN       2026-02-06 05:00:00
NIKKEI400        2026-02-06 05:00:00
FTSECHINAH       2026-02-06 05:00:00
FTSECHINAA*      2026-02-06 05:00:00
TOPIX*           2026-02-06 05:00:00
HANGENT          2026-02-06 05:00:00
HANG             2026-02-06 05:00:00
HANG_mini        2026-02-06 05:00:00
CHINAA-CON       2026-02-06 05:00:00
RUBBER           2026-02-06 05:00:00
CH10             2026-02-06 07:30:00
SMI-MID          2026-02-06 08:00:00
EUROSTX200-LARGE 2026-02-06 13:00:00
EU-MEDIA         2026-02-06 14:00:00
EURIBOR          2026-02-06 14:00:00
LEAD_LME         2026-02-06 14:00:00
CZK              2026-02-06 14:30:00
HEATOIL-ICE      2026-02-06 15:00:00
EURIBOR-ICE      2026-02-06 15:00:00
FTSE250          2026-02-06 15:00:00
EU-RETAIL        2026-02-06 15:00:00
EU-TECH          2026-02-06 15:00:00
FTSE100          2026-02-06 15:00:00
EU-TRAVEL        2026-02-06 15:00:00
GBPCHF           2026-02-06 15:00:00
GILT             2026-02-06 15:00:00
IBEX             2026-02-06 15:00:00
EUA              2026-02-06 15:00:00
IBEX_mini        2026-02-06 15:00:00
EU-MID           2026-02-06 15:00:00
EUROSTX-SMALL    2026-02-06 15:00:00
MIB*             2026-02-06 15:00:00
EU-HOUSE         2026-02-06 15:00:00
AEX_mini         2026-02-06 15:00:00
ZINC_LME         2026-02-06 15:00:00
ALUMINIUM_LME    2026-02-06 15:00:00
WHEAT_ICE        2026-02-06 15:00:00
BONO             2026-02-06 15:00:00
BRENT_W          2026-02-06 15:00:00
SUGAR_WHITE      2026-02-06 15:00:00
SONIA3           2026-02-06 15:00:00
SARONA           2026-02-06 15:00:00
EU-INSURE        2026-02-06 15:00:00
COAL             2026-02-06 15:00:00
COAL-GEORDIE     2026-02-06 15:00:00
ROBUSTA          2026-02-06 15:00:00
COCOA_LDN        2026-02-06 15:00:00
EU-DJ-UTIL       2026-02-06 15:00:00
EU-DJ-TELECOM    2026-02-06 15:00:00
EU-DJ-TECH       2026-02-06 15:00:00
EU-DJ-OIL        2026-02-06 15:00:00
EU-CHEM          2026-02-06 15:00:00
MILLWHEAT        2026-02-06 15:00:00
MSCIWORLD        2026-02-06 15:00:00
COPPER_LME       2026-02-06 15:00:00
NICKEL_LME       2026-02-06 15:00:00
CRUDE_ICE        2026-02-06 15:00:00
GASOIL           2026-02-06 15:00:00
SUGAR16          2026-02-06 16:00:00
MSCIASIA         2026-02-06 16:00:00
OAT              2026-02-06 16:00:00
SMI              2026-02-06 16:00:00
V2X              2026-02-06 16:00:00
SHATZ            2026-02-06 16:00:00
WHEY             2026-02-06 16:00:00
GASOILINE_ICE    2026-02-06 16:00:00
AEX*             2026-02-06 16:00:00
EU-REALESTATE    2026-02-06 16:00:00
EU-BASIC*        2026-02-06 16:00:00
EU-CONSTRUCTION  2026-02-06 16:00:00
EU-DIV30         2026-02-06 16:00:00
EU-FOOD          2026-02-06 16:00:00
EU-HEALTH        2026-02-06 16:00:00
EU-OIL           2026-02-06 16:00:00
CAC              2026-02-06 16:00:00
EU-UTILS         2026-02-06 16:00:00
BUXL             2026-02-06 16:00:00
EURAUD           2026-02-06 16:00:00
EU-BANKS         2026-02-06 16:00:00
EURO600          2026-02-06 16:00:00
EUROSTX          2026-02-06 16:00:00
EU-AUTO          2026-02-06 16:00:00
BUND*            2026-02-06 16:00:00
BTP3             2026-02-06 16:00:00
DAX*             2026-02-06 16:00:00
BOBL             2026-02-06 16:00:00
BTP              2026-02-06 16:00:00
SUGAR11          2026-02-06 17:00:00
DX               2026-02-06 17:00:00
INR              2026-02-06 17:00:00
R1000            2026-02-06 18:00:00
MILKDRY          2026-02-06 18:00:00
OJ               2026-02-06 18:00:00
MILKWET          2026-02-06 18:00:00
COCOA            2026-02-06 18:00:00
COFFEE           2026-02-06 18:00:00
AUDJPY           2026-02-06 18:00:00
COPPER-mini      2026-02-06 18:00:00
ALUMINIUM        2026-02-06 18:00:00
OATIES           2026-02-06 19:00:00
PALLAD           2026-02-06 19:00:00
RICE*            2026-02-06 19:00:00
CHEESE           2026-02-06 19:00:00
REDWHEAT*        2026-02-06 19:00:00
CHF_micro        2026-02-06 19:00:00
GAS-LAST         2026-02-06 19:00:00
CAD2             2026-02-06 19:00:00
CORN             2026-02-06 19:00:00
SOYBEAN          2026-02-06 19:00:00
SOYBEAN_mini     2026-02-06 19:00:00
SOYMEAL          2026-02-06 19:00:00
SOYOIL           2026-02-06 19:00:00
BUTTER           2026-02-06 19:00:00
STEEL            2026-02-06 19:00:00
BRENT-LAST*      2026-02-06 19:00:00
US-DISCRETE      2026-02-06 19:00:00
US-ENERGY        2026-02-06 19:00:00
BBCOMM           2026-02-06 19:00:00
WHEAT*           2026-02-06 19:00:00
WHEAT_mini       2026-02-06 19:00:00
CANOLA           2026-02-06 19:00:00
CORN_mini        2026-02-06 19:00:00
CHFJPY           2026-02-06 19:00:00
MILK             2026-02-06 19:00:00
FEEDCOW          2026-02-06 19:00:00
COTTON2          2026-02-06 19:00:00
EURCAD           2026-02-06 19:00:00
HIGHYIELD        2026-02-06 19:00:00
IG               2026-02-06 19:00:00
GBPJPY           2026-02-06 19:00:00
LEANHOG*         2026-02-06 19:00:00
LIVECOW*         2026-02-06 19:00:00
US-MATERIAL      2026-02-06 20:00:00
US-INDUSTRY      2026-02-06 20:00:00
US-HEALTH        2026-02-06 20:00:00
GBPEUR           2026-02-06 20:00:00
CRUDE_W          2026-02-06 20:00:00
US-REALESTATE    2026-02-06 20:00:00
GBP_micro        2026-02-06 20:00:00
BRE*             2026-02-06 20:00:00
FANG             2026-02-06 20:00:00
EUR_mini         2026-02-06 20:00:00
GOLD             2026-02-06 20:00:00
GOLD-mini        2026-02-06 20:00:00
BITCOIN*         2026-02-06 20:00:00
US-STAPLES       2026-02-06 20:00:00
US10U            2026-02-06 20:00:00
US10             2026-02-06 20:00:00
ZAR              2026-02-06 20:00:00
YENEUR*          2026-02-06 20:00:00
AUD              2026-02-06 20:00:00
GAS_US           2026-02-06 20:00:00
GAS_US_mini      2026-02-06 20:00:00
GBP*             2026-02-06 20:00:00
AUD_micro        2026-02-06 20:00:00
VIX_mini         2026-02-06 20:00:00
VIX              2026-02-06 20:00:00
FED              2026-02-06 20:00:00
US5              2026-02-06 20:00:00
US30             2026-02-06 20:00:00
US3              2026-02-06 20:00:00
US20             2026-02-06 20:00:00
US2              2026-02-06 20:00:00
US-UTILS         2026-02-06 20:00:00
EUR_micro        2026-02-06 20:00:00
GOLD_micro       2026-02-06 20:00:00
SP500_micro*     2026-02-06 20:00:00
DOW_mini         2026-02-06 20:00:00
DOW              2026-02-06 20:00:00
GASOILINE        2026-02-06 20:00:00
LUMBER-new       2026-02-06 20:00:00
CRUDE_W_mini     2026-02-06 20:00:00
NZD*             2026-02-06 20:00:00
ETHER-micro      2026-02-06 20:00:00
NOK              2026-02-06 20:00:00
COPPER           2026-02-06 20:00:00
COPPER-micro     2026-02-06 20:00:00
NASDAQ_micro     2026-02-06 20:00:00
NASDAQ           2026-02-06 20:00:00
MXP*             2026-02-06 20:00:00
MSCIEAFA*        2026-02-06 20:00:00
CRUDE_W_micro    2026-02-06 20:00:00
CHF              2026-02-06 20:00:00
PLAT             2026-02-06 20:00:00
RUSSELL*         2026-02-06 20:00:00
SP500            2026-02-06 20:00:00
SP400            2026-02-06 20:00:00
ETHEREUM         2026-02-06 20:00:00
HEATOIL          2026-02-06 20:00:00
EUR              2026-02-06 20:00:00
SOFR             2026-02-06 20:00:00
CAD*             2026-02-06 20:00:00
SILVER           2026-02-06 20:00:00
EURCHF           2026-02-06 20:00:00
JPY*             2026-02-06 20:00:00
CAD5             2026-02-06 20:00:00
CAD_micro        2026-02-06 20:00:00
SEK              2026-02-06 20:00:00
JPY_mini         2026-02-06 20:00:00
RUSSELL_mini     2026-02-06 20:00:00
CAD10            2026-02-06 20:00:00
CHFUSD           2026-02-06 23:00:00
JPYUSD           2026-02-06 23:00:00
EURUSD           2026-02-06 23:00:00
CADUSD           2026-02-06 23:00:00
KRWUSD           2026-02-06 23:00:00
GBPUSD           2026-02-06 23:00:00
SEKUSD           2026-02-06 23:00:00
SGDUSD           2026-02-06 23:00:00
MXPUSD           2026-02-06 23:00:00
HKDUSD           2026-02-06 23:00:00
CNHUSD           2026-02-06 23:00:00
AUDUSD           2026-02-06 23:00:00


============================================================
           Status of optimal position generation            
============================================================

                                                 last_update
dynamic_TF_carry/SGX              2024-12-02 22:31:28.544775
dynamic_TF_carry/EU-CONSTRUCTION  2026-02-06 22:31:38.059208
dynamic_TF_carry/EUROSTX-SMALL    2026-02-06 22:31:38.059464
dynamic_TF_carry/EU-UTILS         2026-02-06 22:31:38.059699
dynamic_TF_carry/EURCHF           2026-02-06 22:31:38.059930
dynamic_TF_carry/FANG             2026-02-06 22:31:38.060160
dynamic_TF_carry/US-MATERIAL      2026-02-06 22:31:38.060388
dynamic_TF_carry/WHEY             2026-02-06 22:31:38.060616
dynamic_TF_carry/EURAUD           2026-02-06 22:31:38.060842
dynamic_TF_carry/MSCIASIA         2026-02-06 22:31:38.061066
dynamic_TF_carry/SMI-MID          2026-02-06 22:31:38.061292
dynamic_TF_carry/GBPEUR           2026-02-06 22:31:38.061518
dynamic_TF_carry/HANGENT_mini     2026-02-06 22:31:38.061749
dynamic_TF_carry/FTSE250          2026-02-06 22:31:38.061974
dynamic_TF_carry/FEEDCOW          2026-02-06 22:31:38.062200
dynamic_TF_carry/MILKWET          2026-02-06 22:31:38.062425
dynamic_TF_carry/CAD              2026-02-06 22:31:38.062649
dynamic_TF_carry/MILLWHEAT        2026-02-06 22:31:38.062874
dynamic_TF_carry/CHEESE           2026-02-06 22:31:38.063100
dynamic_TF_carry/VIX              2026-02-06 22:31:38.063325
dynamic_TF_carry/EUR_micro        2026-02-06 22:31:38.063550
dynamic_TF_carry/AUD              2026-02-06 22:31:38.063775
dynamic_TF_carry/BITCOIN          2026-02-06 22:31:38.064000
dynamic_TF_carry/CAC              2026-02-06 22:31:38.064226
dynamic_TF_carry/CH10             2026-02-06 22:31:38.064452
dynamic_TF_carry/FED              2026-02-06 22:31:38.064678
dynamic_TF_carry/GOLD_micro       2026-02-06 22:31:38.064902
dynamic_TF_carry/RUSSELL          2026-02-06 22:31:38.065129
dynamic_TF_carry/FTSECHINAH       2026-02-06 22:31:38.065355
dynamic_TF_carry/SOYOIL           2026-02-06 22:31:38.065584
dynamic_TF_carry/EU-RETAIL        2026-02-06 22:31:38.065811
dynamic_TF_carry/SP500_micro      2026-02-06 22:31:38.066037
dynamic_TF_carry/COPPER_LME       2026-02-06 22:31:38.066263
dynamic_TF_carry/FTSECHINAA       2026-02-06 22:31:38.066489
dynamic_TF_carry/PLN              2026-02-06 22:31:38.066714
dynamic_TF_carry/CRUDE_W_micro    2026-02-06 22:31:38.066938
dynamic_TF_carry/GICS             2026-02-06 22:31:38.067389
dynamic_TF_carry/NZD              2026-02-06 22:31:38.067615
dynamic_TF_carry/LUMBER-new       2026-02-06 22:31:38.067840
dynamic_TF_carry/ROBUSTA          2026-02-06 22:31:38.068291
dynamic_TF_carry/MSCIWORLD        2026-02-06 22:31:38.068516
dynamic_TF_carry/MILKDRY          2026-02-06 22:31:38.068739
dynamic_TF_carry/GASOIL           2026-02-06 22:31:38.068963
dynamic_TF_carry/VNKI             2026-02-06 22:31:38.069188
dynamic_TF_carry/AUD_micro        2026-02-06 22:31:38.069413
dynamic_TF_carry/SUGAR_WHITE      2026-02-06 22:31:38.069643
dynamic_TF_carry/EUR              2026-02-06 22:31:38.069869
dynamic_TF_carry/GBP              2026-02-06 22:31:38.070095
dynamic_TF_carry/GILT             2026-02-06 22:31:38.070322
dynamic_TF_carry/NIKKEI           2026-02-06 22:31:38.070548
dynamic_TF_carry/KRWUSD           2026-02-06 22:31:38.070775
dynamic_TF_carry/YENEUR           2026-02-06 22:31:38.071001
dynamic_TF_carry/HANG_mini        2026-02-06 22:31:38.071226
dynamic_TF_carry/COTTON2          2026-02-06 22:31:38.071452
dynamic_TF_carry/EU-OIL           2026-02-06 22:31:38.071677
dynamic_TF_carry/EU-DJ-UTIL       2026-02-06 22:31:38.071903
dynamic_TF_carry/BUXL             2026-02-06 22:31:38.072127
dynamic_TF_carry/MSCIEMASIA       2026-02-06 22:31:38.072352
dynamic_TF_carry/LIVECOW          2026-02-06 22:31:38.072580
dynamic_TF_carry/GBPJPY           2026-02-06 22:31:38.072806
dynamic_TF_carry/SUGAR11          2026-02-06 22:31:38.073257
dynamic_TF_carry/DAX              2026-02-06 22:31:38.073483
dynamic_TF_carry/OATIES           2026-02-06 22:31:38.073726
dynamic_TF_carry/SGD              2026-02-06 22:31:38.073955
dynamic_TF_carry/TIN_LME          2026-02-06 22:31:38.074180
dynamic_TF_carry/R1000            2026-02-06 22:31:38.074407
dynamic_TF_carry/COAL-GEORDIE     2026-02-06 22:31:38.074634
dynamic_TF_carry/EUA              2026-02-06 22:31:38.074860
dynamic_TF_carry/OAT              2026-02-06 22:31:38.075087
dynamic_TF_carry/CNH              2026-02-06 22:31:38.075313
dynamic_TF_carry/US3              2026-02-06 22:31:38.075538
dynamic_TF_carry/COTTON           2026-02-06 22:31:38.075988
dynamic_TF_carry/EU-DIV30         2026-02-06 22:31:38.076214
dynamic_TF_carry/ZAR              2026-02-06 22:31:38.076440
dynamic_TF_carry/RICE             2026-02-06 22:31:38.076891
dynamic_TF_carry/EU-MEDIA         2026-02-06 22:31:38.077116
dynamic_TF_carry/US-UTILS         2026-02-06 22:31:38.077341
dynamic_TF_carry/EUROSTX          2026-02-06 22:31:38.077569
dynamic_TF_carry/US10U            2026-02-06 22:31:38.077794
dynamic_TF_carry/CANOLA           2026-02-06 22:31:38.078022
dynamic_TF_carry/TOPIX            2026-02-06 22:31:38.078249
dynamic_TF_carry/CHFJPY           2026-02-06 22:31:38.078475
dynamic_TF_carry/COPPER           2026-02-06 22:31:38.078701
dynamic_TF_carry/SWISSLEAD        2026-02-06 22:31:38.078928
dynamic_TF_carry/KR3              2026-02-06 22:31:38.079154
dynamic_TF_carry/AUDJPY           2026-02-06 22:31:38.079381
dynamic_TF_carry/WHEAT_ICE        2026-02-06 22:31:38.079605
dynamic_TF_carry/NICKEL_LME       2026-02-06 22:31:38.079831
dynamic_TF_carry/MIB              2026-02-06 22:31:38.080057
dynamic_TF_carry/GAS-LAST         2026-02-06 22:31:38.080283
dynamic_TF_carry/US20             2026-02-06 22:31:38.080511
dynamic_TF_carry/US10             2026-02-06 22:31:38.080739
dynamic_TF_carry/KRWUSD_mini      2026-02-06 22:31:38.080966
dynamic_TF_carry/BRENT-LAST       2026-02-06 22:31:38.081194
dynamic_TF_carry/BONO             2026-02-06 22:31:38.081419
dynamic_TF_carry/WHEAT            2026-02-06 22:31:38.081648
dynamic_TF_carry/US-REALESTATE    2026-02-06 22:31:38.081876
dynamic_TF_carry/LEANHOG          2026-02-06 22:31:38.082102
dynamic_TF_carry/EURCAD           2026-02-06 22:31:38.082331
dynamic_TF_carry/BOBL             2026-02-06 22:31:38.082558
dynamic_TF_carry/SOYBEAN          2026-02-06 22:31:38.082783
dynamic_TF_carry/SEK              2026-02-06 22:31:38.083008
dynamic_TF_carry/EU-BANKS         2026-02-06 22:31:38.083234
dynamic_TF_carry/GAS-PEN          2026-02-06 22:31:38.083459
dynamic_TF_carry/SHATZ            2026-02-06 22:31:38.084141
dynamic_TF_carry/DOW              2026-02-06 22:31:38.084367
dynamic_TF_carry/EURIBOR          2026-02-06 22:31:38.084592
dynamic_TF_carry/JP-REALESTATE    2026-02-06 22:31:38.084816
dynamic_TF_carry/BRE              2026-02-06 22:31:38.085042
dynamic_TF_carry/FTSETAIWAN       2026-02-06 22:31:38.085266
dynamic_TF_carry/BTP              2026-02-06 22:31:38.085491
dynamic_TF_carry/HEATOIL          2026-02-06 22:31:38.085720
dynamic_TF_carry/RUBBER           2026-02-06 22:31:38.085950
dynamic_TF_carry/BUTTER           2026-02-06 22:31:38.086176
dynamic_TF_carry/CHINAA-CON       2026-02-06 22:31:38.086402
dynamic_TF_carry/US30             2026-02-06 22:31:38.086627
dynamic_TF_carry/NASDAQ_micro     2026-02-06 22:31:38.086852
dynamic_TF_carry/CHF              2026-02-06 22:31:38.087078
dynamic_TF_carry/JPY              2026-02-06 22:31:38.087305
dynamic_TF_carry/EU-FOOD          2026-02-06 22:31:38.087530
dynamic_TF_carry/US-HEALTH        2026-02-06 22:31:38.087756
dynamic_TF_carry/GASOILINE        2026-02-06 22:31:38.087984
dynamic_TF_carry/SOYMEAL          2026-02-06 22:31:38.088210
dynamic_TF_carry/CLP              2026-02-06 22:31:38.088436
dynamic_TF_carry/NIKKEI400        2026-02-06 22:31:38.088665
dynamic_TF_carry/STEEL            2026-02-06 22:31:38.088891
dynamic_TF_carry/JGB-SGX-mini     2026-02-06 22:31:38.089116
dynamic_TF_carry/SOYBEAN_mini     2026-02-06 22:31:38.089342
dynamic_TF_carry/CRUDE_ICE        2026-02-06 22:31:38.089572
dynamic_TF_carry/OMX              2026-02-06 22:31:38.090252
dynamic_TF_carry/MUMMY            2026-02-06 22:31:38.090479
dynamic_TF_carry/PALLAD           2026-02-06 22:31:38.090704
dynamic_TF_carry/SARONA           2026-02-06 22:31:38.090931
dynamic_TF_carry/SPI200           2026-02-06 22:31:38.091159
dynamic_TF_carry/REDWHEAT         2026-02-06 22:31:38.091387
dynamic_TF_carry/GBPCHF           2026-02-06 22:31:38.091614
dynamic_TF_carry/EU-CHEM          2026-02-06 22:31:38.091839
dynamic_TF_carry/KOSPI            2026-02-06 22:31:38.092065
dynamic_TF_carry/IRS              2026-02-06 22:31:38.092290
dynamic_TF_carry/BRENT_W          2026-02-06 22:31:38.092515
dynamic_TF_carry/KR10             2026-02-06 22:31:38.092740
dynamic_TF_carry/EU-TECH          2026-02-06 22:31:38.092966
dynamic_TF_carry/EPRA-EUROPE      2026-02-06 22:31:38.093194
dynamic_TF_carry/US-STAPLES       2026-02-06 22:31:38.093419
dynamic_TF_carry/EU-REALESTATE    2026-02-06 22:31:38.093648
dynamic_TF_carry/HANGTECH         2026-02-06 22:31:38.093874
dynamic_TF_carry/LEAD_LME         2026-02-06 22:31:38.094100
dynamic_TF_carry/ALUMINIUM        2026-02-06 22:31:38.094326
dynamic_TF_carry/MILK             2026-02-06 22:31:38.094553
dynamic_TF_carry/EURIBOR-ICE      2026-02-06 22:31:38.094778
dynamic_TF_carry/KOSPI_mini       2026-02-06 22:31:38.095002
dynamic_TF_carry/MSCITAIWAN       2026-02-06 22:31:38.095229
dynamic_TF_carry/COFFEE           2026-02-06 22:31:38.095454
dynamic_TF_carry/SUGAR16          2026-02-06 22:31:38.095700
dynamic_TF_carry/COPPER-micro     2026-02-06 22:31:38.096155
dynamic_TF_carry/US-ENERGY        2026-02-06 22:31:38.096382
dynamic_TF_carry/V2X              2026-02-06 22:31:38.096609
dynamic_TF_carry/ETHEREUM         2026-02-06 22:31:38.096835
dynamic_TF_carry/TWD              2026-02-06 22:31:38.097062
dynamic_TF_carry/IBEX_mini        2026-02-06 22:31:38.097516
dynamic_TF_carry/US2              2026-02-06 22:31:38.097747
dynamic_TF_carry/EU-HOUSE         2026-02-06 22:31:38.097973
dynamic_TF_carry/MSCISING         2026-02-06 22:31:38.098428
dynamic_TF_carry/EU-DJ-TELECOM    2026-02-06 22:31:38.098657
dynamic_TF_carry/FTSE100          2026-02-06 22:31:38.098884
dynamic_TF_carry/PLAT             2026-02-06 22:31:38.099110
dynamic_TF_carry/DX               2026-02-06 22:31:38.099336
dynamic_TF_carry/SMI              2026-02-06 22:31:38.099561
dynamic_TF_carry/NOK              2026-02-06 22:31:38.099790
dynamic_TF_carry/SP400            2026-02-06 22:31:38.100016
dynamic_TF_carry/BTP3             2026-02-06 22:31:38.100242
dynamic_TF_carry/KOSDAQ           2026-02-06 22:31:38.100468
dynamic_TF_carry/COAL             2026-02-06 22:31:38.100693
dynamic_TF_carry/HOUSE-US         2026-02-06 22:31:38.100920
dynamic_TF_carry/GAS_US_mini      2026-02-06 22:31:38.101145
dynamic_TF_carry/SOFR             2026-02-06 22:31:38.101370
dynamic_TF_carry/CORN             2026-02-06 22:31:38.101600
dynamic_TF_carry/COCOA_LDN        2026-02-06 22:31:38.101827
dynamic_TF_carry/EUROSTX-LARGE    2026-02-06 22:31:38.102053
dynamic_TF_carry/BUND             2026-02-06 22:31:38.102278
dynamic_TF_carry/BOVESPA          2026-02-06 22:31:38.102504
dynamic_TF_carry/MSCIEAFA         2026-02-06 22:31:38.102730
dynamic_TF_carry/EU-TRAVEL        2026-02-06 22:31:38.103185
dynamic_TF_carry/EUROSTX200-LARGE 2026-02-06 22:31:38.103410
dynamic_TF_carry/CAD10            2026-02-06 22:31:38.103637
dynamic_TF_carry/INR              2026-02-06 22:31:38.103863
dynamic_TF_carry/EU-HEALTH        2026-02-06 22:31:38.104088
dynamic_TF_carry/US-INDUSTRY      2026-02-06 22:31:38.104316
dynamic_TF_carry/US5              2026-02-06 22:31:38.104541
dynamic_TF_carry/US-DISCRETE      2026-02-06 22:31:38.104767
dynamic_TF_carry/EURO600          2026-02-06 22:31:38.104995
dynamic_TF_carry/COCOA            2026-02-06 22:31:38.105449
dynamic_TF_carry/EU-MID           2026-02-06 22:31:38.105679
dynamic_TF_carry/SONIA3           2026-02-06 22:31:38.105904
dynamic_TF_carry/OJ               2026-02-06 22:31:38.106131
dynamic_TF_carry/EU-AUTO          2026-02-06 22:31:38.106358
dynamic_TF_carry/MXP              2026-02-06 22:31:38.106585
dynamic_TF_carry/EU-BASIC         2026-02-06 22:31:38.106812
dynamic_TF_carry/EU-INSURE        2026-02-06 22:31:38.107037
dynamic_TF_carry/FTSEVIET         2026-02-06 22:31:38.107264
dynamic_TF_carry/ZINC_LME         2026-02-06 22:31:38.107490
dynamic_TF_carry/AEX              2026-02-06 22:31:38.107716
dynamic_TF_carry/CAD2             2026-02-06 22:31:38.107943
dynamic_TF_carry/CAD5             2026-02-06 22:31:38.108169
dynamic_TF_carry/IG               2026-02-06 22:31:38.108395
dynamic_TF_carry/SILVER           2026-02-06 22:31:38.108620
dynamic_TF_carry/CZK              2026-02-06 22:31:38.108847
dynamic_TF_carry/JGB              2026-02-06 22:31:38.109074
dynamic_TF_carry/HIGHYIELD        2026-02-06 22:31:38.109300
dynamic_TF_carry/CRUDE_W_mini     2026-02-06 22:31:38.109527
dynamic_TF_carry/BBCOMM           2026-02-06 22:31:38.109756
dynamic_TF_carry/FTSEINDO         2026-02-06 22:31:38.109983
dynamic_TF_carry/IRON             2026-02-06 22:31:38.110211


======================================================================================================================
                                                Status of trade limits                                                
======================================================================================================================

                   period_days  trade_limit  trades_since_last_reset  trade_capacity_remaining   time_since_last_reset
 KR10                       30            5                      5.0                       0.0 21 days 20:57:30.478815
 KR10                       14            4                      2.0                       2.0  4 days 20:54:19.863666
 YENEUR                     14            4                      1.0                       3.0  4 days 07:59:45.731287
 YENEUR                     30            4                      1.0                       3.0  4 days 07:59:45.729587
 GAS_US_mini                14            4                      1.0                       3.0 11 days 08:59:56.958641
 CAD                        14            4                      1.0                       3.0 11 days 07:59:49.151593
 JPY                        30            5                      2.0                       3.0 17 days 07:59:26.257209
 LEANHOG                    14            4                      1.0                       3.0  4 days 07:29:56.807653
 CHF                        30            4                      1.0                       3.0  3 days 07:59:36.925330
 CHF                        14            4                      1.0                       3.0  3 days 07:59:36.926538
 SMI                        30            4                      1.0                       3.0 29 days 14:59:50.311253
 EU-DJ-UTIL                  1            4                      0.0                       4.0  0 days 00:00:00.000002
 EU-DJ-TELECOM               1            4                      0.0                       4.0  0 days 00:00:00.000001
 EU-DJ-TECH                  1            4                      0.0                       4.0  0 days 00:00:00.000002
 EU-DJ-OIL                   1            4                      0.0                       4.0  0 days 00:00:00.000001
 EU-CONSTRUCTION             1            4                      0.0                       4.0  0 days 00:00:00.000001
 COPPER-mini                 1            4                      0.0                       4.0  0 days 00:00:00.000001
 COTTON                      1            4                      0.0                       4.0  0 days 00:00:00.000002
 EU-HOUSE                    1            4                      0.0                       4.0  0 days 00:00:00.000001
 CNH-onshore                 1            4                      0.0                       4.0  0 days 00:00:00.000002
 CLP                         1            4                      0.0                       4.0  0 days 00:00:00.000002
 CH10                        1            4                      0.0                       4.0  0 days 00:00:00.000001
 BUTTER                      1            4                      0.0                       4.0  0 days 00:00:00.000002
 BOVESPA                     1            4                      0.0                       4.0  0 days 00:00:00.000001
 BEL20                       1            4                      0.0                       4.0  0 days 00:00:00.000002
 ALUMINIUM                   1            4                      0.0                       4.0  0 days 00:00:00.000001
 CZK                         1            4                      0.0                       4.0  0 days 00:00:00.000001
 EU-MEDIA                    1            4                      0.0                       4.0  0 days 00:00:00.000002
 CORN                        1            4                      0.0                       4.0  0 days 00:00:00.000003
 EU-REALESTATE               1            4                      0.0                       4.0  0 days 00:00:00.000001
 US-ENERGY                   1            4                      0.0                       4.0  0 days 00:00:00.000001
 US-DISCRETE                 1            4                      0.0                       4.0  0 days 00:00:00.000002
 SMI-MID                     1            4                      0.0                       4.0  0 days 00:00:00.000001
 SGX                         1            4                      0.0                       4.0  0 days 00:00:00.000002
 SGD                         1            4                      0.0                       4.0  0 days 00:00:00.000001
 OMX                         1            4                      0.0                       4.0  0 days 00:00:00.000001
 MSCIASIA                    1            4                      0.0                       4.0  0 days 00:00:00.000001
 MILKWET                     1            4                      0.0                       4.0  0 days 00:00:00.000002
 EU-MID                      1            4                      0.0                       4.0  0 days 00:00:00.000001
 MILKDRY                     1            4                      0.0                       4.0  0 days 00:00:00.000001
 JP-REALESTATE               1            4                      0.0                       4.0  0 days 00:00:00.000001
 JGB-SGX-mini                1            4                      0.0                       4.0  0 days 00:00:00.000001
 IRS                         1            4                      0.0                       4.0  0 days 00:00:00.000001
 FTSEINDO                    1            4                      0.0                       4.0  0 days 00:00:00.000002
 EUROSTX200-LARGE            1            4                      0.0                       4.0  0 days 00:00:00.000001
 EUROSTX-SMALL               1            4                      0.0                       4.0  0 days 00:00:00.000002
 EURIBOR                     1            4                      0.0                       4.0  0 days 00:00:00.000001
 EURCHF                      1            4                      0.0                       4.0  0 days 00:00:00.000002
 MID-DAX                     1            4                      0.0                       4.0  0 days 00:00:00.000002
 EUROSTX-LARGE               1            4                      0.0                       4.0  0 days 00:00:00.000001
 US3                        30            4                      0.0                       4.0  0 days 00:00:00.000002
 US-HEALTH                   1            4                      0.0                       4.0  0 days 00:00:00.000002
 JGB                        14            4                      0.0                       4.0  0 days 00:00:00.000001
 HEATOIL                    14            4                      0.0                       4.0  0 days 00:00:00.000001
 GBPEUR                     14            4                      0.0                       4.0  0 days 00:00:00.000001
 GAS-LAST                   14            4                      0.0                       4.0  0 days 00:00:00.000002
 FTSETAIWAN                 14            4                      0.0                       4.0  0 days 00:00:00.000001
 FTSECHINAA                 14           12                      8.0                       4.0 11 days 20:57:51.804160
 EU-TECH                    14            4                      0.0                       4.0  0 days 00:00:00.000001
 EU-CHEM                    14            4                      0.0                       4.0  0 days 00:00:00.000001
 ETHEREUM                   14            4                      0.0                       4.0  0 days 00:00:00.000001
 CNH                        14            4                      0.0                       4.0  0 days 00:00:00.000001
 BUXL                       14            4                      0.0                       4.0  0 days 00:00:00.000001
 BTP3                       14            4                      0.0                       4.0  0 days 00:00:00.000002
 BRENT-LAST                 14            4                      0.0                       4.0  1 days 08:59:54.551072
 BONO                       14            4                      0.0                       4.0  0 days 00:00:00.000001
 YENEUR                      1            4                      0.0                       4.0  0 days 00:00:00.000002
 US3                         1            4                      0.0                       4.0  0 days 00:00:00.000001
 US10U                       1            4                      0.0                       4.0  0 days 00:00:00.000002
 US-REALESTATE               1            4                      0.0                       4.0  0 days 00:00:00.000002
 TOPIX                       1            4                      0.0                       4.0  0 days 00:00:00.000001
 ZAR                         1            4                      0.0                       4.0  0 days 00:00:00.000002
 US30                       30            4                      0.0                       4.0  0 days 00:00:00.000002
 NOK                        14            4                      0.0                       4.0  0 days 00:00:00.000002
 REDWHEAT                   14            4                      0.0                       4.0  4 days 07:29:52.964244
 US10U                      30            4                      0.0                       4.0  0 days 00:00:00.000001
 SP400                      30            4                      0.0                       4.0  0 days 00:00:00.000001
 SEK                        30            4                      0.0                       4.0  0 days 00:00:00.000001
 NOK                        30            4                      0.0                       4.0  0 days 00:00:00.000002
 JGB                        30            4                      0.0                       4.0  0 days 00:00:00.000002
 HEATOIL                    30            4                      0.0                       4.0  0 days 00:00:00.000001
 GBPEUR                     30            4                      0.0                       4.0  0 days 00:00:00.000001
 GASOILINE                  30            4                      0.0                       4.0  0 days 00:00:00.000001
 GAS-LAST                   30            4                      0.0                       4.0  0 days 00:00:00.000002
 ETHEREUM                   30            4                      0.0                       4.0  0 days 00:00:00.000002
 BUXL                       30            4                      0.0                       4.0 21 days 14:59:49.634317
