
********************************************************************************
                   Status report produced on 09/12/2025 22:56                   
********************************************************************************



=======================================================================================================
                                            Delayed methods                                            
=======================================================================================================

                         process_name              last_start                last_end currently_running
safe_stack_removal  run_stack_handler 2025-12-05 19:30:03.117 2025-12-05 19:30:03.158             False


=============================
Delayed adjusted / FX prices 
=============================

                  last_update
IG        2025-11-28 16:00:01
HIGHYIELD 2025-11-28 16:00:01


===============================================
           Delayed optimal positions           
===============================================

                                    last_update
dynamic_TF_carry/SGX 2024-12-02 22:31:28.544775

Instruments at trade limit: No constraints

================================================
         Instruments at position limit          
================================================

                 keys  position pos_limit  spare
115            BUTTER         0       0.0    0.0
138      COAL-GEORDIE         0       0.0    0.0
72        CNH-onshore         0       0.0    0.0
97        EPRA-EUROPE         0       0.0    0.0
205           MILKWET         0       0.0    0.0
203              GICS         0       0.0    0.0
201               AEX         1       1.0    0.0
96            BOVESPA         0       0.0    0.0
199     EU-DJ-TELECOM         0       0.0    0.0
44           EU-HOUSE         0       0.0    0.0
46                PLN         0       0.0    0.0
143          JGB-mini         0       0.0    0.0
49   EUROSTX200-LARGE         0       0.0    0.0
50              R1000         0       0.0    0.0
189               OMX         0       0.0    0.0
134          ETHEREUM         0       0.0    0.0
52             CHFJPY         0       0.0    0.0
90         EU-DJ-TECH         0       0.0    0.0
55          EU-TRAVEL         0       0.0    0.0
183           MILKDRY         0       0.0    0.0
148             SP400         0       0.0    0.0
85           AEX_mini         0       0.0    0.0
153        COPPER_LME         0       0.0    0.0
157          HOUSE-US         0       0.0    0.0
63             AUDJPY         0       0.0    0.0
64                NOK         0       0.0    0.0
176            GBPJPY         0       0.0    0.0
158         EU-RETAIL         0       0.0    0.0
160            YENEUR         2       2.0    0.0
69             KRWUSD         0       0.0    0.0
168          SGD_mini         0       0.0    0.0
146              WHEY         0       0.0    0.0
33    EU-CONSTRUCTION         0       0.0    0.0
75              STEEL         0       0.0    0.0
102          EU-MEDIA         0       0.0    0.0
101               JGB         0       0.0    0.0
14                IRS         0       0.0    0.0
120            NASDAQ         0       0.0    0.0
233               CLP         0       0.0    0.0
11                MIB         1       1.0    0.0
10               COAL         0       0.0    0.0
229     EUROSTX-LARGE         0       0.0    0.0
234         SWISSLEAD         0       0.0    0.0
7                 TWD         0       0.0    0.0
238              VNKI         0       0.0    0.0
4         HEATOIL-ICE         0       0.0    0.0
240           TIN_LME         0       0.0    0.0
241       COPPER-mini         0       0.0    0.0
112               CZK         0       0.0    0.0
110           EU-CHEM         0       0.0    0.0
108         CHF_micro         0       0.0    0.0
15            SMI-MID         0       0.0    0.0
107            COTTON         0       0.0    0.0
216          JPY_mini         0       0.0    0.0
29             EURCHF         0       0.0    0.0
28             EURAUD         0       0.0    0.0
103               SGX         0       0.0    0.0
26           TWD-mini         0       0.0    0.0
25             EURCAD         0       0.0    0.0
225               SEK         0       0.0    0.0
125              CH10         0       0.0    0.0
221            PALLAD         0       0.0    0.0
243                IG         0       0.0    0.0
20          HIGHYIELD         0       0.0    0.0
219   GASOILINE_micro         0       0.0    0.0


==========================================================
         Overrides in database consider deleting          
==========================================================

                                                  override
NICKEL_LME              Override Close because in database
FTSE100           Override Reduce only because in database
SPI200            Override Reduce only because in database
JGB-mini          Override Reduce only because in database
LUMBER-new        Override Reduce only because in database
COAL-GEORDIE      Override Reduce only because in database
CRUDE_W_mini      Override Reduce only because in database
CZK               Override Reduce only because in database
EURCAD            Override Reduce only because in database
CHF_micro         Override Reduce only because in database
NOK               Override Reduce only because in database
R1000             Override Reduce only because in database
IRS               Override Reduce only because in database
IBEX_mini         Override Reduce only because in database
VIX_mini          Override Reduce only because in database
EU-CHEM           Override Reduce only because in database
EU-INSURE         Override Reduce only because in database
JP-REALESTATE     Override Reduce only because in database
IBEX              Override Reduce only because in database
MUMMY             Override Reduce only because in database
AUDJPY            Override Reduce only because in database
EUR_mini          Override Reduce only because in database
GICS              Override Reduce only because in database
GBPCHF            Override Reduce only because in database
SGD               Override Reduce only because in database
GAS-PEN           Override Reduce only because in database
YENEUR            Override Reduce only because in database
CHFJPY            Override Reduce only because in database
CNH-onshore       Override Reduce only because in database
TOPIX             Override Reduce only because in database
PLN               Override Reduce only because in database
SEK               Override Reduce only because in database
OMX               Override Reduce only because in database
GBPEUR            Override Reduce only because in database
GBPJPY            Override Reduce only because in database
NIKKEI400         Override Reduce only because in database
TWD-mini          Override Reduce only because in database
SGD_mini          Override Reduce only because in database
EURCHF            Override Reduce only because in database
EU-BANKS          Override Reduce only because in database
EU-CONSTRUCTION   Override Reduce only because in database
ZAR               Override Reduce only because in database
SP500_micro       Override Reduce only because in database
EU-TECH           Override Reduce only because in database
US-DISCRETE       Override Reduce only because in database
SMI-MID           Override Reduce only because in database
KR3               Override Reduce only because in database
MIB               Override Reduce only because in database
EU-RETAIL         Override Reduce only because in database
SP500             Override Reduce only because in database
BOVESPA           Override Reduce only because in database
EU-OIL            Override Reduce only because in database
US-ENERGY         Override Reduce only because in database
EUROSTX-SMALL     Override Reduce only because in database
US-INDUSTRY       Override Reduce only because in database
OATIES            Override Reduce only because in database
NASDAQ_micro      Override Reduce only because in database
US-HEALTH         Override Reduce only because in database
EU-DJ-OIL         Override Reduce only because in database
MSCIWORLD         Override Reduce only because in database
CHINAA-CON        Override Reduce only because in database
SMI               Override Reduce only because in database
EU-UTILS          Override Reduce only because in database
EU-MID            Override Reduce only because in database
EPRA-EUROPE       Override Reduce only because in database
BBCOMM            Override Reduce only because in database
EU-HEALTH         Override Reduce only because in database
EU-HOUSE          Override Reduce only because in database
DOW_mini          Override Reduce only because in database
KR10              Override Reduce only because in database
STEEL             Override Reduce only because in database
EU-DJ-TECH        Override Reduce only because in database
US-MATERIAL       Override Reduce only because in database
US-STAPLES        Override Reduce only because in database
EU-DJ-TELECOM     Override Reduce only because in database
NASDAQ            Override Reduce only because in database
EU-BASIC          Override Reduce only because in database
EU-DIV30          Override Reduce only because in database
DAX               Override Reduce only because in database
EU-AUTO           Override Reduce only because in database
AEX               Override Reduce only because in database
EUROSTX-LARGE     Override Reduce only because in database
FTSE250           Override Reduce only because in database
EU-DJ-UTIL        Override Reduce only because in database
MSCIEAFA          Override Reduce only because in database
EU-MEDIA          Override Reduce only because in database
EUROSTX           Override Reduce only because in database
EU-TRAVEL         Override Reduce only because in database
EURO600           Override Reduce only because in database
EU-REALESTATE     Override Reduce only because in database
VNKI              Override Reduce only because in database
SWISSLEAD         Override Reduce only because in database
AEX_mini          Override Reduce only because in database
CAC               Override Reduce only because in database
US-REALESTATE     Override Reduce only because in database
GASOILINE_micro   Override Reduce only because in database
MSCIASIA          Override Reduce only because in database
EU-FOOD           Override Reduce only because in database
US-UTILS          Override Reduce only because in database
EUROSTX200-LARGE  Override Reduce only because in database
SP400             Override Reduce only because in database
RUSSELL_mini      Override Reduce only because in database
FANG              Override Reduce only because in database

Locked instruments (position mismatch): []

==============================================
Status of adjusted price / FX price collection
==============================================

                         last_update
IG               2025-11-28 16:00:01
HIGHYIELD        2025-11-28 16:00:01
EUROSTX-LARGE    2025-12-08 23:00:00
MSCIWORLD        2025-12-08 23:00:00
SGD_mini         2025-12-08 23:00:00
OMX              2025-12-08 23:00:00
EPRA-EUROPE      2025-12-08 23:00:00
KRWUSD           2025-12-08 23:00:00
CLP              2025-12-08 23:00:00
CNH-onshore      2025-12-08 23:00:00
CZK              2025-12-08 23:00:00
MILKDRY          2025-12-08 23:00:00
MILKWET          2025-12-08 23:00:00
COTTON           2025-12-08 23:00:00
MSCIEMASIA       2025-12-08 23:00:00
GBPCHF           2025-12-08 23:00:00
SMI-MID          2025-12-08 23:00:00
SGX              2025-12-08 23:00:00
TWD-mini         2025-12-08 23:00:00
IRS              2025-12-08 23:00:00
SUGAR16          2025-12-08 23:00:00
GASOILINE_micro  2025-12-08 23:00:00
SWISSLEAD        2025-12-08 23:00:00
FTSEVIET         2025-12-08 23:00:00
HOUSE-US         2025-12-08 23:00:00
BOVESPA          2025-12-08 23:00:00
JGB-mini         2025-12-08 23:45:00
SGD              2025-12-09 03:00:00
TWD              2025-12-09 03:00:00
VNKI             2025-12-09 03:00:00
SPI200           2025-12-09 04:00:00
JP-REALESTATE    2025-12-09 04:00:00
RUBBER           2025-12-09 04:00:00
IRON             2025-12-09 05:00:00
HANG_mini        2025-12-09 05:00:00
KR3              2025-12-09 05:00:00
JGB              2025-12-09 05:00:00
KR10*            2025-12-09 05:00:00
KOSPI_mini       2025-12-09 05:00:00
KOSPI            2025-12-09 05:00:00
KOSDAQ           2025-12-09 05:00:00
JGB-SGX-mini     2025-12-09 05:00:00
KRWUSD_mini      2025-12-09 05:00:00
MSCISING         2025-12-09 05:00:00
HANGTECH         2025-12-09 05:00:00
MSCITAIWAN       2025-12-09 05:00:00
FTSECHINAA*      2025-12-09 05:00:00
TOPIX*           2025-12-09 05:00:00
FTSEINDO         2025-12-09 05:00:00
FTSETAIWAN*      2025-12-09 05:00:00
HANGENT_mini     2025-12-09 05:00:00
HANG             2025-12-09 05:00:00
HANGENT          2025-12-09 05:00:00
NIKKEI400        2025-12-09 05:00:00
FTSECHINAH       2025-12-09 05:00:00
CNH              2025-12-09 05:00:00
CHINAA-CON       2025-12-09 05:00:00
NIKKEI           2025-12-09 05:00:00
MUMMY            2025-12-09 05:00:00
EU-DJ-OIL        2025-12-09 08:00:00
TIN_LME          2025-12-09 08:00:00
COAL-GEORDIE     2025-12-09 09:00:00
LEAD_LME         2025-12-09 10:00:00
EUROSTX200-LARGE 2025-12-09 11:00:00
AEX_mini         2025-12-09 14:00:00
CH10             2025-12-09 14:00:00
EU-MID           2025-12-09 14:00:00
EU-REALESTATE    2025-12-09 14:00:00
EU-RETAIL        2025-12-09 14:00:00
EUA              2025-12-09 15:00:00
EU-UTILS         2025-12-09 15:00:00
GILT             2025-12-09 15:00:00
FTSE250          2025-12-09 15:00:00
FTSE100          2025-12-09 15:00:00
GICS             2025-12-09 15:00:00
HEATOIL-ICE      2025-12-09 15:00:00
EURIBOR          2025-12-09 15:00:00
EURIBOR-ICE      2025-12-09 15:00:00
EUROSTX-SMALL    2025-12-09 15:00:00
EURCAD           2025-12-09 15:00:00
IBEX             2025-12-09 15:00:00
MIB*             2025-12-09 15:00:00
IBEX_mini        2025-12-09 15:00:00
ZINC_LME         2025-12-09 15:00:00
ALUMINIUM_LME    2025-12-09 15:00:00
WHEAT_ICE        2025-12-09 15:00:00
BRENT_W          2025-12-09 15:00:00
SONIA3           2025-12-09 15:00:00
SARONA           2025-12-09 15:00:00
ROBUSTA          2025-12-09 15:00:00
EU-TECH          2025-12-09 15:00:00
COAL             2025-12-09 15:00:00
COCOA_LDN        2025-12-09 15:00:00
CHFJPY           2025-12-09 15:00:00
COPPER_LME       2025-12-09 15:00:00
CRUDE_ICE        2025-12-09 15:00:00
MILLWHEAT        2025-12-09 15:00:00
EU-DIV30         2025-12-09 15:00:00
EU-DJ-TECH       2025-12-09 15:00:00
EU-HOUSE         2025-12-09 15:00:00
EU-INSURE        2025-12-09 15:00:00
NICKEL_LME       2025-12-09 15:00:00
GASOIL           2025-12-09 15:00:00
MSCIASIA         2025-12-09 16:00:00
OAT              2025-12-09 16:00:00
SHATZ            2025-12-09 16:00:00
SMI              2025-12-09 16:00:00
GASOILINE_ICE    2025-12-09 16:00:00
SUGAR_WHITE      2025-12-09 16:00:00
V2X              2025-12-09 16:00:00
AEX*             2025-12-09 16:00:00
GAS-PEN          2025-12-09 16:00:00
EU-DJ-TELECOM    2025-12-09 16:00:00
EU-DJ-UTIL       2025-12-09 16:00:00
EU-FOOD          2025-12-09 16:00:00
EU-HEALTH        2025-12-09 16:00:00
EU-MEDIA         2025-12-09 16:00:00
EU-OIL           2025-12-09 16:00:00
EU-TRAVEL        2025-12-09 16:00:00
EU-BASIC*        2025-12-09 16:00:00
EU-BANKS         2025-12-09 16:00:00
EU-AUTO          2025-12-09 16:00:00
DAX*             2025-12-09 16:00:00
EURO600          2025-12-09 16:00:00
EU-CONSTRUCTION  2025-12-09 16:00:00
EUROSTX          2025-12-09 16:00:00
EU-CHEM          2025-12-09 16:00:00
AUDJPY           2025-12-09 16:00:00
BOBL             2025-12-09 16:00:00
CAC              2025-12-09 16:00:00
BUXL             2025-12-09 16:00:00
BUND             2025-12-09 16:00:00
BTP3             2025-12-09 16:00:00
BONO             2025-12-09 16:00:00
BTP              2025-12-09 16:00:00
INR              2025-12-09 17:00:00
SUGAR11          2025-12-09 17:00:00
R1000            2025-12-09 18:00:00
COPPER-mini      2025-12-09 18:00:00
OJ               2025-12-09 18:00:00
WHEY             2025-12-09 18:00:00
ALUMINIUM        2025-12-09 18:00:00
COCOA            2025-12-09 18:00:00
COFFEE           2025-12-09 18:00:00
PLN              2025-12-09 18:00:00
SOYOIL           2025-12-09 19:00:00
RICE*            2025-12-09 19:00:00
CAD2             2025-12-09 19:00:00
SEK              2025-12-09 19:00:00
FEEDCOW          2025-12-09 19:00:00
CHF_micro        2025-12-09 19:00:00
SOYMEAL          2025-12-09 19:00:00
US-INDUSTRY      2025-12-09 19:00:00
OATIES           2025-12-09 19:00:00
US-HEALTH        2025-12-09 19:00:00
CHEESE           2025-12-09 19:00:00
US-ENERGY        2025-12-09 19:00:00
US-DISCRETE      2025-12-09 19:00:00
GASOILINE        2025-12-09 19:00:00
BBCOMM           2025-12-09 19:00:00
REDWHEAT         2025-12-09 19:00:00
CORN             2025-12-09 19:00:00
CORN_mini        2025-12-09 19:00:00
GBPJPY           2025-12-09 19:00:00
COTTON2          2025-12-09 19:00:00
GAS-LAST         2025-12-09 19:00:00
SOYBEAN_mini     2025-12-09 19:00:00
YENEUR*          2025-12-09 19:00:00
SOYBEAN          2025-12-09 19:00:00
WHEAT_mini       2025-12-09 19:00:00
DX               2025-12-09 19:00:00
WHEAT*           2025-12-09 19:00:00
LEANHOG          2025-12-09 19:00:00
STEEL            2025-12-09 19:00:00
LIVECOW          2025-12-09 19:00:00
MILK             2025-12-09 19:00:00
VIX_mini         2025-12-09 19:00:00
BUTTER           2025-12-09 19:00:00
GBP_micro        2025-12-09 19:00:00
LUMBER-new       2025-12-09 19:00:00
CANOLA           2025-12-09 19:00:00
GBP*             2025-12-09 20:00:00
BITCOIN*         2025-12-09 20:00:00
SP500_micro      2025-12-09 20:00:00
BRE*             2025-12-09 20:00:00
SP500            2025-12-09 20:00:00
BRENT-LAST       2025-12-09 20:00:00
GBPEUR           2025-12-09 20:00:00
JPY_mini         2025-12-09 20:00:00
US-STAPLES       2025-12-09 20:00:00
ZAR              2025-12-09 20:00:00
GAS_US           2025-12-09 20:00:00
AUD              2025-12-09 20:00:00
GAS_US_mini      2025-12-09 20:00:00
VIX              2025-12-09 20:00:00
AUD_micro*       2025-12-09 20:00:00
US-MATERIAL      2025-12-09 20:00:00
US5              2025-12-09 20:00:00
US3              2025-12-09 20:00:00
US20             2025-12-09 20:00:00
US2              2025-12-09 20:00:00
US10U*           2025-12-09 20:00:00
US10             2025-12-09 20:00:00
US-UTILS         2025-12-09 20:00:00
US30             2025-12-09 20:00:00
US-REALESTATE    2025-12-09 20:00:00
SOFR             2025-12-09 20:00:00
FED              2025-12-09 20:00:00
NASDAQ           2025-12-09 20:00:00
MXP*             2025-12-09 20:00:00
COPPER           2025-12-09 20:00:00
SP400            2025-12-09 20:00:00
MSCIEAFA         2025-12-09 20:00:00
CRUDE_W          2025-12-09 20:00:00
CRUDE_W_micro    2025-12-09 20:00:00
NASDAQ_micro     2025-12-09 20:00:00
CRUDE_W_mini     2025-12-09 20:00:00
DOW              2025-12-09 20:00:00
DOW_mini         2025-12-09 20:00:00
ETHER-micro      2025-12-09 20:00:00
ETHEREUM         2025-12-09 20:00:00
EURCHF           2025-12-09 20:00:00
EURAUD           2025-12-09 20:00:00
EUR              2025-12-09 20:00:00
HEATOIL          2025-12-09 20:00:00
EUR_micro        2025-12-09 20:00:00
COPPER-micro     2025-12-09 20:00:00
NOK              2025-12-09 20:00:00
JPY*             2025-12-09 20:00:00
FANG             2025-12-09 20:00:00
SILVER*          2025-12-09 20:00:00
EUR_mini         2025-12-09 20:00:00
CAD              2025-12-09 20:00:00
CAD10            2025-12-09 20:00:00
CAD5             2025-12-09 20:00:00
RUSSELL_mini     2025-12-09 20:00:00
GOLD             2025-12-09 20:00:00
CAD_micro        2025-12-09 20:00:00
GOLD-mini        2025-12-09 20:00:00
PLAT             2025-12-09 20:00:00
PALLAD           2025-12-09 20:00:00
GOLD_micro       2025-12-09 20:00:00
CHF              2025-12-09 20:00:00
NZD              2025-12-09 20:00:00
RUSSELL*         2025-12-09 20:00:00
CHFUSD           2025-12-09 23:00:00
JPYUSD           2025-12-09 23:00:00
EURUSD           2025-12-09 23:00:00
CADUSD           2025-12-09 23:00:00
KRWUSD           2025-12-09 23:00:00
SGDUSD           2025-12-09 23:00:00
SEKUSD           2025-12-09 23:00:00
GBPUSD           2025-12-09 23:00:00
MXPUSD           2025-12-09 23:00:00
HKDUSD           2025-12-09 23:00:00
CNHUSD           2025-12-09 23:00:00
AUDUSD           2025-12-09 23:00:00


============================================================
           Status of optimal position generation            
============================================================

                                                 last_update
dynamic_TF_carry/SGX              2024-12-02 22:31:28.544775
dynamic_TF_carry/COCOA            2025-12-09 22:31:38.232252
dynamic_TF_carry/TWD              2025-12-09 22:31:38.232506
dynamic_TF_carry/US10             2025-12-09 22:31:38.232743
dynamic_TF_carry/BRENT_W          2025-12-09 22:31:38.232974
dynamic_TF_carry/US3              2025-12-09 22:31:38.233205
dynamic_TF_carry/GASOIL           2025-12-09 22:31:38.233433
dynamic_TF_carry/US30             2025-12-09 22:31:38.233666
dynamic_TF_carry/EURCHF           2025-12-09 22:31:38.233894
dynamic_TF_carry/US5              2025-12-09 22:31:38.234121
dynamic_TF_carry/EURIBOR          2025-12-09 22:31:38.234347
dynamic_TF_carry/ROBUSTA          2025-12-09 22:31:38.234574
dynamic_TF_carry/COAL-GEORDIE     2025-12-09 22:31:38.234801
dynamic_TF_carry/BOVESPA          2025-12-09 22:31:38.235255
dynamic_TF_carry/BOBL             2025-12-09 22:31:38.235483
dynamic_TF_carry/SOYOIL           2025-12-09 22:31:38.235708
dynamic_TF_carry/STEEL            2025-12-09 22:31:38.235937
dynamic_TF_carry/VNKI             2025-12-09 22:31:38.236163
dynamic_TF_carry/KOSPI_mini       2025-12-09 22:31:38.236390
dynamic_TF_carry/COTTON           2025-12-09 22:31:38.236617
dynamic_TF_carry/US-MATERIAL      2025-12-09 22:31:38.236843
dynamic_TF_carry/DOW              2025-12-09 22:31:38.237070
dynamic_TF_carry/WHEAT            2025-12-09 22:31:38.237298
dynamic_TF_carry/ALUMINIUM        2025-12-09 22:31:38.237524
dynamic_TF_carry/INR              2025-12-09 22:31:38.237756
dynamic_TF_carry/GOLD_micro       2025-12-09 22:31:38.237982
dynamic_TF_carry/EU-CONSTRUCTION  2025-12-09 22:31:38.238209
dynamic_TF_carry/NASDAQ_micro     2025-12-09 22:31:38.238434
dynamic_TF_carry/OATIES           2025-12-09 22:31:38.238661
dynamic_TF_carry/US-STAPLES       2025-12-09 22:31:38.238887
dynamic_TF_carry/EU-TECH          2025-12-09 22:31:38.239114
dynamic_TF_carry/MILLWHEAT        2025-12-09 22:31:38.239341
dynamic_TF_carry/HEATOIL          2025-12-09 22:31:38.239568
dynamic_TF_carry/GBPEUR           2025-12-09 22:31:38.239795
dynamic_TF_carry/COCOA_LDN        2025-12-09 22:31:38.240246
dynamic_TF_carry/EU-CHEM          2025-12-09 22:31:38.240473
dynamic_TF_carry/HIGHYIELD        2025-12-09 22:31:38.240700
dynamic_TF_carry/US2              2025-12-09 22:31:38.240925
dynamic_TF_carry/LEAD_LME         2025-12-09 22:31:38.241150
dynamic_TF_carry/EU-MID           2025-12-09 22:31:38.241376
dynamic_TF_carry/KOSDAQ           2025-12-09 22:31:38.241606
dynamic_TF_carry/CAD5             2025-12-09 22:31:38.241835
dynamic_TF_carry/EU-DIV30         2025-12-09 22:31:38.242062
dynamic_TF_carry/BRENT-LAST       2025-12-09 22:31:38.242290
dynamic_TF_carry/BTP              2025-12-09 22:31:38.242518
dynamic_TF_carry/FTSE250          2025-12-09 22:31:38.242747
dynamic_TF_carry/EU-RETAIL        2025-12-09 22:31:38.242975
dynamic_TF_carry/JGB-SGX-mini     2025-12-09 22:31:38.243202
dynamic_TF_carry/GBP              2025-12-09 22:31:38.243428
dynamic_TF_carry/SUGAR_WHITE      2025-12-09 22:31:38.243656
dynamic_TF_carry/AUD_micro        2025-12-09 22:31:38.243884
dynamic_TF_carry/CRUDE_W_mini     2025-12-09 22:31:38.244112
dynamic_TF_carry/REDWHEAT         2025-12-09 22:31:38.244338
dynamic_TF_carry/WHEAT_ICE        2025-12-09 22:31:38.244566
dynamic_TF_carry/AEX              2025-12-09 22:31:38.244793
dynamic_TF_carry/IBEX_mini        2025-12-09 22:31:38.245019
dynamic_TF_carry/TOPIX            2025-12-09 22:31:38.245248
dynamic_TF_carry/SOFR             2025-12-09 22:31:38.245474
dynamic_TF_carry/SPI200           2025-12-09 22:31:38.245933
dynamic_TF_carry/SOYMEAL          2025-12-09 22:31:38.246161
dynamic_TF_carry/YENEUR           2025-12-09 22:31:38.246388
dynamic_TF_carry/COPPER-micro     2025-12-09 22:31:38.246615
dynamic_TF_carry/CHINAA-CON       2025-12-09 22:31:38.246843
dynamic_TF_carry/BBCOMM           2025-12-09 22:31:38.247069
dynamic_TF_carry/EUROSTX200-LARGE 2025-12-09 22:31:38.247296
dynamic_TF_carry/BITCOIN          2025-12-09 22:31:38.247523
dynamic_TF_carry/SMI-MID          2025-12-09 22:31:38.247751
dynamic_TF_carry/US-REALESTATE    2025-12-09 22:31:38.247979
dynamic_TF_carry/JP-REALESTATE    2025-12-09 22:31:38.248206
dynamic_TF_carry/NIKKEI400        2025-12-09 22:31:38.248433
dynamic_TF_carry/SONIA3           2025-12-09 22:31:38.248661
dynamic_TF_carry/CHF              2025-12-09 22:31:38.248888
dynamic_TF_carry/AUDJPY           2025-12-09 22:31:38.249116
dynamic_TF_carry/CRUDE_ICE        2025-12-09 22:31:38.249343
dynamic_TF_carry/KRWUSD           2025-12-09 22:31:38.249574
dynamic_TF_carry/ZAR              2025-12-09 22:31:38.249803
dynamic_TF_carry/EU-HOUSE         2025-12-09 22:31:38.250032
dynamic_TF_carry/GASOILINE        2025-12-09 22:31:38.250260
dynamic_TF_carry/CAD2             2025-12-09 22:31:38.250489
dynamic_TF_carry/EU-DJ-UTIL       2025-12-09 22:31:38.250718
dynamic_TF_carry/KOSPI            2025-12-09 22:31:38.250945
dynamic_TF_carry/HOUSE-US         2025-12-09 22:31:38.251172
dynamic_TF_carry/HANG_mini        2025-12-09 22:31:38.251399
dynamic_TF_carry/AUD              2025-12-09 22:31:38.251626
dynamic_TF_carry/SUGAR16          2025-12-09 22:31:38.251853
dynamic_TF_carry/CAC              2025-12-09 22:31:38.252080
dynamic_TF_carry/GILT             2025-12-09 22:31:38.252307
dynamic_TF_carry/MILKDRY          2025-12-09 22:31:38.252535
dynamic_TF_carry/FTSETAIWAN       2025-12-09 22:31:38.252762
dynamic_TF_carry/MSCIEAFA         2025-12-09 22:31:38.252989
dynamic_TF_carry/OJ               2025-12-09 22:31:38.253216
dynamic_TF_carry/MSCITAIWAN       2025-12-09 22:31:38.253442
dynamic_TF_carry/BONO             2025-12-09 22:31:38.253676
dynamic_TF_carry/FTSECHINAA       2025-12-09 22:31:38.253904
dynamic_TF_carry/CRUDE_W_micro    2025-12-09 22:31:38.254357
dynamic_TF_carry/ETHEREUM         2025-12-09 22:31:38.254585
dynamic_TF_carry/GBPCHF           2025-12-09 22:31:38.254813
dynamic_TF_carry/EPRA-EUROPE      2025-12-09 22:31:38.255041
dynamic_TF_carry/NIKKEI           2025-12-09 22:31:38.255270
dynamic_TF_carry/SGD              2025-12-09 22:31:38.255498
dynamic_TF_carry/EU-BANKS         2025-12-09 22:31:38.255725
dynamic_TF_carry/EUROSTX-SMALL    2025-12-09 22:31:38.256178
dynamic_TF_carry/BTP3             2025-12-09 22:31:38.256406
dynamic_TF_carry/FEEDCOW          2025-12-09 22:31:38.256633
dynamic_TF_carry/PLN              2025-12-09 22:31:38.256862
dynamic_TF_carry/BRE              2025-12-09 22:31:38.257093
dynamic_TF_carry/CHEESE           2025-12-09 22:31:38.257323
dynamic_TF_carry/RICE             2025-12-09 22:31:38.257551
dynamic_TF_carry/V2X              2025-12-09 22:31:38.257786
dynamic_TF_carry/COTTON2          2025-12-09 22:31:38.258017
dynamic_TF_carry/NZD              2025-12-09 22:31:38.258246
dynamic_TF_carry/GAS_US_mini      2025-12-09 22:31:38.258703
dynamic_TF_carry/SOYBEAN_mini     2025-12-09 22:31:38.258931
dynamic_TF_carry/KR10             2025-12-09 22:31:38.259157
dynamic_TF_carry/EU-INSURE        2025-12-09 22:31:38.259384
dynamic_TF_carry/JGB              2025-12-09 22:31:38.259611
dynamic_TF_carry/GAS-LAST         2025-12-09 22:31:38.259838
dynamic_TF_carry/EUA              2025-12-09 22:31:38.260065
dynamic_TF_carry/FED              2025-12-09 22:31:38.260293
dynamic_TF_carry/SWISSLEAD        2025-12-09 22:31:38.260520
dynamic_TF_carry/EU-FOOD          2025-12-09 22:31:38.260746
dynamic_TF_carry/FTSE100          2025-12-09 22:31:38.260973
dynamic_TF_carry/KRWUSD_mini      2025-12-09 22:31:38.261199
dynamic_TF_carry/CAD              2025-12-09 22:31:38.261427
dynamic_TF_carry/HANGTECH         2025-12-09 22:31:38.261889
dynamic_TF_carry/MSCIASIA         2025-12-09 22:31:38.262116
dynamic_TF_carry/EU-BASIC         2025-12-09 22:31:38.262343
dynamic_TF_carry/IRS              2025-12-09 22:31:38.262569
dynamic_TF_carry/NICKEL_LME       2025-12-09 22:31:38.262796
dynamic_TF_carry/R1000            2025-12-09 22:31:38.263023
dynamic_TF_carry/EU-DJ-TELECOM    2025-12-09 22:31:38.263250
dynamic_TF_carry/KR3              2025-12-09 22:31:38.263477
dynamic_TF_carry/SP500_micro      2025-12-09 22:31:38.263704
dynamic_TF_carry/SUGAR11          2025-12-09 22:31:38.263932
dynamic_TF_carry/PLAT             2025-12-09 22:31:38.264160
dynamic_TF_carry/EURO600          2025-12-09 22:31:38.264388
dynamic_TF_carry/RUBBER           2025-12-09 22:31:38.264616
dynamic_TF_carry/GICS             2025-12-09 22:31:38.265073
dynamic_TF_carry/COPPER           2025-12-09 22:31:38.265300
dynamic_TF_carry/GBPJPY           2025-12-09 22:31:38.265759
dynamic_TF_carry/EUR              2025-12-09 22:31:38.265986
dynamic_TF_carry/US-INDUSTRY      2025-12-09 22:31:38.266213
dynamic_TF_carry/SP400            2025-12-09 22:31:38.266441
dynamic_TF_carry/COFFEE           2025-12-09 22:31:38.266667
dynamic_TF_carry/RUSSELL          2025-12-09 22:31:38.266894
dynamic_TF_carry/MSCIWORLD        2025-12-09 22:31:38.267121
dynamic_TF_carry/DAX              2025-12-09 22:31:38.267576
dynamic_TF_carry/CLP              2025-12-09 22:31:38.267803
dynamic_TF_carry/CORN             2025-12-09 22:31:38.268031
dynamic_TF_carry/US-DISCRETE      2025-12-09 22:31:38.268487
dynamic_TF_carry/LEANHOG          2025-12-09 22:31:38.268714
dynamic_TF_carry/EUROSTX          2025-12-09 22:31:38.268941
dynamic_TF_carry/EUR_micro        2025-12-09 22:31:38.269397
dynamic_TF_carry/JPY              2025-12-09 22:31:38.269629
dynamic_TF_carry/EU-UTILS         2025-12-09 22:31:38.269857
dynamic_TF_carry/CAD10            2025-12-09 22:31:38.270084
dynamic_TF_carry/LIVECOW          2025-12-09 22:31:38.270311
dynamic_TF_carry/EU-TRAVEL        2025-12-09 22:31:38.270540
dynamic_TF_carry/SOYBEAN          2025-12-09 22:31:38.270767
dynamic_TF_carry/DX               2025-12-09 22:31:38.271219
dynamic_TF_carry/EU-REALESTATE    2025-12-09 22:31:38.271447
dynamic_TF_carry/US10U            2025-12-09 22:31:38.271674
dynamic_TF_carry/MSCISING         2025-12-09 22:31:38.271904
dynamic_TF_carry/SARONA           2025-12-09 22:31:38.272133
dynamic_TF_carry/CNH              2025-12-09 22:31:38.272361
dynamic_TF_carry/GAS-PEN          2025-12-09 22:31:38.272590
dynamic_TF_carry/US-ENERGY        2025-12-09 22:31:38.272817
dynamic_TF_carry/CANOLA           2025-12-09 22:31:38.273048
dynamic_TF_carry/COPPER_LME       2025-12-09 22:31:38.273277
dynamic_TF_carry/HANGENT_mini     2025-12-09 22:31:38.273507
dynamic_TF_carry/MXP              2025-12-09 22:31:38.273740
dynamic_TF_carry/ZINC_LME         2025-12-09 22:31:38.273970
dynamic_TF_carry/WHEY             2025-12-09 22:31:38.274199
dynamic_TF_carry/CHFJPY           2025-12-09 22:31:38.274428
dynamic_TF_carry/CH10             2025-12-09 22:31:38.274656
dynamic_TF_carry/EURIBOR-ICE      2025-12-09 22:31:38.274886
dynamic_TF_carry/FTSEVIET         2025-12-09 22:31:38.275116
dynamic_TF_carry/SEK              2025-12-09 22:31:38.275345
dynamic_TF_carry/COAL             2025-12-09 22:31:38.275573
dynamic_TF_carry/TIN_LME          2025-12-09 22:31:38.275802
dynamic_TF_carry/MUMMY            2025-12-09 22:31:38.276031
dynamic_TF_carry/SMI              2025-12-09 22:31:38.276259
dynamic_TF_carry/EURAUD           2025-12-09 22:31:38.276489
dynamic_TF_carry/US-HEALTH        2025-12-09 22:31:38.276717
dynamic_TF_carry/LUMBER-new       2025-12-09 22:31:38.276946
dynamic_TF_carry/FTSEINDO         2025-12-09 22:31:38.277174
dynamic_TF_carry/IRON             2025-12-09 22:31:38.277403
dynamic_TF_carry/IG               2025-12-09 22:31:38.277637
dynamic_TF_carry/SILVER           2025-12-09 22:31:38.277866
dynamic_TF_carry/US20             2025-12-09 22:31:38.278117
dynamic_TF_carry/EU-MEDIA         2025-12-09 22:31:38.278353
dynamic_TF_carry/EURCAD           2025-12-09 22:31:38.278585
dynamic_TF_carry/MILKWET          2025-12-09 22:31:38.278815
dynamic_TF_carry/CZK              2025-12-09 22:31:38.279045
dynamic_TF_carry/BUTTER           2025-12-09 22:31:38.279273
dynamic_TF_carry/US-UTILS         2025-12-09 22:31:38.279501
dynamic_TF_carry/FANG             2025-12-09 22:31:38.279729
dynamic_TF_carry/SHATZ            2025-12-09 22:31:38.279957
dynamic_TF_carry/OMX              2025-12-09 22:31:38.280185
dynamic_TF_carry/EU-HEALTH        2025-12-09 22:31:38.280413
dynamic_TF_carry/VIX              2025-12-09 22:31:38.280642
dynamic_TF_carry/BUXL             2025-12-09 22:31:38.280872
dynamic_TF_carry/OAT              2025-12-09 22:31:38.281102
dynamic_TF_carry/FTSECHINAH       2025-12-09 22:31:38.281332
dynamic_TF_carry/NOK              2025-12-09 22:31:38.281561
dynamic_TF_carry/MIB              2025-12-09 22:31:38.281799
dynamic_TF_carry/EU-AUTO          2025-12-09 22:31:38.282029
dynamic_TF_carry/BUND             2025-12-09 22:31:38.282258
dynamic_TF_carry/PALLAD           2025-12-09 22:31:38.282487
dynamic_TF_carry/EUROSTX-LARGE    2025-12-09 22:31:38.282716
dynamic_TF_carry/MILK             2025-12-09 22:31:38.283172
dynamic_TF_carry/EU-OIL           2025-12-09 22:31:38.283445
dynamic_TF_carry/MSCIEMASIA       2025-12-09 22:31:38.283680


======================================================================================================================
                                                Status of trade limits                                                
======================================================================================================================

                   period_days  trade_limit  trades_since_last_reset  trade_capacity_remaining   time_since_last_reset
 JPY                        30            5                      4.0                       1.0 25 days 07:57:52.580673
 WHEAT                      14            5                      3.0                       2.0 11 days 07:17:55.122154
 OAT                        30            4                      1.0                       3.0  8 days 14:57:48.373739
 GBP                        14            4                      1.0                       3.0 12 days 07:57:51.592126
 OAT                        14            4                      1.0                       3.0  8 days 14:57:48.372093
 CORN                        1            4                      0.0                       4.0  0 days 00:00:00.000002
 EU-HOUSE                    1            4                      0.0                       4.0  0 days 00:00:00.000001
 EU-DJ-UTIL                  1            4                      0.0                       4.0  0 days 00:00:00.000001
 EU-DJ-TELECOM               1            4                      0.0                       4.0  0 days 00:00:00.000001
 EU-DJ-TECH                  1            4                      0.0                       4.0  0 days 00:00:00.000001
 EU-DJ-OIL                   1            4                      0.0                       4.0  0 days 00:00:00.000001
 EU-CONSTRUCTION             1            4                      0.0                       4.0  0 days 00:00:00.000001
 CZK                         1            4                      0.0                       4.0  0 days 00:00:00.000002
 COTTON                      1            4                      0.0                       4.0  0 days 00:00:00.000002
 COPPER-mini                 1            4                      0.0                       4.0  0 days 00:00:00.000001
 CNH-onshore                 1            4                      0.0                       4.0  0 days 00:00:00.000001
 CLP                         1            4                      0.0                       4.0  0 days 00:00:00.000001
 CH10                        1            4                      0.0                       4.0  0 days 00:00:00.000001
 BUTTER                      1            4                      0.0                       4.0  0 days 00:00:00.000001
 BOVESPA                     1            4                      0.0                       4.0  0 days 00:00:00.000001
 BEL20                       1            4                      0.0                       4.0  0 days 00:00:00.000001
 ALUMINIUM                   1            4                      0.0                       4.0  0 days 00:00:00.000002
 YENEUR                     30            4                      0.0                       4.0 22 days 07:57:43.486953
 EU-MEDIA                    1            4                      0.0                       4.0  0 days 00:00:00.000001
 EU-MID                      1            4                      0.0                       4.0  0 days 00:00:00.000002
 EURCHF                      1            4                      0.0                       4.0  0 days 00:00:00.000002
 US30                       30            4                      0.0                       4.0  0 days 00:00:00.000001
 US-ENERGY                   1            4                      0.0                       4.0  0 days 00:00:00.000001
 US-DISCRETE                 1            4                      0.0                       4.0  0 days 00:00:00.000001
 SMI-MID                     1            4                      0.0                       4.0  0 days 00:00:00.000002
 SGX                         1            4                      0.0                       4.0  0 days 00:00:00.000002
 SGD                         1            4                      0.0                       4.0  0 days 00:00:00.000001
 OMX                         1            4                      0.0                       4.0  0 days 00:00:00.000001
 MSCIASIA                    1            4                      0.0                       4.0  0 days 00:00:00.000001
 MILKWET                     1            4                      0.0                       4.0  0 days 00:00:00.000001
 EU-REALESTATE               1            4                      0.0                       4.0  0 days 00:00:00.000002
 MILKDRY                     1            4                      0.0                       4.0  0 days 00:00:00.000001
 JP-REALESTATE               1            4                      0.0                       4.0  0 days 00:00:00.000001
 JGB-SGX-mini                1            4                      0.0                       4.0  0 days 00:00:00.000001
 IRS                         1            4                      0.0                       4.0  0 days 00:00:00.000002
 FTSEINDO                    1            4                      0.0                       4.0  0 days 00:00:00.000001
 EUROSTX200-LARGE            1            4                      0.0                       4.0  0 days 00:00:00.000001
 EUROSTX-SMALL               1            4                      0.0                       4.0  0 days 00:00:00.000001
 EUROSTX-LARGE               1            4                      0.0                       4.0  0 days 00:00:00.000001
 EURIBOR                     1            4                      0.0                       4.0  0 days 00:00:00.000002
 MID-DAX                     1            4                      0.0                       4.0  0 days 00:00:00.000001
 US3                        30            4                      0.0                       4.0  0 days 00:00:00.000001
