
********************************************************************************
                   Status report produced on 09/04/2025 22:56                   
********************************************************************************


Delayed methods: No delays

===============================
 Delayed adjusted / FX prices  
===============================

                    last_update
DJSTX-SMALL 2025-03-20 23:00:00


===============================================
           Delayed optimal positions           
===============================================

                                    last_update
dynamic_TF_carry/SGX 2024-12-02 22:31:28.544775

Instruments at trade limit: No constraints

================================================
         Instruments at position limit          
================================================

                 keys  position pos_limit  spare
123               RUR         0       0.0    0.0
122               NOK         0       0.0    0.0
118       CNH-onshore         0       0.0    0.0
111              GICS         0       0.0    0.0
110            EURAUD         0       0.0    0.0
109           BOVESPA         0       0.0    0.0
106              VNKI         0       0.0    0.0
105           MILKWET         0       0.0    0.0
102            NASDAQ         0       0.0    0.0
96           AEX_mini         0       0.0    0.0
95             KRWUSD         0       0.0    0.0
124            AUDJPY         0       0.0    0.0
90           JPY_mini         0       0.0    0.0
86            MILKDRY         0       0.0    0.0
83              R1000         0       0.0    0.0
82           EU-MEDIA         0       0.0    0.0
73                IRS         0       0.0    0.0
72                SEK         0       0.0    0.0
71                 IG         0       0.0    0.0
70                TWD         0       0.0    0.0
67                CZK         0       0.0    0.0
66              STEEL         0       0.0    0.0
64          EU-RETAIL         0       0.0    0.0
88       COAL-GEORDIE         0       0.0    0.0
127               SGX         0       0.0    0.0
128  EUROSTX200-LARGE         0       0.0    0.0
137            EURCAD         0       0.0    0.0
243         CHF_micro         0       0.0    0.0
239     EUROSTX-LARGE         0       0.0    0.0
235            CHFJPY         0       0.0    0.0
230           SMI-MID         0       0.0    0.0
225        COPPER_LME         0       0.0    0.0
219          SGD_mini         0       0.0    0.0
216               PLN         0       0.0    0.0
211         HIGHYIELD         0       0.0    0.0
209            EURCHF         0       0.0    0.0
200             SP400         0       0.0    0.0
199       COPPER-mini         0       0.0    0.0
197         SWISSLEAD         0       0.0    0.0
196               OMX         0       0.0    0.0
194            GBPJPY         0       0.0    0.0
187          HOUSE-US         0       0.0    0.0
173     EU-DJ-TELECOM         0       0.0    0.0
166          EU-HOUSE         0       0.0    0.0
165           TIN_LME         0       0.0    0.0
164               JGB         0       0.0    0.0
163           GAS-PEN        -1       1.0    0.0
154              WHEY         0       0.0    0.0
153              COAL         0       0.0    0.0
139            BUTTER         0       0.0    0.0
61        HEATOIL-ICE         0       0.0    0.0
56    EU-CONSTRUCTION         0       0.0    0.0
247               CLP         0       0.0    0.0
20             PALLAD         0       0.0    0.0
5           EU-TRAVEL         0       0.0    0.0
25            EU-CHEM         0       0.0    0.0
26         EU-DJ-TECH         0       0.0    0.0
12               CH10         0       0.0    0.0
27           JGB-mini         0       0.0    0.0
36        EPRA-EUROPE         0       0.0    0.0
7              COTTON         0       0.0    0.0
52            ETHANOL         0       0.0    0.0
47           TWD-mini         0       0.0    0.0
31    GASOILINE_micro         0       0.0    0.0
29           ETHEREUM         0       0.0    0.0


=========================================================
         Overrides in database consider deleting         
=========================================================

                                                 override
NICKEL_LME             Override Close because in database
GAS-LAST         Override Reduce only because in database
VIX_mini         Override Reduce only because in database
COPPER-mini      Override Reduce only because in database
IBEX             Override Reduce only because in database
GICS             Override Reduce only because in database
STEEL            Override Reduce only because in database
CNH-onshore      Override Reduce only because in database
CRUDE_W_mini     Override Reduce only because in database
VNKI             Override Reduce only because in database
BOVESPA          Override Reduce only because in database
SUGAR16          Override Reduce only because in database
GASOILINE_micro  Override Reduce only because in database
COAL             Override Reduce only because in database
OATIES           Override Reduce only because in database
CHINAA-CON       Override Reduce only because in database
AEX              Override Reduce only because in database
AEX_mini         Override Reduce only because in database
CAC              Override Reduce only because in database

Locked instruments (position mismatch): []

==============================================
Status of adjusted price / FX price collection
==============================================

                         last_update
DJSTX-SMALL      2025-03-20 23:00:00
SGX              2025-04-07 23:00:00
CNH-onshore      2025-04-07 23:00:00
ETHANOL          2025-04-07 23:00:00
COTTON           2025-04-08 23:00:00
SGD_mini         2025-04-08 23:00:00
CLP              2025-04-08 23:00:00
COAL-GEORDIE     2025-04-08 23:00:00
MILKWET          2025-04-08 23:00:00
CZK              2025-04-08 23:00:00
OMX              2025-04-08 23:00:00
SWISSLEAD        2025-04-08 23:00:00
HOUSE-US         2025-04-08 23:00:00
TIN_LME          2025-04-08 23:00:00
TWD              2025-04-08 23:00:00
TWD-mini         2025-04-08 23:00:00
FTSEINDO         2025-04-08 23:00:00
BOVESPA          2025-04-08 23:00:00
RUR              2025-04-08 23:00:00
SGD              2025-04-09 03:00:00
HANG_mini        2025-04-09 04:00:00
KRWUSD_mini      2025-04-09 04:00:00
HANGTECH         2025-04-09 04:00:00
HANGENT          2025-04-09 04:00:00
HANG             2025-04-09 04:00:00
FTSEVIET         2025-04-09 04:00:00
HANGENT_mini     2025-04-09 04:00:00
SPI200*          2025-04-09 04:00:00
JGB-mini         2025-04-09 04:30:00
VNKI             2025-04-09 05:00:00
KR3              2025-04-09 05:00:00
KR10*            2025-04-09 05:00:00
KOSPI_mini       2025-04-09 05:00:00
MSCISING*        2025-04-09 05:00:00
KOSPI            2025-04-09 05:00:00
MSCITAIWAN       2025-04-09 05:00:00
FTSETAIWAN       2025-04-09 05:00:00
MUMMY*           2025-04-09 05:00:00
RUBBER           2025-04-09 05:00:00
IRON             2025-04-09 05:00:00
NIKKEI           2025-04-09 05:00:00
FTSECHINAH       2025-04-09 05:00:00
FTSECHINAA       2025-04-09 05:00:00
JP-REALESTATE    2025-04-09 05:00:00
CNH              2025-04-09 05:00:00
CHINAA-CON       2025-04-09 05:00:00
NIKKEI400        2025-04-09 05:00:00
JGB-SGX-mini     2025-04-09 05:00:00
JGB              2025-04-09 05:00:00
TOPIX            2025-04-09 05:00:00
KOSDAQ*          2025-04-09 05:00:00
EURIBOR          2025-04-09 13:00:00
EU-DJ-TECH       2025-04-09 14:00:00
EUROSTX-LARGE    2025-04-09 14:00:00
EUROSTX200-LARGE 2025-04-09 14:00:00
BONO             2025-04-09 15:00:00
ALUMINIUM_LME    2025-04-09 15:00:00
GILT             2025-04-09 15:00:00
IBEX             2025-04-09 15:00:00
EU-RETAIL        2025-04-09 15:00:00
WHEAT_ICE        2025-04-09 15:00:00
ZINC_LME         2025-04-09 15:00:00
EUA              2025-04-09 15:00:00
FTSE250          2025-04-09 15:00:00
FTSE100          2025-04-09 15:00:00
EURIBOR-ICE      2025-04-09 15:00:00
HEATOIL-ICE      2025-04-09 15:00:00
GASOIL           2025-04-09 15:00:00
CH10             2025-04-09 15:00:00
EU-CHEM          2025-04-09 15:00:00
NICKEL_LME       2025-04-09 15:00:00
MSCIWORLD        2025-04-09 15:00:00
COPPER_LME       2025-04-09 15:00:00
IBEX_mini        2025-04-09 15:00:00
COCOA_LDN        2025-04-09 15:00:00
CRUDE_ICE        2025-04-09 15:00:00
MILLWHEAT        2025-04-09 15:00:00
SARONA           2025-04-09 15:00:00
MIB              2025-04-09 15:00:00
LEAD_LME         2025-04-09 15:00:00
ROBUSTA          2025-04-09 15:00:00
BRENT_W          2025-04-09 15:00:00
SONIA3           2025-04-09 15:00:00
COAL             2025-04-09 15:00:00
OAT              2025-04-09 16:00:00
SHATZ            2025-04-09 16:00:00
SMI              2025-04-09 16:00:00
MSCIASIA         2025-04-09 16:00:00
EUROSTX-SMALL    2025-04-09 16:00:00
GASOILINE_ICE    2025-04-09 16:00:00
GASOILINE_micro  2025-04-09 16:00:00
V2X              2025-04-09 16:00:00
SUGAR16          2025-04-09 16:00:00
SMI-MID          2025-04-09 16:00:00
SUGAR_WHITE      2025-04-09 16:00:00
AEX              2025-04-09 16:00:00
EURO600          2025-04-09 16:00:00
EU-AUTO          2025-04-09 16:00:00
BUND             2025-04-09 16:00:00
BUTTER           2025-04-09 16:00:00
BUXL             2025-04-09 16:00:00
EU-MEDIA         2025-04-09 16:00:00
CAC              2025-04-09 16:00:00
EU-BANKS*        2025-04-09 16:00:00
EU-BASIC         2025-04-09 16:00:00
EU-INSURE        2025-04-09 16:00:00
EU-HOUSE         2025-04-09 16:00:00
EU-HEALTH        2025-04-09 16:00:00
EU-FOOD          2025-04-09 16:00:00
EU-CONSTRUCTION  2025-04-09 16:00:00
EU-DJ-UTIL       2025-04-09 16:00:00
EU-DJ-TELECOM    2025-04-09 16:00:00
EU-DJ-OIL        2025-04-09 16:00:00
EUROSTX          2025-04-09 16:00:00
EU-DIV30         2025-04-09 16:00:00
EU-OIL           2025-04-09 16:00:00
AEX_mini         2025-04-09 16:00:00
DAX              2025-04-09 16:00:00
BOBL             2025-04-09 16:00:00
EU-MID           2025-04-09 16:00:00
BTP              2025-04-09 16:00:00
EU-UTILS         2025-04-09 16:00:00
EU-TRAVEL        2025-04-09 16:00:00
EPRA-EUROPE      2025-04-09 16:00:00
EU-TECH          2025-04-09 16:00:00
EU-REALESTATE    2025-04-09 16:00:00
BTP3             2025-04-09 16:00:00
SUGAR11*         2025-04-09 17:00:00
GICS             2025-04-09 17:00:00
COCOA            2025-04-09 18:00:00
COFFEE           2025-04-09 18:00:00
IRS              2025-04-09 18:00:00
OJ               2025-04-09 18:00:00
CORN             2025-04-09 19:00:00
MSCIEMASIA       2025-04-09 19:00:00
CORN_mini        2025-04-09 19:00:00
OATIES           2025-04-09 19:00:00
CHFJPY           2025-04-09 19:00:00
CANOLA           2025-04-09 19:00:00
R1000            2025-04-09 19:00:00
WHEY             2025-04-09 19:00:00
WHEAT_mini       2025-04-09 19:00:00
WHEAT            2025-04-09 19:00:00
AUDJPY           2025-04-09 19:00:00
BBCOMM           2025-04-09 19:00:00
BRE              2025-04-09 19:00:00
STEEL            2025-04-09 19:00:00
SOYOIL           2025-04-09 19:00:00
SOYMEAL          2025-04-09 19:00:00
SOYBEAN_mini     2025-04-09 19:00:00
SOYBEAN          2025-04-09 19:00:00
CAD2             2025-04-09 19:00:00
COTTON2          2025-04-09 19:00:00
RICE             2025-04-09 19:00:00
REDWHEAT         2025-04-09 19:00:00
PLN              2025-04-09 19:00:00
MILK             2025-04-09 19:00:00
NOK              2025-04-09 19:00:00
INR              2025-04-09 19:00:00
HIGHYIELD        2025-04-09 19:00:00
DX               2025-04-09 19:00:00
EURCAD           2025-04-09 19:00:00
FEEDCOW          2025-04-09 19:00:00
GAS-PEN*         2025-04-09 19:00:00
EURAUD           2025-04-09 19:00:00
LIVECOW*         2025-04-09 19:00:00
LEANHOG          2025-04-09 19:00:00
KRWUSD           2025-04-09 19:00:00
GASOILINE        2025-04-09 20:00:00
US-HEALTH        2025-04-09 20:00:00
US-ENERGY        2025-04-09 20:00:00
US-DISCRETE      2025-04-09 20:00:00
AUD_micro        2025-04-09 20:00:00
EURCHF           2025-04-09 20:00:00
BITCOIN*         2025-04-09 20:00:00
SP500            2025-04-09 20:00:00
US-INDUSTRY      2025-04-09 20:00:00
BRENT-LAST       2025-04-09 20:00:00
EUR              2025-04-09 20:00:00
GAS-LAST         2025-04-09 20:00:00
SP500_micro      2025-04-09 20:00:00
SP400            2025-04-09 20:00:00
US-MATERIAL      2025-04-09 20:00:00
LUMBER-new       2025-04-09 20:00:00
US-STAPLES       2025-04-09 20:00:00
EUR_micro        2025-04-09 20:00:00
ZAR              2025-04-09 20:00:00
YENEUR*          2025-04-09 20:00:00
EUR_mini         2025-04-09 20:00:00
FANG             2025-04-09 20:00:00
ALUMINIUM*       2025-04-09 20:00:00
FED              2025-04-09 20:00:00
AUD              2025-04-09 20:00:00
VIX_mini         2025-04-09 20:00:00
VIX              2025-04-09 20:00:00
US5              2025-04-09 20:00:00
US30             2025-04-09 20:00:00
US3              2025-04-09 20:00:00
US20             2025-04-09 20:00:00
US2              2025-04-09 20:00:00
US10U            2025-04-09 20:00:00
US10             2025-04-09 20:00:00
US-UTILS         2025-04-09 20:00:00
GAS_US_mini      2025-04-09 20:00:00
US-REALESTATE    2025-04-09 20:00:00
GBP*             2025-04-09 20:00:00
GAS_US           2025-04-09 20:00:00
GBPEUR           2025-04-09 20:00:00
JPY              2025-04-09 20:00:00
NZD*             2025-04-09 20:00:00
JPY_mini         2025-04-09 20:00:00
GBPCHF           2025-04-09 20:00:00
ETHER-micro      2025-04-09 20:00:00
NASDAQ_micro*    2025-04-09 20:00:00
NASDAQ           2025-04-09 20:00:00
MXP              2025-04-09 20:00:00
ETHEREUM         2025-04-09 20:00:00
COPPER           2025-04-09 20:00:00
COPPER-mini      2025-04-09 20:00:00
DOW_mini         2025-04-09 20:00:00
DOW*             2025-04-09 20:00:00
MSCIEAFA         2025-04-09 20:00:00
CRUDE_W_mini     2025-04-09 20:00:00
CRUDE_W          2025-04-09 20:00:00
MILKDRY          2025-04-09 20:00:00
CRUDE_W_micro*   2025-04-09 20:00:00
COPPER-micro*    2025-04-09 20:00:00
CHF              2025-04-09 20:00:00
CHF_micro        2025-04-09 20:00:00
PLAT             2025-04-09 20:00:00
SOFR             2025-04-09 20:00:00
GBPJPY           2025-04-09 20:00:00
GBP_micro        2025-04-09 20:00:00
PALLAD           2025-04-09 20:00:00
GOLD             2025-04-09 20:00:00
CAD*             2025-04-09 20:00:00
CAD10*           2025-04-09 20:00:00
GOLD-mini        2025-04-09 20:00:00
SEK              2025-04-09 20:00:00
SILVER*          2025-04-09 20:00:00
RUSSELL_mini     2025-04-09 20:00:00
RUSSELL*         2025-04-09 20:00:00
CAD_micro        2025-04-09 20:00:00
GOLD_micro       2025-04-09 20:00:00
CHEESE           2025-04-09 20:00:00
HEATOIL          2025-04-09 20:00:00
IG               2025-04-09 20:00:00
CAD5             2025-04-09 20:00:00
CHFUSD           2025-04-09 23:00:00
JPYUSD           2025-04-09 23:00:00
EURUSD           2025-04-09 23:00:00
CADUSD           2025-04-09 23:00:00
KRWUSD           2025-04-09 23:00:00
SGDUSD           2025-04-09 23:00:00
SEKUSD           2025-04-09 23:00:00
GBPUSD           2025-04-09 23:00:00
MXPUSD           2025-04-09 23:00:00
HKDUSD           2025-04-09 23:00:00
CNHUSD           2025-04-09 23:00:00
AUDUSD           2025-04-09 23:00:00


============================================================
           Status of optimal position generation            
============================================================

                                                 last_update
dynamic_TF_carry/SGX              2024-12-02 22:31:28.544775
dynamic_TF_carry/AUD_micro        2025-04-09 22:31:33.694876
dynamic_TF_carry/EU-BASIC         2025-04-09 22:31:33.695130
dynamic_TF_carry/NOK              2025-04-09 22:31:33.695368
dynamic_TF_carry/US-REALESTATE    2025-04-09 22:31:33.695601
dynamic_TF_carry/KR3              2025-04-09 22:31:33.695831
dynamic_TF_carry/EU-TECH          2025-04-09 22:31:33.696061
dynamic_TF_carry/EUROSTX200-LARGE 2025-04-09 22:31:33.696292
dynamic_TF_carry/CAD10            2025-04-09 22:31:33.696519
dynamic_TF_carry/COFFEE           2025-04-09 22:31:33.696748
dynamic_TF_carry/COPPER-micro     2025-04-09 22:31:33.696976
dynamic_TF_carry/SWISSLEAD        2025-04-09 22:31:33.697205
dynamic_TF_carry/SOYBEAN_mini     2025-04-09 22:31:33.697433
dynamic_TF_carry/BRENT_W          2025-04-09 22:31:33.697661
dynamic_TF_carry/US30             2025-04-09 22:31:33.697891
dynamic_TF_carry/IRON             2025-04-09 22:31:33.698119
dynamic_TF_carry/LEAD_LME         2025-04-09 22:31:33.698348
dynamic_TF_carry/WHEAT_ICE        2025-04-09 22:31:33.698582
dynamic_TF_carry/HANGENT_mini     2025-04-09 22:31:33.698810
dynamic_TF_carry/KR10             2025-04-09 22:31:33.699039
dynamic_TF_carry/EURO600          2025-04-09 22:31:33.699268
dynamic_TF_carry/EU-MEDIA         2025-04-09 22:31:33.699496
dynamic_TF_carry/SGD              2025-04-09 22:31:33.699725
dynamic_TF_carry/BUXL             2025-04-09 22:31:33.699952
dynamic_TF_carry/AUDJPY           2025-04-09 22:31:33.700180
dynamic_TF_carry/EURAUD           2025-04-09 22:31:33.700407
dynamic_TF_carry/R1000            2025-04-09 22:31:33.700633
dynamic_TF_carry/REDWHEAT         2025-04-09 22:31:33.700861
dynamic_TF_carry/US10U            2025-04-09 22:31:33.701089
dynamic_TF_carry/SARONA           2025-04-09 22:31:33.701317
dynamic_TF_carry/GBPJPY           2025-04-09 22:31:33.701546
dynamic_TF_carry/BBCOMM           2025-04-09 22:31:33.701775
dynamic_TF_carry/MSCIASIA         2025-04-09 22:31:33.702002
dynamic_TF_carry/BRENT-LAST       2025-04-09 22:31:33.702230
dynamic_TF_carry/ALUMINIUM        2025-04-09 22:31:33.702691
dynamic_TF_carry/BONO             2025-04-09 22:31:33.702919
dynamic_TF_carry/CHFJPY           2025-04-09 22:31:33.703147
dynamic_TF_carry/KRWUSD           2025-04-09 22:31:33.703376
dynamic_TF_carry/BOVESPA          2025-04-09 22:31:33.703606
dynamic_TF_carry/MSCIWORLD        2025-04-09 22:31:33.703835
dynamic_TF_carry/SMI-MID          2025-04-09 22:31:33.704064
dynamic_TF_carry/JGB              2025-04-09 22:31:33.704293
dynamic_TF_carry/US-HEALTH        2025-04-09 22:31:33.704522
dynamic_TF_carry/EU-CONSTRUCTION  2025-04-09 22:31:33.704751
dynamic_TF_carry/SEK              2025-04-09 22:31:33.704980
dynamic_TF_carry/BUND             2025-04-09 22:31:33.705208
dynamic_TF_carry/CNH              2025-04-09 22:31:33.705435
dynamic_TF_carry/US5              2025-04-09 22:31:33.705663
dynamic_TF_carry/EURCHF           2025-04-09 22:31:33.705890
dynamic_TF_carry/FTSECHINAA       2025-04-09 22:31:33.706117
dynamic_TF_carry/CZK              2025-04-09 22:31:33.706344
dynamic_TF_carry/DOW              2025-04-09 22:31:33.706575
dynamic_TF_carry/MILKDRY          2025-04-09 22:31:33.706804
dynamic_TF_carry/CAD2             2025-04-09 22:31:33.707032
dynamic_TF_carry/GBPCHF           2025-04-09 22:31:33.707260
dynamic_TF_carry/ZAR              2025-04-09 22:31:33.707488
dynamic_TF_carry/EU-INSURE        2025-04-09 22:31:33.707942
dynamic_TF_carry/MSCIEAFA         2025-04-09 22:31:33.708169
dynamic_TF_carry/BUTTER           2025-04-09 22:31:33.708397
dynamic_TF_carry/COTTON           2025-04-09 22:31:33.708625
dynamic_TF_carry/US20             2025-04-09 22:31:33.709084
dynamic_TF_carry/EUA              2025-04-09 22:31:33.709313
dynamic_TF_carry/EU-BANKS         2025-04-09 22:31:33.709541
dynamic_TF_carry/EUR_micro        2025-04-09 22:31:33.709768
dynamic_TF_carry/IRS              2025-04-09 22:31:33.709996
dynamic_TF_carry/TIN_LME          2025-04-09 22:31:33.710222
dynamic_TF_carry/KRWUSD_mini      2025-04-09 22:31:33.710454
dynamic_TF_carry/COAL             2025-04-09 22:31:33.710683
dynamic_TF_carry/MSCITAIWAN       2025-04-09 22:31:33.710912
dynamic_TF_carry/US-UTILS         2025-04-09 22:31:33.711141
dynamic_TF_carry/EU-DIV30         2025-04-09 22:31:33.711368
dynamic_TF_carry/SP400            2025-04-09 22:31:33.711597
dynamic_TF_carry/SOYBEAN          2025-04-09 22:31:33.711825
dynamic_TF_carry/EU-AUTO          2025-04-09 22:31:33.712051
dynamic_TF_carry/OMX              2025-04-09 22:31:33.712279
dynamic_TF_carry/EU-HEALTH        2025-04-09 22:31:33.712505
dynamic_TF_carry/RUR              2025-04-09 22:31:33.712735
dynamic_TF_carry/CRUDE_W_mini     2025-04-09 22:31:33.712963
dynamic_TF_carry/SP500_micro      2025-04-09 22:31:33.713192
dynamic_TF_carry/GASOIL           2025-04-09 22:31:33.713419
dynamic_TF_carry/US-MATERIAL      2025-04-09 22:31:33.713648
dynamic_TF_carry/FTSETAIWAN       2025-04-09 22:31:33.713876
dynamic_TF_carry/SONIA3           2025-04-09 22:31:33.714105
dynamic_TF_carry/ZINC_LME         2025-04-09 22:31:33.714333
dynamic_TF_carry/EUROSTX-SMALL    2025-04-09 22:31:33.714565
dynamic_TF_carry/RUBBER           2025-04-09 22:31:33.714792
dynamic_TF_carry/STEEL            2025-04-09 22:31:33.715020
dynamic_TF_carry/NIKKEI400        2025-04-09 22:31:33.715246
dynamic_TF_carry/SOYOIL           2025-04-09 22:31:33.715474
dynamic_TF_carry/DX               2025-04-09 22:31:33.715701
dynamic_TF_carry/US3              2025-04-09 22:31:33.715931
dynamic_TF_carry/MUMMY            2025-04-09 22:31:33.716158
dynamic_TF_carry/SOYMEAL          2025-04-09 22:31:33.716388
dynamic_TF_carry/TOPIX            2025-04-09 22:31:33.716618
dynamic_TF_carry/FTSEINDO         2025-04-09 22:31:33.716848
dynamic_TF_carry/EUR              2025-04-09 22:31:33.717076
dynamic_TF_carry/CHINAA-CON       2025-04-09 22:31:33.717303
dynamic_TF_carry/GOLD_micro       2025-04-09 22:31:33.717756
dynamic_TF_carry/LEANHOG          2025-04-09 22:31:33.717985
dynamic_TF_carry/SHATZ            2025-04-09 22:31:33.718213
dynamic_TF_carry/JPY              2025-04-09 22:31:33.718444
dynamic_TF_carry/GILT             2025-04-09 22:31:33.718674
dynamic_TF_carry/CAD              2025-04-09 22:31:33.718902
dynamic_TF_carry/US2              2025-04-09 22:31:33.719129
dynamic_TF_carry/EPRA-EUROPE      2025-04-09 22:31:33.719355
dynamic_TF_carry/CAC              2025-04-09 22:31:33.719584
dynamic_TF_carry/COAL-GEORDIE     2025-04-09 22:31:33.719812
dynamic_TF_carry/WHEAT            2025-04-09 22:31:33.720040
dynamic_TF_carry/ETHANOL          2025-04-09 22:31:33.720269
dynamic_TF_carry/SUGAR16          2025-04-09 22:31:33.720496
dynamic_TF_carry/WHEY             2025-04-09 22:31:33.720721
dynamic_TF_carry/YENEUR           2025-04-09 22:31:33.720948
dynamic_TF_carry/LIVECOW          2025-04-09 22:31:33.721176
dynamic_TF_carry/BOBL             2025-04-09 22:31:33.721404
dynamic_TF_carry/FED              2025-04-09 22:31:33.721630
dynamic_TF_carry/HEATOIL          2025-04-09 22:31:33.721857
dynamic_TF_carry/KOSPI            2025-04-09 22:31:33.722086
dynamic_TF_carry/FTSEVIET         2025-04-09 22:31:33.722312
dynamic_TF_carry/CH10             2025-04-09 22:31:33.722571
dynamic_TF_carry/EU-OIL           2025-04-09 22:31:33.722801
dynamic_TF_carry/KOSDAQ           2025-04-09 22:31:33.723030
dynamic_TF_carry/EU-DJ-UTIL       2025-04-09 22:31:33.723260
dynamic_TF_carry/OATIES           2025-04-09 22:31:33.723486
dynamic_TF_carry/PALLAD           2025-04-09 22:31:33.723715
dynamic_TF_carry/INR              2025-04-09 22:31:33.723947
dynamic_TF_carry/BTP3             2025-04-09 22:31:33.724174
dynamic_TF_carry/GAS-PEN          2025-04-09 22:31:33.724402
dynamic_TF_carry/US10             2025-04-09 22:31:33.724630
dynamic_TF_carry/SMI              2025-04-09 22:31:33.724857
dynamic_TF_carry/FTSECHINAH       2025-04-09 22:31:33.725086
dynamic_TF_carry/RICE             2025-04-09 22:31:33.725315
dynamic_TF_carry/NIKKEI           2025-04-09 22:31:33.725543
dynamic_TF_carry/HIGHYIELD        2025-04-09 22:31:33.725775
dynamic_TF_carry/JP-REALESTATE    2025-04-09 22:31:33.726231
dynamic_TF_carry/COCOA_LDN        2025-04-09 22:31:33.726465
dynamic_TF_carry/ROBUSTA          2025-04-09 22:31:33.726693
dynamic_TF_carry/MILLWHEAT        2025-04-09 22:31:33.726919
dynamic_TF_carry/MILKWET          2025-04-09 22:31:33.727147
dynamic_TF_carry/CANOLA           2025-04-09 22:31:33.727375
dynamic_TF_carry/EUROSTX          2025-04-09 22:31:33.727603
dynamic_TF_carry/JGB-SGX-mini     2025-04-09 22:31:33.727829
dynamic_TF_carry/NASDAQ_micro     2025-04-09 22:31:33.728054
dynamic_TF_carry/HANG_mini        2025-04-09 22:31:33.728282
dynamic_TF_carry/COPPER_LME       2025-04-09 22:31:33.728509
dynamic_TF_carry/SUGAR11          2025-04-09 22:31:33.728735
dynamic_TF_carry/AEX              2025-04-09 22:31:33.728962
dynamic_TF_carry/OJ               2025-04-09 22:31:33.729191
dynamic_TF_carry/GBP              2025-04-09 22:31:33.729419
dynamic_TF_carry/CRUDE_W_micro    2025-04-09 22:31:33.729646
dynamic_TF_carry/DAX              2025-04-09 22:31:33.729874
dynamic_TF_carry/EU-TRAVEL        2025-04-09 22:31:33.730101
dynamic_TF_carry/PLN              2025-04-09 22:31:33.730562
dynamic_TF_carry/EU-FOOD          2025-04-09 22:31:33.731018
dynamic_TF_carry/IG               2025-04-09 22:31:33.731247
dynamic_TF_carry/LUMBER-new       2025-04-09 22:31:33.731476
dynamic_TF_carry/OAT              2025-04-09 22:31:33.731706
dynamic_TF_carry/SOFR             2025-04-09 22:31:33.731935
dynamic_TF_carry/BRE              2025-04-09 22:31:33.732165
dynamic_TF_carry/V2X              2025-04-09 22:31:33.732393
dynamic_TF_carry/EURIBOR-ICE      2025-04-09 22:31:33.732622
dynamic_TF_carry/COTTON2          2025-04-09 22:31:33.732849
dynamic_TF_carry/CHEESE           2025-04-09 22:31:33.733079
dynamic_TF_carry/GICS             2025-04-09 22:31:33.733310
dynamic_TF_carry/RUSSELL          2025-04-09 22:31:33.733539
dynamic_TF_carry/EU-RETAIL        2025-04-09 22:31:33.733771
dynamic_TF_carry/CHF              2025-04-09 22:31:33.733999
dynamic_TF_carry/EU-HOUSE         2025-04-09 22:31:33.734227
dynamic_TF_carry/SUGAR_WHITE      2025-04-09 22:31:33.734460
dynamic_TF_carry/US-STAPLES       2025-04-09 22:31:33.734921
dynamic_TF_carry/EURIBOR          2025-04-09 22:31:33.735149
dynamic_TF_carry/COCOA            2025-04-09 22:31:33.735377
dynamic_TF_carry/MSCISING         2025-04-09 22:31:33.735606
dynamic_TF_carry/GASOILINE        2025-04-09 22:31:33.735834
dynamic_TF_carry/SPI200           2025-04-09 22:31:33.736062
dynamic_TF_carry/CAD5             2025-04-09 22:31:33.736293
dynamic_TF_carry/TWD              2025-04-09 22:31:33.736522
dynamic_TF_carry/EU-MID           2025-04-09 22:31:33.736752
dynamic_TF_carry/DJSTX-SMALL      2025-04-09 22:31:33.736981
dynamic_TF_carry/BITCOIN          2025-04-09 22:31:33.737209
dynamic_TF_carry/BTP              2025-04-09 22:31:33.737438
dynamic_TF_carry/HANGTECH         2025-04-09 22:31:33.737667
dynamic_TF_carry/VNKI             2025-04-09 22:31:33.738126
dynamic_TF_carry/EU-UTILS         2025-04-09 22:31:33.738355
dynamic_TF_carry/SILVER           2025-04-09 22:31:33.738589
dynamic_TF_carry/FANG             2025-04-09 22:31:33.738818
dynamic_TF_carry/ETHEREUM         2025-04-09 22:31:33.739275
dynamic_TF_carry/EU-DJ-TELECOM    2025-04-09 22:31:33.739505
dynamic_TF_carry/GAS-LAST         2025-04-09 22:31:33.739734
dynamic_TF_carry/FEEDCOW          2025-04-09 22:31:33.739963
dynamic_TF_carry/HOUSE-US         2025-04-09 22:31:33.740193
dynamic_TF_carry/NZD              2025-04-09 22:31:33.740422
dynamic_TF_carry/PLAT             2025-04-09 22:31:33.740653
dynamic_TF_carry/US-DISCRETE      2025-04-09 22:31:33.740889
dynamic_TF_carry/US-ENERGY        2025-04-09 22:31:33.741121
dynamic_TF_carry/AUD              2025-04-09 22:31:33.741351
dynamic_TF_carry/KOSPI_mini       2025-04-09 22:31:33.741584
dynamic_TF_carry/COPPER           2025-04-09 22:31:33.741812
dynamic_TF_carry/MILK             2025-04-09 22:31:33.742041
dynamic_TF_carry/MIB              2025-04-09 22:31:33.742270
dynamic_TF_carry/IBEX_mini        2025-04-09 22:31:33.742506
dynamic_TF_carry/MXP              2025-04-09 22:31:33.742735
dynamic_TF_carry/CORN             2025-04-09 22:31:33.742967
dynamic_TF_carry/EUROSTX-LARGE    2025-04-09 22:31:33.743197
dynamic_TF_carry/FTSE100          2025-04-09 22:31:33.743427
dynamic_TF_carry/EU-REALESTATE    2025-04-09 22:31:33.743656
dynamic_TF_carry/EU-CHEM          2025-04-09 22:31:33.743886
dynamic_TF_carry/NICKEL_LME       2025-04-09 22:31:33.744343
dynamic_TF_carry/VIX              2025-04-09 22:31:33.744573
dynamic_TF_carry/CRUDE_ICE        2025-04-09 22:31:33.744802
dynamic_TF_carry/GAS_US_mini      2025-04-09 22:31:33.745032
dynamic_TF_carry/MSCIEMASIA       2025-04-09 22:31:33.745262
dynamic_TF_carry/FTSE250          2025-04-09 22:31:33.745489
dynamic_TF_carry/US-INDUSTRY      2025-04-09 22:31:33.745719
dynamic_TF_carry/CLP              2025-04-09 22:31:33.745948
dynamic_TF_carry/EURCAD           2025-04-09 22:31:33.746178
dynamic_TF_carry/GBPEUR           2025-04-09 22:31:33.746411


======================================================================================================================
                                                Status of trade limits                                                
======================================================================================================================

                   period_days  trade_limit  trades_since_last_reset  trade_capacity_remaining   time_since_last_reset
 GBP                        14            4                      1.0                       3.0  1 days 07:53:32.151487
 FEEDCOW                    30            5                      2.0                       3.0 16 days 07:27:33.228215
 LEANHOG                    14            4                      1.0                       3.0  1 days 07:27:22.862444
 CORN                        1            4                      0.0                       4.0  0 days 00:00:00.000002
 EU-DJ-TELECOM               1            4                      0.0                       4.0  0 days 00:00:00.000002
 EU-DJ-TECH                  1            4                      0.0                       4.0  0 days 00:00:00.000002
 EU-DJ-OIL                   1            4                      0.0                       4.0  0 days 00:00:00.000001
 EU-CONSTRUCTION             1            4                      0.0                       4.0  0 days 00:00:00.000002
 ETHANOL                     1            4                      0.0                       4.0  0 days 00:00:00.000001
 CZK                         1            4                      0.0                       4.0  0 days 00:00:00.000002
 COTTON                      1            4                      0.0                       4.0  0 days 00:00:00.000001
 COPPER-mini                 1            4                      0.0                       4.0  0 days 00:00:00.000002
 CNH-onshore                 1            4                      0.0                       4.0  0 days 00:00:00.000002
 CLP                         1            4                      0.0                       4.0  0 days 00:00:00.000001
 CH10                        1            4                      0.0                       4.0  0 days 00:00:00.000001
 BUTTER                      1            4                      0.0                       4.0  0 days 00:00:00.000002
 BOVESPA                     1            4                      0.0                       4.0  0 days 00:00:00.000001
 BEL20                       1            4                      0.0                       4.0  0 days 00:00:00.000001
 ALUMINIUM                   1            4                      0.0                       4.0  0 days 00:00:00.000002
 YENEUR                     30            4                      0.0                       4.0 22 days 07:57:38.874391
 US30                       30            4                      0.0                       4.0  0 days 00:00:00.000002
 EU-DJ-UTIL                  1            4                      0.0                       4.0  0 days 00:00:00.000001
 EU-HOUSE                    1            4                      0.0                       4.0  0 days 00:00:00.000002
 EU-MID                      1            4                      0.0                       4.0  0 days 00:00:00.000001
 US3                        30            4                      0.0                       4.0  0 days 00:00:00.000001
 US-DISCRETE                 1            4                      0.0                       4.0  0 days 00:00:00.000001
 SMI-MID                     1            4                      0.0                       4.0  0 days 00:00:00.000002
 SGX                         1            4                      0.0                       4.0  0 days 00:00:00.000002
 SGD                         1            4                      0.0                       4.0  0 days 00:00:00.000001
 OMX                         1            4                      0.0                       4.0  0 days 00:00:00.000001
 MSCIASIA                    1            4                      0.0                       4.0  0 days 00:00:00.000002
 MILKWET                     1            4                      0.0                       4.0  0 days 00:00:00.000002
 MILKDRY                     1            4                      0.0                       4.0  0 days 00:00:00.000001
 MID-DAX                     1            4                      0.0                       4.0  0 days 00:00:00.000001
 JP-REALESTATE               1            4                      0.0                       4.0  0 days 00:00:00.000002
 JGB-SGX-mini                1            4                      0.0                       4.0  0 days 00:00:00.000002
 IRS                         1            4                      0.0                       4.0  0 days 00:00:00.000002
 FTSEINDO                    1            4                      0.0                       4.0  0 days 00:00:00.000001
 EUROSTX200-LARGE            1            4                      0.0                       4.0  0 days 00:00:00.000002
 EUROSTX-SMALL               1            4                      0.0                       4.0  0 days 00:00:00.000002
 EUROSTX-LARGE               1            4                      0.0                       4.0  0 days 00:00:00.000001
 EURIBOR                     1            4                      0.0                       4.0  0 days 00:00:00.000001
 EURCHF                      1            4                      0.0                       4.0  0 days 00:00:00.000002
 EU-REALESTATE               1            4                      0.0                       4.0  0 days 00:00:00.000001
 EU-MEDIA                    1            4                      0.0                       4.0  0 days 00:00:00.000002
 US10U                      30            4                      0.0                       4.0  0 days 00:00:00.000002
 SP400                      30            4                      0.0                       4.0  0 days 00:00:00.000002
 SEK                        30            4                      0.0                       4.0  0 days 00:00:00.000002
 GBPEUR                     14            4                      0.0                       4.0  0 days 00:00:00.000002
 GAS-LAST                   14            4                      0.0                       4.0  0 days 00:00:00.000002
 FTSETAIWAN                 14            4                      0.0                       4.0  0 days 00:00:00.000001
 EU-TECH                    14            4                      0.0                       4.0  0 days 00:00:00.000002
 EU-CHEM                    14            4                      0.0                       4.0  0 days 00:00:00.000001
 ETHEREUM                   14            4                      0.0                       4.0  0 days 00:00:00.000001
 CNH                        14            4                      0.0                       4.0  0 days 00:00:00.000001
 BUXL                       14            4                      0.0                       4.0  5 days 14:46:46.485873
 BTP3                       14            4                      0.0                       4.0  0 days 00:00:00.000002
 BRENT-LAST                 14            4                      0.0                       4.0  0 days 00:00:00.000001
 BONO                       14            4                      0.0                       4.0  0 days 00:00:00.000002
 YENEUR                      1            4                      0.0                       4.0  0 days 00:00:00.000001
 US3                         1            4                      0.0                       4.0  0 days 00:00:00.000002
 US10U                       1            4                      0.0                       4.0  0 days 00:00:00.000001
 US-REALESTATE               1            4                      0.0                       4.0  0 days 00:00:00.000001
 TOPIX                       1            4                      0.0                       4.0  0 days 00:00:00.000002
 SP400                       1            4                      0.0                       4.0  0 days 00:00:00.000001
 SEK                         1            4                      0.0                       4.0  0 days 00:00:00.000002
 RUSSELL                     1            4                      0.0                       4.0  0 days 00:00:00.000002
 HEATOIL                    14            4                      0.0                       4.0  0 days 00:00:00.000001
 JGB                        14            4                      0.0                       4.0  0 days 00:00:00.000001
 ZAR                         1            4                      0.0                       4.0  0 days 00:00:00.000001
 NOK                        14            4                      0.0                       4.0  0 days 00:00:00.000001
 NOK                        30            4                      0.0                       4.0  0 days 00:00:00.000001
 JGB                        30            4                      0.0                       4.0  0 days 00:00:00.000002
 HEATOIL                    30            4                      0.0                       4.0  0 days 00:00:00.000002
 GBPEUR                     30            4                      0.0                       4.0  0 days 00:00:00.000001
 GASOILINE                  30            4                      0.0                       4.0  0 days 00:00:00.000001
 GAS-LAST                   30            4                      0.0                       4.0  0 days 00:00:00.000002
 ETHEREUM                   30            4                      0.0                       4.0  0 days 00:00:00.000002
 CHF                        30            4                      0.0                       4.0  0 days 00:00:00.000002
 BUXL                       30            4                      0.0                       4.0  5 days 14:46:46.483112
 US-ENERGY                   1            4                      0.0                       4.0  0 days 00:00:00.000001
 BTP3                       30            4                      0.0                       4.0  0 days 00:00:00.000001
 BONO                       30            4                      0.0                       4.0  0 days 00:00:00.000001
 YENEUR                     14            4                      0.0                       4.0  0 days 00:00:00.000001
 US30                       14            4                      0.0                       4.0  0 days 00:00:00.000001
 US3                        14            4                      0.0                       4.0  0 days 00:00:00.000002
 US10U                      14            4                      0.0                       4.0  0 days 00:00:00.000002
 SP400                      14            4                      0.0                       4.0  0 days 00:00:00.000002
 SEK                        14            4                      0.0                       4.0  0 days 00:00:00.000001
 REDWHEAT                   14            4                      0.0                       4.0  0 days 00:00:00.000002
