
********************************************************************************
                   Status report produced on 03/04/2025 22:56                   
********************************************************************************


Delayed methods: No delays

===============================
 Delayed adjusted / FX prices  
===============================

                    last_update
DJSTX-SMALL 2025-03-20 23:00:00


===============================================
           Delayed optimal positions           
===============================================

                                    last_update
dynamic_TF_carry/SGX 2024-12-02 22:31:28.544775

Instruments at trade limit: No constraints

================================================
         Instruments at position limit          
================================================

                 keys  position pos_limit  spare
124            EURCAD         0       0.0    0.0
57            MILKDRY         0       0.0    0.0
111     EUROSTX-LARGE         0       0.0    0.0
114               RUR         0       0.0    0.0
53              R1000         0       0.0    0.0
115          EU-HOUSE         0       0.0    0.0
51             NASDAQ         0       0.0    0.0
49                CZK         0       0.0    0.0
190           MILKWET         0       0.0    0.0
47                MIB         1       1.0    0.0
46          SWISSLEAD         0       0.0    0.0
224              GICS         0       0.0    0.0
187            GBPJPY         0       0.0    0.0
43         EU-DJ-TECH         0       0.0    0.0
83                OMX         0       0.0    0.0
125           TIN_LME         0       0.0    0.0
219          JGB-mini         0       0.0    0.0
184  EUROSTX200-LARGE         0       0.0    0.0
109         HIGHYIELD         0       0.0    0.0
106   GASOILINE_micro         0       0.0    0.0
85                CLP         0       0.0    0.0
209       COPPER-mini         0       0.0    0.0
166        COPPER_LME         0       0.0    0.0
86             EURCHF         0       0.0    0.0
87              SP400         0       0.0    0.0
207       HEATOIL-ICE         0       0.0    0.0
75                TWD         0       0.0    0.0
96               WHEY         0       0.0    0.0
72             COTTON         0       0.0    0.0
97            SMI-MID         0       0.0    0.0
99             KRWUSD         0       0.0    0.0
69               CH10         0       0.0    0.0
67           HOUSE-US         0       0.0    0.0
194               SEK         0       0.0    0.0
65             BUTTER         0       0.0    0.0
218      COAL-GEORDIE         0       0.0    0.0
39          CHF_micro         0       0.0    0.0
208           ETHANOL         0       0.0    0.0
17                IRS         0       0.0    0.0
171           EU-CHEM         0       0.0    0.0
8     EU-CONSTRUCTION         0       0.0    0.0
14                PLN         0       0.0    0.0
238               NOK         0       0.0    0.0
146               SGX         0       0.0    0.0
149            CHFJPY         0       0.0    0.0
37              STEEL         0       0.0    0.0
19           EU-MEDIA         0       0.0    0.0
151              VNKI         0       0.0    0.0
237              COAL         0       0.0    0.0
179          ETHEREUM         0       0.0    0.0
4         CNH-onshore         0       0.0    0.0
240              BUXL        -1       1.0    0.0
23             AUDJPY         0       0.0    0.0
152           BOVESPA         0       0.0    0.0
25          EU-RETAIL         0       0.0    0.0
36          EU-TRAVEL         0       0.0    0.0
26      EU-DJ-TELECOM         0       0.0    0.0
27        EPRA-EUROPE         0       0.0    0.0
234          TWD-mini         0       0.0    0.0
233          SGD_mini         0       0.0    0.0
183            PALLAD         0       0.0    0.0
135                IG         0       0.0    0.0
24             EURAUD         0       0.0    0.0
232          JPY_mini         0       0.0    0.0
181               JGB         0       0.0    0.0
231          AEX_mini         0       0.0    0.0


=========================================================
         Overrides in database consider deleting         
=========================================================

                                                 override
NICKEL_LME             Override Close because in database
RICE             Override Reduce only because in database
COAL-GEORDIE     Override Reduce only because in database
GAS-LAST         Override Reduce only because in database
VIX_mini         Override Reduce only because in database
ETHANOL          Override Reduce only because in database
COPPER-mini      Override Reduce only because in database
TWD              Override Reduce only because in database
IBEX_mini        Override Reduce only because in database
IBEX             Override Reduce only because in database
GICS             Override Reduce only because in database
STEEL            Override Reduce only because in database
CNH-onshore      Override Reduce only because in database
CRUDE_W_mini     Override Reduce only because in database
VNKI             Override Reduce only because in database
BOVESPA          Override Reduce only because in database
SUGAR16          Override Reduce only because in database
GASOILINE_micro  Override Reduce only because in database

Locked instruments (position mismatch): []

==============================================
Status of adjusted price / FX price collection
==============================================

                         last_update
DJSTX-SMALL      2025-03-20 23:00:00
SGX              2025-03-31 23:00:00
TWD              2025-03-31 23:00:00
CNH-onshore      2025-03-31 23:00:00
GASOILINE_micro  2025-04-02 23:00:00
CHFJPY           2025-04-02 23:00:00
OMX              2025-04-02 23:00:00
PLN              2025-04-02 23:00:00
RUR              2025-04-02 23:00:00
SGD_mini         2025-04-02 23:00:00
COTTON           2025-04-02 23:00:00
GAS-PEN          2025-04-02 23:00:00
CZK              2025-04-02 23:00:00
SUGAR11          2025-04-02 23:00:00
MILKWET          2025-04-02 23:00:00
EUROSTX200-LARGE 2025-04-02 23:00:00
ETHANOL          2025-04-02 23:00:00
SUGAR16          2025-04-02 23:00:00
HOUSE-US         2025-04-02 23:00:00
TWD-mini         2025-04-02 23:00:00
LEAD_LME         2025-04-02 23:00:00
SWISSLEAD        2025-04-02 23:00:00
BOVESPA          2025-04-02 23:00:00
MILKDRY          2025-04-02 23:00:00
CLP              2025-04-02 23:00:00
SGD              2025-04-03 01:00:00
FTSEINDO         2025-04-03 02:00:00
JP-REALESTATE    2025-04-03 03:00:00
MSCITAIWAN       2025-04-03 04:00:00
HANG_mini        2025-04-03 04:00:00
HANGTECH         2025-04-03 04:00:00
HANGENT          2025-04-03 04:00:00
KRWUSD_mini      2025-04-03 04:00:00
HANG             2025-04-03 04:00:00
HANGENT_mini     2025-04-03 04:00:00
FTSECHINAH       2025-04-03 04:00:00
KR3              2025-04-03 04:00:00
VNKI             2025-04-03 04:00:00
SPI200           2025-04-03 04:00:00
FTSEVIET         2025-04-03 04:00:00
JGB-mini         2025-04-03 04:30:00
CHINAA-CON       2025-04-03 05:00:00
FTSECHINAA       2025-04-03 05:00:00
FTSETAIWAN       2025-04-03 05:00:00
TOPIX*           2025-04-03 05:00:00
JGB              2025-04-03 05:00:00
KOSPI_mini       2025-04-03 05:00:00
KOSPI            2025-04-03 05:00:00
MSCISING*        2025-04-03 05:00:00
JGB-SGX-mini     2025-04-03 05:00:00
RUBBER           2025-04-03 05:00:00
MUMMY*           2025-04-03 05:00:00
NIKKEI*          2025-04-03 05:00:00
NIKKEI400        2025-04-03 05:00:00
KOSDAQ*          2025-04-03 05:00:00
IRON             2025-04-03 05:00:00
CNH              2025-04-03 05:00:00
KR10             2025-04-03 05:00:00
TIN_LME          2025-04-03 07:00:00
CH10             2025-04-03 07:30:00
MSCIWORLD        2025-04-03 08:00:00
EPRA-EUROPE      2025-04-03 11:00:00
EU-MID           2025-04-03 14:00:00
COAL-GEORDIE     2025-04-03 14:00:00
EU-RETAIL        2025-04-03 14:00:00
EUROSTX-SMALL    2025-04-03 14:00:00
EU-HOUSE         2025-04-03 14:00:00
EUA              2025-04-03 15:00:00
GILT             2025-04-03 15:00:00
EURIBOR          2025-04-03 15:00:00
EURIBOR-ICE      2025-04-03 15:00:00
GASOIL           2025-04-03 15:00:00
EU-MEDIA         2025-04-03 15:00:00
IBEX             2025-04-03 15:00:00
HEATOIL-ICE      2025-04-03 15:00:00
MILLWHEAT        2025-04-03 15:00:00
EU-DJ-TELECOM    2025-04-03 15:00:00
ZINC_LME         2025-04-03 15:00:00
ALUMINIUM_LME    2025-04-03 15:00:00
SONIA3           2025-04-03 15:00:00
SMI-MID          2025-04-03 15:00:00
SARONA           2025-04-03 15:00:00
ROBUSTA          2025-04-03 15:00:00
IBEX_mini        2025-04-03 15:00:00
OJ               2025-04-03 15:00:00
COAL             2025-04-03 15:00:00
FTSE100          2025-04-03 15:00:00
COCOA_LDN        2025-04-03 15:00:00
NICKEL_LME       2025-04-03 15:00:00
COPPER_LME       2025-04-03 15:00:00
CRUDE_ICE        2025-04-03 15:00:00
FTSE250          2025-04-03 15:00:00
MIB*             2025-04-03 15:00:00
EU-CHEM          2025-04-03 15:00:00
EU-DJ-TECH       2025-04-03 15:00:00
MSCIASIA         2025-04-03 16:00:00
SHATZ            2025-04-03 16:00:00
SMI              2025-04-03 16:00:00
SUGAR_WHITE      2025-04-03 16:00:00
V2X              2025-04-03 16:00:00
WHEAT_ICE        2025-04-03 16:00:00
OAT              2025-04-03 16:00:00
GASOILINE_ICE    2025-04-03 16:00:00
AEX              2025-04-03 16:00:00
BUND             2025-04-03 16:00:00
EU-TRAVEL        2025-04-03 16:00:00
EU-OIL           2025-04-03 16:00:00
EU-UTILS         2025-04-03 16:00:00
EU-INSURE        2025-04-03 16:00:00
EU-HEALTH        2025-04-03 16:00:00
EU-FOOD          2025-04-03 16:00:00
EU-DJ-UTIL       2025-04-03 16:00:00
EU-DJ-OIL        2025-04-03 16:00:00
EU-DIV30         2025-04-03 16:00:00
EU-CONSTRUCTION  2025-04-03 16:00:00
EU-BASIC         2025-04-03 16:00:00
EU-TECH          2025-04-03 16:00:00
EU-BANKS         2025-04-03 16:00:00
DAX*             2025-04-03 16:00:00
BOBL             2025-04-03 16:00:00
BONO             2025-04-03 16:00:00
BRENT_W          2025-04-03 16:00:00
BTP              2025-04-03 16:00:00
EURO600          2025-04-03 16:00:00
EUROSTX          2025-04-03 16:00:00
BTP3             2025-04-03 16:00:00
EUROSTX-LARGE    2025-04-03 16:00:00
CAC              2025-04-03 16:00:00
BUXL*            2025-04-03 16:00:00
AEX_mini         2025-04-03 16:00:00
EU-AUTO          2025-04-03 16:00:00
EU-REALESTATE    2025-04-03 16:00:00
IRS              2025-04-03 17:00:00
KRWUSD           2025-04-03 17:00:00
WHEY             2025-04-03 17:00:00
EURAUD           2025-04-03 17:00:00
EURCAD           2025-04-03 18:00:00
COFFEE           2025-04-03 18:00:00
GICS             2025-04-03 18:00:00
COCOA            2025-04-03 18:00:00
STEEL            2025-04-03 18:00:00
COTTON2          2025-04-03 19:00:00
CORN             2025-04-03 19:00:00
BBCOMM           2025-04-03 19:00:00
WHEAT_mini       2025-04-03 19:00:00
NOK              2025-04-03 19:00:00
EURCHF           2025-04-03 19:00:00
OATIES           2025-04-03 19:00:00
FEEDCOW*         2025-04-03 19:00:00
HIGHYIELD        2025-04-03 19:00:00
CHEESE           2025-04-03 19:00:00
R1000            2025-04-03 19:00:00
REDWHEAT         2025-04-03 19:00:00
RICE             2025-04-03 19:00:00
CANOLA           2025-04-03 19:00:00
SOYOIL           2025-04-03 19:00:00
SOYMEAL          2025-04-03 19:00:00
CAD2             2025-04-03 19:00:00
SOYBEAN_mini     2025-04-03 19:00:00
SOYBEAN          2025-04-03 19:00:00
GAS-LAST         2025-04-03 19:00:00
MSCIEMASIA       2025-04-03 19:00:00
US-DISCRETE      2025-04-03 19:00:00
CORN_mini        2025-04-03 19:00:00
CHF_micro        2025-04-03 19:00:00
ALUMINIUM        2025-04-03 19:00:00
MILK             2025-04-03 19:00:00
LUMBER-new       2025-04-03 19:00:00
GBPCHF           2025-04-03 19:00:00
LIVECOW          2025-04-03 19:00:00
LEANHOG*         2025-04-03 19:00:00
WHEAT            2025-04-03 19:00:00
AUDJPY           2025-04-03 19:00:00
US-STAPLES       2025-04-03 19:00:00
DX               2025-04-03 19:00:00
BUTTER           2025-04-03 19:00:00
INR              2025-04-03 19:00:00
SP500            2025-04-03 20:00:00
SP400            2025-04-03 20:00:00
US5              2025-04-03 20:00:00
US30             2025-04-03 20:00:00
US3              2025-04-03 20:00:00
US20             2025-04-03 20:00:00
YENEUR*          2025-04-03 20:00:00
ZAR              2025-04-03 20:00:00
SOFR             2025-04-03 20:00:00
US10U            2025-04-03 20:00:00
VIX              2025-04-03 20:00:00
US-HEALTH        2025-04-03 20:00:00
US10             2025-04-03 20:00:00
US-UTILS         2025-04-03 20:00:00
SP500_micro*     2025-04-03 20:00:00
US-ENERGY        2025-04-03 20:00:00
US-REALESTATE    2025-04-03 20:00:00
US-MATERIAL      2025-04-03 20:00:00
BRENT-LAST       2025-04-03 20:00:00
BRE              2025-04-03 20:00:00
BITCOIN*         2025-04-03 20:00:00
US-INDUSTRY      2025-04-03 20:00:00
US2              2025-04-03 20:00:00
AUD_micro        2025-04-03 20:00:00
VIX_mini         2025-04-03 20:00:00
AUD              2025-04-03 20:00:00
FED              2025-04-03 20:00:00
CAD*             2025-04-03 20:00:00
ETHEREUM         2025-04-03 20:00:00
JPY_mini         2025-04-03 20:00:00
JPY              2025-04-03 20:00:00
SILVER           2025-04-03 20:00:00
HEATOIL          2025-04-03 20:00:00
EUR              2025-04-03 20:00:00
GOLD_micro       2025-04-03 20:00:00
GOLD-mini        2025-04-03 20:00:00
GOLD             2025-04-03 20:00:00
GBP_micro        2025-04-03 20:00:00
GBPJPY           2025-04-03 20:00:00
GBPEUR           2025-04-03 20:00:00
GBP*             2025-04-03 20:00:00
GAS_US_mini      2025-04-03 20:00:00
GAS_US           2025-04-03 20:00:00
GASOILINE        2025-04-03 20:00:00
EUR_micro        2025-04-03 20:00:00
EUR_mini         2025-04-03 20:00:00
FANG             2025-04-03 20:00:00
ETHER-micro      2025-04-03 20:00:00
DOW_mini         2025-04-03 20:00:00
IG               2025-04-03 20:00:00
CRUDE_W_mini     2025-04-03 20:00:00
CAD10*           2025-04-03 20:00:00
SEK              2025-04-03 20:00:00
RUSSELL_mini     2025-04-03 20:00:00
RUSSELL*         2025-04-03 20:00:00
DOW              2025-04-03 20:00:00
CAD_micro        2025-04-03 20:00:00
PLAT             2025-04-03 20:00:00
PALLAD           2025-04-03 20:00:00
CHF*             2025-04-03 20:00:00
NZD              2025-04-03 20:00:00
CAD5             2025-04-03 20:00:00
COPPER-micro*    2025-04-03 20:00:00
NASDAQ_micro     2025-04-03 20:00:00
NASDAQ           2025-04-03 20:00:00
MXP              2025-04-03 20:00:00
COPPER-mini      2025-04-03 20:00:00
MSCIEAFA         2025-04-03 20:00:00
CRUDE_W          2025-04-03 20:00:00
CRUDE_W_micro*   2025-04-03 20:00:00
COPPER           2025-04-03 20:00:00
CHFUSD           2025-04-03 23:00:00
JPYUSD           2025-04-03 23:00:00
EURUSD           2025-04-03 23:00:00
CADUSD           2025-04-03 23:00:00
KRWUSD           2025-04-03 23:00:00
SGDUSD           2025-04-03 23:00:00
SEKUSD           2025-04-03 23:00:00
GBPUSD           2025-04-03 23:00:00
MXPUSD           2025-04-03 23:00:00
HKDUSD           2025-04-03 23:00:00
CNHUSD           2025-04-03 23:00:00
AUDUSD           2025-04-03 23:00:00


============================================================
           Status of optimal position generation            
============================================================

                                                 last_update
dynamic_TF_carry/SGX              2024-12-02 22:31:28.544775
dynamic_TF_carry/GBP              2025-04-03 22:31:38.805694
dynamic_TF_carry/SUGAR11          2025-04-03 22:31:38.805954
dynamic_TF_carry/DX               2025-04-03 22:31:38.806196
dynamic_TF_carry/SUGAR_WHITE      2025-04-03 22:31:38.806439
dynamic_TF_carry/EUROSTX          2025-04-03 22:31:38.806676
dynamic_TF_carry/US-MATERIAL      2025-04-03 22:31:38.806912
dynamic_TF_carry/ETHANOL          2025-04-03 22:31:38.807147
dynamic_TF_carry/CAC              2025-04-03 22:31:38.807380
dynamic_TF_carry/BITCOIN          2025-04-03 22:31:38.807615
dynamic_TF_carry/OJ               2025-04-03 22:31:38.807849
dynamic_TF_carry/SMI              2025-04-03 22:31:38.808082
dynamic_TF_carry/MSCITAIWAN       2025-04-03 22:31:38.808317
dynamic_TF_carry/EU-CONSTRUCTION  2025-04-03 22:31:38.808551
dynamic_TF_carry/EU-TRAVEL        2025-04-03 22:31:38.808784
dynamic_TF_carry/COPPER-micro     2025-04-03 22:31:38.809017
dynamic_TF_carry/NZD              2025-04-03 22:31:38.809250
dynamic_TF_carry/EUROSTX-SMALL    2025-04-03 22:31:38.809482
dynamic_TF_carry/EU-MID           2025-04-03 22:31:38.809714
dynamic_TF_carry/PLAT             2025-04-03 22:31:38.809946
dynamic_TF_carry/EU-MEDIA         2025-04-03 22:31:38.810178
dynamic_TF_carry/VIX              2025-04-03 22:31:38.810413
dynamic_TF_carry/CRUDE_ICE        2025-04-03 22:31:38.810647
dynamic_TF_carry/OAT              2025-04-03 22:31:38.810880
dynamic_TF_carry/BBCOMM           2025-04-03 22:31:38.811114
dynamic_TF_carry/BRE              2025-04-03 22:31:38.811346
dynamic_TF_carry/FTSECHINAA       2025-04-03 22:31:38.811578
dynamic_TF_carry/STEEL            2025-04-03 22:31:38.811809
dynamic_TF_carry/LIVECOW          2025-04-03 22:31:38.812042
dynamic_TF_carry/WHEAT_ICE        2025-04-03 22:31:38.812274
dynamic_TF_carry/CNH              2025-04-03 22:31:38.812505
dynamic_TF_carry/EU-HEALTH        2025-04-03 22:31:38.812737
dynamic_TF_carry/OATIES           2025-04-03 22:31:38.812969
dynamic_TF_carry/RICE             2025-04-03 22:31:38.813202
dynamic_TF_carry/EU-CHEM          2025-04-03 22:31:38.813666
dynamic_TF_carry/BONO             2025-04-03 22:31:38.813900
dynamic_TF_carry/AUD_micro        2025-04-03 22:31:38.814133
dynamic_TF_carry/PALLAD           2025-04-03 22:31:38.814369
dynamic_TF_carry/RUR              2025-04-03 22:31:38.814602
dynamic_TF_carry/SHATZ            2025-04-03 22:31:38.814834
dynamic_TF_carry/HEATOIL          2025-04-03 22:31:38.815066
dynamic_TF_carry/PLN              2025-04-03 22:31:38.815298
dynamic_TF_carry/FTSEVIET         2025-04-03 22:31:38.815531
dynamic_TF_carry/NIKKEI400        2025-04-03 22:31:38.815763
dynamic_TF_carry/EURCAD           2025-04-03 22:31:38.816228
dynamic_TF_carry/HANGTECH         2025-04-03 22:31:38.816460
dynamic_TF_carry/US-INDUSTRY      2025-04-03 22:31:38.816692
dynamic_TF_carry/US5              2025-04-03 22:31:38.816924
dynamic_TF_carry/HANGENT_mini     2025-04-03 22:31:38.817155
dynamic_TF_carry/MILKWET          2025-04-03 22:31:38.817389
dynamic_TF_carry/IBEX_mini        2025-04-03 22:31:38.817853
dynamic_TF_carry/ETHEREUM         2025-04-03 22:31:38.818086
dynamic_TF_carry/GASOILINE        2025-04-03 22:31:38.818319
dynamic_TF_carry/JGB-SGX-mini     2025-04-03 22:31:38.818556
dynamic_TF_carry/RUSSELL          2025-04-03 22:31:38.818788
dynamic_TF_carry/EU-HOUSE         2025-04-03 22:31:38.819022
dynamic_TF_carry/US-DISCRETE      2025-04-03 22:31:38.819254
dynamic_TF_carry/COTTON           2025-04-03 22:31:38.819487
dynamic_TF_carry/EURCHF           2025-04-03 22:31:38.819721
dynamic_TF_carry/KRWUSD_mini      2025-04-03 22:31:38.819955
dynamic_TF_carry/CH10             2025-04-03 22:31:38.820189
dynamic_TF_carry/BOVESPA          2025-04-03 22:31:38.820423
dynamic_TF_carry/BUXL             2025-04-03 22:31:38.820656
dynamic_TF_carry/CHINAA-CON       2025-04-03 22:31:38.820889
dynamic_TF_carry/FTSE100          2025-04-03 22:31:38.821122
dynamic_TF_carry/TWD              2025-04-03 22:31:38.821355
dynamic_TF_carry/MSCIASIA         2025-04-03 22:31:38.821590
dynamic_TF_carry/EURIBOR          2025-04-03 22:31:38.821823
dynamic_TF_carry/KOSDAQ           2025-04-03 22:31:38.822055
dynamic_TF_carry/CHF              2025-04-03 22:31:38.822288
dynamic_TF_carry/COPPER_LME       2025-04-03 22:31:38.822525
dynamic_TF_carry/GAS_US_mini      2025-04-03 22:31:38.822758
dynamic_TF_carry/CAD              2025-04-03 22:31:38.822993
dynamic_TF_carry/FEEDCOW          2025-04-03 22:31:38.823226
dynamic_TF_carry/MILK             2025-04-03 22:31:38.823459
dynamic_TF_carry/FTSECHINAH       2025-04-03 22:31:38.823694
dynamic_TF_carry/CHFJPY           2025-04-03 22:31:38.823927
dynamic_TF_carry/BRENT_W          2025-04-03 22:31:38.824160
dynamic_TF_carry/FTSEINDO         2025-04-03 22:31:38.824392
dynamic_TF_carry/SOYMEAL          2025-04-03 22:31:38.824624
dynamic_TF_carry/SEK              2025-04-03 22:31:38.824859
dynamic_TF_carry/NIKKEI           2025-04-03 22:31:38.825092
dynamic_TF_carry/V2X              2025-04-03 22:31:38.825325
dynamic_TF_carry/ALUMINIUM        2025-04-03 22:31:38.825558
dynamic_TF_carry/US-UTILS         2025-04-03 22:31:38.825789
dynamic_TF_carry/R1000            2025-04-03 22:31:38.826023
dynamic_TF_carry/SOYBEAN          2025-04-03 22:31:38.826256
dynamic_TF_carry/US20             2025-04-03 22:31:38.826491
dynamic_TF_carry/CORN             2025-04-03 22:31:38.826724
dynamic_TF_carry/EU-BASIC         2025-04-03 22:31:38.826957
dynamic_TF_carry/SONIA3           2025-04-03 22:31:38.827192
dynamic_TF_carry/SUGAR16          2025-04-03 22:31:38.827424
dynamic_TF_carry/FTSE250          2025-04-03 22:31:38.827656
dynamic_TF_carry/SOYBEAN_mini     2025-04-03 22:31:38.827889
dynamic_TF_carry/EU-DJ-UTIL       2025-04-03 22:31:38.828121
dynamic_TF_carry/US2              2025-04-03 22:31:38.828354
dynamic_TF_carry/EUROSTX200-LARGE 2025-04-03 22:31:38.828586
dynamic_TF_carry/CRUDE_W_micro    2025-04-03 22:31:38.828818
dynamic_TF_carry/BTP3             2025-04-03 22:31:38.829284
dynamic_TF_carry/KR3              2025-04-03 22:31:38.829519
dynamic_TF_carry/KOSPI_mini       2025-04-03 22:31:38.829750
dynamic_TF_carry/MIB              2025-04-03 22:31:38.829983
dynamic_TF_carry/US-REALESTATE    2025-04-03 22:31:38.830216
dynamic_TF_carry/MSCISING         2025-04-03 22:31:38.830683
dynamic_TF_carry/GICS             2025-04-03 22:31:38.830918
dynamic_TF_carry/CAD5             2025-04-03 22:31:38.831151
dynamic_TF_carry/TOPIX            2025-04-03 22:31:38.831384
dynamic_TF_carry/BUND             2025-04-03 22:31:38.831617
dynamic_TF_carry/DAX              2025-04-03 22:31:38.831851
dynamic_TF_carry/US10U            2025-04-03 22:31:38.832084
dynamic_TF_carry/EURIBOR-ICE      2025-04-03 22:31:38.832317
dynamic_TF_carry/SP500_micro      2025-04-03 22:31:38.832551
dynamic_TF_carry/LEANHOG          2025-04-03 22:31:38.832784
dynamic_TF_carry/DJSTX-SMALL      2025-04-03 22:31:38.833017
dynamic_TF_carry/CLP              2025-04-03 22:31:38.833248
dynamic_TF_carry/NICKEL_LME       2025-04-03 22:31:38.833479
dynamic_TF_carry/EU-TECH          2025-04-03 22:31:38.833710
dynamic_TF_carry/GILT             2025-04-03 22:31:38.833941
dynamic_TF_carry/COAL-GEORDIE     2025-04-03 22:31:38.834194
dynamic_TF_carry/GAS-LAST         2025-04-03 22:31:38.834431
dynamic_TF_carry/EU-RETAIL        2025-04-03 22:31:38.834664
dynamic_TF_carry/GBPEUR           2025-04-03 22:31:38.834896
dynamic_TF_carry/JPY              2025-04-03 22:31:38.835128
dynamic_TF_carry/GAS-PEN          2025-04-03 22:31:38.835360
dynamic_TF_carry/LEAD_LME         2025-04-03 22:31:38.835591
dynamic_TF_carry/MILLWHEAT        2025-04-03 22:31:38.835824
dynamic_TF_carry/NASDAQ_micro     2025-04-03 22:31:38.836057
dynamic_TF_carry/COTTON2          2025-04-03 22:31:38.836291
dynamic_TF_carry/BTP              2025-04-03 22:31:38.836524
dynamic_TF_carry/VNKI             2025-04-03 22:31:38.836756
dynamic_TF_carry/EU-OIL           2025-04-03 22:31:38.836990
dynamic_TF_carry/MSCIWORLD        2025-04-03 22:31:38.837222
dynamic_TF_carry/SOYOIL           2025-04-03 22:31:38.837453
dynamic_TF_carry/ROBUSTA          2025-04-03 22:31:38.837686
dynamic_TF_carry/US10             2025-04-03 22:31:38.838149
dynamic_TF_carry/BUTTER           2025-04-03 22:31:38.838385
dynamic_TF_carry/GOLD_micro       2025-04-03 22:31:38.838617
dynamic_TF_carry/AEX              2025-04-03 22:31:38.838850
dynamic_TF_carry/FED              2025-04-03 22:31:38.839086
dynamic_TF_carry/EU-FOOD          2025-04-03 22:31:38.839319
dynamic_TF_carry/KRWUSD           2025-04-03 22:31:38.839551
dynamic_TF_carry/CZK              2025-04-03 22:31:38.839787
dynamic_TF_carry/OMX              2025-04-03 22:31:38.840017
dynamic_TF_carry/EUA              2025-04-03 22:31:38.840250
dynamic_TF_carry/WHEAT            2025-04-03 22:31:38.840482
dynamic_TF_carry/AUDJPY           2025-04-03 22:31:38.840715
dynamic_TF_carry/FTSETAIWAN       2025-04-03 22:31:38.840946
dynamic_TF_carry/SPI200           2025-04-03 22:31:38.841179
dynamic_TF_carry/US30             2025-04-03 22:31:38.841411
dynamic_TF_carry/CRUDE_W_mini     2025-04-03 22:31:38.841882
dynamic_TF_carry/EUR_micro        2025-04-03 22:31:38.842347
dynamic_TF_carry/HANG_mini        2025-04-03 22:31:38.842584
dynamic_TF_carry/JGB              2025-04-03 22:31:38.842816
dynamic_TF_carry/CAD10            2025-04-03 22:31:38.843048
dynamic_TF_carry/MXP              2025-04-03 22:31:38.843280
dynamic_TF_carry/EPRA-EUROPE      2025-04-03 22:31:38.843515
dynamic_TF_carry/EURO600          2025-04-03 22:31:38.843749
dynamic_TF_carry/COFFEE           2025-04-03 22:31:38.843984
dynamic_TF_carry/SILVER           2025-04-03 22:31:38.844220
dynamic_TF_carry/COPPER           2025-04-03 22:31:38.844456
dynamic_TF_carry/SP400            2025-04-03 22:31:38.844694
dynamic_TF_carry/GBPJPY           2025-04-03 22:31:38.844932
dynamic_TF_carry/EU-BANKS         2025-04-03 22:31:38.845168
dynamic_TF_carry/DOW              2025-04-03 22:31:38.845408
dynamic_TF_carry/MUMMY            2025-04-03 22:31:38.845644
dynamic_TF_carry/WHEY             2025-04-03 22:31:38.845881
dynamic_TF_carry/COAL             2025-04-03 22:31:38.846118
dynamic_TF_carry/SOFR             2025-04-03 22:31:38.846358
dynamic_TF_carry/BRENT-LAST       2025-04-03 22:31:38.846602
dynamic_TF_carry/HOUSE-US         2025-04-03 22:31:38.846843
dynamic_TF_carry/JP-REALESTATE    2025-04-03 22:31:38.847081
dynamic_TF_carry/ZINC_LME         2025-04-03 22:31:38.847318
dynamic_TF_carry/KOSPI            2025-04-03 22:31:38.847556
dynamic_TF_carry/MILKDRY          2025-04-03 22:31:38.847794
dynamic_TF_carry/GBPCHF           2025-04-03 22:31:38.848028
dynamic_TF_carry/SWISSLEAD        2025-04-03 22:31:38.848263
dynamic_TF_carry/CAD2             2025-04-03 22:31:38.848501
dynamic_TF_carry/CANOLA           2025-04-03 22:31:38.848739
dynamic_TF_carry/US-STAPLES       2025-04-03 22:31:38.848976
dynamic_TF_carry/LUMBER-new       2025-04-03 22:31:38.849218
dynamic_TF_carry/YENEUR           2025-04-03 22:31:38.849455
dynamic_TF_carry/AUD              2025-04-03 22:31:38.849691
dynamic_TF_carry/CHEESE           2025-04-03 22:31:38.849931
dynamic_TF_carry/IG               2025-04-03 22:31:38.850169
dynamic_TF_carry/SMI-MID          2025-04-03 22:31:38.850409
dynamic_TF_carry/INR              2025-04-03 22:31:38.850650
dynamic_TF_carry/GASOIL           2025-04-03 22:31:38.850885
dynamic_TF_carry/EU-AUTO          2025-04-03 22:31:38.851121
dynamic_TF_carry/EU-REALESTATE    2025-04-03 22:31:38.851357
dynamic_TF_carry/EU-UTILS         2025-04-03 22:31:38.851595
dynamic_TF_carry/SARONA           2025-04-03 22:31:38.851829
dynamic_TF_carry/EU-DIV30         2025-04-03 22:31:38.852067
dynamic_TF_carry/US3              2025-04-03 22:31:38.852309
dynamic_TF_carry/SGD              2025-04-03 22:31:38.852548
dynamic_TF_carry/EUR              2025-04-03 22:31:38.852783
dynamic_TF_carry/BOBL             2025-04-03 22:31:38.853022
dynamic_TF_carry/REDWHEAT         2025-04-03 22:31:38.853261
dynamic_TF_carry/COCOA            2025-04-03 22:31:38.853499
dynamic_TF_carry/IRS              2025-04-03 22:31:38.853734
dynamic_TF_carry/EURAUD           2025-04-03 22:31:38.853970
dynamic_TF_carry/KR10             2025-04-03 22:31:38.854205
dynamic_TF_carry/RUBBER           2025-04-03 22:31:38.854447
dynamic_TF_carry/EU-INSURE        2025-04-03 22:31:38.855157
dynamic_TF_carry/IRON             2025-04-03 22:31:38.855395
dynamic_TF_carry/EU-DJ-TELECOM    2025-04-03 22:31:38.855630
dynamic_TF_carry/MSCIEAFA         2025-04-03 22:31:38.855863
dynamic_TF_carry/COCOA_LDN        2025-04-03 22:31:38.856332
dynamic_TF_carry/NOK              2025-04-03 22:31:38.856565
dynamic_TF_carry/TIN_LME          2025-04-03 22:31:38.856797
dynamic_TF_carry/US-ENERGY        2025-04-03 22:31:38.857032
dynamic_TF_carry/EUROSTX-LARGE    2025-04-03 22:31:38.857265
dynamic_TF_carry/US-HEALTH        2025-04-03 22:31:38.857498
dynamic_TF_carry/HIGHYIELD        2025-04-03 22:31:38.857733
dynamic_TF_carry/FANG             2025-04-03 22:31:38.857967
dynamic_TF_carry/MSCIEMASIA       2025-04-03 22:31:38.858203
dynamic_TF_carry/ZAR              2025-04-03 22:31:38.858445


======================================================================================================================
                                                Status of trade limits                                                
======================================================================================================================

                   period_days  trade_limit  trades_since_last_reset  trade_capacity_remaining   time_since_last_reset
 CHF                        30            4                      2.0                       2.0 27 days 07:56:51.950288
 BTP                        30            4                      1.0                       3.0 29 days 14:57:07.255311
 FEEDCOW                    14            4                      1.0                       3.0 10 days 07:27:14.037512
 CRUDE_W_micro               1            4                      1.0                       3.0  0 days 08:57:12.958860
 EU-DJ-UTIL                  1            4                      0.0                       4.0  0 days 00:00:00.000002
 EU-DJ-TELECOM               1            4                      0.0                       4.0  0 days 00:00:00.000001
 EU-DJ-TECH                  1            4                      0.0                       4.0  0 days 00:00:00.000002
 EU-DJ-OIL                   1            4                      0.0                       4.0  0 days 00:00:00.000001
 EU-CONSTRUCTION             1            4                      0.0                       4.0  0 days 00:00:00.000001
 ETHANOL                     1            4                      0.0                       4.0  0 days 00:00:00.000001
 CZK                         1            4                      0.0                       4.0  0 days 00:00:00.000001
 COTTON                      1            4                      0.0                       4.0  0 days 00:00:00.000002
 COPPER-mini                 1            4                      0.0                       4.0  0 days 00:00:00.000001
 CORN                        1            4                      0.0                       4.0  0 days 00:00:00.000003
 CLP                         1            4                      0.0                       4.0  0 days 00:00:00.000002
 CH10                        1            4                      0.0                       4.0  0 days 00:00:00.000001
 BUTTER                      1            4                      0.0                       4.0  0 days 00:00:00.000002
 BOVESPA                     1            4                      0.0                       4.0  0 days 00:00:00.000001
 BEL20                       1            4                      0.0                       4.0  0 days 00:00:00.000001
 ALUMINIUM                   1            4                      0.0                       4.0  0 days 00:00:00.000002
 YENEUR                     30            4                      0.0                       4.0 16 days 07:57:19.682557
 US30                       30            4                      0.0                       4.0  0 days 00:00:00.000002
 CNH-onshore                 1            4                      0.0                       4.0  0 days 00:00:00.000002
 EU-HOUSE                    1            4                      0.0                       4.0  0 days 00:00:00.000002
 EU-MEDIA                    1            4                      0.0                       4.0  0 days 00:00:00.000001
 EU-MID                      1            4                      0.0                       4.0  0 days 00:00:00.000002
 US-ENERGY                   1            4                      0.0                       4.0  0 days 00:00:00.000001
 US-DISCRETE                 1            4                      0.0                       4.0  0 days 00:00:00.000001
 SMI-MID                     1            4                      0.0                       4.0  0 days 00:00:00.000002
 SGX                         1            4                      0.0                       4.0  0 days 00:00:00.000002
 SGD                         1            4                      0.0                       4.0  0 days 00:00:00.000001
 OMX                         1            4                      0.0                       4.0  0 days 00:00:00.000001
 MSCIASIA                    1            4                      0.0                       4.0  0 days 00:00:00.000002
 MILKWET                     1            4                      0.0                       4.0  0 days 00:00:00.000001
 MILKDRY                     1            4                      0.0                       4.0  0 days 00:00:00.000001
 US3                        30            4                      0.0                       4.0  0 days 00:00:00.000001
 MID-DAX                     1            4                      0.0                       4.0  0 days 00:00:00.000002
 JGB-SGX-mini                1            4                      0.0                       4.0  0 days 00:00:00.000002
 IRS                         1            4                      0.0                       4.0  0 days 00:00:00.000001
 FTSEINDO                    1            4                      0.0                       4.0  0 days 00:00:00.000001
 EUROSTX200-LARGE            1            4                      0.0                       4.0  0 days 00:00:00.000002
 EUROSTX-SMALL               1            4                      0.0                       4.0  0 days 00:00:00.000001
 EUROSTX-LARGE               1            4                      0.0                       4.0  0 days 00:00:00.000001
 EURIBOR                     1            4                      0.0                       4.0  0 days 00:00:00.000001
 EURCHF                      1            4                      0.0                       4.0  0 days 00:00:00.000002
 EU-REALESTATE               1            4                      0.0                       4.0  0 days 00:00:00.000001
 JP-REALESTATE               1            4                      0.0                       4.0  0 days 00:00:00.000001
 US10U                      30            4                      0.0                       4.0  0 days 00:00:00.000002
 SP400                      30            4                      0.0                       4.0  0 days 00:00:00.000002
 SEK                        30            4                      0.0                       4.0  0 days 00:00:00.000001
 GBPEUR                     14            4                      0.0                       4.0  0 days 00:00:00.000001
 GAS-LAST                   14            4                      0.0                       4.0  0 days 00:00:00.000002
 FTSETAIWAN                 14            4                      0.0                       4.0  0 days 00:00:00.000002
 EU-TECH                    14            4                      0.0                       4.0  0 days 00:00:00.000002
 EU-CHEM                    14            4                      0.0                       4.0  0 days 00:00:00.000002
 ETHEREUM                   14            4                      0.0                       4.0  0 days 00:00:00.000001
 CNH                        14            4                      0.0                       4.0  0 days 00:00:00.000001
 BUXL                       14            4                      0.0                       4.0  0 days 00:00:00.000002
 BTP3                       14            4                      0.0                       4.0  0 days 00:00:00.000001
 BRENT-LAST                 14            4                      0.0                       4.0 10 days 08:57:13.822025
 BONO                       14            4                      0.0                       4.0  0 days 00:00:00.000002
 YENEUR                      1            4                      0.0                       4.0  0 days 00:00:00.000001
 US3                         1            4                      0.0                       4.0  0 days 00:00:00.000002
 US10U                       1            4                      0.0                       4.0  0 days 00:00:00.000001
 US-REALESTATE               1            4                      0.0                       4.0  0 days 00:00:00.000001
 TOPIX                       1            4                      0.0                       4.0  0 days 00:00:00.000002
 SP400                       1            4                      0.0                       4.0  0 days 00:00:00.000002
 SEK                         1            4                      0.0                       4.0  0 days 00:00:00.000001
 RUSSELL                     1            4                      0.0                       4.0  0 days 00:00:00.000002
 HEATOIL                    14            4                      0.0                       4.0  0 days 00:00:00.000002
 JGB                        14            4                      0.0                       4.0  0 days 00:00:00.000002
 ZAR                         1            4                      0.0                       4.0  0 days 00:00:00.000001
 NOK                        14            4                      0.0                       4.0  0 days 00:00:00.000002
 NOK                        30            4                      0.0                       4.0  0 days 00:00:00.000001
 JGB                        30            4                      0.0                       4.0  0 days 00:00:00.000001
 HEATOIL                    30            4                      0.0                       4.0  0 days 00:00:00.000001
 GBPEUR                     30            4                      0.0                       4.0  0 days 00:00:00.000002
 GASOILINE                  30            4                      0.0                       4.0  0 days 00:00:00.000001
 GAS-LAST                   30            4                      0.0                       4.0  0 days 00:00:00.000002
 FEEDCOW                    30            5                      1.0                       4.0 10 days 07:27:14.036386
 ETHEREUM                   30            4                      0.0                       4.0  0 days 00:00:00.000002
 BUXL                       30            4                      0.0                       4.0  0 days 00:00:00.000001
 US-HEALTH                   1            4                      0.0                       4.0  0 days 00:00:00.000002
 BTP3                       30            4                      0.0                       4.0  0 days 00:00:00.000001
 BONO                       30            4                      0.0                       4.0  0 days 00:00:00.000001
 YENEUR                     14            4                      0.0                       4.0  0 days 00:00:00.000001
 US30                       14            4                      0.0                       4.0  0 days 00:00:00.000002
 US3                        14            4                      0.0                       4.0  0 days 00:00:00.000001
 US10U                      14            4                      0.0                       4.0  0 days 00:00:00.000001
 SP400                      14            4                      0.0                       4.0  0 days 00:00:00.000002
