
********************************************************************************
                   Status report produced on 10/09/2025 22:56                   
********************************************************************************



================================================================================================================================
                                                        Delayed methods                                                         
================================================================================================================================

                                                  process_name              last_start                last_end currently_running
safe_stack_removal                           run_stack_handler 2025-09-02 19:30:00.833 2025-09-02 19:30:00.981             False
refresh_additional_sampling_all_instruments  run_stack_handler 2025-09-03 14:01:03.986 2025-09-03 14:01:48.374             False
handle_completed_orders                      run_stack_handler 2025-09-03 14:59:58.984 2025-09-03 14:59:58.994             False


=============================
Delayed adjusted / FX prices 
=============================

                  last_update
RUR       2025-06-12 23:00:02
IG        2025-08-22 19:00:01
HIGHYIELD 2025-08-22 19:00:01
BONO      2025-09-05 23:00:00


===============================================
           Delayed optimal positions           
===============================================

                                    last_update
dynamic_TF_carry/SGX 2024-12-02 22:31:28.544775

Instruments at trade limit: No constraints

================================================
         Instruments at position limit          
================================================

                 keys  position pos_limit  spare
0              EURAUD         0       0.0    0.0
144  EUROSTX200-LARGE         0       0.0    0.0
149               SEK         0       0.0    0.0
151            PALLAD         0       0.0    0.0
156               RUR         0       0.0    0.0
52               VNKI         0       0.0    0.0
157               NOK         0       0.0    0.0
138       COPPER-mini         0       0.0    0.0
50            SMI-MID         0       0.0    0.0
166          EU-HOUSE         0       0.0    0.0
167            COTTON         0       0.0    0.0
168            AUDJPY         0       0.0    0.0
170          JGB-mini         0       0.0    0.0
92           TWD-mini         0       0.0    0.0
173               MIB         1       1.0    0.0
163            BUTTER         0       0.0    0.0
62            EU-CHEM         0       0.0    0.0
135               TWD         0       0.0    0.0
133             SP400         0       0.0    0.0
96         EU-DJ-TECH         0       0.0    0.0
105              GICS         0       0.0    0.0
106          MSCIEAFA         2       2.0    0.0
80          EU-TRAVEL         0       0.0    0.0
109          SGD_mini         0       0.0    0.0
116         EU-RETAIL         0       0.0    0.0
75           HOUSE-US         0       0.0    0.0
74            BOVESPA         0       0.0    0.0
125               JGB         0       0.0    0.0
128               PLN         0       0.0    0.0
70             KRWUSD         0       0.0    0.0
131          AEX_mini         0       0.0    0.0
68           ETHEREUM         0       0.0    0.0
66         COPPER_LME         0       0.0    0.0
65              R1000         0       0.0    0.0
39               CH10         0       0.0    0.0
179            EURCAD         0       0.0    0.0
43        HEATOIL-ICE         0       0.0    0.0
35                SGX         0       0.0    0.0
214           GAS-PEN        -1       1.0    0.0
184               CZK         0       0.0    0.0
17                OMX         0       0.0    0.0
16       COAL-GEORDIE         0       0.0    0.0
220         CHF_micro         0       0.0    0.0
13          SWISSLEAD         0       0.0    0.0
221   GASOILINE_micro         0       0.0    0.0
223                IG         0       0.0    0.0
10              STEEL         0       0.0    0.0
9                WHEY         0       0.0    0.0
8              CHFJPY         0       0.0    0.0
224          EU-MEDIA         0       0.0    0.0
5              EURCHF         0       0.0    0.0
238            NASDAQ         0       0.0    0.0
2     EU-CONSTRUCTION         0       0.0    0.0
208       CNH-onshore         0       0.0    0.0
21        EPRA-EUROPE         0       0.0    0.0
18               COAL         0       0.0    0.0
189     EU-DJ-TELECOM         0       0.0    0.0
187               CLP         0       0.0    0.0
32             GBPJPY         0       0.0    0.0
206         HIGHYIELD         0       0.0    0.0
28      EUROSTX-LARGE         0       0.0    0.0
195               IRS         0       0.0    0.0
197           TIN_LME         0       0.0    0.0
91           JPY_mini         0       0.0    0.0
23            MILKDRY         0       0.0    0.0
198           MILKWET         0       0.0    0.0


==========================================================
         Overrides in database consider deleting          
==========================================================

                                                  override
NICKEL_LME              Override Close because in database
COAL-GEORDIE      Override Reduce only because in database
CRUDE_W_mini      Override Reduce only because in database
FTSE100           Override Reduce only because in database
SPI200            Override Reduce only because in database
JGB-mini          Override Reduce only because in database
GAS-LAST          Override Reduce only because in database
CZK               Override Reduce only because in database
EURCAD            Override Reduce only because in database
CHF_micro         Override Reduce only because in database
R1000             Override Reduce only because in database
IRS               Override Reduce only because in database
IBEX_mini         Override Reduce only because in database
VIX_mini          Override Reduce only because in database
EU-CHEM           Override Reduce only because in database
EU-INSURE         Override Reduce only because in database
KOSDAQ            Override Reduce only because in database
JP-REALESTATE     Override Reduce only because in database
IBEX              Override Reduce only because in database
AUDJPY            Override Reduce only because in database
CAD_micro         Override Reduce only because in database
EUR_mini          Override Reduce only because in database
GICS              Override Reduce only because in database
KOSPI_mini        Override Reduce only because in database
KOSPI             Override Reduce only because in database
GBPCHF            Override Reduce only because in database
MXP               Override Reduce only because in database
YENEUR            Override Reduce only because in database
CHFJPY            Override Reduce only because in database
CNH-onshore       Override Reduce only because in database
PLN               Override Reduce only because in database
SEK               Override Reduce only because in database
OMX               Override Reduce only because in database
GAS_US_mini       Override Reduce only because in database
GBPJPY            Override Reduce only because in database
EURAUD            Override Reduce only because in database
NIKKEI400         Override Reduce only because in database
JPY_mini          Override Reduce only because in database
BONO              Override Reduce only because in database
VNKI              Override Reduce only because in database
EURCHF            Override Reduce only because in database
CH10              Override Reduce only because in database
EU-BANKS          Override Reduce only because in database
EU-CONSTRUCTION   Override Reduce only because in database
ZAR               Override Reduce only because in database
RICE              Override Reduce only because in database
GAS-PEN           Override Reduce only because in database
SP500_micro       Override Reduce only because in database
EU-TECH           Override Reduce only because in database
US-DISCRETE       Override Reduce only because in database
SMI-MID           Override Reduce only because in database
KR3               Override Reduce only because in database
MIB               Override Reduce only because in database
EU-RETAIL         Override Reduce only because in database
SP500             Override Reduce only because in database
EU-OIL            Override Reduce only because in database
US-ENERGY         Override Reduce only because in database
EUROSTX-SMALL     Override Reduce only because in database
US-INDUSTRY       Override Reduce only because in database
OATIES            Override Reduce only because in database
NASDAQ_micro      Override Reduce only because in database
US-HEALTH         Override Reduce only because in database
EU-DJ-OIL         Override Reduce only because in database
MSCIWORLD         Override Reduce only because in database
CHINAA-CON        Override Reduce only because in database
SMI               Override Reduce only because in database
EU-UTILS          Override Reduce only because in database
EU-MID            Override Reduce only because in database
EPRA-EUROPE       Override Reduce only because in database
EU-HEALTH         Override Reduce only because in database
EU-HOUSE          Override Reduce only because in database
DOW_mini          Override Reduce only because in database
KR10              Override Reduce only because in database
STEEL             Override Reduce only because in database
EU-DJ-TECH        Override Reduce only because in database
US-MATERIAL       Override Reduce only because in database
US-STAPLES        Override Reduce only because in database
EU-DJ-TELECOM     Override Reduce only because in database
NASDAQ            Override Reduce only because in database
EU-BASIC          Override Reduce only because in database
EU-DIV30          Override Reduce only because in database
DAX               Override Reduce only because in database
EU-AUTO           Override Reduce only because in database
AEX               Override Reduce only because in database
EUROSTX-LARGE     Override Reduce only because in database
FTSE250           Override Reduce only because in database
EU-DJ-UTIL        Override Reduce only because in database
MSCIEAFA          Override Reduce only because in database
EU-MEDIA          Override Reduce only because in database
EUROSTX           Override Reduce only because in database
EU-TRAVEL         Override Reduce only because in database
EURO600           Override Reduce only because in database
EU-REALESTATE     Override Reduce only because in database
SWISSLEAD         Override Reduce only because in database
AEX_mini          Override Reduce only because in database
CAC               Override Reduce only because in database
MSCIASIA          Override Reduce only because in database
EU-FOOD           Override Reduce only because in database
US-UTILS          Override Reduce only because in database
EUROSTX200-LARGE  Override Reduce only because in database
SP400             Override Reduce only because in database
RUSSELL_mini      Override Reduce only because in database
FANG              Override Reduce only because in database

Locked instruments (position mismatch): []

==============================================
Status of adjusted price / FX price collection
==============================================

                         last_update
RUR              2025-06-12 23:00:02
IG               2025-08-22 19:00:01
HIGHYIELD        2025-08-22 19:00:01
BONO             2025-09-05 23:00:00
CH10             2025-09-08 10:00:00
SGX              2025-09-08 23:00:00
GBPCHF           2025-09-09 23:00:00
IRS              2025-09-09 23:00:00
SGD              2025-09-09 23:00:00
SGD_mini         2025-09-09 23:00:00
COTTON           2025-09-09 23:00:00
MSCIEMASIA       2025-09-09 23:00:00
SMI-MID          2025-09-09 23:00:00
GICS             2025-09-09 23:00:00
CNH-onshore      2025-09-09 23:00:00
CLP              2025-09-09 23:00:00
HOUSE-US         2025-09-09 23:00:00
SWISSLEAD        2025-09-09 23:00:00
VNKI             2025-09-09 23:00:00
KRWUSD           2025-09-09 23:00:00
EPRA-EUROPE      2025-09-09 23:00:00
BOVESPA          2025-09-09 23:00:00
CZK              2025-09-09 23:00:00
TWD              2025-09-09 23:00:00
JGB-mini         2025-09-10 00:45:00
TWD-mini         2025-09-10 02:00:00
KRWUSD_mini      2025-09-10 04:00:00
MSCITAIWAN*      2025-09-10 04:00:00
KR3              2025-09-10 04:00:00
JP-REALESTATE    2025-09-10 04:00:00
HANG_mini        2025-09-10 04:00:00
MUMMY            2025-09-10 04:00:00
HANGENT_mini     2025-09-10 04:00:00
HANGTECH         2025-09-10 04:00:00
IRON             2025-09-10 04:00:00
CHINAA-CON       2025-09-10 04:00:00
HANGENT          2025-09-10 04:00:00
FTSECHINAH       2025-09-10 04:00:00
HANG             2025-09-10 04:00:00
SPI200           2025-09-10 04:00:00
FTSEVIET         2025-09-10 05:00:00
JGB              2025-09-10 05:00:00
JGB-SGX-mini     2025-09-10 05:00:00
FTSETAIWAN       2025-09-10 05:00:00
FTSEINDO         2025-09-10 05:00:00
KOSDAQ           2025-09-10 05:00:00
KOSPI            2025-09-10 05:00:00
KOSPI_mini       2025-09-10 05:00:00
KR10             2025-09-10 05:00:00
FTSECHINAA*      2025-09-10 05:00:00
CNH              2025-09-10 05:00:00
TOPIX*           2025-09-10 05:00:00
RUBBER           2025-09-10 05:00:00
NIKKEI           2025-09-10 05:00:00
NIKKEI400        2025-09-10 05:00:00
MSCISING         2025-09-10 05:00:00
NICKEL_LME       2025-09-10 08:00:00
COAL-GEORDIE     2025-09-10 09:00:00
EUROSTX200-LARGE 2025-09-10 10:00:00
EU-DJ-TECH       2025-09-10 10:00:00
EU-DJ-OIL        2025-09-10 11:00:00
EUROSTX-LARGE    2025-09-10 13:00:00
COPPER_LME       2025-09-10 14:00:00
LEAD_LME         2025-09-10 14:00:00
EURIBOR          2025-09-10 14:00:00
EU-MEDIA         2025-09-10 14:00:00
TIN_LME          2025-09-10 14:00:00
EU-RETAIL        2025-09-10 14:00:00
FTSE100          2025-09-10 15:00:00
IBEX             2025-09-10 15:00:00
IBEX_mini        2025-09-10 15:00:00
GILT             2025-09-10 15:00:00
EUROSTX-SMALL    2025-09-10 15:00:00
FTSE250          2025-09-10 15:00:00
HEATOIL-ICE      2025-09-10 15:00:00
EUA              2025-09-10 15:00:00
EU-TECH*         2025-09-10 15:00:00
EURIBOR-ICE      2025-09-10 15:00:00
MIB*             2025-09-10 15:00:00
EU-HOUSE         2025-09-10 15:00:00
AEX_mini         2025-09-10 15:00:00
ZINC_LME         2025-09-10 15:00:00
ALUMINIUM_LME    2025-09-10 15:00:00
WHEAT_ICE        2025-09-10 15:00:00
AUDJPY           2025-09-10 15:00:00
V2X              2025-09-10 15:00:00
BRENT_W          2025-09-10 15:00:00
SONIA3           2025-09-10 15:00:00
SARONA           2025-09-10 15:00:00
EU-INSURE        2025-09-10 15:00:00
PLN              2025-09-10 15:00:00
ROBUSTA          2025-09-10 15:00:00
COAL             2025-09-10 15:00:00
EU-DJ-TELECOM    2025-09-10 15:00:00
EU-CONSTRUCTION  2025-09-10 15:00:00
EU-CHEM          2025-09-10 15:00:00
MILLWHEAT        2025-09-10 15:00:00
MSCIASIA         2025-09-10 15:00:00
OMX              2025-09-10 15:00:00
CRUDE_ICE        2025-09-10 15:00:00
MSCIWORLD        2025-09-10 15:00:00
COCOA_LDN        2025-09-10 15:00:00
GASOIL           2025-09-10 15:00:00
SUGAR_WHITE      2025-09-10 16:00:00
SMI              2025-09-10 16:00:00
GASOILINE_ICE    2025-09-10 16:00:00
SHATZ            2025-09-10 16:00:00
OAT              2025-09-10 16:00:00
GASOILINE_micro  2025-09-10 16:00:00
AEX              2025-09-10 16:00:00
CHFJPY           2025-09-10 16:00:00
EU-UTILS         2025-09-10 16:00:00
EU-TRAVEL        2025-09-10 16:00:00
EU-REALESTATE    2025-09-10 16:00:00
EU-OIL           2025-09-10 16:00:00
EU-MID           2025-09-10 16:00:00
EU-HEALTH        2025-09-10 16:00:00
EU-FOOD          2025-09-10 16:00:00
EU-DJ-UTIL       2025-09-10 16:00:00
EURAUD           2025-09-10 16:00:00
EU-DIV30         2025-09-10 16:00:00
EU-BANKS         2025-09-10 16:00:00
EU-AUTO          2025-09-10 16:00:00
BUXL             2025-09-10 16:00:00
DAX*             2025-09-10 16:00:00
BOBL             2025-09-10 16:00:00
BTP*             2025-09-10 16:00:00
BTP3             2025-09-10 16:00:00
BUND             2025-09-10 16:00:00
EU-BASIC         2025-09-10 16:00:00
EURCAD           2025-09-10 16:00:00
CAC              2025-09-10 16:00:00
EURO600          2025-09-10 16:00:00
EUROSTX          2025-09-10 16:00:00
SUGAR16          2025-09-10 17:00:00
NOK              2025-09-10 17:00:00
SUGAR11          2025-09-10 17:00:00
INR              2025-09-10 18:00:00
SOYBEAN_mini     2025-09-10 18:00:00
COFFEE           2025-09-10 18:00:00
COCOA            2025-09-10 18:00:00
OJ               2025-09-10 18:00:00
ALUMINIUM        2025-09-10 18:00:00
COTTON2          2025-09-10 19:00:00
CORN             2025-09-10 19:00:00
FEEDCOW          2025-09-10 19:00:00
OATIES           2025-09-10 19:00:00
CHF_micro        2025-09-10 19:00:00
GAS-PEN*         2025-09-10 19:00:00
CORN_mini        2025-09-10 19:00:00
REDWHEAT         2025-09-10 19:00:00
RICE             2025-09-10 19:00:00
CHEESE           2025-09-10 19:00:00
CANOLA*          2025-09-10 19:00:00
SOYOIL           2025-09-10 19:00:00
SOYMEAL          2025-09-10 19:00:00
SOYBEAN          2025-09-10 19:00:00
CAD2             2025-09-10 19:00:00
BUTTER           2025-09-10 19:00:00
STEEL            2025-09-10 19:00:00
US-DISCRETE      2025-09-10 19:00:00
LEANHOG*         2025-09-10 19:00:00
VIX_mini         2025-09-10 19:00:00
MILKWET          2025-09-10 19:00:00
GBPJPY           2025-09-10 19:00:00
MILKDRY          2025-09-10 19:00:00
MILK             2025-09-10 19:00:00
WHEAT*           2025-09-10 19:00:00
BBCOMM           2025-09-10 19:00:00
DX               2025-09-10 19:00:00
WHEY             2025-09-10 19:00:00
GBP_micro        2025-09-10 19:00:00
LIVECOW          2025-09-10 19:00:00
WHEAT_mini       2025-09-10 19:00:00
US10U            2025-09-10 20:00:00
SP500            2025-09-10 20:00:00
AUD_micro        2025-09-10 20:00:00
US-ENERGY        2025-09-10 20:00:00
VIX              2025-09-10 20:00:00
US5              2025-09-10 20:00:00
US30             2025-09-10 20:00:00
US2              2025-09-10 20:00:00
SOFR             2025-09-10 20:00:00
SP400            2025-09-10 20:00:00
US10             2025-09-10 20:00:00
US-UTILS         2025-09-10 20:00:00
AUD              2025-09-10 20:00:00
US-HEALTH        2025-09-10 20:00:00
US-STAPLES       2025-09-10 20:00:00
US-REALESTATE    2025-09-10 20:00:00
US-MATERIAL      2025-09-10 20:00:00
US-INDUSTRY      2025-09-10 20:00:00
ZAR              2025-09-10 20:00:00
BRENT-LAST       2025-09-10 20:00:00
BRE              2025-09-10 20:00:00
YENEUR*          2025-09-10 20:00:00
US20             2025-09-10 20:00:00
BITCOIN          2025-09-10 20:00:00
SP500_micro      2025-09-10 20:00:00
US3              2025-09-10 20:00:00
GASOILINE        2025-09-10 20:00:00
CAD              2025-09-10 20:00:00
ETHER-micro      2025-09-10 20:00:00
ETHEREUM         2025-09-10 20:00:00
JPY_mini         2025-09-10 20:00:00
SILVER*          2025-09-10 20:00:00
EUR              2025-09-10 20:00:00
HEATOIL          2025-09-10 20:00:00
EURCHF           2025-09-10 20:00:00
EUR_micro        2025-09-10 20:00:00
GOLD_micro       2025-09-10 20:00:00
GOLD-mini        2025-09-10 20:00:00
GOLD             2025-09-10 20:00:00
EUR_mini         2025-09-10 20:00:00
FANG             2025-09-10 20:00:00
GBPEUR           2025-09-10 20:00:00
FED              2025-09-10 20:00:00
GBP              2025-09-10 20:00:00
GAS_US_mini*     2025-09-10 20:00:00
GAS_US           2025-09-10 20:00:00
GAS-LAST         2025-09-10 20:00:00
DOW_mini         2025-09-10 20:00:00
DOW              2025-09-10 20:00:00
JPY*             2025-09-10 20:00:00
CRUDE_W_mini     2025-09-10 20:00:00
CAD10            2025-09-10 20:00:00
CAD5             2025-09-10 20:00:00
SEK              2025-09-10 20:00:00
CAD_micro        2025-09-10 20:00:00
RUSSELL_mini     2025-09-10 20:00:00
LUMBER-new       2025-09-10 20:00:00
CHF              2025-09-10 20:00:00
R1000            2025-09-10 20:00:00
PLAT             2025-09-10 20:00:00
PALLAD           2025-09-10 20:00:00
RUSSELL*         2025-09-10 20:00:00
COPPER           2025-09-10 20:00:00
COPPER-micro     2025-09-10 20:00:00
NASDAQ_micro     2025-09-10 20:00:00
NASDAQ           2025-09-10 20:00:00
MXP*             2025-09-10 20:00:00
COPPER-mini      2025-09-10 20:00:00
CRUDE_W          2025-09-10 20:00:00
MSCIEAFA*        2025-09-10 20:00:00
CRUDE_W_micro    2025-09-10 20:00:00
NZD              2025-09-10 20:00:00
CHFUSD           2025-09-10 23:00:00
JPYUSD           2025-09-10 23:00:00
EURUSD           2025-09-10 23:00:00
CADUSD           2025-09-10 23:00:00
KRWUSD           2025-09-10 23:00:00
MXPUSD           2025-09-10 23:00:00
SEKUSD           2025-09-10 23:00:00
GBPUSD           2025-09-10 23:00:00
SGDUSD           2025-09-10 23:00:00
HKDUSD           2025-09-10 23:00:00
CNHUSD           2025-09-10 23:00:00
AUDUSD           2025-09-10 23:00:00


============================================================
           Status of optimal position generation            
============================================================

                                                 last_update
dynamic_TF_carry/SGX              2024-12-02 22:31:28.544775
dynamic_TF_carry/LEANHOG          2025-09-10 22:31:38.410309
dynamic_TF_carry/EU-AUTO          2025-09-10 22:31:38.410568
dynamic_TF_carry/EU-MID           2025-09-10 22:31:38.410805
dynamic_TF_carry/GILT             2025-09-10 22:31:38.411039
dynamic_TF_carry/MSCITAIWAN       2025-09-10 22:31:38.411271
dynamic_TF_carry/CAC              2025-09-10 22:31:38.411503
dynamic_TF_carry/US2              2025-09-10 22:31:38.411734
dynamic_TF_carry/DAX              2025-09-10 22:31:38.411963
dynamic_TF_carry/SILVER           2025-09-10 22:31:38.412193
dynamic_TF_carry/CH10             2025-09-10 22:31:38.412422
dynamic_TF_carry/GBPJPY           2025-09-10 22:31:38.412652
dynamic_TF_carry/EURCAD           2025-09-10 22:31:38.412881
dynamic_TF_carry/GASOIL           2025-09-10 22:31:38.413109
dynamic_TF_carry/KR3              2025-09-10 22:31:38.413339
dynamic_TF_carry/WHEY             2025-09-10 22:31:38.413572
dynamic_TF_carry/COCOA_LDN        2025-09-10 22:31:38.413802
dynamic_TF_carry/DOW              2025-09-10 22:31:38.414030
dynamic_TF_carry/SOYMEAL          2025-09-10 22:31:38.414259
dynamic_TF_carry/TWD              2025-09-10 22:31:38.414491
dynamic_TF_carry/NOK              2025-09-10 22:31:38.414721
dynamic_TF_carry/GBP              2025-09-10 22:31:38.414951
dynamic_TF_carry/HANG_mini        2025-09-10 22:31:38.415181
dynamic_TF_carry/SOYBEAN_mini     2025-09-10 22:31:38.415411
dynamic_TF_carry/CRUDE_ICE        2025-09-10 22:31:38.415640
dynamic_TF_carry/GBPEUR           2025-09-10 22:31:38.415869
dynamic_TF_carry/COFFEE           2025-09-10 22:31:38.416097
dynamic_TF_carry/US-STAPLES       2025-09-10 22:31:38.416328
dynamic_TF_carry/BITCOIN          2025-09-10 22:31:38.416557
dynamic_TF_carry/US10             2025-09-10 22:31:38.416787
dynamic_TF_carry/PALLAD           2025-09-10 22:31:38.417016
dynamic_TF_carry/MSCIASIA         2025-09-10 22:31:38.417246
dynamic_TF_carry/FANG             2025-09-10 22:31:38.417475
dynamic_TF_carry/JGB              2025-09-10 22:31:38.417707
dynamic_TF_carry/BONO             2025-09-10 22:31:38.417936
dynamic_TF_carry/EU-DJ-UTIL       2025-09-10 22:31:38.418165
dynamic_TF_carry/STEEL            2025-09-10 22:31:38.418394
dynamic_TF_carry/US20             2025-09-10 22:31:38.418623
dynamic_TF_carry/GAS_US_mini      2025-09-10 22:31:38.418853
dynamic_TF_carry/AEX              2025-09-10 22:31:38.419082
dynamic_TF_carry/EU-DJ-TELECOM    2025-09-10 22:31:38.419311
dynamic_TF_carry/US5              2025-09-10 22:31:38.419538
dynamic_TF_carry/INR              2025-09-10 22:31:38.419766
dynamic_TF_carry/LIVECOW          2025-09-10 22:31:38.419995
dynamic_TF_carry/CAD10            2025-09-10 22:31:38.420225
dynamic_TF_carry/REDWHEAT         2025-09-10 22:31:38.420684
dynamic_TF_carry/CANOLA           2025-09-10 22:31:38.420913
dynamic_TF_carry/HIGHYIELD        2025-09-10 22:31:38.421142
dynamic_TF_carry/EU-DIV30         2025-09-10 22:31:38.421602
dynamic_TF_carry/FTSECHINAA       2025-09-10 22:31:38.421831
dynamic_TF_carry/OAT              2025-09-10 22:31:38.422060
dynamic_TF_carry/EU-HOUSE         2025-09-10 22:31:38.422289
dynamic_TF_carry/EURAUD           2025-09-10 22:31:38.422520
dynamic_TF_carry/NIKKEI400        2025-09-10 22:31:38.422748
dynamic_TF_carry/CRUDE_W_mini     2025-09-10 22:31:38.422977
dynamic_TF_carry/KOSPI_mini       2025-09-10 22:31:38.423204
dynamic_TF_carry/JGB-SGX-mini     2025-09-10 22:31:38.423660
dynamic_TF_carry/GAS-PEN          2025-09-10 22:31:38.424118
dynamic_TF_carry/PLAT             2025-09-10 22:31:38.424346
dynamic_TF_carry/SP400            2025-09-10 22:31:38.424575
dynamic_TF_carry/EPRA-EUROPE      2025-09-10 22:31:38.424803
dynamic_TF_carry/GAS-LAST         2025-09-10 22:31:38.425032
dynamic_TF_carry/EUROSTX          2025-09-10 22:31:38.425260
dynamic_TF_carry/ALUMINIUM        2025-09-10 22:31:38.425488
dynamic_TF_carry/SOYOIL           2025-09-10 22:31:38.425722
dynamic_TF_carry/BRENT-LAST       2025-09-10 22:31:38.425951
dynamic_TF_carry/MSCIEMASIA       2025-09-10 22:31:38.426180
dynamic_TF_carry/SPI200           2025-09-10 22:31:38.426408
dynamic_TF_carry/SEK              2025-09-10 22:31:38.426637
dynamic_TF_carry/MILLWHEAT        2025-09-10 22:31:38.426865
dynamic_TF_carry/BTP3             2025-09-10 22:31:38.427095
dynamic_TF_carry/EU-INSURE        2025-09-10 22:31:38.427323
dynamic_TF_carry/EU-FOOD          2025-09-10 22:31:38.427553
dynamic_TF_carry/SUGAR16          2025-09-10 22:31:38.427782
dynamic_TF_carry/NASDAQ_micro     2025-09-10 22:31:38.428011
dynamic_TF_carry/WHEAT_ICE        2025-09-10 22:31:38.428239
dynamic_TF_carry/CORN             2025-09-10 22:31:38.428467
dynamic_TF_carry/COCOA            2025-09-10 22:31:38.428696
dynamic_TF_carry/BOVESPA          2025-09-10 22:31:38.428924
dynamic_TF_carry/EU-REALESTATE    2025-09-10 22:31:38.429152
dynamic_TF_carry/FTSETAIWAN       2025-09-10 22:31:38.429381
dynamic_TF_carry/CZK              2025-09-10 22:31:38.429614
dynamic_TF_carry/BBCOMM           2025-09-10 22:31:38.429845
dynamic_TF_carry/EU-CHEM          2025-09-10 22:31:38.430074
dynamic_TF_carry/GASOILINE        2025-09-10 22:31:38.430303
dynamic_TF_carry/TOPIX            2025-09-10 22:31:38.430532
dynamic_TF_carry/V2X              2025-09-10 22:31:38.430761
dynamic_TF_carry/IRS              2025-09-10 22:31:38.430990
dynamic_TF_carry/FTSEVIET         2025-09-10 22:31:38.431451
dynamic_TF_carry/EUROSTX-SMALL    2025-09-10 22:31:38.431680
dynamic_TF_carry/VNKI             2025-09-10 22:31:38.431911
dynamic_TF_carry/US3              2025-09-10 22:31:38.432142
dynamic_TF_carry/US30             2025-09-10 22:31:38.432370
dynamic_TF_carry/EUROSTX200-LARGE 2025-09-10 22:31:38.432600
dynamic_TF_carry/CHEESE           2025-09-10 22:31:38.432828
dynamic_TF_carry/EUROSTX-LARGE    2025-09-10 22:31:38.433059
dynamic_TF_carry/SWISSLEAD        2025-09-10 22:31:38.433287
dynamic_TF_carry/ETHEREUM         2025-09-10 22:31:38.433752
dynamic_TF_carry/COAL-GEORDIE     2025-09-10 22:31:38.433981
dynamic_TF_carry/CRUDE_W_micro    2025-09-10 22:31:38.434212
dynamic_TF_carry/MIB              2025-09-10 22:31:38.434446
dynamic_TF_carry/BUND             2025-09-10 22:31:38.434676
dynamic_TF_carry/HOUSE-US         2025-09-10 22:31:38.434906
dynamic_TF_carry/AUD_micro        2025-09-10 22:31:38.435137
dynamic_TF_carry/RUR              2025-09-10 22:31:38.435369
dynamic_TF_carry/SONIA3           2025-09-10 22:31:38.435600
dynamic_TF_carry/US-DISCRETE      2025-09-10 22:31:38.436063
dynamic_TF_carry/MSCISING         2025-09-10 22:31:38.436292
dynamic_TF_carry/US-MATERIAL      2025-09-10 22:31:38.436522
dynamic_TF_carry/EU-HEALTH        2025-09-10 22:31:38.436752
dynamic_TF_carry/CAD2             2025-09-10 22:31:38.436982
dynamic_TF_carry/OMX              2025-09-10 22:31:38.437210
dynamic_TF_carry/BTP              2025-09-10 22:31:38.437440
dynamic_TF_carry/CHF              2025-09-10 22:31:38.437675
dynamic_TF_carry/EURO600          2025-09-10 22:31:38.437905
dynamic_TF_carry/KOSPI            2025-09-10 22:31:38.438137
dynamic_TF_carry/NICKEL_LME       2025-09-10 22:31:38.438367
dynamic_TF_carry/SHATZ            2025-09-10 22:31:38.438597
dynamic_TF_carry/LUMBER-new       2025-09-10 22:31:38.438827
dynamic_TF_carry/US-HEALTH        2025-09-10 22:31:38.439057
dynamic_TF_carry/MSCIWORLD        2025-09-10 22:31:38.439287
dynamic_TF_carry/SMI              2025-09-10 22:31:38.439745
dynamic_TF_carry/MILKWET          2025-09-10 22:31:38.440204
dynamic_TF_carry/US10U            2025-09-10 22:31:38.440433
dynamic_TF_carry/CHINAA-CON       2025-09-10 22:31:38.440663
dynamic_TF_carry/AUDJPY           2025-09-10 22:31:38.440896
dynamic_TF_carry/BRE              2025-09-10 22:31:38.441127
dynamic_TF_carry/EU-BANKS         2025-09-10 22:31:38.441358
dynamic_TF_carry/FEEDCOW          2025-09-10 22:31:38.441593
dynamic_TF_carry/GOLD_micro       2025-09-10 22:31:38.441825
dynamic_TF_carry/HEATOIL          2025-09-10 22:31:38.442055
dynamic_TF_carry/KRWUSD           2025-09-10 22:31:38.442288
dynamic_TF_carry/COTTON           2025-09-10 22:31:38.442750
dynamic_TF_carry/EU-BASIC         2025-09-10 22:31:38.442981
dynamic_TF_carry/EUA              2025-09-10 22:31:38.443210
dynamic_TF_carry/COPPER           2025-09-10 22:31:38.443441
dynamic_TF_carry/JPY              2025-09-10 22:31:38.443672
dynamic_TF_carry/SOYBEAN          2025-09-10 22:31:38.443904
dynamic_TF_carry/BRENT_W          2025-09-10 22:31:38.444134
dynamic_TF_carry/ZINC_LME         2025-09-10 22:31:38.444595
dynamic_TF_carry/YENEUR           2025-09-10 22:31:38.444826
dynamic_TF_carry/COTTON2          2025-09-10 22:31:38.445056
dynamic_TF_carry/EU-CONSTRUCTION  2025-09-10 22:31:38.445287
dynamic_TF_carry/FTSECHINAH       2025-09-10 22:31:38.445517
dynamic_TF_carry/NIKKEI           2025-09-10 22:31:38.445752
dynamic_TF_carry/IRON             2025-09-10 22:31:38.445983
dynamic_TF_carry/AUD              2025-09-10 22:31:38.446444
dynamic_TF_carry/MUMMY            2025-09-10 22:31:38.446674
dynamic_TF_carry/NZD              2025-09-10 22:31:38.446906
dynamic_TF_carry/TIN_LME          2025-09-10 22:31:38.447138
dynamic_TF_carry/CLP              2025-09-10 22:31:38.447368
dynamic_TF_carry/ZAR              2025-09-10 22:31:38.447600
dynamic_TF_carry/IG               2025-09-10 22:31:38.447832
dynamic_TF_carry/LEAD_LME         2025-09-10 22:31:38.448061
dynamic_TF_carry/HANGTECH         2025-09-10 22:31:38.448293
dynamic_TF_carry/EUR_micro        2025-09-10 22:31:38.448525
dynamic_TF_carry/FED              2025-09-10 22:31:38.448758
dynamic_TF_carry/CNH              2025-09-10 22:31:38.448989
dynamic_TF_carry/JP-REALESTATE    2025-09-10 22:31:38.449220
dynamic_TF_carry/FTSE250          2025-09-10 22:31:38.449450
dynamic_TF_carry/EU-TECH          2025-09-10 22:31:38.449685
dynamic_TF_carry/BUXL             2025-09-10 22:31:38.449915
dynamic_TF_carry/OJ               2025-09-10 22:31:38.450146
dynamic_TF_carry/RUBBER           2025-09-10 22:31:38.450378
dynamic_TF_carry/SUGAR_WHITE      2025-09-10 22:31:38.450610
dynamic_TF_carry/SGD              2025-09-10 22:31:38.450841
dynamic_TF_carry/BUTTER           2025-09-10 22:31:38.451071
dynamic_TF_carry/CAD              2025-09-10 22:31:38.451301
dynamic_TF_carry/US-REALESTATE    2025-09-10 22:31:38.451532
dynamic_TF_carry/FTSEINDO         2025-09-10 22:31:38.451763
dynamic_TF_carry/COPPER_LME       2025-09-10 22:31:38.451993
dynamic_TF_carry/EURCHF           2025-09-10 22:31:38.452222
dynamic_TF_carry/MSCIEAFA         2025-09-10 22:31:38.452452
dynamic_TF_carry/RUSSELL          2025-09-10 22:31:38.452683
dynamic_TF_carry/VIX              2025-09-10 22:31:38.452915
dynamic_TF_carry/COPPER-micro     2025-09-10 22:31:38.453146
dynamic_TF_carry/IBEX_mini        2025-09-10 22:31:38.453379
dynamic_TF_carry/MXP              2025-09-10 22:31:38.453613
dynamic_TF_carry/US-ENERGY        2025-09-10 22:31:38.453844
dynamic_TF_carry/EURIBOR          2025-09-10 22:31:38.454078
dynamic_TF_carry/CAD5             2025-09-10 22:31:38.454308
dynamic_TF_carry/GBPCHF           2025-09-10 22:31:38.454537
dynamic_TF_carry/KOSDAQ           2025-09-10 22:31:38.454770
dynamic_TF_carry/KR10             2025-09-10 22:31:38.454999
dynamic_TF_carry/KRWUSD_mini      2025-09-10 22:31:38.455230
dynamic_TF_carry/US-UTILS         2025-09-10 22:31:38.455461
dynamic_TF_carry/ROBUSTA          2025-09-10 22:31:38.455924
dynamic_TF_carry/R1000            2025-09-10 22:31:38.456154
dynamic_TF_carry/PLN              2025-09-10 22:31:38.456383
dynamic_TF_carry/EU-RETAIL        2025-09-10 22:31:38.456614
dynamic_TF_carry/BOBL             2025-09-10 22:31:38.456844
dynamic_TF_carry/SMI-MID          2025-09-10 22:31:38.457074
dynamic_TF_carry/CHFJPY           2025-09-10 22:31:38.457305
dynamic_TF_carry/EU-TRAVEL        2025-09-10 22:31:38.457536
dynamic_TF_carry/MILKDRY          2025-09-10 22:31:38.457770
dynamic_TF_carry/EUR              2025-09-10 22:31:38.458000
dynamic_TF_carry/DX               2025-09-10 22:31:38.458230
dynamic_TF_carry/EU-UTILS         2025-09-10 22:31:38.458461
dynamic_TF_carry/RICE             2025-09-10 22:31:38.458692
dynamic_TF_carry/SUGAR11          2025-09-10 22:31:38.458922
dynamic_TF_carry/FTSE100          2025-09-10 22:31:38.459153
dynamic_TF_carry/MILK             2025-09-10 22:31:38.459384
dynamic_TF_carry/EU-OIL           2025-09-10 22:31:38.459613
dynamic_TF_carry/SARONA           2025-09-10 22:31:38.459844
dynamic_TF_carry/OATIES           2025-09-10 22:31:38.460075
dynamic_TF_carry/SOFR             2025-09-10 22:31:38.460306
dynamic_TF_carry/COAL             2025-09-10 22:31:38.460537
dynamic_TF_carry/EURIBOR-ICE      2025-09-10 22:31:38.460768
dynamic_TF_carry/EU-MEDIA         2025-09-10 22:31:38.460998
dynamic_TF_carry/SP500_micro      2025-09-10 22:31:38.461227
dynamic_TF_carry/HANGENT_mini     2025-09-10 22:31:38.461457
dynamic_TF_carry/US-INDUSTRY      2025-09-10 22:31:38.461691
dynamic_TF_carry/GICS             2025-09-10 22:31:38.461921
dynamic_TF_carry/WHEAT            2025-09-10 22:31:38.462152


======================================================================================================================
                                                Status of trade limits                                                
======================================================================================================================

                   period_days  trade_limit  trades_since_last_reset  trade_capacity_remaining   time_since_last_reset
 GBP                        30            6                      5.0                       1.0 26 days 07:57:34.994595
 AEX                        30            4                      3.0                       1.0 26 days 14:57:23.995862
 GAS_US_mini                30            6                      4.0                       2.0 29 days 08:57:14.776789
 JPY                        14            4                      2.0                       2.0  9 days 07:57:29.884079
 GBP                        14            4                      1.0                       3.0  8 days 07:57:31.342067
 BUND                       30            4                      1.0                       3.0  2 days 14:20:51.653757
 BTP                        30            4                      1.0                       3.0  7 days 14:57:32.078749
 BUND                       14            4                      1.0                       3.0  2 days 14:20:51.653046
 JPY                        30            5                      2.0                       3.0  9 days 07:57:29.885604
 BTP                        14            4                      1.0                       3.0  7 days 14:57:32.076980
 LEANHOG                    14            4                      1.0                       3.0  8 days 07:27:14.413025
 EU-DJ-TECH                  1            4                      0.0                       4.0  0 days 00:00:00.000002
 EU-DJ-OIL                   1            4                      0.0                       4.0  0 days 00:00:00.000002
 EU-DJ-UTIL                  1            4                      0.0                       4.0  0 days 00:00:00.000001
 EU-HOUSE                    1            4                      0.0                       4.0  0 days 00:00:00.000001
 EU-CONSTRUCTION             1            4                      0.0                       4.0  0 days 00:00:00.000002
 EU-DJ-TELECOM               1            4                      0.0                       4.0  0 days 00:00:00.000002
 CORN                        1            4                      0.0                       4.0  0 days 00:00:00.000003
 EU-MEDIA                    1            4                      0.0                       4.0  0 days 00:00:00.000001
 COTTON                      1            4                      0.0                       4.0  0 days 00:00:00.000002
 COPPER-mini                 1            4                      0.0                       4.0  0 days 00:00:00.000002
 CNH-onshore                 1            4                      0.0                       4.0  0 days 00:00:00.000002
 CLP                         1            4                      0.0                       4.0  0 days 00:00:00.000001
 CH10                        1            4                      0.0                       4.0  0 days 00:00:00.000001
 BUTTER                      1            4                      0.0                       4.0  0 days 00:00:00.000001
 BOVESPA                     1            4                      0.0                       4.0  0 days 00:00:00.000001
 CZK                         1            4                      0.0                       4.0  0 days 00:00:00.000001
 EU-MID                      1            4                      0.0                       4.0  0 days 00:00:00.000002
 EUROSTX-LARGE               1            4                      0.0                       4.0  0 days 00:00:00.000001
 EURCHF                      1            4                      0.0                       4.0  0 days 00:00:00.000001
 US-HEALTH                   1            4                      0.0                       4.0  0 days 00:00:00.000002
 US-ENERGY                   1            4                      0.0                       4.0  0 days 00:00:00.000001
 US-DISCRETE                 1            4                      0.0                       4.0  0 days 00:00:00.000001
 SMI-MID                     1            4                      0.0                       4.0  0 days 00:00:00.000001
 SGX                         1            4                      0.0                       4.0  0 days 00:00:00.000002
 SGD                         1            4                      0.0                       4.0  0 days 00:00:00.000002
 OMX                         1            4                      0.0                       4.0  0 days 00:00:00.000002
 MSCIASIA                    1            4                      0.0                       4.0  0 days 00:00:00.000001
 MILKWET                     1            4                      0.0                       4.0  0 days 00:00:00.000002
 MILKDRY                     1            4                      0.0                       4.0  0 days 00:00:00.000002
 MID-DAX                     1            4                      0.0                       4.0  0 days 00:00:00.000002
 JP-REALESTATE               1            4                      0.0                       4.0  0 days 00:00:00.000001
