
********************************************************************************
                   Status report produced on 21/08/2024 22:54                   
********************************************************************************



================================================================================================================================================
                                                                Delayed methods                                                                 
================================================================================================================================================

                                                                  process_name              last_start                last_end currently_running
strategy_allocation                                         run_capital_update 2024-08-02 01:00:09.226 2024-08-02 01:00:09.262             False
update_sampled_contracts                     run_daily_fx_and_contract_updates 2024-08-02 07:00:19.464 2024-08-02 07:04:58.207             False
generate_force_roll_orders                                   run_stack_handler 2024-08-02 11:00:40.855 2024-08-02 11:00:43.771             False
refresh_additional_sampling_all_instruments                  run_stack_handler 2024-08-02 19:00:58.901 2024-08-02 19:01:16.138             False
spawn_children_from_new_instrument_orders                    run_stack_handler 2024-08-02 19:29:56.184 2024-08-02 19:29:56.203             False
create_broker_orders_from_contract_orders                    run_stack_handler 2024-08-02 19:29:56.217 2024-08-02 19:29:56.236             False
process_fills_stack                                          run_stack_handler 2024-08-02 19:29:56.245 2024-08-02 19:29:56.277             False
handle_completed_orders                                      run_stack_handler 2024-08-02 19:29:56.285 2024-08-02 19:29:56.298             False
safe_stack_removal                                           run_stack_handler 2024-08-02 19:30:00.628 2024-08-02 19:30:00.780             False
liquidity_report                                                   run_reports 2024-08-02 22:56:20.756 2024-08-02 22:58:19.908             False
instrument_risk_report                                             run_reports 2024-08-02 22:58:19.910 2024-08-02 23:00:01.060             False
min_capital                                                        run_reports 2024-08-02 23:00:01.062 2024-08-02 23:01:41.791             False
duplicate_market                                                   run_reports 2024-08-02 23:01:41.794 2024-08-02 23:05:41.038             False
remove_markets_report                                              run_reports 2024-08-02 23:05:41.041 2024-08-02 23:09:40.013             False
market_monitor_report                                              run_reports 2024-08-02 23:09:40.016 2024-08-02 23:19:33.256             False


====================================
    Delayed adjusted / FX prices    
====================================

                         last_update
HEATOIL          2024-05-31 19:00:00
SGD              2024-06-13 23:00:00
EUR_micro        2024-06-14 20:00:00
SP500_micro      2024-06-14 20:00:00
SGX              2024-07-30 23:00:01
SWISSLEAD        2024-07-31 23:00:00
RUR              2024-08-01 23:00:00
EU-RETAIL        2024-08-01 23:00:00
SUGAR16          2024-08-01 23:00:00
MSCIEMASIA       2024-08-01 23:00:00
TIN_LME          2024-08-01 23:00:00
NICKEL_LME       2024-08-01 23:00:00
COTTON           2024-08-01 23:00:00
OMX              2024-08-01 23:00:00
CLP              2024-08-01 23:00:00
COPPER_LME       2024-08-01 23:00:00
COAL-GEORDIE     2024-08-01 23:00:00
MILKDRY          2024-08-01 23:00:00
CZK              2024-08-01 23:00:00
MILKWET          2024-08-01 23:00:00
TWD-mini         2024-08-01 23:00:00
HOUSE-US         2024-08-01 23:00:00
IRS              2024-08-01 23:00:00
BB3M             2024-08-01 23:00:00
WHEAT_ICE        2024-08-01 23:00:00
TWD              2024-08-01 23:00:01
BOVESPA          2024-08-01 23:00:01
CNH-onshore      2024-08-01 23:00:01
ETHANOL          2024-08-01 23:00:01
VNKI             2024-08-02 02:00:00
SGD_mini         2024-08-02 03:00:01
FTSECHINAH       2024-08-02 04:00:00
HANG             2024-08-02 04:00:00
RUBBER           2024-08-02 04:00:00
KR10             2024-08-02 04:00:00
KR3              2024-08-02 04:00:00
FTSEVIET         2024-08-02 04:00:00
HANG_mini        2024-08-02 04:00:00
FTSEINDO         2024-08-02 04:00:00
HANGENT_mini     2024-08-02 04:00:00
KRWUSD_mini      2024-08-02 04:00:00
HANGENT          2024-08-02 04:00:00
HANGTECH         2024-08-02 04:00:00
SPI200           2024-08-02 04:00:00
CHINAA-CON       2024-08-02 04:00:01
KOSPI            2024-08-02 05:00:00
FTSETAIWAN       2024-08-02 05:00:00
KOSPI_mini       2024-08-02 05:00:00
MSCISING         2024-08-02 05:00:00
KOSDAQ           2024-08-02 05:00:00
JP-REALESTATE    2024-08-02 05:00:00
MSCITAIWAN       2024-08-02 05:00:00
JGB-mini         2024-08-02 05:00:00
FTSECHINAA       2024-08-02 05:00:00
JGB-SGX-mini     2024-08-02 05:00:00
MUMMY            2024-08-02 05:00:00
IRON             2024-08-02 05:00:00
NIKKEI           2024-08-02 05:00:00
NIKKEI400        2024-08-02 05:00:00
TOPIX            2024-08-02 05:00:00
JGB              2024-08-02 05:00:00
CNH              2024-08-02 05:00:00
LEAD_LME         2024-08-02 06:00:00
EURIBOR          2024-08-02 11:00:00
ZINC_LME         2024-08-02 14:00:00
ALUMINIUM_LME    2024-08-02 14:00:00
GICS             2024-08-02 14:30:01
SARONA           2024-08-02 15:00:00
EUROSTX-SMALL    2024-08-02 15:00:00
EUROSTX200-LARGE 2024-08-02 15:00:00
EUROSTX-LARGE    2024-08-02 15:00:00
MIB              2024-08-02 15:00:00
FTSE100          2024-08-02 15:00:00
COCOA_LDN        2024-08-02 15:00:00
BRENT_W          2024-08-02 15:00:00
BONO             2024-08-02 15:00:00
GASOIL           2024-08-02 15:00:00
GASOILINE_ICE    2024-08-02 15:00:00
MSCIASIA         2024-08-02 15:00:00
WHEY             2024-08-02 15:00:00
GILT             2024-08-02 15:00:00
HEATOIL-ICE      2024-08-02 15:00:00
FTSE250          2024-08-02 15:00:00
EUA              2024-08-02 15:00:00
MILLWHEAT        2024-08-02 15:00:00
CRUDE_ICE        2024-08-02 15:00:00
EU-FOOD          2024-08-02 15:00:00
EPRA-EUROPE      2024-08-02 15:00:00
EU-HOUSE         2024-08-02 15:00:00
CH10             2024-08-02 15:00:00
EU-DJ-TELECOM    2024-08-02 15:00:00
ROBUSTA          2024-08-02 15:00:00
SONIA3           2024-08-02 15:00:00
EU-REALESTATE    2024-08-02 15:00:00
SUGAR_WHITE      2024-08-02 15:00:00
COAL             2024-08-02 15:00:00
EU-MID           2024-08-02 15:00:00
IBEX             2024-08-02 15:00:01
IBEX_mini        2024-08-02 15:00:01
AEX_mini         2024-08-02 15:00:01
EU-AUTO          2024-08-02 16:00:00
MSCIWORLD        2024-08-02 16:00:00
DJSTX-SMALL      2024-08-02 16:00:00
EU-UTILS         2024-08-02 16:00:00
SMI-MID          2024-08-02 16:00:00
SMI              2024-08-02 16:00:00
EU-BANKS         2024-08-02 16:00:00
OAT              2024-08-02 16:00:00
SHATZ            2024-08-02 16:00:00
ALUMINIUM        2024-08-02 16:00:00
DAX              2024-08-02 16:00:00
EU-CHEM          2024-08-02 16:00:00
EU-CONSTRUCTION  2024-08-02 16:00:00
BOBL             2024-08-02 16:00:00
EU-TECH          2024-08-02 16:00:00
BUXL             2024-08-02 16:00:00
EU-OIL           2024-08-02 16:00:00
EURIBOR-ICE      2024-08-02 16:00:00
EURO600          2024-08-02 16:00:00
EUROSTX          2024-08-02 16:00:00
EU-MEDIA         2024-08-02 16:00:00
EU-INSURE        2024-08-02 16:00:00
V2X              2024-08-02 16:00:00
BUND             2024-08-02 16:00:00
BTP3             2024-08-02 16:00:00
EU-DJ-UTIL       2024-08-02 16:00:00
EU-DJ-TECH       2024-08-02 16:00:00
BTP              2024-08-02 16:00:00
EU-DJ-OIL        2024-08-02 16:00:00
EU-DIV30         2024-08-02 16:00:00
EU-TRAVEL        2024-08-02 16:00:00
EU-HEALTH        2024-08-02 16:00:00
EU-BASIC         2024-08-02 16:00:00
KRWUSD           2024-08-02 16:00:01
AEX              2024-08-02 16:00:01
CAC              2024-08-02 16:00:01
BUTTER           2024-08-02 17:00:00
SUGAR11          2024-08-02 17:00:00
GBPCHF           2024-08-02 17:00:00
CAD10            2024-08-02 18:00:00
OJ               2024-08-02 18:00:00
EURAUD           2024-08-02 18:00:00
CAD2             2024-08-02 18:00:00
EURCAD           2024-08-02 18:00:00
CAD5             2024-08-02 18:00:00
COFFEE           2024-08-02 18:00:00
COCOA            2024-08-02 18:00:00
PLN              2024-08-02 18:00:00
STEEL            2024-08-02 18:00:00
OATIES           2024-08-02 19:00:00
COTTON2          2024-08-02 19:00:00
CORN_mini        2024-08-02 19:00:00
SOYBEAN          2024-08-02 19:00:00
HIGHYIELD        2024-08-02 19:00:00
RICE             2024-08-02 19:00:00
SOYOIL           2024-08-02 19:00:00
SOYMEAL          2024-08-02 19:00:00
SOYBEAN_mini     2024-08-02 19:00:00
CHEESE           2024-08-02 19:00:00
REDWHEAT         2024-08-02 19:00:00
CORN             2024-08-02 19:00:00
US-PROPERTY      2024-08-02 19:00:00
CANOLA           2024-08-02 19:00:00
GAS-PEN          2024-08-02 19:00:00
MILK             2024-08-02 19:00:00
FEEDCOW          2024-08-02 19:00:00
FANG             2024-08-02 19:00:00
LEANHOG          2024-08-02 19:00:00
GAS_US_mini      2024-08-02 19:00:00
BBCOMM           2024-08-02 19:00:00
WHEAT            2024-08-02 19:00:00
WHEAT_mini       2024-08-02 19:00:00
LUMBER-new       2024-08-02 19:00:00
LIVECOW          2024-08-02 19:00:00
GASOILINE_micro  2024-08-02 19:00:00
AUD_micro        2024-08-02 20:00:00
SP500            2024-08-02 20:00:00
CAD_micro        2024-08-02 20:00:00
US5              2024-08-02 20:00:00
VIX_mini         2024-08-02 20:00:00
SP400            2024-08-02 20:00:00
VIX              2024-08-02 20:00:00
AUDJPY           2024-08-02 20:00:00
YENEUR           2024-08-02 20:00:00
BITCOIN          2024-08-02 20:00:00
ZAR              2024-08-02 20:00:00
AUD              2024-08-02 20:00:00
US10U            2024-08-02 20:00:00
CAD              2024-08-02 20:00:00
US2              2024-08-02 20:00:00
US10             2024-08-02 20:00:00
US-UTILS         2024-08-02 20:00:00
US-TECH          2024-08-02 20:00:00
US-STAPLES       2024-08-02 20:00:00
US-REALESTATE    2024-08-02 20:00:00
US-MATERIAL      2024-08-02 20:00:00
US-INDUSTRY      2024-08-02 20:00:00
US-HEALTH        2024-08-02 20:00:00
US-FINANCE       2024-08-02 20:00:00
US-ENERGY        2024-08-02 20:00:00
US-DISCRETE      2024-08-02 20:00:00
BRE              2024-08-02 20:00:00
BRENT-LAST       2024-08-02 20:00:00
US20             2024-08-02 20:00:00
US30             2024-08-02 20:00:00
US3              2024-08-02 20:00:00
CHF_micro        2024-08-02 20:00:00
CHF              2024-08-02 20:00:00
ETHEREUM         2024-08-02 20:00:00
MSCIEAFA         2024-08-02 20:00:00
EUR              2024-08-02 20:00:00
SOFR             2024-08-02 20:00:00
EUR_mini         2024-08-02 20:00:00
FED              2024-08-02 20:00:00
GAS-LAST         2024-08-02 20:00:00
GASOILINE        2024-08-02 20:00:00
GAS_US           2024-08-02 20:00:00
ETHER-micro      2024-08-02 20:00:00
JPY_mini         2024-08-02 20:00:00
GBP              2024-08-02 20:00:00
GBPEUR           2024-08-02 20:00:00
GBPJPY           2024-08-02 20:00:00
GBP_micro        2024-08-02 20:00:00
INR              2024-08-02 20:00:00
IG               2024-08-02 20:00:00
GOLD             2024-08-02 20:00:00
GOLD-mini        2024-08-02 20:00:00
GOLD_micro       2024-08-02 20:00:00
JPY              2024-08-02 20:00:00
DX               2024-08-02 20:00:00
EURCHF           2024-08-02 20:00:00
DOW              2024-08-02 20:00:00
SILVER           2024-08-02 20:00:00
CHFJPY           2024-08-02 20:00:00
SEK              2024-08-02 20:00:00
DOW_mini         2024-08-02 20:00:00
RUSSELL_mini     2024-08-02 20:00:00
RUSSELL          2024-08-02 20:00:00
COPPER-micro     2024-08-02 20:00:00
COPPER-mini      2024-08-02 20:00:00
R1000            2024-08-02 20:00:00
COPPER           2024-08-02 20:00:00
PALLAD           2024-08-02 20:00:00
NZD              2024-08-02 20:00:00
NOK              2024-08-02 20:00:00
CRUDE_W          2024-08-02 20:00:00
CRUDE_W_micro    2024-08-02 20:00:00
CRUDE_W_mini     2024-08-02 20:00:00
NASDAQ_micro     2024-08-02 20:00:00
NASDAQ           2024-08-02 20:00:00
MXP              2024-08-02 20:00:00
PLAT             2024-08-02 20:00:00
JPYUSD           2024-08-02 23:00:00
CNHUSD           2024-08-02 23:00:00
AUDUSD           2024-08-02 23:00:00
KRWUSD           2024-08-02 23:00:00
CHFUSD           2024-08-02 23:00:00
HKDUSD           2024-08-02 23:00:00
MXPUSD           2024-08-02 23:00:00
SGDUSD           2024-08-02 23:00:00
GBPUSD           2024-08-02 23:00:00
CADUSD           2024-08-02 23:00:00
EURUSD           2024-08-02 23:00:00
SEKUSD           2024-08-02 23:00:00

Delayed optimal positions: No delays
Instruments at trade limit: No constraints

================================================
         Instruments at position limit          
================================================

                 keys  position pos_limit  spare
125           EU-CHEM         0       0.0    0.0
71            SMI-MID         0       0.0    0.0
69             CHFJPY         0       0.0    0.0
68            TIN_LME         0       0.0    0.0
67            MILKWET         0       0.0    0.0
172               OMX         0       0.0    0.0
173             R1000         0       0.0    0.0
175         CHF_micro         0       0.0    0.0
61               WHEY         0       0.0    0.0
180      COAL-GEORDIE         0       0.0    0.0
182       HEATOIL-ICE         0       0.0    0.0
185           MILKDRY         0       0.0    0.0
55            ETHANOL         0       0.0    0.0
54               COAL         0       0.0    0.0
52               CH10         0       0.0    0.0
51             EURCAD         0       0.0    0.0
50                JGB         0       0.0    0.0
47           ETHEREUM         0       0.0    0.0
168               SEK         0       0.0    0.0
192          SGD_mini         0       0.0    0.0
76           TWD-mini         0       0.0    0.0
80      EUROSTX-LARGE         0       0.0    0.0
116               PLN         0       0.0    0.0
113            KRWUSD         0       0.0    0.0
120               CLP         0       0.0    0.0
124               SGX         0       0.0    0.0
128          JGB-mini         0       0.0    0.0
130            COTTON         0       0.0    0.0
133               TWD         0       0.0    0.0
99           HOUSE-US         0       0.0    0.0
138          JPY_mini         0       0.0    0.0
139  EUROSTX200-LARGE         0       0.0    0.0
94           AEX_mini         0       0.0    0.0
92           EU-HOUSE         0       0.0    0.0
89                RUR         0       0.0    0.0
145           GAS-PEN        -1       1.0    0.0
147         EU-RETAIL         0       0.0    0.0
150              VNKI         0       0.0    0.0
158       EPRA-EUROPE         0       0.0    0.0
165   EU-CONSTRUCTION         0       0.0    0.0
45                MIB         1       1.0    0.0
176               IRS         0       0.0    0.0
225         SWISSLEAD         0       0.0    0.0
248            PALLAD         0       0.0    0.0
246               CZK         0       0.0    0.0
244           BOVESPA         0       0.0    0.0
240            AUDJPY         0       0.0    0.0
239             STEEL         0       0.0    0.0
238        EU-DJ-TECH         0       0.0    0.0
8                 NOK         0       0.0    0.0
234         HIGHYIELD         0       0.0    0.0
10        COPPER-mini         0       0.0    0.0
229         EU-TRAVEL         0       0.0    0.0
20        CNH-onshore         0       0.0    0.0
218                IG         0       0.0    0.0
216           US-TECH         0       0.0    0.0
215            BUTTER         0       0.0    0.0
213          EU-MEDIA         0       0.0    0.0
118              GICS         0       0.0    0.0
38      EU-DJ-TELECOM         0       0.0    0.0
206            EURAUD         0       0.0    0.0
210        COPPER_LME         0       0.0    0.0
203             SP400         0       0.0    0.0
33             GBPJPY         0       0.0    0.0
30             EURCHF         0       0.0    0.0
31    GASOILINE_micro         0       0.0    0.0
212            NASDAQ         0       0.0    0.0


=========================================================
         Overrides in database consider deleting         
=========================================================

                                                 override
NICKEL_LME             Override Close because in database
BB3M             Override Reduce only because in database
VNKI             Override Reduce only because in database
ALUMINIUM_LME    Override Reduce only because in database
GAS-LAST         Override Reduce only because in database
COPPER-mini      Override Reduce only because in database
CRUDE_W_mini     Override Reduce only because in database
STEEL            Override Reduce only because in database
VIX_mini         Override Reduce only because in database
ETHER-micro      Override Reduce only because in database
US30             Override Reduce only because in database
ALUMINIUM        Override Reduce only because in database
SPI200           Override Reduce only because in database
CAD10            Override Reduce only because in database
JGB-SGX-mini     Override Reduce only because in database
FTSEINDO         Override Reduce only because in database
CAD5             Override Reduce only because in database
GAS_US_mini      Override Reduce only because in database
FTSECHINAH       Override Reduce only because in database
BRE              Override Reduce only because in database
HIGHYIELD        Override Reduce only because in database
US10U            Override Reduce only because in database
JGB              Override Reduce only because in database
FTSECHINAA       Override Reduce only because in database
CRUDE_W_micro    Override Reduce only because in database
V2X              Override Reduce only because in database
FTSE100          Override Reduce only because in database
FTSETAIWAN       Override Reduce only because in database
HOUSE-US         Override Reduce only because in database
JGB-mini         Override Reduce only because in database
US10             Override Reduce only because in database
BITCOIN          Override Reduce only because in database
DX               Override Reduce only because in database
MSCISING         Override Reduce only because in database
COAL             Override Reduce only because in database
GASOILINE_micro  Override Reduce only because in database
US20             Override Reduce only because in database
CHEESE           Override Reduce only because in database
ETHEREUM         Override Reduce only because in database
GAS-PEN          Override Reduce only because in database
HANG             Override Reduce only because in database
INR              Override Reduce only because in database
WHEY             Override Reduce only because in database
MILKWET          Override Reduce only because in database
CLP              Override Reduce only because in database
MSCITAIWAN       Override Reduce only because in database
SGX              Override Reduce only because in database
MILK             Override Reduce only because in database
RICE             Override Reduce only because in database
HANGTECH         Override Reduce only because in database
HANGENT          Override Reduce only because in database
IG               Override Reduce only because in database
CAD2             Override Reduce only because in database
FTSEVIET         Override Reduce only because in database

Locked instruments (position mismatch): []

==============================================
Status of adjusted price / FX price collection
==============================================

                         last_update
HEATOIL          2024-05-31 19:00:00
SGD              2024-06-13 23:00:00
EUR_micro        2024-06-14 20:00:00
SP500_micro      2024-06-14 20:00:00
SGX              2024-07-30 23:00:01
SWISSLEAD        2024-07-31 23:00:00
RUR              2024-08-01 23:00:00
EU-RETAIL        2024-08-01 23:00:00
SUGAR16          2024-08-01 23:00:00
MSCIEMASIA       2024-08-01 23:00:00
TIN_LME          2024-08-01 23:00:00
NICKEL_LME       2024-08-01 23:00:00
COTTON           2024-08-01 23:00:00
OMX              2024-08-01 23:00:00
CLP              2024-08-01 23:00:00
COPPER_LME       2024-08-01 23:00:00
COAL-GEORDIE     2024-08-01 23:00:00
MILKDRY          2024-08-01 23:00:00
CZK              2024-08-01 23:00:00
MILKWET          2024-08-01 23:00:00
TWD-mini         2024-08-01 23:00:00
HOUSE-US         2024-08-01 23:00:00
IRS              2024-08-01 23:00:00
BB3M             2024-08-01 23:00:00
WHEAT_ICE        2024-08-01 23:00:00
TWD              2024-08-01 23:00:01
BOVESPA          2024-08-01 23:00:01
CNH-onshore      2024-08-01 23:00:01
ETHANOL          2024-08-01 23:00:01
VNKI             2024-08-02 02:00:00
SGD_mini         2024-08-02 03:00:01
FTSECHINAH       2024-08-02 04:00:00
HANG             2024-08-02 04:00:00
RUBBER           2024-08-02 04:00:00
KR10*            2024-08-02 04:00:00
KR3              2024-08-02 04:00:00
FTSEVIET         2024-08-02 04:00:00
HANG_mini        2024-08-02 04:00:00
FTSEINDO         2024-08-02 04:00:00
HANGENT_mini     2024-08-02 04:00:00
KRWUSD_mini      2024-08-02 04:00:00
HANGENT          2024-08-02 04:00:00
HANGTECH         2024-08-02 04:00:00
SPI200*          2024-08-02 04:00:00
CHINAA-CON       2024-08-02 04:00:01
KOSPI            2024-08-02 05:00:00
FTSETAIWAN       2024-08-02 05:00:00
KOSPI_mini       2024-08-02 05:00:00
MSCISING         2024-08-02 05:00:00
KOSDAQ*          2024-08-02 05:00:00
JP-REALESTATE    2024-08-02 05:00:00
MSCITAIWAN       2024-08-02 05:00:00
JGB-mini         2024-08-02 05:00:00
FTSECHINAA       2024-08-02 05:00:00
JGB-SGX-mini     2024-08-02 05:00:00
MUMMY            2024-08-02 05:00:00
IRON             2024-08-02 05:00:00
NIKKEI*          2024-08-02 05:00:00
NIKKEI400        2024-08-02 05:00:00
TOPIX            2024-08-02 05:00:00
JGB              2024-08-02 05:00:00
CNH              2024-08-02 05:00:00
LEAD_LME         2024-08-02 06:00:00
EURIBOR          2024-08-02 11:00:00
ZINC_LME         2024-08-02 14:00:00
ALUMINIUM_LME    2024-08-02 14:00:00
GICS             2024-08-02 14:30:01
SARONA           2024-08-02 15:00:00
EUROSTX-SMALL    2024-08-02 15:00:00
EUROSTX200-LARGE 2024-08-02 15:00:00
EUROSTX-LARGE    2024-08-02 15:00:00
MIB*             2024-08-02 15:00:00
FTSE100          2024-08-02 15:00:00
COCOA_LDN        2024-08-02 15:00:00
BRENT_W          2024-08-02 15:00:00
BONO             2024-08-02 15:00:00
GASOIL           2024-08-02 15:00:00
GASOILINE_ICE    2024-08-02 15:00:00
MSCIASIA         2024-08-02 15:00:00
WHEY             2024-08-02 15:00:00
GILT             2024-08-02 15:00:00
HEATOIL-ICE      2024-08-02 15:00:00
FTSE250          2024-08-02 15:00:00
EUA              2024-08-02 15:00:00
MILLWHEAT        2024-08-02 15:00:00
CRUDE_ICE        2024-08-02 15:00:00
EU-FOOD          2024-08-02 15:00:00
EPRA-EUROPE      2024-08-02 15:00:00
EU-HOUSE         2024-08-02 15:00:00
CH10             2024-08-02 15:00:00
EU-DJ-TELECOM    2024-08-02 15:00:00
ROBUSTA          2024-08-02 15:00:00
SONIA3           2024-08-02 15:00:00
EU-REALESTATE    2024-08-02 15:00:00
SUGAR_WHITE      2024-08-02 15:00:00
COAL             2024-08-02 15:00:00
EU-MID           2024-08-02 15:00:00
IBEX             2024-08-02 15:00:01
IBEX_mini        2024-08-02 15:00:01
AEX_mini         2024-08-02 15:00:01
EU-AUTO*         2024-08-02 16:00:00
MSCIWORLD        2024-08-02 16:00:00
DJSTX-SMALL      2024-08-02 16:00:00
EU-UTILS         2024-08-02 16:00:00
SMI-MID          2024-08-02 16:00:00
SMI              2024-08-02 16:00:00
EU-BANKS         2024-08-02 16:00:00
OAT              2024-08-02 16:00:00
SHATZ            2024-08-02 16:00:00
ALUMINIUM        2024-08-02 16:00:00
DAX*             2024-08-02 16:00:00
EU-CHEM          2024-08-02 16:00:00
EU-CONSTRUCTION  2024-08-02 16:00:00
BOBL             2024-08-02 16:00:00
EU-TECH          2024-08-02 16:00:00
BUXL             2024-08-02 16:00:00
EU-OIL           2024-08-02 16:00:00
EURIBOR-ICE      2024-08-02 16:00:00
EURO600          2024-08-02 16:00:00
EUROSTX          2024-08-02 16:00:00
EU-MEDIA         2024-08-02 16:00:00
EU-INSURE        2024-08-02 16:00:00
V2X              2024-08-02 16:00:00
BUND             2024-08-02 16:00:00
BTP3             2024-08-02 16:00:00
EU-DJ-UTIL       2024-08-02 16:00:00
EU-DJ-TECH       2024-08-02 16:00:00
BTP              2024-08-02 16:00:00
EU-DJ-OIL        2024-08-02 16:00:00
EU-DIV30         2024-08-02 16:00:00
EU-TRAVEL        2024-08-02 16:00:00
EU-HEALTH        2024-08-02 16:00:00
EU-BASIC         2024-08-02 16:00:00
KRWUSD           2024-08-02 16:00:01
AEX              2024-08-02 16:00:01
CAC              2024-08-02 16:00:01
BUTTER           2024-08-02 17:00:00
SUGAR11          2024-08-02 17:00:00
GBPCHF           2024-08-02 17:00:00
CAD10*           2024-08-02 18:00:00
OJ               2024-08-02 18:00:00
EURAUD           2024-08-02 18:00:00
CAD2             2024-08-02 18:00:00
EURCAD           2024-08-02 18:00:00
CAD5             2024-08-02 18:00:00
COFFEE           2024-08-02 18:00:00
COCOA            2024-08-02 18:00:00
PLN              2024-08-02 18:00:00
STEEL            2024-08-02 18:00:00
OATIES           2024-08-02 19:00:00
COTTON2*         2024-08-02 19:00:00
CORN_mini        2024-08-02 19:00:00
SOYBEAN          2024-08-02 19:00:00
HIGHYIELD        2024-08-02 19:00:00
RICE             2024-08-02 19:00:00
SOYOIL           2024-08-02 19:00:00
SOYMEAL          2024-08-02 19:00:00
SOYBEAN_mini     2024-08-02 19:00:00
CHEESE           2024-08-02 19:00:00
REDWHEAT         2024-08-02 19:00:00
CORN*            2024-08-02 19:00:00
US-PROPERTY      2024-08-02 19:00:00
CANOLA           2024-08-02 19:00:00
GAS-PEN*         2024-08-02 19:00:00
MILK             2024-08-02 19:00:00
FEEDCOW          2024-08-02 19:00:00
FANG             2024-08-02 19:00:00
LEANHOG          2024-08-02 19:00:00
GAS_US_mini      2024-08-02 19:00:00
BBCOMM           2024-08-02 19:00:00
WHEAT            2024-08-02 19:00:00
WHEAT_mini       2024-08-02 19:00:00
LUMBER-new       2024-08-02 19:00:00
LIVECOW*         2024-08-02 19:00:00
GASOILINE_micro  2024-08-02 19:00:00
AUD_micro        2024-08-02 20:00:00
SP500            2024-08-02 20:00:00
CAD_micro        2024-08-02 20:00:00
US5              2024-08-02 20:00:00
VIX_mini         2024-08-02 20:00:00
SP400            2024-08-02 20:00:00
VIX*             2024-08-02 20:00:00
AUDJPY           2024-08-02 20:00:00
YENEUR*          2024-08-02 20:00:00
BITCOIN*         2024-08-02 20:00:00
ZAR              2024-08-02 20:00:00
AUD              2024-08-02 20:00:00
US10U            2024-08-02 20:00:00
CAD*             2024-08-02 20:00:00
US2              2024-08-02 20:00:00
US10             2024-08-02 20:00:00
US-UTILS         2024-08-02 20:00:00
US-TECH          2024-08-02 20:00:00
US-STAPLES       2024-08-02 20:00:00
US-REALESTATE    2024-08-02 20:00:00
US-MATERIAL      2024-08-02 20:00:00
US-INDUSTRY      2024-08-02 20:00:00
US-HEALTH        2024-08-02 20:00:00
US-FINANCE       2024-08-02 20:00:00
US-ENERGY        2024-08-02 20:00:00
US-DISCRETE      2024-08-02 20:00:00
BRE              2024-08-02 20:00:00
BRENT-LAST       2024-08-02 20:00:00
US20             2024-08-02 20:00:00
US30             2024-08-02 20:00:00
US3              2024-08-02 20:00:00
CHF_micro        2024-08-02 20:00:00
CHF              2024-08-02 20:00:00
ETHEREUM         2024-08-02 20:00:00
MSCIEAFA         2024-08-02 20:00:00
EUR              2024-08-02 20:00:00
SOFR             2024-08-02 20:00:00
EUR_mini         2024-08-02 20:00:00
FED              2024-08-02 20:00:00
GAS-LAST         2024-08-02 20:00:00
GASOILINE        2024-08-02 20:00:00
GAS_US           2024-08-02 20:00:00
ETHER-micro      2024-08-02 20:00:00
JPY_mini         2024-08-02 20:00:00
GBP              2024-08-02 20:00:00
GBPEUR           2024-08-02 20:00:00
GBPJPY           2024-08-02 20:00:00
GBP_micro        2024-08-02 20:00:00
INR              2024-08-02 20:00:00
IG               2024-08-02 20:00:00
GOLD             2024-08-02 20:00:00
GOLD-mini        2024-08-02 20:00:00
GOLD_micro       2024-08-02 20:00:00
JPY              2024-08-02 20:00:00
DX               2024-08-02 20:00:00
EURCHF           2024-08-02 20:00:00
DOW*             2024-08-02 20:00:00
SILVER           2024-08-02 20:00:00
CHFJPY           2024-08-02 20:00:00
SEK              2024-08-02 20:00:00
DOW_mini         2024-08-02 20:00:00
RUSSELL_mini     2024-08-02 20:00:00
RUSSELL          2024-08-02 20:00:00
COPPER-micro     2024-08-02 20:00:00
COPPER-mini      2024-08-02 20:00:00
R1000            2024-08-02 20:00:00
COPPER           2024-08-02 20:00:00
PALLAD           2024-08-02 20:00:00
NZD              2024-08-02 20:00:00
NOK              2024-08-02 20:00:00
CRUDE_W          2024-08-02 20:00:00
CRUDE_W_micro*   2024-08-02 20:00:00
CRUDE_W_mini     2024-08-02 20:00:00
NASDAQ_micro     2024-08-02 20:00:00
NASDAQ           2024-08-02 20:00:00
MXP              2024-08-02 20:00:00
PLAT*            2024-08-02 20:00:00
JPYUSD           2024-08-02 23:00:00
CNHUSD           2024-08-02 23:00:00
AUDUSD           2024-08-02 23:00:00
KRWUSD           2024-08-02 23:00:00
CHFUSD           2024-08-02 23:00:00
HKDUSD           2024-08-02 23:00:00
MXPUSD           2024-08-02 23:00:00
SGDUSD           2024-08-02 23:00:00
GBPUSD           2024-08-02 23:00:00
CADUSD           2024-08-02 23:00:00
EURUSD           2024-08-02 23:00:00
SEKUSD           2024-08-02 23:00:00


============================================================
           Status of optimal position generation            
============================================================

                                                 last_update
dynamic_TF_carry/NASDAQ_micro     2024-08-21 22:31:26.156870
dynamic_TF_carry/OAT              2024-08-21 22:31:26.157091
dynamic_TF_carry/LEAD_LME         2024-08-21 22:31:26.157307
dynamic_TF_carry/IBEX_mini        2024-08-21 22:31:26.157515
dynamic_TF_carry/US-INDUSTRY      2024-08-21 22:31:26.157721
dynamic_TF_carry/FTSE100          2024-08-21 22:31:26.157925
dynamic_TF_carry/EUROSTX          2024-08-21 22:31:26.158130
dynamic_TF_carry/VNKI             2024-08-21 22:31:26.158336
dynamic_TF_carry/COAL             2024-08-21 22:31:26.158539
dynamic_TF_carry/EU-INSURE        2024-08-21 22:31:26.158742
dynamic_TF_carry/PALLAD           2024-08-21 22:31:26.158946
dynamic_TF_carry/FTSEINDO         2024-08-21 22:31:26.159150
dynamic_TF_carry/CHF              2024-08-21 22:31:26.159352
dynamic_TF_carry/US-HEALTH        2024-08-21 22:31:26.159555
dynamic_TF_carry/AEX              2024-08-21 22:31:26.159756
dynamic_TF_carry/EUROSTX-LARGE    2024-08-21 22:31:26.159959
dynamic_TF_carry/V2X              2024-08-21 22:31:26.160161
dynamic_TF_carry/EURCHF           2024-08-21 22:31:26.160363
dynamic_TF_carry/US-UTILS         2024-08-21 22:31:26.160564
dynamic_TF_carry/COFFEE           2024-08-21 22:31:26.160767
dynamic_TF_carry/FANG             2024-08-21 22:31:26.160969
dynamic_TF_carry/VIX              2024-08-21 22:31:26.161173
dynamic_TF_carry/SGX              2024-08-21 22:31:26.161376
dynamic_TF_carry/FTSEVIET         2024-08-21 22:31:26.161579
dynamic_TF_carry/BTP              2024-08-21 22:31:26.161781
dynamic_TF_carry/CAD10            2024-08-21 22:31:26.161984
dynamic_TF_carry/BITCOIN          2024-08-21 22:31:26.162187
dynamic_TF_carry/EUR              2024-08-21 22:31:26.162390
dynamic_TF_carry/MILKDRY          2024-08-21 22:31:26.162592
dynamic_TF_carry/SONIA3           2024-08-21 22:31:26.162794
dynamic_TF_carry/BBCOMM           2024-08-21 22:31:26.162996
dynamic_TF_carry/JGB              2024-08-21 22:31:26.163196
dynamic_TF_carry/COCOA            2024-08-21 22:31:26.163399
dynamic_TF_carry/COPPER_LME       2024-08-21 22:31:26.163601
dynamic_TF_carry/MILK             2024-08-21 22:31:26.163804
dynamic_TF_carry/US20             2024-08-21 22:31:26.164007
dynamic_TF_carry/CHEESE           2024-08-21 22:31:26.164211
dynamic_TF_carry/EURIBOR          2024-08-21 22:31:26.164414
dynamic_TF_carry/US-REALESTATE    2024-08-21 22:31:26.164617
dynamic_TF_carry/EU-FOOD          2024-08-21 22:31:26.164819
dynamic_TF_carry/IRON             2024-08-21 22:31:26.165021
dynamic_TF_carry/FTSE250          2024-08-21 22:31:26.165226
dynamic_TF_carry/EU-OIL           2024-08-21 22:31:26.165429
dynamic_TF_carry/CRUDE_ICE        2024-08-21 22:31:26.165631
dynamic_TF_carry/SOFR             2024-08-21 22:31:26.165833
dynamic_TF_carry/MILKWET          2024-08-21 22:31:26.166034
dynamic_TF_carry/US10U            2024-08-21 22:31:26.166236
dynamic_TF_carry/JP-REALESTATE    2024-08-21 22:31:26.166439
dynamic_TF_carry/HANGENT_mini     2024-08-21 22:31:26.166640
dynamic_TF_carry/KR10             2024-08-21 22:31:26.166844
dynamic_TF_carry/KOSDAQ           2024-08-21 22:31:26.167046
dynamic_TF_carry/RUR              2024-08-21 22:31:26.167250
dynamic_TF_carry/AUDJPY           2024-08-21 22:31:26.167453
dynamic_TF_carry/ALUMINIUM        2024-08-21 22:31:26.167656
dynamic_TF_carry/EPRA-EUROPE      2024-08-21 22:31:26.167859
dynamic_TF_carry/OATIES           2024-08-21 22:31:26.168266
dynamic_TF_carry/MSCIEAFA         2024-08-21 22:31:26.168469
dynamic_TF_carry/COAL-GEORDIE     2024-08-21 22:31:26.168671
dynamic_TF_carry/TOPIX            2024-08-21 22:31:26.168873
dynamic_TF_carry/DAX              2024-08-21 22:31:26.169076
dynamic_TF_carry/EU-CHEM          2024-08-21 22:31:26.169282
dynamic_TF_carry/BUND             2024-08-21 22:31:26.169484
dynamic_TF_carry/MSCISING         2024-08-21 22:31:26.169686
dynamic_TF_carry/EU-HEALTH        2024-08-21 22:31:26.169889
dynamic_TF_carry/JPY              2024-08-21 22:31:26.170093
dynamic_TF_carry/SEK              2024-08-21 22:31:26.170296
dynamic_TF_carry/KOSPI_mini       2024-08-21 22:31:26.170499
dynamic_TF_carry/IG               2024-08-21 22:31:26.170702
dynamic_TF_carry/AUD_micro        2024-08-21 22:31:26.170906
dynamic_TF_carry/GBPCHF           2024-08-21 22:31:26.171109
dynamic_TF_carry/US-STAPLES       2024-08-21 22:31:26.171311
dynamic_TF_carry/SOYOIL           2024-08-21 22:31:26.171515
dynamic_TF_carry/BONO             2024-08-21 22:31:26.171718
dynamic_TF_carry/ZAR              2024-08-21 22:31:26.171922
dynamic_TF_carry/SUGAR11          2024-08-21 22:31:26.172125
dynamic_TF_carry/US-FINANCE       2024-08-21 22:31:26.172329
dynamic_TF_carry/EU-TRAVEL        2024-08-21 22:31:26.172531
dynamic_TF_carry/DOW              2024-08-21 22:31:26.172937
dynamic_TF_carry/CAD2             2024-08-21 22:31:26.173141
dynamic_TF_carry/US5              2024-08-21 22:31:26.173346
dynamic_TF_carry/RUBBER           2024-08-21 22:31:26.173549
dynamic_TF_carry/TIN_LME          2024-08-21 22:31:26.173753
dynamic_TF_carry/COTTON2          2024-08-21 22:31:26.173957
dynamic_TF_carry/SARONA           2024-08-21 22:31:26.174363
dynamic_TF_carry/INR              2024-08-21 22:31:26.174566
dynamic_TF_carry/US-MATERIAL      2024-08-21 22:31:26.174768
dynamic_TF_carry/US-TECH          2024-08-21 22:31:26.174971
dynamic_TF_carry/LEANHOG          2024-08-21 22:31:26.175175
dynamic_TF_carry/FEEDCOW          2024-08-21 22:31:26.175379
dynamic_TF_carry/ZINC_LME         2024-08-21 22:31:26.175584
dynamic_TF_carry/EURCAD           2024-08-21 22:31:26.175788
dynamic_TF_carry/NIKKEI400        2024-08-21 22:31:26.175992
dynamic_TF_carry/GAS-PEN          2024-08-21 22:31:26.176196
dynamic_TF_carry/COTTON           2024-08-21 22:31:26.176400
dynamic_TF_carry/SILVER           2024-08-21 22:31:26.176601
dynamic_TF_carry/EU-DIV30         2024-08-21 22:31:26.176805
dynamic_TF_carry/MSCITAIWAN       2024-08-21 22:31:26.177007
dynamic_TF_carry/US30             2024-08-21 22:31:26.177212
dynamic_TF_carry/EU-MEDIA         2024-08-21 22:31:26.177416
dynamic_TF_carry/US2              2024-08-21 22:31:26.177822
dynamic_TF_carry/BOBL             2024-08-21 22:31:26.178025
dynamic_TF_carry/DJSTX-SMALL      2024-08-21 22:31:26.178634
dynamic_TF_carry/SOYMEAL          2024-08-21 22:31:26.178837
dynamic_TF_carry/BRENT-LAST       2024-08-21 22:31:26.179041
dynamic_TF_carry/EU-DJ-TELECOM    2024-08-21 22:31:26.179245
dynamic_TF_carry/ROBUSTA          2024-08-21 22:31:26.179450
dynamic_TF_carry/OMX              2024-08-21 22:31:26.179655
dynamic_TF_carry/KR3              2024-08-21 22:31:26.179860
dynamic_TF_carry/EURIBOR-ICE      2024-08-21 22:31:26.180064
dynamic_TF_carry/WHEAT_ICE        2024-08-21 22:31:26.180268
dynamic_TF_carry/AUD              2024-08-21 22:31:26.180473
dynamic_TF_carry/YENEUR           2024-08-21 22:31:26.180677
dynamic_TF_carry/NOK              2024-08-21 22:31:26.180881
dynamic_TF_carry/RUSSELL          2024-08-21 22:31:26.181084
dynamic_TF_carry/GBPEUR           2024-08-21 22:31:26.181291
dynamic_TF_carry/EU-RETAIL        2024-08-21 22:31:26.181494
dynamic_TF_carry/CH10             2024-08-21 22:31:26.181697
dynamic_TF_carry/PLN              2024-08-21 22:31:26.181900
dynamic_TF_carry/GAS-LAST         2024-08-21 22:31:26.182106
dynamic_TF_carry/IRS              2024-08-21 22:31:26.182309
dynamic_TF_carry/CAD              2024-08-21 22:31:26.182510
dynamic_TF_carry/EU-DJ-UTIL       2024-08-21 22:31:26.182714
dynamic_TF_carry/RICE             2024-08-21 22:31:26.182916
dynamic_TF_carry/STEEL            2024-08-21 22:31:26.183119
dynamic_TF_carry/GILT             2024-08-21 22:31:26.183323
dynamic_TF_carry/EUR_micro        2024-08-21 22:31:26.183532
dynamic_TF_carry/GBP              2024-08-21 22:31:26.183737
dynamic_TF_carry/EUA              2024-08-21 22:31:26.183942
dynamic_TF_carry/COPPER-micro     2024-08-21 22:31:26.184146
dynamic_TF_carry/ETHEREUM         2024-08-21 22:31:26.184351
dynamic_TF_carry/GASOILINE        2024-08-21 22:31:26.184555
dynamic_TF_carry/EU-MID           2024-08-21 22:31:26.184758
dynamic_TF_carry/MSCIWORLD        2024-08-21 22:31:26.184961
dynamic_TF_carry/SHATZ            2024-08-21 22:31:26.185170
dynamic_TF_carry/CZK              2024-08-21 22:31:26.185373
dynamic_TF_carry/MILLWHEAT        2024-08-21 22:31:26.185577
dynamic_TF_carry/KOSPI            2024-08-21 22:31:26.185783
dynamic_TF_carry/SUGAR_WHITE      2024-08-21 22:31:26.185985
dynamic_TF_carry/CHINAA-CON       2024-08-21 22:31:26.186188
dynamic_TF_carry/REDWHEAT         2024-08-21 22:31:26.186391
dynamic_TF_carry/MXP              2024-08-21 22:31:26.186595
dynamic_TF_carry/DX               2024-08-21 22:31:26.186801
dynamic_TF_carry/GICS             2024-08-21 22:31:26.187006
dynamic_TF_carry/GBPJPY           2024-08-21 22:31:26.187211
dynamic_TF_carry/NIKKEI           2024-08-21 22:31:26.187417
dynamic_TF_carry/EUROSTX-SMALL    2024-08-21 22:31:26.187622
dynamic_TF_carry/EURO600          2024-08-21 22:31:26.187825
dynamic_TF_carry/US-ENERGY        2024-08-21 22:31:26.188237
dynamic_TF_carry/SGD              2024-08-21 22:31:26.188441
dynamic_TF_carry/EU-HOUSE         2024-08-21 22:31:26.188644
dynamic_TF_carry/COCOA_LDN        2024-08-21 22:31:26.188846
dynamic_TF_carry/US10             2024-08-21 22:31:26.189050
dynamic_TF_carry/EU-CONSTRUCTION  2024-08-21 22:31:26.189255
dynamic_TF_carry/SOYBEAN_mini     2024-08-21 22:31:26.189456
dynamic_TF_carry/CNH              2024-08-21 22:31:26.189658
dynamic_TF_carry/WHEAT            2024-08-21 22:31:26.189861
dynamic_TF_carry/CHFJPY           2024-08-21 22:31:26.190063
dynamic_TF_carry/GOLD_micro       2024-08-21 22:31:26.190265
dynamic_TF_carry/MUMMY            2024-08-21 22:31:26.190468
dynamic_TF_carry/PLAT             2024-08-21 22:31:26.190672
dynamic_TF_carry/LIVECOW          2024-08-21 22:31:26.190875
dynamic_TF_carry/SMI              2024-08-21 22:31:26.191080
