
********************************************************************************
                   Status report produced on 20/05/2024 22:56                   
********************************************************************************



=============================================================================================================================
                                                       Delayed methods                                                       
=============================================================================================================================

                                               process_name              last_start                last_end currently_running
update_sampled_contracts  run_daily_fx_and_contract_updates 2024-05-17 07:00:18.749 2024-05-17 07:04:23.627             False


============================
Delayed adjusted / FX prices
============================

                 last_update
SGD_mini 2024-05-13 23:00:00
SGX      2024-05-13 23:00:00
TWD      2024-05-13 23:00:01

Delayed optimal positions: No delays
Instruments at trade limit: No constraints

================================================
         Instruments at position limit          
================================================

                 keys  position pos_limit  spare
251              VNKI         0       0.0    0.0
172           TIN_LME         0       0.0    0.0
174            KRWUSD         0       0.0    0.0
74                SGX         0       0.0    0.0
175             STEEL         0       0.0    0.0
176           SMI-MID         0       0.0    0.0
70           HOUSE-US         0       0.0    0.0
181           EU-CHEM         0       0.0    0.0
183        COPPER_LME         0       0.0    0.0
185         SWISSLEAD         0       0.0    0.0
65          EU-TRAVEL         0       0.0    0.0
187            EURAUD         0       0.0    0.0
62                CZK         0       0.0    0.0
119           MILKDRY         0       0.0    0.0
59   EUROSTX200-LARGE         0       0.0    0.0
193               TWD         0       0.0    0.0
195              BUXL        -1       1.0    0.0
198       COPPER-mini         0       0.0    0.0
52          EU-RETAIL         0       0.0    0.0
200           BOVESPA         0       0.0    0.0
78         EU-DJ-TECH         0       0.0    0.0
203            AUDJPY         0       0.0    0.0
165          EU-HOUSE         0       0.0    0.0
159       CNH-onshore         0       0.0    0.0
118               MIB         1       1.0    0.0
130          SGD_mini         0       0.0    0.0
110          TWD-mini         0       0.0    0.0
138               JGB         0       0.0    0.0
106               PLN         0       0.0    0.0
143               IRS         0       0.0    0.0
144            BUTTER         0       0.0    0.0
100             R1000         0       0.0    0.0
99                OMX         0       0.0    0.0
149               CLP         0       0.0    0.0
97              SP400         0       0.0    0.0
96          CHF_micro         0       0.0    0.0
150          AEX_mini         0       0.0    0.0
92               COAL         0       0.0    0.0
91                RUR         0       0.0    0.0
152           MILKWET         0       0.0    0.0
154               NOK         0       0.0    0.0
156            GBPJPY         0       0.0    0.0
157   GASOILINE_micro         0       0.0    0.0
161            PALLAD         0       0.0    0.0
45      EU-DJ-TELECOM         0       0.0    0.0
192              WHEY         0       0.0    0.0
209                IG         0       0.0    0.0
12        EPRA-EUROPE         0       0.0    0.0
30             EURCHF         0       0.0    0.0
239         HIGHYIELD         0       0.0    0.0
216            CHFJPY         0       0.0    0.0
240           GAS-PEN        -1       1.0    0.0
44               CH10         0       0.0    0.0
223       HEATOIL-ICE         0       0.0    0.0
34             COTTON         0       0.0    0.0
7            ETHEREUM         0       0.0    0.0
244          JGB-mini         0       0.0    0.0
24           JPY_mini         0       0.0    0.0
221            YENEUR         2       2.0    0.0
4            EU-MEDIA         0       0.0    0.0
15               GICS         0       0.0    0.0
235   EU-CONSTRUCTION         0       0.0    0.0
40            ETHANOL         0       0.0    0.0
246           US-TECH         0       0.0    0.0
226               SEK         0       0.0    0.0
233      COAL-GEORDIE         0       0.0    0.0
227            NASDAQ         0       0.0    0.0
205     EUROSTX-LARGE         0       0.0    0.0
5              EURCAD         0       0.0    0.0


=========================================================
         Overrides in database consider deleting         
=========================================================

                                                 override
NICKEL_LME             Override Close because in database
OATIES           Override Reduce only because in database
GAS-LAST         Override Reduce only because in database
RICE             Override Reduce only because in database
GOLD-mini        Override Reduce only because in database
VIX_mini         Override Reduce only because in database
SGD_mini         Override Reduce only because in database
GASOILINE_micro  Override Reduce only because in database
COAL-GEORDIE     Override Reduce only because in database
KRWUSD           Override Reduce only because in database
DX               Override Reduce only because in database
COAL             Override Reduce only because in database
US30             Override Reduce only because in database
SPI200           Override Reduce only because in database
JGB-SGX-mini     Override Reduce only because in database
FTSEINDO         Override Reduce only because in database
GAS_US_mini      Override Reduce only because in database
FTSECHINAH       Override Reduce only because in database
JGB              Override Reduce only because in database
FTSE100          Override Reduce only because in database
FTSETAIWAN       Override Reduce only because in database
HOUSE-US         Override Reduce only because in database
JGB-mini         Override Reduce only because in database
US10             Override Reduce only because in database
MSCISING         Override Reduce only because in database
US20             Override Reduce only because in database
CHEESE           Override Reduce only because in database
HANG             Override Reduce only because in database
INR              Override Reduce only because in database
WHEY             Override Reduce only because in database
MSCITAIWAN       Override Reduce only because in database
VNKI             Override Reduce only because in database
SOYBEAN_mini     Override Reduce only because in database
CAD10            Override Reduce only because in database
CAD5             Override Reduce only because in database
HIGHYIELD        Override Reduce only because in database
LUMBER-new       Override Reduce only because in database
STEEL            Override Reduce only because in database

Locked instruments (position mismatch): []

==============================================
Status of adjusted price / FX price collection
==============================================

                         last_update
SGD_mini         2024-05-13 23:00:00
SGX              2024-05-13 23:00:00
TWD              2024-05-13 23:00:01
CH10             2024-05-17 23:00:00
SARONA           2024-05-17 23:00:00
RUR              2024-05-17 23:00:00
CHFJPY           2024-05-17 23:00:00
EU-DJ-TECH       2024-05-17 23:00:00
NICKEL_LME       2024-05-17 23:00:00
CLP              2024-05-17 23:00:00
MSCIWORLD        2024-05-17 23:00:00
CNH-onshore      2024-05-17 23:00:00
CANOLA           2024-05-17 23:00:00
SEKUSD           2024-05-17 23:00:00
IRS              2024-05-17 23:00:00
COTTON           2024-05-17 23:00:00
HOUSE-US         2024-05-17 23:00:00
HIGHYIELD        2024-05-17 23:00:00
CADUSD           2024-05-17 23:00:00
CZK              2024-05-17 23:00:00
GASOILINE_micro  2024-05-17 23:00:00
EUROSTX-LARGE    2024-05-17 23:00:00
EURAUD           2024-05-17 23:00:00
ETHANOL          2024-05-17 23:00:00
EU-RETAIL        2024-05-17 23:00:00
KRWUSD           2024-05-17 23:00:00
MILKDRY          2024-05-17 23:00:00
OMX              2024-05-17 23:00:00
CAD2             2024-05-17 23:00:00
JPYUSD           2024-05-17 23:00:00
CNHUSD           2024-05-17 23:00:00
AUDUSD           2024-05-17 23:00:00
KRWUSD           2024-05-17 23:00:00
AUDJPY           2024-05-17 23:00:00
CHFUSD           2024-05-17 23:00:00
BB3M             2024-05-17 23:00:00
EURUSD           2024-05-17 23:00:00
MXPUSD           2024-05-17 23:00:00
SGDUSD           2024-05-17 23:00:00
GBPUSD           2024-05-17 23:00:00
CAD5             2024-05-17 23:00:00
EU-DJ-OIL        2024-05-17 23:00:00
CAD10*           2024-05-17 23:00:00
SMI              2024-05-17 23:00:00
SMI-MID          2024-05-17 23:00:00
SUGAR16          2024-05-17 23:00:00
BOVESPA          2024-05-17 23:00:00
HKDUSD           2024-05-17 23:00:00
SWISSLEAD        2024-05-17 23:00:00
TIN_LME          2024-05-17 23:00:00
TWD-mini         2024-05-18 23:00:00
VNKI             2024-05-20 05:00:00
JGB-mini         2024-05-20 06:00:00
MSCITAIWAN       2024-05-20 06:00:00
FTSEVIET         2024-05-20 07:00:00
KOSPI_mini       2024-05-20 07:00:00
KR10             2024-05-20 07:00:00
KR3              2024-05-20 07:00:00
KOSDAQ*          2024-05-20 07:00:00
KOSPI            2024-05-20 07:00:00
HANG             2024-05-20 09:00:00
HANG_mini        2024-05-20 09:00:00
JP-REALESTATE    2024-05-20 09:00:00
HANGENT          2024-05-20 09:00:00
HANGENT_mini     2024-05-20 09:00:00
HANGTECH         2024-05-20 09:00:00
CHINAA-CON*      2024-05-20 09:00:00
EU-TRAVEL        2024-05-20 10:00:00
RUBBER           2024-05-20 10:00:00
EU-MID           2024-05-20 10:00:00
EURIBOR          2024-05-20 13:00:00
LEAD_LME         2024-05-20 13:00:00
FTSECHINAH       2024-05-20 14:00:00
AEX_mini         2024-05-20 14:00:00
SGD              2024-05-20 14:00:00
FTSEINDO         2024-05-20 14:00:00
EU-DJ-TELECOM    2024-05-20 14:00:00
EUROSTX200-LARGE 2024-05-20 14:00:00
JGB-SGX-mini     2024-05-20 14:00:00
FTSECHINAA       2024-05-20 14:00:00
GASOILINE_ICE    2024-05-20 15:00:00
NIKKEI400        2024-05-20 15:00:00
NIKKEI*          2024-05-20 15:00:00
MUMMY            2024-05-20 15:00:00
FTSETAIWAN*      2024-05-20 15:00:00
GASOIL           2024-05-20 15:00:00
CNH              2024-05-20 15:00:00
MILLWHEAT        2024-05-20 15:00:00
MSCISING         2024-05-20 15:00:00
MSCIASIA         2024-05-20 15:00:00
COAL-GEORDIE     2024-05-20 15:00:00
GILT             2024-05-20 15:00:00
MIB*             2024-05-20 15:00:00
KRWUSD_mini      2024-05-20 15:00:00
DJSTX-SMALL      2024-05-20 15:00:00
COCOA_LDN        2024-05-20 15:00:00
COPPER_LME       2024-05-20 15:00:00
JGB              2024-05-20 15:00:00
IRON*            2024-05-20 15:00:00
HEATOIL-ICE      2024-05-20 15:00:00
CRUDE_ICE        2024-05-20 15:00:00
IG               2024-05-20 15:00:00
COAL             2024-05-20 15:00:00
FTSE250          2024-05-20 15:00:00
IBEX_mini        2024-05-20 15:00:00
IBEX             2024-05-20 15:00:00
EU-REALESTATE    2024-05-20 15:00:00
BRENT_W          2024-05-20 15:00:00
WHEAT_ICE        2024-05-20 15:00:00
EU-HOUSE         2024-05-20 15:00:00
FTSE100          2024-05-20 15:00:00
TOPIX*           2024-05-20 15:00:00
EU-HEALTH        2024-05-20 15:00:00
EUA              2024-05-20 15:00:00
ZINC_LME         2024-05-20 15:00:00
V2X              2024-05-20 15:00:00
EU-DJ-UTIL       2024-05-20 15:00:00
SPI200*          2024-05-20 15:00:00
EURIBOR-ICE      2024-05-20 15:00:00
SONIA3           2024-05-20 15:00:00
BONO             2024-05-20 15:00:00
ALUMINIUM_LME    2024-05-20 15:00:00
EUROSTX-SMALL    2024-05-20 15:00:00
EU-CHEM          2024-05-20 15:00:00
ROBUSTA          2024-05-20 15:00:00
SUGAR_WHITE      2024-05-20 15:00:00
EU-MEDIA         2024-05-20 15:00:00
BOBL             2024-05-20 16:00:00
EU-BANKS*        2024-05-20 16:00:00
MILKWET          2024-05-20 16:00:00
MSCIEMASIA       2024-05-20 16:00:00
BTP3             2024-05-20 16:00:00
BUND*            2024-05-20 16:00:00
BUXL*            2024-05-20 16:00:00
CAC*             2024-05-20 16:00:00
OAT              2024-05-20 16:00:00
SHATZ            2024-05-20 16:00:00
BTP              2024-05-20 16:00:00
R1000            2024-05-20 16:00:00
EU-BASIC         2024-05-20 16:00:00
AEX              2024-05-20 16:00:00
EU-OIL           2024-05-20 16:00:00
EU-UTILS         2024-05-20 16:00:00
EPRA-EUROPE      2024-05-20 16:00:00
DAX              2024-05-20 16:00:00
EU-INSURE        2024-05-20 16:00:00
GBPJPY           2024-05-20 16:00:00
EU-TECH          2024-05-20 16:00:00
EURO600          2024-05-20 16:00:00
EU-AUTO          2024-05-20 16:00:00
EUROSTX          2024-05-20 16:00:00
EU-DIV30         2024-05-20 16:00:00
EU-CONSTRUCTION  2024-05-20 16:00:00
EU-FOOD          2024-05-20 16:00:00
SUGAR11          2024-05-20 17:00:00
BUTTER           2024-05-20 17:00:00
GBPCHF           2024-05-20 17:00:00
GAS-PEN*         2024-05-20 18:00:00
OJ               2024-05-20 18:00:00
STEEL            2024-05-20 18:00:00
GICS             2024-05-20 18:00:00
ALUMINIUM*       2024-05-20 18:00:00
COCOA            2024-05-20 18:00:00
COFFEE           2024-05-20 18:00:00
WHEY             2024-05-20 18:00:00
ETHER-micro      2024-05-20 19:00:00
RICE             2024-05-20 19:00:00
FANG             2024-05-20 19:00:00
CHEESE           2024-05-20 19:00:00
COTTON2*         2024-05-20 19:00:00
BBCOMM           2024-05-20 19:00:00
BRE              2024-05-20 19:00:00
ZAR              2024-05-20 19:00:00
SOYBEAN          2024-05-20 19:00:00
SOYMEAL*         2024-05-20 19:00:00
US-HEALTH        2024-05-20 19:00:00
SOYOIL           2024-05-20 19:00:00
WHEAT_mini       2024-05-20 19:00:00
EURCAD           2024-05-20 19:00:00
WHEAT*           2024-05-20 19:00:00
BRENT-LAST       2024-05-20 19:00:00
US-TECH          2024-05-20 19:00:00
US-PROPERTY      2024-05-20 19:00:00
REDWHEAT         2024-05-20 19:00:00
SOYBEAN_mini     2024-05-20 19:00:00
FEEDCOW          2024-05-20 19:00:00
SILVER           2024-05-20 19:00:00
PLN              2024-05-20 19:00:00
LEANHOG          2024-05-20 19:00:00
LIVECOW          2024-05-20 19:00:00
LUMBER-new       2024-05-20 19:00:00
CORN*            2024-05-20 19:00:00
CORN_mini        2024-05-20 19:00:00
OATIES           2024-05-20 19:00:00
US-MATERIAL      2024-05-20 20:00:00
US-REALESTATE    2024-05-20 20:00:00
US-STAPLES       2024-05-20 20:00:00
US-INDUSTRY      2024-05-20 20:00:00
US-UTILS         2024-05-20 20:00:00
US10             2024-05-20 20:00:00
US10U            2024-05-20 20:00:00
US2*             2024-05-20 20:00:00
US20             2024-05-20 20:00:00
US3*             2024-05-20 20:00:00
US30             2024-05-20 20:00:00
US5              2024-05-20 20:00:00
VIX*             2024-05-20 20:00:00
PLAT             2024-05-20 20:00:00
GOLD             2024-05-20 20:00:00
HEATOIL          2024-05-20 20:00:00
CRUDE_W          2024-05-20 20:00:00
AUD              2024-05-20 20:00:00
AUD_micro        2024-05-20 20:00:00
CRUDE_W_micro*   2024-05-20 20:00:00
BITCOIN*         2024-05-20 20:00:00
ETHEREUM         2024-05-20 20:00:00
CRUDE_W_mini     2024-05-20 20:00:00
JPY*             2024-05-20 20:00:00
JPY_mini         2024-05-20 20:00:00
YENEUR*          2024-05-20 20:00:00
COPPER-mini      2024-05-20 20:00:00
COPPER-micro     2024-05-20 20:00:00
COPPER           2024-05-20 20:00:00
GOLD_micro*      2024-05-20 20:00:00
VIX_mini         2024-05-20 20:00:00
GOLD-mini        2024-05-20 20:00:00
US-FINANCE       2024-05-20 20:00:00
US-DISCRETE      2024-05-20 20:00:00
NOK              2024-05-20 20:00:00
DX*              2024-05-20 20:00:00
NZD              2024-05-20 20:00:00
EUR_micro        2024-05-20 20:00:00
CAD              2024-05-20 20:00:00
CAD_micro        2024-05-20 20:00:00
EUR_mini         2024-05-20 20:00:00
SEK              2024-05-20 20:00:00
DOW_mini         2024-05-20 20:00:00
RUSSELL_mini     2024-05-20 20:00:00
RUSSELL          2024-05-20 20:00:00
CHF*             2024-05-20 20:00:00
FED              2024-05-20 20:00:00
CHF_micro        2024-05-20 20:00:00
PALLAD           2024-05-20 20:00:00
SOFR             2024-05-20 20:00:00
US-ENERGY        2024-05-20 20:00:00
GAS-LAST         2024-05-20 20:00:00
NASDAQ_micro     2024-05-20 20:00:00
MILK             2024-05-20 20:00:00
GBP_micro        2024-05-20 20:00:00
GBPEUR           2024-05-20 20:00:00
EUR              2024-05-20 20:00:00
MSCIEAFA         2024-05-20 20:00:00
GBP              2024-05-20 20:00:00
GAS_US_mini*     2024-05-20 20:00:00
GAS_US           2024-05-20 20:00:00
DOW*             2024-05-20 20:00:00
EURCHF           2024-05-20 20:00:00
SP500_micro      2024-05-20 20:00:00
SP500            2024-05-20 20:00:00
SP400            2024-05-20 20:00:00
MXP*             2024-05-20 20:00:00
NASDAQ           2024-05-20 20:00:00
GASOILINE        2024-05-20 20:00:00
INR              2024-05-20 20:00:00


============================================================
           Status of optimal position generation            
============================================================

                                                 last_update
dynamic_TF_carry/SWISSLEAD        2024-05-20 22:31:25.532837
dynamic_TF_carry/TOPIX            2024-05-20 22:31:25.533061
dynamic_TF_carry/AEX              2024-05-20 22:31:25.533272
dynamic_TF_carry/BOBL             2024-05-20 22:31:25.533486
dynamic_TF_carry/IRON             2024-05-20 22:31:25.533691
dynamic_TF_carry/CHEESE           2024-05-20 22:31:25.533895
dynamic_TF_carry/AUD              2024-05-20 22:31:25.534101
dynamic_TF_carry/EU-FOOD          2024-05-20 22:31:25.534305
dynamic_TF_carry/BRENT_W          2024-05-20 22:31:25.534509
dynamic_TF_carry/GBPEUR           2024-05-20 22:31:25.534712
dynamic_TF_carry/CAC              2024-05-20 22:31:25.534915
dynamic_TF_carry/CAD10            2024-05-20 22:31:25.535118
dynamic_TF_carry/EUROSTX200-LARGE 2024-05-20 22:31:25.535323
dynamic_TF_carry/CANOLA           2024-05-20 22:31:25.535525
dynamic_TF_carry/EU-MEDIA         2024-05-20 22:31:25.535730
dynamic_TF_carry/OATIES           2024-05-20 22:31:25.535932
dynamic_TF_carry/MUMMY            2024-05-20 22:31:25.536337
dynamic_TF_carry/ZINC_LME         2024-05-20 22:31:25.536540
dynamic_TF_carry/NICKEL_LME       2024-05-20 22:31:25.536742
dynamic_TF_carry/EU-BANKS         2024-05-20 22:31:25.536944
dynamic_TF_carry/CAD              2024-05-20 22:31:25.537145
dynamic_TF_carry/US-REALESTATE    2024-05-20 22:31:25.537554
dynamic_TF_carry/SOYMEAL          2024-05-20 22:31:25.537756
dynamic_TF_carry/SEK              2024-05-20 22:31:25.538162
dynamic_TF_carry/TIN_LME          2024-05-20 22:31:25.538364
dynamic_TF_carry/LIVECOW          2024-05-20 22:31:25.538566
dynamic_TF_carry/SOYOIL           2024-05-20 22:31:25.538769
dynamic_TF_carry/KOSDAQ           2024-05-20 22:31:25.538972
dynamic_TF_carry/DX               2024-05-20 22:31:25.539176
dynamic_TF_carry/BONO             2024-05-20 22:31:25.539378
dynamic_TF_carry/CH10             2024-05-20 22:31:25.539582
dynamic_TF_carry/EURO600          2024-05-20 22:31:25.539783
dynamic_TF_carry/SARONA           2024-05-20 22:31:25.539987
dynamic_TF_carry/EU-INSURE        2024-05-20 22:31:25.540190
dynamic_TF_carry/YENEUR           2024-05-20 22:31:25.540393
dynamic_TF_carry/EU-TECH          2024-05-20 22:31:25.540595
dynamic_TF_carry/CHFJPY           2024-05-20 22:31:25.540798
dynamic_TF_carry/MSCIEMASIA       2024-05-20 22:31:25.541000
dynamic_TF_carry/REDWHEAT         2024-05-20 22:31:25.541202
dynamic_TF_carry/MIB              2024-05-20 22:31:25.541410
dynamic_TF_carry/CRUDE_W_mini     2024-05-20 22:31:25.541816
dynamic_TF_carry/KR3              2024-05-20 22:31:25.542017
dynamic_TF_carry/DAX              2024-05-20 22:31:25.542219
dynamic_TF_carry/OAT              2024-05-20 22:31:25.542422
dynamic_TF_carry/BUND             2024-05-20 22:31:25.542626
dynamic_TF_carry/HANGTECH         2024-05-20 22:31:25.542830
dynamic_TF_carry/US-FINANCE       2024-05-20 22:31:25.543033
dynamic_TF_carry/BBCOMM           2024-05-20 22:31:25.543236
dynamic_TF_carry/KRWUSD           2024-05-20 22:31:25.543439
dynamic_TF_carry/COCOA            2024-05-20 22:31:25.543641
dynamic_TF_carry/EURAUD           2024-05-20 22:31:25.543844
dynamic_TF_carry/BRE              2024-05-20 22:31:25.544047
dynamic_TF_carry/SILVER           2024-05-20 22:31:25.544249
dynamic_TF_carry/COPPER-micro     2024-05-20 22:31:25.544470
dynamic_TF_carry/US3              2024-05-20 22:31:25.544674
dynamic_TF_carry/COTTON2          2024-05-20 22:31:25.544876
dynamic_TF_carry/EU-HOUSE         2024-05-20 22:31:25.545080
dynamic_TF_carry/RUBBER           2024-05-20 22:31:25.545283
dynamic_TF_carry/ALUMINIUM        2024-05-20 22:31:25.545490
dynamic_TF_carry/BTP3             2024-05-20 22:31:25.545694
dynamic_TF_carry/EUROSTX          2024-05-20 22:31:25.545896
dynamic_TF_carry/FTSETAIWAN       2024-05-20 22:31:25.546098
dynamic_TF_carry/SOYBEAN          2024-05-20 22:31:25.546301
dynamic_TF_carry/VNKI             2024-05-20 22:31:25.546503
dynamic_TF_carry/SOFR             2024-05-20 22:31:25.546705
dynamic_TF_carry/EU-DIV30         2024-05-20 22:31:25.546907
dynamic_TF_carry/GAS-LAST         2024-05-20 22:31:25.547110
dynamic_TF_carry/FTSEINDO         2024-05-20 22:31:25.547313
dynamic_TF_carry/EPRA-EUROPE      2024-05-20 22:31:25.547514
dynamic_TF_carry/WHEY             2024-05-20 22:31:25.547718
dynamic_TF_carry/COAL             2024-05-20 22:31:25.547921
dynamic_TF_carry/COCOA_LDN        2024-05-20 22:31:25.548123
dynamic_TF_carry/IG               2024-05-20 22:31:25.548325
dynamic_TF_carry/COTTON           2024-05-20 22:31:25.548529
dynamic_TF_carry/SOYBEAN_mini     2024-05-20 22:31:25.548732
dynamic_TF_carry/LEAD_LME         2024-05-20 22:31:25.548934
dynamic_TF_carry/PALLAD           2024-05-20 22:31:25.549138
dynamic_TF_carry/EU-RETAIL        2024-05-20 22:31:25.549345
dynamic_TF_carry/TWD              2024-05-20 22:31:25.549548
dynamic_TF_carry/SGD              2024-05-20 22:31:25.549753
dynamic_TF_carry/DOW              2024-05-20 22:31:25.549959
dynamic_TF_carry/JP-REALESTATE    2024-05-20 22:31:25.550164
dynamic_TF_carry/KOSPI_mini       2024-05-20 22:31:25.550368
dynamic_TF_carry/ZAR              2024-05-20 22:31:25.550571
dynamic_TF_carry/EU-CHEM          2024-05-20 22:31:25.550775
dynamic_TF_carry/NOK              2024-05-20 22:31:25.550979
dynamic_TF_carry/EURCAD           2024-05-20 22:31:25.551181
dynamic_TF_carry/JGB              2024-05-20 22:31:25.551384
dynamic_TF_carry/COAL-GEORDIE     2024-05-20 22:31:25.551587
dynamic_TF_carry/EU-CONSTRUCTION  2024-05-20 22:31:25.551790
dynamic_TF_carry/MILK             2024-05-20 22:31:25.551994
dynamic_TF_carry/EU-DJ-TELECOM    2024-05-20 22:31:25.552198
dynamic_TF_carry/US10             2024-05-20 22:31:25.552403
dynamic_TF_carry/FTSEVIET         2024-05-20 22:31:25.552605
dynamic_TF_carry/EUROSTX-SMALL    2024-05-20 22:31:25.552807
dynamic_TF_carry/BUXL             2024-05-20 22:31:25.553213
dynamic_TF_carry/EU-UTILS         2024-05-20 22:31:25.553422
dynamic_TF_carry/HEATOIL          2024-05-20 22:31:25.553624
dynamic_TF_carry/KOSPI            2024-05-20 22:31:25.553827
dynamic_TF_carry/US-INDUSTRY      2024-05-20 22:31:25.554030
dynamic_TF_carry/KR10             2024-05-20 22:31:25.554233
dynamic_TF_carry/NZD              2024-05-20 22:31:25.554436
dynamic_TF_carry/LUMBER-new       2024-05-20 22:31:25.554639
dynamic_TF_carry/WHEAT            2024-05-20 22:31:25.554841
dynamic_TF_carry/CZK              2024-05-20 22:31:25.555045
dynamic_TF_carry/SUGAR11          2024-05-20 22:31:25.555248
dynamic_TF_carry/MILKDRY          2024-05-20 22:31:25.555451
dynamic_TF_carry/GBP              2024-05-20 22:31:25.555654
dynamic_TF_carry/FTSECHINAH       2024-05-20 22:31:25.555857
dynamic_TF_carry/FED              2024-05-20 22:31:25.556057
dynamic_TF_carry/GBPCHF           2024-05-20 22:31:25.556260
dynamic_TF_carry/OMX              2024-05-20 22:31:25.556463
dynamic_TF_carry/FTSE100          2024-05-20 22:31:25.556665
dynamic_TF_carry/SMI-MID          2024-05-20 22:31:25.556868
dynamic_TF_carry/IBEX_mini        2024-05-20 22:31:25.557072
dynamic_TF_carry/NIKKEI           2024-05-20 22:31:25.557274
dynamic_TF_carry/WHEAT_ICE        2024-05-20 22:31:25.557480
dynamic_TF_carry/US-STAPLES       2024-05-20 22:31:25.557683
dynamic_TF_carry/SP500_micro      2024-05-20 22:31:25.557888
dynamic_TF_carry/BRENT-LAST       2024-05-20 22:31:25.558090
dynamic_TF_carry/AUDJPY           2024-05-20 22:31:25.558295
dynamic_TF_carry/HANG_mini        2024-05-20 22:31:25.558497
dynamic_TF_carry/CAD2             2024-05-20 22:31:25.558700
dynamic_TF_carry/MSCIASIA         2024-05-20 22:31:25.558902
dynamic_TF_carry/CRUDE_W_micro    2024-05-20 22:31:25.559105
dynamic_TF_carry/US30             2024-05-20 22:31:25.559308
dynamic_TF_carry/SP400            2024-05-20 22:31:25.559511
dynamic_TF_carry/MXP              2024-05-20 22:31:25.559713
dynamic_TF_carry/SUGAR_WHITE      2024-05-20 22:31:25.559915
dynamic_TF_carry/PLN              2024-05-20 22:31:25.560118
dynamic_TF_carry/INR              2024-05-20 22:31:25.560320
dynamic_TF_carry/SMI              2024-05-20 22:31:25.560521
dynamic_TF_carry/MSCIWORLD        2024-05-20 22:31:25.560725
dynamic_TF_carry/RUSSELL          2024-05-20 22:31:25.560928
dynamic_TF_carry/EU-HEALTH        2024-05-20 22:31:25.561130
dynamic_TF_carry/FANG             2024-05-20 22:31:25.561336
dynamic_TF_carry/HOUSE-US         2024-05-20 22:31:25.561540
dynamic_TF_carry/EU-MID           2024-05-20 22:31:25.561742
dynamic_TF_carry/GASOILINE        2024-05-20 22:31:25.561945
dynamic_TF_carry/GAS_US_mini      2024-05-20 22:31:25.562147
dynamic_TF_carry/GOLD_micro       2024-05-20 22:31:25.562349
dynamic_TF_carry/EU-TRAVEL        2024-05-20 22:31:25.562552
dynamic_TF_carry/FTSECHINAA       2024-05-20 22:31:25.562755
dynamic_TF_carry/GBPJPY           2024-05-20 22:31:25.562958
dynamic_TF_carry/MILLWHEAT        2024-05-20 22:31:25.563161
dynamic_TF_carry/EU-AUTO          2024-05-20 22:31:25.563365
dynamic_TF_carry/STEEL            2024-05-20 22:31:25.563569
dynamic_TF_carry/US2              2024-05-20 22:31:25.563771
dynamic_TF_carry/MSCITAIWAN       2024-05-20 22:31:25.563975
dynamic_TF_carry/FTSE250          2024-05-20 22:31:25.564179
dynamic_TF_carry/BUTTER           2024-05-20 22:31:25.564383
dynamic_TF_carry/US-DISCRETE      2024-05-20 22:31:25.564587
dynamic_TF_carry/CNH              2024-05-20 22:31:25.564789
dynamic_TF_carry/US10U            2024-05-20 22:31:25.565195
dynamic_TF_carry/GASOIL           2024-05-20 22:31:25.565400
dynamic_TF_carry/NASDAQ_micro     2024-05-20 22:31:25.565603
dynamic_TF_carry/US-ENERGY        2024-05-20 22:31:25.565805
dynamic_TF_carry/SONIA3           2024-05-20 22:31:25.566008
dynamic_TF_carry/SHATZ            2024-05-20 22:31:25.566211
dynamic_TF_carry/EURIBOR-ICE      2024-05-20 22:31:25.566413
dynamic_TF_carry/ROBUSTA          2024-05-20 22:31:25.566616
dynamic_TF_carry/EU-OIL           2024-05-20 22:31:25.566819
dynamic_TF_carry/VIX              2024-05-20 22:31:25.567022
dynamic_TF_carry/LEANHOG          2024-05-20 22:31:25.567225
dynamic_TF_carry/GAS-PEN          2024-05-20 22:31:25.567428
dynamic_TF_carry/GILT             2024-05-20 22:31:25.567630
dynamic_TF_carry/JPY              2024-05-20 22:31:25.567832
dynamic_TF_carry/EURIBOR          2024-05-20 22:31:25.568036
dynamic_TF_carry/COPPER           2024-05-20 22:31:25.568238
dynamic_TF_carry/BTP              2024-05-20 22:31:25.568441
dynamic_TF_carry/SPI200           2024-05-20 22:31:25.568644
dynamic_TF_carry/EUA              2024-05-20 22:31:25.568846
dynamic_TF_carry/EUROSTX-LARGE    2024-05-20 22:31:25.569049
dynamic_TF_carry/US5              2024-05-20 22:31:25.569251
dynamic_TF_carry/FEEDCOW          2024-05-20 22:31:25.569457
dynamic_TF_carry/RUR              2024-05-20 22:31:25.569662
dynamic_TF_carry/HANGENT_mini     2024-05-20 22:31:25.569865
dynamic_TF_carry/SUGAR16          2024-05-20 22:31:25.570068
dynamic_TF_carry/JGB-SGX-mini     2024-05-20 22:31:25.570270
dynamic_TF_carry/SGX              2024-05-20 22:31:25.570472
dynamic_TF_carry/PLAT             2024-05-20 22:31:25.570676
dynamic_TF_carry/US-HEALTH        2024-05-20 22:31:25.570878
dynamic_TF_carry/EUR              2024-05-20 22:31:25.571081
dynamic_TF_carry/IRS              2024-05-20 22:31:25.571284
dynamic_TF_carry/MSCIEAFA         2024-05-20 22:31:25.571485
dynamic_TF_carry/CAD5             2024-05-20 22:31:25.571688
dynamic_TF_carry/COFFEE           2024-05-20 22:31:25.571890
dynamic_TF_carry/EU-BASIC         2024-05-20 22:31:25.572299
dynamic_TF_carry/COPPER_LME       2024-05-20 22:31:25.572503
dynamic_TF_carry/US-PROPERTY      2024-05-20 22:31:25.572705
dynamic_TF_carry/HIGHYIELD        2024-05-20 22:31:25.572908
dynamic_TF_carry/EUR_micro        2024-05-20 22:31:25.573110
dynamic_TF_carry/EURCHF           2024-05-20 22:31:25.573317
dynamic_TF_carry/V2X              2024-05-20 22:31:25.573522
dynamic_TF_carry/EU-DJ-UTIL       2024-05-20 22:31:25.573725
dynamic_TF_carry/BB3M             2024-05-20 22:31:25.573930
dynamic_TF_carry/US20             2024-05-20 22:31:25.574133
dynamic_TF_carry/MSCISING         2024-05-20 22:31:25.574337
dynamic_TF_carry/KRWUSD_mini      2024-05-20 22:31:25.574539
dynamic_TF_carry/ETHANOL          2024-05-20 22:31:25.574741
dynamic_TF_carry/EU-REALESTATE    2024-05-20 22:31:25.574943
dynamic_TF_carry/DJSTX-SMALL      2024-05-20 22:31:25.575145
dynamic_TF_carry/R1000            2024-05-20 22:31:25.575349
dynamic_TF_carry/CORN             2024-05-20 22:31:25.575551
dynamic_TF_carry/BITCOIN          2024-05-20 22:31:25.575754
dynamic_TF_carry/CLP              2024-05-20 22:31:25.575958
dynamic_TF_carry/AUD_micro        2024-05-20 22:31:25.576161
dynamic_TF_carry/GICS             2024-05-20 22:31:25.576365
dynamic_TF_carry/OJ               2024-05-20 22:31:25.576567
dynamic_TF_carry/US-TECH          2024-05-20 22:31:25.576770
dynamic_TF_carry/US-UTILS         2024-05-20 22:31:25.576973
dynamic_TF_carry/CHINAA-CON       2024-05-20 22:31:25.577176
dynamic_TF_carry/MILKWET          2024-05-20 22:31:25.577381
dynamic_TF_carry/CRUDE_ICE        2024-05-20 22:31:25.577583
dynamic_TF_carry/RICE             2024-05-20 22:31:25.577787
dynamic_TF_carry/ETHEREUM         2024-05-20 22:31:25.577990
dynamic_TF_carry/NIKKEI400        2024-05-20 22:31:25.578194
dynamic_TF_carry/BOVESPA          2024-05-20 22:31:25.578399
dynamic_TF_carry/CHF              2024-05-20 22:31:25.578603
dynamic_TF_carry/US-MATERIAL      2024-05-20 22:31:25.578807


======================================================================================================================
                                                Status of trade limits                                                
======================================================================================================================

                   period_days  trade_limit  trades_since_last_reset  trade_capacity_remaining   time_since_last_reset
 VIX                        30            5                      4.0                       1.0 24 days 07:57:27.928786
 CAC                        30            5                      4.0                       1.0 25 days 14:57:30.643731
 YENEUR                     30            4                      1.0                       3.0 17 days 07:57:30.597092
 GAS_US_mini                30            6                      3.0                       3.0 21 days 08:57:08.171938
 VIX                        14            4                      1.0                       3.0  6 days 07:52:31.806072
 EU-HOUSE                    1            4                      0.0                       4.0  0 days 00:00:00.000002
 EU-DJ-UTIL                  1            4                      0.0                       4.0  0 days 00:00:00.000001
 EU-DJ-TELECOM               1            4                      0.0                       4.0  0 days 00:00:00.000002
 EU-DJ-TECH                  1            4                      0.0                       4.0  0 days 00:00:00.000002
 EU-DJ-OIL                   1            4                      0.0                       4.0  0 days 00:00:00.000001
 EU-CONSTRUCTION             1            4                      0.0                       4.0  0 days 00:00:00.000002
 ETHANOL                     1            4                      0.0                       4.0  0 days 00:00:00.000002
 CZK                         1            4                      0.0                       4.0  0 days 00:00:00.000002
 COPPER-mini                 1            4                      0.0                       4.0  0 days 00:00:00.000002
 EU-MEDIA                    1            4                      0.0                       4.0  0 days 00:00:00.000001
 CNH-onshore                 1            4                      0.0                       4.0  0 days 00:00:00.000001
 CLP                         1            4                      0.0                       4.0  0 days 00:00:00.000002
 CH10                        1            4                      0.0                       4.0  0 days 00:00:00.000002
 BUTTER                      1            4                      0.0                       4.0  0 days 00:00:00.000001
 BOVESPA                     1            4                      0.0                       4.0  0 days 00:00:00.000002
 BEL20                       1            4                      0.0                       4.0  0 days 00:00:00.000002
 ALUMINIUM                   1            4                      0.0                       4.0  0 days 00:00:00.000001
 COTTON                      1            4                      0.0                       4.0  0 days 00:00:00.000001
 CORN                        1            4                      0.0                       4.0  0 days 00:00:00.000002
 EU-MID                      1            4                      0.0                       4.0  0 days 00:00:00.000002
 EU-REALESTATE               1            4                      0.0                       4.0  0 days 00:00:00.000002
 US-HEALTH                   1            4                      0.0                       4.0  0 days 00:00:00.000002
 US-FINANCE                  1            4                      0.0                       4.0  0 days 00:00:00.000002
 US-ENERGY                   1            4                      0.0                       4.0  0 days 00:00:00.000002
 US-DISCRETE                 1            4                      0.0                       4.0  0 days 00:00:00.000002
 SMI-MID                     1            4                      0.0                       4.0  0 days 00:00:00.000001
 SGX                         1            4                      0.0                       4.0  0 days 00:00:00.000002
 SGD                         1            4                      0.0                       4.0  0 days 00:00:00.000001
 OMX                         1            4                      0.0                       4.0  0 days 00:00:00.000002
 MSCIASIA                    1            4                      0.0                       4.0  0 days 00:00:00.000002
 MILKWET                     1            4                      0.0                       4.0  0 days 00:00:00.000002
 MILKDRY                     1            4                      0.0                       4.0  0 days 00:00:00.000002
 MID-DAX                     1            4                      0.0                       4.0  0 days 00:00:00.000001
 JP-REALESTATE               1            4                      0.0                       4.0  0 days 00:00:00.000002
 JGB-SGX-mini                1            4                      0.0                       4.0  0 days 00:00:00.000002
 IRS                         1            4                      0.0                       4.0  0 days 00:00:00.000002
 FTSEINDO                    1            4                      0.0                       4.0  0 days 00:00:00.000001
 EUROSTX200-LARGE            1            4                      0.0                       4.0  0 days 00:00:00.000002
 EUROSTX-SMALL               1            4                      0.0                       4.0  0 days 00:00:00.000002
 EUROSTX-LARGE               1            4                      0.0                       4.0  0 days 00:00:00.000001
 EURIBOR                     1            4                      0.0                       4.0  0 days 00:00:00.000002
 EURCHF                      1            4                      0.0                       4.0  0 days 00:00:00.000002
 US30                       30            4                      0.0                       4.0  0 days 00:00:00.000002
 US3                        30            4                      0.0                       4.0  0 days 00:00:00.000001
 SP400                      30            4                      0.0                       4.0  0 days 00:00:00.000001
 US-INDUSTRY                 1            4                      0.0                       4.0  0 days 00:00:00.000001
 JGB                        14            4                      0.0                       4.0  0 days 00:00:00.000001
 IRON                       14            5                      1.0                       4.0 11 days 21:53:08.394666
 HEATOIL                    14            4                      0.0                       4.0  0 days 00:00:00.000002
 GBPEUR                     14            4                      0.0                       4.0  0 days 00:00:00.000002
 GAS-LAST                   14            4                      0.0                       4.0  0 days 00:00:00.000002
 FTSETAIWAN                 14            4                      0.0                       4.0 13 days 21:12:32.492643
 EU-TECH                    14            4                      0.0                       4.0  0 days 00:00:00.000001
 EU-CHEM                    14            4                      0.0                       4.0  0 days 00:00:00.000002
 ETHEREUM                   14            4                      0.0                       4.0  0 days 00:00:00.000001
 CNH                        14            4                      0.0                       4.0  0 days 00:00:00.000002
 BUXL                       14            4                      0.0                       4.0  0 days 00:00:00.000002
 BTP3                       14            4                      0.0                       4.0  0 days 00:00:00.000001
 BRENT-LAST                 14            4                      0.0                       4.0  0 days 00:00:00.000002
 BONO                       14            4                      0.0                       4.0  0 days 00:00:00.000002
 YENEUR                      1            4                      0.0                       4.0  0 days 00:00:00.000002
 US3                         1            4                      0.0                       4.0  0 days 00:00:00.000002
 US10U                       1            4                      0.0                       4.0  0 days 00:00:00.000001
 US-REALESTATE               1            4                      0.0                       4.0  0 days 00:00:00.000002
 TOPIX                       1            4                      0.0                       4.0  0 days 00:00:00.000001
 KRWUSD                     14            4                      0.0                       4.0  0 days 00:00:00.000002
 ZAR                         1            4                      0.0                       4.0  0 days 00:00:00.000002
